datetime;total_votes;Yardrey;vdzrd;jovan;maria_ego;KOCTOPE3;Z-L-O;Есения;XASSA;ZevB3K;brammator
2018-12-19 00:00:59;0;0;0;0;0;0;0;0;0;0;0
2018-12-19 00:01:59;0;0;0;0;0;0;0;0;0;0;0
2018-12-19 00:02:58;0;0;0;0;0;0;0;0;0;0;0
2018-12-19 00:03:59;0;0;0;0;0;0;0;0;0;0;0
2018-12-19 00:04:59;0;0;0;0;0;0;0;0;0;0;0
2018-12-19 00:05:58;3;0;1;0;0;0;0;0;0;0;0
2018-12-19 00:06:59;4;0;1;0;0;0;0;0;0;0;0
2018-12-19 00:07:59;5;0;1;1;0;0;0;0;0;0;0
2018-12-19 00:08:58;5;0;1;1;0;0;0;0;0;0;0
2018-12-19 00:09:59;6;1;1;1;0;0;0;0;0;0;0
2018-12-19 00:10:59;6;1;1;1;0;0;0;0;0;0;0
2018-12-19 00:11:58;7;1;1;2;0;0;0;0;0;0;0
2018-12-19 00:12:59;8;2;1;2;0;0;0;0;0;0;0
2018-12-19 00:13:59;9;2;1;2;0;0;1;0;0;0;0
2018-12-19 00:14:58;9;2;1;2;0;0;1;0;0;0;0
2018-12-19 00:15:59;11;2;1;2;0;0;1;1;0;0;0
2018-12-19 00:16:58;11;2;1;2;0;0;1;1;0;0;0
2018-12-19 00:17:59;11;2;2;2;0;0;0;1;0;0;0
2018-12-19 00:18:59;11;2;2;2;0;0;0;1;0;0;0
2018-12-19 00:19:58;12;2;2;2;0;0;0;1;0;0;0
2018-12-19 00:20:59;13;3;2;2;0;0;0;1;0;0;0
2018-12-19 00:21:59;15;3;3;3;0;0;0;1;0;0;0
2018-12-19 00:22:58;15;3;3;3;0;0;0;1;0;0;0
2018-12-19 00:23:59;17;3;4;3;0;0;0;1;0;1;0
2018-12-19 00:24:58;18;3;4;3;0;0;0;1;0;1;0
2018-12-19 00:25:59;18;3;4;3;0;0;0;1;0;1;0
2018-12-19 00:26:59;18;3;4;3;0;0;0;1;0;1;0
2018-12-19 00:27:58;18;3;4;3;0;0;0;1;0;1;0
2018-12-19 00:28:59;18;3;4;3;0;0;0;1;0;1;0
2018-12-19 00:29:58;18;3;4;3;0;0;0;1;0;1;0
2018-12-19 00:30:59;18;3;4;3;0;0;0;1;0;1;0
2018-12-19 00:31:59;20;3;4;3;0;0;1;2;0;1;0
2018-12-19 00:32:58;21;3;4;3;0;0;2;2;0;0;0
2018-12-19 00:33:59;21;3;4;3;0;0;2;2;0;0;0
2018-12-19 00:34:59;21;3;3;3;0;0;3;2;0;0;0
2018-12-19 00:35:58;21;3;4;3;0;0;2;2;0;0;0
2018-12-19 00:36:59;21;3;4;3;0;0;2;2;0;0;0
2018-12-19 00:37:58;21;3;4;3;0;0;2;2;0;0;0
2018-12-19 00:38:59;21;3;4;3;0;0;2;2;0;0;0
2018-12-19 00:39:59;21;3;4;3;0;0;2;2;0;0;0
2018-12-19 00:40:58;21;3;4;3;0;0;2;2;0;0;0
2018-12-19 00:41:59;21;3;4;3;0;0;2;2;0;0;0
2018-12-19 00:42:58;23;4;4;3;0;0;2;2;0;0;0
2018-12-19 00:43:59;24;4;4;3;0;0;2;2;0;1;0
2018-12-19 00:44:59;24;4;4;3;0;0;2;2;0;1;0
2018-12-19 00:45:58;24;4;4;3;0;0;2;2;0;1;0
2018-12-19 00:46:59;24;4;4;3;0;0;2;2;0;1;0
2018-12-19 00:47:59;24;4;4;3;0;0;2;2;0;1;0
2018-12-19 00:48:58;25;4;4;3;0;1;2;2;0;1;0
2018-12-19 00:49:59;25;4;4;3;0;1;2;2;0;1;0
2018-12-19 00:50:59;25;4;4;3;0;1;2;2;0;1;0
2018-12-19 00:51:58;25;4;4;3;0;1;2;2;0;1;0
2018-12-19 00:52:59;27;5;5;3;0;1;2;2;0;1;0
2018-12-19 00:53:59;28;5;5;3;0;1;2;3;0;1;0
2018-12-19 00:54:58;28;5;5;3;0;1;2;3;0;1;0
2018-12-19 00:55:59;29;5;5;3;0;1;2;3;0;1;0
2018-12-19 00:56:59;30;5;5;3;0;2;2;3;0;1;0
2018-12-19 00:57:58;30;5;5;3;0;2;2;3;0;1;0
2018-12-19 00:58:59;31;5;6;3;0;2;2;3;0;1;0
2018-12-19 00:59:59;31;5;6;3;0;2;2;3;0;1;0
2018-12-19 01:00:58;32;5;6;3;0;2;2;4;0;1;0
2018-12-19 01:01:59;32;5;6;3;0;2;2;4;0;1;0
2018-12-19 01:02:58;32;5;6;3;0;2;2;4;0;1;0
2018-12-19 01:03:59;32;5;6;3;0;2;2;4;0;1;0
2018-12-19 01:04:59;32;5;6;3;0;2;2;4;0;1;0
2018-12-19 01:05:58;32;5;6;3;0;2;2;4;0;1;0
2018-12-19 01:06:59;32;5;6;3;0;2;2;4;0;1;0
2018-12-19 01:07:59;32;5;6;3;0;2;2;4;0;1;0
2018-12-19 01:08:58;33;5;6;3;0;2;2;4;0;1;0
2018-12-19 01:09:59;33;5;6;3;0;2;2;4;0;1;0
2018-12-19 01:10:59;33;5;6;3;0;2;2;4;0;1;0
2018-12-19 01:11:58;34;5;6;3;0;2;2;4;0;0;0
2018-12-19 01:12:59;34;5;6;3;0;2;2;4;0;0;0
2018-12-19 01:13:58;34;5;6;3;0;2;2;4;0;0;0
2018-12-19 01:14:59;34;5;6;3;0;2;2;4;0;0;0
2018-12-19 01:15:59;35;5;6;3;0;2;3;4;0;0;0
2018-12-19 01:16:58;35;5;6;3;0;2;3;4;0;0;0
2018-12-19 01:17:59;35;5;6;3;0;2;3;4;0;0;0
2018-12-19 01:18:59;35;5;6;3;0;2;3;4;0;0;0
2018-12-19 01:19:58;37;7;6;3;0;2;3;4;0;0;0
2018-12-19 01:20:59;37;7;6;3;0;2;3;4;0;0;0
2018-12-19 01:21:59;37;7;6;3;0;2;3;4;0;0;0
2018-12-19 01:22:58;37;7;6;3;0;2;3;4;0;0;0
2018-12-19 01:23:59;37;7;6;3;0;2;3;4;0;0;0
2018-12-19 01:24:59;37;7;6;3;0;2;3;4;0;0;0
2018-12-19 01:25:58;37;7;6;3;0;2;3;4;0;0;0
2018-12-19 01:26:59;38;8;6;3;0;2;3;4;0;0;0
2018-12-19 01:27:58;38;8;6;3;0;2;3;4;0;0;0
2018-12-19 01:28:59;38;8;6;3;0;2;3;4;0;0;0
2018-12-19 01:29:59;38;8;6;3;0;2;3;4;0;0;0
2018-12-19 01:30:58;38;8;6;3;0;2;3;4;0;0;0
2018-12-19 01:31:59;38;8;6;3;0;2;3;4;0;0;0
2018-12-19 01:32:58;39;8;6;4;0;2;3;4;0;0;0
2018-12-19 01:33:59;39;8;6;4;0;2;3;4;0;0;0
2018-12-19 01:34:59;39;8;6;4;0;2;3;4;0;0;0
2018-12-19 01:35:58;39;8;6;4;0;2;3;4;0;0;0
2018-12-19 01:36:59;39;8;6;4;0;2;3;4;0;0;0
2018-12-19 01:37:59;39;8;6;4;0;2;3;4;0;0;0
2018-12-19 01:38:58;39;8;6;4;0;2;3;4;0;0;0
2018-12-19 01:39:59;39;8;6;4;0;2;3;4;0;0;0
2018-12-19 01:40:58;39;8;6;4;0;2;3;4;0;0;0
2018-12-19 01:41:59;39;8;6;4;0;2;3;4;0;0;0
2018-12-19 01:42:58;39;8;6;4;0;2;3;4;0;0;0
2018-12-19 01:43:59;39;8;6;4;0;2;3;4;0;0;0
2018-12-19 01:44:59;39;8;6;4;0;2;3;4;0;0;0
2018-12-19 01:45:58;39;8;6;4;0;2;3;4;0;0;0
2018-12-19 01:46:59;39;8;6;4;0;2;3;4;0;0;0
2018-12-19 01:47:58;39;8;6;4;0;2;3;4;0;0;0
2018-12-19 01:48:59;39;8;6;4;0;2;3;4;0;0;0
2018-12-19 01:49:59;39;8;6;4;0;2;3;4;0;0;0
2018-12-19 01:50:58;39;8;6;4;0;2;3;4;0;0;0
2018-12-19 01:51:59;39;8;6;4;0;2;3;4;0;0;0
2018-12-19 01:52:59;39;8;6;4;0;2;3;4;0;0;0
2018-12-19 01:53:58;39;8;6;4;0;2;3;4;0;0;0
2018-12-19 01:54:59;39;8;6;4;0;2;3;4;0;0;0
2018-12-19 01:55:59;39;8;6;4;0;2;3;4;0;0;0
2018-12-19 01:56:58;39;8;6;4;0;2;3;4;0;0;0
2018-12-19 01:57:59;39;8;6;4;0;2;3;4;0;0;0
2018-12-19 01:58:58;39;8;6;4;0;2;3;4;0;0;0
2018-12-19 01:59:59;39;8;6;4;0;2;3;4;0;0;0
2018-12-19 02:00:59;39;8;6;4;0;2;3;4;0;0;0
2018-12-19 02:01:58;39;8;6;4;0;2;3;4;0;0;0
2018-12-19 02:02:59;39;8;6;4;0;2;3;4;0;0;0
2018-12-19 02:03:59;39;8;6;4;0;2;3;4;0;0;0
2018-12-19 02:04:58;40;9;6;4;0;2;3;4;0;0;0
2018-12-19 02:05:59;40;9;6;4;0;2;3;4;0;0;0
2018-12-19 02:06:58;40;9;6;4;0;2;3;4;0;0;0
2018-12-19 02:07:59;40;9;6;4;0;2;3;4;0;0;0
2018-12-19 02:08:59;40;9;6;4;0;2;3;4;0;0;0
2018-12-19 02:09:58;40;9;6;4;0;2;3;4;0;0;0
2018-12-19 02:10:59;40;9;6;4;0;2;3;4;0;0;0
2018-12-19 02:11:59;40;9;6;4;0;2;3;4;0;0;0
2018-12-19 02:12:58;40;9;6;4;0;2;3;4;0;0;0
2018-12-19 02:13:59;40;9;6;4;0;2;3;4;0;0;0
2018-12-19 02:14:58;40;9;6;4;0;2;3;4;0;0;0
2018-12-19 02:15:59;41;9;6;4;0;2;3;4;0;0;0
2018-12-19 02:16:59;41;9;6;4;0;2;3;4;0;0;0
2018-12-19 02:17:58;41;9;6;4;0;2;3;4;0;0;0
2018-12-19 02:18:59;41;9;6;4;0;2;3;4;0;0;0
2018-12-19 02:20:00;41;9;6;4;0;2;3;4;0;0;0
2018-12-19 02:20:58;41;9;6;4;0;2;3;4;0;0;0
2018-12-19 02:21:59;41;9;6;4;0;2;3;4;0;0;0
2018-12-19 02:22:59;41;9;6;4;0;2;3;4;0;0;0
2018-12-19 02:23:58;42;9;6;5;0;2;3;4;0;0;0
2018-12-19 02:24:59;42;9;6;5;0;2;3;4;0;0;0
2018-12-19 02:25:59;43;9;7;5;0;2;3;4;0;0;0
2018-12-19 02:26:58;43;9;7;5;0;2;3;4;0;0;0
2018-12-19 02:27:59;43;9;7;5;0;2;3;4;0;0;0
2018-12-19 02:28:59;43;9;7;5;0;2;3;4;0;0;0
2018-12-19 02:29:58;44;9;7;6;0;2;3;4;0;0;0
2018-12-19 02:30:59;45;9;8;6;0;2;3;4;0;0;0
2018-12-19 02:31:58;45;9;8;6;0;2;3;4;0;0;0
2018-12-19 02:32:59;45;9;8;6;0;2;3;4;0;0;0
2018-12-19 02:33:59;45;9;8;6;0;2;3;4;0;0;0
2018-12-19 02:34:58;45;9;8;6;0;2;3;4;0;0;0
2018-12-19 02:35:59;45;9;8;6;0;2;3;4;0;0;0
2018-12-19 02:36:58;45;9;8;6;0;2;3;4;0;0;0
2018-12-19 02:37:59;45;9;8;6;0;2;3;4;0;0;0
2018-12-19 02:38:58;45;9;8;7;0;2;3;4;0;1;0
2018-12-19 02:39:59;45;9;8;7;0;2;3;4;0;1;0
2018-12-19 02:40:59;45;9;8;7;0;2;3;4;0;1;0
2018-12-19 02:41:58;45;9;8;7;0;2;3;4;0;1;0
2018-12-19 02:42:59;45;9;8;7;0;2;3;4;0;1;0
2018-12-19 02:43:58;45;9;8;7;0;2;3;4;0;1;0
2018-12-19 02:44:59;45;9;8;7;0;2;3;4;0;1;0
2018-12-19 02:45:59;45;9;8;7;0;2;3;4;0;1;0
2018-12-19 02:46:58;45;9;8;7;0;2;3;4;0;1;0
2018-12-19 02:47:59;45;9;8;7;0;2;3;4;0;1;0
2018-12-19 02:48:59;45;9;8;7;0;2;3;4;0;1;0
2018-12-19 02:49:58;45;9;8;7;0;2;3;4;0;1;0
2018-12-19 02:50:59;45;9;8;7;0;2;3;4;0;1;0
2018-12-19 02:51:59;45;9;8;7;0;2;3;4;0;1;0
2018-12-19 02:52:58;45;9;8;7;0;2;3;4;0;1;0
2018-12-19 02:53:59;45;9;8;7;0;2;3;4;0;1;0
2018-12-19 02:54:58;45;9;8;7;0;2;3;4;0;1;0
2018-12-19 02:55:59;45;9;8;7;0;2;3;4;0;1;0
2018-12-19 02:56:59;45;9;8;7;0;2;3;4;0;1;0
2018-12-19 02:57:58;45;9;8;7;0;2;3;4;0;1;0
2018-12-19 02:58:59;45;9;8;7;0;2;3;4;0;1;0
2018-12-19 02:59:58;45;9;8;7;0;2;3;4;0;1;0
2018-12-19 03:00:59;45;9;8;7;0;2;3;4;0;1;0
2018-12-19 03:01:59;45;9;8;7;0;2;3;4;0;1;0
2018-12-19 03:02:58;45;9;8;7;0;2;3;4;0;1;0
2018-12-19 03:03:59;45;9;8;7;0;2;3;4;0;1;0
2018-12-19 03:04:58;45;9;8;7;0;2;3;4;0;1;0
2018-12-19 03:05:59;45;9;8;7;0;2;3;4;0;1;0
2018-12-19 03:06:59;45;9;8;7;0;2;3;4;0;1;0
2018-12-19 03:07:58;45;9;8;7;0;2;3;4;0;1;0
2018-12-19 03:08:59;45;9;8;7;0;2;3;4;0;1;0
2018-12-19 03:09:59;45;9;8;7;0;2;3;4;0;1;0
2018-12-19 03:10:58;45;9;8;7;0;2;3;4;0;1;0
2018-12-19 03:11:59;45;9;8;7;0;2;3;4;0;1;0
2018-12-19 03:12:59;45;9;8;7;0;2;3;4;0;1;0
2018-12-19 03:13:58;45;9;8;7;0;2;3;4;0;1;0
2018-12-19 03:14:59;45;9;8;7;0;2;3;4;0;1;0
2018-12-19 03:15:58;45;9;8;7;0;2;3;4;0;1;0
2018-12-19 03:16:59;45;9;8;7;0;2;3;4;0;1;0
2018-12-19 03:17:59;45;9;8;7;0;2;3;4;0;1;0
2018-12-19 03:18:58;45;9;8;7;0;2;3;4;0;1;0
2018-12-19 03:19:59;45;9;8;7;0;2;3;4;0;1;0
2018-12-19 03:20:59;45;9;8;7;0;2;3;4;0;1;0
2018-12-19 03:21:58;45;9;8;7;0;2;3;4;0;1;0
2018-12-19 03:22:59;45;9;8;7;0;2;3;4;0;1;0
2018-12-19 03:23:58;45;9;8;7;0;2;3;4;0;1;0
2018-12-19 03:24:59;45;9;8;7;0;2;3;4;0;1;0
2018-12-19 03:25:59;45;9;8;7;0;2;3;4;0;1;0
2018-12-19 03:26:58;45;9;8;7;0;2;3;4;0;1;0
2018-12-19 03:27:59;45;9;8;7;0;2;3;4;0;1;0
2018-12-19 03:28:59;45;9;8;7;0;2;3;4;0;1;0
2018-12-19 03:29:58;45;9;8;7;0;2;3;4;0;1;0
2018-12-19 03:30:59;45;9;8;7;0;2;3;4;0;1;0
2018-12-19 03:32:00;45;9;8;7;0;2;3;4;0;1;0
2018-12-19 03:32:58;45;9;8;7;0;2;3;4;0;1;0
2018-12-19 03:33:59;45;9;8;7;0;2;3;4;0;1;0
2018-12-19 03:34:58;45;9;8;7;0;2;3;4;0;1;0
2018-12-19 03:35:59;45;9;8;7;0;2;3;4;0;1;0
2018-12-19 03:36:58;45;9;8;7;0;2;3;4;0;1;0
2018-12-19 03:37:59;45;9;8;7;0;2;3;4;0;1;0
2018-12-19 03:38:58;45;9;8;7;0;2;3;4;0;1;0
2018-12-19 03:39:59;45;9;8;7;0;2;3;4;0;1;0
2018-12-19 03:40:58;45;9;8;7;0;2;3;4;0;1;0
2018-12-19 03:41:59;45;9;8;7;0;2;3;4;0;1;0
2018-12-19 03:42:59;45;9;8;7;0;2;3;4;0;1;0
2018-12-19 03:43:58;46;9;9;7;0;2;3;4;0;1;0
2018-12-19 03:44:59;46;9;9;7;0;2;3;4;0;1;0
2018-12-19 03:45:58;46;9;9;7;0;2;3;4;0;1;0
2018-12-19 03:46:59;46;9;9;7;0;2;3;4;0;1;0
2018-12-19 03:47:59;46;9;9;7;0;2;3;4;0;1;0
2018-12-19 03:48:58;47;10;9;7;0;2;3;4;0;1;0
2018-12-19 03:49:59;47;10;9;7;0;2;3;4;0;1;0
2018-12-19 03:50:58;47;10;9;7;0;2;3;4;0;1;0
2018-12-19 03:51:59;47;10;9;7;0;2;3;4;0;1;0
2018-12-19 03:52:59;47;10;9;7;0;2;3;4;0;1;0
2018-12-19 03:53:58;47;10;9;7;0;2;3;4;0;1;0
2018-12-19 03:54:59;47;10;9;7;0;2;3;4;0;1;0
2018-12-19 03:55:59;47;10;9;7;0;2;3;4;0;1;0
2018-12-19 03:56:58;47;10;9;7;0;2;3;4;0;1;0
2018-12-19 03:57:59;47;10;9;7;0;2;3;4;0;1;0
2018-12-19 03:58:59;47;10;9;7;0;2;3;4;0;1;0
2018-12-19 03:59:58;47;10;9;7;0;2;3;4;0;1;0
2018-12-19 04:00:59;47;10;9;7;0;2;3;4;0;1;0
2018-12-19 04:01:58;47;10;9;7;0;2;3;4;0;1;0
2018-12-19 04:02:59;47;10;9;7;0;2;3;4;0;1;0
2018-12-19 04:03:59;47;10;9;7;0;2;3;4;0;1;0
2018-12-19 04:04:58;47;10;9;7;0;2;3;4;0;1;0
2018-12-19 04:05:59;47;10;9;7;0;2;3;4;0;1;0
2018-12-19 04:06:58;47;10;9;7;0;2;3;4;0;1;0
2018-12-19 04:07:59;47;10;9;7;0;2;3;4;0;1;0
2018-12-19 04:08:59;47;10;9;7;0;2;3;4;0;1;0
2018-12-19 04:09:58;47;10;9;7;0;2;3;4;0;1;0
2018-12-19 04:10:59;47;10;9;7;0;2;3;4;0;1;0
2018-12-19 04:11:59;47;10;9;7;0;2;3;4;0;1;0
2018-12-19 04:12:58;47;10;9;7;0;2;3;4;0;1;0
2018-12-19 04:13:59;47;10;9;7;0;2;3;4;0;1;0
2018-12-19 04:14:58;47;10;9;7;0;2;3;4;0;1;0
2018-12-19 04:15:59;47;10;9;7;0;2;3;4;0;1;0
2018-12-19 04:16:59;47;10;9;7;0;2;3;4;0;1;0
2018-12-19 04:17:58;47;10;9;7;0;2;3;4;0;1;0
2018-12-19 04:18:59;47;10;9;7;0;2;3;4;0;1;0
2018-12-19 04:19:59;47;10;9;7;0;2;3;4;0;1;0
2018-12-19 04:20:58;47;10;9;7;0;2;3;4;0;1;0
2018-12-19 04:21:59;47;10;9;7;0;2;3;4;0;1;0
2018-12-19 04:22:58;47;10;9;7;0;2;3;4;0;1;0
2018-12-19 04:23:59;47;10;9;7;0;2;3;4;0;1;0
2018-12-19 04:24:59;47;10;9;7;0;2;3;4;0;1;0
2018-12-19 04:25:58;47;10;9;7;0;2;3;4;0;1;0
2018-12-19 04:26:59;47;10;9;7;0;2;3;4;0;1;0
2018-12-19 04:27:59;47;10;9;7;0;2;3;4;0;1;0
2018-12-19 04:28:58;47;10;9;7;0;2;3;4;0;1;0
2018-12-19 04:29:59;47;10;9;7;0;2;3;4;0;1;0
2018-12-19 04:30:59;47;10;9;7;0;2;3;4;0;1;0
2018-12-19 04:31:58;47;10;9;7;0;2;3;4;0;1;0
2018-12-19 04:32:59;47;10;9;7;0;2;3;4;0;1;0
2018-12-19 04:33:58;47;10;9;7;0;2;3;4;0;1;0
2018-12-19 04:34:59;47;10;9;7;0;2;3;4;0;1;0
2018-12-19 04:35:58;47;10;9;7;0;2;3;4;0;1;0
2018-12-19 04:36:59;47;10;9;7;0;2;3;4;0;1;0
2018-12-19 04:37:59;47;10;9;7;0;2;3;4;0;1;0
2018-12-19 04:38:58;47;10;9;7;0;2;3;4;0;1;0
2018-12-19 04:39:59;47;10;9;7;0;2;3;4;0;1;0
2018-12-19 04:40:59;47;10;9;7;0;2;3;4;0;1;0
2018-12-19 04:41:58;47;10;9;7;0;2;3;4;0;1;0
2018-12-19 04:42:59;47;10;9;7;0;2;3;4;0;1;0
2018-12-19 04:43:59;47;10;9;7;0;2;3;4;0;1;0
2018-12-19 04:44:58;47;10;9;7;0;2;3;4;0;1;0
2018-12-19 04:45:59;47;10;9;7;0;2;3;4;0;1;0
2018-12-19 04:46:58;47;10;9;7;0;2;3;4;0;1;0
2018-12-19 04:47:59;47;10;9;7;0;2;3;4;0;1;0
2018-12-19 04:48:59;47;10;9;7;0;2;3;4;0;1;0
2018-12-19 04:49:58;47;10;9;7;0;2;3;4;0;1;0
2018-12-19 04:50:59;47;10;9;7;0;2;3;4;0;1;0
2018-12-19 04:51:59;47;10;9;7;0;2;3;4;0;1;0
2018-12-19 04:52:58;47;10;9;7;0;2;3;4;0;1;0
2018-12-19 04:53:59;47;10;9;7;0;2;3;4;0;1;0
2018-12-19 04:54:58;47;10;9;7;0;2;3;4;0;1;0
2018-12-19 04:55:59;47;10;9;7;0;2;3;4;0;1;0
2018-12-19 04:56:59;47;10;9;7;0;2;3;4;0;1;0
2018-12-19 04:57:58;47;10;9;7;0;2;3;4;0;1;0
2018-12-19 04:58:59;47;10;9;7;0;2;3;4;0;1;0
2018-12-19 05:00:00;47;10;9;7;0;2;3;4;0;1;0
2018-12-19 05:00:58;47;10;9;7;0;2;3;4;0;1;0
2018-12-19 05:01:59;47;10;9;7;0;2;3;4;0;1;0
2018-12-19 05:02:58;47;10;9;7;0;2;3;4;0;1;0
2018-12-19 05:03:59;47;10;9;7;0;2;3;4;0;1;0
2018-12-19 05:04:59;47;10;9;7;0;2;3;4;0;1;0
2018-12-19 05:05:58;47;10;9;7;0;2;3;4;0;1;0
2018-12-19 05:06:59;47;10;9;7;0;2;3;4;0;1;0
2018-12-19 05:07:59;47;10;9;7;0;2;3;4;0;1;0
2018-12-19 05:08:58;47;10;9;7;0;2;3;4;0;1;0
2018-12-19 05:09:59;47;10;9;7;0;2;3;4;0;1;0
2018-12-19 05:10:59;47;10;9;7;0;2;3;4;0;1;0
2018-12-19 05:11:58;47;10;9;7;0;2;3;4;0;1;0
2018-12-19 05:12:59;47;10;9;7;0;2;3;4;0;1;0
2018-12-19 05:13:59;47;10;9;7;0;2;3;4;0;1;0
2018-12-19 05:14:58;47;10;9;7;0;2;3;4;0;1;0
2018-12-19 05:15:59;47;10;9;7;0;2;3;4;0;1;0
2018-12-19 05:16:58;47;10;9;7;0;2;3;4;0;1;0
2018-12-19 05:17:59;47;10;9;7;0;2;3;4;0;1;0
2018-12-19 05:18:59;47;10;9;7;0;2;3;4;0;1;0
2018-12-19 05:19:58;47;10;9;7;0;2;3;4;0;1;0
2018-12-19 05:20:59;47;10;9;7;0;2;3;4;0;1;0
2018-12-19 05:21:58;47;10;9;7;0;2;3;4;0;1;0
2018-12-19 05:22:59;48;10;9;7;0;2;3;4;0;1;0
2018-12-19 05:23:59;48;10;9;7;0;2;3;4;0;1;0
2018-12-19 05:24:58;48;10;9;7;0;2;3;4;0;1;0
2018-12-19 05:25:59;48;10;9;7;0;2;3;4;0;1;0
2018-12-19 05:26:59;48;10;9;7;0;2;3;4;0;1;0
2018-12-19 05:27:58;48;10;9;7;0;2;3;4;0;1;0
2018-12-19 05:28:59;48;10;9;7;0;2;3;4;0;1;0
2018-12-19 05:29:59;48;10;9;7;0;2;3;4;0;1;0
2018-12-19 05:30:58;48;10;9;7;0;2;3;4;0;1;0
2018-12-19 05:31:59;48;10;9;7;0;2;3;4;0;1;0
2018-12-19 05:32:58;48;10;9;7;0;2;3;4;0;1;0
2018-12-19 05:33:59;48;10;9;7;0;2;3;4;0;1;0
2018-12-19 05:34:59;48;10;9;7;0;2;3;4;0;1;0
2018-12-19 05:35:58;48;10;9;7;0;2;3;4;0;1;0
2018-12-19 05:36:59;48;10;9;7;0;2;3;4;0;1;0
2018-12-19 05:37:58;48;10;9;7;0;2;3;4;0;1;0
2018-12-19 05:38:59;48;10;9;7;0;2;3;4;0;1;0
2018-12-19 05:39:59;48;10;9;7;0;2;3;4;0;1;0
2018-12-19 05:40:58;48;10;9;7;0;2;3;4;0;1;0
2018-12-19 05:41:59;48;10;9;7;0;2;3;4;0;1;0
2018-12-19 05:42:59;48;10;9;7;0;2;3;4;0;1;0
2018-12-19 05:43:58;48;10;9;7;0;2;3;4;0;1;0
2018-12-19 05:44:59;48;10;9;7;0;2;3;4;0;1;0
2018-12-19 05:45:59;48;10;9;7;0;2;3;4;0;1;0
2018-12-19 05:46:58;48;10;9;7;0;2;3;4;0;1;0
2018-12-19 05:47:59;48;10;9;7;0;2;3;4;0;1;0
2018-12-19 05:48:58;48;10;9;7;0;2;3;4;0;1;0
2018-12-19 05:49:59;49;10;9;8;0;2;3;4;0;1;0
2018-12-19 05:50:59;49;10;9;8;0;2;3;4;0;1;0
2018-12-19 05:51:58;49;10;9;8;0;2;3;4;0;1;0
2018-12-19 05:52:59;49;10;9;8;0;2;3;4;0;1;0
2018-12-19 05:53:58;49;10;9;8;0;2;3;4;0;1;0
2018-12-19 05:54:59;49;10;9;8;0;2;3;4;0;1;0
2018-12-19 05:55:59;49;10;9;8;0;2;3;4;0;1;0
2018-12-19 05:56:58;49;10;9;8;0;2;3;4;0;1;0
2018-12-19 05:57:59;49;10;9;8;0;2;3;4;0;1;0
2018-12-19 05:58:58;49;10;9;8;0;2;3;4;0;1;0
2018-12-19 05:59:59;49;10;9;8;0;2;3;4;0;1;0
2018-12-19 06:00:59;49;10;9;8;0;2;3;4;0;1;0
2018-12-19 06:01:58;49;10;9;8;0;2;3;4;0;1;0
2018-12-19 06:02:59;49;10;9;8;0;2;3;4;0;1;0
2018-12-19 06:03:59;49;10;9;8;0;2;3;4;0;1;0
2018-12-19 06:04:58;49;10;9;8;0;2;3;4;0;1;0
2018-12-19 06:05:59;49;10;9;8;0;2;3;4;0;1;0
2018-12-19 06:06:59;49;10;9;8;0;2;3;4;0;1;0
2018-12-19 06:07:58;49;10;9;8;0;2;3;4;0;1;0
2018-12-19 06:08:59;49;10;9;8;0;2;3;4;0;1;0
2018-12-19 06:09:59;49;10;9;8;0;2;3;4;0;1;0
2018-12-19 06:10:58;49;10;9;8;0;2;3;4;0;1;0
2018-12-19 06:11:59;49;10;9;8;0;2;3;4;0;1;0
2018-12-19 06:12:58;49;10;9;8;0;2;3;4;0;1;0
2018-12-19 06:13:59;49;10;9;8;0;2;3;4;0;1;0
2018-12-19 06:14:59;49;10;9;8;0;2;3;4;0;1;0
2018-12-19 06:15:58;49;10;9;8;0;2;3;4;0;1;0
2018-12-19 06:16:59;49;10;9;8;0;2;3;4;0;1;0
2018-12-19 06:17:58;49;10;9;8;0;2;3;4;0;1;0
2018-12-19 06:18:59;49;10;9;8;0;2;3;4;0;1;0
2018-12-19 06:19:59;49;10;9;8;0;2;3;4;0;1;0
2018-12-19 06:20:58;50;10;10;8;0;2;3;4;0;1;0
2018-12-19 06:21:59;50;10;10;8;0;2;3;4;0;1;0
2018-12-19 06:22:58;50;10;10;8;0;2;3;4;0;1;0
2018-12-19 06:23:59;50;10;10;8;0;2;3;4;0;1;0
2018-12-19 06:24:59;50;10;10;8;0;2;3;4;0;1;0
2018-12-19 06:25:58;50;10;10;8;0;2;3;4;0;1;0
2018-12-19 06:26:59;50;10;10;8;0;2;3;4;0;1;0
2018-12-19 06:27:59;50;10;10;8;0;2;3;4;0;1;0
2018-12-19 06:28:58;50;10;10;8;0;2;3;4;0;1;0
2018-12-19 06:29:59;50;10;10;8;0;2;3;4;0;1;0
2018-12-19 06:30:59;50;10;10;8;0;2;3;4;0;1;0
2018-12-19 06:31:58;51;10;10;9;0;2;3;4;0;1;0
2018-12-19 06:32:59;51;10;10;9;0;2;3;4;0;1;0
2018-12-19 06:33:59;51;10;10;9;0;2;3;4;0;1;0
2018-12-19 06:34:58;51;10;10;9;0;2;3;4;0;1;0
2018-12-19 06:35:59;51;10;10;9;0;2;3;4;0;1;0
2018-12-19 06:36:59;51;10;10;9;0;2;3;4;0;1;0
2018-12-19 06:37:58;51;10;10;9;0;2;3;4;0;1;0
2018-12-19 06:38:59;51;10;10;9;0;2;3;4;0;1;0
2018-12-19 06:39:58;51;10;10;9;0;2;3;4;0;1;0
2018-12-19 06:40:59;51;10;10;9;0;2;3;4;0;1;0
2018-12-19 06:41:59;52;10;10;9;0;2;3;4;0;1;0
2018-12-19 06:42:58;52;10;10;9;0;2;3;4;0;1;0
2018-12-19 06:43:59;52;10;10;9;0;2;3;4;0;1;0
2018-12-19 06:44:59;52;10;10;9;0;2;3;4;0;1;0
2018-12-19 06:45:58;52;10;10;9;0;2;3;4;0;1;0
2018-12-19 06:46:59;52;10;10;9;0;2;3;4;0;1;0
2018-12-19 06:47:58;52;10;10;9;0;2;3;4;0;1;0
2018-12-19 06:48:59;52;10;10;9;0;2;3;4;0;1;0
2018-12-19 06:49:59;52;10;10;9;0;2;3;4;0;1;0
2018-12-19 06:50:58;52;10;10;9;0;2;3;4;0;1;0
2018-12-19 06:51:59;53;10;10;9;0;2;3;5;0;1;0
2018-12-19 06:52:58;53;10;10;9;0;2;3;5;0;1;0
2018-12-19 06:53:59;53;10;10;9;0;2;3;5;0;1;0
2018-12-19 06:54:59;53;10;10;9;0;2;3;5;0;1;0
2018-12-19 06:55:58;53;10;10;9;0;2;3;5;0;1;0
2018-12-19 06:56:59;53;10;10;9;0;2;3;5;0;1;0
2018-12-19 06:57:58;53;10;10;9;0;2;3;5;0;1;0
2018-12-19 06:58:59;53;10;10;9;0;2;3;5;0;1;0
2018-12-19 06:59:59;53;10;10;9;0;2;3;5;0;1;0
2018-12-19 07:00:58;53;10;10;9;0;2;3;5;0;1;0
2018-12-19 07:01:59;53;10;10;9;0;2;3;5;0;1;0
2018-12-19 07:02:59;53;10;10;9;0;2;3;5;0;1;0
2018-12-19 07:03:58;53;10;10;9;0;2;3;5;0;1;0
2018-12-19 07:04:59;54;10;10;9;0;2;3;5;0;1;0
2018-12-19 07:05:59;54;10;10;9;0;2;3;5;0;1;0
2018-12-19 07:06:58;54;10;10;9;0;2;3;5;0;1;0
2018-12-19 07:07:59;54;10;10;9;0;2;3;5;0;1;0
2018-12-19 07:08:59;54;10;10;9;0;2;3;5;0;1;0
2018-12-19 07:09:58;55;10;10;10;0;2;3;5;0;0;1
2018-12-19 07:10:59;55;10;10;10;0;2;3;5;0;0;1
2018-12-19 07:11:59;55;10;10;10;0;2;3;5;0;0;1
2018-12-19 07:12:58;55;10;10;10;0;2;3;5;0;0;1
2018-12-19 07:13:59;55;10;10;10;0;2;3;5;0;0;1
2018-12-19 07:14:58;55;10;10;10;0;2;3;5;0;0;1
2018-12-19 07:15:59;56;11;10;10;0;2;3;5;0;0;1
2018-12-19 07:16:59;56;11;10;10;0;2;3;5;0;0;1
2018-12-19 07:17:58;56;11;10;10;0;2;3;5;0;0;1
2018-12-19 07:18:59;56;11;10;10;0;2;3;5;0;0;1
2018-12-19 07:19:59;56;11;10;10;0;2;3;5;0;0;1
2018-12-19 07:20:58;56;11;10;10;0;2;3;5;0;0;1
2018-12-19 07:21:59;56;11;10;10;0;2;3;5;0;0;1
2018-12-19 07:22:58;56;11;10;10;0;2;3;5;0;0;1
2018-12-19 07:23:59;56;11;10;10;0;2;3;5;0;0;1
2018-12-19 07:24:59;56;11;10;10;0;2;3;5;0;0;1
2018-12-19 07:25:58;56;11;10;10;0;2;3;5;0;0;1
2018-12-19 07:26:59;56;11;10;10;0;2;3;5;0;0;1
2018-12-19 07:27:58;56;11;10;10;0;2;3;5;0;0;1
2018-12-19 07:28:59;56;11;10;10;0;2;3;5;0;0;1
2018-12-19 07:29:59;56;11;10;10;0;2;3;5;0;0;1
2018-12-19 07:30:58;56;11;10;10;0;2;3;5;0;0;1
2018-12-19 07:31:59;56;11;10;10;0;2;3;5;0;0;1
2018-12-19 07:32:59;56;11;10;10;0;2;3;5;0;0;1
2018-12-19 07:33:58;57;11;11;10;0;2;3;5;0;1;0
2018-12-19 07:34:59;57;11;11;10;0;2;3;5;0;1;0
2018-12-19 07:35:59;57;11;11;10;0;2;3;5;0;1;0
2018-12-19 07:36:58;57;11;11;10;0;2;3;5;0;1;0
2018-12-19 07:38:00;57;11;11;10;0;2;3;5;0;1;0
2018-12-19 07:38:59;57;11;11;10;0;2;3;5;0;1;0
2018-12-19 07:39:59;57;11;11;10;0;2;3;5;0;1;0
2018-12-19 07:40:58;58;11;11;10;0;2;3;5;0;1;0
2018-12-19 07:41:59;58;11;11;10;0;2;3;5;0;1;0
2018-12-19 07:42:59;58;11;11;10;0;2;3;5;0;1;0
2018-12-19 07:43:58;58;11;11;10;0;2;3;5;0;1;0
2018-12-19 07:44:59;58;11;11;10;0;2;3;5;0;1;0
2018-12-19 07:45:58;59;11;11;11;0;2;3;5;0;0;1
2018-12-19 07:46:59;59;11;11;11;0;2;3;5;0;0;1
2018-12-19 07:47:59;59;11;11;11;0;2;3;5;0;0;1
2018-12-19 07:48:58;60;12;11;11;0;2;3;5;0;0;1
2018-12-19 07:49:59;60;12;11;11;0;2;3;5;0;0;1
2018-12-19 07:50:58;60;12;11;11;0;2;3;5;0;0;1
2018-12-19 07:51:59;60;12;11;11;0;2;3;5;0;0;1
2018-12-19 07:52:59;60;12;11;11;0;2;3;5;0;0;1
2018-12-19 07:53:58;60;12;11;11;0;2;3;5;0;0;1
2018-12-19 07:54:59;61;12;11;11;0;2;3;5;0;0;0
2018-12-19 07:55:59;61;12;11;11;0;2;3;5;0;0;0
2018-12-19 07:56:58;61;12;11;11;0;2;3;5;0;0;0
2018-12-19 07:57:59;62;12;12;11;0;2;3;5;0;0;0
2018-12-19 07:58:58;62;12;12;11;0;2;3;5;0;0;0
2018-12-19 07:59:59;62;12;12;11;0;2;3;5;0;0;0
2018-12-19 08:00:58;62;12;12;11;0;2;3;5;0;0;0
2018-12-19 08:01:59;62;12;12;11;0;2;3;5;0;0;0
2018-12-19 08:02:59;62;12;12;11;0;2;3;5;0;0;0
2018-12-19 08:03:59;62;12;12;11;0;2;3;5;0;0;0
2018-12-19 08:04:58;63;12;13;11;0;2;3;5;0;0;0
2018-12-19 08:05:59;63;12;13;11;0;2;3;5;0;0;0
2018-12-19 08:06:58;63;12;13;11;0;2;3;5;0;0;0
2018-12-19 08:07:59;63;13;12;11;0;2;3;5;0;0;0
2018-12-19 08:08:59;63;13;12;11;0;2;3;5;0;0;0
2018-12-19 08:09:58;63;13;12;11;0;2;3;5;0;0;0
2018-12-19 08:10:59;64;14;12;11;0;2;3;5;0;0;0
2018-12-19 08:11:59;65;14;12;12;0;2;3;5;0;0;0
2018-12-19 08:12:58;65;14;12;12;0;2;3;5;0;0;0
2018-12-19 08:13:59;65;14;12;12;0;2;3;5;0;0;0
2018-12-19 08:14:58;65;14;12;12;0;2;3;5;0;0;0
2018-12-19 08:15:59;65;14;12;12;0;2;3;5;0;0;0
2018-12-19 08:16:59;65;14;12;12;0;2;3;5;0;0;0
2018-12-19 08:17:58;65;14;12;12;0;2;3;5;0;0;0
2018-12-19 08:18:59;66;14;12;12;0;2;4;5;0;0;0
2018-12-19 08:19:58;67;14;12;12;0;2;4;5;0;0;0
2018-12-19 08:20:59;67;14;12;12;0;2;4;5;0;0;0
2018-12-19 08:21:59;67;14;12;12;0;2;4;5;0;0;0
2018-12-19 08:22:58;67;14;12;12;0;2;4;5;0;0;0
2018-12-19 08:23:59;67;14;12;12;0;2;4;5;0;0;0
2018-12-19 08:24:59;67;14;12;12;0;2;4;5;0;0;0
2018-12-19 08:25:58;67;14;12;12;0;2;4;5;0;0;0
2018-12-19 08:26:59;68;15;12;12;0;2;4;5;0;0;0
2018-12-19 08:27:58;68;15;12;12;0;2;4;5;0;0;0
2018-12-19 08:28:59;68;15;12;12;0;2;4;5;0;0;0
2018-12-19 08:29:59;68;15;12;12;0;2;4;5;0;0;0
2018-12-19 08:30:58;70;15;12;12;0;2;4;5;0;0;0
2018-12-19 08:31:59;71;16;12;12;0;2;4;5;0;0;0
2018-12-19 08:32:58;73;17;12;13;0;2;4;5;0;0;0
2018-12-19 08:33:59;73;17;12;13;0;2;4;5;0;0;0
2018-12-19 08:34:59;73;17;12;13;0;2;4;5;0;0;0
2018-12-19 08:35:58;73;17;12;13;0;2;4;5;0;0;0
2018-12-19 08:36:59;74;18;12;13;0;2;4;5;0;0;0
2018-12-19 08:37:58;74;18;12;13;0;2;4;5;0;0;0
2018-12-19 08:38:59;74;18;12;13;0;2;4;5;0;0;0
2018-12-19 08:40:01;75;19;12;13;0;2;4;5;0;0;0
2018-12-19 08:40:59;75;19;12;13;0;2;4;5;0;0;0
2018-12-19 08:41:58;75;19;12;13;0;2;4;5;0;0;0
2018-12-19 08:42:59;75;19;12;13;0;2;4;5;0;0;0
2018-12-19 08:43:58;75;19;12;13;0;2;4;5;0;0;0
2018-12-19 08:44:59;75;19;12;13;0;2;4;5;0;0;0
2018-12-19 08:45:59;75;19;12;13;0;2;4;5;0;0;0
2018-12-19 08:46:58;74;19;12;13;0;2;4;5;0;0;0
2018-12-19 08:47:59;74;19;12;13;0;2;4;5;0;0;0
2018-12-19 08:48:59;74;19;12;13;0;2;4;5;0;0;0
2018-12-19 08:49:58;74;19;12;13;0;2;4;5;0;0;0
2018-12-19 08:50:59;75;20;12;13;0;2;4;5;0;0;0
2018-12-19 08:51:58;75;20;12;13;0;2;4;5;0;0;0
2018-12-19 08:52:59;75;20;12;13;0;2;4;5;0;0;0
2018-12-19 08:53:59;75;20;12;13;0;2;4;5;0;0;0
2018-12-19 08:54:58;75;20;12;13;0;2;4;5;0;0;0
2018-12-19 08:55:59;75;20;12;13;0;2;4;5;0;0;0
2018-12-19 08:56:58;75;20;12;13;0;2;4;5;0;0;0
2018-12-19 08:57:59;76;21;12;13;0;2;4;5;0;0;0
2018-12-19 08:58:58;76;21;12;13;0;2;4;5;0;0;0
2018-12-19 08:59:59;76;21;12;13;0;2;4;5;0;0;0
2018-12-19 09:00:59;76;21;12;13;0;2;4;5;0;0;0
2018-12-19 09:01:58;76;21;12;13;0;2;4;5;0;0;0
2018-12-19 09:02:59;76;21;12;13;0;2;4;5;0;0;0
2018-12-19 09:03:58;77;22;12;13;0;2;4;5;0;0;0
2018-12-19 09:04:59;77;22;12;13;0;2;4;5;0;0;0
2018-12-19 09:05:59;77;22;12;13;0;2;4;5;0;0;0
2018-12-19 09:06:58;77;22;12;13;0;2;4;5;0;0;0
2018-12-19 09:07:59;77;22;12;13;0;2;4;5;0;0;0
2018-12-19 09:08:59;77;22;12;13;0;2;4;5;0;0;0
2018-12-19 09:09:58;77;22;12;13;0;2;4;5;0;0;0
2018-12-19 09:10:59;78;22;13;13;0;2;4;5;0;0;0
2018-12-19 09:11:58;78;22;13;13;0;2;4;5;0;0;0
2018-12-19 09:12:59;78;22;13;13;0;2;4;5;0;0;0
2018-12-19 09:13:59;79;22;14;13;0;2;4;5;0;0;0
2018-12-19 09:14:58;79;22;14;13;0;2;4;5;0;0;0
2018-12-19 09:15:59;79;22;14;13;0;2;4;5;0;0;0
2018-12-19 09:16:59;79;22;14;13;0;2;4;5;0;0;0
2018-12-19 09:17:58;79;22;14;13;0;2;4;5;0;0;0
2018-12-19 09:18:59;79;22;14;13;0;2;4;5;0;0;0
2018-12-19 09:19:58;79;22;14;13;0;2;4;5;0;0;0
2018-12-19 09:20:59;79;22;14;13;0;2;4;5;0;0;0
2018-12-19 09:21:59;80;22;14;13;0;2;4;5;1;0;0
2018-12-19 09:22:58;80;22;14;13;0;2;4;5;1;0;0
2018-12-19 09:23:59;82;24;14;13;0;2;4;5;1;0;0
2018-12-19 09:24:59;83;24;14;14;0;2;4;5;1;0;0
2018-12-19 09:25:58;83;24;14;14;0;2;4;5;1;0;0
2018-12-19 09:26:59;83;24;14;14;0;2;4;5;1;0;0
2018-12-19 09:27:59;83;24;14;14;0;2;4;5;1;0;0
2018-12-19 09:28:58;83;24;14;14;0;2;4;5;1;0;0
2018-12-19 09:29:59;83;24;14;14;0;2;4;5;1;0;0
2018-12-19 09:30:59;83;24;14;14;0;2;4;5;1;0;0
2018-12-19 09:31:58;83;24;14;14;0;2;4;5;1;0;0
2018-12-19 09:32:59;83;24;14;14;0;2;4;5;1;0;0
2018-12-19 09:33:58;83;24;14;14;0;2;4;5;1;0;0
2018-12-19 09:34:59;83;24;14;14;0;2;4;5;1;0;0
2018-12-19 09:35:59;83;24;14;14;0;2;4;5;1;0;0
2018-12-19 09:36:58;83;24;14;14;0;2;4;5;1;0;0
2018-12-19 09:37:59;83;24;14;14;0;2;4;5;1;0;0
2018-12-19 09:38:59;83;24;14;14;0;2;4;5;1;0;0
2018-12-19 09:39:58;83;24;14;14;0;2;4;5;1;0;0
2018-12-19 09:40:59;84;24;15;14;0;2;4;5;1;0;0
2018-12-19 09:41:58;84;24;15;14;0;2;4;5;1;0;0
2018-12-19 09:42:59;85;24;15;14;0;2;5;5;1;0;0
2018-12-19 09:43:59;85;24;15;14;0;2;5;5;1;0;0
2018-12-19 09:44:58;85;24;15;14;0;2;5;5;1;0;0
2018-12-19 09:45:59;85;24;15;14;0;2;5;5;1;0;0
2018-12-19 09:46:58;85;24;15;14;0;2;5;5;1;0;0
2018-12-19 09:47:59;86;24;15;14;0;2;5;5;2;0;0
2018-12-19 09:48:59;87;24;15;14;0;3;5;5;2;0;0
2018-12-19 09:49:58;87;24;15;14;0;3;5;5;2;0;0
2018-12-19 09:50:59;88;24;15;14;0;3;5;5;2;0;1
2018-12-19 09:51:59;89;24;15;14;0;3;5;5;2;0;1
2018-12-19 09:52:58;89;24;15;14;0;3;5;5;2;0;1
2018-12-19 09:53:59;90;24;16;14;0;3;5;5;2;0;1
2018-12-19 09:54:58;90;24;16;14;0;3;5;5;2;0;1
2018-12-19 09:55:59;91;24;16;14;0;4;5;5;2;0;1
2018-12-19 09:56:59;91;24;16;14;0;4;5;5;2;0;1
2018-12-19 09:57:58;93;24;16;15;0;4;5;5;3;0;1
2018-12-19 09:58:59;95;24;17;15;0;5;5;5;3;0;1
2018-12-19 10:00:00;95;24;17;15;0;5;5;5;3;0;1
2018-12-19 10:00:58;95;24;17;15;0;5;5;5;3;0;1
2018-12-19 10:01:59;95;24;17;15;0;5;5;5;3;0;1
2018-12-19 10:02:59;95;24;17;15;0;5;5;5;3;0;1
2018-12-19 10:03:58;98;26;18;15;0;5;5;5;3;0;1
2018-12-19 10:04:59;98;26;18;15;0;5;5;5;3;0;1
2018-12-19 10:05:58;99;26;18;15;0;5;5;5;3;0;0
2018-12-19 10:06:59;99;26;18;15;0;5;5;5;3;0;0
2018-12-19 10:07:59;100;26;19;15;0;5;5;5;3;0;0
2018-12-19 10:08:58;100;26;19;15;0;5;5;5;3;0;0
2018-12-19 10:09:59;101;26;19;16;0;5;5;5;3;0;0
2018-12-19 10:10:58;102;26;19;16;0;5;5;5;3;0;0
2018-12-19 10:11:59;103;26;20;16;0;5;5;5;3;0;0
2018-12-19 10:12:59;103;26;20;16;0;5;5;5;3;0;0
2018-12-19 10:13:58;104;27;20;16;0;5;5;5;3;0;0
2018-12-19 10:14:59;104;27;20;16;0;5;5;5;3;0;0
2018-12-19 10:15:59;104;27;20;16;0;5;5;5;3;0;0
2018-12-19 10:16:58;104;27;20;16;0;5;5;5;3;0;0
2018-12-19 10:17:59;105;28;20;16;0;5;5;5;3;0;0
2018-12-19 10:18:58;106;28;20;16;0;5;5;6;3;0;0
2018-12-19 10:19:59;106;28;20;16;0;5;5;6;3;0;0
2018-12-19 10:20:58;106;28;20;16;0;5;5;6;3;0;0
2018-12-19 10:21:59;108;30;20;16;0;5;5;6;3;0;0
2018-12-19 10:22:59;109;30;21;16;0;5;5;6;3;0;0
2018-12-19 10:23:58;109;30;21;16;0;5;5;6;3;0;0
2018-12-19 10:24:59;110;31;21;16;0;5;5;6;3;0;0
2018-12-19 10:25:59;111;31;22;16;0;5;5;6;3;0;0
2018-12-19 10:26:58;111;31;22;16;0;5;5;6;3;0;0
2018-12-19 10:27:59;111;31;22;16;0;5;5;6;3;0;0
2018-12-19 10:28:59;112;31;22;16;0;5;5;6;3;0;0
2018-12-19 10:29:58;114;32;23;16;0;5;5;6;3;0;0
2018-12-19 10:30:59;115;33;23;16;0;5;5;6;3;0;0
2018-12-19 10:31:58;117;33;24;16;0;5;5;6;3;0;0
2018-12-19 10:32:59;117;33;24;16;0;5;5;6;3;0;0
2018-12-19 10:33:59;119;33;25;16;0;5;6;6;3;0;0
2018-12-19 10:34:58;119;33;25;16;0;5;6;6;3;0;0
2018-12-19 10:35:59;119;33;25;16;0;5;6;6;3;0;0
2018-12-19 10:36:58;119;33;25;16;0;5;6;6;3;0;0
2018-12-19 10:37:59;120;34;25;16;0;5;6;6;3;0;0
2018-12-19 10:38:59;120;34;25;16;0;5;6;6;3;0;0
2018-12-19 10:39:58;120;34;25;16;0;5;6;6;3;0;0
2018-12-19 10:40:59;120;34;25;16;0;5;6;6;3;0;0
2018-12-19 10:41:58;120;34;25;16;0;5;6;6;3;0;0
2018-12-19 10:42:59;120;34;25;16;0;5;6;6;3;0;0
2018-12-19 10:43:59;121;34;25;16;0;5;7;6;3;0;0
2018-12-19 10:44:58;122;34;25;16;0;5;7;6;3;0;0
2018-12-19 10:45:59;123;35;25;16;0;5;7;6;3;0;0
2018-12-19 10:46:58;124;35;25;16;2;5;7;6;3;0;0
2018-12-19 10:47:59;125;35;25;16;0;5;7;6;3;0;2
2018-12-19 10:48:59;125;35;25;16;0;5;7;6;3;0;2
2018-12-19 10:49:58;125;35;25;16;0;5;7;6;3;0;2
2018-12-19 10:50:59;125;35;25;16;0;5;7;6;3;0;2
2018-12-19 10:51:59;125;35;25;16;0;5;7;6;3;0;2
2018-12-19 10:52:58;125;35;25;16;0;5;7;6;3;0;2
2018-12-19 10:53:59;125;35;25;16;0;5;7;6;3;0;2
2018-12-19 10:54:59;125;35;25;16;0;5;7;6;3;0;2
2018-12-19 10:55:58;126;35;26;16;0;5;7;6;3;0;2
2018-12-19 10:56:59;127;36;26;16;0;5;7;6;3;0;2
2018-12-19 10:57:58;127;36;26;16;0;5;7;6;3;0;2
2018-12-19 10:58:59;127;36;26;16;0;5;7;6;3;0;2
2018-12-19 10:59:59;128;36;26;16;0;5;7;6;3;2;2
2018-12-19 11:00:58;128;36;26;16;0;5;7;6;3;2;2
2018-12-19 11:01:59;129;36;26;16;3;5;7;6;3;0;2
2018-12-19 11:03:00;129;36;26;16;3;5;7;6;3;0;2
2018-12-19 11:03:58;129;36;26;16;3;5;7;6;3;0;2
2018-12-19 11:04:59;129;36;26;16;3;5;7;6;3;0;2
2018-12-19 11:05:59;129;36;26;16;3;5;7;6;3;0;2
2018-12-19 11:06:59;129;36;26;16;3;5;7;6;3;0;2
2018-12-19 11:07:58;129;36;26;16;3;5;7;6;3;0;2
2018-12-19 11:08:59;129;36;26;16;3;5;7;6;3;0;2
2018-12-19 11:09:59;130;37;26;16;3;5;7;6;3;0;2
2018-12-19 11:10:58;131;37;26;17;3;5;7;6;3;0;2
2018-12-19 11:11:59;131;37;26;17;3;5;7;6;3;0;2
2018-12-19 11:12:58;131;37;26;17;3;5;7;6;3;0;2
2018-12-19 11:13:59;131;37;26;17;3;5;7;6;3;0;2
2018-12-19 11:14:59;133;38;26;17;3;5;7;6;3;0;2
2018-12-19 11:15:58;133;38;26;17;3;5;7;6;3;0;2
2018-12-19 11:16:59;133;38;26;17;3;5;7;6;3;0;2
2018-12-19 11:17:59;133;38;26;17;3;5;7;6;3;0;2
2018-12-19 11:18:58;135;39;26;18;3;5;7;6;3;0;2
2018-12-19 11:19:59;135;39;26;18;3;5;7;6;3;0;2
2018-12-19 11:20:59;136;39;27;18;3;5;7;6;3;0;2
2018-12-19 11:21:58;136;39;27;18;3;5;7;6;3;0;2
2018-12-19 11:22:59;136;39;27;18;3;5;7;6;3;0;2
2018-12-19 11:23:59;136;39;27;18;3;5;7;6;3;0;2
2018-12-19 11:24:58;137;40;27;18;3;5;7;6;3;0;2
2018-12-19 11:25:59;137;40;27;18;3;5;7;6;3;0;2
2018-12-19 11:26:58;137;39;28;18;3;5;7;6;3;0;2
2018-12-19 11:27:59;137;39;28;18;3;5;7;6;3;0;2
2018-12-19 11:28:58;137;39;28;18;3;5;7;6;3;0;2
2018-12-19 11:29:59;137;39;28;18;3;5;7;6;3;0;2
2018-12-19 11:30:59;138;39;28;18;3;5;7;6;3;0;2
2018-12-19 11:31:58;139;40;28;18;3;5;7;6;3;0;2
2018-12-19 11:32:59;139;40;28;18;3;5;7;6;3;0;2
2018-12-19 11:33:58;139;40;28;18;3;5;7;6;3;0;2
2018-12-19 11:34:59;139;40;28;18;3;5;7;6;3;0;2
2018-12-19 11:35:59;139;40;28;18;3;5;7;6;3;0;2
2018-12-19 11:36:58;140;40;28;18;4;5;7;6;3;0;2
2018-12-19 11:37:59;140;40;28;18;4;5;7;6;3;0;2
2018-12-19 11:38:59;140;40;28;18;4;5;7;6;3;0;2
2018-12-19 11:39:58;141;41;28;18;4;5;7;6;3;0;2
2018-12-19 11:40:59;142;41;28;19;4;5;7;6;3;0;2
2018-12-19 11:41:59;143;41;28;20;4;5;7;6;3;0;2
2018-12-19 11:42:58;143;41;28;20;4;5;7;6;3;0;2
2018-12-19 11:43:59;143;41;28;20;4;5;7;6;3;0;2
2018-12-19 11:44:59;143;41;28;20;4;5;7;6;3;0;2
2018-12-19 11:45:58;145;41;30;20;4;5;7;6;3;0;2
2018-12-19 11:46:59;145;41;30;20;4;5;7;6;3;0;2
2018-12-19 11:47:58;145;41;30;20;4;5;7;6;3;0;2
2018-12-19 11:48:59;145;41;30;20;4;5;7;6;3;0;2
2018-12-19 11:49:59;145;41;30;20;4;5;7;6;3;0;2
2018-12-19 11:50:59;146;42;30;20;5;5;6;6;3;0;2
2018-12-19 11:51:58;147;42;31;20;5;5;6;6;3;0;2
2018-12-19 11:52:59;147;42;31;20;5;5;6;6;3;0;2
2018-12-19 11:53:59;148;42;32;20;5;5;6;6;3;0;2
2018-12-19 11:54:58;148;42;32;20;5;5;6;6;3;0;2
2018-12-19 11:55:59;148;42;32;20;5;5;6;6;3;0;2
2018-12-19 11:56:59;148;42;32;20;5;5;6;6;3;0;2
2018-12-19 11:57:58;148;42;32;20;5;5;6;6;3;0;2
2018-12-19 11:58:59;149;42;33;20;5;5;6;6;3;0;2
2018-12-19 11:59:58;149;42;33;20;5;5;6;6;3;0;2
2018-12-19 12:00:59;149;42;33;20;5;5;6;6;3;0;2
2018-12-19 12:01:59;150;43;33;20;5;5;6;6;3;0;2
2018-12-19 12:02:58;151;44;33;20;5;5;6;6;3;0;2
2018-12-19 12:03:59;151;44;33;20;5;5;6;6;3;0;2
2018-12-19 12:04:59;151;44;33;20;5;5;6;6;3;0;2
2018-12-19 12:05:58;152;45;33;20;5;5;6;6;3;0;2
2018-12-19 12:06:59;153;46;33;20;5;5;6;6;3;0;2
2018-12-19 12:07:59;153;46;33;20;5;5;6;6;3;0;2
2018-12-19 12:08:58;153;46;33;20;5;5;6;6;3;0;2
2018-12-19 12:09:59;153;46;33;20;5;5;6;6;3;0;2
2018-12-19 12:10:59;153;46;33;20;5;5;6;6;3;0;2
2018-12-19 12:11:58;153;46;33;20;5;5;6;6;3;0;2
2018-12-19 12:12:59;153;46;33;20;5;5;6;6;3;0;2
2018-12-19 12:13:58;153;46;33;20;5;5;6;6;3;0;2
2018-12-19 12:14:59;153;46;33;20;5;5;6;6;3;0;2
2018-12-19 12:15:58;153;46;33;20;5;5;6;6;3;0;2
2018-12-19 12:16:59;153;46;33;20;5;5;6;6;3;0;2
2018-12-19 12:17:59;153;46;33;20;5;5;6;6;3;0;2
2018-12-19 12:18:58;153;46;33;20;5;5;6;6;3;0;2
2018-12-19 12:19:59;153;46;33;20;5;5;6;6;3;0;2
2018-12-19 12:21:00;153;46;33;20;5;5;6;6;3;0;2
2018-12-19 12:21:58;153;46;33;20;5;5;6;6;3;0;2
2018-12-19 12:22:59;155;48;33;20;5;5;6;6;3;0;2
2018-12-19 12:23:58;155;48;33;20;5;5;6;6;3;0;2
2018-12-19 12:24:59;157;48;35;20;5;5;6;6;3;0;2
2018-12-19 12:25:59;157;48;35;20;5;5;6;6;3;0;2
2018-12-19 12:26:58;158;47;37;20;5;5;6;6;3;0;2
2018-12-19 12:27:59;158;47;37;20;5;5;6;6;3;0;2
2018-12-19 12:28:59;158;47;37;20;5;5;6;6;3;0;2
2018-12-19 12:29:58;158;47;37;20;5;5;6;6;3;0;2
2018-12-19 12:30:59;158;47;37;20;5;5;6;6;3;0;2
2018-12-19 12:31:59;158;47;37;20;5;5;6;6;3;0;2
2018-12-19 12:32:58;158;47;37;20;5;5;6;6;3;0;2
2018-12-19 12:33:59;158;47;37;20;5;5;6;6;3;0;2
2018-12-19 12:34:58;159;47;37;21;5;5;6;6;3;0;2
2018-12-19 12:35:59;159;47;37;21;5;5;6;6;3;0;2
2018-12-19 12:36:59;159;47;37;21;5;5;6;6;3;0;2
2018-12-19 12:37:58;159;47;37;21;5;5;6;6;3;0;2
2018-12-19 12:38:59;159;47;37;21;5;5;6;6;3;0;2
2018-12-19 12:39:59;159;47;37;21;5;5;6;6;3;0;2
2018-12-19 12:40:58;159;47;37;21;5;5;6;6;3;0;2
2018-12-19 12:41:59;159;47;37;21;5;5;6;6;3;0;2
2018-12-19 12:42:59;159;47;37;21;5;5;6;6;3;0;2
2018-12-19 12:43:58;159;47;37;21;5;5;6;6;3;0;2
2018-12-19 12:44:59;159;47;37;21;5;5;6;6;3;0;2
2018-12-19 12:45:58;159;47;37;21;5;5;6;6;3;0;2
2018-12-19 12:46:59;159;47;37;21;5;5;6;6;3;0;2
2018-12-19 12:47:59;159;47;37;21;5;5;6;6;3;0;2
2018-12-19 12:48:58;159;47;37;21;5;5;6;6;3;0;2
2018-12-19 12:49:59;159;47;37;21;5;5;6;6;3;0;2
2018-12-19 12:50:59;159;47;37;21;5;5;6;6;3;0;2
2018-12-19 12:51:58;159;47;37;21;5;5;6;6;3;0;2
2018-12-19 12:52:59;159;47;37;21;5;5;6;6;3;0;2
2018-12-19 12:53:59;159;47;37;21;5;5;6;6;3;0;2
2018-12-19 12:54:58;159;47;37;21;5;5;6;6;3;0;2
2018-12-19 12:55:59;159;47;37;21;5;5;6;6;3;0;2
2018-12-19 12:56:59;159;47;37;21;5;5;6;6;3;0;2
2018-12-19 12:57:58;159;47;37;21;5;5;6;6;3;0;2
2018-12-19 12:58:59;159;47;37;21;5;5;6;6;3;0;2
2018-12-19 12:59:58;159;47;37;21;5;5;6;6;3;0;2
2018-12-19 13:00:59;159;47;37;21;5;5;6;6;3;0;2
2018-12-19 13:01:59;159;47;37;21;5;5;6;6;3;0;2
2018-12-19 13:02:58;159;47;37;21;5;5;6;6;3;0;2
2018-12-19 13:03:59;159;47;37;21;5;5;6;6;3;0;2
2018-12-19 13:05:00;159;47;37;21;5;5;6;6;3;0;2
2018-12-19 13:05:58;161;48;38;21;5;5;6;6;3;0;2
2018-12-19 13:06:59;161;48;38;21;5;5;6;6;3;0;2
2018-12-19 13:07:58;161;48;38;21;5;5;6;6;3;0;2
2018-12-19 13:08:59;161;48;38;21;5;5;6;6;3;0;2
2018-12-19 13:09:59;161;48;38;21;5;5;6;6;3;0;2
2018-12-19 13:10:58;161;48;38;21;5;5;6;6;3;0;2
2018-12-19 13:11:59;162;48;38;22;5;5;6;6;3;0;2
2018-12-19 13:12:59;162;48;38;22;5;5;6;6;3;0;2
2018-12-19 13:13:58;162;48;38;22;5;5;6;6;3;0;2
2018-12-19 13:14:59;163;48;39;22;5;5;6;6;3;0;2
2018-12-19 13:15:58;163;48;39;22;5;5;6;6;3;0;2
2018-12-19 13:16:59;163;48;39;22;5;5;6;6;3;0;2
2018-12-19 13:17:59;163;48;39;22;5;5;6;6;3;0;2
2018-12-19 13:18:58;163;48;39;22;5;5;6;6;3;0;2
2018-12-19 13:19:59;163;48;39;22;5;5;6;6;3;0;2
2018-12-19 13:20:59;163;48;39;22;5;5;6;6;3;0;2
2018-12-19 13:21:58;164;48;39;22;5;5;6;6;3;0;2
2018-12-19 13:22:59;164;48;39;22;5;5;6;6;3;0;2
2018-12-19 13:23:59;164;48;39;22;5;5;6;6;3;0;2
2018-12-19 13:24:58;164;48;39;22;5;5;6;6;3;0;2
2018-12-19 13:25:59;164;48;39;22;5;5;6;6;3;0;2
2018-12-19 13:26:59;164;48;39;22;5;5;6;6;3;0;2
2018-12-19 13:27:58;164;48;39;22;5;5;6;6;3;0;2
2018-12-19 13:28:59;164;48;39;22;5;5;6;6;3;0;2
2018-12-19 13:29:58;164;49;39;21;5;5;6;6;3;0;2
2018-12-19 13:30:59;164;49;39;21;5;5;6;6;3;0;2
2018-12-19 13:31:59;165;49;39;21;5;6;6;6;3;0;2
2018-12-19 13:32:58;165;49;39;21;5;6;6;6;3;0;2
2018-12-19 13:33:59;165;49;39;21;5;6;6;6;3;0;2
2018-12-19 13:34:59;165;49;39;21;5;6;6;6;3;0;2
2018-12-19 13:35:58;165;49;39;21;5;6;6;6;3;0;2
2018-12-19 13:36:59;165;49;39;21;5;6;6;6;3;0;2
2018-12-19 13:37:59;167;49;40;21;6;6;6;6;3;0;2
2018-12-19 13:38:58;167;49;40;21;6;6;6;6;3;0;2
2018-12-19 13:39:59;168;49;40;21;7;6;6;6;3;0;2
2018-12-19 13:40:59;169;49;41;21;7;6;6;6;3;0;2
2018-12-19 13:41:58;169;49;41;21;7;6;6;6;3;0;2
2018-12-19 13:42:59;169;49;41;21;7;6;6;6;3;0;2
2018-12-19 13:43:59;170;49;41;22;7;6;6;6;3;0;2
2018-12-19 13:44:58;172;49;41;23;7;6;7;6;3;0;2
2018-12-19 13:45:59;173;50;41;23;7;6;7;6;3;0;2
2018-12-19 13:46:58;173;50;41;23;7;6;7;6;3;0;2
2018-12-19 13:47:59;173;50;41;23;7;6;7;6;3;0;2
2018-12-19 13:48:59;174;51;41;23;7;6;7;6;3;0;2
2018-12-19 13:49:58;174;51;41;23;7;6;7;6;3;0;2
2018-12-19 13:50:59;174;51;41;23;7;6;7;6;3;0;2
2018-12-19 13:51:59;174;51;41;23;7;6;7;6;3;0;2
2018-12-19 13:52:58;174;51;41;23;7;6;7;6;3;0;2
2018-12-19 13:53:59;175;52;41;23;7;6;7;6;3;0;2
2018-12-19 13:54:59;175;52;41;23;7;6;7;6;3;0;2
2018-12-19 13:55:58;175;52;41;23;7;6;7;6;3;0;2
2018-12-19 13:56:59;175;52;41;23;7;6;7;6;3;0;2
2018-12-19 13:57:59;175;52;41;23;7;6;7;6;3;0;2
2018-12-19 13:58:58;175;52;41;23;7;6;7;6;3;0;2
2018-12-19 13:59:59;175;52;41;23;7;6;7;6;3;0;2
2018-12-19 14:00:58;175;52;41;23;7;6;7;6;3;0;2
2018-12-19 14:01:59;175;52;41;23;7;6;7;6;3;0;2
2018-12-19 14:02:58;175;52;41;23;7;6;7;6;3;0;2
2018-12-19 14:03:59;175;52;41;23;7;6;7;6;3;0;2
2018-12-19 14:04:59;176;52;41;24;7;6;7;6;3;2;2
2018-12-19 14:05:58;176;52;41;24;7;6;7;6;3;2;2
2018-12-19 14:06:59;176;52;41;24;7;6;7;6;3;2;2
2018-12-19 14:07:58;177;53;41;24;7;6;7;6;3;2;2
2018-12-19 14:08:59;177;53;41;24;7;6;7;6;3;2;2
2018-12-19 14:09:58;177;54;40;24;7;6;7;6;3;2;2
2018-12-19 14:10:59;177;54;40;24;7;6;7;6;3;2;2
2018-12-19 14:11:59;178;55;40;24;7;6;7;6;3;2;2
2018-12-19 14:12:58;178;55;40;24;7;6;7;6;3;2;2
2018-12-19 14:13:59;178;55;40;24;7;6;7;6;3;2;2
2018-12-19 14:14:59;178;55;40;24;7;6;7;6;3;2;2
2018-12-19 14:15:58;178;55;40;24;7;6;7;6;3;2;2
2018-12-19 14:16:59;178;55;40;24;7;6;7;6;3;2;2
2018-12-19 14:17:59;178;55;40;24;7;6;7;6;3;2;2
2018-12-19 14:18:58;179;56;40;24;7;6;7;6;3;2;2
2018-12-19 14:19:59;179;56;40;24;7;6;7;6;3;2;2
2018-12-19 14:20:59;179;56;40;24;7;6;7;6;3;2;2
2018-12-19 14:21:58;179;56;40;24;7;6;7;6;3;2;2
2018-12-19 14:22:59;180;56;40;25;7;6;7;6;3;2;2
2018-12-19 14:23:59;180;56;40;25;7;6;7;6;3;2;2
2018-12-19 14:24:58;181;57;40;25;7;6;7;6;3;2;2
2018-12-19 14:25:59;181;57;40;25;7;6;7;6;3;2;2
2018-12-19 14:26:59;181;57;40;25;7;6;7;6;3;2;2
2018-12-19 14:27:58;181;57;40;25;7;6;7;6;3;2;2
2018-12-19 14:28:59;181;57;40;25;7;6;7;6;3;2;2
2018-12-19 14:29:59;181;57;40;25;7;6;7;6;3;2;2
2018-12-19 14:30:58;181;57;40;25;7;6;7;6;3;2;2
2018-12-19 14:31:59;181;57;40;25;7;6;7;6;3;2;2
2018-12-19 14:33:00;181;57;40;25;7;6;7;6;3;2;2
2018-12-19 14:33:58;181;57;40;25;7;6;7;6;3;2;2
2018-12-19 14:34:59;181;57;40;25;7;6;7;6;3;2;2
2018-12-19 14:35:58;181;57;40;25;7;6;7;6;3;2;2
2018-12-19 14:36:59;181;57;40;25;7;6;7;6;3;2;2
2018-12-19 14:37:58;181;57;40;25;7;6;7;6;3;2;2
2018-12-19 14:38:59;181;57;40;25;7;6;7;6;3;2;2
2018-12-19 14:39:59;181;57;40;25;7;6;7;6;3;2;2
2018-12-19 14:40:58;182;57;41;25;7;6;7;6;3;2;2
2018-12-19 14:41:59;182;57;41;25;7;6;7;6;3;2;2
2018-12-19 14:42:59;182;57;41;25;7;6;7;6;3;2;2
2018-12-19 14:43:58;183;57;42;25;7;6;7;6;3;2;2
2018-12-19 14:44:59;183;57;42;25;7;6;7;6;3;2;2
2018-12-19 14:45:59;183;57;42;25;7;6;7;6;3;2;2
2018-12-19 14:46:58;183;57;42;25;7;6;7;6;3;2;2
2018-12-19 14:47:59;183;57;42;25;7;6;7;6;3;2;2
2018-12-19 14:48:59;183;57;42;25;7;6;7;6;3;2;2
2018-12-19 14:49:58;184;57;42;25;7;6;7;6;3;2;3
2018-12-19 14:50:59;185;58;42;25;7;6;7;6;3;2;3
2018-12-19 14:51:58;186;56;44;25;8;6;7;6;3;2;3
2018-12-19 14:52:59;186;56;44;25;8;6;7;6;3;2;3
2018-12-19 14:53:59;186;56;44;25;8;6;7;6;3;2;3
2018-12-19 14:54:58;186;56;44;25;8;6;7;6;3;2;3
2018-12-19 14:55:59;186;56;44;25;8;6;7;6;3;2;3
2018-12-19 14:56:59;186;56;44;25;8;6;7;6;3;2;3
2018-12-19 14:57:58;186;56;44;25;8;6;7;6;3;2;3
2018-12-19 14:58:59;187;56;45;25;8;6;7;6;3;2;3
2018-12-19 14:59:58;188;57;45;25;8;6;7;6;3;2;3
2018-12-19 15:00:59;189;58;45;25;8;6;7;6;3;2;3
2018-12-19 15:01:59;190;59;45;25;8;6;7;6;3;2;3
2018-12-19 15:02:58;190;59;45;25;8;6;7;6;3;2;3
2018-12-19 15:03:59;190;59;45;25;8;6;7;6;3;2;3
2018-12-19 15:04:59;192;59;47;25;8;6;7;6;3;2;3
2018-12-19 15:05:58;194;60;47;25;9;6;7;6;3;2;3
2018-12-19 15:06:59;194;60;47;25;9;6;7;6;3;2;3
2018-12-19 15:07:58;194;60;47;25;9;6;7;6;3;2;3
2018-12-19 15:08:59;194;60;47;25;9;6;7;6;3;2;3
2018-12-19 15:09:59;194;60;47;25;9;6;7;6;3;2;3
2018-12-19 15:10:58;194;60;47;25;9;6;7;6;3;2;3
2018-12-19 15:11:59;194;60;47;25;9;6;7;6;3;2;3
2018-12-19 15:12:58;195;60;48;25;9;6;7;6;3;2;3
2018-12-19 15:13:59;195;59;49;25;9;6;7;6;3;2;3
2018-12-19 15:14:59;195;59;49;25;9;6;7;6;3;2;3
2018-12-19 15:15:58;195;59;49;25;9;6;7;6;3;2;3
2018-12-19 15:16:59;195;59;49;25;9;6;7;6;3;2;3
2018-12-19 15:17:59;196;60;49;25;9;6;7;6;3;2;3
2018-12-19 15:18:58;196;60;49;25;9;6;7;6;3;2;3
2018-12-19 15:19:59;196;60;49;25;9;6;7;6;3;2;3
2018-12-19 15:20:58;196;60;49;25;9;6;7;6;3;2;3
2018-12-19 15:21:59;196;60;49;25;9;6;7;6;3;2;3
2018-12-19 15:22:59;196;60;49;25;9;6;7;6;3;2;3
2018-12-19 15:23:58;196;61;49;25;9;6;7;6;3;2;3
2018-12-19 15:24:59;197;62;49;25;9;6;7;6;3;2;3
2018-12-19 15:25:59;197;62;49;25;9;6;7;6;3;2;3
2018-12-19 15:26:58;198;63;49;25;9;6;7;6;3;3;3
2018-12-19 15:27:59;199;64;49;25;9;6;7;6;3;3;3
2018-12-19 15:28:59;200;64;50;25;9;6;7;6;3;3;3
2018-12-19 15:29:58;200;64;50;25;9;6;7;6;3;3;3
2018-12-19 15:30:59;201;64;51;25;9;6;7;6;3;3;3
2018-12-19 15:31:59;201;64;51;25;9;6;7;6;3;3;3
2018-12-19 15:32:58;202;65;51;25;9;6;7;6;3;3;3
2018-12-19 15:33:59;202;65;51;25;9;6;7;6;3;3;3
2018-12-19 15:34:59;202;65;51;25;9;6;7;6;3;3;3
2018-12-19 15:35:58;202;65;51;25;9;6;7;6;3;3;3
2018-12-19 15:36:59;202;65;51;25;9;6;7;6;3;3;3
2018-12-19 15:37:59;202;65;51;25;9;6;7;6;3;3;3
2018-12-19 15:38:58;203;65;51;25;9;6;8;6;3;3;3
2018-12-19 15:39:59;203;65;51;25;9;6;8;6;3;3;3
2018-12-19 15:40:58;203;65;51;25;9;6;8;6;3;3;3
2018-12-19 15:41:59;203;65;51;25;9;6;8;6;3;3;3
2018-12-19 15:42:59;203;65;51;25;9;6;8;6;3;3;3
2018-12-19 15:43:58;203;65;51;25;9;6;8;6;3;3;3
2018-12-19 15:44:59;203;65;51;25;9;6;8;6;3;3;3
2018-12-19 15:45:59;203;65;51;25;9;6;8;6;3;3;3
2018-12-19 15:46:58;203;65;51;25;9;6;8;6;3;3;3
2018-12-19 15:47:59;203;65;51;25;9;6;8;6;3;3;3
2018-12-19 15:48:59;204;65;52;25;9;6;8;6;3;3;3
2018-12-19 15:49:58;204;65;52;25;9;6;8;6;3;3;3
2018-12-19 15:50:59;204;65;52;25;9;6;8;6;3;3;3
2018-12-19 15:51:59;204;65;52;25;9;6;8;6;3;3;3
2018-12-19 15:52:58;205;65;53;25;9;6;8;6;3;3;3
2018-12-19 15:53:59;205;65;53;25;9;6;8;6;3;3;3
2018-12-19 15:54:59;205;65;53;25;9;6;8;6;3;3;3
2018-12-19 15:55:58;205;65;53;25;9;6;8;6;3;3;3
2018-12-19 15:56:59;205;65;53;25;9;6;8;6;3;3;3
2018-12-19 15:57:58;205;65;53;25;9;6;8;6;3;3;3
2018-12-19 15:58:59;205;65;53;25;9;6;8;6;3;3;3
2018-12-19 15:59:59;205;65;53;25;9;6;8;6;3;3;3
2018-12-19 16:00:59;205;65;53;25;9;6;8;6;3;3;3
2018-12-19 16:01:58;205;65;53;25;9;6;8;6;3;3;3
2018-12-19 16:02:59;207;66;53;26;9;6;8;6;3;3;3
2018-12-19 16:03:58;207;66;53;26;9;6;8;6;3;3;3
2018-12-19 16:04:59;207;66;53;26;9;6;8;6;3;3;3
2018-12-19 16:05:59;209;67;54;26;9;6;8;6;3;3;3
2018-12-19 16:06:58;209;67;54;26;9;6;8;6;3;3;3
2018-12-19 16:07:59;210;67;54;26;9;6;8;6;3;3;3
2018-12-19 16:08:59;210;67;54;26;9;6;8;6;3;3;3
2018-12-19 16:09:58;210;67;54;26;9;6;8;6;3;3;3
2018-12-19 16:10:59;210;67;54;26;9;6;8;6;3;3;3
2018-12-19 16:11:59;210;67;54;26;9;6;8;6;3;3;3
2018-12-19 16:12:58;211;68;54;26;9;6;8;6;3;3;3
2018-12-19 16:13:59;212;68;55;26;9;6;8;6;3;3;3
2018-12-19 16:14:58;212;68;55;26;9;6;8;6;3;3;3
2018-12-19 16:15:59;212;68;55;26;9;6;8;6;3;3;3
2018-12-19 16:16:59;212;68;55;26;9;6;8;6;3;3;3
2018-12-19 16:17:58;212;68;55;26;9;6;8;6;3;3;3
2018-12-19 16:18:59;212;68;55;26;9;6;8;6;3;3;3
2018-12-19 16:19:58;212;68;55;26;9;6;8;6;3;3;3
2018-12-19 16:20:59;212;68;55;26;9;6;8;6;3;3;3
2018-12-19 16:21:59;212;68;55;26;9;6;8;6;3;3;3
2018-12-19 16:22:58;212;68;55;26;9;6;8;6;3;3;3
2018-12-19 16:23:59;212;68;55;26;9;6;8;6;3;3;3
2018-12-19 16:24:59;212;68;55;26;9;6;8;6;3;3;3
2018-12-19 16:25:58;212;68;55;26;9;6;8;6;3;3;3
2018-12-19 16:26:59;212;68;55;26;9;6;8;6;3;3;3
2018-12-19 16:27:58;212;68;55;26;9;6;8;6;3;3;3
2018-12-19 16:28:59;212;68;55;26;9;6;8;6;3;3;3
2018-12-19 16:29:59;212;68;55;26;9;6;8;6;3;3;3
2018-12-19 16:30:58;212;68;55;26;9;6;8;6;3;3;3
2018-12-19 16:31:59;213;69;55;26;9;6;8;6;3;3;3
2018-12-19 16:32:58;213;69;55;26;9;6;8;6;3;3;3
2018-12-19 16:33:59;214;69;55;26;9;6;8;6;3;3;3
2018-12-19 16:34:59;214;69;55;26;9;6;8;6;3;3;3
2018-12-19 16:35:58;214;69;55;26;9;6;8;6;3;3;3
2018-12-19 16:36:59;214;69;55;26;9;6;8;6;3;3;3
2018-12-19 16:37:59;215;69;56;26;9;6;8;6;3;3;3
2018-12-19 16:38:58;215;69;56;26;9;6;8;6;3;3;3
2018-12-19 16:39:59;215;69;56;26;9;6;8;6;3;3;3
2018-12-19 16:40:59;215;69;56;26;9;6;8;6;3;3;3
2018-12-19 16:41:58;216;69;57;26;9;6;8;6;3;3;3
2018-12-19 16:42:59;217;69;57;27;9;6;8;6;3;3;3
2018-12-19 16:43:58;217;69;57;27;9;6;8;6;3;3;3
2018-12-19 16:44:59;217;69;57;27;9;6;8;6;3;3;3
2018-12-19 16:45:59;217;69;57;27;9;6;8;6;3;3;3
2018-12-19 16:46:58;217;69;57;27;9;6;8;6;3;3;3
2018-12-19 16:47:59;217;69;57;27;9;6;8;6;3;3;3
2018-12-19 16:48:59;217;69;57;27;9;6;8;6;3;3;3
2018-12-19 16:49:58;217;69;57;27;9;6;8;6;3;3;3
2018-12-19 16:50:59;217;69;57;27;9;6;8;6;3;3;3
2018-12-19 16:51:59;218;69;58;27;9;6;8;6;3;3;3
2018-12-19 16:52:58;220;70;59;27;9;6;8;6;3;3;3
2018-12-19 16:53:59;221;70;59;28;9;6;8;6;3;3;3
2018-12-19 16:54:58;221;70;60;28;9;6;8;6;3;3;2
2018-12-19 16:55:59;221;70;60;28;9;6;8;6;3;3;2
2018-12-19 16:56:59;221;70;60;28;9;6;8;6;3;3;2
2018-12-19 16:57:58;222;70;61;28;9;6;8;6;3;3;2
2018-12-19 16:58:59;223;71;61;28;9;6;8;6;3;3;2
2018-12-19 16:59:59;223;71;61;28;9;6;8;6;3;3;2
2018-12-19 17:00:58;223;71;61;28;9;6;8;6;3;3;2
2018-12-19 17:01:59;224;72;61;28;9;6;8;6;3;3;2
2018-12-19 17:02:58;224;72;61;28;9;6;8;6;3;3;2
2018-12-19 17:03:59;225;72;61;29;9;6;8;6;3;3;2
2018-12-19 17:04:59;225;72;61;29;9;6;8;6;3;3;2
2018-12-19 17:05:58;225;72;61;29;9;6;8;6;3;3;2
2018-12-19 17:06:59;225;72;61;29;9;6;8;6;3;3;2
2018-12-19 17:07:58;225;72;61;29;9;6;8;6;3;3;2
2018-12-19 17:08:59;225;72;61;29;9;6;8;6;3;3;2
2018-12-19 17:09:59;225;72;61;29;9;6;8;6;3;3;2
2018-12-19 17:10:58;225;72;61;29;9;6;8;6;3;3;2
2018-12-19 17:11:59;225;72;61;29;9;6;8;6;3;3;2
2018-12-19 17:12:59;225;72;61;29;9;6;8;6;3;3;2
2018-12-19 17:13:58;227;72;63;29;9;6;8;6;3;3;2
2018-12-19 17:14:59;227;72;63;29;9;6;8;6;3;3;2
2018-12-19 17:15:59;230;73;64;29;9;6;8;6;4;3;2
2018-12-19 17:16:58;231;73;65;29;9;6;8;6;4;3;2
2018-12-19 17:17:59;231;73;65;29;9;6;8;6;4;3;2
2018-12-19 17:18:59;231;73;65;29;9;6;8;6;4;3;2
2018-12-19 17:19:58;231;73;65;29;9;6;8;6;4;3;2
2018-12-19 17:20:59;231;73;65;29;9;6;8;6;4;3;2
2018-12-19 17:21:59;231;73;65;29;9;6;8;6;4;3;2
2018-12-19 17:22:58;231;73;65;29;9;6;8;6;4;3;2
2018-12-19 17:23:59;231;73;65;29;9;6;8;6;4;3;2
2018-12-19 17:24:59;231;73;65;29;9;6;8;6;4;3;2
2018-12-19 17:25:58;231;73;65;29;9;6;8;6;4;3;2
2018-12-19 17:26:59;231;73;65;29;9;6;8;6;4;3;2
2018-12-19 17:27:58;231;73;65;29;9;6;8;6;4;3;2
2018-12-19 17:28:59;231;73;65;29;9;6;8;6;4;3;2
2018-12-19 17:29:59;231;73;65;29;9;6;8;6;4;3;2
2018-12-19 17:30:58;231;73;65;29;9;6;8;6;4;3;2
2018-12-19 17:31:59;231;73;65;29;9;6;8;6;4;3;2
2018-12-19 17:32:59;232;74;65;29;9;6;8;6;4;3;2
2018-12-19 17:33:58;233;74;66;29;9;6;8;6;4;3;2
2018-12-19 17:34:59;234;74;67;29;9;6;8;6;4;3;2
2018-12-19 17:35:59;234;74;67;29;9;6;8;6;4;3;2
2018-12-19 17:36:58;233;74;67;28;9;6;8;6;4;3;2
2018-12-19 17:37:59;233;74;67;28;9;6;8;6;4;3;2
2018-12-19 17:38:58;233;74;67;28;9;6;8;6;4;3;2
2018-12-19 17:39:59;234;74;68;28;9;6;8;6;4;3;2
2018-12-19 17:40:59;234;74;68;28;9;6;8;6;4;3;2
2018-12-19 17:41:58;234;74;68;28;9;6;8;6;4;3;2
2018-12-19 17:42:59;234;74;68;28;9;6;8;6;4;3;2
2018-12-19 17:43:58;234;74;68;28;9;6;8;6;4;3;2
2018-12-19 17:44:59;234;74;68;28;9;6;8;6;4;3;2
2018-12-19 17:45:59;234;74;68;28;9;6;8;6;4;3;2
2018-12-19 17:46:58;236;75;69;28;9;6;8;6;4;3;2
2018-12-19 17:47:59;236;75;69;28;9;6;8;6;4;3;2
2018-12-19 17:48:59;236;75;69;28;9;6;8;6;4;3;2
2018-12-19 17:49:58;236;75;69;28;9;6;8;6;4;3;2
2018-12-19 17:50:59;236;75;69;28;9;6;8;6;4;3;2
2018-12-19 17:51:58;236;75;69;28;9;6;8;6;4;3;2
2018-12-19 17:52:59;236;75;69;28;9;6;8;6;4;3;2
2018-12-19 17:53:59;236;75;69;28;9;6;8;6;4;3;2
2018-12-19 17:54:58;236;75;69;28;9;6;8;6;4;3;2
2018-12-19 17:55:59;236;75;69;28;9;6;8;6;4;3;2
2018-12-19 17:56:58;236;75;69;28;9;6;8;6;4;3;2
2018-12-19 17:57:59;236;75;69;28;9;6;8;6;4;3;2
2018-12-19 17:58:59;236;75;69;28;9;6;8;6;4;3;2
2018-12-19 17:59:59;236;75;69;28;9;6;8;6;4;3;2
2018-12-19 18:00:58;236;75;69;28;9;6;8;6;4;3;2
2018-12-19 18:01:59;236;75;69;28;9;6;8;6;4;3;2
2018-12-19 18:02:58;236;75;69;28;9;6;8;6;4;3;2
2018-12-19 18:03:59;236;75;69;28;9;6;8;6;4;3;2
2018-12-19 18:04:59;236;75;69;28;9;6;8;6;4;3;2
2018-12-19 18:05:58;236;75;69;28;9;6;8;6;4;3;2
2018-12-19 18:06:59;236;75;69;28;9;6;8;6;4;3;2
2018-12-19 18:07:59;237;75;69;29;9;6;8;6;4;3;2
2018-12-19 18:08:58;237;75;69;29;9;6;8;6;4;3;2
2018-12-19 18:09:59;238;75;69;30;9;6;8;6;4;3;2
2018-12-19 18:10:58;237;74;69;30;9;6;8;6;4;3;2
2018-12-19 18:11:59;237;74;69;30;9;6;8;6;4;3;2
2018-12-19 18:12:59;237;75;69;29;9;6;8;6;4;3;2
2018-12-19 18:13:58;237;75;69;29;9;6;8;6;4;3;2
2018-12-19 18:14:59;237;75;69;29;9;6;8;6;4;3;2
2018-12-19 18:15:59;238;75;70;29;9;6;8;6;4;3;2
2018-12-19 18:16:58;238;76;69;29;9;6;8;6;4;3;2
2018-12-19 18:17:59;239;76;69;29;9;6;8;7;4;3;2
2018-12-19 18:18:58;239;76;69;29;9;6;8;7;4;3;2
2018-12-19 18:19:59;239;76;69;29;9;6;8;7;4;3;2
2018-12-19 18:20:58;239;76;69;29;9;6;8;7;4;3;2
2018-12-19 18:21:59;239;76;69;29;9;6;8;7;4;3;2
2018-12-19 18:22:59;239;76;69;29;9;6;8;7;4;3;2
2018-12-19 18:23:58;240;76;70;29;9;6;8;7;4;3;2
2018-12-19 18:24:59;240;76;70;29;9;6;8;7;4;3;2
2018-12-19 18:25:59;240;76;70;29;9;6;8;7;4;3;2
2018-12-19 18:26:58;240;76;70;29;9;6;8;7;4;3;2
2018-12-19 18:27:59;240;76;70;29;9;6;8;7;4;3;2
2018-12-19 18:28:59;240;76;70;29;9;6;8;7;4;3;2
2018-12-19 18:29:58;240;76;70;29;9;6;8;7;4;3;2
2018-12-19 18:30:59;240;76;70;29;9;6;8;7;4;3;2
2018-12-19 18:31:59;240;76;70;29;9;6;8;7;4;3;2
2018-12-19 18:32:58;240;76;70;29;9;6;8;7;4;3;2
2018-12-19 18:33:59;241;77;70;29;9;6;8;7;4;3;2
2018-12-19 18:34:59;241;77;70;29;9;6;8;7;4;3;2
2018-12-19 18:35:58;241;77;70;29;9;6;8;7;4;3;2
2018-12-19 18:36:59;241;77;70;29;9;6;8;7;4;3;2
2018-12-19 18:37:58;242;77;71;29;9;6;8;7;4;3;2
2018-12-19 18:38:59;243;77;72;29;9;6;8;7;4;3;2
2018-12-19 18:39:59;243;77;72;29;9;6;8;7;4;3;2
2018-12-19 18:40:58;243;77;72;29;9;6;8;7;4;3;2
2018-12-19 18:41:59;243;77;72;29;9;6;8;7;4;3;2
2018-12-19 18:42:59;243;77;72;29;9;6;8;7;4;3;2
2018-12-19 18:43:58;244;78;72;29;9;6;8;7;4;3;2
2018-12-19 18:44:59;245;79;72;29;9;6;8;7;4;3;2
2018-12-19 18:46:00;245;79;72;29;9;6;8;7;4;3;2
2018-12-19 18:46:58;245;79;72;29;9;6;8;7;4;3;2
2018-12-19 18:47:59;245;79;72;29;9;6;8;7;4;3;2
2018-12-19 18:48:58;245;79;72;29;9;6;8;7;4;3;2
2018-12-19 18:49:59;245;79;72;29;9;6;8;7;4;3;2
2018-12-19 18:50:59;245;79;72;29;9;6;8;7;4;3;2
2018-12-19 18:51:58;246;79;72;30;9;6;8;7;4;3;2
2018-12-19 18:52:59;246;79;72;30;9;6;8;7;4;3;2
2018-12-19 18:53:59;246;79;72;30;9;6;8;7;4;3;2
2018-12-19 18:54:58;246;79;72;30;9;6;8;7;4;3;2
2018-12-19 18:55:59;247;80;72;30;9;6;8;7;4;3;2
2018-12-19 18:56:59;247;80;72;30;9;6;8;7;4;3;2
2018-12-19 18:57:58;247;80;72;30;9;6;8;7;4;3;2
2018-12-19 18:58:59;247;80;72;30;9;6;8;7;4;3;2
2018-12-19 18:59:59;247;80;72;30;9;6;8;7;4;3;2
2018-12-19 19:00:58;247;80;72;30;9;6;8;7;4;3;2
2018-12-19 19:01:59;247;80;72;30;9;6;8;7;4;3;2
2018-12-19 19:02:59;247;80;72;30;9;6;8;7;4;3;2
2018-12-19 19:03:58;248;80;73;30;9;6;8;7;4;3;2
2018-12-19 19:04:59;248;80;73;30;9;6;8;7;4;3;2
2018-12-19 19:05:59;248;80;73;30;9;6;8;7;4;3;2
2018-12-19 19:06:58;249;80;74;30;9;6;8;7;4;3;2
2018-12-19 19:07:59;249;80;74;30;9;6;8;7;4;3;2
2018-12-19 19:08:58;249;80;74;30;9;6;8;7;4;3;2
2018-12-19 19:09:59;249;80;74;30;9;6;8;7;4;3;2
2018-12-19 19:10:59;249;80;74;30;9;6;8;7;4;3;2
2018-12-19 19:11:58;249;80;74;30;9;6;8;7;4;3;2
2018-12-19 19:12:59;249;80;74;30;9;6;8;7;4;3;2
2018-12-19 19:13:59;250;80;75;30;9;6;8;7;4;3;2
2018-12-19 19:14:58;250;80;75;30;9;6;8;7;4;3;2
2018-12-19 19:15:59;250;80;75;30;9;6;8;7;4;3;2
2018-12-19 19:16:59;250;80;75;30;9;6;8;7;4;3;2
2018-12-19 19:17:58;251;80;76;30;9;6;8;7;4;3;2
2018-12-19 19:18:59;251;80;76;30;9;6;8;7;4;3;2
2018-12-19 19:19:59;252;80;76;30;9;6;8;7;4;3;2
2018-12-19 19:20:58;252;80;76;30;9;6;8;7;4;3;2
2018-12-19 19:21:59;255;83;76;30;9;6;8;7;4;3;2
2018-12-19 19:22:58;255;83;76;30;9;6;8;7;4;3;2
2018-12-19 19:23:59;255;83;76;30;9;6;8;7;4;3;2
2018-12-19 19:24:59;255;83;76;30;9;6;8;7;4;3;2
2018-12-19 19:25:58;256;83;77;30;9;6;8;7;4;3;2
2018-12-19 19:26:59;256;83;77;30;9;6;8;7;4;3;2
2018-12-19 19:27:59;256;83;77;30;9;6;8;7;4;3;2
2018-12-19 19:28:58;256;83;77;30;9;6;8;7;4;3;2
2018-12-19 19:29:59;257;84;77;30;9;6;8;7;4;3;2
2018-12-19 19:30:59;260;86;78;30;9;6;8;7;4;3;2
2018-12-19 19:31:58;261;86;79;30;9;6;8;7;4;3;2
2018-12-19 19:32:59;261;86;79;30;9;6;8;7;4;3;2
2018-12-19 19:33:59;261;86;79;30;9;6;8;7;4;3;2
2018-12-19 19:34:58;261;86;79;30;9;6;8;7;4;3;2
2018-12-19 19:35:59;262;87;79;30;9;6;8;7;4;3;2
2018-12-19 19:36:58;262;87;79;30;9;6;8;7;4;3;2
2018-12-19 19:37:59;262;87;79;30;9;6;8;7;4;3;2
2018-12-19 19:38:59;262;87;79;30;9;6;8;7;4;3;2
2018-12-19 19:39:58;262;87;79;30;9;6;8;7;4;3;2
2018-12-19 19:40:59;262;87;79;30;9;6;8;7;4;3;2
2018-12-19 19:41:59;262;87;79;30;9;6;8;7;4;3;2
2018-12-19 19:42:58;263;88;79;30;9;6;8;7;4;3;2
2018-12-19 19:43:59;263;88;79;30;9;6;8;7;4;3;2
2018-12-19 19:44:58;264;89;79;30;9;6;8;7;4;3;2
2018-12-19 19:45:59;264;89;79;30;9;6;8;7;4;3;2
2018-12-19 19:46:59;263;89;78;30;9;6;8;7;4;3;2
2018-12-19 19:47:58;263;89;78;30;9;6;8;7;4;3;2
2018-12-19 19:48:59;263;89;78;30;9;6;8;7;4;3;2
2018-12-19 19:49:59;263;89;78;30;9;6;8;7;4;3;2
2018-12-19 19:50:58;263;89;78;30;9;6;8;7;4;3;2
2018-12-19 19:51:59;263;89;78;30;9;6;8;7;4;3;2
2018-12-19 19:52:58;263;89;78;30;9;6;8;7;4;3;2
2018-12-19 19:53:59;264;90;78;30;9;6;8;7;4;3;2
2018-12-19 19:54:59;264;90;78;30;9;6;8;7;4;3;2
2018-12-19 19:55:58;264;90;78;30;9;6;8;7;4;3;2
2018-12-19 19:56:59;264;90;78;30;9;6;8;7;4;3;2
2018-12-19 19:57:59;265;90;78;30;10;6;8;7;4;3;2
2018-12-19 19:58:58;267;91;78;31;10;6;8;7;4;3;2
2018-12-19 19:59:59;267;91;78;31;10;6;8;7;4;3;2
2018-12-19 20:00:59;268;92;78;31;10;6;8;7;4;3;2
2018-12-19 20:01:58;269;92;78;32;10;6;8;7;4;3;2
2018-12-19 20:02:59;270;92;79;32;10;6;8;7;4;3;2
2018-12-19 20:03:58;270;92;79;32;10;6;8;7;4;3;2
2018-12-19 20:04:59;271;93;79;32;10;6;8;7;4;3;2
2018-12-19 20:05:59;271;93;79;32;10;6;8;7;4;3;2
2018-12-19 20:06:58;271;93;79;32;10;6;8;7;4;3;2
2018-12-19 20:07:59;271;93;79;32;10;6;8;7;4;3;2
2018-12-19 20:08:59;271;93;79;32;10;6;8;7;4;3;2
2018-12-19 20:09:58;271;93;79;32;10;6;8;7;4;3;2
2018-12-19 20:10:59;270;92;79;32;10;6;8;7;4;3;2
2018-12-19 20:11:58;270;92;79;32;10;6;8;7;4;3;2
2018-12-19 20:12:59;272;93;79;32;10;7;8;7;4;3;2
2018-12-19 20:13:59;273;93;80;32;10;7;8;7;4;3;2
2018-12-19 20:14:58;273;93;80;32;10;7;8;7;4;3;2
2018-12-19 20:15:59;273;93;80;32;10;7;8;7;4;3;2
2018-12-19 20:16:59;273;93;80;32;10;7;8;7;4;3;2
2018-12-19 20:17:58;274;93;81;32;10;7;8;7;4;3;2
2018-12-19 20:18:59;274;93;81;32;10;7;8;7;4;3;2
2018-12-19 20:19:58;275;93;81;32;11;7;8;7;4;3;2
2018-12-19 20:20:59;275;93;81;32;11;7;8;7;4;3;2
2018-12-19 20:21:58;275;93;81;32;11;7;8;7;4;3;2
2018-12-19 20:22:59;275;93;81;32;11;7;8;7;4;3;2
2018-12-19 20:23:58;276;93;82;32;11;7;8;7;4;3;2
2018-12-19 20:24:59;276;93;82;32;11;7;8;7;4;3;2
2018-12-19 20:25:59;276;93;82;32;11;7;8;7;4;3;2
2018-12-19 20:26:58;277;94;82;32;11;7;8;7;4;3;2
2018-12-19 20:27:59;277;94;82;32;11;7;8;7;4;3;2
2018-12-19 20:28:59;278;95;82;32;11;7;8;7;4;3;2
2018-12-19 20:29:58;278;95;82;32;11;7;8;7;4;3;2
2018-12-19 20:30:59;278;95;82;32;11;7;8;7;4;3;2
2018-12-19 20:31:59;279;96;82;32;11;7;8;7;4;3;2
2018-12-19 20:32:58;279;96;82;32;11;7;8;7;4;3;2
2018-12-19 20:33:59;280;96;83;32;11;7;8;7;4;3;2
2018-12-19 20:34:59;281;96;84;32;11;7;8;7;4;3;2
2018-12-19 20:35:58;281;96;84;32;11;7;8;7;4;3;2
2018-12-19 20:36:59;282;97;84;32;11;7;8;7;4;3;2
2018-12-19 20:37:58;282;97;84;32;11;7;8;7;4;3;2
2018-12-19 20:38:59;282;97;84;32;11;7;8;7;4;3;2
2018-12-19 20:39:59;282;97;84;32;11;7;8;7;4;3;2
2018-12-19 20:40:58;282;97;84;32;11;7;8;7;4;3;2
2018-12-19 20:41:59;282;97;84;32;11;7;8;7;4;3;2
2018-12-19 20:42:59;282;97;84;32;11;7;8;7;4;3;2
2018-12-19 20:43:58;282;97;84;32;11;7;8;7;4;3;2
2018-12-19 20:44:59;282;97;84;32;11;7;8;7;4;3;2
2018-12-19 20:45:58;282;97;84;32;11;7;8;7;4;3;2
2018-12-19 20:46:59;282;97;84;32;11;7;8;7;4;3;2
2018-12-19 20:47:58;282;97;84;32;11;7;8;7;4;3;2
2018-12-19 20:48:59;283;97;85;32;12;7;7;7;4;3;2
2018-12-19 20:49:59;285;99;85;32;12;7;7;7;4;3;2
2018-12-19 20:50:58;285;99;85;32;12;7;7;7;4;3;2
2018-12-19 20:51:59;286;100;85;32;12;7;7;7;4;3;2
2018-12-19 20:52:59;286;100;85;32;12;7;7;7;4;3;2
2018-12-19 20:53:59;287;101;85;32;12;7;7;7;4;3;2
2018-12-19 20:54:58;288;101;86;32;12;7;7;7;4;3;2
2018-12-19 20:55:59;288;101;86;32;12;7;7;7;4;3;2
2018-12-19 20:56:58;288;101;86;32;12;7;7;7;4;3;2
2018-12-19 20:57:59;288;101;86;32;12;7;7;7;4;3;2
2018-12-19 20:58:59;288;101;86;32;12;7;7;7;4;3;2
2018-12-19 20:59:58;288;101;86;32;12;7;7;7;4;3;2
2018-12-19 21:00:59;288;101;86;32;12;7;7;7;4;3;2
2018-12-19 21:01:59;289;101;87;32;12;7;7;7;4;3;2
2018-12-19 21:02:58;290;102;87;32;12;7;7;7;4;3;2
2018-12-19 21:03:59;290;102;87;32;12;7;7;7;4;3;2
2018-12-19 21:04:59;290;102;87;32;12;7;7;7;4;3;2
2018-12-19 21:05:58;290;102;87;32;12;7;7;7;4;3;2
2018-12-19 21:06:59;290;102;87;32;12;7;7;7;4;3;2
2018-12-19 21:07:58;291;103;87;32;12;7;7;7;4;3;2
2018-12-19 21:08:59;291;103;87;32;12;7;7;7;4;3;2
2018-12-19 21:09:58;292;104;87;32;12;7;7;7;4;3;2
2018-12-19 21:10:59;294;104;88;32;13;7;7;7;4;3;2
2018-12-19 21:11:59;295;104;89;32;13;7;7;7;4;3;2
2018-12-19 21:12:58;298;106;90;32;13;7;7;7;4;3;2
2018-12-19 21:13:59;299;107;90;32;13;7;7;7;4;3;2
2018-12-19 21:15:00;301;109;90;32;13;7;7;7;4;3;2
2018-12-19 21:15:58;302;109;91;32;13;7;7;7;4;3;2
2018-12-19 21:16:59;303;110;91;32;13;7;7;7;4;3;2
2018-12-19 21:17:58;303;110;91;32;13;7;7;7;4;3;2
2018-12-19 21:18:59;303;110;91;32;13;7;7;7;4;3;2
2018-12-19 21:19:58;303;110;91;32;13;7;7;7;4;3;2
2018-12-19 21:20:59;303;110;91;32;13;7;7;7;4;3;2
2018-12-19 21:21:58;304;110;91;32;13;7;7;7;4;3;2
2018-12-19 21:22:59;305;110;92;32;13;7;7;7;4;3;2
2018-12-19 21:23:59;305;110;92;32;13;7;7;7;4;3;2
2018-12-19 21:24:58;305;110;92;32;13;7;7;7;4;3;2
2018-12-19 21:25:59;305;110;92;32;13;7;7;7;4;3;2
2018-12-19 21:26:59;305;110;92;32;13;7;7;7;4;3;2
2018-12-19 21:27:58;305;110;92;32;13;7;7;7;4;3;2
2018-12-19 21:28:59;307;111;93;32;13;7;7;7;4;3;2
2018-12-19 21:29:58;307;111;93;32;13;7;7;7;4;3;2
2018-12-19 21:30:59;307;111;93;32;13;7;7;7;4;3;2
2018-12-19 21:31:59;307;111;93;32;13;7;7;7;4;3;2
2018-12-19 21:32:58;307;111;93;32;13;7;7;7;4;3;2
2018-12-19 21:33:59;308;112;94;32;13;7;7;7;4;3;2
2018-12-19 21:34:59;308;112;94;32;13;7;7;7;4;3;2
2018-12-19 21:35:58;308;112;94;32;13;7;7;7;4;3;2
2018-12-19 21:36:59;308;112;94;32;13;7;7;7;4;3;2
2018-12-19 21:37:59;308;112;94;32;13;7;7;7;4;3;2
2018-12-19 21:38:58;308;112;94;32;13;7;7;7;4;3;2
2018-12-19 21:39:59;309;112;95;32;13;7;7;7;4;3;2
2018-12-19 21:40:58;309;112;95;32;13;7;7;7;4;3;2
2018-12-19 21:41:59;309;112;95;32;13;7;7;7;4;3;2
2018-12-19 21:42:59;309;112;95;32;13;7;7;7;4;3;2
2018-12-19 21:43:58;310;113;95;32;13;7;7;7;4;3;2
2018-12-19 21:44:59;310;113;95;32;13;7;7;7;4;3;2
2018-12-19 21:45:58;311;114;95;32;13;7;7;7;4;3;2
2018-12-19 21:46:59;312;115;95;32;13;7;7;7;4;3;2
2018-12-19 21:47:59;312;115;95;32;13;7;7;7;4;3;2
2018-12-19 21:48:58;312;115;95;32;13;7;7;7;4;3;2
2018-12-19 21:49:59;312;115;95;32;13;7;7;7;4;3;2
2018-12-19 21:50:58;312;115;95;32;13;7;7;7;4;3;2
2018-12-19 21:51:59;312;115;95;32;13;7;7;7;4;3;2
2018-12-19 21:52:58;312;115;95;32;13;7;7;7;4;3;2
2018-12-19 21:53:59;312;115;95;32;13;7;7;7;4;3;2
2018-12-19 21:54:59;312;115;95;32;13;7;7;7;4;3;2
2018-12-19 21:55:58;312;115;95;32;13;7;7;7;4;3;2
2018-12-19 21:56:59;312;115;95;32;13;7;7;7;4;3;2
2018-12-19 21:57:58;313;116;95;32;13;7;7;7;4;3;2
2018-12-19 21:58:59;314;117;95;32;13;7;7;7;4;3;2
2018-12-19 21:59:58;314;117;95;32;13;7;7;7;4;3;2
2018-12-19 22:00:59;315;117;95;33;13;7;7;7;4;3;2
2018-12-19 22:01:59;315;117;95;33;13;7;7;7;4;3;2
2018-12-19 22:02:58;315;117;95;33;13;7;7;7;4;3;2
2018-12-19 22:03:59;317;117;97;33;13;7;7;7;4;3;2
2018-12-19 22:04:59;317;117;97;33;13;7;7;7;4;3;2
2018-12-19 22:05:58;317;117;97;33;13;7;7;7;4;3;2
2018-12-19 22:06:59;317;117;97;33;13;7;7;7;4;3;2
2018-12-19 22:07:59;317;117;97;33;13;7;7;7;4;3;2
2018-12-19 22:08:58;317;117;97;33;13;7;7;7;4;3;2
2018-12-19 22:09:59;317;117;97;33;13;7;7;7;4;3;2
2018-12-19 22:10:59;318;118;97;33;13;7;7;7;4;3;2
2018-12-19 22:11:58;318;118;97;33;13;7;7;7;4;3;2
2018-12-19 22:12:59;318;118;97;33;13;7;7;7;4;3;2
2018-12-19 22:14:00;318;118;97;33;13;7;7;7;4;3;2
2018-12-19 22:14:58;319;118;98;33;13;7;7;7;4;3;2
2018-12-19 22:15:59;319;118;98;33;13;7;7;7;4;3;2
2018-12-19 22:16:58;321;119;98;33;13;8;7;7;4;3;2
2018-12-19 22:17:59;321;119;98;33;13;8;7;7;4;3;2
2018-12-19 22:18:59;321;119;98;33;13;8;7;7;4;3;2
2018-12-19 22:19:58;322;119;99;33;13;8;7;7;4;3;2
2018-12-19 22:20:59;322;119;99;33;13;8;7;7;4;3;2
2018-12-19 22:21:59;323;120;99;33;13;8;7;7;4;3;2
2018-12-19 22:22:58;323;120;99;33;13;8;7;7;4;3;2
2018-12-19 22:23:59;323;120;99;33;13;8;7;7;4;3;2
2018-12-19 22:24:59;323;120;99;33;13;8;7;7;4;3;2
2018-12-19 22:25:58;323;120;99;33;13;8;7;7;4;3;2
2018-12-19 22:26:59;323;120;99;33;13;8;7;7;4;3;2
2018-12-19 22:27:59;324;120;100;33;13;8;7;7;4;3;2
2018-12-19 22:28:58;326;121;102;33;13;8;7;6;4;3;2
2018-12-19 22:29:59;326;121;102;33;13;8;7;6;4;3;2
2018-12-19 22:30:59;326;121;102;33;13;8;7;6;4;3;2
2018-12-19 22:31:58;326;121;102;33;13;8;7;6;4;3;2
2018-12-19 22:32:59;326;121;102;33;13;8;7;6;4;3;2
2018-12-19 22:33:59;326;121;102;33;13;8;7;6;4;3;2
2018-12-19 22:34:58;326;121;102;33;13;8;7;6;4;3;2
2018-12-19 22:35:59;327;122;102;33;13;8;7;6;4;3;2
2018-12-19 22:36:58;328;123;102;33;13;8;7;6;4;3;2
2018-12-19 22:37:59;328;123;102;33;13;8;7;6;4;3;2
2018-12-19 22:38:59;328;123;102;33;13;8;7;6;4;3;2
2018-12-19 22:39:58;328;123;102;33;13;8;7;6;4;3;2
2018-12-19 22:40:59;328;123;102;33;13;8;7;6;4;3;2
2018-12-19 22:42:00;329;124;102;33;13;8;7;6;4;3;2
2018-12-19 22:42:58;329;124;102;33;13;8;7;6;4;3;2
2018-12-19 22:43:59;331;125;103;33;13;8;7;6;4;3;2
2018-12-19 22:44:58;332;126;103;33;13;8;7;6;4;3;2
2018-12-19 22:45:59;332;126;103;33;13;8;7;6;4;3;2
2018-12-19 22:46:59;332;126;103;33;13;8;7;6;4;3;2
2018-12-19 22:47:58;332;126;103;33;13;8;7;6;4;3;2
2018-12-19 22:48:59;332;126;103;33;13;8;7;6;4;3;2
2018-12-19 22:49:59;333;127;103;33;13;8;7;6;4;3;2
2018-12-19 22:50:58;333;127;103;33;13;8;7;6;4;3;2
2018-12-19 22:51:59;333;127;103;33;13;8;7;6;4;3;2
2018-12-19 22:52:59;333;127;103;33;13;8;7;6;4;3;2
2018-12-19 22:53:58;333;127;103;33;13;8;7;6;4;3;2
2018-12-19 22:54:59;333;127;103;33;13;8;7;6;4;3;2
2018-12-19 22:55:58;333;127;103;33;13;8;7;6;4;3;2
2018-12-19 22:56:59;333;127;103;33;13;8;7;6;4;3;2
2018-12-19 22:57:59;333;127;103;33;13;8;7;6;4;3;2
2018-12-19 22:58:58;334;127;103;33;13;9;7;6;4;3;2
2018-12-19 22:59:59;334;127;103;33;13;9;7;6;4;3;2
2018-12-19 23:00:59;335;128;103;33;13;9;7;6;4;3;2
2018-12-19 23:01:58;335;128;103;33;13;9;7;6;4;3;2
2018-12-19 23:02:59;336;129;103;33;13;9;7;6;4;3;2
2018-12-19 23:03:59;336;129;103;33;13;9;7;6;4;3;2
2018-12-19 23:04:58;336;129;103;33;13;9;7;6;4;3;2
2018-12-19 23:05:59;336;129;103;33;13;9;7;6;4;3;2
2018-12-19 23:07:00;336;129;103;33;13;9;7;6;4;3;2
2018-12-19 23:07:58;336;129;103;33;13;9;7;6;4;3;2
2018-12-19 23:08:59;336;129;103;33;13;9;7;6;4;3;2
2018-12-19 23:09:58;336;128;104;33;13;9;7;6;4;3;2
2018-12-19 23:10:59;336;128;104;33;13;9;7;6;4;3;2
2018-12-19 23:11:59;336;128;104;33;13;9;7;6;4;3;2
2018-12-19 23:12:58;336;128;104;33;13;9;7;6;4;3;2
2018-12-19 23:13:59;336;128;104;33;13;9;7;6;4;3;2
2018-12-19 23:14:58;336;128;104;33;13;9;7;6;4;3;2
2018-12-19 23:15:59;336;128;104;33;13;9;7;6;4;3;2
2018-12-19 23:16:59;337;129;104;33;13;9;7;6;4;3;2
2018-12-19 23:17:58;337;129;104;33;13;9;7;6;4;3;2
2018-12-19 23:18:59;337;129;104;33;13;9;7;6;4;3;2
2018-12-19 23:19:58;337;129;104;33;13;9;7;6;4;3;2
2018-12-19 23:20:59;337;129;104;33;13;9;7;6;4;3;2
2018-12-19 23:21:59;337;129;104;33;13;9;7;6;4;3;2
2018-12-19 23:22:58;338;130;104;33;13;9;7;6;4;3;2
2018-12-19 23:23:59;338;130;104;33;13;9;7;6;4;3;2
2018-12-19 23:24:58;339;131;104;33;13;9;7;6;4;3;2
2018-12-19 23:25:59;340;131;105;33;13;9;7;6;4;3;2
2018-12-19 23:26:59;341;132;105;33;13;9;7;6;4;3;2
2018-12-19 23:27:58;341;132;105;33;13;9;7;6;4;3;2
2018-12-19 23:28:59;342;133;105;33;13;9;7;6;4;3;2
2018-12-19 23:29:59;342;133;105;33;13;9;7;6;4;3;2
2018-12-19 23:30:58;343;134;105;33;13;9;7;6;4;3;2
2018-12-19 23:31:59;343;134;105;33;13;9;7;6;4;3;2
2018-12-19 23:32:59;344;134;106;33;13;9;7;6;4;3;2
2018-12-19 23:33:58;344;134;106;33;13;9;7;6;4;3;2
2018-12-19 23:34:59;344;134;106;33;13;9;7;6;4;3;2
2018-12-19 23:35:58;344;134;106;33;13;9;7;6;4;3;2
2018-12-19 23:36:59;344;134;106;33;13;9;7;6;4;3;2
2018-12-19 23:37:59;344;134;106;33;13;9;7;6;4;3;2
2018-12-19 23:38:58;343;134;105;33;13;9;7;6;4;3;2
2018-12-19 23:39:59;343;134;105;33;13;9;7;6;4;3;2
2018-12-19 23:40:59;343;133;106;33;13;9;7;6;4;3;2
2018-12-19 23:41:58;343;133;106;33;13;9;7;6;4;3;2
2018-12-19 23:42:59;343;132;107;33;13;9;7;6;4;3;2
2018-12-19 23:43:59;344;132;108;33;13;9;7;6;4;3;2
2018-12-19 23:44:58;344;132;108;33;13;9;7;6;4;3;2
2018-12-19 23:45:59;345;133;108;33;13;9;7;6;4;3;2
2018-12-19 23:46:59;345;133;108;33;13;9;7;6;4;3;2
2018-12-19 23:47:58;346;134;108;33;13;9;7;6;4;3;2
2018-12-19 23:48:59;346;134;108;33;13;9;7;6;4;3;2
2018-12-19 23:49:59;346;134;108;33;13;9;7;6;4;3;2
2018-12-19 23:50:58;346;134;108;33;13;9;7;6;4;3;2
2018-12-19 23:51:59;346;134;108;33;13;9;7;6;4;3;2
2018-12-19 23:52:58;346;134;108;33;13;9;7;6;4;3;2
2018-12-19 23:53:59;346;134;108;33;13;9;7;6;4;3;2
2018-12-19 23:54:59;346;134;108;33;13;9;7;6;4;3;2
2018-12-19 23:55:58;346;134;108;33;13;9;7;6;4;3;2
2018-12-19 23:56:59;346;134;108;33;13;9;7;6;4;3;2
2018-12-19 23:57:58;346;134;108;33;13;9;7;6;4;3;2
2018-12-19 23:58:59;346;134;108;33;13;9;7;6;4;3;2
2018-12-19 23:59:59;346;134;108;33;13;9;7;6;4;3;2
