datetime;total_votes;cofee;jovan;thaisia_b;NoEndOutcry;Trollero;cmapukocmankypum;voklo;asap;MishaPepyaka;Goinsane
2019-09-04 00:00:59;2;0;0;0;0;0;0;2;0;0;0
2019-09-04 00:01:58;3;0;0;0;0;0;0;2;0;0;0
2019-09-04 00:02:59;5;1;0;0;1;0;0;2;0;0;0
2019-09-04 00:03:58;6;1;0;0;1;0;0;2;0;0;0
2019-09-04 00:04:59;6;1;0;0;1;0;0;2;0;0;0
2019-09-04 00:05:59;7;1;0;0;1;0;0;3;0;0;0
2019-09-04 00:06:59;8;1;1;0;1;0;0;3;0;0;0
2019-09-04 00:07:58;9;1;1;0;1;1;0;3;0;0;0
2019-09-04 00:08:59;9;1;1;0;1;1;0;3;0;0;0
2019-09-04 00:09:59;9;1;1;0;1;1;0;3;0;0;0
2019-09-04 00:10:59;9;1;1;0;1;1;0;3;0;0;0
2019-09-04 00:11:58;9;1;1;0;1;1;0;3;0;0;0
2019-09-04 00:12:59;9;1;1;0;1;1;0;3;0;0;0
2019-09-04 00:13:59;9;1;1;0;1;1;0;3;0;0;0
2019-09-04 00:14:58;9;1;1;0;1;1;0;3;0;0;0
2019-09-04 00:15:59;10;1;1;0;1;1;0;3;0;0;0
2019-09-04 00:16:59;11;1;1;0;1;2;0;3;0;0;0
2019-09-04 00:17:59;11;1;1;0;1;2;0;3;0;0;0
2019-09-04 00:18:59;13;2;1;0;1;2;0;3;0;0;0
2019-09-04 00:19:58;13;2;1;0;1;2;0;3;0;0;0
2019-09-04 00:20:59;13;2;1;0;1;2;0;3;0;0;0
2019-09-04 00:21:59;13;2;1;0;1;2;0;3;0;0;0
2019-09-04 00:22:59;14;2;1;0;1;2;0;3;0;0;0
2019-09-04 00:23:58;14;2;1;0;1;2;0;3;0;0;0
2019-09-04 00:24:59;14;2;1;0;1;2;0;3;0;0;0
2019-09-04 00:25:59;14;2;1;0;1;2;0;3;0;0;0
2019-09-04 00:26:58;14;2;1;0;1;2;0;3;0;0;0
2019-09-04 00:27:59;14;2;1;0;1;2;0;3;0;0;0
2019-09-04 00:28:59;14;2;1;0;1;2;0;3;0;0;0
2019-09-04 00:29:59;14;2;1;0;1;2;0;3;0;0;0
2019-09-04 00:30:58;14;2;1;0;1;2;0;3;0;0;0
2019-09-04 00:31:59;14;2;1;0;1;2;0;3;0;0;0
2019-09-04 00:32:59;14;2;1;0;1;2;0;3;0;0;0
2019-09-04 00:33:59;14;2;1;0;1;2;0;3;0;0;0
2019-09-04 00:34:58;15;2;1;0;1;2;0;3;0;0;0
2019-09-04 00:35:59;15;2;1;0;1;2;0;3;0;0;0
2019-09-04 00:36:59;15;2;1;0;1;2;0;3;0;0;0
2019-09-04 00:37:59;15;2;1;0;1;2;0;3;0;0;0
2019-09-04 00:38:58;15;2;1;0;1;2;0;3;0;0;0
2019-09-04 00:39:59;15;2;1;0;1;2;0;3;0;0;0
2019-09-04 00:40:59;15;2;1;0;1;2;0;3;0;0;0
2019-09-04 00:41:58;15;2;1;0;1;2;0;3;0;0;0
2019-09-04 00:42:59;15;2;1;0;1;2;0;3;0;0;0
2019-09-04 00:43:59;15;2;1;0;1;2;0;3;0;0;0
2019-09-04 00:45:00;15;2;1;0;1;2;0;3;0;0;0
2019-09-04 00:45:58;16;2;2;0;1;2;0;3;0;0;0
2019-09-04 00:46:59;17;2;2;1;1;2;0;3;0;0;0
2019-09-04 00:47:58;17;2;2;1;1;2;0;3;0;0;0
2019-09-04 00:48:59;17;2;2;1;1;2;0;3;0;0;0
2019-09-04 00:49:59;17;2;2;1;1;2;0;3;0;0;0
2019-09-04 00:50:58;17;2;2;1;1;2;0;3;0;0;0
2019-09-04 00:51:59;17;2;2;1;1;2;0;3;0;0;0
2019-09-04 00:52:59;17;2;2;1;1;2;0;3;0;0;0
2019-09-04 00:53:59;17;2;2;1;1;2;0;3;0;0;0
2019-09-04 00:54:59;18;2;2;1;2;2;0;3;0;0;0
2019-09-04 00:55:58;18;2;2;1;2;2;0;3;0;0;0
2019-09-04 00:56:59;18;2;2;1;2;2;0;3;0;0;0
2019-09-04 00:57:59;18;2;2;1;2;2;0;3;0;0;0
2019-09-04 00:58:58;18;2;2;1;2;2;0;3;0;0;0
2019-09-04 00:59:59;18;2;2;1;2;2;0;3;0;0;0
2019-09-04 01:00:59;18;2;2;1;2;2;0;3;0;0;0
2019-09-04 01:01:59;18;2;2;1;2;2;0;3;0;0;0
2019-09-04 01:02:58;18;2;2;1;2;2;0;3;0;0;0
2019-09-04 01:03:59;18;2;2;1;2;2;0;3;0;0;0
2019-09-04 01:04:59;18;2;2;1;2;2;0;3;0;0;0
2019-09-04 01:05:59;18;2;2;1;2;2;0;3;0;0;0
2019-09-04 01:06:58;18;2;2;1;2;2;0;3;0;0;0
2019-09-04 01:07:59;18;2;2;1;2;2;0;3;0;0;0
2019-09-04 01:08:59;18;2;2;1;2;2;0;3;0;0;0
2019-09-04 01:09:59;18;2;2;1;2;2;0;3;0;0;0
2019-09-04 01:10:58;19;2;2;1;3;2;0;3;0;0;0
2019-09-04 01:11:59;19;2;2;1;3;2;0;3;0;0;0
2019-09-04 01:12:59;20;2;2;1;4;2;0;3;0;0;0
2019-09-04 01:13:59;20;2;2;1;4;2;0;3;0;0;0
2019-09-04 01:14:58;20;2;2;1;4;2;0;3;0;0;0
2019-09-04 01:15:59;20;2;2;1;4;2;0;3;0;0;0
2019-09-04 01:16:59;20;2;2;1;4;2;0;3;0;0;0
2019-09-04 01:17:58;20;2;2;1;4;2;0;3;0;0;0
2019-09-04 01:18:59;20;2;2;1;4;2;0;3;0;0;0
2019-09-04 01:19:59;20;2;2;1;4;2;0;3;0;0;0
2019-09-04 01:20:59;20;2;2;1;4;2;0;3;0;0;0
2019-09-04 01:21:58;20;2;2;1;4;2;0;3;0;0;0
2019-09-04 01:22:59;20;2;2;1;4;2;0;3;0;0;0
2019-09-04 01:23:59;20;2;2;1;4;2;0;3;0;0;0
2019-09-04 01:24:58;20;2;2;1;4;2;0;3;0;0;0
2019-09-04 01:25:59;20;2;2;1;4;2;0;3;0;0;0
2019-09-04 01:26:59;20;2;2;1;4;2;0;3;0;0;0
2019-09-04 01:27:58;21;2;2;2;4;2;0;3;0;0;0
2019-09-04 01:28:59;21;2;2;2;4;2;0;3;0;0;0
2019-09-04 01:29:59;21;2;2;2;4;2;0;3;0;0;0
2019-09-04 01:30:58;21;2;2;2;4;2;0;3;0;0;0
2019-09-04 01:31:59;21;2;2;2;4;2;0;3;0;0;0
2019-09-04 01:32:59;21;2;2;2;4;2;0;3;0;0;0
2019-09-04 01:33:59;21;2;2;2;4;2;0;3;0;0;0
2019-09-04 01:34:58;21;2;2;2;4;2;0;3;0;0;0
2019-09-04 01:35:59;21;2;2;2;4;2;0;3;0;0;0
2019-09-04 01:36:59;21;2;2;2;4;2;0;3;0;0;0
2019-09-04 01:37:59;21;2;2;2;4;2;0;3;0;0;0
2019-09-04 01:38:58;21;2;2;2;4;2;0;3;0;0;0
2019-09-04 01:39:59;22;2;2;2;5;2;0;3;0;0;0
2019-09-04 01:40:59;22;2;2;2;5;2;0;3;0;0;0
2019-09-04 01:41:58;22;2;2;2;5;2;0;3;0;0;0
2019-09-04 01:42:59;22;2;2;2;5;2;0;3;0;0;0
2019-09-04 01:43:59;22;2;2;2;5;2;0;3;0;0;0
2019-09-04 01:44:59;22;2;2;2;5;2;0;3;0;0;0
2019-09-04 01:45:58;22;2;2;2;5;2;0;3;0;0;0
2019-09-04 01:46:59;22;2;2;2;5;2;0;3;0;0;0
2019-09-04 01:47:59;22;2;2;2;5;2;0;3;0;0;0
2019-09-04 01:48:59;23;3;2;2;5;2;0;3;0;0;0
2019-09-04 01:49:58;23;3;2;2;5;2;0;3;0;0;0
2019-09-04 01:50:59;23;3;2;2;5;2;0;3;0;0;0
2019-09-04 01:51:59;23;3;2;2;5;2;0;3;0;0;0
2019-09-04 01:52:58;24;3;3;2;5;2;0;3;0;0;0
2019-09-04 01:53:59;24;3;3;2;5;2;0;3;0;0;0
2019-09-04 01:54:59;24;3;3;2;5;2;0;3;0;0;0
2019-09-04 01:55:58;24;3;3;2;5;2;0;3;0;0;0
2019-09-04 01:56:59;24;3;3;2;5;2;0;3;0;0;0
2019-09-04 01:57:59;24;3;3;2;5;2;0;3;0;0;0
2019-09-04 01:58:59;24;3;3;2;5;2;0;3;0;0;0
2019-09-04 01:59:59;25;3;3;3;5;2;0;3;0;0;0
2019-09-04 02:00:58;25;3;3;3;5;2;0;3;0;0;0
2019-09-04 02:01:59;25;3;3;3;5;2;0;3;0;0;0
2019-09-04 02:02:59;25;3;3;3;5;2;0;3;0;0;0
2019-09-04 02:03:59;25;3;3;3;5;2;0;3;0;0;0
2019-09-04 02:04:58;25;3;3;3;5;2;0;3;0;0;0
2019-09-04 02:05:59;25;3;3;3;5;2;0;3;0;0;0
2019-09-04 02:06:59;25;3;3;3;5;2;0;3;0;0;0
2019-09-04 02:07:58;26;3;3;4;5;2;0;3;0;0;0
2019-09-04 02:08:59;27;3;3;5;5;2;0;3;0;0;0
2019-09-04 02:09:59;27;3;3;5;5;2;0;3;0;0;0
2019-09-04 02:10:59;27;3;3;5;5;2;0;3;0;0;0
2019-09-04 02:11:58;27;3;3;5;5;2;0;3;0;0;0
2019-09-04 02:12:59;27;3;3;5;5;2;0;3;0;0;0
2019-09-04 02:13:59;27;3;3;5;5;2;0;3;0;0;0
2019-09-04 02:14:59;27;3;3;5;5;2;0;3;0;0;0
2019-09-04 02:15:58;27;3;3;5;5;2;0;3;0;0;0
2019-09-04 02:16:59;27;3;3;5;5;2;0;3;0;0;0
2019-09-04 02:17:59;27;3;3;5;5;2;0;3;0;0;0
2019-09-04 02:18:58;27;3;3;5;5;2;0;3;0;0;0
2019-09-04 02:19:59;27;3;3;5;5;2;0;3;0;0;0
2019-09-04 02:20:59;27;3;3;5;5;2;0;3;0;0;0
2019-09-04 02:21:59;27;3;3;5;5;2;0;3;0;0;0
2019-09-04 02:22:58;27;3;3;5;5;2;0;3;0;0;0
2019-09-04 02:23:59;27;3;3;5;5;2;0;3;0;0;0
2019-09-04 02:24:59;27;3;3;5;5;2;0;3;0;0;0
2019-09-04 02:25:58;27;3;3;5;5;2;0;3;0;0;0
2019-09-04 02:26:59;27;3;3;5;5;2;0;3;0;0;0
2019-09-04 02:27:59;27;3;3;5;5;2;0;3;0;0;0
2019-09-04 02:28:59;27;3;3;5;5;2;0;3;0;0;0
2019-09-04 02:29:58;27;3;3;5;5;2;0;3;0;0;0
2019-09-04 02:30:59;27;3;3;5;5;2;0;3;0;0;0
2019-09-04 02:31:59;27;3;3;5;5;2;0;3;0;0;0
2019-09-04 02:32:59;27;3;3;5;5;2;0;3;0;0;0
2019-09-04 02:33:58;27;3;3;5;5;2;0;3;0;0;0
2019-09-04 02:34:59;27;3;3;5;5;2;0;3;0;0;0
2019-09-04 02:35:59;27;3;3;5;5;2;0;3;0;0;0
2019-09-04 02:36:58;27;3;3;5;5;2;0;3;0;0;0
2019-09-04 02:37:59;27;3;3;5;5;2;0;3;0;0;0
2019-09-04 02:38:59;27;3;3;5;5;2;0;3;0;0;0
2019-09-04 02:39:59;27;3;3;5;5;2;0;3;0;0;0
2019-09-04 02:40:58;27;3;3;5;5;2;0;3;0;0;0
2019-09-04 02:41:59;27;3;3;5;5;2;0;3;0;0;0
2019-09-04 02:42:59;27;3;3;5;5;2;0;3;0;0;0
2019-09-04 02:43:58;27;3;3;5;5;2;0;3;0;0;0
2019-09-04 02:44:59;27;3;3;5;5;2;0;3;0;0;0
2019-09-04 02:45:59;27;3;3;5;5;2;0;3;0;0;0
2019-09-04 02:46:59;27;3;3;5;5;2;0;3;0;0;0
2019-09-04 02:47:58;27;3;3;5;5;2;0;3;0;0;0
2019-09-04 02:48:59;27;3;3;5;5;2;0;3;0;0;0
2019-09-04 02:49:59;27;3;3;5;5;2;0;3;0;0;0
2019-09-04 02:50:58;27;3;3;5;5;2;0;3;0;0;0
2019-09-04 02:51:59;27;3;3;5;5;2;0;3;0;0;0
2019-09-04 02:52:59;27;3;3;5;5;2;0;3;0;0;0
2019-09-04 02:53:59;27;3;3;5;5;2;0;3;0;0;0
2019-09-04 02:54:58;27;3;3;5;5;2;0;3;0;0;0
2019-09-04 02:55:59;27;3;3;5;5;2;0;3;0;0;0
2019-09-04 02:56:59;27;3;3;5;5;2;0;3;0;0;0
2019-09-04 02:57:58;27;3;3;5;5;2;0;3;0;0;0
2019-09-04 02:58:59;27;3;3;5;5;2;0;3;0;0;0
2019-09-04 02:59:59;27;3;3;5;5;2;0;3;0;0;0
2019-09-04 03:00:59;27;3;3;5;5;2;0;3;0;0;0
2019-09-04 03:01:58;27;3;3;5;5;2;0;3;0;0;0
2019-09-04 03:02:59;27;3;3;5;5;2;0;3;0;0;0
2019-09-04 03:03:59;27;3;3;5;5;2;0;3;0;0;0
2019-09-04 03:04:58;27;3;3;5;5;2;0;3;0;0;0
2019-09-04 03:05:59;27;3;3;5;5;2;0;3;0;0;0
2019-09-04 03:06:59;27;3;3;5;5;2;0;3;0;0;0
2019-09-04 03:07:59;27;3;3;5;5;2;0;3;0;0;0
2019-09-04 03:08:58;27;3;3;5;5;2;0;3;0;0;0
2019-09-04 03:09:59;28;3;3;5;5;2;0;3;0;0;0
2019-09-04 03:10:59;28;3;3;5;5;2;0;3;0;0;0
2019-09-04 03:11:58;29;3;3;5;5;2;1;3;0;0;0
2019-09-04 03:12:59;29;3;3;5;5;2;1;3;0;0;0
2019-09-04 03:13:59;29;3;3;5;5;2;1;3;0;0;0
2019-09-04 03:14:59;29;3;3;5;5;2;1;3;0;0;0
2019-09-04 03:15:58;29;3;3;5;5;2;1;3;0;0;0
2019-09-04 03:16:59;29;3;3;5;5;2;1;3;0;0;0
2019-09-04 03:17:59;29;3;3;5;5;2;1;3;0;0;0
2019-09-04 03:18:59;30;3;3;5;5;2;1;3;0;0;1
2019-09-04 03:19:58;30;3;3;5;5;2;1;3;0;0;1
2019-09-04 03:20:59;30;3;3;5;5;2;1;3;0;0;1
2019-09-04 03:21:59;30;3;3;5;5;2;1;3;0;0;1
2019-09-04 03:22:59;30;3;3;5;5;2;1;3;0;0;1
2019-09-04 03:23:58;30;3;3;5;5;2;1;3;0;0;1
2019-09-04 03:24:59;30;3;3;5;5;2;1;3;0;0;1
2019-09-04 03:25:59;30;3;3;5;5;2;1;3;0;0;1
2019-09-04 03:26:59;30;3;3;5;5;2;1;3;0;0;1
2019-09-04 03:27:58;30;3;3;5;5;2;1;3;0;0;1
2019-09-04 03:28:59;30;3;3;5;5;2;1;3;0;0;1
2019-09-04 03:29:58;30;3;3;5;5;2;1;3;0;0;1
2019-09-04 03:30:59;30;3;3;5;5;2;1;3;0;0;1
2019-09-04 03:31:59;30;3;3;5;5;2;1;3;0;0;1
2019-09-04 03:32:58;30;3;3;5;5;2;1;3;0;0;1
2019-09-04 03:33:59;30;3;3;5;5;2;1;3;0;0;1
2019-09-04 03:34:59;30;3;3;5;5;2;1;3;0;0;1
2019-09-04 03:35:58;30;3;3;5;5;2;1;3;0;0;1
2019-09-04 03:36:59;30;3;3;5;5;2;1;3;0;0;1
2019-09-04 03:37:59;30;3;3;5;5;2;1;3;0;0;1
2019-09-04 03:38:59;30;3;3;5;5;2;1;3;0;0;1
2019-09-04 03:39:58;30;3;3;5;5;2;1;3;0;0;1
2019-09-04 03:40:59;30;3;3;5;5;2;1;3;0;0;1
2019-09-04 03:41:59;30;3;3;5;5;2;1;3;0;0;1
2019-09-04 03:42:58;30;3;3;5;5;2;1;3;0;0;1
2019-09-04 03:43:59;30;3;3;5;5;2;1;3;0;0;1
2019-09-04 03:44:59;30;3;3;5;5;2;1;3;0;0;1
2019-09-04 03:45:58;30;3;3;5;5;2;1;3;0;0;1
2019-09-04 03:46:59;30;3;3;5;5;2;1;3;0;0;1
2019-09-04 03:47:59;30;3;3;5;5;2;1;3;0;0;1
2019-09-04 03:48:58;30;3;3;5;5;2;1;3;0;0;1
2019-09-04 03:49:59;30;3;3;5;5;2;1;3;0;0;1
2019-09-04 03:50:59;30;3;3;5;5;2;1;3;0;0;1
2019-09-04 03:51:59;30;3;3;5;5;2;1;3;0;0;1
2019-09-04 03:52:58;30;3;3;5;5;2;1;3;0;0;1
2019-09-04 03:53:59;30;3;3;5;5;2;1;3;0;0;1
2019-09-04 03:54:59;30;3;3;5;5;2;1;3;0;0;1
2019-09-04 03:55:59;30;3;3;5;5;2;1;3;0;0;1
2019-09-04 03:56:58;30;3;3;5;5;2;1;3;0;0;1
2019-09-04 03:57:59;30;3;3;5;5;2;1;3;0;0;1
2019-09-04 03:58:59;30;3;3;5;5;2;1;3;0;0;1
2019-09-04 03:59:58;30;3;3;5;5;2;1;3;0;0;1
2019-09-04 04:00:59;30;3;3;5;5;2;1;3;0;0;1
2019-09-04 04:01:59;30;3;3;5;5;2;1;3;0;0;1
2019-09-04 04:02:59;30;3;3;5;5;2;1;3;0;0;1
2019-09-04 04:04:00;30;3;3;5;5;2;1;3;0;0;1
2019-09-04 04:04:58;30;3;3;5;5;2;1;3;0;0;1
2019-09-04 04:05:59;30;3;3;5;5;2;1;3;0;0;1
2019-09-04 04:06:59;30;3;3;5;5;2;1;3;0;0;1
2019-09-04 04:07:58;30;3;3;5;5;2;1;3;0;0;1
2019-09-04 04:08:59;30;3;3;5;5;2;1;3;0;0;1
2019-09-04 04:09:59;30;3;3;5;5;2;1;3;0;0;1
2019-09-04 04:10:58;30;3;3;5;5;2;1;3;0;0;1
2019-09-04 04:11:59;30;3;3;5;5;2;1;3;0;0;1
2019-09-04 04:12:59;30;3;3;5;5;2;1;3;0;0;1
2019-09-04 04:13:59;30;3;3;5;5;2;1;3;0;0;1
2019-09-04 04:15:00;30;3;3;5;5;2;1;3;0;0;1
2019-09-04 04:15:58;30;3;3;5;5;2;1;3;0;0;1
2019-09-04 04:16:59;30;3;3;5;5;2;1;3;0;0;1
2019-09-04 04:17:59;30;3;3;5;5;2;1;3;0;0;1
2019-09-04 04:18:58;30;3;3;5;5;2;1;3;0;0;1
2019-09-04 04:19:59;30;3;3;5;5;2;1;3;0;0;1
2019-09-04 04:20:59;30;3;3;5;5;2;1;3;0;0;1
2019-09-04 04:21:58;30;3;3;5;5;2;1;3;0;0;1
2019-09-04 04:22:59;30;3;3;5;5;2;1;3;0;0;1
2019-09-04 04:23:59;30;3;3;5;5;2;1;3;0;0;1
2019-09-04 04:24:58;30;3;3;5;5;2;1;3;0;0;1
2019-09-04 04:25:59;30;3;3;5;5;2;1;3;0;0;1
2019-09-04 04:26:59;30;3;3;5;5;2;1;3;0;0;1
2019-09-04 04:27:58;30;3;3;5;5;2;1;3;0;0;1
2019-09-04 04:28:59;31;4;3;5;5;2;1;3;0;0;1
2019-09-04 04:29:59;31;4;3;5;5;2;1;3;0;0;1
2019-09-04 04:30:58;31;4;3;5;5;2;1;3;0;0;1
2019-09-04 04:31:59;31;4;3;5;5;2;1;3;0;0;1
2019-09-04 04:32:59;31;4;3;5;5;2;1;3;0;0;1
2019-09-04 04:33:59;31;4;3;5;5;2;1;3;0;0;1
2019-09-04 04:34:58;31;4;3;5;5;2;1;3;0;0;1
2019-09-04 04:35:59;31;4;3;5;5;2;1;3;0;0;1
2019-09-04 04:36:59;31;4;3;5;5;2;1;3;0;0;1
2019-09-04 04:37:59;31;4;3;5;5;2;1;3;0;0;1
2019-09-04 04:38:58;31;4;3;5;5;2;1;3;0;0;1
2019-09-04 04:39:59;31;4;3;5;5;2;1;3;0;0;1
2019-09-04 04:40:59;31;4;3;5;5;2;1;3;0;0;1
2019-09-04 04:41:58;31;4;3;5;5;2;1;3;0;0;1
2019-09-04 04:42:59;31;4;3;5;5;2;1;3;0;0;1
2019-09-04 04:43:59;31;4;3;5;5;2;1;3;0;0;1
2019-09-04 04:44:59;31;4;3;5;5;2;1;3;0;0;1
2019-09-04 04:45:58;31;4;3;5;5;2;1;3;0;0;1
2019-09-04 04:46:59;31;4;3;5;5;2;1;3;0;0;1
2019-09-04 04:47:59;31;4;3;5;5;2;1;3;0;0;1
2019-09-04 04:48:59;31;4;3;5;5;2;1;3;0;0;1
2019-09-04 04:49:58;31;4;3;5;5;2;1;3;0;0;1
2019-09-04 04:50:59;31;4;3;5;5;2;1;3;0;0;1
2019-09-04 04:51:59;31;4;3;5;5;2;1;3;0;0;1
2019-09-04 04:52:58;31;4;3;5;5;2;1;3;0;0;1
2019-09-04 04:53:59;31;4;3;5;5;2;1;3;0;0;1
2019-09-04 04:54:59;31;4;3;5;5;2;1;3;0;0;1
2019-09-04 04:55:59;31;4;3;5;5;2;1;3;0;0;1
2019-09-04 04:56:58;31;4;3;5;5;2;1;3;0;0;1
2019-09-04 04:57:59;31;4;3;5;5;2;1;3;0;0;1
2019-09-04 04:58:59;31;4;3;5;5;2;1;3;0;0;1
2019-09-04 04:59:58;31;4;3;5;5;2;1;3;0;0;1
2019-09-04 05:00:59;31;4;3;5;5;2;1;3;0;0;1
2019-09-04 05:01:59;31;4;3;5;5;2;1;3;0;0;1
2019-09-04 05:02:59;31;4;3;5;5;2;1;3;0;0;1
2019-09-04 05:03:58;31;4;3;5;5;2;1;3;0;0;1
2019-09-04 05:04:59;31;4;3;5;5;2;1;3;0;0;1
2019-09-04 05:05:59;31;4;3;5;5;2;1;3;0;0;1
2019-09-04 05:06:59;31;4;3;5;5;2;1;3;0;0;1
2019-09-04 05:07:58;31;4;3;5;5;2;1;3;0;0;1
2019-09-04 05:08:59;31;4;3;5;5;2;1;3;0;0;1
2019-09-04 05:09:59;31;4;3;5;5;2;1;3;0;0;1
2019-09-04 05:10:58;31;4;3;5;5;2;1;3;0;0;1
2019-09-04 05:11:59;31;4;3;5;5;2;1;3;0;0;1
2019-09-04 05:12:59;31;4;3;5;5;2;1;3;0;0;1
2019-09-04 05:13:58;31;4;3;5;5;2;1;3;0;0;1
2019-09-04 05:14:59;31;4;3;5;5;2;1;3;0;0;1
2019-09-04 05:15:59;31;4;3;5;5;2;1;3;0;0;1
2019-09-04 05:16:59;31;4;3;5;5;2;1;3;0;0;1
2019-09-04 05:17:58;32;4;3;6;5;2;1;3;0;0;1
2019-09-04 05:18:59;32;4;3;6;5;2;1;3;0;0;1
2019-09-04 05:19:59;32;4;3;6;5;2;1;3;0;0;1
2019-09-04 05:20:59;32;4;3;6;5;2;1;3;0;0;1
2019-09-04 05:21:58;32;4;3;6;5;2;1;3;0;0;1
2019-09-04 05:22:59;32;4;3;6;5;2;1;3;0;0;1
2019-09-04 05:23:58;32;4;3;6;5;2;1;3;0;0;1
2019-09-04 05:24:59;32;4;3;6;5;2;1;3;0;0;1
2019-09-04 05:25:59;32;4;3;6;5;2;1;3;0;0;1
2019-09-04 05:26:58;32;4;3;6;5;2;1;3;0;0;1
2019-09-04 05:27:59;32;4;3;6;5;2;1;3;0;0;1
2019-09-04 05:28:59;32;4;3;6;5;2;1;3;0;0;1
2019-09-04 05:29:59;32;4;3;6;5;2;1;3;0;0;1
2019-09-04 05:30:58;32;4;3;6;5;2;1;3;0;0;1
2019-09-04 05:31:59;32;4;3;6;5;2;1;3;0;0;1
2019-09-04 05:32:59;32;4;3;6;5;2;1;3;0;0;1
2019-09-04 05:33:59;32;4;3;6;5;2;1;3;0;0;1
2019-09-04 05:34:58;32;4;3;6;5;2;1;3;0;0;1
2019-09-04 05:35:59;32;4;3;6;5;2;1;3;0;0;1
2019-09-04 05:36:59;32;4;3;6;5;2;1;3;0;0;1
2019-09-04 05:37:59;33;4;3;7;5;2;1;3;0;0;1
2019-09-04 05:38:58;33;4;3;7;5;2;1;3;0;0;1
2019-09-04 05:39:59;33;4;3;7;5;2;1;3;0;0;1
2019-09-04 05:40:59;33;4;3;7;5;2;1;3;0;0;1
2019-09-04 05:41:58;34;4;3;7;6;2;1;3;0;0;1
2019-09-04 05:42:59;34;4;3;7;6;2;1;3;0;0;1
2019-09-04 05:43:59;34;4;3;7;6;2;1;3;0;0;1
2019-09-04 05:44:58;34;4;3;7;6;2;1;3;0;0;1
2019-09-04 05:45:59;34;4;3;7;6;2;1;3;0;0;1
2019-09-04 05:46:59;34;4;3;7;6;2;1;3;0;0;1
2019-09-04 05:47:58;34;4;3;7;6;2;1;3;0;0;1
2019-09-04 05:48:59;34;4;3;7;6;2;1;3;0;0;1
2019-09-04 05:49:59;34;4;3;7;6;2;1;3;0;0;1
2019-09-04 05:50:59;35;4;3;8;6;2;1;3;0;0;1
2019-09-04 05:51:58;35;4;3;8;6;2;1;3;0;0;1
2019-09-04 05:52:59;35;4;3;8;6;2;1;3;0;0;1
2019-09-04 05:53:59;35;4;3;8;6;2;1;3;0;0;1
2019-09-04 05:54:59;35;4;3;8;6;2;1;3;0;0;1
2019-09-04 05:55:58;35;4;3;8;6;2;1;3;0;0;1
2019-09-04 05:56:59;35;4;3;8;6;2;1;3;0;0;1
2019-09-04 05:57:59;35;4;3;8;6;2;1;3;0;0;1
2019-09-04 05:58:58;35;4;3;8;6;2;1;3;0;0;1
2019-09-04 06:03:00;35;4;3;8;6;2;1;3;0;0;1
2019-09-04 06:03:59;35;4;3;8;6;2;1;3;0;0;1
2019-09-04 06:04:59;35;4;3;8;6;2;1;3;0;0;1
2019-09-04 06:05:59;35;4;3;8;6;2;1;3;0;0;1
2019-09-04 06:06:58;35;4;3;8;6;2;1;3;0;0;1
2019-09-04 06:07:59;35;4;3;8;6;2;1;3;0;0;1
2019-09-04 06:08:59;35;4;3;8;6;2;1;3;0;0;1
2019-09-04 06:09:59;35;4;3;8;6;2;1;3;0;0;1
2019-09-04 06:10:58;35;4;3;8;6;2;1;3;0;0;1
2019-09-04 06:11:59;35;4;3;8;6;2;1;3;0;0;1
2019-09-04 06:12:59;36;4;3;8;6;2;1;3;0;0;1
2019-09-04 06:13:59;36;4;3;8;6;2;1;3;0;0;1
2019-09-04 06:14:58;36;4;3;8;6;2;1;3;0;0;1
2019-09-04 06:15:59;36;4;3;8;6;2;1;3;0;0;1
2019-09-04 06:16:59;36;4;3;8;6;2;1;3;0;0;1
2019-09-04 06:17:58;36;4;3;8;6;2;1;3;0;0;1
2019-09-04 06:18:59;36;4;3;8;6;2;1;3;0;0;1
2019-09-04 06:19:59;36;4;3;8;6;2;1;3;0;0;1
2019-09-04 06:20:59;36;4;3;8;6;2;1;3;0;0;1
2019-09-04 06:21:58;36;4;3;8;6;2;1;3;0;0;1
2019-09-04 06:22:59;36;4;3;8;6;2;1;3;0;0;1
2019-09-04 06:23:58;36;4;3;8;6;2;1;3;0;0;1
2019-09-04 06:24:59;36;4;3;8;6;2;1;3;0;0;1
2019-09-04 06:25:59;36;4;3;8;6;2;1;3;0;0;1
2019-09-04 06:26:59;36;4;3;8;6;2;1;3;0;0;1
2019-09-04 06:27:58;36;4;3;8;6;2;1;3;0;0;1
2019-09-04 06:28:59;36;4;3;8;6;2;1;3;0;0;1
2019-09-04 06:29:59;36;4;3;8;6;2;1;3;0;0;1
2019-09-04 06:30:59;36;4;3;8;6;2;1;3;0;0;1
2019-09-04 06:31:58;37;4;4;8;6;2;1;3;0;0;1
2019-09-04 06:32:59;37;4;4;8;6;2;1;3;0;0;1
2019-09-04 06:33:59;37;4;4;8;6;2;1;3;0;0;1
2019-09-04 06:34:58;37;4;4;8;6;2;1;3;0;0;1
2019-09-04 06:35:59;37;4;4;8;6;2;1;3;0;0;1
2019-09-04 06:36:59;37;4;4;8;6;2;1;3;0;0;1
2019-09-04 06:37:58;37;4;4;8;6;2;1;3;0;0;1
2019-09-04 06:38:59;37;4;4;8;6;2;1;3;0;0;1
2019-09-04 06:39:59;37;4;4;8;6;2;1;3;0;0;1
2019-09-04 06:40:58;37;4;4;8;6;2;1;3;0;0;1
2019-09-04 06:41:59;37;4;4;8;6;2;1;3;0;0;1
2019-09-04 06:42:59;37;4;4;8;6;2;1;3;0;0;1
2019-09-04 06:43:59;37;4;4;8;6;2;1;3;0;0;1
2019-09-04 06:44:58;37;4;4;8;6;2;1;3;0;0;1
2019-09-04 06:45:59;37;4;4;8;6;2;1;3;0;0;1
2019-09-04 06:46:59;37;4;4;8;6;2;1;3;0;0;1
2019-09-04 06:47:59;37;4;4;8;6;2;1;3;0;0;1
2019-09-04 06:48:58;37;4;4;8;6;2;1;3;0;0;1
2019-09-04 06:49:59;37;4;4;8;6;2;1;3;0;0;1
2019-09-04 06:50:59;37;4;4;8;6;2;1;3;0;0;1
2019-09-04 06:51:59;37;4;4;8;6;2;1;3;0;0;1
2019-09-04 06:52:58;37;4;4;8;6;2;1;3;0;0;1
2019-09-04 06:53:59;37;4;4;8;6;2;1;3;0;0;1
2019-09-04 06:54:59;37;4;4;8;6;2;1;3;0;0;1
2019-09-04 06:55:58;37;4;4;8;6;2;1;3;0;0;1
2019-09-04 06:56:59;37;4;4;8;6;2;1;3;0;0;1
2019-09-04 06:57:59;37;4;4;8;6;2;1;3;0;0;1
2019-09-04 06:58:59;37;4;4;8;6;2;1;3;0;0;1
2019-09-04 06:59:58;37;4;4;8;6;2;1;3;0;0;1
2019-09-04 07:00:59;37;4;4;8;6;2;1;3;0;0;1
2019-09-04 07:01:59;37;4;4;8;6;2;1;3;0;0;1
2019-09-04 07:02:58;37;4;4;8;6;2;1;3;0;0;1
2019-09-04 07:03:59;38;4;4;8;6;2;2;3;0;0;1
2019-09-04 07:04:59;38;4;4;8;6;2;2;3;0;0;1
2019-09-04 07:05:59;38;4;4;8;6;2;2;3;0;0;1
2019-09-04 07:06:58;38;4;4;8;6;2;2;3;0;0;1
2019-09-04 07:07:59;38;4;4;8;6;2;2;3;0;0;1
2019-09-04 07:08:59;38;4;4;8;6;2;2;3;0;0;1
2019-09-04 07:09:59;38;4;4;8;6;2;2;3;0;0;1
2019-09-04 07:10:58;38;4;4;8;6;2;2;3;0;0;1
2019-09-04 07:11:59;38;4;4;8;6;2;2;3;0;0;1
2019-09-04 07:12:59;39;5;4;8;6;2;2;3;0;0;1
2019-09-04 07:13:59;40;5;4;8;6;2;2;3;1;0;1
2019-09-04 07:14:58;41;5;4;8;6;2;2;3;2;0;1
2019-09-04 07:15:59;41;5;4;8;6;2;2;3;2;0;1
2019-09-04 07:16:59;41;5;4;8;6;2;2;3;2;0;1
2019-09-04 07:17:59;41;5;4;8;6;2;2;3;2;0;1
2019-09-04 07:18:58;41;5;4;8;6;2;2;3;2;0;1
2019-09-04 07:19:59;41;5;4;8;6;2;2;3;2;0;1
2019-09-04 07:20:59;41;5;4;8;6;2;2;3;2;0;1
2019-09-04 07:21:58;41;5;4;8;6;2;2;3;2;0;1
2019-09-04 07:22:59;41;5;4;8;6;2;2;3;2;0;1
2019-09-04 07:23:59;41;5;4;8;6;2;2;3;2;0;1
2019-09-04 07:24:59;41;5;4;8;6;2;2;3;2;0;1
2019-09-04 07:25:58;41;5;4;8;6;2;2;3;2;0;1
2019-09-04 07:26:59;41;5;4;8;6;2;2;3;2;0;1
2019-09-04 07:27:59;41;5;4;8;6;2;2;3;2;0;1
2019-09-04 07:28:59;41;5;4;8;6;2;2;3;2;0;1
2019-09-04 07:29:58;41;5;4;8;6;2;2;3;2;0;1
2019-09-04 07:30:59;41;5;4;8;6;2;2;3;2;0;1
2019-09-04 07:31:58;41;5;4;8;6;2;2;3;2;0;1
2019-09-04 07:32:59;41;5;4;8;6;2;2;3;2;0;1
2019-09-04 07:33:59;41;5;4;8;6;2;2;3;2;0;1
2019-09-04 07:34:58;41;5;4;8;6;2;2;3;2;0;1
2019-09-04 07:35:59;43;5;4;9;6;2;2;3;2;0;1
2019-09-04 07:36:59;44;6;4;9;6;2;2;3;2;0;1
2019-09-04 07:38:00;44;6;4;9;6;2;2;3;2;0;1
2019-09-04 07:38:58;44;6;4;9;6;2;2;3;2;0;1
2019-09-04 07:39:59;44;6;4;9;6;2;2;3;2;0;1
2019-09-04 07:40:59;45;6;4;9;6;2;2;3;2;0;2
2019-09-04 07:41:59;46;7;4;9;6;2;2;3;2;0;2
2019-09-04 07:42:58;46;7;4;9;6;2;2;3;2;0;2
2019-09-04 07:43:59;46;7;4;9;6;2;2;3;2;0;2
2019-09-04 07:44:59;47;8;4;9;6;2;2;3;2;0;2
2019-09-04 07:45:59;47;8;4;9;6;2;2;3;2;0;2
2019-09-04 07:46:58;47;8;4;9;6;2;2;3;2;0;2
2019-09-04 07:47:59;47;8;4;9;6;2;2;3;2;0;2
2019-09-04 07:48:59;47;8;4;9;6;2;2;3;2;0;2
2019-09-04 07:49:58;47;8;4;9;6;2;2;3;2;0;2
2019-09-04 07:50:59;48;9;4;9;6;2;2;3;2;0;2
2019-09-04 07:51:59;48;9;4;9;6;2;2;3;2;0;2
2019-09-04 07:52:58;49;9;4;10;6;2;2;3;2;0;2
2019-09-04 07:53:59;49;9;4;10;6;2;2;3;2;0;2
2019-09-04 07:54:59;50;9;4;11;6;2;2;3;2;0;2
2019-09-04 07:55:59;51;10;4;11;6;2;2;3;2;0;2
2019-09-04 07:56:58;51;10;4;11;6;2;2;3;2;0;2
2019-09-04 07:57:59;51;10;4;11;6;2;2;3;2;0;2
2019-09-04 07:58:59;51;10;4;11;6;2;2;3;2;0;2
2019-09-04 07:59:59;51;10;4;11;6;2;2;3;2;0;2
2019-09-04 08:00:58;51;10;4;11;6;2;2;3;2;0;2
2019-09-04 08:01:59;51;10;4;11;6;2;2;3;2;0;2
2019-09-04 08:02:59;52;10;4;12;6;2;2;3;2;0;2
2019-09-04 08:03:59;52;10;4;12;6;2;2;3;2;0;2
2019-09-04 08:04:58;52;10;4;12;6;2;2;3;2;0;2
2019-09-04 08:05:59;52;10;4;12;6;2;2;3;2;0;2
2019-09-04 08:06:59;52;10;4;12;6;2;2;3;2;0;2
2019-09-04 08:07:59;52;10;4;12;6;2;2;3;2;0;2
2019-09-04 08:08:58;52;10;4;12;6;2;2;3;2;0;2
2019-09-04 08:09:59;52;10;4;12;6;2;2;3;2;0;2
2019-09-04 08:10:59;53;11;4;12;6;2;2;3;2;0;2
2019-09-04 08:11:58;53;11;4;12;6;2;2;3;2;0;2
2019-09-04 08:12:59;53;11;4;12;6;2;2;3;2;0;2
2019-09-04 08:13:59;53;11;4;12;6;2;2;3;2;0;2
2019-09-04 08:14:59;53;11;4;12;6;2;2;3;2;0;2
2019-09-04 08:15:58;53;11;4;12;6;2;2;3;2;0;2
2019-09-04 08:16:59;54;11;4;12;6;3;2;3;2;0;2
2019-09-04 08:17:59;54;11;4;12;6;3;2;3;2;0;2
2019-09-04 08:18:58;54;11;4;12;6;3;2;3;2;0;2
2019-09-04 08:19:59;54;11;4;12;6;3;2;3;2;0;2
2019-09-04 08:20:59;54;11;4;12;6;3;2;3;2;0;2
2019-09-04 08:21:59;54;11;4;12;6;3;2;3;2;0;2
2019-09-04 08:22:58;54;11;4;12;6;3;2;3;2;0;2
2019-09-04 08:23:59;54;11;4;12;6;3;2;3;2;0;2
2019-09-04 08:24:59;54;11;4;12;6;3;2;3;2;0;2
2019-09-04 08:25:59;54;11;4;12;6;3;2;3;2;0;2
2019-09-04 08:26:58;54;11;4;12;6;3;2;3;2;0;2
2019-09-04 08:27:59;54;11;4;12;6;3;2;3;2;0;2
2019-09-04 08:28:59;54;11;4;12;6;3;2;3;2;0;2
2019-09-04 08:29:59;54;11;4;12;6;3;2;3;2;0;2
2019-09-04 08:30:58;55;11;4;12;6;3;2;4;2;0;2
2019-09-04 08:31:59;55;11;4;12;6;3;2;4;2;0;2
2019-09-04 08:32:59;55;11;4;12;6;3;2;4;2;0;2
2019-09-04 08:33:58;55;11;4;12;6;3;2;4;2;0;2
2019-09-04 08:34:59;55;11;4;12;6;3;2;4;2;0;2
2019-09-04 08:35:59;55;11;4;12;6;3;2;4;2;0;2
2019-09-04 08:36:59;55;11;4;12;6;3;2;4;2;0;2
2019-09-04 08:37:58;55;11;4;12;6;3;2;4;2;0;2
2019-09-04 08:38:59;55;11;4;12;6;3;2;4;2;0;2
2019-09-04 08:39:59;55;11;4;12;6;3;2;4;2;0;2
2019-09-04 08:40:59;55;11;4;12;6;3;2;4;2;0;2
2019-09-04 08:41:58;55;11;4;12;6;3;2;4;2;0;2
2019-09-04 08:42:59;55;11;4;12;6;3;2;4;2;0;2
2019-09-04 08:43:59;55;11;4;12;6;3;2;4;2;0;2
2019-09-04 08:44:59;55;11;4;12;6;3;2;4;2;0;2
2019-09-04 08:45:58;55;11;4;12;6;3;2;4;2;0;2
2019-09-04 08:46:59;55;11;4;12;6;3;2;4;2;0;2
2019-09-04 08:47:59;55;11;4;12;6;3;2;4;2;0;2
2019-09-04 08:48:59;55;11;4;12;6;3;2;4;2;0;2
2019-09-04 08:49:58;55;11;4;12;6;3;2;4;2;0;2
2019-09-04 08:50:59;55;11;4;12;6;3;2;4;2;0;2
2019-09-04 08:51:59;55;11;4;12;6;3;2;4;2;0;2
2019-09-04 08:52:58;55;11;4;12;6;3;2;4;2;0;2
2019-09-04 08:53:59;55;11;4;12;6;3;2;4;2;0;2
2019-09-04 08:54:59;55;11;4;12;6;3;2;4;2;0;2
2019-09-04 08:55:58;56;11;5;12;6;3;2;4;2;0;2
2019-09-04 08:56:59;56;11;5;12;6;3;2;4;2;0;2
2019-09-04 08:57:59;56;11;5;12;6;3;2;4;2;0;2
2019-09-04 08:58:58;56;11;5;12;6;3;2;4;2;0;2
2019-09-04 08:59:59;56;11;5;12;6;3;2;4;2;0;2
2019-09-04 09:00:59;56;11;5;12;6;3;2;4;2;0;2
2019-09-04 09:01:58;56;11;5;12;6;3;2;4;2;0;2
2019-09-04 09:02:59;56;11;5;12;6;3;2;4;2;0;2
2019-09-04 09:03:59;56;11;5;12;6;3;2;4;2;0;2
2019-09-04 09:04:59;56;11;5;12;6;3;2;4;2;0;2
2019-09-04 09:05:58;56;11;5;12;6;3;2;4;2;0;2
2019-09-04 09:06:59;58;11;5;12;6;3;3;4;2;0;2
2019-09-04 09:07:59;58;11;5;12;6;3;3;4;2;0;2
2019-09-04 09:08:59;58;11;5;12;6;3;3;4;2;0;2
2019-09-04 09:09:59;58;11;5;12;6;3;3;4;2;0;2
2019-09-04 09:10:58;59;12;5;12;6;3;3;4;2;0;2
2019-09-04 09:11:59;59;12;5;12;6;3;3;4;2;0;2
2019-09-04 09:12:59;59;12;5;12;6;3;3;4;2;0;2
2019-09-04 09:13:59;59;12;5;12;6;3;3;4;2;0;2
2019-09-04 09:14:58;60;13;5;12;6;3;3;4;2;0;2
2019-09-04 09:15:59;60;13;5;12;6;3;3;4;2;0;2
2019-09-04 09:16:59;60;13;5;12;6;3;3;4;2;0;2
2019-09-04 09:17:58;60;13;5;12;6;3;3;4;2;0;2
2019-09-04 09:18:59;60;13;5;12;6;3;3;4;2;0;2
2019-09-04 09:19:59;60;13;5;12;6;3;3;4;2;0;2
2019-09-04 09:20:59;60;13;5;12;6;3;3;4;2;0;2
2019-09-04 09:21:59;60;13;5;12;6;3;3;4;2;0;2
2019-09-04 09:22:58;61;13;5;12;7;3;3;4;2;0;2
2019-09-04 09:23:59;61;13;5;12;7;3;3;4;2;0;2
2019-09-04 09:24:59;61;13;5;12;7;3;3;4;2;0;2
2019-09-04 09:25:58;61;13;5;12;7;3;3;4;2;0;2
2019-09-04 09:26:59;61;13;5;12;7;3;3;4;2;0;2
2019-09-04 09:27:59;61;13;5;12;7;3;3;4;2;0;2
2019-09-04 09:28:58;61;13;5;12;7;3;3;4;2;0;2
2019-09-04 09:29:59;62;14;5;12;7;3;3;4;2;0;2
2019-09-04 09:30:59;62;14;5;12;7;3;3;4;2;0;2
2019-09-04 09:31:58;63;14;5;12;7;3;4;4;2;0;2
2019-09-04 09:32:59;63;14;5;12;7;3;4;4;2;0;2
2019-09-04 09:33:59;63;14;5;12;7;3;4;4;2;0;2
2019-09-04 09:34:59;63;14;5;12;7;3;4;4;2;0;2
2019-09-04 09:35:59;63;14;5;12;7;3;4;4;2;0;2
2019-09-04 09:36:58;63;14;5;12;7;3;4;4;2;0;2
2019-09-04 09:37:59;63;14;5;12;7;3;4;4;2;0;2
2019-09-04 09:38:59;64;14;5;12;7;3;4;4;2;0;2
2019-09-04 09:39:58;64;14;5;12;7;3;4;4;2;0;2
2019-09-04 09:40:59;64;14;5;12;7;3;4;4;2;0;2
2019-09-04 09:41:59;64;14;5;12;7;3;4;4;2;0;2
2019-09-04 09:42:59;64;14;5;12;7;3;4;4;2;0;2
2019-09-04 09:43:58;64;14;5;12;7;3;4;4;2;0;2
2019-09-04 09:44:59;66;15;5;12;8;3;4;4;2;0;2
2019-09-04 09:45:59;66;15;5;12;8;3;4;4;2;0;2
2019-09-04 09:46:58;66;15;5;12;8;3;4;4;2;0;2
2019-09-04 09:47:59;66;15;5;12;8;3;4;4;2;0;2
2019-09-04 09:48:59;66;15;5;12;8;3;4;4;2;0;2
2019-09-04 09:49:58;66;15;5;12;8;3;4;4;2;0;2
2019-09-04 09:50:59;67;16;5;12;8;3;4;4;2;0;2
2019-09-04 09:51:59;67;16;5;12;8;3;4;4;2;0;2
2019-09-04 09:52:58;67;16;5;12;8;3;4;4;2;0;2
2019-09-04 09:53:59;67;16;5;12;8;3;4;4;2;0;2
2019-09-04 09:54:59;67;16;5;12;8;3;4;4;2;0;2
2019-09-04 09:55:59;67;16;5;12;8;3;4;4;2;0;2
2019-09-04 09:56:58;67;16;5;12;8;3;4;4;2;0;2
2019-09-04 09:57:59;67;16;5;12;8;3;4;4;2;0;2
2019-09-04 09:58:59;67;16;5;12;8;3;4;4;2;0;2
2019-09-04 09:59:59;67;16;5;12;8;3;4;4;2;0;2
2019-09-04 10:00:58;67;16;5;12;8;3;4;4;2;0;2
2019-09-04 10:01:59;67;16;5;12;8;3;4;4;2;0;2
2019-09-04 10:02:59;67;16;5;12;8;3;4;4;2;0;2
2019-09-04 10:03:58;67;16;5;12;8;3;4;4;2;0;2
2019-09-04 10:04:59;67;16;5;12;8;3;4;4;2;0;2
2019-09-04 10:05:59;67;16;5;12;8;3;4;4;2;0;2
2019-09-04 10:06:59;68;17;5;12;8;3;4;4;2;0;2
2019-09-04 10:07:58;68;17;5;12;8;3;4;4;2;0;2
2019-09-04 10:08:59;68;17;5;12;8;3;4;4;2;0;2
2019-09-04 10:09:59;68;17;5;12;8;3;4;4;2;0;2
2019-09-04 10:10:59;69;17;5;12;8;3;5;4;2;0;2
2019-09-04 10:11:58;70;18;5;12;8;3;5;4;2;0;2
2019-09-04 10:12:59;70;18;5;12;8;3;5;4;2;0;2
2019-09-04 10:13:59;70;18;5;12;8;3;5;4;2;0;2
2019-09-04 10:14:58;70;18;5;12;8;3;5;4;2;0;2
2019-09-04 10:15:59;71;18;5;12;8;3;5;4;2;0;2
2019-09-04 10:16:59;72;18;6;12;8;3;5;4;2;0;2
2019-09-04 10:17:59;72;18;6;12;8;3;5;4;2;0;2
2019-09-04 10:18:58;72;18;6;12;8;3;5;4;2;0;2
2019-09-04 10:19:59;72;18;6;12;8;3;5;4;2;0;2
2019-09-04 10:20:59;74;18;6;12;9;3;5;4;2;0;2
2019-09-04 10:21:59;74;18;6;12;9;3;5;4;2;0;2
2019-09-04 10:22:58;75;18;6;12;9;3;6;4;2;0;2
2019-09-04 10:23:59;75;18;6;12;9;3;6;4;2;0;2
2019-09-04 10:24:59;75;18;6;12;9;3;6;4;2;0;2
2019-09-04 10:25:59;75;18;6;12;9;3;6;4;2;0;2
2019-09-04 10:26:58;75;18;6;12;9;3;6;4;2;0;2
2019-09-04 10:27:59;75;18;6;12;9;3;6;4;2;0;2
2019-09-04 10:28:59;75;18;6;12;9;3;6;4;2;0;2
2019-09-04 10:29:58;75;18;6;12;9;3;6;4;2;0;2
2019-09-04 10:30:59;75;18;6;12;9;3;6;4;2;0;2
2019-09-04 10:31:59;75;18;6;12;9;3;6;4;2;0;2
2019-09-04 10:32:59;75;18;6;12;9;3;6;4;2;0;2
2019-09-04 10:33:58;75;18;6;12;9;3;6;4;2;0;2
2019-09-04 10:34:59;75;18;6;12;9;3;6;4;2;0;2
2019-09-04 10:35:59;75;18;6;12;9;3;6;4;2;0;2
2019-09-04 10:36:58;75;18;6;12;9;3;6;4;2;0;2
2019-09-04 10:37:59;75;18;6;12;9;3;6;4;2;0;2
2019-09-04 10:38:59;76;19;6;12;9;3;6;4;2;0;2
2019-09-04 10:39:58;78;19;7;12;9;4;6;4;2;0;2
2019-09-04 10:40:59;78;19;7;12;9;4;6;4;2;0;2
2019-09-04 10:41:59;78;19;7;12;9;4;6;4;2;0;2
2019-09-04 10:42:59;78;19;7;12;9;4;6;4;2;0;2
2019-09-04 10:43:58;78;19;7;12;9;4;6;4;2;0;2
2019-09-04 10:44:59;78;19;7;12;9;4;6;4;2;0;2
2019-09-04 10:45:59;79;19;7;13;9;4;6;4;2;0;2
2019-09-04 10:46:58;79;19;7;13;9;4;6;4;2;0;2
2019-09-04 10:47:59;80;20;7;13;9;4;6;4;2;0;2
2019-09-04 10:48:59;81;20;7;13;9;5;6;4;2;0;2
2019-09-04 10:49:59;81;20;7;13;9;5;6;4;2;0;2
2019-09-04 10:50:58;81;20;7;13;9;5;6;4;2;0;2
2019-09-04 10:51:59;81;20;7;13;9;5;6;4;2;0;2
2019-09-04 10:52:59;81;20;7;13;9;5;6;4;2;0;2
2019-09-04 10:53:59;81;20;7;13;9;5;6;4;2;0;2
2019-09-04 10:54:58;81;20;7;13;9;5;6;4;2;0;2
2019-09-04 10:55:59;81;20;7;13;9;5;6;4;2;0;2
2019-09-04 10:56:59;81;20;7;13;9;5;6;4;2;0;2
2019-09-04 10:57:58;81;20;7;13;9;5;6;4;2;0;2
2019-09-04 10:58:59;82;20;7;13;10;5;6;4;2;0;2
2019-09-04 10:59:59;82;20;7;13;10;5;6;4;2;0;2
2019-09-04 11:00:58;82;20;7;13;10;5;6;4;2;0;2
2019-09-04 11:01:59;82;20;7;13;10;5;6;4;2;0;2
2019-09-04 11:02:59;82;20;7;13;10;5;6;4;2;0;2
2019-09-04 11:03:59;82;20;7;13;10;5;6;4;2;0;2
2019-09-04 11:04:58;82;20;7;13;10;5;6;4;2;0;2
2019-09-04 11:05:59;82;20;7;13;10;5;6;4;2;0;2
2019-09-04 11:06:59;82;20;7;13;10;5;6;4;2;0;2
2019-09-04 11:07:58;82;20;7;13;10;5;6;4;2;0;2
2019-09-04 11:08:59;82;20;7;13;10;5;6;4;2;0;2
2019-09-04 11:09:59;82;20;7;13;11;5;6;4;2;0;2
2019-09-04 11:10:59;82;20;7;13;11;5;6;4;2;0;2
2019-09-04 11:12:00;82;20;7;13;11;5;6;4;2;0;2
2019-09-04 11:12:58;82;20;7;13;11;5;6;4;2;0;2
2019-09-04 11:13:59;82;20;7;13;11;5;6;4;2;0;2
2019-09-04 11:14:59;82;20;7;13;11;5;6;4;2;0;2
2019-09-04 11:16:00;82;20;7;13;11;5;6;4;2;0;2
2019-09-04 11:16:58;82;20;7;13;11;5;6;4;2;0;2
2019-09-04 11:17:59;82;20;7;13;11;5;6;4;2;0;2
2019-09-04 11:18:59;83;21;7;13;11;5;6;4;2;0;2
2019-09-04 11:19:58;83;21;7;13;11;5;6;4;2;0;2
2019-09-04 11:20:59;84;21;7;13;11;5;6;4;3;0;2
2019-09-04 11:21:59;84;21;7;13;11;5;6;4;3;0;2
2019-09-04 11:22:58;84;21;7;13;11;5;6;4;3;0;2
2019-09-04 11:23:59;85;22;7;13;11;5;6;4;3;0;2
2019-09-04 11:24:59;85;22;7;13;11;5;6;4;3;0;2
2019-09-04 11:25:59;86;22;7;13;11;6;6;4;3;0;2
2019-09-04 11:26:58;86;22;7;13;11;6;6;4;3;0;2
2019-09-04 11:27:59;86;22;7;13;11;6;6;4;3;0;2
2019-09-04 11:28:59;87;23;7;13;11;6;6;4;3;0;2
2019-09-04 11:29:59;87;23;7;13;11;6;6;4;3;0;2
2019-09-04 11:30:58;87;23;7;13;11;6;6;4;3;0;2
2019-09-04 11:31:59;87;23;7;13;11;6;6;4;3;0;2
2019-09-04 11:32:59;87;23;7;13;11;6;6;4;3;0;2
2019-09-04 11:33:58;87;23;7;13;11;6;6;4;3;0;2
2019-09-04 11:34:59;87;23;7;13;11;6;6;4;3;0;2
2019-09-04 11:35:59;87;23;7;13;11;6;6;4;3;0;2
2019-09-04 11:36:59;87;23;7;13;11;6;6;4;3;0;2
2019-09-04 11:37:58;87;23;7;13;11;6;6;4;3;0;2
2019-09-04 11:38:59;87;23;7;13;11;6;6;4;3;0;2
2019-09-04 11:39:59;87;23;7;13;11;6;6;4;3;0;2
2019-09-04 11:40:59;87;23;7;13;11;6;6;4;3;0;2
2019-09-04 11:41:58;87;23;7;13;11;6;6;4;3;0;2
2019-09-04 11:42:59;87;23;7;13;11;6;6;4;3;0;2
2019-09-04 11:43:59;87;23;7;13;11;6;6;4;3;0;2
2019-09-04 11:44:58;87;23;7;13;11;6;6;4;3;0;2
2019-09-04 11:45:59;87;23;7;13;11;6;6;4;3;0;2
2019-09-04 11:46:59;87;23;7;13;11;6;6;4;3;0;2
2019-09-04 11:47:59;87;23;7;13;11;6;6;4;3;0;2
2019-09-04 11:48:58;87;23;7;13;11;6;6;4;3;0;2
2019-09-04 11:49:59;87;23;7;13;11;6;6;4;3;0;2
2019-09-04 11:50:59;87;23;7;13;11;6;6;4;3;0;2
2019-09-04 11:51:59;87;23;7;13;11;6;6;4;3;0;2
2019-09-04 11:52:58;87;23;7;13;11;6;6;4;3;0;2
2019-09-04 11:53:59;87;23;7;13;11;6;6;4;3;0;2
2019-09-04 11:54:59;87;23;7;13;11;6;6;4;3;0;2
2019-09-04 11:55:59;87;23;7;13;11;6;6;4;3;0;2
2019-09-04 11:56:58;87;23;7;13;11;6;6;4;3;0;2
2019-09-04 11:57:59;87;23;7;13;11;6;6;4;3;0;2
2019-09-04 11:58:59;87;23;7;13;11;6;6;4;3;0;2
2019-09-04 11:59:59;87;23;7;13;11;6;6;4;3;0;2
2019-09-04 12:00:58;87;23;7;13;11;6;6;4;3;0;2
2019-09-04 12:01:59;87;23;7;13;11;6;6;4;3;0;2
2019-09-04 12:02:58;87;23;7;13;11;6;6;4;3;0;2
2019-09-04 12:03:59;87;23;7;13;11;6;6;4;3;0;2
2019-09-04 12:04:59;87;23;7;13;11;6;6;4;3;0;2
2019-09-04 12:05:59;87;23;7;13;11;6;6;4;3;0;2
2019-09-04 12:06:58;88;23;8;13;11;6;6;4;3;0;2
2019-09-04 12:07:59;88;23;8;13;11;6;6;4;3;0;2
2019-09-04 12:08:59;88;23;8;13;11;6;6;4;3;0;2
2019-09-04 12:09:59;88;23;8;13;11;6;6;4;3;0;2
2019-09-04 12:10:58;88;23;8;13;11;6;6;4;3;0;2
2019-09-04 12:11:59;88;23;8;13;11;6;6;4;3;0;2
2019-09-04 12:12:59;88;23;8;13;11;6;6;4;3;0;2
2019-09-04 12:13:58;88;23;8;13;11;6;6;4;3;0;2
2019-09-04 12:14:59;88;23;8;13;11;6;6;4;3;0;2
2019-09-04 12:15:59;88;23;8;13;11;6;6;4;3;0;2
2019-09-04 12:16:59;88;23;8;13;11;6;6;4;3;0;2
2019-09-04 12:17:58;88;23;8;13;11;6;6;4;3;0;2
2019-09-04 12:18:59;88;23;8;13;11;6;6;4;3;0;2
2019-09-04 12:19:59;88;23;8;13;11;6;6;4;3;0;2
2019-09-04 12:20:59;88;23;8;13;11;6;6;4;3;0;2
2019-09-04 12:21:58;88;23;8;13;11;6;6;4;3;0;2
2019-09-04 12:22:59;89;23;8;13;11;6;6;4;3;0;2
2019-09-04 12:23:59;89;23;8;13;11;6;6;4;3;0;2
2019-09-04 12:24:58;89;23;8;13;11;6;6;4;3;0;2
2019-09-04 12:25:59;89;23;8;13;11;6;6;4;3;0;2
2019-09-04 12:26:59;89;23;8;13;11;6;6;4;3;0;2
2019-09-04 12:27:59;89;23;8;13;11;6;6;4;3;0;2
2019-09-04 12:28:58;89;23;8;13;11;6;6;4;3;0;2
2019-09-04 12:29:59;89;23;8;13;11;6;6;4;3;0;2
2019-09-04 12:30:59;89;23;8;13;11;6;6;4;3;0;2
2019-09-04 12:31:59;90;23;8;13;11;6;6;4;3;0;2
2019-09-04 12:32:58;90;23;8;13;11;6;6;4;3;0;2
2019-09-04 12:33:59;91;23;8;14;11;6;6;4;3;0;2
2019-09-04 12:35:00;91;23;8;14;11;6;6;4;3;0;2
2019-09-04 12:35:58;91;23;8;14;11;6;6;4;3;0;2
2019-09-04 12:36:59;91;23;8;14;11;6;6;4;3;0;2
2019-09-04 12:37:59;91;23;8;14;11;6;6;4;3;0;2
2019-09-04 12:38:58;91;23;8;14;11;6;6;4;3;0;2
2019-09-04 12:39:59;91;23;8;14;11;6;6;4;3;0;2
2019-09-04 12:40:59;91;23;8;14;11;6;6;4;3;0;2
2019-09-04 12:41:58;91;23;8;14;11;6;6;4;3;0;2
2019-09-04 12:42:59;91;23;8;14;11;6;6;4;3;0;2
2019-09-04 12:43:59;91;23;8;14;11;6;6;4;3;0;2
2019-09-04 12:44:59;91;23;8;14;11;6;6;4;3;0;2
2019-09-04 12:45:58;91;23;8;14;11;6;6;4;3;0;2
2019-09-04 12:46:59;91;23;8;14;11;6;6;4;3;0;2
2019-09-04 12:47:59;93;24;9;14;11;6;6;4;3;0;2
2019-09-04 12:48:58;93;24;9;14;11;6;6;4;3;0;2
2019-09-04 12:49:59;93;24;9;14;11;6;6;4;3;0;2
2019-09-04 12:50:59;93;24;9;14;11;6;6;4;3;0;2
2019-09-04 12:51:59;93;24;9;14;11;6;6;4;3;0;2
2019-09-04 12:52:58;93;24;9;14;11;6;6;4;3;0;2
2019-09-04 12:53:59;93;24;9;14;11;6;6;4;3;0;2
2019-09-04 12:54:59;93;24;9;14;12;6;6;4;3;0;2
2019-09-04 12:55:58;93;24;9;14;12;6;6;4;3;0;2
2019-09-04 12:56:59;93;24;9;14;12;6;6;4;3;0;2
2019-09-04 12:57:59;93;24;9;14;12;6;6;4;3;0;2
2019-09-04 12:58:59;93;24;9;14;12;6;6;4;3;0;2
2019-09-04 12:59:59;94;24;10;14;12;6;6;4;3;0;2
2019-09-04 13:00:58;94;24;10;14;12;6;6;4;3;0;2
2019-09-04 13:01:59;94;24;10;14;12;6;6;4;3;0;2
2019-09-04 13:02:59;94;24;10;14;12;6;6;4;3;0;2
2019-09-04 13:03:59;94;24;10;14;12;6;6;4;3;0;2
2019-09-04 13:04:58;94;24;10;14;12;6;6;4;3;0;2
2019-09-04 13:05:59;94;24;10;14;12;6;6;4;3;0;2
2019-09-04 13:06:59;94;24;10;14;12;6;6;4;3;0;2
2019-09-04 13:07:58;94;24;10;14;12;6;6;4;3;0;2
2019-09-04 13:08:59;94;24;10;14;12;6;6;4;3;0;2
2019-09-04 13:09:59;94;24;10;14;12;6;6;4;3;0;2
2019-09-04 13:10:59;94;24;10;14;12;6;6;4;3;0;2
2019-09-04 13:12:00;94;24;10;14;12;6;6;4;3;0;2
2019-09-04 13:12:58;94;24;10;14;12;6;6;4;3;0;2
2019-09-04 13:13:59;94;24;10;14;12;6;6;4;3;0;2
2019-09-04 13:14:59;94;24;10;14;12;6;6;4;3;0;2
2019-09-04 13:15:58;94;24;10;14;12;6;6;4;3;0;2
2019-09-04 13:16:59;94;24;10;14;12;6;6;4;3;0;2
2019-09-04 13:17:59;94;24;10;14;12;6;6;4;3;0;2
2019-09-04 13:18:59;96;24;11;14;12;6;6;4;3;1;2
2019-09-04 13:19:58;96;24;11;14;12;6;6;4;3;1;2
2019-09-04 13:20:59;96;24;11;14;12;6;6;4;3;1;2
2019-09-04 13:21:59;96;24;11;14;12;6;6;4;3;1;2
2019-09-04 13:22:58;96;24;11;14;12;6;6;4;3;1;2
2019-09-04 13:23:59;96;24;11;14;12;6;6;4;3;1;2
2019-09-04 13:24:59;96;24;11;14;12;6;6;4;3;1;2
2019-09-04 13:25:59;96;24;11;14;12;6;6;4;3;1;2
2019-09-04 13:26:58;96;24;11;14;12;6;6;4;3;1;2
2019-09-04 13:27:59;96;24;11;14;12;6;6;4;3;1;2
2019-09-04 13:28:59;96;24;11;14;12;6;6;4;3;1;2
2019-09-04 13:29:58;96;24;11;14;12;6;6;4;3;1;2
2019-09-04 13:30:59;96;24;11;14;12;6;6;4;3;1;2
2019-09-04 13:31:59;96;24;11;14;12;6;6;4;3;1;2
2019-09-04 13:32:59;96;24;11;14;12;6;6;4;3;1;2
2019-09-04 13:33:58;96;24;11;14;12;6;6;4;3;1;2
2019-09-04 13:34:59;96;24;11;14;12;6;6;4;3;1;2
2019-09-04 13:35:59;96;24;11;14;12;6;6;4;3;1;2
2019-09-04 13:36:58;96;24;11;14;12;6;6;4;3;1;2
2019-09-04 13:37:59;96;24;11;14;12;6;6;4;3;1;2
2019-09-04 13:38:59;96;24;11;14;12;6;6;4;3;1;2
2019-09-04 13:39:59;96;24;11;14;12;6;6;4;3;1;2
2019-09-04 13:40:59;96;24;11;14;12;6;6;4;3;1;2
2019-09-04 13:41:58;96;24;11;14;12;6;6;4;3;1;2
2019-09-04 13:42:59;96;24;11;14;12;6;6;4;3;1;2
2019-09-04 13:43:59;96;24;11;14;12;6;6;4;3;1;2
2019-09-04 13:44:58;97;24;11;14;12;6;7;4;3;1;2
2019-09-04 13:45:59;98;24;11;14;12;6;7;4;3;2;2
2019-09-04 13:46:59;98;24;11;14;12;6;7;4;3;2;2
2019-09-04 13:47:59;99;24;12;14;12;6;7;4;3;2;2
2019-09-04 13:48:58;99;24;12;14;12;6;7;4;3;2;2
2019-09-04 13:49:59;99;24;12;14;12;6;7;4;3;2;2
2019-09-04 13:50:59;99;24;12;14;12;6;7;4;3;2;2
2019-09-04 13:51:58;99;24;12;14;12;6;7;4;3;2;2
2019-09-04 13:52:59;99;24;12;14;12;6;7;4;3;2;2
2019-09-04 13:53:59;99;24;12;14;12;6;7;4;3;2;2
2019-09-04 13:54:59;99;24;12;14;12;6;7;4;3;2;2
2019-09-04 13:55:58;99;24;12;14;12;6;7;4;3;2;2
2019-09-04 13:56:59;99;24;12;14;12;6;7;4;3;2;2
2019-09-04 13:57:59;99;24;12;14;12;6;7;4;3;2;2
2019-09-04 13:58:58;100;24;13;14;12;6;7;4;3;2;2
2019-09-04 13:59:59;100;24;13;14;12;6;7;4;3;2;2
2019-09-04 14:00:59;100;24;13;14;12;6;7;4;3;2;2
2019-09-04 14:01:59;100;24;13;14;12;6;7;4;3;2;2
2019-09-04 14:02:58;101;24;13;14;12;6;8;4;3;2;2
2019-09-04 14:03:59;102;24;14;14;12;6;8;4;3;2;2
2019-09-04 14:04:59;102;24;14;14;12;6;8;4;3;2;2
2019-09-04 14:05:59;102;24;14;14;12;6;8;4;3;2;2
2019-09-04 14:06:58;102;24;14;14;12;6;8;4;3;2;2
2019-09-04 14:07:59;102;24;14;14;12;6;8;4;3;2;2
2019-09-04 14:08:59;102;24;14;14;12;6;8;4;3;2;2
2019-09-04 14:09:58;102;24;14;14;12;6;8;4;3;2;2
2019-09-04 14:10:59;102;24;14;14;12;6;8;4;3;2;2
2019-09-04 14:11:59;102;24;14;14;12;6;8;4;3;2;2
2019-09-04 14:12:59;103;24;15;14;12;6;8;4;3;2;2
2019-09-04 14:13:58;103;24;15;14;12;6;8;4;3;2;2
2019-09-04 14:14:59;103;24;15;14;12;6;8;4;3;2;2
2019-09-04 14:16:00;103;24;15;14;12;6;8;4;3;2;2
2019-09-04 14:16:58;103;24;15;14;12;6;8;4;3;2;2
2019-09-04 14:17:59;103;24;15;14;12;6;8;4;3;2;2
2019-09-04 14:18:59;103;24;15;14;12;6;8;4;3;2;2
2019-09-04 14:19:58;103;24;15;14;12;6;8;4;3;2;2
2019-09-04 14:20:59;103;24;15;14;12;6;8;4;3;2;2
2019-09-04 14:21:59;103;24;15;14;12;6;8;4;3;2;2
2019-09-04 14:22:58;103;24;15;14;12;6;8;4;3;2;2
2019-09-04 14:23:59;103;24;15;14;12;6;8;4;3;2;2
2019-09-04 14:24:59;103;24;15;14;12;6;8;4;3;2;2
2019-09-04 14:25:59;103;24;15;14;12;6;8;4;3;2;2
2019-09-04 14:26:58;103;24;15;14;12;6;8;4;3;2;2
2019-09-04 14:27:59;103;24;15;14;12;6;8;4;3;2;2
2019-09-04 14:28:59;103;24;15;14;12;6;8;4;3;2;2
2019-09-04 14:29:58;103;24;15;14;12;6;8;4;3;2;2
2019-09-04 14:30:59;103;24;15;14;12;6;8;4;3;2;2
2019-09-04 14:31:59;103;24;15;14;12;6;8;4;3;2;2
2019-09-04 14:32:59;103;24;15;14;12;6;8;4;3;2;2
2019-09-04 14:33:58;103;24;15;14;12;6;8;4;3;2;2
2019-09-04 14:34:59;103;24;15;14;12;6;8;4;3;2;2
2019-09-04 14:35:59;103;24;15;14;12;6;8;4;3;2;2
2019-09-04 14:36:59;103;24;15;14;12;6;8;4;3;2;2
2019-09-04 14:37:58;103;24;15;14;12;6;8;4;3;2;2
2019-09-04 14:38:59;103;24;15;14;12;6;8;4;3;2;2
2019-09-04 14:39:59;103;24;15;14;12;6;8;4;3;2;2
2019-09-04 14:40:58;103;24;15;14;12;6;8;4;3;2;2
2019-09-04 14:41:59;103;24;15;14;12;6;8;4;3;2;2
2019-09-04 14:42:59;103;24;15;14;12;6;8;4;3;2;2
2019-09-04 14:43:59;103;25;15;14;11;6;8;4;3;2;2
2019-09-04 14:44:58;103;25;15;14;11;6;8;4;3;2;2
2019-09-04 14:45:59;103;25;15;14;11;6;8;4;3;2;2
2019-09-04 14:46:59;103;25;15;14;11;6;8;4;3;2;2
2019-09-04 14:47:59;103;25;15;14;11;6;8;4;3;2;2
2019-09-04 14:48:58;103;25;15;14;11;6;8;4;3;2;2
2019-09-04 14:49:59;103;25;15;14;11;6;8;4;3;2;2
2019-09-04 14:50:59;103;25;15;14;11;6;8;4;3;2;2
2019-09-04 14:51:59;103;25;15;14;11;6;8;4;3;2;2
2019-09-04 14:52:58;103;25;15;14;11;6;8;4;3;2;2
2019-09-04 14:53:59;103;25;15;14;11;6;8;4;3;2;2
2019-09-04 14:54:59;103;25;15;14;11;6;8;4;3;2;2
2019-09-04 14:55:58;104;26;15;14;11;6;8;4;3;2;2
2019-09-04 14:56:59;104;26;15;14;11;6;8;4;3;2;2
2019-09-04 14:57:59;104;26;15;14;11;6;8;4;3;2;2
2019-09-04 14:58:59;104;26;15;14;11;6;8;4;3;2;2
2019-09-04 14:59:58;104;26;15;14;11;6;8;4;3;2;2
2019-09-04 15:00:59;104;26;15;14;11;6;8;4;3;2;2
2019-09-04 15:01:59;104;26;15;14;11;6;8;4;3;2;2
2019-09-04 15:02:58;104;26;15;14;11;6;8;4;3;2;2
2019-09-04 15:03:59;104;26;15;14;11;6;8;4;3;2;2
2019-09-04 15:04:59;104;26;15;14;11;6;8;4;3;2;2
2019-09-04 15:05:58;104;26;15;14;11;6;8;4;3;2;2
2019-09-04 15:06:59;104;26;15;14;11;6;8;4;3;2;2
2019-09-04 15:07:59;105;27;15;14;11;6;8;4;3;2;2
2019-09-04 15:08:58;105;27;15;14;11;6;8;4;3;2;2
2019-09-04 15:09:59;105;27;15;14;11;6;8;4;3;2;2
2019-09-04 15:10:59;105;27;15;14;11;6;8;4;3;2;2
2019-09-04 15:11:58;105;27;15;14;11;6;8;4;3;2;2
2019-09-04 15:12:59;105;27;15;14;11;6;8;4;3;2;2
2019-09-04 15:13:59;105;27;15;14;11;6;8;4;3;2;2
2019-09-04 15:14:59;106;28;15;14;11;6;8;4;3;2;2
2019-09-04 15:15:58;106;28;15;14;11;6;8;4;3;2;2
2019-09-04 15:16:59;106;28;15;14;11;6;8;4;3;2;2
2019-09-04 15:17:59;106;28;15;14;11;6;8;4;3;2;2
2019-09-04 15:18:58;106;28;15;14;11;6;8;4;3;2;2
2019-09-04 15:19:59;106;28;15;14;11;6;8;4;3;2;2
2019-09-04 15:20:59;106;28;15;14;11;6;8;4;3;2;2
2019-09-04 15:21:59;106;28;15;14;11;6;8;4;3;2;2
2019-09-04 15:22:58;107;29;15;14;11;6;8;4;3;2;2
2019-09-04 15:23:59;107;29;15;14;11;6;8;4;3;2;2
2019-09-04 15:24:59;107;29;15;14;11;6;8;4;3;2;2
2019-09-04 15:25:59;107;29;15;14;11;6;8;4;3;2;2
2019-09-04 15:26:58;107;29;15;14;11;6;8;4;3;2;2
2019-09-04 15:27:59;107;29;15;14;11;6;8;4;3;2;2
2019-09-04 15:28:59;107;29;15;14;11;6;8;4;3;2;2
2019-09-04 15:29:59;107;29;15;14;11;6;8;4;3;2;2
2019-09-04 15:30:58;107;29;15;14;11;6;8;4;3;2;2
2019-09-04 15:31:59;107;29;15;14;11;6;8;4;3;2;2
2019-09-04 15:32:59;107;29;15;14;11;6;8;4;3;2;2
2019-09-04 15:33:59;107;29;15;14;11;6;8;4;3;2;2
2019-09-04 15:34:58;107;29;15;14;11;6;8;4;3;2;2
2019-09-04 15:35:59;108;29;15;14;11;6;8;4;3;3;2
2019-09-04 15:36:59;108;29;15;14;11;6;8;4;3;3;2
2019-09-04 15:37:59;108;29;15;14;11;6;8;4;3;3;2
2019-09-04 15:38:58;108;29;15;14;11;6;8;4;3;3;2
2019-09-04 15:39:59;108;29;15;14;11;6;8;4;3;3;2
2019-09-04 15:40:59;109;30;15;14;11;6;8;4;3;3;2
2019-09-04 15:41:59;109;30;15;14;11;6;8;4;3;3;2
2019-09-04 15:42:58;110;30;15;15;11;6;8;4;3;3;2
2019-09-04 15:43:59;109;30;15;15;10;6;8;4;3;3;2
2019-09-04 15:44:59;110;30;15;15;11;6;8;4;3;3;2
2019-09-04 15:45:58;110;30;15;15;11;6;8;4;3;3;2
2019-09-04 15:46:59;110;30;15;15;11;6;8;4;3;3;2
2019-09-04 15:47:59;110;30;15;15;11;6;8;4;3;3;2
2019-09-04 15:48:59;110;30;15;15;11;6;8;4;3;3;2
2019-09-04 15:49:58;110;30;15;15;11;6;8;4;3;3;2
2019-09-04 15:50:59;110;30;15;15;11;6;8;4;3;3;2
2019-09-04 15:51:59;110;30;15;15;11;6;8;4;3;3;2
2019-09-04 15:52:59;110;30;15;15;11;6;8;4;3;3;2
2019-09-04 15:53:58;110;30;15;15;11;6;8;4;3;3;2
2019-09-04 15:54:59;110;30;15;15;11;6;8;4;3;3;2
2019-09-04 15:55:59;110;30;15;15;11;6;8;4;3;3;2
2019-09-04 15:56:59;110;30;15;15;11;6;8;4;3;3;2
2019-09-04 15:57:58;110;30;15;15;11;6;8;4;3;3;2
2019-09-04 15:58:59;110;30;15;15;11;6;8;4;3;3;2
2019-09-04 15:59:59;110;30;15;15;11;6;8;4;3;3;2
2019-09-04 16:00:58;110;30;15;15;11;6;8;4;3;3;2
2019-09-04 16:01:59;110;30;15;15;11;6;8;4;3;3;2
2019-09-04 16:02:59;110;30;15;15;11;6;8;4;3;3;2
2019-09-04 16:03:59;110;30;15;15;11;6;8;4;3;3;2
2019-09-04 16:04:58;110;30;15;15;11;6;8;4;3;3;2
2019-09-04 16:05:59;110;30;15;15;11;6;8;4;3;3;2
2019-09-04 16:06:59;110;30;15;15;11;6;8;4;3;3;2
2019-09-04 16:07:59;110;30;15;15;11;6;8;4;3;3;2
2019-09-04 16:08:58;110;30;15;15;11;6;8;4;3;3;2
2019-09-04 16:09:59;110;30;15;15;11;6;8;4;3;3;2
2019-09-04 16:10:59;110;30;15;15;11;6;8;4;3;3;2
2019-09-04 16:11:58;110;30;15;15;11;6;8;4;3;3;2
2019-09-04 16:12:59;110;30;15;15;11;6;8;4;3;3;2
2019-09-04 16:13:59;110;30;15;15;11;6;8;4;3;3;2
2019-09-04 16:14:58;111;30;15;15;11;6;8;4;3;3;2
2019-09-04 16:15:59;111;30;15;15;11;6;8;4;3;3;2
2019-09-04 16:16:59;111;30;15;15;11;6;8;4;3;3;2
2019-09-04 16:17:59;111;30;15;15;11;6;8;4;3;3;2
2019-09-04 16:18:58;111;30;15;15;11;6;8;4;3;3;2
2019-09-04 16:19:59;111;30;15;15;11;6;8;4;3;3;2
2019-09-04 16:20:59;111;30;15;15;11;6;8;4;3;3;2
2019-09-04 16:21:58;111;30;15;15;11;6;8;4;3;3;2
2019-09-04 16:22:59;111;30;15;15;11;6;8;4;3;3;2
2019-09-04 16:23:59;112;30;15;15;11;7;8;4;3;3;2
2019-09-04 16:24:59;112;30;15;15;11;7;8;4;3;3;2
2019-09-04 16:25:58;112;30;15;15;11;7;8;4;3;3;2
2019-09-04 16:26:59;112;30;15;15;11;7;8;4;3;3;2
2019-09-04 16:27:59;112;30;15;15;11;7;8;4;3;3;2
2019-09-04 16:28:58;112;30;15;15;11;7;8;4;3;3;2
2019-09-04 16:29:59;113;31;15;15;11;7;8;4;3;3;2
2019-09-04 16:30:59;113;31;15;15;11;7;8;4;3;3;2
2019-09-04 16:31:59;113;31;15;15;11;7;8;4;3;3;2
2019-09-04 16:32:58;113;31;15;15;11;7;8;4;3;3;2
2019-09-04 16:33:59;113;31;15;15;11;7;8;4;3;3;2
2019-09-04 16:34:59;113;31;15;15;11;7;8;4;3;3;2
2019-09-04 16:35:58;113;31;15;15;11;7;8;4;3;3;2
2019-09-04 16:36:59;113;31;15;15;11;7;8;4;3;3;2
2019-09-04 16:37:59;113;31;15;15;11;7;8;4;3;3;2
2019-09-04 16:38:59;113;31;15;15;11;7;8;4;3;3;2
2019-09-04 16:39:58;113;31;15;15;11;7;8;4;3;3;2
2019-09-04 16:40:59;113;31;15;15;11;7;8;4;3;3;2
2019-09-04 16:41:59;113;31;15;15;11;7;8;4;3;3;2
2019-09-04 16:42:58;113;31;15;15;11;7;8;4;3;3;2
2019-09-04 16:43:59;113;31;15;15;11;7;8;4;3;3;2
2019-09-04 16:44:59;113;31;15;15;11;7;8;4;3;3;2
2019-09-04 16:45:59;113;31;15;15;11;7;8;4;3;3;2
2019-09-04 16:46:58;113;31;15;15;11;7;8;4;3;3;2
2019-09-04 16:47:59;113;31;15;15;11;7;8;4;3;3;2
2019-09-04 16:48:59;113;31;15;15;11;7;8;4;3;3;2
2019-09-04 16:49:59;113;31;15;15;11;7;8;4;3;3;2
2019-09-04 16:50:58;113;31;15;15;11;7;8;4;3;3;2
2019-09-04 16:51:59;113;31;15;15;11;7;8;4;3;3;2
2019-09-04 16:52:59;113;31;15;15;11;7;8;4;3;3;2
2019-09-04 16:53:59;113;31;15;15;11;7;8;4;3;3;2
2019-09-04 16:54:58;113;31;15;15;11;7;8;4;3;3;2
2019-09-04 16:55:59;113;31;15;15;11;7;8;4;3;3;2
2019-09-04 16:56:59;113;31;15;15;11;7;8;4;3;3;2
2019-09-04 16:57:58;113;31;15;15;11;7;8;4;3;3;2
2019-09-04 16:58:59;113;31;15;15;11;7;8;4;3;3;2
2019-09-04 16:59:59;113;31;15;15;11;7;8;4;3;3;2
2019-09-04 17:00:58;114;32;15;15;11;7;8;4;3;3;2
2019-09-04 17:01:59;114;32;15;15;11;7;8;4;3;3;2
2019-09-04 17:02:59;114;32;15;15;11;7;8;4;3;3;2
2019-09-04 17:03:59;114;32;15;15;11;7;8;4;3;3;2
2019-09-04 17:04:58;114;32;15;15;11;7;8;4;3;3;2
2019-09-04 17:05:59;114;32;15;15;11;7;8;4;3;3;2
2019-09-04 17:06:59;114;32;15;15;11;7;8;4;3;3;2
2019-09-04 17:07:58;114;32;15;15;11;7;8;4;3;3;2
2019-09-04 17:08:59;114;32;15;15;11;7;8;4;3;3;2
2019-09-04 17:09:59;114;32;15;15;11;7;8;4;3;3;2
2019-09-04 17:10:58;114;32;15;15;11;7;8;4;3;3;2
2019-09-04 17:11:59;114;32;15;15;11;7;8;4;3;3;2
2019-09-04 17:12:59;115;33;15;15;11;7;8;4;3;3;2
2019-09-04 17:13:58;116;34;15;15;11;7;8;4;3;3;2
2019-09-04 17:14:59;116;34;15;15;11;7;8;4;3;3;2
2019-09-04 17:15:59;116;34;15;15;11;7;8;4;3;3;2
2019-09-04 17:16:59;116;34;15;15;11;7;8;4;3;3;2
2019-09-04 17:17:58;116;34;15;15;11;7;8;4;3;3;2
2019-09-04 17:18:59;116;34;15;15;11;7;8;4;3;3;2
2019-09-04 17:19:59;116;34;15;15;11;7;8;4;3;3;2
2019-09-04 17:20:59;116;34;15;15;11;7;8;4;3;3;2
2019-09-04 17:21:58;116;34;15;15;11;7;8;4;3;3;2
2019-09-04 17:22:59;116;34;15;15;11;7;8;4;3;3;2
2019-09-04 17:23:59;116;34;15;15;11;7;8;4;3;3;2
2019-09-04 17:24:58;116;34;15;15;11;7;8;4;3;3;2
2019-09-04 17:25:59;116;34;15;15;11;7;8;4;3;3;2
2019-09-04 17:26:59;116;34;15;15;11;7;8;4;3;3;2
2019-09-04 17:27:59;116;34;15;15;11;7;8;4;3;3;2
2019-09-04 17:28:58;116;34;15;15;11;7;8;4;3;3;2
2019-09-04 17:29:59;117;34;16;15;11;7;8;4;3;3;2
2019-09-04 17:30:59;117;34;16;15;11;7;8;4;3;3;2
2019-09-04 17:31:59;117;34;16;15;11;7;8;4;3;3;2
2019-09-04 17:32:58;117;34;16;15;11;7;8;4;3;3;2
2019-09-04 17:33:59;117;34;16;15;11;7;8;4;3;3;2
2019-09-04 17:34:58;117;34;16;15;11;7;8;4;3;3;2
2019-09-04 17:35:59;117;34;16;15;11;7;8;4;3;3;2
2019-09-04 17:36:59;117;34;16;15;11;7;8;4;3;3;2
2019-09-04 17:37:58;117;34;16;15;11;7;8;4;3;3;2
2019-09-04 17:38:59;117;34;16;15;11;7;8;4;3;3;2
2019-09-04 17:39:59;118;34;17;15;11;7;8;4;3;3;2
2019-09-04 17:40:58;118;34;17;15;11;7;8;4;3;3;2
2019-09-04 17:41:59;118;34;17;15;11;7;8;4;3;3;2
2019-09-04 17:42:59;118;34;17;15;11;7;8;4;3;3;2
2019-09-04 17:43:58;118;34;17;15;11;7;8;4;3;3;2
2019-09-04 17:44:59;119;34;18;15;11;7;8;4;3;3;2
2019-09-04 17:45:59;119;34;18;15;11;7;8;4;3;3;2
2019-09-04 17:46:59;119;34;18;15;11;7;8;4;3;3;2
2019-09-04 17:47:58;119;34;18;15;11;7;8;4;3;3;2
2019-09-04 17:48:59;119;34;18;15;11;7;8;4;3;3;2
2019-09-04 17:49:59;120;34;19;15;11;7;8;4;3;3;2
2019-09-04 17:50:59;120;34;19;15;11;7;8;4;3;3;2
2019-09-04 17:51:58;120;34;19;15;11;7;8;4;3;3;2
2019-09-04 17:52:59;120;34;19;15;11;7;8;4;3;3;2
2019-09-04 17:53:59;120;34;19;15;11;7;8;4;3;3;2
2019-09-04 17:54:58;120;34;19;15;11;7;8;4;3;3;2
2019-09-04 17:55:59;120;34;19;15;11;7;8;4;3;3;2
2019-09-04 17:56:59;120;34;19;15;11;7;8;4;3;3;2
2019-09-04 17:57:59;120;34;19;15;11;7;8;4;3;3;2
2019-09-04 17:58:58;120;34;19;15;11;7;8;4;3;3;2
2019-09-04 17:59:59;120;34;19;15;11;7;8;4;3;3;2
2019-09-04 18:00:59;120;34;19;15;11;7;8;4;3;3;2
2019-09-04 18:01:59;120;34;19;15;11;7;8;4;3;3;2
2019-09-04 18:02:58;120;34;19;15;11;7;8;4;3;3;2
2019-09-04 18:03:59;120;34;19;15;11;7;8;4;3;3;2
2019-09-04 18:04:59;120;34;19;15;11;7;8;4;3;3;2
2019-09-04 18:05:58;120;34;19;15;11;7;8;4;3;3;2
2019-09-04 18:06:59;120;34;19;15;11;7;8;4;3;3;2
2019-09-04 18:07:59;120;34;19;15;11;7;8;4;3;3;2
2019-09-04 18:08:59;120;34;19;15;11;7;8;4;3;3;2
2019-09-04 18:09:58;120;34;19;15;11;7;8;4;3;3;2
2019-09-04 18:10:59;120;34;19;15;11;7;8;4;3;3;2
2019-09-04 18:11:59;120;34;19;15;11;7;8;4;3;3;2
2019-09-04 18:12:58;120;34;19;15;11;7;8;4;3;3;2
2019-09-04 18:13:59;120;34;19;15;11;7;8;4;3;3;2
2019-09-04 18:14:59;120;34;19;15;11;7;8;4;3;3;2
2019-09-04 18:15:58;120;34;19;15;11;7;8;4;3;3;2
2019-09-04 18:16:59;120;34;19;15;11;7;8;4;3;3;2
2019-09-04 18:17:59;120;34;19;15;11;7;8;4;3;3;2
2019-09-04 18:18:58;120;34;19;15;11;7;8;4;3;3;2
2019-09-04 18:19:59;120;34;19;15;11;7;8;4;3;3;2
2019-09-04 18:20:59;120;34;19;15;11;7;8;4;3;3;2
2019-09-04 18:21:59;120;34;19;15;11;7;8;4;3;3;2
2019-09-04 18:22:58;120;34;19;15;11;7;8;4;3;3;2
2019-09-04 18:23:59;120;34;19;15;11;7;8;4;3;3;2
2019-09-04 18:24:59;120;34;19;15;11;7;8;4;3;3;2
2019-09-04 18:25:58;120;34;19;15;11;7;8;4;3;3;2
2019-09-04 18:26:59;120;34;19;15;11;7;8;4;3;3;2
2019-09-04 18:27:59;120;34;19;15;11;7;8;4;3;3;2
2019-09-04 18:28:59;120;34;19;15;11;7;8;4;3;3;2
2019-09-04 18:29:58;120;34;19;15;11;7;8;4;3;3;2
2019-09-04 18:30:59;120;34;19;15;11;7;8;4;3;3;2
2019-09-04 18:31:59;120;34;19;15;11;7;8;4;3;3;2
2019-09-04 18:32:59;120;34;19;15;11;7;8;4;3;3;2
2019-09-04 18:33:58;120;34;19;15;11;7;8;4;3;3;2
2019-09-04 18:34:59;120;34;19;15;11;7;8;4;3;3;2
2019-09-04 18:35:59;120;34;19;15;11;7;8;4;3;3;2
2019-09-04 18:36:59;120;34;19;15;11;7;8;4;3;3;2
2019-09-04 18:37:58;120;34;19;15;11;7;8;4;3;3;2
2019-09-04 18:38:59;121;35;19;15;11;7;8;4;3;3;2
2019-09-04 18:39:59;121;35;19;15;11;7;8;4;3;3;2
2019-09-04 18:40:58;121;35;19;15;11;7;8;4;3;3;2
2019-09-04 18:41:59;121;35;19;15;11;7;8;4;3;3;2
2019-09-04 18:42:59;121;35;19;15;11;7;8;4;3;3;2
2019-09-04 18:43:59;121;35;19;15;11;7;8;4;3;3;2
2019-09-04 18:44:58;121;35;19;15;11;7;8;4;3;3;2
2019-09-04 18:45:59;121;35;19;15;11;7;8;4;3;3;2
2019-09-04 18:46:59;121;35;19;15;11;7;8;4;3;3;2
2019-09-04 18:47:59;121;35;19;15;11;7;8;4;3;3;2
2019-09-04 18:48:58;122;36;19;15;11;7;8;4;3;3;2
2019-09-04 18:49:59;122;36;19;15;11;7;8;4;3;3;2
2019-09-04 18:50:59;122;36;19;15;11;7;8;4;3;3;2
2019-09-04 18:51:59;122;36;19;15;11;7;8;4;3;3;2
2019-09-04 18:52:58;122;36;19;15;11;7;8;4;3;3;2
2019-09-04 18:53:59;122;36;19;15;11;7;8;4;3;3;2
2019-09-04 18:54:59;122;36;19;15;11;7;8;4;3;3;2
2019-09-04 18:55:59;122;36;19;15;11;7;8;4;3;3;2
2019-09-04 18:56:58;122;36;19;15;11;7;8;4;3;3;2
2019-09-04 18:57:59;122;36;19;15;11;7;8;4;3;3;2
2019-09-04 18:58:59;122;36;19;15;11;7;8;4;3;3;2
2019-09-04 18:59:59;122;36;19;15;11;7;8;4;3;3;2
2019-09-04 19:00:58;122;36;19;15;11;7;8;4;3;3;2
2019-09-04 19:01:59;122;36;19;15;11;7;8;4;3;3;2
2019-09-04 19:02:59;122;36;19;15;11;7;8;4;3;3;2
2019-09-04 19:03:59;122;36;19;15;11;7;8;4;3;3;2
2019-09-04 19:04:58;122;36;18;15;11;7;8;4;3;3;2
2019-09-04 19:05:59;122;36;18;15;11;7;8;4;3;3;2
2019-09-04 19:06:59;122;36;18;15;11;7;8;4;3;3;2
2019-09-04 19:07:59;122;36;18;15;11;7;8;4;3;3;2
2019-09-04 19:08:58;122;36;18;15;11;7;8;4;3;3;2
2019-09-04 19:09:59;122;36;18;15;11;7;8;4;3;3;2
2019-09-04 19:10:59;122;36;18;15;11;7;8;4;3;3;2
2019-09-04 19:11:59;122;36;18;15;11;7;8;4;3;3;2
2019-09-04 19:12:58;122;36;18;15;11;7;8;4;3;3;2
2019-09-04 19:13:59;123;37;18;15;11;7;8;4;3;3;2
2019-09-04 19:14:59;123;37;18;15;11;7;8;4;3;3;2
2019-09-04 19:15:58;123;37;18;15;11;7;8;4;3;3;2
2019-09-04 19:16:59;123;37;18;15;11;7;8;4;3;3;2
2019-09-04 19:17:59;123;37;18;15;11;7;8;4;3;3;2
2019-09-04 19:18:59;123;37;18;15;11;7;8;4;3;3;2
2019-09-04 19:19:58;123;37;18;15;11;7;8;4;3;3;2
2019-09-04 19:20:59;123;37;18;15;11;7;8;4;3;3;2
2019-09-04 19:21:59;123;37;18;15;11;7;8;4;3;3;2
2019-09-04 19:22:58;124;37;18;15;11;7;8;4;4;3;2
2019-09-04 19:23:59;124;37;18;15;11;7;8;4;4;3;2
2019-09-04 19:24:59;124;37;18;15;11;7;8;4;4;3;2
2019-09-04 19:25:59;124;37;18;15;11;7;8;4;4;3;2
2019-09-04 19:26:58;124;37;18;15;11;7;8;4;4;3;2
2019-09-04 19:27:59;124;37;18;15;11;7;8;4;4;3;2
2019-09-04 19:28:59;124;37;18;15;11;7;8;4;4;3;2
2019-09-04 19:29:59;124;37;18;15;11;7;8;4;4;3;2
2019-09-04 19:30:58;124;37;18;15;11;7;8;4;4;3;2
2019-09-04 19:31:59;124;37;18;15;11;7;8;4;4;3;2
2019-09-04 19:32:59;124;37;18;15;11;7;8;4;4;3;2
2019-09-04 19:33:59;124;37;18;15;11;7;8;4;4;3;2
2019-09-04 19:34:58;124;37;18;15;11;7;8;4;4;3;2
2019-09-04 19:35:59;124;37;18;15;11;7;8;4;4;3;2
2019-09-04 19:36:59;124;37;18;15;11;7;8;4;4;3;2
2019-09-04 19:37:59;124;37;18;15;11;7;8;4;4;3;2
2019-09-04 19:38:58;124;37;18;15;11;7;8;4;4;3;2
2019-09-04 19:39:59;124;37;18;15;11;7;8;4;4;3;2
2019-09-04 19:40:59;124;37;18;15;11;7;8;4;4;3;2
2019-09-04 19:41:59;124;37;18;15;11;7;8;4;4;3;2
2019-09-04 19:42:58;125;37;18;16;11;7;8;4;4;3;2
2019-09-04 19:43:59;125;37;18;16;11;7;8;4;4;3;2
2019-09-04 19:44:59;126;37;18;16;11;7;8;5;4;3;2
2019-09-04 19:45:59;126;37;18;16;11;7;8;5;4;3;2
2019-09-04 19:46:58;127;37;18;16;12;7;8;5;4;3;2
2019-09-04 19:47:59;127;37;18;16;12;7;8;5;4;3;2
2019-09-04 19:48:59;127;37;18;16;12;7;8;5;4;3;2
2019-09-04 19:49:59;127;37;18;16;12;7;8;5;4;3;2
2019-09-04 19:50:58;127;37;18;16;12;7;8;5;4;3;2
2019-09-04 19:51:59;127;37;18;16;12;7;8;5;4;3;2
2019-09-04 19:52:59;127;37;18;16;12;7;8;5;4;3;2
2019-09-04 19:53:58;127;37;18;16;12;7;8;5;4;3;2
2019-09-04 19:54:59;127;37;18;16;12;7;8;5;4;3;2
2019-09-04 19:55:59;127;37;18;16;12;7;8;5;4;3;2
2019-09-04 19:56:59;127;37;18;16;12;7;8;5;4;3;2
2019-09-04 19:57:58;127;37;18;16;12;7;8;5;4;3;2
2019-09-04 19:58:59;127;37;18;16;12;7;8;5;4;3;2
2019-09-04 19:59:59;128;38;18;16;12;7;8;5;4;3;2
2019-09-04 20:00:58;128;38;18;16;12;7;8;5;4;3;2
2019-09-04 20:01:59;129;38;19;16;12;7;8;5;4;3;2
2019-09-04 20:02:59;129;38;19;16;12;7;8;5;4;3;2
2019-09-04 20:03:59;129;38;19;16;12;7;8;5;4;3;2
2019-09-04 20:04:58;130;39;19;16;12;7;8;5;4;3;2
2019-09-04 20:05:59;130;39;19;16;12;7;8;5;4;3;2
2019-09-04 20:06:59;130;39;19;16;12;7;8;5;4;3;2
2019-09-04 20:07:58;130;39;19;16;12;7;8;5;4;3;2
2019-09-04 20:08:59;130;39;19;16;12;7;8;5;4;3;2
2019-09-04 20:09:59;130;39;19;16;12;7;8;5;4;3;2
2019-09-04 20:10:59;130;39;19;16;12;7;8;5;4;3;2
2019-09-04 20:11:58;130;39;19;16;12;7;8;5;4;3;2
2019-09-04 20:12:59;130;39;19;16;12;7;8;5;4;3;2
2019-09-04 20:13:59;130;39;19;16;12;7;8;5;4;3;2
2019-09-04 20:14:59;130;39;19;16;12;7;8;5;4;3;2
2019-09-04 20:15:58;131;39;19;16;13;7;8;5;4;3;2
2019-09-04 20:16:59;131;39;19;16;13;7;8;5;4;3;2
2019-09-04 20:17:59;131;39;19;16;13;7;8;5;4;3;2
2019-09-04 20:18:58;131;39;19;16;13;7;8;5;4;3;2
2019-09-04 20:19:59;131;39;19;16;13;7;8;5;4;3;2
2019-09-04 20:20:59;131;39;19;16;13;7;8;5;4;3;2
2019-09-04 20:21:58;131;39;19;16;13;7;8;5;4;3;2
2019-09-04 20:22:59;131;39;19;16;13;7;8;5;4;3;2
2019-09-04 20:23:59;131;39;19;16;13;7;8;5;4;3;2
2019-09-04 20:25:00;131;39;19;16;13;7;8;5;4;3;2
2019-09-04 20:25:58;132;39;19;16;13;7;8;5;4;3;2
2019-09-04 20:26:59;132;39;19;16;13;7;8;5;4;3;2
2019-09-04 20:27:59;132;39;19;16;13;7;8;5;4;3;2
2019-09-04 20:28:59;132;39;19;16;13;7;8;5;4;3;2
2019-09-04 20:29:58;133;39;20;16;13;7;8;5;4;3;2
2019-09-04 20:30:59;133;40;19;16;13;7;8;5;4;3;2
2019-09-04 20:31:59;133;40;19;16;13;7;8;5;4;3;2
2019-09-04 20:32:59;133;40;19;16;13;7;8;5;4;3;2
2019-09-04 20:33:58;133;40;19;16;13;7;8;5;4;3;2
2019-09-04 20:34:59;133;40;19;16;13;7;8;5;4;3;2
2019-09-04 20:35:59;133;40;19;16;13;7;8;5;4;3;2
2019-09-04 20:36:58;133;40;19;16;13;7;8;5;4;3;2
2019-09-04 20:37:59;133;40;19;16;13;7;8;5;4;3;2
2019-09-04 20:38:59;134;40;19;16;13;8;8;5;4;3;2
2019-09-04 20:39:58;134;40;19;16;13;8;8;5;4;3;2
2019-09-04 20:40:59;134;40;19;16;13;8;8;5;4;3;2
2019-09-04 20:41:59;134;40;19;16;13;8;8;5;4;3;2
2019-09-04 20:42:59;134;40;19;16;13;8;8;5;4;3;2
2019-09-04 20:43:58;134;40;19;16;13;8;8;5;4;3;2
2019-09-04 20:44:59;134;40;19;16;13;8;8;5;4;3;2
2019-09-04 20:45:58;134;40;19;16;13;8;8;5;4;3;2
2019-09-04 20:46:59;135;40;19;16;13;9;8;5;4;3;2
2019-09-04 20:47:59;135;40;19;16;13;9;8;5;4;3;2
2019-09-04 20:48:58;135;40;19;16;13;9;8;5;4;3;2
2019-09-04 20:49:59;135;40;19;16;13;9;8;5;4;3;2
2019-09-04 20:50:58;135;40;19;16;13;9;8;5;4;3;2
2019-09-04 20:51:59;135;40;19;16;13;9;8;5;4;3;2
2019-09-04 20:52:59;135;40;19;16;13;9;8;5;4;3;2
2019-09-04 20:53:59;135;40;19;16;13;9;8;5;4;3;2
2019-09-04 20:54:58;135;40;19;17;13;9;8;5;4;3;2
2019-09-04 20:55:59;135;40;19;17;13;9;8;5;4;3;2
2019-09-04 20:56:59;135;40;19;17;13;9;8;5;4;3;2
2019-09-04 20:57:59;135;40;19;17;13;9;8;5;4;3;2
2019-09-04 20:58:58;135;40;19;17;13;9;8;5;4;3;2
2019-09-04 20:59:59;135;40;19;17;13;9;8;5;4;3;2
2019-09-04 21:00:59;135;40;19;17;13;9;8;5;4;3;2
2019-09-04 21:01:59;135;40;19;17;13;9;8;5;4;3;2
2019-09-04 21:02:58;135;40;19;17;13;9;8;5;4;3;2
2019-09-04 21:03:59;135;40;19;17;13;9;8;5;4;3;2
2019-09-04 21:04:59;135;40;19;17;13;9;8;5;4;3;2
2019-09-04 21:05:59;135;40;19;17;13;9;8;5;4;3;2
2019-09-04 21:06:58;135;40;19;17;13;9;8;5;4;3;2
2019-09-04 21:07:59;135;40;19;17;13;9;8;5;4;3;2
2019-09-04 21:08:59;135;40;19;17;13;9;8;5;4;3;2
2019-09-04 21:09:58;136;40;20;17;13;9;8;5;4;3;2
2019-09-04 21:10:59;136;40;20;17;13;9;8;5;4;3;2
2019-09-04 21:11:59;136;40;20;17;13;9;8;5;4;3;2
2019-09-04 21:12:59;136;40;20;17;13;9;8;5;4;3;2
2019-09-04 21:13:58;136;41;20;17;12;9;8;5;4;3;2
2019-09-04 21:14:59;136;41;20;17;12;9;8;5;4;3;2
2019-09-04 21:15:59;136;41;20;17;12;9;8;5;4;3;2
2019-09-04 21:16:59;136;41;20;17;12;9;8;5;4;3;2
2019-09-04 21:17:58;136;41;20;17;12;9;8;5;4;3;2
2019-09-04 21:18:59;137;41;20;17;12;9;8;6;4;3;2
2019-09-04 21:19:59;138;41;20;17;12;9;8;6;4;4;2
2019-09-04 21:20:59;138;41;20;17;12;9;8;6;4;4;2
2019-09-04 21:21:58;139;41;20;17;12;10;8;6;4;4;2
2019-09-04 21:22:59;140;41;20;17;12;10;8;6;4;4;2
2019-09-04 21:23:59;140;41;20;17;12;10;8;6;4;4;2
2019-09-04 21:24:59;140;41;20;17;12;10;8;6;4;4;2
2019-09-04 21:25:58;140;41;20;17;12;10;8;6;4;4;2
2019-09-04 21:26:59;140;41;20;17;12;10;8;6;4;4;2
2019-09-04 21:27:59;140;41;20;17;12;10;8;6;4;4;2
2019-09-04 21:28:58;140;41;20;17;12;10;8;6;4;4;2
2019-09-04 21:29:59;140;41;20;17;12;10;8;6;4;4;2
2019-09-04 21:30:59;141;42;20;17;12;10;8;6;4;4;2
2019-09-04 21:31:58;142;43;20;17;12;10;8;6;4;4;2
2019-09-04 21:32:59;142;43;20;17;12;10;8;6;4;4;2
2019-09-04 21:33:59;142;43;20;17;12;10;8;6;4;4;2
2019-09-04 21:34:59;142;43;20;17;12;10;8;6;4;4;2
2019-09-04 21:35:58;142;43;20;17;12;10;8;6;4;4;2
2019-09-04 21:36:59;142;43;20;17;12;10;8;6;4;4;2
2019-09-04 21:37:59;142;43;20;17;12;10;8;6;4;4;2
2019-09-04 21:38:58;142;43;20;17;12;10;8;6;4;4;2
2019-09-04 21:39:59;142;43;20;17;12;10;8;6;4;4;2
2019-09-04 21:40:59;142;43;20;17;12;10;8;6;4;4;2
2019-09-04 21:41:58;142;43;20;17;12;10;8;6;4;4;2
2019-09-04 21:42:59;142;43;20;17;12;10;8;6;4;4;2
2019-09-04 21:43:59;142;43;20;17;12;10;8;6;4;4;2
2019-09-04 21:44:59;142;43;20;17;12;10;8;6;4;4;2
2019-09-04 21:45:58;142;43;20;17;12;10;8;6;4;4;2
2019-09-04 21:46:59;142;43;20;17;12;10;8;6;4;4;2
2019-09-04 21:47:59;142;43;20;17;12;10;8;6;4;4;2
2019-09-04 21:48:59;142;43;20;17;12;10;8;6;4;4;2
2019-09-04 21:49:58;142;43;20;17;12;10;8;6;4;4;2
2019-09-04 21:50:59;142;43;20;17;12;10;8;6;4;4;2
2019-09-04 21:51:59;142;43;20;17;12;10;8;6;4;4;2
2019-09-04 21:52:59;142;43;20;17;12;10;8;6;4;4;2
2019-09-04 21:53:58;142;43;20;17;12;10;8;6;4;4;2
2019-09-04 21:54:59;143;43;21;17;12;10;8;6;4;4;2
2019-09-04 21:55:59;143;43;21;17;12;10;8;6;4;4;2
2019-09-04 21:56:58;143;43;21;17;12;10;8;6;4;4;2
2019-09-04 21:57:59;143;43;21;17;12;10;8;6;4;4;2
2019-09-04 21:58:59;143;43;21;17;12;10;8;6;4;4;2
2019-09-04 21:59:58;143;43;21;17;12;10;8;6;4;4;2
2019-09-04 22:00:59;143;43;21;17;12;10;8;6;4;4;2
2019-09-04 22:01:59;144;44;21;17;12;10;8;6;4;4;2
2019-09-04 22:02:59;145;44;22;17;12;10;8;6;4;4;2
2019-09-04 22:03:58;145;44;22;17;12;10;8;6;4;4;2
2019-09-04 22:04:59;145;44;22;17;12;10;8;6;4;4;2
2019-09-04 22:05:58;145;44;22;17;12;10;8;6;4;4;2
2019-09-04 22:06:59;145;44;22;17;12;10;8;6;4;4;2
2019-09-04 22:07:58;145;44;22;17;12;10;8;6;4;4;2
2019-09-04 22:08:59;145;44;22;17;12;10;8;6;4;4;2
2019-09-04 22:09:59;145;44;22;17;12;10;8;6;4;4;2
2019-09-04 22:10:59;145;44;22;17;12;10;8;6;4;4;2
2019-09-04 22:11:58;145;44;22;17;12;10;8;6;4;4;2
2019-09-04 22:12:59;145;44;22;17;12;10;8;6;4;4;2
2019-09-04 22:13:59;145;44;22;17;12;10;8;6;4;4;2
2019-09-04 22:14:59;145;44;22;17;12;10;8;6;4;4;2
2019-09-04 22:15:58;145;44;22;17;12;10;8;6;4;4;2
2019-09-04 22:16:59;145;44;22;17;12;10;8;6;4;4;2
2019-09-04 22:17:59;145;44;22;17;12;10;8;6;4;4;2
2019-09-04 22:18:59;145;44;22;17;12;10;8;6;4;4;2
2019-09-04 22:19:58;145;44;22;17;12;10;8;6;4;4;2
2019-09-04 22:20:59;146;44;23;17;12;10;8;6;4;4;2
2019-09-04 22:21:59;146;44;23;17;12;10;8;6;4;4;2
2019-09-04 22:22:58;146;44;23;17;12;10;8;6;4;4;2
2019-09-04 22:23:59;146;44;23;17;12;10;8;6;4;4;2
2019-09-04 22:24:59;146;44;23;17;12;10;8;6;4;4;2
2019-09-04 22:25:59;146;44;23;17;12;10;8;6;4;4;2
2019-09-04 22:26:58;146;44;23;17;12;10;8;6;4;4;2
2019-09-04 22:27:59;146;44;23;17;12;10;8;6;4;4;2
2019-09-04 22:28:59;146;44;23;17;12;10;8;6;4;4;2
2019-09-04 22:29:58;146;44;23;17;12;10;8;6;4;4;2
2019-09-04 22:30:59;146;44;23;17;12;10;8;6;4;4;2
2019-09-04 22:31:59;146;44;23;17;12;10;8;6;4;4;2
2019-09-04 22:32:59;146;44;23;17;12;10;8;6;4;4;2
2019-09-04 22:33:58;146;44;23;17;12;10;8;6;4;4;2
2019-09-04 22:34:59;146;44;23;17;12;10;8;6;4;4;2
2019-09-04 22:35:59;146;44;23;17;12;10;8;6;4;4;2
2019-09-04 22:36:58;146;44;23;17;12;10;8;6;4;4;2
2019-09-04 22:37:59;147;44;24;17;12;10;8;6;4;4;2
2019-09-04 22:38:59;147;44;24;17;12;10;8;6;4;4;2
2019-09-04 22:39:59;147;44;24;17;12;10;8;6;4;4;2
2019-09-04 22:40:58;147;44;24;17;12;10;8;6;4;4;2
2019-09-04 22:41:59;147;44;24;17;12;10;8;6;4;4;2
2019-09-04 22:42:59;147;44;24;17;12;10;8;6;4;4;2
2019-09-04 22:43:59;147;44;24;17;12;10;8;6;4;4;2
2019-09-04 22:44:58;147;44;24;17;12;10;8;6;4;4;2
2019-09-04 22:45:59;147;44;24;17;12;10;8;6;4;4;2
2019-09-04 22:46:59;147;44;24;17;12;10;8;6;4;4;2
2019-09-04 22:47:59;147;44;24;17;12;10;8;6;4;4;2
2019-09-04 22:48:58;147;44;24;17;12;10;8;6;4;4;2
2019-09-04 22:49:59;147;44;24;17;12;10;8;6;4;4;2
2019-09-04 22:50:59;147;44;24;17;12;10;8;6;4;4;2
2019-09-04 22:51:59;147;44;24;17;12;10;8;6;4;4;2
2019-09-04 22:52:58;147;44;24;17;12;10;8;6;4;4;2
2019-09-04 22:53:59;147;44;24;17;12;10;8;6;4;4;2
2019-09-04 22:54:59;147;44;24;17;12;10;8;6;4;4;2
2019-09-04 22:55:58;148;44;24;18;12;10;8;6;4;4;2
2019-09-04 22:56:59;148;44;24;18;12;10;8;6;4;4;2
2019-09-04 22:57:59;148;44;24;18;12;10;8;6;4;4;2
2019-09-04 22:58:59;148;44;24;18;12;10;8;6;4;4;2
2019-09-04 22:59:58;148;44;24;18;12;10;8;6;4;4;2
2019-09-04 23:00:59;148;44;24;18;12;10;8;6;4;4;2
2019-09-04 23:01:59;148;44;24;18;12;10;8;6;4;4;2
2019-09-04 23:02:59;148;44;24;18;12;10;8;6;4;4;2
2019-09-04 23:03:58;148;44;24;18;12;10;8;6;4;4;2
2019-09-04 23:04:59;148;44;24;18;12;10;8;6;4;4;2
2019-09-04 23:05:59;148;44;24;18;12;10;8;6;4;4;2
2019-09-04 23:06:59;148;44;24;18;12;10;8;6;4;4;2
2019-09-04 23:07:58;148;44;24;18;12;10;8;6;4;4;2
2019-09-04 23:08:59;148;44;24;18;12;10;8;6;4;4;2
2019-09-04 23:09:59;148;44;24;18;12;10;8;6;4;4;2
2019-09-04 23:10:59;148;44;24;18;12;10;8;6;4;4;2
2019-09-04 23:11:58;148;44;24;18;12;10;8;6;4;4;2
2019-09-04 23:12:59;149;44;24;18;12;10;9;6;4;4;2
2019-09-04 23:13:59;149;44;24;18;12;10;9;6;4;4;2
2019-09-04 23:14:59;149;44;24;18;12;10;9;6;4;4;2
2019-09-04 23:15:58;149;44;24;18;12;10;9;6;4;4;2
2019-09-04 23:16:59;149;44;24;18;12;10;9;6;4;4;2
2019-09-04 23:17:59;149;44;24;18;12;10;9;6;4;4;2
2019-09-04 23:18:58;149;44;24;18;12;10;9;6;4;4;2
2019-09-04 23:19:59;150;45;24;18;12;10;9;6;4;4;2
2019-09-04 23:20:59;150;45;24;18;12;10;9;6;4;4;2
2019-09-04 23:21:58;150;45;24;18;12;10;9;6;4;4;2
2019-09-04 23:22:59;150;45;24;18;12;10;9;6;4;4;2
2019-09-04 23:23:59;150;45;24;18;12;10;9;6;4;4;2
2019-09-04 23:24:58;150;45;24;18;12;10;9;6;4;4;2
2019-09-04 23:25:59;150;45;24;18;12;10;9;6;4;4;2
2019-09-04 23:26:59;150;45;24;18;12;10;9;6;4;4;2
2019-09-04 23:27:59;150;45;24;18;12;10;9;6;4;4;2
2019-09-04 23:28:58;151;45;24;19;12;10;9;6;4;4;2
2019-09-04 23:29:59;151;45;24;19;12;10;9;6;4;4;2
2019-09-04 23:30:59;151;45;24;19;12;10;9;6;4;4;2
2019-09-04 23:31:58;151;45;24;19;12;10;9;6;4;4;2
2019-09-04 23:32:59;151;45;24;19;12;10;9;6;4;4;2
2019-09-04 23:33:59;151;45;24;19;12;10;9;6;4;4;2
2019-09-04 23:34:59;151;45;24;19;12;10;9;6;4;4;2
2019-09-04 23:35:58;151;45;24;19;12;10;9;6;4;4;2
2019-09-04 23:36:59;151;45;24;19;12;10;9;6;4;4;2
2019-09-04 23:37:59;151;45;24;19;12;10;9;6;4;4;2
2019-09-04 23:38:59;151;45;24;19;12;10;9;6;4;4;2
2019-09-04 23:39:58;151;45;24;19;12;10;9;6;4;4;2
2019-09-04 23:40:59;152;45;24;20;12;10;9;6;4;4;2
2019-09-04 23:41:59;152;45;24;20;12;10;9;6;4;4;2
2019-09-04 23:42:59;152;45;24;20;12;10;9;6;4;4;2
2019-09-04 23:43:58;152;45;24;20;12;10;9;6;4;4;2
2019-09-04 23:44:59;152;45;24;20;12;10;9;6;4;4;2
2019-09-04 23:45:59;152;45;24;20;12;10;9;6;4;4;2
2019-09-04 23:46:59;152;45;24;20;12;10;9;6;4;4;2
2019-09-04 23:47:58;152;45;24;20;12;10;9;6;4;4;2
2019-09-04 23:48:59;152;45;24;20;12;10;9;6;4;4;2
2019-09-04 23:49:59;152;45;24;20;12;10;9;6;4;4;2
2019-09-04 23:50:58;152;45;24;20;12;10;9;6;4;4;2
2019-09-04 23:51:59;152;45;24;20;12;10;9;6;4;4;2
2019-09-04 23:52:59;152;45;24;20;12;10;9;6;4;4;2
2019-09-04 23:53:59;152;45;24;20;12;10;9;6;4;4;2
2019-09-04 23:54:58;152;45;24;20;12;10;9;6;4;4;2
2019-09-04 23:55:59;152;45;24;20;12;10;9;6;4;4;2
2019-09-04 23:56:59;152;45;24;20;12;10;9;6;4;4;2
2019-09-04 23:57:59;152;45;24;20;12;10;9;6;4;4;2
2019-09-04 23:58:58;152;45;24;20;12;10;9;6;4;4;2
2019-09-04 23:59:59;152;45;24;20;12;10;9;6;4;4;2
