datetime;total_votes;leprovalentin;Plancus;daruta;KOCTOPE3;Rumpelstilzchen;yachik;Есения;X-Rayer;pupsique;madcore
2019-02-20 00:00:59;0;1;0;0;0;0;0;0;0;0;0
2019-02-20 00:01:59;0;1;0;0;0;0;0;0;0;0;0
2019-02-20 00:02:59;2;1;0;1;0;0;0;0;0;0;0
2019-02-20 00:03:58;4;1;1;2;0;0;0;0;0;0;0
2019-02-20 00:04:59;5;1;2;2;0;0;0;0;0;0;0
2019-02-20 00:05:59;5;1;2;2;0;0;0;0;0;0;0
2019-02-20 00:06:58;5;1;2;2;0;0;0;0;0;0;0
2019-02-20 00:07:59;6;1;3;2;0;0;0;0;0;0;0
2019-02-20 00:08:59;7;1;3;2;0;0;0;0;0;0;0
2019-02-20 00:09:58;8;2;3;2;0;0;0;0;0;0;0
2019-02-20 00:10:59;9;2;3;2;1;0;0;0;0;0;0
2019-02-20 00:11:59;9;2;3;2;1;0;0;0;0;0;0
2019-02-20 00:12:58;9;2;3;2;1;0;0;0;0;0;0
2019-02-20 00:13:59;10;2;3;3;1;0;0;0;0;0;0
2019-02-20 00:14:59;10;2;3;3;1;0;0;0;0;0;0
2019-02-20 00:15:58;10;2;3;3;1;0;0;0;0;0;0
2019-02-20 00:16:59;10;2;3;3;1;0;0;0;0;0;0
2019-02-20 00:17:58;11;2;3;3;1;1;0;0;0;0;0
2019-02-20 00:18:59;11;2;3;3;1;1;0;0;0;0;0
2019-02-20 00:19:59;12;2;4;3;1;1;0;0;0;0;0
2019-02-20 00:20:59;12;2;4;3;1;1;0;0;0;0;0
2019-02-20 00:21:58;12;2;4;3;1;1;0;0;0;0;0
2019-02-20 00:22:59;12;2;4;3;1;1;0;0;0;0;0
2019-02-20 00:23:58;12;2;4;3;1;1;0;0;0;0;0
2019-02-20 00:24:59;12;2;4;3;1;1;0;0;0;0;0
2019-02-20 00:25:59;13;3;4;3;1;1;0;0;0;0;0
2019-02-20 00:26:58;13;3;4;3;1;1;0;0;0;0;0
2019-02-20 00:27:59;14;3;4;3;1;2;0;0;0;0;0
2019-02-20 00:28:59;15;3;4;3;2;2;0;0;0;0;0
2019-02-20 00:29:58;15;3;4;3;2;2;0;0;0;0;0
2019-02-20 00:30:59;15;3;4;3;2;2;0;0;0;0;0
2019-02-20 00:31:58;15;3;4;3;2;2;0;0;0;0;0
2019-02-20 00:32:59;16;3;4;3;2;2;0;0;0;0;0
2019-02-20 00:33:59;16;3;4;3;2;2;0;0;0;0;0
2019-02-20 00:34:58;16;3;4;3;2;2;0;0;0;0;0
2019-02-20 00:35:59;16;3;4;3;2;2;0;0;0;0;0
2019-02-20 00:36:59;16;3;4;3;2;2;0;0;0;0;0
2019-02-20 00:37:58;17;3;4;3;2;2;0;0;0;0;0
2019-02-20 00:38:59;17;3;4;3;2;2;0;0;0;0;0
2019-02-20 00:39:59;17;3;4;3;2;2;0;0;0;0;0
2019-02-20 00:40:58;17;3;4;3;2;2;0;0;0;0;0
2019-02-20 00:41:59;17;3;4;3;2;2;0;0;0;0;0
2019-02-20 00:42:58;17;3;4;3;2;2;0;0;0;0;0
2019-02-20 00:43:59;18;3;4;4;2;2;0;0;0;0;0
2019-02-20 00:44:58;19;3;5;4;2;2;0;0;0;0;0
2019-02-20 00:45:59;20;3;6;4;2;2;0;0;0;0;0
2019-02-20 00:46:59;20;3;6;4;2;2;0;0;0;0;0
2019-02-20 00:47:58;21;3;7;4;2;2;0;0;0;0;0
2019-02-20 00:48:59;21;3;7;4;2;2;0;0;0;0;0
2019-02-20 00:49:59;22;3;8;4;2;2;0;0;0;0;0
2019-02-20 00:50:58;22;3;8;4;2;2;0;0;0;0;0
2019-02-20 00:51:59;22;3;8;4;2;2;0;0;0;0;0
2019-02-20 00:52:59;22;3;8;4;2;2;0;0;0;0;0
2019-02-20 00:53:58;22;3;8;4;2;2;0;0;0;0;0
2019-02-20 00:54:59;22;3;8;4;2;2;0;0;0;0;0
2019-02-20 00:55:58;23;4;8;4;2;2;0;0;0;0;0
2019-02-20 00:56:59;23;4;8;4;2;2;0;0;0;0;0
2019-02-20 00:57:59;24;4;9;4;2;2;0;0;0;0;0
2019-02-20 00:58:58;24;4;9;4;2;2;0;0;0;0;0
2019-02-20 00:59:59;24;4;9;4;2;2;0;0;0;0;0
2019-02-20 01:00:59;24;4;8;4;2;2;0;0;0;0;1
2019-02-20 01:01:58;24;4;8;4;2;2;0;0;0;0;1
2019-02-20 01:02:59;24;4;8;4;2;2;0;0;0;0;1
2019-02-20 01:03:59;24;4;8;4;2;2;0;0;0;0;1
2019-02-20 01:04:58;24;4;8;4;2;2;0;0;0;0;1
2019-02-20 01:05:59;25;4;8;4;2;2;1;0;0;0;1
2019-02-20 01:06:59;25;4;8;4;2;2;1;0;0;0;1
2019-02-20 01:07:58;25;4;8;4;2;2;1;0;0;0;1
2019-02-20 01:08:59;25;4;8;4;2;2;1;0;0;0;1
2019-02-20 01:10:00;25;4;8;4;2;2;1;0;0;0;1
2019-02-20 01:10:58;26;4;8;4;2;2;2;0;0;0;1
2019-02-20 01:11:59;27;5;9;4;2;2;2;0;0;0;0
2019-02-20 01:12:58;27;5;9;4;2;2;2;0;0;0;0
2019-02-20 01:13:59;27;5;9;4;2;2;2;0;0;0;0
2019-02-20 01:14:59;28;5;9;4;2;2;2;0;0;0;1
2019-02-20 01:15:58;28;5;9;4;2;2;2;0;0;0;1
2019-02-20 01:16:59;28;5;9;4;2;2;2;0;0;0;1
2019-02-20 01:17:59;28;5;9;4;2;2;2;0;0;0;1
2019-02-20 01:18:58;28;5;9;4;2;2;2;0;0;0;1
2019-02-20 01:19:59;28;5;9;4;2;2;2;0;0;0;1
2019-02-20 01:20:58;28;5;9;4;2;2;2;0;0;0;1
2019-02-20 01:21:59;28;5;9;4;2;2;2;0;0;0;1
2019-02-20 01:22:59;28;5;9;4;2;2;2;0;0;0;1
2019-02-20 01:23:58;28;5;9;4;2;2;2;0;0;0;1
2019-02-20 01:24:59;28;5;9;4;2;2;2;0;0;0;1
2019-02-20 01:25:59;29;5;10;4;2;2;2;0;0;0;1
2019-02-20 01:26:58;29;5;10;4;2;2;2;0;0;0;1
2019-02-20 01:27:59;29;5;10;4;2;2;2;0;0;0;1
2019-02-20 01:28:58;29;5;10;4;2;2;2;0;0;0;1
2019-02-20 01:29:59;29;5;10;4;2;2;2;0;0;0;1
2019-02-20 01:30:59;29;5;10;4;2;2;2;0;0;0;1
2019-02-20 01:31:58;29;5;10;4;2;2;2;0;0;0;1
2019-02-20 01:32:59;29;5;10;4;2;2;2;0;0;0;1
2019-02-20 01:33:59;29;5;10;4;2;2;2;0;0;0;1
2019-02-20 01:34:58;29;5;10;4;2;2;2;0;0;0;1
2019-02-20 01:35:59;29;5;10;4;2;2;2;0;0;0;1
2019-02-20 01:36:59;30;5;10;5;2;2;2;0;0;0;1
2019-02-20 01:37:58;30;5;10;5;2;2;2;0;0;0;1
2019-02-20 01:38:59;30;5;10;5;2;2;2;0;0;0;1
2019-02-20 01:40:00;30;5;10;5;2;2;2;0;0;0;1
2019-02-20 01:40:58;30;5;10;5;2;2;2;0;0;0;1
2019-02-20 01:41:59;30;5;10;5;2;2;2;0;0;0;1
2019-02-20 01:42:58;30;5;10;5;2;2;2;0;0;0;1
2019-02-20 01:43:59;30;5;10;5;2;2;2;0;0;0;1
2019-02-20 01:44:59;30;5;10;5;2;2;2;0;0;0;1
2019-02-20 01:45:58;30;5;10;5;2;2;2;0;0;0;1
2019-02-20 01:46:59;31;6;10;5;2;2;2;0;0;0;1
2019-02-20 01:47:59;31;6;10;5;2;2;2;0;0;0;1
2019-02-20 01:48:58;31;6;10;5;2;2;2;0;0;0;1
2019-02-20 01:49:59;31;6;10;5;2;2;2;0;0;0;1
2019-02-20 01:50:59;32;7;10;5;2;2;2;0;0;0;1
2019-02-20 01:51:58;32;7;10;5;2;2;2;0;0;0;1
2019-02-20 01:52:59;32;7;10;5;2;2;2;0;0;0;1
2019-02-20 01:54:00;32;7;10;5;2;2;2;0;0;0;1
2019-02-20 01:54:58;32;7;10;5;2;2;2;0;0;0;1
2019-02-20 01:55:59;32;7;10;5;2;2;2;0;0;0;1
2019-02-20 01:56:58;32;7;10;5;2;2;2;0;0;0;1
2019-02-20 01:57:59;32;7;10;5;2;2;2;0;0;0;1
2019-02-20 01:58:59;32;7;10;5;2;2;2;0;0;0;1
2019-02-20 01:59:58;32;7;10;5;2;2;2;0;0;0;1
2019-02-20 02:00:59;32;7;10;5;2;2;2;0;0;0;1
2019-02-20 02:01:58;32;7;10;5;2;2;2;0;0;0;1
2019-02-20 02:02:59;32;7;10;5;2;2;2;0;0;0;1
2019-02-20 02:03:59;32;7;10;5;2;2;2;0;0;0;1
2019-02-20 02:04:58;32;7;10;5;2;2;2;0;0;0;1
2019-02-20 02:05:59;33;7;10;5;2;3;2;0;0;0;1
2019-02-20 02:06:59;33;7;10;5;2;3;2;0;0;0;1
2019-02-20 02:07:58;34;8;10;5;2;3;2;0;0;0;1
2019-02-20 02:08:59;34;8;10;5;2;3;2;0;0;0;1
2019-02-20 02:09:59;34;8;10;5;2;3;2;0;0;0;1
2019-02-20 02:10:58;34;8;10;5;2;3;2;0;0;0;1
2019-02-20 02:11:59;34;8;10;5;2;3;2;0;0;0;1
2019-02-20 02:12:58;34;8;10;5;2;3;2;0;0;0;1
2019-02-20 02:13:59;34;8;10;5;2;3;2;0;0;0;1
2019-02-20 02:14:59;34;8;10;5;2;3;2;0;0;0;1
2019-02-20 02:15:58;34;8;10;5;2;3;2;0;0;0;1
2019-02-20 02:16:59;34;8;10;5;2;3;2;0;0;0;1
2019-02-20 02:17:59;35;8;10;5;2;3;2;0;0;0;1
2019-02-20 02:18:58;35;8;10;5;2;3;2;0;0;0;1
2019-02-20 02:19:59;36;8;11;5;2;3;2;0;0;0;1
2019-02-20 02:20:59;36;8;11;5;2;3;2;0;0;0;1
2019-02-20 02:21:58;36;8;11;5;2;3;2;0;0;0;1
2019-02-20 02:22:59;36;8;11;5;2;3;2;0;0;0;1
2019-02-20 02:23:58;36;8;11;5;2;3;2;0;0;0;1
2019-02-20 02:24:59;36;8;11;5;2;3;2;0;0;0;1
2019-02-20 02:25:59;36;8;11;5;2;3;2;0;0;0;1
2019-02-20 02:26:58;36;8;11;5;2;3;2;0;0;0;1
2019-02-20 02:27:59;36;8;11;5;2;3;2;0;0;0;1
2019-02-20 02:28:59;36;8;11;5;2;3;2;0;0;0;1
2019-02-20 02:29:58;37;8;12;5;2;3;2;0;0;0;1
2019-02-20 02:30:59;37;8;12;5;2;3;2;0;0;0;1
2019-02-20 02:31:59;37;8;12;5;2;3;2;0;0;0;1
2019-02-20 02:32:58;37;8;12;5;2;3;2;0;0;0;1
2019-02-20 02:33:59;37;8;12;5;2;3;2;0;0;0;1
2019-02-20 02:34:58;37;8;12;5;2;3;2;0;0;0;1
2019-02-20 02:35:59;37;8;12;5;2;3;2;0;0;0;1
2019-02-20 02:36:59;37;8;12;5;2;3;2;0;0;0;1
2019-02-20 02:37:58;37;8;12;5;2;3;2;0;0;0;1
2019-02-20 02:38:59;37;8;12;5;2;3;2;0;0;0;1
2019-02-20 02:39:58;37;8;12;5;2;3;2;0;0;0;1
2019-02-20 02:40:59;37;8;12;5;2;3;2;0;0;0;1
2019-02-20 02:41:59;37;8;12;5;2;3;2;0;0;0;1
2019-02-20 02:42:58;37;8;12;5;2;3;2;0;0;0;1
2019-02-20 02:43:59;37;8;12;5;2;3;2;0;0;0;1
2019-02-20 02:44:59;37;8;12;5;2;3;2;0;0;0;1
2019-02-20 02:45:58;37;8;12;5;2;3;2;0;0;0;1
2019-02-20 02:46:59;37;8;12;5;2;3;2;0;0;0;1
2019-02-20 02:47:59;37;8;12;5;2;3;2;0;0;0;1
2019-02-20 02:48:58;37;8;12;5;2;3;2;0;0;0;1
2019-02-20 02:49:59;37;8;12;5;2;3;2;0;0;0;1
2019-02-20 02:50:59;37;8;12;5;2;3;2;0;0;0;1
2019-02-20 02:51:59;37;8;12;5;2;3;2;0;0;0;1
2019-02-20 02:52:58;37;8;12;5;2;3;2;0;0;0;1
2019-02-20 02:53:59;37;8;12;5;2;3;2;0;0;0;1
2019-02-20 02:54:59;37;8;12;5;2;3;2;0;0;0;1
2019-02-20 02:55:58;37;8;12;5;2;3;2;0;0;0;1
2019-02-20 02:56:59;37;8;12;5;2;3;2;0;0;0;1
2019-02-20 02:57:58;37;8;12;5;2;3;2;0;0;0;1
2019-02-20 02:58:59;37;8;12;5;2;3;2;0;0;0;1
2019-02-20 02:59:59;38;8;13;5;2;3;2;0;0;0;1
2019-02-20 03:00:58;38;8;13;5;2;3;2;0;0;0;1
2019-02-20 03:01:59;38;8;13;5;2;3;2;0;0;0;1
2019-02-20 03:02:59;38;8;13;5;2;3;2;0;0;0;1
2019-02-20 03:03:58;38;8;13;5;2;3;2;0;0;0;1
2019-02-20 03:04:59;38;8;13;5;2;3;2;0;0;0;1
2019-02-20 03:05:58;38;8;13;5;2;3;2;0;0;0;1
2019-02-20 03:06:59;38;8;13;5;2;3;2;0;0;0;1
2019-02-20 03:07:59;38;8;13;5;2;3;2;0;0;0;1
2019-02-20 03:08:58;38;8;13;5;2;3;2;0;0;0;1
2019-02-20 03:09:59;38;8;13;5;2;3;2;0;0;0;1
2019-02-20 03:10:58;38;8;13;5;2;3;2;0;0;0;1
2019-02-20 03:11:59;39;8;13;6;2;3;2;0;0;0;1
2019-02-20 03:12:59;39;8;13;6;2;3;2;0;0;0;1
2019-02-20 03:13:58;39;8;13;6;2;3;2;0;0;0;1
2019-02-20 03:14:59;39;8;13;6;2;3;2;0;0;0;1
2019-02-20 03:15:58;39;8;13;6;2;3;2;0;0;0;1
2019-02-20 03:16:59;40;9;13;6;2;3;2;0;0;0;1
2019-02-20 03:17:59;40;9;13;6;2;3;2;0;0;0;1
2019-02-20 03:18:58;40;9;13;6;2;3;2;0;0;0;1
2019-02-20 03:19:59;40;9;13;6;2;3;2;0;0;0;1
2019-02-20 03:20:59;40;9;13;6;2;3;2;0;0;0;1
2019-02-20 03:21:58;40;9;13;6;2;3;2;0;0;0;1
2019-02-20 03:22:59;40;9;13;6;2;3;2;0;0;0;1
2019-02-20 03:23:59;40;9;13;6;2;3;2;0;0;0;1
2019-02-20 03:24:58;40;9;13;6;2;3;2;0;0;0;1
2019-02-20 03:25:59;40;9;13;6;2;3;2;0;0;0;1
2019-02-20 03:26:59;40;9;13;6;2;3;2;0;0;0;1
2019-02-20 03:27:58;40;9;13;6;2;3;2;0;0;0;1
2019-02-20 03:28:59;40;9;13;6;2;3;2;0;0;0;1
2019-02-20 03:29:58;40;9;13;6;2;3;2;0;0;0;1
2019-02-20 03:30:59;40;9;13;6;2;3;2;0;0;0;1
2019-02-20 03:31:59;40;9;13;6;2;3;2;0;0;0;1
2019-02-20 03:32:58;40;9;13;6;2;3;2;0;0;0;1
2019-02-20 03:33:59;40;9;13;6;2;3;2;0;0;0;1
2019-02-20 03:34:59;40;9;13;6;2;3;2;0;0;0;1
2019-02-20 03:35:58;40;9;13;6;2;3;2;0;0;0;1
2019-02-20 03:36:59;40;9;13;6;2;3;2;0;0;0;1
2019-02-20 03:37:59;40;9;13;6;2;3;2;0;0;0;1
2019-02-20 03:38:58;40;9;13;6;2;3;2;0;0;0;1
2019-02-20 03:39:59;40;9;13;6;2;3;2;0;0;0;1
2019-02-20 03:40:58;40;9;13;6;2;3;2;0;0;0;1
2019-02-20 03:41:59;40;9;13;6;2;3;2;0;0;0;1
2019-02-20 03:42:59;40;9;13;6;2;3;2;0;0;0;1
2019-02-20 03:43:58;40;9;13;6;2;3;2;0;0;0;1
2019-02-20 03:44:59;40;9;13;6;2;3;2;0;0;0;1
2019-02-20 03:45:59;40;9;13;6;2;3;2;0;0;0;1
2019-02-20 03:46:58;40;9;13;6;2;3;2;0;0;0;1
2019-02-20 03:47:59;40;9;13;6;2;3;2;0;0;0;1
2019-02-20 03:48:59;40;9;13;6;2;3;2;0;0;0;1
2019-02-20 03:49:58;40;9;13;6;2;3;2;0;0;0;1
2019-02-20 03:50:59;40;9;13;6;2;3;2;0;0;0;1
2019-02-20 03:51:59;40;9;13;6;2;3;2;0;0;0;1
2019-02-20 03:52:58;40;9;13;6;2;3;2;0;0;0;1
2019-02-20 03:53:59;42;11;13;6;2;3;2;0;0;0;1
2019-02-20 03:54:58;42;11;13;6;2;3;2;0;0;0;1
2019-02-20 03:55:59;42;11;13;6;2;3;2;0;0;0;1
2019-02-20 03:56:59;42;11;13;6;2;3;2;0;0;0;1
2019-02-20 03:57:58;42;11;13;6;2;3;2;0;0;0;1
2019-02-20 03:58:59;42;11;13;6;2;3;2;0;0;0;1
2019-02-20 03:59:58;42;11;13;6;2;3;2;0;0;0;1
2019-02-20 04:00:59;42;11;13;6;2;3;2;0;0;0;1
2019-02-20 04:01:58;42;11;13;6;2;3;2;0;0;0;1
2019-02-20 04:02:59;42;11;13;6;2;3;2;0;0;0;1
2019-02-20 04:03:59;42;11;13;6;2;3;2;0;0;0;1
2019-02-20 04:04:58;42;11;13;6;2;3;2;0;0;0;1
2019-02-20 04:05:59;42;11;13;6;2;3;2;0;0;0;1
2019-02-20 04:06:58;42;11;13;6;2;3;2;0;0;0;1
2019-02-20 04:07:59;42;11;13;6;2;3;2;0;0;0;1
2019-02-20 04:08:58;42;11;13;6;2;3;2;0;0;0;1
2019-02-20 04:09:59;42;11;13;6;2;3;2;0;0;0;1
2019-02-20 04:10:59;42;11;13;6;2;3;2;0;0;0;1
2019-02-20 04:11:58;42;11;13;6;2;3;2;0;0;0;1
2019-02-20 04:12:59;42;11;13;6;2;3;2;0;0;0;1
2019-02-20 04:13:58;42;11;13;6;2;3;2;0;0;0;1
2019-02-20 04:14:59;42;11;13;6;2;3;2;0;0;0;1
2019-02-20 04:15:59;42;11;13;6;2;3;2;0;0;0;1
2019-02-20 04:16:58;42;11;13;6;2;3;2;0;0;0;1
2019-02-20 04:17:59;42;11;13;6;2;3;2;0;0;0;1
2019-02-20 04:18:58;42;11;13;6;2;3;2;0;0;0;1
2019-02-20 04:19:59;42;11;13;6;2;3;2;0;0;0;1
2019-02-20 04:20:59;42;11;13;6;2;3;2;0;0;0;1
2019-02-20 04:21:58;42;11;13;6;2;3;2;0;0;0;1
2019-02-20 04:22:59;42;11;13;6;2;3;2;0;0;0;1
2019-02-20 04:23:59;42;11;13;6;2;3;2;0;0;0;1
2019-02-20 04:24:58;42;11;13;6;2;3;2;0;0;0;1
2019-02-20 04:25:59;42;11;13;6;2;3;2;0;0;0;1
2019-02-20 04:26:58;42;11;13;6;2;3;2;0;0;0;1
2019-02-20 04:27:59;42;11;13;6;2;3;2;0;0;0;1
2019-02-20 04:28:59;42;11;13;6;2;3;2;0;0;0;1
2019-02-20 04:29:58;42;11;13;6;2;3;2;0;0;0;1
2019-02-20 04:30:59;42;11;13;6;2;3;2;0;0;0;1
2019-02-20 04:31:58;42;11;13;6;2;3;2;0;0;0;1
2019-02-20 04:32:59;42;11;13;6;2;3;2;0;0;0;1
2019-02-20 04:33:59;42;11;13;6;2;3;2;0;0;0;1
2019-02-20 04:34:58;42;11;13;6;2;3;2;0;0;0;1
2019-02-20 04:35:59;42;11;13;6;2;3;2;0;0;0;1
2019-02-20 04:36:58;43;11;13;6;2;3;2;0;0;0;1
2019-02-20 04:37:59;43;11;13;6;2;3;2;0;0;0;1
2019-02-20 04:38:59;43;11;13;6;2;3;2;0;0;0;1
2019-02-20 04:39:58;43;11;13;6;2;3;2;0;0;0;1
2019-02-20 04:40:59;43;11;13;6;2;3;2;0;0;0;1
2019-02-20 04:41:58;43;11;13;6;2;3;2;0;0;0;1
2019-02-20 04:42:59;43;11;13;6;2;3;2;0;0;0;1
2019-02-20 04:43:59;43;11;13;6;2;3;2;0;0;0;1
2019-02-20 04:44:58;43;11;13;6;2;3;2;0;0;0;1
2019-02-20 04:45:59;43;11;13;6;2;3;2;0;0;0;1
2019-02-20 04:47:00;44;11;13;7;2;3;2;0;0;0;1
2019-02-20 04:47:58;44;11;13;7;2;3;2;0;0;0;1
2019-02-20 04:48:59;44;11;13;7;2;3;2;0;0;0;1
2019-02-20 04:49:58;44;11;13;7;2;3;2;0;0;0;1
2019-02-20 04:50:59;44;11;13;7;2;3;2;0;0;0;1
2019-02-20 04:51:59;44;11;13;7;2;3;2;0;0;0;1
2019-02-20 04:52:58;44;11;13;7;2;3;2;0;0;0;1
2019-02-20 04:53:59;44;11;13;7;2;3;2;0;0;0;1
2019-02-20 04:54:58;44;11;13;7;2;3;2;0;0;0;1
2019-02-20 04:55:59;44;11;13;7;2;3;2;0;0;0;1
2019-02-20 04:56:58;44;11;13;7;2;3;2;0;0;0;1
2019-02-20 04:57:59;44;11;13;7;2;3;2;0;0;0;1
2019-02-20 04:58:59;44;11;13;7;2;3;2;0;0;0;1
2019-02-20 04:59:58;44;11;13;7;2;3;2;0;0;0;1
2019-02-20 05:00:59;44;11;13;7;2;3;2;0;0;0;1
2019-02-20 05:01:58;44;11;13;7;2;3;2;0;0;0;1
2019-02-20 05:02:59;44;11;13;7;2;3;2;0;0;0;1
2019-02-20 05:04:00;44;11;13;7;2;3;2;0;0;0;1
2019-02-20 05:04:58;44;11;13;7;2;3;2;0;0;0;1
2019-02-20 05:05:59;44;11;13;7;2;3;2;0;0;0;1
2019-02-20 05:06:58;44;11;13;7;2;3;2;0;0;0;1
2019-02-20 05:07:59;44;11;13;7;2;3;2;0;0;0;1
2019-02-20 05:08:59;44;11;13;7;2;3;2;0;0;0;1
2019-02-20 05:09:58;44;11;13;7;2;3;2;0;0;0;1
2019-02-20 05:10:59;44;11;13;7;2;3;2;0;0;0;1
2019-02-20 05:11:59;44;11;13;7;2;3;2;0;0;0;1
2019-02-20 05:12:58;44;11;13;7;2;3;2;0;0;0;1
2019-02-20 05:13:59;44;11;13;7;2;3;2;0;0;0;1
2019-02-20 05:14:59;44;11;13;7;2;3;2;0;0;0;1
2019-02-20 05:15:58;45;11;14;7;2;3;2;0;0;0;1
2019-02-20 05:16:59;45;11;14;7;2;3;2;0;0;0;1
2019-02-20 05:17:58;45;11;14;7;2;3;2;0;0;0;1
2019-02-20 05:18:59;45;11;14;7;2;3;2;0;0;0;1
2019-02-20 05:19:59;45;11;14;7;2;3;2;0;0;0;1
2019-02-20 05:20:58;45;11;14;7;2;3;2;0;0;0;1
2019-02-20 05:21:59;45;11;14;7;2;3;2;0;0;0;1
2019-02-20 05:22:58;45;11;14;7;2;3;2;0;0;0;1
2019-02-20 05:23:59;45;11;14;7;2;3;2;0;0;0;1
2019-02-20 05:24:59;45;11;14;7;2;3;2;0;0;0;1
2019-02-20 05:25:58;45;11;14;7;2;3;2;0;0;0;1
2019-02-20 05:26:59;45;11;14;7;2;3;2;0;0;0;1
2019-02-20 05:27:58;45;11;14;7;2;3;2;0;0;0;1
2019-02-20 05:28:59;45;11;14;7;2;3;2;0;0;0;1
2019-02-20 05:29:59;45;11;14;7;2;3;2;0;0;0;1
2019-02-20 05:30:58;45;11;14;7;2;3;2;0;0;0;1
2019-02-20 05:31:59;45;11;14;7;2;3;2;0;0;0;1
2019-02-20 05:32:59;45;11;14;7;2;3;2;0;0;0;1
2019-02-20 05:33:58;45;11;14;7;2;3;2;0;0;0;1
2019-02-20 05:34:59;45;11;14;7;2;3;2;0;0;0;1
2019-02-20 05:35:58;45;11;14;7;2;3;2;0;0;0;1
2019-02-20 05:36:59;45;11;14;7;2;3;2;0;0;0;1
2019-02-20 05:37:59;45;11;14;7;2;3;2;0;0;0;1
2019-02-20 05:38:58;45;11;14;7;2;3;2;0;0;0;1
2019-02-20 05:39:59;45;11;14;7;2;3;2;0;0;0;1
2019-02-20 05:40:59;45;11;14;7;2;3;2;0;0;0;1
2019-02-20 05:41:58;45;11;14;7;2;3;2;0;0;0;1
2019-02-20 05:42:59;45;11;14;7;2;3;2;0;0;0;1
2019-02-20 05:43:59;45;11;14;7;2;3;2;0;0;0;1
2019-02-20 05:44:58;45;11;14;7;2;3;2;0;0;0;1
2019-02-20 05:45:59;45;11;14;7;2;3;2;0;0;0;1
2019-02-20 05:46:59;45;11;14;7;2;3;2;0;0;0;1
2019-02-20 05:47:58;45;11;14;7;2;3;2;0;0;0;1
2019-02-20 05:48:59;45;11;14;7;2;3;2;0;0;0;1
2019-02-20 05:49:58;45;11;14;7;2;3;2;0;0;0;1
2019-02-20 05:50:59;45;11;14;7;2;3;2;0;0;0;1
2019-02-20 05:51:59;45;11;14;7;2;3;2;0;0;0;1
2019-02-20 05:52:58;45;11;14;7;2;3;2;0;0;0;1
2019-02-20 05:53:59;45;11;14;7;2;3;2;0;0;0;1
2019-02-20 05:54:59;45;11;14;7;2;3;2;0;0;0;1
2019-02-20 05:55:58;45;11;14;7;2;3;2;0;0;0;1
2019-02-20 05:56:59;45;11;14;7;2;3;2;0;0;0;1
2019-02-20 05:57:58;45;11;14;7;2;3;2;0;0;0;1
2019-02-20 05:58:59;45;11;14;7;2;3;2;0;0;0;1
2019-02-20 05:59:59;45;11;14;7;2;3;2;0;0;0;1
2019-02-20 06:00:58;45;11;14;7;2;3;2;0;0;0;1
2019-02-20 06:01:59;45;11;14;7;2;3;2;0;0;0;1
2019-02-20 06:02:59;45;11;14;7;2;3;2;0;0;0;1
2019-02-20 06:03:58;45;11;14;7;2;3;2;0;0;0;1
2019-02-20 06:04:59;45;11;14;7;2;3;2;0;0;0;1
2019-02-20 06:05:59;45;11;14;7;2;3;2;0;0;0;1
2019-02-20 06:06:58;45;11;14;7;2;3;2;0;0;0;1
2019-02-20 06:07:59;45;11;14;7;2;3;2;0;0;0;1
2019-02-20 06:08:59;45;11;14;7;2;3;2;0;0;0;1
2019-02-20 06:09:58;45;11;14;7;2;3;2;0;0;0;1
2019-02-20 06:10:59;45;11;14;7;2;3;2;0;0;0;1
2019-02-20 06:11:59;45;11;14;7;2;3;2;0;0;0;1
2019-02-20 06:12:58;46;11;14;7;2;3;2;0;1;0;2
2019-02-20 06:13:59;46;11;14;7;2;3;2;0;1;0;2
2019-02-20 06:14:58;47;12;14;7;2;3;2;0;1;0;2
2019-02-20 06:15:59;47;12;14;7;2;3;2;0;1;0;2
2019-02-20 06:16:58;47;12;14;7;2;3;2;0;1;0;2
2019-02-20 06:17:59;47;12;14;7;2;3;2;0;1;0;2
2019-02-20 06:18:58;47;12;14;7;2;3;2;0;1;0;2
2019-02-20 06:19:59;47;12;14;7;2;3;2;0;1;0;2
2019-02-20 06:20:59;47;12;14;7;2;3;2;0;1;0;2
2019-02-20 06:21:59;47;12;14;7;2;3;2;0;1;0;2
2019-02-20 06:22:59;47;12;14;7;2;3;2;0;1;0;2
2019-02-20 06:23:59;47;12;14;7;2;3;2;0;1;0;2
2019-02-20 06:24:58;47;12;14;7;2;3;2;0;1;0;2
2019-02-20 06:25:59;47;12;14;7;2;3;2;0;1;0;2
2019-02-20 06:26:58;47;12;14;7;2;3;2;0;1;0;2
2019-02-20 06:27:59;48;13;14;7;2;3;2;0;1;0;2
2019-02-20 06:28:59;50;13;16;7;2;3;2;0;1;0;2
2019-02-20 06:29:58;50;13;16;7;2;3;2;0;1;0;2
2019-02-20 06:30:59;50;13;16;7;2;3;2;0;1;0;2
2019-02-20 06:31:59;50;13;16;7;2;3;2;0;1;0;2
2019-02-20 06:32:58;50;13;16;7;2;3;2;0;1;0;2
2019-02-20 06:33:59;50;13;16;7;2;3;2;0;1;0;2
2019-02-20 06:34:58;50;13;16;7;2;3;2;0;1;0;2
2019-02-20 06:35:59;50;13;16;7;2;3;2;0;1;0;2
2019-02-20 06:36:58;50;13;16;7;2;3;2;0;1;0;2
2019-02-20 06:37:59;50;13;16;7;2;3;2;0;1;0;2
2019-02-20 06:38:59;50;13;16;7;2;3;2;0;1;0;2
2019-02-20 06:39:58;50;13;16;7;2;3;2;0;1;0;2
2019-02-20 06:40:59;50;13;16;7;2;3;2;0;1;0;2
2019-02-20 06:41:58;50;13;16;7;2;3;2;0;1;0;2
2019-02-20 06:42:59;51;14;16;7;2;3;2;0;1;0;2
2019-02-20 06:43:59;51;14;16;7;2;3;2;0;1;0;2
2019-02-20 06:44:58;51;14;16;7;2;3;2;0;1;0;2
2019-02-20 06:45:59;51;14;16;7;2;3;2;0;1;0;2
2019-02-20 06:46:58;52;15;16;7;2;3;2;0;1;0;2
2019-02-20 06:47:59;52;15;16;7;2;3;2;0;1;0;2
2019-02-20 06:48:59;52;15;16;7;2;3;2;0;1;0;2
2019-02-20 06:49:58;52;15;16;7;2;3;2;0;1;0;2
2019-02-20 06:50:59;52;15;16;7;2;3;2;0;1;0;2
2019-02-20 06:51:58;52;15;16;7;2;3;2;0;1;0;2
2019-02-20 06:52:59;52;15;16;7;2;3;2;0;1;0;2
2019-02-20 06:53:58;53;15;16;7;2;3;2;1;1;0;2
2019-02-20 06:54:59;53;15;16;7;2;3;2;1;1;0;2
2019-02-20 06:55:59;53;15;16;7;2;3;2;1;1;0;2
2019-02-20 06:56:58;53;15;16;7;2;3;2;1;1;0;2
2019-02-20 06:57:59;53;15;16;7;2;3;2;1;1;0;2
2019-02-20 06:58:59;53;15;16;7;2;3;2;1;1;0;2
2019-02-20 06:59:58;53;15;16;7;2;3;2;1;1;0;2
2019-02-20 07:00:59;53;15;16;7;2;3;2;1;1;0;2
2019-02-20 07:01:58;53;15;16;7;2;3;2;1;1;0;2
2019-02-20 07:02:59;53;15;16;7;2;3;2;1;1;0;2
2019-02-20 07:03:59;53;15;16;7;2;3;2;1;1;0;2
2019-02-20 07:04:58;53;15;16;7;2;3;2;1;1;0;2
2019-02-20 07:05:59;54;15;16;8;2;3;2;1;1;0;2
2019-02-20 07:06:59;54;15;16;8;2;3;2;1;1;0;2
2019-02-20 07:07:58;54;15;16;8;2;3;2;1;1;0;2
2019-02-20 07:08:59;55;16;16;8;2;3;2;1;1;0;2
2019-02-20 07:09:59;55;16;16;8;2;3;2;1;1;0;2
2019-02-20 07:10:58;55;16;16;8;2;3;2;1;1;0;2
2019-02-20 07:11:59;55;16;16;8;2;3;2;1;1;0;2
2019-02-20 07:12:59;55;16;16;8;2;3;2;1;1;0;2
2019-02-20 07:13:58;55;16;16;8;2;3;2;1;1;0;2
2019-02-20 07:14:59;55;16;16;8;2;3;2;1;1;0;2
2019-02-20 07:15:58;55;16;16;8;2;3;2;1;1;0;2
2019-02-20 07:16:59;55;16;16;8;2;3;2;1;1;0;2
2019-02-20 07:17:59;55;16;16;8;2;3;2;1;1;0;2
2019-02-20 07:18:58;55;16;16;8;2;3;2;1;1;0;2
2019-02-20 07:19:59;55;16;16;8;2;3;2;1;1;0;2
2019-02-20 07:20:58;55;16;16;8;2;3;2;1;1;0;2
2019-02-20 07:21:59;55;16;16;8;2;3;2;1;1;0;2
2019-02-20 07:22:59;56;16;16;8;2;3;2;1;2;0;2
2019-02-20 07:23:58;56;16;16;8;2;3;2;1;2;0;2
2019-02-20 07:24:59;56;16;16;8;2;3;2;1;2;0;2
2019-02-20 07:25:58;56;16;16;8;2;3;2;1;2;0;2
2019-02-20 07:26:59;56;16;16;8;2;3;2;1;2;0;2
2019-02-20 07:27:59;56;16;16;8;2;3;2;1;2;0;2
2019-02-20 07:28:58;56;16;16;8;2;3;2;1;2;0;2
2019-02-20 07:29:59;56;16;16;8;2;3;2;1;2;0;2
2019-02-20 07:30:58;56;16;16;8;2;3;2;1;2;0;2
2019-02-20 07:31:59;56;16;16;8;2;3;2;1;2;0;2
2019-02-20 07:32:59;58;16;17;8;2;3;2;1;2;0;2
2019-02-20 07:33:58;58;16;17;8;2;3;2;1;2;0;2
2019-02-20 07:34:59;60;17;17;8;2;3;2;0;2;0;2
2019-02-20 07:35:59;60;17;17;8;2;3;2;0;2;0;2
2019-02-20 07:36:58;60;17;17;8;2;3;2;0;2;0;2
2019-02-20 07:37:59;60;17;17;8;2;3;2;0;2;0;2
2019-02-20 07:38:59;60;17;17;8;2;3;2;0;2;0;2
2019-02-20 07:39:58;60;17;17;8;2;3;2;0;2;0;2
2019-02-20 07:40:59;60;17;17;8;2;3;2;0;2;0;2
2019-02-20 07:41:58;60;17;17;8;2;3;2;0;2;0;2
2019-02-20 07:42:59;60;17;17;8;2;3;2;0;2;0;2
2019-02-20 07:43:59;60;17;17;8;2;3;2;0;2;0;2
2019-02-20 07:44:58;60;17;17;8;2;3;2;0;2;0;2
2019-02-20 07:45:59;60;17;17;8;2;3;2;0;2;0;2
2019-02-20 07:46:58;60;17;17;8;2;3;2;0;2;0;2
2019-02-20 07:47:59;60;17;17;8;2;3;2;0;2;0;2
2019-02-20 07:48:59;61;17;17;8;2;3;2;0;2;0;2
2019-02-20 07:49:58;61;17;17;8;2;3;2;0;2;0;2
2019-02-20 07:50:59;61;17;17;8;2;3;2;0;2;0;2
2019-02-20 07:51:58;61;17;17;8;2;3;2;0;2;0;2
2019-02-20 07:52:59;61;17;17;8;2;3;2;0;2;0;2
2019-02-20 07:53:59;61;17;17;8;2;3;2;0;2;0;2
2019-02-20 07:54:58;61;17;17;8;2;3;2;0;2;0;2
2019-02-20 07:55:59;62;18;17;8;2;3;2;0;2;0;2
2019-02-20 07:56:59;62;18;17;8;2;3;2;0;2;0;2
2019-02-20 07:57:58;62;18;17;8;2;3;2;0;2;0;2
2019-02-20 07:58:59;62;18;17;8;2;3;2;0;2;0;2
2019-02-20 07:59:58;63;19;17;8;2;3;2;0;2;0;2
2019-02-20 08:00:59;63;19;17;8;2;3;2;0;2;0;2
2019-02-20 08:01:59;64;20;17;8;2;3;2;0;2;0;2
2019-02-20 08:02:58;64;20;17;8;2;3;2;0;2;0;2
2019-02-20 08:03:59;64;20;17;8;2;3;2;0;2;0;2
2019-02-20 08:04:59;64;20;17;8;2;3;2;0;2;0;2
2019-02-20 08:05:58;64;20;17;8;2;3;2;0;2;0;2
2019-02-20 08:06:59;64;20;17;8;2;3;2;0;2;0;2
2019-02-20 08:07:58;64;20;17;8;2;3;2;0;2;0;2
2019-02-20 08:08:59;64;20;17;8;2;3;2;0;2;0;2
2019-02-20 08:09:59;64;20;17;8;2;3;2;0;2;0;2
2019-02-20 08:10:58;64;20;17;8;2;3;2;0;2;0;2
2019-02-20 08:11:59;64;20;17;8;2;3;2;0;2;0;2
2019-02-20 08:12:59;64;20;17;8;2;3;2;0;2;0;2
2019-02-20 08:13:58;64;20;17;8;2;3;2;0;2;0;2
2019-02-20 08:14:59;64;20;17;8;2;3;2;0;2;0;2
2019-02-20 08:15:58;64;20;17;8;2;3;2;0;2;0;2
2019-02-20 08:16:59;64;20;17;8;2;3;2;0;2;0;2
2019-02-20 08:17:59;64;20;17;8;2;3;2;0;2;0;2
2019-02-20 08:18:58;64;20;17;8;2;3;2;0;2;0;2
2019-02-20 08:19:59;64;20;17;8;2;3;2;0;2;0;2
2019-02-20 08:20:59;65;20;17;9;2;3;2;0;2;0;2
2019-02-20 08:21:58;65;20;17;9;2;3;2;0;2;0;2
2019-02-20 08:22:59;65;20;17;9;2;3;2;0;2;0;2
2019-02-20 08:23:59;65;20;17;9;2;3;2;0;2;0;2
2019-02-20 08:24:58;65;20;17;9;2;3;2;0;2;0;2
2019-02-20 08:25:59;65;20;17;9;2;3;2;0;2;0;2
2019-02-20 08:26:58;66;20;17;10;2;3;2;0;2;0;2
2019-02-20 08:27:59;66;20;17;10;2;3;2;0;2;0;2
2019-02-20 08:28:59;66;20;17;10;2;3;2;0;2;0;2
2019-02-20 08:29:58;66;20;17;10;2;3;2;0;2;0;2
2019-02-20 08:30:59;66;20;17;10;2;3;2;0;2;0;2
2019-02-20 08:31:59;66;20;17;10;2;3;2;0;2;0;2
2019-02-20 08:32:58;66;20;17;10;2;3;2;0;2;0;2
2019-02-20 08:33:59;66;20;17;10;2;3;2;0;2;0;2
2019-02-20 08:34:58;66;20;17;10;2;3;2;0;2;0;2
2019-02-20 08:35:59;66;20;17;10;2;3;2;0;2;0;2
2019-02-20 08:36:59;66;20;17;10;2;3;2;0;2;0;2
2019-02-20 08:37:58;66;20;17;10;2;3;2;0;2;0;2
2019-02-20 08:38:59;66;20;17;10;2;3;2;0;2;0;2
2019-02-20 08:39:58;66;20;17;10;2;3;2;0;2;0;2
2019-02-20 08:40:59;66;20;17;10;2;3;2;0;2;0;2
2019-02-20 08:41:59;66;20;17;10;2;3;2;0;2;0;2
2019-02-20 08:42:58;66;20;17;10;2;3;2;0;2;0;2
2019-02-20 08:43:59;66;20;17;10;2;3;2;0;2;0;2
2019-02-20 08:44:58;66;20;17;10;2;3;2;0;2;0;2
2019-02-20 08:45:59;66;20;17;10;2;3;2;0;2;0;2
2019-02-20 08:46:59;66;20;17;10;2;3;2;0;2;0;2
2019-02-20 08:47:58;66;20;17;10;2;3;2;0;2;0;2
2019-02-20 08:48:59;66;20;17;10;2;3;2;0;2;0;2
2019-02-20 08:49:59;67;20;17;10;2;3;2;0;2;0;2
2019-02-20 08:50:58;67;20;17;10;2;3;2;0;2;0;2
2019-02-20 08:51:59;67;20;17;10;2;3;2;0;2;0;2
2019-02-20 08:52:59;67;20;17;10;2;3;2;0;2;0;2
2019-02-20 08:53:58;67;20;17;10;2;3;2;0;2;0;2
2019-02-20 08:54:59;67;20;17;10;2;3;2;0;2;0;2
2019-02-20 08:55:58;67;20;17;10;2;3;2;0;2;0;2
2019-02-20 08:56:59;67;20;17;10;2;3;2;0;2;0;2
2019-02-20 08:57:59;67;20;17;10;2;3;2;0;2;0;2
2019-02-20 08:58:58;68;20;17;11;2;3;2;0;2;0;2
2019-02-20 08:59:59;68;20;17;11;2;3;2;0;2;0;2
2019-02-20 09:00:59;68;20;17;11;2;3;2;0;2;0;2
2019-02-20 09:01:58;68;20;17;11;2;3;2;0;2;0;2
2019-02-20 09:02:59;70;20;18;11;3;3;2;0;2;0;2
2019-02-20 09:03:58;70;20;18;11;3;3;2;0;2;0;2
2019-02-20 09:04:59;70;20;18;11;3;3;2;0;2;0;2
2019-02-20 09:05:58;70;20;18;11;3;3;2;0;2;0;2
2019-02-20 09:06:59;70;20;18;11;3;3;2;0;2;0;2
2019-02-20 09:07:58;70;20;18;11;3;3;2;0;2;0;2
2019-02-20 09:08:59;70;20;18;11;3;3;2;0;2;0;2
2019-02-20 09:09:59;71;20;19;11;3;3;2;0;2;0;2
2019-02-20 09:10:58;71;20;19;11;3;3;2;0;2;0;2
2019-02-20 09:11:59;73;21;20;11;3;3;2;0;2;0;2
2019-02-20 09:12:59;73;21;20;11;3;3;2;0;2;0;2
2019-02-20 09:13:58;73;21;20;11;3;3;2;0;2;0;2
2019-02-20 09:14:59;73;21;20;11;3;3;2;0;2;0;2
2019-02-20 09:15:58;73;21;20;11;3;3;2;0;2;0;2
2019-02-20 09:16:59;73;21;20;11;3;3;2;0;2;0;2
2019-02-20 09:17:59;73;21;20;11;3;3;2;0;2;0;2
2019-02-20 09:18:58;74;21;21;11;3;3;2;0;2;0;2
2019-02-20 09:19:59;74;21;21;11;3;3;2;0;2;0;2
2019-02-20 09:20:59;74;21;21;11;3;3;2;0;2;0;2
2019-02-20 09:21:58;75;22;21;11;3;3;2;0;2;0;2
2019-02-20 09:22:59;75;22;21;11;3;3;2;0;2;0;2
2019-02-20 09:23:58;75;22;21;11;3;3;2;0;2;0;2
2019-02-20 09:24:59;76;22;22;11;3;3;2;0;2;0;2
2019-02-20 09:25:59;76;22;22;11;3;3;2;0;2;0;2
2019-02-20 09:26:58;76;22;22;11;3;3;2;0;2;0;2
2019-02-20 09:27:59;76;22;22;11;3;3;2;0;2;0;2
2019-02-20 09:28:58;76;22;22;11;3;3;2;0;2;0;2
2019-02-20 09:29:59;76;22;22;11;3;3;2;0;2;0;2
2019-02-20 09:30:58;76;22;22;11;3;3;2;0;2;0;2
2019-02-20 09:31:59;76;22;22;11;3;3;2;0;2;0;2
2019-02-20 09:32:58;76;22;22;11;3;3;2;0;2;0;2
2019-02-20 09:33:59;76;22;22;11;3;3;2;0;2;0;2
2019-02-20 09:34:59;76;22;22;11;3;3;2;0;2;0;2
2019-02-20 09:35:58;76;22;22;11;3;3;2;0;2;0;2
2019-02-20 09:36:59;76;22;22;11;3;3;2;0;2;0;2
2019-02-20 09:37:59;77;22;23;11;3;3;2;0;2;0;2
2019-02-20 09:38:58;78;22;24;11;3;3;2;0;2;0;2
2019-02-20 09:39:59;78;22;24;11;3;3;2;0;2;0;2
2019-02-20 09:40:58;78;22;24;11;3;3;2;0;2;0;2
2019-02-20 09:41:59;78;22;24;11;3;3;2;0;2;0;2
2019-02-20 09:42:59;79;22;24;12;3;3;2;0;2;0;2
2019-02-20 09:43:58;79;22;24;12;3;3;2;0;2;0;2
2019-02-20 09:44:59;79;22;24;12;3;3;2;0;2;0;2
2019-02-20 09:45:58;79;22;24;12;3;3;2;0;2;0;2
2019-02-20 09:46:59;79;22;24;12;3;3;2;0;2;0;2
2019-02-20 09:47:59;79;22;24;12;3;3;2;0;2;0;2
2019-02-20 09:48:58;80;22;24;12;4;3;2;0;2;0;2
2019-02-20 09:49:59;80;22;24;12;4;3;2;0;2;0;2
2019-02-20 09:50:59;80;22;24;12;4;3;2;0;2;0;2
2019-02-20 09:51:58;81;22;25;12;4;3;2;0;2;0;2
2019-02-20 09:52:59;81;22;25;12;4;3;2;0;2;0;2
2019-02-20 09:53:59;81;22;25;12;4;3;2;0;2;0;2
2019-02-20 09:54:58;81;22;25;12;4;3;2;0;2;0;2
2019-02-20 09:55:59;81;22;25;12;4;3;2;0;2;0;2
2019-02-20 09:56:58;81;22;25;12;4;3;2;0;2;0;2
2019-02-20 09:57:59;82;22;25;13;4;3;2;0;2;0;2
2019-02-20 09:58:59;82;22;25;13;4;3;2;0;2;0;2
2019-02-20 09:59:58;82;22;25;13;4;3;2;0;2;0;2
2019-02-20 10:00:59;82;22;25;13;4;3;2;0;2;0;2
2019-02-20 10:01:59;82;22;25;13;4;3;2;0;2;0;2
2019-02-20 10:02:58;83;22;25;14;4;3;2;0;2;0;2
2019-02-20 10:03:59;83;22;25;14;4;3;2;0;2;0;2
2019-02-20 10:04:58;83;22;25;14;4;3;2;0;2;0;2
2019-02-20 10:05:59;83;22;25;14;4;3;2;0;2;0;2
2019-02-20 10:06:59;83;22;26;14;4;3;2;0;2;0;2
2019-02-20 10:07:58;84;22;26;14;4;3;2;0;2;0;2
2019-02-20 10:08:59;84;22;26;14;4;3;2;0;2;0;2
2019-02-20 10:09:58;85;22;26;15;4;3;2;0;2;0;2
2019-02-20 10:10:59;85;22;26;15;4;3;2;0;2;0;2
2019-02-20 10:11:58;85;22;26;15;4;3;2;0;2;0;2
2019-02-20 10:12:59;85;22;26;15;4;3;2;0;2;0;2
2019-02-20 10:13:58;85;22;26;15;4;3;2;0;2;0;2
2019-02-20 10:14:59;85;22;26;15;4;3;2;0;2;0;2
2019-02-20 10:15:59;85;22;26;15;4;3;2;0;2;0;2
2019-02-20 10:16:58;85;22;26;15;4;3;2;0;2;0;2
2019-02-20 10:17:59;85;22;26;15;4;3;2;0;2;0;2
2019-02-20 10:18:58;85;22;26;15;4;3;2;0;2;0;2
2019-02-20 10:19:59;85;22;26;15;4;3;2;0;2;0;2
2019-02-20 10:20:59;85;22;26;15;4;3;2;0;2;0;2
2019-02-20 10:21:58;85;22;26;15;4;3;2;0;2;0;2
2019-02-20 10:22:59;85;22;26;15;4;3;2;0;2;0;2
2019-02-20 10:23:59;85;22;26;15;4;3;2;0;2;0;2
2019-02-20 10:24:58;85;22;26;15;4;3;2;0;2;0;2
2019-02-20 10:25:59;85;22;26;15;4;3;2;0;2;0;2
2019-02-20 10:26:58;85;22;26;15;4;3;2;0;2;0;2
2019-02-20 10:27:59;85;22;26;15;4;3;2;0;2;0;2
2019-02-20 10:28:59;85;22;26;15;4;3;2;0;2;0;2
2019-02-20 10:29:58;85;22;26;15;4;3;2;0;2;0;2
2019-02-20 10:30:59;85;22;26;15;4;3;2;0;2;0;2
2019-02-20 10:31:59;86;23;26;15;4;3;2;0;2;0;2
2019-02-20 10:32:58;85;23;26;15;4;3;2;1;2;0;1
2019-02-20 10:33:59;85;23;26;15;4;3;2;1;2;0;1
2019-02-20 10:34:58;85;23;26;15;4;3;2;1;2;0;1
2019-02-20 10:35:59;85;23;26;15;4;3;2;1;2;0;1
2019-02-20 10:36:59;85;23;26;15;4;3;2;1;2;0;1
2019-02-20 10:37:58;86;24;26;15;4;3;2;1;2;0;1
2019-02-20 10:38:59;86;24;26;15;4;3;2;1;2;0;1
2019-02-20 10:39:59;86;24;26;15;4;3;2;1;2;0;1
2019-02-20 10:40:58;86;24;26;15;4;3;2;1;2;0;1
2019-02-20 10:41:59;86;24;26;15;4;3;2;1;2;0;1
2019-02-20 10:42:59;86;24;26;15;4;3;2;1;2;0;1
2019-02-20 10:43:58;86;24;26;15;4;3;2;1;2;0;1
2019-02-20 10:44:59;86;24;26;15;4;3;2;1;2;0;1
2019-02-20 10:45:58;86;24;26;15;4;3;2;1;2;0;1
2019-02-20 10:46:59;86;24;26;15;4;3;2;1;2;0;1
2019-02-20 10:47:59;86;24;26;15;4;3;2;1;2;0;1
2019-02-20 10:48:58;86;24;26;15;4;3;2;1;2;0;1
2019-02-20 10:49:59;86;24;26;15;4;3;2;1;2;0;1
2019-02-20 10:50:59;86;24;26;15;4;3;2;1;2;0;1
2019-02-20 10:51:58;86;24;26;15;4;3;2;1;2;0;1
2019-02-20 10:52:59;86;24;26;15;4;3;2;1;2;0;1
2019-02-20 10:53:58;86;24;26;15;4;3;2;1;2;0;1
2019-02-20 10:54:59;86;24;26;15;4;3;2;1;2;0;1
2019-02-20 10:55:58;87;25;26;15;4;3;2;1;2;0;1
2019-02-20 10:56:59;87;25;26;15;4;3;2;1;2;0;1
2019-02-20 10:57:59;87;25;26;15;4;3;2;1;2;0;1
2019-02-20 10:58:58;87;25;26;15;4;3;2;1;2;0;1
2019-02-20 10:59:59;87;25;26;15;4;3;2;1;2;0;1
2019-02-20 11:00:58;87;25;26;15;4;3;2;1;2;0;1
2019-02-20 11:01:59;87;25;26;15;4;3;2;1;2;0;1
2019-02-20 11:02:58;87;25;26;15;4;3;2;1;2;0;1
2019-02-20 11:03:59;88;25;27;15;4;3;2;1;2;0;1
2019-02-20 11:04:59;88;25;27;15;4;3;2;1;2;0;1
2019-02-20 11:05:58;89;25;28;15;4;3;2;1;2;0;1
2019-02-20 11:06:59;89;25;28;15;4;3;2;1;2;0;1
2019-02-20 11:07:59;90;25;28;15;4;3;2;1;3;0;1
2019-02-20 11:08:58;90;25;28;15;4;3;2;1;3;0;1
2019-02-20 11:09:59;90;25;27;16;4;3;2;1;3;0;1
2019-02-20 11:10:59;90;25;27;16;4;3;2;1;3;0;1
2019-02-20 11:11:58;90;25;27;15;5;3;2;1;3;0;1
2019-02-20 11:12:59;90;25;27;15;5;3;2;1;3;0;1
2019-02-20 11:13:58;90;25;27;15;5;3;2;1;3;0;1
2019-02-20 11:14:59;90;25;27;15;5;3;2;1;3;0;1
2019-02-20 11:15:59;90;25;27;15;5;3;2;1;3;0;1
2019-02-20 11:16:58;91;26;27;15;5;3;2;1;3;0;1
2019-02-20 11:17:59;91;26;27;15;5;3;2;1;3;0;1
2019-02-20 11:18:59;91;26;27;15;5;3;2;1;3;0;1
2019-02-20 11:19:58;91;26;27;15;5;3;2;1;3;0;1
2019-02-20 11:20:59;92;26;28;15;5;3;2;1;3;0;1
2019-02-20 11:21:59;92;26;28;15;5;3;2;1;3;0;1
2019-02-20 11:22:58;92;26;28;15;5;3;2;1;3;0;1
2019-02-20 11:23:59;93;27;28;15;5;3;2;1;3;0;1
2019-02-20 11:24:58;93;27;28;15;5;3;2;1;3;0;1
2019-02-20 11:25:59;93;27;28;15;5;3;2;1;3;0;1
2019-02-20 11:26:59;93;27;28;15;5;3;2;1;3;0;1
2019-02-20 11:27:58;93;27;28;15;5;3;2;1;3;0;1
2019-02-20 11:28:59;93;28;28;15;5;3;2;0;3;0;1
2019-02-20 11:29:59;93;28;28;15;5;3;2;0;3;0;1
2019-02-20 11:30:58;93;28;28;15;5;3;2;0;3;0;1
2019-02-20 11:31:59;93;28;28;15;5;3;2;0;3;0;1
2019-02-20 11:32:59;93;28;28;15;5;3;2;0;3;0;1
2019-02-20 11:33:58;93;28;28;15;5;3;2;0;3;0;1
2019-02-20 11:34:59;93;28;28;15;5;3;2;0;3;0;1
2019-02-20 11:35:58;93;28;28;15;5;3;2;0;3;0;1
2019-02-20 11:36:59;93;28;28;15;5;3;2;0;3;0;1
2019-02-20 11:38:00;93;28;28;15;5;3;2;0;3;0;1
2019-02-20 11:38:58;93;28;28;15;5;3;2;0;3;0;1
2019-02-20 11:39:59;94;28;28;15;5;3;2;1;3;0;1
2019-02-20 11:40:58;94;28;28;15;5;3;2;1;3;0;1
2019-02-20 11:41:59;94;28;28;15;5;3;2;1;3;0;1
2019-02-20 11:42:58;94;28;28;15;5;3;2;1;3;0;1
2019-02-20 11:43:59;94;28;28;15;5;3;2;1;3;0;1
2019-02-20 11:44:58;94;28;28;15;5;3;2;1;3;0;1
2019-02-20 11:45:59;94;28;28;15;5;3;2;1;3;0;1
2019-02-20 11:46:59;94;28;28;15;5;3;2;1;3;0;1
2019-02-20 11:47:58;94;28;28;15;5;3;2;1;3;0;1
2019-02-20 11:48:59;94;28;28;15;5;3;2;1;3;0;1
2019-02-20 11:49:59;95;28;28;16;5;3;2;1;3;0;1
2019-02-20 11:50:58;95;28;28;16;5;3;2;1;3;0;1
2019-02-20 11:51:59;95;28;28;16;5;3;2;1;3;0;1
2019-02-20 11:52:59;95;28;28;16;5;3;2;1;3;0;1
2019-02-20 11:53:58;95;28;28;16;5;3;2;1;3;0;1
2019-02-20 11:54:59;95;28;28;16;5;3;2;1;3;0;1
2019-02-20 11:55:58;95;28;28;16;5;3;2;1;3;0;1
2019-02-20 11:56:59;96;28;28;17;5;3;2;1;3;0;1
2019-02-20 11:57:59;96;28;28;17;5;3;2;1;3;0;1
2019-02-20 11:58:58;97;28;28;18;5;3;2;1;3;0;1
2019-02-20 11:59:59;98;29;28;18;5;3;2;1;3;0;1
2019-02-20 12:00:59;98;29;28;18;5;3;2;1;3;0;1
2019-02-20 12:01:58;98;29;28;18;5;3;2;1;3;0;1
2019-02-20 12:02:59;98;29;28;18;5;3;2;1;3;0;1
2019-02-20 12:03:59;98;29;28;18;5;3;2;1;3;0;1
2019-02-20 12:04:58;98;29;28;18;5;3;2;1;3;0;1
2019-02-20 12:05:59;98;29;28;18;5;3;2;1;3;0;1
2019-02-20 12:06:59;98;29;28;18;5;3;2;1;3;0;1
2019-02-20 12:07:58;98;29;28;18;5;3;2;1;3;0;1
2019-02-20 12:08:59;98;29;28;18;5;3;2;1;3;0;1
2019-02-20 12:09:59;98;29;28;18;5;3;2;1;3;0;1
2019-02-20 12:10:58;98;29;28;18;5;3;2;1;3;0;1
2019-02-20 12:11:59;98;29;28;18;5;3;2;1;3;0;1
2019-02-20 12:12:59;98;29;28;18;5;3;2;1;3;0;1
2019-02-20 12:13:58;99;30;28;18;5;3;2;1;3;0;1
2019-02-20 12:14:59;99;30;28;18;5;3;2;1;3;0;1
2019-02-20 12:15:58;99;30;28;18;5;3;2;1;3;0;1
2019-02-20 12:16:59;99;30;28;18;5;3;2;1;3;0;1
2019-02-20 12:17:59;99;30;28;18;5;3;2;1;3;0;1
2019-02-20 12:18:58;99;30;28;18;5;3;2;1;3;0;1
2019-02-20 12:19:59;99;30;28;18;5;3;2;1;3;0;1
2019-02-20 12:20:59;99;30;28;18;5;3;2;1;3;0;1
2019-02-20 12:21:58;99;30;28;18;5;3;2;1;3;0;1
2019-02-20 12:22:59;100;30;29;18;5;3;2;1;3;0;1
2019-02-20 12:23:58;100;30;29;18;5;3;2;1;3;0;1
2019-02-20 12:24:59;100;30;29;18;5;3;2;1;3;0;1
2019-02-20 12:25:59;100;30;29;18;5;3;2;1;3;0;1
2019-02-20 12:26:58;100;30;29;18;5;3;2;1;3;0;1
2019-02-20 12:27:59;100;30;29;18;5;3;2;1;3;0;1
2019-02-20 12:28:59;100;30;29;18;5;3;2;1;3;0;1
2019-02-20 12:29:58;100;30;29;18;5;3;2;1;3;0;1
2019-02-20 12:30:59;101;30;30;18;5;3;2;1;3;0;1
2019-02-20 12:31:59;101;30;30;18;5;3;2;1;3;0;1
2019-02-20 12:32:58;101;30;30;18;5;3;2;1;3;0;1
2019-02-20 12:33:59;101;30;30;18;5;3;2;1;3;0;1
2019-02-20 12:34:58;101;30;30;18;5;3;2;1;3;0;1
2019-02-20 12:35:59;101;30;30;18;5;3;2;1;3;0;1
2019-02-20 12:36:59;101;30;30;18;5;3;2;1;3;0;1
2019-02-20 12:37:58;101;30;30;18;5;3;2;1;3;0;1
2019-02-20 12:38:59;101;30;30;18;5;3;2;1;3;0;1
2019-02-20 12:39:59;101;30;30;18;5;3;2;1;3;0;1
2019-02-20 12:40:58;101;30;30;18;5;3;2;1;3;0;1
2019-02-20 12:41:59;101;30;30;18;5;3;2;1;3;0;1
2019-02-20 12:42:58;102;30;31;18;5;3;2;1;3;0;1
2019-02-20 12:43:59;103;30;32;18;5;3;2;1;3;0;1
2019-02-20 12:44:59;104;31;32;18;5;3;2;1;3;0;1
2019-02-20 12:45:58;104;31;32;18;5;3;2;1;3;0;1
2019-02-20 12:46:59;104;31;32;18;5;3;2;1;3;0;1
2019-02-20 12:47:59;104;31;32;18;5;3;2;1;3;0;1
2019-02-20 12:48:58;104;31;32;18;5;3;2;1;3;0;1
2019-02-20 12:49:59;104;31;32;18;5;3;2;1;3;0;1
2019-02-20 12:50:59;104;31;32;18;5;3;2;1;3;0;1
2019-02-20 12:51:58;104;31;32;18;5;3;2;1;3;0;1
2019-02-20 12:52:59;104;31;32;18;5;3;2;1;3;0;1
2019-02-20 12:53:59;105;31;33;18;5;3;2;1;3;0;1
2019-02-20 12:54:58;105;31;33;18;5;3;2;1;3;0;1
2019-02-20 12:55:59;105;31;33;18;5;3;2;1;3;0;1
2019-02-20 12:56:59;106;31;34;18;5;3;2;1;3;0;1
2019-02-20 12:57:58;108;31;36;18;5;3;2;1;3;0;1
2019-02-20 12:58:59;109;31;37;18;5;3;2;1;3;0;1
2019-02-20 12:59:59;109;31;37;18;5;3;2;1;3;0;1
2019-02-20 13:00:58;109;31;37;18;5;3;2;1;3;0;1
2019-02-20 13:01:59;109;31;37;18;5;3;2;1;3;0;1
2019-02-20 13:02:58;109;31;37;18;5;3;2;1;3;0;1
2019-02-20 13:03:59;109;31;37;18;5;3;2;1;3;0;1
2019-02-20 13:04:59;109;31;37;18;5;3;2;1;3;0;1
2019-02-20 13:05:58;109;31;37;18;5;3;2;1;3;0;1
2019-02-20 13:06:59;110;31;38;18;5;3;2;1;3;0;1
2019-02-20 13:07:59;110;31;38;18;5;3;2;1;3;0;1
2019-02-20 13:08:58;111;32;38;18;5;3;2;1;3;0;1
2019-02-20 13:09:59;111;32;38;18;5;3;2;1;3;0;1
2019-02-20 13:11:00;111;32;38;18;5;3;2;1;3;0;1
2019-02-20 13:11:58;111;32;38;18;5;3;2;1;3;0;1
2019-02-20 13:12:59;112;32;38;18;5;3;2;2;3;0;1
2019-02-20 13:13:58;112;32;38;18;5;3;2;2;3;0;1
2019-02-20 13:14:59;112;32;38;18;5;3;2;2;3;0;1
2019-02-20 13:15:58;112;32;38;18;5;3;2;2;3;0;1
2019-02-20 13:16:59;112;32;38;18;5;3;2;2;3;0;1
2019-02-20 13:17:58;112;32;38;18;5;3;2;2;3;0;1
2019-02-20 13:18:59;112;32;38;18;5;3;2;2;3;0;1
2019-02-20 13:19:59;112;32;38;18;5;3;2;2;3;0;1
2019-02-20 13:20:58;112;32;38;18;5;3;2;2;3;0;1
2019-02-20 13:21:59;112;32;38;18;5;3;2;2;3;0;1
2019-02-20 13:23:00;112;32;38;18;5;3;2;2;3;0;1
2019-02-20 13:23:58;113;32;38;19;5;3;2;2;3;0;1
2019-02-20 13:24:59;113;32;38;19;5;3;2;2;3;0;1
2019-02-20 13:25:58;113;32;38;19;5;3;2;2;3;0;1
2019-02-20 13:26:59;113;32;38;19;5;3;2;2;3;0;1
2019-02-20 13:27:59;113;32;38;19;5;3;2;2;3;0;1
2019-02-20 13:28:58;114;33;38;19;5;3;2;2;3;0;1
2019-02-20 13:29:59;114;33;38;19;5;3;2;2;3;0;1
2019-02-20 13:31:00;114;33;38;19;5;3;2;2;3;0;1
2019-02-20 13:31:58;115;33;38;19;5;3;2;2;3;0;1
2019-02-20 13:32:59;115;33;38;19;5;3;2;2;3;0;1
2019-02-20 13:34:00;115;33;38;19;5;3;2;2;3;0;1
2019-02-20 13:34:58;115;33;38;19;5;3;2;2;3;0;1
2019-02-20 13:35:59;115;33;38;19;5;3;2;2;3;0;1
2019-02-20 13:36:58;115;33;38;19;5;3;2;2;3;0;1
2019-02-20 13:37:59;115;33;38;19;5;3;2;2;3;0;1
2019-02-20 13:38:59;115;33;38;19;5;3;2;2;3;0;1
2019-02-20 13:39:58;115;33;38;19;5;3;2;2;3;0;1
2019-02-20 13:40:59;115;33;38;19;5;3;2;2;3;0;1
2019-02-20 13:41:59;115;33;38;19;5;3;2;2;3;0;1
2019-02-20 13:42:58;115;33;38;19;5;3;2;2;3;0;1
2019-02-20 13:43:59;115;33;38;19;5;3;2;2;3;0;1
2019-02-20 13:44:58;115;33;38;19;5;3;2;2;3;0;1
2019-02-20 13:45:59;115;33;38;19;5;3;2;2;3;0;1
2019-02-20 13:46:59;115;33;38;19;5;3;2;2;3;0;1
2019-02-20 13:47:58;115;33;38;19;5;3;2;2;3;0;1
2019-02-20 13:48:59;115;33;38;19;5;3;2;2;3;0;1
2019-02-20 13:49:59;115;33;38;19;5;3;2;2;3;0;1
2019-02-20 13:50:58;115;33;38;19;5;3;2;2;3;0;1
2019-02-20 13:51:59;116;34;38;19;5;3;2;2;3;0;1
2019-02-20 13:52:58;116;34;38;19;5;3;2;2;3;0;1
2019-02-20 13:53:59;116;34;38;19;5;3;2;2;3;0;1
2019-02-20 13:54:59;116;34;38;19;5;3;2;2;3;0;1
2019-02-20 13:55:58;116;34;38;19;5;3;2;2;3;0;1
2019-02-20 13:56:59;117;34;38;20;5;3;2;2;3;0;1
2019-02-20 13:57:59;117;34;38;20;5;3;2;2;3;0;1
2019-02-20 13:58:58;117;34;38;20;5;3;2;2;3;0;1
2019-02-20 13:59:59;117;34;38;20;5;3;2;2;3;0;1
2019-02-20 14:00:59;117;34;38;20;5;3;2;2;3;0;1
2019-02-20 14:01:58;117;34;38;20;5;3;2;2;3;0;1
2019-02-20 14:02:59;117;34;38;20;5;3;2;2;3;0;1
2019-02-20 14:03:59;117;34;38;20;5;3;2;2;3;0;1
2019-02-20 14:04:58;117;34;38;20;5;3;2;2;3;0;1
2019-02-20 14:05:59;117;34;38;20;5;3;2;2;3;0;1
2019-02-20 14:06:58;117;34;38;20;5;3;2;2;3;0;1
2019-02-20 14:07:59;117;34;38;20;5;3;2;2;3;0;1
2019-02-20 14:08:59;117;34;38;20;5;3;2;2;3;0;1
2019-02-20 14:09:58;117;34;38;20;5;3;2;2;3;0;1
2019-02-20 14:10:59;117;34;38;20;5;3;2;2;3;0;1
2019-02-20 14:11:59;117;34;38;20;5;3;2;2;3;0;1
2019-02-20 14:12:58;117;34;38;20;5;3;2;2;3;0;1
2019-02-20 14:13:59;117;34;38;20;5;3;2;2;3;0;1
2019-02-20 14:14:58;119;34;38;20;6;3;2;2;3;0;1
2019-02-20 14:15:59;119;34;38;20;6;3;2;2;3;0;1
2019-02-20 14:16:59;120;34;39;20;6;3;2;2;3;0;1
2019-02-20 14:17:58;120;34;39;20;6;3;2;2;3;0;1
2019-02-20 14:18:59;120;34;39;20;6;3;2;2;3;0;1
2019-02-20 14:19:58;122;35;40;20;6;3;2;2;3;0;1
2019-02-20 14:20:59;124;35;42;20;6;3;2;2;3;0;1
2019-02-20 14:21:59;124;35;42;20;6;3;2;2;3;0;1
2019-02-20 14:22:58;124;35;42;20;6;3;2;2;3;0;1
2019-02-20 14:23:59;124;35;42;20;6;3;2;2;3;0;1
2019-02-20 14:24:59;124;35;42;20;6;3;2;2;3;0;1
2019-02-20 14:25:59;124;35;42;20;6;3;2;2;3;0;1
2019-02-20 14:26:58;125;35;43;20;6;3;2;2;3;0;1
2019-02-20 14:27:59;125;35;43;20;6;3;2;2;3;0;1
2019-02-20 14:28:59;125;35;43;20;6;3;2;2;3;0;1
2019-02-20 14:29:58;125;35;43;20;6;3;2;2;3;0;1
2019-02-20 14:30:59;125;35;43;20;6;3;2;2;3;0;1
2019-02-20 14:31:58;125;35;43;20;6;3;2;2;3;0;1
2019-02-20 14:32:59;125;35;43;20;6;3;2;2;3;0;1
2019-02-20 14:33:58;125;35;43;20;6;3;2;2;3;0;1
2019-02-20 14:34:59;125;35;43;20;6;3;2;2;3;0;1
2019-02-20 14:35:59;125;35;43;20;6;3;2;2;3;0;1
2019-02-20 14:36:58;125;35;43;20;6;3;2;2;3;0;1
2019-02-20 14:37:59;125;35;43;20;6;3;2;2;3;0;1
2019-02-20 14:38:58;126;35;43;20;7;3;2;2;3;0;1
2019-02-20 14:39:59;127;35;43;20;7;3;3;2;3;0;1
2019-02-20 14:40:59;127;35;43;20;7;3;3;2;3;0;1
2019-02-20 14:41:58;127;35;43;20;7;3;3;2;3;0;1
2019-02-20 14:42:59;127;35;43;20;7;3;3;2;3;0;1
2019-02-20 14:43:59;129;35;43;21;7;3;3;2;3;0;2
2019-02-20 14:44:58;129;35;43;21;7;3;3;2;3;0;2
2019-02-20 14:45:59;129;35;43;21;7;3;3;2;3;0;2
2019-02-20 14:46:59;129;35;43;21;7;3;3;2;3;0;2
2019-02-20 14:47:58;129;35;43;21;7;3;3;2;3;0;2
2019-02-20 14:48:59;129;35;43;21;7;3;3;2;3;0;2
2019-02-20 14:49:59;129;35;43;21;7;3;3;2;3;0;2
2019-02-20 14:50:58;129;35;43;21;7;3;3;2;3;0;2
2019-02-20 14:51:59;129;35;43;21;7;3;3;2;3;0;2
2019-02-20 14:52:59;129;35;43;21;7;3;3;2;3;0;2
2019-02-20 14:53:58;130;36;43;21;7;3;3;2;3;0;2
2019-02-20 14:54:59;130;36;43;21;7;3;3;2;3;0;2
2019-02-20 14:55:58;130;36;43;21;7;3;3;2;3;0;2
2019-02-20 14:56:59;131;37;43;21;7;3;3;2;3;0;2
2019-02-20 14:57:59;131;37;43;21;7;3;3;2;3;0;2
2019-02-20 14:58:58;131;37;43;21;7;3;3;2;3;0;2
2019-02-20 14:59:59;131;38;42;21;7;3;3;2;3;0;2
2019-02-20 15:00:58;131;38;42;21;7;3;3;2;3;0;2
2019-02-20 15:01:59;131;38;42;21;7;3;3;2;3;0;2
2019-02-20 15:02:58;131;38;42;21;7;3;3;2;3;0;2
2019-02-20 15:03:59;131;38;42;21;7;3;3;2;3;0;2
2019-02-20 15:04:59;131;38;42;21;7;3;3;2;3;0;2
2019-02-20 15:05:58;132;38;42;21;7;3;3;3;3;0;2
2019-02-20 15:06:59;132;38;42;21;7;3;3;3;3;0;2
2019-02-20 15:07:58;133;39;42;21;7;3;3;3;3;0;2
2019-02-20 15:08:59;133;39;42;21;7;3;3;3;3;0;2
2019-02-20 15:09:59;133;39;42;21;7;3;3;3;3;0;2
2019-02-20 15:10:58;133;39;42;21;7;3;3;3;3;0;2
2019-02-20 15:11:59;133;39;42;21;7;3;3;3;3;0;2
2019-02-20 15:12:59;133;39;42;21;7;3;3;3;3;0;2
2019-02-20 15:13:58;133;39;42;21;7;3;3;3;3;0;2
2019-02-20 15:14:59;133;39;42;21;7;3;3;3;3;0;2
2019-02-20 15:15:59;133;39;42;21;7;3;3;3;3;0;2
2019-02-20 15:16:58;133;39;42;21;7;3;3;3;3;0;2
2019-02-20 15:17:59;133;39;42;21;7;3;3;3;3;0;2
2019-02-20 15:18:58;133;39;42;21;7;3;3;3;3;0;2
2019-02-20 15:19:59;133;39;42;21;7;3;3;3;3;0;2
2019-02-20 15:20:59;133;39;42;21;7;3;3;3;3;0;2
2019-02-20 15:21:58;133;39;42;21;7;3;3;3;3;0;2
2019-02-20 15:22:59;133;39;42;21;7;3;3;3;3;0;2
2019-02-20 15:23:59;133;39;42;21;7;3;3;3;3;0;2
2019-02-20 15:24:58;133;39;42;21;7;3;3;3;3;0;2
2019-02-20 15:25:59;133;39;42;21;7;3;3;3;3;0;2
2019-02-20 15:26:59;133;39;42;21;7;3;3;3;3;0;2
2019-02-20 15:27:58;132;38;42;21;7;3;3;3;3;0;2
2019-02-20 15:28:59;132;38;42;21;7;3;3;3;3;0;2
2019-02-20 15:29:58;132;38;42;21;7;3;3;3;3;0;2
2019-02-20 15:30:59;132;38;42;21;7;3;3;3;3;0;2
2019-02-20 15:31:59;132;38;42;21;7;3;3;3;3;0;2
2019-02-20 15:33:00;132;38;42;21;7;3;3;3;3;0;2
2019-02-20 15:33:58;132;38;42;21;7;3;3;3;3;0;2
2019-02-20 15:34:59;133;38;43;21;7;3;3;3;3;0;2
2019-02-20 15:35:59;133;38;43;21;7;3;3;3;3;0;2
2019-02-20 15:36:58;133;38;43;21;7;3;3;3;3;0;2
2019-02-20 15:37:59;133;38;43;21;7;3;3;3;3;0;2
2019-02-20 15:38:58;133;38;43;21;7;3;3;3;3;0;2
2019-02-20 15:39:59;133;38;43;21;7;3;3;3;3;0;2
2019-02-20 15:40:59;133;38;43;21;7;3;3;3;3;0;2
2019-02-20 15:41:58;133;38;43;21;7;3;3;3;3;0;2
2019-02-20 15:42:59;133;38;43;21;7;3;3;3;3;0;2
2019-02-20 15:43:59;133;38;43;21;7;3;3;3;3;0;2
2019-02-20 15:44:58;133;38;43;21;7;3;3;3;3;0;2
2019-02-20 15:45:59;133;38;43;21;7;3;3;3;3;0;2
2019-02-20 15:46:59;134;39;43;21;7;3;3;3;3;0;2
2019-02-20 15:47:58;134;39;43;21;7;3;3;3;3;0;2
2019-02-20 15:48:59;135;39;43;21;8;3;3;3;3;0;2
2019-02-20 15:49:58;135;39;43;21;8;3;3;3;3;0;2
2019-02-20 15:50:59;135;39;43;21;8;3;3;3;3;0;2
2019-02-20 15:51:59;135;39;43;21;8;3;3;3;3;0;2
2019-02-20 15:52:58;135;39;43;21;8;3;3;3;3;0;2
2019-02-20 15:53:59;135;39;43;21;8;3;3;3;3;0;2
2019-02-20 15:54:58;135;39;43;21;8;3;3;3;3;0;2
2019-02-20 15:55:59;135;39;43;21;8;3;3;3;3;0;2
2019-02-20 15:56:59;135;39;43;21;8;3;3;3;3;0;2
2019-02-20 15:57:58;135;39;43;21;8;3;3;3;3;0;2
2019-02-20 15:58:59;135;39;43;21;8;3;3;3;3;0;2
2019-02-20 15:59:59;135;39;43;21;8;3;3;3;3;0;2
2019-02-20 16:00:58;136;40;43;21;8;3;3;3;3;0;2
2019-02-20 16:01:59;136;40;43;21;8;3;3;3;3;0;2
2019-02-20 16:02:58;136;40;43;21;8;3;3;3;3;0;2
2019-02-20 16:03:59;136;40;43;21;8;3;3;3;3;0;2
2019-02-20 16:04:59;136;40;43;21;8;3;3;3;3;0;2
2019-02-20 16:05:58;136;40;43;21;8;3;3;3;3;0;2
2019-02-20 16:06:59;136;40;43;21;8;3;3;3;3;0;2
2019-02-20 16:07:59;136;40;43;21;8;3;3;3;3;0;2
2019-02-20 16:08:58;136;40;43;21;8;3;3;3;3;0;2
2019-02-20 16:09:59;136;40;43;21;8;3;3;3;3;0;2
2019-02-20 16:10:59;136;40;43;21;8;3;3;3;3;0;2
2019-02-20 16:11:58;136;40;43;21;8;3;3;3;3;0;2
2019-02-20 16:12:59;136;40;43;21;8;3;3;3;3;0;2
2019-02-20 16:13:58;136;40;43;21;8;3;3;3;3;0;2
2019-02-20 16:14:59;136;40;43;21;8;3;3;3;3;0;2
2019-02-20 16:15:59;136;40;43;21;8;3;3;3;3;0;2
2019-02-20 16:16:58;136;40;43;21;8;3;3;3;3;0;2
2019-02-20 16:17:59;136;40;43;21;8;3;3;3;3;0;2
2019-02-20 16:19:00;136;40;43;21;8;3;3;3;3;0;2
2019-02-20 16:19:58;136;40;43;21;8;3;3;3;3;0;2
2019-02-20 16:20:59;136;40;43;21;8;3;3;3;3;0;2
2019-02-20 16:21:58;136;40;43;21;8;3;3;3;3;0;2
2019-02-20 16:22:59;136;40;43;21;8;3;3;3;3;0;2
2019-02-20 16:23:59;136;40;43;21;8;3;3;3;3;0;2
2019-02-20 16:24:58;136;40;43;21;8;3;3;3;3;0;2
2019-02-20 16:25:59;137;40;43;21;8;3;3;4;3;0;2
2019-02-20 16:26:59;137;40;43;21;8;3;3;4;3;0;2
2019-02-20 16:27:58;137;40;43;21;8;3;3;4;3;0;2
2019-02-20 16:28:59;137;40;43;21;8;3;3;4;3;0;2
2019-02-20 16:29:59;137;41;43;20;8;3;3;4;3;0;2
2019-02-20 16:30:58;138;42;43;20;8;3;3;4;3;0;2
2019-02-20 16:31:59;138;42;43;20;8;3;3;4;3;0;2
2019-02-20 16:32:59;139;43;43;20;8;3;3;4;3;0;2
2019-02-20 16:33:58;139;43;43;20;8;3;3;4;3;0;2
2019-02-20 16:34:59;139;43;43;20;8;3;3;4;3;0;2
2019-02-20 16:35:58;139;43;43;20;8;3;3;4;3;0;2
2019-02-20 16:36:59;139;43;43;20;8;3;3;4;3;0;2
2019-02-20 16:38:00;139;43;43;20;8;3;3;4;3;0;2
2019-02-20 16:38:58;139;43;43;20;8;3;3;4;3;0;2
2019-02-20 16:39:59;139;43;43;20;8;3;3;4;3;0;2
2019-02-20 16:40:58;139;43;43;20;8;3;3;4;3;0;2
2019-02-20 16:41:59;139;43;43;20;8;3;3;4;3;0;2
2019-02-20 16:42:59;139;43;43;20;8;3;3;4;3;0;2
2019-02-20 16:43:58;139;43;43;20;8;3;3;4;3;0;2
2019-02-20 16:44:59;140;44;43;20;8;3;3;4;3;0;2
2019-02-20 16:45:58;140;44;43;20;8;3;3;4;3;0;2
2019-02-20 16:46:59;140;44;43;20;8;3;3;4;3;0;2
2019-02-20 16:47:59;140;44;43;20;8;3;3;4;3;0;2
2019-02-20 16:48:58;140;44;43;20;8;3;3;4;3;0;2
2019-02-20 16:49:59;142;44;44;21;8;3;3;4;3;0;2
2019-02-20 16:50:59;142;44;44;21;8;3;3;4;3;0;2
2019-02-20 16:51:58;142;44;44;21;8;3;3;4;3;0;2
2019-02-20 16:52:59;142;44;44;21;8;3;3;4;3;0;2
2019-02-20 16:53:59;142;44;44;21;8;3;3;4;3;0;2
2019-02-20 16:54:58;142;44;44;21;8;3;3;4;3;0;2
2019-02-20 16:55:59;142;44;44;21;8;3;3;4;3;0;2
2019-02-20 16:56:58;142;44;44;21;8;3;3;4;3;0;2
2019-02-20 16:57:59;142;44;44;21;8;3;3;4;3;0;2
2019-02-20 16:58:58;142;44;44;21;8;3;3;4;3;0;2
2019-02-20 16:59:59;142;44;44;21;8;3;3;4;3;0;2
2019-02-20 17:00:58;142;44;44;21;8;3;3;4;3;0;2
2019-02-20 17:01:59;143;45;44;21;8;3;3;4;3;0;2
2019-02-20 17:02:59;143;45;44;21;8;3;3;4;3;0;2
2019-02-20 17:03:58;143;45;44;21;8;3;3;4;3;0;2
2019-02-20 17:04:59;143;45;44;21;8;3;3;4;3;0;2
2019-02-20 17:05:59;143;45;44;21;8;3;3;4;3;0;2
2019-02-20 17:06:58;143;45;44;21;8;3;3;4;3;0;2
2019-02-20 17:07:59;143;45;44;21;8;3;3;4;3;0;2
2019-02-20 17:08:58;143;45;44;21;8;3;3;4;3;0;2
2019-02-20 17:09:59;143;45;44;21;8;3;3;4;3;0;2
2019-02-20 17:10:59;143;45;44;21;8;3;3;4;3;0;2
2019-02-20 17:11:58;144;45;45;21;8;3;3;4;3;0;2
2019-02-20 17:12:59;144;45;45;21;8;3;3;4;3;0;2
2019-02-20 17:13:59;144;45;45;21;8;3;3;4;3;0;2
2019-02-20 17:14:58;144;45;45;21;8;3;3;4;3;0;2
2019-02-20 17:15:59;144;45;45;21;8;3;3;4;3;0;2
2019-02-20 17:16:59;145;45;46;21;8;3;3;4;3;0;2
2019-02-20 17:17:58;145;45;46;21;8;3;3;4;3;0;2
2019-02-20 17:18:59;145;45;46;21;8;3;3;4;3;0;2
2019-02-20 17:19:58;145;45;46;21;8;3;3;4;3;0;2
2019-02-20 17:20:59;145;45;46;21;8;3;3;4;3;0;2
2019-02-20 17:21:59;145;45;46;21;8;3;3;4;3;0;2
2019-02-20 17:22:58;145;45;46;21;8;3;3;4;3;0;2
2019-02-20 17:23:59;145;45;46;21;8;3;3;4;3;0;2
2019-02-20 17:24:59;145;45;46;21;8;3;3;4;3;0;2
2019-02-20 17:25:58;147;45;48;21;8;3;3;4;3;0;2
2019-02-20 17:26:59;147;45;48;21;8;3;3;4;3;0;2
2019-02-20 17:27:58;148;45;49;21;8;3;3;4;3;0;2
2019-02-20 17:28:59;148;45;49;21;8;3;3;4;3;0;2
2019-02-20 17:29:59;149;45;49;22;8;3;3;4;3;0;2
2019-02-20 17:30:58;149;45;49;22;8;3;3;4;3;0;2
2019-02-20 17:31:59;149;45;49;22;8;3;3;4;3;0;2
2019-02-20 17:32:59;149;45;49;22;8;3;3;4;3;0;2
2019-02-20 17:33:58;149;45;49;22;8;3;3;4;3;0;2
2019-02-20 17:34:59;149;45;49;22;8;3;3;4;3;0;2
2019-02-20 17:35:59;149;45;49;22;8;3;3;4;3;0;2
2019-02-20 17:36:58;149;46;49;21;8;3;3;4;3;0;2
2019-02-20 17:37:59;149;46;49;21;8;3;3;4;3;0;2
2019-02-20 17:38:59;149;46;49;21;8;3;3;4;3;0;2
2019-02-20 17:39:58;149;46;49;21;8;3;3;4;3;0;2
2019-02-20 17:40:59;149;46;49;21;8;3;3;4;3;0;2
2019-02-20 17:41:59;149;46;49;21;8;3;3;4;3;0;2
2019-02-20 17:42:58;149;46;49;21;8;3;3;4;3;0;2
2019-02-20 17:43:59;149;46;49;21;8;3;3;4;3;0;2
2019-02-20 17:44:58;149;46;49;21;8;3;3;4;3;0;2
2019-02-20 17:45:59;149;46;49;21;8;3;3;4;3;0;2
2019-02-20 17:46:59;149;46;49;21;8;3;3;4;3;0;2
2019-02-20 17:47:58;149;46;49;21;8;3;3;4;3;0;2
2019-02-20 17:48:59;149;46;49;21;8;3;3;4;3;0;2
2019-02-20 17:49:59;149;46;49;21;8;3;3;4;3;0;2
2019-02-20 17:50:58;150;48;48;21;8;3;3;4;3;0;2
2019-02-20 17:51:59;152;49;49;21;8;3;3;4;3;0;2
2019-02-20 17:52:59;152;49;49;21;8;3;3;4;3;0;2
2019-02-20 17:53:58;152;49;49;21;8;3;3;4;3;0;2
2019-02-20 17:54:59;152;49;49;21;8;3;3;4;3;0;2
2019-02-20 17:56:00;153;50;49;21;8;3;3;4;3;0;2
2019-02-20 17:56:58;153;50;49;21;8;3;3;4;3;0;2
2019-02-20 17:57:59;153;50;49;21;8;3;3;4;3;0;2
2019-02-20 17:58:58;153;50;49;21;8;3;3;4;3;0;2
2019-02-20 17:59:59;154;50;50;21;8;3;3;4;3;0;2
2019-02-20 18:00:59;154;50;50;21;8;3;3;4;3;0;2
2019-02-20 18:01:58;154;50;50;21;8;3;3;4;3;0;2
2019-02-20 18:02:59;155;51;50;21;8;3;3;4;3;0;2
2019-02-20 18:03:58;155;51;50;21;8;3;3;4;3;0;2
2019-02-20 18:04:59;155;51;50;21;8;3;3;4;3;0;2
2019-02-20 18:05:59;156;51;51;21;8;3;3;4;3;0;2
2019-02-20 18:06:58;156;51;51;21;8;3;3;4;3;0;2
2019-02-20 18:07:59;158;52;51;21;9;3;3;4;3;0;2
2019-02-20 18:08:59;158;52;51;21;9;3;3;4;3;0;2
2019-02-20 18:09:58;158;52;51;21;9;3;3;4;3;0;2
2019-02-20 18:10:59;158;52;51;21;9;3;3;4;3;0;2
2019-02-20 18:12:00;159;52;51;21;9;3;3;4;3;0;2
2019-02-20 18:12:58;159;52;51;21;9;3;3;4;3;0;2
2019-02-20 18:14:00;160;52;52;21;9;3;3;4;3;0;2
2019-02-20 18:14:58;161;52;52;22;9;3;3;4;3;0;2
2019-02-20 18:15:59;161;52;52;22;9;3;3;4;3;0;2
2019-02-20 18:16:59;161;52;52;22;9;3;3;4;3;0;2
2019-02-20 18:17:58;161;52;52;22;9;3;3;4;3;0;2
2019-02-20 18:18:59;162;52;53;22;9;3;3;4;3;0;2
2019-02-20 18:19:58;163;53;53;22;9;3;3;4;3;0;2
2019-02-20 18:20:59;163;53;53;22;9;3;3;4;3;0;2
2019-02-20 18:21:59;163;53;53;22;9;3;3;4;3;0;2
2019-02-20 18:22:58;163;53;53;22;9;3;3;4;3;0;2
2019-02-20 18:23:59;163;53;53;22;9;3;3;4;3;0;2
2019-02-20 18:24:58;163;53;53;22;9;3;3;4;3;0;2
2019-02-20 18:25:59;163;53;53;22;9;3;3;4;3;0;2
2019-02-20 18:26:59;163;53;54;21;9;3;3;4;3;0;2
2019-02-20 18:27:58;163;53;54;21;9;3;3;4;3;0;2
2019-02-20 18:28:59;164;53;55;21;9;3;3;4;3;0;2
2019-02-20 18:29:59;164;53;55;21;9;3;3;4;3;0;2
2019-02-20 18:30:58;164;53;55;21;9;3;3;4;3;0;2
2019-02-20 18:31:59;164;53;55;21;9;3;3;4;3;0;2
2019-02-20 18:33:00;165;54;55;21;9;3;3;4;3;0;2
2019-02-20 18:33:58;167;55;55;21;10;3;3;4;3;0;2
2019-02-20 18:34:59;167;55;55;21;10;3;3;4;3;0;2
2019-02-20 18:35:58;167;55;55;21;10;3;3;4;3;0;2
2019-02-20 18:36:59;167;55;55;21;10;3;3;4;3;0;2
2019-02-20 18:37:58;168;55;56;21;10;3;3;4;3;0;2
2019-02-20 18:38:59;168;55;56;21;10;3;3;4;3;0;2
2019-02-20 18:39:59;168;55;56;21;10;3;3;4;3;0;2
2019-02-20 18:40:58;168;55;56;21;10;3;3;4;3;0;2
2019-02-20 18:41:59;168;55;56;21;10;3;3;4;3;0;2
2019-02-20 18:42:59;169;55;57;21;10;3;3;4;3;0;2
2019-02-20 18:43:58;169;55;57;21;10;3;3;4;3;0;2
2019-02-20 18:44:59;169;55;57;21;10;3;3;4;3;0;2
2019-02-20 18:45:58;169;55;57;21;10;3;3;4;3;0;2
2019-02-20 18:46:59;169;55;57;21;10;3;3;4;3;0;2
2019-02-20 18:47:59;169;55;57;21;10;3;3;4;3;0;2
2019-02-20 18:48:58;169;55;57;21;10;3;3;4;3;0;2
2019-02-20 18:49:59;169;55;57;21;10;3;3;4;3;0;2
2019-02-20 18:50:59;169;55;57;21;10;3;3;4;3;0;2
2019-02-20 18:51:58;169;55;57;21;10;3;3;4;3;0;2
2019-02-20 18:52:59;169;55;57;21;10;3;3;4;3;0;2
2019-02-20 18:53:58;169;55;57;21;10;3;3;4;3;0;2
2019-02-20 18:54:59;169;55;57;21;10;3;3;4;3;0;2
2019-02-20 18:55:58;170;56;57;21;10;3;3;4;3;0;2
2019-02-20 18:56:59;170;56;57;21;10;3;3;4;3;0;2
2019-02-20 18:57:59;170;56;57;21;10;3;3;4;3;0;2
2019-02-20 18:58:58;170;55;58;21;10;3;3;4;3;0;2
2019-02-20 18:59:59;170;55;58;21;10;3;3;4;3;0;2
2019-02-20 19:00:59;170;55;58;21;10;3;3;4;3;0;2
2019-02-20 19:01:58;170;55;58;21;10;3;3;4;3;0;2
2019-02-20 19:02:59;170;55;58;21;10;3;3;4;3;0;2
2019-02-20 19:03:58;171;56;58;21;10;3;3;4;3;0;2
2019-02-20 19:04:59;171;56;58;21;10;3;3;4;3;0;2
2019-02-20 19:05:59;172;57;58;21;10;3;3;4;3;0;2
2019-02-20 19:06:58;173;57;58;21;10;3;4;4;3;0;2
2019-02-20 19:07:59;173;57;58;21;10;3;4;4;3;0;2
2019-02-20 19:08:58;174;57;59;21;10;3;4;4;3;0;2
2019-02-20 19:09:59;174;57;59;21;10;3;4;4;3;0;2
2019-02-20 19:10:59;174;57;59;21;10;3;4;4;3;0;2
2019-02-20 19:11:58;174;57;59;21;10;3;4;4;3;0;2
2019-02-20 19:12:59;174;57;59;21;10;3;4;4;3;0;2
2019-02-20 19:13:58;175;57;59;21;10;3;4;4;3;0;2
2019-02-20 19:14:59;175;57;59;21;10;3;4;4;3;0;2
2019-02-20 19:15:59;175;58;58;21;10;3;4;4;3;0;2
2019-02-20 19:16:58;175;58;58;21;10;3;4;4;3;0;2
2019-02-20 19:17:59;175;58;58;21;10;3;4;4;3;0;2
2019-02-20 19:18:59;175;58;58;21;10;3;4;4;3;0;2
2019-02-20 19:19:58;175;58;58;21;10;3;4;4;3;0;2
2019-02-20 19:20:59;176;58;59;21;10;3;4;4;3;0;2
2019-02-20 19:21:58;176;58;59;21;10;3;4;4;3;0;2
2019-02-20 19:22:59;177;59;59;21;10;3;4;4;3;0;2
2019-02-20 19:23:59;178;60;59;21;10;3;4;4;3;0;2
2019-02-20 19:24:58;178;60;59;21;10;3;4;4;3;0;2
2019-02-20 19:25:59;178;60;59;21;10;3;4;4;3;0;2
2019-02-20 19:26:59;178;60;59;21;10;3;4;4;3;0;2
2019-02-20 19:27:58;179;60;60;21;10;3;4;4;3;0;2
2019-02-20 19:28:59;179;60;60;21;10;3;4;4;3;0;2
2019-02-20 19:29:58;179;60;60;21;10;3;4;4;3;0;2
2019-02-20 19:30:59;179;60;60;21;10;3;4;4;3;0;2
2019-02-20 19:31:59;179;60;60;21;10;3;4;4;3;0;2
2019-02-20 19:32:58;179;60;60;21;10;3;4;4;3;0;2
2019-02-20 19:33:59;179;60;60;21;10;3;4;4;3;0;2
2019-02-20 19:34:59;179;60;60;21;10;3;4;4;3;0;2
2019-02-20 19:35:58;179;60;60;21;10;3;4;4;3;0;2
2019-02-20 19:36:59;179;60;60;21;10;3;4;4;3;0;2
2019-02-20 19:37:58;180;60;61;21;10;3;4;4;3;0;2
2019-02-20 19:38:59;180;60;61;21;10;3;4;4;3;0;2
2019-02-20 19:39:59;182;60;62;22;10;3;4;4;3;0;2
2019-02-20 19:40:58;182;60;62;22;10;3;4;4;3;0;2
2019-02-20 19:41:59;183;61;62;22;10;3;4;4;3;0;2
2019-02-20 19:42:58;183;61;62;22;10;3;4;4;3;0;2
2019-02-20 19:43:59;185;62;63;22;10;3;4;4;3;0;2
2019-02-20 19:44:59;185;62;63;22;10;3;4;4;3;0;2
2019-02-20 19:45:58;186;62;63;22;10;4;4;4;3;2;0
2019-02-20 19:46:59;187;62;64;22;10;4;4;4;3;2;0
2019-02-20 19:47:59;188;63;64;22;10;4;4;4;3;2;0
2019-02-20 19:48:58;188;63;64;22;10;4;4;4;3;2;0
2019-02-20 19:49:59;188;63;64;22;10;4;4;4;3;2;0
2019-02-20 19:50:59;188;63;64;22;10;4;4;4;3;2;0
2019-02-20 19:51:58;188;63;64;22;10;4;4;4;3;2;0
2019-02-20 19:52:59;188;63;64;22;10;4;4;4;3;2;0
2019-02-20 19:53:59;188;63;64;22;10;4;4;4;3;2;0
2019-02-20 19:54:58;188;63;64;22;10;4;4;4;3;2;0
2019-02-20 19:55:59;188;63;64;22;10;4;4;4;3;2;0
2019-02-20 19:56:59;189;64;64;22;10;4;4;4;3;2;0
2019-02-20 19:57:58;189;64;64;22;10;4;4;4;3;2;0
2019-02-20 19:58:59;189;64;64;22;10;4;4;4;3;2;0
2019-02-20 19:59:59;190;64;65;22;10;4;4;4;3;2;0
2019-02-20 20:00:58;191;64;65;22;11;4;4;4;3;2;0
2019-02-20 20:01:59;191;64;65;22;11;4;4;4;3;2;0
2019-02-20 20:02:58;191;64;65;22;11;4;4;4;3;2;0
2019-02-20 20:03:59;191;64;65;22;11;4;4;4;3;2;0
2019-02-20 20:04:59;191;64;65;22;11;4;4;4;3;2;0
2019-02-20 20:05:58;191;64;65;22;11;4;4;4;3;2;0
2019-02-20 20:06:59;191;64;65;22;11;4;4;4;3;2;0
2019-02-20 20:07:58;191;64;65;22;11;4;4;4;3;2;0
2019-02-20 20:08:59;191;64;64;23;11;4;4;4;3;2;0
2019-02-20 20:09:58;191;64;64;23;11;4;4;4;3;2;0
2019-02-20 20:10:59;191;64;64;23;11;4;4;4;3;2;0
2019-02-20 20:11:59;191;64;64;23;11;4;4;4;3;2;0
2019-02-20 20:12:58;191;64;64;23;11;4;4;4;3;2;0
2019-02-20 20:13:59;192;64;65;23;11;4;4;4;3;2;0
2019-02-20 20:14:59;192;64;65;23;11;4;4;4;3;2;0
2019-02-20 20:15:58;192;64;65;23;11;4;4;4;3;2;0
2019-02-20 20:16:59;192;64;65;23;11;4;4;4;3;2;0
2019-02-20 20:17:59;194;64;66;23;11;4;5;4;3;2;0
2019-02-20 20:18:58;194;64;66;23;11;4;5;4;3;2;0
2019-02-20 20:19:59;194;64;66;23;11;4;5;4;3;2;0
2019-02-20 20:20:58;194;64;66;23;11;4;5;4;3;2;0
2019-02-20 20:21:59;194;64;66;23;11;4;5;4;3;2;0
2019-02-20 20:22:59;194;64;66;23;11;4;5;4;3;2;0
2019-02-20 20:23:58;194;64;66;23;11;4;5;4;3;2;0
2019-02-20 20:24:59;194;64;66;23;11;4;5;4;3;2;0
2019-02-20 20:25:59;194;64;66;23;11;4;5;4;3;2;0
2019-02-20 20:26:58;194;64;66;23;11;4;5;4;3;2;0
2019-02-20 20:27:59;196;65;67;23;11;4;5;4;3;2;0
2019-02-20 20:28:59;198;65;69;23;11;4;5;4;3;2;0
2019-02-20 20:29:58;198;65;69;23;11;4;5;4;3;2;0
2019-02-20 20:30:59;200;65;71;23;11;4;5;4;3;2;0
2019-02-20 20:31:59;201;66;71;23;11;4;5;4;3;2;0
2019-02-20 20:32:58;202;67;71;23;11;4;5;4;3;2;0
2019-02-20 20:33:59;202;67;71;23;11;4;5;4;3;2;0
2019-02-20 20:35:00;203;68;70;23;11;4;5;4;3;2;0
2019-02-20 20:35:58;203;68;70;23;11;4;5;4;3;2;0
2019-02-20 20:36:59;203;68;70;23;11;4;5;4;3;2;0
2019-02-20 20:37:58;203;68;70;23;11;4;5;4;3;2;0
2019-02-20 20:38:59;204;68;71;23;11;4;5;4;3;2;0
2019-02-20 20:39:59;204;68;71;23;11;4;5;4;3;2;0
2019-02-20 20:40:58;206;68;72;23;11;4;5;4;3;3;0
2019-02-20 20:41:59;206;68;72;23;11;4;5;4;3;3;0
2019-02-20 20:42:58;206;68;72;23;11;4;5;4;3;3;0
2019-02-20 20:43:59;207;68;73;23;11;4;5;4;3;3;0
2019-02-20 20:44:59;206;67;73;23;11;4;5;4;3;3;0
2019-02-20 20:45:58;205;66;73;23;11;4;5;4;3;3;0
2019-02-20 20:46:59;206;66;74;23;11;4;5;4;3;3;0
2019-02-20 20:47:59;207;67;74;23;11;4;5;4;3;3;0
2019-02-20 20:48:58;207;67;74;23;11;4;5;4;3;3;0
2019-02-20 20:49:59;207;67;74;23;11;4;5;4;3;3;0
2019-02-20 20:50:59;207;67;74;23;11;4;5;4;3;3;0
2019-02-20 20:51:58;207;67;74;23;11;4;5;4;3;3;0
2019-02-20 20:52:59;207;67;74;23;11;4;5;4;3;3;0
2019-02-20 20:54:00;207;67;74;23;11;4;5;4;3;3;0
2019-02-20 20:54:58;207;67;74;23;11;4;5;4;3;3;0
2019-02-20 20:55:59;207;67;74;23;11;4;5;4;3;3;0
2019-02-20 20:56:58;208;68;74;23;11;4;5;4;3;3;0
2019-02-20 20:57:59;208;68;74;23;11;4;5;4;3;3;0
2019-02-20 20:58:59;208;68;74;23;11;4;5;4;3;3;0
2019-02-20 20:59:58;209;68;75;23;11;4;5;4;3;3;0
2019-02-20 21:00:59;209;68;75;23;11;4;5;4;3;3;0
2019-02-20 21:01:58;210;68;76;23;11;4;5;4;3;3;0
2019-02-20 21:02:59;211;68;77;23;11;4;5;4;3;3;0
2019-02-20 21:03:59;211;68;77;23;11;4;5;4;3;3;0
2019-02-20 21:04:58;211;68;77;23;11;4;5;4;3;3;0
2019-02-20 21:05:59;211;68;77;23;11;4;5;4;3;3;0
2019-02-20 21:06:59;212;69;77;23;11;4;5;4;3;3;0
2019-02-20 21:07:58;212;69;77;23;11;4;5;4;3;3;0
2019-02-20 21:08:59;212;69;77;23;11;4;5;4;3;3;0
2019-02-20 21:09:58;212;69;77;23;11;4;5;4;3;3;0
2019-02-20 21:10:59;212;69;77;23;11;4;5;4;3;3;0
2019-02-20 21:11:59;213;69;78;23;11;4;5;4;3;3;0
2019-02-20 21:12:58;212;69;77;23;11;4;5;4;3;3;0
2019-02-20 21:13:59;212;69;77;23;11;4;5;4;3;3;0
2019-02-20 21:14:59;212;69;77;23;11;4;5;4;3;3;0
2019-02-20 21:15:58;213;70;77;23;11;4;5;4;3;3;0
2019-02-20 21:16:59;213;70;77;23;11;4;5;4;3;3;0
2019-02-20 21:17:58;213;70;77;23;11;4;5;4;3;3;0
2019-02-20 21:18:59;213;70;77;23;11;4;5;4;3;3;0
2019-02-20 21:19:59;214;71;76;23;11;4;5;4;3;3;2
2019-02-20 21:20:58;214;71;76;23;11;4;5;4;3;3;2
2019-02-20 21:21:59;214;71;76;23;11;4;5;4;3;3;2
2019-02-20 21:22:58;214;71;76;23;11;4;5;4;3;3;2
2019-02-20 21:23:59;214;71;76;23;11;4;5;4;3;3;2
2019-02-20 21:24:59;214;71;76;23;11;4;5;4;3;3;2
2019-02-20 21:25:58;214;71;76;23;11;4;5;4;3;3;2
2019-02-20 21:26:59;214;71;76;23;11;4;5;4;3;3;2
2019-02-20 21:27:59;214;71;76;23;11;4;5;4;3;3;2
2019-02-20 21:28:58;214;71;76;23;11;4;5;4;3;3;2
2019-02-20 21:29:59;215;71;77;23;11;4;5;4;3;3;2
2019-02-20 21:30:58;215;71;77;23;11;4;5;4;3;3;2
2019-02-20 21:31:59;215;71;77;23;11;4;5;4;3;3;2
2019-02-20 21:32:59;215;71;77;23;11;4;5;4;3;3;2
2019-02-20 21:33:58;215;71;77;23;11;4;5;4;3;3;2
2019-02-20 21:34:59;215;71;77;23;11;4;5;4;3;3;2
2019-02-20 21:35:58;216;72;77;23;11;4;5;4;3;3;2
2019-02-20 21:36:59;216;72;77;23;11;4;5;4;3;3;2
2019-02-20 21:37:59;216;72;77;23;11;4;5;4;3;3;2
2019-02-20 21:38:58;216;72;77;23;11;4;5;4;3;3;2
2019-02-20 21:39:59;216;72;77;23;11;4;5;4;3;3;2
2019-02-20 21:40:59;216;72;77;23;11;4;5;4;3;3;2
2019-02-20 21:41:58;216;72;77;23;11;4;5;4;3;3;2
2019-02-20 21:42:59;216;72;77;23;11;4;5;4;3;3;2
2019-02-20 21:43:58;216;72;77;23;11;4;5;4;3;3;2
2019-02-20 21:44:59;217;72;78;23;11;4;5;4;3;3;2
2019-02-20 21:45:58;217;72;78;23;11;4;5;4;3;3;2
2019-02-20 21:46:59;217;72;78;23;11;4;5;4;3;3;2
2019-02-20 21:47:59;217;72;78;23;11;4;5;4;3;3;2
2019-02-20 21:48:58;217;72;78;23;11;4;5;4;3;3;2
2019-02-20 21:49:59;217;72;78;23;11;4;5;4;3;3;2
2019-02-20 21:50:58;217;72;78;23;11;4;5;4;3;3;2
2019-02-20 21:51:59;217;72;78;23;11;4;5;4;3;3;2
2019-02-20 21:52:59;217;73;77;23;11;4;5;4;3;3;2
2019-02-20 21:53:58;217;73;77;23;11;4;5;4;3;3;2
2019-02-20 21:54:59;217;73;77;23;11;4;5;4;3;3;2
2019-02-20 21:55:58;217;73;77;23;11;4;5;4;3;3;2
2019-02-20 21:56:59;217;73;77;23;11;4;5;4;3;3;2
2019-02-20 21:57:59;217;73;77;23;11;4;5;4;3;3;2
2019-02-20 21:58:58;217;73;77;23;11;4;5;4;3;3;2
2019-02-20 21:59:59;217;73;77;23;11;4;5;4;3;3;2
2019-02-20 22:00:59;217;73;77;23;11;4;5;4;3;3;2
2019-02-20 22:01:58;218;73;77;24;11;4;5;4;3;3;2
2019-02-20 22:02:59;218;73;77;24;11;4;5;4;3;3;2
2019-02-20 22:03:58;218;73;77;24;11;4;5;4;3;3;2
2019-02-20 22:04:59;219;74;77;24;11;4;5;4;3;3;2
2019-02-20 22:05:59;219;75;77;23;11;4;5;4;3;3;2
2019-02-20 22:06:58;219;75;77;23;11;4;5;4;3;3;2
2019-02-20 22:07:59;219;75;77;23;11;4;5;4;3;3;2
2019-02-20 22:08:59;219;75;77;23;11;4;5;4;3;3;2
2019-02-20 22:09:58;219;75;77;23;11;4;5;4;3;3;2
2019-02-20 22:10:59;220;76;77;23;11;4;5;4;3;3;2
2019-02-20 22:11:59;220;76;77;23;11;4;5;4;3;3;2
2019-02-20 22:12:58;220;76;77;23;11;4;5;4;3;3;2
2019-02-20 22:13:59;220;76;77;23;11;4;5;4;3;3;2
2019-02-20 22:14:59;220;76;77;23;11;4;5;4;3;3;2
2019-02-20 22:15:58;220;76;77;23;11;4;5;4;3;3;2
2019-02-20 22:16:59;219;76;76;23;11;4;5;4;3;3;2
2019-02-20 22:17:58;219;76;76;23;11;4;5;4;3;3;2
2019-02-20 22:19:00;219;76;76;23;11;4;5;4;3;3;2
2019-02-20 22:19:58;219;76;76;23;11;4;5;4;3;3;2
2019-02-20 22:20:59;219;76;76;23;11;4;5;4;3;3;2
2019-02-20 22:21:58;219;76;76;23;11;4;5;4;3;3;2
2019-02-20 22:22:59;219;76;76;23;11;4;5;4;3;3;2
2019-02-20 22:23:58;219;76;76;23;11;4;5;4;3;3;2
2019-02-20 22:24:59;219;76;76;23;11;4;5;4;3;3;2
2019-02-20 22:25:59;219;76;76;23;11;4;5;4;3;3;2
2019-02-20 22:26:58;219;76;76;23;11;4;5;4;3;3;2
2019-02-20 22:27:59;219;76;76;23;11;4;5;4;3;3;2
2019-02-20 22:28:59;219;76;76;23;11;4;5;4;3;3;2
2019-02-20 22:29:58;219;78;75;22;11;4;5;4;3;3;2
2019-02-20 22:30:59;220;78;76;22;11;4;5;4;3;3;2
2019-02-20 22:31:58;220;78;76;22;11;4;5;4;3;3;2
2019-02-20 22:32:59;220;78;76;22;11;4;5;4;3;3;2
2019-02-20 22:33:59;220;78;76;22;11;4;5;4;3;3;2
2019-02-20 22:34:58;220;78;76;22;11;4;5;4;3;3;2
2019-02-20 22:35:59;220;78;76;22;11;4;5;4;3;3;2
2019-02-20 22:36:59;220;78;76;22;11;4;5;4;3;3;2
2019-02-20 22:37:58;220;78;76;22;11;4;5;4;3;3;2
2019-02-20 22:38:59;220;78;76;22;11;4;5;4;3;3;2
2019-02-20 22:39:59;221;78;77;22;11;4;5;4;3;3;2
2019-02-20 22:40:58;221;78;77;22;11;4;5;4;3;3;2
2019-02-20 22:41:59;221;77;78;22;11;4;5;4;3;3;2
2019-02-20 22:42:59;221;77;78;22;11;4;5;4;3;3;2
2019-02-20 22:43:58;221;77;78;22;11;4;5;4;3;3;2
2019-02-20 22:44:59;221;77;78;22;11;4;5;4;3;3;2
2019-02-20 22:45:59;221;77;78;22;11;4;5;4;3;3;2
2019-02-20 22:46:58;221;78;77;22;11;4;5;4;3;3;2
2019-02-20 22:47:59;221;78;77;22;11;4;5;4;3;3;2
2019-02-20 22:48:59;222;78;78;22;11;4;5;4;3;3;2
2019-02-20 22:49:59;223;78;79;22;11;4;5;4;3;3;2
2019-02-20 22:50:59;223;78;79;22;11;4;5;4;3;3;2
2019-02-20 22:51:58;223;78;79;22;11;4;5;4;3;3;2
2019-02-20 22:52:59;223;78;79;22;11;4;5;4;3;3;2
2019-02-20 22:53:59;223;78;80;22;11;4;4;4;3;3;2
2019-02-20 22:54:58;223;78;81;21;11;4;4;4;3;3;2
2019-02-20 22:55:59;223;78;81;21;11;4;4;4;3;3;2
2019-02-20 22:56:58;223;78;81;21;11;4;4;4;3;3;2
2019-02-20 22:57:59;224;78;82;21;11;4;4;4;3;3;2
2019-02-20 22:59:00;224;78;82;21;11;4;4;4;3;3;2
2019-02-20 22:59:58;224;78;82;21;11;4;4;4;3;3;2
2019-02-20 23:00:59;224;78;82;21;11;4;4;4;3;3;2
2019-02-20 23:01:58;224;78;82;21;11;4;4;4;3;3;2
2019-02-20 23:02:59;225;79;82;21;11;4;4;4;3;3;2
2019-02-20 23:03:59;225;79;82;21;11;4;4;4;3;3;2
2019-02-20 23:04:58;225;79;82;21;11;4;4;4;3;3;2
2019-02-20 23:05:59;225;79;82;21;11;4;4;4;3;3;2
2019-02-20 23:06:59;225;79;82;21;11;4;4;4;3;3;2
2019-02-20 23:07:58;225;79;82;21;11;4;4;4;3;3;2
2019-02-20 23:08:59;225;79;82;21;11;4;4;4;3;3;2
2019-02-20 23:09:59;225;79;82;21;11;4;4;4;3;3;2
2019-02-20 23:10:58;226;79;83;21;11;4;4;4;3;3;2
2019-02-20 23:11:59;225;79;82;21;11;4;4;4;3;3;2
2019-02-20 23:12:59;226;79;83;21;11;4;4;4;3;3;2
2019-02-20 23:13:58;226;79;83;21;11;4;4;4;3;3;2
2019-02-20 23:14:59;226;79;83;21;11;4;4;4;3;3;2
2019-02-20 23:15:59;226;79;83;21;11;4;4;4;3;3;2
2019-02-20 23:16:58;226;79;83;21;11;4;4;4;3;3;2
2019-02-20 23:17:59;228;80;84;21;11;4;4;4;3;3;2
2019-02-20 23:18:59;228;80;84;21;11;4;4;4;3;3;2
2019-02-20 23:19:58;228;80;84;21;11;4;4;4;3;3;2
2019-02-20 23:20:59;230;81;85;21;11;4;4;4;3;3;2
2019-02-20 23:21:59;230;81;85;21;11;4;4;4;3;3;2
2019-02-20 23:22:59;230;81;85;21;11;4;4;4;3;3;2
2019-02-20 23:23:58;230;81;85;21;11;4;4;4;3;3;2
2019-02-20 23:24:59;230;81;85;21;11;4;4;4;3;3;2
2019-02-20 23:25:59;230;81;85;21;11;4;4;4;3;3;2
2019-02-20 23:26:58;230;81;85;21;11;4;4;4;3;3;2
2019-02-20 23:27:59;230;81;85;21;11;4;4;4;3;3;2
2019-02-20 23:28:59;231;81;86;21;11;4;4;4;3;3;2
2019-02-20 23:29:58;231;81;86;21;11;4;4;4;3;3;2
2019-02-20 23:30:59;233;81;88;21;11;4;4;4;3;3;2
2019-02-20 23:31:58;233;81;89;20;11;4;4;4;3;3;2
2019-02-20 23:32:59;233;81;89;20;11;4;4;4;3;3;2
2019-02-20 23:33:59;233;81;89;20;11;4;4;4;3;3;2
2019-02-20 23:34:58;233;81;89;20;11;4;4;4;3;3;2
2019-02-20 23:35:59;234;82;89;20;11;4;4;4;3;3;2
2019-02-20 23:36:58;235;83;89;20;11;4;4;4;3;3;2
2019-02-20 23:37:59;236;84;89;20;11;4;4;4;3;3;2
2019-02-20 23:38:59;237;85;89;20;11;4;4;4;3;3;2
2019-02-20 23:39:58;238;86;89;20;11;4;4;4;3;3;2
2019-02-20 23:40:59;240;87;90;20;11;4;4;4;3;3;2
2019-02-20 23:41:59;240;87;90;20;11;4;4;4;3;3;2
2019-02-20 23:42:58;241;87;91;20;11;4;4;4;3;3;2
2019-02-20 23:43:59;241;88;90;20;11;4;4;4;3;3;2
2019-02-20 23:44:59;242;88;91;20;11;4;4;4;3;3;2
2019-02-20 23:45:58;242;89;90;20;11;4;4;4;3;3;2
2019-02-20 23:46:59;242;89;90;21;10;4;4;4;3;3;2
2019-02-20 23:47:58;242;89;90;21;10;4;4;4;3;3;2
2019-02-20 23:48:59;242;89;90;21;10;4;4;4;3;3;2
2019-02-20 23:49:59;242;89;90;21;10;4;4;4;3;3;2
2019-02-20 23:50:58;243;90;90;21;10;4;4;4;3;3;2
2019-02-20 23:51:59;243;90;90;21;10;4;4;4;3;3;2
2019-02-20 23:52:59;243;91;90;20;10;4;4;4;3;3;2
2019-02-20 23:53:58;244;91;91;20;10;4;4;4;3;3;2
2019-02-20 23:54:59;244;90;92;20;10;4;4;4;3;3;2
2019-02-20 23:55:58;245;90;93;20;10;4;4;4;3;3;2
2019-02-20 23:56:59;245;92;91;20;10;4;4;4;3;3;2
2019-02-20 23:57:59;245;92;91;20;10;4;4;4;3;3;2
2019-02-20 23:58:58;245;92;91;20;10;4;4;4;3;3;2
2019-02-20 23:59:59;246;93;91;20;10;4;4;4;3;3;2
