datetime;total_votes;Wiedemann;orlando;Lay_Lady_Lay;norpo;kaiL;Dirtylieutenant;xtend;Etinilestradiol;Palad1n;asap
2019-12-11 00:00:59;0;0;0;0;0;0;0;0;0;0;0
2019-12-11 00:01:59;3;0;0;0;1;0;0;0;0;0;0
2019-12-11 00:02:59;4;1;0;0;1;0;0;0;0;0;0
2019-12-11 00:03:59;4;1;0;0;1;0;0;0;0;0;0
2019-12-11 00:04:58;4;1;0;0;1;0;0;0;0;0;0
2019-12-11 00:05:59;4;1;0;0;1;0;0;0;0;0;0
2019-12-11 00:06:58;4;1;0;0;1;0;0;0;0;0;0
2019-12-11 00:07:59;4;1;0;0;1;0;0;0;0;0;0
2019-12-11 00:08:59;4;1;0;0;1;0;0;0;0;0;0
2019-12-11 00:09:59;4;1;0;0;1;0;0;0;0;0;0
2019-12-11 00:10:58;5;1;0;0;1;0;0;0;0;0;0
2019-12-11 00:11:59;5;1;0;0;1;0;0;0;0;0;0
2019-12-11 00:12:58;6;1;0;0;1;0;0;0;0;0;0
2019-12-11 00:13:59;6;1;0;0;1;0;0;0;0;0;0
2019-12-11 00:14:59;6;1;0;0;1;0;0;0;0;0;0
2019-12-11 00:15:59;6;1;0;0;1;0;0;0;0;0;0
2019-12-11 00:16:59;6;1;0;0;1;0;0;0;0;0;0
2019-12-11 00:17:59;6;1;0;0;1;0;0;0;0;0;0
2019-12-11 00:18:58;6;1;0;0;1;0;0;0;0;0;0
2019-12-11 00:19:59;7;1;0;0;1;0;0;0;0;0;0
2019-12-11 00:21:00;7;1;0;0;1;0;0;0;0;0;0
2019-12-11 00:21:58;7;1;0;0;1;0;0;0;0;0;0
2019-12-11 00:22:59;8;1;0;0;1;0;0;0;1;0;0
2019-12-11 00:23:59;8;1;0;0;1;0;0;0;1;0;0
2019-12-11 00:24:59;8;1;0;0;1;0;0;0;1;0;0
2019-12-11 00:25:58;9;1;0;0;1;0;0;0;1;0;0
2019-12-11 00:26:59;10;1;0;0;1;0;0;1;1;0;0
2019-12-11 00:27:59;12;2;0;0;1;0;0;1;1;0;0
2019-12-11 00:28:59;13;3;0;0;1;0;0;1;1;0;0
2019-12-11 00:29:59;14;4;0;0;1;0;0;1;1;0;0
2019-12-11 00:30:58;15;5;0;0;1;0;0;1;1;0;0
2019-12-11 00:31:59;16;5;0;0;1;0;0;2;0;1;0
2019-12-11 00:32:59;16;5;0;0;1;0;0;2;0;1;0
2019-12-11 00:33:58;17;5;0;0;2;0;0;2;1;1;0
2019-12-11 00:34:59;17;5;0;0;2;0;0;2;1;1;0
2019-12-11 00:35:58;17;5;0;0;2;0;0;2;1;1;0
2019-12-11 00:36:59;18;5;0;0;2;0;1;2;0;1;0
2019-12-11 00:37:59;18;5;0;0;2;0;1;2;0;1;0
2019-12-11 00:38:59;19;5;0;0;2;0;2;2;0;1;0
2019-12-11 00:39:58;19;5;0;0;2;0;2;2;0;1;0
2019-12-11 00:40:59;19;5;0;0;2;0;2;2;0;1;0
2019-12-11 00:41:59;20;6;0;0;2;0;2;2;0;1;0
2019-12-11 00:42:59;21;6;0;0;2;0;2;2;0;1;0
2019-12-11 00:43:58;21;6;0;0;2;0;2;2;0;1;0
2019-12-11 00:44:59;21;6;0;0;2;0;2;2;0;1;0
2019-12-11 00:45:59;21;6;0;0;2;0;2;2;0;1;0
2019-12-11 00:46:58;21;6;0;0;2;0;2;2;0;1;0
2019-12-11 00:47:59;21;6;0;0;2;0;2;2;0;1;0
2019-12-11 00:48:59;21;6;0;0;2;0;2;2;0;1;0
2019-12-11 00:49:58;21;6;0;0;2;0;2;2;0;1;0
2019-12-11 00:50:59;21;6;0;0;2;0;2;2;0;1;0
2019-12-11 00:51:59;21;6;0;0;2;0;2;2;0;1;0
2019-12-11 00:52:59;21;6;0;0;2;0;2;2;0;1;0
2019-12-11 00:53:58;21;6;0;0;2;0;2;2;0;1;0
2019-12-11 00:54:59;22;6;0;0;2;0;2;2;0;1;0
2019-12-11 00:55:59;23;6;0;0;2;0;2;2;0;1;0
2019-12-11 00:56:59;24;6;0;0;2;0;2;2;0;1;0
2019-12-11 00:57:59;24;6;0;0;2;0;2;2;0;1;0
2019-12-11 00:58:59;25;7;0;0;2;0;2;2;0;1;0
2019-12-11 00:59:58;25;7;0;0;2;0;2;2;0;1;0
2019-12-11 01:00:59;25;7;0;0;2;0;2;2;0;1;0
2019-12-11 01:01:59;25;7;0;0;2;0;2;2;0;1;0
2019-12-11 01:02:58;25;7;0;0;2;0;2;2;0;1;0
2019-12-11 01:03:59;25;7;0;0;2;0;2;2;0;1;0
2019-12-11 01:04:59;25;7;0;0;2;0;2;2;0;1;0
2019-12-11 01:05:58;25;7;0;0;2;0;2;2;0;1;0
2019-12-11 01:06:59;25;7;0;0;2;0;2;2;0;1;0
2019-12-11 01:07:59;25;7;0;0;2;0;2;2;0;1;0
2019-12-11 01:08:59;26;7;0;0;2;0;2;2;0;0;0
2019-12-11 01:09:58;26;7;0;0;2;0;2;2;0;0;0
2019-12-11 01:10:59;26;7;0;0;2;0;2;2;0;0;0
2019-12-11 01:11:59;26;7;0;0;2;0;2;2;0;0;0
2019-12-11 01:12:58;26;7;0;0;2;0;2;2;0;0;0
2019-12-11 01:13:59;26;7;0;0;2;0;2;2;0;0;0
2019-12-11 01:14:59;26;7;0;0;2;0;2;2;0;0;0
2019-12-11 01:15:58;26;7;0;0;2;0;2;2;0;0;0
2019-12-11 01:16:59;26;7;0;0;2;0;2;2;0;0;0
2019-12-11 01:17:59;27;7;0;0;2;0;2;2;0;0;0
2019-12-11 01:18:58;27;7;0;0;2;0;2;2;0;0;0
2019-12-11 01:19:59;27;7;0;0;2;0;2;2;0;0;0
2019-12-11 01:20:59;27;7;0;0;2;0;2;2;0;0;0
2019-12-11 01:21:59;28;7;0;1;3;0;2;2;1;0;0
2019-12-11 01:22:58;28;7;0;1;3;0;2;2;1;0;0
2019-12-11 01:23:59;28;7;0;1;3;0;2;2;1;0;0
2019-12-11 01:24:59;28;7;0;1;3;0;2;2;1;0;0
2019-12-11 01:25:58;29;7;0;0;3;0;3;2;1;0;0
2019-12-11 01:26:59;29;7;0;0;3;0;3;2;1;0;0
2019-12-11 01:27:59;29;7;0;0;3;0;3;2;1;0;0
2019-12-11 01:28:58;29;7;0;0;3;0;3;2;1;0;0
2019-12-11 01:29:59;29;7;0;0;3;0;3;2;1;0;0
2019-12-11 01:30:59;29;7;0;0;3;0;3;2;1;0;0
2019-12-11 01:31:58;29;7;0;0;3;0;3;2;1;0;0
2019-12-11 01:32:59;29;7;0;0;3;0;3;2;1;0;0
2019-12-11 01:33:59;29;7;0;0;3;0;3;2;1;0;0
2019-12-11 01:34:59;29;7;0;0;3;0;3;2;1;0;0
2019-12-11 01:35:58;30;7;0;0;4;0;3;2;1;0;0
2019-12-11 01:36:59;30;7;0;0;4;0;3;2;1;0;0
2019-12-11 01:37:59;30;7;0;0;4;0;3;2;1;0;0
2019-12-11 01:38:58;30;7;0;0;4;0;3;2;1;0;0
2019-12-11 01:39:59;30;7;0;0;4;0;3;2;1;0;0
2019-12-11 01:41:00;30;7;0;0;4;0;3;2;1;0;0
2019-12-11 01:41:58;31;7;0;0;4;0;3;2;2;0;0
2019-12-11 01:42:59;31;7;0;0;4;0;3;2;2;0;0
2019-12-11 01:43:59;31;7;0;0;4;0;3;2;2;0;0
2019-12-11 01:45:00;31;7;0;0;4;0;3;2;2;0;0
2019-12-11 01:45:58;31;7;0;0;4;0;3;2;2;0;0
2019-12-11 01:46:59;31;7;0;0;4;0;3;2;2;0;0
2019-12-11 01:47:59;31;7;0;0;4;0;3;2;2;0;0
2019-12-11 01:48:58;31;7;0;0;4;0;3;2;2;0;0
2019-12-11 01:49:59;31;7;0;0;4;0;3;2;2;0;0
2019-12-11 01:50:59;31;7;0;0;4;0;3;2;2;0;0
2019-12-11 01:51:58;31;7;0;0;4;0;3;2;2;0;0
2019-12-11 01:52:59;31;7;0;0;4;0;3;2;2;0;0
2019-12-11 01:53:59;31;7;0;0;4;0;3;2;2;0;0
2019-12-11 01:54:59;31;7;0;0;4;0;3;2;2;0;0
2019-12-11 01:55:58;31;7;0;0;4;0;3;2;2;0;0
2019-12-11 01:56:59;31;7;0;0;4;0;3;2;2;0;0
2019-12-11 01:57:59;31;7;0;0;4;0;3;2;2;0;0
2019-12-11 01:58:58;31;7;0;0;4;0;3;2;2;0;0
2019-12-11 01:59:59;31;7;0;0;4;0;3;2;2;0;0
2019-12-11 02:00:59;31;7;0;0;4;0;3;2;2;0;0
2019-12-11 02:01:58;31;7;0;0;4;0;3;2;2;0;0
2019-12-11 02:02:59;31;7;0;0;4;0;3;2;2;0;0
2019-12-11 02:03:59;31;7;0;0;4;0;3;2;2;0;0
2019-12-11 02:04:58;31;7;0;0;4;0;3;2;2;0;0
2019-12-11 02:05:59;31;7;0;0;4;0;3;2;2;0;0
2019-12-11 02:06:58;31;7;0;0;4;0;3;2;2;0;0
2019-12-11 02:07:59;31;7;0;0;4;0;3;2;2;0;0
2019-12-11 02:08:59;31;7;0;0;4;0;3;2;2;0;0
2019-12-11 02:09:58;31;7;0;0;4;0;3;2;2;0;0
2019-12-11 02:10:59;31;7;0;0;4;0;3;2;2;0;0
2019-12-11 02:11:59;31;7;0;0;4;0;3;2;2;0;0
2019-12-11 02:12:58;31;7;0;0;4;0;3;2;2;0;0
2019-12-11 02:13:59;31;7;0;0;4;0;3;2;2;0;0
2019-12-11 02:14:59;30;7;0;1;4;0;3;2;2;1;0
2019-12-11 02:15:59;30;7;0;1;4;0;3;2;2;1;0
2019-12-11 02:16:58;30;7;0;1;4;0;3;2;2;1;0
2019-12-11 02:17:59;30;7;0;1;4;0;3;2;2;1;0
2019-12-11 02:18:59;30;7;0;1;4;0;3;2;2;1;0
2019-12-11 02:19:58;30;7;0;1;4;0;3;2;2;1;0
2019-12-11 02:20:59;30;7;0;1;4;0;3;2;2;1;0
2019-12-11 02:21:59;30;7;0;1;4;0;3;2;2;1;0
2019-12-11 02:22:59;30;7;0;1;4;0;3;2;2;1;0
2019-12-11 02:23:58;30;7;0;1;4;0;3;2;2;1;0
2019-12-11 02:24:59;30;7;0;1;4;0;3;2;2;1;0
2019-12-11 02:25:59;30;7;0;1;4;0;3;2;2;1;0
2019-12-11 02:26:59;30;7;0;1;4;0;3;2;2;1;0
2019-12-11 02:27:58;30;7;0;1;4;0;3;2;2;1;0
2019-12-11 02:28:59;30;7;0;1;4;0;3;2;2;1;0
2019-12-11 02:29:59;30;7;0;1;4;0;3;2;2;1;0
2019-12-11 02:31:00;30;7;0;1;4;0;3;2;2;1;0
2019-12-11 02:31:58;30;7;0;1;4;0;3;2;2;1;0
2019-12-11 02:32:59;30;7;0;1;4;0;3;2;2;1;0
2019-12-11 02:33:59;30;7;0;1;4;0;3;2;2;1;0
2019-12-11 02:34:58;30;7;0;1;4;0;3;2;2;1;0
2019-12-11 02:35:59;30;7;0;1;4;0;3;2;2;1;0
2019-12-11 02:36:59;30;7;0;1;4;0;3;2;2;1;0
2019-12-11 02:37:58;30;7;0;1;4;0;3;2;2;1;0
2019-12-11 02:38:59;30;7;0;1;4;0;3;2;2;1;0
2019-12-11 02:39:59;30;7;0;1;4;0;3;2;2;1;0
2019-12-11 02:40:59;30;7;0;1;4;0;3;2;2;1;0
2019-12-11 02:41:58;30;7;0;1;4;0;3;2;2;1;0
2019-12-11 02:42:59;30;7;0;1;4;0;3;2;2;1;0
2019-12-11 02:43:59;30;7;0;1;4;0;3;2;2;1;0
2019-12-11 02:44:58;30;7;0;1;4;0;3;2;2;1;0
2019-12-11 02:45:59;30;7;0;1;4;0;3;2;2;1;0
2019-12-11 02:46:59;30;7;0;1;4;0;3;2;2;1;0
2019-12-11 02:47:59;30;7;0;1;4;0;3;2;2;1;0
2019-12-11 02:48:58;30;7;0;1;4;0;3;2;2;1;0
2019-12-11 02:49:59;30;7;0;1;4;0;3;2;2;1;0
2019-12-11 02:50:59;30;7;0;1;4;0;3;2;2;1;0
2019-12-11 02:51:58;30;7;0;1;4;0;3;2;2;1;0
2019-12-11 02:52:59;30;7;0;1;4;0;3;2;2;1;0
2019-12-11 02:53:59;30;7;0;1;4;0;3;2;2;1;0
2019-12-11 02:54:59;30;7;0;1;4;0;3;2;2;1;0
2019-12-11 02:55:58;30;7;0;1;4;0;3;2;2;1;0
2019-12-11 02:56:59;30;7;0;1;4;0;3;2;2;1;0
2019-12-11 02:57:59;30;7;0;1;4;0;3;2;2;1;0
2019-12-11 02:58:58;30;7;0;1;4;0;3;2;2;1;0
2019-12-11 02:59:59;30;7;0;1;4;0;3;2;2;1;0
2019-12-11 03:00:59;30;7;0;1;4;0;3;2;2;1;0
2019-12-11 03:01:59;30;7;0;1;4;0;3;2;2;1;0
2019-12-11 03:02:58;30;7;0;1;4;0;3;2;2;1;0
2019-12-11 03:03:59;30;7;0;1;4;0;3;2;2;1;0
2019-12-11 03:04:59;30;7;0;1;4;0;3;2;2;1;0
2019-12-11 03:05:58;30;7;0;1;4;0;3;2;2;1;0
2019-12-11 03:06:59;30;7;0;1;4;0;3;2;2;1;0
2019-12-11 03:07:59;30;7;0;1;4;0;3;2;2;1;0
2019-12-11 03:08:59;30;7;0;1;4;0;3;2;2;1;0
2019-12-11 03:09:58;30;7;0;1;4;0;3;2;2;1;0
2019-12-11 03:10:59;30;7;0;1;4;0;3;2;2;1;0
2019-12-11 03:11:59;30;7;0;1;4;0;3;2;2;1;0
2019-12-11 03:12:58;30;7;0;1;4;0;3;2;2;1;0
2019-12-11 03:13:59;30;7;0;1;4;0;3;2;2;1;0
2019-12-11 03:14:59;30;7;0;1;4;0;3;2;2;1;0
2019-12-11 03:15:59;30;7;0;1;4;0;3;2;2;1;0
2019-12-11 03:16:58;30;7;0;1;4;0;3;2;2;1;0
2019-12-11 03:17:59;30;7;0;1;4;0;3;2;2;1;0
2019-12-11 03:18:59;30;7;0;1;4;0;3;2;2;1;0
2019-12-11 03:19:59;30;7;0;1;4;0;3;2;2;1;0
2019-12-11 03:20:58;30;7;0;1;4;0;3;2;2;1;0
2019-12-11 03:21:59;30;7;0;1;4;0;3;2;2;1;0
2019-12-11 03:22:58;30;7;0;1;4;0;3;2;2;1;0
2019-12-11 03:23:59;30;7;0;1;4;0;3;2;2;1;0
2019-12-11 03:24:59;30;7;0;1;4;0;3;2;2;1;0
2019-12-11 03:25:58;30;7;0;1;4;0;3;2;2;1;0
2019-12-11 03:26:59;30;7;0;1;4;0;3;2;2;1;0
2019-12-11 03:27:59;30;7;0;1;4;0;3;2;2;1;0
2019-12-11 03:28:59;30;7;0;1;4;0;3;2;2;1;0
2019-12-11 03:29:58;30;7;0;1;4;0;3;2;2;1;0
2019-12-11 03:30:59;30;7;0;1;4;0;3;2;2;1;0
2019-12-11 03:31:59;30;7;0;1;4;0;3;2;2;1;0
2019-12-11 03:32:58;30;7;0;1;4;0;3;2;2;1;0
2019-12-11 03:33:59;30;7;0;1;4;0;3;2;2;1;0
2019-12-11 03:34:59;30;7;0;1;4;0;3;2;2;1;0
2019-12-11 03:35:59;30;7;0;1;4;0;3;2;2;1;0
2019-12-11 03:36:58;30;7;0;1;4;0;3;2;2;1;0
2019-12-11 03:37:59;30;7;0;1;4;0;3;2;2;1;0
2019-12-11 03:38:59;30;7;0;1;4;0;3;2;2;1;0
2019-12-11 03:39:58;30;7;0;1;4;0;3;2;2;1;0
2019-12-11 03:40:59;30;7;0;1;4;0;3;2;2;1;0
2019-12-11 03:41:58;30;7;0;1;4;0;3;2;2;1;0
2019-12-11 03:42:59;30;7;0;1;4;0;3;2;2;1;0
2019-12-11 03:43:59;30;7;0;1;4;0;3;2;2;1;0
2019-12-11 03:44:58;30;7;0;1;4;0;3;2;2;1;0
2019-12-11 03:45:59;30;7;0;1;4;0;3;2;2;1;0
2019-12-11 03:46:59;30;7;0;1;4;0;3;2;2;1;0
2019-12-11 03:47:59;30;7;0;1;4;0;3;2;2;1;0
2019-12-11 03:48:58;30;7;0;1;4;0;3;2;2;1;0
2019-12-11 03:49:59;30;7;0;1;4;0;3;2;2;1;0
2019-12-11 03:50:59;30;7;0;1;4;0;3;2;2;1;0
2019-12-11 03:51:58;30;7;0;1;4;0;3;2;2;1;0
2019-12-11 03:52:59;30;7;0;1;4;0;3;2;2;1;0
2019-12-11 03:53:59;30;7;0;1;4;0;3;2;2;1;0
2019-12-11 03:54:58;30;7;0;1;4;0;3;2;2;1;0
2019-12-11 03:55:59;30;7;0;1;4;0;3;2;2;1;0
2019-12-11 03:56:59;30;7;0;1;4;0;3;2;2;1;0
2019-12-11 03:57:59;30;7;0;1;4;0;3;2;2;1;0
2019-12-11 03:58:58;30;7;0;1;4;0;3;2;2;1;0
2019-12-11 03:59:59;30;7;0;1;4;0;3;2;2;1;0
2019-12-11 04:00:59;30;7;0;1;4;0;3;2;2;1;0
2019-12-11 04:01:58;30;7;0;1;4;0;3;2;2;1;0
2019-12-11 04:02:59;30;7;0;1;4;0;3;2;2;1;0
2019-12-11 04:03:59;30;7;0;1;4;0;3;2;2;1;0
2019-12-11 04:04:58;30;7;0;1;4;0;3;2;2;1;0
2019-12-11 04:05:59;30;7;0;1;4;0;3;2;2;1;0
2019-12-11 04:06:59;30;7;0;1;4;0;3;2;2;1;0
2019-12-11 04:07:59;30;7;0;1;4;0;3;2;2;1;0
2019-12-11 04:08:58;30;7;0;1;4;0;3;2;2;1;0
2019-12-11 04:09:59;30;7;0;1;4;0;3;2;2;1;0
2019-12-11 04:10:59;30;7;0;1;4;0;3;2;2;1;0
2019-12-11 04:11:58;30;7;0;1;4;0;3;2;2;1;0
2019-12-11 04:12:59;30;7;0;1;4;0;3;2;2;1;0
2019-12-11 04:13:59;30;7;0;1;4;0;3;2;2;1;0
2019-12-11 04:14:58;30;7;0;1;4;0;3;2;2;1;0
2019-12-11 04:15:59;30;7;0;1;4;0;3;2;2;1;0
2019-12-11 04:16:59;30;7;0;1;4;0;3;2;2;1;0
2019-12-11 04:17:58;29;7;0;0;4;0;3;2;2;0;0
2019-12-11 04:18:59;29;7;0;0;4;0;3;2;2;0;0
2019-12-11 04:19:59;29;7;0;0;4;0;3;2;2;0;0
2019-12-11 04:20:58;29;7;0;0;4;0;3;2;2;0;0
2019-12-11 04:21:59;29;7;0;0;4;0;3;2;2;0;0
2019-12-11 04:22:59;29;7;0;0;4;0;3;2;2;0;0
2019-12-11 04:23:58;29;7;0;0;4;0;3;2;2;0;0
2019-12-11 04:24:59;29;7;0;0;4;0;3;2;2;0;0
2019-12-11 04:25:59;29;7;0;0;4;0;3;2;2;0;0
2019-12-11 04:26:59;29;7;0;0;4;0;3;2;2;0;0
2019-12-11 04:27:58;29;7;0;0;4;0;3;2;2;0;0
2019-12-11 04:28:59;29;7;0;0;4;0;3;2;2;0;0
2019-12-11 04:29:59;29;7;0;0;4;0;3;2;2;0;0
2019-12-11 04:30:58;29;7;0;0;4;0;3;2;2;0;0
2019-12-11 04:31:59;29;7;0;0;4;0;3;2;2;0;0
2019-12-11 04:32:59;29;7;0;0;4;0;3;2;2;0;0
2019-12-11 04:33:59;29;7;0;0;4;0;3;2;2;0;0
2019-12-11 04:34:58;29;7;0;0;4;0;3;2;2;0;0
2019-12-11 04:35:59;29;7;0;0;4;0;3;2;2;0;0
2019-12-11 04:36:59;29;7;0;0;4;0;3;2;2;0;0
2019-12-11 04:37:58;29;7;0;0;4;0;3;2;2;0;0
2019-12-11 04:38:59;29;7;0;0;4;0;3;2;2;0;0
2019-12-11 04:39:59;29;7;0;0;4;0;3;2;2;0;0
2019-12-11 04:40:58;29;7;0;0;4;0;3;2;2;0;0
2019-12-11 04:41:59;29;7;0;0;4;0;3;2;2;0;0
2019-12-11 04:42:59;29;7;0;0;4;0;3;2;2;0;0
2019-12-11 04:43:58;29;7;0;0;4;0;3;2;2;0;0
2019-12-11 04:44:59;30;8;0;0;4;0;3;2;2;0;0
2019-12-11 04:45:59;30;8;0;0;4;0;3;2;2;0;0
2019-12-11 04:46:58;30;8;0;0;4;0;3;2;2;0;0
2019-12-11 04:47:59;30;8;0;0;4;0;3;2;2;0;0
2019-12-11 04:48:59;30;8;0;0;4;0;3;2;2;0;0
2019-12-11 04:49:59;30;8;0;0;4;0;3;2;2;0;0
2019-12-11 04:50:58;30;8;0;0;4;0;3;2;2;0;0
2019-12-11 04:51:59;30;8;0;0;4;0;3;2;2;0;0
2019-12-11 04:52:59;30;8;0;0;4;0;3;2;2;0;0
2019-12-11 04:53:59;30;8;0;0;4;0;3;2;2;0;0
2019-12-11 04:54:58;30;8;0;0;4;0;3;2;2;0;0
2019-12-11 04:55:59;30;8;0;0;4;0;3;2;2;0;0
2019-12-11 04:56:59;30;8;0;0;4;0;3;2;2;0;0
2019-12-11 04:57:58;30;8;0;0;4;0;3;2;2;0;0
2019-12-11 04:58:59;30;8;0;0;4;0;3;2;2;0;0
2019-12-11 04:59:59;30;8;0;0;4;0;3;2;2;0;0
2019-12-11 05:00:58;30;8;0;0;4;0;3;2;2;0;0
2019-12-11 05:01:59;30;8;0;0;4;0;3;2;2;0;0
2019-12-11 05:02:59;30;8;0;0;4;0;3;2;2;0;0
2019-12-11 05:03:58;30;8;0;0;4;0;3;2;2;0;0
2019-12-11 05:04:59;30;8;0;0;4;0;3;2;2;0;0
2019-12-11 05:05:59;30;8;0;0;4;0;3;2;2;0;0
2019-12-11 05:06:58;30;8;0;0;4;0;3;2;2;0;0
2019-12-11 05:07:59;30;8;0;0;4;0;3;2;2;0;0
2019-12-11 05:08:59;30;8;0;0;4;0;3;2;2;0;0
2019-12-11 05:09:58;30;8;0;0;4;0;3;2;2;0;0
2019-12-11 05:10:59;30;8;0;0;4;0;3;2;2;0;0
2019-12-11 05:11:59;30;8;0;0;4;0;3;2;2;0;0
2019-12-11 05:12:59;30;8;0;0;4;0;3;2;2;0;0
2019-12-11 05:13:58;30;8;0;0;4;0;3;2;2;0;0
2019-12-11 05:14:59;30;8;0;0;4;0;3;2;2;0;0
2019-12-11 05:15:59;30;8;0;0;4;0;3;2;2;0;0
2019-12-11 05:16:58;30;8;0;0;4;0;3;2;2;0;0
2019-12-11 05:17:59;30;8;0;0;4;0;3;2;2;0;0
2019-12-11 05:18:59;30;8;0;0;4;0;3;2;2;0;0
2019-12-11 05:19:58;30;8;0;0;4;0;3;2;2;0;0
2019-12-11 05:20:59;30;8;0;0;4;0;3;2;2;0;0
2019-12-11 05:21:59;30;8;0;0;4;0;3;2;2;0;0
2019-12-11 05:22:58;30;8;0;0;4;0;3;2;2;0;0
2019-12-11 05:23:59;30;8;0;0;4;0;3;2;2;0;0
2019-12-11 05:24:59;30;8;0;0;4;0;3;2;2;0;0
2019-12-11 05:25:58;30;8;0;0;4;0;3;2;2;0;0
2019-12-11 05:26:59;30;8;0;0;4;0;3;2;2;0;0
2019-12-11 05:27:59;30;8;0;0;4;0;3;2;2;0;0
2019-12-11 05:28:58;30;8;0;0;4;0;3;2;2;0;0
2019-12-11 05:29:59;30;8;0;0;4;0;3;2;2;0;0
2019-12-11 05:30:59;30;8;0;0;4;0;3;2;2;0;0
2019-12-11 05:31:58;30;8;0;0;4;0;3;2;2;0;0
2019-12-11 05:32:59;30;8;0;0;4;0;3;2;2;0;0
2019-12-11 05:33:59;30;8;0;0;4;0;3;2;2;0;0
2019-12-11 05:34:58;30;8;0;0;4;0;3;2;2;0;0
2019-12-11 05:35:59;30;8;0;0;4;0;3;2;2;0;0
2019-12-11 05:36:59;30;8;0;0;4;0;3;2;2;0;0
2019-12-11 05:37:59;30;8;0;0;4;0;3;2;2;0;0
2019-12-11 05:38:58;30;8;0;0;4;0;3;2;2;0;0
2019-12-11 05:39:59;30;8;0;0;4;0;3;2;2;0;0
2019-12-11 05:40:59;30;8;0;0;4;0;3;2;2;0;0
2019-12-11 05:41:58;30;8;0;0;4;0;3;2;2;0;0
2019-12-11 05:42:59;30;8;0;0;4;0;3;2;2;0;0
2019-12-11 05:43:59;30;8;0;0;4;0;3;2;2;0;0
2019-12-11 05:44:58;30;8;0;0;4;0;3;2;2;0;0
2019-12-11 05:45:59;30;8;0;0;4;0;3;2;2;0;0
2019-12-11 05:46:59;30;8;0;0;4;0;3;2;2;0;0
2019-12-11 05:47:59;30;8;0;0;4;0;3;2;2;0;0
2019-12-11 05:48:58;30;8;0;0;4;0;3;2;2;0;0
2019-12-11 05:49:59;30;8;0;0;4;0;3;2;2;0;0
2019-12-11 05:50:59;30;8;0;0;4;0;3;2;2;0;0
2019-12-11 05:51:58;30;8;0;0;4;0;3;2;2;0;0
2019-12-11 05:52:59;30;8;0;0;4;0;3;2;2;0;0
2019-12-11 05:53:59;30;8;0;0;4;0;3;2;2;0;0
2019-12-11 05:54:58;30;8;0;0;4;0;3;2;2;0;0
2019-12-11 05:55:59;30;8;0;0;4;0;3;2;2;0;0
2019-12-11 05:56:59;30;8;0;0;4;0;3;2;2;0;0
2019-12-11 05:57:59;30;8;0;0;4;0;3;2;2;0;0
2019-12-11 05:58:59;30;8;0;0;4;0;3;2;2;0;0
2019-12-11 05:59:58;30;8;0;0;4;0;3;2;2;0;0
2019-12-11 06:00:59;30;8;0;0;4;0;3;2;2;0;0
2019-12-11 06:01:59;30;8;0;0;4;0;3;2;2;0;0
2019-12-11 06:02:58;30;8;0;0;4;0;3;2;2;0;0
2019-12-11 06:03:59;30;8;0;0;4;0;3;2;2;0;0
2019-12-11 06:04:59;30;8;0;0;4;0;3;2;2;0;0
2019-12-11 06:05:58;30;8;0;0;4;0;3;2;2;0;0
2019-12-11 06:06:59;30;8;0;0;4;0;3;2;2;0;0
2019-12-11 06:07:59;30;8;0;0;4;0;3;2;2;0;0
2019-12-11 06:08:59;30;8;0;0;4;0;3;2;2;0;0
2019-12-11 06:09:58;30;8;0;0;4;0;3;2;2;0;0
2019-12-11 06:10:59;30;8;0;0;4;0;3;2;2;0;0
2019-12-11 06:11:59;30;8;0;0;4;0;3;2;2;0;0
2019-12-11 06:12:58;30;8;0;0;4;0;3;2;2;0;0
2019-12-11 06:13:59;30;8;0;0;4;0;3;2;2;0;0
2019-12-11 06:14:59;30;8;0;0;4;0;3;2;2;0;0
2019-12-11 06:15:59;30;8;0;0;4;0;3;2;2;0;0
2019-12-11 06:16:58;30;8;0;0;4;0;3;2;2;0;0
2019-12-11 06:17:59;30;8;0;0;4;0;3;2;2;0;0
2019-12-11 06:18:59;30;8;0;0;4;0;3;2;2;0;0
2019-12-11 06:19:58;30;8;0;0;4;0;3;2;2;0;0
2019-12-11 06:20:59;30;8;0;0;4;0;3;2;2;0;0
2019-12-11 06:21:59;31;8;0;1;4;0;3;2;2;1;1
2019-12-11 06:22:59;31;8;0;1;4;0;3;2;2;1;1
2019-12-11 06:23:58;31;8;0;1;4;0;3;2;2;1;1
2019-12-11 06:24:59;31;8;0;1;4;0;3;2;2;1;1
2019-12-11 06:25:59;31;8;0;1;4;0;3;2;2;1;1
2019-12-11 06:26:59;31;8;0;1;4;0;3;2;2;1;1
2019-12-11 06:27:58;31;8;0;1;4;0;3;2;2;1;1
2019-12-11 06:28:59;31;8;0;1;4;0;3;2;2;1;1
2019-12-11 06:29:59;31;8;0;1;4;0;3;2;2;1;1
2019-12-11 06:30:58;31;8;0;1;4;0;3;2;2;1;1
2019-12-11 06:31:59;31;8;0;1;4;0;3;2;2;1;1
2019-12-11 06:32:59;31;8;0;1;4;0;3;2;2;1;1
2019-12-11 06:33:59;31;8;0;1;4;0;3;2;2;1;1
2019-12-11 06:34:58;31;8;0;1;4;0;3;2;2;1;1
2019-12-11 06:35:59;33;8;0;0;5;1;3;2;2;1;1
2019-12-11 06:36:58;34;8;0;2;5;1;3;2;2;1;1
2019-12-11 06:37:59;35;8;0;3;5;1;3;2;2;1;1
2019-12-11 06:38:59;35;8;0;3;5;1;3;2;2;1;1
2019-12-11 06:39:59;35;8;0;3;5;1;3;2;2;1;1
2019-12-11 06:40:58;35;8;0;3;5;1;3;2;2;1;1
2019-12-11 06:41:59;35;8;0;3;5;1;3;2;2;1;1
2019-12-11 06:42:59;36;9;0;3;5;1;3;2;2;1;1
2019-12-11 06:43:59;36;9;0;3;5;1;3;2;2;1;1
2019-12-11 06:44:58;36;9;0;3;5;1;3;2;2;1;1
2019-12-11 06:45:59;36;9;0;3;5;1;3;2;2;1;1
2019-12-11 06:46:59;36;9;0;3;5;1;3;2;2;1;1
2019-12-11 06:47:59;36;9;0;3;5;1;3;2;2;1;1
2019-12-11 06:48:58;36;9;0;3;5;1;3;2;2;1;1
2019-12-11 06:49:59;36;9;0;3;5;1;3;2;2;1;1
2019-12-11 06:50:59;36;9;0;3;5;1;3;2;2;1;1
2019-12-11 06:51:58;36;9;0;3;5;1;3;2;2;1;1
2019-12-11 06:52:59;36;9;0;3;5;1;3;2;2;1;1
2019-12-11 06:53:59;36;9;0;3;5;1;3;2;2;1;1
2019-12-11 06:54:58;36;9;0;3;5;1;3;2;2;1;1
2019-12-11 06:55:59;36;9;0;3;5;1;3;2;2;1;1
2019-12-11 06:56:59;37;9;0;3;5;2;3;2;2;1;0
2019-12-11 06:57:58;37;9;0;3;5;2;3;2;2;1;0
2019-12-11 06:58:59;37;9;0;3;5;2;3;2;2;1;0
2019-12-11 06:59:59;37;9;0;3;5;2;3;2;2;1;0
2019-12-11 07:01:00;37;9;0;3;5;2;3;2;2;1;0
2019-12-11 07:01:58;37;9;0;3;5;2;3;2;2;1;0
2019-12-11 07:02:59;37;9;0;3;5;2;3;2;2;1;0
2019-12-11 07:03:59;37;9;0;3;5;2;3;2;2;1;0
2019-12-11 07:04:58;37;9;0;3;5;2;3;2;2;1;0
2019-12-11 07:05:59;37;9;0;3;5;2;3;2;2;1;0
2019-12-11 07:06:59;37;9;0;3;5;2;3;2;2;1;0
2019-12-11 07:07:59;37;9;0;3;5;2;3;2;2;1;0
2019-12-11 07:08:58;37;9;0;3;5;2;3;2;2;1;0
2019-12-11 07:09:59;37;9;0;3;5;2;3;2;2;1;0
2019-12-11 07:10:58;37;9;0;3;5;2;3;2;2;1;0
2019-12-11 07:11:59;37;9;0;3;5;2;3;2;2;1;0
2019-12-11 07:12:59;37;9;0;3;5;2;3;2;2;1;0
2019-12-11 07:13:58;37;9;0;3;5;2;3;2;2;1;0
2019-12-11 07:14:59;37;9;0;3;5;2;3;2;2;1;0
2019-12-11 07:15:59;37;9;0;3;5;2;3;2;2;1;0
2019-12-11 07:16:58;37;9;0;3;5;2;3;2;2;1;0
2019-12-11 07:17:59;37;9;0;3;5;2;3;2;2;1;0
2019-12-11 07:18:59;37;9;0;3;5;2;3;2;2;1;0
2019-12-11 07:19:59;37;9;0;3;5;2;3;2;2;1;0
2019-12-11 07:20:58;37;9;0;3;5;2;3;2;2;1;0
2019-12-11 07:21:59;37;9;0;3;5;2;3;2;2;1;0
2019-12-11 07:22:59;37;9;0;3;5;2;3;2;2;1;0
2019-12-11 07:23:58;37;9;0;3;5;2;3;2;2;1;0
2019-12-11 07:24:59;37;9;0;3;5;2;3;2;2;1;0
2019-12-11 07:25:59;37;9;0;3;5;2;3;2;2;1;0
2019-12-11 07:26:59;37;9;0;3;5;2;3;2;2;1;0
2019-12-11 07:27:58;37;9;0;3;5;2;3;2;2;1;0
2019-12-11 07:28:59;37;9;0;3;5;2;3;2;2;1;0
2019-12-11 07:29:59;37;9;0;3;5;2;3;2;2;1;0
2019-12-11 07:30:58;38;9;0;3;5;2;4;2;2;1;0
2019-12-11 07:31:59;38;9;0;3;5;2;4;2;2;1;0
2019-12-11 07:32:58;38;9;0;3;5;2;4;2;2;1;0
2019-12-11 07:33:59;39;10;0;3;5;2;4;2;2;1;0
2019-12-11 07:34:59;39;10;0;3;5;2;4;2;2;1;0
2019-12-11 07:36:00;39;10;0;3;5;2;4;2;2;1;0
2019-12-11 07:36:58;39;10;0;3;5;2;4;2;2;1;0
2019-12-11 07:37:59;39;10;0;3;5;2;4;2;2;1;0
2019-12-11 07:38:58;39;10;0;3;5;2;4;2;2;1;0
2019-12-11 07:39:59;39;10;0;3;5;2;4;2;2;1;0
2019-12-11 07:41:00;39;10;0;3;5;2;4;2;2;1;0
2019-12-11 07:41:58;39;10;0;3;5;2;4;2;2;1;0
2019-12-11 07:42:59;39;10;0;3;5;2;4;2;2;1;0
2019-12-11 07:43:59;39;10;0;3;5;2;4;2;2;1;0
2019-12-11 07:44:58;39;10;0;3;5;2;4;2;2;1;0
2019-12-11 07:45:59;39;10;0;3;5;2;4;2;2;1;0
2019-12-11 07:46:59;39;10;0;3;5;2;4;2;2;1;0
2019-12-11 07:47:58;39;10;0;3;5;2;4;2;2;1;0
2019-12-11 07:48:59;39;10;0;3;5;2;4;2;2;1;0
2019-12-11 07:49:59;39;10;0;3;5;2;4;2;2;1;0
2019-12-11 07:50:59;40;10;0;3;5;2;4;2;2;1;1
2019-12-11 07:51:58;40;10;0;3;5;2;4;2;2;1;1
2019-12-11 07:52:59;40;10;0;3;5;2;4;2;2;1;1
2019-12-11 07:53:59;40;10;0;3;5;2;4;2;2;1;1
2019-12-11 07:54:59;40;10;0;3;5;2;4;2;2;1;1
2019-12-11 07:55:58;40;10;0;3;5;2;4;2;2;1;1
2019-12-11 07:56:59;40;10;0;3;5;2;4;2;2;1;1
2019-12-11 07:57:59;40;10;0;3;5;2;4;2;2;1;1
2019-12-11 07:58:59;40;10;0;3;5;2;4;2;2;1;1
2019-12-11 07:59:58;40;10;0;3;5;2;4;2;2;1;1
2019-12-11 08:00:59;40;10;0;3;5;2;4;2;2;1;1
2019-12-11 08:01:59;40;10;0;3;5;2;4;2;2;1;1
2019-12-11 08:03:00;42;11;0;3;5;2;5;2;2;1;1
2019-12-11 08:03:58;42;11;0;3;5;2;5;2;2;1;1
2019-12-11 08:04:59;42;11;0;3;6;2;5;2;2;1;0
2019-12-11 08:06:00;43;12;0;3;6;2;5;2;2;1;0
2019-12-11 08:06:58;43;12;0;3;6;2;5;2;2;1;0
2019-12-11 08:07:59;43;12;0;3;6;2;5;2;2;1;0
2019-12-11 08:08:59;43;12;0;3;6;2;5;2;2;1;0
2019-12-11 08:09:58;43;12;0;3;6;2;5;2;2;1;0
2019-12-11 08:10:59;43;12;0;3;6;2;5;2;2;1;0
2019-12-11 08:11:59;43;12;0;3;6;2;5;2;2;1;0
2019-12-11 08:12:59;43;12;0;3;6;2;5;2;2;1;0
2019-12-11 08:13:58;43;12;0;3;6;2;5;2;2;1;0
2019-12-11 08:14:59;43;12;0;3;6;2;5;2;2;1;0
2019-12-11 08:15:59;43;12;0;3;6;2;5;2;2;1;0
2019-12-11 08:16:58;43;12;0;3;6;2;5;2;2;1;0
2019-12-11 08:17:59;43;12;0;3;6;2;5;2;2;1;0
2019-12-11 08:18:59;43;12;0;3;6;2;5;2;2;1;0
2019-12-11 08:19:58;43;12;0;3;6;2;5;2;2;1;0
2019-12-11 08:20:59;43;12;0;3;6;2;5;2;2;1;0
2019-12-11 08:21:59;43;12;0;3;6;2;5;2;2;1;0
2019-12-11 08:22:59;43;12;0;3;6;2;5;2;2;1;0
2019-12-11 08:23:58;43;12;0;3;6;2;5;2;2;1;0
2019-12-11 08:24:59;43;12;0;3;6;2;5;2;2;1;0
2019-12-11 08:25:59;43;12;0;3;6;2;5;2;2;1;0
2019-12-11 08:26:58;44;12;0;4;6;2;5;2;2;1;0
2019-12-11 08:27:59;44;12;0;4;6;2;5;2;2;1;0
2019-12-11 08:28:58;44;12;0;4;6;2;5;2;2;1;0
2019-12-11 08:29:59;45;13;0;4;6;2;5;2;2;1;0
2019-12-11 08:30:59;45;13;0;4;6;2;5;2;2;1;0
2019-12-11 08:31:59;45;13;0;4;6;2;5;2;2;1;0
2019-12-11 08:32:58;45;13;0;4;6;2;5;2;2;1;0
2019-12-11 08:33:59;45;13;0;4;6;2;5;2;2;1;0
2019-12-11 08:34:59;45;13;0;4;6;2;5;2;2;1;0
2019-12-11 08:35:58;45;13;0;4;6;2;5;2;2;1;0
2019-12-11 08:36:59;45;13;0;4;6;2;5;2;2;1;0
2019-12-11 08:37:59;45;13;0;4;6;2;5;2;2;1;0
2019-12-11 08:38:58;45;13;0;4;6;2;5;2;2;1;0
2019-12-11 08:39:59;45;13;0;4;6;2;5;2;2;1;0
2019-12-11 08:40:59;45;13;0;4;6;2;5;2;2;1;0
2019-12-11 08:41:58;45;13;0;4;6;2;5;2;2;1;0
2019-12-11 08:42:59;45;13;0;4;6;2;5;2;2;1;0
2019-12-11 08:43:59;45;13;0;4;6;2;5;2;2;1;0
2019-12-11 08:44:58;45;13;0;4;6;2;5;2;2;1;0
2019-12-11 08:45:59;45;13;0;4;6;2;5;2;2;1;0
2019-12-11 08:46:59;45;13;0;4;6;2;5;2;2;1;0
2019-12-11 08:47:58;45;13;0;4;6;2;5;2;2;1;0
2019-12-11 08:48:59;45;13;0;4;6;2;5;2;2;1;0
2019-12-11 08:49:58;45;13;0;4;6;2;5;2;2;1;0
2019-12-11 08:50:59;45;13;0;4;6;2;5;2;2;1;0
2019-12-11 08:51:59;45;13;0;4;6;2;5;2;2;1;0
2019-12-11 08:52:59;45;13;0;4;6;2;5;2;2;1;0
2019-12-11 08:53:58;46;13;0;4;7;2;5;2;2;1;0
2019-12-11 08:54:59;46;13;0;4;7;2;5;2;2;1;0
2019-12-11 08:55:59;46;13;0;4;7;2;5;2;2;1;0
2019-12-11 08:56:58;46;13;0;4;7;2;5;2;2;1;0
2019-12-11 08:57:59;47;13;0;4;7;2;6;2;2;1;0
2019-12-11 08:58:59;47;13;0;4;7;2;6;2;2;1;0
2019-12-11 08:59:58;47;13;0;4;7;2;6;2;2;1;0
2019-12-11 09:00:59;47;13;0;4;7;2;6;2;2;1;0
2019-12-11 09:01:59;47;13;0;4;7;2;6;2;2;1;0
2019-12-11 09:02:58;47;13;0;4;7;2;6;2;2;1;0
2019-12-11 09:03:59;47;13;0;4;7;2;6;2;2;1;0
2019-12-11 09:04:59;47;13;0;4;7;2;6;2;2;1;0
2019-12-11 09:05:59;47;13;0;4;7;2;6;2;2;1;0
2019-12-11 09:06:58;47;13;0;4;7;2;6;2;2;1;0
2019-12-11 09:07:59;47;13;0;4;7;2;6;2;2;1;0
2019-12-11 09:08:59;47;13;0;4;7;2;6;2;2;1;0
2019-12-11 09:09:59;47;13;0;4;7;2;6;2;2;1;0
2019-12-11 09:10:58;47;13;0;4;7;2;6;2;2;1;0
2019-12-11 09:11:59;47;13;0;4;7;2;6;2;2;1;0
2019-12-11 09:12:59;47;13;0;4;7;2;6;2;2;1;0
2019-12-11 09:13:59;47;13;0;4;7;2;6;2;2;1;0
2019-12-11 09:14:58;47;13;0;4;7;2;6;2;2;1;0
2019-12-11 09:15:59;47;13;0;4;7;2;6;2;2;1;0
2019-12-11 09:16:59;47;13;0;4;7;2;6;2;2;1;0
2019-12-11 09:17:58;48;13;0;4;7;2;7;2;2;1;0
2019-12-11 09:18:59;49;13;0;4;7;2;7;2;2;1;1
2019-12-11 09:19:59;51;14;0;5;7;2;7;2;2;1;1
2019-12-11 09:20:59;51;14;0;5;7;2;7;2;2;1;1
2019-12-11 09:21:58;52;15;0;5;7;2;7;2;2;1;1
2019-12-11 09:22:59;52;15;0;5;7;2;7;2;2;1;1
2019-12-11 09:23:59;52;15;0;5;7;2;7;2;2;1;1
2019-12-11 09:24:58;52;15;0;5;7;2;7;2;2;1;1
2019-12-11 09:25:59;52;15;0;5;7;2;7;2;2;1;1
2019-12-11 09:26:59;52;15;0;5;7;2;7;2;2;1;1
2019-12-11 09:27:58;52;15;0;5;7;2;7;2;2;1;1
2019-12-11 09:28:59;52;15;0;5;7;2;7;2;2;1;1
2019-12-11 09:29:59;52;15;0;5;7;2;7;2;2;1;1
2019-12-11 09:30:59;53;15;0;5;8;2;7;2;2;1;1
2019-12-11 09:31:58;54;16;0;5;8;2;7;2;2;1;1
2019-12-11 09:32:59;54;16;0;5;8;2;7;2;2;1;1
2019-12-11 09:33:59;54;16;0;5;8;2;7;2;2;1;1
2019-12-11 09:34:58;54;16;0;5;8;2;7;2;2;1;1
2019-12-11 09:35:59;55;17;0;5;8;2;7;2;2;1;1
2019-12-11 09:36:59;55;17;0;5;8;2;7;2;2;1;1
2019-12-11 09:37:59;56;17;0;5;9;2;7;2;2;1;1
2019-12-11 09:38:58;56;17;0;5;9;2;7;2;2;1;1
2019-12-11 09:39:59;56;17;0;5;9;2;7;2;2;1;1
2019-12-11 09:40:59;56;17;0;5;9;2;7;2;2;1;1
2019-12-11 09:41:58;56;17;0;5;9;2;7;2;2;1;1
2019-12-11 09:42:59;56;17;0;5;9;2;7;2;2;1;1
2019-12-11 09:43:59;56;17;0;5;9;2;7;2;2;1;1
2019-12-11 09:44:58;56;17;0;5;9;2;7;2;2;1;1
2019-12-11 09:45:59;56;17;0;5;9;2;7;2;2;1;1
2019-12-11 09:46:59;56;17;0;5;9;2;7;2;2;1;1
2019-12-11 09:47:59;56;17;0;5;9;2;7;2;2;1;1
2019-12-11 09:48:58;56;17;0;5;9;2;7;2;2;1;1
2019-12-11 09:49:59;56;17;0;5;9;2;7;2;2;1;1
2019-12-11 09:50:59;56;17;0;5;9;2;7;2;2;1;1
2019-12-11 09:51:58;56;17;0;5;9;2;7;2;2;1;1
2019-12-11 09:52:59;56;17;0;5;9;2;7;2;2;1;1
2019-12-11 09:53:59;56;17;0;5;9;2;7;2;2;1;1
2019-12-11 09:54:59;56;17;0;5;9;2;7;2;2;1;1
2019-12-11 09:55:58;57;17;0;6;9;2;7;2;2;1;1
2019-12-11 09:56:59;57;17;0;6;9;2;7;2;2;1;1
2019-12-11 09:57:59;57;17;0;6;9;2;7;2;2;1;1
2019-12-11 09:58:58;57;17;0;6;9;2;7;2;2;1;1
2019-12-11 09:59:59;57;17;0;6;9;2;7;2;2;1;1
2019-12-11 10:00:59;57;17;0;6;9;2;7;2;2;1;1
2019-12-11 10:01:58;57;17;0;6;9;2;7;2;2;1;1
2019-12-11 10:02:59;57;17;0;6;9;2;7;2;2;1;1
2019-12-11 10:03:59;58;18;0;6;9;2;7;2;2;1;1
2019-12-11 10:04:59;58;18;0;6;9;2;7;2;2;1;1
2019-12-11 10:05:58;58;18;0;6;9;2;7;2;2;1;1
2019-12-11 10:06:59;58;18;0;6;9;2;7;2;2;1;1
2019-12-11 10:07:59;58;18;0;6;9;2;7;2;2;1;1
2019-12-11 10:08:59;58;18;0;6;9;2;7;2;2;1;1
2019-12-11 10:09:58;58;18;0;6;9;2;7;2;2;1;1
2019-12-11 10:10:59;59;18;0;6;10;2;7;2;2;1;1
2019-12-11 10:11:59;59;18;0;6;10;2;7;2;2;1;1
2019-12-11 10:12:58;59;18;0;6;10;2;7;2;2;1;1
2019-12-11 10:13:59;59;18;0;6;10;2;7;2;2;1;1
2019-12-11 10:14:59;59;18;0;6;10;2;7;2;2;1;1
2019-12-11 10:15:58;59;18;0;6;10;2;7;2;2;1;1
2019-12-11 10:16:59;59;18;0;6;10;2;7;2;2;1;1
2019-12-11 10:17:59;59;18;0;6;10;2;7;2;2;1;1
2019-12-11 10:18:58;59;18;0;6;10;2;7;2;2;1;1
2019-12-11 10:19:59;59;18;0;6;10;2;7;2;2;1;1
2019-12-11 10:20:59;59;18;0;6;10;2;7;2;2;1;1
2019-12-11 10:21:59;59;18;0;6;11;2;7;2;2;1;0
2019-12-11 10:22:58;59;18;0;6;11;2;7;2;2;1;0
2019-12-11 10:23:59;59;18;0;6;11;2;7;2;2;1;0
2019-12-11 10:24:59;59;18;0;6;11;2;7;2;2;1;0
2019-12-11 10:25:59;59;18;0;6;11;2;7;2;2;1;0
2019-12-11 10:26:58;59;18;0;6;11;2;7;2;2;1;0
2019-12-11 10:27:59;59;18;0;6;11;2;7;2;2;1;0
2019-12-11 10:28:59;60;19;0;6;11;2;7;2;2;1;0
2019-12-11 10:29:58;60;19;0;6;11;2;7;2;2;1;0
2019-12-11 10:30:59;61;19;0;6;11;3;7;2;2;1;0
2019-12-11 10:31:58;61;19;0;6;11;3;7;2;2;1;0
2019-12-11 10:32:59;61;19;0;6;11;3;7;2;2;1;0
2019-12-11 10:33:59;61;19;0;6;11;3;7;2;2;1;0
2019-12-11 10:34:59;61;19;0;6;11;3;7;2;2;1;0
2019-12-11 10:35:58;61;19;0;6;11;3;7;2;2;1;0
2019-12-11 10:36:59;61;19;0;6;11;3;7;2;2;1;0
2019-12-11 10:37:59;61;19;0;6;11;3;7;2;2;1;0
2019-12-11 10:38:58;61;19;0;6;11;3;7;2;2;1;0
2019-12-11 10:39:59;61;19;0;6;11;3;7;2;2;1;0
2019-12-11 10:40:59;61;19;0;6;11;3;7;2;2;1;0
2019-12-11 10:41:58;62;20;0;6;11;3;7;2;2;1;0
2019-12-11 10:42:59;62;20;0;6;11;3;7;2;2;1;0
2019-12-11 10:43:59;62;20;0;6;11;3;7;2;2;1;0
2019-12-11 10:44:59;62;20;0;6;11;3;7;2;2;1;0
2019-12-11 10:45:58;62;20;0;6;11;3;7;2;2;1;0
2019-12-11 10:46:59;62;20;0;6;11;3;7;2;2;1;0
2019-12-11 10:47:59;62;20;0;6;11;3;7;2;2;1;0
2019-12-11 10:48:59;62;20;0;6;11;3;7;2;2;1;0
2019-12-11 10:49:58;62;20;0;6;11;3;7;2;2;1;0
2019-12-11 10:50:59;62;20;0;6;11;3;7;2;2;1;0
2019-12-11 10:51:59;62;20;0;6;11;3;7;2;2;1;0
2019-12-11 10:52:58;62;20;0;6;11;3;7;2;2;1;0
2019-12-11 10:53:59;62;20;0;6;11;3;7;2;2;1;0
2019-12-11 10:54:59;62;20;0;6;11;3;7;2;2;1;0
2019-12-11 10:55:59;62;20;0;6;11;3;7;2;2;1;0
2019-12-11 10:56:58;62;20;0;6;11;3;7;2;2;1;0
2019-12-11 10:57:59;62;20;0;6;11;3;7;2;2;1;0
2019-12-11 10:58:59;62;20;0;6;11;3;7;2;2;1;0
2019-12-11 10:59:58;62;20;0;6;11;3;7;2;2;1;0
2019-12-11 11:00:59;62;20;0;6;11;3;7;2;2;1;0
2019-12-11 11:01:59;62;20;0;6;11;3;7;2;2;1;0
2019-12-11 11:02:59;62;20;0;6;11;3;7;2;2;1;0
2019-12-11 11:03:58;63;20;0;7;11;3;7;2;2;1;0
2019-12-11 11:04:59;63;20;0;7;11;3;7;2;2;1;0
2019-12-11 11:05:59;63;20;0;7;11;3;7;2;2;1;0
2019-12-11 11:06:59;63;20;0;7;11;3;7;2;2;1;0
2019-12-11 11:07:58;63;20;0;7;11;3;7;2;2;1;0
2019-12-11 11:08:59;63;20;0;7;11;3;7;2;2;1;0
2019-12-11 11:09:59;63;20;0;7;11;3;7;2;2;1;0
2019-12-11 11:10:58;63;20;0;7;11;3;7;2;2;1;0
2019-12-11 11:11:59;63;20;0;7;11;3;7;2;2;1;0
2019-12-11 11:12:59;63;20;0;7;11;3;7;2;2;1;0
2019-12-11 11:13:59;63;20;0;7;11;3;7;2;2;1;0
2019-12-11 11:14:58;63;20;0;7;11;3;7;2;2;1;0
2019-12-11 11:15:59;63;20;0;7;11;3;7;2;2;1;0
2019-12-11 11:16:59;63;20;0;7;11;3;7;2;2;1;0
2019-12-11 11:17:59;63;20;0;7;11;3;7;2;2;1;0
2019-12-11 11:18:58;63;20;0;7;11;3;7;2;2;1;0
2019-12-11 11:19:59;63;20;0;7;11;3;7;2;2;1;0
2019-12-11 11:20:59;63;20;0;7;11;3;7;2;2;1;0
2019-12-11 11:21:58;63;20;0;7;11;3;7;2;2;1;0
2019-12-11 11:22:59;64;20;0;7;11;3;7;2;2;1;1
2019-12-11 11:23:59;64;20;0;7;11;3;7;2;2;1;1
2019-12-11 11:24:58;64;20;0;7;11;3;7;2;2;1;1
2019-12-11 11:25:59;64;20;0;7;11;3;7;2;2;1;1
2019-12-11 11:26:59;64;20;0;7;11;3;7;2;2;1;1
2019-12-11 11:27:59;64;20;0;7;11;3;7;2;2;1;1
2019-12-11 11:28:58;64;20;0;7;11;3;7;2;2;1;1
2019-12-11 11:29:59;65;20;0;8;11;3;7;2;2;1;1
2019-12-11 11:30:59;65;20;0;8;11;3;7;2;2;1;1
2019-12-11 11:31:58;65;20;0;8;11;3;7;2;2;1;1
2019-12-11 11:32:59;65;20;0;8;11;3;7;2;2;1;1
2019-12-11 11:33:59;65;20;0;8;11;3;7;2;2;1;1
2019-12-11 11:34:59;65;20;0;8;11;3;7;2;2;1;1
2019-12-11 11:35:58;65;20;0;8;11;3;7;2;2;1;1
2019-12-11 11:36:59;66;21;0;8;11;3;7;2;2;1;1
2019-12-11 11:37:58;66;21;0;8;11;3;7;2;2;1;1
2019-12-11 11:38:59;66;21;0;8;11;3;7;2;2;1;1
2019-12-11 11:39:59;66;21;0;8;11;3;7;2;2;1;1
2019-12-11 11:40:58;66;21;0;8;11;3;7;2;2;1;1
2019-12-11 11:41:59;66;21;0;8;11;3;7;2;2;1;1
2019-12-11 11:42:59;66;21;0;8;11;3;7;2;2;1;1
2019-12-11 11:43:58;66;21;0;8;11;3;7;2;2;1;1
2019-12-11 11:44:59;66;21;0;8;11;3;7;2;2;1;1
2019-12-11 11:45:59;66;21;0;8;11;3;7;2;2;1;1
2019-12-11 11:46:59;67;22;0;8;11;3;7;2;2;1;1
2019-12-11 11:47:58;67;22;0;8;11;3;7;2;2;1;1
2019-12-11 11:48:59;67;22;0;8;11;3;7;2;2;1;1
2019-12-11 11:49:59;67;22;0;8;11;3;7;2;2;1;1
2019-12-11 11:50:58;67;22;0;8;11;3;7;2;2;1;1
2019-12-11 11:51:59;67;22;0;8;11;3;7;2;2;1;1
2019-12-11 11:52:59;67;22;0;8;11;3;7;2;2;1;1
2019-12-11 11:53:58;68;23;0;8;11;3;7;2;2;1;1
2019-12-11 11:54:59;68;23;0;8;11;3;7;2;2;1;1
2019-12-11 11:55:59;68;23;0;8;11;3;7;2;2;1;1
2019-12-11 11:56:58;68;23;0;8;11;3;7;2;2;1;1
2019-12-11 11:57:59;68;23;0;8;11;3;7;2;2;1;1
2019-12-11 11:58:59;68;23;0;8;11;3;7;2;2;1;1
2019-12-11 12:00:00;68;23;0;8;11;3;7;2;2;1;1
2019-12-11 12:00:58;68;23;0;8;11;3;7;2;2;1;1
2019-12-11 12:01:59;68;23;0;8;11;3;7;2;2;1;1
2019-12-11 12:02:59;69;24;0;8;11;3;7;2;2;1;1
2019-12-11 12:03:58;69;24;0;8;11;3;7;2;2;1;1
2019-12-11 12:04:59;69;24;0;8;11;3;7;2;2;1;1
2019-12-11 12:05:59;69;24;0;8;11;3;7;2;2;1;1
2019-12-11 12:06:58;69;24;0;8;11;3;7;2;2;1;1
2019-12-11 12:07:59;70;24;0;8;11;3;7;2;2;2;0
2019-12-11 12:08:59;70;24;0;8;11;3;7;2;2;2;0
2019-12-11 12:09:59;70;24;0;8;11;3;7;2;2;2;0
2019-12-11 12:10:58;70;24;0;8;11;3;7;2;2;2;0
2019-12-11 12:11:59;70;24;0;8;11;3;7;2;2;2;0
2019-12-11 12:12:58;70;24;0;8;11;3;7;2;2;2;0
2019-12-11 12:13:59;71;25;0;8;11;3;7;2;2;2;0
2019-12-11 12:14:59;71;25;0;8;11;3;7;2;2;2;0
2019-12-11 12:15:58;71;25;0;8;11;3;7;2;2;2;0
2019-12-11 12:16:59;71;25;0;8;11;3;7;2;2;2;0
2019-12-11 12:17:58;71;25;0;8;11;3;7;2;2;2;0
2019-12-11 12:18:59;71;25;0;8;11;3;7;2;2;2;0
2019-12-11 12:19:59;71;25;0;8;11;3;7;2;2;2;0
2019-12-11 12:20:59;72;26;0;8;11;3;7;2;2;2;0
2019-12-11 12:21:58;72;26;0;8;11;3;7;2;2;2;0
2019-12-11 12:22:59;72;26;0;8;11;3;7;2;2;2;0
2019-12-11 12:23:59;72;26;0;8;11;3;7;2;2;2;0
2019-12-11 12:24:58;72;26;0;8;11;3;7;2;2;2;0
2019-12-11 12:25:59;72;26;0;8;11;3;7;2;2;2;0
2019-12-11 12:26:59;72;26;0;8;11;3;7;2;2;2;0
2019-12-11 12:27:59;72;26;0;8;11;3;7;2;2;2;0
2019-12-11 12:28:58;72;26;0;8;11;3;7;2;2;2;0
2019-12-11 12:29:59;72;26;0;8;11;3;7;2;2;2;0
2019-12-11 12:30:59;72;26;0;8;11;3;7;2;2;2;0
2019-12-11 12:31:58;72;26;0;8;11;3;7;2;2;2;0
2019-12-11 12:32:59;72;26;0;8;11;3;7;2;2;2;0
2019-12-11 12:33:59;72;26;0;8;11;3;7;2;2;2;0
2019-12-11 12:34:58;72;26;0;8;11;3;7;2;2;2;0
2019-12-11 12:35:59;73;26;0;8;11;4;7;2;2;2;0
2019-12-11 12:36:59;73;26;0;8;11;4;7;2;2;2;0
2019-12-11 12:37:59;73;26;0;8;11;4;7;2;2;2;0
2019-12-11 12:38:58;73;26;0;8;11;4;7;2;2;2;0
2019-12-11 12:39:59;74;26;0;8;12;4;7;2;2;2;0
2019-12-11 12:40:59;74;26;0;8;12;4;7;2;2;2;0
2019-12-11 12:41:58;74;26;0;8;12;4;7;2;2;2;0
2019-12-11 12:42:59;74;26;0;8;12;4;7;2;2;2;0
2019-12-11 12:43:59;74;26;0;8;12;4;7;2;2;2;0
2019-12-11 12:44:58;74;26;0;8;12;4;7;2;2;2;0
2019-12-11 12:45:59;74;26;0;8;12;4;7;2;2;2;0
2019-12-11 12:46:59;74;26;0;8;12;4;7;2;2;2;0
2019-12-11 12:47:58;75;27;0;8;12;4;7;2;2;2;0
2019-12-11 12:48:59;75;27;0;8;12;4;7;2;2;2;0
2019-12-11 12:49:59;75;27;0;8;12;4;7;2;2;2;0
2019-12-11 12:50:58;75;27;0;8;12;4;7;2;2;2;0
2019-12-11 12:51:59;75;27;0;8;12;4;7;2;2;2;0
2019-12-11 12:52:59;75;27;0;8;12;4;7;2;2;2;0
2019-12-11 12:53:59;75;27;0;8;12;4;7;2;2;2;0
2019-12-11 12:54:58;75;27;0;8;12;4;7;2;2;2;0
2019-12-11 12:55:59;76;28;0;8;12;4;7;2;2;2;0
2019-12-11 12:56:59;76;28;0;8;12;4;7;2;2;2;0
2019-12-11 12:57:59;76;28;0;8;12;4;7;2;2;2;0
2019-12-11 12:58:58;76;28;0;8;12;4;7;2;2;2;0
2019-12-11 12:59:59;76;28;0;8;12;4;7;2;2;2;0
2019-12-11 13:00:59;76;28;0;8;12;4;7;2;2;2;0
2019-12-11 13:01:58;76;28;0;8;12;4;7;2;2;2;0
2019-12-11 13:02:59;76;28;0;8;12;4;7;2;2;2;0
2019-12-11 13:03:59;76;28;0;8;12;4;7;2;2;2;0
2019-12-11 13:04:58;76;28;0;8;12;4;7;2;2;2;0
2019-12-11 13:05:59;76;28;0;8;12;4;7;2;2;2;0
2019-12-11 13:06:59;76;28;0;8;12;4;7;2;2;2;0
2019-12-11 13:07:59;76;28;0;8;12;4;7;2;2;2;0
2019-12-11 13:08:58;76;28;0;8;12;4;7;2;2;2;0
2019-12-11 13:09:59;76;28;0;8;12;4;7;2;2;2;0
2019-12-11 13:10:59;77;29;0;8;12;4;7;2;2;2;0
2019-12-11 13:11:58;77;29;0;8;12;4;7;2;2;2;0
2019-12-11 13:12:59;77;29;0;8;12;4;7;2;2;2;0
2019-12-11 13:13:59;77;29;0;8;12;4;7;2;2;2;0
2019-12-11 13:14:59;77;29;0;8;12;4;7;2;2;2;0
2019-12-11 13:15:59;77;29;0;8;12;4;7;2;2;2;0
2019-12-11 13:16:58;77;29;0;8;12;4;7;2;2;2;0
2019-12-11 13:17:59;77;29;0;8;12;4;7;2;2;2;0
2019-12-11 13:18:59;77;29;0;8;12;4;7;2;2;2;0
2019-12-11 13:19:59;77;29;0;8;12;4;7;2;2;2;0
2019-12-11 13:20:58;77;29;0;8;12;4;7;2;2;2;0
2019-12-11 13:21:59;77;29;0;8;12;4;7;2;2;2;0
2019-12-11 13:23:00;77;29;0;8;12;4;7;2;2;2;0
2019-12-11 13:23:58;77;29;0;8;12;4;7;2;2;2;0
2019-12-11 13:24:59;77;29;0;8;12;4;7;2;2;2;0
2019-12-11 13:25:59;77;29;0;8;12;4;7;2;2;2;0
2019-12-11 13:26:58;77;29;0;8;12;4;7;2;2;2;0
2019-12-11 13:27:59;77;29;0;8;12;4;7;2;2;2;0
2019-12-11 13:28:59;77;29;0;8;12;4;7;2;2;2;0
2019-12-11 13:30:00;77;29;0;8;12;4;7;2;2;2;0
2019-12-11 13:30:58;77;29;0;8;12;4;7;2;2;2;0
2019-12-11 13:31:59;77;29;0;8;12;4;7;2;2;2;0
2019-12-11 13:32:59;77;29;0;8;12;4;7;2;2;2;0
2019-12-11 13:33:58;77;29;0;8;12;4;7;2;2;2;0
2019-12-11 13:34:59;78;30;0;8;12;4;7;2;2;2;0
2019-12-11 13:35:59;78;30;0;8;12;4;7;2;2;2;0
2019-12-11 13:36:59;78;30;0;8;12;4;7;2;2;2;0
2019-12-11 13:37:58;78;30;0;8;12;4;7;2;2;2;0
2019-12-11 13:38:59;78;30;0;8;12;4;7;2;2;2;0
2019-12-11 13:39:59;78;30;0;8;12;4;7;2;2;2;0
2019-12-11 13:40:59;78;30;0;8;12;4;7;2;2;2;0
2019-12-11 13:41:58;78;30;0;8;12;4;7;2;2;2;0
2019-12-11 13:42:59;78;30;0;8;12;4;7;2;2;2;0
2019-12-11 13:43:59;78;30;0;8;12;4;7;2;2;2;0
2019-12-11 13:44:58;79;31;0;8;12;4;7;2;2;2;0
2019-12-11 13:45:59;79;31;0;8;12;4;7;2;2;2;0
2019-12-11 13:46:59;78;31;0;8;12;4;7;2;2;2;0
2019-12-11 13:47:58;79;31;0;8;13;4;7;2;2;2;0
2019-12-11 13:48:59;79;31;0;8;13;4;7;2;2;2;0
2019-12-11 13:49:59;79;31;0;8;13;4;7;2;2;2;0
2019-12-11 13:50:58;79;31;0;8;13;4;7;2;2;2;0
2019-12-11 13:51:59;80;31;0;8;14;4;7;2;2;2;0
2019-12-11 13:52:59;80;31;0;8;14;4;7;2;2;2;0
2019-12-11 13:53:59;80;31;0;8;14;4;7;2;2;2;0
2019-12-11 13:54:59;81;32;0;8;14;4;7;2;2;2;0
2019-12-11 13:55:58;81;32;0;8;14;4;7;2;2;2;0
2019-12-11 13:56:59;81;32;0;8;14;4;7;2;2;2;0
2019-12-11 13:57:59;82;33;0;8;14;4;7;2;2;2;0
2019-12-11 13:58:58;82;33;0;8;14;4;7;2;2;2;0
2019-12-11 13:59:59;82;33;0;9;14;4;7;2;2;2;1
2019-12-11 14:00:59;82;33;0;9;14;4;7;2;2;2;1
2019-12-11 14:01:59;82;33;0;9;14;4;7;2;2;2;1
2019-12-11 14:02:58;82;33;0;9;14;4;7;2;2;2;1
2019-12-11 14:03:59;82;33;0;9;14;4;7;2;2;2;1
2019-12-11 14:04:59;82;33;0;9;14;4;7;2;2;2;1
2019-12-11 14:05:59;82;33;0;9;14;4;7;2;2;2;1
2019-12-11 14:06:58;82;33;0;9;14;4;7;2;2;2;1
2019-12-11 14:07:59;82;33;0;9;14;4;7;2;2;2;1
2019-12-11 14:08:59;82;33;0;9;14;4;7;2;2;2;1
2019-12-11 14:10:00;82;33;0;9;14;4;7;2;2;2;1
2019-12-11 14:10:58;82;33;0;9;14;4;7;2;2;2;1
2019-12-11 14:11:59;82;33;0;9;14;4;7;2;2;2;1
2019-12-11 14:12:59;82;33;0;9;14;4;7;2;2;2;1
2019-12-11 14:13:58;82;33;0;9;14;4;7;2;2;2;1
2019-12-11 14:14:59;82;33;0;9;14;4;7;2;2;2;1
2019-12-11 14:15:59;82;33;0;9;14;4;7;2;2;2;1
2019-12-11 14:16:59;82;33;0;9;14;4;7;2;2;2;1
2019-12-11 14:17:58;82;33;0;9;14;4;7;2;2;2;1
2019-12-11 14:18:59;82;33;0;9;14;4;7;2;2;2;1
2019-12-11 14:19:59;82;33;0;9;14;4;7;2;2;2;1
2019-12-11 14:20:58;82;33;0;9;14;4;7;2;2;2;1
2019-12-11 14:21:59;82;33;0;9;14;4;7;2;2;2;1
2019-12-11 14:22:59;82;33;0;9;14;4;7;2;2;2;1
2019-12-11 14:23:59;82;33;0;9;14;4;7;2;2;2;1
2019-12-11 14:24:58;82;33;0;9;14;4;7;2;2;2;1
2019-12-11 14:25:59;82;33;0;9;14;4;7;2;2;2;1
2019-12-11 14:26:59;82;33;0;9;14;4;7;2;2;2;1
2019-12-11 14:27:58;82;33;0;9;14;4;7;2;2;2;1
2019-12-11 14:28:59;82;33;0;9;14;4;7;2;2;2;1
2019-12-11 14:29:59;82;33;0;9;14;4;7;2;2;2;1
2019-12-11 14:30:59;82;33;0;9;14;4;7;2;2;2;1
2019-12-11 14:31:58;82;33;0;9;14;4;7;2;2;2;1
2019-12-11 14:32:59;82;33;0;9;14;4;7;2;2;2;1
2019-12-11 14:33:59;82;33;0;9;14;4;7;2;2;2;1
2019-12-11 14:34:58;82;33;0;9;14;4;7;2;2;2;1
2019-12-11 14:35:59;82;33;0;9;14;4;7;2;2;2;1
2019-12-11 14:36:59;82;33;0;9;14;4;7;2;2;2;1
2019-12-11 14:37:59;82;33;0;9;14;4;7;2;2;2;1
2019-12-11 14:38:58;82;33;0;9;14;4;7;2;2;2;1
2019-12-11 14:39:59;82;33;0;9;14;4;7;2;2;2;1
2019-12-11 14:40:59;82;33;0;9;14;4;7;2;2;2;1
2019-12-11 14:41:58;82;33;0;9;14;4;7;2;2;2;1
2019-12-11 14:42:59;82;33;0;9;14;4;7;2;2;2;1
2019-12-11 14:43:59;82;33;0;9;14;4;7;2;2;2;1
2019-12-11 14:44:59;82;33;0;9;14;4;7;2;2;2;1
2019-12-11 14:45:58;82;33;0;9;14;4;7;2;2;2;1
2019-12-11 14:46:59;82;33;0;9;14;4;7;2;2;2;1
2019-12-11 14:47:58;82;33;0;9;14;4;7;2;2;2;1
2019-12-11 14:48:59;82;33;0;9;14;4;7;2;2;2;1
2019-12-11 14:49:59;82;33;0;9;14;4;7;2;2;2;1
2019-12-11 14:50:58;82;33;0;9;14;4;7;2;2;2;1
2019-12-11 14:51:59;82;33;0;9;14;4;7;2;2;2;1
2019-12-11 14:52:59;84;34;0;9;15;4;7;2;2;2;1
2019-12-11 14:53:59;84;34;0;9;15;4;7;2;2;2;1
2019-12-11 14:54:58;84;34;0;9;15;4;7;2;2;2;1
2019-12-11 14:55:59;84;34;0;9;15;4;7;2;2;2;1
2019-12-11 14:56:59;84;34;0;9;15;4;7;2;2;2;1
2019-12-11 14:57:59;84;34;0;9;15;4;7;2;2;2;1
2019-12-11 14:58:58;84;34;0;9;15;4;7;2;2;2;1
2019-12-11 14:59:59;84;34;0;9;15;4;7;2;2;2;1
2019-12-11 15:00:59;84;34;0;9;15;4;7;2;2;2;1
2019-12-11 15:01:58;84;34;0;9;15;4;7;2;2;2;1
2019-12-11 15:02:59;84;34;0;9;15;4;7;2;2;2;1
2019-12-11 15:03:58;84;34;0;9;15;4;7;2;2;2;1
2019-12-11 15:04:59;84;34;0;9;15;4;7;2;2;2;1
2019-12-11 15:05:59;84;34;0;9;15;4;7;2;2;2;1
2019-12-11 15:06:59;85;34;0;10;15;4;7;2;2;2;1
2019-12-11 15:07:58;85;34;0;10;15;4;7;2;2;2;1
2019-12-11 15:08:59;86;34;0;10;15;5;7;2;2;2;1
2019-12-11 15:09:59;86;34;0;10;15;5;7;2;2;2;1
2019-12-11 15:10:59;86;34;0;10;15;5;7;2;2;2;1
2019-12-11 15:11:58;86;34;0;10;15;5;7;2;2;2;1
2019-12-11 15:12:59;86;34;0;10;15;5;7;2;2;2;1
2019-12-11 15:13:59;86;34;0;10;15;5;7;2;2;2;1
2019-12-11 15:14:58;86;34;0;10;15;5;7;2;2;2;1
2019-12-11 15:15:59;87;34;0;10;15;6;7;2;2;2;1
2019-12-11 15:16:59;87;34;0;10;15;6;7;2;2;2;1
2019-12-11 15:17:59;87;34;0;10;15;6;7;2;2;2;1
2019-12-11 15:18:58;87;34;0;10;15;6;7;2;2;2;1
2019-12-11 15:19:59;87;34;0;10;15;6;7;2;2;2;1
2019-12-11 15:20:59;87;34;0;10;15;6;7;2;2;2;1
2019-12-11 15:21:58;88;34;0;11;15;6;7;2;2;2;1
2019-12-11 15:22:59;89;34;0;11;15;7;7;2;2;2;1
2019-12-11 15:23:59;89;34;0;11;15;7;7;2;2;2;1
2019-12-11 15:24:58;90;35;0;11;15;7;7;2;2;2;1
2019-12-11 15:25:59;91;35;0;11;15;7;7;2;2;2;1
2019-12-11 15:26:59;92;35;0;11;15;7;8;2;2;2;1
2019-12-11 15:27:59;92;35;0;11;15;7;8;2;2;2;1
2019-12-11 15:28:58;92;35;0;11;15;7;8;2;2;2;1
2019-12-11 15:29:59;92;35;0;11;15;7;8;2;2;2;1
2019-12-11 15:30:59;92;35;0;11;15;7;8;2;2;2;1
2019-12-11 15:31:58;92;35;0;11;15;7;8;2;2;2;1
2019-12-11 15:32:59;92;35;0;11;15;7;8;2;2;2;1
2019-12-11 15:33:59;92;35;0;11;15;7;8;2;2;2;1
2019-12-11 15:34:58;92;35;0;11;15;7;8;2;2;2;1
2019-12-11 15:35:59;92;35;0;11;15;7;8;2;2;2;1
2019-12-11 15:36:58;92;35;0;11;15;7;8;2;2;2;1
2019-12-11 15:37:59;92;35;0;11;15;7;8;2;2;2;1
2019-12-11 15:38:59;92;35;0;11;15;7;8;2;2;2;1
2019-12-11 15:39:58;92;35;0;11;15;7;8;2;2;2;1
2019-12-11 15:40:59;92;35;0;11;15;7;8;2;2;2;1
2019-12-11 15:41:59;92;35;0;11;15;7;8;2;2;2;1
2019-12-11 15:42:59;92;35;0;11;15;7;8;2;2;2;1
2019-12-11 15:43:58;92;35;0;11;15;7;8;2;2;2;1
2019-12-11 15:44:59;92;35;0;11;15;7;8;2;2;2;1
2019-12-11 15:45:59;92;35;0;11;15;7;8;2;2;2;1
2019-12-11 15:46:58;93;35;0;12;15;7;8;2;2;2;1
2019-12-11 15:47:59;94;36;0;12;15;7;8;2;2;2;1
2019-12-11 15:48:59;94;36;0;12;15;7;8;2;2;2;1
2019-12-11 15:49:58;94;36;0;12;15;7;8;2;2;2;1
2019-12-11 15:50:59;94;36;0;12;15;7;8;2;2;2;1
2019-12-11 15:51:59;94;36;0;12;15;7;8;2;2;2;1
2019-12-11 15:52:58;94;36;0;12;15;7;8;2;2;2;1
2019-12-11 15:53:59;94;36;0;12;15;7;8;2;2;2;1
2019-12-11 15:54:59;94;36;0;12;15;7;8;2;2;2;1
2019-12-11 15:55:59;94;36;0;12;15;7;8;2;2;2;1
2019-12-11 15:56:58;94;36;0;12;15;7;8;2;2;2;1
2019-12-11 15:57:59;94;36;0;12;15;7;8;2;2;2;1
2019-12-11 15:58:59;94;36;0;12;14;7;8;3;2;2;1
2019-12-11 15:59:58;94;36;0;12;14;7;8;3;2;2;1
2019-12-11 16:00:59;94;36;0;12;14;7;8;3;2;2;1
2019-12-11 16:01:59;94;36;0;12;14;7;8;3;2;2;1
2019-12-11 16:02:59;94;36;0;12;14;7;8;3;2;2;1
2019-12-11 16:03:58;94;36;0;12;14;7;8;3;2;2;1
2019-12-11 16:04:59;94;36;0;12;14;7;8;3;2;2;1
2019-12-11 16:05:59;94;36;0;12;14;7;8;3;2;2;1
2019-12-11 16:06:58;94;36;0;12;14;7;8;3;2;2;1
2019-12-11 16:07:59;94;36;0;12;14;7;8;3;2;2;1
2019-12-11 16:08:59;94;36;0;12;14;7;8;3;2;2;1
2019-12-11 16:09:59;94;36;0;12;14;7;8;3;2;2;1
2019-12-11 16:10:58;94;36;0;12;14;7;8;3;2;2;1
2019-12-11 16:11:59;95;36;0;12;15;7;8;3;2;2;1
2019-12-11 16:12:59;95;36;0;12;15;7;8;3;2;2;1
2019-12-11 16:13:59;95;36;0;12;15;7;8;3;2;2;1
2019-12-11 16:14:58;95;36;0;12;15;7;8;3;2;2;1
2019-12-11 16:15:59;95;36;0;12;15;7;8;3;2;2;1
2019-12-11 16:16:59;95;36;0;12;15;7;8;3;2;2;1
2019-12-11 16:18:00;95;36;0;12;15;7;8;3;2;2;1
2019-12-11 16:18:58;95;36;0;12;15;7;8;3;2;2;1
2019-12-11 16:19:59;95;36;0;12;15;7;8;3;2;2;1
2019-12-11 16:20:59;96;36;0;12;15;8;8;3;2;2;1
2019-12-11 16:21:58;96;36;0;12;15;8;8;3;2;2;1
2019-12-11 16:22:59;96;36;0;12;15;8;8;3;2;2;1
2019-12-11 16:23:59;96;36;0;12;15;8;8;3;2;2;1
2019-12-11 16:24:59;96;36;0;12;15;8;8;3;2;2;1
2019-12-11 16:25:58;98;36;0;13;15;9;8;3;2;2;1
2019-12-11 16:26:59;98;36;0;13;15;9;8;3;2;2;1
2019-12-11 16:27:59;98;36;0;13;15;9;8;3;2;2;1
2019-12-11 16:28:58;98;36;0;13;15;9;8;3;2;2;1
2019-12-11 16:29:59;98;36;0;13;15;9;8;3;2;2;1
2019-12-11 16:30:59;98;36;0;13;15;9;8;3;2;2;1
2019-12-11 16:31:58;98;36;0;13;15;9;8;3;2;2;1
2019-12-11 16:32:59;98;36;0;13;15;9;8;3;2;2;1
2019-12-11 16:33:59;99;37;0;13;15;9;8;3;2;2;1
2019-12-11 16:34:59;100;38;0;13;15;9;8;3;2;2;1
2019-12-11 16:35:58;100;38;0;13;15;9;8;3;2;2;1
2019-12-11 16:36:59;100;38;0;13;15;9;8;3;2;2;1
2019-12-11 16:37:59;100;38;0;13;15;9;8;3;2;2;1
2019-12-11 16:38:58;100;38;0;13;15;9;8;3;2;2;1
2019-12-11 16:39:59;100;38;0;13;15;9;8;3;2;2;1
2019-12-11 16:40:59;100;38;0;13;15;9;8;3;2;2;1
2019-12-11 16:41:59;100;38;0;13;15;9;8;3;2;2;1
2019-12-11 16:42:58;100;38;0;13;15;9;8;3;2;2;1
2019-12-11 16:43:59;100;38;0;13;15;9;8;3;2;2;1
2019-12-11 16:44:59;100;38;0;13;15;9;8;3;2;2;1
2019-12-11 16:45:58;100;38;0;13;15;9;8;3;2;2;1
2019-12-11 16:46:59;100;38;0;13;15;9;8;3;2;2;1
2019-12-11 16:47:59;100;38;0;13;15;9;8;3;2;2;1
2019-12-11 16:48:58;100;38;0;13;15;9;8;3;2;2;1
2019-12-11 16:49:59;100;38;0;13;15;9;8;3;2;2;1
2019-12-11 16:50:59;100;38;0;13;15;9;8;3;2;2;1
2019-12-11 16:51:59;101;39;0;13;15;9;8;3;2;2;1
2019-12-11 16:52:58;101;39;0;13;15;9;8;3;2;2;1
2019-12-11 16:53:59;101;39;0;13;15;9;8;3;2;2;1
2019-12-11 16:54:59;101;39;0;13;15;9;8;3;2;2;1
2019-12-11 16:55:58;101;39;0;13;15;9;8;3;2;2;1
2019-12-11 16:56:59;101;39;0;13;15;9;8;3;2;2;1
2019-12-11 16:57:59;101;39;0;13;15;9;8;3;2;2;1
2019-12-11 16:58:58;101;39;0;13;15;9;8;3;2;2;1
2019-12-11 16:59:59;102;39;0;13;15;9;8;3;2;2;0
2019-12-11 17:00:58;102;39;0;13;15;9;8;3;2;2;0
2019-12-11 17:01:59;102;39;0;13;15;9;8;3;2;2;0
2019-12-11 17:02:59;102;39;0;13;15;9;8;3;2;2;0
2019-12-11 17:03:59;102;39;0;13;15;9;8;3;2;2;0
2019-12-11 17:04:58;102;39;0;13;15;9;8;3;2;2;0
2019-12-11 17:05:59;102;39;0;13;15;9;8;3;2;2;0
2019-12-11 17:06:58;102;39;0;13;15;9;8;3;2;2;0
2019-12-11 17:07:59;102;39;0;13;15;9;8;3;2;2;0
2019-12-11 17:08:59;102;39;0;13;15;9;8;3;2;2;0
2019-12-11 17:09:59;102;39;0;13;15;9;8;3;2;2;0
2019-12-11 17:10:58;102;39;0;13;15;9;8;3;2;2;0
2019-12-11 17:11:59;102;39;0;13;15;9;8;3;2;2;0
2019-12-11 17:12:59;102;39;0;13;15;9;8;3;2;2;0
2019-12-11 17:13:58;102;39;0;13;15;9;8;3;2;2;0
2019-12-11 17:14:59;102;39;0;13;15;9;8;3;2;2;0
2019-12-11 17:15:59;102;39;0;13;15;9;8;3;2;2;0
2019-12-11 17:16:59;102;39;0;13;15;9;8;3;2;2;0
2019-12-11 17:17:58;102;39;0;13;15;9;8;3;2;2;0
2019-12-11 17:18:59;102;39;0;13;15;9;8;3;2;2;0
2019-12-11 17:19:59;102;39;0;13;15;9;8;3;2;2;0
2019-12-11 17:20:58;103;40;0;13;15;9;8;3;2;2;0
2019-12-11 17:21:59;103;40;0;13;15;9;8;3;2;2;0
2019-12-11 17:22:59;103;40;0;13;15;9;8;3;2;2;0
2019-12-11 17:23:58;103;40;0;13;15;9;8;3;2;2;0
2019-12-11 17:24:59;103;40;0;13;15;9;8;3;2;2;0
2019-12-11 17:25:59;103;40;0;13;15;9;8;3;2;2;0
2019-12-11 17:26:58;103;40;0;13;15;9;8;3;2;2;0
2019-12-11 17:27:59;103;40;0;13;15;9;8;3;2;2;0
2019-12-11 17:28:59;103;40;0;13;15;9;8;3;2;2;0
2019-12-11 17:29:58;103;40;0;13;15;9;8;3;2;2;0
2019-12-11 17:30:59;103;40;0;13;15;9;8;3;2;2;0
2019-12-11 17:31:59;103;40;0;13;15;9;8;3;2;2;0
2019-12-11 17:32:58;103;40;0;13;15;9;8;3;2;2;0
2019-12-11 17:33:59;103;40;0;13;15;9;8;3;2;2;0
2019-12-11 17:34:59;103;40;0;13;15;9;8;3;2;2;0
2019-12-11 17:35:59;103;40;0;13;15;9;8;3;2;2;0
2019-12-11 17:36:58;103;40;0;13;15;9;8;3;2;2;0
2019-12-11 17:37:59;103;40;0;13;15;9;8;3;2;2;0
2019-12-11 17:38:59;103;40;0;13;15;9;8;3;2;2;0
2019-12-11 17:39:58;103;40;0;14;15;9;8;3;2;2;1
2019-12-11 17:40:59;103;40;0;14;15;9;8;3;2;2;1
2019-12-11 17:41:59;103;40;0;14;15;9;8;3;2;2;1
2019-12-11 17:42:58;103;40;0;14;15;9;8;3;2;2;1
2019-12-11 17:43:59;103;40;0;14;15;9;8;3;2;2;1
2019-12-11 17:44:59;103;40;0;14;15;9;8;3;2;2;1
2019-12-11 17:45:58;103;40;0;14;15;9;8;3;2;2;1
2019-12-11 17:46:59;103;40;0;14;15;9;8;3;2;2;1
2019-12-11 17:47:59;103;40;0;14;15;9;8;3;2;2;1
2019-12-11 17:48:59;103;40;0;14;15;9;8;3;2;2;1
2019-12-11 17:49:58;103;40;0;14;15;9;8;3;2;2;1
2019-12-11 17:50:59;103;40;0;14;15;9;8;3;2;2;1
2019-12-11 17:51:59;104;41;0;14;15;9;8;3;2;2;1
2019-12-11 17:52:58;104;41;0;14;15;9;8;3;2;2;1
2019-12-11 17:53:59;104;41;0;14;15;9;8;3;2;2;1
2019-12-11 17:54:59;104;41;0;14;15;9;8;3;2;2;1
2019-12-11 17:55:59;104;41;0;14;15;9;8;3;2;2;1
2019-12-11 17:56:58;104;41;0;14;15;9;8;3;2;2;1
2019-12-11 17:57:59;104;41;0;14;15;9;8;3;2;2;1
2019-12-11 17:58:59;104;41;0;14;15;9;8;3;2;2;1
2019-12-11 17:59:58;104;41;0;14;15;9;8;3;2;2;1
2019-12-11 18:00:59;104;41;0;14;15;9;8;3;2;2;1
2019-12-11 18:01:59;104;41;0;14;15;9;8;3;2;2;1
2019-12-11 18:02:59;104;41;0;14;15;9;8;3;2;2;1
2019-12-11 18:03:58;104;41;0;14;15;9;8;3;2;2;1
2019-12-11 18:04:59;104;41;0;14;15;9;8;3;2;2;1
2019-12-11 18:05:59;104;41;0;14;15;9;8;3;2;2;1
2019-12-11 18:06:58;104;41;0;14;15;9;8;3;2;2;1
2019-12-11 18:07:59;104;41;0;14;15;9;8;3;2;2;1
2019-12-11 18:08:59;104;41;0;14;15;9;8;3;2;2;1
2019-12-11 18:09:59;104;41;0;14;15;9;8;3;2;2;1
2019-12-11 18:10:58;104;41;0;14;15;9;8;3;2;2;1
2019-12-11 18:11:59;104;41;0;14;15;9;8;3;2;2;1
2019-12-11 18:12:59;104;41;0;14;15;9;8;3;2;2;1
2019-12-11 18:13:59;104;41;0;14;15;9;8;3;2;2;1
2019-12-11 18:14:58;104;41;0;14;15;9;8;3;2;2;1
2019-12-11 18:15:59;104;41;0;14;15;9;8;3;2;2;1
2019-12-11 18:16:59;104;41;0;14;15;9;8;3;2;2;1
2019-12-11 18:17:58;104;41;0;14;15;9;8;3;2;2;1
2019-12-11 18:18:59;104;41;0;14;15;9;8;3;2;2;1
2019-12-11 18:19:59;104;41;0;14;15;9;8;3;2;2;1
2019-12-11 18:20:59;105;41;0;14;15;10;8;3;2;2;1
2019-12-11 18:21:58;105;41;0;14;15;10;8;3;2;2;1
2019-12-11 18:22:59;106;42;0;14;15;10;8;3;2;2;1
2019-12-11 18:23:59;106;42;0;14;15;10;8;3;2;2;1
2019-12-11 18:24:58;106;42;0;14;15;10;8;3;2;2;1
2019-12-11 18:25:59;106;42;0;14;15;10;8;3;2;2;1
2019-12-11 18:26:59;106;42;0;14;15;10;8;3;2;2;1
2019-12-11 18:27:58;106;42;0;14;15;10;8;3;2;2;1
2019-12-11 18:28:59;106;42;0;14;15;10;8;3;2;2;1
2019-12-11 18:29:59;106;41;0;14;15;11;8;3;2;2;1
2019-12-11 18:30:58;106;41;0;14;15;11;8;3;2;2;1
2019-12-11 18:31:59;107;41;0;15;15;11;8;3;2;2;1
2019-12-11 18:32:59;107;41;0;15;15;11;8;3;2;2;1
2019-12-11 18:33:59;107;41;0;15;15;11;8;3;2;2;1
2019-12-11 18:34:58;107;41;0;15;15;11;8;3;2;2;1
2019-12-11 18:35:59;107;41;0;15;15;11;8;3;2;2;1
2019-12-11 18:36:59;107;41;0;15;15;11;8;3;2;2;1
2019-12-11 18:37:59;107;41;0;15;15;11;8;3;2;2;1
2019-12-11 18:38:58;107;41;0;15;15;11;8;3;2;2;1
2019-12-11 18:39:59;107;41;0;15;15;11;8;3;2;2;1
2019-12-11 18:40:59;107;41;0;15;15;11;8;3;2;2;1
2019-12-11 18:41:58;107;41;0;15;15;11;8;3;2;2;1
2019-12-11 18:42:59;108;41;0;15;16;11;8;3;2;2;1
2019-12-11 18:43:59;108;41;0;15;16;11;8;3;2;2;1
2019-12-11 18:44:59;109;41;0;16;16;11;8;3;2;2;1
2019-12-11 18:45:58;109;41;0;16;16;11;8;3;2;2;1
2019-12-11 18:46:59;109;41;0;16;16;11;8;3;2;2;1
2019-12-11 18:47:59;109;41;0;16;16;11;8;3;2;2;1
2019-12-11 18:49:00;109;41;0;16;16;11;8;3;2;2;1
2019-12-11 18:49:58;109;41;0;16;16;11;8;3;2;2;1
2019-12-11 18:50:59;109;41;0;16;16;11;8;3;2;2;1
2019-12-11 18:51:59;109;41;0;16;16;11;8;3;2;2;1
2019-12-11 18:52:58;110;41;0;16;16;11;8;4;2;2;1
2019-12-11 18:53:59;110;41;0;16;16;11;8;4;2;2;1
2019-12-11 18:54:59;110;41;0;16;16;11;8;4;2;2;1
2019-12-11 18:55:58;110;41;0;16;16;11;8;4;2;2;1
2019-12-11 18:56:59;110;41;0;16;16;11;8;4;2;2;1
2019-12-11 18:57:59;110;41;0;16;16;11;8;4;2;2;1
2019-12-11 18:58:58;110;41;0;16;16;11;8;4;2;2;1
2019-12-11 18:59:59;111;41;0;17;16;11;8;4;2;2;1
2019-12-11 19:00:59;111;41;0;17;16;11;8;4;2;2;1
2019-12-11 19:01:58;112;42;0;17;16;11;8;4;2;2;1
2019-12-11 19:02:59;112;42;0;17;16;11;8;4;2;2;1
2019-12-11 19:03:59;112;42;0;17;16;11;8;4;2;2;1
2019-12-11 19:04:59;112;42;0;17;16;11;8;4;2;2;1
2019-12-11 19:05:58;112;42;0;17;16;11;8;4;2;2;1
2019-12-11 19:06:59;112;42;0;17;16;11;8;4;2;2;1
2019-12-11 19:07:59;113;43;0;17;16;11;8;4;2;2;1
2019-12-11 19:08:58;113;43;0;17;16;11;8;4;2;2;1
2019-12-11 19:09:59;113;43;0;17;16;11;8;4;2;2;1
2019-12-11 19:10:59;113;43;0;17;16;11;8;4;2;2;1
2019-12-11 19:11:58;113;43;0;17;16;11;8;4;2;2;1
2019-12-11 19:12:59;113;43;0;17;16;11;8;4;2;2;1
2019-12-11 19:13:59;113;43;0;17;16;11;8;4;2;2;1
2019-12-11 19:14:58;113;43;0;17;16;11;8;4;2;2;1
2019-12-11 19:15:59;113;43;0;17;16;11;8;4;2;2;1
2019-12-11 19:16:59;113;43;0;17;16;11;8;4;2;2;1
2019-12-11 19:17:59;113;43;0;17;16;11;8;4;2;2;1
2019-12-11 19:18:58;113;43;0;17;16;11;8;4;2;2;1
2019-12-11 19:19:59;113;43;0;17;16;11;8;4;2;2;1
2019-12-11 19:20:59;113;43;0;17;16;11;8;4;2;2;1
2019-12-11 19:21:58;113;43;0;17;16;11;8;4;2;2;1
2019-12-11 19:22:59;113;43;0;17;16;11;8;4;2;2;1
2019-12-11 19:23:59;113;43;0;17;16;11;8;4;2;2;1
2019-12-11 19:24:58;113;43;0;17;16;11;8;4;2;2;1
2019-12-11 19:25:59;113;43;0;17;16;11;8;4;2;2;1
2019-12-11 19:26:59;113;43;0;17;16;11;8;4;2;2;1
2019-12-11 19:27:59;113;43;0;17;16;11;8;4;2;2;1
2019-12-11 19:28:58;113;43;0;17;16;11;8;4;2;2;1
2019-12-11 19:29:59;113;43;0;17;16;11;8;4;2;2;1
2019-12-11 19:30:59;113;43;0;17;16;11;8;4;2;2;1
2019-12-11 19:31:58;113;43;0;17;16;11;8;4;2;2;1
2019-12-11 19:32:59;113;43;0;17;16;11;8;4;2;2;1
2019-12-11 19:33:59;114;43;0;17;16;11;8;4;2;2;0
2019-12-11 19:34:59;114;43;0;17;16;11;8;4;2;2;0
2019-12-11 19:35:58;114;43;0;17;16;11;8;4;2;2;0
2019-12-11 19:36:59;114;43;0;17;16;11;8;4;2;2;0
2019-12-11 19:37:59;115;43;2;17;16;11;8;4;2;2;0
2019-12-11 19:38:59;117;43;4;17;16;11;8;4;2;2;0
2019-12-11 19:39:58;117;43;4;17;16;11;8;4;2;2;0
2019-12-11 19:40:59;118;43;5;17;16;11;8;4;2;2;0
2019-12-11 19:41:58;118;43;5;17;16;11;8;4;2;2;0
2019-12-11 19:42:59;118;43;5;17;16;11;8;4;2;2;0
2019-12-11 19:43:59;118;43;5;17;16;11;8;4;2;2;0
2019-12-11 19:44:58;118;43;5;17;16;11;8;4;2;2;0
2019-12-11 19:45:59;118;43;5;17;16;11;8;4;2;2;0
2019-12-11 19:46:59;118;43;5;17;16;11;8;4;2;2;0
2019-12-11 19:47:58;119;43;5;18;16;11;8;4;2;2;0
2019-12-11 19:48:59;119;44;5;17;16;11;8;4;2;2;0
2019-12-11 19:49:58;119;44;5;17;16;11;8;4;2;2;0
2019-12-11 19:50:59;119;44;5;17;16;11;8;4;2;2;0
2019-12-11 19:51:59;119;44;5;17;16;11;8;4;2;2;0
2019-12-11 19:52:58;119;44;5;17;16;11;8;4;2;2;0
2019-12-11 19:53:59;119;44;5;17;16;11;8;4;2;2;0
2019-12-11 19:54:59;119;44;5;17;16;11;8;4;2;2;0
2019-12-11 19:55:59;119;44;5;17;16;11;8;4;2;2;0
2019-12-11 19:56:58;119;44;5;17;16;11;8;4;2;2;0
2019-12-11 19:57:59;119;44;5;17;16;11;8;4;2;2;0
2019-12-11 19:58:59;119;44;5;17;16;11;8;4;2;2;0
2019-12-11 19:59:58;120;44;5;17;16;12;8;4;2;2;0
2019-12-11 20:00:59;120;44;5;17;16;12;8;4;2;2;0
2019-12-11 20:01:59;120;44;5;17;16;12;8;4;2;2;0
2019-12-11 20:02:58;120;44;5;17;16;12;8;4;2;2;0
2019-12-11 20:03:59;121;45;5;17;16;12;8;4;2;2;0
2019-12-11 20:04:59;121;45;5;17;16;12;8;4;2;2;0
2019-12-11 20:05:58;121;45;5;17;16;12;8;4;2;2;0
2019-12-11 20:06:59;121;45;5;17;16;12;8;4;2;2;0
2019-12-11 20:07:59;121;45;5;17;16;12;8;4;2;2;0
2019-12-11 20:08:58;122;46;5;17;16;12;8;4;2;2;0
2019-12-11 20:09:59;122;46;5;17;16;12;8;4;2;2;0
2019-12-11 20:10:59;122;46;5;17;16;12;8;4;2;2;0
2019-12-11 20:11:58;122;46;5;17;16;12;8;4;2;2;0
2019-12-11 20:12:59;122;46;5;17;16;12;8;4;2;2;0
2019-12-11 20:13:59;122;46;5;17;16;12;8;4;2;2;0
2019-12-11 20:14:59;122;46;5;17;16;12;8;4;2;2;0
2019-12-11 20:15:58;122;46;5;17;16;12;8;4;2;2;0
2019-12-11 20:16:59;122;46;5;17;16;12;8;4;2;2;0
2019-12-11 20:17:59;122;46;5;17;16;12;8;4;2;2;0
2019-12-11 20:18:58;122;46;5;17;16;12;8;4;2;2;0
2019-12-11 20:19:59;123;46;6;17;16;12;8;4;2;2;0
2019-12-11 20:20:59;123;46;6;17;16;12;8;4;2;2;0
2019-12-11 20:21:58;125;47;7;17;16;12;8;4;2;2;0
2019-12-11 20:22:59;125;47;7;17;16;12;8;4;2;2;0
2019-12-11 20:23:59;125;47;7;17;16;12;8;4;2;2;0
2019-12-11 20:24:58;125;47;7;17;16;12;8;4;2;2;0
2019-12-11 20:25:59;125;47;7;17;16;12;8;4;2;2;0
2019-12-11 20:26:59;125;47;7;17;16;12;8;4;2;2;0
2019-12-11 20:27:59;125;47;7;17;16;12;8;4;2;2;0
2019-12-11 20:28:58;126;47;8;17;16;12;8;4;2;2;0
2019-12-11 20:29:59;127;47;8;17;16;12;9;4;2;2;0
2019-12-11 20:30:59;128;47;9;17;16;12;9;4;2;2;0
2019-12-11 20:31:59;128;47;9;17;16;12;9;4;2;2;0
2019-12-11 20:32:58;128;47;9;17;16;12;9;4;2;2;0
2019-12-11 20:33:59;128;47;9;17;16;12;9;4;2;2;0
2019-12-11 20:34:59;128;47;9;17;16;12;9;4;2;2;0
2019-12-11 20:35:58;128;47;9;17;16;12;9;4;2;2;0
2019-12-11 20:36:59;128;47;9;17;16;12;9;4;2;2;0
2019-12-11 20:37:59;129;48;9;17;16;12;9;4;2;2;0
2019-12-11 20:38:59;129;48;9;17;16;12;9;4;2;2;0
2019-12-11 20:39:58;129;48;9;17;16;12;9;4;2;2;0
2019-12-11 20:40:59;129;48;9;17;16;12;9;4;2;2;0
2019-12-11 20:41:59;130;48;10;17;16;12;9;4;2;2;0
2019-12-11 20:42:58;130;48;10;17;16;12;9;4;2;2;0
2019-12-11 20:43:59;130;48;10;17;16;12;9;4;2;2;0
2019-12-11 20:44:59;130;48;10;17;16;12;9;4;2;2;0
2019-12-11 20:45:58;130;48;10;17;16;12;9;4;2;2;0
2019-12-11 20:46:59;131;48;11;17;16;12;9;4;2;2;0
2019-12-11 20:47:59;131;48;11;17;16;12;9;4;2;2;0
2019-12-11 20:48:59;131;48;11;17;16;12;9;4;2;2;0
2019-12-11 20:49:58;131;48;11;17;16;12;9;4;2;2;0
2019-12-11 20:50:59;131;48;11;17;16;12;9;4;2;2;0
2019-12-11 20:51:59;131;48;11;17;16;12;9;4;2;2;0
2019-12-11 20:52:58;131;48;11;17;16;12;9;4;2;2;0
2019-12-11 20:53:59;131;48;11;17;16;12;9;4;2;2;0
2019-12-11 20:54:59;131;48;11;17;16;12;9;4;2;2;0
2019-12-11 20:55:58;133;48;13;17;16;12;9;4;2;2;0
2019-12-11 20:56:59;133;48;13;17;16;12;9;4;2;2;0
2019-12-11 20:57:59;134;48;14;17;16;12;9;4;2;2;0
2019-12-11 20:58:58;134;48;14;17;16;12;9;4;2;2;0
2019-12-11 20:59:59;134;48;14;17;16;12;9;4;2;2;0
2019-12-11 21:00:59;135;49;14;17;16;12;9;4;2;2;0
2019-12-11 21:01:58;136;49;14;18;16;12;9;4;2;2;0
2019-12-11 21:02:59;136;49;14;18;16;12;9;4;2;2;0
2019-12-11 21:03:59;136;49;14;18;16;12;9;4;2;2;0
2019-12-11 21:05:00;136;49;14;18;16;12;9;4;2;2;0
2019-12-11 21:05:58;137;48;14;18;18;12;9;4;2;2;0
2019-12-11 21:06:59;137;48;14;18;18;12;9;4;2;2;0
2019-12-11 21:07:58;137;48;14;18;18;12;9;4;2;2;0
2019-12-11 21:08:59;137;48;14;18;18;12;9;4;2;2;0
2019-12-11 21:09:58;137;48;14;18;18;12;9;4;2;2;0
2019-12-11 21:10:59;138;48;15;18;18;12;9;4;2;2;0
2019-12-11 21:11:59;139;48;16;18;18;12;9;4;2;2;0
2019-12-11 21:12:59;138;48;15;18;18;12;9;4;2;2;0
2019-12-11 21:13:58;138;48;15;18;18;12;9;4;2;2;0
2019-12-11 21:14:59;138;48;15;18;18;12;9;4;2;2;0
2019-12-11 21:15:59;138;48;15;18;18;12;9;4;2;2;0
2019-12-11 21:16:58;138;48;15;18;18;12;9;4;2;2;0
2019-12-11 21:17:59;138;48;16;17;18;12;9;4;2;2;0
2019-12-11 21:18:59;138;48;16;17;18;12;9;4;2;2;0
2019-12-11 21:19:58;138;48;16;17;18;12;9;4;2;2;0
2019-12-11 21:20:59;138;48;16;17;18;12;9;4;2;2;0
2019-12-11 21:21:59;138;48;16;17;18;12;9;4;2;2;0
2019-12-11 21:22:58;138;48;16;17;18;12;9;4;2;2;0
2019-12-11 21:23:59;138;48;16;17;18;12;9;4;2;2;0
2019-12-11 21:24:59;138;48;16;17;18;12;9;4;2;2;0
2019-12-11 21:25:59;138;48;16;17;18;12;9;4;2;2;0
2019-12-11 21:26:58;138;48;16;17;18;12;9;4;2;2;0
2019-12-11 21:27:59;139;48;17;17;18;12;9;4;2;2;0
2019-12-11 21:28:59;140;48;18;17;18;12;9;4;2;2;0
2019-12-11 21:29:58;139;48;18;16;18;12;9;4;2;2;0
2019-12-11 21:30:59;139;48;18;16;18;12;9;4;2;2;0
2019-12-11 21:31:59;139;47;18;17;18;12;9;4;2;2;0
2019-12-11 21:32:59;139;47;18;17;18;12;9;4;2;2;0
2019-12-11 21:33:58;139;47;18;17;18;12;9;4;2;2;0
2019-12-11 21:34:59;139;47;18;17;18;12;9;4;2;2;0
2019-12-11 21:35:59;139;47;18;17;18;12;9;4;2;2;0
2019-12-11 21:36:58;139;47;18;17;18;12;9;4;2;2;0
2019-12-11 21:37:59;139;47;18;17;18;12;9;4;2;2;0
2019-12-11 21:38:59;139;47;18;17;18;12;9;4;2;2;0
2019-12-11 21:39:58;139;47;18;17;18;12;9;4;2;2;0
2019-12-11 21:40:59;139;47;18;17;18;12;9;4;2;2;0
2019-12-11 21:41:59;139;47;18;17;18;12;9;4;2;2;0
2019-12-11 21:42:59;139;47;18;17;18;12;9;4;2;2;0
2019-12-11 21:43:58;139;47;18;17;18;12;9;4;2;2;0
2019-12-11 21:44:59;139;47;18;17;18;12;9;4;2;2;0
2019-12-11 21:45:58;139;47;18;17;18;12;9;4;2;2;0
2019-12-11 21:46:59;139;47;18;17;18;12;9;4;2;2;0
2019-12-11 21:47:59;139;47;18;17;18;12;9;4;2;2;0
2019-12-11 21:48:58;139;47;18;17;18;12;9;4;2;2;0
2019-12-11 21:49:59;139;47;18;17;18;12;9;4;2;2;0
2019-12-11 21:50:59;139;47;18;17;18;12;9;4;2;2;0
2019-12-11 21:51:58;140;47;19;17;18;12;9;4;2;2;0
2019-12-11 21:52:59;140;47;19;17;18;12;9;4;2;2;0
2019-12-11 21:53:59;141;47;20;17;18;12;9;4;2;2;0
2019-12-11 21:54:58;141;47;20;17;18;12;9;4;2;2;0
2019-12-11 21:55:59;141;47;20;17;18;12;9;4;2;2;0
2019-12-11 21:56:59;141;47;20;17;18;12;9;4;2;2;0
2019-12-11 21:57:59;141;47;20;17;18;12;9;4;2;2;0
2019-12-11 21:58:58;141;47;20;17;18;12;9;4;2;2;0
2019-12-11 21:59:59;141;47;20;17;18;12;9;4;2;2;0
2019-12-11 22:00:58;141;47;20;17;18;12;9;4;2;2;0
2019-12-11 22:01:59;141;47;20;17;18;12;9;4;2;2;0
2019-12-11 22:02:59;141;47;20;17;18;12;9;4;2;2;0
2019-12-11 22:03:58;141;47;20;17;18;12;9;4;2;2;0
2019-12-11 22:04:59;141;47;20;17;18;12;9;4;2;2;0
2019-12-11 22:05:59;141;47;20;17;18;12;9;4;2;2;0
2019-12-11 22:06:59;141;47;20;17;18;12;9;4;2;2;0
2019-12-11 22:08:00;141;47;20;17;18;12;9;4;2;2;0
2019-12-11 22:08:58;141;47;20;17;18;12;9;4;2;2;0
2019-12-11 22:09:59;141;47;20;17;18;12;9;4;2;2;0
2019-12-11 22:10:59;141;47;20;17;18;12;9;4;2;2;0
2019-12-11 22:11:58;142;47;21;17;18;12;9;4;2;2;0
2019-12-11 22:12:59;141;47;20;17;18;12;9;4;2;2;0
2019-12-11 22:13:59;141;47;20;17;18;12;9;4;2;2;0
2019-12-11 22:14:58;141;47;20;17;18;12;9;4;2;2;0
2019-12-11 22:15:59;142;47;21;17;18;12;9;4;2;2;0
2019-12-11 22:16:59;142;47;21;17;18;12;9;4;2;2;0
2019-12-11 22:17:58;142;47;21;17;18;12;9;4;2;2;0
2019-12-11 22:18:59;142;47;21;17;18;12;9;4;2;2;0
2019-12-11 22:19:59;142;47;21;17;18;12;9;4;2;2;0
2019-12-11 22:20:58;142;47;21;17;18;12;9;4;2;2;0
2019-12-11 22:21:59;142;47;21;17;18;12;9;4;2;2;0
2019-12-11 22:22:59;142;47;21;17;18;12;9;4;2;2;0
2019-12-11 22:23:59;142;47;21;17;18;12;9;4;2;2;0
2019-12-11 22:24:58;142;47;21;17;18;12;9;4;2;2;0
2019-12-11 22:25:59;142;47;21;17;18;12;9;4;2;2;0
2019-12-11 22:26:58;142;47;21;17;18;12;9;4;2;2;0
2019-12-11 22:27:59;142;47;21;17;18;12;9;4;2;2;0
2019-12-11 22:28:59;142;47;21;17;18;12;9;4;2;2;0
2019-12-11 22:29:59;142;47;21;17;18;12;9;4;2;2;0
2019-12-11 22:30:58;142;47;21;17;18;12;9;4;2;2;0
2019-12-11 22:31:59;142;47;21;17;18;12;9;4;2;2;0
2019-12-11 22:32:59;142;47;21;17;18;12;9;4;2;2;0
2019-12-11 22:33:58;142;47;21;17;18;12;9;4;2;2;0
2019-12-11 22:34:59;142;47;21;17;18;12;9;4;2;2;0
2019-12-11 22:35:59;142;47;21;17;18;12;9;4;2;2;0
2019-12-11 22:36:58;142;47;21;17;18;12;9;4;2;2;0
2019-12-11 22:37:59;142;47;21;17;18;12;9;4;2;2;0
2019-12-11 22:38:59;142;47;21;17;18;12;9;4;2;2;0
2019-12-11 22:40:00;142;47;21;17;18;12;9;4;2;2;0
2019-12-11 22:40:58;142;47;21;17;18;12;9;4;2;2;0
2019-12-11 22:41:59;142;47;21;17;18;12;9;4;2;2;0
2019-12-11 22:42:59;142;47;21;17;18;12;9;4;2;2;0
2019-12-11 22:43:58;142;47;21;17;18;12;9;4;2;2;0
2019-12-11 22:44:59;142;47;21;17;18;12;9;4;2;2;0
2019-12-11 22:45:59;142;47;21;17;18;12;9;4;2;2;0
2019-12-11 22:46:58;142;47;21;17;18;12;9;4;2;2;0
2019-12-11 22:47:59;142;47;21;17;18;12;9;4;2;2;0
2019-12-11 22:48:59;142;47;22;17;18;12;9;4;2;2;0
2019-12-11 22:49:58;142;47;22;17;18;12;9;4;2;2;0
2019-12-11 22:50:59;142;47;22;17;18;12;9;4;2;2;0
2019-12-11 22:52:00;142;47;22;17;18;12;9;4;2;2;0
2019-12-11 22:52:58;142;47;23;17;17;12;9;4;2;2;0
2019-12-11 22:53:59;142;47;23;17;17;12;9;4;2;2;0
2019-12-11 22:54:58;143;48;23;17;17;12;9;4;2;2;0
2019-12-11 22:55:59;144;49;23;17;17;12;9;4;2;2;0
2019-12-11 22:56:59;144;49;23;17;17;12;9;4;2;2;0
2019-12-11 22:57:59;144;49;23;17;17;12;9;4;2;2;0
2019-12-11 22:58:58;144;49;23;17;17;12;9;4;2;2;0
2019-12-11 22:59:59;144;49;23;17;17;12;9;4;2;2;0
2019-12-11 23:00:58;144;49;23;17;17;12;9;4;2;2;0
2019-12-11 23:01:59;144;49;23;17;17;12;9;4;2;2;0
2019-12-11 23:02:59;144;49;23;17;17;12;9;4;2;2;0
2019-12-11 23:04:00;144;49;23;17;17;12;9;4;2;2;0
2019-12-11 23:04:58;144;49;23;17;17;12;9;4;2;2;0
2019-12-11 23:05:59;144;49;23;17;17;12;9;4;2;2;0
2019-12-11 23:06:59;144;49;23;17;17;12;9;4;2;2;0
2019-12-11 23:07:58;144;49;23;17;17;12;9;4;2;2;0
2019-12-11 23:08:59;144;49;23;17;17;12;9;4;2;2;0
2019-12-11 23:09:59;144;49;23;17;17;12;9;4;2;2;0
2019-12-11 23:10:58;144;49;23;17;17;12;9;4;2;2;0
2019-12-11 23:11:59;144;49;23;17;17;12;9;4;2;2;0
2019-12-11 23:12:59;144;49;23;17;17;12;9;4;2;2;0
2019-12-11 23:13:58;144;49;23;17;17;12;9;4;2;2;0
2019-12-11 23:14:59;144;49;23;17;17;12;9;4;2;2;0
2019-12-11 23:15:59;144;49;23;17;17;12;9;4;2;2;0
2019-12-11 23:16:58;144;49;23;17;17;12;9;4;2;2;0
2019-12-11 23:17:59;144;49;23;17;17;12;9;4;2;2;0
2019-12-11 23:18:59;144;49;23;17;17;12;9;4;2;2;0
2019-12-11 23:19:59;144;49;23;17;17;12;9;4;2;2;0
2019-12-11 23:20:58;144;49;23;17;17;12;9;4;2;2;0
2019-12-11 23:21:59;145;49;23;17;17;12;9;4;2;2;1
2019-12-11 23:22:59;145;49;23;17;17;12;9;4;2;2;1
2019-12-11 23:23:58;145;49;23;17;17;12;9;4;2;2;1
2019-12-11 23:24:59;145;49;23;17;17;12;9;4;2;2;1
2019-12-11 23:25:59;145;49;23;17;17;12;9;4;2;2;1
2019-12-11 23:26:58;145;49;23;17;17;12;9;4;2;2;1
2019-12-11 23:27:59;145;49;23;17;17;12;9;4;2;2;1
2019-12-11 23:28:59;145;49;23;17;17;12;9;4;2;2;1
2019-12-11 23:29:59;145;49;23;17;17;12;9;4;2;2;1
2019-12-11 23:30:58;145;49;24;17;17;12;9;3;2;2;1
2019-12-11 23:31:59;145;49;24;17;17;12;9;3;2;2;1
2019-12-11 23:32:59;145;49;24;17;17;12;9;3;2;2;1
2019-12-11 23:33:58;145;49;24;17;17;12;9;3;2;2;1
2019-12-11 23:34:59;145;49;24;17;17;12;9;3;2;2;1
2019-12-11 23:35:58;145;49;24;17;17;12;9;3;2;2;1
2019-12-11 23:36:59;146;49;25;17;17;12;9;3;2;2;1
2019-12-11 23:37:59;146;49;25;17;17;12;9;3;2;2;1
2019-12-11 23:38:58;146;49;25;17;17;12;9;3;2;2;1
2019-12-11 23:39:59;146;49;25;17;17;12;9;3;2;2;1
2019-12-11 23:40:59;146;49;25;17;17;12;9;3;2;2;1
2019-12-11 23:41:58;146;49;26;17;16;12;9;3;2;2;1
2019-12-11 23:42:59;146;49;26;17;16;12;9;3;2;2;1
2019-12-11 23:43:59;147;49;27;17;16;12;9;3;2;2;1
2019-12-11 23:44:58;147;49;27;17;16;12;9;3;2;2;1
2019-12-11 23:45:59;147;49;27;17;16;12;9;3;2;2;1
2019-12-11 23:46:59;147;49;27;17;16;12;9;3;2;2;1
2019-12-11 23:47:59;147;49;27;17;16;12;9;3;2;2;1
2019-12-11 23:48:58;147;49;27;17;16;12;9;3;2;2;1
2019-12-11 23:49:59;147;49;27;17;16;12;9;3;2;2;1
2019-12-11 23:50:59;147;49;27;17;16;12;9;3;2;2;1
2019-12-11 23:51:59;147;49;27;17;16;12;9;3;2;2;1
2019-12-11 23:52:58;147;49;27;17;16;12;9;3;2;2;1
2019-12-11 23:53:59;148;50;27;17;16;12;9;3;2;2;1
2019-12-11 23:54:59;148;50;27;17;16;12;9;3;2;2;1
2019-12-11 23:55:58;148;50;27;17;16;12;9;3;2;2;1
2019-12-11 23:56:59;148;50;27;17;16;12;9;3;2;2;1
2019-12-11 23:57:59;148;50;27;17;16;12;9;3;2;2;1
2019-12-11 23:58:58;148;50;27;17;16;12;9;3;2;2;1
2019-12-11 23:59:59;148;50;27;17;16;12;9;3;2;2;1
