datetime;total_votes;wRAR;Mutafakaz;Der_Sturmer;Yardrey;jovan;Terkin;Fo;Ircmaan;SoulMaker;ksolotl
2019-07-17 00:00:59;0;0;0;0;0;0;0;0;0;0;0
2019-07-17 00:01:59;2;0;1;0;0;0;0;0;0;0;0
2019-07-17 00:02:59;2;0;1;0;0;0;0;0;0;0;0
2019-07-17 00:03:59;2;0;1;0;0;0;0;0;0;0;0
2019-07-17 00:04:58;2;0;1;0;0;0;0;0;0;0;0
2019-07-17 00:05:59;2;0;1;0;0;0;0;0;0;0;0
2019-07-17 00:06:59;2;0;1;0;0;0;0;0;0;0;0
2019-07-17 00:07:58;3;0;1;0;0;0;0;0;0;0;0
2019-07-17 00:08:59;4;0;2;0;0;0;0;0;0;0;0
2019-07-17 00:09:59;4;0;2;0;0;0;0;0;0;0;0
2019-07-17 00:10:58;4;0;2;0;0;0;0;0;0;0;0
2019-07-17 00:11:59;4;0;2;0;0;0;0;0;0;0;0
2019-07-17 00:12:59;4;0;2;0;0;0;0;0;0;0;0
2019-07-17 00:13:58;4;0;2;0;0;0;0;0;0;0;0
2019-07-17 00:14:59;4;0;2;0;0;0;0;0;0;0;0
2019-07-17 00:15:59;5;0;2;0;0;0;0;0;0;0;0
2019-07-17 00:16:58;6;0;2;1;0;0;0;0;0;0;0
2019-07-17 00:17:59;6;0;2;1;0;0;0;0;0;0;0
2019-07-17 00:18:59;6;0;2;1;0;0;0;0;0;0;0
2019-07-17 00:19:58;6;0;2;1;0;0;0;0;0;0;0
2019-07-17 00:20:59;6;0;2;1;0;0;0;0;0;0;0
2019-07-17 00:21:58;6;0;2;1;0;0;0;0;0;0;0
2019-07-17 00:22:59;7;0;2;1;0;0;0;0;0;0;0
2019-07-17 00:23:59;8;0;2;1;0;0;0;0;0;0;0
2019-07-17 00:24:59;9;0;3;1;0;0;0;0;0;0;0
2019-07-17 00:25:58;9;0;3;1;0;0;0;0;0;0;0
2019-07-17 00:26:59;11;0;4;1;0;0;0;0;0;0;1
2019-07-17 00:27:58;11;0;4;1;0;0;0;0;0;0;1
2019-07-17 00:28:59;12;0;4;1;0;0;0;0;0;1;1
2019-07-17 00:29:59;13;0;4;1;0;0;0;0;0;1;1
2019-07-17 00:30:58;13;0;4;1;0;0;0;0;0;1;1
2019-07-17 00:31:59;13;0;4;1;0;0;0;0;0;1;1
2019-07-17 00:32:59;13;0;4;1;0;0;0;0;0;1;1
2019-07-17 00:33:58;13;0;4;1;0;0;0;0;0;1;1
2019-07-17 00:34:59;13;0;4;1;0;0;0;0;0;1;1
2019-07-17 00:35:58;14;0;4;1;0;0;0;0;0;1;1
2019-07-17 00:36:59;14;0;4;1;0;0;0;0;0;1;1
2019-07-17 00:37:59;14;0;4;1;0;0;0;0;0;1;1
2019-07-17 00:38:58;14;0;4;1;0;0;0;0;0;1;1
2019-07-17 00:39:59;14;0;4;1;0;0;0;0;0;1;1
2019-07-17 00:40:59;14;0;4;1;0;0;0;0;0;1;1
2019-07-17 00:41:58;14;0;4;1;0;0;0;0;0;1;1
2019-07-17 00:42:59;14;0;4;1;0;0;0;0;0;1;1
2019-07-17 00:43:59;16;0;5;2;0;0;0;0;0;1;1
2019-07-17 00:44:58;16;0;5;2;0;0;0;0;0;1;1
2019-07-17 00:45:59;16;0;5;2;0;0;0;0;0;1;1
2019-07-17 00:46:59;16;0;5;2;0;0;0;0;0;1;1
2019-07-17 00:47:58;16;0;5;2;0;0;0;0;0;1;1
2019-07-17 00:48:59;16;0;5;2;0;0;0;0;0;1;1
2019-07-17 00:49:59;16;0;5;2;0;0;0;0;0;1;1
2019-07-17 00:50:58;16;0;5;2;0;0;0;0;0;1;1
2019-07-17 00:51:59;16;0;5;2;0;0;0;0;0;1;1
2019-07-17 00:52:58;16;0;5;2;0;0;0;0;0;1;1
2019-07-17 00:53:59;16;0;5;2;0;0;0;0;0;1;1
2019-07-17 00:54:59;16;0;5;2;0;0;0;0;0;1;1
2019-07-17 00:55:58;17;0;6;2;0;0;0;0;0;1;1
2019-07-17 00:56:59;18;0;6;2;0;0;0;0;0;0;1
2019-07-17 00:57:59;18;0;6;2;0;0;0;0;0;0;1
2019-07-17 00:58:58;18;0;6;2;0;0;0;0;0;0;1
2019-07-17 00:59:59;18;0;6;2;0;0;0;0;0;0;1
2019-07-17 01:00:59;18;0;6;2;0;0;0;0;0;0;1
2019-07-17 01:01:58;18;0;6;2;0;0;0;0;0;0;1
2019-07-17 01:02:59;19;0;6;2;0;0;0;0;0;0;1
2019-07-17 01:03:59;19;0;6;2;0;0;0;0;0;0;1
2019-07-17 01:04:58;19;0;6;2;0;0;0;0;0;0;1
2019-07-17 01:05:59;19;0;6;2;0;0;0;0;0;0;1
2019-07-17 01:06:59;19;0;6;2;0;0;0;0;0;0;1
2019-07-17 01:07:58;19;0;6;2;0;0;0;0;0;0;1
2019-07-17 01:08:59;19;0;6;2;0;0;0;0;0;0;1
2019-07-17 01:09:59;19;0;6;2;0;0;0;0;0;0;1
2019-07-17 01:10:58;19;0;6;2;0;0;0;0;0;0;1
2019-07-17 01:11:59;20;0;6;2;0;0;0;0;0;0;1
2019-07-17 01:12:59;21;0;6;2;0;0;0;0;0;0;1
2019-07-17 01:13:58;21;0;6;2;0;0;0;0;0;0;1
2019-07-17 01:14:59;21;0;6;2;0;0;0;0;0;0;1
2019-07-17 01:15:59;21;0;6;2;0;0;0;0;0;0;1
2019-07-17 01:16:58;21;0;6;2;0;0;0;0;0;0;1
2019-07-17 01:17:59;21;0;6;2;0;0;0;0;0;0;1
2019-07-17 01:18:59;21;0;6;2;0;0;0;0;0;0;1
2019-07-17 01:19:58;21;0;6;2;0;0;0;0;0;0;1
2019-07-17 01:20:59;21;0;6;2;0;0;0;0;0;0;1
2019-07-17 01:21:58;22;0;7;2;0;0;0;0;0;0;1
2019-07-17 01:22:59;22;0;7;2;0;0;0;0;0;0;1
2019-07-17 01:23:59;22;0;7;2;0;0;0;0;0;0;1
2019-07-17 01:24:59;22;0;7;2;0;0;0;0;0;0;1
2019-07-17 01:25:58;22;0;7;2;0;0;0;0;0;0;1
2019-07-17 01:26:59;22;0;7;2;0;0;0;0;0;0;1
2019-07-17 01:27:59;22;0;7;2;0;0;0;0;0;0;1
2019-07-17 01:28:58;22;0;7;2;0;0;0;0;0;0;1
2019-07-17 01:29:59;22;0;7;2;0;0;0;0;0;0;1
2019-07-17 01:30:59;23;0;7;3;0;0;0;0;0;0;1
2019-07-17 01:31:58;23;0;7;3;0;0;0;0;0;0;1
2019-07-17 01:32:59;23;0;7;3;0;0;0;0;0;0;1
2019-07-17 01:33:58;23;0;7;3;0;0;0;0;0;0;1
2019-07-17 01:34:59;24;0;8;3;0;0;0;0;0;0;1
2019-07-17 01:35:59;24;0;8;3;0;0;0;0;0;0;1
2019-07-17 01:36:59;24;0;8;3;0;0;0;0;0;0;1
2019-07-17 01:37:58;24;0;8;3;0;0;0;0;0;0;1
2019-07-17 01:38:59;24;0;8;3;0;0;0;0;0;0;1
2019-07-17 01:39:58;24;0;8;3;0;0;0;0;0;0;1
2019-07-17 01:40:59;24;0;8;3;0;0;0;0;0;0;1
2019-07-17 01:41:59;24;0;8;3;0;0;0;0;0;0;1
2019-07-17 01:42:58;24;0;8;3;0;0;0;0;0;0;1
2019-07-17 01:43:59;24;0;8;3;0;0;0;0;0;0;1
2019-07-17 01:44:59;24;0;8;3;0;0;0;0;0;0;1
2019-07-17 01:45:58;24;0;8;3;0;0;0;0;0;0;1
2019-07-17 01:46:59;24;0;8;3;0;0;0;0;0;0;1
2019-07-17 01:47:58;25;0;8;3;0;0;0;0;0;0;1
2019-07-17 01:48:59;25;0;8;3;0;0;0;0;0;0;1
2019-07-17 01:49:59;25;0;8;3;0;0;0;0;0;0;1
2019-07-17 01:50:58;25;0;8;3;0;0;0;0;0;0;1
2019-07-17 01:51:59;25;0;8;3;0;0;0;0;0;0;1
2019-07-17 01:53:00;25;0;8;3;0;0;0;0;0;0;1
2019-07-17 01:53:58;25;0;8;3;0;0;0;0;0;0;1
2019-07-17 01:54:59;25;0;8;3;0;0;0;0;0;0;1
2019-07-17 01:55:58;25;0;8;3;0;0;0;0;0;0;1
2019-07-17 01:56:59;25;0;8;3;0;0;0;0;0;0;1
2019-07-17 01:57:58;25;0;8;3;0;0;0;0;0;0;1
2019-07-17 01:58:59;25;0;8;3;0;0;0;0;0;0;1
2019-07-17 01:59:59;25;0;8;3;0;0;0;0;0;0;1
2019-07-17 02:00:58;25;0;8;3;0;0;0;0;0;0;1
2019-07-17 02:01:59;25;0;8;3;0;0;0;0;0;0;1
2019-07-17 02:02:59;25;0;8;3;0;0;0;0;0;0;1
2019-07-17 02:03:58;25;0;8;3;0;0;0;0;0;0;1
2019-07-17 02:04:59;25;0;8;3;0;0;0;0;0;0;1
2019-07-17 02:05:59;27;0;9;4;0;0;0;0;0;0;1
2019-07-17 02:06:58;27;0;9;4;0;0;0;0;0;0;1
2019-07-17 02:07:59;27;0;9;4;0;0;0;0;0;0;1
2019-07-17 02:08:59;27;0;9;4;0;0;0;0;0;0;1
2019-07-17 02:09:58;27;0;9;4;0;0;0;0;0;0;1
2019-07-17 02:10:59;27;0;9;4;0;0;0;0;0;0;1
2019-07-17 02:11:59;27;0;9;4;0;0;0;0;0;0;1
2019-07-17 02:12:58;27;0;9;4;0;0;0;0;0;0;1
2019-07-17 02:13:59;27;0;9;4;0;0;0;0;0;0;1
2019-07-17 02:14:59;27;0;9;4;0;0;0;0;0;0;1
2019-07-17 02:15:58;27;0;9;4;0;0;0;0;0;0;1
2019-07-17 02:16:59;27;0;9;4;0;0;0;0;0;0;1
2019-07-17 02:17:59;27;0;9;4;0;0;0;0;0;0;1
2019-07-17 02:18:58;27;0;9;4;0;0;0;0;0;0;1
2019-07-17 02:19:59;27;0;9;4;0;0;0;0;0;0;1
2019-07-17 02:20:58;27;0;9;4;0;0;0;0;0;0;1
2019-07-17 02:21:59;27;0;9;4;0;0;0;0;0;0;1
2019-07-17 02:22:59;27;0;9;4;0;0;0;0;0;0;1
2019-07-17 02:23:58;27;0;9;4;0;0;0;0;0;0;1
2019-07-17 02:24:59;27;0;9;4;0;0;0;0;0;0;1
2019-07-17 02:25:58;27;0;9;4;0;0;0;0;0;0;1
2019-07-17 02:26:59;27;0;9;4;0;0;0;0;0;0;1
2019-07-17 02:27:59;27;0;9;4;0;0;0;0;0;0;1
2019-07-17 02:28:58;27;0;9;4;0;0;0;0;0;0;1
2019-07-17 02:29:59;27;0;9;4;0;0;0;0;0;0;1
2019-07-17 02:30:59;28;0;10;4;0;0;0;0;0;0;1
2019-07-17 02:31:58;28;0;10;4;0;0;0;0;0;0;1
2019-07-17 02:32:59;28;0;10;4;0;0;0;0;0;0;1
2019-07-17 02:33:59;28;0;10;4;0;0;0;0;0;0;1
2019-07-17 02:34:58;28;0;10;4;0;0;0;0;0;0;1
2019-07-17 02:35:59;28;0;10;4;0;0;0;0;0;0;1
2019-07-17 02:36:58;28;0;10;4;0;0;0;0;0;0;1
2019-07-17 02:37:59;28;0;10;4;0;0;0;0;0;0;1
2019-07-17 02:38:58;28;0;10;4;0;0;0;0;0;0;1
2019-07-17 02:39:59;28;0;10;4;0;0;0;0;0;0;1
2019-07-17 02:40:59;28;0;10;4;0;0;0;0;0;0;1
2019-07-17 02:41:58;29;0;10;4;0;0;0;0;0;0;1
2019-07-17 02:42:59;29;0;10;4;0;0;0;0;0;0;1
2019-07-17 02:43:58;29;0;10;4;0;0;0;0;0;0;1
2019-07-17 02:44:59;29;0;10;4;0;0;0;0;0;0;1
2019-07-17 02:45:59;29;0;10;4;0;0;0;0;0;0;1
2019-07-17 02:46:58;29;0;10;4;0;0;0;0;0;0;1
2019-07-17 02:47:59;29;0;10;4;0;0;0;0;0;0;1
2019-07-17 02:48:59;29;0;10;4;0;0;0;0;0;0;1
2019-07-17 02:49:59;29;0;10;4;0;0;0;0;0;0;1
2019-07-17 02:50:58;30;0;10;4;1;0;0;0;0;0;1
2019-07-17 02:51:59;30;0;10;4;1;0;0;0;0;0;1
2019-07-17 02:52:58;31;0;10;4;1;0;0;0;0;0;2
2019-07-17 02:53:59;31;0;10;4;1;0;0;0;0;0;2
2019-07-17 02:54:59;31;0;10;4;1;0;0;0;0;0;2
2019-07-17 02:55:58;31;0;10;4;1;0;0;0;0;0;2
2019-07-17 02:56:59;31;0;10;4;1;0;0;0;0;0;2
2019-07-17 02:57:59;31;0;10;4;1;0;0;0;0;0;2
2019-07-17 02:58:58;31;0;10;4;1;0;0;0;0;0;2
2019-07-17 02:59:59;31;0;10;4;1;0;0;0;0;0;2
2019-07-17 03:00:59;31;0;10;4;1;0;0;0;0;0;2
2019-07-17 03:01:58;31;0;10;4;1;0;0;0;0;0;2
2019-07-17 03:02:59;31;0;10;4;1;0;0;0;0;0;2
2019-07-17 03:03:59;31;0;10;4;1;0;0;0;0;0;2
2019-07-17 03:04:58;31;0;10;4;1;0;0;0;0;0;2
2019-07-17 03:05:59;31;0;10;4;1;0;0;0;0;0;2
2019-07-17 03:06:59;31;0;10;4;1;0;0;0;0;0;2
2019-07-17 03:07:58;31;0;10;4;1;0;0;0;0;0;2
2019-07-17 03:08:59;31;0;10;4;1;0;0;0;0;0;2
2019-07-17 03:09:58;31;0;10;4;1;0;0;0;0;0;2
2019-07-17 03:10:59;31;0;10;4;1;0;0;0;0;0;2
2019-07-17 03:11:59;31;0;10;4;1;0;0;0;0;0;2
2019-07-17 03:12:58;31;0;10;4;1;0;0;0;0;0;2
2019-07-17 03:13:59;31;0;10;4;1;0;0;0;0;0;2
2019-07-17 03:14:58;31;0;10;4;1;0;0;0;0;0;2
2019-07-17 03:15:59;31;0;10;4;1;0;0;0;0;0;2
2019-07-17 03:16:58;31;0;10;4;1;0;0;0;0;0;2
2019-07-17 03:17:59;31;0;10;4;1;0;0;0;0;0;2
2019-07-17 03:18:59;32;1;10;4;1;0;0;0;0;0;2
2019-07-17 03:19:58;32;1;10;4;1;0;0;0;0;0;2
2019-07-17 03:20:59;32;1;10;4;1;0;0;0;0;0;2
2019-07-17 03:21:59;32;1;10;4;1;0;0;0;0;0;2
2019-07-17 03:22:58;32;1;10;4;1;0;0;0;0;0;2
2019-07-17 03:23:59;32;1;10;4;1;0;0;0;0;0;2
2019-07-17 03:24:58;32;1;10;4;1;0;0;0;0;0;2
2019-07-17 03:25:59;32;1;10;4;1;0;0;0;0;0;2
2019-07-17 03:26:59;32;1;10;4;1;0;0;0;0;0;2
2019-07-17 03:27:58;32;1;10;4;1;0;0;0;0;0;2
2019-07-17 03:28:59;32;1;10;4;1;0;0;0;0;0;2
2019-07-17 03:29:59;33;2;10;4;1;0;0;0;0;0;2
2019-07-17 03:30:58;33;2;10;4;1;0;0;0;0;0;2
2019-07-17 03:31:59;33;2;10;4;1;0;0;0;0;0;2
2019-07-17 03:32:59;34;3;10;4;1;0;0;0;0;0;2
2019-07-17 03:33:58;34;3;10;4;1;0;0;0;0;0;2
2019-07-17 03:34:59;34;3;10;4;1;0;0;0;0;0;2
2019-07-17 03:35:58;34;3;10;4;1;0;0;0;0;0;2
2019-07-17 03:36:59;35;4;10;4;1;0;0;0;0;0;2
2019-07-17 03:37:59;35;4;10;4;1;0;0;0;0;0;2
2019-07-17 03:38:58;35;4;10;4;1;0;0;0;0;0;2
2019-07-17 03:39:59;36;5;10;4;1;0;0;0;0;1;2
2019-07-17 03:40:59;36;5;10;4;1;0;0;0;0;1;2
2019-07-17 03:41:58;37;6;10;4;1;0;0;0;0;1;2
2019-07-17 03:42:59;37;6;10;4;1;0;0;0;0;1;2
2019-07-17 03:43:59;37;6;10;4;1;0;0;0;0;1;2
2019-07-17 03:44:58;37;6;10;4;1;0;0;0;0;1;2
2019-07-17 03:45:59;37;6;10;4;1;0;0;0;0;1;2
2019-07-17 03:46:59;37;6;10;4;1;0;0;0;0;1;2
2019-07-17 03:47:58;37;6;10;4;1;0;0;0;0;1;2
2019-07-17 03:48:59;38;7;10;4;1;0;0;0;0;1;2
2019-07-17 03:49:59;38;7;10;4;1;0;0;0;0;1;2
2019-07-17 03:50:58;38;7;10;4;1;0;0;0;0;1;2
2019-07-17 03:51:59;38;7;10;4;1;0;0;0;0;1;2
2019-07-17 03:52:59;39;7;10;4;2;0;0;0;0;0;2
2019-07-17 03:53:58;39;7;10;4;2;0;0;0;0;0;2
2019-07-17 03:54:59;39;7;10;4;2;0;0;0;0;0;2
2019-07-17 03:55:59;39;7;10;4;2;0;0;0;0;0;2
2019-07-17 03:56:58;39;7;10;4;2;0;0;0;0;0;2
2019-07-17 03:57:59;39;7;10;4;2;0;0;0;0;0;2
2019-07-17 03:58:59;40;7;11;4;2;0;0;0;0;0;2
2019-07-17 03:59:59;40;7;11;4;2;0;0;0;0;0;2
2019-07-17 04:00:58;41;8;11;4;2;0;0;0;0;0;2
2019-07-17 04:01:59;41;8;11;4;2;0;0;0;0;0;2
2019-07-17 04:02:59;42;8;12;4;2;0;0;0;0;0;2
2019-07-17 04:03:58;42;8;12;4;2;0;0;0;0;0;2
2019-07-17 04:04:59;42;8;12;4;2;0;0;0;0;0;2
2019-07-17 04:05:59;42;8;12;4;2;0;0;0;0;0;2
2019-07-17 04:06:58;42;8;12;4;2;0;0;0;0;0;2
2019-07-17 04:07:59;42;8;12;4;2;0;0;0;0;0;2
2019-07-17 04:08:59;42;8;12;4;2;0;0;0;0;0;2
2019-07-17 04:09:58;42;8;12;4;2;0;0;0;0;0;2
2019-07-17 04:10:59;42;8;12;4;2;0;0;0;0;0;2
2019-07-17 04:11:58;42;8;12;4;2;0;0;0;0;0;2
2019-07-17 04:12:59;42;8;12;4;2;0;0;0;0;0;2
2019-07-17 04:13:59;42;8;12;4;2;0;0;0;0;0;2
2019-07-17 04:14:58;42;8;12;4;2;0;0;0;0;0;2
2019-07-17 04:15:59;42;8;12;4;2;0;0;0;0;0;2
2019-07-17 04:16:59;42;8;12;4;2;0;0;0;0;0;2
2019-07-17 04:17:58;42;8;12;4;2;0;0;0;0;0;2
2019-07-17 04:18:59;42;8;12;4;2;0;0;0;0;0;2
2019-07-17 04:19:59;42;8;12;4;2;0;0;0;0;0;2
2019-07-17 04:20:58;42;8;12;4;2;0;0;0;0;0;2
2019-07-17 04:21:59;42;8;12;4;2;0;0;0;0;0;2
2019-07-17 04:22:58;42;8;12;4;2;0;0;0;0;0;2
2019-07-17 04:23:59;42;8;12;4;2;0;0;0;0;0;2
2019-07-17 04:24:59;42;8;12;4;2;0;0;0;0;0;2
2019-07-17 04:25:58;42;8;12;4;2;0;0;0;0;0;2
2019-07-17 04:26:59;42;8;12;4;2;0;0;0;0;0;2
2019-07-17 04:27:59;42;8;12;4;2;0;0;0;0;0;2
2019-07-17 04:28:58;42;8;12;4;2;0;0;0;0;0;2
2019-07-17 04:29:59;42;8;12;4;2;0;0;0;0;0;2
2019-07-17 04:30:59;42;8;12;4;2;0;0;0;0;0;2
2019-07-17 04:31:58;42;8;12;4;2;0;0;0;0;0;2
2019-07-17 04:32:59;42;8;12;4;2;0;0;0;0;0;2
2019-07-17 04:33:58;42;8;12;4;2;0;0;0;0;0;2
2019-07-17 04:34:59;42;8;12;4;2;0;0;0;0;0;2
2019-07-17 04:35:59;42;8;12;4;2;0;0;0;0;0;2
2019-07-17 04:36:58;42;8;12;4;2;0;0;0;0;0;2
2019-07-17 04:37:59;42;8;12;4;2;0;0;0;0;0;2
2019-07-17 04:38:59;42;8;12;4;2;0;0;0;0;0;2
2019-07-17 04:39:58;42;8;12;4;2;0;0;0;0;0;2
2019-07-17 04:40:59;42;8;12;4;2;0;0;0;0;0;2
2019-07-17 04:41:58;42;8;12;4;2;0;0;0;0;0;2
2019-07-17 04:42:59;42;8;12;4;2;0;0;0;0;0;2
2019-07-17 04:43:59;42;8;12;4;2;0;0;0;0;0;2
2019-07-17 04:44:58;42;8;12;4;2;0;0;0;0;0;2
2019-07-17 04:45:59;42;8;12;4;2;0;0;0;0;0;2
2019-07-17 04:46:59;42;8;12;4;2;0;0;0;0;0;2
2019-07-17 04:47:58;42;8;12;4;2;0;0;0;0;0;2
2019-07-17 04:48:59;42;8;12;4;2;0;0;0;0;0;2
2019-07-17 04:49:59;42;8;12;4;2;0;0;0;0;0;2
2019-07-17 04:50:58;42;8;12;4;2;0;0;0;0;0;2
2019-07-17 04:51:59;42;8;12;4;2;0;0;0;0;0;2
2019-07-17 04:52:59;42;8;12;4;2;0;0;0;0;0;2
2019-07-17 04:53:58;42;8;12;4;2;0;0;0;0;0;2
2019-07-17 04:54:59;42;8;12;4;2;0;0;0;0;0;2
2019-07-17 04:55:58;42;8;12;4;2;0;0;0;0;0;2
2019-07-17 04:56:59;42;8;12;4;2;0;0;0;0;0;2
2019-07-17 04:57:59;42;8;12;4;2;0;0;0;0;0;2
2019-07-17 04:58:58;42;8;12;4;2;0;0;0;0;0;2
2019-07-17 04:59:59;42;8;12;4;2;0;0;0;0;0;2
2019-07-17 05:00:59;42;8;12;4;2;0;0;0;0;0;2
2019-07-17 05:01:58;42;8;12;4;2;0;0;0;0;0;2
2019-07-17 05:02:59;42;8;12;4;2;0;0;0;0;0;2
2019-07-17 05:03:59;42;8;12;4;2;0;0;0;0;0;2
2019-07-17 05:04:58;42;8;12;4;2;0;0;0;0;0;2
2019-07-17 05:05:59;42;8;12;4;2;0;0;0;0;0;2
2019-07-17 05:06:59;42;8;12;4;2;0;0;0;0;0;2
2019-07-17 05:07:58;42;8;12;4;2;0;0;0;0;0;2
2019-07-17 05:08:59;43;8;13;4;2;0;0;0;0;0;2
2019-07-17 05:09:59;43;8;13;4;2;0;0;0;0;0;2
2019-07-17 05:10:58;43;8;13;4;2;0;0;0;0;0;2
2019-07-17 05:11:59;43;8;13;4;2;0;0;0;0;0;2
2019-07-17 05:12:59;43;8;13;4;2;0;0;0;0;0;2
2019-07-17 05:13:58;43;8;13;4;2;0;0;0;0;0;2
2019-07-17 05:14:59;43;8;13;4;2;0;0;0;0;0;2
2019-07-17 05:15:58;43;8;13;4;2;0;0;0;0;0;2
2019-07-17 05:16:59;43;8;13;4;2;0;0;0;0;0;2
2019-07-17 05:17:59;43;8;13;4;2;0;0;0;0;0;2
2019-07-17 05:18:58;43;8;13;4;2;0;0;0;0;0;2
2019-07-17 05:19:59;43;8;13;4;2;0;0;0;0;0;2
2019-07-17 05:20:58;43;8;13;4;2;0;0;0;0;0;2
2019-07-17 05:21:59;43;8;13;4;2;0;0;0;0;0;2
2019-07-17 05:22:59;43;8;13;4;2;0;0;0;0;0;2
2019-07-17 05:23:59;43;8;13;4;2;0;0;0;0;0;2
2019-07-17 05:24:58;43;8;13;4;2;0;0;0;0;0;2
2019-07-17 05:25:59;43;8;13;4;2;0;0;0;0;0;2
2019-07-17 05:26:59;43;8;13;4;2;0;0;0;0;0;2
2019-07-17 05:27:58;43;8;13;4;2;0;0;0;0;0;2
2019-07-17 05:28:59;43;8;13;4;2;0;0;0;0;0;2
2019-07-17 05:29:58;43;8;13;4;2;0;0;0;0;0;2
2019-07-17 05:30:59;43;8;13;4;2;0;0;0;0;0;2
2019-07-17 05:31:59;43;8;13;4;2;0;0;0;0;0;2
2019-07-17 05:32:58;43;8;13;4;2;0;0;0;0;0;2
2019-07-17 05:33:59;43;8;13;4;2;0;0;0;0;0;2
2019-07-17 05:34:59;43;8;13;4;2;0;0;0;0;0;2
2019-07-17 05:35:58;43;8;13;4;2;0;0;0;0;0;2
2019-07-17 05:36:59;44;8;13;5;2;0;0;0;0;0;2
2019-07-17 05:38:00;45;8;13;6;2;0;0;0;0;0;2
2019-07-17 05:38:58;45;8;13;6;2;0;0;0;0;0;2
2019-07-17 05:39:59;45;8;13;6;2;0;0;0;0;0;2
2019-07-17 05:41:00;45;8;13;6;2;0;0;0;0;0;2
2019-07-17 05:41:58;45;8;13;6;2;0;0;0;0;0;2
2019-07-17 05:42:59;45;8;13;6;2;0;0;0;0;0;2
2019-07-17 05:43:59;45;8;13;6;2;0;0;0;0;0;2
2019-07-17 05:44:58;45;8;13;6;2;0;0;0;0;0;2
2019-07-17 05:45:59;45;8;13;6;2;0;0;0;0;0;2
2019-07-17 05:46:59;45;8;13;6;2;0;0;0;0;0;2
2019-07-17 05:47:58;45;8;13;6;2;0;0;0;0;0;2
2019-07-17 05:48:59;45;8;13;6;2;0;0;0;0;0;2
2019-07-17 05:49:59;46;8;13;6;2;0;0;0;0;0;2
2019-07-17 05:50:58;46;8;13;6;2;0;0;0;0;0;2
2019-07-17 05:51:59;46;8;13;6;2;0;0;0;0;0;2
2019-07-17 05:52:58;46;8;13;6;2;0;0;0;0;0;2
2019-07-17 05:53:59;46;8;13;6;2;0;0;0;0;0;2
2019-07-17 05:54:59;46;8;13;6;2;0;0;0;0;0;2
2019-07-17 05:55:58;46;8;13;6;2;0;0;0;0;0;2
2019-07-17 05:56:59;46;8;13;6;2;0;0;0;0;0;2
2019-07-17 05:57:58;46;8;13;6;2;0;0;0;0;0;2
2019-07-17 05:58:59;46;8;13;6;2;0;0;0;0;0;2
2019-07-17 05:59:59;46;8;13;6;2;0;0;0;0;0;2
2019-07-17 06:00:58;46;8;13;6;2;0;0;0;0;0;2
2019-07-17 06:01:59;46;8;13;6;2;0;0;0;0;0;2
2019-07-17 06:02:59;46;8;13;6;2;0;0;0;0;0;2
2019-07-17 06:03:58;46;8;13;6;2;0;0;0;0;0;2
2019-07-17 06:04:59;46;8;13;6;2;0;0;0;0;0;2
2019-07-17 06:05:59;46;8;13;6;2;0;0;0;0;0;2
2019-07-17 06:06:58;46;8;13;6;2;0;0;0;0;0;2
2019-07-17 06:07:59;47;8;13;6;2;0;0;0;0;1;2
2019-07-17 06:08:58;47;8;13;6;2;0;0;0;0;1;2
2019-07-17 06:09:59;47;8;13;6;2;0;0;0;0;1;2
2019-07-17 06:10:59;47;8;13;6;2;0;0;0;0;1;2
2019-07-17 06:11:58;47;8;13;6;2;0;0;0;0;1;2
2019-07-17 06:12:59;47;8;13;6;2;0;0;0;0;1;2
2019-07-17 06:13:59;47;8;13;6;2;0;0;0;0;1;2
2019-07-17 06:14:58;47;8;13;6;2;0;0;0;0;1;2
2019-07-17 06:15:59;47;8;13;6;2;0;0;0;0;1;2
2019-07-17 06:16:59;47;8;13;6;2;0;0;0;0;1;2
2019-07-17 06:17:58;47;8;13;6;2;0;0;0;0;1;2
2019-07-17 06:18:59;47;8;13;6;2;0;0;0;0;1;2
2019-07-17 06:19:59;47;8;13;6;2;0;0;0;0;1;2
2019-07-17 06:20:58;47;8;13;6;2;0;0;0;0;1;2
2019-07-17 06:21:59;47;8;13;6;2;0;0;0;0;1;2
2019-07-17 06:22:59;47;8;13;6;2;0;0;0;0;1;2
2019-07-17 06:23:59;47;8;13;6;2;0;0;0;0;1;2
2019-07-17 06:24:58;47;8;13;6;2;0;0;0;0;1;2
2019-07-17 06:25:59;47;8;13;6;2;0;0;0;0;1;2
2019-07-17 06:26:58;47;8;13;6;2;0;0;0;0;1;2
2019-07-17 06:27:59;48;8;13;6;2;0;0;0;0;2;2
2019-07-17 06:28:59;48;8;13;6;2;0;0;0;0;2;2
2019-07-17 06:29:58;48;8;13;6;2;0;0;0;0;2;2
2019-07-17 06:30:59;48;8;13;6;2;0;0;0;0;2;2
2019-07-17 06:31:59;48;8;13;6;2;0;0;0;0;2;2
2019-07-17 06:32:58;48;8;13;6;2;0;0;0;0;2;2
2019-07-17 06:33:59;48;8;13;6;2;0;0;0;0;2;2
2019-07-17 06:34:59;48;8;13;6;2;0;0;0;0;2;2
2019-07-17 06:35:58;48;8;13;6;2;0;0;0;0;2;2
2019-07-17 06:36:59;48;8;13;6;2;0;0;0;0;2;2
2019-07-17 06:37:59;48;8;13;6;2;0;0;0;0;2;2
2019-07-17 06:38:58;48;8;13;6;2;0;0;0;0;2;2
2019-07-17 06:39:58;48;8;13;6;2;0;0;0;0;2;2
2019-07-17 06:40:58;48;8;13;6;2;0;0;0;0;2;2
2019-07-17 06:41:59;48;8;13;6;2;0;0;0;0;2;2
2019-07-17 06:42:59;48;8;13;6;2;0;0;0;0;2;2
2019-07-17 06:43:58;48;8;13;6;2;0;0;0;0;2;2
2019-07-17 06:44:59;48;8;13;6;2;0;0;0;0;2;2
2019-07-17 06:45:58;48;8;13;6;2;0;0;0;0;2;2
2019-07-17 06:46:59;48;8;13;6;2;0;0;0;0;2;2
2019-07-17 06:47:59;48;8;13;6;2;0;0;0;0;2;2
2019-07-17 06:48:58;48;8;13;6;2;0;0;0;0;2;2
2019-07-17 06:49:59;48;8;13;6;2;0;0;0;0;2;2
2019-07-17 06:50:59;48;8;13;6;2;0;0;0;0;2;2
2019-07-17 06:51:58;48;8;13;6;2;0;0;0;0;2;2
2019-07-17 06:52:59;48;8;13;6;2;0;0;0;0;2;2
2019-07-17 06:54:00;48;8;13;6;2;0;0;0;0;2;2
2019-07-17 06:54:58;48;8;13;6;2;0;0;0;0;2;2
2019-07-17 06:55:59;48;8;13;6;2;0;0;0;0;2;2
2019-07-17 06:56:58;48;8;13;6;2;0;0;0;0;2;2
2019-07-17 06:57:59;48;8;13;6;2;0;0;0;0;2;2
2019-07-17 06:59:00;48;8;13;6;2;0;0;0;0;2;2
2019-07-17 06:59:58;48;8;13;6;2;0;0;0;0;2;2
2019-07-17 07:00:59;48;8;13;6;2;0;0;0;0;2;2
2019-07-17 07:01:58;48;8;13;6;2;0;0;0;0;2;2
2019-07-17 07:02:59;48;8;13;6;2;0;0;0;0;2;2
2019-07-17 07:03:58;48;8;13;6;2;0;0;0;0;2;2
2019-07-17 07:04:59;48;8;13;6;2;0;0;0;0;2;2
2019-07-17 07:05:59;48;8;13;6;2;0;0;0;0;2;2
2019-07-17 07:06:58;48;8;13;6;2;0;0;0;0;2;2
2019-07-17 07:07:59;48;8;13;6;2;0;0;0;0;2;2
2019-07-17 07:08:59;48;8;13;6;2;0;0;0;0;2;2
2019-07-17 07:09:58;48;8;13;6;2;0;0;0;0;2;2
2019-07-17 07:10:59;48;8;13;6;2;0;0;0;0;2;2
2019-07-17 07:11:59;48;8;13;6;2;0;0;0;0;2;2
2019-07-17 07:13:00;48;8;13;6;2;0;0;0;0;2;2
2019-07-17 07:13:58;48;8;13;6;2;0;0;0;0;2;2
2019-07-17 07:14:59;48;8;13;6;2;0;0;0;0;2;2
2019-07-17 07:15:58;49;9;13;6;2;0;0;0;0;2;2
2019-07-17 07:16:59;49;9;13;6;2;0;0;0;0;2;2
2019-07-17 07:17:59;49;9;13;6;2;0;0;0;0;2;2
2019-07-17 07:18:58;49;9;13;6;2;0;0;0;0;2;2
2019-07-17 07:19:59;49;9;13;6;2;0;0;0;0;2;2
2019-07-17 07:20:58;49;9;13;6;2;0;0;0;0;2;2
2019-07-17 07:21:59;49;9;13;6;2;0;0;0;0;2;2
2019-07-17 07:22:59;49;9;13;6;2;0;0;0;0;2;2
2019-07-17 07:23:58;49;9;13;6;2;0;0;0;0;2;2
2019-07-17 07:24:59;49;9;13;6;2;0;0;0;0;2;2
2019-07-17 07:25:59;49;9;13;6;2;0;0;0;0;2;2
2019-07-17 07:26:58;49;9;13;6;2;0;0;0;0;2;2
2019-07-17 07:27:59;49;9;13;6;2;0;0;0;0;2;2
2019-07-17 07:28:59;49;9;13;6;2;0;0;0;0;2;2
2019-07-17 07:29:58;50;10;13;6;2;0;0;0;0;2;2
2019-07-17 07:30:59;50;10;13;6;2;0;0;0;0;2;2
2019-07-17 07:31:59;51;10;13;6;3;0;0;0;0;2;2
2019-07-17 07:32:58;51;10;13;6;3;0;0;0;0;2;2
2019-07-17 07:33:59;51;10;13;6;3;0;0;0;0;2;2
2019-07-17 07:34:59;51;10;13;6;3;0;0;0;0;2;2
2019-07-17 07:35:58;51;10;13;6;3;0;0;0;0;2;2
2019-07-17 07:36:59;52;10;13;6;3;0;0;0;0;2;2
2019-07-17 07:37:58;52;10;13;6;3;0;0;0;0;2;2
2019-07-17 07:38:59;52;10;13;6;3;0;0;0;0;2;2
2019-07-17 07:39:58;52;10;13;6;3;0;0;0;0;2;2
2019-07-17 07:40:59;52;10;13;6;3;0;0;0;0;2;2
2019-07-17 07:41:58;52;10;13;6;3;0;0;0;0;2;2
2019-07-17 07:42:59;52;10;13;6;3;0;0;0;0;2;2
2019-07-17 07:43:59;52;10;13;6;3;0;0;0;0;2;2
2019-07-17 07:44:58;52;10;13;6;3;0;0;0;0;2;2
2019-07-17 07:45:59;52;10;13;6;3;0;0;0;0;2;2
2019-07-17 07:46:59;52;10;13;6;3;0;0;0;0;2;2
2019-07-17 07:47:58;52;10;13;6;3;0;0;0;0;2;2
2019-07-17 07:48:59;52;10;13;6;3;0;0;0;0;2;2
2019-07-17 07:49:59;52;10;13;6;3;0;0;0;0;2;2
2019-07-17 07:50:58;52;10;13;6;3;0;0;0;0;2;2
2019-07-17 07:51:59;52;10;13;6;3;0;0;0;0;2;2
2019-07-17 07:52:59;52;10;13;6;3;0;0;0;0;2;2
2019-07-17 07:53:58;52;10;13;6;3;0;0;0;0;2;2
2019-07-17 07:54:59;52;10;13;6;3;0;0;0;0;2;2
2019-07-17 07:55:58;53;10;13;7;3;0;0;0;0;2;2
2019-07-17 07:56:59;53;10;13;7;3;0;0;0;0;2;2
2019-07-17 07:57:59;53;10;13;7;3;0;0;0;0;2;2
2019-07-17 07:58:58;53;10;13;7;3;0;0;0;0;2;2
2019-07-17 07:59:59;53;10;13;7;3;0;0;0;0;2;2
2019-07-17 08:00:59;53;10;13;7;3;0;0;0;0;2;2
2019-07-17 08:01:58;53;10;13;7;3;0;0;0;0;2;2
2019-07-17 08:02:59;53;10;13;7;3;0;0;0;0;2;2
2019-07-17 08:03:59;53;10;13;7;3;0;0;0;0;2;2
2019-07-17 08:04:58;53;10;13;7;3;0;0;0;0;2;2
2019-07-17 08:05:59;53;10;13;7;3;0;0;0;0;2;2
2019-07-17 08:06:59;53;10;13;7;3;0;0;0;0;2;2
2019-07-17 08:07:58;53;10;13;7;3;0;0;0;0;2;2
2019-07-17 08:08:59;53;10;13;7;3;0;0;0;0;2;2
2019-07-17 08:09:59;53;10;13;7;3;0;0;0;0;2;2
2019-07-17 08:10:58;53;10;13;7;3;0;0;0;0;2;2
2019-07-17 08:11:59;53;10;13;7;3;0;0;0;0;2;2
2019-07-17 08:12:58;53;10;13;7;3;0;0;0;0;2;2
2019-07-17 08:13:59;53;10;13;7;3;0;0;0;0;2;2
2019-07-17 08:14:59;53;10;13;7;3;0;0;0;0;2;2
2019-07-17 08:15:58;53;10;13;7;3;0;0;0;0;2;2
2019-07-17 08:16:59;53;10;13;7;3;0;0;0;0;2;2
2019-07-17 08:17:59;53;10;13;7;3;0;0;0;0;2;2
2019-07-17 08:18:59;53;10;13;7;3;0;0;0;0;2;2
2019-07-17 08:19:58;53;10;13;7;3;0;0;0;0;2;2
2019-07-17 08:20:59;53;10;13;7;3;0;0;0;0;2;2
2019-07-17 08:21:59;53;10;13;7;3;0;0;0;0;2;2
2019-07-17 08:22:58;53;10;13;7;3;0;0;0;0;2;2
2019-07-17 08:23:59;53;10;13;7;3;0;0;0;0;2;2
2019-07-17 08:25:00;53;10;13;7;3;0;0;0;0;2;2
2019-07-17 08:25:58;53;10;13;7;3;0;0;0;0;2;2
2019-07-17 08:26:59;53;10;13;7;3;0;0;0;0;2;2
2019-07-17 08:27:58;53;10;13;7;3;0;0;0;0;2;2
2019-07-17 08:28:59;53;10;13;7;3;0;0;0;0;2;2
2019-07-17 08:29:59;53;10;13;7;3;0;0;0;0;2;2
2019-07-17 08:30:58;53;10;13;7;3;0;0;0;0;2;2
2019-07-17 08:31:59;53;10;13;7;3;0;0;0;0;2;2
2019-07-17 08:32:59;53;10;13;7;3;0;0;0;0;2;2
2019-07-17 08:33:58;53;10;13;7;3;0;0;0;0;2;2
2019-07-17 08:34:59;53;10;13;7;3;0;0;0;0;2;2
2019-07-17 08:35:59;53;10;13;7;3;0;0;0;0;2;2
2019-07-17 08:36:58;53;10;13;7;3;0;0;0;0;2;2
2019-07-17 08:37:59;53;10;13;7;3;0;0;0;0;2;2
2019-07-17 08:38:59;53;10;13;7;3;0;0;0;0;2;2
2019-07-17 08:39:58;53;10;13;7;3;0;0;0;0;2;2
2019-07-17 08:40:59;53;10;13;7;3;0;0;0;0;2;2
2019-07-17 08:41:58;53;10;13;7;3;0;0;0;0;2;2
2019-07-17 08:42:59;53;10;13;7;3;0;0;0;0;2;2
2019-07-17 08:43:59;53;10;13;7;3;0;0;0;0;2;2
2019-07-17 08:44:58;54;10;13;7;4;0;0;0;0;2;2
2019-07-17 08:45:59;54;10;13;7;4;0;0;0;0;2;2
2019-07-17 08:46:59;54;10;13;7;4;0;0;0;0;2;2
2019-07-17 08:47:58;54;10;13;7;4;0;0;0;0;2;2
2019-07-17 08:48:59;54;10;13;7;4;0;0;0;0;2;2
2019-07-17 08:49:59;54;10;13;7;4;0;0;0;0;2;2
2019-07-17 08:50:58;54;10;13;7;4;0;0;0;0;2;2
2019-07-17 08:51:59;54;10;13;7;4;0;0;0;0;2;2
2019-07-17 08:52:59;54;10;13;7;4;0;0;0;0;2;2
2019-07-17 08:53:58;54;10;13;7;4;0;0;0;0;2;2
2019-07-17 08:54:59;54;10;13;7;4;0;0;0;0;2;2
2019-07-17 08:55:59;54;10;13;7;4;0;0;0;0;2;2
2019-07-17 08:56:58;54;10;13;7;4;0;0;0;0;2;2
2019-07-17 08:57:59;54;10;13;7;4;0;0;0;0;2;2
2019-07-17 08:58:58;54;10;13;7;4;0;0;0;0;2;2
2019-07-17 08:59:59;54;10;13;7;4;0;0;0;0;2;2
2019-07-17 09:00:59;54;10;13;7;4;0;0;0;0;2;2
2019-07-17 09:01:58;54;10;13;7;4;0;0;0;0;2;2
2019-07-17 09:02:59;55;10;13;7;4;0;0;0;0;2;2
2019-07-17 09:03:59;55;10;13;7;4;0;0;0;0;2;2
2019-07-17 09:04:58;55;10;13;7;4;0;0;0;0;2;2
2019-07-17 09:05:59;56;10;13;7;4;0;0;0;0;2;2
2019-07-17 09:06:59;56;10;13;7;4;0;0;0;0;2;2
2019-07-17 09:07:58;56;10;13;7;4;0;0;0;0;2;2
2019-07-17 09:08:59;56;10;13;7;4;0;0;0;0;2;2
2019-07-17 09:09:58;56;10;13;7;4;0;0;0;0;2;2
2019-07-17 09:10:59;56;10;13;7;4;0;0;0;0;2;2
2019-07-17 09:11:59;58;10;13;7;4;0;0;0;0;2;2
2019-07-17 09:12:58;58;10;13;7;4;0;0;0;0;2;2
2019-07-17 09:13:59;58;10;13;7;4;0;0;0;0;2;2
2019-07-17 09:14:59;58;10;13;7;4;0;0;0;0;2;2
2019-07-17 09:15:58;58;10;13;7;4;0;0;0;0;2;2
2019-07-17 09:16:59;59;10;13;8;4;0;0;0;0;2;2
2019-07-17 09:17:58;59;10;13;8;4;0;0;0;0;2;2
2019-07-17 09:18:59;59;10;13;8;4;0;0;0;0;2;2
2019-07-17 09:19:59;59;10;13;8;4;0;0;0;0;2;2
2019-07-17 09:20:58;59;10;13;8;4;0;0;0;0;2;2
2019-07-17 09:21:59;59;10;13;8;4;0;0;0;0;2;2
2019-07-17 09:22:58;59;10;13;8;4;0;0;0;0;2;2
2019-07-17 09:23:59;59;10;13;8;4;0;0;0;0;2;2
2019-07-17 09:24:59;59;10;13;8;4;0;0;0;0;2;2
2019-07-17 09:25:58;59;10;13;8;4;0;0;0;0;2;2
2019-07-17 09:26:59;59;10;13;8;4;0;0;0;0;2;2
2019-07-17 09:27:59;59;10;13;8;4;0;0;0;0;2;2
2019-07-17 09:28:58;59;10;13;8;4;0;0;0;0;2;2
2019-07-17 09:29:59;59;10;13;8;4;0;0;0;0;2;2
2019-07-17 09:30:59;59;10;13;8;4;0;0;0;0;2;2
2019-07-17 09:31:58;59;10;13;8;4;0;0;0;0;2;2
2019-07-17 09:32:59;59;10;13;8;4;0;0;0;0;2;2
2019-07-17 09:33:59;59;10;13;8;4;0;0;0;0;2;2
2019-07-17 09:34:58;60;11;13;8;4;0;0;0;0;2;2
2019-07-17 09:35:59;60;11;13;8;4;0;0;0;0;2;2
2019-07-17 09:36:58;60;11;13;8;4;0;0;0;0;2;2
2019-07-17 09:37:59;60;11;13;8;4;0;0;0;0;2;2
2019-07-17 09:38:59;60;11;13;8;4;0;0;0;0;2;2
2019-07-17 09:39:58;60;11;13;8;4;0;0;0;0;2;2
2019-07-17 09:40:59;60;11;13;8;4;0;0;0;0;2;2
2019-07-17 09:41:59;60;11;13;8;4;0;0;0;0;2;2
2019-07-17 09:42:58;60;11;13;8;4;0;0;0;0;2;2
2019-07-17 09:43:59;60;11;13;8;4;0;0;0;0;2;2
2019-07-17 09:44:59;60;11;13;8;4;0;0;0;0;2;2
2019-07-17 09:45:58;60;11;13;8;4;0;0;0;0;2;2
2019-07-17 09:46:59;60;11;13;8;4;0;0;0;0;2;2
2019-07-17 09:47:59;60;11;13;8;4;0;0;0;0;2;2
2019-07-17 09:48:58;60;11;13;8;4;0;0;0;0;2;2
2019-07-17 09:49:59;60;11;13;8;4;0;0;0;0;2;2
2019-07-17 09:50:59;60;11;13;8;4;0;0;0;0;2;2
2019-07-17 09:51:58;60;11;13;8;4;0;0;0;0;2;2
2019-07-17 09:52:59;60;11;13;8;4;0;0;0;0;2;2
2019-07-17 09:53:58;60;11;13;8;4;0;0;0;0;2;2
2019-07-17 09:54:59;60;11;13;8;4;0;0;0;0;2;2
2019-07-17 09:55:59;60;11;13;8;4;0;0;0;0;2;2
2019-07-17 09:56:59;60;11;13;8;4;0;0;0;0;2;2
2019-07-17 09:57:58;60;11;13;8;4;0;0;0;0;2;2
2019-07-17 09:58:59;60;11;13;8;4;0;0;0;0;2;2
2019-07-17 09:59:59;60;11;13;8;4;0;0;0;0;2;2
2019-07-17 10:00:58;60;11;13;8;4;0;0;0;0;2;2
2019-07-17 10:01:59;60;11;13;8;4;0;0;0;0;2;2
2019-07-17 10:02:58;60;11;13;8;4;0;0;0;0;2;2
2019-07-17 10:03:59;60;11;13;8;4;0;0;0;0;2;2
2019-07-17 10:04:59;60;11;13;8;4;0;0;0;0;2;2
2019-07-17 10:05:58;60;11;13;8;4;0;0;0;0;2;2
2019-07-17 10:06:59;60;11;13;8;4;0;0;0;0;2;2
2019-07-17 10:07:59;60;11;13;8;4;0;0;0;0;2;2
2019-07-17 10:08:58;60;11;13;8;4;0;0;0;0;2;2
2019-07-17 10:09:59;60;11;13;8;4;0;0;0;0;2;2
2019-07-17 10:11:00;60;11;13;8;4;0;0;0;0;2;2
2019-07-17 10:11:58;60;11;13;8;4;0;0;0;0;2;2
2019-07-17 10:12:59;60;11;13;8;4;0;0;0;0;2;2
2019-07-17 10:13:59;60;11;13;8;4;0;0;0;0;2;2
2019-07-17 10:14:59;60;11;13;8;4;0;0;0;0;2;2
2019-07-17 10:15:58;60;11;13;8;4;0;0;0;0;2;2
2019-07-17 10:16:59;60;11;13;8;4;0;0;0;0;2;2
2019-07-17 10:17:59;60;11;13;8;4;0;0;0;0;2;2
2019-07-17 10:18:58;60;11;13;8;4;0;0;0;0;2;2
2019-07-17 10:19:59;60;11;13;8;4;0;0;0;0;2;2
2019-07-17 10:20:58;60;11;13;8;4;0;0;0;0;2;2
2019-07-17 10:21:59;60;11;13;8;4;0;0;0;0;2;2
2019-07-17 10:22:59;59;10;13;8;4;0;0;0;0;2;2
2019-07-17 10:23:58;59;10;13;8;4;0;0;0;0;2;2
2019-07-17 10:24:59;59;10;13;8;4;0;0;0;0;2;2
2019-07-17 10:25:59;59;10;13;8;4;0;0;0;0;2;2
2019-07-17 10:26:58;59;10;13;8;4;0;0;0;0;2;2
2019-07-17 10:27:59;59;10;13;8;4;0;0;0;0;2;2
2019-07-17 10:28:59;59;10;13;8;4;0;0;0;0;2;2
2019-07-17 10:29:58;59;10;13;8;4;0;0;0;0;2;2
2019-07-17 10:30:59;59;10;13;8;4;0;0;0;0;2;2
2019-07-17 10:31:59;59;10;13;8;4;0;0;0;0;2;2
2019-07-17 10:32:58;59;10;13;8;4;0;0;0;0;2;2
2019-07-17 10:33:59;59;10;13;8;4;0;0;0;0;2;2
2019-07-17 10:34:59;59;10;13;8;4;0;0;0;0;2;2
2019-07-17 10:35:58;59;10;13;8;4;0;0;0;0;2;2
2019-07-17 10:36:59;59;10;13;8;4;0;0;0;0;2;2
2019-07-17 10:37:59;59;10;13;8;4;0;0;0;0;2;2
2019-07-17 10:38:58;59;10;13;8;4;0;0;0;0;2;2
2019-07-17 10:39:59;59;10;13;8;4;0;0;0;0;2;2
2019-07-17 10:40:59;59;10;13;8;4;0;0;0;0;2;2
2019-07-17 10:41:58;59;10;13;8;4;0;0;0;0;2;2
2019-07-17 10:42:59;59;10;13;8;4;0;0;0;0;2;2
2019-07-17 10:43:59;59;10;13;8;4;0;0;0;0;2;2
2019-07-17 10:44:58;59;10;13;8;4;0;0;0;0;2;2
2019-07-17 10:45:59;59;10;13;8;4;0;0;0;0;2;2
2019-07-17 10:46:59;59;10;13;8;4;0;0;0;0;2;2
2019-07-17 10:47:58;59;10;13;8;4;0;0;0;0;2;2
2019-07-17 10:48:59;59;10;13;8;4;0;0;0;0;2;2
2019-07-17 10:49:59;60;10;13;8;4;0;0;0;0;2;3
2019-07-17 10:50:58;60;10;13;8;4;0;0;0;0;2;3
2019-07-17 10:51:59;60;10;13;8;4;0;0;0;0;2;3
2019-07-17 10:52:59;61;10;13;8;4;0;0;0;0;2;3
2019-07-17 10:53:58;61;10;13;8;4;0;0;0;0;2;3
2019-07-17 10:54:59;61;10;13;8;4;0;0;0;0;2;3
2019-07-17 10:55:58;61;10;13;8;4;0;0;0;0;2;3
2019-07-17 10:56:59;61;10;13;8;4;0;0;0;0;2;3
2019-07-17 10:57:59;62;10;13;8;4;0;0;0;0;2;3
2019-07-17 10:58:58;62;10;13;8;4;0;0;0;0;2;3
2019-07-17 10:59:59;62;10;13;8;4;0;0;0;0;2;3
2019-07-17 11:00:59;62;10;13;8;4;0;0;0;0;2;3
2019-07-17 11:01:58;62;10;13;8;4;0;0;0;0;2;3
2019-07-17 11:03:00;62;10;13;8;4;0;0;0;0;2;3
2019-07-17 11:03:59;62;10;13;8;4;0;0;0;0;2;3
2019-07-17 11:04:59;62;10;13;8;4;0;0;0;0;2;3
2019-07-17 11:05:58;62;10;13;8;4;0;0;0;0;2;3
2019-07-17 11:06:59;62;10;13;8;4;0;0;0;0;2;3
2019-07-17 11:07:59;62;10;13;8;4;0;0;0;0;2;3
2019-07-17 11:08:58;62;10;13;8;4;0;0;0;0;2;3
2019-07-17 11:09:59;62;10;13;8;4;0;0;0;0;2;3
2019-07-17 11:10:59;62;10;13;8;4;0;0;0;0;2;3
2019-07-17 11:11:58;62;10;13;8;4;0;0;0;0;2;3
2019-07-17 11:12:59;62;10;13;8;4;0;0;0;0;2;3
2019-07-17 11:13:59;62;10;13;8;4;0;0;0;0;2;3
2019-07-17 11:14:58;62;10;13;8;4;0;0;0;0;2;3
2019-07-17 11:15:59;62;10;13;8;4;0;0;0;0;2;3
2019-07-17 11:16:59;62;10;13;8;4;0;0;0;0;2;3
2019-07-17 11:17:58;62;10;13;8;4;0;0;0;0;2;3
2019-07-17 11:18:59;63;11;13;8;4;0;0;0;0;2;3
2019-07-17 11:19:58;63;11;13;8;4;0;0;0;0;2;3
2019-07-17 11:20:59;63;11;13;8;4;0;0;0;0;2;3
2019-07-17 11:21:59;63;11;13;8;4;0;0;0;0;2;3
2019-07-17 11:22:58;63;11;13;8;4;0;0;0;0;2;3
2019-07-17 11:23:59;63;11;13;8;4;0;0;0;0;2;3
2019-07-17 11:24:59;63;11;13;8;4;0;0;0;0;2;3
2019-07-17 11:25:58;63;11;13;8;4;0;0;0;0;2;3
2019-07-17 11:26:59;63;11;13;8;4;0;0;0;0;2;3
2019-07-17 11:27:59;63;11;13;8;4;0;0;0;0;2;3
2019-07-17 11:28:58;63;11;13;8;4;0;0;0;0;2;3
2019-07-17 11:29:59;63;11;13;8;4;0;0;0;0;2;3
2019-07-17 11:30:59;63;11;13;9;4;0;0;0;0;2;3
2019-07-17 11:31:58;63;11;13;9;4;0;0;0;0;2;3
2019-07-17 11:32:59;63;11;13;10;4;0;0;0;0;2;3
2019-07-17 11:33:59;63;11;13;10;4;0;0;0;0;2;3
2019-07-17 11:34:58;63;11;13;10;4;0;0;0;0;2;3
2019-07-17 11:35:59;63;11;13;10;4;0;0;0;0;2;3
2019-07-17 11:36:59;64;11;13;11;4;0;0;0;0;2;3
2019-07-17 11:37:58;65;11;14;11;4;0;0;0;0;2;3
2019-07-17 11:38:59;65;11;14;11;4;0;0;0;0;2;3
2019-07-17 11:39:58;65;11;14;11;4;0;0;0;0;2;3
2019-07-17 11:40:59;65;11;14;11;4;0;0;0;0;2;3
2019-07-17 11:41:59;65;11;14;11;4;0;0;0;0;2;3
2019-07-17 11:42:58;65;11;14;11;4;0;0;0;0;2;3
2019-07-17 11:43:59;65;11;14;11;4;0;0;0;0;2;3
2019-07-17 11:44:59;67;11;15;12;4;0;0;0;0;2;3
2019-07-17 11:45:58;67;11;15;12;4;0;0;0;0;2;3
2019-07-17 11:46:59;67;11;15;12;4;0;0;0;0;2;3
2019-07-17 11:47:59;67;11;15;12;4;0;0;0;0;2;3
2019-07-17 11:48:59;67;11;15;12;4;0;0;0;0;2;3
2019-07-17 11:49:58;67;11;15;12;4;0;0;0;0;2;3
2019-07-17 11:50:59;67;11;15;12;4;0;0;0;0;2;3
2019-07-17 11:51:58;67;11;15;12;4;0;0;0;0;2;3
2019-07-17 11:52:59;67;11;15;12;4;0;0;0;0;2;3
2019-07-17 11:53:59;67;11;15;12;4;0;0;0;0;2;3
2019-07-17 11:54:58;68;12;15;12;4;0;0;0;0;2;3
2019-07-17 11:55:59;68;12;15;12;4;0;0;0;0;2;3
2019-07-17 11:56:59;68;12;15;12;4;0;0;0;0;2;3
2019-07-17 11:57:58;68;12;15;12;4;0;0;0;0;2;3
2019-07-17 11:58:59;68;12;15;12;4;0;0;0;0;2;3
2019-07-17 11:59:59;68;12;15;12;4;0;0;0;0;2;3
2019-07-17 12:00:58;68;12;15;12;4;0;0;0;0;2;3
2019-07-17 12:01:59;69;12;15;12;5;0;0;0;0;2;3
2019-07-17 12:02:58;69;12;15;12;5;0;0;0;0;2;3
2019-07-17 12:03:59;69;12;15;12;5;0;0;0;0;2;3
2019-07-17 12:04:58;69;12;15;12;5;0;0;0;0;2;3
2019-07-17 12:05:59;69;12;15;12;5;0;0;0;0;2;3
2019-07-17 12:06:59;69;12;15;12;5;0;0;0;0;2;3
2019-07-17 12:07:58;69;12;15;12;5;0;0;0;0;2;3
2019-07-17 12:08:59;69;12;15;12;5;0;0;0;0;2;3
2019-07-17 12:09:58;69;12;15;12;5;0;0;0;0;2;3
2019-07-17 12:10:59;69;12;15;12;5;0;0;0;0;2;3
2019-07-17 12:11:59;69;12;15;12;5;0;0;0;0;2;3
2019-07-17 12:12:58;69;12;15;12;5;0;0;0;0;2;3
2019-07-17 12:13:59;69;12;15;12;5;0;0;0;0;2;3
2019-07-17 12:14:59;70;12;15;13;5;0;0;0;0;2;3
2019-07-17 12:15:58;70;12;15;13;5;0;0;0;0;2;3
2019-07-17 12:16:59;70;12;15;13;5;0;0;0;0;2;3
2019-07-17 12:17:58;71;12;15;13;5;0;0;0;0;2;3
2019-07-17 12:18:59;72;12;15;13;6;0;0;0;0;2;3
2019-07-17 12:19:59;72;12;15;13;6;0;0;0;0;2;3
2019-07-17 12:20:58;72;12;15;13;6;0;0;0;0;2;3
2019-07-17 12:21:59;72;12;15;13;6;0;0;0;0;2;3
2019-07-17 12:22:59;72;12;15;13;6;0;0;0;0;2;3
2019-07-17 12:23:58;73;12;15;13;7;0;0;0;0;2;3
2019-07-17 12:24:59;73;12;15;13;7;0;0;0;0;2;3
2019-07-17 12:25:59;73;12;15;13;7;0;0;0;0;2;3
2019-07-17 12:26:58;73;12;15;13;7;0;0;0;0;2;3
2019-07-17 12:27:59;73;12;15;13;7;0;0;0;0;2;3
2019-07-17 12:28:59;73;12;15;13;7;0;0;0;0;2;3
2019-07-17 12:29:58;73;12;15;13;7;0;0;0;0;2;3
2019-07-17 12:30:59;73;12;15;13;7;0;0;0;0;2;3
2019-07-17 12:31:59;74;12;15;14;7;0;0;0;0;2;3
2019-07-17 12:32:58;74;12;15;14;7;0;0;0;0;2;3
2019-07-17 12:33:59;75;12;15;15;7;0;0;0;0;2;3
2019-07-17 12:34:59;76;12;16;16;6;0;0;0;0;2;3
2019-07-17 12:35:58;76;12;16;16;6;0;0;0;0;2;3
2019-07-17 12:36:59;76;12;16;16;6;0;0;0;0;2;3
2019-07-17 12:37:58;76;12;16;16;6;0;0;0;0;2;3
2019-07-17 12:38:59;76;12;16;16;6;0;0;0;0;2;3
2019-07-17 12:39:59;76;12;16;16;6;0;0;0;0;2;3
2019-07-17 12:40:58;76;12;16;16;6;0;0;0;0;2;3
2019-07-17 12:41:59;76;12;16;16;6;0;0;0;0;2;3
2019-07-17 12:42:59;76;12;16;16;6;0;0;0;0;2;3
2019-07-17 12:43:58;76;12;16;16;6;0;0;0;0;2;3
2019-07-17 12:44:59;76;12;16;16;6;0;0;0;0;2;3
2019-07-17 12:45:59;76;12;16;16;6;0;0;0;0;2;3
2019-07-17 12:46:58;76;12;16;16;6;0;0;0;0;2;3
2019-07-17 12:47:59;76;12;16;16;6;0;0;0;0;2;3
2019-07-17 12:48:59;77;13;17;16;6;0;0;0;0;2;3
2019-07-17 12:49:58;77;13;17;16;6;0;0;0;0;2;3
2019-07-17 12:50:59;77;13;17;16;6;0;0;0;0;2;3
2019-07-17 12:51:59;77;13;17;16;6;0;0;0;0;2;3
2019-07-17 12:52:58;77;13;17;16;6;0;0;0;0;2;3
2019-07-17 12:53:59;77;13;17;16;6;0;0;0;0;2;3
2019-07-17 12:55:00;77;13;17;16;6;0;0;0;0;2;3
2019-07-17 12:55:58;77;13;17;16;6;0;0;0;0;2;3
2019-07-17 12:56:59;77;13;17;16;6;0;0;0;0;2;3
2019-07-17 12:57:59;78;13;18;16;6;0;0;0;0;2;3
2019-07-17 12:58:58;78;13;18;16;6;0;0;0;0;2;3
2019-07-17 12:59:59;78;13;18;16;6;0;0;0;0;2;3
2019-07-17 13:00:59;78;13;18;16;6;0;0;0;0;2;3
2019-07-17 13:01:59;78;13;18;16;6;0;0;0;0;2;3
2019-07-17 13:02:58;78;13;18;16;6;0;0;0;0;2;3
2019-07-17 13:03:59;78;13;18;16;6;0;0;0;0;2;3
2019-07-17 13:04:59;78;13;18;16;6;0;0;0;0;2;3
2019-07-17 13:05:58;78;13;18;16;6;0;0;0;0;2;3
2019-07-17 13:06:59;78;13;18;16;6;0;0;0;0;2;3
2019-07-17 13:07:59;78;13;18;16;6;0;0;0;0;2;3
2019-07-17 13:08:58;78;13;18;16;6;0;0;0;0;2;3
2019-07-17 13:09:59;78;13;18;16;6;0;0;0;0;2;3
2019-07-17 13:10:58;78;13;18;16;6;0;0;0;0;2;3
2019-07-17 13:11:59;78;13;18;16;6;0;0;0;0;2;3
2019-07-17 13:12:59;78;13;18;16;6;0;0;0;0;2;3
2019-07-17 13:13:58;78;13;18;16;6;0;0;0;0;2;3
2019-07-17 13:14:59;78;13;18;16;6;0;0;0;0;2;3
2019-07-17 13:15:58;78;13;18;16;6;0;0;0;0;2;3
2019-07-17 13:16:59;78;13;18;16;6;0;0;0;0;2;3
2019-07-17 13:17:59;79;13;18;16;7;0;0;0;0;2;3
2019-07-17 13:18:58;79;13;18;16;7;0;0;0;0;2;3
2019-07-17 13:19:59;79;13;18;16;7;0;0;0;0;2;3
2019-07-17 13:20:59;79;13;18;16;7;0;0;0;0;2;3
2019-07-17 13:21:59;79;13;18;16;7;0;0;0;0;2;3
2019-07-17 13:22:59;79;13;18;16;7;0;0;0;0;2;3
2019-07-17 13:23:59;79;13;18;16;7;0;0;0;0;2;3
2019-07-17 13:24:58;80;13;18;17;7;0;0;0;0;2;3
2019-07-17 13:25:59;80;13;18;17;7;0;0;0;0;2;3
2019-07-17 13:26:59;80;13;18;17;7;0;0;0;0;2;3
2019-07-17 13:27:58;80;13;18;17;7;0;0;0;0;2;3
2019-07-17 13:28:59;80;13;18;17;7;0;0;0;0;2;3
2019-07-17 13:29:59;80;13;18;17;7;0;0;0;0;2;3
2019-07-17 13:30:58;80;13;18;17;7;0;0;0;0;2;3
2019-07-17 13:31:59;80;13;18;17;7;0;0;0;0;2;3
2019-07-17 13:32:59;80;13;18;17;7;0;0;0;0;2;3
2019-07-17 13:33:58;80;13;18;17;7;0;0;0;0;2;3
2019-07-17 13:34:59;80;13;18;17;7;0;0;0;0;2;3
2019-07-17 13:35:59;80;13;18;17;7;0;0;0;0;2;3
2019-07-17 13:36:58;80;13;18;17;7;0;0;0;0;2;3
2019-07-17 13:37:59;80;13;18;17;7;0;0;0;0;2;3
2019-07-17 13:38:59;80;13;18;17;7;0;0;0;0;2;4
2019-07-17 13:39:58;80;13;18;17;7;0;0;0;0;2;4
2019-07-17 13:40:59;80;13;18;17;7;0;0;0;0;2;4
2019-07-17 13:41:58;80;13;18;17;7;0;0;0;0;2;4
2019-07-17 13:42:59;80;13;18;17;7;0;0;0;0;2;4
2019-07-17 13:43:58;80;13;18;17;7;0;0;0;0;2;4
2019-07-17 13:44:59;81;13;18;17;7;0;0;0;0;2;4
2019-07-17 13:45:59;81;13;18;17;7;0;0;0;0;2;4
2019-07-17 13:46:58;81;13;18;17;7;0;0;0;0;2;4
2019-07-17 13:47:59;81;13;18;17;7;0;0;0;0;2;4
2019-07-17 13:48:59;82;13;18;17;8;0;0;0;0;2;4
2019-07-17 13:49:58;82;13;18;17;8;0;0;0;0;2;4
2019-07-17 13:50:59;82;13;18;17;8;0;0;0;0;2;4
2019-07-17 13:51:59;83;14;18;17;8;0;0;0;0;2;4
2019-07-17 13:52:58;83;14;18;17;8;0;0;0;0;2;4
2019-07-17 13:53:59;84;14;18;17;9;0;0;0;0;2;4
2019-07-17 13:54:59;84;14;18;17;9;0;0;0;0;2;4
2019-07-17 13:55:58;85;14;18;18;9;0;0;0;0;2;4
2019-07-17 13:56:59;85;14;18;18;9;0;0;0;0;2;4
2019-07-17 13:57:58;85;14;18;18;9;0;0;0;0;2;4
2019-07-17 13:58:59;85;14;18;18;9;0;0;0;0;2;4
2019-07-17 13:59:59;86;14;18;19;9;0;0;0;0;2;4
2019-07-17 14:00:58;86;14;18;19;9;0;0;0;0;2;4
2019-07-17 14:01:59;86;14;18;19;9;0;0;0;0;2;4
2019-07-17 14:02:59;86;14;18;19;9;0;0;0;0;2;4
2019-07-17 14:03:58;86;14;18;19;9;0;0;0;0;2;4
2019-07-17 14:04:59;86;14;18;19;9;0;0;0;0;2;4
2019-07-17 14:05:59;86;14;18;19;9;0;0;0;0;2;4
2019-07-17 14:06:58;86;14;18;19;9;0;0;0;0;2;4
2019-07-17 14:07:59;86;14;18;19;9;0;0;0;0;2;4
2019-07-17 14:08:58;87;15;18;19;9;0;0;0;0;2;4
2019-07-17 14:09:59;87;15;18;19;9;0;0;0;0;2;4
2019-07-17 14:10:59;87;15;18;19;9;0;0;0;0;2;4
2019-07-17 14:11:58;87;15;18;19;9;0;0;0;0;2;4
2019-07-17 14:12:59;87;15;18;19;9;0;0;0;0;2;4
2019-07-17 14:13:59;88;16;18;19;9;0;0;0;0;2;4
2019-07-17 14:14:58;88;16;18;19;9;0;0;0;0;2;4
2019-07-17 14:15:59;89;17;18;19;9;0;0;0;0;2;4
2019-07-17 14:16:59;89;17;18;19;9;0;0;0;0;2;4
2019-07-17 14:17:58;89;17;18;19;9;0;0;0;0;2;4
2019-07-17 14:18:59;89;17;18;19;9;0;0;0;0;2;4
2019-07-17 14:19:58;89;17;18;19;9;0;0;0;0;2;4
2019-07-17 14:20:59;89;17;18;19;9;0;0;0;0;2;4
2019-07-17 14:21:59;89;17;18;19;9;0;0;0;0;2;4
2019-07-17 14:22:58;89;17;18;19;9;0;0;0;0;2;4
2019-07-17 14:23:59;89;17;18;19;9;0;0;0;0;2;4
2019-07-17 14:24:59;89;17;18;19;9;0;0;0;0;2;4
2019-07-17 14:26:00;89;17;18;19;9;0;0;0;0;2;4
2019-07-17 14:26:58;90;17;18;20;9;0;0;0;0;2;4
2019-07-17 14:27:59;90;17;18;20;9;0;0;0;0;2;4
2019-07-17 14:28:59;91;17;18;21;9;0;0;0;0;2;4
2019-07-17 14:29:58;91;17;18;21;9;0;0;0;0;2;4
2019-07-17 14:30:59;91;17;18;21;9;0;0;0;0;2;4
2019-07-17 14:31:59;92;18;18;21;9;0;0;0;0;2;4
2019-07-17 14:32:58;92;18;18;21;9;0;0;0;0;2;4
2019-07-17 14:33:59;93;18;18;22;9;0;0;0;0;2;4
2019-07-17 14:34:58;93;18;18;22;9;0;0;0;0;2;4
2019-07-17 14:35:59;93;18;18;22;9;0;0;0;0;2;4
2019-07-17 14:36:58;93;18;18;22;9;0;0;0;0;2;4
2019-07-17 14:37:59;94;19;18;22;9;0;0;0;0;2;4
2019-07-17 14:38:58;94;19;18;22;9;0;0;0;0;2;4
2019-07-17 14:39:59;94;19;18;22;9;0;0;0;0;2;4
2019-07-17 14:40:59;94;19;18;22;9;0;0;0;0;2;4
2019-07-17 14:41:58;94;19;18;22;9;0;0;0;0;2;4
2019-07-17 14:42:59;95;20;18;22;9;0;0;0;0;2;4
2019-07-17 14:43:59;95;20;18;22;9;0;0;0;0;2;4
2019-07-17 14:44:58;97;20;18;23;9;0;0;0;0;3;4
2019-07-17 14:45:59;98;21;18;23;9;0;0;0;0;3;4
2019-07-17 14:46:59;98;21;18;23;9;0;0;0;0;3;4
2019-07-17 14:47:58;99;22;18;23;9;0;0;0;0;3;4
2019-07-17 14:48:59;99;22;18;23;9;0;0;0;0;3;4
2019-07-17 14:49:59;101;23;18;24;9;0;0;0;0;3;4
2019-07-17 14:50:58;101;23;18;24;9;0;0;0;0;3;4
2019-07-17 14:51:59;101;23;18;24;9;0;0;0;0;3;4
2019-07-17 14:52:59;102;24;18;24;9;0;0;0;0;3;4
2019-07-17 14:53:58;102;24;18;24;9;0;0;0;0;3;4
2019-07-17 14:54:59;102;24;18;24;9;0;0;0;0;3;4
2019-07-17 14:55:59;102;24;18;24;9;0;0;0;0;3;4
2019-07-17 14:56:58;102;24;18;24;9;0;0;0;0;3;4
2019-07-17 14:57:59;103;25;18;24;9;0;0;0;0;3;4
2019-07-17 14:58:59;103;25;18;24;9;0;0;0;0;3;4
2019-07-17 14:59:58;103;25;18;24;9;0;0;0;0;3;4
2019-07-17 15:00:59;104;25;19;24;9;0;0;0;0;3;4
2019-07-17 15:01:59;104;25;19;24;9;0;0;0;0;3;4
2019-07-17 15:02:58;105;26;19;24;9;0;0;0;0;3;4
2019-07-17 15:03:59;106;26;19;24;10;0;0;0;0;3;4
2019-07-17 15:04:59;106;26;19;24;10;0;0;0;0;3;4
2019-07-17 15:05:58;106;26;19;24;10;0;0;0;0;3;4
2019-07-17 15:06:59;106;26;19;24;10;0;0;0;0;3;4
2019-07-17 15:07:59;107;27;19;24;10;0;0;0;0;3;4
2019-07-17 15:08:58;107;27;19;24;10;0;0;0;0;3;4
2019-07-17 15:09:59;107;27;19;24;10;0;0;0;0;3;4
2019-07-17 15:10:58;107;27;19;24;10;0;0;0;0;3;4
2019-07-17 15:11:59;107;27;19;24;10;0;0;0;0;3;4
2019-07-17 15:12:59;108;28;19;24;10;0;0;0;0;3;4
2019-07-17 15:14:00;108;28;19;24;10;0;0;0;0;3;4
2019-07-17 15:14:58;108;28;19;24;10;0;0;0;0;3;4
2019-07-17 15:15:59;108;28;19;24;10;0;0;0;0;3;4
2019-07-17 15:16:58;108;28;19;24;10;0;0;0;0;3;4
2019-07-17 15:17:59;108;28;19;24;10;0;0;0;0;3;4
2019-07-17 15:18:58;109;28;19;24;10;0;0;0;0;3;4
2019-07-17 15:19:59;109;28;19;24;10;0;0;0;0;3;4
2019-07-17 15:20:59;109;28;19;24;10;0;0;0;0;3;4
2019-07-17 15:21:58;109;28;19;24;10;0;0;0;0;3;4
2019-07-17 15:22:59;109;28;19;24;10;0;0;0;0;3;4
2019-07-17 15:23:59;109;28;19;24;10;0;0;0;0;3;4
2019-07-17 15:24:58;109;28;19;24;10;0;0;0;0;3;4
2019-07-17 15:25:59;109;28;19;24;10;0;0;0;0;3;4
2019-07-17 15:26:59;109;28;19;24;10;0;0;0;0;3;4
2019-07-17 15:27:58;109;28;19;24;10;0;0;0;0;3;4
2019-07-17 15:28:59;109;28;19;24;10;0;0;0;0;3;4
2019-07-17 15:29:59;109;28;19;24;10;0;0;0;0;3;4
2019-07-17 15:30:58;109;28;19;24;10;0;0;0;0;3;4
2019-07-17 15:31:59;109;28;19;24;10;0;0;0;0;3;4
2019-07-17 15:32:59;109;28;19;24;10;0;0;0;0;3;4
2019-07-17 15:33:58;109;27;20;24;10;0;0;0;0;3;4
2019-07-17 15:34:59;109;27;20;24;10;0;0;0;0;3;4
2019-07-17 15:35:59;109;27;20;24;10;0;0;0;0;3;4
2019-07-17 15:36:58;109;27;20;24;10;0;0;0;0;3;4
2019-07-17 15:37:59;109;27;20;24;10;0;0;0;0;3;4
2019-07-17 15:38:59;109;27;20;24;10;0;0;0;0;3;4
2019-07-17 15:39:58;109;27;20;24;10;0;0;0;0;3;4
2019-07-17 15:40:59;109;27;20;24;10;0;0;0;0;3;4
2019-07-17 15:41:59;109;27;20;24;10;0;0;0;0;3;4
2019-07-17 15:42:58;109;27;20;24;10;0;0;0;0;3;4
2019-07-17 15:43:59;109;27;20;24;10;0;0;0;0;3;4
2019-07-17 15:44:59;109;27;20;24;10;0;0;0;0;3;4
2019-07-17 15:45:58;109;27;20;24;10;0;0;0;0;3;4
2019-07-17 15:46:59;109;27;20;24;10;0;0;0;0;3;4
2019-07-17 15:47:59;109;27;20;24;10;0;0;0;0;3;4
2019-07-17 15:48:58;109;27;20;24;10;0;0;0;0;3;4
2019-07-17 15:49:59;109;27;20;24;10;0;0;0;0;3;4
2019-07-17 15:50:59;110;27;20;24;11;0;0;0;0;3;4
2019-07-17 15:51:58;110;27;20;24;11;0;0;0;0;3;4
2019-07-17 15:52:59;110;27;20;24;11;0;0;0;0;3;4
2019-07-17 15:53:59;110;27;20;24;11;0;0;0;0;3;4
2019-07-17 15:54:58;110;27;20;24;11;0;0;0;0;3;4
2019-07-17 15:55:59;110;27;20;24;11;0;0;0;0;3;4
2019-07-17 15:56:59;110;27;20;24;11;0;0;0;0;3;4
2019-07-17 15:57:58;110;27;20;24;11;0;0;0;0;3;4
2019-07-17 15:58:59;111;27;21;24;11;0;0;0;0;3;4
2019-07-17 15:59:59;111;27;21;24;11;0;0;0;0;3;4
2019-07-17 16:00:58;111;27;21;24;11;0;0;0;0;3;4
2019-07-17 16:01:59;111;27;21;24;11;0;0;0;0;3;4
2019-07-17 16:02:59;111;27;21;24;11;0;0;0;0;3;4
2019-07-17 16:03:58;111;27;21;24;11;0;0;0;0;3;4
2019-07-17 16:04:59;111;28;20;24;11;0;0;0;0;3;4
2019-07-17 16:05:59;111;28;20;24;11;0;0;0;0;3;4
2019-07-17 16:06:58;112;28;20;25;11;0;0;0;0;3;4
2019-07-17 16:07:59;112;28;20;24;11;0;0;0;0;3;4
2019-07-17 16:08:59;112;28;20;24;11;0;0;0;0;3;4
2019-07-17 16:09:58;112;28;20;24;11;0;0;0;0;3;4
2019-07-17 16:10:59;112;28;20;24;11;0;0;0;0;3;4
2019-07-17 16:11:59;113;29;20;24;11;0;0;0;0;3;4
2019-07-17 16:12:58;113;29;20;24;11;0;0;0;0;3;4
2019-07-17 16:13:59;113;29;20;24;11;0;0;0;0;3;4
2019-07-17 16:14:59;113;29;20;24;11;0;0;0;0;3;4
2019-07-17 16:15:58;113;29;20;24;11;0;0;0;0;3;4
2019-07-17 16:16:59;113;29;20;24;11;0;0;0;0;3;4
2019-07-17 16:17:59;113;29;20;24;11;0;0;0;0;3;4
2019-07-17 16:18:58;113;29;20;24;11;0;0;0;0;3;4
2019-07-17 16:19:59;113;29;20;24;11;0;0;0;0;3;4
2019-07-17 16:20:59;114;30;20;24;11;0;0;0;0;3;4
2019-07-17 16:21:58;114;30;20;24;11;0;0;0;0;3;4
2019-07-17 16:22:59;114;30;20;24;11;0;0;0;0;3;4
2019-07-17 16:23:59;114;30;20;24;11;0;0;0;0;3;4
2019-07-17 16:24:59;114;30;20;24;11;0;0;0;0;3;4
2019-07-17 16:25:58;114;30;20;24;11;0;0;0;0;3;4
2019-07-17 16:26:59;114;30;20;24;11;0;0;0;0;3;4
2019-07-17 16:27:59;115;31;20;24;11;0;0;0;0;3;4
2019-07-17 16:28:58;115;31;20;24;11;0;0;0;0;3;4
2019-07-17 16:29:59;115;31;20;24;11;0;0;0;0;3;4
2019-07-17 16:30:59;115;31;20;24;11;0;0;0;0;3;4
2019-07-17 16:31:58;115;31;20;24;11;0;0;0;0;3;4
2019-07-17 16:32:59;115;31;20;24;11;0;0;0;0;3;4
2019-07-17 16:33:59;115;31;20;24;11;0;0;0;0;3;4
2019-07-17 16:34:58;115;31;20;24;11;0;0;0;0;3;4
2019-07-17 16:35:59;115;31;20;24;11;0;0;0;0;3;4
2019-07-17 16:36:59;115;31;20;24;11;0;0;0;0;3;4
2019-07-17 16:37:58;115;31;20;24;11;0;0;0;0;3;4
2019-07-17 16:38:59;115;31;20;24;11;0;0;0;0;3;4
2019-07-17 16:39:59;115;31;20;24;11;0;0;0;0;3;4
2019-07-17 16:40:58;115;31;20;24;11;0;0;0;0;3;4
2019-07-17 16:41:59;115;31;20;24;11;0;0;0;0;3;4
2019-07-17 16:42:58;115;31;20;24;11;0;0;0;0;3;4
2019-07-17 16:43:59;115;31;20;24;11;0;0;0;0;3;4
2019-07-17 16:44:59;115;31;20;24;11;0;0;0;0;3;4
2019-07-17 16:45:58;115;31;20;24;11;0;0;0;0;3;4
2019-07-17 16:46:59;115;31;20;24;11;0;0;0;0;3;4
2019-07-17 16:47:59;116;32;20;24;11;0;0;0;0;3;4
2019-07-17 16:48:58;117;32;21;24;11;0;0;0;0;3;4
2019-07-17 16:49:59;117;32;21;24;11;0;0;0;0;3;4
2019-07-17 16:50:59;117;32;21;24;11;0;0;0;0;3;4
2019-07-17 16:51:58;117;32;21;24;11;0;0;0;0;3;4
2019-07-17 16:52:59;117;32;21;24;11;0;0;0;0;3;4
2019-07-17 16:53:59;118;32;22;24;11;0;0;0;0;3;4
2019-07-17 16:54:58;118;32;22;24;11;0;0;0;0;3;4
2019-07-17 16:55:59;118;32;22;24;11;0;0;0;0;3;4
2019-07-17 16:56:58;118;32;22;24;11;0;0;0;0;3;4
2019-07-17 16:57:59;118;32;22;24;11;0;0;0;0;3;4
2019-07-17 16:58:59;119;32;23;24;11;0;0;0;0;3;4
2019-07-17 16:59:58;119;32;23;24;11;0;0;0;0;3;4
2019-07-17 17:00:59;119;32;23;24;11;0;0;0;0;3;4
2019-07-17 17:02:00;119;32;23;24;11;0;0;0;0;3;4
2019-07-17 17:02:58;119;32;23;24;11;0;0;0;0;3;4
2019-07-17 17:03:59;121;32;24;24;12;0;0;0;0;3;4
2019-07-17 17:04:59;121;32;24;24;12;0;0;0;0;3;4
2019-07-17 17:05:58;121;32;24;24;12;0;0;0;0;3;4
2019-07-17 17:06:59;121;32;24;24;12;0;0;0;0;3;4
2019-07-17 17:07:58;121;32;24;24;12;0;0;0;0;3;4
2019-07-17 17:08:59;122;32;25;24;12;0;0;0;0;3;4
2019-07-17 17:09:59;123;32;26;24;12;0;0;0;0;3;4
2019-07-17 17:10:58;123;32;26;24;12;0;0;0;0;3;4
2019-07-17 17:11:59;123;33;26;24;12;0;0;0;0;3;3
2019-07-17 17:12:59;123;33;26;24;12;0;0;0;0;3;3
2019-07-17 17:13:58;124;33;27;24;12;0;0;0;0;3;3
2019-07-17 17:14:59;124;33;27;24;12;0;0;0;0;3;3
2019-07-17 17:15:59;124;33;27;24;12;0;0;0;0;3;3
2019-07-17 17:16:58;125;33;27;25;12;0;0;0;0;3;3
2019-07-17 17:17:59;125;33;27;25;12;0;0;0;0;3;3
2019-07-17 17:18:59;125;33;27;25;12;0;0;0;0;3;3
2019-07-17 17:19:58;125;33;27;25;12;0;0;0;0;3;3
2019-07-17 17:20:59;125;33;27;25;12;0;0;0;0;3;3
2019-07-17 17:21:58;125;33;27;25;12;0;0;0;0;3;3
2019-07-17 17:22:59;125;33;27;25;12;0;0;0;0;3;3
2019-07-17 17:23:59;125;33;27;25;12;0;0;0;0;3;3
2019-07-17 17:24:59;125;33;27;25;12;0;0;0;0;3;3
2019-07-17 17:25:58;125;33;27;25;12;0;0;0;0;3;3
2019-07-17 17:26:59;125;33;27;25;12;0;0;0;0;3;3
2019-07-17 17:27:59;125;33;27;25;12;0;0;0;0;3;3
2019-07-17 17:28:58;126;34;27;25;12;0;0;0;0;3;3
2019-07-17 17:29:59;126;34;27;25;12;0;0;0;0;3;3
2019-07-17 17:30:59;126;34;27;25;12;0;0;0;0;3;3
2019-07-17 17:31:58;126;34;27;25;12;0;0;0;0;3;3
2019-07-17 17:32:59;126;34;27;25;12;0;0;0;0;3;3
2019-07-17 17:33:59;127;35;27;25;12;0;0;0;0;3;3
2019-07-17 17:34:58;127;35;27;25;12;0;0;0;0;3;3
2019-07-17 17:35:59;127;35;27;25;12;0;0;0;0;3;3
2019-07-17 17:36:58;127;35;27;25;12;0;0;0;0;3;3
2019-07-17 17:37:59;127;35;27;25;12;0;0;0;0;3;3
2019-07-17 17:38:59;127;35;27;25;12;0;0;0;0;3;3
2019-07-17 17:39:58;127;35;27;25;12;0;0;0;0;3;3
2019-07-17 17:40:59;127;35;27;25;12;0;0;0;0;3;3
2019-07-17 17:41:59;128;36;27;25;12;0;0;0;0;3;3
2019-07-17 17:42:58;128;36;27;25;12;0;0;0;0;3;3
2019-07-17 17:43:59;129;36;27;25;12;0;0;0;0;4;3
2019-07-17 17:44:59;130;36;28;25;12;0;0;0;0;4;3
2019-07-17 17:45:58;131;37;28;25;12;0;0;0;0;4;3
2019-07-17 17:46:59;131;37;28;25;12;0;0;0;0;4;3
2019-07-17 17:47:58;131;37;28;25;12;0;0;0;0;4;3
2019-07-17 17:48:59;131;37;28;25;12;0;0;0;0;4;3
2019-07-17 17:49:59;131;37;28;25;12;0;0;0;0;4;3
2019-07-17 17:50:58;131;37;28;25;12;0;0;0;0;4;3
2019-07-17 17:51:59;131;37;28;25;12;0;0;0;0;4;3
2019-07-17 17:52:59;132;37;28;25;12;0;0;0;0;4;4
2019-07-17 17:53:59;134;37;28;26;12;0;0;0;0;4;5
2019-07-17 17:54:58;134;37;28;26;12;0;0;0;0;4;5
2019-07-17 17:55:59;134;37;28;26;12;0;0;0;0;4;5
2019-07-17 17:56:58;134;37;28;26;12;0;0;0;0;4;5
2019-07-17 17:57:59;134;37;28;26;12;0;0;0;0;4;5
2019-07-17 17:58:59;134;37;28;26;12;0;0;0;0;4;5
2019-07-17 17:59:58;134;37;29;26;12;0;0;0;0;4;5
2019-07-17 18:00:59;134;37;29;26;12;0;0;0;0;4;5
2019-07-17 18:01:59;135;37;29;26;12;0;0;0;0;4;6
2019-07-17 18:02:58;136;38;29;26;12;0;0;0;0;4;6
2019-07-17 18:03:59;136;38;29;26;12;0;0;0;0;4;6
2019-07-17 18:04:59;136;38;29;26;12;0;0;0;0;4;6
2019-07-17 18:05:58;136;38;29;26;12;0;0;0;0;4;6
2019-07-17 18:06:59;136;38;29;26;12;0;0;0;0;4;6
2019-07-17 18:07:58;136;38;29;26;12;0;0;0;0;4;6
2019-07-17 18:08:59;136;38;29;26;12;0;0;0;0;4;6
2019-07-17 18:09:59;136;38;29;26;12;0;0;0;0;4;6
2019-07-17 18:11:00;136;38;29;26;12;0;0;0;0;4;6
2019-07-17 18:11:58;136;38;29;26;12;0;0;0;0;4;6
2019-07-17 18:12:59;136;38;29;26;12;0;0;0;0;4;6
2019-07-17 18:13:59;136;38;29;26;12;0;0;0;0;4;6
2019-07-17 18:14:58;136;38;29;26;12;0;0;0;0;4;6
2019-07-17 18:15:59;136;38;29;26;12;0;0;0;0;4;6
2019-07-17 18:16:59;136;38;29;26;12;0;0;0;0;4;6
2019-07-17 18:17:59;136;38;29;26;12;0;0;0;0;4;6
2019-07-17 18:18:58;137;38;30;26;12;0;0;0;0;4;6
2019-07-17 18:19:59;138;38;30;27;12;0;0;0;0;4;6
2019-07-17 18:20:59;138;38;30;27;12;0;0;0;0;4;6
2019-07-17 18:21:58;138;38;30;27;12;0;0;0;0;4;6
2019-07-17 18:22:59;138;38;30;27;12;0;0;0;0;4;6
2019-07-17 18:23:58;139;38;31;27;12;0;0;0;0;4;6
2019-07-17 18:24:59;139;38;31;27;12;0;0;0;0;4;6
2019-07-17 18:25:59;139;38;31;27;12;0;0;0;0;4;6
2019-07-17 18:26:58;139;38;31;27;12;0;0;0;0;4;6
2019-07-17 18:27:59;140;38;31;28;12;0;0;0;0;4;6
2019-07-17 18:28:59;140;38;31;28;12;0;0;0;0;4;6
2019-07-17 18:29:58;140;38;31;28;12;0;0;0;0;4;6
2019-07-17 18:30:59;140;38;31;28;12;0;0;0;0;4;6
2019-07-17 18:31:59;141;38;31;28;12;0;0;0;0;5;6
2019-07-17 18:32:58;141;38;31;28;12;0;0;0;0;5;6
2019-07-17 18:33:59;141;38;31;28;12;0;0;0;0;5;6
2019-07-17 18:34:59;141;38;31;28;12;0;0;0;0;5;6
2019-07-17 18:35:58;141;38;31;28;12;0;0;0;0;5;6
2019-07-17 18:36:59;141;38;31;28;12;0;0;0;0;5;6
2019-07-17 18:37:59;141;38;31;28;12;0;0;0;0;5;6
2019-07-17 18:38:58;141;38;31;28;12;0;0;0;0;5;6
2019-07-17 18:39:59;141;38;31;28;12;0;0;0;0;5;6
2019-07-17 18:40:59;141;38;31;28;12;0;0;0;0;5;6
2019-07-17 18:41:58;141;38;31;28;12;0;0;0;0;5;6
2019-07-17 18:42:59;141;38;31;28;12;0;0;0;0;5;6
2019-07-17 18:43:59;141;38;31;28;12;0;0;0;0;5;6
2019-07-17 18:44:58;142;37;32;28;12;0;0;0;0;5;6
2019-07-17 18:45:59;142;37;32;28;12;0;0;0;0;5;6
2019-07-17 18:46:58;143;37;33;28;12;0;0;0;0;5;6
2019-07-17 18:47:59;144;38;33;28;12;0;0;0;0;5;6
2019-07-17 18:48:59;144;38;33;28;12;0;0;0;0;5;6
2019-07-17 18:49:58;144;38;33;28;12;0;0;0;0;5;6
2019-07-17 18:50:59;144;38;33;28;12;0;0;0;0;5;6
2019-07-17 18:51:59;144;38;33;28;12;0;0;0;0;5;6
2019-07-17 18:52:58;144;38;33;28;12;0;0;0;0;5;6
2019-07-17 18:53:59;144;38;33;28;12;0;0;0;0;5;6
2019-07-17 18:54:58;144;38;33;28;12;0;0;0;0;5;6
2019-07-17 18:55:59;144;38;33;28;12;0;0;0;0;5;6
2019-07-17 18:56:59;144;38;33;28;12;0;0;0;0;5;6
2019-07-17 18:57:59;144;38;33;28;12;0;0;0;0;5;6
2019-07-17 18:58:58;144;39;32;28;12;0;0;0;0;5;6
2019-07-17 18:59:59;144;39;32;28;12;0;0;0;0;5;6
2019-07-17 19:00:58;144;39;32;28;12;0;0;0;0;5;6
2019-07-17 19:01:59;144;39;32;28;12;0;0;0;0;5;6
2019-07-17 19:02:59;144;39;32;28;12;0;0;0;0;5;6
2019-07-17 19:03:58;144;39;32;28;12;0;0;0;0;5;6
2019-07-17 19:04:59;144;39;32;28;12;0;0;0;0;5;6
2019-07-17 19:05:59;145;39;33;28;12;0;0;0;0;5;6
2019-07-17 19:06:58;145;39;33;28;12;0;0;0;0;5;6
2019-07-17 19:07:59;145;39;33;28;12;0;0;0;0;5;6
2019-07-17 19:08:59;146;39;33;28;13;0;0;0;0;5;6
2019-07-17 19:09:58;146;39;33;28;13;0;0;0;0;5;6
2019-07-17 19:10:59;146;39;33;28;13;0;0;0;0;5;6
2019-07-17 19:11:59;146;39;33;28;13;0;0;0;0;5;6
2019-07-17 19:12:58;146;40;33;28;13;0;0;0;0;4;6
2019-07-17 19:13:59;146;40;33;28;13;0;0;0;0;4;6
2019-07-17 19:14:58;146;40;33;28;13;0;0;0;0;4;6
2019-07-17 19:15:59;147;40;33;29;13;0;0;0;0;4;6
2019-07-17 19:16:59;147;40;33;29;13;0;0;0;0;4;6
2019-07-17 19:17:58;148;40;33;30;13;0;0;0;0;4;6
2019-07-17 19:18:59;149;40;34;30;13;0;0;0;0;4;6
2019-07-17 19:19:58;149;39;34;31;13;0;0;0;0;4;6
2019-07-17 19:20:59;150;38;35;31;13;0;0;0;0;5;6
2019-07-17 19:22:00;150;38;35;31;13;0;0;0;0;5;6
2019-07-17 19:22:58;150;38;35;31;13;0;0;0;0;5;6
2019-07-17 19:23:59;150;38;35;31;13;0;0;0;0;5;6
2019-07-17 19:25:00;150;38;35;31;13;0;0;0;0;5;6
2019-07-17 19:25:58;150;38;35;31;13;0;0;0;0;5;6
2019-07-17 19:26:59;151;38;35;31;13;0;0;0;0;5;7
2019-07-17 19:27:59;151;38;35;31;13;0;0;0;0;5;7
2019-07-17 19:28:59;151;38;35;31;13;0;0;0;0;5;7
2019-07-17 19:29:59;151;38;35;31;13;0;0;0;0;5;7
2019-07-17 19:30:58;151;38;35;31;13;0;0;0;0;5;7
2019-07-17 19:31:59;151;38;35;31;13;0;0;0;0;5;7
2019-07-17 19:32:59;151;38;35;31;13;0;0;0;0;5;7
2019-07-17 19:33:58;151;38;35;31;13;0;0;0;0;5;7
2019-07-17 19:34:59;151;38;35;31;13;0;0;0;0;5;7
2019-07-17 19:35:58;152;38;36;31;13;0;0;0;0;5;7
2019-07-17 19:36:59;152;38;36;31;13;0;0;0;0;5;7
2019-07-17 19:37:58;153;38;37;31;13;0;0;0;0;5;7
2019-07-17 19:38:59;154;38;37;32;13;0;0;0;0;5;7
2019-07-17 19:39:59;154;38;37;32;13;0;0;0;0;5;7
2019-07-17 19:40:58;154;38;37;32;13;0;0;0;0;5;7
2019-07-17 19:41:59;154;38;37;32;13;0;0;0;0;5;7
2019-07-17 19:42:58;154;38;37;32;13;0;0;0;0;5;7
2019-07-17 19:43:59;154;38;37;32;13;0;0;0;0;5;7
2019-07-17 19:44:59;154;38;37;32;13;0;0;0;0;5;7
2019-07-17 19:45:58;154;38;37;32;13;0;0;0;0;5;7
2019-07-17 19:46:59;154;38;37;32;13;0;0;0;0;5;7
2019-07-17 19:47:59;154;38;37;32;13;0;0;0;0;5;7
2019-07-17 19:48:58;154;38;37;32;13;0;0;0;0;5;7
2019-07-17 19:49:59;154;38;37;32;13;0;0;0;0;5;7
2019-07-17 19:50:59;155;38;38;32;13;0;0;0;0;5;7
2019-07-17 19:51:58;155;38;38;32;13;0;0;0;0;5;7
2019-07-17 19:52:59;155;38;38;32;13;0;0;0;0;5;7
2019-07-17 19:53:59;155;38;38;32;13;0;0;0;0;5;7
2019-07-17 19:54:58;155;38;38;32;13;0;0;0;0;5;7
2019-07-17 19:55:59;156;38;38;33;13;0;0;0;0;5;7
2019-07-17 19:56:59;156;38;39;33;13;0;0;0;0;5;7
2019-07-17 19:57:58;156;38;39;33;13;0;0;0;0;5;7
2019-07-17 19:58:59;156;38;39;33;13;0;0;0;0;5;7
2019-07-17 19:59:59;156;38;39;33;13;0;0;0;0;5;7
2019-07-17 20:00:58;156;38;39;33;13;0;0;0;0;5;7
2019-07-17 20:01:59;156;38;39;33;13;0;0;0;0;5;7
2019-07-17 20:02:58;156;38;39;33;13;0;0;0;0;5;7
2019-07-17 20:03:59;156;38;39;33;13;0;0;0;0;5;7
2019-07-17 20:04:59;157;38;40;33;13;0;0;0;0;5;7
2019-07-17 20:05:58;157;38;40;33;13;0;0;0;0;5;7
2019-07-17 20:06:59;157;38;40;33;13;0;0;0;0;5;7
2019-07-17 20:07:58;157;38;40;33;13;0;0;0;0;5;7
2019-07-17 20:08:59;157;38;40;33;13;0;0;0;0;5;7
2019-07-17 20:09:58;157;38;40;33;13;0;0;0;0;5;7
2019-07-17 20:10:59;157;38;40;33;13;0;0;0;0;5;7
2019-07-17 20:11:59;157;38;40;33;13;0;0;0;0;5;7
2019-07-17 20:12:58;157;38;40;33;13;0;0;0;0;5;7
2019-07-17 20:13:59;157;38;40;33;13;0;0;0;0;5;7
2019-07-17 20:14:59;157;38;40;33;13;0;0;0;0;5;7
2019-07-17 20:15:58;158;38;40;34;13;0;0;0;0;5;7
2019-07-17 20:16:59;158;38;40;34;13;0;0;0;0;5;7
2019-07-17 20:17:58;158;38;40;34;13;0;0;0;0;5;7
2019-07-17 20:18:59;158;38;40;34;13;0;0;0;0;5;7
2019-07-17 20:19:59;158;38;40;34;13;0;0;0;0;5;7
2019-07-17 20:20:58;158;38;40;34;13;0;0;0;0;5;7
2019-07-17 20:21:59;158;38;40;34;13;0;0;0;0;5;7
2019-07-17 20:22:58;158;38;40;34;13;0;0;0;0;5;7
2019-07-17 20:23:59;158;38;40;34;13;0;0;0;0;5;7
2019-07-17 20:24:59;158;38;40;34;13;0;0;0;0;5;7
2019-07-17 20:25:58;158;38;40;34;13;0;0;0;0;5;7
2019-07-17 20:26:59;159;38;41;34;13;0;0;0;0;5;7
2019-07-17 20:27:59;159;38;41;34;13;0;0;0;0;5;7
2019-07-17 20:28:58;159;38;41;33;13;0;0;0;0;5;7
2019-07-17 20:29:59;159;38;41;33;13;0;0;0;0;5;7
2019-07-17 20:30:58;159;38;41;33;13;0;0;0;0;5;7
2019-07-17 20:31:59;159;38;41;33;13;0;0;0;0;5;7
2019-07-17 20:32:59;159;38;41;33;13;0;0;0;0;5;7
2019-07-17 20:33:58;159;38;41;33;13;0;0;0;0;5;7
2019-07-17 20:34:59;159;38;41;33;13;0;0;0;0;5;7
2019-07-17 20:35:58;159;38;41;33;13;0;0;0;0;5;7
2019-07-17 20:36:59;159;38;41;33;13;0;0;0;0;5;7
2019-07-17 20:37:59;159;38;41;33;13;0;0;0;0;5;7
2019-07-17 20:38:58;159;38;41;33;13;0;0;0;0;5;7
2019-07-17 20:39:59;159;38;41;33;13;0;0;0;0;5;7
2019-07-17 20:40:59;160;38;42;33;13;0;0;0;0;5;7
2019-07-17 20:41:58;160;38;42;33;13;0;0;0;0;5;7
2019-07-17 20:42:59;160;38;42;33;13;0;0;0;0;5;7
2019-07-17 20:43:59;160;38;42;33;13;0;0;0;0;5;7
2019-07-17 20:44:58;160;38;42;33;13;0;0;0;0;5;7
2019-07-17 20:45:59;160;38;42;33;13;0;0;0;0;5;7
2019-07-17 20:46:59;160;38;42;33;13;0;0;0;0;5;7
2019-07-17 20:47:58;161;38;43;33;13;0;0;0;0;5;7
2019-07-17 20:48:59;161;38;43;33;13;0;0;0;0;5;7
2019-07-17 20:49:58;161;38;43;33;13;0;0;0;0;5;7
2019-07-17 20:50:59;162;39;43;33;13;0;0;0;0;5;7
2019-07-17 20:51:58;163;39;43;34;13;0;0;0;0;5;7
2019-07-17 20:52:59;163;39;43;34;13;0;0;0;0;5;7
2019-07-17 20:53:59;163;39;43;34;13;0;0;0;0;5;7
2019-07-17 20:54:58;163;39;43;34;13;0;0;0;0;5;7
2019-07-17 20:55:59;163;39;43;34;13;0;0;0;0;5;7
2019-07-17 20:56:59;163;39;43;34;13;0;0;0;0;5;7
2019-07-17 20:57:58;163;39;43;34;13;0;0;0;0;5;7
2019-07-17 20:58:59;163;39;43;34;13;0;0;0;0;5;7
2019-07-17 20:59:59;163;39;43;34;13;0;0;0;0;5;7
2019-07-17 21:00:58;163;39;43;34;13;0;0;0;0;5;7
2019-07-17 21:01:59;164;39;43;34;13;0;0;0;0;5;7
2019-07-17 21:02:59;164;39;43;34;13;0;0;0;0;5;7
2019-07-17 21:03:58;164;39;43;34;13;0;0;0;0;5;7
2019-07-17 21:04:59;164;39;43;34;13;0;0;0;0;5;7
2019-07-17 21:05:59;164;39;43;34;13;0;0;0;0;5;7
2019-07-17 21:06:58;164;39;43;34;13;0;0;0;0;5;7
2019-07-17 21:07:59;164;39;43;34;13;0;0;0;0;5;7
2019-07-17 21:08:59;164;39;43;34;13;0;0;0;0;5;7
2019-07-17 21:09:58;164;39;43;34;13;0;0;0;0;5;7
2019-07-17 21:10:59;164;39;43;34;13;0;0;0;0;5;7
2019-07-17 21:11:59;164;40;43;34;13;0;0;0;0;5;6
2019-07-17 21:12:58;164;40;43;34;13;0;0;0;0;5;6
2019-07-17 21:13:59;164;40;43;34;13;0;0;0;0;5;6
2019-07-17 21:14:59;164;40;43;34;13;0;0;0;0;5;6
2019-07-17 21:15:58;164;40;43;34;13;0;0;0;0;5;6
2019-07-17 21:16:59;164;40;43;34;13;0;0;0;0;5;6
2019-07-17 21:17:59;164;40;43;34;13;0;0;0;0;5;6
2019-07-17 21:18:58;165;41;43;34;13;0;0;0;0;5;6
2019-07-17 21:19:59;165;41;43;34;13;0;0;0;0;5;6
2019-07-17 21:20:59;165;41;43;34;13;0;0;0;0;5;6
2019-07-17 21:21:59;165;41;43;34;13;0;0;0;0;5;6
2019-07-17 21:22:58;165;41;43;34;13;0;0;0;0;5;6
2019-07-17 21:23:59;165;43;41;34;13;0;0;0;0;5;6
2019-07-17 21:24:59;165;43;41;34;13;0;0;0;0;5;6
2019-07-17 21:25:58;163;43;41;32;13;0;0;0;0;5;6
2019-07-17 21:26:59;163;43;41;32;13;0;0;0;0;5;6
2019-07-17 21:27:58;163;43;41;32;13;0;0;0;0;5;6
2019-07-17 21:28:59;163;43;41;32;13;0;0;0;0;5;6
2019-07-17 21:29:59;163;43;41;32;13;0;0;0;0;5;6
2019-07-17 21:30:58;163;43;41;32;13;0;0;0;0;5;6
2019-07-17 21:31:59;163;43;41;32;13;0;0;0;0;5;6
2019-07-17 21:33:00;163;43;41;32;13;0;0;0;0;5;6
2019-07-17 21:33:58;163;43;41;32;13;0;0;0;0;5;6
2019-07-17 21:34:59;164;43;42;32;13;0;0;0;0;5;6
2019-07-17 21:35:58;164;43;42;32;13;0;0;0;0;5;6
2019-07-17 21:36:59;164;43;42;32;13;0;0;0;0;5;6
2019-07-17 21:37:59;164;43;42;32;13;0;0;0;0;5;6
2019-07-17 21:38:58;164;43;42;32;13;0;0;0;0;5;6
2019-07-17 21:39:59;164;43;42;32;13;0;0;0;0;5;6
2019-07-17 21:40:58;164;43;42;32;13;0;0;0;0;5;6
2019-07-17 21:41:59;164;43;42;32;13;0;0;0;0;5;6
2019-07-17 21:42:59;164;43;42;32;13;0;0;0;0;5;6
2019-07-17 21:43:58;164;43;42;32;13;0;0;0;0;5;6
2019-07-17 21:44:59;164;43;42;32;13;0;0;0;0;5;6
2019-07-17 21:45:59;164;43;42;32;13;0;0;0;0;5;6
2019-07-17 21:46:58;164;43;42;32;13;0;0;0;0;5;6
2019-07-17 21:47:59;164;43;42;32;13;0;0;0;0;5;6
2019-07-17 21:48:59;164;43;42;32;13;0;0;0;0;5;6
2019-07-17 21:49:58;164;43;42;32;13;0;0;0;0;5;6
2019-07-17 21:50:59;164;43;42;32;13;0;0;0;0;5;6
2019-07-17 21:51:58;164;43;42;32;13;0;0;0;0;5;6
2019-07-17 21:52:59;164;43;42;32;13;0;0;0;0;5;6
2019-07-17 21:53:58;164;43;42;32;13;0;0;0;0;5;6
2019-07-17 21:54:59;164;43;42;32;13;0;0;0;0;5;6
2019-07-17 21:55:59;164;43;42;32;13;0;0;0;0;5;6
2019-07-17 21:56:58;164;43;42;32;13;0;0;0;0;5;6
2019-07-17 21:57:59;164;43;42;32;13;0;0;0;0;5;6
2019-07-17 21:58:58;164;42;42;32;13;0;0;0;0;5;6
2019-07-17 21:59:59;164;43;42;32;13;0;0;0;0;5;6
2019-07-17 22:00:59;164;43;42;32;13;0;0;0;0;5;6
2019-07-17 22:01:58;164;43;42;32;13;0;0;0;0;5;6
2019-07-17 22:02:59;164;43;42;32;13;0;0;0;0;5;6
2019-07-17 22:03:59;164;43;42;32;13;0;0;0;0;5;6
2019-07-17 22:04:58;164;43;42;32;13;0;0;0;0;5;6
2019-07-17 22:05:59;164;43;42;32;13;0;0;0;0;5;6
2019-07-17 22:06:59;164;43;42;32;13;0;0;0;0;5;6
2019-07-17 22:07:58;164;43;42;32;13;0;0;0;0;5;6
2019-07-17 22:08:59;164;43;42;32;13;0;0;0;0;5;6
2019-07-17 22:09:59;164;43;42;32;13;0;0;0;0;5;6
2019-07-17 22:10:58;164;43;42;32;13;0;0;0;0;5;6
2019-07-17 22:11:59;164;43;42;32;13;0;0;0;0;5;6
2019-07-17 22:12:58;164;43;42;32;13;0;0;0;0;5;6
2019-07-17 22:13:59;164;43;42;32;13;0;0;0;0;5;6
2019-07-17 22:14:59;164;43;42;32;13;0;0;0;0;5;6
2019-07-17 22:15:58;164;43;42;32;13;0;0;0;0;5;6
2019-07-17 22:16:59;165;43;43;32;13;0;0;0;0;5;6
2019-07-17 22:17:59;165;43;43;32;13;0;0;0;0;5;6
2019-07-17 22:18:58;165;43;43;32;13;0;0;0;0;5;6
2019-07-17 22:19:59;165;43;43;32;13;0;0;0;0;5;6
2019-07-17 22:20:59;165;43;43;32;13;0;0;0;0;5;6
2019-07-17 22:21:58;165;43;43;32;13;0;0;0;0;5;6
2019-07-17 22:22:59;165;44;43;31;13;0;0;0;0;5;6
2019-07-17 22:23:59;165;44;43;31;13;0;0;0;0;5;6
2019-07-17 22:24:58;166;44;44;31;13;0;0;0;0;5;6
2019-07-17 22:25:59;166;44;44;31;13;0;0;0;0;5;6
2019-07-17 22:26:59;166;44;44;31;13;0;0;0;0;5;6
2019-07-17 22:27:58;167;44;44;31;13;0;0;0;0;5;7
2019-07-17 22:28:59;168;44;44;31;13;0;0;0;0;6;7
2019-07-17 22:29:59;168;44;44;31;13;0;0;0;0;6;7
2019-07-17 22:30:58;168;44;44;31;13;0;0;0;0;6;7
2019-07-17 22:31:59;168;44;44;31;13;0;0;0;0;6;7
2019-07-17 22:33:00;169;44;45;31;13;0;0;0;0;6;7
2019-07-17 22:33:58;169;44;45;31;13;0;0;0;0;6;7
2019-07-17 22:34:59;169;44;45;31;13;0;0;0;0;6;7
2019-07-17 22:35:59;169;44;45;31;13;0;0;0;0;6;7
2019-07-17 22:36:58;169;44;45;31;13;0;0;0;0;6;7
2019-07-17 22:37:59;169;44;45;31;13;0;0;0;0;6;7
2019-07-17 22:38:59;169;44;45;31;13;0;0;0;0;6;7
2019-07-17 22:39:58;169;44;45;31;13;0;0;0;0;6;7
2019-07-17 22:40:59;169;44;45;31;13;0;0;0;0;6;7
2019-07-17 22:41:59;169;44;45;31;13;0;0;0;0;6;7
2019-07-17 22:42:58;169;44;45;31;13;0;0;0;0;6;7
2019-07-17 22:43:59;169;44;45;31;13;0;0;0;0;6;7
2019-07-17 22:44:59;170;44;46;31;13;0;0;0;0;6;7
2019-07-17 22:45:58;170;44;46;31;13;0;0;0;0;6;7
2019-07-17 22:46:59;170;44;46;31;13;0;0;0;0;6;7
2019-07-17 22:47:58;170;44;46;31;13;0;0;0;0;6;7
2019-07-17 22:48:59;170;44;46;31;13;0;0;0;0;6;7
2019-07-17 22:49:59;170;44;46;31;13;0;0;0;0;6;7
2019-07-17 22:50:58;170;44;46;31;13;0;0;0;0;6;7
2019-07-17 22:51:59;170;44;46;31;13;0;0;0;0;6;7
2019-07-17 22:52:59;170;44;46;31;13;0;0;0;0;6;7
2019-07-17 22:53:58;171;44;46;31;14;0;0;0;0;6;7
2019-07-17 22:54:59;171;44;46;31;14;0;0;0;0;6;7
2019-07-17 22:55:58;171;44;46;31;14;0;0;0;0;6;7
2019-07-17 22:56:59;171;44;46;31;14;0;0;0;0;6;7
2019-07-17 22:57:59;171;44;46;31;14;0;0;0;0;6;7
2019-07-17 22:58:58;171;44;46;31;14;0;0;0;0;6;7
2019-07-17 22:59:59;171;44;46;31;14;0;0;0;0;6;7
2019-07-17 23:00:58;171;44;46;31;14;0;0;0;0;6;7
2019-07-17 23:01:59;171;44;46;31;14;0;0;0;0;6;7
2019-07-17 23:02:59;171;44;46;31;14;0;0;0;0;6;7
2019-07-17 23:04:00;171;44;46;31;14;0;0;0;0;6;7
2019-07-17 23:04:58;172;46;45;31;14;0;0;0;0;6;7
2019-07-17 23:05:59;172;46;45;31;14;0;0;0;0;6;7
2019-07-17 23:06:58;172;46;45;31;14;0;0;0;0;6;7
2019-07-17 23:07:59;172;46;45;31;14;0;0;0;0;6;7
2019-07-17 23:08:59;172;46;45;31;14;0;0;0;0;6;7
2019-07-17 23:09:58;172;46;45;31;14;0;0;0;0;6;7
2019-07-17 23:10:59;172;46;45;31;14;0;0;0;0;6;7
2019-07-17 23:11:59;172;46;45;31;14;0;0;0;0;6;7
2019-07-17 23:12:58;173;47;46;31;14;0;0;0;0;6;7
2019-07-17 23:13:59;173;47;46;31;14;0;0;0;0;6;7
2019-07-17 23:14:59;173;47;46;31;14;0;0;0;0;6;7
2019-07-17 23:15:58;174;47;47;31;14;0;0;0;0;6;7
2019-07-17 23:16:59;183;47;47;31;14;9;0;0;0;6;7
2019-07-17 23:17:58;183;47;47;31;14;9;0;0;0;6;7
2019-07-17 23:18:59;184;48;47;31;14;9;0;0;0;6;7
2019-07-17 23:19:59;191;49;47;31;14;9;0;0;6;6;7
2019-07-17 23:20:58;191;48;48;31;14;9;0;0;6;6;7
2019-07-17 23:21:59;191;48;48;31;14;9;0;0;6;6;7
2019-07-17 23:22:59;191;48;48;31;14;9;0;0;6;6;7
2019-07-17 23:23:58;191;48;48;31;14;9;0;0;6;6;7
2019-07-17 23:24:59;191;48;48;31;14;9;0;0;6;6;7
2019-07-17 23:25:58;191;48;48;31;14;9;0;0;6;6;7
2019-07-17 23:26:59;191;48;48;31;14;9;0;0;6;6;7
2019-07-17 23:27:59;191;48;48;31;14;9;0;0;6;6;7
2019-07-17 23:28:58;191;48;48;31;14;9;0;0;6;6;7
2019-07-17 23:29:59;191;48;48;31;14;9;0;0;6;6;7
2019-07-17 23:30:59;191;48;48;31;14;9;0;0;6;6;7
2019-07-17 23:31:58;191;48;48;31;14;9;0;0;6;6;7
2019-07-17 23:32:59;192;48;49;31;14;9;0;0;6;6;7
2019-07-17 23:34:00;194;48;49;31;14;9;0;0;6;6;7
2019-07-17 23:34:58;196;48;49;31;14;9;0;0;6;6;7
2019-07-17 23:35:59;204;48;49;31;14;9;0;7;6;6;7
2019-07-17 23:36:59;204;48;49;31;14;9;0;7;6;6;7
2019-07-17 23:37:58;204;51;47;31;14;9;0;7;6;6;6
2019-07-17 23:38:59;204;51;47;31;14;9;0;7;6;6;6
2019-07-17 23:39:58;204;51;47;31;14;9;0;7;6;6;6
2019-07-17 23:40:59;204;51;47;31;14;9;0;7;6;6;6
2019-07-17 23:41:58;204;51;47;31;14;9;0;7;6;6;6
2019-07-17 23:42:59;212;51;47;31;14;9;8;7;6;6;6
2019-07-17 23:43:59;213;52;47;31;14;9;8;7;6;6;6
2019-07-17 23:44:58;213;52;47;31;14;9;8;7;6;6;6
2019-07-17 23:45:59;213;52;47;31;14;9;8;7;6;6;6
2019-07-17 23:46:59;213;52;47;31;14;9;8;7;6;6;6
2019-07-17 23:47:58;213;51;48;31;14;9;8;7;6;6;6
2019-07-17 23:48:59;214;52;48;31;14;9;8;7;6;6;6
2019-07-17 23:49:59;216;53;49;31;14;9;8;7;6;6;6
2019-07-17 23:51:00;217;53;50;31;14;9;8;7;6;6;6
2019-07-17 23:51:58;220;56;50;31;14;9;8;7;6;6;6
2019-07-17 23:52:59;222;57;51;31;14;9;8;7;6;6;6
2019-07-17 23:53:58;223;57;50;32;14;10;8;7;6;6;6
2019-07-17 23:54:59;222;58;48;32;14;10;8;7;6;6;6
2019-07-17 23:55:58;223;58;49;32;14;10;8;7;6;6;6
2019-07-17 23:56:59;224;58;49;32;14;10;9;7;6;6;6
2019-07-17 23:57:59;224;59;48;32;14;10;9;7;6;6;6
2019-07-17 23:58:58;224;59;48;32;14;10;9;7;6;6;6
2019-07-17 23:59:59;224;59;48;32;14;10;9;7;6;6;6
