datetime;total_votes;Plancus;keyreal;leprovalentin;pupsique;Der_Sturmer;rockamark;Есения;dear_pavlik;kiLstrom;brammator
2019-02-27 00:00:59;0;0;0;0;0;0;0;0;0;0;0
2019-02-27 00:01:59;0;0;0;0;0;0;0;0;0;0;0
2019-02-27 00:02:58;2;0;0;0;0;0;0;0;0;0;0
2019-02-27 00:03:59;2;0;0;0;0;0;0;0;0;0;0
2019-02-27 00:04:58;6;1;0;0;0;0;0;0;1;1;0
2019-02-27 00:05:59;6;1;0;0;0;0;0;0;1;1;0
2019-02-27 00:06:59;6;1;0;0;0;0;0;0;1;1;0
2019-02-27 00:07:58;6;1;0;0;0;0;0;0;1;1;0
2019-02-27 00:08:59;8;2;0;0;0;0;0;0;1;2;0
2019-02-27 00:09:59;8;2;0;0;0;0;0;0;1;2;0
2019-02-27 00:10:58;8;2;0;0;0;0;0;0;1;2;0
2019-02-27 00:11:59;9;2;0;0;0;0;0;0;2;2;0
2019-02-27 00:12:59;9;2;0;0;0;0;0;0;2;2;0
2019-02-27 00:13:58;9;2;0;0;0;0;0;0;2;2;0
2019-02-27 00:14:59;9;2;0;0;0;0;0;0;2;2;0
2019-02-27 00:15:58;9;2;0;0;0;0;0;0;2;2;0
2019-02-27 00:16:59;9;2;0;0;0;0;0;0;2;2;0
2019-02-27 00:17:59;9;2;0;0;0;0;0;0;2;2;0
2019-02-27 00:18:58;9;2;0;0;0;0;0;0;2;2;0
2019-02-27 00:19:59;9;2;0;0;0;0;0;0;2;2;0
2019-02-27 00:20:59;10;2;1;0;0;0;0;0;2;2;0
2019-02-27 00:21:58;10;2;1;0;0;0;0;0;2;2;0
2019-02-27 00:22:59;10;2;1;0;0;0;0;0;2;2;0
2019-02-27 00:23:59;11;3;1;0;0;0;0;0;2;2;0
2019-02-27 00:24:58;11;3;1;0;0;0;0;0;2;2;0
2019-02-27 00:25:59;11;3;1;0;0;0;0;0;2;2;0
2019-02-27 00:26:59;11;3;1;0;0;0;0;0;2;2;0
2019-02-27 00:27:58;12;3;1;0;0;0;0;1;2;2;0
2019-02-27 00:28:59;12;3;1;0;0;0;0;1;2;2;0
2019-02-27 00:30:00;12;3;1;0;0;0;0;1;2;2;0
2019-02-27 00:30:59;12;3;1;0;0;0;0;1;2;2;0
2019-02-27 00:31:58;13;3;1;0;0;0;0;1;2;3;0
2019-02-27 00:32:59;13;4;1;0;0;0;0;1;2;2;0
2019-02-27 00:34:00;13;4;1;0;0;0;0;1;2;2;0
2019-02-27 00:34:58;14;5;1;0;0;0;0;1;2;2;0
2019-02-27 00:35:59;14;5;1;0;0;0;0;1;2;2;0
2019-02-27 00:36:58;14;5;1;0;0;0;0;1;2;2;0
2019-02-27 00:37:59;14;5;1;0;0;0;0;1;2;2;0
2019-02-27 00:38:58;14;5;1;0;0;0;0;1;2;2;0
2019-02-27 00:39:59;14;5;1;0;0;0;0;1;2;2;0
2019-02-27 00:40:59;15;6;1;0;0;0;0;1;2;2;0
2019-02-27 00:41:58;15;6;1;0;0;0;0;1;2;2;0
2019-02-27 00:42:59;15;6;1;0;0;0;0;1;2;2;0
2019-02-27 00:43:58;15;6;1;0;0;0;0;1;2;2;0
2019-02-27 00:44:59;16;7;1;0;0;0;0;1;2;2;0
2019-02-27 00:45:59;16;7;1;0;0;0;0;1;2;2;0
2019-02-27 00:46:58;16;7;1;0;0;0;0;1;2;2;0
2019-02-27 00:47:59;19;8;1;0;0;1;0;1;2;2;0
2019-02-27 00:48:59;19;8;1;0;0;1;0;1;2;2;0
2019-02-27 00:49:58;19;8;1;0;0;1;0;1;2;2;0
2019-02-27 00:50:59;19;8;1;0;0;1;0;1;2;2;0
2019-02-27 00:51:59;20;8;1;0;0;2;0;1;2;2;0
2019-02-27 00:52:58;20;8;1;0;0;2;0;1;2;2;0
2019-02-27 00:53:59;20;8;1;0;0;2;0;1;2;2;0
2019-02-27 00:54:59;21;8;2;0;0;2;0;1;2;2;0
2019-02-27 00:55:58;21;8;2;0;0;2;0;1;2;2;0
2019-02-27 00:56:59;21;8;2;0;0;2;0;1;2;2;0
2019-02-27 00:57:58;21;8;2;0;0;2;0;1;2;2;0
2019-02-27 00:58:59;21;8;2;0;0;2;0;1;2;2;0
2019-02-27 00:59:59;22;8;2;0;0;2;0;1;2;2;1
2019-02-27 01:00:58;22;8;2;0;0;2;0;1;2;2;1
2019-02-27 01:01:59;22;8;2;0;0;2;0;1;2;2;1
2019-02-27 01:02:59;22;8;2;0;0;2;0;1;2;2;1
2019-02-27 01:03:58;22;8;2;0;0;2;0;1;2;2;1
2019-02-27 01:04:59;22;8;2;0;0;2;0;1;2;2;1
2019-02-27 01:05:59;22;8;2;0;0;2;0;1;2;2;1
2019-02-27 01:06:58;22;8;2;0;0;2;0;1;2;2;1
2019-02-27 01:07:59;22;8;2;0;0;2;0;1;2;2;1
2019-02-27 01:09:00;22;8;2;0;0;2;0;1;2;2;1
2019-02-27 01:09:58;23;9;2;0;0;2;0;1;2;2;1
2019-02-27 01:10:59;23;9;2;0;0;2;0;1;2;2;1
2019-02-27 01:11:59;23;9;2;0;0;2;0;1;2;2;1
2019-02-27 01:13:00;23;9;2;0;0;2;0;1;2;2;1
2019-02-27 01:13:58;23;9;2;0;0;2;0;1;2;2;1
2019-02-27 01:14:59;23;9;2;0;0;2;0;1;2;2;1
2019-02-27 01:15:58;23;9;2;0;0;2;0;1;2;2;1
2019-02-27 01:16:59;23;9;2;0;0;2;0;1;2;2;1
2019-02-27 01:18:00;23;9;2;0;0;2;0;1;2;2;1
2019-02-27 01:18:58;23;9;2;0;0;2;0;1;2;2;1
2019-02-27 01:19:59;23;9;2;0;0;2;0;1;2;2;1
2019-02-27 01:20:58;23;9;2;0;0;2;0;1;2;2;1
2019-02-27 01:21:59;23;9;2;0;0;2;0;1;2;2;1
2019-02-27 01:22:58;23;9;2;0;0;2;0;1;2;2;1
2019-02-27 01:23:59;23;9;2;0;0;2;0;1;2;2;1
2019-02-27 01:24:58;23;9;2;0;0;2;0;1;2;2;1
2019-02-27 01:25:59;24;10;2;0;0;2;0;1;2;2;1
2019-02-27 01:26:59;24;10;2;0;0;2;0;1;2;2;1
2019-02-27 01:27:58;24;10;2;0;0;2;0;1;2;2;1
2019-02-27 01:28:59;24;10;2;0;0;2;0;1;2;2;1
2019-02-27 01:29:58;24;10;2;0;0;2;0;1;2;2;1
2019-02-27 01:30:59;24;10;2;0;0;2;0;1;2;2;1
2019-02-27 01:31:59;24;10;2;0;0;2;0;1;2;2;1
2019-02-27 01:32:58;24;10;2;0;0;2;0;1;2;2;1
2019-02-27 01:33:59;24;10;2;0;0;2;0;1;2;2;1
2019-02-27 01:34:59;24;10;2;0;0;2;0;1;2;2;1
2019-02-27 01:35:58;24;10;2;0;0;2;0;1;2;2;1
2019-02-27 01:36:59;25;10;2;0;0;2;0;1;2;2;1
2019-02-27 01:37:58;25;10;2;0;0;2;0;1;2;2;1
2019-02-27 01:38:59;25;10;2;0;0;2;0;1;2;2;1
2019-02-27 01:39:59;25;10;2;0;0;2;0;1;2;2;1
2019-02-27 01:41:00;26;10;2;0;0;2;0;1;2;2;0
2019-02-27 01:41:58;26;10;2;0;0;2;0;1;2;2;0
2019-02-27 01:42:59;26;10;2;0;0;2;0;1;2;2;0
2019-02-27 01:43:58;26;10;2;0;0;2;0;1;2;2;0
2019-02-27 01:44:59;26;10;2;0;0;2;0;1;2;2;0
2019-02-27 01:45:58;26;10;2;0;0;2;0;1;2;2;0
2019-02-27 01:46:59;26;10;2;0;0;2;0;1;2;2;0
2019-02-27 01:47:59;26;10;2;0;0;2;0;1;2;2;0
2019-02-27 01:48:58;26;10;2;0;0;2;0;1;2;2;0
2019-02-27 01:49:59;26;10;2;0;0;2;0;1;2;2;0
2019-02-27 01:50:59;26;10;2;0;0;2;0;1;2;2;0
2019-02-27 01:51:58;27;10;2;0;0;2;1;0;2;2;0
2019-02-27 01:52:59;27;10;2;0;0;2;1;0;2;2;0
2019-02-27 01:53:58;27;10;2;0;0;2;1;0;2;2;0
2019-02-27 01:54:59;27;10;2;0;0;2;1;0;2;2;0
2019-02-27 01:55:59;27;10;2;0;0;2;1;0;2;2;0
2019-02-27 01:56:58;27;10;2;0;0;2;1;0;2;2;0
2019-02-27 01:57:59;27;10;2;0;0;2;1;0;2;2;0
2019-02-27 01:58:58;28;11;2;0;0;2;1;0;2;2;0
2019-02-27 01:59:59;28;11;2;0;0;2;1;0;2;2;0
2019-02-27 02:00:59;28;11;2;0;0;2;1;0;2;2;0
2019-02-27 02:01:58;28;11;2;0;0;2;1;0;2;2;0
2019-02-27 02:02:59;28;11;2;0;0;2;1;0;2;2;0
2019-02-27 02:03:58;28;11;2;0;0;2;1;0;2;2;0
2019-02-27 02:04:59;30;13;2;0;0;2;1;0;2;2;0
2019-02-27 02:05:59;30;13;2;0;0;2;1;0;2;2;0
2019-02-27 02:06:58;30;13;2;0;0;2;1;0;2;2;0
2019-02-27 02:07:59;30;13;2;0;0;2;1;0;2;2;0
2019-02-27 02:08:59;30;13;2;0;0;2;1;0;2;2;0
2019-02-27 02:09:58;30;13;2;0;0;2;1;0;2;2;0
2019-02-27 02:10:59;30;13;2;0;0;2;1;0;2;2;0
2019-02-27 02:11:59;30;13;2;0;0;2;1;0;2;2;0
2019-02-27 02:12:58;30;13;2;0;0;2;1;0;2;2;0
2019-02-27 02:13:59;30;13;2;0;0;2;1;0;2;2;0
2019-02-27 02:14:58;30;13;2;0;0;2;1;0;2;2;0
2019-02-27 02:15:59;30;13;2;0;0;2;1;0;2;2;0
2019-02-27 02:16:59;30;13;2;0;0;2;1;0;2;2;0
2019-02-27 02:17:58;30;13;2;0;0;2;1;0;2;2;0
2019-02-27 02:18:59;30;13;2;0;0;2;1;0;2;2;0
2019-02-27 02:19:58;30;13;2;0;0;2;1;0;2;2;0
2019-02-27 02:20:59;30;13;2;0;0;2;1;0;2;2;0
2019-02-27 02:21:59;31;13;2;0;0;2;2;1;2;2;0
2019-02-27 02:22:58;31;13;2;0;0;2;2;1;2;2;0
2019-02-27 02:23:59;31;13;2;0;0;2;2;1;2;2;0
2019-02-27 02:24:59;31;13;2;0;0;2;2;1;2;2;0
2019-02-27 02:25:59;31;13;2;0;0;2;2;1;2;2;0
2019-02-27 02:26:58;31;13;2;0;0;2;2;1;2;2;0
2019-02-27 02:27:59;31;13;2;0;0;2;2;1;2;2;0
2019-02-27 02:28:58;31;13;2;0;0;2;2;1;2;2;0
2019-02-27 02:29:59;31;13;2;0;0;2;2;1;2;2;0
2019-02-27 02:30:59;31;13;2;0;0;2;2;1;2;2;0
2019-02-27 02:31:58;31;13;2;0;0;2;2;1;2;2;0
2019-02-27 02:32:59;31;13;2;0;0;2;2;1;2;2;0
2019-02-27 02:33:59;31;13;2;0;0;2;2;1;2;2;0
2019-02-27 02:34:58;31;13;2;0;0;2;2;1;2;2;0
2019-02-27 02:35:59;31;13;2;0;0;2;2;1;2;2;0
2019-02-27 02:36:58;31;13;2;0;0;2;2;1;2;2;0
2019-02-27 02:37:59;31;13;2;0;0;2;2;1;2;2;0
2019-02-27 02:38:59;31;13;2;0;0;2;2;1;2;2;0
2019-02-27 02:39:58;31;13;2;0;0;2;2;1;2;2;0
2019-02-27 02:40:59;31;13;2;0;0;2;2;1;2;2;0
2019-02-27 02:41:58;31;13;2;0;0;2;2;1;2;2;0
2019-02-27 02:42:59;31;13;2;0;0;2;2;1;2;2;0
2019-02-27 02:43:58;31;13;2;0;0;2;2;1;2;2;0
2019-02-27 02:44:59;31;13;2;0;0;2;2;1;2;2;0
2019-02-27 02:45:58;31;13;2;0;0;2;2;1;2;2;0
2019-02-27 02:46:59;31;13;2;0;0;2;2;1;2;2;0
2019-02-27 02:47:58;31;13;2;0;0;2;2;1;2;2;0
2019-02-27 02:48:59;31;13;2;0;0;2;2;1;2;2;0
2019-02-27 02:49:59;31;13;2;0;0;2;2;1;2;2;0
2019-02-27 02:50:58;31;13;2;0;0;2;2;1;2;2;0
2019-02-27 02:51:59;31;13;2;0;0;2;2;1;2;2;0
2019-02-27 02:52:59;31;13;2;0;0;2;2;1;2;2;0
2019-02-27 02:53:58;31;13;2;0;0;2;2;1;2;2;0
2019-02-27 02:54:59;31;13;2;0;0;2;2;1;2;2;0
2019-02-27 02:55:58;31;13;2;0;0;2;2;1;2;2;0
2019-02-27 02:56:59;31;13;2;0;0;2;2;1;2;2;0
2019-02-27 02:57:58;31;13;2;0;0;2;2;1;2;2;0
2019-02-27 02:58:59;31;13;2;0;0;2;2;1;2;2;0
2019-02-27 02:59:58;31;13;2;0;0;2;2;1;2;2;0
2019-02-27 03:00:59;32;14;2;0;0;2;2;1;2;2;0
2019-02-27 03:01:58;32;14;2;0;0;2;2;1;2;2;0
2019-02-27 03:02:59;32;14;2;0;0;2;2;1;2;2;0
2019-02-27 03:03:59;32;14;2;0;0;2;2;1;2;2;0
2019-02-27 03:04:58;32;14;2;0;0;2;2;1;2;2;0
2019-02-27 03:05:59;32;14;2;0;0;2;2;1;2;2;0
2019-02-27 03:06:59;32;14;2;0;0;2;2;1;2;2;0
2019-02-27 03:07:58;32;14;2;0;0;2;2;1;2;2;0
2019-02-27 03:08:59;32;14;2;0;0;2;2;1;2;2;0
2019-02-27 03:09:58;33;13;2;1;0;2;2;2;2;2;1
2019-02-27 03:10:59;33;13;2;1;0;2;2;2;2;2;1
2019-02-27 03:11:59;33;13;2;1;0;2;2;2;2;2;1
2019-02-27 03:12:58;34;13;3;1;0;2;2;2;2;2;1
2019-02-27 03:13:59;35;14;3;1;0;2;2;2;2;2;1
2019-02-27 03:14:58;35;14;3;1;0;2;2;2;2;2;1
2019-02-27 03:15:59;35;14;3;1;0;2;2;2;2;2;1
2019-02-27 03:16:59;35;14;3;1;0;2;2;2;2;2;1
2019-02-27 03:17:58;36;14;3;1;0;2;2;2;2;2;0
2019-02-27 03:18:59;36;14;3;1;0;2;2;2;2;2;0
2019-02-27 03:19:59;36;14;3;1;0;2;2;2;2;2;0
2019-02-27 03:20:58;36;14;3;1;0;2;2;2;2;2;0
2019-02-27 03:21:59;36;14;3;1;0;2;2;2;2;2;0
2019-02-27 03:22:58;36;14;3;1;0;2;2;2;2;2;0
2019-02-27 03:23:59;36;14;3;1;0;2;2;2;2;2;0
2019-02-27 03:24:59;36;14;3;1;0;2;2;2;2;2;0
2019-02-27 03:25:58;36;14;3;1;0;2;2;2;2;2;0
2019-02-27 03:26:59;36;14;3;1;0;2;2;2;2;2;0
2019-02-27 03:27:59;36;14;3;1;0;2;2;2;2;2;0
2019-02-27 03:28:58;36;15;3;1;0;2;2;2;2;2;1
2019-02-27 03:29:59;36;15;3;1;0;2;2;2;2;2;1
2019-02-27 03:30:58;36;15;3;1;0;2;2;2;2;2;1
2019-02-27 03:31:59;37;16;3;1;0;2;2;2;2;2;1
2019-02-27 03:32:59;37;16;3;1;0;2;2;2;2;2;1
2019-02-27 03:33:58;37;16;3;1;0;2;2;2;2;2;1
2019-02-27 03:34:59;37;16;3;1;0;2;2;2;2;2;1
2019-02-27 03:35:59;37;16;3;1;0;2;2;2;2;2;1
2019-02-27 03:36:58;37;16;3;1;0;2;2;2;2;2;1
2019-02-27 03:37:59;37;16;3;1;0;2;2;2;2;2;1
2019-02-27 03:38:58;37;16;3;1;0;2;2;2;2;2;1
2019-02-27 03:39:59;37;16;3;1;0;2;2;2;2;2;1
2019-02-27 03:40:58;37;16;3;1;0;2;2;2;2;2;1
2019-02-27 03:41:59;37;16;3;1;0;2;2;2;2;2;1
2019-02-27 03:42:59;37;16;3;1;0;2;2;2;2;2;1
2019-02-27 03:43:58;37;16;3;1;0;2;2;2;2;2;1
2019-02-27 03:44:59;37;16;3;1;0;2;2;2;2;2;1
2019-02-27 03:45:59;37;16;3;1;0;2;2;2;2;2;1
2019-02-27 03:46:58;37;16;3;1;0;2;2;2;2;2;1
2019-02-27 03:47:59;37;16;3;1;0;2;2;2;2;2;1
2019-02-27 03:48:58;37;16;3;1;0;2;2;2;2;2;1
2019-02-27 03:49:59;37;16;3;1;0;2;2;2;2;2;1
2019-02-27 03:50:59;37;16;3;1;0;2;2;2;2;2;1
2019-02-27 03:51:58;37;16;3;1;0;2;2;2;2;2;1
2019-02-27 03:52:59;37;16;3;1;0;2;2;2;2;2;1
2019-02-27 03:53:59;37;16;3;1;0;2;2;2;2;2;1
2019-02-27 03:54:58;37;16;3;1;0;2;2;2;2;2;1
2019-02-27 03:55:59;37;16;3;1;0;2;2;2;2;2;1
2019-02-27 03:56:58;37;16;3;1;0;2;2;2;2;2;1
2019-02-27 03:57:59;37;16;3;1;0;2;2;2;2;2;1
2019-02-27 03:58:59;37;16;3;1;0;2;2;2;2;2;1
2019-02-27 03:59:58;37;16;3;1;0;2;2;2;2;2;1
2019-02-27 04:00:59;37;16;3;1;0;2;2;2;2;2;1
2019-02-27 04:01:58;37;16;3;1;0;2;2;2;2;2;1
2019-02-27 04:02:59;37;16;3;1;0;2;2;2;2;2;1
2019-02-27 04:03:59;37;16;3;1;0;2;2;2;2;2;1
2019-02-27 04:04:58;37;16;3;1;0;2;2;2;2;2;1
2019-02-27 04:05:59;37;16;3;1;0;2;2;2;2;2;1
2019-02-27 04:06:59;38;16;4;1;0;2;2;2;2;2;1
2019-02-27 04:07:58;38;16;4;1;0;2;2;2;2;2;1
2019-02-27 04:08:59;38;16;4;1;0;2;2;2;2;2;1
2019-02-27 04:09:58;38;16;4;1;0;2;2;2;2;2;1
2019-02-27 04:10:59;38;16;4;1;0;2;2;2;2;2;1
2019-02-27 04:11:59;38;16;4;1;0;2;2;2;2;2;1
2019-02-27 04:12:58;38;16;4;1;0;2;2;2;2;2;1
2019-02-27 04:13:59;38;16;4;1;0;2;2;2;2;2;1
2019-02-27 04:14:58;38;16;4;1;0;2;2;2;2;2;1
2019-02-27 04:15:59;38;16;4;1;0;2;2;2;2;2;1
2019-02-27 04:16:59;38;16;4;1;0;2;2;2;2;2;1
2019-02-27 04:17:58;38;16;4;1;0;2;2;2;2;2;1
2019-02-27 04:18:59;38;16;4;1;0;2;2;2;2;2;1
2019-02-27 04:19:59;38;16;4;1;0;2;2;2;2;2;1
2019-02-27 04:20:58;38;16;4;1;0;2;2;2;2;2;1
2019-02-27 04:21:59;38;16;4;1;0;2;2;2;2;2;1
2019-02-27 04:22:58;38;16;4;1;0;2;2;2;2;2;1
2019-02-27 04:23:59;38;16;4;1;0;2;2;2;2;2;1
2019-02-27 04:24:58;38;16;4;1;0;2;2;2;2;2;1
2019-02-27 04:25:59;38;16;4;1;0;2;2;2;2;2;1
2019-02-27 04:26:59;39;16;4;1;0;2;2;2;3;2;1
2019-02-27 04:27:58;39;16;4;1;0;2;2;2;3;2;1
2019-02-27 04:28:59;39;16;4;1;0;2;2;2;3;2;1
2019-02-27 04:29:59;39;16;4;1;0;2;2;2;3;2;1
2019-02-27 04:30:58;39;16;4;1;0;2;2;2;3;2;1
2019-02-27 04:31:59;39;16;4;1;0;2;2;2;3;2;1
2019-02-27 04:32:58;39;16;4;1;0;2;2;2;3;2;1
2019-02-27 04:33:59;39;16;4;1;0;2;2;2;3;2;1
2019-02-27 04:34:58;39;16;4;1;0;2;2;2;3;2;1
2019-02-27 04:35:59;39;16;4;1;0;2;2;2;3;2;1
2019-02-27 04:36:59;39;16;4;1;0;2;2;2;3;2;1
2019-02-27 04:37:58;39;16;4;1;0;2;2;2;3;2;1
2019-02-27 04:38:59;39;16;4;1;0;2;2;2;3;2;1
2019-02-27 04:39:59;39;16;4;1;0;2;2;2;3;2;1
2019-02-27 04:40:58;39;16;4;1;0;2;2;2;3;2;1
2019-02-27 04:41:59;39;16;4;1;0;2;2;2;3;2;1
2019-02-27 04:42:58;39;16;4;1;0;2;2;2;3;2;1
2019-02-27 04:43:59;39;16;4;1;0;2;2;2;3;2;1
2019-02-27 04:44:59;39;16;4;1;0;2;2;2;3;2;1
2019-02-27 04:45:58;40;16;4;1;0;3;2;2;3;2;1
2019-02-27 04:46:59;40;16;4;1;0;3;2;2;3;2;1
2019-02-27 04:47:58;40;16;4;1;0;3;2;2;3;2;1
2019-02-27 04:48:59;40;16;4;1;0;3;2;2;3;2;1
2019-02-27 04:49:58;40;16;4;1;0;3;2;2;3;2;1
2019-02-27 04:50:59;40;16;4;1;0;3;2;2;3;2;1
2019-02-27 04:51:59;40;16;4;1;0;3;2;2;3;2;1
2019-02-27 04:52:58;40;16;4;1;0;3;2;2;3;2;1
2019-02-27 04:53:59;40;16;4;1;0;3;2;2;3;2;1
2019-02-27 04:54:58;40;16;4;1;0;3;2;2;3;2;1
2019-02-27 04:55:59;40;16;4;1;0;3;2;2;3;2;1
2019-02-27 04:56:59;40;16;4;1;0;3;2;2;3;2;1
2019-02-27 04:57:58;40;16;4;1;0;3;2;2;3;2;1
2019-02-27 04:58:59;40;16;4;1;0;3;2;2;3;2;1
2019-02-27 04:59:59;40;16;4;1;0;3;2;2;3;2;1
2019-02-27 05:00:58;41;17;4;1;0;3;2;2;3;2;1
2019-02-27 05:01:59;41;17;4;1;0;3;2;2;3;2;1
2019-02-27 05:02:58;41;17;4;1;0;3;2;2;3;2;1
2019-02-27 05:03:59;41;17;4;1;0;3;2;2;3;2;1
2019-02-27 05:05:00;41;17;4;1;0;3;2;2;3;2;1
2019-02-27 05:05:58;41;17;4;1;0;3;2;2;3;2;1
2019-02-27 05:06:59;41;17;4;1;0;3;2;2;3;2;1
2019-02-27 05:07:58;41;17;4;1;0;3;2;2;3;2;1
2019-02-27 05:08:59;41;17;4;1;0;3;2;2;3;2;1
2019-02-27 05:09:59;41;17;4;1;0;3;2;2;3;2;1
2019-02-27 05:10:58;41;17;4;1;0;3;2;2;3;2;1
2019-02-27 05:11:59;41;17;4;1;0;3;2;2;3;2;1
2019-02-27 05:12:59;41;17;4;1;0;3;2;2;3;2;1
2019-02-27 05:13:58;41;17;4;1;0;3;2;2;3;2;1
2019-02-27 05:14:59;41;17;4;1;0;3;2;2;3;2;1
2019-02-27 05:15:59;41;17;4;1;0;3;2;2;3;2;1
2019-02-27 05:16:58;41;17;4;1;0;3;2;2;3;2;1
2019-02-27 05:17:59;41;17;4;1;0;3;2;2;3;2;1
2019-02-27 05:18:58;41;17;4;1;0;3;2;2;3;2;1
2019-02-27 05:19:59;41;17;4;1;0;3;2;2;3;2;1
2019-02-27 05:20:58;41;17;4;1;0;3;2;2;3;2;1
2019-02-27 05:21:59;41;17;4;1;0;3;2;2;3;2;1
2019-02-27 05:22:59;41;17;4;1;0;3;2;2;3;2;1
2019-02-27 05:23:58;41;17;4;1;0;3;2;2;3;2;1
2019-02-27 05:24:59;41;17;4;1;0;3;2;2;3;2;1
2019-02-27 05:25:59;41;17;4;1;0;3;2;2;3;2;1
2019-02-27 05:26:58;41;17;4;1;0;3;2;2;3;2;1
2019-02-27 05:27:59;41;17;4;1;0;3;2;2;3;2;1
2019-02-27 05:28:59;41;17;4;1;0;3;2;2;3;2;1
2019-02-27 05:29:58;41;17;4;1;0;3;2;2;3;2;1
2019-02-27 05:30:59;41;17;4;1;0;3;2;2;3;2;1
2019-02-27 05:31:59;41;17;4;1;0;3;2;2;3;2;1
2019-02-27 05:32:58;41;17;4;1;0;3;2;2;3;2;1
2019-02-27 05:33:59;41;17;4;1;0;3;2;2;3;2;1
2019-02-27 05:34:58;41;17;4;1;0;3;2;2;3;2;1
2019-02-27 05:35:59;41;17;4;1;0;3;2;2;3;2;1
2019-02-27 05:36:59;41;17;4;1;0;3;2;2;3;2;1
2019-02-27 05:37:58;41;17;4;1;0;3;2;2;3;2;1
2019-02-27 05:38:59;41;17;4;1;0;3;2;2;3;2;1
2019-02-27 05:39:58;41;17;4;1;0;3;2;2;3;2;1
2019-02-27 05:40:59;42;17;4;1;0;3;2;2;3;2;0
2019-02-27 05:41:59;42;18;4;1;0;3;2;2;3;2;1
2019-02-27 05:42:58;42;18;4;1;0;3;2;2;3;2;1
2019-02-27 05:43:59;42;18;4;1;0;3;2;2;3;2;1
2019-02-27 05:44:59;42;18;4;1;0;3;2;2;3;2;1
2019-02-27 05:45:58;42;18;4;1;0;3;2;2;3;2;1
2019-02-27 05:46:59;42;18;4;1;0;3;2;2;3;2;1
2019-02-27 05:47:59;43;19;4;1;0;3;2;2;3;2;1
2019-02-27 05:48:58;43;19;4;1;0;3;2;2;3;2;1
2019-02-27 05:49:59;43;19;4;1;0;3;2;2;3;2;1
2019-02-27 05:50:58;43;19;4;1;0;3;2;2;3;2;1
2019-02-27 05:51:59;43;19;4;1;0;3;2;2;3;2;1
2019-02-27 05:52:59;43;19;4;1;0;3;2;2;3;2;1
2019-02-27 05:53:58;43;19;4;1;0;3;2;2;3;2;1
2019-02-27 05:54:59;43;19;4;1;0;3;2;2;3;2;1
2019-02-27 05:55:58;43;19;4;1;0;3;2;2;3;2;1
2019-02-27 05:56:59;43;19;4;1;0;3;2;2;3;2;1
2019-02-27 05:57:58;43;19;4;1;0;3;2;2;3;2;1
2019-02-27 05:58:59;44;20;4;1;0;3;2;2;3;2;1
2019-02-27 05:59:59;44;20;4;1;0;3;2;2;3;2;1
2019-02-27 06:00:58;44;20;4;1;0;3;2;2;3;2;1
2019-02-27 06:01:59;44;20;4;1;0;3;2;2;3;2;1
2019-02-27 06:02:59;44;20;4;1;0;3;2;2;3;2;1
2019-02-27 06:03:58;44;20;4;1;0;3;2;2;3;2;1
2019-02-27 06:04:59;44;20;4;1;0;3;2;2;3;2;1
2019-02-27 06:05:58;44;20;4;1;0;3;2;2;3;2;1
2019-02-27 06:06:59;44;20;4;1;0;3;2;2;3;2;1
2019-02-27 06:07:58;44;20;4;1;0;3;2;2;3;2;1
2019-02-27 06:08:59;44;20;4;1;0;3;2;2;3;2;1
2019-02-27 06:09:58;44;20;4;1;0;3;2;2;3;2;1
2019-02-27 06:10:59;44;20;4;1;0;3;2;2;3;2;1
2019-02-27 06:11:59;44;20;4;1;0;3;2;2;3;2;1
2019-02-27 06:12:58;44;20;4;1;0;3;2;2;3;2;1
2019-02-27 06:13:59;45;20;4;1;0;3;2;2;3;2;0
2019-02-27 06:14:59;45;20;4;1;0;3;2;2;3;2;0
2019-02-27 06:15:58;45;20;4;1;0;3;2;2;3;2;0
2019-02-27 06:16:59;45;20;4;1;0;3;2;2;3;2;0
2019-02-27 06:17:58;45;20;4;1;0;3;2;2;3;2;0
2019-02-27 06:18:59;45;20;4;1;0;3;2;2;3;2;0
2019-02-27 06:19:59;45;20;4;1;0;3;2;2;3;2;0
2019-02-27 06:20:58;45;20;4;1;0;3;2;2;3;2;0
2019-02-27 06:21:59;45;20;4;1;0;3;2;2;3;2;0
2019-02-27 06:22:59;45;20;4;1;0;3;2;2;3;2;0
2019-02-27 06:23:58;46;21;4;1;0;3;2;2;3;2;0
2019-02-27 06:24:59;46;21;4;1;0;3;2;2;3;2;0
2019-02-27 06:25:58;46;21;4;1;0;3;2;2;3;2;0
2019-02-27 06:26:59;46;21;4;1;0;3;2;2;3;2;0
2019-02-27 06:27:59;46;21;4;1;0;3;2;2;3;2;0
2019-02-27 06:28:58;47;22;4;1;0;3;2;2;3;2;0
2019-02-27 06:29:59;47;22;4;1;0;3;2;2;3;2;0
2019-02-27 06:30:59;47;22;4;1;0;3;2;2;3;2;0
2019-02-27 06:31:58;47;22;4;1;0;3;2;2;3;2;0
2019-02-27 06:32:59;47;22;4;1;0;3;2;2;3;2;0
2019-02-27 06:33:59;47;22;4;1;0;3;2;2;3;2;0
2019-02-27 06:34:58;47;22;4;1;0;3;2;2;3;2;0
2019-02-27 06:35:59;47;22;4;1;0;3;2;2;3;2;0
2019-02-27 06:36:58;47;22;4;1;0;3;2;2;3;2;0
2019-02-27 06:37:59;47;22;4;1;0;3;2;2;3;2;0
2019-02-27 06:38:59;47;22;4;1;0;3;2;2;3;2;0
2019-02-27 06:39:58;47;22;4;1;0;3;2;2;3;2;0
2019-02-27 06:40:59;47;22;4;1;0;3;2;2;3;2;0
2019-02-27 06:41:58;47;22;4;1;0;3;2;2;3;2;0
2019-02-27 06:42:59;47;22;4;1;0;3;2;2;3;2;0
2019-02-27 06:43:59;47;22;4;1;0;3;2;2;3;2;0
2019-02-27 06:44:59;47;22;4;1;0;3;2;2;3;2;0
2019-02-27 06:45:59;47;22;4;1;0;3;2;2;3;2;0
2019-02-27 06:46:59;47;22;4;1;0;3;2;2;3;2;0
2019-02-27 06:47:58;47;22;4;1;0;3;2;2;3;2;0
2019-02-27 06:48:59;47;22;4;1;0;3;2;2;3;2;0
2019-02-27 06:49:59;47;22;4;1;0;3;2;2;3;2;0
2019-02-27 06:50:58;47;22;4;1;0;3;2;2;3;2;0
2019-02-27 06:51:59;47;22;4;1;0;3;2;2;3;2;0
2019-02-27 06:52:59;48;23;4;1;0;3;2;2;3;2;0
2019-02-27 06:53:58;48;23;4;1;0;3;2;2;3;2;0
2019-02-27 06:54:59;48;23;4;1;0;3;2;2;3;2;0
2019-02-27 06:55:58;48;23;4;1;0;3;2;2;3;2;0
2019-02-27 06:56:59;48;23;4;1;0;3;2;2;3;2;0
2019-02-27 06:57:59;48;23;4;1;0;3;2;2;3;2;0
2019-02-27 06:58:58;50;23;4;3;0;3;2;2;3;2;1
2019-02-27 06:59:59;50;23;4;3;0;3;2;2;3;2;1
2019-02-27 07:00:58;50;23;4;3;0;3;2;2;3;2;1
2019-02-27 07:01:59;50;23;4;3;0;3;2;2;3;2;1
2019-02-27 07:02:59;50;23;4;3;0;3;2;2;3;2;1
2019-02-27 07:03:58;50;23;4;3;0;3;2;2;3;2;1
2019-02-27 07:04:59;50;23;4;3;0;3;2;2;3;2;1
2019-02-27 07:05:58;51;23;5;3;0;3;2;2;3;2;1
2019-02-27 07:06:59;51;23;5;3;0;3;2;2;3;2;1
2019-02-27 07:07:59;51;23;5;3;0;3;2;2;3;2;1
2019-02-27 07:08:58;51;23;5;3;0;3;2;2;3;2;1
2019-02-27 07:09:59;52;23;6;3;0;3;2;2;3;2;1
2019-02-27 07:10:58;52;23;6;3;0;3;2;2;3;2;1
2019-02-27 07:11:59;52;23;6;3;0;3;2;2;3;2;1
2019-02-27 07:12:59;52;23;6;3;0;3;2;2;3;2;1
2019-02-27 07:13:58;52;23;6;3;0;3;2;2;3;2;1
2019-02-27 07:14:59;52;23;6;3;0;3;2;2;3;2;1
2019-02-27 07:15:58;52;23;6;3;0;3;2;2;3;2;1
2019-02-27 07:16:59;52;23;6;3;0;3;2;2;3;2;1
2019-02-27 07:17:58;53;23;6;3;0;3;2;2;3;2;0
2019-02-27 07:18:59;53;23;6;3;0;3;2;2;3;2;0
2019-02-27 07:19:58;53;23;6;3;0;3;2;2;3;2;0
2019-02-27 07:20:59;53;23;6;3;0;3;2;2;3;2;0
2019-02-27 07:21:58;53;23;6;3;0;3;2;2;3;2;0
2019-02-27 07:22:59;53;23;6;3;0;3;2;2;3;2;0
2019-02-27 07:23:58;53;23;6;3;0;3;2;2;3;2;0
2019-02-27 07:24:59;53;23;6;3;0;3;2;2;3;2;0
2019-02-27 07:25:59;53;23;6;3;0;3;2;2;3;2;0
2019-02-27 07:26:58;53;23;6;3;0;3;2;2;3;2;0
2019-02-27 07:27:59;54;24;6;3;0;3;2;2;3;2;0
2019-02-27 07:28:59;54;24;6;3;0;3;2;2;3;2;0
2019-02-27 07:29:58;54;24;6;3;0;3;2;2;3;2;0
2019-02-27 07:30:59;54;24;6;3;0;3;2;2;3;2;0
2019-02-27 07:31:59;54;24;6;3;0;3;2;2;3;2;0
2019-02-27 07:32:59;54;24;6;3;0;3;2;2;3;2;0
2019-02-27 07:33:58;54;24;6;3;0;3;2;2;3;2;0
2019-02-27 07:34:59;54;24;6;3;0;3;2;2;3;2;0
2019-02-27 07:35:59;54;24;6;3;0;3;2;2;3;2;0
2019-02-27 07:36:58;54;24;6;3;0;3;2;2;3;2;0
2019-02-27 07:37:59;54;24;6;3;0;3;2;2;3;2;0
2019-02-27 07:39:00;55;25;6;3;0;3;2;2;3;2;0
2019-02-27 07:39:58;55;25;6;3;0;3;2;2;3;2;0
2019-02-27 07:40:59;55;25;6;3;0;3;2;2;3;2;0
2019-02-27 07:41:58;55;25;6;3;0;3;2;2;3;2;0
2019-02-27 07:42:59;55;25;6;3;0;3;2;2;3;2;0
2019-02-27 07:43:59;55;25;6;3;0;3;2;2;3;2;0
2019-02-27 07:44:59;56;25;6;3;2;3;2;2;3;2;0
2019-02-27 07:45:59;56;25;6;3;2;3;2;2;3;2;0
2019-02-27 07:46:58;56;25;6;3;2;3;2;2;3;2;0
2019-02-27 07:47:59;56;25;6;3;2;3;2;2;3;2;0
2019-02-27 07:48:58;56;25;6;3;2;3;2;2;3;2;0
2019-02-27 07:49:59;56;25;6;3;2;3;2;2;3;2;0
2019-02-27 07:50:59;56;25;6;3;2;3;2;2;3;2;0
2019-02-27 07:51:58;56;25;6;3;2;3;2;2;3;2;0
2019-02-27 07:52:59;56;25;6;3;2;3;2;2;3;2;0
2019-02-27 07:53:58;56;25;6;3;2;3;2;2;3;2;0
2019-02-27 07:54:59;56;25;6;3;2;3;2;2;3;2;0
2019-02-27 07:55:59;56;25;6;3;2;3;2;2;3;2;0
2019-02-27 07:56:58;56;25;6;3;2;3;2;2;3;2;0
2019-02-27 07:57:59;56;25;6;3;2;3;2;2;3;2;0
2019-02-27 07:58:58;56;25;6;3;2;3;2;2;3;2;0
2019-02-27 07:59:59;56;25;6;3;2;3;2;2;3;2;0
2019-02-27 08:00:59;56;25;6;3;2;3;2;2;3;2;0
2019-02-27 08:01:58;56;25;6;3;2;3;2;2;3;2;0
2019-02-27 08:02:59;56;25;6;3;2;3;2;2;3;2;0
2019-02-27 08:03:59;56;25;6;3;2;3;2;2;3;2;0
2019-02-27 08:04:59;56;25;6;3;2;3;2;2;3;2;0
2019-02-27 08:05:58;56;25;6;3;2;3;2;2;3;2;0
2019-02-27 08:06:59;56;25;6;3;2;3;2;2;3;2;0
2019-02-27 08:07:59;58;26;6;3;0;3;2;2;3;2;2
2019-02-27 08:08:58;59;26;6;4;0;3;2;2;3;2;2
2019-02-27 08:09:59;59;26;6;4;0;3;2;2;3;2;2
2019-02-27 08:10:59;59;26;6;4;0;3;2;2;3;2;2
2019-02-27 08:11:58;59;26;6;4;0;3;2;2;3;2;2
2019-02-27 08:12:59;59;26;6;4;0;3;2;2;3;2;2
2019-02-27 08:13:58;59;26;6;4;0;3;2;2;3;2;2
2019-02-27 08:14:59;59;26;6;4;0;3;2;2;3;2;2
2019-02-27 08:15:59;59;26;6;4;0;3;2;2;3;2;2
2019-02-27 08:16:58;59;26;6;4;0;3;2;2;3;2;2
2019-02-27 08:17:59;59;26;6;4;0;3;2;2;3;2;2
2019-02-27 08:18:58;60;26;6;4;0;3;3;2;3;2;2
2019-02-27 08:19:59;60;26;6;4;0;3;3;2;3;2;2
2019-02-27 08:20:59;60;26;6;4;0;3;3;2;3;2;2
2019-02-27 08:21:58;60;26;6;4;0;3;3;2;3;2;2
2019-02-27 08:22:59;61;27;6;4;0;3;3;2;3;2;2
2019-02-27 08:23:58;61;26;6;5;0;3;3;2;3;2;2
2019-02-27 08:24:59;61;26;6;5;0;3;3;2;3;2;2
2019-02-27 08:26:00;61;27;6;4;0;3;3;2;3;2;2
2019-02-27 08:26:58;61;27;6;4;0;3;3;2;3;2;2
2019-02-27 08:27:59;61;27;6;4;0;3;3;2;3;2;2
2019-02-27 08:28:58;61;27;6;4;0;3;3;2;3;2;2
2019-02-27 08:29:59;61;27;6;4;0;3;3;2;3;2;2
2019-02-27 08:30:59;61;27;6;4;0;3;3;2;3;2;2
2019-02-27 08:31:58;61;27;6;4;0;3;3;2;3;2;2
2019-02-27 08:32:59;61;27;6;4;0;3;3;2;3;2;2
2019-02-27 08:33:58;61;27;6;4;0;3;3;2;3;2;2
2019-02-27 08:34:59;61;27;6;4;0;3;3;2;3;2;2
2019-02-27 08:35:59;62;28;6;4;0;3;3;2;3;2;2
2019-02-27 08:36:58;62;28;6;4;0;3;3;2;3;2;2
2019-02-27 08:37:59;62;28;6;4;0;3;3;2;3;2;2
2019-02-27 08:38:59;62;28;6;4;0;3;3;2;3;2;2
2019-02-27 08:39:58;62;28;6;4;0;3;3;2;3;2;2
2019-02-27 08:40:59;62;28;6;4;0;3;3;2;3;2;2
2019-02-27 08:41:59;62;28;6;4;0;3;3;2;3;2;2
2019-02-27 08:42:58;62;28;6;4;0;3;3;2;3;2;2
2019-02-27 08:43:59;62;28;6;4;0;3;3;2;3;2;2
2019-02-27 08:44:58;62;28;6;4;0;3;3;2;3;2;2
2019-02-27 08:45:59;62;28;6;4;0;3;3;2;3;2;2
2019-02-27 08:46:59;62;28;6;4;0;3;3;2;3;2;2
2019-02-27 08:47:58;62;28;6;4;0;3;3;2;3;2;2
2019-02-27 08:48:58;62;28;6;4;0;3;3;2;3;2;2
2019-02-27 08:49:59;62;28;6;4;0;3;3;2;3;2;2
2019-02-27 08:50:58;62;28;6;4;0;3;3;2;3;2;2
2019-02-27 08:51:59;62;28;6;4;0;3;3;2;3;2;2
2019-02-27 08:52:59;63;29;6;4;0;3;3;2;3;2;2
2019-02-27 08:53:58;63;29;6;4;0;3;3;2;3;2;2
2019-02-27 08:54:59;63;29;6;4;0;3;3;2;3;2;2
2019-02-27 08:55:59;63;29;6;4;0;3;3;2;3;2;2
2019-02-27 08:56:58;63;29;6;4;0;3;3;2;3;2;2
2019-02-27 08:57:59;63;29;6;4;0;3;3;2;3;2;2
2019-02-27 08:58:58;63;29;6;4;0;3;3;2;3;2;2
2019-02-27 08:59:59;63;29;6;4;0;3;3;2;3;2;2
2019-02-27 09:00:59;63;29;6;4;0;3;3;2;3;2;2
2019-02-27 09:01:58;63;29;6;4;0;3;3;2;3;2;2
2019-02-27 09:02:59;63;29;6;4;0;3;3;2;3;2;2
2019-02-27 09:04:00;63;29;6;4;0;3;3;2;3;2;2
2019-02-27 09:04:58;63;29;6;4;0;3;3;2;3;2;2
2019-02-27 09:05:59;63;29;6;4;0;3;3;2;3;2;2
2019-02-27 09:06:58;63;29;6;4;0;3;3;2;3;2;2
2019-02-27 09:07:59;63;29;6;4;0;3;3;2;3;2;2
2019-02-27 09:08:59;63;29;6;4;0;3;3;2;3;2;2
2019-02-27 09:09:58;63;29;6;4;0;3;3;2;3;2;2
2019-02-27 09:10:59;64;29;6;5;0;3;3;2;3;2;2
2019-02-27 09:11:58;64;29;6;5;0;3;3;2;3;2;2
2019-02-27 09:12:59;65;29;6;6;0;3;3;2;3;2;2
2019-02-27 09:13:59;66;30;6;6;0;3;3;2;3;2;2
2019-02-27 09:14:58;66;30;6;6;0;3;3;2;3;2;2
2019-02-27 09:15:59;66;30;6;6;0;3;3;2;3;2;2
2019-02-27 09:16:59;66;30;6;6;0;3;3;2;3;2;2
2019-02-27 09:17:58;66;30;6;6;0;3;3;2;3;2;2
2019-02-27 09:18:59;66;30;6;6;0;3;3;2;3;2;2
2019-02-27 09:19:59;66;30;6;6;0;3;3;2;3;2;2
2019-02-27 09:20:58;66;30;6;6;0;3;3;2;3;2;2
2019-02-27 09:21:59;66;30;6;6;0;3;3;2;3;2;2
2019-02-27 09:22:58;67;31;6;6;0;3;3;2;3;2;2
2019-02-27 09:23:59;67;31;6;6;0;3;3;2;3;2;2
2019-02-27 09:24:59;67;31;6;6;0;3;3;2;3;2;2
2019-02-27 09:25:58;67;31;6;6;0;3;3;2;3;2;2
2019-02-27 09:26:59;68;32;6;6;0;3;3;2;3;2;2
2019-02-27 09:27:58;68;32;6;6;0;3;3;2;3;2;2
2019-02-27 09:28:59;68;32;6;6;0;3;3;2;3;2;2
2019-02-27 09:29:59;68;32;6;6;0;3;3;2;3;2;2
2019-02-27 09:30:58;68;32;6;6;0;3;3;2;3;2;2
2019-02-27 09:31:59;68;32;6;6;0;3;3;2;3;2;2
2019-02-27 09:32:59;68;32;6;6;0;3;3;2;3;2;2
2019-02-27 09:33:59;69;32;6;6;0;3;3;3;3;2;2
2019-02-27 09:34:59;69;32;6;6;0;3;3;3;3;2;2
2019-02-27 09:35:58;70;33;6;6;0;3;3;3;3;2;2
2019-02-27 09:36:59;71;34;6;6;0;3;3;3;3;2;2
2019-02-27 09:37:59;71;34;6;6;0;3;3;3;3;2;2
2019-02-27 09:38:58;72;35;6;6;0;3;3;3;3;2;2
2019-02-27 09:39:59;72;35;6;6;0;3;3;3;3;2;2
2019-02-27 09:40:58;72;35;6;6;0;3;3;3;3;2;2
2019-02-27 09:41:59;73;36;6;6;0;3;3;3;3;2;2
2019-02-27 09:42:59;73;36;6;6;0;3;3;3;3;2;2
2019-02-27 09:43:58;74;36;7;6;0;3;3;3;3;2;2
2019-02-27 09:44:59;74;36;7;6;0;3;3;3;3;2;2
2019-02-27 09:45:58;74;36;7;6;0;3;3;3;3;2;2
2019-02-27 09:46:59;74;36;7;6;0;3;3;3;3;2;2
2019-02-27 09:47:59;74;36;7;6;0;3;3;3;3;2;2
2019-02-27 09:48:58;74;36;7;6;0;3;3;3;3;2;2
2019-02-27 09:49:59;74;36;7;6;0;3;3;3;3;2;2
2019-02-27 09:50:58;74;36;7;6;0;3;3;3;3;2;2
2019-02-27 09:51:59;75;37;7;6;0;3;3;3;3;2;2
2019-02-27 09:52:59;75;37;7;6;0;3;3;3;3;2;2
2019-02-27 09:53:58;75;37;7;6;0;3;3;3;3;2;2
2019-02-27 09:54:59;75;37;7;6;0;3;3;3;3;2;2
2019-02-27 09:55:59;76;37;7;6;0;3;3;4;3;2;2
2019-02-27 09:56:58;76;37;7;6;0;3;3;4;3;2;2
2019-02-27 09:57:59;77;37;7;6;0;3;3;5;3;2;2
2019-02-27 09:58:59;77;37;7;6;0;3;3;5;3;2;2
2019-02-27 09:59:58;77;37;7;6;0;3;3;5;3;2;2
2019-02-27 10:00:59;77;37;7;6;0;3;3;5;3;2;2
2019-02-27 10:01:59;77;37;7;6;0;3;3;5;3;2;2
2019-02-27 10:02:58;77;37;7;6;0;3;3;5;3;2;2
2019-02-27 10:03:59;77;37;7;6;0;3;3;5;3;2;2
2019-02-27 10:04:58;77;37;7;6;0;3;3;5;3;2;2
2019-02-27 10:05:59;77;37;7;6;0;3;3;5;3;2;2
2019-02-27 10:06:59;77;37;7;6;0;3;3;5;3;2;2
2019-02-27 10:07:58;77;37;7;6;0;3;3;5;3;2;2
2019-02-27 10:08:59;77;37;7;6;0;3;3;5;3;2;2
2019-02-27 10:09:59;78;37;7;6;0;4;3;5;3;2;2
2019-02-27 10:10:58;78;37;7;6;0;4;3;5;3;2;2
2019-02-27 10:11:59;78;37;7;6;0;4;3;5;3;2;2
2019-02-27 10:12:59;78;37;7;6;0;4;3;5;3;2;2
2019-02-27 10:13:58;78;37;7;6;0;4;3;5;3;2;2
2019-02-27 10:14:59;78;37;7;6;0;4;3;5;3;2;2
2019-02-27 10:15:58;78;37;7;6;0;4;3;5;3;2;2
2019-02-27 10:16:59;78;37;7;6;0;4;3;5;3;2;2
2019-02-27 10:17:59;79;38;7;6;0;4;3;5;3;2;2
2019-02-27 10:18:58;79;38;7;6;0;4;3;5;3;2;2
2019-02-27 10:19:59;79;38;7;6;0;4;3;5;3;2;2
2019-02-27 10:20:59;79;38;7;6;0;4;3;5;3;2;2
2019-02-27 10:21:58;79;38;7;6;0;4;3;5;3;2;2
2019-02-27 10:22:59;79;38;7;6;0;4;3;5;3;2;2
2019-02-27 10:23:58;79;38;7;6;0;4;3;5;3;2;2
2019-02-27 10:24:59;80;38;7;6;0;4;4;5;3;2;2
2019-02-27 10:25:59;80;38;7;6;0;4;4;5;3;2;2
2019-02-27 10:26:58;80;38;7;6;0;4;4;5;3;2;2
2019-02-27 10:27:59;80;38;8;6;0;4;4;4;3;2;2
2019-02-27 10:28:59;80;38;8;6;0;4;4;4;3;2;2
2019-02-27 10:29:58;80;38;8;6;0;4;4;4;3;2;2
2019-02-27 10:30:59;80;38;8;6;0;4;4;4;3;2;2
2019-02-27 10:31:59;80;38;8;6;0;4;4;4;3;2;2
2019-02-27 10:32:58;80;38;8;6;0;4;4;4;3;2;2
2019-02-27 10:33:59;80;38;8;6;0;4;4;4;3;2;2
2019-02-27 10:34:59;80;38;8;6;0;4;4;4;3;2;2
2019-02-27 10:35:58;80;38;8;6;0;4;4;4;3;2;2
2019-02-27 10:36:59;80;38;8;6;0;4;4;4;3;2;2
2019-02-27 10:37:58;80;38;8;6;0;4;4;4;3;2;2
2019-02-27 10:38:59;80;38;8;6;0;4;4;4;3;2;2
2019-02-27 10:39:59;80;38;8;6;0;4;4;4;3;2;2
2019-02-27 10:40:58;80;38;8;6;0;4;4;4;3;2;2
2019-02-27 10:41:59;80;38;8;6;0;4;4;4;3;2;2
2019-02-27 10:42:59;80;38;8;6;0;4;4;4;3;2;2
2019-02-27 10:43:58;80;38;8;6;0;4;4;4;3;2;2
2019-02-27 10:44:59;80;38;8;6;0;4;4;4;3;2;2
2019-02-27 10:45:59;80;38;8;6;0;4;4;4;3;2;2
2019-02-27 10:46:58;80;38;8;6;0;4;4;4;3;2;2
2019-02-27 10:47:59;80;38;8;6;0;4;4;4;3;2;2
2019-02-27 10:48:59;82;39;8;6;0;4;4;4;3;3;2
2019-02-27 10:49:58;82;39;8;6;0;4;4;4;3;3;2
2019-02-27 10:50:59;82;39;8;6;0;4;4;4;3;3;2
2019-02-27 10:51:59;82;39;8;6;0;4;4;4;3;3;2
2019-02-27 10:52:58;82;39;8;6;0;4;4;4;3;3;2
2019-02-27 10:54:00;82;39;8;6;0;4;4;4;3;3;2
2019-02-27 10:54:58;82;39;8;6;0;4;4;4;3;3;2
2019-02-27 10:55:59;83;39;8;6;0;4;4;5;3;3;2
2019-02-27 10:56:58;83;39;8;6;0;4;4;5;3;3;2
2019-02-27 10:57:59;83;39;8;6;0;4;4;5;3;3;2
2019-02-27 10:58:59;83;39;8;6;0;4;4;5;3;3;2
2019-02-27 10:59:58;83;39;8;6;0;4;4;5;3;3;2
2019-02-27 11:00:59;83;39;8;6;0;4;4;5;3;3;2
2019-02-27 11:01:58;84;40;8;6;0;4;4;5;3;3;2
2019-02-27 11:02:59;86;41;8;6;2;4;4;5;3;3;0
2019-02-27 11:03:59;87;41;9;6;2;4;4;5;3;3;0
2019-02-27 11:04:58;88;41;10;6;2;4;4;5;3;3;0
2019-02-27 11:05:59;88;41;10;6;2;4;4;5;3;3;0
2019-02-27 11:06:59;88;41;10;6;2;4;4;5;3;3;0
2019-02-27 11:07:58;88;41;10;6;2;4;4;5;3;3;0
2019-02-27 11:08:59;88;41;10;6;2;4;4;5;3;3;0
2019-02-27 11:09:59;90;43;10;6;2;4;4;5;3;3;0
2019-02-27 11:10:58;90;43;10;6;2;4;4;5;3;3;0
2019-02-27 11:11:59;90;43;10;6;2;4;4;5;3;3;0
2019-02-27 11:12:58;90;43;10;6;2;4;4;5;3;3;0
2019-02-27 11:13:59;90;43;10;6;2;4;4;5;3;3;0
2019-02-27 11:14:58;90;43;10;6;2;4;4;5;3;3;0
2019-02-27 11:15:59;90;43;10;6;2;4;4;5;3;3;0
2019-02-27 11:16:59;90;43;10;6;2;4;4;5;3;3;0
2019-02-27 11:17:58;90;43;10;6;2;4;4;5;3;3;0
2019-02-27 11:18:59;90;43;10;6;2;4;4;5;3;3;0
2019-02-27 11:19:59;90;43;10;6;2;4;4;5;3;3;0
2019-02-27 11:20:58;90;43;10;6;2;4;4;5;3;3;0
2019-02-27 11:21:59;90;43;10;6;2;4;4;5;3;3;0
2019-02-27 11:22:58;91;44;10;6;2;4;4;5;3;3;0
2019-02-27 11:23:59;91;44;10;6;2;4;4;5;3;3;0
2019-02-27 11:24:59;91;44;10;6;2;4;4;5;3;3;0
2019-02-27 11:25:58;91;44;10;6;2;4;4;5;3;3;0
2019-02-27 11:26:59;91;44;10;6;2;4;4;5;3;3;0
2019-02-27 11:27:59;91;44;10;6;2;4;4;5;3;3;0
2019-02-27 11:28:58;91;44;10;6;2;4;4;5;3;3;0
2019-02-27 11:29:59;91;44;10;6;2;4;4;5;3;3;0
2019-02-27 11:30:59;91;44;10;6;2;4;4;5;3;3;0
2019-02-27 11:31:58;91;44;10;6;2;4;4;5;3;3;0
2019-02-27 11:32:59;92;45;10;6;2;4;4;5;3;3;0
2019-02-27 11:33:58;92;45;10;6;2;4;4;5;3;3;0
2019-02-27 11:34:59;92;45;10;6;2;4;4;5;3;3;0
2019-02-27 11:35:59;92;45;10;6;2;4;4;5;3;3;0
2019-02-27 11:36:58;92;45;10;6;2;4;4;5;3;3;0
2019-02-27 11:37:59;92;45;10;6;2;4;4;5;3;3;0
2019-02-27 11:38:59;92;45;10;6;2;4;4;5;3;3;0
2019-02-27 11:39:58;92;45;10;6;2;4;4;5;3;3;0
2019-02-27 11:40:59;92;45;10;6;2;4;4;5;3;3;0
2019-02-27 11:41:59;92;45;10;6;2;4;4;5;3;3;0
2019-02-27 11:42:58;94;47;10;6;2;4;4;5;3;3;0
2019-02-27 11:43:59;94;47;10;6;2;4;4;5;3;3;0
2019-02-27 11:44:59;94;46;10;6;0;4;4;5;3;3;2
2019-02-27 11:45:58;95;47;10;6;0;4;4;5;3;3;2
2019-02-27 11:46:59;95;47;10;6;0;4;4;5;3;3;2
2019-02-27 11:47:58;95;47;10;6;0;4;4;5;3;3;2
2019-02-27 11:48:59;96;48;10;6;0;4;4;5;3;3;2
2019-02-27 11:50:00;96;48;10;6;0;4;4;5;3;3;2
2019-02-27 11:50:58;96;48;10;6;0;4;4;5;3;3;2
2019-02-27 11:51:59;96;48;10;6;0;4;4;5;3;3;2
2019-02-27 11:52:59;97;49;10;6;0;4;4;5;3;3;2
2019-02-27 11:53:58;97;49;10;6;0;4;4;5;3;3;2
2019-02-27 11:54:59;97;49;10;6;0;4;4;5;3;3;2
2019-02-27 11:55:58;98;50;10;6;0;4;4;5;3;3;2
2019-02-27 11:56:59;98;50;10;6;0;4;4;5;3;3;2
2019-02-27 11:57:59;98;50;10;6;0;4;4;5;3;3;2
2019-02-27 11:58:58;98;50;10;6;0;4;4;5;3;3;2
2019-02-27 11:59:59;98;50;10;6;0;4;4;5;3;3;2
2019-02-27 12:00:59;98;50;10;6;0;4;4;5;3;3;2
2019-02-27 12:01:58;98;50;10;6;0;4;4;5;3;3;2
2019-02-27 12:02:59;98;50;10;6;0;4;4;5;3;3;2
2019-02-27 12:03:58;98;50;10;6;0;4;4;5;3;3;2
2019-02-27 12:04:59;98;50;10;6;0;4;4;5;3;3;2
2019-02-27 12:05:59;98;50;10;6;0;4;4;5;3;3;2
2019-02-27 12:06:58;98;50;10;6;0;4;4;5;3;3;2
2019-02-27 12:07:59;99;51;10;6;0;4;4;5;3;3;2
2019-02-27 12:08:59;99;51;10;6;0;4;4;5;3;3;2
2019-02-27 12:09:59;99;51;10;6;0;4;4;5;3;3;2
2019-02-27 12:10:58;99;51;10;6;0;4;4;5;3;3;2
2019-02-27 12:11:59;100;52;10;6;0;4;4;5;3;3;2
2019-02-27 12:12:59;100;52;10;6;0;4;4;5;3;3;2
2019-02-27 12:13:58;100;52;10;6;0;4;4;5;3;3;2
2019-02-27 12:14:59;100;52;10;6;0;4;4;5;3;3;2
2019-02-27 12:15:58;102;53;11;6;0;4;4;5;3;3;2
2019-02-27 12:16:59;102;53;11;6;0;4;4;5;3;3;2
2019-02-27 12:17:58;103;54;11;6;0;4;4;5;3;3;2
2019-02-27 12:18:59;103;54;11;6;0;4;4;5;3;3;2
2019-02-27 12:19:59;103;54;11;6;0;4;4;5;3;3;2
2019-02-27 12:20:58;104;55;11;6;0;4;4;5;3;3;2
2019-02-27 12:21:59;104;55;11;6;0;4;4;5;3;3;2
2019-02-27 12:22:58;104;55;11;6;0;4;4;5;3;3;2
2019-02-27 12:23:59;105;56;11;6;0;4;4;5;3;3;2
2019-02-27 12:24:59;105;56;11;6;0;4;4;5;3;3;2
2019-02-27 12:25:58;105;56;11;6;0;4;4;5;3;3;2
2019-02-27 12:26:59;105;56;11;6;0;4;4;5;3;3;2
2019-02-27 12:27:59;105;56;11;6;0;4;4;5;3;3;2
2019-02-27 12:28:58;105;56;11;6;0;4;4;5;3;3;2
2019-02-27 12:29:59;105;56;11;6;0;4;4;5;3;3;2
2019-02-27 12:30:59;105;56;11;6;0;4;4;5;3;3;2
2019-02-27 12:31:58;105;56;11;6;0;4;4;5;3;3;2
2019-02-27 12:32:59;105;56;11;6;0;4;4;5;3;3;2
2019-02-27 12:33:59;106;56;11;6;0;4;5;5;3;3;2
2019-02-27 12:34:58;106;56;11;6;0;4;5;5;3;3;2
2019-02-27 12:35:59;106;56;11;6;0;4;5;5;3;3;2
2019-02-27 12:36:58;106;56;11;6;0;4;5;5;3;3;2
2019-02-27 12:37:59;106;56;11;6;0;4;5;5;3;3;2
2019-02-27 12:38:59;106;56;11;6;0;4;5;5;3;3;2
2019-02-27 12:39:58;106;56;11;6;0;4;5;5;3;3;2
2019-02-27 12:40:59;106;56;11;6;0;4;5;5;3;3;2
2019-02-27 12:42:00;106;56;11;6;0;4;5;5;3;3;2
2019-02-27 12:42:58;106;56;11;6;0;4;5;5;3;3;2
2019-02-27 12:43:59;108;57;11;6;0;4;5;5;3;3;2
2019-02-27 12:44:58;108;57;11;6;0;4;5;5;3;3;2
2019-02-27 12:45:59;108;57;11;6;0;4;5;5;3;3;2
2019-02-27 12:47:00;109;58;11;6;0;4;5;5;3;3;2
2019-02-27 12:47:58;109;58;11;6;0;4;5;5;3;3;2
2019-02-27 12:48:59;110;59;11;6;0;4;5;5;3;3;2
2019-02-27 12:50:00;110;59;11;6;0;4;5;5;3;3;2
2019-02-27 12:50:58;110;59;11;6;0;4;5;5;3;3;2
2019-02-27 12:51:59;110;59;11;6;0;4;5;5;3;3;2
2019-02-27 12:52:58;110;59;11;6;0;4;5;5;3;3;2
2019-02-27 12:53:59;110;59;11;6;0;4;5;5;3;3;2
2019-02-27 12:54:59;110;59;11;6;0;4;5;5;3;3;2
2019-02-27 12:55:58;110;59;11;6;0;4;5;5;3;3;2
2019-02-27 12:56:59;111;60;11;6;0;4;5;5;3;3;2
2019-02-27 12:57:59;111;60;11;6;0;4;5;5;3;3;2
2019-02-27 12:58:58;111;60;11;6;0;4;5;5;3;3;2
2019-02-27 12:59:59;111;60;11;6;0;4;5;5;3;3;2
2019-02-27 13:00:59;111;60;11;6;0;4;5;5;3;3;2
2019-02-27 13:01:58;111;60;11;6;0;4;5;5;3;3;2
2019-02-27 13:02:59;111;60;11;6;0;4;5;5;3;3;2
2019-02-27 13:03:59;111;60;11;6;0;4;5;5;3;3;2
2019-02-27 13:04:58;111;60;11;6;0;4;5;5;3;3;2
2019-02-27 13:05:59;111;60;11;6;0;4;5;5;3;3;2
2019-02-27 13:06:58;111;60;11;6;0;4;5;5;3;3;2
2019-02-27 13:07:59;111;60;11;6;0;4;5;5;3;3;2
2019-02-27 13:08:59;111;60;11;6;0;4;5;5;3;3;2
2019-02-27 13:09:58;112;60;11;6;0;5;5;5;3;3;2
2019-02-27 13:10:59;113;61;11;6;0;5;5;5;3;3;2
2019-02-27 13:11:58;113;61;11;6;0;5;5;5;3;3;2
2019-02-27 13:12:59;113;61;11;6;0;5;5;5;3;3;2
2019-02-27 13:13:59;113;61;11;6;0;5;5;5;3;3;2
2019-02-27 13:14:58;113;61;11;6;0;5;5;5;3;3;2
2019-02-27 13:15:59;113;61;11;6;0;5;5;5;3;3;2
2019-02-27 13:16:58;113;61;11;6;0;5;5;5;3;3;2
2019-02-27 13:17:59;113;61;11;6;0;5;5;5;3;3;2
2019-02-27 13:18:59;113;61;11;6;0;5;5;5;3;3;2
2019-02-27 13:19:58;113;61;11;6;0;5;5;5;3;3;2
2019-02-27 13:20:59;113;61;11;6;0;5;5;5;3;3;2
2019-02-27 13:21:59;113;61;11;6;0;5;5;5;3;3;2
2019-02-27 13:22:58;113;61;11;6;0;5;5;5;3;3;2
2019-02-27 13:23:59;113;61;11;6;0;5;5;5;3;3;2
2019-02-27 13:24:59;113;61;11;6;0;5;5;5;3;3;2
2019-02-27 13:25:58;113;61;11;6;0;5;5;5;3;3;2
2019-02-27 13:26:59;113;61;11;6;0;5;5;5;3;3;2
2019-02-27 13:27:59;113;61;11;6;0;5;5;5;3;3;2
2019-02-27 13:28:58;113;61;11;6;0;5;5;5;3;3;2
2019-02-27 13:29:59;113;61;11;6;0;5;5;5;3;3;2
2019-02-27 13:30:59;113;61;11;6;0;5;5;5;3;3;2
2019-02-27 13:31:58;113;61;11;6;0;5;5;5;3;3;2
2019-02-27 13:32:59;114;62;11;6;0;5;5;5;3;3;2
2019-02-27 13:33:58;114;62;11;6;0;5;5;5;3;3;2
2019-02-27 13:34:59;114;62;11;6;0;5;5;5;3;3;2
2019-02-27 13:35:58;114;62;11;6;0;5;5;5;3;3;2
2019-02-27 13:36:59;114;62;11;6;0;5;5;5;3;3;2
2019-02-27 13:37:59;114;62;11;6;0;5;5;5;3;3;2
2019-02-27 13:38:58;115;62;11;7;0;5;5;5;3;3;2
2019-02-27 13:39:59;116;63;11;7;0;5;5;5;3;3;2
2019-02-27 13:40:58;116;63;11;7;0;5;5;5;3;3;2
2019-02-27 13:41:59;116;63;11;7;0;5;5;5;3;3;2
2019-02-27 13:42:59;116;63;11;7;0;5;5;5;3;3;2
2019-02-27 13:43:58;117;64;11;7;0;5;5;5;3;3;2
2019-02-27 13:44:59;117;64;11;7;0;5;5;5;3;3;2
2019-02-27 13:45:59;118;64;12;7;0;5;5;5;3;3;2
2019-02-27 13:46:58;118;64;12;7;0;5;5;5;3;3;2
2019-02-27 13:47:59;118;64;12;7;0;5;5;5;3;3;2
2019-02-27 13:48:58;118;64;12;7;0;5;5;5;3;3;2
2019-02-27 13:49:59;118;64;12;7;0;5;5;5;3;3;2
2019-02-27 13:50:59;118;64;12;7;0;5;5;5;3;3;2
2019-02-27 13:51:58;118;64;12;7;0;5;5;5;3;3;2
2019-02-27 13:52:59;118;64;12;7;0;5;5;5;3;3;2
2019-02-27 13:53:59;119;65;12;7;0;5;5;5;3;3;2
2019-02-27 13:54:58;120;66;12;7;0;5;5;5;3;3;2
2019-02-27 13:55:59;121;67;12;7;0;5;5;5;3;3;2
2019-02-27 13:56:59;121;67;12;7;0;5;5;5;3;3;2
2019-02-27 13:57:58;121;67;12;7;0;5;5;5;3;3;2
2019-02-27 13:58:59;121;67;12;7;0;5;5;5;3;3;2
2019-02-27 13:59:58;121;67;12;7;0;5;5;5;3;3;2
2019-02-27 14:00:59;121;67;12;7;0;5;5;5;3;3;2
2019-02-27 14:01:59;121;67;12;7;0;5;5;5;3;3;2
2019-02-27 14:03:00;121;67;12;7;0;5;5;5;3;3;2
2019-02-27 14:03:58;121;67;12;7;0;5;5;5;3;3;2
2019-02-27 14:04:59;122;67;13;7;0;5;5;5;3;3;2
2019-02-27 14:05:58;122;67;13;7;0;5;5;5;3;3;2
2019-02-27 14:06:59;123;68;13;7;0;5;5;5;3;3;2
2019-02-27 14:07:59;124;68;13;7;0;5;5;5;3;3;2
2019-02-27 14:08:58;124;68;13;7;0;5;5;5;3;3;2
2019-02-27 14:09:59;124;68;13;7;0;5;5;5;3;3;2
2019-02-27 14:10:59;124;68;13;7;0;5;5;5;3;3;2
2019-02-27 14:11:58;124;68;13;7;0;5;5;5;3;3;2
2019-02-27 14:12:59;124;68;13;7;0;5;5;5;3;3;2
2019-02-27 14:13:59;124;68;13;7;0;5;5;5;3;3;2
2019-02-27 14:14:58;124;68;13;7;0;5;5;5;3;3;2
2019-02-27 14:15:59;124;68;13;7;0;5;5;5;3;3;2
2019-02-27 14:16:59;124;68;13;7;0;5;5;5;3;3;2
2019-02-27 14:17:58;124;68;13;7;0;5;5;5;3;3;2
2019-02-27 14:18:59;125;69;13;7;0;5;5;5;3;3;2
2019-02-27 14:19:58;125;69;13;7;0;5;5;5;3;3;2
2019-02-27 14:20:59;125;69;13;7;0;5;5;5;3;3;2
2019-02-27 14:21:59;125;69;13;7;0;5;5;5;3;3;2
2019-02-27 14:22:58;125;69;13;7;0;5;5;5;3;3;2
2019-02-27 14:23:59;125;69;13;7;0;5;5;5;3;3;2
2019-02-27 14:24:58;126;70;13;7;0;5;5;5;3;3;2
2019-02-27 14:25:59;127;71;13;7;0;5;5;5;3;3;2
2019-02-27 14:26:59;128;71;14;7;0;5;5;5;3;3;2
2019-02-27 14:27:58;128;71;14;7;0;5;5;5;3;3;2
2019-02-27 14:28:59;128;71;14;7;0;5;5;5;3;3;2
2019-02-27 14:29:59;128;71;14;7;0;5;5;5;3;3;2
2019-02-27 14:30:58;128;71;14;7;0;5;5;5;3;3;2
2019-02-27 14:31:59;128;71;14;7;0;5;5;5;3;3;2
2019-02-27 14:33:00;129;72;14;7;0;5;5;5;3;3;2
2019-02-27 14:33:58;129;72;14;7;0;5;5;5;3;3;2
2019-02-27 14:34:59;129;72;14;7;0;5;5;5;3;3;2
2019-02-27 14:35:58;129;72;14;7;0;5;5;5;3;3;2
2019-02-27 14:36:59;129;72;14;7;0;5;5;5;3;3;2
2019-02-27 14:37:59;129;72;14;7;0;5;5;5;3;3;2
2019-02-27 14:38:58;129;72;14;7;0;5;5;5;3;3;2
2019-02-27 14:39:59;129;72;14;7;0;5;5;5;3;3;2
2019-02-27 14:40:59;129;72;14;7;0;5;5;5;3;3;2
2019-02-27 14:41:58;130;73;14;7;0;5;5;5;3;3;2
2019-02-27 14:42:59;130;73;14;7;0;5;5;5;3;3;2
2019-02-27 14:43:58;130;73;14;7;0;5;5;5;3;3;2
2019-02-27 14:44:59;130;73;14;7;0;5;5;5;3;3;2
2019-02-27 14:45:59;130;73;14;7;0;5;5;5;3;3;2
2019-02-27 14:46:58;130;73;14;7;0;5;5;5;3;3;2
2019-02-27 14:47:59;130;73;14;7;0;5;5;5;3;3;2
2019-02-27 14:48:59;131;74;14;7;0;5;5;5;3;3;2
2019-02-27 14:49:58;133;75;14;7;2;5;5;5;3;3;2
2019-02-27 14:50:59;135;76;14;7;3;5;5;5;3;3;2
2019-02-27 14:51:59;136;77;14;7;3;5;5;5;3;3;2
2019-02-27 14:52:58;136;77;14;7;3;5;5;5;3;3;2
2019-02-27 14:53:59;137;78;14;7;3;5;5;5;3;3;2
2019-02-27 14:54:59;137;78;14;7;3;5;5;5;3;3;2
2019-02-27 14:55:58;137;78;14;7;3;5;5;5;3;3;2
2019-02-27 14:56:59;137;78;14;7;3;5;5;5;3;3;2
2019-02-27 14:57:59;137;78;14;7;3;5;5;5;3;3;2
2019-02-27 14:58:58;137;78;14;7;3;5;5;5;3;3;2
2019-02-27 14:59:59;138;79;14;7;3;5;5;5;3;3;2
2019-02-27 15:00:58;139;80;14;7;3;5;5;5;3;3;2
2019-02-27 15:01:59;139;80;14;7;3;5;5;5;3;3;2
2019-02-27 15:02:59;139;80;14;7;3;5;5;5;3;3;2
2019-02-27 15:03:58;139;80;14;7;3;5;5;5;3;3;2
2019-02-27 15:04:59;139;80;14;7;3;5;5;5;3;3;2
2019-02-27 15:05:58;140;80;14;7;4;5;5;5;3;3;2
2019-02-27 15:06:59;140;80;14;7;4;5;5;5;3;3;2
2019-02-27 15:07:59;140;80;14;7;4;5;5;5;3;3;2
2019-02-27 15:08:58;140;80;14;7;4;5;5;5;3;3;2
2019-02-27 15:09:59;140;80;14;7;4;5;5;5;3;3;2
2019-02-27 15:10:58;140;80;14;7;4;5;5;5;3;3;2
2019-02-27 15:11:59;140;80;14;7;4;5;5;5;3;3;2
2019-02-27 15:12:59;140;80;14;7;4;5;5;5;3;3;2
2019-02-27 15:13:58;140;80;14;7;4;5;5;5;3;3;2
2019-02-27 15:14:59;140;80;14;7;4;5;5;5;3;3;2
2019-02-27 15:15:58;140;80;14;7;4;5;5;5;3;3;2
2019-02-27 15:16:59;140;80;14;7;4;5;5;5;3;3;2
2019-02-27 15:17:59;140;80;14;7;4;5;5;5;3;3;2
2019-02-27 15:18:58;140;80;14;7;4;5;5;5;3;3;2
2019-02-27 15:19:59;140;80;14;7;4;5;5;5;3;3;2
2019-02-27 15:20:59;140;80;14;7;4;5;5;5;3;3;2
2019-02-27 15:21:58;140;80;14;7;4;5;5;5;3;3;2
2019-02-27 15:22:59;140;80;14;7;4;5;5;5;3;3;2
2019-02-27 15:23:58;140;80;14;7;4;5;5;5;3;3;2
2019-02-27 15:24:59;140;80;14;7;4;5;5;5;3;3;2
2019-02-27 15:25:59;141;81;14;7;4;5;5;5;3;3;2
2019-02-27 15:26:58;141;81;14;7;4;5;5;5;3;3;2
2019-02-27 15:27:59;141;81;14;7;4;5;5;5;3;3;2
2019-02-27 15:28:59;141;81;14;7;4;5;5;5;3;3;2
2019-02-27 15:29:58;141;81;14;7;4;5;5;5;3;3;2
2019-02-27 15:30:59;141;81;14;7;4;5;5;5;3;3;2
2019-02-27 15:31:59;141;81;14;7;4;5;5;5;3;3;2
2019-02-27 15:32:59;141;81;14;7;4;5;5;5;3;3;2
2019-02-27 15:33:58;141;81;14;7;4;5;5;5;3;3;2
2019-02-27 15:34:59;141;81;14;7;4;5;5;5;3;3;2
2019-02-27 15:35:59;142;82;14;7;4;5;5;5;3;3;2
2019-02-27 15:36:58;142;82;14;7;4;5;5;5;3;3;2
2019-02-27 15:37:59;142;82;14;7;4;5;5;5;3;3;2
2019-02-27 15:38:59;142;82;14;7;4;5;5;5;3;3;2
2019-02-27 15:39:58;142;82;14;7;4;5;5;5;3;3;2
2019-02-27 15:40:59;143;83;14;7;4;5;5;5;3;3;2
2019-02-27 15:41:58;143;83;14;7;4;5;5;5;3;3;2
2019-02-27 15:42:59;144;84;14;7;4;5;5;5;3;3;2
2019-02-27 15:43:59;144;84;14;7;4;5;5;5;3;3;2
2019-02-27 15:44:58;144;84;14;7;4;5;5;5;3;3;2
2019-02-27 15:45:59;144;84;14;7;4;5;5;5;3;3;2
2019-02-27 15:46:59;144;84;14;7;4;5;5;5;3;3;2
2019-02-27 15:47:58;145;84;14;7;4;5;6;5;3;3;2
2019-02-27 15:48:59;145;84;14;7;4;5;6;5;3;3;2
2019-02-27 15:49:58;145;84;14;7;4;5;6;5;3;3;2
2019-02-27 15:50:59;145;84;14;7;4;5;6;5;3;3;2
2019-02-27 15:51:59;146;85;14;7;4;5;6;5;3;3;2
2019-02-27 15:52:58;146;85;14;7;4;5;6;5;3;3;2
2019-02-27 15:53:59;146;85;14;7;4;5;6;5;3;3;2
2019-02-27 15:54:58;146;85;14;7;4;5;6;5;3;3;2
2019-02-27 15:55:59;146;85;14;7;4;5;6;5;3;3;2
2019-02-27 15:56:59;147;86;14;7;4;5;6;5;3;3;2
2019-02-27 15:57:58;148;86;14;7;4;5;6;5;3;3;2
2019-02-27 15:58:59;148;87;14;7;4;5;6;5;3;3;2
2019-02-27 15:59:59;148;87;14;7;4;5;6;5;3;3;2
2019-02-27 16:00:58;148;87;14;7;4;5;6;5;3;3;2
2019-02-27 16:01:59;148;87;14;7;4;5;6;5;3;3;2
2019-02-27 16:02:58;148;87;14;7;4;5;6;5;3;3;2
2019-02-27 16:03:59;148;87;14;7;4;5;6;5;3;3;2
2019-02-27 16:04:59;148;87;14;7;4;5;6;5;3;3;2
2019-02-27 16:05:58;148;87;14;7;4;5;6;5;3;3;2
2019-02-27 16:06:59;148;87;14;7;4;5;6;5;3;3;2
2019-02-27 16:07:59;148;87;14;7;4;5;6;5;3;3;2
2019-02-27 16:08:58;148;87;14;7;4;5;6;5;3;3;2
2019-02-27 16:09:59;148;87;14;7;4;5;6;5;3;3;2
2019-02-27 16:10:59;148;87;14;7;4;5;6;5;3;3;2
2019-02-27 16:11:58;148;87;14;7;4;5;6;5;3;3;2
2019-02-27 16:12:59;149;87;14;7;4;5;6;5;3;3;2
2019-02-27 16:14:00;149;87;14;7;4;5;6;5;3;3;2
2019-02-27 16:14:58;149;87;14;7;4;5;6;5;3;3;2
2019-02-27 16:15:59;149;87;14;7;4;5;6;5;3;3;2
2019-02-27 16:16:58;149;87;14;7;4;5;6;5;3;3;2
2019-02-27 16:17:59;149;87;14;7;4;5;6;5;3;3;2
2019-02-27 16:18:59;149;87;14;7;4;5;6;5;3;3;2
2019-02-27 16:19:58;150;87;14;7;4;5;7;5;3;3;2
2019-02-27 16:20:59;150;87;14;7;4;5;7;5;3;3;2
2019-02-27 16:21:59;150;87;14;7;4;5;7;5;3;3;2
2019-02-27 16:22:58;150;87;14;7;4;5;7;5;3;3;2
2019-02-27 16:23:59;150;87;14;7;4;5;7;5;3;3;2
2019-02-27 16:24:59;150;87;14;7;4;5;7;5;3;3;2
2019-02-27 16:25:58;150;87;14;7;4;5;7;5;3;3;2
2019-02-27 16:26:59;150;87;14;7;4;5;7;5;3;3;2
2019-02-27 16:27:59;150;87;14;7;4;5;7;5;3;3;2
2019-02-27 16:28:58;150;87;14;7;4;5;7;5;3;3;2
2019-02-27 16:29:59;150;87;14;7;4;5;7;5;3;3;2
2019-02-27 16:30:59;150;87;14;7;4;5;7;5;3;3;2
2019-02-27 16:31:58;150;87;14;7;4;5;7;5;3;3;2
2019-02-27 16:32:59;150;87;14;7;4;5;7;5;3;3;2
2019-02-27 16:34:00;150;87;14;7;4;5;7;5;3;3;2
2019-02-27 16:34:58;150;87;14;7;4;5;7;5;3;3;2
2019-02-27 16:35:59;150;87;14;7;4;5;7;5;3;3;2
2019-02-27 16:36:58;150;87;14;7;4;5;7;5;3;3;2
2019-02-27 16:37:59;151;88;14;7;4;5;7;5;3;3;2
2019-02-27 16:38:58;151;88;14;7;4;5;7;5;3;3;2
2019-02-27 16:39:59;151;88;14;7;4;5;7;5;3;3;2
2019-02-27 16:40:59;151;88;14;7;4;5;7;5;3;3;2
2019-02-27 16:41:58;151;88;14;7;4;5;7;5;3;3;2
2019-02-27 16:42:59;151;88;14;7;4;5;7;5;3;3;2
2019-02-27 16:43:58;151;88;14;7;4;5;7;5;3;3;2
2019-02-27 16:44:59;151;88;14;7;4;5;7;5;3;3;2
2019-02-27 16:45:59;151;88;14;7;4;5;7;5;3;3;2
2019-02-27 16:46:58;152;89;14;7;4;5;7;5;3;3;2
2019-02-27 16:47:59;152;89;14;7;4;5;7;5;3;3;2
2019-02-27 16:48:58;152;89;14;7;4;5;7;5;3;3;2
2019-02-27 16:49:59;152;89;14;7;4;5;7;5;3;3;2
2019-02-27 16:50:59;152;89;14;7;4;5;7;5;3;3;2
2019-02-27 16:51:58;152;89;14;7;4;5;7;5;3;3;2
2019-02-27 16:52:59;152;89;14;7;4;5;7;5;3;3;2
2019-02-27 16:53:59;152;89;14;7;4;5;7;5;3;3;2
2019-02-27 16:54:58;154;91;14;7;4;5;7;5;3;3;2
2019-02-27 16:55:59;154;91;14;7;4;5;7;5;3;3;2
2019-02-27 16:56:58;154;91;14;7;4;5;7;5;3;3;2
2019-02-27 16:57:59;154;91;14;7;4;5;7;5;3;3;2
2019-02-27 16:58:59;154;91;14;7;4;5;7;5;3;3;2
2019-02-27 16:59:58;154;91;14;7;4;5;7;5;3;3;2
2019-02-27 17:00:59;154;91;14;7;4;5;7;5;3;3;2
2019-02-27 17:01:59;154;91;14;7;4;5;7;5;3;3;2
2019-02-27 17:02:58;154;91;14;7;4;5;7;5;3;3;2
2019-02-27 17:03:59;154;91;14;7;4;5;7;5;3;3;2
2019-02-27 17:04:58;155;92;14;7;4;5;7;5;3;3;2
2019-02-27 17:05:59;155;92;14;7;4;5;7;5;3;3;2
2019-02-27 17:06:59;155;92;14;7;4;5;7;5;3;3;2
2019-02-27 17:07:58;155;92;14;7;4;5;7;5;3;3;2
2019-02-27 17:08:59;156;92;14;7;4;5;7;5;3;3;2
2019-02-27 17:09:59;156;92;14;7;4;5;7;5;3;3;2
2019-02-27 17:10:58;156;92;14;7;4;5;7;5;3;3;2
2019-02-27 17:11:59;156;92;14;7;4;5;7;5;3;3;2
2019-02-27 17:12:59;156;92;14;7;4;5;7;5;3;3;2
2019-02-27 17:13:58;156;92;14;7;4;5;7;5;3;3;2
2019-02-27 17:14:59;156;92;14;7;4;5;7;5;3;3;2
2019-02-27 17:15:59;156;92;14;7;4;5;7;5;3;3;2
2019-02-27 17:16:58;156;92;14;7;4;5;7;5;3;3;2
2019-02-27 17:17:59;156;92;14;7;4;5;7;5;3;3;2
2019-02-27 17:18:58;156;92;14;7;4;5;7;5;3;3;2
2019-02-27 17:19:59;157;92;15;7;4;5;7;5;3;3;2
2019-02-27 17:20:59;157;92;15;7;4;5;7;5;3;3;2
2019-02-27 17:21:58;157;92;15;7;4;5;7;5;3;3;2
2019-02-27 17:22:59;158;93;15;7;4;5;7;5;3;3;2
2019-02-27 17:23:59;158;92;16;7;4;5;7;5;3;3;2
2019-02-27 17:24:58;158;92;16;7;4;5;7;5;3;3;2
2019-02-27 17:25:59;158;92;16;7;4;5;7;5;3;3;2
2019-02-27 17:26:59;158;92;16;7;4;5;7;5;3;3;2
2019-02-27 17:27:58;158;92;16;7;4;5;7;5;3;3;2
2019-02-27 17:28:59;158;92;16;7;4;5;7;5;3;3;2
2019-02-27 17:29:58;158;92;16;7;4;5;7;5;3;3;2
2019-02-27 17:30:59;158;92;16;7;4;5;7;5;3;3;2
2019-02-27 17:31:59;158;92;16;7;4;5;7;5;3;3;2
2019-02-27 17:32:58;158;92;16;7;4;5;7;5;3;3;2
2019-02-27 17:33:59;158;92;16;7;4;5;7;5;3;3;2
2019-02-27 17:34:59;159;93;16;7;4;5;7;5;3;3;2
2019-02-27 17:35:58;159;93;16;7;4;5;7;5;3;3;2
2019-02-27 17:36:59;159;93;16;7;4;5;7;5;3;3;2
2019-02-27 17:37:59;159;93;16;7;4;5;7;5;3;3;2
2019-02-27 17:38:58;159;93;16;7;4;5;7;5;3;3;2
2019-02-27 17:39:59;159;93;16;7;4;5;7;5;3;3;2
2019-02-27 17:40:58;159;93;16;7;4;5;7;5;3;3;2
2019-02-27 17:41:59;159;93;16;7;4;5;7;5;3;3;2
2019-02-27 17:42:58;159;93;16;7;4;5;7;5;3;3;2
2019-02-27 17:43:59;159;93;16;7;4;5;7;5;3;3;2
2019-02-27 17:44:59;159;93;16;7;4;5;7;5;3;3;2
2019-02-27 17:45:58;159;93;16;7;4;5;7;5;3;3;2
2019-02-27 17:46:59;159;93;16;7;4;5;7;5;3;3;2
2019-02-27 17:47:59;159;93;16;7;4;5;7;5;3;3;2
2019-02-27 17:48:58;159;93;16;7;4;5;7;5;3;3;2
2019-02-27 17:49:59;159;93;16;7;4;5;7;5;3;3;2
2019-02-27 17:50:58;159;93;16;7;4;5;7;5;3;3;2
2019-02-27 17:51:59;159;93;16;7;4;5;7;5;3;3;2
2019-02-27 17:52:59;159;93;16;7;4;5;7;5;3;3;2
2019-02-27 17:53:58;159;93;16;7;4;5;7;5;3;3;2
2019-02-27 17:54:59;159;93;16;7;4;5;7;5;3;3;2
2019-02-27 17:55:59;159;93;16;7;4;5;7;5;3;3;2
2019-02-27 17:56:58;159;93;16;7;4;5;7;5;3;3;2
2019-02-27 17:57:59;159;93;16;7;4;5;7;5;3;3;2
2019-02-27 17:58:58;159;93;16;7;4;5;7;5;3;3;2
2019-02-27 17:59:59;159;93;16;7;4;5;7;5;3;3;2
2019-02-27 18:00:59;159;93;16;7;4;5;7;5;3;3;2
2019-02-27 18:01:58;159;93;16;7;4;5;7;5;3;3;2
2019-02-27 18:02:59;159;93;16;7;4;5;7;5;3;3;2
2019-02-27 18:03:59;159;93;16;7;4;5;7;5;3;3;2
2019-02-27 18:04:58;159;93;16;7;4;5;7;5;3;3;2
2019-02-27 18:05:59;159;93;16;7;4;5;7;5;3;3;2
2019-02-27 18:06:59;159;93;16;7;4;5;7;5;3;3;2
2019-02-27 18:07:58;159;93;16;7;4;5;7;5;3;3;2
2019-02-27 18:08:59;159;93;16;7;4;5;7;5;3;3;2
2019-02-27 18:09:58;159;93;16;7;4;5;7;5;3;3;2
2019-02-27 18:10:59;159;93;16;7;4;5;7;5;3;3;2
2019-02-27 18:11:59;159;93;16;7;4;5;7;5;3;3;2
2019-02-27 18:12:58;159;93;16;7;4;5;7;5;3;3;2
2019-02-27 18:13:59;160;94;16;7;4;5;7;5;3;3;2
2019-02-27 18:14:59;160;94;16;7;4;5;7;5;3;3;2
2019-02-27 18:15:58;161;95;16;7;4;5;7;5;3;3;2
2019-02-27 18:16:59;161;95;16;7;4;5;7;5;3;3;2
2019-02-27 18:17:58;161;95;16;7;4;5;7;5;3;3;2
2019-02-27 18:18:59;161;95;16;7;4;5;7;5;3;3;2
2019-02-27 18:19:59;161;95;16;7;4;5;7;5;3;3;2
2019-02-27 18:20:58;161;95;16;7;4;5;7;5;3;3;2
2019-02-27 18:21:59;161;95;16;7;4;5;7;5;3;3;2
2019-02-27 18:22:58;161;95;16;7;4;5;7;5;3;3;2
2019-02-27 18:23:59;161;95;16;7;4;5;7;5;3;3;2
2019-02-27 18:24:59;161;95;16;7;4;5;7;5;3;3;2
2019-02-27 18:25:58;161;95;16;7;4;5;7;5;3;3;2
2019-02-27 18:26:59;162;96;16;7;4;5;7;5;3;3;2
2019-02-27 18:27:58;162;96;16;7;4;5;7;5;3;3;2
2019-02-27 18:28:59;162;96;16;7;4;5;7;5;3;3;2
2019-02-27 18:29:59;162;96;16;7;4;5;7;5;3;3;2
2019-02-27 18:30:58;162;96;16;7;4;5;7;5;3;3;2
2019-02-27 18:31:59;162;96;16;7;4;5;7;5;3;3;2
2019-02-27 18:32:59;162;96;16;7;4;5;7;5;3;3;2
2019-02-27 18:33:58;162;96;16;7;4;5;7;5;3;3;2
2019-02-27 18:34:59;162;96;16;7;4;5;7;5;3;3;2
2019-02-27 18:35:59;162;96;16;7;4;5;7;5;3;3;2
2019-02-27 18:36:58;162;96;16;7;4;5;7;5;3;3;2
2019-02-27 18:37:59;162;96;16;7;4;5;7;5;3;3;2
2019-02-27 18:38:58;162;96;16;7;4;5;7;5;3;3;2
2019-02-27 18:39:59;162;96;16;7;4;5;7;5;3;3;2
2019-02-27 18:40:59;162;96;16;7;4;5;7;5;3;3;2
2019-02-27 18:41:58;162;97;15;7;4;5;7;5;3;3;2
2019-02-27 18:42:59;162;97;15;7;4;5;7;5;3;3;2
2019-02-27 18:43:59;162;97;15;7;4;5;7;5;3;3;2
2019-02-27 18:44:58;163;97;15;7;5;5;7;5;3;3;2
2019-02-27 18:45:59;163;97;15;7;5;5;7;5;3;3;2
2019-02-27 18:46:59;163;97;15;7;5;5;7;5;3;3;2
2019-02-27 18:47:58;164;97;15;7;5;5;7;5;3;3;2
2019-02-27 18:48:59;164;97;15;7;5;5;7;5;3;3;2
2019-02-27 18:49:59;164;97;15;7;5;5;7;5;3;3;2
2019-02-27 18:50:58;164;97;15;7;5;5;7;5;3;3;2
2019-02-27 18:51:59;164;97;15;7;5;5;7;5;3;3;2
2019-02-27 18:52:58;164;97;15;7;5;5;7;5;3;3;2
2019-02-27 18:53:59;164;97;15;7;5;5;7;5;3;3;2
2019-02-27 18:54:59;164;97;15;7;5;5;7;5;3;3;2
2019-02-27 18:55:58;164;97;15;7;5;5;7;5;3;3;2
2019-02-27 18:56:59;165;98;15;7;5;5;7;5;3;3;2
2019-02-27 18:57:59;165;98;15;7;5;5;7;5;3;3;2
2019-02-27 18:58:58;165;98;15;7;5;5;7;5;3;3;2
2019-02-27 18:59:59;165;98;15;7;5;5;7;5;3;3;2
2019-02-27 19:00:58;165;98;15;7;5;5;7;5;3;3;2
2019-02-27 19:01:59;166;99;15;7;5;5;7;5;3;3;2
2019-02-27 19:02:59;166;99;15;7;5;5;7;5;3;3;2
2019-02-27 19:03:58;166;99;15;7;5;5;7;5;3;3;2
2019-02-27 19:04:59;166;99;15;7;5;5;7;5;3;3;2
2019-02-27 19:05:59;166;99;15;7;5;5;7;5;3;3;2
2019-02-27 19:06:58;166;99;15;7;5;5;7;5;3;3;2
2019-02-27 19:07:59;166;99;15;7;5;5;7;5;3;3;2
2019-02-27 19:08:59;166;99;15;7;5;5;7;5;3;3;2
2019-02-27 19:09:58;166;99;15;7;5;5;7;5;3;3;2
2019-02-27 19:10:59;166;99;15;7;5;5;7;5;3;3;2
2019-02-27 19:12:00;166;99;15;7;5;5;7;5;3;3;2
2019-02-27 19:12:58;166;99;15;7;5;5;7;5;3;3;2
2019-02-27 19:13:59;166;99;15;7;5;5;7;5;3;3;2
2019-02-27 19:14:58;166;99;15;7;5;5;7;5;3;3;2
2019-02-27 19:15:59;166;99;15;7;5;5;7;5;3;3;2
2019-02-27 19:16:59;166;99;15;7;5;5;7;5;3;3;2
2019-02-27 19:17:58;166;99;15;7;5;5;7;5;3;3;2
2019-02-27 19:18:59;166;99;15;7;5;5;7;5;3;3;2
2019-02-27 19:19:58;167;100;15;7;5;5;7;5;3;3;2
2019-02-27 19:20:59;167;100;15;7;5;5;7;5;3;3;2
2019-02-27 19:21:59;167;100;15;7;5;5;7;5;3;3;2
2019-02-27 19:22:58;167;100;15;7;5;5;7;5;3;3;2
2019-02-27 19:23:59;167;100;15;7;5;5;7;5;3;3;2
2019-02-27 19:24:59;167;100;15;7;5;5;7;5;3;3;2
2019-02-27 19:25:58;167;100;15;7;5;5;7;5;3;3;2
2019-02-27 19:26:59;167;100;15;7;5;5;7;5;3;3;2
2019-02-27 19:27:58;167;100;15;7;5;5;7;5;3;3;2
2019-02-27 19:28:59;167;100;15;7;5;5;7;5;3;3;2
2019-02-27 19:29:59;167;100;15;7;5;5;7;5;3;3;2
2019-02-27 19:30:58;168;100;15;7;6;5;7;5;3;3;2
2019-02-27 19:31:59;169;101;15;7;6;5;7;5;3;3;2
2019-02-27 19:32:59;169;101;15;7;6;5;7;5;3;3;2
2019-02-27 19:33:58;169;101;15;7;6;5;7;5;3;3;2
2019-02-27 19:34:59;170;102;15;7;6;5;7;5;3;3;2
2019-02-27 19:35:59;170;102;15;7;6;5;7;5;3;3;2
2019-02-27 19:36:58;170;102;15;7;6;5;7;5;3;3;2
2019-02-27 19:37:59;170;103;14;7;6;5;7;5;3;3;2
2019-02-27 19:38:58;170;103;14;7;6;5;7;5;3;3;2
2019-02-27 19:39:59;170;103;14;7;6;5;7;5;3;3;2
2019-02-27 19:40:59;170;103;14;7;6;5;7;5;3;3;2
2019-02-27 19:41:58;170;103;14;7;6;5;7;5;3;3;2
2019-02-27 19:42:59;170;103;14;7;6;5;7;5;3;3;2
2019-02-27 19:43:59;170;103;14;7;6;5;7;5;3;3;2
2019-02-27 19:44:58;170;103;14;7;6;5;7;5;3;3;2
2019-02-27 19:45:59;170;103;14;7;6;5;7;5;3;3;2
2019-02-27 19:47:00;171;104;14;7;6;5;7;5;3;3;2
2019-02-27 19:47:58;171;104;14;7;6;5;7;5;3;3;2
2019-02-27 19:48:59;171;104;14;7;6;5;7;5;3;3;2
2019-02-27 19:49:58;172;105;14;7;6;5;7;5;3;3;2
2019-02-27 19:50:59;172;105;14;7;6;5;7;5;3;3;2
2019-02-27 19:51:58;172;105;14;7;6;5;7;5;3;3;2
2019-02-27 19:52:59;172;105;14;7;6;5;7;5;3;3;2
2019-02-27 19:53:59;172;105;14;7;6;5;7;5;3;3;2
2019-02-27 19:54:58;172;105;14;7;6;5;7;5;3;3;2
2019-02-27 19:55:59;172;105;14;7;6;5;7;5;3;3;2
2019-02-27 19:56:58;172;105;14;7;6;5;7;5;3;3;2
2019-02-27 19:57:59;172;105;14;7;6;5;7;5;3;3;2
2019-02-27 19:58:59;172;105;14;7;6;5;7;5;3;3;2
2019-02-27 19:59:58;173;106;14;7;6;5;7;5;3;3;2
2019-02-27 20:00:59;173;106;14;7;6;5;7;5;3;3;2
2019-02-27 20:01:58;173;106;14;7;6;5;7;5;3;3;2
2019-02-27 20:02:59;174;107;14;7;6;5;7;5;3;3;2
2019-02-27 20:03:59;174;107;14;7;6;5;7;5;3;3;2
2019-02-27 20:04:58;174;107;14;7;6;5;7;5;3;3;2
2019-02-27 20:05:59;174;107;14;7;6;5;7;5;3;3;2
2019-02-27 20:06:59;174;107;14;7;6;5;7;5;3;3;2
2019-02-27 20:07:58;174;107;14;7;6;5;7;5;3;3;2
2019-02-27 20:08:59;174;107;14;7;6;5;7;5;3;3;2
2019-02-27 20:09:59;174;107;14;7;6;5;7;5;3;3;2
2019-02-27 20:10:58;175;108;14;7;6;5;7;5;3;3;2
2019-02-27 20:11:59;175;108;14;7;6;5;7;5;3;3;2
2019-02-27 20:12:59;175;108;14;7;6;5;7;5;3;3;2
2019-02-27 20:13:58;175;108;14;7;6;5;7;5;3;3;2
2019-02-27 20:14:59;175;108;14;7;6;5;7;5;3;3;2
2019-02-27 20:15:58;175;108;14;7;6;5;7;5;3;3;2
2019-02-27 20:16:59;176;109;14;7;6;5;7;5;3;3;2
2019-02-27 20:17:59;176;109;14;7;6;5;7;5;3;3;2
2019-02-27 20:18:58;176;109;14;7;6;5;7;5;3;3;2
2019-02-27 20:19:59;176;109;14;7;6;5;7;5;3;3;2
2019-02-27 20:20:59;176;109;14;7;6;5;7;5;3;3;2
2019-02-27 20:21:58;176;109;14;7;6;5;7;5;3;3;2
2019-02-27 20:22:59;176;109;14;7;6;5;7;5;3;3;2
2019-02-27 20:23:58;176;109;14;7;6;5;7;5;3;3;2
2019-02-27 20:24:59;176;109;14;7;6;5;7;5;3;3;2
2019-02-27 20:25:59;176;109;14;7;6;5;7;5;3;3;2
2019-02-27 20:26:58;176;109;14;7;6;5;7;5;3;3;2
2019-02-27 20:27:59;176;109;14;7;6;5;7;5;3;3;2
2019-02-27 20:28:59;176;109;14;7;6;5;7;5;3;3;2
2019-02-27 20:30:00;176;109;14;7;6;5;7;5;3;3;2
2019-02-27 20:30:58;176;109;14;7;6;5;7;5;3;3;2
2019-02-27 20:31:59;177;110;14;7;6;5;7;5;3;3;2
2019-02-27 20:32:59;177;110;14;7;6;5;7;5;3;3;2
2019-02-27 20:33:58;178;111;14;7;6;5;7;5;3;3;2
2019-02-27 20:34:59;178;111;14;7;6;5;6;5;3;3;3
2019-02-27 20:35:58;178;111;14;7;6;5;6;5;3;3;3
2019-02-27 20:36:59;178;111;14;7;6;5;6;5;3;3;3
2019-02-27 20:37:59;178;111;14;7;6;5;6;5;3;3;3
2019-02-27 20:38:58;178;111;14;7;6;5;6;5;3;3;3
2019-02-27 20:39:59;178;111;14;7;6;5;6;5;3;3;3
2019-02-27 20:40:59;178;111;14;7;6;5;6;5;3;3;3
2019-02-27 20:41:58;178;111;14;7;6;5;6;5;3;3;3
2019-02-27 20:42:59;178;111;14;7;6;5;6;5;3;3;3
2019-02-27 20:43:59;178;111;14;7;6;5;6;5;3;3;3
2019-02-27 20:44:58;178;111;14;7;6;5;6;5;3;3;3
2019-02-27 20:45:59;178;111;14;7;6;5;6;5;3;3;3
2019-02-27 20:46:58;178;111;14;7;6;5;6;5;3;3;3
2019-02-27 20:47:59;179;112;14;7;6;5;6;5;3;3;3
2019-02-27 20:48:58;179;112;14;7;6;5;6;5;3;3;3
2019-02-27 20:49:59;179;112;14;7;6;5;6;5;3;3;3
2019-02-27 20:50:59;179;112;14;7;6;5;6;5;3;3;3
2019-02-27 20:51:58;180;113;14;7;6;5;6;5;3;3;3
2019-02-27 20:52:59;181;113;14;7;7;5;6;5;3;3;3
2019-02-27 20:53:59;181;113;14;7;7;5;6;5;3;3;3
2019-02-27 20:54:58;182;114;14;7;7;5;6;5;3;3;3
2019-02-27 20:55:59;183;115;14;7;7;5;6;5;3;3;3
2019-02-27 20:56:59;183;115;14;7;7;5;6;5;3;3;3
2019-02-27 20:57:58;183;115;14;7;7;5;6;5;3;3;3
2019-02-27 20:58:59;183;115;14;7;7;5;6;5;3;3;3
2019-02-27 20:59:59;183;115;14;7;7;5;6;5;3;3;3
2019-02-27 21:00:58;183;115;14;7;7;5;6;5;3;3;3
2019-02-27 21:01:59;183;115;14;7;7;5;6;5;3;3;3
2019-02-27 21:02:58;183;115;14;7;7;5;6;5;3;3;3
2019-02-27 21:03:59;183;115;14;7;7;5;6;5;3;3;3
2019-02-27 21:04:59;183;115;14;7;7;5;6;5;3;3;3
2019-02-27 21:05:58;183;115;14;7;7;5;6;5;3;3;3
2019-02-27 21:06:59;183;115;14;7;7;5;6;5;3;3;3
2019-02-27 21:07:59;183;115;14;7;7;5;6;5;3;3;3
2019-02-27 21:08:58;183;115;14;7;7;5;6;5;3;3;3
2019-02-27 21:09:59;183;115;14;7;7;5;6;5;3;3;3
2019-02-27 21:10:59;183;115;14;7;7;5;6;5;3;3;3
2019-02-27 21:11:58;183;115;14;7;7;5;6;5;3;3;3
2019-02-27 21:12:59;183;115;14;7;7;5;6;5;3;3;3
2019-02-27 21:13:58;183;115;14;7;7;5;6;5;3;3;3
2019-02-27 21:14:59;183;115;14;7;7;5;6;5;3;3;3
2019-02-27 21:15:59;183;115;14;7;7;5;6;5;3;3;3
2019-02-27 21:16:58;183;115;14;7;7;5;6;5;3;3;3
2019-02-27 21:17:59;183;115;14;7;7;5;6;5;3;3;3
2019-02-27 21:18:59;183;115;14;7;7;5;6;5;3;3;3
2019-02-27 21:19:58;183;115;14;7;7;5;6;5;3;3;3
2019-02-27 21:20:59;183;115;14;7;7;5;6;5;3;3;3
2019-02-27 21:21:58;183;115;14;7;7;5;6;5;3;3;3
2019-02-27 21:22:59;183;115;14;7;7;5;6;5;3;3;3
2019-02-27 21:23:59;183;115;14;7;7;5;6;5;3;3;3
2019-02-27 21:24:58;183;115;14;7;7;5;6;5;3;3;3
2019-02-27 21:25:59;183;115;14;7;7;5;6;5;3;3;3
2019-02-27 21:26:58;183;115;14;7;7;5;6;5;3;3;3
2019-02-27 21:27:59;183;115;14;7;7;5;6;5;3;3;3
2019-02-27 21:28:59;183;115;14;7;7;5;6;5;3;3;3
2019-02-27 21:29:58;183;115;14;7;7;5;6;5;3;3;3
2019-02-27 21:30:59;183;115;14;7;7;5;6;5;3;3;3
2019-02-27 21:31:59;183;115;14;7;7;5;6;5;3;3;3
2019-02-27 21:32:59;183;116;13;7;7;5;6;5;3;3;3
2019-02-27 21:33:58;183;116;13;7;7;5;6;5;3;3;3
2019-02-27 21:34:59;184;117;13;7;7;5;6;5;3;3;3
2019-02-27 21:35:58;184;117;13;7;7;5;6;5;3;3;3
2019-02-27 21:36:59;184;117;13;7;7;5;6;5;3;3;3
2019-02-27 21:37:58;184;117;13;7;7;5;6;5;3;3;3
2019-02-27 21:38:59;184;117;13;7;7;5;6;5;3;3;3
2019-02-27 21:39:58;184;117;13;7;7;5;6;5;3;3;3
2019-02-27 21:40:59;184;117;13;7;7;5;6;5;3;3;3
2019-02-27 21:41:58;184;117;13;7;7;5;6;5;3;3;3
2019-02-27 21:42:58;184;117;13;7;7;5;6;5;3;3;3
2019-02-27 21:43:59;184;117;13;7;7;5;6;5;3;3;3
2019-02-27 21:44:58;184;117;13;7;7;5;6;5;3;3;3
2019-02-27 21:45:59;184;117;13;7;7;5;6;5;3;3;3
2019-02-27 21:46:59;184;117;13;7;7;5;6;5;3;3;3
2019-02-27 21:47:58;185;118;13;7;7;5;6;5;3;3;3
2019-02-27 21:48:59;185;118;13;7;7;5;6;5;3;3;3
2019-02-27 21:49:58;185;118;13;7;7;5;6;5;3;3;3
2019-02-27 21:50:59;185;118;13;7;7;5;6;5;3;3;3
2019-02-27 21:51:59;187;120;13;7;7;5;6;5;3;3;3
2019-02-27 21:52:58;187;120;13;7;7;5;6;5;3;3;3
2019-02-27 21:53:59;187;120;13;7;7;5;6;5;3;3;3
2019-02-27 21:54:59;189;122;13;7;7;5;6;5;3;3;3
2019-02-27 21:55:58;189;122;13;7;7;5;6;5;3;3;3
2019-02-27 21:56:59;190;123;13;7;7;5;6;5;3;3;3
2019-02-27 21:57:58;191;124;13;7;7;5;6;5;3;3;3
2019-02-27 21:58:59;191;124;13;7;7;5;6;5;3;3;3
2019-02-27 21:59:59;191;124;13;7;7;5;6;5;3;3;3
2019-02-27 22:00:58;191;124;13;7;7;5;6;5;3;3;3
2019-02-27 22:01:59;191;124;13;7;7;5;6;5;3;3;3
2019-02-27 22:02:58;191;124;13;7;7;5;6;5;3;3;3
2019-02-27 22:03:59;191;124;13;7;7;5;6;5;3;3;3
2019-02-27 22:04:59;191;124;13;7;7;5;6;5;3;3;3
2019-02-27 22:05:58;191;124;13;7;7;5;6;5;3;3;3
2019-02-27 22:06:59;191;124;13;7;7;5;6;5;3;3;3
2019-02-27 22:07:59;191;124;13;7;7;5;6;5;3;3;3
2019-02-27 22:08:58;191;124;13;7;7;5;6;5;3;3;3
2019-02-27 22:09:59;192;125;13;7;7;5;6;5;3;3;3
2019-02-27 22:10:59;192;125;13;7;7;5;6;5;3;3;3
2019-02-27 22:11:58;193;126;13;7;7;5;6;5;3;3;3
2019-02-27 22:12:59;193;126;13;7;7;5;6;5;3;3;3
2019-02-27 22:13:59;193;126;13;7;7;5;6;5;3;3;3
2019-02-27 22:14:58;193;126;13;7;7;5;6;5;3;3;3
2019-02-27 22:15:59;193;126;13;7;7;5;6;5;3;3;3
2019-02-27 22:16:58;193;126;13;7;7;5;6;5;3;3;3
2019-02-27 22:17:59;193;126;13;7;7;5;6;5;3;3;3
2019-02-27 22:18:58;193;126;13;7;7;5;6;5;3;3;3
2019-02-27 22:19:59;193;126;13;7;7;5;6;5;3;3;3
2019-02-27 22:20:59;193;126;13;7;7;5;6;5;3;3;3
2019-02-27 22:21:58;193;126;13;7;7;5;6;5;3;3;3
2019-02-27 22:22:59;193;126;13;7;7;5;6;5;3;3;3
2019-02-27 22:23:59;193;126;13;7;7;5;6;5;3;3;3
2019-02-27 22:24:58;193;126;13;7;7;5;6;5;3;3;3
2019-02-27 22:25:59;193;126;13;7;7;5;6;5;3;3;3
2019-02-27 22:26:59;193;126;13;7;7;5;6;5;3;3;3
2019-02-27 22:27:58;192;125;13;7;7;5;6;5;3;3;3
2019-02-27 22:28:59;192;125;13;7;7;5;6;5;3;3;3
2019-02-27 22:29:59;192;125;13;7;7;5;6;5;3;3;3
2019-02-27 22:30:58;192;125;13;7;7;5;6;5;3;3;3
2019-02-27 22:31:59;192;125;13;7;7;5;6;5;3;3;3
2019-02-27 22:32:59;192;125;13;7;7;5;6;5;3;3;3
2019-02-27 22:33:58;194;126;13;7;7;5;6;5;4;3;3
2019-02-27 22:34:59;194;126;13;7;7;5;6;5;4;3;3
2019-02-27 22:36:00;194;126;13;7;7;5;6;5;4;3;3
2019-02-27 22:36:58;194;126;13;7;7;5;6;5;4;3;3
2019-02-27 22:37:59;194;126;13;7;7;5;6;5;4;3;3
2019-02-27 22:38:58;194;126;13;7;7;5;6;5;4;3;3
2019-02-27 22:39:59;194;126;13;7;7;5;6;5;4;3;3
2019-02-27 22:40:58;195;127;13;7;7;5;6;5;4;3;3
2019-02-27 22:41:59;195;127;13;7;7;5;6;5;4;3;3
2019-02-27 22:42:59;195;127;13;7;7;5;6;5;4;3;3
2019-02-27 22:43:58;195;127;13;7;7;5;6;5;4;3;3
2019-02-27 22:44:59;195;127;13;7;7;5;6;5;4;3;3
2019-02-27 22:45:59;196;128;13;7;7;5;6;5;4;3;3
2019-02-27 22:46:58;196;128;13;7;7;5;6;5;4;3;3
2019-02-27 22:47:59;196;128;13;7;7;5;6;5;4;3;3
2019-02-27 22:48:58;196;128;13;7;7;5;6;5;4;3;3
2019-02-27 22:49:59;196;128;13;7;7;5;6;5;4;3;3
2019-02-27 22:50:59;196;128;13;7;7;5;6;5;4;3;3
2019-02-27 22:51:58;196;128;13;7;7;5;6;5;4;3;3
2019-02-27 22:52:59;196;128;13;7;7;5;6;5;4;3;3
2019-02-27 22:53:58;196;128;13;7;7;5;6;5;4;3;3
2019-02-27 22:54:59;196;128;13;7;7;5;6;5;4;3;3
2019-02-27 22:55:58;196;128;13;7;7;5;6;5;4;3;3
2019-02-27 22:56:59;196;128;13;7;7;5;6;5;4;3;3
2019-02-27 22:57:59;196;128;13;7;7;5;6;5;4;3;3
2019-02-27 22:58:58;196;128;13;7;7;5;6;5;4;3;3
2019-02-27 22:59:59;196;128;13;7;7;5;6;5;4;3;3
2019-02-27 23:00:59;196;128;13;7;7;5;6;5;4;3;3
2019-02-27 23:01:58;197;129;13;7;7;5;6;5;4;3;3
2019-02-27 23:02:59;197;129;13;7;7;5;6;5;4;3;3
2019-02-27 23:03:58;197;129;13;7;7;5;6;5;4;3;3
2019-02-27 23:04:59;197;129;13;7;7;5;6;5;4;3;3
2019-02-27 23:05:59;197;129;13;7;7;5;6;5;4;3;3
2019-02-27 23:06:58;197;129;13;7;7;5;6;5;4;3;3
2019-02-27 23:07:59;197;129;13;7;7;5;6;5;4;3;3
2019-02-27 23:08:59;198;130;13;7;7;5;6;5;4;3;3
2019-02-27 23:09:58;198;130;13;7;7;5;6;5;4;3;3
2019-02-27 23:10:59;198;130;13;7;7;5;6;5;4;3;3
2019-02-27 23:11:59;198;130;13;7;7;5;6;5;4;3;3
2019-02-27 23:12:58;198;130;13;7;7;5;6;5;4;3;3
2019-02-27 23:13:59;198;130;13;7;7;5;6;5;4;3;3
2019-02-27 23:14:59;198;130;13;7;7;5;6;5;4;3;3
2019-02-27 23:15:59;198;130;13;7;7;5;6;5;4;3;3
2019-02-27 23:16:59;198;130;13;7;7;5;6;5;4;3;3
2019-02-27 23:17:58;198;130;13;7;7;5;6;5;4;3;3
2019-02-27 23:18:59;198;130;13;7;7;5;6;5;4;3;3
2019-02-27 23:19:59;198;130;13;7;7;5;6;5;4;3;3
2019-02-27 23:20:58;198;130;13;7;7;5;6;5;4;3;3
2019-02-27 23:21:59;198;130;13;7;7;5;6;5;4;3;3
2019-02-27 23:22:58;198;130;13;7;7;5;6;5;4;3;3
2019-02-27 23:23:59;198;130;13;7;7;5;6;5;4;3;3
2019-02-27 23:24:59;198;130;13;7;7;5;6;5;4;3;3
2019-02-27 23:25:58;198;130;13;7;7;5;6;5;4;3;3
2019-02-27 23:26:59;198;130;13;7;7;5;6;5;4;3;3
2019-02-27 23:27:59;198;130;13;7;7;5;6;5;4;3;3
2019-02-27 23:28:58;198;131;13;7;7;5;5;5;4;3;3
2019-02-27 23:29:59;198;131;13;7;7;5;5;5;4;3;3
2019-02-27 23:30:58;198;131;13;7;7;5;5;5;4;3;3
2019-02-27 23:31:59;198;131;13;7;7;5;5;5;4;3;3
2019-02-27 23:32:59;199;132;13;7;7;5;5;5;4;3;3
2019-02-27 23:33:58;199;132;13;7;7;5;5;5;4;3;3
2019-02-27 23:34:59;200;133;13;7;7;5;5;5;4;3;3
2019-02-27 23:35:58;200;133;13;7;7;5;5;5;4;3;3
2019-02-27 23:36:59;200;133;13;7;7;5;5;5;4;3;3
2019-02-27 23:37:59;200;133;13;7;7;5;5;5;4;3;3
2019-02-27 23:38:58;200;133;13;7;7;5;5;5;4;3;3
2019-02-27 23:39:59;200;133;13;7;7;5;5;5;4;3;3
2019-02-27 23:40:59;200;133;13;7;7;5;5;5;4;3;3
2019-02-27 23:41:58;200;133;13;7;7;5;5;5;4;3;3
2019-02-27 23:42:59;200;133;13;7;7;5;5;5;4;3;3
2019-02-27 23:43:59;200;133;13;7;7;5;5;5;4;3;3
2019-02-27 23:44:59;200;133;13;7;7;5;5;5;4;3;3
2019-02-27 23:45:58;200;133;13;7;7;5;5;5;4;3;3
2019-02-27 23:46:59;200;133;13;7;7;5;5;5;4;3;3
2019-02-27 23:47:58;201;134;13;7;7;5;5;5;4;3;3
2019-02-27 23:48:59;201;134;13;7;7;5;5;5;4;3;3
2019-02-27 23:49:59;201;134;13;7;7;5;5;5;4;3;3
2019-02-27 23:50:58;201;134;13;7;7;5;5;5;4;3;3
2019-02-27 23:51:59;201;134;13;7;7;5;5;5;4;3;3
2019-02-27 23:52:58;202;135;13;7;7;5;5;5;4;3;3
2019-02-27 23:53:59;202;135;13;7;7;5;5;5;4;3;3
2019-02-27 23:54:59;202;135;13;7;7;5;5;5;4;3;3
2019-02-27 23:55:58;202;135;13;7;7;5;5;5;4;3;3
2019-02-27 23:56:59;202;135;13;7;7;5;5;5;4;3;3
2019-02-27 23:57:58;202;135;13;7;7;5;5;5;4;3;3
2019-02-27 23:58:59;203;135;13;8;7;5;5;5;4;3;3
2019-02-27 23:59:59;203;135;13;8;7;5;5;5;4;3;3
