datetime;total_votes;violetshit;KOCTOPE3;sergoff;psydoc;pupsique;xromota;Есения;UncleDre;BadFish;X-Rayer
2019-01-30 00:00:59;0;0;0;0;0;0;0;0;0;0;0
2019-01-30 00:01:59;0;0;0;0;0;0;0;0;0;0;0
2019-01-30 00:02:58;0;0;0;0;0;0;0;0;0;0;0
2019-01-30 00:03:59;0;0;0;0;0;0;0;0;0;0;0
2019-01-30 00:04:58;0;0;0;0;0;0;0;0;0;0;0
2019-01-30 00:05:59;0;0;0;0;0;0;0;0;0;0;0
2019-01-30 00:06:59;2;0;0;0;0;0;0;0;0;1;0
2019-01-30 00:07:58;2;0;0;0;0;0;0;0;0;1;0
2019-01-30 00:08:59;2;0;0;0;0;0;0;0;0;1;0
2019-01-30 00:09:59;2;0;0;0;0;0;0;0;0;1;0
2019-01-30 00:10:58;3;0;0;0;1;0;0;0;0;1;0
2019-01-30 00:11:59;4;0;0;0;1;0;0;0;0;1;0
2019-01-30 00:13:00;5;0;1;0;1;0;0;0;0;1;0
2019-01-30 00:13:58;5;0;1;0;1;0;0;0;0;1;0
2019-01-30 00:14:59;5;0;1;0;1;0;0;0;0;1;0
2019-01-30 00:16:00;5;0;1;0;1;0;0;0;0;1;0
2019-01-30 00:16:58;5;0;1;0;1;0;0;0;0;1;0
2019-01-30 00:17:59;5;0;1;0;1;0;0;0;0;1;0
2019-01-30 00:18:58;5;0;1;0;1;0;0;0;0;1;0
2019-01-30 00:19:59;5;0;1;0;1;0;0;0;0;1;0
2019-01-30 00:20:59;6;0;1;0;1;1;0;0;0;1;0
2019-01-30 00:21:58;6;0;1;0;1;1;0;0;0;1;0
2019-01-30 00:22:59;6;0;1;0;1;1;0;0;0;1;0
2019-01-30 00:23:58;7;0;1;0;2;1;0;0;0;1;0
2019-01-30 00:24:59;7;0;1;0;2;1;0;0;0;1;0
2019-01-30 00:25:59;9;0;1;1;2;1;0;0;0;1;0
2019-01-30 00:26:58;9;0;1;1;2;1;0;0;0;1;0
2019-01-30 00:27:59;10;0;1;1;2;1;0;0;1;1;0
2019-01-30 00:28:59;10;0;1;1;2;1;0;0;1;1;0
2019-01-30 00:29:58;10;0;1;1;2;1;0;0;1;1;0
2019-01-30 00:30:59;10;0;1;1;2;1;0;0;1;1;0
2019-01-30 00:31:58;11;1;1;1;2;1;0;0;1;1;0
2019-01-30 00:32:59;13;1;1;3;2;1;0;0;1;1;0
2019-01-30 00:33:59;13;1;1;3;2;1;0;0;1;1;0
2019-01-30 00:34:58;13;1;1;3;2;1;0;0;1;1;0
2019-01-30 00:35:59;13;1;1;3;2;1;0;0;1;1;0
2019-01-30 00:36:59;13;1;1;3;2;1;0;0;1;1;0
2019-01-30 00:37:58;13;1;1;3;2;1;0;0;1;1;0
2019-01-30 00:38:59;13;1;1;3;2;1;0;0;1;1;0
2019-01-30 00:39:58;13;1;1;3;2;1;0;0;1;1;0
2019-01-30 00:40:59;13;1;1;3;2;1;0;0;1;1;0
2019-01-30 00:41:59;14;1;1;3;3;1;0;0;1;1;0
2019-01-30 00:42:58;14;1;1;3;3;1;0;0;1;1;0
2019-01-30 00:43:59;14;1;1;3;3;1;0;0;1;1;0
2019-01-30 00:44:59;14;1;1;3;3;1;0;0;1;1;0
2019-01-30 00:45:58;14;1;1;3;3;1;0;0;1;1;0
2019-01-30 00:46:59;14;1;1;3;3;1;0;0;1;1;0
2019-01-30 00:47:59;14;1;1;3;3;1;0;0;1;1;0
2019-01-30 00:48:58;14;1;1;3;3;1;0;0;1;1;0
2019-01-30 00:49:59;14;1;1;3;3;1;0;0;1;1;0
2019-01-30 00:50:59;14;1;1;3;3;1;0;0;1;1;0
2019-01-30 00:51:58;14;1;1;3;3;1;0;0;1;1;0
2019-01-30 00:52:59;14;1;1;3;3;1;0;0;1;1;0
2019-01-30 00:53:58;15;1;2;3;3;1;0;0;1;1;0
2019-01-30 00:54:59;16;1;3;3;3;1;0;0;1;1;0
2019-01-30 00:55:58;16;1;3;3;3;1;0;0;1;1;0
2019-01-30 00:56:59;16;1;3;3;3;1;0;0;1;1;0
2019-01-30 00:57:59;16;1;3;3;3;1;0;0;1;1;0
2019-01-30 00:58:58;17;2;3;3;3;1;0;0;1;1;0
2019-01-30 00:59:59;17;2;3;3;3;1;0;0;1;1;0
2019-01-30 01:00:59;18;2;3;3;4;1;0;0;1;1;0
2019-01-30 01:01:58;18;2;3;3;4;1;0;0;1;1;0
2019-01-30 01:02:59;19;2;3;4;4;1;0;0;1;1;0
2019-01-30 01:03:58;19;2;3;4;4;1;0;0;1;1;0
2019-01-30 01:04:59;19;2;3;4;4;1;0;0;1;1;0
2019-01-30 01:05:59;19;2;3;4;4;1;0;0;1;1;0
2019-01-30 01:06:58;19;2;3;4;4;1;0;0;1;1;0
2019-01-30 01:07:59;19;2;3;4;4;1;0;0;1;1;0
2019-01-30 01:08:59;19;2;3;4;4;1;0;0;1;1;0
2019-01-30 01:09:58;19;2;3;4;4;1;0;0;1;1;0
2019-01-30 01:10:59;19;2;3;4;4;1;0;0;1;1;0
2019-01-30 01:11:59;20;2;3;4;5;1;0;0;1;1;0
2019-01-30 01:12:58;21;2;3;5;5;1;0;0;1;1;0
2019-01-30 01:13:59;22;2;3;5;6;1;0;0;1;1;0
2019-01-30 01:14:59;23;2;3;6;6;1;0;0;1;1;0
2019-01-30 01:15:58;24;2;4;6;6;1;0;0;1;1;0
2019-01-30 01:16:59;27;3;5;6;7;1;0;0;1;1;0
2019-01-30 01:17:59;28;3;5;6;7;0;0;1;1;1;0
2019-01-30 01:18:58;28;3;5;6;7;0;0;1;1;1;0
2019-01-30 01:19:59;28;3;5;6;7;0;0;1;1;1;0
2019-01-30 01:21:00;28;3;5;6;7;0;0;1;1;1;0
2019-01-30 01:21:58;28;3;5;6;7;0;0;1;1;1;0
2019-01-30 01:22:59;28;3;5;6;7;0;0;1;1;1;0
2019-01-30 01:23:58;28;3;5;6;7;0;0;1;1;1;0
2019-01-30 01:24:59;28;3;5;6;7;0;0;1;1;1;0
2019-01-30 01:25:59;28;3;5;6;7;0;0;1;1;1;0
2019-01-30 01:26:58;28;3;5;6;7;0;0;1;1;1;0
2019-01-30 01:27:59;28;3;5;6;7;0;0;1;1;1;0
2019-01-30 01:28:59;28;3;5;6;7;0;0;1;1;1;0
2019-01-30 01:29:58;28;3;5;6;7;0;0;1;1;1;0
2019-01-30 01:30:59;28;3;5;6;7;0;0;1;1;1;0
2019-01-30 01:31:59;28;3;5;6;7;0;0;1;1;1;0
2019-01-30 01:32:58;29;3;5;6;7;1;1;1;0;1;0
2019-01-30 01:33:59;29;3;5;6;7;1;1;1;0;1;0
2019-01-30 01:34:59;29;3;5;6;7;1;1;1;0;1;0
2019-01-30 01:35:58;29;3;5;6;7;1;1;1;0;1;0
2019-01-30 01:36:59;29;3;5;6;7;1;1;1;0;1;0
2019-01-30 01:37:58;29;3;5;6;7;1;1;1;0;1;0
2019-01-30 01:38:59;29;3;5;6;7;1;1;1;0;1;0
2019-01-30 01:39:59;29;3;5;6;7;1;1;1;0;1;0
2019-01-30 01:40:58;29;3;5;6;7;1;1;1;0;1;0
2019-01-30 01:41:59;29;3;5;6;7;1;1;1;0;1;0
2019-01-30 01:42:59;29;3;5;6;7;1;1;1;0;1;0
2019-01-30 01:43:58;29;3;5;6;7;1;1;1;0;1;0
2019-01-30 01:44:59;29;3;5;6;7;1;1;1;0;1;0
2019-01-30 01:45:59;31;3;5;7;8;1;1;1;0;1;0
2019-01-30 01:46:58;31;3;5;7;8;1;1;1;0;1;0
2019-01-30 01:47:59;31;3;5;7;8;1;1;1;0;1;0
2019-01-30 01:48:58;31;3;5;7;8;1;1;1;0;1;0
2019-01-30 01:49:59;31;3;5;7;8;1;1;1;0;1;0
2019-01-30 01:50:59;31;3;5;7;8;1;1;1;0;1;0
2019-01-30 01:51:58;32;3;5;7;8;0;1;1;1;2;0
2019-01-30 01:52:59;32;3;5;7;8;0;1;1;1;2;0
2019-01-30 01:53:59;32;3;5;7;8;0;1;1;1;2;0
2019-01-30 01:54:58;32;3;5;7;8;0;1;1;1;2;0
2019-01-30 01:55:59;32;3;5;7;8;0;1;1;1;2;0
2019-01-30 01:56:59;32;3;5;7;8;0;1;1;1;2;0
2019-01-30 01:57:58;32;3;5;7;8;0;1;1;1;2;0
2019-01-30 01:58:59;32;3;5;7;8;0;1;1;1;2;0
2019-01-30 01:59:59;32;3;5;7;8;0;1;1;1;2;0
2019-01-30 02:00:58;32;3;5;7;8;0;1;1;1;2;0
2019-01-30 02:01:59;32;3;5;7;8;0;1;1;1;2;0
2019-01-30 02:02:59;32;3;5;7;8;0;1;1;1;2;0
2019-01-30 02:03:58;32;3;5;7;8;0;1;1;1;2;0
2019-01-30 02:04:59;33;3;5;7;8;0;1;1;0;2;0
2019-01-30 02:05:58;33;3;5;7;8;0;1;1;0;2;0
2019-01-30 02:06:59;33;3;5;7;8;0;1;1;0;2;0
2019-01-30 02:07:59;33;3;5;7;8;0;1;1;0;2;0
2019-01-30 02:08:58;33;3;5;7;8;0;1;1;0;2;0
2019-01-30 02:09:59;33;3;5;7;8;0;1;1;0;2;0
2019-01-30 02:10:59;33;3;5;7;8;0;1;1;0;2;0
2019-01-30 02:11:58;33;3;5;7;8;0;1;1;0;2;0
2019-01-30 02:12:59;33;3;5;7;8;0;1;1;0;2;0
2019-01-30 02:13:59;33;3;5;7;8;0;1;1;0;2;0
2019-01-30 02:14:58;33;3;5;7;8;0;1;1;0;2;0
2019-01-30 02:15:59;33;3;5;7;8;0;1;1;0;2;0
2019-01-30 02:16:58;33;3;5;7;8;0;1;1;0;2;0
2019-01-30 02:17:59;33;3;5;7;8;0;1;1;0;2;0
2019-01-30 02:18:59;33;3;5;7;8;0;1;1;0;2;0
2019-01-30 02:19:58;33;3;5;7;8;0;1;1;0;2;0
2019-01-30 02:20:59;33;3;5;7;8;0;1;1;0;2;0
2019-01-30 02:21:59;33;3;5;7;8;0;1;1;0;2;0
2019-01-30 02:22:58;33;3;5;7;8;0;1;1;0;2;0
2019-01-30 02:23:59;33;3;5;7;8;0;1;1;0;2;0
2019-01-30 02:24:58;33;3;5;7;8;0;1;1;0;2;0
2019-01-30 02:25:59;33;3;5;7;8;0;1;1;0;2;0
2019-01-30 02:26:59;33;3;5;7;8;0;1;1;0;2;0
2019-01-30 02:27:58;33;3;5;7;8;0;1;1;0;2;0
2019-01-30 02:28:59;33;3;5;7;8;0;1;1;0;2;0
2019-01-30 02:29:58;33;3;5;7;8;0;1;1;0;2;0
2019-01-30 02:30:59;33;3;5;7;8;0;1;1;0;2;0
2019-01-30 02:31:59;33;3;5;7;8;0;1;1;0;2;0
2019-01-30 02:32:58;33;3;5;7;8;0;1;1;0;2;0
2019-01-30 02:33:59;33;3;5;7;8;0;1;1;0;2;0
2019-01-30 02:34:58;33;3;5;7;8;0;1;1;0;2;0
2019-01-30 02:35:59;33;3;5;7;8;0;1;1;0;2;0
2019-01-30 02:36:59;33;3;5;7;8;0;1;1;0;2;0
2019-01-30 02:37:58;33;3;5;7;8;0;1;1;0;2;0
2019-01-30 02:38:59;33;3;5;7;8;0;1;1;0;2;0
2019-01-30 02:40:00;34;3;5;7;9;0;1;1;0;2;0
2019-01-30 02:40:58;34;3;5;7;9;0;1;1;0;2;0
2019-01-30 02:41:59;34;3;5;7;9;0;1;1;0;2;0
2019-01-30 02:42:58;34;3;5;7;9;0;1;1;0;2;0
2019-01-30 02:43:59;34;3;5;7;9;0;1;1;0;2;0
2019-01-30 02:44:59;34;3;5;7;9;0;1;1;0;2;0
2019-01-30 02:45:58;34;3;5;7;9;0;1;1;0;2;0
2019-01-30 02:46:59;34;3;5;7;9;0;1;1;0;2;0
2019-01-30 02:47:59;34;3;5;7;9;0;1;1;0;2;0
2019-01-30 02:48:58;34;3;5;7;9;0;1;1;0;2;0
2019-01-30 02:49:59;34;3;5;7;9;0;1;1;0;2;0
2019-01-30 02:50:58;34;3;5;7;9;0;1;1;0;2;0
2019-01-30 02:51:59;34;3;5;7;9;0;1;1;0;2;0
2019-01-30 02:52:59;34;3;5;7;9;0;1;1;0;2;0
2019-01-30 02:53:58;34;3;5;7;9;0;1;1;0;2;0
2019-01-30 02:54:59;34;3;5;7;9;0;1;1;0;2;0
2019-01-30 02:55:59;34;3;5;7;9;0;1;1;0;2;0
2019-01-30 02:56:58;34;3;5;7;9;0;1;1;0;2;0
2019-01-30 02:57:59;34;3;5;7;9;0;1;1;0;2;0
2019-01-30 02:58:58;34;3;5;7;9;0;1;1;0;2;0
2019-01-30 02:59:59;34;3;5;7;9;0;1;1;0;2;0
2019-01-30 03:00:58;34;3;5;7;9;0;1;1;0;2;0
2019-01-30 03:01:59;34;3;5;7;9;0;1;1;0;2;0
2019-01-30 03:02:59;34;3;5;7;9;0;1;1;0;2;0
2019-01-30 03:03:58;34;3;5;7;9;0;1;1;0;2;0
2019-01-30 03:04:59;34;3;5;7;9;0;1;1;0;2;0
2019-01-30 03:05:59;34;3;5;7;9;0;1;1;0;2;0
2019-01-30 03:06:58;34;3;5;7;9;0;1;1;0;2;0
2019-01-30 03:07:59;34;3;5;7;9;0;1;1;0;2;0
2019-01-30 03:08:59;34;3;5;7;9;0;1;1;0;2;0
2019-01-30 03:09:58;34;3;5;7;9;0;1;1;0;2;0
2019-01-30 03:10:59;34;3;5;7;9;0;1;1;0;2;0
2019-01-30 03:11:59;34;3;5;7;9;0;1;1;0;2;0
2019-01-30 03:12:58;34;3;5;7;9;0;1;1;0;2;0
2019-01-30 03:13:59;34;3;5;7;9;0;1;1;0;2;0
2019-01-30 03:14:58;34;3;5;7;9;0;1;1;0;2;0
2019-01-30 03:15:59;34;3;5;7;9;0;1;1;0;2;0
2019-01-30 03:16:59;34;3;5;7;9;0;1;1;0;2;0
2019-01-30 03:17:58;35;3;5;7;9;0;1;1;1;2;0
2019-01-30 03:18:59;35;3;5;7;9;0;1;1;1;2;0
2019-01-30 03:19:58;35;3;5;7;9;0;1;1;1;2;0
2019-01-30 03:20:59;35;3;5;7;9;0;1;1;1;2;0
2019-01-30 03:21:59;35;3;5;7;9;0;1;1;1;2;0
2019-01-30 03:22:58;35;3;5;7;9;0;1;1;1;2;0
2019-01-30 03:23:59;35;3;5;7;9;0;1;1;1;2;0
2019-01-30 03:24:59;35;3;5;7;9;0;1;1;1;2;0
2019-01-30 03:25:58;35;3;5;7;9;0;1;1;1;2;0
2019-01-30 03:26:59;35;3;5;7;9;0;1;1;1;2;0
2019-01-30 03:27:59;35;3;5;7;9;0;1;1;1;2;0
2019-01-30 03:28:58;35;3;5;7;9;0;1;1;1;2;0
2019-01-30 03:29:59;35;3;5;7;9;0;1;1;1;2;0
2019-01-30 03:30:58;35;3;5;7;9;0;1;1;1;2;0
2019-01-30 03:31:59;36;3;5;8;9;0;1;1;1;2;0
2019-01-30 03:32:59;37;3;5;8;9;2;1;1;1;2;0
2019-01-30 03:33:58;37;3;5;8;9;2;1;1;1;2;0
2019-01-30 03:34:59;37;3;5;8;9;2;1;1;1;2;0
2019-01-30 03:35:59;37;3;5;8;9;2;1;1;1;2;0
2019-01-30 03:36:58;37;3;5;8;9;2;1;1;1;2;0
2019-01-30 03:37:59;37;3;5;8;9;2;1;1;1;2;0
2019-01-30 03:38:59;37;3;5;8;9;2;1;1;1;2;0
2019-01-30 03:39:58;37;3;5;8;9;2;1;1;1;2;0
2019-01-30 03:40:59;37;3;5;8;9;2;1;1;1;2;0
2019-01-30 03:41:58;37;3;5;8;9;2;1;1;1;2;0
2019-01-30 03:42:59;37;3;5;8;9;2;1;1;1;2;0
2019-01-30 03:43:58;37;3;5;8;9;2;1;1;1;2;0
2019-01-30 03:44:59;37;3;5;8;9;2;1;1;1;2;0
2019-01-30 03:46:00;37;3;5;8;9;2;1;1;1;2;0
2019-01-30 03:46:58;37;3;5;8;9;2;1;1;1;2;0
2019-01-30 03:47:59;37;3;5;8;9;2;1;1;1;2;0
2019-01-30 03:48:58;37;3;5;8;9;2;1;1;1;2;0
2019-01-30 03:49:59;37;3;5;8;9;2;1;1;1;2;0
2019-01-30 03:50:59;37;3;5;8;9;2;1;1;1;2;0
2019-01-30 03:51:58;37;3;5;8;9;2;1;1;1;2;0
2019-01-30 03:52:59;37;3;5;8;9;2;1;1;1;2;0
2019-01-30 03:53:59;37;3;5;8;9;2;1;1;1;2;0
2019-01-30 03:54:58;37;3;5;8;9;2;1;1;1;2;0
2019-01-30 03:55:59;37;3;5;8;9;2;1;1;1;2;0
2019-01-30 03:56:59;37;3;5;8;9;2;1;1;1;2;0
2019-01-30 03:57:58;37;3;5;8;9;2;1;1;1;2;0
2019-01-30 03:58:59;37;3;5;8;9;2;1;1;1;2;0
2019-01-30 03:59:58;37;3;5;8;9;2;1;1;1;2;0
2019-01-30 04:00:59;37;3;5;8;9;2;1;1;1;2;0
2019-01-30 04:01:59;37;3;5;8;9;2;1;1;1;2;0
2019-01-30 04:02:58;37;3;5;8;9;2;1;1;1;2;0
2019-01-30 04:03:59;37;3;5;8;9;2;1;1;1;2;0
2019-01-30 04:04:59;37;3;5;8;9;2;1;1;1;2;0
2019-01-30 04:05:58;37;3;5;8;9;2;1;1;1;2;0
2019-01-30 04:06:59;37;3;5;8;9;2;1;1;1;2;0
2019-01-30 04:07:58;37;3;5;8;9;2;1;1;1;2;0
2019-01-30 04:08:59;37;3;5;8;9;2;1;1;1;2;0
2019-01-30 04:09:59;37;3;5;8;9;2;1;1;1;2;0
2019-01-30 04:10:58;37;3;5;8;9;2;1;1;1;2;0
2019-01-30 04:11:59;37;3;5;8;9;2;1;1;1;2;0
2019-01-30 04:12:58;37;3;5;8;9;2;1;1;1;2;0
2019-01-30 04:13:59;37;3;5;8;9;2;1;1;1;2;0
2019-01-30 04:14:58;37;3;5;8;9;2;1;1;1;2;0
2019-01-30 04:15:59;37;3;5;8;9;2;1;1;1;2;0
2019-01-30 04:16:59;38;3;5;9;9;2;1;1;1;2;0
2019-01-30 04:17:58;38;3;5;9;9;2;1;1;1;2;0
2019-01-30 04:18:59;38;3;5;9;9;2;1;1;1;2;0
2019-01-30 04:19:59;38;3;5;9;9;2;1;1;1;2;0
2019-01-30 04:20:58;38;3;5;9;9;2;1;1;1;2;0
2019-01-30 04:21:59;38;3;5;9;9;2;1;1;1;2;0
2019-01-30 04:22:59;38;3;5;9;9;2;1;1;1;2;0
2019-01-30 04:23:58;38;3;5;9;9;2;1;1;1;2;0
2019-01-30 04:24:59;38;3;5;9;9;2;1;1;1;2;0
2019-01-30 04:26:00;38;3;5;9;9;2;1;1;1;2;0
2019-01-30 04:26:58;38;3;5;9;9;2;1;1;1;2;0
2019-01-30 04:27:59;38;3;5;9;9;2;1;1;1;2;0
2019-01-30 04:28:58;38;3;5;9;9;2;1;1;1;2;0
2019-01-30 04:29:59;38;3;5;9;9;2;1;1;1;2;0
2019-01-30 04:30:59;39;3;6;9;9;2;1;1;1;2;0
2019-01-30 04:31:58;39;3;6;9;9;2;1;1;1;2;0
2019-01-30 04:32:59;39;3;6;9;9;2;1;1;1;2;0
2019-01-30 04:33:58;39;3;6;9;9;2;1;1;1;2;0
2019-01-30 04:34:59;39;3;6;9;9;2;1;1;1;2;0
2019-01-30 04:35:59;39;3;6;9;9;2;1;1;1;2;0
2019-01-30 04:36:58;39;3;6;9;9;2;1;1;1;2;0
2019-01-30 04:37:59;39;3;6;9;9;2;1;1;1;2;0
2019-01-30 04:38:59;39;3;6;9;9;2;1;1;1;2;0
2019-01-30 04:39:58;39;3;6;9;9;2;1;1;1;2;0
2019-01-30 04:40:59;39;3;6;9;9;2;1;1;1;2;0
2019-01-30 04:41:58;39;3;6;9;9;2;1;1;1;2;0
2019-01-30 04:42:59;39;3;6;9;9;2;1;1;1;2;0
2019-01-30 04:43:58;39;3;6;9;9;2;1;1;1;2;0
2019-01-30 04:44:59;39;3;6;9;9;2;1;1;1;2;0
2019-01-30 04:45:59;39;3;6;9;9;2;1;1;1;2;0
2019-01-30 04:46:58;39;3;6;9;9;2;1;1;1;2;0
2019-01-30 04:47:59;39;3;6;9;9;2;1;1;1;2;0
2019-01-30 04:48:59;39;3;6;9;9;2;1;1;1;2;0
2019-01-30 04:49:58;39;3;6;9;9;2;1;1;1;2;0
2019-01-30 04:50:59;39;3;6;9;9;2;1;1;1;2;0
2019-01-30 04:51:58;39;3;6;9;9;2;1;1;1;2;0
2019-01-30 04:52:59;39;3;6;9;9;2;1;1;1;2;0
2019-01-30 04:53:59;39;3;6;9;9;2;1;1;1;2;0
2019-01-30 04:54:58;39;3;6;9;9;2;1;1;1;2;0
2019-01-30 04:55:59;39;3;6;9;9;2;1;1;1;2;0
2019-01-30 04:56:59;39;3;6;9;9;2;1;1;1;2;0
2019-01-30 04:57:58;39;3;6;9;9;2;1;1;1;2;0
2019-01-30 04:58:59;39;3;6;9;9;2;1;1;1;2;0
2019-01-30 04:59:58;39;3;6;9;9;2;1;1;1;2;0
2019-01-30 05:00:59;39;3;6;9;9;2;1;1;1;2;0
2019-01-30 05:01:59;39;3;6;9;9;2;1;1;1;2;0
2019-01-30 05:02:58;39;3;6;9;9;2;1;1;1;2;0
2019-01-30 05:03:59;39;3;6;9;9;2;1;1;1;2;0
2019-01-30 05:04:58;39;3;6;9;9;2;1;1;1;2;0
2019-01-30 05:05:59;39;3;6;9;9;2;1;1;1;2;0
2019-01-30 05:06:59;39;3;6;9;9;2;1;1;1;2;0
2019-01-30 05:07:58;39;3;6;9;9;2;1;1;1;2;0
2019-01-30 05:08:59;39;3;6;9;9;2;1;1;1;2;0
2019-01-30 05:09:58;39;3;6;9;9;2;1;1;1;2;0
2019-01-30 05:10:59;39;3;6;9;9;2;1;1;1;2;0
2019-01-30 05:11:59;39;3;6;9;9;2;1;1;1;2;0
2019-01-30 05:12:58;39;3;6;9;9;2;1;1;1;2;0
2019-01-30 05:13:59;39;3;6;9;9;2;1;1;1;2;0
2019-01-30 05:14:59;39;3;6;9;9;2;1;1;1;2;0
2019-01-30 05:15:58;39;3;6;9;9;2;1;1;1;2;0
2019-01-30 05:16:59;39;3;6;9;9;2;1;1;1;2;0
2019-01-30 05:17:58;39;3;6;9;9;2;1;1;1;2;0
2019-01-30 05:18:59;39;3;6;9;9;2;1;1;1;2;0
2019-01-30 05:19:59;39;3;6;9;9;2;1;1;1;2;0
2019-01-30 05:20:58;39;3;6;9;9;2;1;1;1;2;0
2019-01-30 05:21:59;40;3;6;10;9;2;1;1;1;2;0
2019-01-30 05:22:58;40;3;6;10;9;2;1;1;1;2;0
2019-01-30 05:23:59;40;3;6;10;9;2;1;1;1;2;0
2019-01-30 05:24:59;40;3;6;10;9;2;1;1;1;2;0
2019-01-30 05:25:58;40;3;6;10;9;2;1;1;1;2;0
2019-01-30 05:26:59;40;3;6;10;9;2;1;1;1;2;0
2019-01-30 05:27:59;40;3;6;10;9;2;1;1;1;2;0
2019-01-30 05:28:58;40;3;6;10;9;2;1;1;1;2;0
2019-01-30 05:29:59;40;3;6;10;9;2;1;1;1;2;0
2019-01-30 05:30:59;40;3;6;10;9;2;1;1;1;2;0
2019-01-30 05:31:58;40;3;6;10;9;2;1;1;1;2;0
2019-01-30 05:32:59;40;3;6;10;9;2;1;1;1;2;0
2019-01-30 05:33:58;40;3;6;10;9;2;1;1;1;2;0
2019-01-30 05:34:59;40;3;6;10;9;2;1;1;1;2;0
2019-01-30 05:35:58;40;3;6;10;9;2;1;1;1;2;0
2019-01-30 05:36:59;40;3;6;10;9;2;1;1;1;2;0
2019-01-30 05:37:58;40;3;6;10;9;2;1;1;1;2;0
2019-01-30 05:38:59;40;3;6;10;9;2;1;1;1;2;0
2019-01-30 05:39:58;40;3;6;10;9;2;1;1;1;2;0
2019-01-30 05:40:59;40;3;6;10;9;2;1;1;1;2;0
2019-01-30 05:41:59;40;3;6;10;9;2;1;1;1;2;0
2019-01-30 05:42:58;40;3;6;10;9;2;1;1;1;2;0
2019-01-30 05:43:59;40;3;6;10;9;2;1;1;1;2;0
2019-01-30 05:44:59;40;3;6;10;9;2;1;1;1;2;0
2019-01-30 05:45:58;40;3;6;10;9;2;1;1;1;2;0
2019-01-30 05:46:59;40;3;6;10;9;2;1;1;1;2;0
2019-01-30 05:47:58;40;3;6;10;9;2;1;1;1;2;0
2019-01-30 05:48:59;40;3;6;10;9;2;1;1;1;2;0
2019-01-30 05:49:59;40;3;6;10;9;2;1;1;1;2;0
2019-01-30 05:50:58;40;3;6;10;9;2;1;1;1;2;0
2019-01-30 05:51:59;40;3;6;10;9;2;1;1;1;2;0
2019-01-30 05:52:59;40;3;6;10;9;2;1;1;1;2;0
2019-01-30 05:53:58;40;3;6;10;9;2;1;1;1;2;0
2019-01-30 05:54:59;40;3;6;10;9;2;1;1;1;2;0
2019-01-30 05:55:59;40;3;6;10;9;2;1;1;1;2;0
2019-01-30 05:56:58;40;3;6;10;9;2;1;1;1;2;0
2019-01-30 05:57:59;40;3;6;10;9;2;1;1;1;2;0
2019-01-30 05:58:58;40;3;6;10;9;2;1;1;1;2;0
2019-01-30 05:59:59;40;3;6;10;9;2;1;1;1;2;0
2019-01-30 06:00:58;40;3;6;10;9;2;1;1;1;2;0
2019-01-30 06:01:59;40;3;6;10;9;2;1;1;1;2;0
2019-01-30 06:02:59;40;3;6;10;9;2;1;1;1;2;0
2019-01-30 06:04:00;40;3;6;10;9;2;1;1;1;2;0
2019-01-30 06:04:58;40;3;6;10;9;2;1;1;1;2;0
2019-01-30 06:05:59;40;3;6;10;9;2;1;1;1;2;0
2019-01-30 06:06:58;40;3;6;10;9;2;1;1;1;2;0
2019-01-30 06:07:59;40;3;6;10;9;2;1;1;1;2;0
2019-01-30 06:08:59;40;3;6;10;9;2;1;1;1;2;0
2019-01-30 06:09:58;40;3;6;10;9;2;1;1;1;2;0
2019-01-30 06:10:59;40;3;6;10;9;2;1;1;1;2;0
2019-01-30 06:11:59;40;3;6;10;9;2;1;1;1;2;0
2019-01-30 06:12:58;40;3;6;10;9;2;1;1;1;2;0
2019-01-30 06:13:59;40;3;6;10;9;2;1;1;1;2;0
2019-01-30 06:14:59;40;3;6;10;9;2;1;1;1;2;0
2019-01-30 06:15:58;40;3;6;10;9;2;1;1;1;2;0
2019-01-30 06:16:59;40;3;6;10;9;2;1;1;1;2;0
2019-01-30 06:17:58;40;3;6;10;9;2;1;1;1;2;0
2019-01-30 06:18:59;40;3;6;10;9;2;1;1;1;2;0
2019-01-30 06:19:59;40;3;6;10;9;2;1;1;1;2;0
2019-01-30 06:20:58;40;3;6;10;9;2;1;1;1;2;0
2019-01-30 06:21:59;40;3;6;10;9;2;1;1;1;2;0
2019-01-30 06:22:58;40;3;6;10;9;2;1;1;1;2;0
2019-01-30 06:23:59;41;3;6;10;10;2;1;1;1;2;0
2019-01-30 06:24:59;41;3;6;10;10;2;1;1;1;2;0
2019-01-30 06:25:58;41;3;6;10;10;2;1;1;1;2;0
2019-01-30 06:26:59;41;3;6;10;10;2;1;1;1;2;0
2019-01-30 06:27:58;41;3;6;10;10;2;1;1;1;2;0
2019-01-30 06:28:59;41;3;6;10;10;2;1;1;1;2;0
2019-01-30 06:29:59;41;3;6;10;10;2;1;1;1;2;0
2019-01-30 06:30:58;41;3;6;10;10;2;1;1;1;2;0
2019-01-30 06:31:59;42;4;6;10;10;2;1;1;1;2;0
2019-01-30 06:32:58;42;4;6;10;10;2;1;1;1;2;0
2019-01-30 06:33:59;42;4;6;10;10;2;1;1;1;2;0
2019-01-30 06:34:58;42;4;6;10;10;2;1;1;1;2;0
2019-01-30 06:35:59;42;4;6;10;10;2;1;1;1;2;0
2019-01-30 06:36:59;42;4;6;10;10;2;1;1;1;2;0
2019-01-30 06:37:59;42;4;6;10;10;2;1;1;1;2;0
2019-01-30 06:38:58;42;4;6;10;10;2;1;1;1;2;0
2019-01-30 06:39:59;42;4;6;10;10;2;1;1;1;2;0
2019-01-30 06:40:58;43;4;6;11;10;2;1;1;1;2;0
2019-01-30 06:41:59;43;4;6;11;10;2;1;1;1;2;0
2019-01-30 06:42:59;43;4;6;11;10;2;1;1;1;2;0
2019-01-30 06:43:58;43;4;6;11;10;2;1;1;1;2;0
2019-01-30 06:44:59;43;4;6;11;10;2;1;1;1;2;0
2019-01-30 06:45:59;43;4;6;11;10;2;1;1;1;2;0
2019-01-30 06:46:58;43;4;6;11;10;2;1;1;1;2;0
2019-01-30 06:47:59;43;4;6;11;10;2;1;1;1;2;0
2019-01-30 06:48:58;43;4;6;11;10;2;1;1;1;2;0
2019-01-30 06:49:59;43;4;6;11;10;2;1;1;1;2;0
2019-01-30 06:50:58;43;4;6;11;10;2;1;1;1;2;0
2019-01-30 06:51:59;43;4;6;11;10;2;1;1;1;2;0
2019-01-30 06:52:59;43;4;6;11;10;2;1;1;1;2;0
2019-01-30 06:53:58;43;4;6;11;10;2;1;1;1;2;0
2019-01-30 06:54:59;43;4;6;11;10;2;1;1;1;2;0
2019-01-30 06:55:58;43;4;6;11;10;2;1;1;1;2;0
2019-01-30 06:56:59;43;4;6;11;10;2;1;1;1;2;0
2019-01-30 06:57:59;43;4;6;11;10;2;1;1;1;2;0
2019-01-30 06:58:58;43;4;6;11;10;2;1;1;1;2;0
2019-01-30 06:59:59;43;4;6;11;10;2;1;1;1;2;0
2019-01-30 07:00:59;43;4;6;11;10;2;1;1;1;2;0
2019-01-30 07:01:59;43;4;6;11;10;2;1;1;1;2;0
2019-01-30 07:02:59;43;4;6;11;10;2;1;1;1;2;0
2019-01-30 07:03:59;43;4;6;11;10;2;1;1;1;2;0
2019-01-30 07:04:58;43;4;6;11;10;2;1;1;1;2;0
2019-01-30 07:05:59;43;4;6;11;10;2;1;1;1;2;0
2019-01-30 07:06:59;44;4;6;11;10;2;1;1;0;2;1
2019-01-30 07:07:58;44;4;6;11;10;2;1;1;0;2;1
2019-01-30 07:08:59;44;4;6;11;10;2;1;1;0;2;1
2019-01-30 07:09:58;44;4;6;11;10;2;1;1;0;2;1
2019-01-30 07:10:59;44;4;6;11;10;2;1;1;0;2;1
2019-01-30 07:11:59;44;4;6;11;10;2;1;1;0;2;1
2019-01-30 07:12:58;44;4;6;11;10;2;1;1;0;2;1
2019-01-30 07:13:59;44;4;6;11;10;2;1;1;0;2;1
2019-01-30 07:14:58;44;4;6;11;10;2;1;1;0;2;1
2019-01-30 07:15:59;44;4;6;11;10;2;1;1;0;2;1
2019-01-30 07:16:59;45;4;7;11;10;2;1;1;0;2;1
2019-01-30 07:17:58;46;4;8;11;10;2;1;1;0;2;1
2019-01-30 07:18:59;48;4;10;11;10;2;1;1;0;2;1
2019-01-30 07:19:58;48;4;10;11;10;2;1;1;0;2;1
2019-01-30 07:20:59;48;4;10;11;10;2;1;1;0;2;1
2019-01-30 07:21:59;48;4;10;11;10;2;1;1;0;2;1
2019-01-30 07:22:58;48;4;10;11;10;2;1;1;0;2;1
2019-01-30 07:23:59;48;4;10;11;10;2;1;1;0;2;1
2019-01-30 07:24:59;48;4;10;11;10;2;1;1;0;2;1
2019-01-30 07:25:58;48;4;10;11;10;2;1;1;0;2;1
2019-01-30 07:26:59;48;4;10;11;10;2;1;1;0;2;1
2019-01-30 07:27:58;48;4;10;11;10;2;1;1;0;2;1
2019-01-30 07:28:59;48;4;10;11;10;2;1;1;0;2;1
2019-01-30 07:29:59;48;4;10;11;10;2;1;1;0;2;1
2019-01-30 07:30:58;48;4;10;11;10;2;1;1;0;2;1
2019-01-30 07:31:59;48;4;10;11;10;2;1;1;0;2;1
2019-01-30 07:32:59;48;4;10;11;10;2;1;1;0;2;1
2019-01-30 07:33:58;48;4;10;11;10;2;1;1;0;2;1
2019-01-30 07:34:59;48;4;10;11;10;2;1;1;0;2;1
2019-01-30 07:35:59;48;4;10;11;10;2;1;1;0;2;1
2019-01-30 07:36:58;48;4;10;11;10;2;1;1;0;2;1
2019-01-30 07:37:59;49;4;10;11;10;2;1;0;0;2;2
2019-01-30 07:38:58;49;4;10;11;10;2;1;0;0;2;2
2019-01-30 07:39:59;49;4;10;11;10;2;1;0;0;2;2
2019-01-30 07:40:59;49;4;10;11;10;2;1;0;0;2;2
2019-01-30 07:41:58;49;4;10;11;10;2;1;0;0;2;2
2019-01-30 07:42:59;49;4;10;11;10;2;1;0;0;2;2
2019-01-30 07:43:59;49;4;10;11;10;2;1;0;0;2;2
2019-01-30 07:44:58;49;4;10;11;10;2;1;0;0;2;2
2019-01-30 07:45:59;49;4;10;11;10;2;1;0;0;2;2
2019-01-30 07:46:58;49;4;10;11;10;2;1;0;0;2;2
2019-01-30 07:47:59;49;4;10;11;10;2;1;0;0;2;2
2019-01-30 07:48:58;49;4;10;11;10;2;1;0;0;2;2
2019-01-30 07:49:59;49;4;10;11;10;2;1;0;0;2;2
2019-01-30 07:50:58;49;4;10;11;10;2;1;0;0;2;2
2019-01-30 07:51:59;50;4;10;11;10;2;1;1;0;2;2
2019-01-30 07:52:59;50;4;10;11;10;2;1;1;0;2;2
2019-01-30 07:53:58;50;4;10;11;10;2;1;1;0;2;2
2019-01-30 07:54:59;50;4;10;11;10;2;1;1;0;2;2
2019-01-30 07:55:58;50;4;10;11;10;2;1;1;0;2;2
2019-01-30 07:56:59;50;4;10;11;10;2;1;1;0;2;2
2019-01-30 07:57:59;50;4;10;11;10;2;1;1;0;2;2
2019-01-30 07:58:58;50;4;10;11;10;2;1;1;0;2;2
2019-01-30 07:59:59;50;4;10;11;10;2;1;1;0;2;2
2019-01-30 08:00:59;50;4;10;11;10;2;1;1;0;2;2
2019-01-30 08:01:58;50;4;10;11;10;2;1;1;0;2;2
2019-01-30 08:02:59;50;4;10;11;10;2;1;1;0;2;2
2019-01-30 08:03:59;50;4;10;11;10;2;1;1;0;2;2
2019-01-30 08:04:58;50;4;10;11;10;2;1;1;0;2;2
2019-01-30 08:05:59;50;4;10;11;10;2;1;1;0;2;2
2019-01-30 08:06:58;50;4;10;11;10;2;1;1;0;2;2
2019-01-30 08:07:59;50;4;10;11;10;2;1;1;0;2;2
2019-01-30 08:08:59;50;4;10;11;10;2;1;1;0;2;2
2019-01-30 08:09:58;50;4;10;11;10;2;1;1;0;2;2
2019-01-30 08:10:59;50;4;10;11;10;2;1;1;0;2;2
2019-01-30 08:11:59;50;4;10;11;10;2;1;1;0;2;2
2019-01-30 08:12:58;50;4;10;11;10;2;1;1;0;2;2
2019-01-30 08:13:59;50;4;10;11;10;2;1;1;0;2;2
2019-01-30 08:14:58;50;4;10;11;10;2;1;1;0;2;2
2019-01-30 08:15:59;50;4;10;11;10;2;1;1;0;2;2
2019-01-30 08:16:59;50;4;10;11;10;2;1;1;0;2;2
2019-01-30 08:17:58;50;4;10;11;10;2;1;1;0;2;2
2019-01-30 08:18:59;50;4;10;11;10;2;1;1;0;2;2
2019-01-30 08:19:59;50;4;10;11;10;2;1;1;0;2;2
2019-01-30 08:20:58;50;4;10;11;10;2;1;1;0;2;2
2019-01-30 08:21:59;50;4;10;11;10;2;1;1;0;2;2
2019-01-30 08:22:59;50;4;10;11;10;2;1;1;0;2;2
2019-01-30 08:23:58;50;4;10;11;10;2;1;1;0;2;2
2019-01-30 08:24:59;50;4;10;11;10;2;1;1;0;2;2
2019-01-30 08:26:00;50;4;10;11;10;2;1;1;0;2;2
2019-01-30 08:26:58;50;4;10;11;10;2;1;1;0;2;2
2019-01-30 08:27:59;52;4;10;12;10;2;1;2;0;2;2
2019-01-30 08:28:58;52;4;10;12;10;2;1;2;0;2;2
2019-01-30 08:29:59;53;4;10;12;10;2;1;2;0;2;2
2019-01-30 08:30:59;53;4;10;12;10;2;1;2;0;2;2
2019-01-30 08:31:58;53;4;10;12;10;2;1;2;0;2;2
2019-01-30 08:32:59;53;4;10;12;10;2;1;2;0;2;2
2019-01-30 08:33:59;53;4;10;12;10;2;1;2;0;2;2
2019-01-30 08:34:58;53;4;10;12;10;2;1;2;0;2;2
2019-01-30 08:35:59;53;4;10;12;10;2;1;2;0;2;2
2019-01-30 08:36:58;54;4;10;13;10;2;1;2;0;2;2
2019-01-30 08:37:59;54;4;10;13;10;2;1;2;0;2;2
2019-01-30 08:38:59;54;4;10;13;10;2;1;2;0;2;2
2019-01-30 08:39:58;54;4;10;13;10;2;1;2;0;2;2
2019-01-30 08:40:59;54;4;10;13;10;2;1;2;0;2;2
2019-01-30 08:41:59;54;4;10;13;10;2;1;2;0;2;2
2019-01-30 08:42:58;54;4;10;13;10;2;1;2;0;2;2
2019-01-30 08:43:59;54;4;10;13;10;2;1;2;0;2;2
2019-01-30 08:44:59;54;4;10;13;10;2;1;2;0;2;2
2019-01-30 08:45:58;54;4;10;13;10;2;1;2;0;2;2
2019-01-30 08:46:59;54;4;10;13;10;2;1;2;0;2;2
2019-01-30 08:47:59;54;4;10;13;10;2;1;2;0;2;2
2019-01-30 08:48:58;54;4;10;13;10;2;1;2;0;2;2
2019-01-30 08:49:59;54;4;10;13;10;2;1;2;0;2;2
2019-01-30 08:50:58;54;4;10;13;10;2;1;2;0;2;2
2019-01-30 08:51:59;55;5;10;13;10;2;1;2;0;2;2
2019-01-30 08:52:59;55;5;10;13;10;2;1;2;0;2;2
2019-01-30 08:53:58;55;5;10;13;10;2;1;2;0;2;2
2019-01-30 08:54:59;55;5;10;13;10;2;1;2;0;2;2
2019-01-30 08:55:58;56;5;10;13;11;2;1;2;0;2;2
2019-01-30 08:56:59;56;5;10;13;11;2;1;2;0;2;2
2019-01-30 08:57:59;56;5;10;13;11;2;1;2;0;2;2
2019-01-30 08:58:58;56;5;10;13;11;2;1;2;0;2;2
2019-01-30 08:59:59;56;5;10;13;11;2;1;2;0;2;2
2019-01-30 09:00:58;56;5;10;13;11;2;1;2;0;2;2
2019-01-30 09:01:59;56;5;10;13;11;2;1;2;0;2;2
2019-01-30 09:03:00;56;5;10;13;11;2;1;2;0;2;2
2019-01-30 09:03:58;56;5;10;13;11;2;1;2;0;2;2
2019-01-30 09:04:59;56;5;10;13;11;2;1;2;0;2;2
2019-01-30 09:05:58;56;5;10;13;11;2;1;2;0;2;2
2019-01-30 09:06:59;56;5;10;13;11;2;1;2;0;2;2
2019-01-30 09:07:59;56;5;10;13;11;2;1;2;0;2;2
2019-01-30 09:08:58;56;5;10;13;11;2;1;2;0;2;2
2019-01-30 09:09:59;56;5;10;13;11;2;1;2;0;2;2
2019-01-30 09:10:59;56;5;10;13;11;2;1;2;0;2;2
2019-01-30 09:11:58;56;5;10;13;11;2;1;2;0;2;2
2019-01-30 09:12:59;56;5;10;13;11;2;1;2;0;2;2
2019-01-30 09:13:58;56;5;10;13;11;2;1;2;0;2;2
2019-01-30 09:14:59;56;5;10;13;11;2;1;2;0;2;2
2019-01-30 09:15:59;56;5;10;13;11;2;1;2;0;2;2
2019-01-30 09:16:58;56;5;10;13;11;2;1;2;0;2;2
2019-01-30 09:17:59;56;5;10;13;11;2;1;2;0;2;2
2019-01-30 09:18:59;56;5;10;13;11;2;1;2;0;2;2
2019-01-30 09:19:58;56;5;10;13;11;2;1;2;0;2;2
2019-01-30 09:20:59;56;5;11;13;10;2;1;2;0;2;2
2019-01-30 09:21:59;56;5;11;13;10;2;1;2;0;2;2
2019-01-30 09:22:58;56;5;11;13;10;2;1;2;0;2;2
2019-01-30 09:23:59;56;5;11;13;10;2;1;2;0;2;2
2019-01-30 09:24:58;56;5;11;13;10;2;1;2;0;2;2
2019-01-30 09:25:59;56;5;11;13;10;2;1;2;0;2;2
2019-01-30 09:26:59;56;5;11;13;10;2;1;2;0;2;2
2019-01-30 09:27:58;56;5;11;13;10;2;1;2;0;2;2
2019-01-30 09:28:59;57;5;11;13;10;2;2;2;0;2;2
2019-01-30 09:29:58;57;5;11;13;10;2;2;2;0;2;2
2019-01-30 09:30:59;57;5;11;13;10;2;2;2;0;2;2
2019-01-30 09:31:59;58;5;12;13;10;2;2;2;0;2;2
2019-01-30 09:32:58;58;5;12;13;10;2;2;2;0;2;2
2019-01-30 09:33:59;58;5;12;13;10;2;2;2;0;2;2
2019-01-30 09:34:59;59;5;12;13;11;2;2;2;0;2;2
2019-01-30 09:35:58;59;5;12;13;11;2;2;2;0;2;2
2019-01-30 09:36:59;59;5;12;13;11;2;2;2;0;2;2
2019-01-30 09:38:00;59;5;12;13;11;2;2;2;0;2;2
2019-01-30 09:38:58;59;5;12;13;11;2;2;2;0;2;2
2019-01-30 09:39:59;59;5;12;13;11;2;2;2;0;2;2
2019-01-30 09:40:58;59;5;12;13;11;2;2;2;0;2;2
2019-01-30 09:41:59;59;5;12;13;11;2;2;2;0;2;2
2019-01-30 09:42:59;60;5;12;13;11;2;2;2;0;2;2
2019-01-30 09:43:58;60;5;12;13;11;2;2;2;0;2;2
2019-01-30 09:44:59;60;5;12;13;11;2;2;2;0;2;2
2019-01-30 09:45:59;60;5;12;13;11;2;2;2;0;2;2
2019-01-30 09:46:58;61;5;12;14;11;2;2;2;0;2;2
2019-01-30 09:47:59;61;5;12;14;11;2;2;2;0;2;2
2019-01-30 09:48:59;61;5;12;14;11;2;2;2;0;2;2
2019-01-30 09:49:58;61;5;12;14;11;2;2;2;0;2;2
2019-01-30 09:50:59;61;5;12;14;11;2;2;2;0;2;2
2019-01-30 09:51:59;61;5;12;14;11;2;2;2;0;2;2
2019-01-30 09:52:58;61;4;12;14;11;2;2;2;0;2;2
2019-01-30 09:53:59;61;4;12;14;11;2;2;2;0;2;2
2019-01-30 09:54:59;61;4;12;14;11;2;2;2;0;2;2
2019-01-30 09:55:59;62;5;12;14;11;2;2;2;0;2;2
2019-01-30 09:56:58;63;5;12;15;11;2;2;2;0;2;2
2019-01-30 09:57:59;63;5;12;15;11;2;2;2;0;2;2
2019-01-30 09:58:59;63;5;12;15;11;2;2;2;0;2;2
2019-01-30 09:59:58;63;5;12;15;11;2;2;2;0;2;2
2019-01-30 10:00:59;63;5;12;15;11;2;2;2;0;2;2
2019-01-30 10:01:58;63;5;12;15;11;2;2;2;0;2;2
2019-01-30 10:02:59;63;5;12;15;11;2;2;2;0;2;2
2019-01-30 10:03:59;63;5;12;15;11;2;2;2;0;2;2
2019-01-30 10:04:58;64;5;13;15;11;2;2;2;0;2;2
2019-01-30 10:05:59;64;5;13;15;11;2;2;2;0;2;2
2019-01-30 10:06:59;64;5;13;15;11;2;2;2;0;2;2
2019-01-30 10:07:58;64;5;13;15;11;2;2;2;0;2;2
2019-01-30 10:08:59;65;5;13;15;11;2;2;2;0;2;2
2019-01-30 10:09:59;65;5;13;15;11;2;2;2;0;2;2
2019-01-30 10:10:58;65;5;13;15;11;2;2;2;0;2;2
2019-01-30 10:11:59;65;5;13;15;11;2;2;2;0;2;2
2019-01-30 10:12:58;65;5;13;15;11;2;2;2;0;2;2
2019-01-30 10:13:59;65;5;13;15;11;2;2;2;0;2;2
2019-01-30 10:14:59;65;5;13;15;11;2;2;2;0;2;2
2019-01-30 10:15:58;65;5;13;15;11;2;2;2;0;2;2
2019-01-30 10:16:59;65;5;13;15;11;2;2;2;0;2;2
2019-01-30 10:17:58;65;5;13;15;11;2;2;2;0;2;2
2019-01-30 10:18:59;66;5;14;15;11;2;2;2;0;2;2
2019-01-30 10:19:58;67;6;14;15;10;3;2;2;0;2;2
2019-01-30 10:20:59;67;6;14;15;10;3;2;2;0;2;2
2019-01-30 10:21:59;67;6;14;15;10;3;2;2;0;2;2
2019-01-30 10:22:58;67;6;14;15;10;3;2;2;0;2;2
2019-01-30 10:23:59;67;6;14;15;10;3;2;2;0;2;2
2019-01-30 10:24:59;68;6;14;15;10;4;2;2;0;2;2
2019-01-30 10:25:58;68;6;14;15;10;4;2;2;0;2;2
2019-01-30 10:26:59;68;6;14;15;10;4;2;2;0;2;2
2019-01-30 10:27:58;68;6;14;15;10;4;2;2;0;2;2
2019-01-30 10:28:59;68;6;14;15;10;4;2;2;0;2;2
2019-01-30 10:29:58;68;6;14;15;10;4;2;2;0;2;2
2019-01-30 10:30:59;68;6;14;15;10;4;2;2;0;2;2
2019-01-30 10:31:59;68;6;14;15;10;4;2;2;0;2;2
2019-01-30 10:32:58;68;6;14;15;10;4;2;2;0;2;2
2019-01-30 10:33:59;68;6;14;15;10;4;2;2;0;2;2
2019-01-30 10:34:58;68;6;14;15;10;4;2;2;0;2;2
2019-01-30 10:35:59;68;6;14;15;10;4;2;2;0;2;2
2019-01-30 10:36:59;68;6;14;15;10;4;2;2;0;2;2
2019-01-30 10:37:58;68;6;14;15;10;4;2;2;0;2;2
2019-01-30 10:38:59;68;6;14;15;10;4;2;2;0;2;2
2019-01-30 10:39:59;68;6;14;15;10;4;2;2;0;2;2
2019-01-30 10:40:58;68;6;14;15;10;4;2;2;0;2;2
2019-01-30 10:41:59;68;6;14;15;10;4;2;2;0;2;2
2019-01-30 10:42:59;68;6;14;15;10;4;2;2;0;2;2
2019-01-30 10:43:58;69;6;14;16;10;4;2;2;0;2;2
2019-01-30 10:44:59;69;6;14;16;10;4;2;2;0;2;2
2019-01-30 10:45:58;69;6;14;16;10;4;2;2;0;2;2
2019-01-30 10:46:59;71;6;14;17;10;4;2;3;0;2;2
2019-01-30 10:47:59;71;6;14;17;10;4;2;3;0;2;2
2019-01-30 10:48:58;71;6;14;17;10;4;2;3;0;2;2
2019-01-30 10:49:59;71;6;14;17;10;4;2;3;0;2;2
2019-01-30 10:51:00;71;6;14;17;10;4;2;3;0;2;2
2019-01-30 10:51:58;71;6;14;17;10;4;2;3;0;2;2
2019-01-30 10:52:59;71;6;14;17;10;4;2;3;0;2;2
2019-01-30 10:53:59;71;6;14;17;10;4;2;3;0;2;2
2019-01-30 10:54:59;72;6;14;17;10;4;3;3;0;2;2
2019-01-30 10:55:58;72;6;14;17;10;4;3;3;0;2;2
2019-01-30 10:56:59;72;6;14;17;10;4;3;3;0;2;2
2019-01-30 10:57:59;72;6;14;17;10;4;3;3;0;2;2
2019-01-30 10:58:58;72;6;14;17;10;4;3;3;0;2;2
2019-01-30 10:59:59;72;6;14;17;10;4;3;3;0;2;2
2019-01-30 11:01:00;73;6;15;17;10;4;3;3;0;2;2
2019-01-30 11:01:58;73;6;15;17;10;4;3;3;0;2;2
2019-01-30 11:02:59;73;6;15;17;10;4;3;3;0;2;2
2019-01-30 11:03:58;74;6;15;17;10;5;3;3;0;2;2
2019-01-30 11:04:59;74;6;15;17;10;5;3;3;0;2;2
2019-01-30 11:05:59;74;6;15;17;10;5;3;3;0;2;2
2019-01-30 11:07:00;74;6;15;17;10;5;3;3;0;2;2
2019-01-30 11:07:58;74;6;15;17;10;5;3;3;0;2;2
2019-01-30 11:08:59;74;6;15;17;10;5;3;3;0;2;2
2019-01-30 11:09:58;75;6;15;17;11;5;3;3;0;2;2
2019-01-30 11:10:59;75;6;15;17;11;5;3;3;0;2;2
2019-01-30 11:11:59;75;6;15;17;11;5;3;3;0;2;2
2019-01-30 11:12:58;75;6;15;17;11;5;3;3;0;2;2
2019-01-30 11:13:59;75;6;15;17;11;5;3;3;0;2;2
2019-01-30 11:14:59;75;6;15;17;11;5;3;3;0;2;2
2019-01-30 11:15:58;75;6;15;17;11;5;3;3;0;2;2
2019-01-30 11:16:59;75;6;15;17;11;5;3;3;0;2;2
2019-01-30 11:17:58;75;6;15;17;11;5;3;3;0;2;2
2019-01-30 11:18:59;75;6;15;17;11;5;3;3;0;2;2
2019-01-30 11:19:59;75;6;15;17;11;5;3;3;0;2;2
2019-01-30 11:20:58;75;6;15;17;11;5;3;3;0;2;2
2019-01-30 11:21:59;75;6;15;17;11;5;3;3;0;2;2
2019-01-30 11:22:59;75;6;15;17;11;5;3;3;0;2;2
2019-01-30 11:23:58;76;6;15;17;12;5;3;3;0;2;2
2019-01-30 11:24:59;76;6;15;17;12;5;3;3;0;2;2
2019-01-30 11:25:59;77;6;15;17;12;5;4;3;0;2;2
2019-01-30 11:26:58;77;6;15;17;12;5;4;3;0;2;2
2019-01-30 11:27:59;77;6;15;17;12;5;4;3;0;2;2
2019-01-30 11:28:59;78;7;15;17;12;5;4;3;0;2;2
2019-01-30 11:29:58;78;7;15;17;12;5;4;3;0;2;2
2019-01-30 11:30:59;78;7;15;17;12;5;4;3;0;2;2
2019-01-30 11:32:00;78;7;15;17;12;5;4;3;0;2;2
2019-01-30 11:32:58;78;7;15;17;12;5;4;3;0;2;2
2019-01-30 11:33:59;78;7;15;17;12;5;4;3;0;2;2
2019-01-30 11:34:58;78;7;15;17;12;5;4;3;0;2;2
2019-01-30 11:35:59;78;7;15;17;12;5;4;3;0;2;2
2019-01-30 11:36:59;78;7;15;17;12;5;4;3;0;2;2
2019-01-30 11:37:58;78;7;15;17;12;5;4;3;0;2;2
2019-01-30 11:38:59;78;7;15;17;12;5;4;3;0;2;2
2019-01-30 11:39:59;79;7;15;17;13;5;4;3;0;2;2
2019-01-30 11:40:58;79;7;15;17;13;5;4;3;0;2;2
2019-01-30 11:41:59;79;7;15;17;13;5;4;3;0;2;2
2019-01-30 11:42:59;80;7;15;18;13;5;4;3;0;2;2
2019-01-30 11:43:58;80;7;15;18;13;5;4;3;0;2;2
2019-01-30 11:44:59;81;7;15;18;13;5;4;3;1;2;2
2019-01-30 11:45:58;81;7;15;18;13;5;4;3;1;2;2
2019-01-30 11:46:59;81;7;15;18;13;5;4;3;1;2;2
2019-01-30 11:47:59;82;7;16;18;13;5;4;3;1;2;2
2019-01-30 11:48:58;82;7;16;18;13;5;4;3;1;2;2
2019-01-30 11:49:59;83;7;17;18;13;5;4;3;1;2;2
2019-01-30 11:50:59;83;7;17;18;13;5;4;3;1;2;2
2019-01-30 11:51:58;83;7;17;18;13;5;4;3;1;2;2
2019-01-30 11:52:59;83;7;17;18;13;5;4;3;1;2;2
2019-01-30 11:53:59;83;7;17;18;13;5;4;3;1;2;2
2019-01-30 11:54:58;83;7;17;18;13;5;4;3;1;2;2
2019-01-30 11:55:59;84;7;18;18;13;5;4;3;1;2;2
2019-01-30 11:56:58;85;7;18;18;13;5;4;3;2;2;2
2019-01-30 11:57:59;85;7;18;18;13;5;4;3;2;2;2
2019-01-30 11:58:59;85;7;18;18;13;5;4;3;2;2;2
2019-01-30 11:59:58;85;7;18;18;13;5;4;3;2;2;2
2019-01-30 12:00:59;85;7;18;18;13;5;4;3;2;2;2
2019-01-30 12:01:59;85;7;18;18;13;5;4;3;2;2;2
2019-01-30 12:02:58;86;7;18;19;13;5;4;3;2;2;2
2019-01-30 12:03:59;86;7;18;19;13;5;4;3;2;2;2
2019-01-30 12:04:58;86;7;18;19;13;5;4;3;2;2;2
2019-01-30 12:05:59;86;7;18;19;13;5;4;3;2;2;2
2019-01-30 12:06:59;86;7;18;19;13;5;4;3;2;2;2
2019-01-30 12:07:58;86;7;18;19;13;5;4;3;2;2;2
2019-01-30 12:08:59;86;7;18;19;13;5;4;3;2;2;2
2019-01-30 12:09:58;87;7;18;19;13;5;4;3;2;3;2
2019-01-30 12:10:59;88;7;18;20;13;5;4;3;2;3;2
2019-01-30 12:11:59;88;7;18;20;13;5;4;3;2;3;2
2019-01-30 12:12:58;89;7;18;20;13;5;4;3;2;3;2
2019-01-30 12:13:59;89;7;18;20;13;5;4;3;2;3;2
2019-01-30 12:14:59;89;7;18;20;13;5;4;3;2;3;2
2019-01-30 12:15:58;89;7;18;20;13;5;4;3;2;3;2
2019-01-30 12:16:59;90;7;18;20;14;5;4;3;2;3;2
2019-01-30 12:17:59;90;7;18;20;14;5;4;3;2;3;2
2019-01-30 12:18:58;90;7;18;20;14;5;4;3;2;3;2
2019-01-30 12:19:59;90;7;18;20;14;5;4;3;2;3;2
2019-01-30 12:20:58;90;7;18;20;14;5;4;3;2;3;2
2019-01-30 12:21:59;90;7;18;20;14;5;4;3;2;3;2
2019-01-30 12:22:59;90;7;18;20;14;5;4;3;2;3;2
2019-01-30 12:23:58;90;7;18;20;14;5;4;3;2;3;2
2019-01-30 12:24:59;90;7;18;20;14;5;4;3;2;3;2
2019-01-30 12:25:58;90;7;18;20;14;5;4;3;2;3;2
2019-01-30 12:26:59;90;7;18;20;14;5;4;3;2;3;2
2019-01-30 12:28:00;90;7;18;20;14;5;4;3;2;3;2
2019-01-30 12:28:58;90;7;18;20;14;5;4;3;2;3;2
2019-01-30 12:29:59;90;7;18;20;14;5;4;3;2;3;2
2019-01-30 12:30:58;90;7;18;20;14;5;4;3;2;3;2
2019-01-30 12:31:59;90;7;18;20;14;5;4;3;2;3;2
2019-01-30 12:32:59;90;7;18;20;14;5;4;3;2;3;2
2019-01-30 12:33:58;90;7;18;20;14;5;4;3;2;3;2
2019-01-30 12:34:59;90;7;18;20;14;5;4;3;2;3;2
2019-01-30 12:35:59;90;7;18;20;14;5;4;3;2;3;2
2019-01-30 12:36:58;90;6;19;20;14;5;4;3;2;3;2
2019-01-30 12:37:59;90;6;19;20;14;5;4;3;2;3;2
2019-01-30 12:38:59;90;6;19;20;14;5;4;3;2;3;2
2019-01-30 12:39:58;90;6;19;20;14;5;4;3;2;3;2
2019-01-30 12:40:59;90;6;19;20;14;5;4;3;2;3;2
2019-01-30 12:42:00;90;6;19;20;14;5;4;3;2;3;2
2019-01-30 12:42:58;91;6;19;20;14;5;4;3;2;3;2
2019-01-30 12:43:59;91;6;19;20;14;5;4;3;2;3;2
2019-01-30 12:44:58;91;6;19;20;14;5;4;3;2;3;2
2019-01-30 12:45:59;91;6;19;20;14;5;4;3;2;3;2
2019-01-30 12:46:59;91;6;19;20;14;5;4;3;2;3;2
2019-01-30 12:47:58;91;6;19;20;14;5;4;3;2;3;2
2019-01-30 12:48:59;91;6;19;20;14;5;4;3;2;3;2
2019-01-30 12:49:59;91;6;19;20;14;5;4;3;2;3;2
2019-01-30 12:50:58;92;6;19;20;15;5;4;3;2;3;2
2019-01-30 12:51:59;92;6;19;20;15;5;4;3;2;3;2
2019-01-30 12:52:58;92;6;19;20;15;5;4;3;2;3;2
2019-01-30 12:53:59;93;6;20;20;15;5;4;3;2;3;2
2019-01-30 12:54:59;93;6;20;20;15;5;4;3;2;3;2
2019-01-30 12:55:58;93;6;20;20;15;5;4;3;2;3;2
2019-01-30 12:56:59;93;6;20;20;15;5;4;3;2;3;2
2019-01-30 12:57:59;93;6;20;20;15;5;4;3;2;3;2
2019-01-30 12:58:58;94;6;20;20;15;5;4;4;2;3;2
2019-01-30 12:59:59;94;6;20;20;15;5;4;4;2;3;2
2019-01-30 13:00:58;94;6;20;20;15;5;4;4;2;3;2
2019-01-30 13:01:59;95;6;20;20;15;5;4;4;2;3;2
2019-01-30 13:02:59;95;6;20;20;15;5;4;4;2;3;2
2019-01-30 13:03:58;96;6;21;20;15;5;4;4;2;3;2
2019-01-30 13:04:59;96;6;21;20;15;5;4;4;2;3;2
2019-01-30 13:05:58;96;6;21;20;15;5;4;4;2;3;2
2019-01-30 13:06:59;97;6;22;20;15;5;4;4;2;3;2
2019-01-30 13:07:59;97;6;22;20;15;5;4;4;2;3;2
2019-01-30 13:08:58;97;6;22;20;15;5;4;4;2;3;2
2019-01-30 13:09:59;98;6;22;21;15;5;4;4;2;3;2
2019-01-30 13:10:59;98;6;22;21;15;5;4;4;2;3;2
2019-01-30 13:11:58;98;6;22;21;15;5;4;4;2;3;2
2019-01-30 13:12:59;98;6;22;21;15;5;4;4;2;3;2
2019-01-30 13:13:58;99;6;22;21;15;5;4;4;3;3;2
2019-01-30 13:14:59;99;6;22;21;15;5;4;4;3;3;2
2019-01-30 13:15:59;99;6;22;21;15;5;4;4;3;3;2
2019-01-30 13:16:58;99;6;22;21;15;5;4;4;3;3;2
2019-01-30 13:17:59;99;6;22;21;15;5;4;4;3;3;2
2019-01-30 13:18:59;99;6;22;21;15;5;4;4;3;3;2
2019-01-30 13:19:58;99;6;22;21;15;5;4;4;3;3;2
2019-01-30 13:20:59;99;6;22;21;15;5;4;4;3;3;2
2019-01-30 13:22:00;99;6;22;21;15;5;4;4;3;3;2
2019-01-30 13:22:58;100;6;22;21;15;5;4;4;3;3;2
2019-01-30 13:23:59;100;6;22;21;15;5;4;4;3;3;2
2019-01-30 13:24:58;100;6;22;21;15;5;4;4;3;3;2
2019-01-30 13:25:59;100;6;22;21;15;5;4;4;3;3;2
2019-01-30 13:26:58;100;6;22;21;15;5;4;4;3;3;2
2019-01-30 13:27:59;100;6;22;21;15;5;4;4;3;3;2
2019-01-30 13:28:59;100;6;22;21;15;5;4;4;3;3;2
2019-01-30 13:29:58;100;6;22;21;15;5;4;4;3;3;2
2019-01-30 13:30:59;100;6;22;21;15;5;4;4;3;3;2
2019-01-30 13:32:00;100;6;22;21;15;5;4;4;3;3;2
2019-01-30 13:32:58;100;6;22;21;15;5;4;4;3;3;2
2019-01-30 13:33:59;100;6;22;21;15;5;4;4;3;3;2
2019-01-30 13:34:58;100;6;22;21;15;5;4;4;3;3;2
2019-01-30 13:35:59;101;6;23;21;15;5;4;4;3;3;2
2019-01-30 13:36:59;101;6;23;21;15;5;4;4;3;3;2
2019-01-30 13:37:58;101;6;23;21;15;5;4;4;3;3;2
2019-01-30 13:38:59;101;6;23;21;15;5;4;4;3;3;2
2019-01-30 13:39:59;101;6;23;21;15;5;4;4;3;3;2
2019-01-30 13:40:58;101;6;23;21;15;5;4;4;3;3;2
2019-01-30 13:41:59;101;6;23;21;15;5;4;4;3;3;2
2019-01-30 13:42:58;101;6;23;21;15;5;4;4;3;3;2
2019-01-30 13:43:59;101;6;23;21;15;5;4;4;3;3;2
2019-01-30 13:44:59;102;7;23;21;15;5;4;4;3;3;2
2019-01-30 13:45:58;102;7;23;21;15;5;4;4;3;3;2
2019-01-30 13:46:59;102;7;23;21;15;5;4;4;3;3;2
2019-01-30 13:47:59;102;7;23;21;15;5;4;4;3;3;2
2019-01-30 13:48:58;102;7;23;21;15;5;4;4;3;3;2
2019-01-30 13:49:59;102;7;23;21;15;5;4;4;3;3;2
2019-01-30 13:50:59;103;7;23;21;16;5;4;4;3;3;2
2019-01-30 13:51:58;103;7;23;21;16;5;4;4;3;3;2
2019-01-30 13:52:59;103;7;23;21;16;5;4;4;3;3;2
2019-01-30 13:53:59;103;7;23;21;16;5;4;4;3;3;2
2019-01-30 13:54:59;104;7;24;21;16;5;4;4;3;3;2
2019-01-30 13:55:58;104;7;24;21;16;5;4;4;3;3;2
2019-01-30 13:56:59;104;7;24;21;16;5;4;4;3;3;2
2019-01-30 13:57:58;105;7;25;21;16;5;4;4;3;3;2
2019-01-30 13:58:59;105;7;25;21;16;5;4;4;3;3;2
2019-01-30 13:59:59;105;7;25;21;16;5;4;4;3;3;2
2019-01-30 14:00:58;105;7;25;21;16;5;4;4;3;3;2
2019-01-30 14:01:59;105;7;25;21;16;5;4;4;3;3;2
2019-01-30 14:02:59;105;7;25;21;16;5;4;4;3;3;2
2019-01-30 14:03:58;105;7;25;21;16;5;4;4;3;3;2
2019-01-30 14:04:59;105;7;25;21;16;5;4;4;3;3;2
2019-01-30 14:06:00;105;7;25;21;16;5;4;4;3;3;2
2019-01-30 14:06:58;105;7;25;21;16;5;4;4;3;3;2
2019-01-30 14:07:59;105;7;25;21;16;5;4;4;3;3;2
2019-01-30 14:08:58;105;7;25;21;16;5;4;4;3;3;2
2019-01-30 14:09:59;105;7;25;21;16;5;4;4;3;3;2
2019-01-30 14:10:59;106;7;25;21;16;6;4;4;3;3;2
2019-01-30 14:11:58;106;7;25;21;16;6;4;4;3;3;2
2019-01-30 14:12:59;106;7;25;21;16;6;4;4;3;3;2
2019-01-30 14:13:59;106;7;25;21;16;6;4;4;3;3;2
2019-01-30 14:14:58;106;7;25;21;16;6;4;4;3;3;2
2019-01-30 14:15:59;106;7;25;21;16;6;4;4;3;3;2
2019-01-30 14:16:58;106;7;25;21;16;6;4;4;3;3;2
2019-01-30 14:17:59;106;7;25;21;16;6;4;4;3;3;2
2019-01-30 14:19:00;106;7;25;21;16;6;4;4;3;3;2
2019-01-30 14:19:58;107;7;26;21;16;6;4;4;3;3;2
2019-01-30 14:20:59;108;7;27;21;16;6;4;4;3;3;2
2019-01-30 14:21:58;108;7;27;21;16;6;4;4;3;3;2
2019-01-30 14:22:59;109;8;27;21;16;6;4;4;3;3;2
2019-01-30 14:23:59;109;8;27;21;16;6;4;4;3;3;2
2019-01-30 14:24:58;109;8;27;21;16;6;4;4;3;3;2
2019-01-30 14:25:59;109;8;27;21;16;6;4;4;3;3;2
2019-01-30 14:26:59;109;8;27;21;16;6;4;4;3;3;2
2019-01-30 14:27:58;109;8;27;21;16;6;4;4;3;3;2
2019-01-30 14:28:59;109;8;27;21;16;6;4;4;3;3;2
2019-01-30 14:29:59;109;8;27;21;16;6;4;4;3;3;2
2019-01-30 14:30:58;109;8;27;21;16;6;4;4;3;3;2
2019-01-30 14:31:59;109;8;27;21;16;6;4;4;3;3;2
2019-01-30 14:32:59;109;8;27;21;16;6;4;4;3;3;2
2019-01-30 14:33:58;111;8;28;21;17;6;4;4;3;3;2
2019-01-30 14:34:59;111;8;28;21;17;6;4;4;3;3;2
2019-01-30 14:35:59;111;8;28;21;17;6;4;4;3;3;2
2019-01-30 14:36:58;111;8;28;21;17;6;4;4;3;3;2
2019-01-30 14:37:59;112;9;28;21;17;6;4;4;3;3;2
2019-01-30 14:38:59;112;9;28;21;17;6;4;4;3;3;2
2019-01-30 14:39:58;113;9;28;22;17;6;4;4;3;3;2
2019-01-30 14:40:59;113;9;28;22;17;6;4;4;3;3;2
2019-01-30 14:41:58;113;9;28;22;17;6;4;4;3;3;2
2019-01-30 14:42:59;113;9;28;22;17;6;4;4;3;3;2
2019-01-30 14:43:59;113;9;28;22;17;6;4;4;3;3;2
2019-01-30 14:44:58;113;9;28;22;17;6;4;4;3;3;2
2019-01-30 14:45:59;113;9;28;22;17;6;4;4;3;3;2
2019-01-30 14:46:59;113;9;28;22;17;6;4;4;3;3;2
2019-01-30 14:47:58;113;9;28;22;17;6;4;4;3;3;2
2019-01-30 14:48:59;113;9;28;22;17;6;4;4;3;3;2
2019-01-30 14:49:58;113;9;28;22;17;6;4;4;3;3;2
2019-01-30 14:50:59;114;9;29;22;17;6;4;4;3;3;2
2019-01-30 14:51:59;114;9;29;22;17;6;4;4;3;3;2
2019-01-30 14:52:58;114;9;29;22;17;6;4;4;3;3;2
2019-01-30 14:53:59;114;9;29;22;17;6;4;4;3;3;2
2019-01-30 14:54:58;114;9;29;22;17;6;4;4;3;3;2
2019-01-30 14:55:59;116;9;30;22;17;6;5;4;3;3;2
2019-01-30 14:56:58;116;9;30;22;17;6;5;4;3;3;2
2019-01-30 14:57:59;116;9;31;22;17;6;4;4;3;3;2
2019-01-30 14:58:58;116;9;31;22;17;6;4;4;3;3;2
2019-01-30 14:59:59;116;9;31;22;17;6;4;4;3;3;2
2019-01-30 15:00:59;116;9;31;22;17;6;4;4;3;3;2
2019-01-30 15:01:58;116;9;31;22;17;6;4;4;3;3;2
2019-01-30 15:02:59;116;9;31;22;17;6;4;4;3;3;2
2019-01-30 15:03:59;116;9;31;22;17;6;4;4;3;3;2
2019-01-30 15:04:58;116;9;31;22;17;6;4;4;3;3;2
2019-01-30 15:05:59;116;9;31;22;17;6;4;4;3;3;2
2019-01-30 15:06:59;116;9;31;22;17;6;4;4;3;3;2
2019-01-30 15:07:58;116;9;31;22;17;6;4;4;3;3;2
2019-01-30 15:08:59;116;9;31;22;17;6;4;4;3;3;2
2019-01-30 15:09:59;116;9;31;22;17;6;4;4;3;3;2
2019-01-30 15:10:58;116;9;31;22;17;6;4;4;3;3;2
2019-01-30 15:11:59;116;9;31;22;17;6;4;4;3;3;2
2019-01-30 15:12:58;116;9;31;22;17;6;4;4;3;3;2
2019-01-30 15:13:59;116;9;31;22;17;6;4;4;3;3;2
2019-01-30 15:14:59;116;9;31;22;17;6;4;4;3;3;2
2019-01-30 15:15:59;116;9;31;22;17;6;4;4;3;3;2
2019-01-30 15:16:59;116;9;31;22;17;6;4;4;3;3;2
2019-01-30 15:17:59;116;9;31;22;17;6;4;4;3;3;2
2019-01-30 15:18:58;116;9;31;22;17;6;4;4;3;3;2
2019-01-30 15:19:59;116;9;31;22;17;6;4;4;3;3;2
2019-01-30 15:20:59;116;9;31;22;17;6;4;4;3;3;2
2019-01-30 15:21:58;116;9;31;22;17;6;4;4;3;3;2
2019-01-30 15:22:59;117;9;31;22;18;6;4;4;3;3;2
2019-01-30 15:23:58;117;9;31;22;18;6;4;4;3;3;2
2019-01-30 15:24:59;117;9;31;22;18;6;4;4;3;3;2
2019-01-30 15:25:59;117;9;31;22;18;6;4;4;3;3;2
2019-01-30 15:26:58;117;9;32;22;17;6;4;4;3;3;2
2019-01-30 15:27:59;117;9;32;22;17;6;4;4;3;3;2
2019-01-30 15:28:59;117;9;32;22;17;6;4;4;3;3;2
2019-01-30 15:29:58;117;9;32;22;17;6;4;4;3;3;2
2019-01-30 15:30:59;117;9;32;22;17;6;4;4;3;3;2
2019-01-30 15:31:59;117;9;32;22;17;6;4;4;3;3;2
2019-01-30 15:32:58;118;9;32;22;17;7;4;4;3;3;2
2019-01-30 15:33:59;118;9;32;22;17;7;4;4;3;3;2
2019-01-30 15:34:58;118;9;32;22;17;7;4;4;3;3;2
2019-01-30 15:35:59;118;9;32;22;17;7;4;4;3;3;2
2019-01-30 15:36:58;118;9;32;22;17;7;4;4;3;3;2
2019-01-30 15:37:59;118;9;32;22;17;7;4;4;3;3;2
2019-01-30 15:38:58;118;9;32;22;17;7;4;4;3;3;2
2019-01-30 15:39:59;118;9;32;22;17;7;4;4;3;3;2
2019-01-30 15:40:59;119;10;32;22;17;7;4;4;3;3;2
2019-01-30 15:41:58;119;10;32;22;17;7;4;4;3;3;2
2019-01-30 15:42:59;119;10;32;22;17;7;4;4;3;3;2
2019-01-30 15:43:59;119;10;32;22;17;7;4;4;3;3;2
2019-01-30 15:44:58;119;10;32;22;17;7;4;4;3;3;2
2019-01-30 15:45:59;119;10;32;22;17;7;4;4;3;3;2
2019-01-30 15:46:59;120;11;32;22;17;7;4;4;3;3;2
2019-01-30 15:47:58;120;11;32;22;17;7;4;4;3;3;2
2019-01-30 15:48:59;120;11;32;22;17;7;4;4;3;3;2
2019-01-30 15:49:59;120;11;32;22;17;7;4;4;3;3;2
2019-01-30 15:50:58;120;11;32;22;17;7;4;4;3;3;2
2019-01-30 15:51:59;120;11;32;22;17;7;4;4;3;3;2
2019-01-30 15:52:59;120;11;32;22;17;7;4;4;3;3;2
2019-01-30 15:53:58;120;11;32;22;17;7;4;4;3;3;2
2019-01-30 15:54:59;120;11;32;22;17;7;4;4;3;3;2
2019-01-30 15:55:58;120;11;32;22;17;7;4;4;3;3;2
2019-01-30 15:56:59;121;12;32;22;17;7;4;4;3;3;2
2019-01-30 15:57:59;121;12;32;22;17;7;4;4;3;3;2
2019-01-30 15:58:58;121;12;32;22;17;7;4;4;3;3;2
2019-01-30 15:59:59;121;12;32;22;17;7;4;4;3;3;2
2019-01-30 16:00:58;121;12;32;22;17;7;4;4;3;3;2
2019-01-30 16:01:59;121;12;32;22;17;7;4;4;3;3;2
2019-01-30 16:02:59;121;12;32;22;17;7;4;4;3;3;2
2019-01-30 16:03:58;121;12;32;22;17;7;4;4;3;3;2
2019-01-30 16:04:59;121;12;32;22;17;7;4;4;3;3;2
2019-01-30 16:05:58;121;12;32;22;17;7;4;4;3;3;2
2019-01-30 16:06:59;121;12;32;22;17;7;4;4;3;3;2
2019-01-30 16:07:59;121;12;32;22;17;7;4;4;3;3;2
2019-01-30 16:08:58;121;12;32;22;17;7;4;4;3;3;2
2019-01-30 16:09:59;122;13;32;22;17;7;4;4;3;3;2
2019-01-30 16:10:58;122;13;32;22;17;7;4;4;3;3;2
2019-01-30 16:11:59;124;14;32;22;17;8;4;4;3;3;2
2019-01-30 16:12:59;124;14;32;22;17;8;4;4;3;3;2
2019-01-30 16:13:58;124;14;32;22;17;8;4;4;3;3;2
2019-01-30 16:14:59;124;14;32;22;17;8;4;4;3;3;2
2019-01-30 16:15:59;124;14;32;22;17;8;4;4;3;3;2
2019-01-30 16:16:58;124;14;32;22;17;8;4;4;3;3;2
2019-01-30 16:17:59;124;14;32;22;17;8;4;4;3;3;2
2019-01-30 16:18:58;124;14;32;22;17;8;4;4;3;3;2
2019-01-30 16:19:59;124;14;32;21;17;8;4;4;3;3;2
2019-01-30 16:20:59;124;14;32;21;17;8;4;4;3;3;2
2019-01-30 16:21:58;124;14;32;21;17;8;4;4;3;3;2
2019-01-30 16:22:59;124;14;32;21;17;8;4;4;3;3;2
2019-01-30 16:23:59;124;14;32;21;17;8;4;4;3;3;2
2019-01-30 16:24:58;124;14;32;21;17;8;4;4;3;3;2
2019-01-30 16:25:59;124;14;32;21;17;8;4;4;3;3;2
2019-01-30 16:26:59;124;14;32;21;17;8;4;4;3;3;2
2019-01-30 16:27:58;124;14;32;21;17;8;4;4;3;3;2
2019-01-30 16:28:59;124;14;32;21;17;8;4;4;3;3;2
2019-01-30 16:29:59;125;15;32;21;17;8;4;4;3;3;2
2019-01-30 16:30:58;125;15;32;21;17;8;4;4;3;3;2
2019-01-30 16:31:59;125;15;32;21;17;8;4;4;3;3;2
2019-01-30 16:32:58;126;15;32;22;17;8;4;4;3;3;2
2019-01-30 16:33:59;126;15;32;22;17;8;5;4;2;3;2
2019-01-30 16:34:59;126;15;32;22;17;8;5;4;2;3;2
2019-01-30 16:35:58;126;15;32;22;17;8;5;4;2;3;2
2019-01-30 16:36:59;126;15;32;22;17;8;5;4;2;3;2
2019-01-30 16:37:59;126;15;32;22;17;8;5;4;2;3;2
2019-01-30 16:38:58;126;15;32;22;17;8;5;4;2;3;2
2019-01-30 16:40:00;126;16;32;22;17;8;4;4;2;3;2
2019-01-30 16:40:59;129;17;35;21;17;8;4;4;2;3;2
2019-01-30 16:41:59;129;17;35;21;17;8;4;4;2;3;2
2019-01-30 16:43:00;129;17;35;21;17;8;4;4;2;3;2
2019-01-30 16:43:58;129;17;35;21;17;8;4;4;2;3;2
2019-01-30 16:44:59;129;17;35;21;17;8;4;4;2;3;2
2019-01-30 16:45:58;129;17;35;21;17;8;4;4;2;3;2
2019-01-30 16:46:59;129;17;35;21;17;8;4;4;2;3;2
2019-01-30 16:47:58;130;17;35;21;17;9;4;4;2;3;2
2019-01-30 16:48:59;130;17;35;21;17;9;4;4;2;3;2
2019-01-30 16:49:59;130;17;35;21;17;9;4;4;2;3;2
2019-01-30 16:50:58;130;17;35;21;17;9;4;4;2;3;2
2019-01-30 16:51:59;130;17;35;21;17;9;4;4;2;3;2
2019-01-30 16:52:59;130;17;35;21;17;9;4;4;2;3;2
2019-01-30 16:53:58;132;18;35;21;18;9;4;4;2;3;2
2019-01-30 16:54:59;132;18;35;21;18;9;4;4;2;3;2
2019-01-30 16:55:58;132;18;35;21;18;9;4;4;2;3;2
2019-01-30 16:56:59;132;18;35;21;18;9;4;4;2;3;2
2019-01-30 16:57:59;133;18;35;21;18;9;4;4;2;3;2
2019-01-30 16:58:58;133;18;35;21;18;9;4;4;2;3;2
2019-01-30 16:59:59;133;18;35;21;18;9;4;4;2;3;2
2019-01-30 17:00:58;133;18;35;21;18;9;4;4;2;3;2
2019-01-30 17:01:59;133;19;35;21;18;9;4;4;2;3;2
2019-01-30 17:02:59;133;19;35;21;18;9;4;4;2;3;2
2019-01-30 17:03:58;134;20;35;21;18;9;4;4;2;3;2
2019-01-30 17:04:59;134;20;35;21;18;9;4;4;2;3;2
2019-01-30 17:06:00;134;20;35;21;18;9;4;4;2;3;2
2019-01-30 17:06:58;134;20;35;21;18;9;4;4;2;3;2
2019-01-30 17:07:59;134;20;35;21;18;9;4;4;2;3;2
2019-01-30 17:09:00;134;20;35;21;18;9;4;4;2;3;2
2019-01-30 17:09:58;134;20;35;21;18;9;4;4;2;3;2
2019-01-30 17:10:59;135;20;36;21;18;9;4;4;2;3;2
2019-01-30 17:11:59;135;20;36;21;18;9;4;4;2;3;2
2019-01-30 17:12:58;135;20;36;21;18;9;4;4;2;3;2
2019-01-30 17:13:59;135;20;36;21;18;9;4;4;2;3;2
2019-01-30 17:14:59;136;20;37;21;18;9;4;4;2;3;2
2019-01-30 17:15:58;136;20;37;21;18;9;4;4;2;3;2
2019-01-30 17:16:59;136;20;37;21;18;9;4;4;2;3;2
2019-01-30 17:17:58;136;20;37;21;18;9;4;4;2;3;2
2019-01-30 17:18:59;136;20;37;21;18;9;4;4;2;3;2
2019-01-30 17:19:58;136;20;37;21;18;9;4;4;2;3;2
2019-01-30 17:20:59;136;20;37;21;18;9;4;4;2;3;2
2019-01-30 17:21:59;136;20;37;21;18;9;4;4;2;3;2
2019-01-30 17:22:58;136;20;37;21;18;9;4;4;2;3;2
2019-01-30 17:23:59;136;20;37;21;18;9;4;4;2;3;2
2019-01-30 17:24:59;136;20;37;21;18;9;4;4;2;3;2
2019-01-30 17:25:58;137;20;38;21;18;9;4;4;2;3;2
2019-01-30 17:26:59;137;20;38;21;18;9;4;4;2;3;2
2019-01-30 17:27:58;137;21;37;21;18;9;4;4;2;3;2
2019-01-30 17:28:59;137;21;37;21;18;9;4;4;2;3;2
2019-01-30 17:29:59;137;21;37;21;18;9;4;4;2;3;2
2019-01-30 17:30:58;137;21;37;21;18;9;4;4;2;3;2
2019-01-30 17:31:59;137;21;37;21;18;9;4;4;2;3;2
2019-01-30 17:32:58;137;21;37;21;18;9;4;4;2;3;2
2019-01-30 17:33:59;137;21;37;21;18;9;4;4;2;3;2
2019-01-30 17:34:59;137;21;38;21;17;9;4;4;2;3;2
2019-01-30 17:35:58;137;21;38;21;17;9;4;4;2;3;2
2019-01-30 17:36:59;137;21;38;21;17;9;4;4;2;3;2
2019-01-30 17:37:59;137;21;38;21;17;9;4;4;2;3;2
2019-01-30 17:38:58;137;21;38;21;17;9;4;4;2;3;2
2019-01-30 17:39:59;137;21;38;21;17;9;4;4;2;3;2
2019-01-30 17:40:59;137;21;38;21;17;9;4;4;2;3;2
2019-01-30 17:41:58;137;21;38;21;17;9;4;4;2;3;2
2019-01-30 17:42:59;137;21;38;21;17;9;4;4;2;3;2
2019-01-30 17:43:59;138;22;38;21;17;9;4;4;2;3;2
2019-01-30 17:44:58;138;22;38;21;17;9;4;4;2;3;2
2019-01-30 17:45:59;138;22;38;21;17;9;4;4;2;3;2
2019-01-30 17:46:59;139;22;39;21;17;9;4;4;2;3;2
2019-01-30 17:47:58;139;22;39;21;17;9;4;4;2;3;2
2019-01-30 17:48:59;139;22;39;21;17;9;4;4;2;3;2
2019-01-30 17:49:59;139;22;39;21;17;9;4;4;2;3;2
2019-01-30 17:50:59;139;22;39;21;17;9;4;4;2;3;2
2019-01-30 17:51:58;140;22;40;21;17;9;4;4;2;3;2
2019-01-30 17:52:59;140;22;40;21;17;9;4;4;2;3;2
2019-01-30 17:53:59;140;22;40;21;17;9;4;4;2;3;2
2019-01-30 17:54:58;140;22;40;21;17;9;4;4;2;3;2
2019-01-30 17:55:59;140;22;40;21;17;9;4;4;2;3;2
2019-01-30 17:56:59;140;22;40;21;17;9;4;4;2;3;2
2019-01-30 17:57:58;140;22;40;21;17;9;4;4;2;3;2
2019-01-30 17:58:59;141;23;40;21;17;9;4;4;2;3;2
2019-01-30 17:59:58;141;23;40;21;17;9;4;4;2;3;2
2019-01-30 18:00:59;141;23;40;21;17;9;4;4;2;3;2
2019-01-30 18:01:59;141;23;40;21;17;9;4;4;2;3;2
2019-01-30 18:02:58;141;23;40;21;17;9;4;4;2;3;2
2019-01-30 18:03:59;142;23;40;22;17;9;4;4;2;3;2
2019-01-30 18:04:59;142;23;40;22;17;9;4;4;2;3;2
2019-01-30 18:05:58;142;23;40;22;17;9;4;4;2;3;2
2019-01-30 18:06:59;142;23;40;22;17;9;4;4;2;3;2
2019-01-30 18:07:58;142;23;40;22;17;9;4;4;2;3;2
2019-01-30 18:08:59;142;23;40;22;17;9;4;4;2;3;2
2019-01-30 18:09:59;142;23;40;22;17;9;4;4;2;3;2
2019-01-30 18:10:59;142;23;40;22;17;9;4;4;2;3;2
2019-01-30 18:11:58;142;23;40;22;17;9;4;4;2;3;2
2019-01-30 18:12:59;142;24;40;22;17;8;4;4;2;3;2
2019-01-30 18:13:58;142;24;40;22;17;8;4;4;2;3;2
2019-01-30 18:14:59;142;24;40;22;17;8;4;4;2;3;2
2019-01-30 18:15:59;142;24;40;22;17;8;4;4;2;3;2
2019-01-30 18:16:58;142;24;40;22;17;8;4;4;2;3;2
2019-01-30 18:17:59;142;24;40;22;17;8;4;4;2;3;2
2019-01-30 18:18:58;143;24;41;22;17;8;4;4;2;3;2
2019-01-30 18:19:59;143;24;41;22;17;8;4;4;2;3;2
2019-01-30 18:20:59;143;24;41;22;17;8;4;4;2;3;2
2019-01-30 18:21:58;143;24;41;22;17;8;4;4;2;3;2
2019-01-30 18:22:59;143;25;41;22;16;8;4;4;2;3;2
2019-01-30 18:23:59;143;25;41;22;16;8;4;4;2;3;2
2019-01-30 18:24:58;143;25;41;22;16;8;4;4;2;3;2
2019-01-30 18:25:59;144;25;41;22;17;8;4;4;2;3;2
2019-01-30 18:26:58;144;25;41;22;17;8;4;4;2;3;2
2019-01-30 18:27:59;144;25;41;22;17;8;4;4;2;3;2
2019-01-30 18:28:59;144;25;41;22;17;8;4;4;2;3;2
2019-01-30 18:29:58;144;25;41;22;17;8;4;4;2;3;2
2019-01-30 18:30:59;144;25;41;22;17;8;4;4;2;3;2
2019-01-30 18:31:58;144;25;41;22;17;8;4;4;2;3;2
2019-01-30 18:32:59;144;25;41;22;17;8;4;4;2;3;2
2019-01-30 18:33:59;144;25;41;22;17;8;4;4;2;3;2
2019-01-30 18:34:58;144;25;41;22;17;8;4;4;2;3;2
2019-01-30 18:35:59;144;25;41;22;17;8;4;4;2;3;2
2019-01-30 18:36:59;145;25;42;22;17;8;4;4;2;3;2
2019-01-30 18:37:58;145;25;42;22;17;8;4;4;2;3;2
2019-01-30 18:38:59;145;25;42;22;17;8;4;4;2;3;2
2019-01-30 18:39:59;145;25;42;22;17;8;4;4;2;3;2
2019-01-30 18:40:58;146;26;42;22;17;8;4;4;2;3;2
2019-01-30 18:41:59;146;26;42;22;17;8;4;4;2;3;2
2019-01-30 18:42:58;146;26;42;22;17;8;4;4;2;3;2
2019-01-30 18:43:59;146;26;42;22;17;8;4;4;2;3;2
2019-01-30 18:44:59;146;26;42;22;17;8;4;4;2;3;2
2019-01-30 18:45:58;147;26;43;22;17;8;4;4;2;3;2
2019-01-30 18:46:59;147;26;43;22;17;8;4;4;2;3;2
2019-01-30 18:47:59;147;26;43;22;17;8;4;4;2;3;2
2019-01-30 18:48:58;147;27;43;22;16;8;4;4;2;3;2
2019-01-30 18:49:59;148;27;43;22;16;8;5;4;2;3;2
2019-01-30 18:50:59;148;27;43;22;16;8;5;4;2;3;2
2019-01-30 18:51:58;148;27;43;22;16;8;5;4;2;3;2
2019-01-30 18:52:59;148;27;43;22;16;8;5;4;2;3;2
2019-01-30 18:53:59;148;27;43;22;16;8;5;4;2;3;2
2019-01-30 18:54:58;148;27;43;22;16;8;5;4;2;3;2
2019-01-30 18:55:59;149;27;44;22;16;8;5;4;2;3;2
2019-01-30 18:57:00;150;28;44;22;16;8;5;4;2;3;2
2019-01-30 18:57:58;150;28;44;22;16;8;5;4;2;3;2
2019-01-30 18:58:59;150;28;44;22;16;8;5;4;2;3;2
2019-01-30 18:59:58;151;29;44;22;16;8;5;4;2;3;2
2019-01-30 19:00:59;151;29;44;22;16;8;5;4;2;3;2
2019-01-30 19:01:58;151;29;44;22;16;8;5;4;2;3;2
2019-01-30 19:02:59;151;29;44;22;16;8;5;4;2;3;2
2019-01-30 19:03:59;152;30;44;22;16;8;5;4;2;3;2
2019-01-30 19:04:58;152;30;44;22;16;8;5;4;2;3;2
2019-01-30 19:05:59;152;30;44;22;16;8;5;4;2;3;2
2019-01-30 19:06:59;152;30;44;22;16;8;5;4;2;3;2
2019-01-30 19:07:58;153;30;44;22;16;8;5;5;2;3;2
2019-01-30 19:08:59;154;30;45;22;16;8;5;5;2;3;2
2019-01-30 19:09:59;154;30;45;22;16;8;5;5;2;3;2
2019-01-30 19:10:58;154;30;45;22;16;8;5;5;2;3;2
2019-01-30 19:11:59;155;30;46;22;16;8;5;5;2;3;2
2019-01-30 19:12:59;155;30;46;22;16;8;5;5;2;3;2
2019-01-30 19:13:58;155;30;46;22;16;8;5;5;2;3;2
2019-01-30 19:14:59;155;30;46;22;16;8;5;5;2;3;2
2019-01-30 19:15:59;155;30;46;22;16;8;5;5;2;3;2
2019-01-30 19:16:58;155;30;46;22;16;8;5;5;2;3;2
2019-01-30 19:17:59;155;30;46;22;16;8;5;5;2;3;2
2019-01-30 19:18:58;155;30;46;22;16;8;5;5;2;3;2
2019-01-30 19:19:59;156;30;46;22;16;8;6;5;2;3;2
2019-01-30 19:20:59;157;31;46;22;16;8;6;5;2;3;2
2019-01-30 19:21:58;158;32;46;22;16;8;6;5;2;3;2
2019-01-30 19:22:59;158;32;46;22;16;8;6;5;2;3;2
2019-01-30 19:23:59;158;32;46;22;16;8;6;5;2;3;2
2019-01-30 19:24:58;158;32;46;22;16;8;6;5;2;3;2
2019-01-30 19:25:59;158;32;46;22;16;8;6;5;2;3;2
2019-01-30 19:26:58;158;32;46;22;16;8;6;5;2;3;2
2019-01-30 19:27:59;158;32;46;22;16;8;6;5;2;3;2
2019-01-30 19:28:59;158;32;46;22;16;8;6;5;2;3;2
2019-01-30 19:29:58;158;32;46;22;16;8;6;5;2;3;2
2019-01-30 19:30:59;158;32;46;22;16;8;6;5;2;3;2
2019-01-30 19:31:59;158;32;46;22;16;8;6;5;2;3;2
2019-01-30 19:32:58;158;32;46;22;16;8;6;5;2;3;2
2019-01-30 19:33:59;158;32;46;22;16;8;6;5;2;3;2
2019-01-30 19:34:59;158;32;46;22;16;8;6;5;2;3;2
2019-01-30 19:35:58;158;32;46;22;16;8;6;5;2;3;2
2019-01-30 19:36:59;158;32;46;22;16;8;6;5;2;3;2
2019-01-30 19:37:58;158;32;46;22;16;8;6;5;2;3;2
2019-01-30 19:38:59;158;32;46;22;16;8;6;5;2;3;2
2019-01-30 19:39:59;158;32;46;22;16;8;6;5;2;3;2
2019-01-30 19:40:58;158;32;46;22;16;8;6;5;2;3;2
2019-01-30 19:41:59;158;32;46;22;16;8;6;5;2;3;2
2019-01-30 19:42:59;162;35;46;22;15;9;6;6;2;3;2
2019-01-30 19:43:58;163;36;46;22;15;9;6;6;2;3;2
2019-01-30 19:44:59;163;36;46;22;15;9;6;6;2;3;2
2019-01-30 19:45:58;163;36;46;22;15;9;6;6;2;3;2
2019-01-30 19:47:00;163;36;46;22;15;9;6;6;2;3;2
2019-01-30 19:47:58;163;36;46;22;15;9;6;6;2;3;2
2019-01-30 19:48:59;163;36;46;22;15;9;6;6;2;3;2
2019-01-30 19:50:00;163;36;46;22;15;9;6;6;2;3;2
2019-01-30 19:50:58;164;36;47;22;15;9;6;6;2;3;2
2019-01-30 19:51:59;166;36;48;22;15;9;6;6;3;3;2
2019-01-30 19:52:58;166;36;48;22;15;9;6;6;3;3;2
2019-01-30 19:53:59;166;36;48;22;15;9;6;6;3;3;2
2019-01-30 19:54:59;166;36;48;22;15;9;6;6;3;3;2
2019-01-30 19:55:58;167;36;48;22;15;9;6;6;3;3;2
2019-01-30 19:56:59;167;36;48;22;15;9;6;6;3;3;2
2019-01-30 19:57:58;167;36;48;22;15;9;6;6;3;3;2
2019-01-30 19:58:59;167;36;48;22;15;9;6;6;3;3;2
2019-01-30 19:59:59;167;36;48;22;15;9;6;6;3;3;2
2019-01-30 20:00:58;167;36;48;22;15;9;6;6;3;3;2
2019-01-30 20:01:59;167;37;48;22;14;9;6;6;3;3;2
2019-01-30 20:02:59;168;38;48;22;14;9;6;6;3;3;2
2019-01-30 20:03:58;168;38;48;22;14;9;6;6;3;3;2
2019-01-30 20:04:59;169;38;48;22;15;9;6;6;3;3;2
2019-01-30 20:05:58;169;38;48;22;15;9;6;6;3;3;2
2019-01-30 20:06:59;169;38;48;22;15;9;6;6;3;3;2
2019-01-30 20:07:59;170;39;48;22;15;9;6;6;3;3;2
2019-01-30 20:08:58;170;39;48;22;15;9;6;6;3;3;2
2019-01-30 20:09:59;171;40;48;22;15;9;6;6;3;3;2
2019-01-30 20:11:00;171;40;48;22;15;9;6;6;3;3;2
2019-01-30 20:11:58;171;40;48;22;15;9;6;6;3;3;2
2019-01-30 20:12:59;171;40;48;22;15;9;6;6;3;3;2
2019-01-30 20:13:58;171;40;48;22;15;9;6;6;3;3;2
2019-01-30 20:14:59;171;40;48;22;15;9;6;6;3;3;2
2019-01-30 20:15:59;173;41;49;22;15;9;6;6;3;3;2
2019-01-30 20:16:58;173;41;49;22;15;9;6;6;3;3;2
2019-01-30 20:17:59;173;41;49;22;15;9;6;6;3;3;2
2019-01-30 20:18:58;173;41;49;22;15;9;6;6;3;3;2
2019-01-30 20:19:59;173;41;49;22;15;9;6;6;3;3;2
2019-01-30 20:20:59;173;41;49;22;15;9;6;6;3;3;2
2019-01-30 20:21:58;173;41;49;22;15;9;6;6;3;3;2
2019-01-30 20:22:59;174;41;50;22;15;9;6;6;3;3;2
2019-01-30 20:24:00;174;41;50;22;15;9;6;6;3;3;2
2019-01-30 20:24:58;174;41;50;22;15;9;6;6;3;3;2
2019-01-30 20:25:59;174;41;50;22;15;9;6;6;3;3;2
2019-01-30 20:26:58;174;41;50;22;15;9;6;6;3;3;2
2019-01-30 20:27:59;174;41;50;22;15;9;6;6;3;3;2
2019-01-30 20:28:58;174;41;50;22;15;9;6;6;3;3;2
2019-01-30 20:29:59;174;41;50;22;15;9;6;6;3;3;2
2019-01-30 20:30:59;175;42;50;22;15;9;6;6;3;3;2
2019-01-30 20:31:58;175;42;50;22;15;9;6;6;3;3;2
2019-01-30 20:32:59;176;42;51;22;15;9;6;6;3;3;2
2019-01-30 20:33:59;176;42;51;22;15;9;6;6;3;3;2
2019-01-30 20:34:58;176;42;51;22;15;9;6;6;3;3;2
2019-01-30 20:35:59;176;42;51;22;15;9;6;6;3;3;2
2019-01-30 20:36:59;177;43;51;22;15;9;6;6;3;3;2
2019-01-30 20:37:58;177;43;51;22;15;9;6;6;3;3;2
2019-01-30 20:38:59;177;43;51;22;15;9;6;6;3;3;2
2019-01-30 20:39:58;177;43;51;22;15;9;6;6;3;3;2
2019-01-30 20:40:59;177;43;51;22;15;9;6;6;3;3;2
2019-01-30 20:41:59;178;44;51;22;15;9;6;6;3;3;2
2019-01-30 20:42:58;178;44;51;22;15;9;6;6;3;3;2
2019-01-30 20:43:59;178;44;51;22;15;9;6;6;3;3;2
2019-01-30 20:44:58;178;44;51;22;15;9;6;6;3;3;2
2019-01-30 20:45:59;179;44;52;22;15;9;6;6;3;3;2
2019-01-30 20:46:59;179;44;52;22;15;9;6;6;3;3;2
2019-01-30 20:47:58;179;44;52;22;15;9;6;6;3;3;2
2019-01-30 20:48:59;179;44;52;22;15;9;6;6;3;3;2
2019-01-30 20:49:59;179;44;52;22;15;9;6;6;3;3;2
2019-01-30 20:50:58;179;44;52;22;15;9;6;6;3;3;2
2019-01-30 20:51:59;179;44;52;22;15;9;6;6;3;3;2
2019-01-30 20:52:59;179;44;52;22;15;9;6;6;3;3;2
2019-01-30 20:53:58;179;44;52;22;15;9;6;6;3;3;2
2019-01-30 20:54:59;179;45;51;22;15;9;6;6;3;3;2
2019-01-30 20:55:58;179;45;51;22;15;9;6;6;3;3;2
2019-01-30 20:56:59;179;45;51;22;15;9;6;6;3;3;2
2019-01-30 20:57:59;179;45;51;22;15;9;6;6;3;3;2
2019-01-30 20:58:58;179;45;51;22;15;9;6;6;3;3;2
2019-01-30 20:59:59;179;45;51;22;15;9;6;6;3;3;2
2019-01-30 21:00:59;179;45;51;22;15;9;6;6;3;3;2
2019-01-30 21:01:58;180;46;51;22;15;9;6;6;3;3;2
2019-01-30 21:02:59;181;46;51;22;15;10;6;6;3;3;2
2019-01-30 21:03:58;181;46;51;22;15;10;6;6;3;3;2
2019-01-30 21:04:59;181;46;51;22;15;10;6;6;3;3;2
2019-01-30 21:05:59;181;46;51;22;15;10;6;6;3;3;2
2019-01-30 21:06:58;182;46;51;22;16;10;6;6;3;3;2
2019-01-30 21:07:59;182;46;51;22;16;10;6;6;3;3;2
2019-01-30 21:08:59;182;46;51;22;16;10;6;6;3;3;2
2019-01-30 21:09:58;183;47;51;22;16;10;6;6;3;3;2
2019-01-30 21:10:59;183;47;51;22;16;10;6;6;3;3;2
2019-01-30 21:11:59;185;48;52;22;16;10;6;6;3;3;2
2019-01-30 21:12:58;186;48;53;22;16;10;6;6;3;3;2
2019-01-30 21:13:59;187;49;53;22;16;10;6;6;3;3;2
2019-01-30 21:14:59;187;50;52;22;16;10;6;6;3;3;2
2019-01-30 21:15:58;187;50;52;22;16;10;6;6;3;3;2
2019-01-30 21:16:59;188;51;52;22;16;10;6;6;3;3;2
2019-01-30 21:17:58;188;51;52;22;16;10;6;6;3;3;2
2019-01-30 21:18:59;188;51;52;22;16;10;6;6;3;3;2
2019-01-30 21:19:59;189;51;53;22;16;10;6;6;3;3;2
2019-01-30 21:20:58;190;52;53;22;16;10;6;6;3;3;2
2019-01-30 21:21:59;190;52;53;22;16;10;6;6;3;3;2
2019-01-30 21:22:58;190;52;53;22;16;10;6;6;3;3;2
2019-01-30 21:23:59;190;52;53;22;16;10;6;6;3;3;2
2019-01-30 21:24:59;190;52;53;22;16;10;6;6;3;3;2
2019-01-30 21:25:58;190;52;53;22;16;10;6;6;3;3;2
2019-01-30 21:26:59;190;52;53;22;16;10;6;6;3;3;2
2019-01-30 21:27:58;190;52;53;22;16;10;6;6;3;3;2
2019-01-30 21:28:59;190;52;53;22;16;10;6;6;3;3;2
2019-01-30 21:29:58;191;53;53;22;16;10;6;6;3;3;2
2019-01-30 21:30:59;191;55;51;22;16;10;6;6;3;3;2
2019-01-30 21:31:59;191;55;51;22;16;10;6;6;3;3;2
2019-01-30 21:32:59;191;55;51;22;16;10;6;6;3;3;2
2019-01-30 21:33:58;191;55;51;22;16;10;6;6;3;3;2
2019-01-30 21:34:59;191;55;51;22;16;10;6;6;3;3;2
2019-01-30 21:35:59;191;55;51;22;16;10;6;6;3;3;2
2019-01-30 21:36:58;191;55;51;22;16;10;6;6;3;3;2
2019-01-30 21:37:59;193;55;53;22;16;10;6;6;3;3;2
2019-01-30 21:38:59;193;55;53;22;16;10;6;6;3;3;2
2019-01-30 21:39:58;193;55;53;22;16;10;6;6;3;3;2
2019-01-30 21:40:59;193;55;53;22;16;10;6;6;3;3;2
2019-01-30 21:41:58;193;55;53;22;16;10;6;6;3;3;2
2019-01-30 21:42:59;193;55;53;22;16;10;6;6;3;3;2
2019-01-30 21:43:59;193;55;53;22;16;10;6;6;3;3;2
2019-01-30 21:44:58;193;55;52;22;16;11;6;6;3;3;2
2019-01-30 21:45:59;191;56;50;21;16;11;6;6;3;3;2
2019-01-30 21:46:59;193;57;51;21;16;11;6;6;3;3;2
2019-01-30 21:47:58;193;57;51;21;16;11;6;6;3;3;2
2019-01-30 21:48:59;193;57;51;21;16;11;6;6;3;3;2
2019-01-30 21:49:58;193;57;51;21;16;11;6;6;3;3;2
2019-01-30 21:50:59;193;57;51;21;16;11;6;6;3;3;2
2019-01-30 21:51:59;193;57;51;21;16;11;6;6;3;3;2
2019-01-30 21:52:58;193;57;51;21;16;11;6;6;3;3;2
2019-01-30 21:53:59;193;57;51;21;16;11;6;6;3;3;2
2019-01-30 21:54:59;194;57;52;21;16;11;6;6;3;3;2
2019-01-30 21:55:58;194;57;52;21;16;11;6;6;3;3;2
2019-01-30 21:56:59;194;58;51;21;16;11;6;6;3;3;2
2019-01-30 21:57:59;195;59;51;21;16;11;6;6;3;3;2
2019-01-30 21:58:58;196;60;51;21;16;11;6;6;3;3;2
2019-01-30 21:59:59;196;60;51;21;16;11;6;6;3;3;2
2019-01-30 22:00:59;196;60;51;21;16;11;6;6;3;3;2
2019-01-30 22:01:58;196;60;51;21;16;11;6;6;3;3;2
2019-01-30 22:02:59;196;60;51;21;16;11;6;6;3;3;2
2019-01-30 22:03:58;196;60;51;21;16;11;6;6;3;3;2
2019-01-30 22:04:59;196;60;51;21;16;11;6;6;3;3;2
2019-01-30 22:05:59;196;60;51;21;16;11;6;6;3;3;2
2019-01-30 22:06:58;196;60;51;21;16;11;6;6;3;3;2
2019-01-30 22:07:59;196;60;51;21;16;11;6;6;3;3;2
2019-01-30 22:08:59;196;60;51;21;16;11;6;6;3;3;2
2019-01-30 22:09:59;196;60;51;21;16;11;6;6;3;3;2
2019-01-30 22:10:58;197;60;52;21;16;11;6;6;3;3;2
2019-01-30 22:11:59;197;60;52;21;16;11;6;6;3;3;2
2019-01-30 22:12:59;197;60;52;21;16;11;6;6;3;3;2
2019-01-30 22:13:58;197;60;52;21;16;11;6;6;3;3;2
2019-01-30 22:14:59;197;60;52;21;16;11;6;6;3;3;2
2019-01-30 22:15:59;197;60;52;21;16;11;6;6;3;3;2
2019-01-30 22:16:58;197;60;52;21;16;11;6;6;3;3;2
2019-01-30 22:17:59;198;60;53;21;16;11;6;6;3;3;2
2019-01-30 22:18:59;198;60;53;21;16;11;6;6;3;3;2
2019-01-30 22:19:58;198;60;53;21;16;11;6;6;3;3;2
2019-01-30 22:20:59;198;60;53;21;16;11;6;6;3;3;2
2019-01-30 22:21:59;198;60;53;21;16;11;6;6;3;3;2
2019-01-30 22:22:58;198;60;53;21;16;11;6;6;3;3;2
2019-01-30 22:23:59;198;60;53;21;16;11;6;6;3;3;2
2019-01-30 22:24:58;197;60;53;21;16;10;6;6;3;3;2
2019-01-30 22:25:59;197;60;53;21;16;10;6;6;3;3;2
2019-01-30 22:26:59;197;61;52;21;16;10;6;6;3;3;2
2019-01-30 22:27:58;197;61;52;21;16;10;6;6;3;3;2
2019-01-30 22:28:59;197;61;52;21;16;10;6;6;3;3;2
2019-01-30 22:29:59;198;61;52;21;17;10;6;6;3;3;2
2019-01-30 22:30:58;198;61;52;21;17;10;6;6;3;3;2
2019-01-30 22:31:59;198;61;52;21;17;10;6;6;3;3;2
2019-01-30 22:32:58;199;61;53;21;17;10;6;6;3;3;2
2019-01-30 22:33:59;199;61;53;21;17;10;6;6;3;3;2
2019-01-30 22:34:59;199;61;53;21;17;10;6;6;3;3;2
2019-01-30 22:35:58;199;61;53;21;17;10;6;6;3;3;2
2019-01-30 22:36:59;201;62;54;21;17;10;6;6;3;3;2
2019-01-30 22:37:58;201;62;54;21;17;10;6;6;3;3;2
2019-01-30 22:38:59;202;63;54;21;17;10;6;6;3;3;2
2019-01-30 22:39:59;203;63;55;21;17;10;6;6;3;3;2
2019-01-30 22:40:58;203;63;55;21;17;10;6;6;3;3;2
2019-01-30 22:41:59;203;63;55;21;17;10;6;6;3;3;2
2019-01-30 22:42:59;203;63;55;21;17;10;6;6;3;3;2
2019-01-30 22:43:58;203;63;55;21;17;10;6;6;3;3;2
2019-01-30 22:44:59;203;63;55;21;17;10;6;6;3;3;2
2019-01-30 22:45:58;203;63;55;21;17;10;6;6;3;3;2
2019-01-30 22:46:59;203;63;55;21;17;10;6;6;3;3;2
2019-01-30 22:47:59;203;63;55;21;17;10;6;6;3;3;2
2019-01-30 22:48:58;203;63;55;21;17;10;6;6;3;3;2
2019-01-30 22:49:59;203;63;55;21;17;10;6;6;3;3;2
2019-01-30 22:50:59;203;63;55;21;17;10;6;6;3;3;2
2019-01-30 22:51:58;203;63;55;21;17;10;6;6;3;3;2
2019-01-30 22:52:59;203;63;55;21;17;10;6;6;3;3;2
2019-01-30 22:53:59;203;63;55;21;17;10;6;6;3;3;2
2019-01-30 22:54:58;203;63;55;21;17;10;6;6;3;3;2
2019-01-30 22:55:59;203;63;55;21;17;10;6;6;3;3;2
2019-01-30 22:56:58;204;64;55;21;17;10;6;6;3;3;2
2019-01-30 22:57:59;204;64;55;21;17;10;6;6;3;3;2
2019-01-30 22:58:59;205;65;55;21;17;10;6;6;3;3;2
2019-01-30 22:59:58;205;65;55;21;17;10;6;6;3;3;2
2019-01-30 23:00:59;205;65;55;21;17;10;6;6;3;3;2
2019-01-30 23:01:58;205;65;55;21;17;10;6;6;3;3;2
2019-01-30 23:02:59;205;65;55;21;17;10;6;6;3;3;2
2019-01-30 23:03:59;205;65;55;21;17;10;6;6;3;3;2
2019-01-30 23:04:58;205;65;55;21;17;10;6;6;3;3;2
2019-01-30 23:05:59;206;66;55;21;17;10;6;6;3;3;2
2019-01-30 23:06:59;206;66;55;21;17;10;6;6;3;3;2
2019-01-30 23:07:58;206;66;55;21;17;10;6;6;3;3;2
2019-01-30 23:08:59;207;66;55;22;17;10;6;6;3;3;2
2019-01-30 23:09:59;208;66;56;22;17;10;6;6;3;3;2
2019-01-30 23:10:58;209;67;56;22;17;10;6;6;3;3;2
2019-01-30 23:11:59;209;67;56;22;17;10;6;6;3;3;2
2019-01-30 23:12:58;211;69;56;22;17;10;6;6;3;3;2
2019-01-30 23:13:59;211;69;56;22;17;10;6;6;3;3;2
2019-01-30 23:14:59;211;69;56;22;17;10;6;6;3;3;2
2019-01-30 23:15:58;211;69;56;22;17;10;6;6;3;3;2
2019-01-30 23:16:59;211;69;56;22;17;10;6;6;3;3;2
2019-01-30 23:17:59;211;69;56;22;17;10;6;6;3;3;2
2019-01-30 23:18:58;211;69;56;22;17;10;6;6;3;3;2
2019-01-30 23:19:59;211;69;56;22;17;10;6;6;3;3;2
2019-01-30 23:20:58;211;69;56;22;17;10;6;6;3;3;2
2019-01-30 23:21:59;211;69;56;22;17;10;6;6;3;3;2
2019-01-30 23:22:59;211;69;56;22;17;10;6;6;3;3;2
2019-01-30 23:23:58;211;69;56;22;17;10;6;6;3;3;2
2019-01-30 23:24:59;211;69;56;22;17;10;6;6;3;3;2
2019-01-30 23:25:58;212;70;56;22;17;10;6;6;3;3;2
2019-01-30 23:26:59;212;70;56;22;17;10;6;6;3;3;2
2019-01-30 23:27:59;212;70;56;22;17;10;6;6;3;3;2
2019-01-30 23:28:58;213;70;57;22;17;10;6;6;3;3;2
2019-01-30 23:29:59;213;70;57;22;17;10;6;6;3;3;2
2019-01-30 23:30:59;213;70;57;22;17;10;6;6;3;3;2
2019-01-30 23:31:58;213;70;57;22;17;10;6;6;3;3;2
2019-01-30 23:32:59;213;70;57;22;17;10;6;6;3;3;2
2019-01-30 23:33:59;213;70;57;22;17;10;6;6;3;3;2
2019-01-30 23:34:58;213;70;57;22;17;10;6;6;3;3;2
2019-01-30 23:35:59;213;70;57;22;17;10;6;6;3;3;2
2019-01-30 23:36:59;213;70;57;22;17;10;6;6;3;3;2
2019-01-30 23:37:58;213;70;57;22;17;10;6;6;3;3;2
2019-01-30 23:38:59;213;70;57;22;17;10;6;6;3;3;2
2019-01-30 23:39:58;213;70;57;22;17;10;6;6;3;3;2
2019-01-30 23:40:59;213;70;57;22;17;10;6;6;3;3;2
2019-01-30 23:41:59;213;70;57;22;17;10;6;6;3;3;2
2019-01-30 23:42:58;213;70;57;22;17;10;6;6;3;3;2
2019-01-30 23:43:59;214;71;57;22;17;10;6;6;3;3;2
2019-01-30 23:44:59;214;71;57;22;17;10;6;6;3;3;2
2019-01-30 23:45:58;214;71;57;22;17;10;6;6;3;3;2
2019-01-30 23:46:59;214;71;57;22;17;10;6;6;3;3;2
2019-01-30 23:47:59;215;72;57;22;17;10;6;6;3;3;2
2019-01-30 23:48:58;215;72;57;22;17;10;6;6;3;3;2
2019-01-30 23:49:59;215;72;57;22;17;10;6;6;3;3;2
2019-01-30 23:50:59;215;72;57;22;17;10;6;6;3;3;2
2019-01-30 23:51:58;216;72;57;22;18;10;6;6;3;3;2
2019-01-30 23:52:59;217;73;57;22;18;10;6;6;3;3;2
2019-01-30 23:53:58;217;73;57;22;18;10;6;6;3;3;2
2019-01-30 23:54:59;217;73;57;22;18;10;6;6;3;3;2
2019-01-30 23:55:59;217;73;57;22;18;10;6;6;3;3;2
2019-01-30 23:56:58;217;73;57;22;18;10;6;6;3;3;2
2019-01-30 23:57:59;217;73;57;22;18;10;6;6;3;3;2
2019-01-30 23:58:58;217;73;57;22;18;10;6;6;3;3;2
2019-01-30 23:59:59;217;73;57;22;18;10;6;6;3;3;2
