datetime;total_votes;cmapukocmankypum;KOCTOPE3;pupsique;rockamark;paramed;brammator;Есения;tutabrain;kilogramm;navalny
2019-05-22 00:00:59;0;0;0;0;0;0;1;0;0;0;0
2019-05-22 00:01:58;0;0;0;0;0;0;1;0;0;0;0
2019-05-22 00:02:59;0;0;0;0;0;0;1;0;0;0;0
2019-05-22 00:03:59;0;0;0;0;0;0;1;0;0;0;0
2019-05-22 00:04:58;0;0;0;0;0;0;1;0;0;0;0
2019-05-22 00:05:59;2;0;1;0;0;0;1;0;0;0;0
2019-05-22 00:06:59;2;0;1;0;0;0;1;0;0;0;0
2019-05-22 00:07:58;2;0;1;0;0;0;1;0;0;0;0
2019-05-22 00:08:59;2;0;1;0;0;0;1;0;0;0;0
2019-05-22 00:09:58;3;0;1;0;1;0;1;0;0;0;0
2019-05-22 00:10:59;5;0;1;0;1;0;1;0;0;1;0
2019-05-22 00:11:59;5;0;1;0;1;0;1;0;0;1;0
2019-05-22 00:12:58;5;0;1;0;1;0;1;0;0;1;0
2019-05-22 00:13:59;5;0;1;0;1;0;1;0;0;1;0
2019-05-22 00:14:59;7;0;1;0;1;0;1;0;0;1;0
2019-05-22 00:15:58;7;0;1;0;1;0;1;0;0;1;0
2019-05-22 00:16:59;7;0;1;0;1;0;1;0;0;1;0
2019-05-22 00:17:59;7;0;1;0;1;0;1;0;0;1;0
2019-05-22 00:18:58;8;0;1;0;1;0;1;0;0;1;0
2019-05-22 00:19:59;8;0;1;0;1;0;1;0;0;1;0
2019-05-22 00:20:59;8;0;1;0;1;0;1;0;0;1;0
2019-05-22 00:21:58;8;0;1;0;1;0;1;0;0;1;0
2019-05-22 00:22:59;9;0;1;0;1;0;1;0;0;1;0
2019-05-22 00:23:59;9;0;1;0;1;0;1;0;0;1;0
2019-05-22 00:24:58;9;0;1;0;1;0;1;0;0;1;0
2019-05-22 00:25:59;9;0;1;0;1;0;1;0;0;1;0
2019-05-22 00:26:59;10;0;1;0;1;0;1;0;0;2;0
2019-05-22 00:27:59;10;0;1;0;1;0;1;0;0;2;0
2019-05-22 00:28:59;10;0;1;0;1;0;1;0;0;2;0
2019-05-22 00:29:58;10;0;1;0;1;0;1;0;0;2;0
2019-05-22 00:30:59;10;0;1;0;1;0;1;0;0;2;0
2019-05-22 00:31:59;10;0;1;0;1;0;1;0;0;2;0
2019-05-22 00:32:59;10;0;1;0;1;0;1;0;0;2;0
2019-05-22 00:33:58;10;0;1;0;1;0;1;0;0;2;0
2019-05-22 00:34:59;11;0;1;0;1;0;1;0;0;2;0
2019-05-22 00:35:59;11;0;1;0;1;0;1;0;0;2;0
2019-05-22 00:36:58;11;0;1;0;1;0;1;0;0;2;0
2019-05-22 00:37:59;11;0;1;0;1;0;1;0;0;2;0
2019-05-22 00:38:59;11;0;1;0;1;0;1;0;0;2;0
2019-05-22 00:39:58;11;0;1;0;1;0;1;0;0;2;0
2019-05-22 00:40:59;11;0;1;0;1;0;1;0;0;2;0
2019-05-22 00:41:59;11;0;1;0;1;0;1;0;0;2;0
2019-05-22 00:42:58;12;0;1;0;1;0;2;0;0;2;0
2019-05-22 00:43:59;12;0;1;0;1;0;2;0;0;2;0
2019-05-22 00:44:59;12;0;1;0;1;0;2;0;0;2;0
2019-05-22 00:45:58;12;0;1;0;1;0;2;0;0;2;0
2019-05-22 00:46:59;12;0;1;0;1;0;2;0;0;2;0
2019-05-22 00:47:59;12;0;1;0;1;0;2;0;0;2;0
2019-05-22 00:48:58;12;0;1;0;1;0;2;0;0;2;0
2019-05-22 00:49:59;12;0;1;0;1;0;2;0;0;2;0
2019-05-22 00:50:59;12;0;1;0;1;0;2;0;0;2;0
2019-05-22 00:51:58;12;0;1;0;1;0;2;0;0;2;0
2019-05-22 00:52:59;12;0;1;0;1;0;2;0;0;2;0
2019-05-22 00:53:59;13;0;1;0;2;0;2;0;0;2;0
2019-05-22 00:54:59;13;0;1;0;2;0;2;0;0;2;0
2019-05-22 00:55:58;13;0;1;0;2;0;2;0;0;2;0
2019-05-22 00:56:59;14;0;1;0;2;0;2;0;0;2;0
2019-05-22 00:57:59;14;0;1;0;2;0;2;0;0;2;0
2019-05-22 00:58:58;14;0;1;0;2;0;2;0;0;2;0
2019-05-22 00:59:59;14;0;1;0;2;0;2;0;0;2;0
2019-05-22 01:00:58;14;0;1;0;2;0;2;0;0;2;0
2019-05-22 01:01:59;14;0;1;0;2;0;2;0;0;2;0
2019-05-22 01:02:59;14;0;1;0;2;0;2;0;0;2;0
2019-05-22 01:03:58;14;0;1;0;2;0;2;0;0;2;0
2019-05-22 01:04:59;14;0;1;0;2;0;2;0;0;2;0
2019-05-22 01:05:59;14;0;1;0;2;0;2;0;0;2;0
2019-05-22 01:06:58;14;0;1;0;2;0;2;0;0;2;0
2019-05-22 01:07:59;14;0;1;0;2;0;2;0;0;2;0
2019-05-22 01:08:59;14;0;1;0;2;0;2;0;0;2;0
2019-05-22 01:09:58;14;0;1;0;2;0;2;0;0;2;0
2019-05-22 01:10:59;14;0;1;0;2;0;2;0;0;2;0
2019-05-22 01:11:59;14;0;1;0;2;0;2;0;0;2;0
2019-05-22 01:12:58;14;0;1;0;2;0;2;0;0;2;0
2019-05-22 01:13:59;14;0;1;0;2;0;2;0;0;2;0
2019-05-22 01:14:59;14;0;1;0;2;0;2;0;0;2;0
2019-05-22 01:15:58;14;0;1;0;2;0;2;0;0;2;0
2019-05-22 01:16:59;14;0;1;0;2;0;2;0;0;2;0
2019-05-22 01:17:59;14;0;1;0;2;0;2;0;0;2;0
2019-05-22 01:18:58;15;0;2;0;2;0;2;0;0;2;0
2019-05-22 01:19:59;15;0;2;0;2;0;2;0;0;2;0
2019-05-22 01:20:59;15;0;2;0;2;0;2;0;0;2;0
2019-05-22 01:21:58;15;0;2;0;2;0;2;0;0;2;0
2019-05-22 01:22:59;15;0;2;0;2;0;2;0;0;2;0
2019-05-22 01:23:59;16;0;2;0;2;0;2;0;0;2;0
2019-05-22 01:24:58;16;0;2;0;2;0;2;0;0;2;0
2019-05-22 01:25:59;16;0;2;0;2;0;2;0;0;2;0
2019-05-22 01:26:59;16;0;2;0;2;0;2;0;0;2;0
2019-05-22 01:27:58;16;0;2;0;2;0;2;0;0;2;0
2019-05-22 01:28:59;16;0;2;0;2;0;2;0;0;2;0
2019-05-22 01:29:58;16;0;2;0;2;0;2;0;0;2;0
2019-05-22 01:30:59;16;0;2;0;2;0;2;0;0;2;0
2019-05-22 01:31:59;17;0;3;0;2;0;2;0;0;2;0
2019-05-22 01:33:00;17;0;3;0;2;0;2;0;0;2;0
2019-05-22 01:33:58;18;1;3;0;2;0;2;0;0;2;0
2019-05-22 01:34:59;18;1;3;0;2;0;2;0;0;2;0
2019-05-22 01:35:58;18;1;3;0;2;0;2;0;0;2;0
2019-05-22 01:36:59;19;1;4;0;2;0;2;0;0;2;0
2019-05-22 01:37:59;19;1;4;0;2;0;2;0;0;2;0
2019-05-22 01:38:58;19;1;4;0;2;0;2;0;0;2;0
2019-05-22 01:39:59;19;1;4;0;2;0;2;0;0;2;0
2019-05-22 01:40:58;20;1;5;0;2;0;2;0;0;2;0
2019-05-22 01:41:59;20;1;5;0;2;0;2;0;0;2;0
2019-05-22 01:42:59;20;1;5;0;2;0;2;0;0;2;0
2019-05-22 01:43:58;20;1;5;0;2;0;2;0;0;2;0
2019-05-22 01:44:59;20;1;5;0;2;0;2;0;0;2;0
2019-05-22 01:45:59;20;1;5;0;2;0;2;0;0;2;0
2019-05-22 01:46:58;20;1;5;0;2;0;2;0;0;2;0
2019-05-22 01:47:59;20;1;5;0;2;0;2;0;0;2;0
2019-05-22 01:48:59;20;1;5;0;2;0;2;0;0;2;0
2019-05-22 01:49:58;20;1;5;0;2;0;2;0;0;2;0
2019-05-22 01:50:59;20;1;5;0;2;0;2;0;0;2;0
2019-05-22 01:51:59;20;1;5;0;2;0;2;0;0;2;0
2019-05-22 01:52:58;21;2;5;0;2;0;2;0;0;2;0
2019-05-22 01:53:59;21;2;5;0;2;0;2;0;0;2;0
2019-05-22 01:54:59;21;2;5;0;2;0;2;0;0;2;0
2019-05-22 01:55:58;21;2;5;0;2;0;2;0;0;2;0
2019-05-22 01:56:59;21;2;5;0;2;0;2;0;0;2;0
2019-05-22 01:57:59;21;2;5;0;2;0;2;0;0;2;0
2019-05-22 01:58:58;21;2;5;0;2;0;2;0;0;2;0
2019-05-22 01:59:59;21;2;5;0;2;0;2;0;0;2;0
2019-05-22 02:00:58;21;2;5;0;2;0;2;0;0;2;0
2019-05-22 02:01:59;21;2;5;0;2;0;2;0;0;2;0
2019-05-22 02:02:59;21;2;5;0;2;0;2;0;0;2;0
2019-05-22 02:03:59;21;2;5;0;2;0;2;0;0;2;0
2019-05-22 02:04:58;21;2;5;0;2;0;2;0;0;2;0
2019-05-22 02:05:59;21;2;5;0;2;0;2;0;0;2;0
2019-05-22 02:06:59;21;2;5;0;2;0;2;0;0;2;0
2019-05-22 02:07:58;21;2;5;0;2;0;2;0;0;2;0
2019-05-22 02:08:59;21;2;5;0;2;0;2;0;0;2;0
2019-05-22 02:09:59;21;2;5;0;2;0;2;0;0;2;0
2019-05-22 02:10:58;21;2;5;0;2;0;2;0;0;2;0
2019-05-22 02:11:59;21;2;5;0;2;0;2;0;0;2;0
2019-05-22 02:12:59;21;2;5;0;2;0;2;0;0;2;0
2019-05-22 02:13:58;21;2;5;0;2;0;2;0;0;2;0
2019-05-22 02:14:59;21;2;5;0;2;0;2;0;0;2;0
2019-05-22 02:15:58;21;2;5;0;2;0;2;0;0;2;0
2019-05-22 02:16:59;21;2;5;0;2;0;2;0;0;2;0
2019-05-22 02:17:59;21;2;5;0;2;0;2;0;0;2;0
2019-05-22 02:18:58;21;2;5;0;2;0;2;0;0;2;0
2019-05-22 02:19:59;21;2;5;0;2;0;2;0;0;2;0
2019-05-22 02:20:59;21;2;5;0;2;0;2;0;0;2;0
2019-05-22 02:21:58;21;2;5;0;2;0;2;0;0;2;0
2019-05-22 02:22:59;21;2;5;0;2;0;2;0;0;2;0
2019-05-22 02:23:58;21;2;5;0;2;0;2;0;0;2;0
2019-05-22 02:24:59;21;2;5;0;2;0;2;0;0;2;0
2019-05-22 02:25:59;21;2;5;0;2;0;2;0;0;2;0
2019-05-22 02:26:58;21;2;5;0;2;0;2;0;0;2;0
2019-05-22 02:27:59;21;2;5;0;2;0;2;0;0;2;0
2019-05-22 02:28:58;21;2;5;0;2;0;2;0;0;2;0
2019-05-22 02:29:59;21;2;5;0;2;0;2;0;0;2;0
2019-05-22 02:30:59;21;2;5;0;2;0;2;0;0;2;0
2019-05-22 02:31:58;21;2;5;0;2;0;2;0;0;2;0
2019-05-22 02:32:59;21;2;5;0;2;0;2;0;0;2;0
2019-05-22 02:33:59;21;2;5;0;2;0;2;0;0;2;0
2019-05-22 02:34:58;21;2;5;0;2;0;2;0;0;2;0
2019-05-22 02:35:59;21;2;5;0;2;0;2;0;0;2;0
2019-05-22 02:36:59;21;2;5;0;2;0;2;0;0;2;0
2019-05-22 02:37:58;21;2;5;0;2;0;2;0;0;2;0
2019-05-22 02:38:59;21;2;5;0;2;0;2;0;0;2;0
2019-05-22 02:39:59;21;2;5;0;2;0;2;0;0;2;0
2019-05-22 02:40:58;21;2;5;0;2;0;2;0;0;2;0
2019-05-22 02:41:59;21;2;5;0;2;0;2;0;0;2;0
2019-05-22 02:42:58;21;2;5;0;2;0;2;0;0;2;0
2019-05-22 02:43:59;21;2;5;0;2;0;2;0;0;2;0
2019-05-22 02:44:59;22;3;5;0;2;0;2;0;0;2;0
2019-05-22 02:45:59;22;3;5;0;2;0;2;0;0;2;0
2019-05-22 02:46:58;22;3;5;0;2;0;2;0;0;2;0
2019-05-22 02:47:59;22;3;5;0;2;0;2;0;0;2;0
2019-05-22 02:48:59;22;3;5;0;2;0;2;0;0;2;0
2019-05-22 02:49:58;22;3;5;0;2;0;2;0;0;2;0
2019-05-22 02:50:59;22;3;5;0;2;0;2;0;0;2;0
2019-05-22 02:51:59;22;3;5;0;2;0;2;0;0;2;0
2019-05-22 02:52:58;22;3;5;0;2;0;2;0;0;2;0
2019-05-22 02:53:59;22;3;5;0;2;0;2;0;0;2;0
2019-05-22 02:54:59;22;3;5;0;2;0;2;0;0;2;0
2019-05-22 02:55:58;22;3;5;0;2;0;2;0;0;2;0
2019-05-22 02:56:59;22;3;5;0;2;0;2;0;0;2;0
2019-05-22 02:57:58;22;3;5;0;2;0;2;0;0;2;0
2019-05-22 02:58:59;22;3;5;0;2;0;2;0;0;2;0
2019-05-22 02:59:58;22;3;5;0;2;0;2;0;0;2;0
2019-05-22 03:00:59;22;3;5;0;2;0;2;0;0;2;0
2019-05-22 03:01:59;22;3;5;0;2;0;2;0;0;2;0
2019-05-22 03:02:58;22;3;5;0;2;0;2;0;0;2;0
2019-05-22 03:03:59;22;3;5;0;2;0;2;0;0;2;0
2019-05-22 03:04:59;22;3;5;0;2;0;2;0;0;2;0
2019-05-22 03:05:58;22;3;5;0;2;0;2;0;0;2;0
2019-05-22 03:06:59;22;3;5;0;2;0;2;0;0;2;0
2019-05-22 03:07:59;22;3;5;0;2;0;2;0;0;2;0
2019-05-22 03:08:58;22;3;5;0;2;0;2;0;0;2;0
2019-05-22 03:09:59;22;3;5;0;2;0;2;0;0;2;0
2019-05-22 03:10:59;22;3;5;0;2;0;2;0;0;2;0
2019-05-22 03:11:58;22;3;5;0;2;0;2;0;0;2;0
2019-05-22 03:12:59;22;3;5;0;2;0;2;0;0;2;0
2019-05-22 03:13:59;22;3;5;0;2;0;2;0;0;2;0
2019-05-22 03:14:58;22;3;5;0;2;0;2;0;0;2;0
2019-05-22 03:15:59;22;3;5;0;2;0;2;0;0;2;0
2019-05-22 03:16:59;22;3;5;0;2;0;2;0;0;2;0
2019-05-22 03:17:58;22;3;5;0;2;0;2;0;0;2;0
2019-05-22 03:18:59;22;3;5;0;2;0;2;0;0;2;0
2019-05-22 03:19:58;22;3;5;0;2;0;2;0;0;2;0
2019-05-22 03:20:59;22;3;5;0;2;0;2;0;0;2;0
2019-05-22 03:21:59;22;3;5;0;2;0;2;0;0;2;0
2019-05-22 03:22:58;22;3;5;0;2;0;2;0;0;2;0
2019-05-22 03:23:59;22;3;5;0;2;0;2;0;0;2;0
2019-05-22 03:24:59;22;3;5;0;2;0;2;0;0;2;0
2019-05-22 03:25:58;22;3;5;0;2;0;2;0;0;2;0
2019-05-22 03:26:59;22;3;5;0;2;0;2;0;0;2;0
2019-05-22 03:27:59;22;3;5;0;2;0;2;0;0;2;0
2019-05-22 03:28:58;22;3;5;0;2;0;2;0;0;2;0
2019-05-22 03:29:59;22;3;5;0;2;0;2;0;0;2;0
2019-05-22 03:30:59;22;3;5;0;2;0;2;0;0;2;0
2019-05-22 03:31:58;22;3;5;0;2;0;2;0;0;2;0
2019-05-22 03:32:59;22;3;5;0;2;0;2;0;0;2;0
2019-05-22 03:33:59;22;3;5;0;2;0;2;0;0;2;0
2019-05-22 03:34:58;22;3;5;0;2;0;2;0;0;2;0
2019-05-22 03:35:59;22;3;5;0;2;0;2;0;0;2;0
2019-05-22 03:36:59;22;3;5;0;2;0;2;0;0;2;0
2019-05-22 03:37:58;22;3;5;0;2;0;2;0;0;2;0
2019-05-22 03:38:59;22;3;5;0;2;0;2;0;0;2;0
2019-05-22 03:39:59;22;3;5;0;2;0;2;0;0;2;0
2019-05-22 03:40:58;22;3;5;0;2;0;2;0;0;2;0
2019-05-22 03:41:59;22;3;5;0;2;0;2;0;0;2;0
2019-05-22 03:42:58;22;3;5;0;2;0;2;0;0;2;0
2019-05-22 03:43:59;22;3;5;0;2;0;2;0;0;2;0
2019-05-22 03:44:59;22;3;5;0;2;0;2;0;0;2;0
2019-05-22 03:45:58;22;3;5;0;2;0;2;0;0;2;0
2019-05-22 03:46:59;22;3;5;0;2;0;2;0;0;2;0
2019-05-22 03:47:59;22;3;5;0;2;0;2;0;0;2;0
2019-05-22 03:48:58;22;3;5;0;2;0;2;0;0;2;0
2019-05-22 03:49:59;22;3;5;0;2;0;2;0;0;2;0
2019-05-22 03:50:59;22;3;5;0;2;0;2;0;0;2;0
2019-05-22 03:51:59;22;3;5;0;2;0;2;0;0;2;0
2019-05-22 03:52:58;22;3;5;0;2;0;2;0;0;2;0
2019-05-22 03:53:59;22;3;5;0;2;0;2;0;0;2;0
2019-05-22 03:54:59;22;3;5;0;2;0;2;0;0;2;0
2019-05-22 03:55:58;22;3;5;0;2;0;2;0;0;2;0
2019-05-22 03:56:59;22;3;5;0;2;0;2;0;0;2;0
2019-05-22 03:57:59;22;3;5;0;2;0;2;0;0;2;0
2019-05-22 03:58:58;22;3;5;0;2;0;2;0;0;2;0
2019-05-22 03:59:59;22;3;5;0;2;0;2;0;0;2;0
2019-05-22 04:00:59;22;3;5;0;2;0;2;0;0;2;0
2019-05-22 04:01:58;22;3;5;0;2;0;2;0;0;2;0
2019-05-22 04:02:59;22;3;5;0;2;0;2;0;0;2;0
2019-05-22 04:03:58;22;3;5;0;2;0;2;0;0;2;0
2019-05-22 04:04:59;22;3;5;0;2;0;2;0;0;2;0
2019-05-22 04:06:00;22;3;5;0;2;0;2;0;0;2;0
2019-05-22 04:06:58;22;3;5;0;2;0;2;0;0;2;0
2019-05-22 04:07:59;22;3;5;0;2;0;2;0;0;2;0
2019-05-22 04:08:58;22;3;5;0;2;0;2;0;0;2;0
2019-05-22 04:09:59;22;3;5;0;2;0;2;0;0;2;0
2019-05-22 04:10:58;22;3;5;0;2;0;2;0;0;2;0
2019-05-22 04:11:59;22;3;5;0;2;0;2;0;0;2;0
2019-05-22 04:12:59;22;3;5;0;2;0;2;0;0;2;0
2019-05-22 04:14:00;22;3;5;0;2;0;2;0;0;2;0
2019-05-22 04:14:58;22;3;5;0;2;0;2;0;0;2;0
2019-05-22 04:15:59;22;3;5;0;2;0;2;0;0;2;0
2019-05-22 04:16:58;22;3;5;0;2;0;2;0;0;2;0
2019-05-22 04:17:59;22;3;5;0;2;0;2;0;0;2;0
2019-05-22 04:18:59;22;3;5;0;2;0;2;0;0;2;0
2019-05-22 04:19:58;22;3;5;0;2;0;2;0;0;2;0
2019-05-22 04:20:59;22;3;5;0;2;0;2;0;0;2;0
2019-05-22 04:21:59;22;3;5;0;2;0;2;0;0;2;0
2019-05-22 04:22:58;22;3;5;0;2;0;2;0;0;2;0
2019-05-22 04:23:59;22;3;5;0;2;0;2;0;0;2;0
2019-05-22 04:24:59;22;3;5;0;2;0;2;0;0;2;0
2019-05-22 04:25:58;22;3;5;0;2;0;2;0;0;2;0
2019-05-22 04:26:59;22;3;5;0;2;0;2;0;0;2;0
2019-05-22 04:27:58;22;3;5;0;2;0;2;0;0;2;0
2019-05-22 04:28:59;22;3;5;0;2;0;2;0;0;2;0
2019-05-22 04:29:59;22;3;5;0;2;0;2;0;0;2;0
2019-05-22 04:30:58;22;3;5;0;2;0;2;0;0;2;0
2019-05-22 04:31:59;22;3;5;0;2;0;2;0;0;2;0
2019-05-22 04:32:59;22;3;5;0;2;0;2;0;0;2;0
2019-05-22 04:33:58;22;3;5;0;2;0;2;0;0;2;0
2019-05-22 04:34:59;22;3;5;0;2;0;2;0;0;2;0
2019-05-22 04:35:59;22;3;5;0;2;0;2;0;0;2;0
2019-05-22 04:36:58;22;3;5;0;2;0;2;0;0;2;0
2019-05-22 04:37:59;22;3;5;0;2;0;2;0;0;2;0
2019-05-22 04:38:59;22;3;5;0;2;0;2;0;0;2;0
2019-05-22 04:39:58;22;3;5;0;2;0;2;0;0;2;0
2019-05-22 04:40:59;22;3;5;0;2;0;2;0;0;2;0
2019-05-22 04:41:59;22;3;5;0;2;0;2;0;0;2;0
2019-05-22 04:42:58;22;3;5;0;2;0;2;0;0;2;0
2019-05-22 04:43:59;22;3;5;0;2;0;2;0;0;2;0
2019-05-22 04:44:59;23;3;5;0;3;0;2;0;0;2;0
2019-05-22 04:45:58;23;3;5;0;3;0;2;0;0;2;0
2019-05-22 04:46:59;23;3;5;0;3;0;2;0;0;2;0
2019-05-22 04:47:59;23;3;5;0;3;0;2;0;0;2;0
2019-05-22 04:48:58;23;3;5;0;3;0;2;0;0;2;0
2019-05-22 04:49:59;23;3;5;0;3;0;2;0;0;2;0
2019-05-22 04:50:59;23;3;5;0;3;0;2;0;0;2;0
2019-05-22 04:51:58;23;3;5;0;3;0;2;0;0;2;0
2019-05-22 04:52:59;23;3;5;0;3;0;2;0;0;2;0
2019-05-22 04:53:59;23;3;5;0;3;0;2;0;0;2;0
2019-05-22 04:54:58;23;3;5;0;3;0;2;0;0;2;0
2019-05-22 04:55:59;23;3;5;0;3;0;2;0;0;2;0
2019-05-22 04:56:58;23;3;5;0;3;0;2;0;0;2;0
2019-05-22 04:57:59;23;3;5;0;3;0;2;0;0;2;0
2019-05-22 04:58:59;23;3;5;0;3;0;2;0;0;2;0
2019-05-22 04:59:58;23;3;5;0;3;0;2;0;0;2;0
2019-05-22 05:00:59;23;3;5;0;3;0;2;0;0;2;0
2019-05-22 05:01:59;23;3;5;0;3;0;2;0;0;2;0
2019-05-22 05:02:58;23;3;5;0;3;0;2;0;0;2;0
2019-05-22 05:03:59;23;3;5;0;3;0;2;0;0;2;0
2019-05-22 05:04:59;23;3;5;0;3;0;2;0;0;2;0
2019-05-22 05:05:58;23;3;5;0;3;0;2;0;0;2;0
2019-05-22 05:06:59;23;3;5;0;3;0;2;0;0;2;0
2019-05-22 05:07:59;23;3;5;0;3;0;2;0;0;2;0
2019-05-22 05:09:00;23;3;5;0;3;0;2;0;0;2;0
2019-05-22 05:09:58;23;3;5;0;3;0;2;0;0;2;0
2019-05-22 05:10:59;23;3;5;0;3;0;2;0;0;2;0
2019-05-22 05:11:58;23;3;5;0;3;0;2;0;0;2;0
2019-05-22 05:12:59;23;3;5;0;3;0;2;0;0;2;0
2019-05-22 05:13:58;23;3;5;0;3;0;2;0;0;2;0
2019-05-22 05:14:59;23;3;5;0;3;0;2;0;0;2;0
2019-05-22 05:16:00;23;3;5;0;3;0;2;0;0;2;0
2019-05-22 05:16:58;23;3;5;0;3;0;2;0;0;2;0
2019-05-22 05:17:59;23;3;5;0;3;0;2;0;0;2;0
2019-05-22 05:18:58;23;3;5;0;3;0;2;0;0;2;0
2019-05-22 05:19:59;23;3;5;0;3;0;2;0;0;2;0
2019-05-22 05:20:58;23;3;5;0;3;0;2;0;0;2;0
2019-05-22 05:21:59;23;3;5;0;3;0;2;0;0;2;0
2019-05-22 05:22:59;23;3;5;0;3;0;2;0;0;2;0
2019-05-22 05:23:58;23;3;5;0;3;0;2;0;0;2;0
2019-05-22 05:24:59;23;3;5;0;3;0;2;0;0;2;0
2019-05-22 05:25:59;23;3;5;0;3;0;2;0;0;2;0
2019-05-22 05:26:58;24;3;5;0;3;0;2;0;0;2;0
2019-05-22 05:27:59;24;3;5;0;3;0;2;0;0;2;0
2019-05-22 05:28:59;24;3;5;0;3;0;2;0;0;2;0
2019-05-22 05:29:58;24;3;5;0;3;0;2;0;0;2;0
2019-05-22 05:30:59;24;3;5;0;3;0;2;0;0;2;0
2019-05-22 05:31:59;24;3;5;0;3;0;2;0;0;2;0
2019-05-22 05:32:58;24;3;5;0;3;0;2;0;0;2;0
2019-05-22 05:33:59;24;3;5;0;3;0;2;0;0;2;0
2019-05-22 05:34:59;24;3;5;0;3;0;2;0;0;2;0
2019-05-22 05:35:58;25;3;5;0;3;0;3;0;0;2;0
2019-05-22 05:36:59;25;3;5;0;3;0;3;0;0;2;0
2019-05-22 05:37:59;25;3;5;0;3;0;3;0;0;2;0
2019-05-22 05:38:58;25;3;5;0;3;0;3;0;0;2;0
2019-05-22 05:39:59;25;3;5;0;3;0;3;0;0;2;0
2019-05-22 05:40:59;25;3;5;0;3;0;3;0;0;2;0
2019-05-22 05:41:58;25;3;5;0;3;0;3;0;0;2;0
2019-05-22 05:42:59;25;3;5;0;3;0;3;0;0;2;0
2019-05-22 05:43:58;25;3;5;0;3;0;3;0;0;2;0
2019-05-22 05:44:59;25;3;5;0;3;0;3;0;0;2;0
2019-05-22 05:45:59;25;3;5;0;3;0;3;0;0;2;0
2019-05-22 05:46:58;25;3;5;0;3;0;3;0;0;2;0
2019-05-22 05:47:59;25;3;5;0;3;0;3;0;0;2;0
2019-05-22 05:48:59;25;3;5;0;3;0;3;0;0;2;0
2019-05-22 05:49:58;25;3;5;0;3;0;3;0;0;2;0
2019-05-22 05:50:59;25;3;5;0;3;0;3;0;0;2;0
2019-05-22 05:51:59;25;3;5;0;3;0;3;0;0;2;0
2019-05-22 05:52:58;25;3;5;0;3;0;3;0;0;2;0
2019-05-22 05:53:59;25;3;5;0;3;0;3;0;0;2;0
2019-05-22 05:54:59;25;3;5;0;3;0;3;0;0;2;0
2019-05-22 05:55:58;25;3;5;0;3;0;3;0;0;2;0
2019-05-22 05:56:59;25;3;5;0;3;0;3;0;0;2;0
2019-05-22 05:57:58;25;3;5;0;3;0;3;0;0;2;0
2019-05-22 05:58:59;25;3;5;0;3;0;3;0;0;2;0
2019-05-22 05:59:58;25;3;5;0;3;0;3;0;0;2;0
2019-05-22 06:00:59;25;3;5;0;3;0;3;0;0;2;0
2019-05-22 06:01:59;25;3;5;0;3;0;3;0;0;2;0
2019-05-22 06:02:58;25;3;5;0;3;0;3;0;0;2;0
2019-05-22 06:03:59;25;3;5;0;3;0;3;0;0;2;0
2019-05-22 06:04:59;25;3;5;0;3;0;3;0;0;2;0
2019-05-22 06:05:58;25;3;5;0;3;0;3;0;0;2;0
2019-05-22 06:06:59;25;3;5;0;3;0;3;0;0;2;0
2019-05-22 06:07:59;25;3;5;0;3;0;3;0;0;2;0
2019-05-22 06:08:58;25;3;5;0;3;0;3;0;0;2;0
2019-05-22 06:09:59;25;3;5;0;3;0;3;0;0;2;0
2019-05-22 06:10:58;25;3;5;0;3;0;3;0;0;2;0
2019-05-22 06:11:59;26;3;5;0;3;0;3;0;0;2;0
2019-05-22 06:12:59;26;3;5;0;3;0;3;0;0;2;0
2019-05-22 06:13:58;26;3;5;0;3;0;3;0;0;2;0
2019-05-22 06:14:59;26;3;5;0;3;0;3;0;0;2;0
2019-05-22 06:15:59;26;3;5;0;3;0;3;0;0;2;0
2019-05-22 06:16:58;26;3;5;0;3;0;3;0;0;2;0
2019-05-22 06:17:59;26;3;5;0;3;0;3;0;0;2;0
2019-05-22 06:18:58;26;3;5;0;3;0;3;0;0;2;0
2019-05-22 06:19:59;26;3;5;0;3;0;3;0;0;2;0
2019-05-22 06:20:58;26;3;5;0;3;0;3;0;0;2;0
2019-05-22 06:21:59;26;3;5;0;3;0;3;0;0;2;0
2019-05-22 06:22:59;26;3;5;0;3;0;3;0;0;2;0
2019-05-22 06:23:58;26;3;5;0;3;0;3;0;0;2;0
2019-05-22 06:24:59;26;3;5;0;3;0;3;0;0;2;0
2019-05-22 06:25:59;26;3;5;0;3;0;3;0;0;2;0
2019-05-22 06:26:58;26;3;5;0;3;0;3;0;0;2;0
2019-05-22 06:27:59;26;3;5;0;3;0;3;0;0;2;0
2019-05-22 06:28:59;26;3;5;0;3;0;3;0;0;2;0
2019-05-22 06:29:58;26;3;5;0;3;0;3;0;0;2;0
2019-05-22 06:30:59;26;3;5;0;3;0;3;0;0;2;0
2019-05-22 06:31:59;26;3;5;0;3;0;3;0;0;2;0
2019-05-22 06:32:58;26;3;5;0;3;0;3;0;0;2;0
2019-05-22 06:33:59;26;3;5;0;3;0;3;0;0;2;0
2019-05-22 06:34:59;26;3;5;0;3;0;3;0;0;2;0
2019-05-22 06:35:58;26;3;5;0;3;0;3;0;0;2;0
2019-05-22 06:36:59;26;3;5;0;3;0;3;0;0;2;0
2019-05-22 06:37:58;26;3;5;0;3;0;3;0;0;2;0
2019-05-22 06:38:59;26;3;5;0;3;0;3;0;0;2;0
2019-05-22 06:39:59;26;3;5;0;3;0;3;0;0;2;0
2019-05-22 06:40:58;26;3;5;0;3;0;3;0;0;2;0
2019-05-22 06:41:59;26;3;5;0;3;0;3;0;0;2;0
2019-05-22 06:42:59;26;3;5;0;3;0;3;0;0;2;0
2019-05-22 06:43:58;26;3;5;0;3;0;3;0;0;2;0
2019-05-22 06:44:59;26;3;5;0;3;0;3;0;0;2;0
2019-05-22 06:45:59;26;3;5;0;3;0;3;0;0;2;0
2019-05-22 06:46:58;26;3;5;0;3;0;3;0;0;2;0
2019-05-22 06:47:59;27;3;5;1;3;0;3;0;0;2;0
2019-05-22 06:48:58;27;3;5;1;3;0;3;0;0;2;0
2019-05-22 06:49:59;27;3;5;1;3;0;3;0;0;2;0
2019-05-22 06:50:59;27;3;5;1;3;0;3;0;0;2;0
2019-05-22 06:51:58;27;3;5;1;3;0;3;0;0;2;0
2019-05-22 06:52:58;27;3;5;1;3;0;3;0;0;2;0
2019-05-22 06:53:59;27;3;5;1;3;0;3;0;0;2;0
2019-05-22 06:54:59;27;3;5;1;3;0;3;0;0;2;0
2019-05-22 06:55:59;27;3;5;1;3;0;3;0;0;2;0
2019-05-22 06:57:00;27;3;5;1;3;0;3;0;0;2;0
2019-05-22 06:57:58;27;3;5;1;3;0;3;0;0;2;0
2019-05-22 06:58:59;27;3;5;1;3;0;3;0;0;2;0
2019-05-22 06:59:58;27;3;5;1;3;0;3;0;0;2;0
2019-05-22 07:00:59;27;3;5;1;3;0;3;0;0;2;0
2019-05-22 07:01:59;27;3;5;1;3;0;3;0;0;2;0
2019-05-22 07:02:58;28;3;5;1;4;0;3;0;0;2;0
2019-05-22 07:03:59;28;3;5;1;4;0;3;0;0;2;0
2019-05-22 07:04:59;29;3;5;2;4;0;3;0;0;2;0
2019-05-22 07:05:58;29;3;5;2;4;0;3;0;0;2;0
2019-05-22 07:06:59;30;3;5;3;4;0;3;0;0;2;0
2019-05-22 07:07:58;30;3;5;3;4;0;3;0;0;2;0
2019-05-22 07:08:59;30;3;5;3;4;0;3;0;0;2;0
2019-05-22 07:09:59;30;3;5;3;4;0;3;0;0;2;0
2019-05-22 07:10:58;30;3;5;3;4;0;3;0;0;2;0
2019-05-22 07:11:59;30;3;5;3;4;0;3;0;0;2;0
2019-05-22 07:12:59;30;3;5;3;4;0;3;0;0;2;0
2019-05-22 07:13:58;30;3;5;3;4;0;3;0;0;2;0
2019-05-22 07:14:59;30;3;5;3;4;0;3;0;0;2;0
2019-05-22 07:15:59;30;3;5;3;4;0;3;0;0;2;0
2019-05-22 07:16:58;30;3;5;3;4;0;3;0;0;2;0
2019-05-22 07:17:59;30;3;5;3;4;0;3;0;0;2;0
2019-05-22 07:18:58;30;3;5;3;4;0;3;0;0;2;0
2019-05-22 07:19:59;30;3;5;3;4;0;3;0;0;2;0
2019-05-22 07:20:59;30;3;5;3;4;0;3;0;0;2;0
2019-05-22 07:21:58;30;3;5;3;4;0;3;0;0;2;0
2019-05-22 07:22:59;31;3;5;3;4;0;4;0;0;2;0
2019-05-22 07:23:59;31;3;5;3;4;0;4;0;0;2;0
2019-05-22 07:24:58;31;3;5;3;4;0;4;0;0;2;0
2019-05-22 07:25:59;31;3;5;3;4;0;4;0;0;2;0
2019-05-22 07:26:59;31;3;5;3;4;0;4;0;0;2;0
2019-05-22 07:27:58;31;3;5;3;4;0;4;0;0;2;0
2019-05-22 07:28:59;31;3;5;3;4;0;4;0;0;2;0
2019-05-22 07:29:59;31;3;5;3;4;0;4;0;0;2;0
2019-05-22 07:30:58;31;3;5;3;4;0;4;0;0;2;0
2019-05-22 07:31:59;31;3;5;3;4;0;4;0;0;2;0
2019-05-22 07:32:59;31;3;5;3;4;0;4;0;0;2;0
2019-05-22 07:33:58;31;3;5;3;4;0;4;0;0;2;0
2019-05-22 07:34:59;31;3;5;3;4;0;4;0;0;2;0
2019-05-22 07:35:58;31;3;5;3;4;0;4;0;0;2;0
2019-05-22 07:36:59;31;3;5;3;4;0;4;0;0;2;0
2019-05-22 07:37:59;32;4;5;3;4;0;4;0;0;2;0
2019-05-22 07:38:58;34;5;5;3;4;1;4;0;0;2;0
2019-05-22 07:39:59;35;6;5;3;4;1;4;0;0;2;0
2019-05-22 07:40:59;36;7;5;3;4;1;4;0;0;2;0
2019-05-22 07:41:58;36;7;5;3;4;1;4;0;0;2;0
2019-05-22 07:42:59;36;7;5;3;4;1;4;0;0;2;0
2019-05-22 07:43:59;36;7;5;3;4;1;4;0;0;2;0
2019-05-22 07:44:58;38;8;5;3;5;1;4;0;0;2;0
2019-05-22 07:45:59;38;8;5;3;5;1;4;0;0;2;0
2019-05-22 07:46:59;39;8;5;3;5;1;4;0;0;2;0
2019-05-22 07:47:58;39;8;5;3;5;1;4;0;0;2;0
2019-05-22 07:48:59;39;8;5;3;5;1;4;0;0;2;0
2019-05-22 07:49:59;39;8;5;3;5;1;4;0;0;2;0
2019-05-22 07:50:58;39;8;5;3;5;1;4;0;0;2;0
2019-05-22 07:51:59;39;8;5;3;5;1;4;0;0;2;0
2019-05-22 07:52:59;39;8;5;3;5;1;4;0;0;2;0
2019-05-22 07:53:58;39;8;5;3;5;1;4;0;0;2;0
2019-05-22 07:54:59;39;8;5;3;5;1;4;0;0;2;0
2019-05-22 07:55:59;39;8;5;3;5;1;4;0;0;2;0
2019-05-22 07:56:58;39;8;5;3;5;1;4;0;0;2;0
2019-05-22 07:57:59;40;9;5;3;5;1;4;0;0;2;0
2019-05-22 07:58:59;40;9;5;3;5;1;4;0;0;2;0
2019-05-22 07:59:58;40;9;5;3;5;1;4;0;0;2;0
2019-05-22 08:00:59;40;9;5;3;5;1;4;0;0;2;0
2019-05-22 08:01:59;40;9;5;3;5;1;4;0;0;2;0
2019-05-22 08:02:58;40;9;5;3;5;1;4;0;0;2;0
2019-05-22 08:03:59;40;9;5;3;5;1;4;0;0;2;0
2019-05-22 08:04:59;40;9;5;3;5;1;4;0;0;2;0
2019-05-22 08:05:58;40;9;5;3;5;1;4;0;0;2;0
2019-05-22 08:06:59;40;9;5;3;5;1;4;0;0;2;0
2019-05-22 08:07:59;41;10;5;3;5;1;4;0;0;2;0
2019-05-22 08:08:58;41;10;5;3;5;1;4;0;0;2;0
2019-05-22 08:09:59;41;10;5;3;5;1;4;0;0;2;0
2019-05-22 08:10:59;41;10;5;3;5;1;4;0;0;2;0
2019-05-22 08:11:58;41;10;5;3;5;1;4;0;0;2;0
2019-05-22 08:12:59;42;11;5;3;5;1;4;0;0;2;0
2019-05-22 08:13:58;42;11;5;3;5;1;4;0;0;2;0
2019-05-22 08:14:59;42;11;5;3;5;1;4;0;0;2;0
2019-05-22 08:15:58;43;12;5;3;5;1;4;0;0;2;0
2019-05-22 08:16:59;43;12;5;3;5;1;4;0;0;2;0
2019-05-22 08:17:59;43;12;5;3;5;1;4;0;0;2;0
2019-05-22 08:18:58;44;13;5;3;5;1;4;0;0;2;0
2019-05-22 08:19:59;44;13;5;3;5;1;4;0;0;2;0
2019-05-22 08:20:59;45;14;5;3;5;1;4;0;0;2;0
2019-05-22 08:21:58;45;14;5;3;5;1;4;0;0;2;0
2019-05-22 08:22:59;47;15;5;3;5;1;5;0;0;2;0
2019-05-22 08:24:00;47;15;5;3;5;1;5;0;0;2;0
2019-05-22 08:24:58;47;15;5;3;5;1;5;0;0;2;0
2019-05-22 08:25:59;47;15;5;3;5;1;5;0;0;2;0
2019-05-22 08:26:59;48;16;5;3;5;1;5;0;0;2;0
2019-05-22 08:27:58;48;16;5;3;5;1;5;0;0;2;0
2019-05-22 08:28:59;48;16;5;3;5;1;5;0;0;2;0
2019-05-22 08:29:58;48;16;5;3;5;1;5;0;0;2;0
2019-05-22 08:30:59;48;16;5;3;5;1;5;0;0;2;0
2019-05-22 08:31:59;48;16;5;3;5;1;5;0;0;2;0
2019-05-22 08:32:59;48;16;5;3;5;1;5;0;0;2;0
2019-05-22 08:33:58;48;16;5;3;5;1;5;0;0;2;0
2019-05-22 08:34:59;49;16;6;3;5;1;5;0;0;2;0
2019-05-22 08:35:59;50;16;6;3;5;1;5;0;0;2;0
2019-05-22 08:36:58;50;16;6;3;5;1;5;0;0;2;0
2019-05-22 08:37:59;50;16;6;3;5;1;5;0;0;2;0
2019-05-22 08:38:59;50;16;6;3;5;1;5;0;0;2;0
2019-05-22 08:39:58;50;16;6;3;5;1;5;0;0;2;0
2019-05-22 08:40:59;50;16;6;3;5;1;5;0;0;2;0
2019-05-22 08:41:58;50;16;6;3;5;1;5;0;0;2;0
2019-05-22 08:42:59;52;18;6;3;5;1;5;0;0;2;0
2019-05-22 08:43:59;52;18;6;3;5;1;5;0;0;2;0
2019-05-22 08:44:58;52;18;6;3;5;1;5;0;0;2;0
2019-05-22 08:45:59;52;18;6;3;5;1;5;0;0;2;0
2019-05-22 08:46:59;52;18;6;3;5;1;5;0;0;2;0
2019-05-22 08:47:58;53;18;6;3;5;0;5;0;0;2;0
2019-05-22 08:48:59;53;18;6;3;5;0;5;0;0;2;0
2019-05-22 08:49:59;53;18;6;3;5;0;5;0;0;2;0
2019-05-22 08:50:58;53;18;6;3;5;0;5;0;0;2;0
2019-05-22 08:51:59;53;18;6;3;5;0;5;0;0;2;0
2019-05-22 08:52:59;53;18;6;3;5;0;5;0;0;2;0
2019-05-22 08:53:58;53;18;6;3;5;0;5;0;0;2;0
2019-05-22 08:54:59;53;18;6;3;5;0;5;0;0;2;0
2019-05-22 08:55:59;53;18;6;3;5;0;5;0;0;2;0
2019-05-22 08:56:58;53;18;6;3;5;0;5;0;0;2;0
2019-05-22 08:57:59;55;20;6;3;5;0;5;0;0;2;0
2019-05-22 08:58:59;56;21;6;3;5;0;5;0;0;2;0
2019-05-22 08:59:58;57;22;6;3;5;0;5;0;0;2;0
2019-05-22 09:00:59;57;22;6;3;5;0;5;0;0;2;0
2019-05-22 09:01:59;57;22;6;3;5;0;5;0;0;2;0
2019-05-22 09:02:58;57;22;6;3;5;0;5;0;0;2;0
2019-05-22 09:03:59;57;22;6;3;5;0;5;0;0;2;0
2019-05-22 09:04:59;57;22;6;3;5;0;5;0;0;2;0
2019-05-22 09:05:58;57;22;6;3;5;0;5;0;0;2;0
2019-05-22 09:06:59;57;22;6;3;5;0;5;0;0;2;0
2019-05-22 09:07:59;57;22;6;3;5;0;5;0;0;2;0
2019-05-22 09:08:58;57;22;6;3;5;0;5;0;0;2;0
2019-05-22 09:09:59;57;22;6;3;5;0;5;0;0;2;0
2019-05-22 09:10:59;57;22;6;3;5;0;5;0;0;2;0
2019-05-22 09:11:58;57;22;6;3;5;0;5;0;0;2;0
2019-05-22 09:12:59;58;22;7;3;5;0;5;0;0;2;0
2019-05-22 09:13:58;58;22;7;3;5;0;5;0;0;2;0
2019-05-22 09:14:59;58;22;7;3;5;0;5;0;0;2;0
2019-05-22 09:15:59;58;22;7;3;5;0;5;0;0;2;0
2019-05-22 09:16:58;58;22;7;3;5;0;5;0;0;2;0
2019-05-22 09:17:59;58;22;7;3;5;0;5;0;0;2;0
2019-05-22 09:18:59;58;22;7;3;5;0;5;0;0;2;0
2019-05-22 09:19:58;59;23;7;3;5;0;5;0;0;2;0
2019-05-22 09:20:59;61;23;9;3;5;0;5;0;0;2;0
2019-05-22 09:21:59;62;23;10;3;5;0;5;0;0;2;0
2019-05-22 09:22:58;63;24;10;3;5;0;5;0;0;2;0
2019-05-22 09:23:59;64;25;10;3;5;0;5;0;0;2;0
2019-05-22 09:24:58;66;27;10;3;5;0;5;0;0;2;0
2019-05-22 09:25:59;67;27;10;4;5;0;5;0;0;2;0
2019-05-22 09:26:59;68;27;10;4;5;0;5;0;0;2;0
2019-05-22 09:27:58;68;27;10;4;5;0;5;0;0;2;0
2019-05-22 09:28:59;69;28;10;4;5;0;5;0;0;2;0
2019-05-22 09:29:59;69;28;10;4;5;0;5;0;0;2;0
2019-05-22 09:30:58;69;28;10;4;5;0;5;0;0;2;0
2019-05-22 09:31:59;70;28;11;4;5;0;5;0;0;2;0
2019-05-22 09:32:59;70;28;11;4;5;0;5;0;0;2;0
2019-05-22 09:33:58;72;28;12;5;5;0;5;0;0;2;0
2019-05-22 09:34:59;73;29;12;5;5;0;5;0;0;2;0
2019-05-22 09:35:59;76;31;13;5;5;0;5;0;0;2;0
2019-05-22 09:36:58;77;31;14;5;5;0;5;0;0;2;0
2019-05-22 09:37:59;78;31;14;5;5;0;5;1;0;3;0
2019-05-22 09:38:59;78;31;14;5;5;0;5;1;0;3;0
2019-05-22 09:39:58;80;31;15;5;6;0;5;1;0;3;0
2019-05-22 09:40:59;82;32;15;5;6;0;5;0;1;3;0
2019-05-22 09:41:59;83;32;15;5;7;0;5;0;1;3;0
2019-05-22 09:42:58;84;32;16;5;7;0;5;0;1;3;0
2019-05-22 09:43:59;85;33;16;5;7;0;5;0;1;3;0
2019-05-22 09:44:59;85;33;17;5;6;0;5;0;1;3;0
2019-05-22 09:45:58;85;33;17;5;6;0;5;0;1;3;0
2019-05-22 09:46:59;86;33;18;5;6;0;5;0;1;3;0
2019-05-22 09:47:59;86;33;18;5;6;0;5;0;1;3;0
2019-05-22 09:48:58;86;33;18;5;6;0;5;0;1;3;0
2019-05-22 09:49:59;93;35;21;6;7;0;5;0;1;3;0
2019-05-22 09:50:59;95;36;22;6;7;0;5;0;1;3;0
2019-05-22 09:51:58;96;37;22;6;7;0;5;0;1;3;0
2019-05-22 09:52:59;96;37;22;6;7;0;5;0;1;3;0
2019-05-22 09:53:59;96;37;22;6;7;0;5;0;1;3;0
2019-05-22 09:54:58;96;37;22;6;7;0;5;0;1;3;0
2019-05-22 09:55:59;97;37;22;7;7;0;5;0;1;3;0
2019-05-22 09:56:59;97;37;22;7;7;0;5;0;1;3;0
2019-05-22 09:57:58;99;38;24;6;7;0;5;0;1;3;0
2019-05-22 09:58:59;100;39;24;6;7;0;5;0;1;3;0
2019-05-22 09:59:59;100;39;24;6;7;0;5;0;1;3;0
2019-05-22 10:00:58;101;39;24;6;7;0;5;0;0;3;0
2019-05-22 10:01:59;101;39;24;6;7;0;5;0;0;3;0
2019-05-22 10:02:59;101;39;24;6;7;0;5;0;0;3;0
2019-05-22 10:03:58;101;39;24;6;7;0;5;0;0;3;0
2019-05-22 10:04:59;101;39;24;6;7;0;5;0;0;3;0
2019-05-22 10:05:58;102;39;24;6;7;0;5;0;0;4;0
2019-05-22 10:06:59;102;39;24;6;7;0;5;0;0;4;0
2019-05-22 10:07:59;102;39;24;6;7;0;5;0;0;4;0
2019-05-22 10:08:58;102;39;24;6;7;0;5;0;0;4;0
2019-05-22 10:09:59;102;39;24;6;7;0;5;0;0;4;0
2019-05-22 10:10:59;103;39;25;6;7;0;5;0;0;4;0
2019-05-22 10:11:59;103;39;25;6;7;0;5;0;0;4;0
2019-05-22 10:12:58;103;39;25;6;7;0;5;0;0;4;0
2019-05-22 10:13:59;103;39;25;6;7;0;5;0;0;4;0
2019-05-22 10:14:59;104;39;26;6;7;0;5;0;0;4;0
2019-05-22 10:15:58;104;39;26;6;7;0;5;0;0;4;0
2019-05-22 10:16:59;104;39;26;6;7;0;5;0;0;4;0
2019-05-22 10:17:59;104;39;26;6;7;0;5;0;0;4;0
2019-05-22 10:18:58;105;39;27;6;7;0;5;0;0;4;0
2019-05-22 10:19:59;105;39;27;6;7;0;5;0;0;4;0
2019-05-22 10:20:59;105;39;27;6;7;0;5;0;0;4;0
2019-05-22 10:21:58;105;39;27;6;7;0;5;0;0;4;0
2019-05-22 10:22:59;105;39;27;6;7;0;5;0;0;4;0
2019-05-22 10:23:59;106;39;27;6;7;1;5;0;0;4;0
2019-05-22 10:24:58;107;39;27;7;7;1;5;0;0;4;0
2019-05-22 10:25:59;108;39;28;7;7;1;5;0;0;4;0
2019-05-22 10:26:59;109;40;28;7;7;1;5;0;0;4;0
2019-05-22 10:27:58;109;40;28;7;7;1;5;0;0;4;0
2019-05-22 10:28:59;109;40;28;7;7;1;5;0;0;4;0
2019-05-22 10:29:59;109;40;28;7;7;1;5;0;0;4;0
2019-05-22 10:30:58;109;40;28;7;7;1;5;0;0;4;0
2019-05-22 10:31:59;109;40;28;7;7;1;5;0;0;4;0
2019-05-22 10:32:59;108;40;28;7;7;1;4;0;0;4;0
2019-05-22 10:33:58;109;41;28;7;7;1;4;0;0;4;0
2019-05-22 10:34:59;109;41;28;7;7;1;4;0;0;4;0
2019-05-22 10:35:59;109;41;28;7;7;1;4;0;0;4;0
2019-05-22 10:36:58;109;41;28;7;7;1;4;0;0;4;0
2019-05-22 10:37:59;110;41;29;7;7;1;4;0;0;4;0
2019-05-22 10:38:58;110;41;29;7;7;1;4;0;0;4;0
2019-05-22 10:39:59;110;41;29;7;8;0;4;0;0;4;0
2019-05-22 10:40:59;111;42;29;7;8;0;4;0;0;4;0
2019-05-22 10:41:59;112;42;30;7;8;0;4;0;0;4;0
2019-05-22 10:42:58;113;42;31;7;8;0;4;0;0;4;0
2019-05-22 10:43:59;114;42;31;8;8;0;4;0;0;4;0
2019-05-22 10:44:58;115;43;31;8;8;0;4;0;0;4;0
2019-05-22 10:45:59;115;43;31;8;8;0;4;0;0;4;0
2019-05-22 10:46:59;116;44;31;8;8;0;4;0;0;4;0
2019-05-22 10:47:58;117;45;31;8;8;0;4;0;0;4;0
2019-05-22 10:48:59;118;46;31;8;8;0;4;0;0;4;0
2019-05-22 10:49:59;118;46;31;8;8;0;4;0;0;4;0
2019-05-22 10:50:58;118;46;31;8;8;0;4;0;0;4;0
2019-05-22 10:51:59;118;46;31;8;8;0;4;0;0;4;0
2019-05-22 10:53:00;118;46;31;8;8;0;4;0;0;4;0
2019-05-22 10:53:58;118;46;31;8;8;0;4;0;0;4;0
2019-05-22 10:54:59;119;46;31;8;8;1;4;0;0;4;0
2019-05-22 10:55:58;119;46;31;8;8;1;4;0;0;4;0
2019-05-22 10:56:59;119;46;31;8;8;1;4;0;0;4;0
2019-05-22 10:57:59;119;46;31;8;8;1;4;0;0;4;0
2019-05-22 10:58:58;119;46;31;8;8;1;4;0;0;4;0
2019-05-22 10:59:59;119;46;31;8;8;1;4;0;0;4;0
2019-05-22 11:00:59;120;47;31;8;8;1;4;0;0;4;0
2019-05-22 11:01:58;121;48;31;8;8;1;4;0;0;4;0
2019-05-22 11:02:59;122;49;31;8;8;1;4;0;0;4;0
2019-05-22 11:03:58;122;49;31;8;8;1;4;0;0;4;0
2019-05-22 11:04:59;123;49;32;8;8;1;4;0;0;4;0
2019-05-22 11:05:59;123;49;32;8;8;1;4;0;0;4;0
2019-05-22 11:06:58;123;49;32;8;8;1;4;0;0;4;0
2019-05-22 11:07:59;123;49;32;8;8;1;4;0;0;4;0
2019-05-22 11:08:59;123;49;32;8;8;1;4;0;0;4;0
2019-05-22 11:09:58;123;49;32;8;8;1;4;0;0;4;0
2019-05-22 11:10:59;124;50;32;8;8;1;4;0;0;4;0
2019-05-22 11:11:59;125;51;32;8;8;1;4;0;0;4;0
2019-05-22 11:12:58;125;51;32;8;8;1;4;0;0;4;0
2019-05-22 11:13:59;125;51;32;8;8;1;4;0;0;4;0
2019-05-22 11:14:58;125;51;32;8;8;1;4;0;0;4;0
2019-05-22 11:15:59;125;51;32;8;8;1;4;0;0;4;0
2019-05-22 11:16:59;127;51;34;8;8;1;4;0;0;4;0
2019-05-22 11:17:58;127;51;34;8;8;1;4;0;0;4;0
2019-05-22 11:18:59;128;51;34;9;8;1;4;0;0;4;0
2019-05-22 11:19:59;130;53;34;9;8;1;4;0;0;4;0
2019-05-22 11:20:58;130;53;34;9;8;1;4;0;0;4;0
2019-05-22 11:21:59;130;53;34;9;8;1;4;0;0;4;0
2019-05-22 11:22:59;130;53;34;9;8;1;4;0;0;4;0
2019-05-22 11:23:58;130;53;34;9;8;1;4;0;0;4;0
2019-05-22 11:24:59;131;53;34;9;8;1;5;0;0;4;0
2019-05-22 11:25:59;131;53;34;9;8;1;5;0;0;4;0
2019-05-22 11:26:58;131;53;34;9;8;1;5;0;0;4;0
2019-05-22 11:27:59;132;53;34;9;8;2;5;0;0;4;0
2019-05-22 11:28:59;133;54;34;9;8;2;5;0;0;4;0
2019-05-22 11:29:58;133;54;34;9;8;2;5;0;0;4;0
2019-05-22 11:30:59;133;54;34;9;8;2;5;0;0;4;0
2019-05-22 11:31:59;133;54;34;9;8;2;5;0;0;4;0
2019-05-22 11:32:58;133;54;34;9;8;2;5;0;0;4;0
2019-05-22 11:33:59;134;54;35;9;8;2;5;0;0;4;0
2019-05-22 11:34:59;134;54;35;9;8;2;5;0;0;4;0
2019-05-22 11:35:58;135;54;36;9;8;2;5;0;0;4;0
2019-05-22 11:36:59;138;55;37;9;8;2;6;0;0;4;0
2019-05-22 11:37:59;139;55;38;9;8;2;6;0;0;4;0
2019-05-22 11:38:59;140;55;39;9;8;2;6;0;0;4;0
2019-05-22 11:39:58;139;54;39;9;8;2;6;0;0;4;0
2019-05-22 11:40:59;140;54;40;9;8;2;6;0;0;4;0
2019-05-22 11:42:00;141;55;40;9;8;2;6;0;0;4;0
2019-05-22 11:42:58;141;55;40;9;8;2;6;0;0;4;0
2019-05-22 11:43:59;141;55;40;9;8;2;6;0;0;4;0
2019-05-22 11:44:58;141;55;40;9;8;2;6;0;0;4;0
2019-05-22 11:45:59;141;55;40;9;8;2;6;0;0;4;0
2019-05-22 11:46:59;141;55;40;9;8;2;6;0;0;4;0
2019-05-22 11:47:58;142;55;41;9;8;2;6;0;0;4;0
2019-05-22 11:48:59;143;56;41;9;8;2;6;0;0;4;0
2019-05-22 11:49:59;143;56;41;9;8;2;6;0;0;4;0
2019-05-22 11:50:59;143;56;41;9;8;2;6;0;0;4;0
2019-05-22 11:51:58;143;56;41;9;8;2;6;0;0;4;0
2019-05-22 11:52:59;143;56;41;9;8;2;6;0;0;4;0
2019-05-22 11:53:59;144;57;41;9;8;2;6;0;0;4;0
2019-05-22 11:54:58;145;57;42;9;8;2;6;0;0;4;0
2019-05-22 11:55:59;145;57;42;9;8;2;6;0;0;4;0
2019-05-22 11:56:59;146;58;42;9;8;2;6;0;0;4;0
2019-05-22 11:57:58;146;58;42;9;8;2;6;0;0;4;0
2019-05-22 11:58:59;146;58;42;9;8;2;6;0;0;4;0
2019-05-22 11:59:59;147;59;42;9;8;2;6;0;0;4;0
2019-05-22 12:00:58;147;59;42;9;8;2;6;0;0;4;0
2019-05-22 12:01:59;147;59;42;9;8;2;6;0;0;4;0
2019-05-22 12:02:58;147;59;42;9;8;2;6;0;0;4;0
2019-05-22 12:03:59;148;60;42;9;8;2;6;0;0;4;0
2019-05-22 12:04:59;148;60;42;9;8;2;6;0;0;4;0
2019-05-22 12:05:59;148;60;42;9;8;2;6;0;0;4;0
2019-05-22 12:06:58;148;60;42;9;8;2;6;0;0;4;0
2019-05-22 12:07:59;150;61;43;9;8;2;6;0;0;4;0
2019-05-22 12:08:58;151;62;43;9;8;2;6;0;0;4;0
2019-05-22 12:09:59;151;62;43;9;8;2;6;0;0;4;0
2019-05-22 12:10:59;151;62;43;9;8;2;6;0;0;4;0
2019-05-22 12:11:58;151;62;43;9;8;2;6;0;0;4;0
2019-05-22 12:12:59;151;62;43;9;8;2;6;0;0;4;0
2019-05-22 12:13:59;151;62;43;9;8;2;6;0;0;4;0
2019-05-22 12:14:58;151;62;43;9;8;2;6;0;0;4;0
2019-05-22 12:15:59;153;63;43;10;8;2;6;0;0;4;0
2019-05-22 12:16:59;153;64;43;10;8;2;6;0;0;4;0
2019-05-22 12:17:58;155;66;43;10;8;2;6;0;0;4;0
2019-05-22 12:18:59;155;66;43;10;8;2;6;0;0;4;0
2019-05-22 12:19:58;155;66;43;10;8;2;6;0;0;4;0
2019-05-22 12:20:59;157;67;44;10;8;2;6;0;0;4;0
2019-05-22 12:22:00;157;67;44;10;8;2;6;0;0;4;0
2019-05-22 12:22:58;158;68;44;10;8;2;6;0;0;4;0
2019-05-22 12:23:59;158;68;44;10;8;2;6;0;0;4;0
2019-05-22 12:25:00;158;68;44;10;8;2;6;0;0;4;0
2019-05-22 12:25:58;158;68;44;10;8;2;6;0;0;4;0
2019-05-22 12:26:59;160;70;44;10;8;2;6;0;0;4;0
2019-05-22 12:27:58;161;71;44;10;8;2;6;0;0;4;0
2019-05-22 12:28:59;161;71;44;10;8;2;6;0;0;4;0
2019-05-22 12:29:59;161;71;44;10;8;2;6;0;0;4;0
2019-05-22 12:30:58;161;71;44;10;8;2;6;0;0;4;0
2019-05-22 12:31:59;163;72;44;10;8;2;6;0;0;4;0
2019-05-22 12:32:59;163;72;44;10;8;2;6;0;0;4;0
2019-05-22 12:33:58;163;72;44;10;8;2;6;0;0;4;0
2019-05-22 12:34:59;163;72;44;10;8;2;6;0;0;4;0
2019-05-22 12:35:58;164;73;44;10;8;2;6;0;0;4;0
2019-05-22 12:36:59;164;73;44;10;8;2;6;0;0;4;0
2019-05-22 12:37:59;164;73;44;10;8;2;6;0;0;4;0
2019-05-22 12:38:58;164;73;44;10;8;2;6;0;0;4;0
2019-05-22 12:39:59;164;73;44;10;8;2;6;0;0;4;0
2019-05-22 12:40:59;166;73;46;10;8;2;6;0;0;4;0
2019-05-22 12:41:58;168;75;46;10;8;2;6;0;0;4;0
2019-05-22 12:42:59;169;76;46;10;8;2;6;0;0;4;0
2019-05-22 12:43:59;171;76;46;10;8;3;6;0;0;4;0
2019-05-22 12:44:58;172;77;46;10;8;3;6;0;0;4;0
2019-05-22 12:45:59;172;77;46;10;8;3;6;0;0;4;0
2019-05-22 12:46:59;173;78;46;10;8;3;6;0;0;4;0
2019-05-22 12:47:58;174;79;46;10;8;3;6;0;0;4;0
2019-05-22 12:48:59;175;79;47;10;8;3;6;0;0;4;0
2019-05-22 12:49:59;178;80;48;11;8;3;6;0;0;4;0
2019-05-22 12:50:58;179;81;48;11;8;3;6;0;0;4;0
2019-05-22 12:51:59;180;82;48;11;8;3;6;0;0;4;0
2019-05-22 12:52:59;180;82;48;11;8;3;6;0;0;4;0
2019-05-22 12:53:58;180;82;48;11;8;3;6;0;0;4;0
2019-05-22 12:54:59;181;83;48;11;8;3;6;0;0;4;0
2019-05-22 12:55:59;182;84;48;11;8;3;6;0;0;4;0
2019-05-22 12:56:58;182;85;48;11;8;2;6;0;0;4;0
2019-05-22 12:57:59;182;85;48;11;8;2;6;0;0;4;0
2019-05-22 12:58:59;184;86;49;11;8;2;6;0;0;4;0
2019-05-22 12:59:58;185;87;49;11;8;2;6;0;0;4;0
2019-05-22 13:00:59;187;87;51;11;8;2;6;0;0;4;0
2019-05-22 13:01:59;187;87;51;11;8;2;6;0;0;4;0
2019-05-22 13:02:58;188;88;51;11;8;2;6;0;0;4;0
2019-05-22 13:03:59;188;88;51;11;8;2;6;0;0;4;0
2019-05-22 13:04:59;188;88;51;11;8;2;6;0;0;4;0
2019-05-22 13:05:58;189;88;52;11;8;2;6;0;0;4;0
2019-05-22 13:06:59;189;88;52;11;8;2;6;0;0;4;0
2019-05-22 13:07:59;189;88;52;11;8;2;6;0;0;4;0
2019-05-22 13:08:58;189;88;52;11;8;2;6;0;0;4;0
2019-05-22 13:09:59;190;88;53;11;8;2;6;0;0;4;0
2019-05-22 13:10:59;190;88;53;11;8;2;6;0;0;4;0
2019-05-22 13:11:58;191;89;53;11;8;2;6;0;0;4;0
2019-05-22 13:12:59;192;89;54;11;8;2;6;0;0;4;0
2019-05-22 13:13:59;192;90;54;11;8;2;6;0;0;4;0
2019-05-22 13:14:58;193;91;54;11;8;2;6;0;0;4;0
2019-05-22 13:15:59;194;91;54;11;8;3;6;0;0;4;0
2019-05-22 13:16:59;195;92;54;11;8;3;6;0;0;4;0
2019-05-22 13:17:58;196;93;54;11;8;3;6;0;0;4;0
2019-05-22 13:18:59;197;94;54;11;8;3;6;0;0;4;0
2019-05-22 13:19:59;197;94;54;11;8;3;6;0;0;4;0
2019-05-22 13:20:58;197;94;54;11;8;3;6;0;0;4;0
2019-05-22 13:21:59;197;94;54;11;8;3;6;0;0;4;0
2019-05-22 13:22:59;198;95;54;11;8;3;6;0;0;4;0
2019-05-22 13:23:58;198;95;54;11;8;3;6;0;0;4;0
2019-05-22 13:24:59;198;95;54;11;8;3;6;0;0;4;0
2019-05-22 13:25:59;198;95;54;11;8;3;6;0;0;4;0
2019-05-22 13:26:58;199;97;54;11;8;3;6;0;1;4;0
2019-05-22 13:27:59;199;97;54;11;8;3;6;0;1;4;0
2019-05-22 13:28:58;199;97;53;11;8;3;6;0;2;4;0
2019-05-22 13:29:59;199;97;53;11;8;3;6;0;2;4;0
2019-05-22 13:30:59;199;97;53;11;8;3;6;0;2;4;0
2019-05-22 13:31:58;199;97;53;11;8;3;6;0;2;4;0
2019-05-22 13:32:59;199;97;53;11;8;3;6;0;2;4;0
2019-05-22 13:33:59;199;97;53;11;8;3;6;0;2;4;0
2019-05-22 13:34:59;200;98;53;11;8;3;6;0;2;4;0
2019-05-22 13:35:58;201;98;54;11;8;3;6;0;2;4;0
2019-05-22 13:36:59;201;98;54;11;8;3;6;0;2;4;0
2019-05-22 13:37:58;202;99;54;11;8;3;6;0;2;4;0
2019-05-22 13:38:59;202;99;54;11;8;3;6;0;2;4;0
2019-05-22 13:39:59;203;100;54;11;8;3;6;0;2;4;0
2019-05-22 13:40:58;204;100;54;12;8;3;6;0;2;4;0
2019-05-22 13:41:59;204;100;54;12;8;3;6;0;2;4;0
2019-05-22 13:42:58;205;101;54;12;8;3;6;0;2;4;0
2019-05-22 13:43:59;206;101;55;12;8;3;6;0;2;4;0
2019-05-22 13:44:59;207;101;56;12;8;3;6;0;2;4;0
2019-05-22 13:45:58;207;101;56;12;8;3;6;0;2;4;0
2019-05-22 13:46:59;207;101;56;12;8;3;6;0;2;4;0
2019-05-22 13:47:59;207;101;56;12;8;3;6;0;2;4;0
2019-05-22 13:48:58;207;101;56;12;8;3;6;0;2;4;0
2019-05-22 13:49:59;207;101;56;12;8;3;6;0;2;4;0
2019-05-22 13:50:59;207;101;56;12;8;3;6;0;2;4;0
2019-05-22 13:51:58;209;102;57;12;8;3;6;0;2;4;0
2019-05-22 13:52:59;209;102;57;12;8;3;6;0;2;4;0
2019-05-22 13:53:58;209;102;57;12;8;3;6;0;2;4;0
2019-05-22 13:54:59;210;103;57;12;8;3;6;0;2;4;0
2019-05-22 13:55:59;210;103;57;12;8;3;6;0;2;4;0
2019-05-22 13:56:58;210;103;57;12;8;3;6;0;2;4;0
2019-05-22 13:57:59;211;104;57;12;8;3;6;0;2;4;0
2019-05-22 13:58:59;211;104;57;12;8;3;6;0;2;4;0
2019-05-22 13:59:58;211;104;57;12;8;3;6;0;2;4;0
2019-05-22 14:00:59;212;105;57;12;8;3;6;0;2;4;0
2019-05-22 14:01:59;213;106;57;12;8;3;6;0;2;4;0
2019-05-22 14:02:58;213;106;57;12;8;3;6;0;2;4;0
2019-05-22 14:03:59;213;106;57;12;8;3;6;0;2;4;0
2019-05-22 14:04:59;213;106;57;12;8;3;6;0;2;4;0
2019-05-22 14:05:58;213;106;57;12;8;3;6;0;2;4;0
2019-05-22 14:06:59;213;106;57;12;8;3;6;0;2;4;0
2019-05-22 14:07:59;213;106;57;12;8;3;6;0;2;4;0
2019-05-22 14:08:58;214;107;57;12;8;3;6;0;2;4;0
2019-05-22 14:09:59;215;107;58;12;8;3;6;0;2;4;0
2019-05-22 14:10:59;215;107;58;12;8;3;6;0;2;4;0
2019-05-22 14:11:58;215;107;58;12;8;3;6;0;2;4;0
2019-05-22 14:12:59;217;108;59;12;8;3;6;0;2;4;0
2019-05-22 14:13:59;217;108;59;12;8;3;6;0;2;4;0
2019-05-22 14:14:58;218;109;59;12;8;3;6;0;2;4;0
2019-05-22 14:15:59;218;109;59;12;8;3;6;0;2;4;0
2019-05-22 14:16:59;219;109;59;13;8;3;6;0;2;4;0
2019-05-22 14:17:58;219;109;59;13;8;3;6;0;2;4;0
2019-05-22 14:18:59;219;109;59;13;8;3;6;0;2;4;0
2019-05-22 14:19:59;219;109;59;13;8;3;6;0;2;4;0
2019-05-22 14:20:58;218;109;58;13;8;3;6;0;2;4;0
2019-05-22 14:21:59;218;109;58;13;8;3;6;0;2;4;0
2019-05-22 14:22:59;219;109;59;13;8;3;6;0;2;4;0
2019-05-22 14:23:58;220;110;59;13;8;3;6;0;2;4;0
2019-05-22 14:24:59;220;110;59;13;8;3;6;0;2;4;0
2019-05-22 14:25:59;220;110;59;13;8;3;6;0;2;4;0
2019-05-22 14:26:58;221;111;59;13;8;3;6;0;2;4;0
2019-05-22 14:27:59;222;112;59;13;8;3;6;0;2;4;0
2019-05-22 14:28:59;222;112;59;13;8;3;6;0;2;4;0
2019-05-22 14:29:58;222;112;59;13;8;3;6;0;2;4;0
2019-05-22 14:30:59;222;112;59;13;8;3;6;0;2;4;0
2019-05-22 14:31:59;223;114;58;13;8;3;6;0;2;4;0
2019-05-22 14:32:58;223;114;58;13;8;3;6;0;2;4;0
2019-05-22 14:33:59;223;114;58;13;8;3;6;0;2;4;0
2019-05-22 14:34:59;223;114;58;13;8;3;6;0;2;4;0
2019-05-22 14:35:58;223;114;58;13;8;3;6;0;2;4;0
2019-05-22 14:36:59;224;115;58;13;8;3;6;0;2;4;0
2019-05-22 14:37:59;224;115;58;13;8;3;6;0;2;4;0
2019-05-22 14:38:58;224;115;58;13;8;3;6;0;2;4;0
2019-05-22 14:39:59;224;115;58;13;8;3;6;0;2;4;0
2019-05-22 14:40:59;224;115;58;13;8;3;6;0;2;4;0
2019-05-22 14:41:58;225;115;58;13;8;3;6;0;2;4;0
2019-05-22 14:42:59;225;115;58;13;8;3;6;0;2;4;0
2019-05-22 14:43:59;225;115;58;13;8;3;6;0;2;4;0
2019-05-22 14:44:58;226;116;58;13;8;3;6;0;2;4;0
2019-05-22 14:45:59;227;116;59;13;8;3;6;0;2;4;0
2019-05-22 14:46:59;227;116;59;13;8;3;6;0;2;4;0
2019-05-22 14:47:58;226;116;59;13;7;3;6;0;2;4;0
2019-05-22 14:48:59;226;116;59;13;7;3;6;0;2;4;0
2019-05-22 14:49:59;226;116;59;13;7;3;6;0;2;4;0
2019-05-22 14:51:00;228;117;60;13;7;3;6;0;2;4;0
2019-05-22 14:51:58;227;116;60;13;7;3;6;0;2;4;0
2019-05-22 14:52:59;228;117;60;13;7;3;6;0;2;4;0
2019-05-22 14:53:58;228;117;60;13;7;3;6;0;2;4;0
2019-05-22 14:54:59;228;117;60;13;7;3;6;0;2;4;0
2019-05-22 14:55:59;228;118;59;13;7;3;6;0;2;4;0
2019-05-22 14:56:58;228;118;59;13;7;3;6;0;2;4;0
2019-05-22 14:57:59;228;118;59;13;7;3;6;0;2;4;0
2019-05-22 14:58:58;228;118;59;13;7;3;6;0;2;4;0
2019-05-22 14:59:59;229;119;59;13;7;3;6;0;2;4;0
2019-05-22 15:00:59;229;119;59;13;7;3;6;0;2;4;0
2019-05-22 15:01:58;229;119;59;13;7;3;6;0;2;4;0
2019-05-22 15:02:59;231;120;60;13;7;3;6;0;2;4;0
2019-05-22 15:03:59;231;120;60;13;7;3;6;0;2;4;0
2019-05-22 15:04:58;232;120;61;13;7;3;6;0;2;4;0
2019-05-22 15:05:59;231;120;60;13;7;3;6;0;2;4;0
2019-05-22 15:06:59;231;120;60;13;7;3;6;0;2;4;0
2019-05-22 15:07:58;231;120;60;13;7;3;6;0;2;4;0
2019-05-22 15:08:59;231;120;60;13;7;3;6;0;2;4;0
2019-05-22 15:09:59;231;120;60;13;7;3;6;0;2;4;0
2019-05-22 15:10:58;231;120;60;13;7;3;6;0;2;4;0
2019-05-22 15:11:59;231;120;60;13;7;3;6;0;2;4;0
2019-05-22 15:12:59;233;121;61;13;7;3;6;0;2;4;0
2019-05-22 15:13:58;233;121;61;13;7;3;6;0;2;4;0
2019-05-22 15:14:59;234;122;61;13;7;3;6;0;2;4;0
2019-05-22 15:15:59;234;122;61;13;7;3;6;0;2;4;0
2019-05-22 15:16:58;234;122;61;13;7;3;6;0;2;4;0
2019-05-22 15:17:59;234;122;61;13;7;3;6;0;2;4;0
2019-05-22 15:18:58;235;122;62;13;7;3;6;0;2;4;0
2019-05-22 15:19:59;236;123;62;13;7;3;6;0;2;4;0
2019-05-22 15:20:59;236;123;62;13;7;3;6;0;2;4;0
2019-05-22 15:21:58;236;123;62;13;7;3;6;0;2;4;0
2019-05-22 15:22:59;236;123;62;13;7;3;6;0;2;4;0
2019-05-22 15:23:59;236;123;62;13;7;3;6;0;2;4;0
2019-05-22 15:24:58;237;124;62;13;7;3;6;0;2;4;0
2019-05-22 15:25:59;237;124;62;13;7;3;6;0;2;4;0
2019-05-22 15:26:59;238;124;63;13;7;3;6;0;2;4;0
2019-05-22 15:27:58;238;124;63;13;7;3;6;0;2;4;0
2019-05-22 15:28:59;238;124;63;13;7;3;6;0;2;4;0
2019-05-22 15:29:59;239;124;63;14;7;3;6;0;2;4;0
2019-05-22 15:31:00;239;124;63;14;7;3;6;0;2;4;0
2019-05-22 15:31:58;238;124;62;14;7;3;6;0;2;4;0
2019-05-22 15:32:59;240;126;62;14;7;3;6;0;2;4;0
2019-05-22 15:33:59;240;126;63;14;7;3;6;0;2;4;0
2019-05-22 15:34:58;240;126;63;14;7;3;6;0;2;4;0
2019-05-22 15:35:59;240;126;63;14;7;3;6;0;2;4;0
2019-05-22 15:36:59;240;126;63;14;7;3;6;0;2;4;0
2019-05-22 15:37:58;240;126;63;14;7;3;6;0;2;4;0
2019-05-22 15:38:59;240;126;63;14;7;3;6;0;2;4;0
2019-05-22 15:39:58;240;126;63;14;7;3;6;0;2;4;0
2019-05-22 15:40:59;240;126;63;14;7;3;6;0;2;4;0
2019-05-22 15:41:59;240;126;63;14;7;3;6;0;2;4;0
2019-05-22 15:42:58;241;126;63;15;7;3;6;0;2;4;0
2019-05-22 15:43:59;241;126;63;15;7;3;6;0;2;4;0
2019-05-22 15:44:59;241;126;63;15;7;3;6;0;2;4;0
2019-05-22 15:45:58;241;126;63;15;7;3;6;0;2;4;0
2019-05-22 15:46:59;243;127;64;15;7;3;6;0;2;4;0
2019-05-22 15:47:59;243;127;64;15;7;3;6;0;2;4;0
2019-05-22 15:48:58;244;127;64;15;8;3;6;0;2;4;0
2019-05-22 15:49:59;244;127;64;15;8;3;6;0;2;4;0
2019-05-22 15:50:59;244;127;64;15;8;3;6;0;2;4;0
2019-05-22 15:51:58;246;127;66;15;8;3;6;0;2;4;0
2019-05-22 15:52:59;247;128;66;15;8;3;6;0;2;4;0
2019-05-22 15:53:58;247;128;66;15;8;3;6;0;2;4;0
2019-05-22 15:54:59;248;128;66;15;8;3;6;0;2;4;0
2019-05-22 15:55:59;249;128;67;15;8;3;6;0;2;4;0
2019-05-22 15:56:58;250;128;68;15;8;3;6;0;2;4;0
2019-05-22 15:57:59;250;128;68;15;8;3;6;0;2;4;0
2019-05-22 15:58:59;250;128;68;15;8;3;6;0;2;4;0
2019-05-22 15:59:58;250;128;68;15;8;3;6;0;2;4;0
2019-05-22 16:00:59;250;127;69;15;8;3;6;0;2;4;0
2019-05-22 16:01:58;251;128;69;15;8;3;6;0;2;4;0
2019-05-22 16:02:59;251;128;69;15;8;3;6;0;2;4;0
2019-05-22 16:03:59;252;128;70;15;8;3;6;0;2;4;0
2019-05-22 16:04:58;252;128;70;15;8;3;6;0;2;4;0
2019-05-22 16:05:59;252;128;70;15;8;3;6;0;2;4;0
2019-05-22 16:06:58;252;128;70;15;8;3;6;0;2;4;0
2019-05-22 16:07:59;253;129;70;15;8;3;6;0;2;4;0
2019-05-22 16:08:59;253;129;70;15;8;3;6;0;2;4;0
2019-05-22 16:09:58;253;129;70;15;8;3;6;0;2;4;0
2019-05-22 16:10:59;253;129;70;15;8;3;6;0;2;4;0
2019-05-22 16:11:59;254;129;70;15;8;3;6;2;2;4;0
2019-05-22 16:12:58;254;129;70;15;8;3;6;2;2;4;0
2019-05-22 16:13:59;254;129;70;15;8;3;6;2;2;4;0
2019-05-22 16:14:59;254;129;70;15;8;3;6;2;2;4;0
2019-05-22 16:15:58;255;130;70;15;8;3;6;2;2;4;0
2019-05-22 16:16:59;255;130;70;15;8;3;6;2;2;4;0
2019-05-22 16:17:59;256;130;70;16;8;3;6;2;2;4;0
2019-05-22 16:18:58;256;130;70;16;8;3;6;2;2;4;0
2019-05-22 16:19:59;256;130;70;16;8;3;6;2;2;4;0
2019-05-22 16:20:58;257;130;71;16;8;3;6;2;2;4;0
2019-05-22 16:21:59;257;130;71;16;8;3;6;2;2;4;0
2019-05-22 16:22:59;257;130;71;16;8;3;6;2;2;4;0
2019-05-22 16:23:58;258;131;71;16;8;3;6;2;2;4;0
2019-05-22 16:24:59;258;131;71;16;8;3;6;2;2;4;0
2019-05-22 16:25:59;258;131;71;16;8;3;6;2;2;4;0
2019-05-22 16:26:58;258;131;71;16;8;3;6;2;2;4;0
2019-05-22 16:27:59;259;131;71;16;8;3;6;3;2;4;0
2019-05-22 16:28:59;259;131;71;16;8;3;6;3;2;4;0
2019-05-22 16:29:58;259;131;71;16;8;3;6;3;2;4;0
2019-05-22 16:30:59;259;131;71;16;8;3;6;3;2;4;0
2019-05-22 16:31:59;259;131;71;16;8;3;6;3;2;4;0
2019-05-22 16:32:58;259;131;71;16;8;3;6;3;2;4;0
2019-05-22 16:33:59;259;131;71;16;8;3;6;3;2;4;0
2019-05-22 16:34:59;259;131;71;16;8;3;6;3;2;4;0
2019-05-22 16:35:58;259;131;71;16;8;3;6;3;2;4;0
2019-05-22 16:36:59;259;131;71;16;8;3;6;3;2;4;0
2019-05-22 16:37:59;258;131;70;16;8;3;6;3;2;4;0
2019-05-22 16:38:58;258;131;70;16;8;3;6;3;2;4;0
2019-05-22 16:39:59;258;131;70;16;8;3;6;3;2;4;0
2019-05-22 16:40:59;258;131;70;16;8;3;6;3;2;4;0
2019-05-22 16:41:58;258;131;70;16;8;3;6;3;2;4;0
2019-05-22 16:42:59;258;131;70;16;8;3;6;3;2;4;0
2019-05-22 16:43:59;258;131;70;16;8;3;6;3;2;4;0
2019-05-22 16:44:58;258;131;70;16;8;3;6;3;2;4;0
2019-05-22 16:45:59;259;132;70;16;8;3;6;3;2;4;0
2019-05-22 16:46:58;262;135;70;16;8;3;6;3;2;4;0
2019-05-22 16:47:59;263;135;70;16;8;3;6;4;2;4;0
2019-05-22 16:48:59;263;135;70;16;8;3;6;4;2;4;0
2019-05-22 16:49:58;263;135;70;16;8;3;6;4;2;4;0
2019-05-22 16:50:59;263;135;70;16;8;3;6;4;2;4;0
2019-05-22 16:51:59;263;135;70;16;8;3;6;4;2;4;0
2019-05-22 16:52:58;263;135;70;16;8;3;6;4;2;4;0
2019-05-22 16:53:59;263;135;70;16;8;3;6;4;2;4;0
2019-05-22 16:54:58;263;135;70;16;8;3;6;4;2;4;0
2019-05-22 16:55:59;263;135;70;16;8;3;6;4;2;4;0
2019-05-22 16:56:59;263;135;70;16;8;3;6;4;2;4;0
2019-05-22 16:57:58;263;135;70;16;8;3;6;4;2;4;0
2019-05-22 16:58:59;264;136;70;16;8;3;6;4;2;4;0
2019-05-22 16:59:59;264;136;70;16;8;3;6;4;2;4;0
2019-05-22 17:00:58;264;136;70;16;8;3;6;4;2;4;0
2019-05-22 17:01:59;266;136;72;16;8;3;6;4;2;4;0
2019-05-22 17:02:59;266;136;72;16;8;3;6;4;2;4;0
2019-05-22 17:03:59;266;136;72;16;8;3;6;4;2;4;0
2019-05-22 17:04:58;266;136;72;16;8;3;6;4;2;4;0
2019-05-22 17:05:59;267;137;72;16;8;3;6;4;2;4;0
2019-05-22 17:06:59;267;137;72;16;8;3;6;4;2;4;0
2019-05-22 17:07:58;267;137;72;16;8;3;6;4;2;4;0
2019-05-22 17:08:59;267;137;72;16;8;3;6;4;2;4;0
2019-05-22 17:09:58;267;137;72;16;8;3;6;4;2;4;0
2019-05-22 17:10:59;267;137;72;16;8;3;6;4;2;4;0
2019-05-22 17:11:59;267;137;72;16;8;3;6;4;2;4;0
2019-05-22 17:12:58;267;137;72;16;8;3;6;4;2;4;0
2019-05-22 17:13:59;267;137;72;16;8;3;6;4;2;4;0
2019-05-22 17:14:59;267;137;72;16;8;3;6;4;2;4;0
2019-05-22 17:15:58;267;137;72;16;8;3;6;4;2;4;0
2019-05-22 17:16:59;267;137;72;16;8;3;6;4;2;4;0
2019-05-22 17:17:59;267;137;72;16;8;3;6;4;2;4;0
2019-05-22 17:18:58;267;137;72;16;8;3;6;4;2;4;0
2019-05-22 17:19:59;267;137;72;16;8;3;6;4;2;4;0
2019-05-22 17:20:59;267;137;72;16;8;3;6;4;2;4;0
2019-05-22 17:21:58;268;137;72;16;8;4;6;4;2;4;0
2019-05-22 17:22:59;268;137;72;16;8;4;6;4;2;4;0
2019-05-22 17:23:59;268;137;72;16;8;4;6;4;2;4;0
2019-05-22 17:24:58;268;137;72;16;8;4;6;4;2;4;0
2019-05-22 17:25:59;269;138;72;16;8;4;6;4;2;4;0
2019-05-22 17:26:58;269;138;72;16;8;4;6;4;2;4;0
2019-05-22 17:27:59;269;138;72;16;8;4;6;4;2;4;0
2019-05-22 17:28:59;270;139;72;16;8;4;6;4;2;4;0
2019-05-22 17:29:58;270;139;72;16;8;4;6;4;2;4;0
2019-05-22 17:30:59;271;139;73;16;8;4;6;4;2;4;0
2019-05-22 17:31:59;271;139;73;16;8;4;6;4;2;4;0
2019-05-22 17:32:58;271;139;73;16;8;4;6;4;2;4;0
2019-05-22 17:33:59;272;140;74;16;8;4;6;4;2;4;0
2019-05-22 17:34:59;272;140;74;16;8;4;6;4;2;4;0
2019-05-22 17:35:58;272;140;74;16;8;4;6;4;2;4;0
2019-05-22 17:36:59;272;140;74;16;8;4;6;4;2;4;0
2019-05-22 17:38:00;272;140;74;16;8;4;6;4;2;4;0
2019-05-22 17:38:58;272;140;74;16;8;4;6;4;2;4;0
2019-05-22 17:39:59;272;140;74;16;8;4;6;4;2;4;0
2019-05-22 17:40:58;272;140;74;16;8;4;6;4;2;4;0
2019-05-22 17:41:59;272;140;74;16;8;4;6;4;2;4;0
2019-05-22 17:42:59;272;140;74;16;8;4;6;4;2;4;0
2019-05-22 17:43:58;272;140;74;16;8;4;6;4;2;4;0
2019-05-22 17:44:59;272;140;74;16;8;4;6;4;2;4;0
2019-05-22 17:45:59;272;140;74;16;8;4;6;4;2;4;0
2019-05-22 17:46:58;272;140;74;16;8;4;6;4;2;4;0
2019-05-22 17:47:59;272;140;74;16;8;4;6;4;2;4;0
2019-05-22 17:48:59;272;140;75;16;7;4;6;4;2;4;0
2019-05-22 17:49:58;272;141;74;16;7;4;6;4;2;4;0
2019-05-22 17:50:59;272;141;74;16;7;4;6;4;2;4;0
2019-05-22 17:51:59;272;141;74;16;7;4;6;4;2;4;0
2019-05-22 17:52:58;272;141;74;16;7;4;6;4;2;4;0
2019-05-22 17:53:59;272;141;74;16;7;4;6;4;2;4;0
2019-05-22 17:55:00;272;141;74;16;7;4;6;4;2;4;0
2019-05-22 17:55:58;272;141;74;16;7;4;6;4;2;4;0
2019-05-22 17:56:59;272;141;74;16;7;4;6;4;2;4;0
2019-05-22 17:57:58;272;141;74;16;7;4;6;4;2;4;0
2019-05-22 17:58:59;273;142;74;16;7;4;6;4;2;4;0
2019-05-22 17:59:59;273;142;74;16;7;4;6;4;2;4;0
2019-05-22 18:00:58;274;143;74;16;7;4;6;4;2;4;0
2019-05-22 18:01:59;274;143;74;16;7;4;6;4;2;4;0
2019-05-22 18:02:59;274;143;74;16;7;4;6;4;2;4;0
2019-05-22 18:03:58;274;143;74;16;7;4;6;4;2;4;0
2019-05-22 18:04:59;274;143;74;16;7;4;6;4;2;4;0
2019-05-22 18:05:59;274;143;74;16;7;4;6;4;2;4;0
2019-05-22 18:06:59;274;143;74;16;7;4;6;4;2;4;0
2019-05-22 18:07:58;274;143;74;16;7;4;6;4;2;4;0
2019-05-22 18:08:59;275;144;74;16;7;4;6;4;2;4;0
2019-05-22 18:09:59;275;144;74;16;7;4;6;4;2;4;0
2019-05-22 18:10:58;275;144;74;16;7;4;6;4;2;4;0
2019-05-22 18:11:59;275;144;74;16;7;4;6;4;2;4;0
2019-05-22 18:12:59;276;144;74;17;7;4;6;4;2;4;0
2019-05-22 18:13:58;276;144;74;17;7;4;6;4;2;4;0
2019-05-22 18:14:59;277;145;74;17;7;4;6;4;2;4;0
2019-05-22 18:15:59;277;145;74;17;7;4;6;4;2;4;0
2019-05-22 18:16:58;278;146;74;17;7;4;6;4;2;4;0
2019-05-22 18:17:59;278;146;74;17;7;4;6;4;2;4;0
2019-05-22 18:18:58;278;146;74;17;7;4;6;4;2;4;0
2019-05-22 18:19:59;278;146;74;17;7;4;6;4;2;4;0
2019-05-22 18:20:59;278;146;74;17;7;4;6;4;2;4;0
2019-05-22 18:21:58;278;146;74;17;7;4;6;4;2;4;0
2019-05-22 18:22:59;279;147;74;17;7;4;6;4;2;4;0
2019-05-22 18:23:59;280;148;74;17;7;4;6;4;2;4;0
2019-05-22 18:24:58;280;148;74;17;7;4;6;4;2;4;0
2019-05-22 18:25:59;280;148;74;17;7;4;6;4;2;4;0
2019-05-22 18:26:59;280;148;74;17;7;4;6;4;2;4;0
2019-05-22 18:27:58;280;148;74;17;7;4;6;4;2;4;0
2019-05-22 18:28:59;280;148;74;17;7;4;6;4;2;4;0
2019-05-22 18:29:59;280;148;74;17;7;4;6;4;2;4;0
2019-05-22 18:30:58;280;148;74;17;7;4;6;4;2;4;0
2019-05-22 18:31:59;280;148;74;17;7;4;6;4;2;4;0
2019-05-22 18:32:59;280;148;74;17;7;4;6;4;2;4;0
2019-05-22 18:33:58;281;148;75;17;7;4;6;4;2;4;0
2019-05-22 18:34:59;281;148;75;17;7;4;6;4;2;4;0
2019-05-22 18:35:59;281;148;75;17;7;4;6;4;2;4;0
2019-05-22 18:36:58;282;148;77;16;7;4;6;4;2;4;0
2019-05-22 18:37:59;282;148;77;16;7;4;6;4;2;4;0
2019-05-22 18:38:59;282;148;77;16;7;4;6;4;2;4;0
2019-05-22 18:39:58;283;149;77;16;7;4;6;4;2;4;0
2019-05-22 18:40:59;283;149;77;16;7;4;6;4;2;4;0
2019-05-22 18:41:59;283;149;77;16;7;4;6;4;2;4;0
2019-05-22 18:42:58;284;150;77;16;7;4;6;4;2;4;0
2019-05-22 18:43:59;284;150;77;16;7;4;6;4;2;4;0
2019-05-22 18:44:58;284;150;77;16;7;4;6;4;2;4;0
2019-05-22 18:45:59;284;150;77;16;7;4;6;4;2;4;0
2019-05-22 18:46:59;284;150;77;16;7;4;6;4;2;4;0
2019-05-22 18:47:58;286;152;77;16;7;4;6;4;2;4;0
2019-05-22 18:48:59;287;152;77;17;7;4;6;4;2;4;0
2019-05-22 18:49:59;288;152;77;17;7;5;6;4;2;4;0
2019-05-22 18:50:58;288;152;77;17;7;5;6;4;2;4;0
2019-05-22 18:51:59;288;152;77;17;7;5;6;4;2;4;0
2019-05-22 18:52:59;288;152;77;17;7;5;6;4;2;4;0
2019-05-22 18:53:58;288;152;77;17;7;5;6;4;2;4;0
2019-05-22 18:54:59;288;152;77;17;7;5;6;4;2;4;0
2019-05-22 18:55:59;288;152;77;17;7;5;6;4;2;4;0
2019-05-22 18:56:58;288;152;77;17;7;5;6;4;2;4;0
2019-05-22 18:57:59;288;152;77;17;7;5;6;4;2;4;0
2019-05-22 18:58:59;288;152;77;17;7;5;6;4;2;4;0
2019-05-22 18:59:58;290;153;78;17;7;5;6;4;2;4;0
2019-05-22 19:00:59;290;153;78;17;7;5;6;4;2;4;0
2019-05-22 19:01:59;290;153;78;17;7;5;6;4;2;4;0
2019-05-22 19:02:58;290;153;78;17;7;5;6;4;2;4;0
2019-05-22 19:03:59;290;153;78;17;7;5;6;4;2;4;0
2019-05-22 19:04:59;291;154;78;17;7;5;6;4;2;4;0
2019-05-22 19:05:58;291;154;78;17;7;5;6;4;2;4;0
2019-05-22 19:06:59;291;154;78;17;7;5;6;4;2;4;0
2019-05-22 19:07:58;291;154;78;17;7;5;6;4;2;4;0
2019-05-22 19:08:59;291;154;78;17;7;5;6;4;2;4;0
2019-05-22 19:09:59;291;154;78;17;7;5;6;4;2;4;0
2019-05-22 19:10:58;291;154;78;17;7;5;6;4;2;4;0
2019-05-22 19:11:59;291;154;78;17;7;5;6;4;2;4;0
2019-05-22 19:12:59;291;154;78;17;7;5;6;4;2;4;0
2019-05-22 19:13:58;291;154;78;17;7;5;6;4;2;4;0
2019-05-22 19:14:59;291;154;78;17;7;5;6;4;2;4;0
2019-05-22 19:15:59;292;154;79;17;7;5;6;4;2;4;0
2019-05-22 19:16:58;292;154;79;17;7;5;6;4;2;4;0
2019-05-22 19:17:59;292;154;79;17;7;5;6;4;2;4;0
2019-05-22 19:18:59;292;154;79;17;7;5;6;4;2;4;0
2019-05-22 19:19:58;292;154;79;17;7;5;6;4;2;4;0
2019-05-22 19:20:59;292;154;79;17;7;5;6;4;2;4;0
2019-05-22 19:21:59;293;154;79;18;7;5;6;4;2;4;0
2019-05-22 19:22:58;293;154;79;18;7;5;6;4;2;4;0
2019-05-22 19:23:59;293;154;79;18;7;5;6;4;2;4;0
2019-05-22 19:25:00;293;154;79;18;7;5;6;4;2;4;0
2019-05-22 19:25:58;293;154;79;18;7;5;6;4;2;4;0
2019-05-22 19:26:59;293;154;79;18;7;5;6;4;2;4;0
2019-05-22 19:27:59;294;154;80;18;7;5;6;4;2;4;0
2019-05-22 19:28:58;295;156;79;18;7;5;6;4;2;4;0
2019-05-22 19:29:59;296;157;79;18;7;5;6;4;2;4;0
2019-05-22 19:30:58;296;157;79;18;7;5;6;4;2;4;0
2019-05-22 19:31:59;296;157;79;18;7;5;6;4;2;4;0
2019-05-22 19:32:59;297;158;79;18;7;5;6;4;2;4;0
2019-05-22 19:33:58;297;158;79;18;7;5;6;4;2;4;0
2019-05-22 19:34:59;297;158;79;18;7;5;6;4;2;4;0
2019-05-22 19:35:59;298;159;79;18;7;5;6;4;2;4;0
2019-05-22 19:36:58;298;159;79;18;7;5;6;4;2;4;0
2019-05-22 19:37:59;298;159;79;18;7;5;6;4;2;4;0
2019-05-22 19:39:00;298;159;79;18;7;5;6;4;2;4;0
2019-05-22 19:39:58;298;159;79;18;7;5;6;4;2;4;0
2019-05-22 19:40:59;298;159;79;18;7;5;6;4;2;4;0
2019-05-22 19:41:58;298;159;79;18;7;5;6;4;2;4;0
2019-05-22 19:42:59;298;159;79;18;7;5;6;4;2;4;0
2019-05-22 19:43:59;298;159;79;18;7;5;6;4;2;4;0
2019-05-22 19:44:58;298;159;79;18;7;5;6;4;2;4;0
2019-05-22 19:45:59;298;159;79;18;7;5;6;4;2;4;0
2019-05-22 19:46:59;298;159;79;18;7;5;6;4;2;4;0
2019-05-22 19:47:58;298;159;79;18;7;5;6;4;2;4;0
2019-05-22 19:48:59;298;159;79;18;7;5;6;4;2;4;0
2019-05-22 19:49:59;298;159;79;18;7;5;6;4;2;4;0
2019-05-22 19:50:58;299;160;79;18;7;5;6;4;2;4;0
2019-05-22 19:51:59;299;160;79;18;7;5;6;4;2;4;0
2019-05-22 19:52:59;299;160;79;18;7;5;6;4;2;4;0
2019-05-22 19:53:58;299;160;79;18;7;5;6;4;2;4;0
2019-05-22 19:54:59;300;161;79;18;7;5;6;4;2;4;0
2019-05-22 19:55:59;300;161;79;18;7;5;6;4;2;4;0
2019-05-22 19:56:58;300;161;79;18;7;5;6;4;2;4;0
2019-05-22 19:57:59;300;161;79;18;7;5;6;4;2;4;0
2019-05-22 19:58:58;302;163;79;18;7;5;6;4;2;4;0
2019-05-22 19:59:59;303;164;79;18;7;5;6;4;2;4;0
2019-05-22 20:00:59;303;164;79;18;7;5;6;4;2;4;0
2019-05-22 20:01:58;303;164;79;18;7;5;6;4;2;4;0
2019-05-22 20:02:59;304;165;79;18;7;5;6;4;2;4;0
2019-05-22 20:03:59;304;165;79;18;7;5;6;4;2;4;0
2019-05-22 20:04:58;305;165;79;18;8;5;6;4;2;4;0
2019-05-22 20:05:59;305;165;79;18;8;5;6;4;2;4;0
2019-05-22 20:06:59;305;165;79;18;8;5;6;4;2;4;0
2019-05-22 20:07:59;305;165;79;18;8;5;6;4;2;4;0
2019-05-22 20:08:58;305;165;79;18;8;5;6;4;2;4;0
2019-05-22 20:09:59;305;165;79;18;8;5;6;4;2;4;0
2019-05-22 20:10:59;305;165;79;18;8;5;6;4;2;4;0
2019-05-22 20:11:58;305;165;79;18;8;5;6;4;2;4;0
2019-05-22 20:12:59;305;165;79;18;8;5;6;4;2;4;0
2019-05-22 20:13:58;305;165;79;18;8;5;6;4;2;4;0
2019-05-22 20:14:59;305;165;79;18;8;5;6;4;2;4;0
2019-05-22 20:15:59;305;165;79;18;8;5;6;4;2;4;0
2019-05-22 20:16:58;305;165;79;18;8;5;6;4;2;4;0
2019-05-22 20:17:59;306;166;79;18;8;5;6;4;2;4;0
2019-05-22 20:18:59;307;167;79;18;8;5;6;4;2;4;0
2019-05-22 20:19:58;306;166;79;18;8;5;6;4;2;4;0
2019-05-22 20:20:59;306;166;79;18;8;5;6;4;2;4;0
2019-05-22 20:21:59;306;166;79;18;8;5;6;4;2;4;0
2019-05-22 20:22:58;306;166;79;18;8;5;6;4;2;4;0
2019-05-22 20:23:59;306;166;79;18;8;5;6;4;2;4;0
2019-05-22 20:24:59;306;166;79;18;8;5;6;4;2;4;0
2019-05-22 20:25:58;306;166;79;18;8;5;6;4;2;4;0
2019-05-22 20:26:59;306;166;79;18;8;5;6;4;2;4;0
2019-05-22 20:27:59;306;166;79;18;8;5;6;4;2;4;0
2019-05-22 20:28:58;306;166;79;18;8;5;6;4;2;4;0
2019-05-22 20:29:59;306;166;79;18;8;5;6;4;2;4;0
2019-05-22 20:31:00;306;166;79;18;8;5;6;4;2;4;0
2019-05-22 20:31:58;306;166;79;18;8;5;6;4;2;4;0
2019-05-22 20:32:59;306;166;79;18;8;5;6;4;2;4;0
2019-05-22 20:33:59;306;166;79;18;8;5;6;4;2;4;0
2019-05-22 20:34:58;307;166;80;18;8;5;6;4;2;4;0
2019-05-22 20:35:59;308;166;81;18;8;5;6;4;2;4;0
2019-05-22 20:36:58;309;166;82;18;8;5;6;4;2;4;0
2019-05-22 20:37:59;309;166;82;18;8;5;6;4;2;4;0
2019-05-22 20:38:59;309;166;82;18;8;5;6;4;2;4;0
2019-05-22 20:39:58;309;166;82;18;8;5;6;4;2;4;0
2019-05-22 20:40:59;309;166;82;18;8;5;6;4;2;4;0
2019-05-22 20:41:59;309;166;82;18;8;5;6;4;2;4;0
2019-05-22 20:42:58;309;166;82;18;8;5;6;4;2;4;0
2019-05-22 20:43:59;310;166;82;19;8;5;6;4;2;4;0
2019-05-22 20:44:59;310;166;82;19;8;5;6;4;2;4;0
2019-05-22 20:45:58;311;166;83;19;8;5;6;4;2;4;0
2019-05-22 20:46:59;312;166;84;19;8;5;6;4;2;4;0
2019-05-22 20:47:58;312;166;84;19;8;5;6;4;2;4;0
2019-05-22 20:48:59;312;166;84;19;8;5;6;4;2;4;0
2019-05-22 20:49:58;311;166;83;19;8;5;6;4;2;4;0
2019-05-22 20:50:59;311;166;83;19;8;5;6;4;2;4;0
2019-05-22 20:51:59;312;166;84;19;8;5;6;4;2;4;0
2019-05-22 20:52:58;312;166;84;19;8;5;6;4;2;4;0
2019-05-22 20:53:59;312;166;84;19;8;5;6;4;2;4;0
2019-05-22 20:54:59;313;167;84;19;8;5;6;4;2;4;0
2019-05-22 20:55:58;314;167;85;19;8;5;6;4;2;4;0
2019-05-22 20:56:59;314;167;85;19;8;5;6;4;2;4;0
2019-05-22 20:57:58;317;167;87;20;8;5;6;4;2;4;0
2019-05-22 20:58:59;318;167;87;21;8;5;6;4;2;4;0
2019-05-22 20:59:58;318;167;87;21;8;5;6;4;2;4;0
2019-05-22 21:00:59;318;167;87;21;8;5;6;4;2;4;0
2019-05-22 21:01:59;318;167;87;21;8;5;6;4;2;4;0
2019-05-22 21:02:58;318;167;87;21;8;5;6;4;2;4;0
2019-05-22 21:03:59;318;167;87;21;8;5;6;4;2;4;0
2019-05-22 21:04:59;318;167;87;21;8;5;6;4;2;4;0
2019-05-22 21:05:58;318;167;87;21;8;5;6;4;2;4;0
2019-05-22 21:06:59;318;167;87;21;8;5;6;4;2;4;0
2019-05-22 21:07:59;318;167;87;21;8;5;6;4;2;4;0
2019-05-22 21:08:58;318;167;87;21;8;5;6;4;2;4;0
2019-05-22 21:09:59;318;167;87;21;8;5;6;4;2;4;0
2019-05-22 21:10:59;318;167;87;21;8;5;6;4;2;4;0
2019-05-22 21:11:58;318;167;87;21;8;5;6;4;2;4;0
2019-05-22 21:12:59;318;167;87;21;8;5;6;4;2;4;0
2019-05-22 21:13:58;318;167;87;21;8;5;6;4;2;4;0
2019-05-22 21:14:59;318;167;87;21;8;5;6;4;2;4;0
2019-05-22 21:15:59;318;167;87;21;8;5;6;4;2;4;0
2019-05-22 21:16:58;319;167;88;21;8;5;6;4;2;4;0
2019-05-22 21:17:59;319;167;88;21;8;5;6;4;2;4;0
2019-05-22 21:18:59;319;167;88;21;8;5;6;4;2;4;0
2019-05-22 21:19:58;320;168;88;21;8;5;6;4;2;4;0
2019-05-22 21:20:59;320;168;88;21;8;5;6;4;2;4;0
2019-05-22 21:21:59;320;168;88;21;8;5;6;4;2;4;0
2019-05-22 21:22:58;320;168;88;21;8;5;6;4;2;4;0
2019-05-22 21:23:59;320;168;88;21;8;5;6;4;2;4;0
2019-05-22 21:24:58;321;168;88;21;8;6;6;4;2;4;0
2019-05-22 21:25:59;321;168;88;21;8;6;6;4;2;4;0
2019-05-22 21:26:59;322;168;89;21;8;6;6;4;2;4;0
2019-05-22 21:27:58;322;168;89;21;8;6;6;4;2;4;0
2019-05-22 21:28:59;323;169;89;21;8;6;6;4;2;4;0
2019-05-22 21:29:59;323;169;89;21;8;6;6;4;2;4;0
2019-05-22 21:30:58;323;169;89;21;8;6;6;4;2;4;0
2019-05-22 21:31:59;324;169;90;21;8;6;6;4;2;4;0
2019-05-22 21:32:59;324;169;90;21;8;6;6;4;2;4;0
2019-05-22 21:33:58;324;169;90;21;8;6;6;4;2;4;0
2019-05-22 21:34:59;324;169;90;21;8;6;6;4;2;4;0
2019-05-22 21:35:59;324;169;90;21;8;6;6;4;2;4;0
2019-05-22 21:36:58;324;169;90;21;8;6;6;4;2;4;0
2019-05-22 21:37:59;324;169;90;21;8;6;6;4;2;4;0
2019-05-22 21:38:59;325;170;90;21;8;6;6;4;2;4;0
2019-05-22 21:39:59;325;170;90;21;8;6;6;4;2;4;0
2019-05-22 21:40:58;327;171;91;21;8;6;6;4;2;4;0
2019-05-22 21:41:59;327;171;91;21;8;6;6;4;2;4;0
2019-05-22 21:42:59;327;171;91;21;8;6;6;4;2;4;0
2019-05-22 21:43:58;327;171;91;21;8;6;6;4;2;4;0
2019-05-22 21:44:59;327;171;91;21;8;6;6;4;2;4;0
2019-05-22 21:45:59;327;171;91;21;8;6;6;4;2;4;0
2019-05-22 21:46:58;327;171;91;21;8;6;6;4;2;4;0
2019-05-22 21:47:59;327;171;91;21;8;6;6;4;2;4;0
2019-05-22 21:48:59;327;171;91;21;8;6;6;4;2;4;0
2019-05-22 21:49:58;327;171;91;21;8;6;6;4;2;4;0
2019-05-22 21:50:59;327;171;91;21;8;6;6;4;2;4;0
2019-05-22 21:51:59;328;171;92;21;8;6;6;4;2;4;0
2019-05-22 21:52:58;328;171;92;21;8;6;6;4;2;4;0
2019-05-22 21:53:59;328;171;92;21;8;6;6;4;2;4;0
2019-05-22 21:54:59;328;171;92;21;8;6;6;4;2;4;0
2019-05-22 21:55:58;328;171;92;21;8;6;6;4;2;4;0
2019-05-22 21:56:59;328;171;92;21;8;6;6;4;2;4;0
2019-05-22 21:57:59;328;171;92;21;8;6;6;4;2;4;0
2019-05-22 21:58:58;328;171;92;21;8;6;6;4;2;4;0
2019-05-22 21:59:59;328;171;92;21;8;6;6;4;2;4;0
2019-05-22 22:00:59;328;171;92;21;8;6;6;4;2;4;0
2019-05-22 22:01:58;328;171;92;21;8;6;6;4;2;4;0
2019-05-22 22:02:59;328;171;92;21;8;6;6;4;2;4;0
2019-05-22 22:03:58;328;171;92;21;8;6;6;4;2;4;0
2019-05-22 22:04:59;328;171;92;21;8;6;6;4;2;4;0
2019-05-22 22:05:59;328;171;92;21;8;6;6;4;2;4;0
2019-05-22 22:06:58;328;171;92;21;8;6;6;4;2;4;0
2019-05-22 22:07:59;328;171;92;21;8;6;6;4;2;4;0
2019-05-22 22:08:59;328;171;92;21;8;6;6;4;2;4;0
2019-05-22 22:09:58;328;171;92;21;8;6;6;4;2;4;0
2019-05-22 22:10:59;328;171;92;21;8;6;6;4;2;4;0
2019-05-22 22:11:59;328;171;92;21;8;6;6;4;2;4;0
2019-05-22 22:12:58;328;171;92;21;8;6;6;4;2;4;0
2019-05-22 22:13:59;328;171;92;21;8;6;6;4;2;4;0
2019-05-22 22:14:58;328;171;92;21;8;6;6;4;2;4;0
2019-05-22 22:15:59;328;171;92;21;8;6;6;4;2;4;0
2019-05-22 22:16:59;328;171;92;21;8;6;6;4;2;4;0
2019-05-22 22:17:58;328;171;92;21;8;6;6;4;2;4;0
2019-05-22 22:18:59;329;171;93;21;8;6;6;4;2;4;0
2019-05-22 22:19:58;329;171;93;21;8;6;6;4;2;4;0
2019-05-22 22:20:59;330;172;93;21;8;6;6;4;3;3;0
2019-05-22 22:21:59;330;172;93;21;8;6;6;4;3;3;0
2019-05-22 22:22:58;329;172;93;21;8;6;6;4;3;3;0
2019-05-22 22:23:59;329;172;93;21;8;6;6;4;3;3;0
2019-05-22 22:24:59;330;172;94;21;8;6;6;4;3;3;0
2019-05-22 22:25:58;330;172;94;21;8;6;6;4;3;3;0
2019-05-22 22:26:59;331;173;94;21;8;6;6;4;3;3;0
2019-05-22 22:27:59;331;173;94;21;8;6;6;4;3;3;0
2019-05-22 22:28:58;332;174;94;21;8;6;6;4;3;3;0
2019-05-22 22:29:59;332;174;94;21;8;6;6;4;3;3;0
2019-05-22 22:30:59;332;174;94;21;8;6;6;4;3;3;0
2019-05-22 22:31:58;332;174;94;21;8;6;6;4;3;3;0
2019-05-22 22:32:59;332;174;94;21;8;6;6;4;3;3;0
2019-05-22 22:33:59;332;174;94;21;8;6;6;4;3;3;0
2019-05-22 22:34:58;332;174;94;21;8;6;6;4;3;3;0
2019-05-22 22:35:59;332;174;94;21;8;6;6;4;3;3;0
2019-05-22 22:36:59;332;174;94;21;8;6;6;4;3;3;0
2019-05-22 22:37:58;332;174;94;21;8;6;6;4;3;3;0
2019-05-22 22:38:59;332;174;94;21;8;6;6;4;3;3;0
2019-05-22 22:39:59;332;174;94;21;8;6;6;4;3;3;0
2019-05-22 22:40:58;333;175;94;21;8;6;6;4;3;3;0
2019-05-22 22:41:59;333;175;94;21;8;6;6;4;3;3;0
2019-05-22 22:42:59;334;175;95;21;8;6;6;4;3;3;0
2019-05-22 22:43:58;334;175;95;21;8;6;6;4;3;3;0
2019-05-22 22:44:59;334;175;95;21;8;6;6;4;3;3;0
2019-05-22 22:45:58;334;175;95;21;8;6;6;4;3;3;0
2019-05-22 22:46:59;333;175;94;21;8;6;6;4;3;3;0
2019-05-22 22:47:59;333;175;94;21;8;6;6;4;3;3;0
2019-05-22 22:48:58;333;175;94;21;8;6;6;4;3;3;0
2019-05-22 22:49:59;333;175;94;21;8;6;6;4;3;3;0
2019-05-22 22:50:59;333;175;94;21;8;6;6;4;3;3;0
2019-05-22 22:52:00;333;175;94;21;8;6;6;4;3;3;0
2019-05-22 22:52:58;333;175;94;21;8;6;6;4;3;3;0
2019-05-22 22:53:59;333;175;94;21;8;6;6;4;3;3;0
2019-05-22 22:54:58;333;175;94;21;8;6;6;4;3;3;0
2019-05-22 22:55:59;333;175;94;21;8;6;6;4;3;3;0
2019-05-22 22:56:59;333;175;94;21;8;6;6;4;3;3;0
2019-05-22 22:57:58;333;175;94;21;8;6;6;4;3;3;0
2019-05-22 22:58:59;333;175;94;21;8;6;6;4;3;3;0
2019-05-22 22:59:58;333;175;94;21;8;6;6;4;3;3;0
2019-05-22 23:00:59;333;175;94;21;8;6;6;4;3;3;0
2019-05-22 23:01:59;333;175;94;21;8;6;6;4;3;3;0
2019-05-22 23:02:58;333;176;93;21;8;6;6;4;3;3;0
2019-05-22 23:03:59;333;176;93;21;8;6;6;4;3;3;0
2019-05-22 23:04:59;333;176;93;21;8;6;6;4;3;3;0
2019-05-22 23:05:58;333;176;93;21;8;6;6;4;3;3;0
2019-05-22 23:06:59;333;176;93;21;8;6;6;4;3;3;0
2019-05-22 23:07:59;333;176;93;21;8;6;6;4;3;3;0
2019-05-22 23:08:58;333;176;93;21;8;6;6;4;3;3;0
2019-05-22 23:09:59;334;176;94;21;8;6;6;4;3;3;0
2019-05-22 23:10:59;334;176;94;21;8;6;6;4;3;3;0
2019-05-22 23:11:58;334;176;94;21;8;6;6;4;3;3;0
2019-05-22 23:12:59;334;176;94;21;8;6;6;4;3;3;0
2019-05-22 23:13:59;335;176;95;21;8;6;6;4;3;3;0
2019-05-22 23:14:58;335;176;95;21;8;6;6;4;3;3;0
2019-05-22 23:15:59;336;176;95;21;9;6;6;4;3;3;0
2019-05-22 23:16:59;337;177;95;21;9;6;6;4;3;3;0
2019-05-22 23:17:58;337;177;95;21;9;6;6;4;3;3;0
2019-05-22 23:18:59;337;177;95;21;9;6;6;4;3;3;0
2019-05-22 23:19:58;337;177;95;21;9;6;6;4;3;3;0
2019-05-22 23:20:59;336;177;94;21;9;6;6;4;3;3;0
2019-05-22 23:21:59;336;177;94;21;9;6;6;4;3;3;0
2019-05-22 23:22:58;336;177;94;21;9;6;6;4;3;3;0
2019-05-22 23:23:59;337;177;94;21;9;7;6;4;3;3;0
2019-05-22 23:24:59;337;177;94;21;9;7;6;4;3;3;0
2019-05-22 23:25:58;337;177;94;21;9;7;6;4;3;3;0
2019-05-22 23:26:59;337;177;94;21;9;7;6;4;3;3;0
2019-05-22 23:27:58;337;177;94;21;9;7;6;4;3;3;0
2019-05-22 23:28:59;337;177;94;21;9;7;6;4;3;3;0
2019-05-22 23:29:59;337;177;94;21;9;7;6;4;3;3;0
2019-05-22 23:30:58;338;177;95;21;9;7;6;4;3;3;0
2019-05-22 23:31:59;338;177;95;21;9;7;6;4;3;3;0
2019-05-22 23:32:58;338;177;95;21;9;7;6;4;3;3;0
2019-05-22 23:33:59;338;177;95;21;9;7;6;4;3;3;0
2019-05-22 23:34:59;338;177;95;21;9;7;6;4;3;3;0
2019-05-22 23:35:58;338;177;95;21;9;7;6;4;3;3;0
2019-05-22 23:36:59;338;177;95;21;9;7;6;4;3;3;0
2019-05-22 23:37:59;338;177;95;21;9;7;6;4;3;3;0
2019-05-22 23:38:58;339;178;95;21;9;7;6;4;3;3;0
2019-05-22 23:39:59;339;178;95;21;9;7;6;4;3;3;0
2019-05-22 23:40:59;340;178;95;22;9;7;6;4;3;3;0
2019-05-22 23:41:58;340;178;95;22;9;7;6;4;3;3;0
2019-05-22 23:42:59;341;178;95;22;9;7;6;4;3;3;2
2019-05-22 23:43:59;341;178;95;22;9;7;6;4;3;3;2
2019-05-22 23:44:58;341;178;95;22;9;7;6;4;3;3;2
2019-05-22 23:45:59;342;178;96;22;9;7;6;4;3;3;2
2019-05-22 23:46:59;342;178;96;22;9;7;6;4;3;3;2
2019-05-22 23:47:58;342;178;96;22;9;7;6;4;3;3;2
2019-05-22 23:48:59;342;178;96;22;9;7;6;4;3;3;2
2019-05-22 23:49:59;342;178;96;22;9;7;6;4;3;3;2
2019-05-22 23:50:58;342;178;96;22;9;7;6;4;3;3;2
2019-05-22 23:51:59;342;178;96;22;9;7;6;4;3;3;2
2019-05-22 23:52:59;343;178;97;22;9;7;6;4;3;3;2
2019-05-22 23:53:58;343;178;97;22;9;7;6;4;3;3;2
2019-05-22 23:54:59;343;178;97;22;9;7;6;4;3;3;2
2019-05-22 23:55:59;344;178;98;22;9;7;6;4;3;3;2
2019-05-22 23:57:00;345;179;98;22;9;7;6;4;3;3;2
2019-05-22 23:57:58;345;179;98;22;9;7;6;4;3;3;2
2019-05-22 23:58:59;345;179;98;22;9;7;6;4;3;3;2
2019-05-22 23:59:59;345;179;98;22;9;7;6;4;3;3;2
