datetime;total_votes;pavelomg;lublu-zubi;navalny;NoEndOutcry;XASSA;DrumBox;kotophalk;bf6;Cynicium;DoveKill
2019-09-18 00:00:59;0;1;0;0;0;0;0;0;0;0;0
2019-09-18 00:01:59;0;1;0;0;0;0;0;0;0;0;0
2019-09-18 00:02:59;0;1;0;0;0;0;0;0;0;0;0
2019-09-18 00:03:59;2;1;0;0;0;0;0;0;0;1;0
2019-09-18 00:04:58;2;1;0;0;0;0;0;0;0;1;0
2019-09-18 00:05:59;2;1;0;0;0;0;0;0;0;1;0
2019-09-18 00:06:58;2;1;0;0;0;0;0;0;0;1;0
2019-09-18 00:07:59;4;1;0;1;0;0;0;0;0;1;0
2019-09-18 00:08:59;4;1;0;1;0;0;0;0;0;1;0
2019-09-18 00:09:58;4;1;0;1;0;0;0;0;0;1;0
2019-09-18 00:10:59;4;1;0;1;0;0;0;0;0;1;0
2019-09-18 00:11:59;5;1;0;2;0;0;0;0;0;1;0
2019-09-18 00:12:58;5;1;0;2;0;0;0;0;0;1;0
2019-09-18 00:13:59;7;1;0;3;0;0;0;0;0;1;0
2019-09-18 00:14:59;8;1;0;3;0;0;0;0;0;1;0
2019-09-18 00:15:59;9;1;0;4;0;0;0;0;0;1;0
2019-09-18 00:16:58;9;1;0;4;0;0;0;0;0;1;0
2019-09-18 00:17:59;9;1;0;4;0;0;0;0;0;1;0
2019-09-18 00:18:59;9;1;0;4;0;0;0;0;0;1;0
2019-09-18 00:19:59;10;2;0;4;0;0;0;0;0;1;0
2019-09-18 00:20:58;10;2;0;4;0;0;0;0;0;1;0
2019-09-18 00:21:59;10;2;0;4;0;0;0;0;0;1;0
2019-09-18 00:22:59;10;2;0;4;0;0;0;0;0;1;0
2019-09-18 00:23:58;10;2;0;4;0;0;0;0;0;1;0
2019-09-18 00:24:59;10;2;0;4;0;0;0;0;0;1;0
2019-09-18 00:25:59;10;2;0;4;0;0;0;0;0;1;0
2019-09-18 00:26:59;11;2;0;4;0;0;1;0;0;1;0
2019-09-18 00:27:58;12;2;0;4;1;0;1;0;0;1;0
2019-09-18 00:28:59;12;2;0;4;1;0;1;0;0;1;0
2019-09-18 00:29:59;14;3;0;4;1;0;1;1;0;1;0
2019-09-18 00:30:58;14;3;0;4;1;0;1;1;0;1;0
2019-09-18 00:31:59;14;3;0;4;1;0;1;1;0;1;0
2019-09-18 00:32:59;14;3;0;4;1;0;1;1;0;1;0
2019-09-18 00:33:59;14;3;0;4;1;0;1;1;0;1;0
2019-09-18 00:34:58;14;3;0;4;1;0;1;1;0;1;0
2019-09-18 00:35:59;14;3;0;4;1;0;1;1;0;1;0
2019-09-18 00:36:59;14;3;0;4;1;0;1;1;0;1;0
2019-09-18 00:37:59;14;3;0;4;1;0;1;1;0;1;0
2019-09-18 00:38:58;14;3;0;4;1;0;1;1;0;1;0
2019-09-18 00:39:59;14;3;0;4;1;0;1;1;0;1;0
2019-09-18 00:40:59;14;3;0;4;1;0;1;1;0;1;0
2019-09-18 00:41:58;14;3;0;4;1;0;1;1;0;1;0
2019-09-18 00:42:59;16;3;1;4;2;0;1;1;0;1;0
2019-09-18 00:43:59;16;3;1;4;2;0;1;1;0;1;0
2019-09-18 00:44:59;16;3;1;4;2;0;1;1;0;1;0
2019-09-18 00:45:58;16;3;1;4;2;0;1;1;0;1;0
2019-09-18 00:46:59;16;3;1;4;2;0;1;1;0;1;0
2019-09-18 00:47:59;16;3;1;4;2;0;1;1;0;1;0
2019-09-18 00:48:59;16;3;1;4;2;0;1;1;0;1;0
2019-09-18 00:49:58;17;3;2;4;2;0;1;1;0;1;0
2019-09-18 00:50:59;17;3;2;4;2;0;1;1;0;1;0
2019-09-18 00:51:59;17;3;2;4;2;0;1;1;0;1;0
2019-09-18 00:52:58;17;3;2;4;2;0;1;1;0;1;0
2019-09-18 00:53:59;17;3;2;4;2;0;1;1;0;1;0
2019-09-18 00:54:59;17;3;2;4;2;0;1;1;0;1;0
2019-09-18 00:55:59;17;3;2;4;2;0;1;1;0;1;0
2019-09-18 00:56:58;18;3;2;4;2;0;1;1;0;2;0
2019-09-18 00:57:59;18;3;2;4;2;0;1;1;0;2;0
2019-09-18 00:58:59;18;3;2;4;2;0;1;1;0;2;0
2019-09-18 00:59:59;18;3;2;4;2;0;1;1;0;2;0
2019-09-18 01:00:58;18;3;2;4;2;0;1;1;0;2;0
2019-09-18 01:01:59;18;3;2;4;2;0;1;1;0;2;0
2019-09-18 01:02:59;18;3;2;4;2;0;1;1;0;2;0
2019-09-18 01:03:58;18;3;2;4;2;0;1;1;0;2;0
2019-09-18 01:04:59;18;3;2;4;2;0;1;1;0;2;0
2019-09-18 01:05:59;18;3;2;4;2;0;1;1;0;2;0
2019-09-18 01:06:59;18;3;2;4;2;0;1;1;0;2;0
2019-09-18 01:07:58;18;3;2;4;2;0;1;1;0;2;0
2019-09-18 01:08:59;19;3;2;4;2;1;1;1;0;2;0
2019-09-18 01:09:59;19;3;2;4;2;1;1;1;0;2;0
2019-09-18 01:10:59;19;3;2;4;2;1;1;1;0;2;0
2019-09-18 01:11:58;20;3;3;4;2;1;1;1;0;2;0
2019-09-18 01:12:59;20;3;3;4;2;1;1;1;0;2;0
2019-09-18 01:13:59;20;3;3;4;2;1;1;1;0;2;0
2019-09-18 01:14:58;20;3;3;4;2;1;1;1;0;2;0
2019-09-18 01:15:59;20;3;3;4;2;1;1;1;0;2;0
2019-09-18 01:16:59;21;3;3;4;2;1;1;1;0;2;0
2019-09-18 01:17:59;21;3;3;4;2;1;1;1;0;2;0
2019-09-18 01:18:58;21;3;3;4;2;1;1;1;0;2;0
2019-09-18 01:19:59;22;3;3;5;2;1;1;1;0;2;0
2019-09-18 01:20:59;22;3;3;5;2;1;1;1;0;2;0
2019-09-18 01:21:59;22;3;2;5;2;1;2;1;0;2;0
2019-09-18 01:22:58;22;3;2;5;2;1;2;1;0;2;0
2019-09-18 01:23:59;22;3;2;5;2;1;2;1;0;2;0
2019-09-18 01:24:59;22;3;2;5;2;1;2;1;0;2;0
2019-09-18 01:25:58;22;3;2;5;2;1;2;1;0;2;0
2019-09-18 01:26:59;22;3;2;5;2;1;2;1;0;2;0
2019-09-18 01:27:59;22;3;2;5;2;1;2;1;0;2;0
2019-09-18 01:28:59;22;3;2;5;2;1;2;1;0;2;0
2019-09-18 01:29:58;22;3;2;5;2;1;2;1;0;2;0
2019-09-18 01:30:59;22;3;2;5;2;1;2;1;0;2;0
2019-09-18 01:31:59;22;3;2;5;2;1;2;1;0;2;0
2019-09-18 01:32:58;22;3;2;5;2;1;2;1;0;2;0
2019-09-18 01:33:59;22;3;2;5;2;1;2;1;0;2;0
2019-09-18 01:34:59;22;3;2;5;2;1;2;1;0;2;0
2019-09-18 01:35:59;22;3;2;5;2;1;2;1;0;2;0
2019-09-18 01:36:58;22;3;2;5;2;1;2;1;0;2;0
2019-09-18 01:37:59;22;3;2;5;2;1;2;1;0;2;0
2019-09-18 01:38:59;22;3;2;5;2;1;2;1;0;2;0
2019-09-18 01:39:58;24;4;2;6;2;1;2;1;0;2;0
2019-09-18 01:40:59;24;4;2;6;2;1;2;1;0;2;0
2019-09-18 01:41:59;24;4;2;6;2;1;2;1;0;2;0
2019-09-18 01:42:59;25;5;2;6;2;1;2;1;0;2;0
2019-09-18 01:43:58;25;5;2;6;2;1;2;1;0;2;0
2019-09-18 01:44:59;25;5;2;6;2;1;2;1;0;2;0
2019-09-18 01:45:59;26;5;2;6;2;2;2;1;0;2;0
2019-09-18 01:46:59;26;5;2;6;2;2;2;1;0;2;0
2019-09-18 01:47:58;26;5;2;6;2;2;2;1;0;2;0
2019-09-18 01:48:59;26;5;2;6;2;2;2;1;0;2;0
2019-09-18 01:49:59;26;5;2;6;2;2;2;1;0;2;0
2019-09-18 01:50:59;26;5;2;6;2;2;2;1;0;2;0
2019-09-18 01:51:59;26;5;2;6;2;2;2;1;0;2;0
2019-09-18 01:52:58;26;5;2;6;2;2;2;1;0;2;0
2019-09-18 01:53:59;26;5;2;6;2;2;2;1;0;2;0
2019-09-18 01:54:59;26;5;2;6;2;2;2;1;0;2;0
2019-09-18 01:55:58;26;5;2;6;2;2;2;1;0;2;0
2019-09-18 01:56:59;26;5;2;6;2;2;2;1;0;2;0
2019-09-18 01:57:59;26;5;2;6;2;2;2;1;0;2;0
2019-09-18 01:58:58;26;5;2;6;2;2;2;1;0;2;0
2019-09-18 01:59:59;26;5;2;6;2;2;2;1;0;2;0
2019-09-18 02:00:59;26;5;2;6;2;2;2;1;0;2;0
2019-09-18 02:01:58;26;5;2;6;2;2;2;1;0;2;0
2019-09-18 02:02:59;26;5;2;6;2;2;2;1;0;2;0
2019-09-18 02:03:59;26;5;2;6;2;2;2;1;0;2;0
2019-09-18 02:04:59;26;5;2;6;2;2;2;1;0;2;0
2019-09-18 02:05:58;26;5;2;6;2;2;2;1;0;2;0
2019-09-18 02:06:59;26;5;2;6;2;2;2;1;0;2;0
2019-09-18 02:07:59;26;5;2;6;2;2;2;1;0;2;0
2019-09-18 02:08:59;26;5;2;6;2;2;2;1;0;2;0
2019-09-18 02:09:58;26;5;2;6;2;2;2;1;0;2;0
2019-09-18 02:10:59;26;5;2;6;2;2;2;1;0;2;0
2019-09-18 02:11:59;26;5;2;6;2;2;2;1;0;2;0
2019-09-18 02:12:58;26;5;2;6;2;2;2;1;0;2;0
2019-09-18 02:13:59;26;5;2;6;2;2;2;1;0;2;0
2019-09-18 02:14:59;26;5;2;6;2;2;2;1;0;2;0
2019-09-18 02:15:59;27;5;2;6;3;2;2;1;0;2;0
2019-09-18 02:16:58;28;6;2;6;3;2;2;1;0;2;0
2019-09-18 02:17:59;28;6;2;6;3;2;2;1;0;2;0
2019-09-18 02:18:59;28;6;2;6;3;2;2;1;0;2;0
2019-09-18 02:19:58;28;6;2;6;3;2;2;1;0;2;0
2019-09-18 02:20:59;28;6;2;6;3;2;2;1;0;2;0
2019-09-18 02:21:59;28;6;2;6;3;2;2;1;0;2;0
2019-09-18 02:22:59;28;6;2;6;3;2;2;1;0;2;0
2019-09-18 02:23:58;28;6;2;6;3;2;2;1;0;2;0
2019-09-18 02:24:59;28;6;2;6;3;2;2;1;0;2;0
2019-09-18 02:25:59;28;6;2;6;3;2;2;1;0;2;0
2019-09-18 02:26:59;28;6;2;6;3;2;2;1;0;2;0
2019-09-18 02:27:58;28;6;2;6;3;2;2;1;0;2;0
2019-09-18 02:28:59;28;6;2;6;3;2;2;1;0;2;0
2019-09-18 02:29:59;28;6;2;6;3;2;2;1;0;2;0
2019-09-18 02:30:58;28;6;2;6;3;2;2;1;0;2;0
2019-09-18 02:31:59;28;6;2;6;3;2;2;1;0;2;0
2019-09-18 02:32:59;28;6;2;6;3;2;2;1;0;2;0
2019-09-18 02:33:59;28;6;2;6;3;2;2;1;0;2;0
2019-09-18 02:34:58;28;6;2;6;3;2;2;1;0;2;0
2019-09-18 02:35:59;28;6;2;6;3;2;2;1;0;2;0
2019-09-18 02:36:59;28;6;2;6;3;2;2;1;0;2;0
2019-09-18 02:37:58;28;6;2;6;3;2;2;1;0;2;0
2019-09-18 02:38:59;28;6;2;6;3;2;2;1;0;2;0
2019-09-18 02:39:59;28;6;2;6;3;2;2;1;0;2;0
2019-09-18 02:40:59;28;6;2;6;3;2;2;1;0;2;0
2019-09-18 02:41:58;28;6;2;6;3;2;2;1;0;2;0
2019-09-18 02:42:59;28;6;2;6;3;2;2;1;0;2;0
2019-09-18 02:43:59;28;6;2;6;3;2;2;1;0;2;0
2019-09-18 02:45:00;28;6;2;6;3;2;2;1;0;2;0
2019-09-18 02:45:58;28;6;2;6;3;2;2;1;0;2;0
2019-09-18 02:46:59;28;6;2;6;3;2;2;1;0;2;0
2019-09-18 02:47:59;28;6;2;6;3;2;2;1;0;2;0
2019-09-18 02:48:58;28;6;2;6;3;2;2;1;0;2;0
2019-09-18 02:49:59;28;6;2;6;3;2;2;1;0;2;0
2019-09-18 02:50:59;28;6;2;6;3;2;2;1;0;2;0
2019-09-18 02:51:59;28;6;2;6;3;2;2;1;0;2;0
2019-09-18 02:52:58;28;6;2;6;3;2;2;1;0;2;0
2019-09-18 02:53:59;28;6;2;6;3;2;2;1;0;2;0
2019-09-18 02:54:59;29;6;3;6;3;2;2;1;0;2;0
2019-09-18 02:55:58;29;6;3;6;3;2;2;1;0;2;0
2019-09-18 02:56:59;29;6;3;6;3;2;2;1;0;2;0
2019-09-18 02:57:59;29;6;3;6;3;2;2;1;0;2;0
2019-09-18 02:58:59;29;6;3;6;3;2;2;1;0;2;0
2019-09-18 02:59:58;29;6;3;6;3;2;2;1;0;2;0
2019-09-18 03:00:59;29;6;3;6;3;2;2;1;0;2;0
2019-09-18 03:01:59;29;6;3;6;3;2;2;1;0;2;0
2019-09-18 03:02:59;29;6;3;6;3;2;2;1;0;2;0
2019-09-18 03:03:58;29;6;3;6;3;2;2;1;0;2;0
2019-09-18 03:04:59;29;6;3;6;3;2;2;1;0;2;0
2019-09-18 03:05:59;29;6;3;6;3;2;2;1;0;2;0
2019-09-18 03:06:58;29;6;3;6;3;2;2;1;0;2;0
2019-09-18 03:07:59;29;6;3;6;3;2;2;1;0;2;0
2019-09-18 03:08:59;30;7;3;6;3;2;2;1;0;2;0
2019-09-18 03:09:59;30;7;3;6;3;2;2;1;0;2;0
2019-09-18 03:10:58;30;7;3;6;3;2;2;1;0;2;0
2019-09-18 03:11:59;30;7;3;6;3;2;2;1;0;2;0
2019-09-18 03:12:59;30;7;3;6;3;2;2;1;0;2;0
2019-09-18 03:13:59;30;7;3;6;3;2;2;1;0;2;0
2019-09-18 03:14:58;30;7;3;6;3;2;2;1;0;2;0
2019-09-18 03:15:59;30;7;3;6;3;2;2;1;0;2;0
2019-09-18 03:16:59;30;7;3;6;3;2;2;1;0;2;0
2019-09-18 03:17:58;30;7;3;6;3;2;2;1;0;2;0
2019-09-18 03:18:59;30;8;3;6;3;2;2;1;0;2;0
2019-09-18 03:19:59;30;8;3;6;3;2;2;1;0;2;0
2019-09-18 03:21:00;30;8;3;6;3;2;2;1;0;2;0
2019-09-18 03:21:58;30;8;3;6;3;2;2;1;0;2;0
2019-09-18 03:22:59;30;8;3;6;3;2;2;1;0;2;0
2019-09-18 03:23:59;30;8;3;6;3;2;2;1;0;2;0
2019-09-18 03:24:58;30;8;3;6;3;2;2;1;0;2;0
2019-09-18 03:25:59;30;8;3;6;3;2;2;1;0;2;0
2019-09-18 03:26:59;30;8;3;6;3;2;2;1;0;2;0
2019-09-18 03:27:59;30;8;3;6;3;2;2;1;0;2;0
2019-09-18 03:29:00;30;8;3;6;3;2;2;1;0;2;0
2019-09-18 03:29:58;30;8;3;6;3;2;2;1;0;2;0
2019-09-18 03:30:59;30;8;3;6;3;2;2;1;0;2;0
2019-09-18 03:31:59;30;8;3;6;3;2;2;1;0;2;0
2019-09-18 03:32:58;30;8;3;6;3;2;2;1;0;2;0
2019-09-18 03:33:59;30;8;3;6;3;2;2;1;0;2;0
2019-09-18 03:34:59;30;8;3;6;3;2;2;1;0;2;0
2019-09-18 03:35:59;30;8;3;6;3;2;2;1;0;2;0
2019-09-18 03:36:58;30;8;3;6;3;2;2;1;0;2;0
2019-09-18 03:37:59;30;8;3;6;3;2;2;1;0;2;0
2019-09-18 03:38:59;30;8;3;6;3;2;2;1;0;2;0
2019-09-18 03:39:58;30;8;3;6;3;2;2;1;0;2;0
2019-09-18 03:40:59;30;8;3;6;3;2;2;1;0;2;0
2019-09-18 03:41:59;30;8;3;6;3;2;2;1;0;2;0
2019-09-18 03:42:59;30;8;3;6;3;2;2;1;0;2;0
2019-09-18 03:43:58;30;8;3;6;3;2;2;1;0;2;0
2019-09-18 03:44:59;30;8;3;6;3;2;2;1;0;2;0
2019-09-18 03:45:59;30;8;3;6;3;2;2;1;0;2;0
2019-09-18 03:46:58;30;8;3;6;3;2;2;1;0;2;0
2019-09-18 03:47:59;30;8;3;6;3;2;2;1;0;2;0
2019-09-18 03:48:59;30;8;3;6;3;2;2;1;0;2;0
2019-09-18 03:49:58;30;8;3;6;3;2;2;1;0;2;0
2019-09-18 03:50:59;30;8;3;6;3;2;2;1;0;2;0
2019-09-18 03:51:59;30;8;3;6;3;2;2;1;0;2;0
2019-09-18 03:52:59;30;8;3;6;3;2;2;1;0;2;0
2019-09-18 03:53:58;30;8;3;6;3;2;2;1;0;2;0
2019-09-18 03:54:59;30;8;3;6;3;2;2;1;0;2;0
2019-09-18 03:55:59;30;8;3;6;3;2;2;1;0;2;0
2019-09-18 03:56:58;30;8;3;6;3;2;2;1;0;2;0
2019-09-18 03:57:59;30;8;3;6;3;2;2;1;0;2;0
2019-09-18 03:58:59;30;8;3;6;3;2;2;1;0;2;0
2019-09-18 03:59:58;30;8;3;6;3;2;2;1;0;2;0
2019-09-18 04:00:59;30;8;3;6;3;2;2;1;0;2;0
2019-09-18 04:01:59;31;8;4;6;3;2;2;1;0;2;0
2019-09-18 04:02:58;31;8;4;6;3;2;2;1;0;2;0
2019-09-18 04:03:59;31;8;4;6;3;2;2;1;0;2;0
2019-09-18 04:04:59;31;8;4;6;3;2;2;1;0;2;0
2019-09-18 04:05:59;31;8;4;6;3;2;2;1;0;2;0
2019-09-18 04:06:58;31;8;4;6;3;2;2;1;0;2;0
2019-09-18 04:07:59;31;8;4;6;3;2;2;1;0;2;0
2019-09-18 04:08:59;31;8;4;6;3;2;2;1;0;2;0
2019-09-18 04:09:59;31;8;4;6;3;2;2;1;0;2;0
2019-09-18 04:10:58;31;8;4;6;3;2;2;1;0;2;0
2019-09-18 04:11:59;31;8;4;6;3;2;2;1;0;2;0
2019-09-18 04:12:59;31;8;4;6;3;2;2;1;0;2;0
2019-09-18 04:13:58;31;8;4;6;3;2;2;1;0;2;0
2019-09-18 04:14:59;32;8;4;7;3;2;2;1;0;2;0
2019-09-18 04:15:59;32;8;4;7;3;2;2;1;0;2;0
2019-09-18 04:16:59;32;8;4;7;3;2;2;1;0;2;0
2019-09-18 04:17:58;32;8;4;7;3;2;2;1;0;2;0
2019-09-18 04:18:59;33;9;4;7;3;2;2;1;0;2;0
2019-09-18 04:19:59;33;9;4;7;3;2;2;1;0;2;0
2019-09-18 04:20:58;33;9;4;7;3;2;2;1;0;2;0
2019-09-18 04:21:59;33;9;4;7;3;2;2;1;0;2;0
2019-09-18 04:22:59;33;9;4;7;3;2;2;1;0;2;0
2019-09-18 04:23:59;33;9;4;7;3;2;2;1;0;2;0
2019-09-18 04:24:58;33;9;4;7;3;2;2;1;0;2;0
2019-09-18 04:25:59;34;9;5;7;3;2;2;1;0;2;0
2019-09-18 04:26:59;34;9;5;7;3;2;2;1;0;2;0
2019-09-18 04:27:58;34;9;5;7;3;2;2;1;0;2;0
2019-09-18 04:28:59;35;9;6;7;3;2;2;1;0;2;0
2019-09-18 04:29:58;35;9;6;7;3;2;2;1;0;2;0
2019-09-18 04:30:59;35;9;6;7;3;2;2;1;0;2;0
2019-09-18 04:31:59;35;9;6;7;3;2;2;1;0;2;0
2019-09-18 04:32:59;35;9;6;7;3;2;2;1;0;2;0
2019-09-18 04:33:58;35;9;6;7;3;2;2;1;0;2;0
2019-09-18 04:34:59;35;9;6;7;3;2;2;1;0;2;0
2019-09-18 04:35:59;35;9;6;7;3;2;2;1;0;2;0
2019-09-18 04:36:59;35;9;6;7;3;2;2;1;0;2;0
2019-09-18 04:37:58;35;9;6;7;3;2;2;1;0;2;0
2019-09-18 04:38:59;35;9;6;7;3;2;2;1;0;2;0
2019-09-18 04:39:59;35;9;6;7;3;2;2;1;0;2;0
2019-09-18 04:40:59;35;9;6;7;3;2;2;1;0;2;0
2019-09-18 04:41:58;35;9;6;7;3;2;2;1;0;2;0
2019-09-18 04:42:59;35;9;6;7;3;2;2;1;0;2;0
2019-09-18 04:43:59;35;9;6;7;3;2;2;1;0;2;0
2019-09-18 04:44:58;35;9;6;7;3;2;2;1;0;2;0
2019-09-18 04:45:59;35;9;6;7;3;2;2;1;0;2;0
2019-09-18 04:46:59;35;9;6;7;3;2;2;1;0;2;0
2019-09-18 04:47:59;35;9;6;7;3;2;2;1;0;2;0
2019-09-18 04:48:58;35;9;6;7;3;2;2;1;0;2;0
2019-09-18 04:49:59;35;9;6;7;3;2;2;1;0;2;0
2019-09-18 04:50:59;35;9;6;7;3;2;2;1;0;2;0
2019-09-18 04:51:59;36;10;6;7;3;2;2;1;0;2;0
2019-09-18 04:52:58;36;10;6;7;3;2;2;1;0;2;0
2019-09-18 04:53:59;36;10;6;7;3;2;2;1;0;2;0
2019-09-18 04:54:59;36;10;6;7;3;2;2;1;0;2;0
2019-09-18 04:55:58;36;10;6;7;3;2;2;1;0;2;0
2019-09-18 04:56:59;36;10;6;7;3;2;2;1;0;2;0
2019-09-18 04:57:59;36;10;6;7;3;2;2;1;0;2;0
2019-09-18 04:58:59;37;10;7;7;3;2;2;1;0;2;0
2019-09-18 04:59:58;37;10;7;7;3;2;2;1;0;2;0
2019-09-18 05:00:59;38;10;7;7;4;2;2;1;0;2;0
2019-09-18 05:01:59;38;10;7;7;4;2;2;1;0;2;0
2019-09-18 05:02:58;38;10;7;7;4;2;2;1;0;2;0
2019-09-18 05:03:59;38;10;7;7;4;2;2;1;0;2;0
2019-09-18 05:04:59;38;10;7;7;4;2;2;1;0;2;0
2019-09-18 05:05:58;38;10;7;7;4;2;2;1;0;2;0
2019-09-18 05:06:59;38;10;7;7;4;2;2;1;0;2;0
2019-09-18 05:07:59;38;10;7;7;4;2;2;1;0;2;0
2019-09-18 05:08:59;38;10;7;7;4;2;2;1;0;2;0
2019-09-18 05:09:58;38;10;7;7;4;2;2;1;0;2;0
2019-09-18 05:10:59;38;10;7;7;4;2;2;1;0;2;0
2019-09-18 05:11:59;38;10;7;7;4;2;2;1;0;2;0
2019-09-18 05:12:58;38;10;7;7;4;2;2;1;0;2;0
2019-09-18 05:13:59;38;10;7;7;4;2;2;1;0;2;0
2019-09-18 05:14:59;38;10;7;7;4;2;2;1;0;2;0
2019-09-18 05:15:59;38;10;7;7;4;2;2;1;0;2;0
2019-09-18 05:16:58;38;10;7;7;4;2;2;1;0;2;0
2019-09-18 05:17:59;38;10;7;7;4;2;2;1;0;2;0
2019-09-18 05:18:59;38;10;7;7;4;2;2;1;0;2;0
2019-09-18 05:19:58;38;10;7;7;4;2;2;1;0;2;0
2019-09-18 05:20:59;38;10;7;7;4;2;2;1;0;2;0
2019-09-18 05:21:58;38;10;7;7;4;2;2;1;0;2;0
2019-09-18 05:22:59;38;10;7;7;4;2;2;1;0;2;0
2019-09-18 05:23:59;38;10;7;7;4;2;2;1;0;2;0
2019-09-18 05:24:58;38;10;7;7;4;2;2;1;0;2;0
2019-09-18 05:25:59;38;10;7;7;4;2;2;1;0;2;0
2019-09-18 05:26:59;39;10;7;7;4;2;3;1;0;2;0
2019-09-18 05:27:59;39;10;7;7;4;2;3;1;0;2;0
2019-09-18 05:28:58;41;11;7;7;4;2;3;1;0;2;0
2019-09-18 05:29:59;41;11;7;7;4;2;3;1;0;2;0
2019-09-18 05:30:59;42;12;7;7;4;2;3;1;0;2;0
2019-09-18 05:31:58;42;12;7;7;4;2;3;1;0;2;0
2019-09-18 05:32:59;42;12;7;7;4;2;3;1;0;2;0
2019-09-18 05:33:59;43;12;7;7;4;2;4;1;0;2;0
2019-09-18 05:34:59;43;12;7;7;4;2;4;1;0;2;0
2019-09-18 05:35:58;43;12;7;7;4;2;4;1;0;2;0
2019-09-18 05:36:59;43;12;7;7;4;2;4;1;0;2;0
2019-09-18 05:37:59;43;12;7;7;4;2;4;1;0;2;0
2019-09-18 05:38:58;43;12;7;7;4;2;4;1;0;2;0
2019-09-18 05:39:59;43;12;7;7;4;2;4;1;0;2;0
2019-09-18 05:40:59;43;12;7;7;4;2;4;1;0;2;0
2019-09-18 05:41:59;43;12;7;7;4;2;4;1;0;2;0
2019-09-18 05:42:58;43;12;7;7;4;2;4;1;0;2;0
2019-09-18 05:43:59;43;12;7;7;4;2;4;1;0;2;0
2019-09-18 05:44:59;43;12;7;7;4;2;4;1;0;2;0
2019-09-18 05:45:59;43;12;7;7;4;2;4;1;0;2;0
2019-09-18 05:46:58;43;12;7;7;4;2;4;1;0;2;0
2019-09-18 05:47:59;43;12;7;7;4;2;4;1;0;2;0
2019-09-18 05:48:59;43;12;7;7;4;2;4;1;0;2;0
2019-09-18 05:49:58;43;12;7;7;4;2;4;1;0;2;0
2019-09-18 05:50:59;43;12;7;7;4;2;4;1;0;2;0
2019-09-18 05:51:59;43;12;7;7;4;2;4;1;0;2;0
2019-09-18 05:52:59;43;12;7;7;4;2;4;1;0;2;0
2019-09-18 05:53:58;43;12;7;7;4;2;4;1;0;2;0
2019-09-18 05:54:59;43;12;7;7;4;2;4;1;0;2;0
2019-09-18 05:55:59;43;12;7;7;4;2;4;1;0;2;0
2019-09-18 05:56:59;43;12;7;7;4;2;4;1;0;2;0
2019-09-18 05:57:58;43;12;7;7;4;2;4;1;0;2;0
2019-09-18 05:58:59;43;12;7;7;4;2;4;1;0;2;0
2019-09-18 05:59:58;43;12;7;7;4;2;4;1;0;2;0
2019-09-18 06:00:59;43;12;7;7;4;2;4;1;0;2;0
2019-09-18 06:01:59;44;12;7;8;4;2;4;1;0;2;0
2019-09-18 06:02:59;44;12;7;8;4;2;4;1;0;2;0
2019-09-18 06:03:58;45;13;7;8;4;2;4;1;0;2;0
2019-09-18 06:04:59;45;13;7;8;4;2;4;1;0;2;0
2019-09-18 06:05:59;45;13;7;8;4;2;4;1;0;2;0
2019-09-18 06:06:58;45;13;7;8;4;2;4;1;0;2;0
2019-09-18 06:07:59;45;13;7;8;4;2;4;1;0;2;0
2019-09-18 06:08:59;45;13;7;8;4;2;4;1;0;2;0
2019-09-18 06:09:59;45;13;7;8;4;2;4;1;0;2;0
2019-09-18 06:10:58;45;13;7;8;4;2;4;1;0;2;0
2019-09-18 06:11:59;45;13;7;8;4;2;4;1;0;2;0
2019-09-18 06:12:59;45;13;7;8;4;2;4;1;0;2;0
2019-09-18 06:13:59;45;13;7;8;4;2;4;1;0;2;0
2019-09-18 06:14:58;46;14;7;8;4;2;4;1;0;2;0
2019-09-18 06:15:59;46;14;7;8;4;2;4;1;0;2;0
2019-09-18 06:16:59;46;14;7;8;4;2;4;1;0;2;0
2019-09-18 06:17:58;46;14;7;8;4;2;4;1;0;2;0
2019-09-18 06:18:59;46;14;7;8;4;2;4;1;0;2;0
2019-09-18 06:19:59;46;14;7;8;4;2;4;1;0;2;0
2019-09-18 06:20:58;47;14;7;8;4;2;4;1;0;2;0
2019-09-18 06:21:59;47;14;7;8;4;2;4;1;0;2;0
2019-09-18 06:22:59;47;14;7;8;4;2;4;1;0;2;0
2019-09-18 06:23:58;47;14;7;8;4;2;4;1;0;2;0
2019-09-18 06:24:59;47;14;7;8;4;2;4;1;0;2;0
2019-09-18 06:26:00;47;14;7;8;4;2;4;1;0;2;0
2019-09-18 06:26:58;48;14;7;9;4;2;4;1;0;2;0
2019-09-18 06:27:59;48;14;7;9;4;2;4;1;0;2;0
2019-09-18 06:28:59;48;14;7;9;4;2;4;1;0;2;0
2019-09-18 06:29:58;48;14;7;9;4;2;4;1;0;2;0
2019-09-18 06:30:59;48;14;7;9;4;2;4;1;0;2;0
2019-09-18 06:31:59;48;14;7;9;4;2;4;1;0;2;0
2019-09-18 06:32:58;48;14;7;9;4;2;4;1;0;2;0
2019-09-18 06:33:59;48;15;7;9;4;2;4;0;0;2;0
2019-09-18 06:34:59;48;15;7;9;4;2;4;0;0;2;0
2019-09-18 06:35:58;48;15;7;9;4;2;4;0;0;2;0
2019-09-18 06:36:59;48;15;7;9;4;2;4;0;0;2;0
2019-09-18 06:37:58;48;15;7;9;4;2;4;0;0;2;0
2019-09-18 06:38:59;48;15;7;9;4;2;4;0;0;2;0
2019-09-18 06:39:59;48;15;7;9;4;2;4;0;0;2;0
2019-09-18 06:40:58;48;15;7;9;4;2;4;0;0;2;0
2019-09-18 06:41:59;48;15;7;9;4;2;4;0;0;2;0
2019-09-18 06:42:59;48;15;7;9;4;2;4;0;0;2;0
2019-09-18 06:43:59;48;15;7;9;4;2;4;0;0;2;0
2019-09-18 06:44:58;48;15;7;9;4;2;4;0;0;2;0
2019-09-18 06:45:59;48;15;7;9;4;2;4;0;0;2;0
2019-09-18 06:46:59;48;15;7;9;4;2;4;0;0;2;0
2019-09-18 06:47:59;49;16;7;9;4;2;4;0;0;2;0
2019-09-18 06:48:58;49;16;7;9;4;2;4;0;0;2;0
2019-09-18 06:49:59;49;16;7;9;4;2;4;0;0;2;0
2019-09-18 06:50:59;49;16;7;9;4;2;4;0;0;2;0
2019-09-18 06:51:59;50;17;7;9;4;2;4;0;0;2;0
2019-09-18 06:52:58;50;17;7;9;4;2;4;0;0;2;0
2019-09-18 06:53:59;50;17;7;9;4;2;4;0;0;2;0
2019-09-18 06:54:59;50;17;7;9;4;2;4;0;0;2;0
2019-09-18 06:55:58;50;17;7;9;4;2;4;0;0;2;0
2019-09-18 06:56:59;50;17;7;9;4;2;4;0;0;2;0
2019-09-18 06:57:59;50;17;7;9;4;2;4;0;0;2;0
2019-09-18 06:58:59;50;17;7;9;4;2;4;0;0;2;0
2019-09-18 06:59:58;50;17;7;9;4;2;4;0;0;2;0
2019-09-18 07:00:59;50;17;7;9;4;2;4;0;0;2;0
2019-09-18 07:01:59;50;17;7;9;4;2;4;0;0;2;0
2019-09-18 07:02:58;50;17;7;9;4;2;4;0;0;2;0
2019-09-18 07:03:59;50;17;7;9;4;2;4;0;0;2;0
2019-09-18 07:04:59;50;17;7;9;4;2;4;0;0;2;0
2019-09-18 07:05:59;50;17;7;9;4;2;4;0;0;2;0
2019-09-18 07:06:58;50;17;7;9;4;2;4;0;0;2;0
2019-09-18 07:07:59;50;17;7;9;4;2;4;0;0;2;0
2019-09-18 07:08:59;50;17;7;9;4;2;4;0;0;2;0
2019-09-18 07:09:59;51;18;7;9;4;2;4;0;0;2;0
2019-09-18 07:10:58;51;18;7;9;4;2;4;0;0;2;0
2019-09-18 07:11:59;51;18;7;9;4;2;4;0;0;2;0
2019-09-18 07:12:59;52;18;7;9;4;2;5;0;0;2;0
2019-09-18 07:13:58;53;19;7;9;4;2;5;0;0;2;0
2019-09-18 07:14:59;53;19;7;9;4;2;5;0;0;2;0
2019-09-18 07:15:59;53;19;7;9;4;2;5;0;0;2;0
2019-09-18 07:16:58;53;19;7;9;4;2;5;0;0;2;0
2019-09-18 07:17:59;53;19;7;9;4;2;5;0;0;2;0
2019-09-18 07:18:59;53;19;7;9;4;2;5;0;0;2;0
2019-09-18 07:19:59;53;19;7;9;4;2;5;0;0;2;0
2019-09-18 07:20:58;53;19;7;9;4;2;5;0;0;2;0
2019-09-18 07:21:59;53;19;7;9;4;2;5;0;0;2;0
2019-09-18 07:22:59;53;19;7;9;4;2;5;0;0;2;0
2019-09-18 07:23:59;53;19;7;9;4;2;5;0;0;2;0
2019-09-18 07:24:58;53;19;7;9;4;2;5;0;0;2;0
2019-09-18 07:25:59;53;19;7;9;4;2;5;0;0;2;0
2019-09-18 07:26:59;53;19;7;9;4;2;5;0;0;2;0
2019-09-18 07:27:58;53;19;7;9;4;2;5;0;0;2;0
2019-09-18 07:28:59;53;19;7;9;4;2;5;0;0;2;0
2019-09-18 07:29:59;53;19;7;9;4;2;5;0;0;2;0
2019-09-18 07:30:59;53;19;7;9;4;2;5;0;0;2;0
2019-09-18 07:31:58;53;19;7;9;4;2;5;0;0;2;0
2019-09-18 07:32:59;53;19;7;9;4;2;5;0;0;2;0
2019-09-18 07:33:59;53;19;7;9;4;2;5;0;0;2;0
2019-09-18 07:34:58;53;19;7;9;4;2;5;0;0;2;0
2019-09-18 07:35:59;53;19;7;9;4;2;5;0;0;2;0
2019-09-18 07:36:59;53;19;7;9;4;2;5;0;0;2;0
2019-09-18 07:37:58;53;19;7;9;4;2;5;0;0;2;0
2019-09-18 07:38:59;53;19;7;9;4;2;5;0;0;2;0
2019-09-18 07:39:59;53;19;7;9;4;2;5;0;0;2;0
2019-09-18 07:40:59;53;19;7;9;4;2;5;0;0;2;0
2019-09-18 07:41:58;54;20;7;9;4;2;5;0;0;2;0
2019-09-18 07:42:59;54;20;7;9;4;2;5;0;0;2;0
2019-09-18 07:43:59;54;20;7;9;4;2;5;0;0;2;0
2019-09-18 07:44:59;54;20;7;9;4;2;5;0;0;2;0
2019-09-18 07:45:58;54;20;7;9;4;2;5;0;0;2;0
2019-09-18 07:46:59;54;20;7;9;4;2;5;0;0;2;0
2019-09-18 07:47:59;54;20;7;9;4;2;5;0;0;2;0
2019-09-18 07:48:58;56;21;7;9;4;2;6;0;0;2;0
2019-09-18 07:49:59;58;23;7;9;4;2;6;0;0;2;0
2019-09-18 07:50:59;58;23;7;9;4;2;6;0;0;2;0
2019-09-18 07:51:59;58;23;7;9;4;2;6;0;0;2;0
2019-09-18 07:52:58;58;23;7;9;4;2;6;0;0;2;0
2019-09-18 07:53:59;58;23;7;9;4;2;6;0;0;2;0
2019-09-18 07:54:59;59;24;7;9;4;2;6;0;0;2;0
2019-09-18 07:55:58;59;24;7;9;4;2;6;0;0;2;0
2019-09-18 07:56:59;59;24;7;9;4;2;6;0;0;2;0
2019-09-18 07:57:59;59;24;7;9;4;2;6;0;0;2;0
2019-09-18 07:58:59;59;24;7;9;4;2;6;0;0;2;0
2019-09-18 07:59:58;59;24;7;9;4;2;6;0;0;2;0
2019-09-18 08:00:59;59;24;7;9;4;2;6;0;0;2;0
2019-09-18 08:01:59;59;24;7;9;4;2;6;0;0;2;0
2019-09-18 08:02:59;59;24;7;9;4;2;6;0;0;2;0
2019-09-18 08:03:58;60;24;7;9;4;2;7;0;0;2;0
2019-09-18 08:04:59;60;24;7;9;4;2;7;0;0;2;0
2019-09-18 08:05:59;60;24;7;9;4;2;7;0;0;2;0
2019-09-18 08:06:59;61;24;7;9;4;3;7;1;0;2;0
2019-09-18 08:07:58;61;24;7;9;4;3;7;1;0;2;0
2019-09-18 08:08:59;61;24;7;9;4;3;7;1;0;2;0
2019-09-18 08:09:59;61;24;7;9;4;3;7;1;0;2;0
2019-09-18 08:10:58;61;24;7;9;4;3;7;1;0;2;0
2019-09-18 08:11:59;61;24;7;9;4;3;7;1;0;2;0
2019-09-18 08:12:59;61;24;7;9;4;3;7;1;0;2;0
2019-09-18 08:13:58;61;24;7;9;4;3;7;1;0;2;0
2019-09-18 08:14:59;61;24;7;9;4;3;7;1;0;2;0
2019-09-18 08:15:59;61;24;7;9;4;3;7;1;0;2;0
2019-09-18 08:16:59;61;24;7;9;4;3;7;1;0;2;0
2019-09-18 08:17:58;61;24;7;9;4;3;7;1;0;2;0
2019-09-18 08:18:59;61;24;7;9;4;3;7;1;0;2;0
2019-09-18 08:19:59;61;24;7;9;4;3;7;1;0;2;0
2019-09-18 08:20:58;61;24;7;9;4;3;7;1;0;2;0
2019-09-18 08:21:59;61;24;7;9;4;3;7;1;0;2;0
2019-09-18 08:22:59;61;24;7;9;4;3;7;1;0;2;0
2019-09-18 08:23:59;61;24;7;9;4;3;7;1;0;2;0
2019-09-18 08:24:58;61;24;7;9;4;3;7;1;0;2;0
2019-09-18 08:25:59;61;24;7;9;4;3;7;1;0;2;0
2019-09-18 08:26:59;61;24;7;9;4;3;7;1;0;2;0
2019-09-18 08:27:59;61;24;7;9;4;3;7;1;0;2;0
2019-09-18 08:28:58;61;24;7;9;4;3;7;1;0;2;0
2019-09-18 08:29:59;61;24;7;9;4;3;7;1;0;2;0
2019-09-18 08:30:59;61;24;7;9;4;3;7;1;0;2;0
2019-09-18 08:31:58;61;24;7;9;4;3;7;1;0;2;0
2019-09-18 08:32:59;62;24;8;9;4;3;7;1;0;2;0
2019-09-18 08:33:59;62;24;8;9;4;3;7;1;0;2;0
2019-09-18 08:34:58;62;24;8;9;4;3;7;1;0;2;0
2019-09-18 08:35:59;62;24;8;9;4;3;7;1;0;2;0
2019-09-18 08:36:58;62;24;8;9;4;3;7;1;0;2;0
2019-09-18 08:37:59;62;24;8;9;4;3;7;1;0;2;0
2019-09-18 08:38:59;62;24;8;9;4;3;7;1;0;2;0
2019-09-18 08:39:59;63;25;8;9;4;3;7;1;0;2;0
2019-09-18 08:40:58;63;25;8;9;4;3;7;1;0;2;0
2019-09-18 08:41:59;63;25;8;9;4;3;7;1;0;2;0
2019-09-18 08:42:59;63;25;8;9;4;3;7;1;0;2;0
2019-09-18 08:43:58;63;25;8;9;4;3;7;1;0;2;0
2019-09-18 08:44:59;63;25;8;9;4;3;7;1;0;2;0
2019-09-18 08:45:59;63;25;8;9;4;3;7;1;0;2;0
2019-09-18 08:46:59;63;25;8;9;4;3;7;1;0;2;0
2019-09-18 08:47:58;64;25;9;9;4;3;7;1;0;2;0
2019-09-18 08:48:59;64;25;9;9;4;3;7;1;0;2;0
2019-09-18 08:49:59;64;25;9;9;4;3;7;1;0;2;0
2019-09-18 08:50:59;64;25;9;9;4;3;7;1;0;2;0
2019-09-18 08:51:58;64;25;9;9;4;3;7;1;0;2;0
2019-09-18 08:52:59;64;25;9;9;4;3;7;1;0;2;0
2019-09-18 08:53:59;64;25;9;9;4;3;7;1;0;2;0
2019-09-18 08:54:58;64;25;9;9;4;3;7;1;0;2;0
2019-09-18 08:55:59;64;25;9;9;4;3;7;1;0;2;0
2019-09-18 08:56:59;65;25;10;9;4;3;7;1;0;2;0
2019-09-18 08:57:59;65;25;10;9;4;3;7;1;0;2;0
2019-09-18 08:58:58;65;25;10;9;4;3;7;1;0;2;0
2019-09-18 08:59:59;65;25;10;9;4;3;7;1;0;2;0
2019-09-18 09:00:59;66;26;10;9;4;3;7;1;0;2;0
2019-09-18 09:01:58;66;26;10;9;4;3;7;1;0;2;0
2019-09-18 09:02:59;66;26;10;9;4;3;7;1;0;2;0
2019-09-18 09:03:59;66;26;10;9;4;3;7;1;0;2;0
2019-09-18 09:04:59;66;26;10;9;4;3;7;1;0;2;0
2019-09-18 09:05:58;66;26;10;9;4;3;7;1;0;2;0
2019-09-18 09:06:59;66;26;10;9;4;3;7;1;0;2;0
2019-09-18 09:07:59;66;26;10;9;4;3;7;1;0;2;0
2019-09-18 09:08:59;66;26;10;9;4;3;7;1;0;2;0
2019-09-18 09:09:58;66;26;10;9;4;3;7;1;0;2;0
2019-09-18 09:10:59;67;27;10;9;4;3;7;1;0;2;0
2019-09-18 09:11:59;67;27;10;9;4;3;7;1;0;2;0
2019-09-18 09:12:58;67;27;10;9;4;3;7;1;0;2;0
2019-09-18 09:13:59;67;27;10;9;4;3;7;1;0;2;0
2019-09-18 09:14:59;67;27;10;9;4;3;7;1;0;2;0
2019-09-18 09:15:59;67;27;10;9;4;3;7;1;0;2;0
2019-09-18 09:16:58;67;27;10;9;4;3;7;1;0;2;0
2019-09-18 09:17:59;67;27;10;9;4;3;7;1;0;2;0
2019-09-18 09:18:59;67;27;10;9;4;3;7;1;0;2;0
2019-09-18 09:19:58;67;27;10;9;4;3;7;1;0;2;0
2019-09-18 09:20:59;67;27;10;9;4;3;7;1;0;2;0
2019-09-18 09:21:59;67;27;10;9;4;3;7;1;0;2;0
2019-09-18 09:22:59;68;28;10;9;4;3;7;1;0;2;0
2019-09-18 09:23:58;68;28;10;9;4;3;7;1;0;2;0
2019-09-18 09:24:59;68;28;10;9;4;3;7;1;0;2;0
2019-09-18 09:25:59;69;29;10;9;4;3;7;1;0;2;0
2019-09-18 09:26:58;69;29;10;9;4;3;7;1;0;2;0
2019-09-18 09:27:59;71;29;10;10;4;3;7;1;0;2;0
2019-09-18 09:28:59;71;29;10;10;4;3;7;1;0;2;0
2019-09-18 09:29:59;71;29;10;10;4;3;7;1;0;2;0
2019-09-18 09:30:58;71;29;10;10;4;3;7;1;0;2;0
2019-09-18 09:31:59;71;29;10;10;4;3;7;1;0;2;0
2019-09-18 09:32:59;71;29;10;10;4;3;7;1;0;2;0
2019-09-18 09:33:58;71;29;10;10;4;3;7;1;0;2;0
2019-09-18 09:34:59;71;29;10;10;4;3;7;1;0;2;0
2019-09-18 09:35:59;71;29;10;10;4;3;7;1;0;2;0
2019-09-18 09:36:59;72;30;10;10;4;3;7;1;0;2;0
2019-09-18 09:37:58;72;30;10;10;4;3;7;1;0;2;0
2019-09-18 09:38:59;72;29;10;10;4;3;8;1;0;2;0
2019-09-18 09:39:58;72;29;10;10;4;3;8;1;0;2;0
2019-09-18 09:40:59;72;29;10;10;4;3;8;1;0;2;0
2019-09-18 09:41:59;72;29;10;10;4;3;8;1;0;2;0
2019-09-18 09:42:59;73;29;10;10;4;3;8;1;0;2;0
2019-09-18 09:43:58;73;29;10;10;4;3;8;1;0;2;0
2019-09-18 09:44:59;73;29;10;10;4;3;8;1;0;2;0
2019-09-18 09:45:59;73;29;10;10;4;3;8;1;0;2;0
2019-09-18 09:47:00;73;29;10;10;4;3;8;1;0;2;0
2019-09-18 09:47:58;74;30;10;10;4;3;8;1;0;2;0
2019-09-18 09:48:59;75;31;10;10;4;3;8;1;0;2;0
2019-09-18 09:49:59;76;31;10;10;5;3;8;1;0;2;0
2019-09-18 09:50:58;76;31;10;10;5;3;8;1;0;2;0
2019-09-18 09:51:59;76;31;10;10;5;3;8;1;0;2;0
2019-09-18 09:52:59;76;31;10;10;5;3;8;1;0;2;0
2019-09-18 09:53:59;76;31;10;10;5;3;8;1;0;2;0
2019-09-18 09:54:58;76;31;10;10;5;3;8;1;0;2;0
2019-09-18 09:55:59;77;31;10;11;5;3;8;1;0;2;0
2019-09-18 09:56:59;77;31;10;11;5;3;8;1;0;2;0
2019-09-18 09:58:00;77;31;10;11;5;3;8;1;0;2;0
2019-09-18 09:58:58;78;32;10;11;5;3;8;1;0;2;0
2019-09-18 09:59:59;79;32;11;11;5;3;8;1;0;2;0
2019-09-18 10:00:59;79;32;11;11;5;3;8;1;0;2;0
2019-09-18 10:01:58;79;32;11;11;5;3;8;1;0;2;0
2019-09-18 10:02:59;80;32;12;11;5;3;8;1;0;2;0
2019-09-18 10:03:59;81;32;12;12;5;3;8;1;0;2;0
2019-09-18 10:04:59;81;32;12;12;5;3;8;1;0;2;0
2019-09-18 10:05:58;82;32;12;12;5;3;9;1;0;2;0
2019-09-18 10:06:59;82;32;12;12;5;3;9;1;0;2;0
2019-09-18 10:07:59;83;33;12;12;5;3;9;1;0;2;0
2019-09-18 10:08:59;83;33;12;12;5;3;9;1;0;2;0
2019-09-18 10:09:58;84;33;13;12;5;3;9;1;0;2;0
2019-09-18 10:10:59;84;33;13;12;5;3;9;1;0;2;0
2019-09-18 10:11:59;84;33;13;12;5;3;9;1;0;2;0
2019-09-18 10:12:59;84;33;13;12;5;3;9;1;0;2;0
2019-09-18 10:13:58;84;33;13;12;5;3;9;1;0;2;0
2019-09-18 10:14:59;84;33;13;12;5;3;9;1;0;2;0
2019-09-18 10:15:59;84;33;13;12;5;3;9;1;0;2;0
2019-09-18 10:16:58;85;33;13;12;5;3;10;1;0;2;0
2019-09-18 10:17:59;85;33;13;12;5;3;10;1;0;2;0
2019-09-18 10:18:59;86;34;13;12;5;3;10;1;0;2;0
2019-09-18 10:19:59;88;34;13;12;6;3;11;1;0;2;0
2019-09-18 10:20:58;88;34;13;12;6;3;11;1;0;2;0
2019-09-18 10:21:59;88;34;13;12;6;3;11;1;0;2;0
2019-09-18 10:22:59;88;34;13;12;6;3;11;1;0;2;0
2019-09-18 10:23:58;88;34;13;12;6;3;11;1;0;2;0
2019-09-18 10:24:59;88;34;13;12;6;3;11;1;0;2;0
2019-09-18 10:25:59;88;34;13;12;6;3;11;1;0;2;0
2019-09-18 10:26:59;89;35;13;12;6;3;11;1;0;2;0
2019-09-18 10:27:58;89;35;13;12;6;3;11;1;0;2;0
2019-09-18 10:28:59;90;35;14;12;6;3;11;1;0;2;0
2019-09-18 10:29:59;90;35;14;12;6;3;11;1;0;2;0
2019-09-18 10:30:58;92;36;14;13;6;3;11;1;0;2;0
2019-09-18 10:31:59;92;36;14;13;6;3;11;1;0;2;0
2019-09-18 10:32:59;92;36;14;13;6;3;11;1;0;2;0
2019-09-18 10:33:59;93;36;14;13;6;3;11;1;0;2;0
2019-09-18 10:34:58;93;36;14;13;6;3;11;1;0;2;0
2019-09-18 10:35:59;93;36;14;13;6;3;11;1;0;2;0
2019-09-18 10:36:59;93;36;14;13;6;3;11;1;0;2;0
2019-09-18 10:37:58;93;36;14;13;6;3;11;1;0;2;0
2019-09-18 10:38:59;93;36;14;13;6;3;11;1;0;2;0
2019-09-18 10:39:59;93;36;14;13;6;3;11;1;0;2;0
2019-09-18 10:40:58;94;37;14;13;6;3;11;1;0;2;0
2019-09-18 10:41:59;94;38;14;13;6;3;10;1;0;2;0
2019-09-18 10:42:59;94;38;14;13;6;3;10;1;0;2;0
2019-09-18 10:43:58;94;38;14;13;6;3;10;1;0;2;0
2019-09-18 10:44:59;94;38;14;13;6;3;10;1;0;2;0
2019-09-18 10:45:59;94;38;14;13;6;3;10;1;0;2;0
2019-09-18 10:46:59;94;38;14;13;6;3;10;1;0;2;0
2019-09-18 10:47:59;94;38;14;13;6;3;10;1;0;2;0
2019-09-18 10:48:58;94;38;14;13;6;3;10;1;0;2;0
2019-09-18 10:49:59;94;38;14;13;6;3;10;1;0;2;0
2019-09-18 10:50:59;94;38;14;13;6;3;10;1;0;2;0
2019-09-18 10:51:59;94;38;14;13;6;3;10;1;0;2;0
2019-09-18 10:52:58;94;38;14;13;6;3;10;1;0;2;0
2019-09-18 10:53:59;94;38;14;13;6;3;10;1;0;2;0
2019-09-18 10:54:59;94;38;14;13;6;3;10;1;0;2;0
2019-09-18 10:55:59;94;38;14;13;6;3;10;1;0;2;0
2019-09-18 10:56:58;94;38;14;13;6;3;10;1;0;2;0
2019-09-18 10:57:59;94;38;14;13;6;3;10;1;0;2;0
2019-09-18 10:58:59;94;38;14;13;6;3;10;1;0;2;0
2019-09-18 10:59:58;94;38;14;13;6;3;10;1;0;2;0
2019-09-18 11:00:59;94;38;14;13;6;3;10;1;0;2;0
2019-09-18 11:01:59;94;38;14;13;6;3;10;1;0;2;0
2019-09-18 11:02:59;96;39;15;13;6;3;10;1;0;2;0
2019-09-18 11:03:59;97;39;15;13;6;3;10;1;0;2;0
2019-09-18 11:04:58;97;39;15;13;6;3;10;1;0;2;0
2019-09-18 11:05:59;97;39;15;13;6;3;10;1;0;2;0
2019-09-18 11:06:59;97;39;15;13;6;3;10;1;0;2;0
2019-09-18 11:07:59;97;39;15;13;6;3;10;1;0;2;0
2019-09-18 11:08:58;97;39;15;13;6;3;10;1;0;2;0
2019-09-18 11:09:59;97;39;15;13;6;3;10;1;0;2;0
2019-09-18 11:10:59;97;39;15;13;6;3;10;1;0;2;0
2019-09-18 11:11:58;97;39;15;13;6;3;10;1;0;2;0
2019-09-18 11:12:59;97;39;15;13;6;3;10;1;0;2;0
2019-09-18 11:13:59;98;39;15;13;6;3;10;1;0;2;0
2019-09-18 11:14:58;98;39;15;13;6;3;10;1;0;2;0
2019-09-18 11:15:59;98;39;15;13;6;3;10;1;0;2;0
2019-09-18 11:16:59;98;39;15;13;6;3;10;1;0;2;0
2019-09-18 11:17:58;98;39;15;13;6;3;10;1;0;2;0
2019-09-18 11:18:59;98;39;15;13;6;3;10;1;0;2;0
2019-09-18 11:19:59;99;40;15;13;6;3;10;1;0;2;0
2019-09-18 11:20:59;99;40;15;13;6;3;10;1;0;2;0
2019-09-18 11:21:58;99;40;15;13;6;3;10;1;0;2;0
2019-09-18 11:22:59;99;40;15;13;6;3;10;1;0;2;0
2019-09-18 11:23:59;99;40;15;13;6;3;10;1;0;2;0
2019-09-18 11:24:58;99;40;15;13;6;3;10;1;0;2;0
2019-09-18 11:25:59;99;40;15;13;6;3;10;1;0;2;0
2019-09-18 11:26:59;99;40;15;13;6;3;10;1;0;2;0
2019-09-18 11:27:58;99;40;15;13;6;3;10;1;0;2;0
2019-09-18 11:28:59;99;40;15;13;6;3;10;1;0;2;0
2019-09-18 11:29:59;99;40;15;13;6;3;10;1;0;2;0
2019-09-18 11:30:59;99;40;15;13;6;3;10;1;0;2;0
2019-09-18 11:31:59;99;40;15;13;6;3;10;1;0;2;0
2019-09-18 11:32:58;99;40;15;13;6;3;10;1;0;2;0
2019-09-18 11:33:59;99;40;15;13;6;3;10;1;0;2;0
2019-09-18 11:34:59;100;41;15;13;6;3;10;1;0;2;0
2019-09-18 11:35:58;100;41;15;13;6;3;10;1;0;2;0
2019-09-18 11:36:59;101;41;15;14;6;3;10;1;0;2;0
2019-09-18 11:37:59;101;41;15;14;6;3;10;1;0;2;0
2019-09-18 11:38:59;101;41;15;14;6;3;10;1;0;2;0
2019-09-18 11:39:58;101;41;15;14;6;3;10;1;0;2;0
2019-09-18 11:40:59;102;42;15;14;6;3;10;1;0;2;0
2019-09-18 11:41:59;102;42;15;14;6;3;10;1;0;2;0
2019-09-18 11:42:58;102;42;15;14;6;3;10;1;0;2;0
2019-09-18 11:43:59;102;42;15;14;6;3;10;1;0;2;0
2019-09-18 11:44:59;103;42;15;14;6;3;10;1;1;2;0
2019-09-18 11:45:59;104;42;16;14;6;3;10;1;1;2;0
2019-09-18 11:46:58;104;42;16;14;6;3;10;1;1;2;0
2019-09-18 11:47:59;104;42;16;14;6;3;10;1;1;2;0
2019-09-18 11:48:59;105;43;16;14;6;3;10;1;1;2;0
2019-09-18 11:49:59;105;43;16;14;6;3;10;1;1;2;0
2019-09-18 11:50:58;107;45;16;14;6;3;10;1;1;2;0
2019-09-18 11:51:59;107;45;16;14;6;3;10;1;1;2;0
2019-09-18 11:53:00;107;45;16;14;6;3;10;1;1;2;0
2019-09-18 11:53:58;107;45;16;14;6;3;10;1;1;2;0
2019-09-18 11:54:59;108;45;17;14;6;3;10;1;1;2;0
2019-09-18 11:55:59;108;45;17;14;6;3;10;1;1;2;0
2019-09-18 11:56:58;108;45;17;14;6;3;10;1;1;2;0
2019-09-18 11:57:59;108;45;17;14;6;3;10;1;1;2;0
2019-09-18 11:58:59;108;45;17;14;6;3;10;1;1;2;0
2019-09-18 11:59:58;108;45;17;14;6;3;10;1;1;2;0
2019-09-18 12:00:59;108;45;17;14;6;3;10;1;1;2;0
2019-09-18 12:01:59;109;46;17;14;6;3;10;1;1;2;0
2019-09-18 12:02:58;109;46;17;14;6;3;10;1;1;2;0
2019-09-18 12:03:59;109;46;17;14;6;3;10;1;1;2;0
2019-09-18 12:04:59;109;46;17;14;6;3;10;1;1;2;0
2019-09-18 12:05:59;109;46;17;14;6;3;10;1;1;2;0
2019-09-18 12:06:58;109;46;17;14;6;3;10;1;1;2;0
2019-09-18 12:07:59;109;46;17;14;6;3;10;1;1;2;0
2019-09-18 12:08:59;109;46;17;14;6;3;10;1;1;2;0
2019-09-18 12:09:58;109;46;17;14;6;3;10;1;1;2;0
2019-09-18 12:10:59;109;46;17;14;6;3;10;1;1;2;0
2019-09-18 12:11:59;109;46;17;14;6;3;10;1;1;2;0
2019-09-18 12:12:59;110;46;18;14;6;3;10;1;1;2;0
2019-09-18 12:13:58;110;46;18;14;6;3;10;1;1;2;0
2019-09-18 12:14:59;110;46;18;14;6;3;10;1;1;2;0
2019-09-18 12:15:59;110;46;18;14;6;3;10;1;1;2;0
2019-09-18 12:16:58;110;46;18;14;6;3;10;1;1;2;0
2019-09-18 12:17:59;110;46;18;14;6;3;10;1;1;2;0
2019-09-18 12:18:59;110;46;18;14;6;3;10;1;1;2;0
2019-09-18 12:19:59;110;46;18;14;6;3;10;1;1;2;0
2019-09-18 12:20:58;110;46;18;14;6;3;10;1;1;2;0
2019-09-18 12:21:59;111;47;18;14;6;3;10;1;1;2;0
2019-09-18 12:22:59;112;48;18;14;6;3;10;1;1;2;0
2019-09-18 12:23:58;112;48;18;14;6;3;10;1;1;2;0
2019-09-18 12:24:59;112;48;18;14;6;3;10;1;1;2;0
2019-09-18 12:25:59;112;48;18;14;6;3;10;1;1;2;0
2019-09-18 12:26:59;112;48;18;14;6;3;10;1;1;2;0
2019-09-18 12:27:58;112;48;18;14;6;3;10;1;1;2;0
2019-09-18 12:28:59;112;48;18;14;6;3;10;1;1;2;0
2019-09-18 12:29:59;112;48;18;14;6;3;10;1;1;2;0
2019-09-18 12:30:58;112;48;18;14;6;3;10;1;1;2;0
2019-09-18 12:31:59;112;48;18;14;6;3;10;1;1;2;0
2019-09-18 12:32:59;112;48;18;14;6;3;10;1;1;2;0
2019-09-18 12:33:59;112;48;18;14;6;3;10;1;1;2;0
2019-09-18 12:34:58;112;48;18;14;6;3;10;1;1;2;0
2019-09-18 12:35:59;112;48;18;14;6;3;10;1;1;2;0
2019-09-18 12:36:59;112;48;18;14;6;3;10;1;1;2;0
2019-09-18 12:37:59;112;48;18;14;6;3;10;1;1;2;0
2019-09-18 12:38:58;113;48;18;14;6;4;10;1;1;2;0
2019-09-18 12:39:59;113;48;18;14;6;4;10;1;1;2;0
2019-09-18 12:40:59;114;48;18;15;6;4;10;1;1;2;0
2019-09-18 12:41:59;114;48;18;15;6;4;10;1;1;2;0
2019-09-18 12:42:58;115;49;18;15;6;4;10;1;1;2;0
2019-09-18 12:43:59;115;49;18;15;6;4;10;1;1;2;0
2019-09-18 12:44:59;115;49;18;15;6;4;10;1;1;2;0
2019-09-18 12:45:58;115;49;18;15;6;4;10;1;1;2;0
2019-09-18 12:46:59;115;49;18;15;6;4;10;1;1;2;0
2019-09-18 12:47:59;115;49;18;15;6;4;10;1;1;2;0
2019-09-18 12:48:59;116;50;18;15;6;4;10;1;1;2;0
2019-09-18 12:49:58;116;50;18;15;6;4;10;1;1;2;0
2019-09-18 12:50:59;116;50;18;15;6;4;10;1;1;2;0
2019-09-18 12:51:59;117;50;19;15;6;4;10;1;1;2;0
2019-09-18 12:52:58;117;50;19;15;6;4;10;1;1;2;0
2019-09-18 12:53:59;118;50;19;15;6;4;10;0;1;2;0
2019-09-18 12:54:59;118;50;19;15;6;4;10;0;1;2;0
2019-09-18 12:55:58;118;50;19;15;6;4;10;0;1;2;0
2019-09-18 12:56:59;118;50;19;15;6;4;10;0;1;2;0
2019-09-18 12:57:59;118;50;19;15;6;4;10;0;1;2;0
2019-09-18 12:58:59;118;50;19;15;6;4;10;0;1;2;0
2019-09-18 12:59:58;118;50;19;15;6;4;10;0;1;2;0
2019-09-18 13:00:59;118;50;19;15;6;4;10;0;1;2;0
2019-09-18 13:01:59;118;50;19;15;6;4;10;0;1;2;0
2019-09-18 13:02:58;118;50;19;15;6;4;10;0;1;2;0
2019-09-18 13:03:59;118;50;19;15;6;4;10;0;1;2;0
2019-09-18 13:04:59;118;50;19;15;6;4;10;0;1;2;0
2019-09-18 13:05:59;118;50;19;15;6;4;10;0;1;2;0
2019-09-18 13:06:58;118;50;19;15;6;4;10;0;1;2;0
2019-09-18 13:07:59;118;50;19;15;6;4;10;0;1;2;0
2019-09-18 13:08:58;118;50;19;15;6;4;10;0;1;2;0
2019-09-18 13:09:59;119;50;20;15;6;4;10;0;1;2;0
2019-09-18 13:10:58;119;50;20;15;6;4;10;0;1;2;0
2019-09-18 13:11:59;119;50;20;15;6;4;10;0;1;2;0
2019-09-18 13:12:59;119;50;20;15;6;4;10;0;1;2;0
2019-09-18 13:13:59;119;50;20;15;6;4;10;0;1;2;0
2019-09-18 13:14:58;119;50;20;15;6;4;10;0;1;2;0
2019-09-18 13:15:59;119;50;20;15;6;4;10;0;1;2;0
2019-09-18 13:16:59;119;50;20;15;6;4;10;0;1;2;0
2019-09-18 13:17:58;122;51;20;16;6;4;10;0;2;2;0
2019-09-18 13:18:59;122;51;20;16;6;4;10;0;2;2;0
2019-09-18 13:19:59;122;51;20;16;6;4;10;0;2;2;0
2019-09-18 13:20:59;122;51;20;16;6;4;10;0;2;2;0
2019-09-18 13:21:58;122;51;20;16;6;4;10;0;2;2;0
2019-09-18 13:22:59;123;51;20;16;6;5;10;0;2;2;0
2019-09-18 13:23:59;123;51;20;16;6;5;10;0;2;2;0
2019-09-18 13:24:59;124;52;20;16;6;5;10;0;2;2;0
2019-09-18 13:25:58;125;53;20;16;6;5;10;0;2;2;0
2019-09-18 13:26:59;126;54;20;16;6;5;10;0;2;2;0
2019-09-18 13:27:58;127;54;20;17;6;5;10;0;2;2;0
2019-09-18 13:28:59;127;54;20;17;6;5;10;0;2;2;0
2019-09-18 13:29:59;127;54;20;17;6;5;10;0;2;2;0
2019-09-18 13:30:58;127;54;20;17;6;5;10;0;2;2;0
2019-09-18 13:31:59;127;54;20;17;6;5;10;0;2;2;0
2019-09-18 13:32:59;127;54;20;17;6;5;10;0;2;2;0
2019-09-18 13:33:59;127;54;20;17;6;5;10;0;2;2;0
2019-09-18 13:34:58;127;54;20;17;6;5;10;0;2;2;0
2019-09-18 13:35:59;127;54;20;17;6;5;10;0;2;2;0
2019-09-18 13:36:59;128;55;20;17;6;5;10;0;2;2;0
2019-09-18 13:37:58;128;55;20;17;6;5;10;0;2;2;0
2019-09-18 13:38:59;128;55;20;17;6;5;10;0;2;2;0
2019-09-18 13:39:59;130;57;20;17;6;5;10;0;2;2;0
2019-09-18 13:40:59;131;57;20;18;6;5;10;0;2;2;0
2019-09-18 13:41:58;131;57;20;18;6;5;10;0;2;2;0
2019-09-18 13:42:59;131;58;20;18;6;5;10;0;2;2;0
2019-09-18 13:43:59;133;58;20;18;6;6;10;0;2;2;0
2019-09-18 13:44:58;134;59;20;18;6;6;10;0;2;2;0
2019-09-18 13:45:59;134;59;20;18;6;6;10;0;2;2;0
2019-09-18 13:46:59;134;59;20;18;6;6;10;0;2;2;0
2019-09-18 13:47:59;134;59;20;18;6;6;10;0;2;2;0
2019-09-18 13:48:58;134;59;20;18;6;6;10;0;2;2;0
2019-09-18 13:49:59;134;59;20;18;6;6;10;0;2;2;0
2019-09-18 13:50:59;134;59;20;18;6;6;10;0;2;2;0
2019-09-18 13:51:58;134;59;20;18;6;6;10;0;2;2;0
2019-09-18 13:52:59;134;59;20;18;6;6;10;0;2;2;0
2019-09-18 13:53:59;134;59;20;18;6;6;10;0;2;2;0
2019-09-18 13:54:58;134;59;20;18;6;6;10;0;2;2;0
2019-09-18 13:55:59;134;59;20;18;6;6;10;0;2;2;0
2019-09-18 13:56:59;134;59;20;18;6;6;10;0;2;2;0
2019-09-18 13:57:59;134;59;20;18;6;6;10;0;2;2;0
2019-09-18 13:58:58;134;59;20;18;6;6;10;0;2;2;0
2019-09-18 13:59:59;134;59;20;18;6;6;10;0;2;2;0
2019-09-18 14:00:59;134;59;20;18;6;6;10;0;2;2;0
2019-09-18 14:01:58;135;59;20;18;6;6;10;0;2;2;1
2019-09-18 14:02:59;135;59;20;18;6;6;10;0;2;2;1
2019-09-18 14:03:59;135;59;20;18;6;6;10;0;2;2;1
2019-09-18 14:04:59;135;59;20;18;6;6;10;0;2;2;1
2019-09-18 14:05:58;135;59;20;18;6;6;10;0;2;2;1
2019-09-18 14:06:59;135;59;20;18;6;6;10;0;2;2;1
2019-09-18 14:07:59;135;59;20;18;6;6;10;0;2;2;1
2019-09-18 14:08:59;135;59;20;18;6;6;10;0;2;2;1
2019-09-18 14:09:58;135;59;20;18;6;6;10;0;2;2;1
2019-09-18 14:10:59;135;59;20;18;6;6;10;0;2;2;1
2019-09-18 14:11:59;135;59;20;18;6;6;10;0;2;2;1
2019-09-18 14:12:59;135;59;20;18;6;6;10;0;2;2;1
2019-09-18 14:13:58;135;59;20;18;6;6;10;0;2;2;1
2019-09-18 14:14:59;135;59;20;18;6;6;10;0;2;2;1
2019-09-18 14:15:59;136;59;20;19;6;6;10;0;2;2;1
2019-09-18 14:17:00;136;59;20;19;6;6;10;0;2;2;1
2019-09-18 14:17:58;136;59;20;19;6;6;10;0;2;2;1
2019-09-18 14:18:59;137;60;20;19;6;6;10;0;2;2;1
2019-09-18 14:19:59;137;60;20;19;6;6;10;0;2;2;1
2019-09-18 14:21:00;137;60;20;19;6;6;10;0;2;2;1
2019-09-18 14:21:58;137;60;20;19;6;6;10;0;2;2;1
2019-09-18 14:22:59;137;60;20;19;6;6;10;0;2;2;1
2019-09-18 14:23:59;137;60;20;19;6;6;10;0;2;2;1
2019-09-18 14:24:59;137;60;20;19;6;6;10;0;2;2;1
2019-09-18 14:25:58;137;60;20;19;6;6;10;0;2;2;1
2019-09-18 14:26:59;137;61;20;18;6;6;10;0;2;2;1
2019-09-18 14:27:59;137;61;20;18;6;6;10;0;2;2;1
2019-09-18 14:29:00;137;61;20;18;6;6;10;0;2;2;1
2019-09-18 14:29:58;137;61;20;18;6;6;10;0;2;2;1
2019-09-18 14:30:59;137;61;20;18;6;6;10;0;2;2;1
2019-09-18 14:31:59;137;61;20;18;6;6;10;0;2;2;1
2019-09-18 14:32:59;137;61;20;18;6;6;10;0;2;2;1
2019-09-18 14:33:58;137;61;20;18;6;6;10;0;2;2;1
2019-09-18 14:34:59;137;61;20;18;6;6;10;0;2;2;1
2019-09-18 14:35:59;137;61;20;18;6;6;10;0;2;2;1
2019-09-18 14:37:00;137;61;20;18;6;6;10;0;2;2;1
2019-09-18 14:37:58;138;61;20;19;6;6;10;0;2;2;1
2019-09-18 14:38:59;138;61;20;19;6;6;10;0;2;2;1
2019-09-18 14:39:59;138;61;20;19;6;6;10;0;2;2;1
2019-09-18 14:41:00;138;61;20;19;6;6;10;0;2;2;1
2019-09-18 14:41:58;138;61;20;19;6;6;10;0;2;2;1
2019-09-18 14:42:59;138;61;20;19;6;6;10;0;2;2;1
2019-09-18 14:43:59;138;61;20;19;6;6;10;0;2;2;1
2019-09-18 14:45:00;138;61;20;19;6;6;10;0;2;2;1
2019-09-18 14:45:58;138;61;20;19;6;6;10;0;2;2;1
2019-09-18 14:46:59;138;61;20;19;6;6;10;0;2;2;1
2019-09-18 14:47:59;138;61;20;19;6;6;10;0;2;2;1
2019-09-18 14:48:59;138;61;20;19;6;6;10;0;2;2;1
2019-09-18 14:49:58;138;61;20;19;6;6;10;0;2;2;1
2019-09-18 14:50:59;138;61;20;19;6;6;10;0;2;2;1
2019-09-18 14:51:59;138;61;20;19;6;6;10;0;2;2;1
2019-09-18 14:52:58;138;61;20;19;6;6;10;0;2;2;1
2019-09-18 14:53:59;138;61;20;19;6;6;10;0;2;2;1
2019-09-18 14:54:59;138;61;20;19;6;6;10;0;2;2;1
2019-09-18 14:55:58;138;61;20;19;6;6;10;0;2;2;1
2019-09-18 14:56:59;138;61;20;19;6;6;10;0;2;2;1
2019-09-18 14:57:59;138;61;20;19;6;6;10;0;2;2;1
2019-09-18 14:59:00;138;61;20;19;6;6;10;0;2;2;1
2019-09-18 14:59:58;138;61;20;19;6;6;10;0;2;2;1
2019-09-18 15:00:59;138;61;20;19;6;6;10;0;2;2;1
2019-09-18 15:01:59;138;61;20;19;6;6;10;0;2;2;1
2019-09-18 15:02:58;138;61;20;19;6;6;10;0;2;2;1
2019-09-18 15:03:59;138;61;20;19;6;6;10;0;2;2;1
2019-09-18 15:04:59;138;61;20;19;6;6;10;0;2;2;1
2019-09-18 15:05:58;138;61;20;19;6;6;10;0;2;2;1
2019-09-18 15:06:59;138;61;20;19;6;6;10;0;2;2;1
2019-09-18 15:07:59;138;61;20;19;6;6;10;0;2;2;1
2019-09-18 15:08:59;138;61;20;19;6;6;10;0;2;2;1
2019-09-18 15:09:58;138;61;20;19;6;6;10;0;2;2;1
2019-09-18 15:10:59;138;61;20;19;6;6;10;0;2;2;1
2019-09-18 15:11:59;138;61;20;19;6;6;10;0;2;2;1
2019-09-18 15:12:58;138;61;20;19;6;6;10;0;2;2;1
2019-09-18 15:13:59;138;61;20;19;6;6;10;0;2;2;1
2019-09-18 15:14:59;138;61;20;19;6;6;10;0;2;2;1
2019-09-18 15:15:59;138;61;20;19;6;6;10;0;2;2;1
2019-09-18 15:16:58;138;61;20;19;6;6;10;0;2;2;1
2019-09-18 15:17:59;139;62;20;19;6;6;10;0;2;2;1
2019-09-18 15:18:59;139;62;20;19;6;6;10;0;2;2;1
2019-09-18 15:19:59;139;62;20;19;6;6;10;0;2;2;1
2019-09-18 15:20:58;139;62;20;19;6;6;10;0;2;2;1
2019-09-18 15:21:59;139;62;20;19;6;6;10;0;2;2;1
2019-09-18 15:22:59;139;62;20;19;6;6;10;0;2;2;2
2019-09-18 15:23:58;139;62;20;19;6;6;10;0;2;2;2
2019-09-18 15:24:59;139;62;20;19;6;6;10;0;2;2;2
2019-09-18 15:25:59;139;62;20;19;6;6;10;0;2;2;2
2019-09-18 15:26:58;139;62;20;19;6;6;10;0;2;2;2
2019-09-18 15:27:59;139;62;20;19;6;6;10;0;2;2;2
2019-09-18 15:28:59;139;62;20;19;6;6;10;0;2;2;2
2019-09-18 15:29:59;139;62;20;19;6;6;10;0;2;2;2
2019-09-18 15:30:58;140;63;20;19;6;6;10;0;2;2;2
2019-09-18 15:31:59;140;63;20;19;6;6;10;0;2;2;2
2019-09-18 15:32:59;140;63;20;19;6;6;10;0;2;2;2
2019-09-18 15:33:58;140;63;20;19;6;6;10;0;2;2;2
2019-09-18 15:34:59;140;63;20;19;6;6;10;0;2;2;2
2019-09-18 15:35:59;140;63;20;19;6;6;10;0;2;2;2
2019-09-18 15:36:59;140;63;20;19;6;6;10;0;2;2;2
2019-09-18 15:37:58;140;63;20;19;6;6;10;0;2;2;2
2019-09-18 15:38:59;140;63;20;19;6;6;10;0;2;2;2
2019-09-18 15:39:59;140;63;20;19;6;6;10;0;2;2;2
2019-09-18 15:40:59;140;63;20;19;6;6;10;0;2;2;2
2019-09-18 15:41:58;140;63;20;19;6;6;10;0;2;2;2
2019-09-18 15:42:59;140;63;20;19;6;6;10;0;2;2;2
2019-09-18 15:43:59;140;63;20;19;6;6;10;0;2;2;2
2019-09-18 15:45:00;140;63;20;19;6;6;10;0;2;2;2
2019-09-18 15:45:58;140;63;20;19;6;6;10;0;2;2;2
2019-09-18 15:46:59;140;63;20;19;6;6;10;0;2;2;2
2019-09-18 15:47:59;140;63;20;19;6;6;10;0;2;2;2
2019-09-18 15:48:58;141;63;21;19;6;6;10;0;2;2;2
2019-09-18 15:49:59;142;63;22;19;6;6;10;0;2;2;2
2019-09-18 15:50:59;142;63;22;19;6;6;10;0;2;2;2
2019-09-18 15:51:58;142;63;22;19;6;6;10;0;2;2;2
2019-09-18 15:52:59;142;63;22;19;6;6;10;0;2;2;2
2019-09-18 15:53:59;142;63;22;19;6;6;10;0;2;2;2
2019-09-18 15:54:58;142;63;22;19;6;6;10;0;2;2;2
2019-09-18 15:55:59;143;64;22;19;6;6;10;0;2;2;2
2019-09-18 15:56:59;143;64;22;19;6;6;10;0;2;2;2
2019-09-18 15:57:58;143;64;22;19;6;6;10;0;2;2;2
2019-09-18 15:58:59;143;64;22;19;6;6;10;0;2;2;2
2019-09-18 15:59:59;143;64;22;19;6;6;10;0;2;2;2
2019-09-18 16:00:59;143;64;22;19;6;6;10;0;2;2;2
2019-09-18 16:01:58;143;64;22;19;6;6;10;0;2;2;2
2019-09-18 16:02:59;145;65;22;20;6;6;10;0;2;2;2
2019-09-18 16:03:59;145;65;22;20;6;6;10;0;2;2;2
2019-09-18 16:04:59;145;65;22;20;6;6;10;0;2;2;2
2019-09-18 16:05:58;145;65;22;20;6;6;10;0;2;2;2
2019-09-18 16:06:59;145;65;22;20;6;6;10;0;2;2;2
2019-09-18 16:07:59;145;65;22;20;6;6;10;0;2;2;2
2019-09-18 16:08:59;145;65;22;20;6;6;10;0;2;2;2
2019-09-18 16:09:58;145;65;22;20;6;6;10;0;2;2;2
2019-09-18 16:10:59;146;65;22;21;6;6;10;0;2;2;2
2019-09-18 16:11:59;146;65;22;21;6;6;10;0;2;2;2
2019-09-18 16:12:58;146;65;22;21;6;6;10;0;2;2;2
2019-09-18 16:13:59;146;65;22;21;6;6;10;0;2;2;2
2019-09-18 16:14:59;146;65;22;21;6;6;10;0;2;2;2
2019-09-18 16:15:59;146;65;22;21;6;6;10;0;2;2;2
2019-09-18 16:16:58;146;65;22;21;6;6;10;0;2;2;2
2019-09-18 16:17:59;146;65;22;21;6;6;10;0;2;2;2
2019-09-18 16:18:59;147;65;23;21;6;6;10;0;2;2;2
2019-09-18 16:19:58;147;65;23;21;6;6;10;0;2;2;2
2019-09-18 16:20:59;147;65;23;21;6;6;10;0;2;2;2
2019-09-18 16:21:59;147;65;23;21;6;6;10;0;2;2;2
2019-09-18 16:22:59;147;65;23;21;6;6;10;0;2;2;2
2019-09-18 16:23:58;147;65;23;21;6;6;10;0;2;2;2
2019-09-18 16:24:59;147;65;23;21;6;6;10;0;2;2;2
2019-09-18 16:25:59;147;65;23;21;6;6;10;0;2;2;2
2019-09-18 16:26:58;147;65;23;21;6;6;10;0;2;2;2
2019-09-18 16:27:59;147;65;23;21;6;6;10;0;2;2;2
2019-09-18 16:28:59;148;65;23;21;6;7;10;0;2;2;2
2019-09-18 16:29:59;148;65;23;21;6;7;10;0;2;2;2
2019-09-18 16:30:58;148;65;23;21;6;7;10;0;2;2;2
2019-09-18 16:31:59;148;65;23;21;6;7;10;0;2;2;2
2019-09-18 16:32:59;148;65;23;21;6;7;10;0;2;2;2
2019-09-18 16:33:58;148;65;23;21;6;7;10;0;2;2;2
2019-09-18 16:34:59;148;65;23;21;6;7;10;0;2;2;2
2019-09-18 16:35:59;148;65;23;21;6;7;10;0;2;2;2
2019-09-18 16:36:59;148;65;23;21;6;7;10;0;2;2;2
2019-09-18 16:37:58;149;66;23;21;6;7;10;0;2;2;2
2019-09-18 16:38:59;149;66;23;21;6;7;10;0;2;2;2
2019-09-18 16:39:59;150;66;23;21;6;7;10;0;2;2;2
2019-09-18 16:40:58;150;66;23;21;6;7;10;0;2;2;2
2019-09-18 16:41:59;150;66;23;21;6;7;10;0;2;2;2
2019-09-18 16:42:59;151;66;23;21;6;7;10;1;2;2;2
2019-09-18 16:43:58;151;66;23;21;6;7;10;1;2;2;2
2019-09-18 16:44:59;151;66;23;21;6;7;10;1;2;2;2
2019-09-18 16:45:59;151;66;23;21;6;7;10;1;2;2;2
2019-09-18 16:46:58;152;66;23;21;6;8;10;1;2;2;2
2019-09-18 16:47:59;152;66;23;21;6;8;10;1;2;2;2
2019-09-18 16:48:59;153;67;23;21;6;8;10;1;2;2;2
2019-09-18 16:49:59;153;67;23;21;6;8;10;1;2;2;2
2019-09-18 16:50:58;153;67;23;21;6;8;10;1;2;2;2
2019-09-18 16:51:59;153;67;23;21;6;8;10;1;2;2;2
2019-09-18 16:52:59;153;67;23;21;6;8;10;1;2;2;2
2019-09-18 16:53:58;153;67;23;21;6;8;10;1;2;2;2
2019-09-18 16:54:59;153;67;23;21;6;8;10;1;2;2;2
2019-09-18 16:55:59;153;67;23;22;6;8;9;1;2;2;2
2019-09-18 16:57:00;153;67;23;22;6;8;9;1;2;2;2
2019-09-18 16:57:58;153;67;23;22;6;8;9;1;2;2;2
2019-09-18 16:58:59;153;67;23;22;6;8;9;1;2;2;2
2019-09-18 16:59:59;153;67;23;22;6;8;9;1;2;2;2
2019-09-18 17:00:58;153;67;23;22;6;8;9;1;2;2;2
2019-09-18 17:01:59;153;67;23;22;6;8;9;1;2;2;2
2019-09-18 17:02:59;153;67;23;22;6;8;9;1;2;2;2
2019-09-18 17:03:59;154;68;23;22;6;8;9;1;2;2;2
2019-09-18 17:04:58;155;69;23;22;6;8;9;1;2;2;2
2019-09-18 17:05:59;155;69;23;22;6;8;9;1;2;2;2
2019-09-18 17:06:59;155;69;23;22;6;8;9;1;2;2;2
2019-09-18 17:07:58;155;69;23;22;6;8;9;1;2;2;2
2019-09-18 17:08:59;155;69;23;22;6;8;9;1;2;2;2
2019-09-18 17:09:59;155;69;23;22;6;8;9;1;2;2;2
2019-09-18 17:10:59;155;69;23;22;6;8;9;1;2;2;2
2019-09-18 17:11:58;156;70;23;22;6;8;9;1;2;2;2
2019-09-18 17:12:59;156;70;23;22;6;8;9;1;2;2;2
2019-09-18 17:13:59;156;70;23;22;6;8;9;1;2;2;2
2019-09-18 17:14:59;156;70;23;22;6;8;9;1;2;2;2
2019-09-18 17:15:58;156;70;23;22;6;8;9;1;2;2;2
2019-09-18 17:16:59;157;70;23;22;6;8;9;1;2;2;2
2019-09-18 17:17:59;157;70;23;22;6;8;9;1;2;2;2
2019-09-18 17:18:58;157;70;23;22;6;8;9;1;2;2;2
2019-09-18 17:19:59;157;70;23;22;6;8;9;1;2;2;2
2019-09-18 17:20:59;157;70;23;22;6;8;9;1;2;2;2
2019-09-18 17:21:59;157;70;23;22;6;8;9;1;2;2;2
2019-09-18 17:22:58;157;70;23;22;6;8;9;1;2;2;2
2019-09-18 17:23:59;157;70;23;22;6;8;9;1;2;2;2
2019-09-18 17:24:59;158;70;23;22;6;8;9;1;2;2;2
2019-09-18 17:25:59;158;70;23;22;6;8;9;1;2;2;2
2019-09-18 17:26:58;159;70;23;23;6;8;9;1;2;2;2
2019-09-18 17:27:59;159;70;23;23;6;8;9;1;2;2;2
2019-09-18 17:28:59;159;70;23;23;6;8;9;1;2;2;2
2019-09-18 17:29:58;159;70;23;23;6;8;9;1;2;2;2
2019-09-18 17:30:59;159;70;23;23;6;8;9;1;2;2;2
2019-09-18 17:31:59;159;70;23;23;6;8;9;1;2;2;2
2019-09-18 17:32:59;159;70;23;23;6;8;9;1;2;2;2
2019-09-18 17:33:58;160;71;23;23;6;8;9;1;2;2;2
2019-09-18 17:34:59;160;71;23;23;6;8;9;1;2;2;2
2019-09-18 17:35:58;161;71;23;23;6;8;9;2;2;2;2
2019-09-18 17:36:59;162;72;23;23;6;8;9;2;2;2;2
2019-09-18 17:37:59;162;72;23;23;6;8;9;2;2;2;2
2019-09-18 17:38:59;162;72;23;23;6;8;9;2;2;2;2
2019-09-18 17:39:58;162;72;23;23;6;8;9;2;2;2;2
2019-09-18 17:40:59;162;72;23;23;6;8;9;2;2;2;2
2019-09-18 17:41:59;162;72;23;23;6;8;9;2;2;2;2
2019-09-18 17:42:58;162;72;23;23;6;8;9;2;2;2;2
2019-09-18 17:43:59;162;72;23;23;6;8;9;2;2;2;2
2019-09-18 17:44:59;162;72;23;23;6;8;9;2;2;2;2
2019-09-18 17:45:58;162;72;23;23;6;8;9;2;2;2;2
2019-09-18 17:46:59;162;72;23;23;6;8;9;2;2;2;2
2019-09-18 17:47:59;162;72;23;23;6;8;9;2;2;2;2
2019-09-18 17:48:59;162;72;23;23;6;8;9;2;2;2;2
2019-09-18 17:49:59;162;72;23;23;6;8;9;2;2;2;2
2019-09-18 17:50:58;162;72;23;23;6;8;9;2;2;2;2
2019-09-18 17:51:59;162;72;23;23;6;8;9;2;2;2;2
2019-09-18 17:52:59;162;72;23;23;6;8;9;2;2;2;2
2019-09-18 17:53:58;162;72;23;23;6;8;9;2;2;2;2
2019-09-18 17:54:59;162;72;23;23;6;8;9;2;2;2;2
2019-09-18 17:55:59;162;72;23;23;6;8;9;2;2;2;2
2019-09-18 17:56:59;162;72;23;23;6;8;9;2;2;2;2
2019-09-18 17:57:58;162;72;23;23;6;8;9;2;2;2;2
2019-09-18 17:58:59;162;72;23;23;6;8;9;2;2;2;2
2019-09-18 17:59:59;162;72;23;23;6;8;9;2;2;2;2
2019-09-18 18:01:00;162;72;23;23;6;8;9;2;2;2;2
2019-09-18 18:01:58;162;72;23;23;6;8;9;2;2;2;2
2019-09-18 18:02:59;162;72;23;23;6;8;9;2;2;2;2
2019-09-18 18:03:59;162;72;23;23;6;8;9;2;2;2;2
2019-09-18 18:04:58;163;73;23;23;6;8;9;2;2;2;2
2019-09-18 18:05:59;163;73;23;23;6;8;9;2;2;2;2
2019-09-18 18:06:59;163;73;23;23;6;8;9;2;2;2;2
2019-09-18 18:07:59;163;73;23;23;6;8;9;2;2;2;2
2019-09-18 18:08:58;163;73;23;23;6;8;9;2;2;2;2
2019-09-18 18:09:59;163;73;23;23;6;8;9;2;2;2;2
2019-09-18 18:10:59;163;73;23;23;6;8;9;2;2;2;2
2019-09-18 18:11:58;163;73;23;23;6;8;9;2;2;2;2
2019-09-18 18:12:59;163;73;23;23;6;8;9;2;2;2;2
2019-09-18 18:13:59;163;73;23;23;6;8;9;2;2;2;2
2019-09-18 18:14:59;164;73;23;23;6;9;9;2;2;2;2
2019-09-18 18:15:58;164;73;23;23;6;9;9;2;2;2;2
2019-09-18 18:16:59;164;73;23;23;6;9;9;2;2;2;2
2019-09-18 18:17:59;164;73;23;23;6;9;9;2;2;2;2
2019-09-18 18:19:00;164;73;23;23;6;9;9;2;2;2;2
2019-09-18 18:19:58;164;73;23;23;6;9;9;2;2;2;2
2019-09-18 18:20:59;164;73;23;23;6;9;9;2;2;2;2
2019-09-18 18:21:59;164;73;23;23;6;9;9;2;2;2;2
2019-09-18 18:22:58;164;73;23;23;6;9;9;2;2;2;2
2019-09-18 18:23:59;164;73;23;23;6;9;9;2;2;2;2
2019-09-18 18:24:59;164;73;23;23;6;9;9;2;2;2;2
2019-09-18 18:25:58;164;73;23;23;6;9;9;2;2;2;2
2019-09-18 18:26:59;164;73;23;23;6;9;9;2;2;2;2
2019-09-18 18:27:59;164;73;23;23;6;9;9;2;2;2;2
2019-09-18 18:28:58;165;74;23;23;6;9;9;2;2;2;2
2019-09-18 18:29:59;165;74;23;23;6;9;9;2;2;2;2
2019-09-18 18:30:59;165;74;23;23;6;9;9;2;2;2;2
2019-09-18 18:31:59;165;74;23;23;6;9;9;2;2;2;2
2019-09-18 18:32:58;165;74;23;23;6;9;9;2;2;2;2
2019-09-18 18:33:59;165;74;23;23;6;9;9;2;2;2;2
2019-09-18 18:34:59;165;74;23;23;6;9;9;2;2;2;2
2019-09-18 18:35:59;165;74;23;23;6;9;9;2;2;2;2
2019-09-18 18:36:58;165;74;23;23;6;9;9;2;2;2;2
2019-09-18 18:37:59;165;74;23;23;6;9;9;2;2;2;2
2019-09-18 18:38:59;165;74;23;23;6;9;9;2;2;2;2
2019-09-18 18:39:59;165;74;23;23;6;9;9;2;2;2;2
2019-09-18 18:40:58;165;74;23;23;6;9;9;2;2;2;2
2019-09-18 18:41:59;165;74;23;23;6;9;9;2;2;2;2
2019-09-18 18:42:59;165;74;23;23;6;9;9;2;2;2;2
2019-09-18 18:43:59;165;74;23;23;6;9;9;2;2;2;2
2019-09-18 18:44:58;165;74;23;23;6;9;9;2;2;2;2
2019-09-18 18:45:59;165;74;23;23;6;9;9;2;2;2;2
2019-09-18 18:46:59;166;74;24;23;6;9;9;2;2;2;2
2019-09-18 18:47:59;166;74;24;23;6;9;9;2;2;2;2
2019-09-18 18:48:58;166;74;24;23;6;9;9;2;2;2;2
2019-09-18 18:49:59;166;74;24;23;6;9;9;2;2;2;2
2019-09-18 18:50:59;166;74;24;23;6;9;9;2;2;2;2
2019-09-18 18:51:58;166;74;24;23;6;9;9;2;2;2;2
2019-09-18 18:52:59;166;74;24;23;6;9;9;2;2;2;2
2019-09-18 18:53:59;166;74;24;23;6;9;9;2;2;2;2
2019-09-18 18:54:58;166;74;24;23;6;9;9;2;2;2;2
2019-09-18 18:55:59;166;74;24;23;6;9;9;2;2;2;2
2019-09-18 18:56:59;166;74;24;23;6;9;9;2;2;2;2
2019-09-18 18:57:59;166;74;24;23;6;9;9;2;2;2;2
2019-09-18 18:58:58;166;74;24;23;6;9;9;2;2;2;2
2019-09-18 18:59:59;166;74;24;23;6;9;9;2;2;2;2
2019-09-18 19:00:59;166;74;24;23;6;9;9;2;2;2;2
2019-09-18 19:01:59;166;74;24;23;6;9;9;2;2;2;2
2019-09-18 19:02:58;166;74;24;23;6;9;9;2;2;2;2
2019-09-18 19:03:59;166;74;24;23;6;9;9;2;2;2;2
2019-09-18 19:04:59;166;74;24;23;6;9;9;2;2;2;2
2019-09-18 19:05:59;166;74;24;23;6;9;9;2;2;2;2
2019-09-18 19:06:58;166;74;24;23;6;9;9;2;2;2;2
2019-09-18 19:07:59;166;74;24;23;6;9;9;2;2;2;2
2019-09-18 19:08:59;166;74;24;23;6;9;9;2;2;2;2
2019-09-18 19:09:58;166;74;24;23;6;9;9;2;2;2;2
2019-09-18 19:10:59;166;74;24;23;6;9;9;2;2;2;2
2019-09-18 19:11:59;166;74;24;23;6;9;9;2;2;2;2
2019-09-18 19:12:59;166;74;24;23;6;9;9;2;2;2;2
2019-09-18 19:13:58;166;74;24;23;6;9;9;2;2;2;2
2019-09-18 19:14:59;166;74;24;23;6;9;9;2;2;2;2
2019-09-18 19:15:59;166;74;24;23;6;9;9;2;2;2;2
2019-09-18 19:16:59;166;74;24;23;6;9;9;2;2;2;2
2019-09-18 19:17:58;166;74;24;23;6;9;9;2;2;2;2
2019-09-18 19:18:59;166;74;24;23;6;9;9;2;2;2;2
2019-09-18 19:19:59;166;74;24;23;6;9;9;2;2;2;2
2019-09-18 19:21:00;166;74;24;23;6;9;9;2;2;2;2
2019-09-18 19:21:58;167;75;24;23;6;9;9;2;2;2;2
2019-09-18 19:22:59;168;75;25;23;6;9;9;2;2;2;2
2019-09-18 19:23:59;168;75;25;23;6;9;9;2;2;2;2
2019-09-18 19:24:58;168;75;25;23;6;9;9;2;2;2;2
2019-09-18 19:25:59;168;75;25;23;6;9;9;2;2;2;2
2019-09-18 19:26:59;168;75;25;23;6;9;9;2;2;2;2
2019-09-18 19:27:59;168;75;25;23;6;9;9;2;2;2;2
2019-09-18 19:28:58;168;75;25;23;6;9;9;2;2;2;2
2019-09-18 19:29:59;168;75;25;23;6;9;9;2;2;2;2
2019-09-18 19:30:59;168;75;25;23;6;9;9;2;2;2;2
2019-09-18 19:31:58;168;75;25;23;6;9;9;2;2;2;2
2019-09-18 19:32:59;168;75;25;23;6;9;9;2;2;2;2
2019-09-18 19:33:59;168;75;25;23;6;9;9;2;2;2;2
2019-09-18 19:34:59;168;75;25;23;6;9;9;2;2;2;2
2019-09-18 19:35:58;168;75;25;23;6;9;9;2;2;2;2
2019-09-18 19:36:59;168;75;25;23;6;9;9;2;2;2;2
2019-09-18 19:37:59;168;75;25;23;6;9;9;2;2;2;2
2019-09-18 19:38:59;168;75;25;23;6;9;9;2;2;2;2
2019-09-18 19:39:58;168;75;25;23;6;9;9;2;2;2;2
2019-09-18 19:40:59;169;75;26;23;6;9;9;2;2;2;2
2019-09-18 19:41:59;170;76;26;23;6;9;9;2;2;2;2
2019-09-18 19:42:59;170;76;26;23;6;9;9;2;2;2;2
2019-09-18 19:43:58;170;76;26;23;6;9;9;2;2;2;2
2019-09-18 19:44:59;170;76;26;23;6;9;9;2;2;2;2
2019-09-18 19:45:59;171;76;26;23;7;9;9;2;2;2;2
2019-09-18 19:46:58;171;76;26;23;7;9;9;2;2;2;2
2019-09-18 19:47:59;171;76;26;23;7;9;9;2;2;2;2
2019-09-18 19:48:59;171;76;26;23;7;9;9;2;2;2;2
2019-09-18 19:49:59;171;76;26;23;7;9;9;2;2;2;2
2019-09-18 19:50:58;171;76;26;23;7;9;9;2;2;2;2
2019-09-18 19:51:59;171;76;26;23;7;9;9;2;2;2;2
2019-09-18 19:52:59;172;77;26;23;7;9;9;2;2;2;2
2019-09-18 19:53:59;172;77;26;23;7;9;9;2;2;2;2
2019-09-18 19:54:58;172;77;26;23;7;9;9;2;2;2;2
2019-09-18 19:55:59;172;77;26;23;7;9;9;2;2;2;2
2019-09-18 19:56:59;172;77;26;23;7;9;9;2;2;2;2
2019-09-18 19:57:59;172;77;26;23;7;9;9;2;2;2;2
2019-09-18 19:58:58;172;77;26;23;7;9;9;2;2;2;2
2019-09-18 19:59:59;173;78;26;23;7;9;9;2;2;2;2
2019-09-18 20:00:59;173;78;26;23;7;9;9;2;2;2;2
2019-09-18 20:01:59;173;78;26;23;7;9;9;2;2;2;2
2019-09-18 20:02:58;173;78;26;23;7;9;9;2;2;2;2
2019-09-18 20:03:59;173;78;26;23;7;9;9;2;2;2;2
2019-09-18 20:04:59;173;78;26;23;7;9;9;2;2;2;2
2019-09-18 20:05:59;173;78;26;23;7;9;9;2;2;2;2
2019-09-18 20:06:58;173;78;26;23;7;9;9;2;2;2;2
2019-09-18 20:07:59;173;78;26;23;7;9;9;2;2;2;2
2019-09-18 20:08:59;175;78;26;23;9;9;9;2;2;2;2
2019-09-18 20:09:58;175;78;26;23;9;9;9;2;2;2;2
2019-09-18 20:10:59;175;78;26;23;9;9;9;2;2;2;2
2019-09-18 20:11:59;175;78;26;23;9;9;9;2;2;2;2
2019-09-18 20:12:59;175;78;26;23;9;9;9;2;2;2;2
2019-09-18 20:13:58;175;78;26;23;9;9;9;2;2;2;2
2019-09-18 20:14:59;176;78;26;24;9;9;9;2;2;2;2
2019-09-18 20:15:59;176;78;26;24;9;9;9;2;2;2;2
2019-09-18 20:16:59;176;78;26;24;9;9;9;2;2;2;2
2019-09-18 20:17:58;176;78;26;24;9;9;9;2;2;2;2
2019-09-18 20:18:59;176;78;26;24;9;9;9;2;2;2;2
2019-09-18 20:19:59;176;78;26;24;9;9;9;2;2;2;2
2019-09-18 20:20:59;176;78;26;24;9;9;9;2;2;2;2
2019-09-18 20:21:58;176;78;26;24;9;9;9;2;2;2;2
2019-09-18 20:22:59;176;78;26;24;9;9;9;2;2;2;2
2019-09-18 20:23:59;176;78;26;24;9;9;9;2;2;2;2
2019-09-18 20:24:59;176;78;26;24;9;9;9;2;2;2;2
2019-09-18 20:25:58;176;78;26;24;9;9;9;2;2;2;2
2019-09-18 20:26:59;176;78;26;24;9;9;9;2;2;2;2
2019-09-18 20:27:59;176;78;26;24;9;9;9;2;2;2;2
2019-09-18 20:28:58;176;78;26;24;9;9;9;2;2;2;2
2019-09-18 20:29:59;176;78;26;24;9;9;9;2;2;2;2
2019-09-18 20:30:59;176;78;26;24;9;9;9;2;2;2;2
2019-09-18 20:31:59;176;78;26;24;9;9;9;2;2;2;2
2019-09-18 20:32:58;176;78;26;24;9;9;9;2;2;2;2
2019-09-18 20:33:59;176;78;26;24;9;9;9;2;2;2;2
2019-09-18 20:34:59;176;78;26;24;9;9;9;2;2;2;2
2019-09-18 20:36:00;177;79;26;24;9;9;9;2;2;2;2
2019-09-18 20:36:58;177;79;26;24;9;9;9;2;2;2;2
2019-09-18 20:37:59;177;79;26;24;9;9;9;2;2;2;2
2019-09-18 20:38:59;177;79;26;24;9;9;9;2;2;2;2
2019-09-18 20:39:58;178;80;26;24;9;9;9;2;2;2;2
2019-09-18 20:40:59;178;80;26;24;9;9;9;2;2;2;2
2019-09-18 20:41:59;178;80;26;24;9;9;9;2;2;2;2
2019-09-18 20:42:59;178;80;26;24;9;9;9;2;2;2;2
2019-09-18 20:43:58;178;80;26;24;9;9;9;2;2;2;2
2019-09-18 20:44:59;178;80;26;24;9;9;9;2;2;2;2
2019-09-18 20:45:59;178;80;26;24;9;9;9;2;2;2;2
2019-09-18 20:46:59;178;80;26;24;9;9;9;2;2;2;2
2019-09-18 20:47:58;179;81;26;24;9;9;9;2;2;2;2
2019-09-18 20:48:59;179;81;26;24;9;9;9;2;2;2;2
2019-09-18 20:49:59;179;81;26;24;9;9;9;2;2;2;2
2019-09-18 20:50:58;179;81;26;24;9;9;9;2;2;2;2
2019-09-18 20:51:59;179;81;26;24;9;9;9;2;2;2;2
2019-09-18 20:52:59;179;81;26;24;9;9;9;2;2;2;2
2019-09-18 20:53:59;179;81;26;24;9;9;9;2;2;2;2
2019-09-18 20:54:58;179;81;26;24;9;9;9;2;2;2;2
2019-09-18 20:55:59;179;81;26;24;9;9;9;2;2;2;2
2019-09-18 20:56:59;179;81;26;24;9;9;9;2;2;2;2
2019-09-18 20:57:59;179;81;26;24;9;9;9;2;2;2;2
2019-09-18 20:58:58;179;81;26;24;9;9;9;2;2;2;2
2019-09-18 20:59:59;179;81;26;24;9;9;9;2;2;2;2
2019-09-18 21:00:59;179;81;26;24;9;9;9;2;2;2;2
2019-09-18 21:01:59;179;81;26;24;9;9;9;2;2;2;2
2019-09-18 21:02:58;179;81;26;24;9;9;9;2;2;2;2
2019-09-18 21:03:59;179;81;26;24;9;9;9;2;2;2;2
2019-09-18 21:04:58;179;81;26;24;9;9;9;2;2;2;2
2019-09-18 21:05:59;179;81;26;24;9;9;9;2;2;2;2
2019-09-18 21:06:59;179;81;26;24;9;9;9;2;2;2;2
2019-09-18 21:07:59;179;81;26;24;9;9;9;2;2;2;2
2019-09-18 21:08:58;180;81;26;24;10;9;9;2;2;2;2
2019-09-18 21:09:59;180;81;26;24;10;9;9;2;2;2;2
2019-09-18 21:10:59;180;81;26;24;10;9;9;2;2;2;2
2019-09-18 21:11:59;180;81;26;24;10;9;9;2;2;2;2
2019-09-18 21:12:58;180;81;26;24;10;9;9;2;2;2;2
2019-09-18 21:13:59;180;81;26;24;10;9;9;2;2;2;2
2019-09-18 21:14:59;180;81;26;24;10;9;9;2;2;2;2
2019-09-18 21:15:59;180;81;26;24;10;9;9;2;2;2;2
2019-09-18 21:16:58;180;81;26;24;10;9;9;2;2;2;2
2019-09-18 21:17:59;180;81;26;24;10;9;9;2;2;2;2
2019-09-18 21:18:59;180;81;26;24;10;9;9;2;2;2;2
2019-09-18 21:19:59;180;81;26;24;10;9;9;2;2;2;2
2019-09-18 21:20:58;180;81;26;24;10;9;9;2;2;2;2
2019-09-18 21:21:59;180;81;26;24;10;9;9;2;2;2;2
2019-09-18 21:22:59;180;81;26;24;10;9;9;2;2;2;2
2019-09-18 21:23:59;180;81;26;24;10;9;9;2;2;2;2
2019-09-18 21:24:58;180;81;26;24;10;9;9;2;2;2;2
2019-09-18 21:25:59;180;81;26;24;10;9;9;2;2;2;2
2019-09-18 21:26:58;180;81;26;24;10;9;9;2;2;2;2
2019-09-18 21:27:59;181;82;26;24;10;9;9;2;2;2;2
2019-09-18 21:28:59;181;82;26;24;10;9;9;2;2;2;2
2019-09-18 21:29:58;181;82;26;24;10;9;9;2;2;2;2
2019-09-18 21:30:59;181;82;26;24;10;9;9;2;2;2;2
2019-09-18 21:31:59;181;82;26;24;10;9;9;2;2;2;2
2019-09-18 21:32:59;181;82;26;24;10;9;9;2;2;2;2
2019-09-18 21:33:58;181;82;26;24;10;9;9;2;2;2;2
2019-09-18 21:34:59;181;82;26;24;10;9;9;2;2;2;2
2019-09-18 21:35:59;181;82;26;24;10;9;9;2;2;2;2
2019-09-18 21:36:59;181;82;26;24;10;9;9;2;2;2;2
2019-09-18 21:37:58;181;82;26;24;10;9;9;2;2;2;2
2019-09-18 21:38:59;181;82;26;24;10;9;9;2;2;2;2
2019-09-18 21:39:59;181;82;26;24;10;9;9;2;2;2;2
2019-09-18 21:40:59;181;82;26;24;10;9;9;2;2;2;2
2019-09-18 21:41:58;181;82;26;24;10;9;9;2;2;2;2
2019-09-18 21:42:59;181;82;26;24;10;9;9;2;2;2;2
2019-09-18 21:43:59;181;82;26;24;10;9;9;2;2;2;2
2019-09-18 21:44:59;181;82;26;24;10;9;9;2;2;2;2
2019-09-18 21:45:58;181;82;26;24;10;9;9;2;2;2;2
2019-09-18 21:46:59;180;82;26;24;10;9;8;2;2;2;2
2019-09-18 21:47:59;180;82;26;24;10;9;8;2;2;2;2
2019-09-18 21:48:59;180;82;26;24;10;9;8;2;2;2;2
2019-09-18 21:49:58;180;82;26;24;10;9;8;2;2;2;2
2019-09-18 21:50:59;180;82;26;24;10;9;8;2;2;2;2
2019-09-18 21:51:59;180;82;26;24;10;9;8;2;2;2;2
2019-09-18 21:52:58;180;82;26;24;10;9;8;2;2;2;2
2019-09-18 21:53:59;180;82;26;24;10;9;8;2;2;2;2
2019-09-18 21:54:59;180;82;26;24;10;9;8;2;2;2;2
2019-09-18 21:55:59;180;82;26;24;10;9;8;2;2;2;2
2019-09-18 21:56:58;180;82;26;24;10;9;8;2;2;2;2
2019-09-18 21:57:59;180;82;26;24;10;9;8;2;2;2;2
2019-09-18 21:58:59;180;82;26;24;10;9;8;2;2;2;2
2019-09-18 21:59:59;180;82;26;24;10;9;8;2;2;2;2
2019-09-18 22:00:58;180;82;26;24;10;9;8;2;2;2;2
2019-09-18 22:01:59;180;82;26;24;10;9;8;2;2;2;2
2019-09-18 22:02:58;180;82;26;24;10;9;8;2;2;2;2
2019-09-18 22:03:59;180;82;26;24;10;9;8;2;2;2;2
2019-09-18 22:04:59;180;82;26;24;10;9;8;2;2;2;2
2019-09-18 22:05:58;180;82;26;24;10;9;8;2;2;2;2
2019-09-18 22:06:59;180;82;26;24;10;9;8;2;2;2;2
2019-09-18 22:07:59;181;83;26;24;10;9;8;2;2;2;2
2019-09-18 22:08:59;181;83;26;24;10;9;8;2;2;2;2
2019-09-18 22:09:58;181;83;26;24;10;9;8;2;2;2;2
2019-09-18 22:10:59;181;83;26;24;10;9;8;2;2;2;2
2019-09-18 22:11:59;181;83;26;24;10;9;8;2;2;2;2
2019-09-18 22:12:58;181;83;26;24;10;9;8;2;2;2;2
2019-09-18 22:13:59;182;83;26;25;10;9;8;2;2;2;2
2019-09-18 22:14:59;182;83;26;25;10;9;8;2;2;2;2
2019-09-18 22:15:59;182;83;26;25;10;9;8;2;2;2;2
2019-09-18 22:16:58;182;83;26;25;10;9;8;2;2;2;2
2019-09-18 22:17:59;182;83;26;25;10;9;8;2;2;2;2
2019-09-18 22:18:59;183;83;26;25;11;9;8;2;2;2;2
2019-09-18 22:19:59;183;83;26;25;11;9;8;2;2;2;2
2019-09-18 22:20:58;183;83;26;25;11;9;8;2;2;2;2
2019-09-18 22:21:59;183;83;26;25;11;9;8;2;2;2;2
2019-09-18 22:22:59;183;83;26;25;11;9;8;2;2;2;2
2019-09-18 22:23:58;183;83;26;25;11;9;8;2;2;2;2
2019-09-18 22:24:59;184;83;27;25;11;9;8;2;2;2;2
2019-09-18 22:25:59;184;83;27;25;11;9;8;2;2;2;2
2019-09-18 22:26:59;184;83;27;25;11;9;8;2;2;2;2
2019-09-18 22:27:58;184;83;27;25;11;9;8;2;2;2;2
2019-09-18 22:28:59;184;83;27;25;11;9;8;2;2;2;2
2019-09-18 22:29:59;184;83;27;25;11;9;8;2;2;2;2
2019-09-18 22:30:58;184;83;27;25;11;9;8;2;2;2;2
2019-09-18 22:31:59;184;83;27;25;11;9;8;2;2;2;2
2019-09-18 22:32:59;184;83;27;25;11;9;8;2;2;2;2
2019-09-18 22:33:59;184;83;27;25;11;9;8;2;2;2;2
2019-09-18 22:34:58;184;83;27;25;11;9;8;2;2;2;2
2019-09-18 22:35:59;184;83;27;25;11;9;8;2;2;2;2
2019-09-18 22:36:59;184;83;27;25;11;9;8;2;2;2;2
2019-09-18 22:37:59;184;83;27;25;11;9;8;2;2;2;2
2019-09-18 22:38:58;184;83;27;25;11;9;8;2;2;2;2
2019-09-18 22:39:59;185;84;27;25;11;9;8;2;2;2;2
2019-09-18 22:40:59;185;84;27;25;11;9;8;2;2;2;2
2019-09-18 22:41:58;185;84;27;25;11;9;8;2;2;2;2
2019-09-18 22:42:59;185;84;27;25;11;9;8;2;2;2;2
2019-09-18 22:43:59;185;84;27;25;11;9;8;2;2;2;2
2019-09-18 22:44:58;185;84;27;25;11;9;8;2;2;2;2
2019-09-18 22:45:59;185;84;27;25;11;9;8;2;2;2;2
2019-09-18 22:46:59;185;84;27;25;11;9;8;2;2;2;2
2019-09-18 22:47:59;185;84;27;25;11;9;8;2;2;2;2
2019-09-18 22:48:58;185;84;27;25;11;9;8;2;2;2;2
2019-09-18 22:49:59;185;84;27;25;11;9;8;2;2;2;2
2019-09-18 22:50:59;185;84;27;25;11;9;8;2;2;2;2
2019-09-18 22:51:59;185;84;27;25;11;9;8;2;2;2;2
2019-09-18 22:52:58;185;84;27;25;11;9;8;2;2;2;2
2019-09-18 22:53:59;186;84;28;25;11;9;8;2;2;2;2
2019-09-18 22:54:59;186;84;28;25;11;9;8;2;2;2;2
2019-09-18 22:55:58;186;84;28;25;11;9;8;2;2;2;2
2019-09-18 22:56:59;186;84;28;25;11;9;8;2;2;2;2
2019-09-18 22:57:59;186;84;28;25;11;9;8;2;2;2;2
2019-09-18 22:58:58;186;84;28;25;11;9;8;2;2;2;2
2019-09-18 22:59:59;186;84;28;25;11;9;8;2;2;2;2
2019-09-18 23:00:58;186;84;28;25;11;9;8;2;2;2;2
2019-09-18 23:01:59;186;84;28;25;11;9;8;2;2;2;2
2019-09-18 23:02:59;186;84;28;25;11;9;8;2;2;2;2
2019-09-18 23:03:59;186;84;28;25;11;9;8;2;2;2;2
2019-09-18 23:04:58;186;84;28;25;11;9;8;2;2;2;2
2019-09-18 23:05:59;186;84;28;25;11;9;8;2;2;2;2
2019-09-18 23:06:59;186;84;28;25;11;9;8;2;2;2;2
2019-09-18 23:07:59;186;84;28;25;11;9;8;2;2;2;2
2019-09-18 23:09:00;186;84;28;25;11;9;8;2;2;2;2
2019-09-18 23:09:58;186;84;28;25;11;9;8;2;2;2;2
2019-09-18 23:10:59;186;84;28;25;11;9;8;2;2;2;2
2019-09-18 23:11:59;186;84;28;25;11;9;8;2;2;2;2
2019-09-18 23:12:58;186;84;28;25;11;9;8;2;2;2;2
2019-09-18 23:13:59;186;84;28;25;11;9;8;2;2;2;2
2019-09-18 23:14:59;186;84;28;25;11;9;8;2;2;2;2
2019-09-18 23:15:59;186;84;28;25;11;9;8;2;2;2;2
2019-09-18 23:16:58;186;84;28;25;11;9;8;2;2;2;2
2019-09-18 23:17:59;186;84;28;25;11;9;8;2;2;2;2
2019-09-18 23:18:59;186;84;28;25;11;9;8;2;2;2;2
2019-09-18 23:19:59;186;84;28;25;11;9;8;2;2;2;2
2019-09-18 23:20:58;187;84;28;26;11;9;8;2;2;2;2
2019-09-18 23:21:59;187;84;28;26;11;9;8;2;2;2;2
2019-09-18 23:22:59;187;84;28;26;11;9;8;2;2;2;2
2019-09-18 23:23:58;187;84;28;26;11;9;8;2;2;2;2
2019-09-18 23:24:59;187;84;28;26;11;9;8;2;2;2;2
2019-09-18 23:25:59;187;84;28;26;11;9;8;2;2;2;2
2019-09-18 23:26:59;187;84;28;26;11;9;8;2;2;2;2
2019-09-18 23:27:58;187;84;28;26;11;9;8;2;2;2;2
2019-09-18 23:28:59;187;84;28;26;11;9;8;2;2;2;2
2019-09-18 23:29:59;187;84;28;26;11;9;8;2;2;2;2
2019-09-18 23:30:59;187;84;28;26;11;9;8;2;2;2;2
2019-09-18 23:31:58;187;84;28;26;11;9;8;2;2;2;2
2019-09-18 23:32:59;187;84;28;26;11;9;8;2;2;2;2
2019-09-18 23:33:59;187;84;28;26;11;9;8;2;2;2;2
2019-09-18 23:34:59;187;84;28;26;11;9;8;2;2;2;2
2019-09-18 23:35:58;187;84;28;26;11;9;8;2;2;2;2
2019-09-18 23:36:59;187;84;28;26;11;9;8;2;2;2;2
2019-09-18 23:37:59;187;84;28;26;11;9;8;2;2;2;2
2019-09-18 23:38:59;187;84;28;26;11;9;8;2;2;2;2
2019-09-18 23:39:58;187;84;28;26;11;9;8;2;2;2;2
2019-09-18 23:40:59;187;84;28;26;11;9;8;2;2;2;2
2019-09-18 23:41:59;187;84;28;26;11;9;8;2;2;2;2
2019-09-18 23:43:00;187;84;28;26;11;9;8;2;2;2;2
2019-09-18 23:43:58;187;84;28;26;11;9;8;2;2;2;2
2019-09-18 23:44:59;187;84;28;26;11;9;8;2;2;2;2
2019-09-18 23:45:59;187;84;28;26;11;9;8;2;2;2;2
2019-09-18 23:47:00;187;84;28;26;11;9;8;2;2;2;2
2019-09-18 23:47:58;188;84;29;26;11;9;8;2;2;2;2
2019-09-18 23:48:59;188;84;29;26;11;9;8;2;2;2;2
2019-09-18 23:50:00;188;84;29;26;11;9;8;2;2;2;2
2019-09-18 23:50:58;188;84;29;26;11;9;8;2;2;2;2
2019-09-18 23:51:59;188;84;29;26;11;9;8;2;2;2;2
2019-09-18 23:52:59;188;84;29;26;11;9;8;2;2;2;2
2019-09-18 23:53:59;188;84;29;26;11;9;8;2;2;2;2
2019-09-18 23:54:58;188;84;29;26;11;9;8;2;2;2;2
2019-09-18 23:55:59;188;84;29;26;11;9;8;2;2;2;2
2019-09-18 23:56:59;188;84;29;26;11;9;8;2;2;2;2
2019-09-18 23:57:58;189;85;29;26;11;9;8;2;2;2;2
2019-09-18 23:58:59;189;85;29;26;11;9;8;2;2;2;2
2019-09-18 23:59:59;189;85;29;26;11;9;8;2;2;2;2
