datetime;total_votes;Terkin;Bf109H;Mutafakaz;pupsique;Zippymax;Autumn;DSP_2010;xeitolich;praktik;Есения
2019-01-09 00:00:59;2;0;0;1;0;0;0;0;0;0;0
2019-01-09 00:01:58;4;1;0;2;0;0;0;0;0;0;0
2019-01-09 00:02:59;4;1;0;2;0;0;0;0;0;0;0
2019-01-09 00:03:58;7;3;0;3;0;0;0;0;0;0;0
2019-01-09 00:04:59;7;3;0;3;0;0;0;0;0;0;0
2019-01-09 00:05:59;9;4;0;4;0;0;0;0;0;0;0
2019-01-09 00:06:58;9;4;0;3;0;0;0;0;0;0;0
2019-01-09 00:07:59;10;4;0;3;0;0;1;0;0;0;0
2019-01-09 00:08:58;13;5;1;3;0;0;1;0;0;1;0
2019-01-09 00:09:59;16;7;1;4;0;0;1;0;0;1;0
2019-01-09 00:10:59;18;8;1;5;0;0;1;0;0;1;0
2019-01-09 00:11:58;18;8;1;5;0;0;1;0;0;1;0
2019-01-09 00:12:59;18;8;1;5;0;0;1;0;0;1;0
2019-01-09 00:13:59;18;8;1;5;0;0;1;0;0;1;0
2019-01-09 00:14:58;18;8;1;5;0;0;1;0;0;1;0
2019-01-09 00:15:59;19;9;1;5;0;0;1;0;0;1;0
2019-01-09 00:16:59;20;10;1;5;0;0;1;0;0;1;0
2019-01-09 00:17:58;20;10;1;5;0;0;1;0;0;1;0
2019-01-09 00:18:59;23;13;1;5;0;0;1;0;0;1;0
2019-01-09 00:19:59;24;14;1;5;0;0;1;0;0;1;0
2019-01-09 00:20:58;25;14;1;6;0;0;1;0;0;1;0
2019-01-09 00:21:59;25;14;1;6;0;0;1;0;0;1;0
2019-01-09 00:22:59;25;14;1;6;0;0;1;0;0;1;0
2019-01-09 00:23:58;25;14;1;6;0;0;1;0;0;1;0
2019-01-09 00:24:59;25;14;1;6;0;0;1;0;0;1;0
2019-01-09 00:25:59;26;14;1;7;0;0;1;0;0;1;0
2019-01-09 00:26:58;26;14;1;7;0;0;1;0;0;1;0
2019-01-09 00:27:59;27;15;1;7;0;0;1;0;0;1;0
2019-01-09 00:28:59;27;15;1;7;0;0;1;0;0;1;0
2019-01-09 00:29:58;28;15;1;7;0;0;1;0;0;1;0
2019-01-09 00:30:59;28;15;1;7;0;0;1;0;0;1;0
2019-01-09 00:31:59;29;16;1;7;0;0;1;0;0;1;0
2019-01-09 00:32:58;29;16;1;7;0;0;1;0;0;1;0
2019-01-09 00:33:59;30;17;1;7;0;0;1;0;0;1;0
2019-01-09 00:34:59;31;18;1;7;0;0;1;0;0;1;0
2019-01-09 00:35:58;31;19;1;6;0;0;1;0;0;1;0
2019-01-09 00:36:59;32;19;1;6;0;1;1;0;0;1;0
2019-01-09 00:37:59;32;19;1;6;0;1;1;0;0;1;0
2019-01-09 00:38:58;32;19;1;6;0;1;1;0;0;1;0
2019-01-09 00:39:59;32;19;1;6;0;1;1;0;0;1;0
2019-01-09 00:40:58;32;19;1;6;0;1;1;0;0;1;0
2019-01-09 00:41:59;32;19;1;6;0;1;1;0;0;1;0
2019-01-09 00:42:59;32;19;1;6;0;1;1;0;0;1;0
2019-01-09 00:43:58;32;19;1;6;0;1;1;0;0;1;0
2019-01-09 00:44:59;32;18;1;6;0;1;2;0;0;1;0
2019-01-09 00:45:59;32;19;1;6;0;1;2;0;0;1;0
2019-01-09 00:46:58;32;19;1;6;0;1;2;0;0;1;0
2019-01-09 00:47:59;33;20;1;6;0;1;2;0;0;1;0
2019-01-09 00:48:59;33;20;1;6;0;1;2;0;0;1;0
2019-01-09 00:49:58;34;21;1;6;0;1;2;0;0;1;0
2019-01-09 00:50:59;35;21;1;6;0;1;2;0;0;1;0
2019-01-09 00:51:58;36;21;1;6;0;1;2;0;0;1;0
2019-01-09 00:52:59;38;22;1;6;0;1;2;0;0;1;0
2019-01-09 00:53:59;39;23;1;6;0;1;2;0;0;1;0
2019-01-09 00:54:58;40;24;1;6;0;1;2;0;0;1;0
2019-01-09 00:55:59;40;24;1;6;0;1;2;0;0;1;0
2019-01-09 00:56:58;41;25;1;6;0;1;2;0;0;1;0
2019-01-09 00:57:59;41;25;1;6;0;1;2;0;0;1;0
2019-01-09 00:58:59;42;25;1;6;0;1;3;0;0;1;0
2019-01-09 00:59:58;42;25;1;6;0;1;3;0;0;1;0
2019-01-09 01:00:59;43;25;2;6;0;1;3;0;0;1;0
2019-01-09 01:01:58;43;25;2;6;0;1;3;0;0;1;0
2019-01-09 01:02:59;43;25;2;6;0;1;3;0;0;1;0
2019-01-09 01:03:59;44;25;2;6;0;1;4;0;0;1;0
2019-01-09 01:04:58;44;25;2;6;0;1;4;0;0;1;0
2019-01-09 01:05:59;44;25;2;6;0;1;4;0;0;1;0
2019-01-09 01:06:59;45;26;2;6;0;1;4;0;0;1;0
2019-01-09 01:07:58;45;26;2;6;0;1;4;0;0;1;0
2019-01-09 01:08:59;45;26;2;6;0;1;4;0;0;1;0
2019-01-09 01:09:59;45;26;2;6;0;1;4;0;0;1;0
2019-01-09 01:10:58;45;26;2;6;0;1;4;0;0;1;0
2019-01-09 01:11:59;45;26;2;6;0;1;4;0;0;1;0
2019-01-09 01:12:59;45;26;2;6;0;1;4;0;0;1;0
2019-01-09 01:13:58;45;26;2;6;0;1;4;0;0;1;0
2019-01-09 01:14:59;46;26;2;7;0;1;4;0;0;1;0
2019-01-09 01:15:59;47;27;2;7;0;1;4;0;0;1;0
2019-01-09 01:16:58;48;28;2;7;0;1;4;0;0;1;0
2019-01-09 01:17:59;48;28;2;7;0;1;4;0;0;1;0
2019-01-09 01:18:58;49;29;2;7;0;1;4;0;0;1;0
2019-01-09 01:19:59;49;29;2;7;0;1;4;0;0;1;0
2019-01-09 01:20:59;50;30;2;7;0;1;4;0;0;1;0
2019-01-09 01:21:58;51;30;2;7;0;1;4;0;0;1;0
2019-01-09 01:22:59;51;30;2;7;0;1;4;0;0;1;0
2019-01-09 01:23:59;51;30;2;7;0;1;4;0;0;1;0
2019-01-09 01:24:58;51;30;2;7;0;1;4;0;0;1;0
2019-01-09 01:25:59;51;30;2;7;0;1;4;0;0;1;0
2019-01-09 01:26:59;51;30;2;7;0;1;4;0;0;1;0
2019-01-09 01:27:58;51;30;2;7;0;1;4;0;0;1;0
2019-01-09 01:28:59;51;30;2;7;0;1;4;0;0;1;0
2019-01-09 01:29:58;51;30;2;7;0;1;4;0;0;1;0
2019-01-09 01:30:59;51;30;2;7;0;1;4;0;0;1;0
2019-01-09 01:31:59;52;31;2;7;0;1;4;0;0;1;0
2019-01-09 01:32:58;52;31;2;7;0;1;4;0;0;1;0
2019-01-09 01:33:59;52;31;2;7;0;1;4;0;0;1;0
2019-01-09 01:34:58;53;32;2;7;0;1;4;0;0;1;0
2019-01-09 01:35:59;53;32;2;7;0;1;4;0;0;1;0
2019-01-09 01:36:59;53;32;2;7;0;1;4;0;0;1;0
2019-01-09 01:37:58;53;32;2;7;0;1;4;0;0;1;0
2019-01-09 01:38:59;54;33;2;7;0;1;4;0;0;1;0
2019-01-09 01:39:59;53;33;2;6;0;1;4;0;0;1;0
2019-01-09 01:40:58;54;34;2;6;0;1;4;0;0;1;0
2019-01-09 01:41:59;54;34;2;6;0;1;4;0;0;1;0
2019-01-09 01:42:58;54;34;2;6;0;1;4;0;0;1;0
2019-01-09 01:43:59;54;34;2;6;0;1;4;0;0;1;0
2019-01-09 01:44:59;54;34;2;6;0;1;4;0;0;1;0
2019-01-09 01:45:58;54;34;2;6;0;1;4;0;0;1;0
2019-01-09 01:46:59;54;34;2;6;0;1;4;0;0;1;0
2019-01-09 01:47:59;54;34;2;6;0;1;4;0;0;1;0
2019-01-09 01:48:58;55;35;2;6;0;1;4;0;0;1;0
2019-01-09 01:49:59;56;35;2;7;0;1;4;0;0;1;0
2019-01-09 01:50:59;56;35;2;7;0;1;4;0;0;1;0
2019-01-09 01:51:58;56;35;2;7;0;1;4;0;0;1;0
2019-01-09 01:52:59;56;35;2;7;0;1;4;0;0;1;0
2019-01-09 01:53:59;56;35;2;7;0;1;4;0;0;1;0
2019-01-09 01:54:58;56;35;2;7;0;1;4;0;0;1;0
2019-01-09 01:55:59;56;35;2;7;0;1;4;0;0;1;0
2019-01-09 01:56:59;56;35;2;7;0;1;4;0;0;1;0
2019-01-09 01:57:58;56;35;2;7;0;1;4;0;0;1;0
2019-01-09 01:58:59;57;35;2;7;0;2;4;0;0;1;1
2019-01-09 01:59:58;57;35;2;7;0;2;4;0;0;1;1
2019-01-09 02:00:59;57;35;2;7;0;2;4;0;0;1;1
2019-01-09 02:01:59;57;35;2;7;0;2;4;0;0;1;1
2019-01-09 02:02:58;57;35;2;7;0;2;4;0;0;1;1
2019-01-09 02:03:59;57;35;2;7;0;2;4;0;0;1;1
2019-01-09 02:04:59;57;35;2;7;0;2;4;0;0;1;1
2019-01-09 02:05:58;57;35;2;7;0;2;4;0;0;1;1
2019-01-09 02:06:59;57;35;2;7;0;2;4;0;0;1;1
2019-01-09 02:07:59;57;35;2;7;0;2;4;0;0;1;1
2019-01-09 02:08:58;57;35;2;7;0;2;4;0;0;1;1
2019-01-09 02:09:59;57;35;2;7;0;2;4;0;0;1;1
2019-01-09 02:10:59;58;35;2;7;1;2;4;0;0;1;0
2019-01-09 02:11:58;58;35;2;7;1;2;4;0;0;1;0
2019-01-09 02:12:59;58;35;2;7;1;2;4;0;0;1;0
2019-01-09 02:13:59;58;35;2;7;1;2;4;0;0;1;0
2019-01-09 02:14:58;58;35;2;7;1;2;4;0;0;1;0
2019-01-09 02:15:59;58;35;2;7;1;2;4;0;0;1;0
2019-01-09 02:16:59;58;35;2;7;1;2;4;0;0;1;0
2019-01-09 02:17:58;58;35;2;7;1;2;4;0;0;1;0
2019-01-09 02:18:59;58;35;2;7;1;2;4;0;0;1;0
2019-01-09 02:19:58;58;35;2;7;1;2;4;0;0;1;0
2019-01-09 02:20:59;58;35;2;7;1;2;4;0;0;1;0
2019-01-09 02:21:59;58;35;2;7;1;2;4;0;0;1;0
2019-01-09 02:22:58;58;35;2;7;1;2;4;0;0;1;0
2019-01-09 02:23:59;58;35;2;7;1;2;4;0;0;1;0
2019-01-09 02:24:58;58;35;2;7;1;2;4;0;0;1;0
2019-01-09 02:25:59;59;36;2;7;1;2;4;0;0;1;0
2019-01-09 02:26:59;59;36;2;7;1;2;4;0;0;1;0
2019-01-09 02:27:58;59;36;2;7;1;2;4;0;0;1;0
2019-01-09 02:28:59;59;36;2;7;1;2;4;0;0;1;0
2019-01-09 02:29:58;59;36;2;7;1;2;4;0;0;1;0
2019-01-09 02:30:59;59;36;2;7;1;2;4;0;0;1;0
2019-01-09 02:31:59;59;36;2;7;1;2;4;0;0;1;0
2019-01-09 02:32:58;59;36;2;7;1;2;4;0;0;1;0
2019-01-09 02:33:59;59;36;2;7;1;2;4;0;0;1;0
2019-01-09 02:34:59;59;36;2;7;1;2;4;0;0;1;0
2019-01-09 02:35:58;59;36;2;7;1;2;4;0;0;1;0
2019-01-09 02:36:59;59;36;2;7;1;2;4;0;0;1;0
2019-01-09 02:38:00;59;36;2;7;1;2;4;0;0;1;0
2019-01-09 02:38:58;59;36;2;7;1;2;4;0;0;1;0
2019-01-09 02:39:59;59;36;2;7;1;2;4;0;0;1;0
2019-01-09 02:40:58;59;36;2;7;1;2;4;0;0;1;0
2019-01-09 02:41:59;59;36;2;7;1;2;4;0;0;1;0
2019-01-09 02:42:59;59;36;2;7;1;2;4;0;0;1;0
2019-01-09 02:43:58;59;36;2;7;1;2;4;0;0;1;0
2019-01-09 02:44:59;59;36;2;7;1;2;4;0;0;1;0
2019-01-09 02:45:59;59;36;2;7;1;2;4;0;0;1;0
2019-01-09 02:46:58;59;36;2;7;1;2;4;0;0;1;0
2019-01-09 02:47:59;59;36;2;7;1;2;4;0;0;1;0
2019-01-09 02:48:59;59;36;2;7;1;2;4;0;0;1;0
2019-01-09 02:49:58;59;36;2;7;1;2;4;0;0;1;0
2019-01-09 02:50:59;60;37;2;7;1;2;4;0;0;1;0
2019-01-09 02:51:58;60;37;2;7;1;2;4;0;0;1;0
2019-01-09 02:52:59;62;38;2;8;1;2;4;0;0;1;0
2019-01-09 02:53:59;62;38;2;8;1;2;4;0;0;1;0
2019-01-09 02:54:58;62;38;2;8;1;2;4;0;0;1;0
2019-01-09 02:55:59;62;38;2;8;1;2;4;0;0;1;0
2019-01-09 02:56:58;62;38;2;8;1;2;4;0;0;1;0
2019-01-09 02:57:59;62;38;2;8;1;2;4;0;0;1;0
2019-01-09 02:58:59;62;38;2;8;1;2;4;0;0;1;0
2019-01-09 02:59:58;62;38;2;8;1;2;4;0;0;1;0
2019-01-09 03:00:59;63;39;2;8;1;2;4;0;0;1;0
2019-01-09 03:01:58;63;39;2;8;1;2;4;0;0;1;0
2019-01-09 03:02:59;63;39;2;8;1;2;4;0;0;1;0
2019-01-09 03:03:59;63;39;2;8;1;2;4;0;0;1;0
2019-01-09 03:04:58;63;39;2;8;1;2;4;0;0;1;0
2019-01-09 03:05:59;65;40;2;8;1;2;4;0;0;1;0
2019-01-09 03:06:59;66;41;2;8;1;2;4;0;0;1;0
2019-01-09 03:07:58;66;41;2;8;1;2;4;0;0;1;0
2019-01-09 03:08:59;66;41;2;8;1;2;4;0;0;1;0
2019-01-09 03:09:59;66;41;2;8;1;2;4;0;0;1;0
2019-01-09 03:10:58;66;41;2;8;1;2;4;0;0;1;0
2019-01-09 03:11:59;66;41;2;8;1;2;4;0;0;1;0
2019-01-09 03:12:58;66;41;2;8;1;2;4;0;0;1;0
2019-01-09 03:13:59;66;41;2;8;1;2;4;0;0;1;0
2019-01-09 03:14:59;66;41;2;8;1;2;4;0;0;1;0
2019-01-09 03:15:58;66;41;2;8;1;2;4;0;0;1;0
2019-01-09 03:16:59;66;41;2;8;1;2;4;0;0;1;0
2019-01-09 03:17:59;66;41;2;8;1;2;4;0;0;1;0
2019-01-09 03:18:58;66;41;2;8;1;2;4;0;0;1;0
2019-01-09 03:19:59;66;41;2;8;1;2;4;0;0;1;0
2019-01-09 03:20:58;66;41;2;8;1;2;4;0;0;1;0
2019-01-09 03:21:59;66;41;2;8;1;2;4;0;0;1;0
2019-01-09 03:22:58;66;41;2;8;1;2;4;0;0;1;0
2019-01-09 03:23:59;66;41;2;8;1;2;4;0;0;1;0
2019-01-09 03:24:59;66;41;2;8;1;2;4;0;0;1;0
2019-01-09 03:25:59;66;41;2;8;1;2;4;0;0;1;0
2019-01-09 03:26:58;67;41;2;8;0;3;4;0;0;1;0
2019-01-09 03:27:59;67;41;2;8;0;3;4;0;0;1;0
2019-01-09 03:28:58;68;42;2;8;0;3;4;0;0;1;0
2019-01-09 03:29:59;68;42;2;8;0;3;4;0;0;1;0
2019-01-09 03:30:59;68;42;2;8;0;3;4;0;0;1;0
2019-01-09 03:31:58;68;42;2;8;0;3;4;0;0;1;0
2019-01-09 03:32:59;68;42;2;8;0;3;4;0;0;1;0
2019-01-09 03:33:59;68;42;2;8;0;3;4;0;0;1;0
2019-01-09 03:34:58;68;42;2;8;0;3;4;0;0;1;0
2019-01-09 03:35:59;68;42;2;8;0;3;4;0;0;1;0
2019-01-09 03:36:58;68;42;2;8;0;3;4;0;0;1;0
2019-01-09 03:37:59;69;42;3;8;1;3;4;0;0;1;0
2019-01-09 03:38:58;69;42;3;8;1;3;4;0;0;1;0
2019-01-09 03:39:59;69;42;3;8;1;3;4;0;0;1;0
2019-01-09 03:40:59;69;42;3;8;1;3;4;0;0;1;0
2019-01-09 03:41:58;69;42;3;8;1;3;4;0;0;1;0
2019-01-09 03:42:59;70;42;3;8;1;3;4;0;0;0;0
2019-01-09 03:43:59;70;42;3;8;1;3;4;0;0;0;0
2019-01-09 03:44:58;70;42;3;8;1;3;4;0;0;0;0
2019-01-09 03:45:59;70;42;3;8;1;3;4;0;0;0;0
2019-01-09 03:46:58;71;42;3;8;2;3;4;0;0;1;0
2019-01-09 03:47:59;71;42;3;8;2;3;4;0;0;1;0
2019-01-09 03:48:59;71;42;3;8;2;3;4;0;0;1;0
2019-01-09 03:49:58;71;42;3;8;2;3;4;0;0;1;0
2019-01-09 03:50:59;71;42;3;8;2;3;4;0;0;1;0
2019-01-09 03:51:58;71;42;3;8;2;3;4;0;0;1;0
2019-01-09 03:52:59;71;42;3;8;2;3;4;0;0;1;0
2019-01-09 03:53:59;71;42;3;8;2;3;4;0;0;1;0
2019-01-09 03:54:58;71;42;3;8;2;3;4;0;0;1;0
2019-01-09 03:55:59;71;42;3;8;2;3;4;0;0;1;0
2019-01-09 03:56:59;71;42;3;8;2;3;4;0;0;1;0
2019-01-09 03:57:58;71;42;3;8;2;3;4;0;0;1;0
2019-01-09 03:58:59;71;42;3;8;2;3;4;0;0;1;0
2019-01-09 03:59:58;71;42;3;8;2;3;4;0;0;1;0
2019-01-09 04:00:59;71;42;3;8;2;3;4;0;0;1;0
2019-01-09 04:01:59;71;42;3;8;2;3;4;0;0;1;0
2019-01-09 04:02:58;71;42;3;8;2;3;4;0;0;1;0
2019-01-09 04:03:59;71;42;3;8;2;3;4;0;0;1;0
2019-01-09 04:04:58;71;42;3;8;2;3;4;0;0;1;0
2019-01-09 04:05:59;71;42;3;8;2;3;4;0;0;1;0
2019-01-09 04:06:59;71;42;3;8;2;3;4;0;0;1;0
2019-01-09 04:07:58;72;43;3;8;2;3;4;0;0;1;0
2019-01-09 04:08:59;72;43;3;8;2;3;4;0;0;1;0
2019-01-09 04:09:58;72;43;3;8;2;3;4;0;0;1;0
2019-01-09 04:10:59;72;43;3;8;2;3;4;0;0;1;0
2019-01-09 04:11:59;72;43;3;8;2;3;4;0;0;1;0
2019-01-09 04:12:58;72;43;3;8;2;3;4;0;0;1;0
2019-01-09 04:13:59;72;43;3;8;2;3;4;0;0;1;0
2019-01-09 04:14:59;72;43;3;8;2;3;4;0;0;1;0
2019-01-09 04:15:58;72;43;3;8;2;3;4;0;0;1;0
2019-01-09 04:16:59;72;43;3;8;2;3;4;0;0;1;0
2019-01-09 04:17:58;72;43;3;8;2;3;4;0;0;1;0
2019-01-09 04:18:59;72;43;3;8;2;3;4;0;0;1;0
2019-01-09 04:19:59;72;43;3;8;2;3;4;0;0;1;0
2019-01-09 04:20:58;72;43;3;8;2;3;4;0;0;1;0
2019-01-09 04:21:59;72;43;3;8;2;3;4;0;0;1;0
2019-01-09 04:22:58;72;43;3;8;2;3;4;0;0;1;0
2019-01-09 04:23:59;72;43;3;8;2;3;4;0;0;1;0
2019-01-09 04:24:59;72;43;3;8;2;3;4;0;0;1;0
2019-01-09 04:25:58;72;43;3;8;2;3;4;0;0;1;0
2019-01-09 04:26:59;72;43;3;8;2;3;4;0;0;1;0
2019-01-09 04:27:59;72;43;3;8;2;3;4;0;0;1;0
2019-01-09 04:28:58;72;43;3;8;2;3;4;0;0;1;0
2019-01-09 04:29:59;72;43;3;8;2;3;4;0;0;1;0
2019-01-09 04:30:58;72;43;3;8;2;3;4;0;0;1;0
2019-01-09 04:31:59;72;43;3;8;2;3;4;0;0;1;0
2019-01-09 04:32:58;72;43;3;8;2;3;4;0;0;1;0
2019-01-09 04:33:59;72;43;3;8;2;3;4;0;0;1;0
2019-01-09 04:34:58;72;43;3;8;2;3;4;0;0;1;0
2019-01-09 04:35:59;72;43;3;8;2;3;4;0;0;1;0
2019-01-09 04:36:58;72;43;3;8;2;3;4;0;0;1;0
2019-01-09 04:37:59;72;43;3;8;2;3;4;0;0;1;0
2019-01-09 04:38:59;72;43;3;8;2;3;4;0;0;1;0
2019-01-09 04:39:58;72;43;3;8;2;3;4;0;0;1;0
2019-01-09 04:40:59;72;43;3;8;2;3;4;0;0;1;0
2019-01-09 04:42:00;72;43;3;8;2;3;4;0;0;1;0
2019-01-09 04:42:58;72;43;3;8;2;3;4;0;0;1;0
2019-01-09 04:43:59;72;43;3;8;2;3;4;0;0;1;0
2019-01-09 04:44:58;72;43;3;8;2;3;4;0;0;1;0
2019-01-09 04:45:59;72;43;3;8;2;3;4;0;0;1;0
2019-01-09 04:46:59;72;43;3;8;2;3;4;0;0;1;0
2019-01-09 04:47:58;72;43;3;8;2;3;4;0;0;1;0
2019-01-09 04:48:59;72;43;3;8;2;3;4;0;0;1;0
2019-01-09 04:49:58;72;43;3;8;2;3;4;0;0;1;0
2019-01-09 04:50:59;72;43;3;8;2;3;4;0;0;1;0
2019-01-09 04:51:58;72;43;3;8;2;3;4;0;0;1;0
2019-01-09 04:52:59;72;43;3;8;2;3;4;0;0;1;0
2019-01-09 04:53:59;72;43;3;8;2;3;4;0;0;1;0
2019-01-09 04:54:58;72;43;3;8;2;3;4;0;0;1;0
2019-01-09 04:55:59;72;43;3;8;2;3;4;0;0;1;0
2019-01-09 04:56:58;72;43;3;8;2;3;4;0;0;1;0
2019-01-09 04:57:59;72;43;3;8;2;3;4;0;0;1;0
2019-01-09 04:58:59;72;43;3;8;2;3;4;0;0;1;0
2019-01-09 04:59:58;72;43;3;8;2;3;4;0;0;1;0
2019-01-09 05:00:59;72;43;3;8;2;3;4;0;0;1;0
2019-01-09 05:01:58;72;43;3;8;2;3;4;0;0;1;0
2019-01-09 05:02:59;72;43;3;8;2;3;4;0;0;1;0
2019-01-09 05:03:59;72;43;3;8;2;3;4;0;0;1;0
2019-01-09 05:04:58;72;43;3;8;2;3;4;0;0;1;0
2019-01-09 05:05:59;72;43;3;8;2;3;4;0;0;1;0
2019-01-09 05:06:59;72;43;3;8;2;3;4;0;0;1;0
2019-01-09 05:07:58;72;43;3;8;2;3;4;0;0;1;0
2019-01-09 05:08:59;72;43;3;8;2;3;4;0;0;1;0
2019-01-09 05:09:58;72;43;3;8;2;3;4;0;0;1;0
2019-01-09 05:10:59;72;43;3;8;2;3;4;0;0;1;0
2019-01-09 05:11:59;72;43;3;8;2;3;4;0;0;1;0
2019-01-09 05:12:58;72;43;3;8;2;3;4;0;0;1;0
2019-01-09 05:13:59;72;43;3;8;2;3;4;0;0;1;0
2019-01-09 05:14:59;72;43;3;8;2;3;4;0;0;1;0
2019-01-09 05:15:58;72;43;3;8;2;3;4;0;0;1;0
2019-01-09 05:16:59;72;43;3;8;2;3;4;0;0;1;0
2019-01-09 05:17:58;72;43;3;8;2;3;4;0;0;1;0
2019-01-09 05:18:59;72;43;3;8;2;3;4;0;0;1;0
2019-01-09 05:19:59;72;43;3;8;2;3;4;0;0;1;0
2019-01-09 05:20:58;72;43;3;8;2;3;4;0;0;1;0
2019-01-09 05:21:59;72;43;3;8;2;3;4;0;0;1;0
2019-01-09 05:22:59;72;43;3;8;2;3;4;0;0;1;0
2019-01-09 05:23:58;72;43;3;8;2;3;4;0;0;1;0
2019-01-09 05:24:59;72;43;3;8;2;3;4;0;0;1;0
2019-01-09 05:25:58;72;43;3;8;2;3;4;0;0;1;0
2019-01-09 05:26:59;72;43;3;8;2;3;4;0;0;1;0
2019-01-09 05:27:59;72;43;3;8;2;3;4;0;0;1;0
2019-01-09 05:28:58;72;43;3;8;2;3;4;0;0;1;0
2019-01-09 05:29:59;72;43;3;8;2;3;4;0;0;1;0
2019-01-09 05:30:58;72;43;3;8;2;3;4;0;0;1;0
2019-01-09 05:31:59;73;44;3;8;2;3;4;0;0;1;0
2019-01-09 05:32:58;73;44;3;8;2;3;4;0;0;1;0
2019-01-09 05:33:59;73;44;3;8;2;3;4;0;0;1;0
2019-01-09 05:34:59;73;44;3;8;2;3;4;0;0;1;0
2019-01-09 05:35:58;73;44;3;8;2;3;4;0;0;1;0
2019-01-09 05:36:59;73;44;3;8;2;3;4;0;0;1;0
2019-01-09 05:37:58;73;44;3;8;2;3;4;0;0;1;0
2019-01-09 05:38:59;73;44;3;8;2;3;4;0;0;1;0
2019-01-09 05:39:59;73;44;3;8;2;3;4;0;0;1;0
2019-01-09 05:40:58;73;44;3;8;2;3;4;0;0;1;0
2019-01-09 05:41:59;73;44;3;8;2;3;4;0;0;1;0
2019-01-09 05:42:58;73;44;3;8;2;3;4;0;0;1;0
2019-01-09 05:43:59;73;44;3;8;2;3;4;0;0;1;0
2019-01-09 05:44:59;73;44;3;8;2;3;4;0;0;1;0
2019-01-09 05:45:58;73;44;3;8;2;3;4;0;0;1;0
2019-01-09 05:46:59;73;44;3;8;2;3;4;0;0;1;0
2019-01-09 05:47:59;74;44;3;8;2;3;4;0;0;1;0
2019-01-09 05:48:58;75;44;3;9;2;3;4;0;0;1;0
2019-01-09 05:49:59;75;44;3;9;2;3;4;0;0;1;0
2019-01-09 05:51:00;76;44;4;9;2;3;4;0;0;1;0
2019-01-09 05:51:58;76;44;4;9;2;3;4;0;0;1;0
2019-01-09 05:52:59;76;44;4;9;2;3;4;0;0;1;0
2019-01-09 05:53:58;76;44;4;9;2;3;4;0;0;1;0
2019-01-09 05:54:59;76;44;4;9;2;3;4;0;0;1;0
2019-01-09 05:55:59;76;44;4;9;2;3;4;0;0;1;0
2019-01-09 05:56:58;76;44;4;9;2;3;4;0;0;1;0
2019-01-09 05:57:59;76;44;4;9;2;3;4;0;0;1;0
2019-01-09 05:58:58;76;44;4;9;2;3;4;0;0;1;0
2019-01-09 05:59:59;76;44;4;9;2;3;4;0;0;1;0
2019-01-09 06:00:59;76;44;4;9;2;3;4;0;0;1;0
2019-01-09 06:01:58;76;44;4;9;2;3;4;0;0;1;0
2019-01-09 06:02:59;76;44;4;9;2;3;4;0;0;1;0
2019-01-09 06:03:59;76;44;4;9;2;3;4;0;0;1;0
2019-01-09 06:04:58;76;44;4;9;2;3;4;0;0;1;0
2019-01-09 06:05:59;76;44;4;9;2;3;4;0;0;1;0
2019-01-09 06:06:59;76;44;4;9;2;3;4;0;0;1;0
2019-01-09 06:07:58;76;44;4;9;2;3;4;0;0;1;0
2019-01-09 06:08:59;76;44;4;9;2;3;4;0;0;1;0
2019-01-09 06:09:58;76;44;4;9;2;3;4;0;0;1;0
2019-01-09 06:10:59;76;44;4;9;2;3;4;0;0;1;0
2019-01-09 06:11:58;76;44;4;9;2;3;4;0;0;1;0
2019-01-09 06:12:59;76;44;4;9;2;3;4;0;0;1;0
2019-01-09 06:13:58;77;44;4;9;2;3;4;0;0;1;0
2019-01-09 06:14:59;77;44;4;9;2;3;4;0;0;1;0
2019-01-09 06:15:59;77;44;4;9;2;3;4;0;0;1;0
2019-01-09 06:16:58;77;44;4;9;2;3;4;0;0;1;0
2019-01-09 06:17:59;78;45;4;9;2;3;4;0;0;1;0
2019-01-09 06:18:58;78;45;4;9;2;3;4;0;0;1;0
2019-01-09 06:19:59;78;45;4;9;2;3;4;0;0;1;0
2019-01-09 06:20:59;78;45;4;9;2;3;4;0;0;1;0
2019-01-09 06:21:58;78;45;4;9;2;3;4;0;0;1;0
2019-01-09 06:22:59;78;45;4;9;2;3;4;0;0;1;0
2019-01-09 06:23:58;78;45;4;9;2;3;4;0;0;1;0
2019-01-09 06:24:59;78;45;4;9;2;3;4;0;0;1;0
2019-01-09 06:25:58;78;45;4;9;2;3;4;0;0;1;0
2019-01-09 06:26:59;78;45;4;9;2;3;4;0;0;1;0
2019-01-09 06:27:59;78;45;4;9;2;3;4;0;0;1;0
2019-01-09 06:28:58;78;45;4;9;2;3;4;0;0;1;0
2019-01-09 06:29:59;78;45;4;9;2;3;4;0;0;1;0
2019-01-09 06:30:59;78;45;4;9;2;3;4;0;0;1;0
2019-01-09 06:31:58;78;45;4;9;2;3;4;0;0;1;0
2019-01-09 06:32:59;78;45;4;9;2;3;4;0;0;1;0
2019-01-09 06:33:58;78;45;4;9;2;3;4;0;0;1;0
2019-01-09 06:34:59;78;45;4;9;2;3;4;0;0;1;0
2019-01-09 06:35:59;78;45;4;9;2;3;4;0;0;1;0
2019-01-09 06:36:58;78;45;4;9;2;3;4;0;0;1;0
2019-01-09 06:37:59;79;46;4;9;2;3;4;0;0;1;0
2019-01-09 06:38:59;79;46;4;9;2;3;4;0;0;1;0
2019-01-09 06:39:59;79;46;4;9;2;3;4;0;0;1;0
2019-01-09 06:40:59;79;46;4;9;2;3;4;0;0;1;0
2019-01-09 06:41:59;79;46;4;9;2;3;4;0;0;1;0
2019-01-09 06:42:59;79;46;4;9;2;3;4;0;0;1;0
2019-01-09 06:43:58;79;46;4;9;2;3;4;0;0;1;0
2019-01-09 06:44:59;79;46;4;9;2;3;4;0;0;1;0
2019-01-09 06:45:59;79;46;4;9;2;3;4;0;0;1;0
2019-01-09 06:46:58;80;46;4;9;3;3;4;0;0;0;0
2019-01-09 06:47:59;80;46;4;9;3;3;4;0;0;0;0
2019-01-09 06:48:58;80;46;4;9;3;3;4;0;0;0;0
2019-01-09 06:49:59;80;46;4;9;3;3;4;0;0;0;0
2019-01-09 06:50:59;80;46;4;9;3;3;4;0;0;0;0
2019-01-09 06:51:58;81;46;4;9;4;3;4;0;0;0;0
2019-01-09 06:52:59;81;46;4;9;4;3;4;0;0;0;0
2019-01-09 06:53:58;81;46;4;9;4;3;4;0;0;0;0
2019-01-09 06:54:59;81;46;4;9;4;3;4;0;0;0;0
2019-01-09 06:55:59;81;46;4;9;4;3;4;0;0;0;0
2019-01-09 06:56:58;81;46;4;9;4;3;4;0;0;0;0
2019-01-09 06:57:59;81;46;4;9;4;3;4;0;0;0;0
2019-01-09 06:58:58;81;46;4;9;4;3;4;0;0;0;0
2019-01-09 06:59:59;81;46;4;9;4;3;4;0;0;0;0
2019-01-09 07:00:58;81;46;4;9;4;3;4;0;0;0;0
2019-01-09 07:01:59;81;46;4;9;4;3;4;0;0;0;0
2019-01-09 07:02:59;81;46;4;9;4;3;4;0;0;0;0
2019-01-09 07:03:58;81;46;4;9;4;3;4;0;0;0;0
2019-01-09 07:04:59;81;46;4;9;4;3;4;0;0;0;0
2019-01-09 07:05:58;83;46;4;9;4;3;4;2;0;1;0
2019-01-09 07:06:59;83;46;4;9;4;3;4;2;0;1;0
2019-01-09 07:07:59;83;46;4;9;4;3;4;2;0;1;0
2019-01-09 07:08:58;83;46;4;9;4;3;4;2;0;1;0
2019-01-09 07:09:59;83;46;4;9;4;3;4;2;0;1;0
2019-01-09 07:10:59;83;46;4;9;4;3;4;2;0;1;0
2019-01-09 07:11:58;83;46;4;9;4;3;4;2;0;1;0
2019-01-09 07:12:59;83;46;4;9;4;3;4;2;0;1;0
2019-01-09 07:13:58;83;46;4;9;4;3;4;2;0;1;0
2019-01-09 07:14:59;83;46;4;9;4;3;4;2;0;1;0
2019-01-09 07:15:59;83;46;4;9;4;3;4;2;0;1;0
2019-01-09 07:16:58;83;46;4;9;4;3;4;2;0;1;0
2019-01-09 07:17:59;83;46;4;9;4;3;4;2;0;1;0
2019-01-09 07:18:59;83;46;4;9;4;3;4;2;0;1;0
2019-01-09 07:19:58;83;46;4;9;4;3;4;2;0;1;0
2019-01-09 07:20:59;83;46;4;9;4;3;4;2;0;1;0
2019-01-09 07:21:58;83;46;4;9;4;3;4;2;0;1;0
2019-01-09 07:22:59;83;46;4;9;4;3;4;2;0;1;0
2019-01-09 07:23:59;83;46;4;9;4;3;4;2;0;1;0
2019-01-09 07:24:58;83;46;4;9;4;3;4;2;0;1;0
2019-01-09 07:25:59;83;46;4;9;4;3;4;2;0;1;0
2019-01-09 07:26:58;83;46;4;9;4;3;4;2;0;1;0
2019-01-09 07:27:59;84;47;4;9;4;3;4;2;0;1;0
2019-01-09 07:28:59;85;47;4;9;5;3;4;2;0;1;0
2019-01-09 07:29:58;86;47;4;9;5;3;4;2;0;2;0
2019-01-09 07:30:59;86;47;4;9;5;3;4;2;0;2;0
2019-01-09 07:31:59;86;47;4;9;5;3;4;2;0;2;0
2019-01-09 07:32:58;86;47;4;9;5;3;4;2;0;2;0
2019-01-09 07:33:59;86;47;4;9;5;3;4;2;0;2;0
2019-01-09 07:34:59;86;47;4;9;5;3;4;2;0;2;0
2019-01-09 07:35:58;86;47;4;9;5;3;4;2;0;2;0
2019-01-09 07:36:59;86;47;4;9;5;3;4;2;0;2;0
2019-01-09 07:37:58;86;47;4;9;5;3;4;2;0;2;0
2019-01-09 07:38:59;86;47;4;9;5;3;4;2;0;2;0
2019-01-09 07:39:58;86;47;4;9;5;3;4;2;0;2;0
2019-01-09 07:40:59;86;47;4;9;5;3;4;2;0;2;0
2019-01-09 07:41:59;86;47;4;9;5;3;4;2;0;2;0
2019-01-09 07:42:58;86;47;4;9;5;3;4;2;0;2;0
2019-01-09 07:43:59;86;47;4;9;5;3;4;2;0;2;0
2019-01-09 07:44:59;86;47;4;9;5;3;4;2;0;2;0
2019-01-09 07:45:58;86;47;4;9;5;3;4;2;0;2;0
2019-01-09 07:46:59;87;48;4;9;5;3;4;2;0;2;0
2019-01-09 07:47:59;87;48;4;9;5;3;4;2;0;2;0
2019-01-09 07:48:58;87;48;4;9;5;3;4;2;0;2;0
2019-01-09 07:49:59;87;48;4;9;5;3;4;2;0;2;0
2019-01-09 07:50:58;87;48;4;9;5;3;4;2;0;2;0
2019-01-09 07:51:59;87;48;4;9;5;3;4;2;0;2;0
2019-01-09 07:52:58;87;48;4;9;5;3;4;2;0;2;0
2019-01-09 07:53:59;88;48;4;10;5;3;4;2;0;2;0
2019-01-09 07:54:59;88;48;4;10;5;3;4;2;0;2;0
2019-01-09 07:55:58;88;48;4;10;5;3;4;2;0;2;0
2019-01-09 07:56:59;89;49;4;10;5;3;4;2;0;2;0
2019-01-09 07:57:58;89;49;4;10;5;3;4;2;0;2;0
2019-01-09 07:58:59;90;50;4;10;5;3;4;2;0;2;0
2019-01-09 07:59:58;90;50;4;10;5;3;4;2;0;2;0
2019-01-09 08:00:59;90;50;4;10;5;3;4;2;0;2;0
2019-01-09 08:01:59;90;50;4;10;5;3;4;2;0;2;0
2019-01-09 08:02:58;90;50;4;10;5;3;4;2;0;2;0
2019-01-09 08:03:59;90;50;4;10;5;3;4;2;0;2;0
2019-01-09 08:04:59;90;50;4;10;5;3;4;2;0;2;0
2019-01-09 08:05:58;91;51;4;10;5;3;4;2;0;2;0
2019-01-09 08:06:59;91;51;4;10;5;3;4;2;0;2;0
2019-01-09 08:07:59;91;51;4;10;5;3;4;2;0;2;0
2019-01-09 08:08:58;91;51;4;10;5;3;4;2;0;2;0
2019-01-09 08:09:59;91;51;4;10;5;3;4;2;0;2;0
2019-01-09 08:10:58;91;51;4;10;5;3;4;2;0;2;0
2019-01-09 08:11:59;91;51;4;10;5;3;4;2;0;2;0
2019-01-09 08:12:59;91;51;4;10;5;3;4;2;0;2;0
2019-01-09 08:13:58;91;51;4;10;5;3;4;2;0;2;0
2019-01-09 08:14:59;91;51;4;10;5;3;4;2;0;2;0
2019-01-09 08:15:59;91;51;4;10;5;3;4;2;0;2;0
2019-01-09 08:16:58;91;51;4;10;5;3;4;2;0;2;0
2019-01-09 08:17:59;91;51;4;10;5;3;4;2;0;2;0
2019-01-09 08:18:58;91;51;4;10;5;3;4;2;0;2;0
2019-01-09 08:19:59;91;51;4;10;5;3;4;2;0;2;0
2019-01-09 08:20:59;91;51;4;10;5;3;4;2;0;2;0
2019-01-09 08:21:58;91;51;4;10;5;3;4;2;0;2;0
2019-01-09 08:22:59;93;52;4;10;6;3;4;2;0;2;0
2019-01-09 08:23:59;94;53;4;10;6;3;4;2;0;2;0
2019-01-09 08:24:58;94;53;4;10;6;3;4;2;0;2;0
2019-01-09 08:25:59;94;53;4;10;6;3;4;2;0;2;0
2019-01-09 08:26:59;94;53;4;10;6;3;4;2;0;2;0
2019-01-09 08:27:58;94;53;4;10;6;3;4;2;0;2;0
2019-01-09 08:28:59;94;53;4;10;6;3;4;2;0;2;0
2019-01-09 08:29:59;95;53;4;10;6;3;4;2;0;2;0
2019-01-09 08:30:58;95;53;4;10;6;3;4;2;0;2;0
2019-01-09 08:31:59;95;53;4;10;6;3;4;2;0;2;0
2019-01-09 08:32:58;95;53;4;10;6;3;4;2;0;2;0
2019-01-09 08:33:59;95;53;4;10;6;3;4;2;0;2;0
2019-01-09 08:34:59;95;53;4;10;6;3;4;2;0;2;0
2019-01-09 08:35:58;96;54;4;10;6;3;4;2;0;2;0
2019-01-09 08:36:59;97;54;4;10;7;3;4;2;0;2;0
2019-01-09 08:37:58;98;54;4;10;8;3;4;2;0;2;0
2019-01-09 08:38:59;99;54;4;10;9;3;4;2;0;2;0
2019-01-09 08:39:59;99;54;4;10;9;3;4;2;0;2;0
2019-01-09 08:40:58;101;55;5;10;9;3;4;2;0;2;0
2019-01-09 08:41:59;101;55;5;10;9;3;4;2;0;2;0
2019-01-09 08:42:58;101;55;5;10;9;3;4;2;0;2;0
2019-01-09 08:43:59;101;55;5;10;9;3;4;2;0;2;0
2019-01-09 08:44:59;101;55;5;10;9;3;4;2;0;2;0
2019-01-09 08:45:58;101;55;5;10;9;3;4;2;0;2;0
2019-01-09 08:46:59;101;55;5;10;9;3;4;2;0;2;0
2019-01-09 08:47:59;101;55;5;10;9;3;4;2;0;2;0
2019-01-09 08:48:58;101;55;5;10;9;3;4;2;0;2;0
2019-01-09 08:49:59;101;55;5;10;9;3;4;2;0;2;0
2019-01-09 08:50:58;101;55;5;10;9;3;4;2;0;2;0
2019-01-09 08:52:00;101;55;5;10;9;3;4;2;0;2;0
2019-01-09 08:52:58;101;55;5;10;9;3;4;2;0;2;0
2019-01-09 08:53:59;101;55;5;10;9;3;4;2;0;2;0
2019-01-09 08:54:58;101;55;5;10;9;3;4;2;0;2;0
2019-01-09 08:55:59;101;55;5;10;9;3;4;2;0;2;0
2019-01-09 08:56:58;101;55;5;10;9;3;4;2;0;2;0
2019-01-09 08:57:59;101;55;5;10;9;3;4;2;0;2;0
2019-01-09 08:58:58;101;55;5;10;9;3;4;2;0;2;0
2019-01-09 08:59:59;101;55;5;10;9;3;4;2;0;2;0
2019-01-09 09:01:00;101;55;5;10;9;3;4;2;0;2;0
2019-01-09 09:01:59;101;55;5;10;9;3;4;2;0;2;0
2019-01-09 09:02:59;101;55;5;10;9;3;4;2;0;2;0
2019-01-09 09:03:59;101;55;5;10;9;3;4;2;0;2;0
2019-01-09 09:04:58;101;55;5;10;9;3;4;2;0;2;0
2019-01-09 09:05:59;101;55;5;10;9;3;4;2;0;2;0
2019-01-09 09:06:59;101;55;5;10;9;3;4;2;0;2;0
2019-01-09 09:07:58;101;55;5;10;9;3;4;2;0;2;0
2019-01-09 09:08:59;101;55;5;10;9;3;4;2;0;2;0
2019-01-09 09:09:58;101;55;5;10;9;3;4;2;0;2;0
2019-01-09 09:10:59;101;55;5;10;9;3;4;2;0;2;0
2019-01-09 09:11:59;101;55;5;10;9;3;4;2;0;2;0
2019-01-09 09:12:58;102;55;6;10;9;3;4;2;0;2;0
2019-01-09 09:13:59;102;55;6;10;9;3;4;2;0;2;0
2019-01-09 09:14:59;102;55;6;10;9;3;4;2;0;2;0
2019-01-09 09:15:58;102;55;6;10;9;3;4;2;0;2;0
2019-01-09 09:16:59;103;55;6;10;9;3;4;2;0;2;0
2019-01-09 09:17:58;103;55;6;10;9;3;4;2;0;2;0
2019-01-09 09:18:59;103;55;6;10;9;3;4;2;0;2;0
2019-01-09 09:19:59;103;55;6;10;9;3;4;2;0;2;0
2019-01-09 09:20:58;103;55;6;10;9;3;4;2;0;2;0
2019-01-09 09:21:59;103;55;6;10;9;3;4;2;0;2;0
2019-01-09 09:22:58;104;56;6;10;9;3;4;2;0;2;0
2019-01-09 09:23:59;104;56;6;10;9;3;4;2;0;2;0
2019-01-09 09:24:59;104;56;6;10;9;3;4;2;0;2;0
2019-01-09 09:25:58;106;57;6;11;9;3;4;2;0;2;0
2019-01-09 09:26:59;106;57;6;11;9;3;4;2;0;2;0
2019-01-09 09:27:59;106;57;6;11;9;3;4;2;0;2;0
2019-01-09 09:28:58;107;57;6;11;9;3;4;2;0;2;1
2019-01-09 09:29:59;107;57;6;11;9;3;4;2;0;2;1
2019-01-09 09:30:59;107;57;6;11;9;3;4;2;0;2;1
2019-01-09 09:31:58;107;57;6;11;9;3;4;2;0;2;1
2019-01-09 09:32:59;107;57;6;11;9;3;4;2;0;2;1
2019-01-09 09:33:59;107;57;6;11;9;3;4;2;0;2;1
2019-01-09 09:34:58;107;57;6;11;9;3;4;2;0;2;1
2019-01-09 09:35:59;107;57;6;11;9;3;4;2;0;2;1
2019-01-09 09:36:59;107;57;6;11;9;3;4;2;0;2;1
2019-01-09 09:37:58;107;57;6;11;9;3;4;2;0;2;1
2019-01-09 09:38:59;107;57;6;11;9;3;4;2;0;2;1
2019-01-09 09:39:58;107;57;6;11;9;3;4;2;0;2;1
2019-01-09 09:40:59;107;57;6;11;9;3;4;2;0;2;1
2019-01-09 09:41:59;108;58;6;11;9;3;4;2;0;2;1
2019-01-09 09:42:58;108;58;6;11;9;3;4;2;0;2;1
2019-01-09 09:43:59;108;58;6;11;9;3;4;2;0;2;1
2019-01-09 09:44:58;108;58;6;11;9;3;4;2;0;2;1
2019-01-09 09:45:59;109;59;6;11;9;3;4;2;0;2;1
2019-01-09 09:46:59;109;59;6;11;9;3;4;2;0;2;1
2019-01-09 09:47:58;109;59;6;11;9;3;4;2;0;2;1
2019-01-09 09:48:59;109;59;6;11;9;3;4;2;0;2;1
2019-01-09 09:49:59;109;59;6;11;9;3;4;2;0;2;1
2019-01-09 09:50:58;109;59;6;11;9;3;4;2;0;2;1
2019-01-09 09:51:59;109;59;6;11;9;3;4;2;0;2;1
2019-01-09 09:52:59;110;60;6;11;9;3;4;2;0;2;1
2019-01-09 09:53:58;110;60;6;11;9;3;4;2;0;2;1
2019-01-09 09:54:59;111;61;6;11;9;3;4;2;0;2;1
2019-01-09 09:55:59;111;61;6;11;9;3;4;2;0;2;1
2019-01-09 09:56:58;111;61;6;11;9;3;4;2;0;2;1
2019-01-09 09:57:59;113;62;6;11;9;3;4;2;0;2;0
2019-01-09 09:58:58;113;62;6;11;9;3;4;2;0;2;0
2019-01-09 09:59:59;113;62;6;11;9;3;4;2;0;2;0
2019-01-09 10:00:59;114;63;6;11;9;3;4;2;0;2;0
2019-01-09 10:01:58;115;64;6;11;9;3;4;2;0;2;0
2019-01-09 10:02:59;117;66;6;11;9;3;4;2;0;2;0
2019-01-09 10:03:58;117;66;6;11;9;3;4;2;0;2;0
2019-01-09 10:04:59;117;66;6;11;9;3;4;2;0;2;0
2019-01-09 10:05:59;117;66;6;11;9;3;4;2;1;2;0
2019-01-09 10:06:58;118;66;6;12;9;3;4;2;1;2;0
2019-01-09 10:07:59;119;66;6;12;9;3;4;2;2;2;0
2019-01-09 10:08:59;119;66;6;12;9;3;4;2;2;2;0
2019-01-09 10:09:58;119;66;6;12;9;3;4;2;2;2;0
2019-01-09 10:10:59;119;66;6;12;9;3;4;2;2;2;0
2019-01-09 10:11:59;119;66;6;12;9;3;4;2;2;2;0
2019-01-09 10:12:58;119;66;6;12;9;3;4;2;2;2;0
2019-01-09 10:13:59;120;67;6;12;9;3;4;2;2;2;0
2019-01-09 10:14:59;122;69;6;12;9;3;4;2;2;2;0
2019-01-09 10:15:58;122;69;6;12;9;3;4;2;2;2;0
2019-01-09 10:16:59;122;69;6;12;9;3;4;2;2;2;0
2019-01-09 10:17:58;122;69;6;12;9;3;4;2;2;2;0
2019-01-09 10:18:59;122;69;6;12;9;3;4;2;2;2;0
2019-01-09 10:19:58;122;69;6;12;9;3;4;2;2;2;0
2019-01-09 10:20:59;122;69;6;12;9;3;4;2;2;2;0
2019-01-09 10:21:59;122;69;6;12;9;3;4;2;2;2;0
2019-01-09 10:22:58;122;69;6;12;9;3;4;2;2;2;0
2019-01-09 10:23:59;122;69;6;12;9;3;4;2;2;2;0
2019-01-09 10:24:59;122;69;6;12;9;3;4;2;2;2;0
2019-01-09 10:25:58;122;69;6;12;9;3;4;2;2;2;0
2019-01-09 10:26:59;122;69;6;12;9;3;4;2;2;2;0
2019-01-09 10:27:59;123;70;6;12;9;3;4;2;2;2;0
2019-01-09 10:28:58;125;71;6;13;9;3;4;2;2;2;0
2019-01-09 10:29:59;125;71;6;13;9;3;4;2;2;2;0
2019-01-09 10:30:58;125;71;6;13;9;3;4;2;2;2;0
2019-01-09 10:31:59;125;71;6;13;9;3;4;2;2;2;0
2019-01-09 10:32:59;126;72;6;13;9;3;4;2;2;2;0
2019-01-09 10:33:58;126;72;6;13;9;3;4;2;2;2;0
2019-01-09 10:34:59;126;72;6;13;9;3;4;2;2;2;0
2019-01-09 10:35:59;127;73;6;13;9;3;4;2;2;2;0
2019-01-09 10:36:58;127;73;6;13;9;3;4;2;2;2;0
2019-01-09 10:37:59;127;73;6;13;9;3;4;2;2;2;0
2019-01-09 10:38:58;127;73;6;13;9;3;4;2;2;2;0
2019-01-09 10:39:59;127;73;6;13;9;3;4;2;2;2;0
2019-01-09 10:40:59;127;73;6;13;9;3;4;2;2;2;0
2019-01-09 10:41:58;129;75;6;13;9;3;4;2;2;2;0
2019-01-09 10:42:59;130;75;7;13;9;3;4;2;2;2;0
2019-01-09 10:43:58;130;75;7;13;9;3;4;2;2;2;0
2019-01-09 10:44:59;130;75;7;13;9;3;4;2;2;2;0
2019-01-09 10:45:59;130;75;7;13;9;3;4;2;2;2;0
2019-01-09 10:46:58;131;76;7;13;9;3;4;2;2;2;0
2019-01-09 10:47:59;132;77;7;13;9;3;4;2;2;2;0
2019-01-09 10:48:59;132;77;7;13;9;3;4;2;2;2;0
2019-01-09 10:49:58;132;77;7;13;9;3;4;2;2;2;0
2019-01-09 10:50:59;132;77;7;13;9;3;4;2;2;2;0
2019-01-09 10:51:59;133;78;7;13;9;3;4;2;2;2;0
2019-01-09 10:52:58;133;78;7;13;9;3;4;2;2;2;0
2019-01-09 10:53:59;133;78;7;13;9;3;4;2;2;2;0
2019-01-09 10:54:59;133;78;7;13;9;3;4;2;2;2;0
2019-01-09 10:55:58;133;78;7;13;9;3;4;2;2;2;0
2019-01-09 10:56:59;134;79;7;13;9;3;4;2;2;2;0
2019-01-09 10:57:58;134;79;7;13;9;3;4;2;2;2;0
2019-01-09 10:58:59;134;79;7;13;9;3;4;2;2;2;0
2019-01-09 10:59:59;134;79;7;13;9;3;4;2;2;2;0
2019-01-09 11:00:58;134;79;7;13;9;3;4;2;2;2;0
2019-01-09 11:01:59;134;79;7;13;9;3;4;2;2;2;0
2019-01-09 11:02:59;134;79;7;13;9;3;4;2;2;2;0
2019-01-09 11:03:58;134;79;7;13;9;3;4;2;2;2;0
2019-01-09 11:04:59;135;79;8;13;9;3;4;2;2;2;0
2019-01-09 11:05:59;136;79;8;13;10;3;4;2;2;2;0
2019-01-09 11:06:58;137;80;8;13;10;3;4;2;2;2;0
2019-01-09 11:07:59;137;80;8;13;10;3;4;2;2;2;0
2019-01-09 11:08:59;137;80;8;13;10;3;4;2;2;2;0
2019-01-09 11:09:58;137;80;8;13;10;3;4;2;2;2;0
2019-01-09 11:10:59;137;80;8;13;10;3;4;2;2;2;0
2019-01-09 11:11:58;138;81;8;13;10;3;4;2;2;2;0
2019-01-09 11:12:59;138;81;8;13;10;3;4;2;2;2;0
2019-01-09 11:13:59;138;81;8;13;10;3;4;2;2;2;0
2019-01-09 11:14:58;139;81;8;13;10;3;4;2;0;2;2
2019-01-09 11:15:59;139;81;8;13;10;3;4;2;0;2;2
2019-01-09 11:17:00;139;81;8;13;10;3;4;2;0;2;2
2019-01-09 11:17:58;139;81;8;13;10;3;4;2;0;2;2
2019-01-09 11:18:59;139;81;8;13;10;3;4;2;0;2;2
2019-01-09 11:19:58;139;81;8;13;10;3;4;2;0;2;2
2019-01-09 11:20:59;139;81;8;13;10;3;4;2;0;2;2
2019-01-09 11:21:59;139;81;8;13;10;3;4;2;0;2;2
2019-01-09 11:22:58;139;81;8;13;10;3;4;2;0;2;2
2019-01-09 11:23:59;139;81;8;13;10;3;4;2;0;2;2
2019-01-09 11:24:59;139;81;8;13;10;3;4;2;0;2;2
2019-01-09 11:25:58;139;81;8;13;10;3;4;2;0;2;2
2019-01-09 11:26:59;139;81;8;13;10;3;4;2;0;2;2
2019-01-09 11:27:59;139;81;8;13;10;3;4;2;0;2;2
2019-01-09 11:28:58;140;81;9;13;10;3;4;2;0;2;2
2019-01-09 11:29:59;140;81;9;13;10;3;4;2;0;2;2
2019-01-09 11:30:58;140;81;9;13;10;3;4;2;0;2;2
2019-01-09 11:31:59;140;81;9;13;10;3;4;2;0;2;2
2019-01-09 11:32:59;140;81;9;13;10;3;4;2;0;2;2
2019-01-09 11:33:58;140;81;9;13;10;3;4;2;0;2;2
2019-01-09 11:34:59;140;81;9;13;10;3;4;2;0;2;2
2019-01-09 11:35:59;140;81;9;13;10;3;4;2;0;2;2
2019-01-09 11:36:58;140;81;9;13;10;3;4;2;0;2;2
2019-01-09 11:37:59;141;81;9;14;10;3;4;2;0;2;2
2019-01-09 11:38:59;142;82;9;14;10;3;4;2;0;2;2
2019-01-09 11:39:58;142;82;9;14;10;3;4;2;0;2;2
2019-01-09 11:40:59;142;82;9;14;10;3;4;2;0;2;2
2019-01-09 11:41:59;142;82;9;14;10;3;4;2;0;2;2
2019-01-09 11:42:58;142;82;9;14;10;3;4;2;0;2;2
2019-01-09 11:43:59;142;82;9;14;10;3;4;2;0;2;2
2019-01-09 11:44:58;143;83;9;14;10;3;4;2;0;2;2
2019-01-09 11:45:59;144;84;9;14;10;3;4;2;0;2;2
2019-01-09 11:46:59;144;84;9;14;10;3;4;2;0;2;2
2019-01-09 11:47:58;144;84;9;14;10;3;4;2;0;2;2
2019-01-09 11:48:59;144;84;9;14;10;3;4;2;0;2;2
2019-01-09 11:49:59;144;84;9;14;10;3;4;2;0;2;2
2019-01-09 11:50:58;144;84;9;14;10;3;4;2;0;2;2
2019-01-09 11:51:59;144;84;9;14;10;3;4;2;0;2;2
2019-01-09 11:52:58;145;84;9;15;10;3;4;2;0;2;2
2019-01-09 11:53:59;145;84;9;15;10;3;4;2;0;2;2
2019-01-09 11:54:59;145;84;9;15;10;3;4;2;0;2;2
2019-01-09 11:55:58;145;84;9;15;10;3;4;2;0;2;2
2019-01-09 11:56:59;146;84;9;16;10;3;4;2;0;2;2
2019-01-09 11:57:58;146;84;9;16;10;3;4;2;0;2;2
2019-01-09 11:58:59;147;84;10;16;10;3;4;2;0;2;2
2019-01-09 11:59:58;147;84;10;16;10;3;4;2;0;2;2
2019-01-09 12:00:59;148;84;10;16;10;3;4;2;0;2;2
2019-01-09 12:01:59;148;84;10;16;10;3;4;2;0;2;2
2019-01-09 12:02:58;149;84;10;17;10;3;4;2;0;2;2
2019-01-09 12:03:59;149;84;10;17;10;3;4;2;0;2;2
2019-01-09 12:04:59;149;84;10;17;10;3;4;2;0;2;2
2019-01-09 12:05:58;149;84;10;17;10;3;4;2;0;2;2
2019-01-09 12:06:59;149;84;10;17;10;3;4;2;0;2;2
2019-01-09 12:07:59;149;84;10;17;10;3;4;2;0;2;2
2019-01-09 12:08:58;149;84;10;17;10;3;4;2;0;2;2
2019-01-09 12:09:59;149;84;10;17;10;3;4;2;0;2;2
2019-01-09 12:10:59;149;84;10;17;10;3;4;2;0;2;2
2019-01-09 12:11:58;149;84;10;17;10;3;4;2;0;2;2
2019-01-09 12:12:59;149;84;10;17;10;3;4;2;0;2;2
2019-01-09 12:13:59;149;84;10;17;10;3;4;2;0;2;2
2019-01-09 12:14:58;149;84;10;17;10;3;4;2;0;2;2
2019-01-09 12:15:59;149;84;10;17;10;3;4;2;0;2;2
2019-01-09 12:16:58;149;84;10;17;10;3;4;2;0;2;2
2019-01-09 12:17:59;149;84;10;17;10;3;4;2;0;2;2
2019-01-09 12:18:58;149;84;10;17;10;3;4;2;0;2;2
2019-01-09 12:19:59;149;84;10;17;10;3;4;2;0;2;2
2019-01-09 12:20:59;149;84;10;17;10;3;4;2;0;2;2
2019-01-09 12:21:58;149;84;10;17;10;3;4;2;0;2;2
2019-01-09 12:22:59;149;84;10;17;10;3;4;2;0;2;2
2019-01-09 12:23:59;150;85;10;17;10;3;4;2;0;2;2
2019-01-09 12:24:58;150;85;10;17;10;3;4;2;0;2;2
2019-01-09 12:25:59;150;85;10;17;10;3;4;2;0;2;2
2019-01-09 12:26:59;150;85;10;17;10;3;4;2;0;2;2
2019-01-09 12:27:58;151;86;10;17;10;3;4;2;0;2;2
2019-01-09 12:28:59;153;87;10;17;10;3;4;2;0;2;3
2019-01-09 12:29:59;153;87;10;17;10;3;4;2;0;2;3
2019-01-09 12:30:58;153;87;10;17;10;3;4;2;0;2;3
2019-01-09 12:31:59;153;87;10;17;10;3;4;2;0;2;3
2019-01-09 12:32:59;153;87;10;17;10;3;4;2;0;2;3
2019-01-09 12:33:58;153;87;10;17;10;3;4;2;0;2;3
2019-01-09 12:34:59;153;87;10;17;10;3;4;2;0;2;3
2019-01-09 12:35:59;154;88;10;17;10;3;4;2;0;2;3
2019-01-09 12:36:58;154;88;10;17;10;3;4;2;0;2;3
2019-01-09 12:37:59;154;88;10;17;10;3;4;2;0;2;3
2019-01-09 12:38:59;154;88;10;17;10;3;4;2;0;2;3
2019-01-09 12:39:58;154;88;10;17;10;3;4;2;0;2;3
2019-01-09 12:40:59;154;88;10;17;10;3;4;2;0;2;3
2019-01-09 12:41:58;154;88;10;17;10;3;4;2;0;2;3
2019-01-09 12:42:59;155;89;10;17;10;3;4;2;0;2;3
2019-01-09 12:43:59;157;90;10;17;11;3;4;2;0;2;3
2019-01-09 12:44:58;157;90;10;17;11;3;4;2;0;2;3
2019-01-09 12:45:59;157;90;10;17;11;3;4;2;0;2;3
2019-01-09 12:46:59;157;90;10;17;11;3;4;2;0;2;3
2019-01-09 12:47:58;157;90;10;17;11;3;4;2;0;2;3
2019-01-09 12:48:59;157;90;10;17;11;3;4;2;0;2;3
2019-01-09 12:49:59;157;90;10;17;11;3;4;2;0;2;3
2019-01-09 12:50:58;158;91;10;17;11;3;4;2;0;2;3
2019-01-09 12:51:59;158;91;10;17;11;3;4;2;0;2;3
2019-01-09 12:52:59;158;91;10;17;11;3;4;2;0;2;3
2019-01-09 12:53:58;158;91;10;17;11;3;4;2;0;2;3
2019-01-09 12:55:00;158;91;10;17;11;3;4;2;0;2;3
2019-01-09 12:55:58;159;91;10;17;11;3;4;2;0;2;4
2019-01-09 12:56:59;159;91;10;17;11;3;4;2;0;2;4
2019-01-09 12:57:58;159;91;10;17;11;3;4;2;0;2;4
2019-01-09 12:58:59;159;91;10;17;11;3;4;2;0;2;4
2019-01-09 12:59:59;159;91;10;17;11;3;4;2;0;2;4
2019-01-09 13:00:58;159;91;10;17;11;3;4;2;0;2;4
2019-01-09 13:01:59;159;91;10;17;11;3;4;2;0;2;4
2019-01-09 13:02:58;159;91;10;17;11;3;4;2;0;2;4
2019-01-09 13:03:59;159;91;10;17;11;3;4;2;0;2;4
2019-01-09 13:04:59;159;91;10;17;11;3;4;2;0;2;4
2019-01-09 13:05:58;159;91;10;17;11;3;4;2;0;2;4
2019-01-09 13:06:59;159;91;10;17;11;3;4;2;0;2;4
2019-01-09 13:07:59;159;91;10;17;11;3;4;2;0;2;4
2019-01-09 13:08:58;159;91;10;17;11;3;4;2;0;2;4
2019-01-09 13:09:59;159;91;10;17;11;3;4;2;0;2;4
2019-01-09 13:10:59;159;91;10;17;11;3;4;2;0;2;4
2019-01-09 13:11:58;159;91;10;17;11;3;4;2;0;2;4
2019-01-09 13:12:59;161;92;10;17;11;3;4;2;3;0;4
2019-01-09 13:13:59;161;92;10;17;11;3;4;2;3;0;4
2019-01-09 13:14:58;161;92;10;17;11;3;4;2;3;0;4
2019-01-09 13:15:59;163;93;10;17;11;3;4;0;3;2;4
2019-01-09 13:16:59;163;93;10;17;11;3;4;0;3;2;4
2019-01-09 13:17:58;163;93;10;17;11;3;4;0;3;2;4
2019-01-09 13:18:59;163;93;10;17;11;3;4;0;3;2;4
2019-01-09 13:19:59;163;93;10;17;11;3;4;0;3;2;4
2019-01-09 13:20:58;163;93;10;17;11;3;4;0;3;2;4
2019-01-09 13:21:59;163;93;10;17;11;3;4;0;3;2;4
2019-01-09 13:22:58;163;93;10;17;11;3;4;0;3;2;4
2019-01-09 13:23:59;163;93;10;17;11;3;4;0;3;2;4
2019-01-09 13:24:59;164;94;10;17;11;3;4;0;3;2;4
2019-01-09 13:25:58;165;95;10;17;11;3;4;0;3;2;4
2019-01-09 13:26:59;165;95;10;17;11;3;4;0;3;2;4
2019-01-09 13:27:59;165;95;10;17;11;3;4;0;3;2;4
2019-01-09 13:28:58;165;95;10;17;11;3;4;0;3;2;4
2019-01-09 13:29:59;165;95;10;17;11;3;4;0;3;2;4
2019-01-09 13:30:58;166;96;10;17;11;3;4;0;3;2;4
2019-01-09 13:31:59;167;96;10;17;12;3;4;0;3;2;4
2019-01-09 13:32:59;167;96;10;17;12;3;4;0;3;2;4
2019-01-09 13:33:58;167;96;10;17;12;3;4;0;3;2;4
2019-01-09 13:34:59;167;96;10;17;12;3;4;0;3;2;4
2019-01-09 13:35:59;167;96;10;17;12;3;4;0;3;2;4
2019-01-09 13:36:58;167;96;10;17;12;3;4;0;3;2;4
2019-01-09 13:37:59;168;97;10;17;12;3;4;0;3;2;4
2019-01-09 13:38:59;169;98;10;17;12;3;4;0;3;2;4
2019-01-09 13:39:58;170;99;10;17;12;3;4;0;3;2;4
2019-01-09 13:40:59;170;99;10;17;12;3;4;0;3;2;4
2019-01-09 13:41:59;170;99;10;17;12;3;4;0;3;2;4
2019-01-09 13:42:58;170;99;10;17;12;3;4;0;3;2;4
2019-01-09 13:43:59;170;99;10;17;12;3;4;0;3;2;4
2019-01-09 13:44:58;171;100;10;17;12;3;4;0;3;2;4
2019-01-09 13:45:59;171;100;10;17;12;3;4;0;3;2;4
2019-01-09 13:46:59;172;100;11;17;12;3;4;0;3;2;4
2019-01-09 13:47:58;172;100;11;17;12;3;4;0;3;2;4
2019-01-09 13:48:59;174;102;11;17;12;3;4;0;3;2;4
2019-01-09 13:49:59;174;102;11;17;12;3;4;0;3;2;4
2019-01-09 13:50:58;175;102;11;18;12;3;4;0;3;2;4
2019-01-09 13:51:59;175;102;11;18;12;3;4;0;3;2;4
2019-01-09 13:52:58;175;102;11;18;12;3;4;0;3;2;4
2019-01-09 13:53:59;175;102;11;18;12;3;4;0;3;2;4
2019-01-09 13:54:59;175;102;11;18;12;3;4;0;3;2;4
2019-01-09 13:55:58;175;102;11;18;12;3;4;0;3;2;4
2019-01-09 13:56:59;175;102;11;18;12;3;4;0;3;2;4
2019-01-09 13:57:59;175;102;11;18;12;3;4;0;3;2;4
2019-01-09 13:58:58;175;102;11;18;12;3;4;0;3;2;4
2019-01-09 13:59:59;175;102;11;18;12;3;4;0;3;2;4
2019-01-09 14:00:58;175;102;11;18;12;3;4;0;3;2;4
2019-01-09 14:01:59;175;102;11;18;12;3;4;0;3;2;4
2019-01-09 14:02:59;175;102;11;18;12;3;4;0;3;2;4
2019-01-09 14:03:59;175;102;11;18;12;3;4;0;3;2;4
2019-01-09 14:04:58;175;102;11;18;12;3;4;0;3;2;4
2019-01-09 14:05:59;175;102;11;18;12;3;4;0;3;2;4
2019-01-09 14:06:58;175;102;11;18;12;3;4;0;3;2;4
2019-01-09 14:07:59;175;102;11;18;12;3;4;0;3;2;4
2019-01-09 14:08:58;175;102;11;18;12;3;4;0;3;2;4
2019-01-09 14:09:59;175;102;11;18;12;3;4;0;3;2;4
2019-01-09 14:10:59;175;102;11;18;12;3;4;0;3;2;4
2019-01-09 14:11:58;175;102;11;18;12;3;4;0;3;2;4
2019-01-09 14:12:59;175;102;11;18;12;3;4;0;3;2;4
2019-01-09 14:13:58;175;102;11;18;12;3;4;0;3;2;4
2019-01-09 14:14:59;175;102;11;18;12;3;4;0;3;2;4
2019-01-09 14:15:59;175;102;11;18;12;3;4;0;3;2;4
2019-01-09 14:16:58;175;102;11;18;12;3;4;0;3;2;4
2019-01-09 14:17:59;176;103;11;18;12;3;4;0;3;2;4
2019-01-09 14:18:59;176;103;11;18;12;3;4;0;3;2;4
2019-01-09 14:19:58;176;103;11;18;12;3;4;0;3;2;4
2019-01-09 14:20:59;176;103;11;18;12;3;4;0;3;2;4
2019-01-09 14:21:58;177;104;11;18;12;3;4;0;3;2;4
2019-01-09 14:22:59;177;104;11;18;12;3;4;0;3;2;4
2019-01-09 14:23:59;177;104;11;18;12;3;4;0;3;2;4
2019-01-09 14:24:59;177;104;11;18;12;3;4;0;3;2;4
2019-01-09 14:25:58;177;104;11;18;12;3;4;0;3;2;4
2019-01-09 14:26:59;178;105;11;18;12;3;4;0;3;2;4
2019-01-09 14:27:59;178;105;11;18;12;3;4;0;3;2;4
2019-01-09 14:28:58;178;105;11;18;12;3;4;0;3;2;4
2019-01-09 14:29:59;178;105;11;18;12;3;4;0;3;2;4
2019-01-09 14:30:58;178;105;11;18;12;3;4;0;3;2;4
2019-01-09 14:31:59;178;105;11;18;12;3;4;0;3;2;4
2019-01-09 14:32:59;179;105;12;18;12;3;4;0;3;2;4
2019-01-09 14:33:58;179;105;12;18;12;3;4;0;3;2;4
2019-01-09 14:34:59;179;105;12;18;12;3;4;0;3;2;4
2019-01-09 14:35:59;179;105;12;18;12;3;4;0;3;2;4
2019-01-09 14:36:58;179;105;12;18;12;3;4;0;3;2;4
2019-01-09 14:37:59;179;105;12;18;12;3;4;0;3;2;4
2019-01-09 14:38:59;179;105;12;18;12;3;4;0;3;2;4
2019-01-09 14:39:58;179;105;12;18;12;3;4;0;3;2;4
2019-01-09 14:40:59;179;105;12;18;12;3;4;0;3;2;4
2019-01-09 14:41:59;179;105;13;17;12;3;4;0;3;2;4
2019-01-09 14:42:58;179;105;15;17;10;3;4;0;3;2;4
2019-01-09 14:43:59;179;105;16;17;9;3;4;0;3;2;4
2019-01-09 14:44:59;179;105;16;17;9;3;4;0;3;2;4
2019-01-09 14:45:58;180;105;17;17;9;3;4;0;3;2;4
2019-01-09 14:46:59;180;105;17;17;9;3;4;0;3;2;4
2019-01-09 14:47:59;180;105;17;17;9;3;4;0;3;2;4
2019-01-09 14:48:58;180;105;17;17;9;3;4;0;3;2;4
2019-01-09 14:49:59;180;105;17;17;9;3;4;0;3;2;4
2019-01-09 14:50:59;180;105;17;17;9;3;4;0;3;2;4
2019-01-09 14:51:58;181;105;17;17;9;3;4;0;3;2;5
2019-01-09 14:52:59;181;105;17;17;9;3;4;0;3;2;5
2019-01-09 14:53:58;181;105;17;17;9;3;4;0;3;2;5
2019-01-09 14:54:59;181;105;17;17;9;3;4;0;3;2;5
2019-01-09 14:55:59;181;105;17;17;9;3;4;0;3;2;5
2019-01-09 14:56:58;181;105;17;17;9;3;4;0;3;2;5
2019-01-09 14:57:59;181;105;17;17;9;3;4;0;3;2;5
2019-01-09 14:58:58;182;106;17;17;9;3;4;0;3;2;5
2019-01-09 14:59:59;182;106;17;17;9;3;4;0;3;2;5
2019-01-09 15:00:59;182;106;17;17;9;3;4;0;3;2;5
2019-01-09 15:01:58;183;106;17;18;9;3;4;0;3;2;5
2019-01-09 15:02:59;183;106;17;18;9;3;4;0;3;2;5
2019-01-09 15:03:58;183;106;17;18;9;3;4;0;3;2;5
2019-01-09 15:04:59;183;106;17;18;9;3;4;0;3;2;5
2019-01-09 15:05:59;183;106;17;18;9;3;4;0;3;2;5
2019-01-09 15:06:58;183;106;17;18;9;3;4;0;3;2;5
2019-01-09 15:07:58;183;106;17;18;9;3;4;0;3;2;5
2019-01-09 15:08:59;183;106;17;18;9;3;4;0;3;2;5
2019-01-09 15:09:58;183;106;17;18;9;3;4;0;3;2;5
2019-01-09 15:10:59;184;106;17;18;9;3;4;0;4;2;5
2019-01-09 15:12:00;184;106;17;18;9;3;4;0;4;2;5
2019-01-09 15:12:58;184;106;17;18;9;3;4;0;4;2;5
2019-01-09 15:13:59;185;106;17;18;9;3;4;0;4;2;6
2019-01-09 15:14:58;185;106;17;18;9;3;4;0;4;2;6
2019-01-09 15:15:59;185;106;17;18;9;3;4;0;4;2;6
2019-01-09 15:16:59;185;106;17;18;9;3;4;0;4;2;6
2019-01-09 15:17:58;185;106;17;18;9;3;4;0;4;2;6
2019-01-09 15:18:59;186;107;17;18;9;3;4;0;4;2;6
2019-01-09 15:20:00;186;107;17;18;9;3;4;0;4;2;6
2019-01-09 15:20:58;186;107;17;18;9;3;4;0;4;2;6
2019-01-09 15:21:59;186;107;17;18;9;3;4;0;4;2;6
2019-01-09 15:22:58;188;109;17;18;9;3;4;0;4;2;6
2019-01-09 15:24:00;188;109;17;18;9;3;4;0;4;2;6
2019-01-09 15:24:58;188;109;17;18;9;3;4;0;4;2;6
2019-01-09 15:25:59;190;110;18;18;9;3;4;0;4;2;6
2019-01-09 15:26:58;190;110;18;18;9;3;4;0;4;2;6
2019-01-09 15:27:59;192;112;18;18;9;3;4;0;4;2;6
2019-01-09 15:28:59;192;112;18;18;9;3;4;0;4;2;6
2019-01-09 15:29:58;192;112;18;18;9;3;4;0;4;2;6
2019-01-09 15:30:59;192;112;18;18;9;3;4;0;4;2;6
2019-01-09 15:32:00;192;112;18;18;9;3;4;0;4;2;6
2019-01-09 15:32:58;192;112;18;18;9;3;4;0;4;2;6
2019-01-09 15:33:59;193;113;18;18;9;3;4;0;4;2;6
2019-01-09 15:34:58;193;113;18;18;9;3;4;0;4;2;6
2019-01-09 15:35:59;193;113;18;18;9;3;4;0;4;2;6
2019-01-09 15:36:59;193;113;18;18;9;3;4;0;4;2;6
2019-01-09 15:37:58;193;113;18;18;9;3;4;0;4;2;6
2019-01-09 15:38:59;193;113;18;18;9;3;4;0;4;2;6
2019-01-09 15:39:58;193;113;18;18;9;3;4;0;4;2;6
2019-01-09 15:40:59;193;113;18;18;9;3;4;0;4;2;6
2019-01-09 15:41:59;193;113;18;18;9;3;4;0;4;2;6
2019-01-09 15:42:58;193;113;18;18;9;3;4;0;4;2;6
2019-01-09 15:43:59;194;114;18;18;9;3;4;0;4;2;6
2019-01-09 15:44:59;195;115;18;18;9;3;4;0;4;2;6
2019-01-09 15:45:58;195;115;18;18;9;3;4;0;4;2;6
2019-01-09 15:46:59;195;115;18;18;9;3;4;0;4;2;6
2019-01-09 15:47:58;195;115;18;18;9;3;4;0;4;2;6
2019-01-09 15:48:59;196;116;18;18;9;3;4;0;4;2;6
2019-01-09 15:49:59;196;116;18;18;9;3;4;0;4;2;6
2019-01-09 15:50:58;196;116;18;18;9;3;4;0;4;2;6
2019-01-09 15:51:59;196;116;18;18;9;3;4;0;4;2;6
2019-01-09 15:52:59;196;116;18;18;9;3;4;0;4;2;6
2019-01-09 15:53:58;196;116;18;18;9;3;4;0;4;2;6
2019-01-09 15:54:59;196;116;18;18;9;3;4;0;4;2;6
2019-01-09 15:55:59;196;116;18;18;9;3;4;0;4;2;6
2019-01-09 15:56:58;197;116;18;19;9;3;4;0;4;2;6
2019-01-09 15:57:59;197;116;18;19;9;3;4;0;4;2;6
2019-01-09 15:58:58;197;116;18;19;9;3;4;0;4;2;6
2019-01-09 15:59:59;197;116;18;19;9;3;4;0;4;2;6
2019-01-09 16:00:59;197;116;18;19;9;3;4;0;4;2;6
2019-01-09 16:01:58;197;116;18;19;9;3;4;0;4;2;6
2019-01-09 16:02:59;198;117;18;19;9;3;4;0;4;2;6
2019-01-09 16:03:59;198;117;18;19;9;3;4;0;4;2;6
2019-01-09 16:04:58;198;117;18;19;9;3;4;0;4;2;6
2019-01-09 16:05:59;199;117;19;19;9;3;4;0;4;2;6
2019-01-09 16:06:59;199;117;19;19;9;3;4;0;4;2;6
2019-01-09 16:07:58;199;117;19;19;9;3;4;0;4;2;6
2019-01-09 16:08:59;199;117;19;19;9;3;4;0;4;2;6
2019-01-09 16:09:59;200;118;19;19;9;3;4;0;4;2;6
2019-01-09 16:10:58;200;118;19;19;9;3;4;0;4;2;6
2019-01-09 16:11:59;201;118;19;19;10;3;4;0;4;2;6
2019-01-09 16:12:59;201;118;19;19;10;3;4;0;4;2;6
2019-01-09 16:13:58;201;118;19;19;10;3;4;0;4;2;6
2019-01-09 16:14:59;202;118;20;19;10;3;4;0;4;2;6
2019-01-09 16:15:58;202;118;20;19;10;3;4;0;4;2;6
2019-01-09 16:16:59;203;119;20;19;10;3;4;0;4;2;6
2019-01-09 16:17:59;203;119;20;19;10;3;4;0;4;2;6
2019-01-09 16:18:58;203;119;20;19;10;3;4;0;4;2;6
2019-01-09 16:19:59;204;120;20;19;10;3;4;0;4;2;6
2019-01-09 16:20:59;204;120;20;19;10;3;4;0;4;2;6
2019-01-09 16:21:58;204;120;20;19;10;3;4;0;4;2;6
2019-01-09 16:22:59;204;120;20;19;10;3;4;0;4;2;6
2019-01-09 16:23:59;204;120;20;19;10;3;4;0;4;2;6
2019-01-09 16:24:58;204;120;20;19;10;3;4;0;4;2;6
2019-01-09 16:25:59;204;120;20;19;10;3;4;0;4;2;6
2019-01-09 16:26:58;204;120;20;19;10;3;4;0;4;2;6
2019-01-09 16:27:59;204;120;20;19;10;3;4;0;4;2;6
2019-01-09 16:28:59;204;120;20;19;10;3;4;0;4;2;6
2019-01-09 16:29:58;204;120;20;19;10;3;4;0;4;2;6
2019-01-09 16:30:59;204;120;20;19;10;3;4;0;4;2;6
2019-01-09 16:31:59;204;120;20;19;10;3;4;0;4;2;6
2019-01-09 16:32:58;204;120;20;19;10;3;4;0;4;2;6
2019-01-09 16:33:59;204;120;20;19;10;3;4;0;4;2;6
2019-01-09 16:34:59;204;120;20;19;10;3;4;0;4;2;6
2019-01-09 16:35:58;204;120;20;19;10;3;4;0;4;2;6
2019-01-09 16:36:59;204;120;20;19;10;3;4;0;4;2;6
2019-01-09 16:37:58;204;120;20;19;10;3;4;0;4;2;6
2019-01-09 16:38:59;204;120;20;19;10;3;4;0;4;2;6
2019-01-09 16:39:58;204;120;20;19;10;3;4;0;4;2;6
2019-01-09 16:40:59;204;120;20;19;10;3;4;0;4;2;6
2019-01-09 16:41:59;204;120;20;19;10;3;4;0;4;2;6
2019-01-09 16:42:58;204;120;20;19;10;3;4;0;4;2;6
2019-01-09 16:43:59;204;120;20;19;10;3;4;0;4;2;6
2019-01-09 16:44:59;204;120;20;19;10;3;4;0;4;2;6
2019-01-09 16:45:58;204;120;20;19;10;3;4;0;4;2;6
2019-01-09 16:46:59;204;120;20;19;10;3;4;0;4;2;6
2019-01-09 16:47:59;205;120;20;19;11;3;4;0;4;2;6
2019-01-09 16:48:58;205;120;20;19;11;3;4;0;4;2;6
2019-01-09 16:49:59;205;120;20;19;11;3;4;0;4;2;6
2019-01-09 16:50:59;205;120;20;19;11;3;4;0;4;2;6
2019-01-09 16:51:58;205;120;20;19;11;3;4;0;4;2;6
2019-01-09 16:52:59;205;120;20;19;11;3;4;0;4;2;6
2019-01-09 16:53:59;205;120;20;19;11;3;4;0;4;2;6
2019-01-09 16:54:58;205;120;20;19;11;3;4;0;4;2;6
2019-01-09 16:55:59;205;120;20;19;11;3;4;0;4;2;6
2019-01-09 16:57:00;205;120;20;19;11;3;4;0;4;2;6
2019-01-09 16:57:58;205;120;20;19;12;3;3;0;4;2;6
2019-01-09 16:58:59;205;120;20;19;12;3;3;0;4;2;6
2019-01-09 16:59:58;205;120;20;19;12;3;3;0;4;2;6
2019-01-09 17:00:59;205;120;20;19;12;3;3;0;4;2;6
2019-01-09 17:01:58;205;120;20;19;12;3;3;0;4;2;6
2019-01-09 17:02:59;205;120;20;19;12;3;3;0;4;2;6
2019-01-09 17:03:59;205;120;20;19;12;3;3;0;4;2;6
2019-01-09 17:04:58;205;120;20;19;12;3;3;0;4;2;6
2019-01-09 17:05:59;205;120;20;19;12;3;3;0;4;2;6
2019-01-09 17:06:58;205;120;20;19;12;3;3;0;4;2;6
2019-01-09 17:07:59;205;120;20;19;12;3;3;0;4;2;6
2019-01-09 17:08:59;206;121;20;19;12;3;3;0;4;2;6
2019-01-09 17:09:58;207;121;21;19;12;3;3;0;4;2;6
2019-01-09 17:10:59;207;121;21;19;12;3;3;0;4;2;6
2019-01-09 17:11:59;207;121;21;19;12;3;3;0;4;2;6
2019-01-09 17:12:58;207;121;21;19;12;3;3;0;4;2;6
2019-01-09 17:13:59;208;121;22;19;12;3;3;0;4;2;6
2019-01-09 17:14:58;208;121;22;19;12;3;3;0;4;2;6
2019-01-09 17:15:59;208;121;22;19;12;3;3;0;4;2;6
2019-01-09 17:16:58;208;121;22;19;12;3;3;0;4;2;6
2019-01-09 17:17:59;208;121;22;19;12;3;3;0;4;2;6
2019-01-09 17:18:59;209;122;22;19;12;3;3;0;4;2;6
2019-01-09 17:19:58;209;122;22;19;12;3;3;0;4;2;6
2019-01-09 17:20:59;209;122;22;19;12;3;3;0;4;2;6
2019-01-09 17:21:59;209;122;22;19;12;3;3;0;4;2;6
2019-01-09 17:22:58;209;122;22;19;12;3;3;0;4;2;6
2019-01-09 17:23:59;209;122;22;19;12;3;3;0;4;2;6
2019-01-09 17:24:58;209;122;22;19;12;3;3;0;4;2;6
2019-01-09 17:25:59;209;122;22;19;12;3;3;0;4;2;6
2019-01-09 17:26:59;209;122;22;19;12;3;3;0;4;2;6
2019-01-09 17:27:59;210;122;22;19;12;3;3;0;4;2;6
2019-01-09 17:28:58;210;122;22;19;12;3;3;0;4;2;6
2019-01-09 17:29:59;211;122;23;19;12;3;3;0;4;2;6
2019-01-09 17:30:58;211;122;23;19;12;3;3;0;4;2;6
2019-01-09 17:31:59;211;122;23;19;12;3;3;0;4;2;6
2019-01-09 17:32:59;211;122;23;19;12;3;3;0;4;2;6
2019-01-09 17:33:58;211;122;23;19;12;3;3;0;4;2;6
2019-01-09 17:34:59;211;122;23;19;12;3;3;0;4;2;6
2019-01-09 17:35:59;211;122;23;19;12;3;3;0;4;2;6
2019-01-09 17:36:58;211;122;23;19;12;3;3;0;4;2;6
2019-01-09 17:37:59;211;122;23;21;12;3;3;2;4;2;6
2019-01-09 17:38:59;211;122;23;21;12;3;3;2;4;2;6
2019-01-09 17:39:58;211;122;23;21;12;3;3;2;4;2;6
2019-01-09 17:40:59;211;122;23;21;12;3;3;2;4;2;6
2019-01-09 17:41:59;211;122;23;21;12;3;3;2;4;2;6
2019-01-09 17:42:58;211;122;23;21;12;3;3;2;4;2;6
2019-01-09 17:43:59;211;122;23;21;12;3;3;2;4;2;6
2019-01-09 17:44:59;212;122;24;21;12;3;3;2;4;2;6
2019-01-09 17:45:58;212;122;24;21;12;3;3;2;4;2;6
2019-01-09 17:46:59;213;122;25;21;12;3;3;2;4;2;6
2019-01-09 17:48:00;213;122;25;21;12;3;3;2;4;2;6
2019-01-09 17:48:58;213;121;26;21;12;3;3;2;4;2;6
2019-01-09 17:49:59;213;121;26;21;12;3;3;2;4;2;6
2019-01-09 17:50:58;213;121;26;21;12;3;3;2;4;2;6
2019-01-09 17:51:59;213;121;26;21;12;3;3;2;4;2;6
2019-01-09 17:52:59;214;122;26;21;12;3;3;2;4;2;6
2019-01-09 17:53:58;214;122;26;21;12;3;3;2;4;2;6
2019-01-09 17:54:59;214;122;26;21;12;3;3;2;4;2;6
2019-01-09 17:55:59;214;122;26;21;12;3;3;2;4;2;6
2019-01-09 17:56:58;214;122;26;21;12;3;3;2;4;2;6
2019-01-09 17:57:59;214;122;26;21;12;3;3;2;4;2;6
2019-01-09 17:58:59;214;122;26;21;12;3;3;2;4;2;6
2019-01-09 17:59:58;215;122;26;21;12;3;3;2;4;3;6
2019-01-09 18:00:59;215;122;26;22;12;3;3;2;4;3;6
2019-01-09 18:01:58;215;122;26;22;12;3;3;2;4;3;6
2019-01-09 18:02:59;215;122;26;22;12;3;3;2;4;3;6
2019-01-09 18:03:59;215;122;26;22;12;3;3;2;4;3;6
2019-01-09 18:04:58;215;122;26;22;12;3;3;2;4;3;6
2019-01-09 18:05:59;215;122;26;22;12;3;3;2;4;3;6
2019-01-09 18:06:58;215;122;26;22;12;3;3;2;4;3;6
2019-01-09 18:07:59;215;122;26;22;12;3;3;2;4;3;6
2019-01-09 18:08:58;215;122;26;22;12;3;3;2;4;3;6
2019-01-09 18:09:59;215;122;26;22;12;3;3;2;4;3;6
2019-01-09 18:10:59;215;122;26;22;12;3;3;2;4;3;6
2019-01-09 18:11:59;216;122;26;22;13;3;3;2;4;3;6
2019-01-09 18:12:58;217;123;26;22;13;3;3;2;4;3;6
2019-01-09 18:13:59;217;123;26;22;13;3;3;2;4;3;7
2019-01-09 18:14:58;217;123;26;22;13;3;3;2;4;3;7
2019-01-09 18:15:59;217;123;27;22;13;3;3;2;3;3;7
2019-01-09 18:16:59;217;123;27;22;13;3;3;2;3;3;7
2019-01-09 18:17:58;217;123;27;22;13;3;3;2;3;3;7
2019-01-09 18:18:59;217;123;27;22;13;3;3;2;3;3;7
2019-01-09 18:19:58;217;123;27;22;13;3;3;2;3;3;7
2019-01-09 18:20:59;217;123;27;22;13;3;3;2;3;3;7
2019-01-09 18:21:59;217;123;27;22;13;3;3;2;3;3;7
2019-01-09 18:22:58;218;124;27;22;13;3;3;2;3;3;7
2019-01-09 18:23:59;218;124;27;22;13;3;3;2;3;3;7
2019-01-09 18:24:59;219;123;28;23;13;3;3;2;3;3;7
2019-01-09 18:25:58;219;123;28;23;13;3;3;2;3;3;7
2019-01-09 18:26:59;219;123;28;23;13;3;3;2;3;3;7
2019-01-09 18:27:59;219;123;28;23;13;3;3;2;3;3;7
2019-01-09 18:28:58;219;123;28;23;13;3;3;2;3;3;7
2019-01-09 18:29:59;220;124;28;23;13;3;3;2;3;3;7
2019-01-09 18:30:59;220;124;28;23;13;3;3;2;3;3;7
2019-01-09 18:31:58;220;124;28;23;13;3;3;2;3;3;7
2019-01-09 18:32:59;220;124;28;23;13;3;3;2;3;3;7
2019-01-09 18:33:58;220;124;28;23;13;3;3;2;3;3;7
2019-01-09 18:34:59;220;124;28;23;13;3;3;2;3;3;7
2019-01-09 18:35:59;220;124;28;23;13;3;3;2;3;3;7
2019-01-09 18:36:58;221;125;28;23;13;3;3;2;3;3;7
2019-01-09 18:37:59;221;125;28;23;13;3;3;2;3;3;7
2019-01-09 18:38:59;221;125;28;23;13;3;3;2;3;3;7
2019-01-09 18:39:58;221;125;28;23;13;3;3;2;3;3;7
2019-01-09 18:40:59;221;125;28;23;13;3;3;2;3;3;7
2019-01-09 18:41:59;221;125;28;23;13;3;3;2;3;3;7
2019-01-09 18:42:59;222;126;28;23;13;3;3;2;3;3;7
2019-01-09 18:43:58;222;126;28;23;13;3;3;2;3;3;7
2019-01-09 18:44:59;222;126;28;23;13;3;3;2;3;3;7
2019-01-09 18:45:59;222;126;28;23;13;3;3;2;3;3;7
2019-01-09 18:47:00;223;127;28;23;13;3;3;2;3;3;7
2019-01-09 18:47:58;224;127;28;23;13;4;3;2;3;3;7
2019-01-09 18:48:59;224;127;28;23;13;4;3;2;3;3;7
2019-01-09 18:49:58;225;128;28;23;13;4;3;2;3;3;7
2019-01-09 18:50:59;225;128;28;23;13;4;3;2;3;3;7
2019-01-09 18:51:59;225;128;28;23;13;4;3;2;3;3;7
2019-01-09 18:52:58;226;128;29;23;13;4;3;2;3;3;7
2019-01-09 18:53:59;227;128;30;23;13;4;3;2;3;3;7
2019-01-09 18:54:59;227;128;30;23;13;4;3;2;3;3;7
2019-01-09 18:55:58;227;128;30;23;13;4;3;2;3;3;7
2019-01-09 18:56:59;227;128;30;23;13;4;3;2;3;3;7
2019-01-09 18:57:58;227;128;30;23;13;4;3;2;3;3;7
2019-01-09 18:58:59;227;128;30;23;13;4;3;2;3;3;7
2019-01-09 18:59:59;227;129;29;23;13;4;3;2;3;3;7
2019-01-09 19:00:58;227;129;29;23;13;4;3;2;3;3;7
2019-01-09 19:01:59;228;130;29;23;13;4;3;2;3;3;7
2019-01-09 19:02:59;228;130;29;23;13;4;3;2;3;3;7
2019-01-09 19:03:58;228;130;29;23;13;4;3;2;3;3;7
2019-01-09 19:04:59;228;130;29;23;13;4;3;2;3;3;7
2019-01-09 19:05:59;228;130;29;23;13;4;3;2;3;3;7
2019-01-09 19:06:58;228;130;29;23;13;4;3;2;3;3;7
2019-01-09 19:07:59;228;130;29;23;13;4;3;2;3;3;7
2019-01-09 19:08:59;229;131;29;23;13;4;3;2;3;3;7
2019-01-09 19:09:59;229;131;29;23;13;4;3;2;3;3;7
2019-01-09 19:10:58;229;131;29;23;13;4;3;2;3;3;7
2019-01-09 19:11:59;229;131;29;23;13;4;3;2;3;3;7
2019-01-09 19:12:59;229;131;29;23;13;4;3;2;3;3;7
2019-01-09 19:13:58;230;132;29;23;13;4;3;2;3;3;7
2019-01-09 19:14:59;230;132;29;23;13;4;3;2;3;3;7
2019-01-09 19:15:59;230;132;29;24;13;4;3;2;3;3;6
2019-01-09 19:16:58;230;132;29;24;13;4;3;2;3;3;6
2019-01-09 19:17:59;231;133;29;24;13;4;3;2;3;3;6
2019-01-09 19:18:58;231;133;29;24;13;4;3;2;3;3;6
2019-01-09 19:19:59;231;133;29;24;13;4;3;2;3;3;6
2019-01-09 19:20:59;231;133;29;24;13;4;3;2;3;3;6
2019-01-09 19:21:58;232;133;29;24;14;4;3;2;3;3;6
2019-01-09 19:22:59;232;133;29;24;14;4;3;2;3;3;6
2019-01-09 19:23:58;232;133;29;24;14;4;3;2;3;3;6
2019-01-09 19:24:59;233;133;29;24;15;4;3;2;3;3;6
2019-01-09 19:25:59;233;133;29;24;15;4;3;2;3;3;6
2019-01-09 19:26:58;233;133;29;24;15;4;3;2;3;3;6
2019-01-09 19:27:59;233;133;29;24;15;4;3;2;3;3;6
2019-01-09 19:28:58;233;133;29;24;15;4;3;2;3;3;6
2019-01-09 19:29:59;234;133;29;24;15;5;3;2;3;3;6
2019-01-09 19:30:58;234;133;29;24;15;5;3;2;3;3;6
2019-01-09 19:31:59;234;133;29;24;15;5;3;2;3;3;6
2019-01-09 19:32:59;234;133;29;24;15;5;3;2;3;3;6
2019-01-09 19:33:58;234;133;29;24;15;5;3;2;3;3;6
2019-01-09 19:34:59;235;134;29;24;15;5;3;2;3;3;6
2019-01-09 19:35:58;236;134;29;24;15;5;3;3;3;3;6
2019-01-09 19:36:59;237;134;30;24;15;5;3;3;3;3;6
2019-01-09 19:37:59;237;134;30;24;15;5;3;3;3;3;6
2019-01-09 19:38:58;237;134;30;24;15;5;3;3;3;3;6
2019-01-09 19:39:59;237;134;30;24;15;5;3;3;3;3;6
2019-01-09 19:40:59;237;134;30;24;15;5;3;3;3;3;6
2019-01-09 19:41:58;237;134;30;24;15;5;3;3;3;3;6
2019-01-09 19:42:59;238;134;30;25;15;5;3;3;3;3;6
2019-01-09 19:43:58;238;134;30;25;15;5;3;3;3;3;6
2019-01-09 19:44:59;238;134;30;25;15;5;3;3;3;3;6
2019-01-09 19:45:59;238;134;30;25;15;5;3;3;3;3;6
2019-01-09 19:46:58;238;134;30;25;15;5;3;3;3;3;6
2019-01-09 19:47:59;238;134;30;25;15;5;3;3;3;3;6
2019-01-09 19:48:58;238;134;30;25;15;5;3;3;3;3;6
2019-01-09 19:49:59;239;135;30;25;15;5;3;3;3;3;6
2019-01-09 19:50:59;239;135;30;25;15;5;3;3;3;3;6
2019-01-09 19:51:58;239;135;30;25;15;5;3;3;3;3;6
2019-01-09 19:52:59;239;135;30;25;15;5;3;3;3;3;6
2019-01-09 19:53:59;239;135;30;25;15;5;3;3;3;3;6
2019-01-09 19:54:58;239;134;31;25;15;5;3;3;3;3;6
2019-01-09 19:55:59;239;134;31;25;15;5;3;3;3;3;6
2019-01-09 19:56:59;240;134;31;26;15;5;3;3;3;3;6
2019-01-09 19:57:58;240;134;31;26;15;5;3;3;3;3;6
2019-01-09 19:58:59;240;134;31;26;15;5;3;3;3;3;6
2019-01-09 19:59:59;240;134;31;26;15;5;3;3;3;3;6
2019-01-09 20:00:58;240;134;31;26;15;5;3;3;3;3;6
2019-01-09 20:01:59;240;134;31;26;15;5;3;3;3;3;6
2019-01-09 20:02:59;240;134;31;26;15;5;3;3;3;3;6
2019-01-09 20:03:58;240;134;31;26;15;5;3;3;3;3;6
2019-01-09 20:04:59;241;135;31;26;15;5;3;3;3;3;6
2019-01-09 20:05:58;241;135;31;26;15;5;3;3;3;3;6
2019-01-09 20:06:59;241;135;31;26;15;5;3;3;3;3;6
2019-01-09 20:07:59;241;135;31;26;15;5;3;3;3;3;6
2019-01-09 20:08:58;241;135;31;26;15;5;3;3;3;3;6
2019-01-09 20:09:59;241;135;31;26;15;5;3;3;3;3;6
2019-01-09 20:10:58;241;135;31;26;15;5;3;3;3;3;6
2019-01-09 20:11:59;242;136;31;26;15;5;3;3;3;3;6
2019-01-09 20:12:59;243;136;31;26;15;5;3;3;3;3;6
2019-01-09 20:13:58;243;136;31;26;15;5;3;3;3;3;6
2019-01-09 20:14:59;243;136;31;26;15;5;3;3;3;3;6
2019-01-09 20:15:58;243;136;31;26;15;5;3;3;3;3;6
2019-01-09 20:16:59;244;136;31;26;15;5;3;3;4;3;6
2019-01-09 20:17:59;244;136;31;26;15;5;3;3;4;3;6
2019-01-09 20:18:58;244;136;31;26;15;5;3;3;4;3;6
2019-01-09 20:19:59;244;136;31;26;15;5;3;3;4;3;6
2019-01-09 20:20:59;244;136;31;26;15;5;3;3;4;3;6
2019-01-09 20:21:58;244;136;31;26;15;5;3;3;4;3;6
2019-01-09 20:22:59;244;136;31;26;15;5;3;3;4;3;6
2019-01-09 20:23:59;244;136;31;26;15;5;3;3;4;3;6
2019-01-09 20:24:58;246;136;31;26;16;6;3;3;4;3;6
2019-01-09 20:25:59;246;136;31;26;16;6;3;3;4;3;6
2019-01-09 20:26:58;246;136;31;26;16;6;3;3;4;3;6
2019-01-09 20:27:59;246;136;31;26;16;6;3;3;4;3;6
2019-01-09 20:28:59;248;136;32;27;16;6;3;3;4;3;6
2019-01-09 20:29:58;248;136;32;27;16;6;3;3;4;3;6
2019-01-09 20:30:59;248;136;32;27;16;6;3;3;4;3;6
2019-01-09 20:31:59;249;137;32;27;16;6;3;3;4;3;6
2019-01-09 20:32:58;249;137;32;27;16;6;3;3;4;3;6
2019-01-09 20:33:59;249;137;32;27;16;6;3;3;4;3;6
2019-01-09 20:34:59;249;137;32;27;16;6;3;3;4;3;6
2019-01-09 20:36:00;250;137;33;27;16;6;3;3;4;3;6
2019-01-09 20:36:58;250;137;33;27;16;6;3;3;4;3;6
2019-01-09 20:37:59;250;137;33;27;16;6;3;3;4;3;6
2019-01-09 20:38:58;251;137;34;27;16;6;3;3;4;3;6
2019-01-09 20:39:59;251;137;34;27;16;6;3;3;4;3;6
2019-01-09 20:40:59;251;137;34;27;16;6;3;3;4;3;6
2019-01-09 20:41:58;251;137;34;27;16;6;3;3;4;3;6
2019-01-09 20:42:59;251;137;35;27;16;6;3;3;4;3;5
2019-01-09 20:43:59;252;138;35;27;16;6;3;3;4;3;5
2019-01-09 20:44:58;252;138;35;27;16;6;3;3;4;3;5
2019-01-09 20:45:59;252;138;35;27;16;6;3;3;4;3;5
2019-01-09 20:46:58;252;138;35;27;16;6;3;3;4;3;5
2019-01-09 20:47:59;252;138;35;27;16;6;3;3;4;3;5
2019-01-09 20:48:59;252;138;35;27;16;6;3;3;4;3;5
2019-01-09 20:49:58;252;138;35;27;16;6;3;3;4;3;5
2019-01-09 20:50:59;252;138;35;27;16;6;3;3;4;3;5
2019-01-09 20:51:59;252;138;35;27;16;6;3;3;4;3;5
2019-01-09 20:52:58;253;139;35;27;16;6;3;3;4;3;5
2019-01-09 20:53:59;253;139;35;27;16;6;3;3;4;3;5
2019-01-09 20:54:59;253;139;35;27;16;6;3;3;4;3;5
2019-01-09 20:55:58;253;139;35;27;16;6;3;3;4;3;5
2019-01-09 20:56:59;254;139;36;27;16;6;3;3;4;3;5
2019-01-09 20:57:58;255;140;36;27;16;6;3;3;4;3;5
2019-01-09 20:58:59;255;140;36;27;16;6;3;3;4;3;5
2019-01-09 20:59:59;255;140;36;27;16;6;3;3;4;3;5
2019-01-09 21:00:58;255;140;36;27;16;6;3;3;4;3;5
2019-01-09 21:01:59;255;140;36;27;16;6;3;3;4;3;5
2019-01-09 21:02:59;256;140;37;27;16;6;3;3;4;3;5
2019-01-09 21:03:58;256;140;37;27;16;6;3;3;4;3;5
2019-01-09 21:04:59;256;140;37;27;16;6;3;3;4;3;5
2019-01-09 21:05:58;256;140;37;27;16;6;3;3;4;3;5
2019-01-09 21:06:59;256;140;37;27;16;6;3;3;4;3;5
2019-01-09 21:07:59;256;140;37;27;16;6;3;3;4;3;5
2019-01-09 21:08:58;256;140;37;27;16;6;3;3;4;3;5
2019-01-09 21:09:59;256;140;37;27;16;6;3;3;4;3;5
2019-01-09 21:10:59;256;140;37;27;16;6;3;3;4;3;5
2019-01-09 21:11:58;256;140;37;27;16;6;3;3;4;3;5
2019-01-09 21:12:59;256;140;37;27;16;6;3;3;4;3;5
2019-01-09 21:13:58;257;140;37;27;16;7;3;3;4;3;5
2019-01-09 21:14:59;257;140;37;27;16;7;3;3;4;3;5
2019-01-09 21:15:59;257;140;37;27;16;7;3;3;4;3;5
2019-01-09 21:16:58;257;140;37;27;16;7;3;3;4;3;5
2019-01-09 21:17:59;257;140;37;27;16;7;3;3;4;3;5
2019-01-09 21:18:58;257;140;37;27;16;7;3;3;4;3;5
2019-01-09 21:19:59;257;140;37;27;16;7;3;3;4;3;5
2019-01-09 21:20:58;257;140;37;27;16;7;3;3;4;3;5
2019-01-09 21:21:59;258;140;37;27;17;7;3;3;4;3;5
2019-01-09 21:22:59;258;140;37;27;17;7;3;3;4;3;5
2019-01-09 21:23:58;259;140;37;27;17;7;3;3;4;3;5
2019-01-09 21:24:59;259;140;37;27;17;7;3;3;4;3;5
2019-01-09 21:25:59;259;140;37;27;17;7;3;3;4;3;5
2019-01-09 21:26:58;259;140;37;27;17;7;3;3;4;3;5
2019-01-09 21:27:59;259;140;37;27;17;7;3;3;4;3;5
2019-01-09 21:28:58;259;140;37;27;17;7;3;3;4;3;5
2019-01-09 21:29:59;259;140;37;27;17;7;3;3;4;3;5
2019-01-09 21:30:59;260;141;37;27;17;7;3;3;4;3;5
2019-01-09 21:31:58;260;141;37;27;17;7;3;3;4;3;5
2019-01-09 21:32:59;260;141;37;27;17;7;3;3;4;3;5
2019-01-09 21:33:59;260;141;37;27;17;7;3;3;4;3;5
2019-01-09 21:34:58;260;141;37;27;17;7;3;3;4;3;5
2019-01-09 21:35:59;262;142;38;27;17;7;3;3;4;3;5
2019-01-09 21:36:59;262;142;38;27;17;7;3;3;4;3;5
2019-01-09 21:37:58;262;142;38;27;17;7;3;3;4;3;5
2019-01-09 21:38:59;262;142;38;27;17;7;3;3;4;3;5
2019-01-09 21:39:58;262;142;38;27;17;7;3;3;4;3;5
2019-01-09 21:40:59;262;142;38;27;17;7;3;3;4;3;5
2019-01-09 21:41:59;262;142;38;27;17;7;3;3;4;3;5
2019-01-09 21:42:58;262;142;38;27;17;7;3;3;4;3;5
2019-01-09 21:43:59;262;142;38;27;17;7;3;3;4;3;5
2019-01-09 21:44:59;262;142;38;27;17;7;3;3;4;3;5
2019-01-09 21:45:58;262;142;38;27;17;7;3;3;4;3;5
2019-01-09 21:46:59;262;142;38;27;17;7;3;3;4;3;5
2019-01-09 21:47:58;263;143;38;27;17;7;3;3;4;3;5
2019-01-09 21:48:59;263;143;38;27;17;7;3;3;4;3;5
2019-01-09 21:49:59;263;143;38;27;17;7;3;3;4;3;5
2019-01-09 21:50:58;264;143;39;27;17;7;3;3;4;3;5
2019-01-09 21:51:59;264;143;39;27;17;7;3;3;4;3;5
2019-01-09 21:52:59;264;143;39;27;17;7;3;3;4;3;5
2019-01-09 21:53:58;264;143;39;27;17;7;3;3;4;3;5
2019-01-09 21:54:59;264;143;39;27;17;7;3;3;4;3;5
2019-01-09 21:55:58;264;143;39;27;17;7;3;3;4;3;5
2019-01-09 21:56:59;264;143;39;27;17;7;3;3;4;3;5
2019-01-09 21:57:59;264;143;40;26;17;7;3;3;4;3;5
2019-01-09 21:58:58;264;143;40;26;17;7;3;3;4;3;5
2019-01-09 21:59:59;264;143;40;26;17;7;3;3;4;3;5
2019-01-09 22:00:58;264;143;40;26;17;7;3;3;4;3;5
2019-01-09 22:01:59;263;143;40;25;17;7;3;3;4;3;5
2019-01-09 22:02:59;264;143;41;25;17;7;3;3;4;3;5
2019-01-09 22:03:58;264;143;41;25;17;7;3;3;4;3;5
2019-01-09 22:04:59;264;143;41;25;17;7;3;3;4;3;5
2019-01-09 22:05:59;265;143;41;25;17;8;3;3;4;3;5
2019-01-09 22:06:58;265;143;41;25;17;8;3;3;4;3;5
2019-01-09 22:07:59;265;143;41;25;17;8;3;3;4;3;5
2019-01-09 22:08:58;265;143;41;25;17;8;3;3;4;3;5
2019-01-09 22:09:59;265;143;41;25;17;8;3;3;4;3;5
2019-01-09 22:10:59;265;143;41;25;17;8;3;3;4;3;5
2019-01-09 22:11:58;265;143;41;25;17;8;3;3;4;3;5
2019-01-09 22:12:59;265;143;41;25;17;8;3;3;4;3;5
2019-01-09 22:13:58;265;143;41;25;17;8;3;3;4;3;5
2019-01-09 22:14:59;265;143;41;25;17;8;3;3;4;3;5
2019-01-09 22:15:59;265;143;41;25;17;8;3;3;4;3;5
2019-01-09 22:16:58;265;143;41;25;17;8;3;3;4;3;5
2019-01-09 22:17:59;266;144;41;25;17;8;3;3;4;3;5
2019-01-09 22:19:00;266;144;41;25;17;8;3;3;4;3;5
2019-01-09 22:19:58;266;144;41;25;17;8;3;3;4;3;5
2019-01-09 22:20:59;266;144;41;25;17;8;3;3;4;3;5
2019-01-09 22:21:58;266;144;41;25;17;8;3;3;4;3;5
2019-01-09 22:22:59;266;144;41;25;17;8;3;3;4;3;5
2019-01-09 22:23:59;266;144;41;25;17;8;3;3;4;3;5
2019-01-09 22:24:58;266;144;41;25;17;8;3;3;4;3;5
2019-01-09 22:25:59;268;145;42;25;17;8;3;3;4;3;5
2019-01-09 22:26:59;268;145;42;25;17;8;3;3;4;3;5
2019-01-09 22:27:58;267;145;41;25;17;8;3;3;4;3;5
2019-01-09 22:28:59;269;146;42;25;17;8;3;3;4;3;5
2019-01-09 22:29:59;269;146;42;25;17;8;3;3;4;3;5
2019-01-09 22:30:58;269;146;42;25;17;8;3;3;4;3;5
2019-01-09 22:31:59;269;145;42;25;17;8;3;4;4;3;5
2019-01-09 22:32:59;269;145;42;25;17;8;3;4;4;3;5
2019-01-09 22:33:58;269;145;42;25;17;8;3;4;4;3;5
2019-01-09 22:34:59;269;145;42;25;17;8;3;4;4;3;5
2019-01-09 22:35:58;269;145;42;25;17;8;3;4;4;3;5
2019-01-09 22:36:59;269;145;42;25;17;8;3;4;4;3;5
2019-01-09 22:37:58;269;145;42;25;17;8;3;4;4;3;5
2019-01-09 22:38:59;269;145;42;25;17;8;3;4;4;3;5
2019-01-09 22:39:58;269;145;42;25;17;8;3;4;4;3;5
2019-01-09 22:40:59;269;145;42;25;17;8;3;4;4;3;5
2019-01-09 22:41:59;269;145;42;25;17;8;3;4;4;3;5
2019-01-09 22:42:58;269;145;42;25;17;8;3;4;4;3;5
2019-01-09 22:43:59;269;145;42;25;17;8;3;4;4;3;5
2019-01-09 22:44:59;269;145;42;25;17;8;3;4;4;3;5
2019-01-09 22:45:58;269;145;42;25;17;8;3;4;4;3;5
2019-01-09 22:46:59;270;145;43;25;17;8;3;4;4;3;5
2019-01-09 22:47:59;270;145;43;25;17;8;3;4;4;3;5
2019-01-09 22:48:58;270;145;43;25;17;8;3;4;4;3;5
2019-01-09 22:49:59;271;146;43;25;17;8;3;4;4;3;5
2019-01-09 22:50:58;272;146;44;25;17;8;3;4;4;3;5
2019-01-09 22:51:59;272;146;44;25;17;8;3;4;4;3;5
2019-01-09 22:52:59;271;146;44;24;17;8;3;4;4;3;5
2019-01-09 22:53:58;271;146;44;24;17;8;3;4;4;3;5
2019-01-09 22:54:59;271;146;44;24;17;8;3;4;4;3;5
2019-01-09 22:55:59;271;146;44;24;17;8;3;4;4;3;5
2019-01-09 22:56:58;271;146;44;24;17;8;3;4;4;3;5
2019-01-09 22:57:59;271;146;44;24;17;8;3;4;4;3;5
2019-01-09 22:58:58;271;146;44;24;17;8;3;4;4;3;5
2019-01-09 22:59:59;271;146;44;24;17;8;3;4;4;3;5
2019-01-09 23:00:59;271;146;44;24;17;8;3;4;4;3;5
2019-01-09 23:01:58;271;146;44;24;17;8;3;4;4;3;5
2019-01-09 23:02:59;271;146;44;24;17;8;3;4;4;3;5
2019-01-09 23:03:58;271;146;44;24;17;8;3;4;4;3;5
2019-01-09 23:04:59;272;147;44;24;17;8;3;4;4;3;5
2019-01-09 23:05:59;272;147;44;24;17;8;3;4;4;3;5
2019-01-09 23:06:58;272;147;44;24;17;8;3;4;4;3;5
2019-01-09 23:07:59;272;147;44;24;17;8;3;4;4;3;5
2019-01-09 23:08:59;273;147;44;24;17;8;3;4;4;4;5
2019-01-09 23:09:58;273;147;44;24;17;8;3;4;4;4;5
2019-01-09 23:10:59;274;147;44;24;17;8;4;4;4;4;5
2019-01-09 23:11:59;275;147;44;24;17;8;5;4;4;4;5
2019-01-09 23:12:58;275;147;44;24;17;8;5;4;4;4;5
2019-01-09 23:13:59;276;147;44;24;17;8;5;5;4;4;5
2019-01-09 23:14:58;276;147;43;24;17;8;5;5;4;5;5
2019-01-09 23:15:59;275;147;41;24;17;8;5;5;5;5;5
2019-01-09 23:16:59;275;147;41;24;17;8;5;5;5;5;5
2019-01-09 23:17:58;275;147;41;24;17;8;5;5;5;5;5
2019-01-09 23:18:59;275;147;41;24;17;8;5;5;5;5;5
2019-01-09 23:19:58;275;147;41;24;17;8;5;5;5;5;5
2019-01-09 23:20:59;277;148;41;24;17;8;5;6;5;5;5
2019-01-09 23:21:59;277;148;41;24;17;8;5;6;5;5;5
2019-01-09 23:22:58;278;149;41;24;17;8;5;6;5;5;5
2019-01-09 23:23:59;278;149;41;24;17;8;5;6;5;5;5
2019-01-09 23:24:59;279;149;41;24;17;8;5;6;5;6;5
2019-01-09 23:25:58;279;149;41;24;17;8;5;6;5;6;5
2019-01-09 23:26:59;279;149;41;24;17;8;5;6;5;6;5
2019-01-09 23:27:59;278;149;41;24;17;8;5;6;5;5;5
2019-01-09 23:28:58;278;149;41;24;17;8;5;6;5;5;5
2019-01-09 23:29:59;278;149;41;24;17;8;5;6;5;5;5
2019-01-09 23:30:59;278;149;41;24;17;8;5;6;5;5;5
2019-01-09 23:31:58;278;149;41;24;17;8;5;6;5;5;5
2019-01-09 23:32:59;278;149;41;24;17;8;5;6;5;5;5
2019-01-09 23:33:58;278;149;41;24;17;8;5;6;5;5;5
2019-01-09 23:34:59;278;149;41;24;17;8;5;6;5;5;5
2019-01-09 23:35:58;278;149;41;24;17;8;5;6;5;5;5
2019-01-09 23:36:59;278;149;41;24;17;8;5;6;5;5;5
2019-01-09 23:37:59;278;149;41;24;17;8;5;6;5;5;5
2019-01-09 23:38:58;278;149;41;24;17;8;5;6;5;5;5
2019-01-09 23:39:59;279;149;41;24;17;8;6;6;5;5;5
2019-01-09 23:40:58;279;149;41;24;17;8;6;6;5;5;5
2019-01-09 23:41:59;279;149;41;24;17;8;6;6;5;5;5
2019-01-09 23:42:58;280;149;41;24;17;8;6;6;5;5;5
2019-01-09 23:43:59;282;149;43;24;17;8;6;6;5;5;5
2019-01-09 23:44:58;282;149;43;24;17;8;6;6;5;5;5
2019-01-09 23:45:59;282;149;43;24;17;8;6;6;5;5;5
2019-01-09 23:46:59;282;149;43;24;17;8;6;6;5;5;5
2019-01-09 23:47:58;282;149;43;24;17;8;6;6;5;5;5
2019-01-09 23:48:59;282;149;43;24;17;8;6;6;5;5;5
2019-01-09 23:49:59;282;149;43;24;17;8;6;6;5;5;5
2019-01-09 23:50:58;282;149;43;24;17;8;6;6;5;5;5
2019-01-09 23:51:59;282;149;43;24;17;8;6;6;5;5;5
2019-01-09 23:52:59;282;149;43;24;17;8;6;6;5;5;5
2019-01-09 23:53:58;282;149;43;24;17;8;6;6;5;5;5
2019-01-09 23:54:59;282;149;43;24;17;8;6;6;5;5;5
2019-01-09 23:55:58;282;149;43;24;17;8;6;6;5;5;5
2019-01-09 23:56:59;282;149;43;24;17;8;6;6;5;5;5
2019-01-09 23:57:59;282;149;43;24;17;8;6;6;5;5;5
2019-01-09 23:58:58;282;149;43;24;17;8;6;6;5;5;5
2019-01-09 23:59:59;282;149;43;24;17;8;6;6;5;5;5
