datetime;total_votes;Mutafakaz;wRAR;Rumpelstilzchen;megaslowpoke;navalny;Mapm;am_vrn;paramed;solariz;kilogramm
2019-07-10 00:00:59;0;0;0;1;0;0;0;0;0;0;0
2019-07-10 00:01:59;0;0;0;1;0;0;0;0;0;0;0
2019-07-10 00:02:58;4;0;0;1;1;0;0;0;0;0;0
2019-07-10 00:03:59;5;0;0;1;2;0;0;0;0;0;0
2019-07-10 00:04:59;5;0;0;1;2;0;0;0;0;0;0
2019-07-10 00:05:58;6;0;0;1;2;1;0;0;0;0;0
2019-07-10 00:06:59;7;0;0;1;2;1;0;0;0;0;0
2019-07-10 00:07:59;8;0;0;1;2;1;0;0;0;0;1
2019-07-10 00:08:58;8;0;0;1;2;1;0;0;0;0;1
2019-07-10 00:09:59;8;0;0;1;2;1;0;0;0;0;1
2019-07-10 00:10:59;8;0;0;1;2;1;0;0;0;0;1
2019-07-10 00:11:58;8;0;0;1;2;1;0;0;0;0;1
2019-07-10 00:12:59;8;0;0;1;2;1;0;0;0;0;1
2019-07-10 00:13:59;8;0;0;1;2;1;0;0;0;0;1
2019-07-10 00:14:58;9;0;0;1;3;1;0;0;0;0;1
2019-07-10 00:15:59;9;0;0;1;3;1;0;0;0;0;1
2019-07-10 00:16:59;9;0;0;1;3;1;0;0;0;0;1
2019-07-10 00:17:58;9;0;0;1;3;1;0;0;0;0;1
2019-07-10 00:18:59;9;0;0;1;3;1;0;0;0;0;1
2019-07-10 00:19:58;10;0;0;1;4;1;0;0;0;0;1
2019-07-10 00:20:59;11;0;0;1;4;1;0;0;0;0;1
2019-07-10 00:21:58;11;0;0;1;4;1;0;0;0;0;2
2019-07-10 00:22:59;12;0;0;1;4;2;0;0;0;0;2
2019-07-10 00:23:59;12;0;0;1;4;2;0;0;0;0;2
2019-07-10 00:24:59;12;0;0;1;4;2;0;0;0;0;2
2019-07-10 00:25:58;13;0;0;1;4;2;0;0;0;0;2
2019-07-10 00:26:59;13;0;0;1;4;2;0;0;0;0;2
2019-07-10 00:27:59;13;0;0;1;4;2;0;0;0;0;2
2019-07-10 00:28:58;13;0;0;1;4;2;0;0;0;0;2
2019-07-10 00:29:59;13;0;0;1;4;2;0;0;0;0;2
2019-07-10 00:30:59;13;0;0;1;4;2;0;0;0;0;2
2019-07-10 00:31:58;13;0;0;1;4;2;0;0;0;0;2
2019-07-10 00:32:59;14;0;0;1;4;3;0;0;0;0;2
2019-07-10 00:33:59;16;0;0;1;5;3;0;0;0;0;3
2019-07-10 00:34:58;16;0;0;1;5;3;0;0;0;0;3
2019-07-10 00:35:59;16;0;0;1;5;3;0;0;0;0;3
2019-07-10 00:36:58;16;0;0;1;5;3;0;0;0;0;3
2019-07-10 00:37:59;16;0;0;1;5;3;0;0;0;0;3
2019-07-10 00:38:59;16;0;0;1;5;3;0;0;0;0;3
2019-07-10 00:39:58;16;0;0;1;5;3;0;0;0;0;3
2019-07-10 00:40:59;16;0;0;1;5;3;0;0;0;0;3
2019-07-10 00:41:59;16;0;0;1;5;3;0;0;0;0;3
2019-07-10 00:42:58;16;0;0;1;5;3;0;0;0;0;3
2019-07-10 00:43:59;17;0;0;1;6;3;0;0;0;0;3
2019-07-10 00:44:59;17;0;0;1;6;3;0;0;0;0;3
2019-07-10 00:45:58;17;0;0;1;6;3;0;0;0;0;3
2019-07-10 00:46:59;17;0;0;1;6;3;0;0;0;0;3
2019-07-10 00:47:59;18;0;0;1;6;3;1;0;0;0;3
2019-07-10 00:48:58;18;0;0;1;6;3;1;0;0;0;3
2019-07-10 00:49:59;19;0;0;1;6;3;1;0;0;0;3
2019-07-10 00:50:59;19;0;0;1;6;3;1;0;0;0;3
2019-07-10 00:51:58;19;0;0;1;6;3;1;0;0;0;3
2019-07-10 00:52:59;19;0;0;1;6;3;1;0;0;0;3
2019-07-10 00:53:59;19;0;0;1;6;3;1;0;0;0;3
2019-07-10 00:54:58;19;0;0;1;6;3;1;0;0;0;3
2019-07-10 00:55:59;21;0;0;1;6;4;0;0;0;0;3
2019-07-10 00:56:58;21;0;0;1;6;4;0;0;0;0;3
2019-07-10 00:57:59;21;0;0;1;6;4;0;0;0;0;3
2019-07-10 00:58:59;21;0;0;1;6;4;0;0;0;0;3
2019-07-10 00:59:58;21;0;0;1;6;4;0;0;0;0;3
2019-07-10 01:00:59;21;0;0;1;6;4;0;0;0;0;3
2019-07-10 01:01:59;21;0;0;1;6;4;0;0;0;0;3
2019-07-10 01:02:58;21;0;0;1;6;4;0;0;0;0;3
2019-07-10 01:03:59;21;0;0;1;6;4;0;0;0;0;3
2019-07-10 01:04:59;21;0;0;1;6;4;0;0;0;0;3
2019-07-10 01:05:58;21;0;0;1;6;4;0;0;0;0;3
2019-07-10 01:06:59;21;0;0;1;6;4;0;0;0;0;3
2019-07-10 01:07:59;21;0;0;1;6;4;0;0;0;0;3
2019-07-10 01:08:58;21;0;0;1;6;4;0;0;0;0;3
2019-07-10 01:09:59;21;0;0;1;6;4;0;0;0;0;3
2019-07-10 01:10:59;21;0;0;1;6;4;0;0;0;0;3
2019-07-10 01:11:58;21;0;0;1;6;4;0;0;0;0;3
2019-07-10 01:12:59;21;0;0;1;6;4;0;0;0;0;3
2019-07-10 01:13:59;21;0;0;1;6;4;0;0;0;0;3
2019-07-10 01:14:58;21;0;0;1;6;4;0;0;0;0;3
2019-07-10 01:15:59;21;0;0;1;6;4;0;0;0;0;3
2019-07-10 01:16:58;21;0;0;1;6;4;0;0;0;0;3
2019-07-10 01:17:59;21;0;0;1;6;4;0;0;0;0;3
2019-07-10 01:18:59;22;1;0;1;6;4;0;0;0;0;3
2019-07-10 01:19:58;23;2;0;1;6;4;0;0;0;0;3
2019-07-10 01:20:59;23;2;0;1;6;4;0;0;0;0;3
2019-07-10 01:21:59;23;2;0;1;6;4;0;0;0;0;3
2019-07-10 01:22:58;23;2;0;1;6;4;0;0;0;0;3
2019-07-10 01:23:59;23;2;0;1;6;4;0;0;0;0;3
2019-07-10 01:24:59;23;2;0;1;6;4;0;0;0;0;3
2019-07-10 01:25:58;23;2;0;1;6;4;0;0;0;0;3
2019-07-10 01:26:59;23;2;0;1;6;4;0;0;0;0;3
2019-07-10 01:27:59;24;2;0;1;6;4;0;0;0;0;3
2019-07-10 01:28:58;24;2;0;1;6;4;0;0;0;0;3
2019-07-10 01:29:59;24;2;0;1;6;4;0;0;0;0;3
2019-07-10 01:30:59;24;2;0;1;6;4;0;0;0;0;3
2019-07-10 01:31:58;24;2;0;1;6;4;0;0;0;0;3
2019-07-10 01:32:59;24;2;0;1;6;4;0;0;0;0;3
2019-07-10 01:33:59;24;2;0;1;6;4;0;0;0;0;3
2019-07-10 01:34:58;24;2;0;1;6;4;0;0;0;0;3
2019-07-10 01:35:59;24;2;0;1;6;4;0;0;0;0;3
2019-07-10 01:36:58;24;2;0;1;6;4;0;0;0;0;3
2019-07-10 01:37:59;24;2;0;1;6;4;0;0;0;0;3
2019-07-10 01:38:58;24;2;0;1;6;4;0;0;0;0;3
2019-07-10 01:39:59;24;2;0;1;6;4;0;0;0;0;3
2019-07-10 01:40:58;24;2;0;1;6;4;0;0;0;0;3
2019-07-10 01:41:59;24;2;0;1;6;4;0;0;0;0;3
2019-07-10 01:42:59;24;2;0;1;6;4;0;0;0;0;3
2019-07-10 01:43:58;24;2;0;1;7;4;0;0;0;0;3
2019-07-10 01:44:59;24;2;0;1;7;4;0;0;0;0;3
2019-07-10 01:45:59;24;2;0;1;7;4;0;0;0;0;3
2019-07-10 01:46:58;24;2;0;1;7;4;0;0;0;0;3
2019-07-10 01:47:59;24;2;0;1;7;4;0;0;0;0;3
2019-07-10 01:48:59;24;2;0;1;7;4;0;0;0;0;3
2019-07-10 01:49:58;24;2;0;1;7;4;0;0;0;0;3
2019-07-10 01:50:59;24;2;0;1;7;4;0;0;0;0;3
2019-07-10 01:51:59;25;2;0;1;7;4;2;0;0;0;3
2019-07-10 01:52:58;25;2;0;1;7;4;2;0;0;0;3
2019-07-10 01:53:59;25;2;0;1;7;4;2;0;0;0;3
2019-07-10 01:54:58;25;2;0;1;7;4;2;0;0;0;3
2019-07-10 01:55:59;25;2;0;1;7;4;2;0;0;0;3
2019-07-10 01:56:59;25;2;0;1;7;4;2;0;0;0;3
2019-07-10 01:57:58;25;2;0;1;7;4;2;0;0;0;3
2019-07-10 01:58:59;25;2;0;1;7;4;2;0;0;0;3
2019-07-10 01:59:59;25;2;0;1;7;4;2;0;0;0;3
2019-07-10 02:00:59;25;2;0;1;7;4;2;0;0;0;3
2019-07-10 02:01:58;25;2;0;1;7;4;2;0;0;0;3
2019-07-10 02:02:59;25;2;0;1;7;4;2;0;0;0;3
2019-07-10 02:03:59;25;2;0;1;7;4;2;0;0;0;3
2019-07-10 02:04:58;25;2;0;1;7;4;2;0;0;0;3
2019-07-10 02:05:59;25;2;0;1;7;4;2;0;0;0;3
2019-07-10 02:06:59;25;2;0;1;7;4;2;0;0;0;3
2019-07-10 02:07:58;25;2;0;1;7;4;2;0;0;0;3
2019-07-10 02:08:59;25;2;0;1;7;4;2;0;0;0;3
2019-07-10 02:09:59;25;2;0;1;7;4;2;0;0;0;3
2019-07-10 02:10:58;25;2;0;1;7;4;2;0;0;0;3
2019-07-10 02:11:59;25;2;0;1;7;4;2;0;0;0;3
2019-07-10 02:12:59;25;2;0;1;7;4;2;0;0;0;3
2019-07-10 02:13:58;25;2;0;1;7;4;2;0;0;0;3
2019-07-10 02:14:59;25;2;0;1;7;4;2;0;0;0;3
2019-07-10 02:15:58;25;2;0;1;7;4;2;0;0;0;3
2019-07-10 02:16:59;25;2;0;1;7;4;2;0;0;0;3
2019-07-10 02:17:58;25;2;0;1;7;4;2;0;0;0;3
2019-07-10 02:18:59;25;2;0;1;7;4;2;0;0;0;3
2019-07-10 02:19:58;25;2;0;1;7;4;2;0;0;0;3
2019-07-10 02:20:59;26;3;0;1;7;4;2;0;0;0;3
2019-07-10 02:21:59;26;3;0;1;7;4;2;0;0;0;3
2019-07-10 02:22:58;26;3;0;1;7;4;2;0;0;0;3
2019-07-10 02:23:59;26;3;0;1;7;4;2;0;0;0;3
2019-07-10 02:24:59;26;3;0;1;7;4;2;0;0;0;3
2019-07-10 02:25:58;26;3;0;1;7;4;2;0;0;0;3
2019-07-10 02:26:59;26;3;0;1;7;4;2;0;0;0;3
2019-07-10 02:27:59;26;3;0;1;7;4;2;0;0;0;3
2019-07-10 02:28:58;26;3;0;1;7;4;2;0;0;0;3
2019-07-10 02:29:59;26;3;0;1;7;4;2;0;0;0;3
2019-07-10 02:30:59;26;3;0;1;7;4;2;0;0;0;3
2019-07-10 02:31:58;26;3;0;1;7;4;2;0;0;0;3
2019-07-10 02:32:59;26;3;0;1;7;4;2;0;0;0;3
2019-07-10 02:33:59;26;3;0;1;7;4;2;0;0;0;3
2019-07-10 02:34:58;26;3;0;1;7;4;2;0;0;0;3
2019-07-10 02:35:59;26;3;0;1;7;4;2;0;0;0;3
2019-07-10 02:36:58;26;3;0;1;7;4;2;0;0;0;3
2019-07-10 02:37:59;26;3;0;1;7;4;2;0;0;0;3
2019-07-10 02:38:59;26;3;0;1;7;4;2;0;0;0;3
2019-07-10 02:39:58;26;3;0;1;7;4;2;0;0;0;3
2019-07-10 02:40:59;26;3;0;1;7;4;2;0;0;0;3
2019-07-10 02:41:58;26;3;0;1;7;4;2;0;0;0;3
2019-07-10 02:42:59;26;3;0;1;7;4;2;0;0;0;3
2019-07-10 02:43:58;26;3;0;1;7;4;2;0;0;0;3
2019-07-10 02:44:59;26;3;0;1;7;4;2;0;0;0;3
2019-07-10 02:45:58;26;3;0;1;7;4;2;0;0;0;3
2019-07-10 02:46:59;26;3;0;1;7;4;2;0;0;0;3
2019-07-10 02:47:59;26;3;0;1;7;4;2;0;0;0;3
2019-07-10 02:48:58;26;3;0;1;7;4;2;0;0;0;3
2019-07-10 02:49:59;26;3;0;1;7;4;2;0;0;0;3
2019-07-10 02:50:59;26;3;0;1;7;4;2;0;0;0;3
2019-07-10 02:51:58;27;4;0;1;7;4;2;0;0;0;3
2019-07-10 02:52:59;27;4;0;1;7;4;2;0;0;0;3
2019-07-10 02:53:59;27;4;0;1;7;4;2;0;0;0;3
2019-07-10 02:54:58;27;4;0;1;7;4;2;0;0;0;3
2019-07-10 02:55:59;27;4;0;1;7;4;2;0;0;0;3
2019-07-10 02:56:59;27;4;0;1;7;4;2;0;0;0;3
2019-07-10 02:57:58;27;4;0;1;7;4;2;0;0;0;3
2019-07-10 02:58:59;27;4;0;1;7;4;2;0;0;0;3
2019-07-10 02:59:59;27;4;0;1;7;4;2;0;0;0;3
2019-07-10 03:00:58;27;4;0;1;7;4;2;0;0;0;3
2019-07-10 03:01:59;27;4;0;1;7;4;2;0;0;0;3
2019-07-10 03:02:58;27;4;0;1;7;4;2;0;0;0;3
2019-07-10 03:03:59;27;4;0;1;7;4;2;0;0;0;3
2019-07-10 03:04:59;27;4;0;1;7;4;2;0;0;0;3
2019-07-10 03:05:59;27;4;0;1;7;4;2;0;0;0;3
2019-07-10 03:06:58;27;4;0;1;7;4;2;0;0;0;3
2019-07-10 03:07:59;27;4;0;1;7;4;2;0;0;0;3
2019-07-10 03:08:59;27;4;0;1;7;4;2;0;0;0;3
2019-07-10 03:09:58;27;4;0;1;7;4;2;0;0;0;3
2019-07-10 03:10:59;27;4;0;1;7;4;2;0;0;0;3
2019-07-10 03:11:59;27;4;0;1;7;4;2;0;0;0;3
2019-07-10 03:12:58;27;4;0;1;7;4;2;0;0;0;3
2019-07-10 03:13:59;27;4;0;1;7;4;2;0;0;0;3
2019-07-10 03:14:59;27;4;0;1;7;4;2;0;0;0;3
2019-07-10 03:15:58;27;4;0;1;7;4;2;0;0;0;3
2019-07-10 03:16:59;27;4;0;1;7;4;2;0;0;0;3
2019-07-10 03:17:59;27;4;0;1;7;4;2;0;0;0;3
2019-07-10 03:18:58;27;4;0;1;7;4;2;0;0;0;3
2019-07-10 03:19:59;27;4;0;1;7;4;2;0;0;0;3
2019-07-10 03:20:58;27;4;0;1;7;4;2;0;0;0;3
2019-07-10 03:21:59;27;4;0;1;7;4;2;0;0;0;3
2019-07-10 03:22:59;27;4;0;1;7;4;2;0;0;0;3
2019-07-10 03:23:59;27;4;0;1;7;4;2;0;0;0;3
2019-07-10 03:24:58;27;4;0;1;7;4;2;0;0;0;3
2019-07-10 03:25:59;27;4;0;1;7;4;2;0;0;0;3
2019-07-10 03:26:59;27;4;0;1;7;4;2;0;0;0;3
2019-07-10 03:27:58;27;4;0;1;7;4;2;0;0;0;3
2019-07-10 03:28:59;27;4;0;1;7;4;2;0;0;0;3
2019-07-10 03:29:59;27;4;0;1;7;4;2;0;0;0;3
2019-07-10 03:30:58;27;4;0;1;7;4;2;0;0;0;3
2019-07-10 03:31:59;27;4;0;1;7;4;2;0;0;0;3
2019-07-10 03:32:59;27;4;0;1;7;4;2;0;0;0;3
2019-07-10 03:33:58;27;4;0;1;7;4;2;0;0;0;3
2019-07-10 03:34:59;27;4;0;1;7;4;2;0;0;0;3
2019-07-10 03:35:59;27;4;0;1;7;4;2;0;0;0;3
2019-07-10 03:36:58;27;4;0;1;7;4;2;0;0;0;3
2019-07-10 03:37:59;27;4;0;1;7;4;2;0;0;0;3
2019-07-10 03:38:58;27;4;0;1;7;4;2;0;0;0;3
2019-07-10 03:39:59;27;4;0;1;7;4;2;0;0;0;3
2019-07-10 03:41:00;27;4;0;1;7;4;2;0;0;0;3
2019-07-10 03:41:58;27;4;0;1;7;4;2;0;0;0;3
2019-07-10 03:42:59;27;4;0;1;7;4;2;0;0;0;3
2019-07-10 03:43:58;27;4;0;1;7;4;2;0;0;0;3
2019-07-10 03:44:59;27;4;0;1;7;4;2;0;0;0;3
2019-07-10 03:45:59;27;4;0;1;7;4;2;0;0;0;3
2019-07-10 03:46:58;27;4;0;1;7;4;2;0;0;0;3
2019-07-10 03:47:59;27;4;0;1;7;4;2;0;0;0;3
2019-07-10 03:48:59;27;4;0;1;7;4;2;0;0;0;3
2019-07-10 03:49:58;27;4;0;1;7;4;2;0;0;0;3
2019-07-10 03:50:59;27;4;0;1;7;4;2;0;0;0;3
2019-07-10 03:52:00;27;4;0;1;7;4;2;0;0;0;3
2019-07-10 03:52:58;27;4;0;1;7;4;2;0;0;0;3
2019-07-10 03:53:59;27;4;0;1;7;4;2;0;0;0;3
2019-07-10 03:54:58;27;4;0;1;7;4;2;0;0;0;3
2019-07-10 03:55:59;27;4;0;1;7;4;2;0;0;0;3
2019-07-10 03:56:59;27;4;0;1;7;4;2;0;0;0;3
2019-07-10 03:57:58;27;4;0;1;7;4;2;0;0;0;3
2019-07-10 03:58:59;27;4;0;1;7;4;2;0;0;0;3
2019-07-10 03:59:58;28;4;0;1;8;4;2;0;0;0;3
2019-07-10 04:00:59;28;4;0;1;8;4;2;0;0;0;3
2019-07-10 04:01:58;28;4;0;1;8;4;2;0;0;0;3
2019-07-10 04:02:59;28;4;0;1;8;4;2;0;0;0;3
2019-07-10 04:03:59;28;4;0;1;8;4;2;0;0;0;3
2019-07-10 04:04:58;28;4;0;1;8;4;2;0;0;0;3
2019-07-10 04:05:59;28;4;0;1;8;4;2;0;0;0;3
2019-07-10 04:06:59;28;4;0;1;8;4;2;0;0;0;3
2019-07-10 04:07:58;28;4;0;1;8;4;2;0;0;0;3
2019-07-10 04:08:59;28;4;0;1;8;4;2;0;0;0;3
2019-07-10 04:09:59;28;4;0;1;8;4;2;0;0;0;3
2019-07-10 04:10:58;28;4;0;1;8;4;2;0;0;0;3
2019-07-10 04:11:59;28;4;0;1;8;4;2;0;0;0;3
2019-07-10 04:12:59;28;4;0;1;8;4;2;0;0;0;3
2019-07-10 04:13:58;28;4;0;1;8;4;2;0;0;0;3
2019-07-10 04:14:59;28;4;0;1;8;4;2;0;0;0;3
2019-07-10 04:15:58;28;4;0;1;8;4;2;0;0;0;3
2019-07-10 04:16:59;28;4;0;1;8;4;2;0;0;0;3
2019-07-10 04:17:59;28;4;0;1;8;4;2;0;0;0;3
2019-07-10 04:18:58;28;4;0;1;8;4;2;0;0;0;3
2019-07-10 04:19:59;28;4;0;1;8;4;2;0;0;0;3
2019-07-10 04:20:58;28;4;0;1;8;4;2;0;0;0;3
2019-07-10 04:21:59;28;4;0;1;8;4;2;0;0;0;3
2019-07-10 04:22:58;28;4;0;1;8;4;2;0;0;0;3
2019-07-10 04:23:59;28;4;0;1;8;4;2;0;0;0;3
2019-07-10 04:24:59;28;4;0;1;8;4;2;0;0;0;3
2019-07-10 04:25:58;28;4;0;1;8;4;2;0;0;0;3
2019-07-10 04:26:59;28;4;0;1;8;4;2;0;0;0;3
2019-07-10 04:27:59;28;4;0;1;8;4;2;0;0;0;3
2019-07-10 04:28:58;28;4;0;1;8;4;2;0;0;0;3
2019-07-10 04:29:59;28;4;0;1;8;4;2;0;0;0;3
2019-07-10 04:30:58;28;4;0;1;8;4;2;0;0;0;3
2019-07-10 04:31:59;28;4;0;1;8;4;2;0;0;0;3
2019-07-10 04:32:59;28;4;0;1;8;4;2;0;0;0;3
2019-07-10 04:33:58;28;4;0;1;8;4;2;0;0;0;3
2019-07-10 04:34:59;28;4;0;1;8;4;2;0;0;0;3
2019-07-10 04:36:00;28;4;0;1;8;4;2;0;0;0;3
2019-07-10 04:36:58;28;4;0;1;8;4;2;0;0;0;3
2019-07-10 04:37:59;28;4;0;1;8;4;2;0;0;0;3
2019-07-10 04:38:58;28;4;0;1;8;4;2;0;0;0;3
2019-07-10 04:39:59;28;4;0;1;8;4;2;0;0;0;3
2019-07-10 04:40:59;28;4;0;1;8;4;2;0;0;0;3
2019-07-10 04:41:58;28;4;0;1;8;4;2;0;0;0;3
2019-07-10 04:42:59;28;4;0;1;8;4;2;0;0;0;3
2019-07-10 04:43:59;28;4;0;1;8;4;2;0;0;0;3
2019-07-10 04:44:58;28;4;0;1;8;4;2;0;0;0;3
2019-07-10 04:45:59;28;4;0;1;8;4;2;0;0;0;3
2019-07-10 04:46:59;28;4;0;1;8;4;2;0;0;0;3
2019-07-10 04:47:58;28;4;0;1;8;4;2;0;0;0;3
2019-07-10 04:48:59;28;4;0;1;8;4;2;0;0;0;3
2019-07-10 04:49:59;28;4;0;1;8;4;2;0;0;0;3
2019-07-10 04:50:58;28;4;0;1;8;4;2;0;0;0;3
2019-07-10 04:51:59;28;4;0;1;8;4;2;0;0;0;3
2019-07-10 04:52:58;28;4;0;1;8;4;2;0;0;0;3
2019-07-10 04:53:59;28;4;0;1;8;4;2;0;0;0;3
2019-07-10 04:55:00;28;4;0;1;8;4;2;0;0;0;3
2019-07-10 04:55:58;28;4;0;1;8;4;2;0;0;0;3
2019-07-10 04:56:59;28;4;0;1;8;4;2;0;0;0;3
2019-07-10 04:57:58;28;4;0;1;8;4;2;0;0;0;3
2019-07-10 04:58:59;28;4;0;1;8;4;2;0;0;0;3
2019-07-10 04:59:58;28;4;0;1;8;4;2;0;0;0;3
2019-07-10 05:00:59;28;4;0;1;8;4;2;0;0;0;3
2019-07-10 05:01:59;28;4;0;1;8;4;2;0;0;0;3
2019-07-10 05:02:58;28;4;0;1;8;4;2;0;0;0;3
2019-07-10 05:03:59;28;4;0;1;8;4;2;0;0;0;3
2019-07-10 05:04:58;28;4;0;1;8;4;2;0;0;0;3
2019-07-10 05:05:59;28;4;0;1;8;4;2;0;0;0;3
2019-07-10 05:06:59;28;4;0;1;8;4;2;0;0;0;3
2019-07-10 05:07:58;28;4;0;1;8;4;2;0;0;0;3
2019-07-10 05:08:59;28;4;0;1;8;4;2;0;0;0;3
2019-07-10 05:09:59;28;4;0;1;8;4;2;0;0;0;3
2019-07-10 05:10:58;29;4;0;2;8;4;2;0;0;0;3
2019-07-10 05:11:59;29;4;0;2;8;4;2;0;0;0;3
2019-07-10 05:12:58;29;4;0;2;8;4;2;0;0;0;3
2019-07-10 05:13:59;29;4;0;2;8;4;2;0;0;0;3
2019-07-10 05:14:59;29;4;0;2;8;4;2;0;0;0;3
2019-07-10 05:15:58;29;4;0;2;8;4;2;0;0;0;3
2019-07-10 05:16:59;29;4;0;2;8;4;2;0;0;0;3
2019-07-10 05:17:58;29;4;0;2;8;4;2;0;0;0;3
2019-07-10 05:18:59;29;4;0;2;8;4;2;0;0;0;3
2019-07-10 05:19:59;29;4;0;2;8;4;2;0;0;0;3
2019-07-10 05:20:58;29;4;0;2;8;4;2;0;0;0;3
2019-07-10 05:21:59;29;4;0;2;8;4;2;0;0;0;3
2019-07-10 05:22:59;30;4;0;2;9;4;2;0;0;0;3
2019-07-10 05:23:58;30;4;0;2;9;4;2;0;0;0;3
2019-07-10 05:24:59;30;4;0;2;9;4;2;0;0;0;3
2019-07-10 05:25:58;30;4;0;2;9;4;2;0;0;0;3
2019-07-10 05:26:59;30;4;0;2;9;4;2;0;0;0;3
2019-07-10 05:27:59;30;4;0;2;9;4;2;0;0;0;3
2019-07-10 05:28:59;30;4;0;2;9;4;2;0;0;0;3
2019-07-10 05:29:58;30;4;0;2;9;4;2;0;0;0;3
2019-07-10 05:30:59;30;4;0;2;9;4;2;0;0;0;3
2019-07-10 05:31:58;30;4;0;2;9;4;2;0;0;0;3
2019-07-10 05:32:59;30;4;0;2;9;4;2;0;0;0;3
2019-07-10 05:33:59;30;4;0;2;9;4;2;0;0;0;3
2019-07-10 05:34:58;31;4;0;3;9;4;2;0;0;0;3
2019-07-10 05:35:59;31;4;0;3;9;4;2;0;0;0;3
2019-07-10 05:36:59;31;4;0;3;9;4;2;0;0;0;3
2019-07-10 05:37:58;31;4;0;3;9;4;2;0;0;0;3
2019-07-10 05:38:59;31;4;0;3;9;4;2;0;0;0;3
2019-07-10 05:39:59;31;4;0;3;9;4;2;0;0;0;3
2019-07-10 05:40:58;31;4;0;3;9;4;2;0;0;0;3
2019-07-10 05:41:59;31;4;0;3;9;4;2;0;0;0;3
2019-07-10 05:42:58;31;4;0;3;9;4;2;0;0;0;3
2019-07-10 05:43:59;31;4;0;3;9;4;2;0;0;0;3
2019-07-10 05:44:59;31;4;0;3;9;4;2;0;0;0;3
2019-07-10 05:45:59;31;4;0;3;9;4;2;0;0;0;3
2019-07-10 05:46:58;31;4;0;3;9;4;2;0;0;0;3
2019-07-10 05:47:59;31;4;0;3;9;4;2;0;0;0;3
2019-07-10 05:48:58;31;4;0;3;9;4;2;0;0;0;3
2019-07-10 05:49:59;31;4;0;3;9;4;2;0;0;0;3
2019-07-10 05:50:59;31;4;0;3;9;4;2;0;0;0;3
2019-07-10 05:51:58;31;4;0;3;9;4;2;0;0;0;3
2019-07-10 05:52:59;31;4;0;3;9;4;2;0;0;0;3
2019-07-10 05:53:59;31;4;0;3;9;4;2;0;0;0;3
2019-07-10 05:54:58;31;4;0;3;9;4;2;0;0;0;3
2019-07-10 05:55:59;31;4;0;3;9;4;2;0;0;0;3
2019-07-10 05:56:58;31;4;0;3;9;4;2;0;0;0;3
2019-07-10 05:57:59;31;4;0;3;9;4;2;0;0;0;3
2019-07-10 05:58:58;31;4;0;3;9;4;2;0;0;0;3
2019-07-10 05:59:59;31;4;0;3;9;4;2;0;0;0;3
2019-07-10 06:00:58;31;4;0;3;9;4;2;0;0;0;3
2019-07-10 06:01:59;31;4;0;3;9;4;2;0;0;0;3
2019-07-10 06:02:59;31;4;0;3;9;4;2;0;0;0;3
2019-07-10 06:03:59;31;4;0;3;9;4;2;0;0;0;3
2019-07-10 06:04:58;31;4;0;3;9;4;2;0;0;0;3
2019-07-10 06:05:59;32;4;0;3;10;4;2;0;0;0;3
2019-07-10 06:06:59;32;4;0;3;10;4;2;0;0;0;3
2019-07-10 06:07:58;32;4;0;3;10;4;2;0;0;0;3
2019-07-10 06:08:59;32;4;0;3;10;4;2;0;0;0;3
2019-07-10 06:09:59;32;4;0;3;10;4;2;0;0;0;3
2019-07-10 06:10:58;32;4;0;3;10;4;2;0;0;0;3
2019-07-10 06:11:59;32;4;0;3;10;4;2;0;0;0;3
2019-07-10 06:12:59;32;4;0;3;10;4;2;0;0;0;3
2019-07-10 06:13:58;32;4;0;3;10;4;2;0;0;0;3
2019-07-10 06:14:59;32;4;0;3;10;4;2;0;0;0;3
2019-07-10 06:15:58;32;4;0;3;10;4;2;0;0;0;3
2019-07-10 06:16:59;32;4;0;3;10;4;2;0;0;0;3
2019-07-10 06:17:59;32;4;0;3;10;4;2;0;0;0;3
2019-07-10 06:18:58;32;4;0;3;10;4;2;0;0;0;3
2019-07-10 06:19:59;32;4;0;3;10;4;2;0;0;0;3
2019-07-10 06:20:58;32;4;0;3;10;4;2;0;0;0;3
2019-07-10 06:21:59;33;4;0;3;10;4;3;0;0;0;3
2019-07-10 06:22:59;33;4;0;3;10;4;3;0;0;0;3
2019-07-10 06:23:58;33;4;0;3;10;4;3;0;0;0;3
2019-07-10 06:24:59;33;4;0;3;10;4;3;0;0;0;3
2019-07-10 06:25:59;33;4;0;3;10;4;3;0;0;0;3
2019-07-10 06:26:58;33;4;0;3;10;4;3;0;0;0;3
2019-07-10 06:28:00;33;4;0;3;10;4;3;0;0;0;3
2019-07-10 06:28:59;33;4;0;3;10;4;3;0;0;0;3
2019-07-10 06:29:59;33;4;0;3;10;4;3;0;0;0;3
2019-07-10 06:30:58;33;4;0;3;10;4;3;0;0;0;3
2019-07-10 06:31:59;33;4;0;3;10;4;3;0;0;0;3
2019-07-10 06:32:58;33;4;0;3;10;4;3;0;0;0;3
2019-07-10 06:33:59;33;4;0;3;10;4;3;0;0;0;3
2019-07-10 06:34:58;33;4;0;3;10;4;3;0;0;0;3
2019-07-10 06:35:59;33;4;0;3;10;4;3;0;0;0;3
2019-07-10 06:36:59;33;4;0;3;10;4;3;0;0;0;3
2019-07-10 06:37:58;33;4;0;3;10;4;3;0;0;0;3
2019-07-10 06:38:59;33;4;0;3;10;4;3;0;0;0;3
2019-07-10 06:39:58;33;4;0;3;10;4;3;0;0;0;3
2019-07-10 06:40:59;33;4;0;3;10;4;3;0;0;0;3
2019-07-10 06:41:58;34;4;0;4;10;4;3;0;0;0;3
2019-07-10 06:42:59;34;4;0;4;10;4;3;0;0;0;3
2019-07-10 06:43:59;34;4;0;4;10;4;3;0;0;0;3
2019-07-10 06:44:58;34;4;0;4;10;4;3;0;0;0;3
2019-07-10 06:45:59;34;4;0;4;10;4;3;0;0;0;3
2019-07-10 06:46:58;34;4;0;4;10;4;3;0;0;0;3
2019-07-10 06:47:59;34;4;0;4;10;4;3;0;0;0;3
2019-07-10 06:48:59;34;4;0;4;10;4;3;0;0;0;3
2019-07-10 06:49:58;34;4;0;4;10;4;3;0;0;0;3
2019-07-10 06:50:59;34;4;0;4;10;4;3;0;0;0;3
2019-07-10 06:52:00;34;4;0;4;10;4;3;0;0;0;3
2019-07-10 06:52:58;34;4;0;4;10;4;3;0;0;0;3
2019-07-10 06:53:59;34;4;0;4;10;4;3;0;0;0;3
2019-07-10 06:54:58;34;4;0;4;10;4;3;0;0;0;3
2019-07-10 06:55:59;34;4;0;4;10;4;3;0;0;0;3
2019-07-10 06:56:59;34;4;0;4;10;4;3;0;0;0;3
2019-07-10 06:57:58;34;4;0;4;10;4;3;0;0;0;3
2019-07-10 06:58:59;34;4;0;4;10;4;3;0;0;0;3
2019-07-10 06:59:58;34;4;0;4;10;4;3;0;0;0;3
2019-07-10 07:00:59;34;4;0;4;10;4;3;0;0;0;3
2019-07-10 07:01:58;35;4;0;4;11;4;3;0;0;0;3
2019-07-10 07:02:59;35;4;0;4;11;4;3;0;0;0;3
2019-07-10 07:03:59;35;4;0;4;11;4;3;0;0;0;3
2019-07-10 07:04:58;35;4;0;4;11;4;3;0;0;0;3
2019-07-10 07:05:59;35;4;0;4;11;4;3;0;0;0;3
2019-07-10 07:07:00;35;4;0;4;11;4;3;0;0;0;3
2019-07-10 07:07:58;35;4;0;4;11;4;3;0;0;0;3
2019-07-10 07:08:59;35;4;0;4;11;4;3;0;0;0;3
2019-07-10 07:09:58;35;4;0;4;11;4;3;0;0;0;3
2019-07-10 07:10:59;35;4;0;4;11;4;3;0;0;0;3
2019-07-10 07:11:59;35;4;0;4;11;4;3;0;0;0;3
2019-07-10 07:12:58;36;4;0;4;11;4;3;0;0;0;3
2019-07-10 07:13:59;36;4;0;4;11;4;3;0;0;0;3
2019-07-10 07:14:59;36;4;0;4;11;4;3;0;0;0;3
2019-07-10 07:15:58;36;4;0;4;11;4;3;0;0;0;3
2019-07-10 07:16:59;36;4;0;4;11;4;3;0;0;0;3
2019-07-10 07:17:59;36;4;0;4;11;4;3;0;0;0;3
2019-07-10 07:18:58;36;4;0;4;11;4;3;0;0;0;3
2019-07-10 07:19:59;37;4;0;4;11;4;3;0;0;0;3
2019-07-10 07:20:58;37;4;0;4;11;4;3;0;0;0;3
2019-07-10 07:21:59;37;4;0;4;11;4;3;0;0;0;3
2019-07-10 07:22:59;37;4;0;4;11;4;3;0;0;0;3
2019-07-10 07:23:58;37;4;0;4;11;4;3;0;0;0;3
2019-07-10 07:24:59;37;4;0;4;11;4;3;0;0;0;3
2019-07-10 07:25:59;37;4;0;4;11;4;3;0;0;0;3
2019-07-10 07:26:58;37;4;0;4;11;4;3;0;0;0;3
2019-07-10 07:27:59;38;4;0;4;11;4;3;0;0;0;3
2019-07-10 07:28:59;38;4;0;4;11;4;3;0;0;0;3
2019-07-10 07:29:58;38;4;0;4;11;4;3;0;0;0;3
2019-07-10 07:30:59;38;4;0;4;11;4;3;0;0;0;3
2019-07-10 07:31:58;38;4;0;4;11;4;3;0;0;0;3
2019-07-10 07:32:59;38;4;0;4;11;4;3;0;0;0;3
2019-07-10 07:33:59;38;4;0;4;11;4;3;0;0;0;3
2019-07-10 07:34:58;38;4;0;4;11;4;3;0;0;0;3
2019-07-10 07:35:59;38;4;0;4;11;4;3;0;0;0;3
2019-07-10 07:36:59;38;4;0;4;11;4;3;0;0;0;3
2019-07-10 07:37:58;38;4;0;4;11;4;3;0;0;0;3
2019-07-10 07:38:59;38;4;0;4;11;4;3;0;0;0;3
2019-07-10 07:39:59;38;4;0;4;11;4;3;0;0;0;3
2019-07-10 07:40:59;38;4;0;4;11;4;3;0;0;0;3
2019-07-10 07:41:58;38;4;0;4;11;4;3;0;0;0;3
2019-07-10 07:42:59;38;4;0;4;11;4;3;0;0;0;3
2019-07-10 07:43:58;38;4;0;4;11;4;3;0;0;0;3
2019-07-10 07:44:59;38;4;0;4;11;4;3;0;0;0;3
2019-07-10 07:45:59;38;4;0;4;11;4;3;0;0;0;3
2019-07-10 07:46:58;38;4;0;4;11;4;3;0;0;0;3
2019-07-10 07:47:59;38;4;0;4;11;4;3;0;0;0;3
2019-07-10 07:48:59;38;4;0;4;11;4;3;0;0;0;3
2019-07-10 07:49:58;38;4;0;4;11;4;3;0;0;0;3
2019-07-10 07:50:59;38;4;0;4;11;4;3;0;0;0;3
2019-07-10 07:51:58;38;4;0;4;11;4;3;0;0;0;3
2019-07-10 07:52:59;38;4;0;4;11;4;3;0;0;0;3
2019-07-10 07:53:59;38;4;0;4;11;4;3;0;0;0;3
2019-07-10 07:54:58;38;4;0;4;11;4;3;0;0;0;3
2019-07-10 07:55:59;38;4;0;4;11;4;3;0;0;0;3
2019-07-10 07:56:59;38;4;0;4;11;4;3;0;0;0;3
2019-07-10 07:57:58;38;4;0;4;11;4;3;0;0;0;3
2019-07-10 07:58:59;39;4;0;5;11;4;3;0;0;0;3
2019-07-10 07:59:59;39;4;0;5;11;4;3;0;0;0;3
2019-07-10 08:00:58;39;4;0;5;11;4;3;0;0;0;3
2019-07-10 08:01:59;39;4;0;5;11;4;3;0;0;0;3
2019-07-10 08:02:58;39;4;0;5;11;4;3;0;0;0;3
2019-07-10 08:03:59;39;4;0;5;11;4;3;0;0;0;3
2019-07-10 08:04:58;39;4;0;5;11;4;3;0;0;0;3
2019-07-10 08:05:59;39;4;0;5;11;4;3;0;0;0;3
2019-07-10 08:06:59;39;4;0;5;11;4;3;0;0;0;3
2019-07-10 08:07:58;39;4;0;5;11;4;3;0;0;0;3
2019-07-10 08:08:59;39;4;0;5;11;4;3;0;0;0;3
2019-07-10 08:09:59;39;4;0;5;11;4;3;0;0;0;3
2019-07-10 08:10:58;39;4;0;5;11;4;3;0;0;0;3
2019-07-10 08:11:59;39;4;0;5;11;4;3;0;0;0;3
2019-07-10 08:12:59;39;4;0;5;11;4;3;0;0;0;3
2019-07-10 08:13:58;39;4;0;5;11;4;3;0;0;0;3
2019-07-10 08:14:59;39;4;0;5;11;4;3;0;0;0;3
2019-07-10 08:15:59;39;4;0;5;11;4;3;0;0;0;3
2019-07-10 08:16:58;39;4;0;5;11;4;3;0;0;0;3
2019-07-10 08:17:59;40;4;0;6;11;4;3;0;0;0;3
2019-07-10 08:18:59;40;4;0;6;11;4;3;0;0;0;3
2019-07-10 08:19:58;40;4;0;6;11;4;3;0;0;0;3
2019-07-10 08:20:59;40;4;0;6;11;4;3;0;0;0;3
2019-07-10 08:21:59;40;4;0;6;11;4;3;0;0;0;3
2019-07-10 08:22:58;40;4;0;6;11;4;3;0;0;0;3
2019-07-10 08:23:59;40;4;0;6;11;4;3;0;0;0;3
2019-07-10 08:24:59;40;4;0;6;11;4;3;0;0;0;3
2019-07-10 08:25:59;40;4;0;6;11;4;3;0;0;0;3
2019-07-10 08:26:58;40;4;0;6;11;4;3;0;0;0;3
2019-07-10 08:27:59;40;4;0;6;11;4;3;0;0;0;3
2019-07-10 08:28:59;40;4;0;6;11;4;3;0;0;0;3
2019-07-10 08:29:58;40;4;0;6;11;4;3;0;0;0;3
2019-07-10 08:30:59;40;4;0;6;11;4;3;0;0;0;3
2019-07-10 08:31:59;40;4;0;6;11;4;3;0;0;0;3
2019-07-10 08:32:58;40;4;0;6;11;4;3;0;0;0;3
2019-07-10 08:33:59;40;4;0;6;11;4;3;0;0;0;3
2019-07-10 08:34:59;40;4;0;6;11;4;3;0;0;0;3
2019-07-10 08:35:58;40;4;0;6;11;4;3;0;0;0;3
2019-07-10 08:37:00;40;4;0;6;11;4;3;0;0;0;3
2019-07-10 08:37:58;40;4;0;6;11;4;3;0;0;0;3
2019-07-10 08:38:59;40;4;0;6;11;4;3;0;0;0;3
2019-07-10 08:39:58;40;4;0;6;11;4;3;0;0;0;3
2019-07-10 08:40:59;40;4;0;6;11;4;3;0;0;0;3
2019-07-10 08:41:59;40;4;0;6;11;4;3;0;0;0;3
2019-07-10 08:42:58;40;4;0;6;11;4;3;0;0;0;3
2019-07-10 08:43:59;40;4;0;6;11;4;3;0;0;0;3
2019-07-10 08:44:59;40;4;0;6;11;4;3;0;0;0;3
2019-07-10 08:45:58;40;4;0;6;11;4;3;0;0;0;3
2019-07-10 08:46:59;40;4;0;6;11;4;3;0;0;0;3
2019-07-10 08:47:59;40;4;0;6;11;4;3;0;0;0;3
2019-07-10 08:48:58;40;4;0;6;11;4;3;0;0;0;3
2019-07-10 08:49:59;40;4;0;6;11;4;3;0;0;0;3
2019-07-10 08:50:59;40;4;0;6;11;4;3;0;0;0;3
2019-07-10 08:51:58;40;4;0;6;11;4;3;0;0;0;3
2019-07-10 08:52:59;40;4;0;6;11;4;3;0;0;0;3
2019-07-10 08:53:59;40;4;0;6;11;4;3;0;0;0;3
2019-07-10 08:54:58;40;4;0;6;11;4;3;0;0;0;3
2019-07-10 08:55:59;40;4;0;6;11;4;3;0;0;0;3
2019-07-10 08:56:59;41;4;0;6;12;4;3;0;0;0;3
2019-07-10 08:57:58;41;4;0;6;12;4;3;0;0;0;3
2019-07-10 08:58:59;41;4;0;6;12;4;3;0;0;0;3
2019-07-10 08:59:58;41;4;0;6;12;4;3;0;0;0;3
2019-07-10 09:00:59;41;4;0;6;12;4;3;0;0;0;3
2019-07-10 09:01:58;41;4;0;6;12;4;3;0;0;0;3
2019-07-10 09:02:59;41;4;0;6;12;4;3;0;0;0;3
2019-07-10 09:03:59;41;4;0;6;12;4;3;0;0;0;3
2019-07-10 09:04:59;41;4;0;6;12;4;3;0;0;0;3
2019-07-10 09:05:58;41;4;0;6;12;4;3;0;0;0;3
2019-07-10 09:06:59;41;4;0;6;12;4;3;0;0;0;3
2019-07-10 09:07:59;41;4;0;6;12;4;3;0;0;0;3
2019-07-10 09:08:58;41;4;0;6;12;4;3;0;0;0;3
2019-07-10 09:09:59;41;4;0;6;12;4;3;0;0;0;3
2019-07-10 09:10:59;41;4;0;6;12;4;3;0;0;0;3
2019-07-10 09:11:58;41;4;0;6;12;4;3;0;0;0;3
2019-07-10 09:12:59;41;4;0;6;12;4;3;0;0;0;3
2019-07-10 09:13:59;41;4;0;6;12;4;3;0;0;0;3
2019-07-10 09:14:58;41;4;0;6;12;4;3;0;0;0;3
2019-07-10 09:15:59;41;4;0;6;12;4;3;0;0;0;3
2019-07-10 09:16:59;41;4;0;6;12;4;3;0;0;0;3
2019-07-10 09:17:58;41;4;0;6;12;4;3;0;0;0;3
2019-07-10 09:18:59;41;4;0;6;12;4;3;0;0;0;3
2019-07-10 09:19:59;41;4;0;6;12;4;3;0;0;0;3
2019-07-10 09:20:58;41;4;0;6;12;4;3;0;0;0;3
2019-07-10 09:21:59;41;4;0;6;12;4;3;0;0;0;3
2019-07-10 09:22:59;41;4;0;6;12;4;3;0;0;0;3
2019-07-10 09:23:58;41;4;0;6;12;4;3;0;0;0;3
2019-07-10 09:24:59;42;4;0;6;12;4;3;0;0;0;3
2019-07-10 09:25:59;42;4;0;6;12;4;3;0;0;0;3
2019-07-10 09:26:58;42;4;0;6;12;4;3;0;0;0;3
2019-07-10 09:27:59;42;4;0;6;12;4;3;0;0;0;3
2019-07-10 09:28:58;42;4;0;6;12;4;3;0;0;0;3
2019-07-10 09:29:59;42;4;0;6;12;4;3;0;0;0;3
2019-07-10 09:30:59;42;4;0;6;12;4;3;0;0;0;3
2019-07-10 09:31:58;42;4;0;6;12;4;3;0;0;0;3
2019-07-10 09:32:59;42;4;0;6;12;4;3;0;0;0;3
2019-07-10 09:33:59;42;4;0;6;12;4;3;0;0;0;3
2019-07-10 09:34:58;42;4;0;6;12;4;3;0;0;0;3
2019-07-10 09:35:59;42;4;0;6;12;4;3;0;0;0;3
2019-07-10 09:36:59;42;4;0;6;12;4;3;0;0;0;3
2019-07-10 09:37:58;43;4;0;6;13;4;3;0;0;0;3
2019-07-10 09:38:59;43;4;0;6;13;4;3;0;0;0;3
2019-07-10 09:39:59;43;4;0;6;13;4;3;0;0;0;3
2019-07-10 09:40:58;43;4;0;6;13;4;3;0;0;0;3
2019-07-10 09:41:59;43;4;0;6;13;4;3;0;0;0;3
2019-07-10 09:42:59;43;4;0;6;13;4;3;0;0;0;3
2019-07-10 09:43:58;44;4;0;6;13;5;3;0;0;0;3
2019-07-10 09:44:59;44;4;0;6;13;5;3;0;0;0;3
2019-07-10 09:45:59;44;4;0;6;13;5;3;0;0;0;3
2019-07-10 09:46:58;44;4;0;6;13;5;3;0;0;0;3
2019-07-10 09:47:59;45;4;0;7;13;5;3;0;0;0;3
2019-07-10 09:48:58;45;4;0;7;13;5;3;0;0;0;3
2019-07-10 09:49:59;45;4;0;7;13;5;3;0;0;0;3
2019-07-10 09:50:59;45;4;0;7;13;5;3;0;0;0;3
2019-07-10 09:51:58;45;4;0;7;13;5;3;0;0;0;3
2019-07-10 09:52:59;45;4;0;7;13;5;3;0;0;0;3
2019-07-10 09:53:59;45;4;0;7;13;5;3;0;0;0;3
2019-07-10 09:54:58;45;4;0;7;13;5;3;0;0;0;3
2019-07-10 09:55:59;45;4;0;7;13;5;3;0;0;0;3
2019-07-10 09:56:59;45;4;0;7;13;5;3;0;0;0;3
2019-07-10 09:57:58;45;4;0;7;13;5;3;0;0;0;3
2019-07-10 09:58:59;46;4;0;7;14;5;3;0;0;0;3
2019-07-10 09:59:58;46;4;0;7;14;5;3;0;0;0;3
2019-07-10 10:00:59;47;4;0;7;15;5;3;0;0;0;3
2019-07-10 10:01:59;47;4;0;7;15;5;3;0;0;0;3
2019-07-10 10:02:58;47;4;0;7;15;5;3;0;0;0;3
2019-07-10 10:03:59;47;4;0;7;15;5;3;0;0;0;3
2019-07-10 10:04:58;47;4;0;7;15;5;3;0;0;0;3
2019-07-10 10:05:59;47;4;0;7;15;5;3;0;0;0;3
2019-07-10 10:06:59;47;4;0;7;15;5;3;0;0;0;3
2019-07-10 10:07:58;47;4;0;7;15;5;3;0;0;0;3
2019-07-10 10:08:59;47;4;0;7;15;5;3;0;0;0;3
2019-07-10 10:09:59;48;4;0;7;15;5;3;0;0;0;3
2019-07-10 10:10:58;48;4;0;7;15;5;3;0;0;0;3
2019-07-10 10:11:59;48;4;0;7;15;5;3;0;0;0;3
2019-07-10 10:12:58;48;4;0;7;15;5;3;0;0;0;3
2019-07-10 10:13:59;49;4;0;8;15;5;3;0;0;0;3
2019-07-10 10:14:59;49;4;0;8;15;5;3;0;0;0;3
2019-07-10 10:15:58;49;4;0;8;15;5;3;0;0;0;3
2019-07-10 10:16:59;49;4;0;8;15;5;3;0;0;0;3
2019-07-10 10:17:59;49;4;0;8;15;5;3;0;0;0;3
2019-07-10 10:18:58;49;4;0;8;15;5;3;0;0;0;3
2019-07-10 10:19:59;49;4;0;8;15;5;3;0;0;0;3
2019-07-10 10:20:58;49;4;0;8;15;5;3;0;0;0;3
2019-07-10 10:21:59;50;4;0;8;15;5;3;0;0;0;3
2019-07-10 10:22:59;51;4;0;8;16;5;3;0;0;0;3
2019-07-10 10:23:58;51;4;0;8;16;5;3;0;0;0;3
2019-07-10 10:24:59;52;4;0;8;16;6;3;0;0;0;3
2019-07-10 10:26:00;53;4;0;9;16;6;3;0;0;0;3
2019-07-10 10:26:58;53;4;0;10;15;6;3;0;0;0;3
2019-07-10 10:27:59;53;4;0;10;15;6;3;0;0;0;3
2019-07-10 10:28:59;53;4;0;10;15;6;3;0;0;0;3
2019-07-10 10:29:58;53;4;0;10;15;6;3;0;0;0;3
2019-07-10 10:30:59;53;4;0;10;15;6;3;0;0;0;3
2019-07-10 10:31:58;53;4;0;10;15;6;3;0;0;0;3
2019-07-10 10:32:59;53;4;0;10;15;6;3;0;0;0;3
2019-07-10 10:33:59;53;4;0;10;15;6;3;0;0;0;3
2019-07-10 10:34:58;53;4;0;10;15;6;3;0;0;0;3
2019-07-10 10:35:59;53;4;0;10;15;6;3;0;0;0;3
2019-07-10 10:36:58;53;4;0;10;15;6;3;0;0;0;3
2019-07-10 10:37:59;53;3;0;11;15;6;3;0;0;0;3
2019-07-10 10:38:58;53;3;0;11;15;6;3;0;0;0;3
2019-07-10 10:39:59;53;3;0;11;15;6;3;0;0;0;3
2019-07-10 10:40:59;53;3;0;11;15;6;3;0;0;0;3
2019-07-10 10:41:59;53;3;0;11;15;6;3;0;0;0;3
2019-07-10 10:42:58;53;3;0;11;15;6;3;0;0;0;3
2019-07-10 10:43:59;53;3;0;11;15;6;3;0;0;0;3
2019-07-10 10:44:59;53;3;0;11;15;6;3;0;0;0;3
2019-07-10 10:45:58;53;3;0;11;15;6;3;0;0;0;3
2019-07-10 10:46:59;53;3;0;11;15;6;3;0;0;0;3
2019-07-10 10:47:59;53;3;0;11;15;6;3;0;0;0;3
2019-07-10 10:48:58;53;3;0;11;15;6;3;0;0;0;3
2019-07-10 10:49:59;53;3;0;11;15;6;3;0;0;0;3
2019-07-10 10:50:58;53;3;0;11;15;6;3;0;0;0;3
2019-07-10 10:51:59;53;3;0;11;15;6;3;0;0;0;3
2019-07-10 10:52:59;53;3;0;11;15;6;3;0;0;0;3
2019-07-10 10:53:58;53;3;0;11;15;6;3;0;0;0;3
2019-07-10 10:54:59;53;3;0;11;15;6;3;0;0;0;3
2019-07-10 10:55:59;53;3;0;11;15;6;3;0;0;0;3
2019-07-10 10:56:58;53;3;0;11;15;6;3;0;0;0;3
2019-07-10 10:57:59;54;3;0;12;15;6;3;0;0;0;3
2019-07-10 10:58:59;54;3;0;12;15;6;3;0;0;0;3
2019-07-10 10:59:58;54;3;0;12;15;6;3;0;0;0;3
2019-07-10 11:00:59;54;3;0;12;15;6;3;0;0;0;3
2019-07-10 11:01:58;54;3;0;12;15;6;3;0;0;0;3
2019-07-10 11:02:59;55;3;0;12;16;6;3;0;0;0;3
2019-07-10 11:03:59;55;3;0;13;15;6;3;0;0;0;3
2019-07-10 11:05:00;56;3;0;13;16;6;3;0;0;0;3
2019-07-10 11:05:58;56;3;0;13;16;6;3;0;0;0;3
2019-07-10 11:06:59;57;3;0;14;16;6;3;0;0;0;3
2019-07-10 11:07:59;58;3;0;14;17;6;3;0;0;0;3
2019-07-10 11:08:58;59;3;0;15;17;6;3;0;0;0;3
2019-07-10 11:09:59;59;3;0;15;17;6;3;0;0;0;3
2019-07-10 11:10:59;59;3;0;15;17;6;3;0;0;0;3
2019-07-10 11:11:58;60;3;0;15;17;6;3;0;0;0;4
2019-07-10 11:12:59;60;3;0;15;17;6;3;0;0;0;4
2019-07-10 11:13:58;60;3;0;15;17;6;3;0;0;0;4
2019-07-10 11:14:59;60;3;0;15;17;6;3;0;0;0;4
2019-07-10 11:15:59;60;3;0;15;17;6;3;0;0;0;4
2019-07-10 11:16:58;60;3;0;15;17;6;3;0;0;0;4
2019-07-10 11:17:59;60;3;0;15;17;6;3;0;0;0;4
2019-07-10 11:18:58;60;3;0;15;17;6;3;0;0;0;4
2019-07-10 11:19:59;60;3;0;15;17;6;3;0;0;0;4
2019-07-10 11:20:59;60;3;0;15;17;6;3;0;0;0;4
2019-07-10 11:21:58;60;3;0;15;17;6;3;0;0;0;4
2019-07-10 11:22:59;61;3;0;15;17;6;3;0;1;0;4
2019-07-10 11:23:59;61;3;0;15;17;6;3;0;1;0;4
2019-07-10 11:24:58;61;3;0;15;17;6;3;0;1;0;4
2019-07-10 11:25:59;61;3;0;15;17;6;3;0;1;0;4
2019-07-10 11:26:59;61;3;0;15;17;6;3;0;1;0;4
2019-07-10 11:27:58;61;3;0;15;17;6;3;0;1;0;4
2019-07-10 11:28:59;61;3;0;15;17;6;3;0;1;0;4
2019-07-10 11:29:59;61;3;0;15;17;6;3;0;1;0;4
2019-07-10 11:30:58;61;3;0;15;17;6;3;0;1;0;4
2019-07-10 11:31:59;61;3;0;16;16;6;3;0;1;0;4
2019-07-10 11:32:59;61;3;0;16;16;6;3;0;1;0;4
2019-07-10 11:33:58;62;3;0;17;16;6;3;0;1;0;4
2019-07-10 11:34:59;62;3;0;17;16;6;3;0;1;0;4
2019-07-10 11:35:59;62;3;0;17;16;6;3;0;1;0;4
2019-07-10 11:36:58;62;3;0;17;16;6;3;0;1;0;4
2019-07-10 11:37:59;62;3;0;17;16;6;3;0;1;0;4
2019-07-10 11:38:58;62;3;0;17;16;6;3;0;1;0;4
2019-07-10 11:39:59;62;3;0;17;16;6;3;0;1;0;4
2019-07-10 11:40:59;62;3;0;17;16;6;3;0;1;0;4
2019-07-10 11:41:58;62;3;0;17;16;6;3;0;1;0;4
2019-07-10 11:42:59;62;3;0;17;16;6;3;0;1;0;4
2019-07-10 11:43:59;62;3;0;17;16;6;3;0;1;0;4
2019-07-10 11:44:58;62;3;0;17;16;6;3;0;1;0;4
2019-07-10 11:45:59;63;3;0;17;16;6;3;0;1;0;4
2019-07-10 11:46:59;63;3;0;17;16;6;3;0;1;0;4
2019-07-10 11:47:58;64;3;0;17;16;6;3;0;2;0;5
2019-07-10 11:48:59;65;5;0;17;16;6;3;0;2;1;4
2019-07-10 11:49:59;65;5;0;17;16;6;3;0;2;1;4
2019-07-10 11:50:58;66;6;0;17;16;6;3;0;2;1;4
2019-07-10 11:51:59;66;6;0;17;16;6;3;0;2;1;4
2019-07-10 11:52:58;67;7;0;17;16;6;3;0;2;1;4
2019-07-10 11:53:59;67;7;0;17;16;6;3;0;2;1;4
2019-07-10 11:54:59;68;8;0;17;16;6;3;0;2;1;4
2019-07-10 11:55:58;69;8;0;17;17;6;3;0;2;1;4
2019-07-10 11:56:59;69;8;0;17;17;6;3;0;2;1;4
2019-07-10 11:57:59;70;9;0;17;17;6;3;0;2;1;4
2019-07-10 11:58:58;70;9;0;17;17;6;3;0;2;1;4
2019-07-10 11:59:59;71;10;0;17;17;6;3;0;2;1;4
2019-07-10 12:00:59;73;10;0;18;18;6;3;0;2;1;4
2019-07-10 12:01:58;74;11;0;18;18;6;3;0;2;1;4
2019-07-10 12:02:59;74;11;0;18;18;6;3;0;2;1;4
2019-07-10 12:03:58;75;12;0;18;18;6;3;0;2;1;4
2019-07-10 12:04:59;75;12;0;18;18;6;3;0;2;1;4
2019-07-10 12:05:59;76;13;0;18;18;6;3;0;2;1;4
2019-07-10 12:06:58;76;13;0;18;18;6;3;0;2;1;4
2019-07-10 12:07:59;76;13;0;18;18;6;3;0;2;1;4
2019-07-10 12:08:59;77;14;0;18;18;6;3;0;2;1;4
2019-07-10 12:09:58;77;14;0;18;18;6;3;0;2;1;4
2019-07-10 12:10:59;78;15;0;18;18;6;3;0;2;1;4
2019-07-10 12:11:59;78;15;0;18;18;6;3;0;2;1;4
2019-07-10 12:12:58;78;15;0;18;18;6;3;0;2;1;4
2019-07-10 12:13:59;78;15;0;18;18;6;3;0;2;1;4
2019-07-10 12:14:59;78;15;0;18;18;6;3;0;2;1;4
2019-07-10 12:15:58;78;15;0;18;18;6;3;0;2;1;4
2019-07-10 12:16:59;78;15;0;18;18;6;3;0;2;1;4
2019-07-10 12:17:59;78;15;0;18;18;6;3;0;2;1;4
2019-07-10 12:18:58;78;15;0;18;18;6;3;0;2;1;4
2019-07-10 12:19:59;78;15;0;18;18;6;3;0;2;1;4
2019-07-10 12:20:59;78;15;0;18;18;6;3;0;2;1;4
2019-07-10 12:21:58;78;15;0;18;18;6;3;0;2;1;4
2019-07-10 12:22:59;78;14;0;18;18;6;3;0;2;1;4
2019-07-10 12:23:59;77;14;0;18;18;6;3;0;2;1;4
2019-07-10 12:24:58;77;14;0;18;18;6;3;0;2;1;4
2019-07-10 12:25:59;77;14;0;18;18;6;3;0;2;1;4
2019-07-10 12:26:59;78;14;1;18;18;6;3;0;2;1;4
2019-07-10 12:27:58;80;14;1;18;19;7;3;0;2;1;4
2019-07-10 12:28:59;80;14;1;18;19;7;3;0;2;1;4
2019-07-10 12:29:59;80;14;1;18;19;7;3;0;2;1;4
2019-07-10 12:30:58;80;14;1;18;19;7;3;0;2;1;4
2019-07-10 12:31:59;80;14;1;18;19;7;3;0;2;1;4
2019-07-10 12:32:59;81;14;2;18;19;7;3;0;2;1;4
2019-07-10 12:33:58;81;14;2;18;19;7;3;0;2;1;4
2019-07-10 12:34:59;81;14;2;18;19;7;3;0;2;1;4
2019-07-10 12:35:59;81;14;2;18;19;7;3;0;2;1;4
2019-07-10 12:36:58;81;14;2;18;19;7;3;0;2;1;4
2019-07-10 12:37:59;81;14;2;18;19;7;3;0;2;1;4
2019-07-10 12:38:59;82;14;3;18;19;7;3;0;2;1;4
2019-07-10 12:39:58;82;14;3;18;19;7;3;0;2;1;4
2019-07-10 12:40:59;82;14;3;18;19;7;3;0;2;1;4
2019-07-10 12:41:59;82;14;3;18;19;7;3;0;2;1;4
2019-07-10 12:42:58;82;14;3;18;19;7;3;0;2;1;4
2019-07-10 12:43:59;82;14;3;18;19;7;3;0;2;1;4
2019-07-10 12:44:59;83;15;4;18;19;7;3;0;2;0;4
2019-07-10 12:45:58;84;15;4;18;19;7;3;0;2;1;4
2019-07-10 12:46:59;84;15;4;18;19;7;3;0;2;1;4
2019-07-10 12:47:59;84;15;4;18;19;7;3;0;2;1;4
2019-07-10 12:48:58;84;15;4;18;19;7;3;0;2;1;4
2019-07-10 12:49:59;84;15;4;18;19;7;3;0;2;1;4
2019-07-10 12:50:59;85;15;5;18;19;7;3;0;2;1;4
2019-07-10 12:51:58;85;15;5;18;19;7;3;0;2;1;4
2019-07-10 12:52:59;85;15;5;18;19;7;3;0;2;1;4
2019-07-10 12:53:58;86;15;5;19;19;7;3;0;2;1;4
2019-07-10 12:54:59;86;15;5;19;19;7;3;0;2;1;4
2019-07-10 12:55:59;86;15;5;19;19;7;3;0;2;1;4
2019-07-10 12:56:58;86;14;6;19;19;7;3;0;2;1;4
2019-07-10 12:57:59;86;14;6;19;19;7;3;0;2;1;4
2019-07-10 12:58:59;86;14;6;19;19;7;3;0;2;1;4
2019-07-10 12:59:58;86;14;6;19;19;7;3;0;2;1;4
2019-07-10 13:00:59;86;14;6;19;19;7;3;0;2;1;4
2019-07-10 13:01:59;86;14;6;19;19;7;3;0;2;1;4
2019-07-10 13:02:58;87;14;7;19;19;7;3;0;2;1;4
2019-07-10 13:03:59;87;14;7;19;19;7;3;0;2;1;4
2019-07-10 13:04:59;87;14;7;19;19;7;3;0;2;1;4
2019-07-10 13:05:58;87;14;7;19;19;7;3;0;2;1;4
2019-07-10 13:06:59;87;14;7;19;19;7;3;0;2;1;4
2019-07-10 13:07:59;87;14;7;19;19;7;3;0;2;1;4
2019-07-10 13:08:58;88;14;8;19;19;7;3;0;2;1;4
2019-07-10 13:09:59;88;14;8;19;19;7;3;0;2;1;4
2019-07-10 13:10:59;88;14;8;19;19;7;3;0;2;1;4
2019-07-10 13:11:58;88;14;8;19;19;7;3;0;2;1;4
2019-07-10 13:12:59;89;14;8;19;20;7;3;0;2;1;4
2019-07-10 13:13:58;89;14;8;19;20;7;3;0;2;1;4
2019-07-10 13:14:59;90;14;9;19;20;7;3;0;2;1;4
2019-07-10 13:15:59;91;14;9;19;20;8;3;0;2;1;4
2019-07-10 13:16:58;91;14;9;19;20;8;3;0;2;1;4
2019-07-10 13:17:59;91;14;9;19;20;8;3;0;2;1;4
2019-07-10 13:19:00;92;14;9;19;20;8;4;0;2;1;4
2019-07-10 13:19:58;92;14;9;19;20;8;4;0;2;1;4
2019-07-10 13:20:59;94;14;10;19;20;8;4;0;3;1;4
2019-07-10 13:21:58;94;14;10;19;20;8;4;0;3;1;4
2019-07-10 13:22:59;94;14;10;19;20;8;4;0;3;1;4
2019-07-10 13:23:59;94;14;10;19;20;8;4;0;3;1;4
2019-07-10 13:24:58;94;15;10;19;20;7;4;0;3;1;4
2019-07-10 13:25:59;94;15;10;19;20;7;4;0;3;1;4
2019-07-10 13:26:59;95;15;11;19;20;7;4;0;3;1;4
2019-07-10 13:27:58;97;16;11;19;20;7;4;0;3;2;4
2019-07-10 13:28:59;97;16;11;19;20;7;4;0;3;2;4
2019-07-10 13:29:59;97;16;11;19;20;7;4;0;3;2;4
2019-07-10 13:30:58;97;16;11;19;20;7;4;0;3;2;4
2019-07-10 13:31:59;97;16;11;19;20;7;4;0;3;2;4
2019-07-10 13:32:59;98;16;12;19;20;7;4;0;3;2;4
2019-07-10 13:33:58;98;16;12;19;20;7;4;0;3;2;4
2019-07-10 13:34:59;98;16;12;19;20;7;4;0;3;2;4
2019-07-10 13:35:59;98;16;12;19;20;7;4;0;3;2;4
2019-07-10 13:36:58;98;16;12;19;20;7;4;0;3;2;4
2019-07-10 13:37:59;98;16;12;19;20;7;4;0;3;2;4
2019-07-10 13:38:58;99;16;13;19;20;7;4;0;3;2;4
2019-07-10 13:39:59;99;16;13;19;20;7;4;0;3;2;4
2019-07-10 13:40:59;99;16;13;19;20;7;4;0;3;2;4
2019-07-10 13:41:58;99;16;13;19;20;7;4;0;3;2;4
2019-07-10 13:42:59;99;16;13;19;20;7;4;0;3;2;4
2019-07-10 13:43:59;99;16;13;19;20;7;4;0;3;2;4
2019-07-10 13:44:58;101;16;14;19;20;7;4;0;3;2;4
2019-07-10 13:45:59;101;16;14;19;20;7;4;0;3;2;4
2019-07-10 13:46:59;101;16;14;19;20;7;4;0;3;2;4
2019-07-10 13:47:59;101;16;14;19;20;7;4;0;3;2;4
2019-07-10 13:48:58;101;16;14;19;20;7;4;0;3;2;4
2019-07-10 13:49:59;101;16;14;19;20;7;4;0;3;2;4
2019-07-10 13:50:58;102;16;15;19;20;7;4;0;3;2;4
2019-07-10 13:51:59;102;16;15;19;20;7;4;0;3;2;4
2019-07-10 13:52:59;102;16;15;19;20;7;4;0;3;2;4
2019-07-10 13:53:58;102;17;15;19;20;7;4;0;3;2;3
2019-07-10 13:54:59;102;17;15;19;20;7;4;0;3;2;3
2019-07-10 13:55:59;102;17;15;19;20;7;4;0;3;2;3
2019-07-10 13:56:58;103;17;16;19;20;7;4;0;3;2;3
2019-07-10 13:57:59;103;17;16;19;20;7;4;0;3;2;3
2019-07-10 13:58:58;103;17;16;19;20;7;4;0;3;2;3
2019-07-10 13:59:59;104;17;16;19;21;7;4;0;3;2;3
2019-07-10 14:00:59;104;17;16;19;22;7;4;0;3;2;2
2019-07-10 14:01:58;104;17;16;19;22;7;4;0;3;2;2
2019-07-10 14:02:59;104;17;16;19;22;7;4;0;3;2;2
2019-07-10 14:03:59;104;17;16;19;22;7;4;0;3;2;2
2019-07-10 14:04:58;104;17;16;19;22;7;4;0;3;2;2
2019-07-10 14:05:59;104;17;16;19;22;7;4;0;3;2;2
2019-07-10 14:06:59;104;17;16;19;22;7;4;0;3;2;2
2019-07-10 14:07:58;104;17;16;19;22;7;4;0;3;2;2
2019-07-10 14:08:59;104;17;16;19;22;7;4;0;3;2;2
2019-07-10 14:09:59;104;17;16;19;22;7;4;0;3;2;2
2019-07-10 14:10:58;104;17;16;19;22;7;4;0;3;2;2
2019-07-10 14:11:59;104;17;16;19;22;7;4;0;3;2;2
2019-07-10 14:12:59;104;17;16;19;22;7;4;0;3;2;2
2019-07-10 14:13:58;104;17;16;19;22;7;4;0;3;2;2
2019-07-10 14:14:59;104;17;16;19;22;7;4;0;3;2;2
2019-07-10 14:15:58;104;17;16;19;22;7;4;0;3;2;2
2019-07-10 14:16:59;104;17;16;19;22;7;4;0;3;2;2
2019-07-10 14:17:58;105;18;16;19;22;7;4;0;3;2;2
2019-07-10 14:18:59;105;18;16;19;22;7;4;0;3;2;2
2019-07-10 14:19:59;105;18;16;19;22;7;4;0;3;2;2
2019-07-10 14:20:58;105;18;16;19;22;7;4;0;3;2;2
2019-07-10 14:21:59;105;18;16;19;22;7;4;0;3;2;2
2019-07-10 14:22:59;105;18;16;19;22;7;4;0;3;2;2
2019-07-10 14:23:58;106;19;16;19;22;7;4;0;3;2;2
2019-07-10 14:24:59;106;19;16;19;22;7;4;0;3;2;2
2019-07-10 14:25:58;106;19;16;19;22;7;4;0;3;2;2
2019-07-10 14:26:59;107;19;16;20;22;7;4;0;3;2;2
2019-07-10 14:27:59;108;19;16;20;22;8;4;0;3;2;2
2019-07-10 14:28:58;108;19;16;20;22;8;4;0;3;2;2
2019-07-10 14:29:59;108;19;16;20;22;8;4;0;3;2;2
2019-07-10 14:30:59;108;19;16;20;22;8;4;0;3;2;2
2019-07-10 14:31:58;108;19;16;20;22;8;4;0;3;2;2
2019-07-10 14:32:59;108;19;16;20;22;8;4;0;3;2;2
2019-07-10 14:33:58;108;19;16;20;22;8;4;0;3;2;2
2019-07-10 14:34:59;108;19;16;20;22;8;4;0;3;2;2
2019-07-10 14:35:59;109;20;16;20;22;8;4;0;3;2;2
2019-07-10 14:36:58;113;24;16;20;22;8;4;0;3;2;2
2019-07-10 14:37:59;115;24;17;21;22;8;4;0;3;2;2
2019-07-10 14:38:59;115;24;17;21;22;8;4;0;3;2;2
2019-07-10 14:39:59;115;24;17;21;22;8;4;0;3;2;2
2019-07-10 14:40:58;115;24;17;21;22;8;4;0;3;2;2
2019-07-10 14:41:59;115;24;17;21;22;8;4;0;3;2;2
2019-07-10 14:42:59;115;24;17;21;22;8;4;0;3;2;2
2019-07-10 14:43:58;117;24;17;23;22;8;4;0;3;2;2
2019-07-10 14:44:59;117;24;17;23;22;8;4;0;3;2;2
2019-07-10 14:45:58;117;24;17;23;22;8;4;0;3;2;2
2019-07-10 14:46:59;117;24;17;23;22;8;4;0;3;2;2
2019-07-10 14:47:59;118;24;18;23;22;8;4;0;3;2;2
2019-07-10 14:48:58;118;24;17;23;22;8;4;0;4;2;2
2019-07-10 14:49:59;118;24;17;23;22;8;4;0;4;2;2
2019-07-10 14:50:59;119;25;17;23;22;8;4;0;4;2;2
2019-07-10 14:51:58;119;25;17;23;22;8;4;0;4;2;2
2019-07-10 14:52:59;119;25;17;23;22;8;4;0;4;2;2
2019-07-10 14:53:59;120;25;18;23;22;8;4;0;4;2;2
2019-07-10 14:54:58;120;25;18;23;22;8;4;0;4;2;2
2019-07-10 14:55:59;120;25;18;23;22;8;4;0;4;2;2
2019-07-10 14:56:59;120;25;18;23;22;8;4;0;4;2;2
2019-07-10 14:57:58;120;25;18;23;22;8;4;0;4;2;2
2019-07-10 14:58:59;120;25;18;23;22;8;4;0;4;2;2
2019-07-10 14:59:59;121;25;19;23;22;8;4;0;4;2;2
2019-07-10 15:00:58;121;25;19;23;22;8;4;0;4;2;2
2019-07-10 15:01:59;121;25;19;23;22;8;4;0;4;2;2
2019-07-10 15:02:59;121;25;19;23;22;8;4;0;4;2;2
2019-07-10 15:03:58;121;25;19;23;22;8;4;0;4;2;2
2019-07-10 15:04:59;122;25;20;23;22;8;4;0;4;2;2
2019-07-10 15:05:59;122;25;20;23;22;8;4;0;4;2;2
2019-07-10 15:06:58;122;25;20;23;22;8;4;0;4;2;2
2019-07-10 15:07:59;122;25;20;23;22;8;4;0;4;2;2
2019-07-10 15:08:58;122;26;20;23;21;8;4;0;4;2;2
2019-07-10 15:09:59;122;26;20;23;21;8;4;0;4;2;2
2019-07-10 15:10:59;123;26;21;23;21;8;4;0;4;2;2
2019-07-10 15:11:59;123;26;21;23;21;8;4;0;4;2;2
2019-07-10 15:12:58;123;26;21;23;21;8;4;0;4;2;2
2019-07-10 15:13:59;123;26;21;23;21;8;4;0;4;2;2
2019-07-10 15:14:58;123;26;21;23;21;8;4;0;4;2;2
2019-07-10 15:15:59;123;26;21;23;21;8;4;0;4;2;2
2019-07-10 15:16:59;124;26;22;23;21;8;4;0;4;2;2
2019-07-10 15:17:58;125;27;22;22;22;8;4;0;4;2;2
2019-07-10 15:18:59;126;27;22;22;22;9;4;0;4;2;2
2019-07-10 15:19:59;126;27;22;22;22;9;4;0;4;2;2
2019-07-10 15:20:58;126;27;22;22;22;9;4;0;4;2;2
2019-07-10 15:21:59;126;27;22;22;22;9;4;0;4;2;2
2019-07-10 15:23:00;127;27;23;22;22;9;4;0;4;2;2
2019-07-10 15:23:58;127;27;23;22;22;9;4;0;4;2;2
2019-07-10 15:24:59;127;27;23;22;22;9;4;0;4;2;2
2019-07-10 15:25:59;128;27;24;22;22;9;4;0;4;2;2
2019-07-10 15:26:58;128;27;24;22;22;9;4;0;4;2;2
2019-07-10 15:27:59;128;27;24;22;22;9;4;0;4;2;2
2019-07-10 15:28:59;130;27;25;22;23;9;4;0;4;2;2
2019-07-10 15:29:58;131;28;25;22;23;9;4;0;4;2;2
2019-07-10 15:30:59;131;28;25;22;23;9;4;0;4;2;2
2019-07-10 15:31:59;131;28;25;22;23;9;4;0;4;2;2
2019-07-10 15:32:58;131;28;25;22;23;9;4;0;4;2;2
2019-07-10 15:33:59;131;28;25;22;23;9;4;0;4;2;2
2019-07-10 15:34:59;132;29;26;21;23;9;4;0;4;2;2
2019-07-10 15:35:58;132;29;27;21;22;9;4;0;4;2;2
2019-07-10 15:36:59;132;29;27;21;22;9;4;0;4;2;2
2019-07-10 15:37:58;132;29;27;21;22;9;4;0;4;2;2
2019-07-10 15:38:59;132;29;27;21;22;9;4;0;4;2;2
2019-07-10 15:39:59;132;29;27;21;22;9;4;0;4;2;2
2019-07-10 15:40:58;132;29;27;21;22;9;4;0;4;2;2
2019-07-10 15:41:59;133;30;27;21;22;9;4;0;4;2;2
2019-07-10 15:42:59;133;30;27;21;22;9;4;0;4;2;2
2019-07-10 15:43:58;133;30;27;21;22;9;4;0;4;2;2
2019-07-10 15:44:59;133;30;27;21;22;9;4;0;4;2;2
2019-07-10 15:46:00;133;30;27;21;22;9;4;0;4;2;2
2019-07-10 15:46:58;133;30;27;21;22;9;4;0;4;2;2
2019-07-10 15:47:59;133;30;27;21;22;9;4;0;4;2;2
2019-07-10 15:48:59;133;30;27;21;22;9;4;0;4;2;2
2019-07-10 15:49:58;133;30;27;21;22;9;4;0;4;2;2
2019-07-10 15:50:59;134;30;27;22;22;9;4;0;4;2;2
2019-07-10 15:51:59;134;30;27;22;22;9;4;0;4;2;2
2019-07-10 15:52:58;134;30;27;22;22;9;4;0;4;2;2
2019-07-10 15:53:59;134;30;27;22;22;9;4;0;4;2;2
2019-07-10 15:54:58;134;30;27;22;22;9;4;0;4;2;2
2019-07-10 15:55:59;134;30;27;22;22;9;4;0;4;2;2
2019-07-10 15:56:59;134;30;27;22;22;9;4;0;4;2;2
2019-07-10 15:57:58;134;30;27;22;22;9;4;0;4;2;2
2019-07-10 15:58:59;135;30;27;22;23;9;4;0;4;2;2
2019-07-10 15:59:59;135;30;27;22;23;9;4;0;4;2;2
2019-07-10 16:00:58;136;30;27;23;23;9;4;0;4;2;2
2019-07-10 16:01:59;136;30;27;23;23;9;4;0;4;2;2
2019-07-10 16:02:58;136;30;27;23;23;9;4;0;4;2;2
2019-07-10 16:03:59;136;30;27;23;23;9;4;0;4;2;2
2019-07-10 16:04:59;136;30;27;23;23;9;4;0;4;2;2
2019-07-10 16:05:58;136;30;27;23;23;9;4;0;4;2;2
2019-07-10 16:06:59;136;30;27;23;23;9;4;0;4;2;2
2019-07-10 16:07:59;136;30;27;23;23;9;4;0;4;2;2
2019-07-10 16:08:58;136;30;27;23;23;9;4;0;4;2;2
2019-07-10 16:09:59;136;30;27;23;23;9;4;0;4;2;2
2019-07-10 16:10:58;136;30;27;23;23;9;4;0;4;2;2
2019-07-10 16:11:59;136;30;27;23;23;9;4;0;4;2;2
2019-07-10 16:12:59;137;30;27;23;23;9;4;0;5;2;2
2019-07-10 16:13:58;137;30;27;23;23;9;4;0;5;2;2
2019-07-10 16:14:59;137;30;27;23;23;9;4;0;5;2;2
2019-07-10 16:15:59;138;30;27;23;23;9;4;0;5;2;3
2019-07-10 16:16:58;138;30;27;23;23;9;4;0;5;2;3
2019-07-10 16:17:59;138;30;27;23;23;9;4;0;5;2;3
2019-07-10 16:18:59;138;30;27;23;23;9;4;0;5;2;3
2019-07-10 16:19:58;138;30;27;23;23;9;4;0;5;2;3
2019-07-10 16:20:59;138;30;27;23;23;9;4;0;5;2;3
2019-07-10 16:21:58;138;30;27;23;23;9;4;0;5;2;3
2019-07-10 16:22:59;138;30;27;23;23;9;4;0;5;2;3
2019-07-10 16:23:59;138;30;27;23;23;9;4;0;5;2;3
2019-07-10 16:24:58;138;30;27;23;23;9;4;0;5;2;3
2019-07-10 16:25:59;138;30;27;23;23;9;4;0;5;2;3
2019-07-10 16:26:59;138;30;27;23;23;9;4;0;5;2;3
2019-07-10 16:27:58;138;30;27;23;23;9;4;0;5;2;3
2019-07-10 16:28:59;138;30;27;23;23;9;4;0;5;2;3
2019-07-10 16:29:59;138;30;27;23;23;9;4;0;5;2;3
2019-07-10 16:30:58;138;30;27;23;23;9;4;0;5;2;3
2019-07-10 16:31:59;139;30;27;23;23;9;4;0;5;2;4
2019-07-10 16:32:59;139;30;27;23;23;9;4;0;5;2;4
2019-07-10 16:33:58;139;30;27;23;23;9;4;0;5;2;4
2019-07-10 16:34:59;139;30;27;23;23;9;4;0;5;2;4
2019-07-10 16:35:59;139;30;27;23;23;9;4;0;5;2;4
2019-07-10 16:36:58;139;30;27;23;23;9;4;0;5;2;4
2019-07-10 16:37:59;139;30;27;23;23;9;4;0;5;2;4
2019-07-10 16:38:58;139;30;27;23;23;9;4;0;5;2;4
2019-07-10 16:39:59;139;30;27;23;23;9;4;0;5;2;4
2019-07-10 16:40:59;139;30;27;23;23;9;4;0;5;2;4
2019-07-10 16:41:58;139;30;27;23;23;9;4;0;5;2;4
2019-07-10 16:42:59;139;30;27;23;23;9;4;0;5;2;4
2019-07-10 16:43:59;139;30;27;23;23;9;4;0;5;2;4
2019-07-10 16:44:58;139;30;27;23;23;9;4;0;5;2;4
2019-07-10 16:45:59;140;30;27;24;23;9;4;0;5;2;4
2019-07-10 16:46:59;140;30;27;24;23;9;4;0;5;2;4
2019-07-10 16:47:58;141;30;27;24;23;9;4;0;6;2;4
2019-07-10 16:48:59;142;30;27;25;23;9;4;0;6;2;4
2019-07-10 16:49:58;142;30;27;25;23;9;4;0;6;2;4
2019-07-10 16:50:59;142;30;27;25;23;9;4;0;6;2;4
2019-07-10 16:51:59;142;31;27;24;23;9;4;0;6;2;4
2019-07-10 16:53:00;142;31;27;24;23;9;4;0;6;2;4
2019-07-10 16:53:58;142;31;27;24;23;9;4;0;6;2;4
2019-07-10 16:54:59;143;31;27;24;23;9;4;0;6;3;4
2019-07-10 16:55:58;143;31;27;24;23;9;4;0;6;3;4
2019-07-10 16:56:59;143;31;27;24;23;9;4;0;6;3;4
2019-07-10 16:57:59;143;31;27;24;23;9;4;0;6;3;4
2019-07-10 16:58:58;143;31;27;24;23;9;4;0;6;3;4
2019-07-10 16:59:59;143;31;27;24;23;9;4;0;6;3;4
2019-07-10 17:00:59;143;31;27;24;23;9;4;0;6;3;4
2019-07-10 17:01:58;143;31;27;24;23;9;4;0;6;3;4
2019-07-10 17:02:59;144;31;27;25;23;9;4;0;6;3;4
2019-07-10 17:03:59;144;31;27;25;23;9;4;0;6;3;4
2019-07-10 17:04:58;144;31;27;25;23;9;4;0;6;3;4
2019-07-10 17:05:59;144;31;27;25;23;9;4;0;6;3;4
2019-07-10 17:06:59;144;31;27;25;23;9;4;0;6;3;4
2019-07-10 17:07:58;144;31;27;25;23;9;4;0;6;3;4
2019-07-10 17:08:59;144;31;27;25;23;9;4;0;6;3;4
2019-07-10 17:09:59;144;31;27;25;23;9;4;0;6;3;4
2019-07-10 17:10:58;144;31;27;25;23;9;4;0;6;3;4
2019-07-10 17:11:59;145;31;28;25;23;9;4;0;6;3;4
2019-07-10 17:12:59;145;31;28;25;23;9;4;0;6;3;4
2019-07-10 17:13:58;145;31;28;25;23;9;4;0;6;3;4
2019-07-10 17:14:59;146;31;28;26;23;9;4;0;6;3;4
2019-07-10 17:15:58;146;31;28;26;23;9;4;0;6;3;4
2019-07-10 17:16:59;146;31;28;26;23;9;4;0;6;3;4
2019-07-10 17:17:59;146;31;28;26;23;9;4;0;6;3;4
2019-07-10 17:18:58;147;31;28;26;23;9;5;0;6;3;4
2019-07-10 17:19:59;147;31;28;26;23;9;5;0;6;3;4
2019-07-10 17:20:58;147;31;28;26;23;9;5;0;6;3;4
2019-07-10 17:21:59;147;31;28;26;23;9;5;0;6;3;4
2019-07-10 17:22:59;147;31;28;26;23;9;5;0;6;3;4
2019-07-10 17:23:58;147;31;28;26;23;9;5;0;6;3;4
2019-07-10 17:24:59;147;31;28;26;23;9;5;0;6;3;4
2019-07-10 17:25:59;147;31;28;26;23;9;5;0;6;3;4
2019-07-10 17:26:58;147;31;28;26;23;9;5;0;6;3;4
2019-07-10 17:27:59;147;31;28;26;23;9;5;0;6;3;4
2019-07-10 17:29:00;147;31;28;26;23;9;5;0;6;3;4
2019-07-10 17:29:58;148;32;28;26;23;9;5;0;6;3;4
2019-07-10 17:30:59;148;32;28;26;23;9;5;0;6;3;4
2019-07-10 17:31:58;148;32;28;26;23;9;5;0;6;3;4
2019-07-10 17:32:59;148;32;28;26;23;9;5;0;6;3;4
2019-07-10 17:33:59;148;32;28;26;23;9;5;0;6;3;4
2019-07-10 17:34:58;148;32;28;26;23;9;5;0;6;3;4
2019-07-10 17:35:59;148;32;28;26;23;9;5;0;6;3;4
2019-07-10 17:36:59;148;32;28;26;23;9;5;0;6;3;4
2019-07-10 17:37:58;149;32;28;27;23;9;5;0;6;3;4
2019-07-10 17:38:59;150;32;29;27;23;9;5;0;6;3;4
2019-07-10 17:39:59;150;32;29;27;23;9;5;0;6;3;4
2019-07-10 17:40:58;150;32;29;27;23;9;5;0;6;3;4
2019-07-10 17:41:59;150;32;29;27;23;9;5;0;6;3;4
2019-07-10 17:42:58;150;32;29;27;23;9;5;0;6;3;4
2019-07-10 17:43:59;150;32;29;27;23;9;5;0;6;3;4
2019-07-10 17:44:59;150;32;29;27;23;9;5;0;6;3;4
2019-07-10 17:45:58;151;32;30;27;23;9;5;0;6;3;4
2019-07-10 17:46:59;151;32;30;27;23;9;5;0;6;3;4
2019-07-10 17:47:58;151;32;30;27;23;9;5;0;6;3;4
2019-07-10 17:48:59;151;32;30;27;23;9;5;0;6;3;4
2019-07-10 17:49:59;151;32;30;27;23;9;5;0;6;3;4
2019-07-10 17:50:58;151;32;30;27;23;9;5;0;6;3;4
2019-07-10 17:51:59;151;32;30;27;23;9;5;0;6;3;4
2019-07-10 17:52:58;151;32;30;27;23;9;5;0;6;3;4
2019-07-10 17:53:59;151;32;30;27;23;9;5;0;6;3;4
2019-07-10 17:54:59;151;32;30;27;23;9;5;0;6;3;4
2019-07-10 17:55:58;151;32;30;27;23;9;5;0;6;3;4
2019-07-10 17:56:59;151;32;30;27;23;9;5;0;6;3;4
2019-07-10 17:57:59;151;32;30;27;23;9;5;0;6;3;4
2019-07-10 17:58:58;151;32;30;27;23;9;5;0;6;3;4
2019-07-10 17:59:59;152;32;30;28;23;9;5;0;6;3;4
2019-07-10 18:00:58;152;32;30;28;23;9;5;0;6;3;4
2019-07-10 18:01:59;152;32;30;28;23;9;5;0;6;3;4
2019-07-10 18:02:59;152;32;30;28;23;9;5;0;6;3;4
2019-07-10 18:03:58;152;32;30;28;23;9;5;0;6;3;4
2019-07-10 18:04:59;152;32;30;28;23;9;5;0;6;3;4
2019-07-10 18:05:59;152;32;30;28;23;9;5;0;6;3;4
2019-07-10 18:06:58;152;32;30;28;23;9;5;0;6;3;4
2019-07-10 18:07:59;152;32;30;28;23;9;5;0;6;3;4
2019-07-10 18:08:59;152;32;30;28;23;9;5;0;6;3;4
2019-07-10 18:09:58;152;32;30;28;23;9;5;0;6;3;4
2019-07-10 18:10:59;152;32;30;28;23;9;5;0;6;3;4
2019-07-10 18:11:59;152;32;30;28;23;9;5;0;6;3;4
2019-07-10 18:12:58;153;32;30;29;23;9;5;0;6;3;4
2019-07-10 18:13:59;153;32;30;29;23;9;5;0;6;3;4
2019-07-10 18:14:59;154;33;30;29;23;9;5;0;6;3;4
2019-07-10 18:15:58;154;33;30;29;23;9;5;0;6;3;4
2019-07-10 18:16:59;154;32;32;30;21;9;5;0;6;3;4
2019-07-10 18:17:59;155;32;33;30;21;9;5;0;6;3;4
2019-07-10 18:18:58;157;33;33;31;21;9;5;0;6;3;4
2019-07-10 18:19:59;158;33;34;31;21;9;5;0;6;3;4
2019-07-10 18:20:59;158;33;34;31;21;9;5;0;6;3;4
2019-07-10 18:21:58;158;33;34;31;21;9;5;0;6;3;4
2019-07-10 18:22:59;158;33;34;31;21;9;5;0;6;3;4
2019-07-10 18:23:59;159;33;34;32;21;9;5;0;6;3;4
2019-07-10 18:24:58;159;33;34;32;21;9;5;0;6;3;4
2019-07-10 18:25:59;159;33;34;32;21;9;5;0;6;3;4
2019-07-10 18:26:58;159;33;34;32;21;9;5;0;6;3;4
2019-07-10 18:27:59;161;34;35;32;21;9;5;0;6;3;4
2019-07-10 18:28:59;161;34;35;32;21;9;5;0;6;3;4
2019-07-10 18:29:58;161;34;35;32;21;9;5;0;6;3;4
2019-07-10 18:30:59;161;34;35;32;21;9;5;0;6;3;4
2019-07-10 18:31:59;162;34;35;33;21;9;5;0;6;3;4
2019-07-10 18:32:58;162;34;35;33;21;9;5;0;6;3;4
2019-07-10 18:33:59;162;34;34;33;21;10;5;0;6;3;4
2019-07-10 18:34:59;162;34;34;33;21;10;5;0;6;3;4
2019-07-10 18:35:58;164;34;35;33;21;11;5;0;6;3;4
2019-07-10 18:36:59;165;35;35;33;21;11;5;0;6;3;4
2019-07-10 18:37:59;165;35;35;33;21;11;5;0;6;3;4
2019-07-10 18:38:58;165;35;35;33;21;11;5;0;6;3;4
2019-07-10 18:39:59;165;35;35;33;21;11;5;0;6;3;4
2019-07-10 18:40:59;165;35;35;33;21;11;5;0;6;3;4
2019-07-10 18:41:58;165;35;35;33;21;11;5;0;6;3;4
2019-07-10 18:42:59;166;35;36;33;21;11;5;0;6;3;4
2019-07-10 18:43:59;167;35;37;33;21;11;5;0;6;3;4
2019-07-10 18:44:58;169;35;37;34;21;11;5;0;6;3;4
2019-07-10 18:45:59;170;36;37;34;21;11;5;0;6;3;4
2019-07-10 18:46:59;171;37;37;34;21;11;5;0;6;3;4
2019-07-10 18:47:58;172;37;38;34;21;11;5;0;6;3;4
2019-07-10 18:48:59;174;39;38;34;21;11;5;0;6;3;4
2019-07-10 18:49:59;174;39;38;34;21;11;5;0;6;3;4
2019-07-10 18:50:58;175;37;39;36;21;11;5;0;6;3;4
2019-07-10 18:51:59;175;37;39;36;21;11;5;0;6;3;4
2019-07-10 18:52:59;177;38;40;36;21;11;5;0;6;3;4
2019-07-10 18:53:58;177;38;40;36;21;11;5;0;6;3;4
2019-07-10 18:54:59;178;39;40;36;21;11;5;0;6;3;4
2019-07-10 18:55:59;179;39;40;37;21;11;5;0;6;3;4
2019-07-10 18:56:58;179;39;40;37;21;11;5;0;6;3;4
2019-07-10 18:57:59;180;39;40;37;21;11;6;0;6;3;4
2019-07-10 18:58:58;180;39;40;37;21;11;6;0;6;3;4
2019-07-10 18:59:59;180;39;40;37;21;11;6;0;6;3;4
2019-07-10 19:00:59;181;39;41;37;21;11;6;0;6;3;4
2019-07-10 19:01:58;181;39;41;37;21;11;6;0;6;3;4
2019-07-10 19:02:59;183;39;41;38;22;11;6;0;6;3;4
2019-07-10 19:03:59;184;40;41;38;22;11;6;0;6;3;4
2019-07-10 19:04:58;185;41;41;38;22;11;6;0;6;3;4
2019-07-10 19:05:59;185;42;41;37;22;11;6;0;6;3;4
2019-07-10 19:06:59;185;43;41;36;22;11;6;0;6;3;4
2019-07-10 19:07:58;185;43;41;36;22;11;6;0;6;3;4
2019-07-10 19:08:59;186;43;42;36;22;11;6;0;6;3;4
2019-07-10 19:09:59;186;43;42;36;22;11;6;0;6;3;4
2019-07-10 19:10:58;186;43;42;36;22;11;6;0;6;3;4
2019-07-10 19:11:59;186;43;42;36;22;11;6;0;6;3;4
2019-07-10 19:12:58;186;43;42;36;22;11;6;0;6;3;4
2019-07-10 19:13:59;186;43;42;36;22;11;6;0;6;3;4
2019-07-10 19:14:59;186;43;42;36;22;11;6;0;6;3;4
2019-07-10 19:15:58;186;43;42;36;22;11;6;0;6;3;4
2019-07-10 19:16:59;187;43;43;36;22;11;6;0;6;3;4
2019-07-10 19:17:59;187;43;43;36;22;11;6;0;6;3;4
2019-07-10 19:18:58;187;43;43;36;22;11;6;0;6;3;4
2019-07-10 19:19:59;187;43;42;36;23;11;6;0;6;3;4
2019-07-10 19:20:59;187;43;42;36;23;11;6;0;6;3;4
2019-07-10 19:21:58;187;43;42;36;23;11;6;0;6;3;4
2019-07-10 19:22:59;187;43;42;36;23;11;6;0;6;3;4
2019-07-10 19:23:59;187;43;42;36;23;11;6;0;6;3;4
2019-07-10 19:24:58;188;43;43;36;23;11;6;0;6;3;4
2019-07-10 19:25:59;189;43;44;36;23;11;6;0;6;3;4
2019-07-10 19:26:59;189;43;43;36;23;11;6;0;6;3;4
2019-07-10 19:27:58;190;44;43;36;23;11;6;0;6;3;4
2019-07-10 19:28:59;191;45;43;36;23;11;6;0;6;3;4
2019-07-10 19:29:59;192;46;43;36;23;11;6;0;6;3;4
2019-07-10 19:30:58;192;46;43;36;23;11;6;0;6;3;4
2019-07-10 19:31:59;195;46;44;37;23;11;7;0;6;3;4
2019-07-10 19:32:58;196;46;44;38;23;11;7;0;6;3;4
2019-07-10 19:33:59;198;46;46;38;23;11;7;0;6;3;4
2019-07-10 19:34:59;198;46;46;38;23;11;7;0;6;3;4
2019-07-10 19:35:58;199;46;46;39;23;11;7;0;6;3;4
2019-07-10 19:36:59;199;46;46;39;23;11;7;0;6;3;4
2019-07-10 19:37:59;199;46;46;39;23;11;7;0;6;3;4
2019-07-10 19:38:58;199;46;46;39;23;11;7;0;6;3;4
2019-07-10 19:39:59;199;46;46;39;23;11;7;0;6;3;4
2019-07-10 19:40:59;199;46;46;39;23;11;7;0;6;3;4
2019-07-10 19:41:58;200;46;46;39;24;11;7;0;6;3;4
2019-07-10 19:42:59;201;46;46;39;24;11;7;0;6;3;4
2019-07-10 19:43:59;201;46;46;39;24;11;7;0;6;3;4
2019-07-10 19:44:58;201;46;46;39;24;11;7;0;6;3;4
2019-07-10 19:45:59;201;46;46;39;24;11;7;0;6;3;4
2019-07-10 19:46:58;201;46;46;39;24;11;7;0;6;3;4
2019-07-10 19:47:59;201;46;46;39;24;11;7;0;6;3;4
2019-07-10 19:48:59;201;46;46;39;24;11;7;0;6;3;4
2019-07-10 19:49:58;199;44;46;39;24;11;7;0;6;3;4
2019-07-10 19:50:59;199;44;46;39;24;11;7;0;6;3;4
2019-07-10 19:51:59;199;44;46;39;24;11;7;0;6;3;4
2019-07-10 19:52:59;199;44;46;39;24;11;7;0;6;3;4
2019-07-10 19:53:58;199;44;46;39;24;11;7;0;6;3;4
2019-07-10 19:54:59;199;44;46;39;24;11;7;0;6;3;4
2019-07-10 19:55:59;198;43;46;39;24;11;7;0;6;3;4
2019-07-10 19:56:58;199;43;47;39;24;11;7;0;6;3;4
2019-07-10 19:57:59;200;43;47;39;24;12;7;0;6;3;4
2019-07-10 19:58:58;200;43;47;39;24;12;7;0;6;3;4
2019-07-10 19:59:59;200;43;47;39;24;12;7;0;6;3;4
2019-07-10 20:00:59;201;43;48;39;24;12;7;0;6;3;4
2019-07-10 20:01:58;201;43;48;39;24;12;7;0;6;3;4
2019-07-10 20:02:59;201;43;48;39;24;12;7;0;6;3;4
2019-07-10 20:03:58;201;43;48;39;24;12;7;0;6;3;4
2019-07-10 20:04:59;201;43;48;39;24;12;7;0;6;3;4
2019-07-10 20:05:59;201;43;48;39;24;12;7;0;6;3;4
2019-07-10 20:06:58;201;43;48;39;24;12;7;0;6;3;4
2019-07-10 20:07:59;201;43;48;39;24;12;7;0;6;3;4
2019-07-10 20:08:59;201;43;48;39;24;12;7;0;6;3;4
2019-07-10 20:09:58;202;43;48;40;24;12;7;0;6;3;4
2019-07-10 20:10:59;202;41;48;42;24;12;7;0;6;3;4
2019-07-10 20:11:59;202;42;48;42;24;12;7;0;6;3;3
2019-07-10 20:12:58;202;42;48;42;24;12;7;0;6;3;3
2019-07-10 20:13:59;202;42;49;41;24;12;7;0;6;3;3
2019-07-10 20:14:59;202;42;49;41;24;12;7;0;6;3;3
2019-07-10 20:15:58;202;42;49;41;24;12;7;0;6;3;3
2019-07-10 20:16:59;202;42;49;41;24;12;7;0;6;3;3
2019-07-10 20:17:59;202;42;49;41;24;12;7;0;6;3;3
2019-07-10 20:18:58;202;42;49;41;24;12;7;0;6;3;3
2019-07-10 20:19:59;202;42;49;41;24;12;7;0;6;3;3
2019-07-10 20:20:58;202;42;49;41;24;12;7;0;6;3;3
2019-07-10 20:21:59;202;42;49;41;24;12;7;0;6;3;3
2019-07-10 20:22:59;202;42;49;41;24;12;7;0;6;3;3
2019-07-10 20:23:58;202;42;49;41;24;12;7;0;6;3;3
2019-07-10 20:24:59;202;42;49;41;24;12;7;0;6;3;3
2019-07-10 20:25:59;202;42;49;41;24;12;7;0;6;3;3
2019-07-10 20:26:58;203;42;49;42;24;12;7;0;6;3;3
2019-07-10 20:27:59;203;42;49;42;24;12;7;0;6;3;3
2019-07-10 20:28:59;203;42;49;42;24;12;7;0;6;3;3
2019-07-10 20:29:58;203;42;49;42;24;12;7;0;6;3;3
2019-07-10 20:30:59;203;44;49;40;24;12;7;0;6;3;3
2019-07-10 20:31:59;203;44;49;40;24;12;7;0;6;3;3
2019-07-10 20:32:58;203;44;49;40;24;12;7;0;6;3;3
2019-07-10 20:33:59;203;44;49;40;24;12;7;0;6;3;3
2019-07-10 20:34:58;203;44;49;40;24;12;7;0;6;3;3
2019-07-10 20:35:59;203;44;49;40;24;12;7;0;6;3;3
2019-07-10 20:36:59;203;44;49;40;24;12;7;0;6;3;3
2019-07-10 20:37:58;203;44;49;40;24;12;7;0;6;3;3
2019-07-10 20:38:59;203;44;49;40;24;12;7;0;6;3;3
2019-07-10 20:39:59;204;44;49;41;24;12;7;0;6;3;3
2019-07-10 20:40:58;204;44;49;41;24;12;7;0;6;3;3
2019-07-10 20:41:59;204;44;49;41;24;12;7;0;6;3;3
2019-07-10 20:42:59;204;43;49;41;24;12;7;0;6;3;4
2019-07-10 20:43:58;205;43;49;42;24;12;7;0;6;3;4
2019-07-10 20:44:59;205;43;49;42;24;12;7;0;6;3;4
2019-07-10 20:45:59;206;43;50;42;24;12;7;0;6;3;4
2019-07-10 20:46:58;207;43;51;42;24;12;7;0;6;3;4
2019-07-10 20:47:59;207;44;51;42;24;11;7;0;6;3;4
2019-07-10 20:48:58;207;44;51;42;24;11;7;0;6;3;4
2019-07-10 20:49:59;206;43;51;42;24;11;7;0;6;3;4
2019-07-10 20:50:59;206;43;51;42;24;11;7;0;6;3;4
2019-07-10 20:51:58;206;43;51;42;24;11;7;0;6;3;4
2019-07-10 20:52:59;208;43;51;44;24;11;7;0;6;3;4
2019-07-10 20:53:58;208;43;51;44;24;11;7;0;6;3;4
2019-07-10 20:54:59;208;43;51;44;24;11;7;0;6;3;4
2019-07-10 20:55:59;208;43;51;44;24;11;7;0;6;3;4
2019-07-10 20:56:58;208;43;51;44;24;11;7;0;6;3;4
2019-07-10 20:57:59;208;43;51;44;24;11;7;0;6;3;4
2019-07-10 20:58:59;208;43;51;44;24;11;7;0;6;3;4
2019-07-10 20:59:58;209;43;51;45;24;11;7;0;6;3;4
2019-07-10 21:00:59;209;43;51;45;24;11;7;0;6;3;4
2019-07-10 21:01:59;209;43;51;45;24;11;7;0;6;3;4
2019-07-10 21:02:58;209;43;51;45;24;11;7;0;6;3;4
2019-07-10 21:03:59;209;43;51;45;24;11;7;0;6;3;4
2019-07-10 21:04:59;209;43;51;45;24;11;7;0;6;3;4
2019-07-10 21:05:58;210;43;51;46;24;11;7;0;6;3;4
2019-07-10 21:06:59;210;43;51;46;24;11;7;0;6;3;4
2019-07-10 21:07:59;210;44;51;46;24;11;7;0;6;3;3
2019-07-10 21:08:58;211;45;51;46;24;11;7;0;6;3;3
2019-07-10 21:09:59;212;45;51;47;24;11;7;0;6;3;3
2019-07-10 21:10:59;213;46;51;47;24;11;7;0;6;3;3
2019-07-10 21:11:58;214;46;51;47;24;11;7;0;6;3;3
2019-07-10 21:12:59;214;46;51;47;24;11;7;0;6;3;3
2019-07-10 21:13:59;214;46;51;47;24;11;7;0;6;3;3
2019-07-10 21:14:58;214;46;51;47;24;11;7;0;6;3;3
2019-07-10 21:15:59;214;46;51;47;24;11;7;0;6;3;3
2019-07-10 21:16:59;214;46;51;47;24;11;7;0;6;3;3
2019-07-10 21:17:58;214;46;51;47;24;11;7;0;6;3;3
2019-07-10 21:18:59;214;46;51;47;24;11;7;0;6;3;3
2019-07-10 21:19:59;213;46;51;46;24;11;7;0;6;3;3
2019-07-10 21:20:58;213;46;51;46;24;11;7;0;6;3;3
2019-07-10 21:21:59;213;46;51;46;24;11;7;0;6;3;3
2019-07-10 21:22:58;213;46;51;46;24;11;7;0;6;3;3
2019-07-10 21:23:59;213;46;51;46;24;11;7;0;6;3;3
2019-07-10 21:24:59;213;46;51;46;24;11;7;0;6;3;3
2019-07-10 21:25:58;213;46;51;46;24;11;7;0;6;3;3
2019-07-10 21:26:59;213;46;51;46;24;11;7;0;6;3;3
2019-07-10 21:27:59;214;46;51;46;24;12;7;0;6;3;3
2019-07-10 21:28:58;215;46;51;46;24;12;8;0;6;3;3
2019-07-10 21:29:59;215;46;51;46;24;12;8;0;6;3;3
2019-07-10 21:30:59;215;44;51;48;24;12;8;0;6;3;3
2019-07-10 21:31:58;215;44;51;48;24;12;8;0;6;3;3
2019-07-10 21:32:59;215;44;51;48;24;12;8;0;6;3;3
2019-07-10 21:33:59;215;44;51;48;24;12;8;0;6;3;3
2019-07-10 21:34:58;215;44;51;48;24;12;8;0;6;3;3
2019-07-10 21:35:59;215;44;51;48;24;12;8;0;6;3;3
2019-07-10 21:36:59;216;44;51;49;24;12;8;0;6;3;3
2019-07-10 21:37:58;216;44;51;49;24;12;8;0;6;3;3
2019-07-10 21:38:59;216;44;51;49;24;12;8;0;6;3;3
2019-07-10 21:39:59;216;44;51;49;24;12;8;0;6;3;3
2019-07-10 21:40:58;218;45;51;49;24;12;8;3;6;3;3
2019-07-10 21:41:59;218;45;51;49;24;12;8;3;6;3;3
2019-07-10 21:42:59;219;45;51;49;24;12;9;3;6;3;3
2019-07-10 21:43:59;219;45;51;49;24;12;9;3;6;3;3
2019-07-10 21:45:00;223;58;42;49;24;12;9;3;6;3;3
2019-07-10 21:45:58;225;60;42;49;24;12;9;3;6;3;3
2019-07-10 21:46:59;225;59;43;49;24;12;9;3;6;3;3
2019-07-10 21:47:58;232;59;50;49;24;12;9;3;6;3;3
2019-07-10 21:48:59;232;59;50;49;24;12;9;3;6;3;3
2019-07-10 21:49:59;236;60;54;49;24;12;9;3;6;3;0
2019-07-10 21:50:58;236;60;54;49;24;12;9;3;6;3;0
2019-07-10 21:51:59;237;61;54;49;24;12;9;3;6;3;0
2019-07-10 21:52:58;238;61;54;49;24;12;9;4;6;3;0
2019-07-10 21:53:59;238;61;55;49;24;12;8;4;6;3;0
2019-07-10 21:54:59;239;61;56;49;24;13;8;4;6;3;2
2019-07-10 21:55:58;239;61;57;49;24;13;8;4;6;3;2
2019-07-10 21:56:59;239;61;57;49;24;13;8;4;6;3;2
2019-07-10 21:57:59;239;61;57;49;24;13;8;4;6;3;2
2019-07-10 21:58:58;240;61;58;49;24;13;8;4;6;3;2
2019-07-10 21:59:59;241;61;58;49;25;13;8;4;6;3;2
2019-07-10 22:00:59;241;61;58;49;25;13;8;4;6;3;2
2019-07-10 22:01:58;241;61;58;49;25;13;8;4;6;3;2
2019-07-10 22:02:59;241;61;58;49;25;13;8;4;6;3;2
2019-07-10 22:03:59;243;62;58;49;26;13;8;4;6;3;2
2019-07-10 22:04:58;244;62;59;49;26;13;8;4;6;3;2
2019-07-10 22:05:59;244;62;59;49;26;13;8;4;6;3;2
2019-07-10 22:06:59;245;62;60;49;26;13;8;4;6;3;2
2019-07-10 22:07:58;245;62;60;49;26;13;8;4;6;3;2
2019-07-10 22:08:59;245;62;60;49;26;13;8;4;6;3;2
2019-07-10 22:09:59;245;62;60;49;26;13;8;4;6;3;2
2019-07-10 22:10:58;246;62;61;49;26;13;8;4;6;3;2
2019-07-10 22:11:59;246;62;61;49;26;13;8;4;6;3;2
2019-07-10 22:12:59;246;62;61;49;26;13;8;4;6;3;2
2019-07-10 22:13:58;246;62;61;49;26;13;8;4;6;3;2
2019-07-10 22:14:59;246;62;61;49;26;13;8;4;6;3;2
2019-07-10 22:15:58;246;62;61;49;26;13;8;4;6;3;2
2019-07-10 22:16:59;246;62;61;49;26;13;8;4;6;3;2
2019-07-10 22:17:59;244;62;61;47;26;13;8;4;6;3;2
2019-07-10 22:18:58;244;62;61;47;26;13;8;4;6;3;2
2019-07-10 22:19:59;245;63;61;47;26;13;8;4;6;3;2
2019-07-10 22:20:59;245;63;61;47;26;13;8;4;6;3;2
2019-07-10 22:21:58;245;64;61;47;25;13;8;4;6;3;2
2019-07-10 22:22:59;245;64;61;47;25;13;8;4;6;3;2
2019-07-10 22:23:58;244;64;61;47;24;13;8;4;6;3;2
2019-07-10 22:24:59;244;64;61;47;24;13;8;4;6;3;2
2019-07-10 22:25:59;244;64;61;47;24;13;8;4;6;3;2
2019-07-10 22:26:58;244;64;61;47;24;13;8;4;6;3;2
2019-07-10 22:27:59;244;64;61;47;24;13;8;4;6;3;2
2019-07-10 22:28:59;244;64;61;47;24;13;8;4;6;3;2
2019-07-10 22:29:58;244;64;61;47;24;13;8;4;6;3;2
2019-07-10 22:30:59;244;64;61;47;24;13;8;4;6;3;2
2019-07-10 22:31:59;244;64;61;47;24;13;8;4;6;3;2
2019-07-10 22:32:58;245;64;62;47;24;13;8;4;6;3;2
2019-07-10 22:33:59;245;64;62;47;24;13;8;4;6;3;2
2019-07-10 22:34:59;244;64;62;46;24;13;8;4;6;3;2
2019-07-10 22:35:58;244;64;62;46;24;13;8;4;6;3;2
2019-07-10 22:36:59;244;64;62;46;24;13;8;4;6;3;2
2019-07-10 22:37:58;244;64;62;46;24;13;8;4;6;3;2
2019-07-10 22:38:59;244;64;62;46;24;13;8;4;6;3;2
2019-07-10 22:39:59;245;64;63;46;24;13;8;4;6;3;2
2019-07-10 22:40:58;245;64;63;46;24;13;8;4;6;3;2
2019-07-10 22:41:59;246;64;64;46;24;13;8;4;6;3;2
2019-07-10 22:42:58;247;65;64;46;24;13;8;4;6;3;2
2019-07-10 22:43:59;247;65;64;46;24;13;8;4;6;3;2
2019-07-10 22:44:59;248;65;64;47;24;13;8;4;6;3;2
2019-07-10 22:45:58;249;66;64;47;24;13;8;4;6;3;2
2019-07-10 22:46:59;249;66;64;47;24;13;8;4;6;3;2
2019-07-10 22:47:59;249;66;64;47;24;13;8;4;6;3;2
2019-07-10 22:48:58;249;66;64;47;24;13;8;4;6;3;2
2019-07-10 22:49:59;249;66;64;47;24;13;8;4;6;3;2
2019-07-10 22:50:59;249;66;64;47;24;13;8;4;6;3;2
2019-07-10 22:51:58;249;66;64;47;24;13;8;4;6;3;2
2019-07-10 22:52:59;250;67;64;47;24;13;8;4;6;3;2
2019-07-10 22:53:59;250;67;64;47;24;13;8;4;6;3;2
2019-07-10 22:54:58;250;67;64;47;24;13;8;4;6;3;2
2019-07-10 22:55:59;250;67;64;47;24;13;8;4;6;3;2
2019-07-10 22:56:59;251;67;64;48;24;13;8;4;6;3;2
2019-07-10 22:57:58;251;67;64;48;24;13;8;4;6;3;2
2019-07-10 22:58:59;251;67;64;48;24;13;8;4;6;3;2
2019-07-10 22:59:59;251;67;64;48;24;13;8;4;6;3;2
2019-07-10 23:00:58;251;67;64;48;24;13;8;4;6;3;2
2019-07-10 23:01:59;252;67;65;48;24;13;8;4;6;3;2
2019-07-10 23:02:59;252;67;65;48;24;13;8;4;6;3;2
2019-07-10 23:03:58;252;67;65;48;24;13;8;4;6;3;2
2019-07-10 23:04:59;252;67;65;48;24;13;8;4;6;3;2
2019-07-10 23:05:59;252;67;65;48;24;13;8;4;6;3;2
2019-07-10 23:06:58;252;67;65;48;24;13;8;4;6;3;2
2019-07-10 23:07:59;253;67;66;48;24;13;8;4;6;3;2
2019-07-10 23:08:58;253;67;66;48;24;13;8;4;6;3;2
2019-07-10 23:09:59;253;68;66;48;24;13;8;4;6;3;2
2019-07-10 23:10:59;253;68;66;48;24;13;8;4;6;3;2
2019-07-10 23:11:58;253;69;66;47;24;13;8;4;6;3;2
2019-07-10 23:12:59;253;69;66;47;24;13;8;4;6;3;2
2019-07-10 23:13:59;253;69;66;47;24;13;8;4;6;3;2
2019-07-10 23:14:58;253;69;66;47;24;13;8;4;6;3;2
2019-07-10 23:15:59;253;69;66;47;24;13;8;4;6;3;2
2019-07-10 23:16:59;253;69;66;47;24;13;8;4;6;3;2
2019-07-10 23:17:58;253;69;66;47;24;13;8;4;6;3;2
2019-07-10 23:18:59;253;69;66;47;24;13;8;4;6;3;2
2019-07-10 23:19:59;254;69;67;47;24;13;8;4;6;3;2
2019-07-10 23:20:58;254;69;67;47;24;13;8;4;6;3;2
2019-07-10 23:21:59;254;69;67;47;24;13;8;4;6;3;2
2019-07-10 23:22:58;254;69;67;47;24;13;8;4;6;3;2
2019-07-10 23:23:59;254;69;67;47;24;13;8;4;6;3;2
2019-07-10 23:24:59;254;69;67;47;24;13;8;4;6;3;2
2019-07-10 23:26:00;254;69;67;47;24;13;8;4;6;3;2
2019-07-10 23:26:58;254;69;66;47;24;13;8;5;6;3;2
2019-07-10 23:27:59;254;69;66;47;24;13;8;5;6;3;2
2019-07-10 23:28:58;254;69;66;47;24;13;8;5;6;3;2
2019-07-10 23:29:59;254;69;66;47;24;13;8;5;6;3;2
2019-07-10 23:30:59;254;69;66;47;24;13;8;5;6;3;2
2019-07-10 23:31:58;254;69;66;47;24;13;8;5;6;3;2
2019-07-10 23:32:59;254;69;66;47;24;13;8;5;6;3;2
2019-07-10 23:33:59;254;69;66;47;24;13;8;5;6;3;2
2019-07-10 23:34:58;254;69;66;47;24;13;8;5;6;3;2
2019-07-10 23:35:59;255;70;66;47;24;13;8;5;6;3;2
2019-07-10 23:36:58;255;70;66;47;24;13;8;5;6;3;2
2019-07-10 23:37:59;255;69;67;47;24;13;8;5;6;3;2
2019-07-10 23:38:59;257;69;68;47;24;13;8;6;6;3;2
2019-07-10 23:39:58;257;69;68;47;24;13;8;6;6;3;2
2019-07-10 23:40:59;257;69;68;47;24;13;8;6;6;3;2
2019-07-10 23:41:59;257;69;69;46;24;13;8;6;6;3;2
2019-07-10 23:42:58;257;69;69;46;24;13;8;6;6;3;2
2019-07-10 23:43:59;257;69;69;46;24;13;8;6;6;3;2
2019-07-10 23:44:58;258;70;69;46;24;13;8;6;6;3;2
2019-07-10 23:45:59;258;70;69;46;24;13;8;6;6;3;2
2019-07-10 23:46:59;259;70;69;46;24;13;8;7;6;3;2
2019-07-10 23:47:58;259;71;68;46;24;13;8;7;6;3;2
2019-07-10 23:48:59;259;71;68;46;24;13;8;7;6;3;2
2019-07-10 23:49:59;259;71;68;46;24;13;8;7;6;3;2
2019-07-10 23:50:58;258;70;69;45;24;13;8;7;6;3;2
2019-07-10 23:51:59;258;70;69;45;24;13;8;7;6;3;2
2019-07-10 23:52:59;260;72;69;45;24;13;8;7;6;3;2
2019-07-10 23:53:58;261;72;70;45;24;13;8;7;6;3;2
2019-07-10 23:54:59;261;72;71;45;23;13;8;7;6;3;2
2019-07-10 23:56:00;262;74;71;45;22;13;8;7;6;3;2
2019-07-10 23:56:58;264;75;72;44;22;13;8;7;6;3;2
2019-07-10 23:57:59;266;77;72;44;22;13;8;7;6;3;2
2019-07-10 23:58:59;267;76;74;44;22;13;8;7;6;3;2
2019-07-10 23:59:58;270;79;74;44;22;13;8;7;6;3;2
