datetime;total_votes;Wiedemann;Есения;kaiL;Hexadecachoron;romanvzromanvz;xtend;KOCTOPE3;mama_p_zh;zgushonka;Nosy
2019-12-04 00:00:59;0;0;0;0;0;0;0;0;0;0;0
2019-12-04 00:01:59;0;0;0;0;0;0;0;0;0;0;0
2019-12-04 00:02:59;0;0;0;0;0;0;0;0;0;0;0
2019-12-04 00:03:58;0;0;0;0;0;0;0;0;0;0;0
2019-12-04 00:04:59;3;0;1;0;0;0;0;1;0;0;0
2019-12-04 00:05:59;3;0;1;0;0;0;0;1;0;0;0
2019-12-04 00:06:59;3;0;1;0;0;0;0;1;0;0;0
2019-12-04 00:07:58;3;0;1;0;0;0;0;1;0;0;0
2019-12-04 00:08:59;3;0;1;0;0;0;0;1;0;0;0
2019-12-04 00:09:59;3;0;1;0;0;0;0;1;0;0;0
2019-12-04 00:10:58;3;0;1;0;0;0;0;1;0;0;0
2019-12-04 00:11:59;3;0;1;0;0;0;0;1;0;0;0
2019-12-04 00:12:59;3;0;1;0;0;0;0;1;0;0;0
2019-12-04 00:13:59;3;0;1;0;0;0;0;1;0;0;0
2019-12-04 00:14:58;3;0;1;0;0;0;0;1;0;0;0
2019-12-04 00:15:59;3;0;1;0;0;0;0;1;0;0;0
2019-12-04 00:16:59;3;0;1;0;0;0;0;1;0;0;0
2019-12-04 00:18:00;3;0;1;0;0;0;0;1;0;0;0
2019-12-04 00:18:58;3;0;1;0;0;0;0;1;0;0;0
2019-12-04 00:19:59;4;0;1;0;0;0;0;1;0;0;0
2019-12-04 00:20:59;4;0;1;0;0;0;0;1;0;0;0
2019-12-04 00:21:58;4;0;1;0;0;0;0;1;0;0;0
2019-12-04 00:22:59;6;0;1;0;1;0;1;1;0;0;0
2019-12-04 00:23:59;6;0;1;0;1;0;1;1;0;0;0
2019-12-04 00:24:58;6;0;1;0;1;0;1;1;0;0;0
2019-12-04 00:25:59;6;0;1;0;1;0;1;1;0;0;0
2019-12-04 00:26:59;6;0;1;0;1;0;1;1;0;0;0
2019-12-04 00:28:00;6;0;1;0;1;0;1;1;0;0;0
2019-12-04 00:28:58;6;0;1;0;1;0;1;1;0;0;0
2019-12-04 00:29:59;7;1;1;0;1;0;1;1;0;0;0
2019-12-04 00:30:59;7;1;1;0;1;0;1;1;0;0;0
2019-12-04 00:31:58;7;1;1;0;1;0;1;1;0;0;0
2019-12-04 00:32:59;7;1;1;0;1;0;1;1;0;0;0
2019-12-04 00:33:59;7;1;1;0;1;0;1;1;0;0;0
2019-12-04 00:34:58;7;1;1;0;1;0;1;1;0;0;0
2019-12-04 00:35:59;7;1;1;0;1;0;1;1;0;0;0
2019-12-04 00:36:59;8;1;1;0;1;1;1;1;0;0;0
2019-12-04 00:37:59;8;1;1;0;1;1;1;1;0;0;0
2019-12-04 00:38:58;9;1;2;0;1;1;1;1;0;0;0
2019-12-04 00:39:59;9;1;2;0;1;1;1;1;0;0;0
2019-12-04 00:40:59;10;1;2;0;1;1;1;2;0;0;0
2019-12-04 00:41:59;10;1;2;0;1;1;1;2;0;0;0
2019-12-04 00:42:58;11;1;2;0;1;1;2;2;0;0;0
2019-12-04 00:43:59;12;1;2;0;2;1;2;2;0;0;0
2019-12-04 00:44:59;12;1;2;0;2;1;2;2;0;0;0
2019-12-04 00:46:00;12;1;2;0;2;1;2;2;0;0;0
2019-12-04 00:46:58;13;1;3;0;2;1;2;2;0;0;0
2019-12-04 00:47:59;14;2;3;0;2;1;2;2;0;0;0
2019-12-04 00:48:59;14;2;3;0;2;1;2;2;0;0;0
2019-12-04 00:49:58;15;2;3;0;3;1;2;2;0;0;0
2019-12-04 00:50:59;15;2;3;0;3;1;2;2;0;0;0
2019-12-04 00:51:59;15;2;3;0;3;1;2;2;0;0;0
2019-12-04 00:52:58;16;2;3;0;3;1;3;2;0;0;0
2019-12-04 00:53:59;18;3;3;0;4;1;3;2;0;0;0
2019-12-04 00:54:59;18;3;3;0;4;1;3;2;0;0;0
2019-12-04 00:55:59;19;4;3;0;4;1;3;2;0;0;0
2019-12-04 00:56:58;19;4;3;0;4;1;3;2;0;0;0
2019-12-04 00:57:59;19;4;3;0;4;1;3;2;0;0;0
2019-12-04 00:58:59;19;4;3;0;4;1;3;2;0;0;0
2019-12-04 00:59:58;20;4;4;0;4;1;3;2;0;0;0
2019-12-04 01:00:59;20;4;4;0;4;1;3;2;0;0;0
2019-12-04 01:01:59;20;4;4;0;4;1;3;2;0;0;0
2019-12-04 01:02:59;20;4;4;0;4;1;3;2;0;0;0
2019-12-04 01:03:58;20;4;4;0;4;1;3;2;0;0;0
2019-12-04 01:04:59;21;4;4;0;4;1;4;2;0;0;0
2019-12-04 01:05:59;21;4;4;0;4;1;4;2;0;0;0
2019-12-04 01:06:59;21;4;4;0;4;1;4;2;0;0;0
2019-12-04 01:07:58;22;4;4;0;5;1;4;2;0;0;0
2019-12-04 01:08:59;23;4;5;0;5;1;4;2;0;0;0
2019-12-04 01:09:59;23;4;5;0;5;1;4;2;0;0;0
2019-12-04 01:10:59;23;4;5;0;5;1;4;2;0;0;0
2019-12-04 01:11:58;23;4;5;0;5;1;4;2;0;0;0
2019-12-04 01:12:59;24;4;6;0;5;1;4;2;0;0;0
2019-12-04 01:13:59;24;4;6;0;5;1;4;2;0;0;0
2019-12-04 01:14:59;24;4;6;0;5;1;4;2;0;0;0
2019-12-04 01:15:58;25;4;6;0;5;1;4;2;0;0;0
2019-12-04 01:16:59;25;4;6;0;5;1;4;2;0;0;0
2019-12-04 01:17:59;25;4;6;0;5;1;4;2;0;0;0
2019-12-04 01:18:59;25;4;6;0;5;1;4;2;0;0;0
2019-12-04 01:19:58;25;4;6;0;5;1;4;2;0;0;0
2019-12-04 01:20:59;25;4;6;0;5;1;4;2;0;0;0
2019-12-04 01:21:59;25;4;6;0;5;1;4;2;0;0;0
2019-12-04 01:22:58;25;4;6;0;5;1;4;2;0;0;0
2019-12-04 01:23:59;26;5;6;0;5;1;4;2;0;0;0
2019-12-04 01:24:59;27;5;7;0;5;1;4;2;0;0;0
2019-12-04 01:25:58;27;5;7;0;5;1;4;2;0;0;0
2019-12-04 01:26:59;27;5;7;0;5;1;4;2;0;0;0
2019-12-04 01:27:59;28;5;8;0;5;1;4;2;0;0;0
2019-12-04 01:28:59;28;5;8;0;5;1;4;2;0;0;0
2019-12-04 01:29:58;28;5;8;0;5;1;4;2;0;0;0
2019-12-04 01:30:59;29;5;8;0;5;1;4;2;0;0;0
2019-12-04 01:31:59;30;5;8;0;5;1;4;2;0;0;0
2019-12-04 01:32:59;30;5;8;0;5;1;4;2;0;0;0
2019-12-04 01:34:00;31;5;8;0;5;2;4;2;0;0;0
2019-12-04 01:34:58;31;5;8;0;5;2;4;2;0;0;0
2019-12-04 01:35:59;31;5;8;0;5;2;4;2;0;0;0
2019-12-04 01:36:59;31;5;8;0;5;2;4;2;0;0;0
2019-12-04 01:37:58;32;5;8;0;5;2;4;2;0;1;0
2019-12-04 01:38:59;32;5;8;0;5;2;4;2;0;1;0
2019-12-04 01:39:59;32;5;8;0;5;2;4;2;0;1;0
2019-12-04 01:40:58;32;5;8;0;5;2;4;2;0;1;0
2019-12-04 01:41:59;32;5;8;0;5;2;4;2;0;1;0
2019-12-04 01:42:59;32;5;8;0;5;2;4;2;0;1;0
2019-12-04 01:43:58;32;5;8;0;5;2;4;2;0;1;0
2019-12-04 01:44:59;32;5;8;0;5;2;4;2;0;1;0
2019-12-04 01:45:59;32;5;8;0;5;2;4;2;0;1;0
2019-12-04 01:46:59;33;6;8;0;5;2;4;2;0;1;0
2019-12-04 01:47:58;33;6;8;0;5;2;4;2;0;1;0
2019-12-04 01:48:59;33;6;8;0;5;2;4;2;0;1;0
2019-12-04 01:49:59;33;6;8;0;5;2;4;2;0;1;0
2019-12-04 01:50:58;33;6;8;0;5;2;4;2;0;1;0
2019-12-04 01:51:59;33;6;8;0;5;2;4;2;0;1;0
2019-12-04 01:52:59;33;6;8;0;5;2;4;2;0;1;0
2019-12-04 01:53:58;33;6;8;0;5;2;4;2;0;1;0
2019-12-04 01:54:59;33;6;8;0;5;2;4;2;0;1;0
2019-12-04 01:55:59;33;6;8;0;5;2;4;2;0;1;0
2019-12-04 01:56:58;33;6;8;0;5;2;4;2;0;1;0
2019-12-04 01:57:59;33;6;8;0;5;2;4;2;0;1;0
2019-12-04 01:58:59;33;6;8;0;5;2;4;2;0;1;0
2019-12-04 01:59:59;33;6;8;0;5;2;4;2;0;1;0
2019-12-04 02:00:58;33;6;8;0;5;2;4;2;0;1;0
2019-12-04 02:01:59;33;6;8;0;5;2;4;2;0;1;0
2019-12-04 02:02:58;34;6;8;0;5;2;5;2;0;1;0
2019-12-04 02:03:59;34;6;8;0;5;2;5;2;0;1;0
2019-12-04 02:04:59;34;6;8;0;5;2;5;2;0;1;0
2019-12-04 02:05:58;34;6;8;0;5;2;5;2;0;1;0
2019-12-04 02:06:59;34;6;8;0;5;2;5;2;0;1;0
2019-12-04 02:07:59;34;6;8;0;5;2;5;2;0;1;0
2019-12-04 02:08:58;34;6;8;0;5;2;5;2;0;1;0
2019-12-04 02:09:59;34;6;8;0;5;2;5;2;0;1;0
2019-12-04 02:10:59;35;7;8;0;5;2;5;2;0;1;0
2019-12-04 02:11:58;35;7;8;0;5;2;5;2;0;1;0
2019-12-04 02:12:59;35;7;8;0;5;2;5;2;0;1;0
2019-12-04 02:13:59;35;7;8;0;5;2;5;2;0;1;0
2019-12-04 02:14:59;35;7;8;0;5;2;5;2;0;1;0
2019-12-04 02:15:58;35;7;8;0;5;2;5;2;0;1;0
2019-12-04 02:16:59;35;7;8;0;5;2;5;2;0;1;0
2019-12-04 02:17:59;35;7;8;0;5;2;5;2;0;1;0
2019-12-04 02:18:59;35;7;8;0;5;2;5;2;0;1;0
2019-12-04 02:19:58;35;7;8;0;5;2;5;2;0;1;0
2019-12-04 02:20:59;35;7;8;0;5;2;5;2;0;1;0
2019-12-04 02:21:59;35;7;8;0;5;2;5;2;0;1;0
2019-12-04 02:22:58;35;7;8;0;5;2;5;2;0;1;0
2019-12-04 02:23:59;35;7;8;0;5;2;5;2;0;1;0
2019-12-04 02:24:59;35;7;8;0;5;2;5;2;0;1;0
2019-12-04 02:25:58;35;7;8;0;5;2;5;2;0;1;0
2019-12-04 02:26:59;35;7;8;0;5;2;5;2;0;1;0
2019-12-04 02:27:59;35;7;8;0;5;2;5;2;0;1;0
2019-12-04 02:28:58;35;7;8;0;5;2;5;2;0;1;0
2019-12-04 02:29:59;35;7;8;0;5;2;5;2;0;1;0
2019-12-04 02:30:59;35;7;8;0;5;2;5;2;0;1;0
2019-12-04 02:31:59;35;7;8;0;5;2;5;2;0;1;0
2019-12-04 02:32:59;35;7;8;0;5;2;5;2;0;1;0
2019-12-04 02:33:58;35;7;8;0;5;2;5;2;0;1;0
2019-12-04 02:34:59;35;7;8;0;5;2;5;2;0;1;0
2019-12-04 02:35:59;35;7;8;0;5;2;5;2;0;1;0
2019-12-04 02:37:00;35;7;8;0;5;2;5;2;0;1;0
2019-12-04 02:37:58;35;7;8;0;5;2;5;2;0;1;0
2019-12-04 02:38:59;35;7;8;0;5;2;5;2;0;1;0
2019-12-04 02:39:59;35;7;8;0;5;2;5;2;0;1;0
2019-12-04 02:40:58;35;7;8;0;5;2;5;2;0;1;0
2019-12-04 02:41:59;35;7;8;0;5;2;5;2;0;1;0
2019-12-04 02:42:59;35;7;8;0;5;2;5;2;0;1;0
2019-12-04 02:43:58;35;7;8;0;5;2;5;2;0;1;0
2019-12-04 02:44:59;35;7;8;0;5;2;5;2;0;1;0
2019-12-04 02:45:59;35;7;8;0;5;2;5;2;0;1;0
2019-12-04 02:46:58;35;7;8;0;5;2;5;2;0;1;0
2019-12-04 02:47:59;35;7;8;0;5;2;5;2;0;1;0
2019-12-04 02:48:58;35;7;8;0;5;2;5;2;0;1;0
2019-12-04 02:49:59;35;7;8;0;5;2;5;2;0;1;0
2019-12-04 02:50:59;35;7;8;0;5;2;5;2;0;1;0
2019-12-04 02:51:58;35;7;8;0;5;2;5;2;0;1;0
2019-12-04 02:52:59;35;7;8;0;5;2;5;2;0;1;0
2019-12-04 02:53:59;36;7;9;0;5;2;5;2;0;1;0
2019-12-04 02:54:58;36;7;9;0;5;2;5;2;0;1;0
2019-12-04 02:55:59;36;7;9;0;5;2;5;2;0;1;0
2019-12-04 02:56:59;36;7;9;0;5;2;5;2;0;1;0
2019-12-04 02:57:58;36;7;9;0;5;2;5;2;0;1;0
2019-12-04 02:58:59;36;7;9;0;5;2;5;2;0;1;0
2019-12-04 02:59:59;36;7;9;0;5;2;5;2;0;1;0
2019-12-04 03:00:58;36;7;9;0;5;2;5;2;0;1;0
2019-12-04 03:01:59;36;7;9;0;5;2;5;2;0;1;0
2019-12-04 03:02:59;36;7;9;0;5;2;5;2;0;1;0
2019-12-04 03:03:59;36;7;9;0;5;2;5;2;0;1;0
2019-12-04 03:04:58;36;7;9;0;5;2;5;2;0;1;0
2019-12-04 03:05:59;36;7;9;0;5;2;5;2;0;1;0
2019-12-04 03:06:59;36;7;9;0;5;2;5;2;0;1;0
2019-12-04 03:07:58;36;7;9;0;5;2;5;2;0;1;0
2019-12-04 03:08:59;36;7;9;0;5;2;5;2;0;1;0
2019-12-04 03:09:59;36;7;9;0;5;2;5;2;0;1;0
2019-12-04 03:10:59;36;7;9;0;5;2;5;2;0;1;0
2019-12-04 03:11:58;36;7;9;0;5;2;5;2;0;1;0
2019-12-04 03:12:59;36;7;9;0;5;2;5;2;0;1;0
2019-12-04 03:13:59;36;7;9;0;5;2;5;2;0;1;0
2019-12-04 03:14:58;36;7;9;0;5;2;5;2;0;1;0
2019-12-04 03:15:59;36;7;9;0;5;2;5;2;0;1;0
2019-12-04 03:16:59;36;7;9;0;5;2;5;2;0;1;0
2019-12-04 03:18:00;36;7;9;0;5;2;5;2;0;1;0
2019-12-04 03:18:58;36;7;9;0;5;2;5;2;0;1;0
2019-12-04 03:19:59;36;7;9;0;5;2;5;2;0;1;0
2019-12-04 03:20:59;36;7;9;0;5;2;5;2;0;1;0
2019-12-04 03:21:58;36;7;9;0;5;2;5;2;0;1;0
2019-12-04 03:22:59;36;7;9;0;5;2;5;2;0;1;0
2019-12-04 03:23:59;36;7;9;0;5;2;5;2;0;1;0
2019-12-04 03:24:59;36;7;9;0;5;2;5;2;0;1;0
2019-12-04 03:25:58;36;7;9;0;5;2;5;2;0;1;0
2019-12-04 03:26:59;36;7;9;0;5;2;5;2;0;1;0
2019-12-04 03:27:59;36;7;9;0;5;2;5;2;0;1;0
2019-12-04 03:28:58;36;7;9;0;5;2;5;2;0;1;0
2019-12-04 03:29:59;36;7;9;0;5;2;5;2;0;1;0
2019-12-04 03:30:59;36;7;9;0;5;2;5;2;0;1;0
2019-12-04 03:31:58;36;7;9;0;5;2;5;2;0;1;0
2019-12-04 03:32:59;36;7;9;0;5;2;5;2;0;1;0
2019-12-04 03:33:59;36;7;9;0;5;2;5;2;0;1;0
2019-12-04 03:34:59;36;7;9;0;5;2;5;2;0;1;0
2019-12-04 03:35:58;36;7;9;0;5;2;5;2;0;1;0
2019-12-04 03:36:59;36;7;9;0;5;2;5;2;0;1;0
2019-12-04 03:37:59;36;7;9;0;5;2;5;2;0;1;0
2019-12-04 03:38:58;36;7;9;0;5;2;5;2;0;1;0
2019-12-04 03:39:59;36;7;9;0;5;2;5;2;0;1;0
2019-12-04 03:40:59;36;7;9;0;5;2;5;2;0;1;0
2019-12-04 03:41:58;36;7;9;0;5;2;5;2;0;1;0
2019-12-04 03:42:59;36;7;9;0;5;2;5;2;0;1;0
2019-12-04 03:43:59;36;7;9;0;5;2;5;2;0;1;0
2019-12-04 03:44:59;36;7;9;0;5;2;5;2;0;1;0
2019-12-04 03:45:58;36;7;9;0;5;2;5;2;0;1;0
2019-12-04 03:46:59;36;7;9;0;5;2;5;2;0;1;0
2019-12-04 03:47:59;36;7;9;0;5;2;5;2;0;1;0
2019-12-04 03:48:58;36;7;9;0;5;2;5;2;0;1;0
2019-12-04 03:49:59;37;7;9;0;5;2;5;3;0;1;0
2019-12-04 03:50:59;37;7;9;0;5;2;5;3;0;1;0
2019-12-04 03:51:58;37;7;9;0;5;2;5;3;0;1;0
2019-12-04 03:52:59;37;7;9;0;5;2;5;3;0;1;0
2019-12-04 03:53:59;37;7;9;0;5;2;5;3;0;1;0
2019-12-04 03:54:59;38;7;10;0;5;2;5;3;0;1;0
2019-12-04 03:55:58;38;7;10;0;5;2;5;3;0;1;0
2019-12-04 03:56:59;38;7;10;0;5;2;5;3;0;1;0
2019-12-04 03:57:59;38;7;10;0;5;2;5;3;0;1;0
2019-12-04 03:58:58;38;7;10;0;5;2;5;3;0;1;0
2019-12-04 03:59:59;38;7;10;0;5;2;5;3;0;1;0
2019-12-04 04:00:59;38;7;10;0;5;2;5;3;0;1;0
2019-12-04 04:01:59;39;8;10;0;5;2;5;3;0;1;0
2019-12-04 04:02:58;39;8;10;0;5;2;5;3;0;1;0
2019-12-04 04:03:59;39;8;10;0;5;2;5;3;0;1;0
2019-12-04 04:04:59;39;8;10;0;5;2;5;3;0;1;0
2019-12-04 04:05:58;39;8;10;0;5;2;5;3;0;1;0
2019-12-04 04:06:59;39;8;10;0;5;2;5;3;0;1;0
2019-12-04 04:07:59;39;8;10;0;5;2;5;3;0;1;0
2019-12-04 04:08:58;39;8;10;0;5;2;5;3;0;1;0
2019-12-04 04:09:59;39;8;10;0;5;2;5;3;0;1;0
2019-12-04 04:10:59;39;8;10;0;5;2;5;3;0;1;0
2019-12-04 04:11:59;39;8;10;0;5;2;5;3;0;1;0
2019-12-04 04:12:58;39;8;10;0;5;2;5;3;0;1;0
2019-12-04 04:13:59;39;8;10;0;5;2;5;3;0;1;0
2019-12-04 04:14:58;39;8;10;0;5;2;5;3;0;1;0
2019-12-04 04:15:59;39;8;10;0;5;2;5;3;0;1;0
2019-12-04 04:16:59;39;8;10;0;5;2;5;3;0;1;0
2019-12-04 04:17:58;39;8;10;0;5;2;5;3;0;1;0
2019-12-04 04:18:59;39;8;10;0;5;2;5;3;0;1;0
2019-12-04 04:19:58;39;8;10;0;5;2;5;3;0;1;0
2019-12-04 04:20:59;39;8;10;0;5;2;5;3;0;1;0
2019-12-04 04:21:59;39;8;10;0;5;2;5;3;0;1;0
2019-12-04 04:22:58;39;8;10;0;5;2;5;3;0;1;0
2019-12-04 04:23:59;39;8;10;0;5;2;5;3;0;1;0
2019-12-04 04:24:59;39;8;10;0;5;2;5;3;0;1;0
2019-12-04 04:25:59;39;8;10;0;5;2;5;3;0;1;0
2019-12-04 04:26:58;39;8;10;0;5;2;5;3;0;1;0
2019-12-04 04:27:59;39;8;10;0;5;2;5;3;0;1;0
2019-12-04 04:28:59;39;8;10;0;5;2;5;3;0;1;0
2019-12-04 04:29:58;39;8;10;0;5;2;5;3;0;1;0
2019-12-04 04:30:59;39;8;10;0;5;2;5;3;0;1;0
2019-12-04 04:31:59;39;8;10;0;5;2;5;3;0;1;0
2019-12-04 04:32:59;39;8;10;0;5;2;5;3;0;1;0
2019-12-04 04:33:58;39;8;10;0;5;2;5;3;0;1;0
2019-12-04 04:34:59;39;8;10;0;5;2;5;3;0;1;0
2019-12-04 04:35:59;39;8;10;0;5;2;5;3;0;1;0
2019-12-04 04:36:58;39;8;10;0;5;2;5;3;0;1;0
2019-12-04 04:37:59;39;8;10;0;5;2;5;3;0;1;0
2019-12-04 04:38:58;39;8;10;0;5;2;5;3;0;1;0
2019-12-04 04:39:59;39;8;10;0;5;2;5;3;0;1;0
2019-12-04 04:40:59;39;8;10;0;5;2;5;3;0;1;0
2019-12-04 04:41:58;39;8;10;0;5;2;5;3;0;1;0
2019-12-04 04:42:59;39;8;10;0;5;2;5;3;0;1;0
2019-12-04 04:43:59;39;8;10;0;5;2;5;3;0;1;0
2019-12-04 04:44:59;39;8;10;0;5;2;5;3;0;1;0
2019-12-04 04:45:58;39;8;10;0;5;2;5;3;0;1;0
2019-12-04 04:46:59;39;8;10;0;5;2;5;3;0;1;0
2019-12-04 04:47:59;39;8;10;0;5;2;5;3;0;1;0
2019-12-04 04:48:58;39;8;10;0;5;2;5;3;0;1;0
2019-12-04 04:49:59;39;8;10;0;5;2;5;3;0;1;0
2019-12-04 04:50:58;39;8;10;0;5;2;5;3;0;1;0
2019-12-04 04:51:59;39;8;10;0;5;2;5;3;0;1;0
2019-12-04 04:52:58;39;8;10;0;5;2;5;3;0;1;0
2019-12-04 04:53:59;39;8;10;0;5;2;5;3;0;1;0
2019-12-04 04:54:59;39;8;10;0;5;2;5;3;0;1;0
2019-12-04 04:55:58;39;8;10;0;5;2;5;3;0;1;0
2019-12-04 04:56:59;39;8;10;0;5;2;5;3;0;1;0
2019-12-04 04:57:59;39;8;10;0;5;2;5;3;0;1;0
2019-12-04 04:58:59;39;8;10;0;5;2;5;3;0;1;0
2019-12-04 04:59:58;39;8;10;0;5;2;5;3;0;1;0
2019-12-04 05:00:59;39;8;10;0;5;2;5;3;0;1;0
2019-12-04 05:01:59;39;8;10;0;5;2;5;3;0;1;0
2019-12-04 05:02:58;39;8;10;0;5;2;5;3;0;1;0
2019-12-04 05:03:59;39;8;10;0;5;2;5;3;0;1;0
2019-12-04 05:04:59;39;8;10;0;5;2;5;3;0;1;0
2019-12-04 05:06:00;39;8;10;0;5;2;5;3;0;1;0
2019-12-04 05:06:58;39;8;10;0;5;2;5;3;0;1;0
2019-12-04 05:07:59;39;8;10;0;5;2;5;3;0;1;0
2019-12-04 05:08:58;39;8;10;0;5;2;5;3;0;1;0
2019-12-04 05:09:59;39;8;10;0;5;2;5;3;0;1;0
2019-12-04 05:10:59;39;8;10;0;5;2;5;3;0;1;0
2019-12-04 05:11:58;39;8;10;0;5;2;5;3;0;1;0
2019-12-04 05:12:59;39;8;10;0;5;2;5;3;0;1;0
2019-12-04 05:13:58;39;8;10;0;5;2;5;3;0;1;0
2019-12-04 05:14:59;39;8;10;0;5;2;5;3;0;1;0
2019-12-04 05:15:59;39;8;10;0;5;2;5;3;0;1;0
2019-12-04 05:17:00;39;8;10;0;5;2;5;3;0;1;0
2019-12-04 05:17:58;39;8;10;0;5;2;5;3;0;1;0
2019-12-04 05:18:59;39;8;10;0;5;2;5;3;0;1;0
2019-12-04 05:19:58;39;8;10;0;5;2;5;3;0;1;0
2019-12-04 05:20:59;39;8;10;0;5;2;5;3;0;1;0
2019-12-04 05:21:59;39;8;10;0;5;2;5;3;0;1;0
2019-12-04 05:22:58;39;8;10;0;5;2;5;3;0;1;0
2019-12-04 05:23:59;39;8;10;0;5;2;5;3;0;1;0
2019-12-04 05:24:59;39;8;10;0;5;2;5;3;0;1;0
2019-12-04 05:25:58;39;8;10;0;5;2;5;3;0;1;0
2019-12-04 05:26:59;39;8;10;0;5;2;5;3;0;1;0
2019-12-04 05:27:58;39;8;10;0;5;2;5;3;0;1;0
2019-12-04 05:28:59;39;8;10;0;5;2;5;3;0;1;0
2019-12-04 05:29:59;39;8;10;0;5;2;5;3;0;1;0
2019-12-04 05:30:58;39;8;10;0;5;2;5;3;0;1;0
2019-12-04 05:31:59;39;8;10;0;5;2;5;3;0;1;0
2019-12-04 05:32:59;39;8;10;0;5;2;5;3;0;1;0
2019-12-04 05:33:58;39;8;10;0;5;2;5;3;0;1;0
2019-12-04 05:34:59;39;8;10;0;5;2;5;3;0;1;0
2019-12-04 05:35:59;39;8;10;0;5;2;5;3;0;1;0
2019-12-04 05:36:58;39;8;10;0;5;2;5;3;0;1;0
2019-12-04 05:37:59;39;8;10;0;5;2;5;3;0;1;0
2019-12-04 05:38:58;40;8;10;1;5;2;5;3;0;1;0
2019-12-04 05:39:59;40;8;10;1;5;2;5;3;0;1;0
2019-12-04 05:40:59;40;8;10;1;5;2;5;3;0;1;0
2019-12-04 05:42:00;40;8;10;1;5;2;5;3;0;1;0
2019-12-04 05:42:58;40;8;10;1;5;2;5;3;0;1;0
2019-12-04 05:43:59;40;8;10;1;5;2;5;3;0;1;0
2019-12-04 05:44:59;40;8;10;1;5;2;5;3;0;1;0
2019-12-04 05:45:58;40;8;10;1;5;2;5;3;0;1;0
2019-12-04 05:46:59;40;8;10;1;5;2;5;3;0;1;0
2019-12-04 05:47:59;40;8;10;1;5;2;5;3;0;1;0
2019-12-04 05:48:58;40;8;10;1;5;2;5;3;0;1;0
2019-12-04 05:49:59;40;8;10;1;5;2;5;3;0;1;0
2019-12-04 05:50:59;40;8;10;1;5;2;5;3;0;1;0
2019-12-04 05:51:59;40;8;10;1;5;2;5;3;0;1;0
2019-12-04 05:52:58;40;8;10;1;5;2;5;3;0;1;0
2019-12-04 05:53:59;40;8;10;1;5;2;5;3;0;1;0
2019-12-04 05:54:59;40;8;10;1;5;2;5;3;0;1;0
2019-12-04 05:55:58;40;8;10;1;5;2;5;3;0;1;0
2019-12-04 05:56:59;40;8;10;1;5;2;5;3;0;1;0
2019-12-04 05:57:59;40;8;10;1;5;2;5;3;0;1;0
2019-12-04 05:58:58;40;8;10;1;5;2;5;3;0;1;0
2019-12-04 05:59:59;40;8;10;1;5;2;5;3;0;1;0
2019-12-04 06:00:59;40;8;10;1;5;2;5;3;0;1;0
2019-12-04 06:01:58;40;8;10;1;5;2;5;3;0;1;0
2019-12-04 06:02:59;40;8;10;1;5;2;5;3;0;1;0
2019-12-04 06:04:00;40;8;10;1;5;2;5;3;0;1;0
2019-12-04 06:04:58;40;8;10;1;5;2;5;3;0;1;0
2019-12-04 06:05:59;40;8;10;1;5;2;5;3;0;1;0
2019-12-04 06:06:58;41;8;11;1;5;2;5;3;0;1;0
2019-12-04 06:07:59;41;8;11;1;5;2;5;3;0;1;0
2019-12-04 06:08:59;41;8;11;1;5;2;5;3;0;1;0
2019-12-04 06:09:59;41;8;11;1;5;2;5;3;0;1;0
2019-12-04 06:10:58;41;8;11;1;5;2;5;3;0;1;0
2019-12-04 06:11:59;41;8;11;1;5;2;5;3;0;1;0
2019-12-04 06:12:59;41;8;11;1;5;2;5;3;0;1;0
2019-12-04 06:13:58;41;8;11;1;5;2;5;3;0;1;0
2019-12-04 06:14:59;41;8;11;1;5;2;5;3;0;1;0
2019-12-04 06:15:59;41;8;11;1;5;2;5;3;0;1;0
2019-12-04 06:16:58;41;8;11;1;5;2;5;3;0;1;0
2019-12-04 06:17:59;42;8;11;1;5;2;5;3;0;0;0
2019-12-04 06:18:59;42;8;11;1;5;2;5;3;0;0;0
2019-12-04 06:19:58;42;8;11;1;5;2;5;3;0;0;0
2019-12-04 06:20:59;43;9;11;1;5;2;5;3;0;0;0
2019-12-04 06:21:59;43;9;11;1;5;2;5;3;0;0;0
2019-12-04 06:22:58;43;9;11;1;5;2;5;3;0;0;0
2019-12-04 06:23:59;43;9;11;1;5;2;5;3;0;0;0
2019-12-04 06:24:59;43;9;11;1;5;2;5;3;0;0;0
2019-12-04 06:25:58;43;9;11;1;5;2;5;3;0;0;0
2019-12-04 06:26:59;43;9;11;1;5;2;5;3;0;0;0
2019-12-04 06:27:59;44;9;12;1;5;2;5;3;0;0;0
2019-12-04 06:28:58;44;9;12;1;5;2;5;3;0;0;0
2019-12-04 06:29:59;44;9;12;1;5;2;5;3;0;0;0
2019-12-04 06:30:59;44;9;12;1;5;2;5;3;0;0;0
2019-12-04 06:31:58;45;10;12;1;5;2;5;3;0;0;0
2019-12-04 06:32:59;45;10;12;1;5;2;5;3;0;0;0
2019-12-04 06:33:59;45;10;12;1;5;2;5;3;0;0;0
2019-12-04 06:34:58;45;10;12;1;5;2;5;3;0;0;0
2019-12-04 06:35:59;45;10;12;1;5;2;5;3;0;0;0
2019-12-04 06:36:59;45;10;12;1;5;2;5;3;0;0;0
2019-12-04 06:37:58;45;10;12;1;5;2;5;3;0;0;0
2019-12-04 06:38:59;45;10;12;1;5;2;5;3;0;0;0
2019-12-04 06:39:59;45;10;12;1;5;2;5;3;0;0;0
2019-12-04 06:40:58;45;10;12;1;5;2;5;3;0;0;0
2019-12-04 06:41:59;45;10;12;1;5;2;5;3;0;0;0
2019-12-04 06:42:59;45;10;12;1;5;2;5;3;0;0;0
2019-12-04 06:43:59;45;10;12;1;5;2;5;3;0;0;0
2019-12-04 06:44:58;45;10;12;1;5;2;5;3;0;0;0
2019-12-04 06:45:59;45;10;12;1;5;2;5;3;0;0;0
2019-12-04 06:46:59;45;10;12;1;5;2;5;3;0;0;0
2019-12-04 06:47:58;45;10;12;1;5;2;5;3;0;0;0
2019-12-04 06:48:59;45;10;12;1;5;2;5;3;0;0;0
2019-12-04 06:49:59;45;10;12;1;5;2;5;3;0;0;0
2019-12-04 06:50:59;45;10;12;1;5;2;5;3;0;0;0
2019-12-04 06:51:58;45;10;12;1;5;2;5;3;0;0;0
2019-12-04 06:52:59;45;10;12;1;5;2;5;3;0;0;0
2019-12-04 06:53:59;45;10;12;1;5;2;5;3;0;0;0
2019-12-04 06:54:58;45;10;12;1;5;2;5;3;0;0;0
2019-12-04 06:55:59;46;10;13;1;5;2;5;3;0;0;0
2019-12-04 06:56:59;46;10;13;1;5;2;5;3;0;0;0
2019-12-04 06:57:58;46;10;13;1;5;2;5;3;0;0;0
2019-12-04 06:58:59;46;10;13;1;5;2;5;3;0;0;0
2019-12-04 06:59:59;46;10;13;1;5;2;5;3;0;0;0
2019-12-04 07:00:59;47;11;13;1;5;2;5;3;0;0;0
2019-12-04 07:01:58;47;11;13;1;5;2;5;3;0;0;0
2019-12-04 07:02:59;47;11;13;1;5;2;5;3;0;0;0
2019-12-04 07:03:59;47;11;13;1;5;2;5;3;0;0;0
2019-12-04 07:04:58;47;11;13;1;5;2;5;3;0;0;0
2019-12-04 07:05:59;47;11;13;1;5;2;5;3;0;0;0
2019-12-04 07:06:59;48;12;13;1;5;2;5;3;0;0;0
2019-12-04 07:08:00;48;12;13;1;5;2;5;3;0;0;0
2019-12-04 07:08:58;48;12;13;1;5;2;5;3;0;0;0
2019-12-04 07:09:59;48;12;13;1;5;2;5;3;0;0;0
2019-12-04 07:10:58;49;12;14;1;5;2;5;3;0;0;0
2019-12-04 07:11:59;49;12;14;1;5;2;5;3;0;0;0
2019-12-04 07:12:59;49;12;14;1;5;2;5;3;0;0;0
2019-12-04 07:13:58;49;12;14;1;5;2;5;3;0;0;0
2019-12-04 07:14:59;49;12;14;1;5;2;5;3;0;0;0
2019-12-04 07:15:59;49;12;14;1;5;2;5;3;0;0;0
2019-12-04 07:16:58;49;12;14;1;5;2;5;3;0;0;0
2019-12-04 07:17:59;49;12;14;1;5;2;5;3;0;0;0
2019-12-04 07:18:59;50;13;14;1;5;2;5;3;0;0;0
2019-12-04 07:19:58;50;13;14;1;5;2;5;3;0;0;0
2019-12-04 07:20:59;50;13;14;1;5;2;5;3;0;0;0
2019-12-04 07:21:59;50;13;14;1;5;2;5;3;0;0;0
2019-12-04 07:22:58;50;13;14;1;5;2;5;3;0;0;0
2019-12-04 07:23:59;50;13;14;1;5;2;5;3;0;0;0
2019-12-04 07:24:59;50;13;14;1;5;2;5;3;0;0;0
2019-12-04 07:25:58;50;13;14;1;5;2;5;3;0;0;0
2019-12-04 07:26:59;50;13;14;1;5;2;5;3;0;0;0
2019-12-04 07:27:59;50;13;14;1;5;2;5;3;0;0;0
2019-12-04 07:28:59;50;13;14;1;5;2;5;3;0;0;0
2019-12-04 07:29:58;50;13;14;1;5;2;5;3;0;0;0
2019-12-04 07:30:59;50;13;14;1;5;2;5;3;0;0;0
2019-12-04 07:31:59;51;14;14;1;5;2;5;3;0;0;0
2019-12-04 07:32:59;51;14;14;1;5;2;5;3;0;0;0
2019-12-04 07:33:58;51;14;14;1;5;2;5;3;0;0;0
2019-12-04 07:34:59;51;14;14;1;5;2;5;3;0;0;0
2019-12-04 07:35:59;51;14;14;1;5;2;5;3;0;0;0
2019-12-04 07:36:58;51;14;14;1;5;2;5;3;0;0;0
2019-12-04 07:37:59;51;14;14;1;5;2;5;3;0;0;0
2019-12-04 07:38:59;51;14;14;1;5;2;5;3;0;0;0
2019-12-04 07:40:00;51;14;14;1;5;2;5;3;0;0;0
2019-12-04 07:40:58;51;14;14;1;5;2;5;3;0;0;0
2019-12-04 07:41:59;51;14;14;1;5;2;5;3;0;0;0
2019-12-04 07:42:59;52;14;14;2;5;2;5;3;0;0;0
2019-12-04 07:43:58;52;14;14;2;5;2;5;3;0;0;0
2019-12-04 07:44:59;52;14;14;2;5;2;5;3;0;0;0
2019-12-04 07:45:59;52;14;14;2;5;2;5;3;0;0;0
2019-12-04 07:46:58;52;14;14;2;5;2;5;3;0;0;0
2019-12-04 07:47:59;52;14;14;2;5;2;5;3;0;0;0
2019-12-04 07:48:59;52;14;14;2;5;2;5;3;0;0;0
2019-12-04 07:49:59;53;14;14;3;5;2;5;3;0;0;0
2019-12-04 07:50:58;53;14;14;3;5;2;5;3;0;0;0
2019-12-04 07:51:59;53;14;14;3;5;2;5;3;0;0;0
2019-12-04 07:52:59;53;14;14;3;5;2;5;3;0;0;0
2019-12-04 07:53:58;53;14;14;3;5;2;5;3;0;0;0
2019-12-04 07:54:59;53;14;14;3;5;2;5;3;0;0;0
2019-12-04 07:55:59;53;14;14;3;5;2;5;3;0;0;0
2019-12-04 07:56:58;53;14;14;3;5;2;5;3;0;0;0
2019-12-04 07:57:59;53;14;14;3;5;2;5;3;0;0;0
2019-12-04 07:58:59;53;14;14;3;5;2;5;3;0;0;0
2019-12-04 07:59:58;53;14;14;3;5;2;5;3;0;0;0
2019-12-04 08:00:59;53;14;14;3;5;2;5;3;0;0;0
2019-12-04 08:01:59;53;14;14;3;5;2;5;3;0;0;0
2019-12-04 08:03:00;53;14;14;3;5;2;5;3;0;0;0
2019-12-04 08:03:58;53;14;14;3;5;2;5;3;0;0;0
2019-12-04 08:04:59;53;14;14;3;5;2;5;3;0;0;0
2019-12-04 08:05:59;53;14;14;3;5;2;5;3;0;0;0
2019-12-04 08:06:59;53;14;14;3;5;2;5;3;0;0;0
2019-12-04 08:07:58;53;14;14;3;5;2;5;3;0;0;0
2019-12-04 08:08:59;53;14;14;3;5;2;5;3;0;0;0
2019-12-04 08:09:58;53;14;14;3;5;2;5;3;0;0;0
2019-12-04 08:10:59;53;14;14;3;5;2;5;3;0;0;0
2019-12-04 08:11:59;53;14;14;3;5;2;5;3;0;0;0
2019-12-04 08:12:58;53;14;14;3;5;2;5;3;0;0;0
2019-12-04 08:13:59;53;14;14;3;5;2;5;3;0;0;0
2019-12-04 08:14:59;53;14;14;3;5;2;5;3;0;0;0
2019-12-04 08:15:59;53;14;14;3;5;2;5;3;0;0;0
2019-12-04 08:16:58;53;14;14;3;5;2;5;3;0;0;0
2019-12-04 08:17:59;53;14;14;3;5;2;5;3;0;0;0
2019-12-04 08:18:59;53;14;14;3;5;2;5;3;0;0;0
2019-12-04 08:19:58;53;14;14;3;5;2;5;3;0;0;0
2019-12-04 08:20:59;53;14;14;3;5;2;5;3;0;0;0
2019-12-04 08:21:59;53;14;14;3;5;2;5;3;0;0;0
2019-12-04 08:22:59;53;14;14;3;5;2;5;3;0;0;0
2019-12-04 08:23:58;53;14;14;3;5;2;5;3;0;0;0
2019-12-04 08:24:59;53;14;14;3;5;2;5;3;0;0;0
2019-12-04 08:25:59;53;14;14;3;5;2;5;3;0;0;0
2019-12-04 08:26:58;53;14;14;3;5;2;5;3;0;0;0
2019-12-04 08:27:59;53;14;14;3;5;2;5;3;0;0;0
2019-12-04 08:28:59;53;14;14;3;5;2;5;3;0;0;0
2019-12-04 08:29:59;53;14;14;3;5;2;5;3;0;0;0
2019-12-04 08:30:58;54;15;14;3;5;2;5;3;0;0;0
2019-12-04 08:31:59;54;15;14;3;5;2;5;3;0;0;0
2019-12-04 08:32:59;54;15;14;3;5;2;5;3;0;0;0
2019-12-04 08:33:58;54;15;14;3;5;2;5;3;0;0;0
2019-12-04 08:34:59;55;15;15;3;5;2;5;3;0;0;0
2019-12-04 08:35:59;55;15;15;3;5;2;5;3;0;0;0
2019-12-04 08:36:59;55;15;15;3;5;2;5;3;0;0;0
2019-12-04 08:37:58;55;15;15;3;5;2;5;3;0;0;0
2019-12-04 08:38:59;55;15;15;3;5;2;5;3;0;0;0
2019-12-04 08:39:59;55;15;15;3;5;2;5;3;0;0;0
2019-12-04 08:40:58;56;15;15;4;5;2;5;3;0;0;0
2019-12-04 08:41:59;56;15;15;4;5;2;5;3;0;0;0
2019-12-04 08:42:59;56;15;15;4;5;2;5;3;0;0;0
2019-12-04 08:43:58;56;15;15;4;5;2;5;3;0;0;0
2019-12-04 08:44:59;56;15;15;4;5;2;5;3;0;0;0
2019-12-04 08:45:59;56;15;15;4;5;2;5;3;0;0;0
2019-12-04 08:46:59;56;15;15;4;5;2;5;3;0;0;0
2019-12-04 08:47:58;56;15;15;4;5;2;5;3;0;0;0
2019-12-04 08:48:59;56;15;15;4;5;2;5;3;0;0;0
2019-12-04 08:49:59;56;15;15;4;5;2;5;3;0;0;0
2019-12-04 08:50:58;56;15;15;4;5;2;5;3;0;0;0
2019-12-04 08:51:59;57;15;15;4;5;2;5;3;0;0;0
2019-12-04 08:52:59;57;15;15;4;5;2;5;3;0;0;0
2019-12-04 08:53:59;57;15;15;4;5;2;5;3;0;0;0
2019-12-04 08:54:58;57;15;15;4;5;2;5;3;0;0;0
2019-12-04 08:55:58;57;15;15;4;5;2;5;3;0;0;0
2019-12-04 08:56:59;58;15;16;4;5;2;5;3;0;0;0
2019-12-04 08:57:59;58;15;16;4;5;2;5;3;0;0;0
2019-12-04 08:58:59;58;15;16;4;5;2;5;3;0;0;0
2019-12-04 08:59:58;58;15;16;4;5;2;5;3;0;0;0
2019-12-04 09:00:59;58;15;16;4;5;2;5;3;0;0;0
2019-12-04 09:01:59;58;15;16;4;5;2;5;3;0;0;0
2019-12-04 09:02:58;58;15;16;4;5;2;5;3;0;0;0
2019-12-04 09:03:59;58;15;16;4;5;2;5;3;0;0;0
2019-12-04 09:04:59;58;15;16;4;5;2;5;3;0;0;0
2019-12-04 09:05:59;58;15;16;4;5;2;5;3;0;0;0
2019-12-04 09:06:58;59;15;17;4;5;2;5;3;0;0;0
2019-12-04 09:07:59;59;15;17;4;5;2;5;3;0;0;0
2019-12-04 09:08:59;59;15;17;4;5;2;5;3;0;0;0
2019-12-04 09:09:58;59;15;17;4;5;2;5;3;0;0;0
2019-12-04 09:10:59;59;15;17;4;5;2;5;3;0;0;0
2019-12-04 09:11:59;59;15;17;4;5;2;5;3;0;0;0
2019-12-04 09:12:59;59;15;17;4;5;2;5;3;0;0;0
2019-12-04 09:13:58;59;15;17;4;5;2;5;3;0;0;0
2019-12-04 09:14:59;59;15;17;4;5;2;5;3;0;0;0
2019-12-04 09:15:59;59;15;17;4;5;2;5;3;0;0;0
2019-12-04 09:16:58;59;15;17;4;5;2;5;3;0;0;0
2019-12-04 09:17:59;60;15;18;4;5;2;5;3;0;0;0
2019-12-04 09:18:58;60;15;18;4;5;2;5;3;0;0;0
2019-12-04 09:19:59;60;15;18;4;5;2;5;3;0;0;0
2019-12-04 09:20:59;60;15;18;4;5;2;5;3;0;0;0
2019-12-04 09:21:59;60;15;18;4;5;2;5;3;0;0;0
2019-12-04 09:22:58;60;15;18;4;5;2;5;3;0;0;0
2019-12-04 09:23:59;60;15;18;4;5;2;5;3;0;0;0
2019-12-04 09:24:59;60;15;18;4;5;2;5;3;0;0;0
2019-12-04 09:25:59;60;15;18;4;5;2;5;3;0;0;0
2019-12-04 09:26:58;60;15;18;4;5;2;5;3;0;0;0
2019-12-04 09:27:59;60;15;18;4;5;2;5;3;0;0;0
2019-12-04 09:28:59;60;15;18;4;5;2;5;3;0;0;0
2019-12-04 09:29:58;61;15;18;4;5;2;5;3;0;0;0
2019-12-04 09:30:59;61;15;18;4;5;2;5;3;0;0;0
2019-12-04 09:31:59;61;15;18;4;5;2;5;3;0;0;0
2019-12-04 09:32:58;61;15;18;4;5;2;5;3;0;0;0
2019-12-04 09:33:59;61;15;18;4;5;2;5;3;0;0;0
2019-12-04 09:34:59;61;15;18;4;5;2;5;3;0;0;0
2019-12-04 09:35:59;61;15;18;4;5;2;5;3;0;0;0
2019-12-04 09:36:58;61;15;18;4;5;2;5;3;0;0;0
2019-12-04 09:37:59;61;15;18;4;5;2;5;3;0;0;0
2019-12-04 09:38:59;61;15;18;4;5;2;5;3;0;0;0
2019-12-04 09:39:59;61;15;18;4;5;2;5;3;0;0;0
2019-12-04 09:40:58;61;15;18;4;5;2;5;3;0;0;0
2019-12-04 09:41:59;61;15;18;4;5;2;5;3;0;0;0
2019-12-04 09:42:58;61;15;18;4;5;2;5;3;0;0;0
2019-12-04 09:43:59;61;15;18;4;5;2;5;3;0;0;0
2019-12-04 09:44:59;61;15;18;4;5;2;5;3;0;0;0
2019-12-04 09:45:58;61;15;18;4;5;2;5;3;0;0;0
2019-12-04 09:46:59;61;15;18;4;5;2;5;3;0;0;0
2019-12-04 09:47:59;61;15;18;4;5;2;5;3;0;0;0
2019-12-04 09:48:58;61;15;18;4;5;2;5;3;0;0;0
2019-12-04 09:49:59;61;15;18;4;5;2;5;3;0;0;0
2019-12-04 09:50:59;62;16;18;4;5;2;5;3;0;0;0
2019-12-04 09:51:59;62;16;18;4;5;2;5;3;0;0;0
2019-12-04 09:52:58;62;16;18;4;5;2;5;3;0;0;0
2019-12-04 09:53:59;62;16;18;4;5;2;5;3;0;0;0
2019-12-04 09:54:59;62;16;18;4;5;2;5;3;0;0;0
2019-12-04 09:55:58;62;16;18;4;5;2;5;3;0;0;0
2019-12-04 09:56:59;62;16;18;4;5;2;5;3;0;0;0
2019-12-04 09:57:59;62;16;18;4;5;2;5;3;0;0;0
2019-12-04 09:58:58;62;16;18;4;5;2;5;3;0;0;0
2019-12-04 09:59:59;62;16;18;4;5;2;5;3;0;0;0
2019-12-04 10:00:59;63;16;18;4;5;2;5;3;0;0;0
2019-12-04 10:01:58;63;16;18;4;5;2;5;3;0;0;0
2019-12-04 10:02:59;63;16;18;4;5;2;5;3;0;0;0
2019-12-04 10:03:59;63;16;18;4;5;2;5;3;0;0;0
2019-12-04 10:04:59;63;16;18;4;5;2;5;3;0;0;0
2019-12-04 10:05:58;63;16;18;4;5;2;5;3;0;0;0
2019-12-04 10:06:59;63;16;18;4;5;2;5;3;0;0;0
2019-12-04 10:07:58;63;16;18;4;5;2;5;3;0;0;0
2019-12-04 10:08:59;63;16;18;4;5;2;5;3;0;0;0
2019-12-04 10:09:59;63;16;18;4;5;2;5;3;0;0;0
2019-12-04 10:10:59;63;16;18;4;5;2;5;3;0;0;0
2019-12-04 10:11:58;63;16;18;4;5;2;5;3;0;0;0
2019-12-04 10:12:59;63;16;18;4;5;2;5;3;0;0;0
2019-12-04 10:13:59;63;16;18;4;5;2;5;3;0;0;0
2019-12-04 10:14:58;63;16;18;4;5;2;5;3;0;0;0
2019-12-04 10:15:59;63;16;18;4;5;2;5;3;0;0;0
2019-12-04 10:16:59;63;16;18;4;5;2;5;3;0;0;0
2019-12-04 10:17:58;64;17;18;4;5;2;5;3;0;0;0
2019-12-04 10:18:59;65;17;19;4;5;2;5;3;0;0;0
2019-12-04 10:19:59;65;17;19;4;5;2;5;3;0;0;0
2019-12-04 10:20:58;65;17;19;4;5;2;5;3;0;0;0
2019-12-04 10:21:59;65;17;19;4;5;2;5;3;0;0;0
2019-12-04 10:22:59;65;17;19;4;5;2;5;3;0;0;0
2019-12-04 10:23:59;65;17;19;4;5;2;5;3;0;0;0
2019-12-04 10:24:58;65;17;19;4;5;2;5;3;0;0;0
2019-12-04 10:25:59;66;17;19;5;5;2;5;3;0;0;0
2019-12-04 10:26:59;66;17;19;5;5;2;5;3;0;0;0
2019-12-04 10:27:58;66;17;19;5;5;2;5;3;0;0;0
2019-12-04 10:28:59;67;17;20;5;5;2;5;3;0;0;0
2019-12-04 10:29:59;67;17;20;5;5;2;5;3;0;0;0
2019-12-04 10:30:58;68;17;21;5;5;2;5;3;0;0;0
2019-12-04 10:31:59;68;17;21;5;5;2;5;3;0;0;0
2019-12-04 10:32:59;68;17;21;5;5;2;5;3;0;0;0
2019-12-04 10:33:59;69;17;21;5;6;2;5;3;0;0;0
2019-12-04 10:34:58;69;17;21;5;6;2;5;3;0;0;0
2019-12-04 10:35:59;69;17;21;5;6;2;5;3;0;0;0
2019-12-04 10:36:59;69;17;21;5;6;2;5;3;0;0;0
2019-12-04 10:37:59;69;17;21;5;6;2;5;3;0;0;0
2019-12-04 10:38:58;69;17;21;5;6;2;5;3;0;0;0
2019-12-04 10:39:59;70;17;21;5;6;2;5;4;0;0;0
2019-12-04 10:40:59;70;17;21;5;6;2;5;4;0;0;0
2019-12-04 10:41:59;70;17;21;5;6;2;5;4;0;0;0
2019-12-04 10:42:58;70;17;21;5;6;2;5;4;0;0;0
2019-12-04 10:43:59;70;17;21;5;6;2;5;4;0;0;0
2019-12-04 10:44:59;71;17;22;5;6;2;5;4;0;0;0
2019-12-04 10:45:58;71;17;22;5;6;2;5;4;0;0;0
2019-12-04 10:46:59;71;17;22;5;6;2;5;4;0;0;0
2019-12-04 10:47:59;71;17;22;5;6;2;5;4;0;0;0
2019-12-04 10:48:58;71;17;22;5;6;2;5;4;0;0;0
2019-12-04 10:49:59;71;17;22;5;6;2;5;4;0;0;0
2019-12-04 10:50:59;72;17;22;6;6;2;5;4;0;0;0
2019-12-04 10:51:59;72;17;22;6;6;2;5;4;0;0;0
2019-12-04 10:52:58;72;17;22;6;6;2;5;4;0;0;0
2019-12-04 10:53:59;72;17;22;6;6;2;5;4;0;0;0
2019-12-04 10:54:59;73;17;22;6;6;2;5;4;0;0;0
2019-12-04 10:55:59;73;17;22;6;6;2;5;4;0;0;0
2019-12-04 10:56:58;73;17;22;6;6;2;5;4;0;0;0
2019-12-04 10:57:59;73;17;22;6;6;2;5;4;0;0;0
2019-12-04 10:58:59;73;17;22;6;6;2;5;4;0;0;0
2019-12-04 10:59:58;73;17;22;6;6;2;5;4;0;0;0
2019-12-04 11:00:59;73;17;22;6;6;2;5;4;0;0;0
2019-12-04 11:01:59;73;17;22;6;6;2;5;4;0;0;0
2019-12-04 11:02:59;73;17;22;6;6;2;5;4;0;0;0
2019-12-04 11:03:58;73;17;22;6;6;2;5;4;0;0;0
2019-12-04 11:04:59;73;17;22;6;6;2;5;4;0;0;0
2019-12-04 11:05:59;73;17;22;6;6;2;5;4;0;0;0
2019-12-04 11:06:58;74;18;22;6;6;2;5;4;0;0;0
2019-12-04 11:07:59;74;18;22;6;6;2;5;4;0;0;0
2019-12-04 11:08:59;74;18;22;6;6;2;5;4;0;0;0
2019-12-04 11:09:59;74;18;22;6;6;2;5;4;0;0;0
2019-12-04 11:10:58;74;18;22;6;6;2;5;4;0;0;0
2019-12-04 11:11:59;74;18;22;6;6;2;5;4;0;0;0
2019-12-04 11:12:59;74;18;22;6;6;2;5;4;0;0;0
2019-12-04 11:14:00;74;18;22;6;6;2;5;4;0;0;0
2019-12-04 11:14:58;74;18;22;6;6;2;5;4;0;0;0
2019-12-04 11:15:59;74;18;22;6;6;2;5;4;0;0;0
2019-12-04 11:16:59;74;18;22;6;6;2;5;4;0;0;0
2019-12-04 11:17:58;74;18;22;6;6;2;5;4;0;0;0
2019-12-04 11:18:59;74;18;22;6;6;2;5;4;0;0;0
2019-12-04 11:19:59;75;19;22;6;6;2;5;4;0;0;0
2019-12-04 11:20:59;75;19;22;6;6;2;5;4;0;0;0
2019-12-04 11:21:58;75;19;22;6;6;2;5;4;0;0;0
2019-12-04 11:22:59;77;21;22;6;6;2;5;4;0;0;0
2019-12-04 11:23:59;77;21;22;6;6;2;5;4;0;0;0
2019-12-04 11:24:58;77;21;22;6;6;2;5;4;0;0;0
2019-12-04 11:25:59;77;21;22;6;6;2;5;4;0;0;0
2019-12-04 11:26:59;79;21;22;6;6;3;5;4;0;0;0
2019-12-04 11:27:58;79;21;22;6;6;3;5;4;0;0;0
2019-12-04 11:28:59;79;21;22;6;6;3;5;4;0;0;0
2019-12-04 11:29:59;79;21;22;6;6;3;5;4;0;0;0
2019-12-04 11:30:59;79;21;22;6;6;3;5;4;0;0;0
2019-12-04 11:31:58;79;21;22;6;6;3;5;4;0;0;0
2019-12-04 11:32:59;79;21;22;6;6;3;5;4;0;0;0
2019-12-04 11:33:59;79;21;22;6;6;3;5;4;0;0;0
2019-12-04 11:34:59;79;21;22;6;6;3;5;4;0;0;0
2019-12-04 11:35:58;80;22;22;6;6;3;5;4;0;0;0
2019-12-04 11:36:59;80;22;22;6;6;3;5;4;0;0;0
2019-12-04 11:37:59;80;22;22;6;6;3;5;4;0;0;0
2019-12-04 11:38:58;80;22;22;6;6;3;5;4;0;0;0
2019-12-04 11:39:59;80;22;22;6;6;3;5;4;0;0;0
2019-12-04 11:40:59;80;22;22;6;6;3;5;4;0;0;0
2019-12-04 11:41:59;81;23;22;6;6;3;5;4;0;0;0
2019-12-04 11:42:58;81;23;22;6;6;3;5;4;0;0;0
2019-12-04 11:43:59;81;23;22;6;6;3;5;4;0;0;0
2019-12-04 11:44:59;82;24;22;6;6;3;5;4;0;0;0
2019-12-04 11:45:59;82;24;22;6;6;3;5;4;0;0;0
2019-12-04 11:46:58;83;24;23;6;6;3;5;4;0;0;0
2019-12-04 11:47:59;83;24;23;6;6;3;5;4;0;0;0
2019-12-04 11:48:59;83;24;23;6;6;3;5;4;0;0;0
2019-12-04 11:49:59;84;24;23;6;6;3;5;4;0;0;0
2019-12-04 11:51:00;84;24;23;6;6;3;5;4;0;0;0
2019-12-04 11:51:58;84;24;23;6;6;3;5;4;0;0;0
2019-12-04 11:52:59;84;24;23;6;6;3;5;4;0;0;0
2019-12-04 11:53:59;84;24;23;6;6;3;5;4;0;0;0
2019-12-04 11:54:58;84;24;23;6;6;3;5;4;0;0;0
2019-12-04 11:55:59;84;24;23;6;6;3;5;4;0;0;0
2019-12-04 11:56:59;84;24;23;6;6;3;5;4;0;0;0
2019-12-04 11:57:59;84;24;23;6;6;3;5;4;0;0;0
2019-12-04 11:58:58;84;24;23;6;6;3;5;4;0;0;0
2019-12-04 11:59:59;84;24;23;6;6;3;5;4;0;0;0
2019-12-04 12:00:59;84;24;23;6;6;3;5;4;0;0;0
2019-12-04 12:01:58;84;24;23;6;6;3;5;4;0;0;0
2019-12-04 12:02:59;84;24;23;6;6;3;5;4;0;0;0
2019-12-04 12:03:59;84;24;23;6;6;3;5;4;0;0;0
2019-12-04 12:04:59;84;24;23;6;6;3;5;4;0;0;0
2019-12-04 12:05:58;84;24;23;6;6;3;5;4;0;0;0
2019-12-04 12:06:59;84;24;23;6;6;3;5;4;0;0;0
2019-12-04 12:07:59;84;24;23;6;6;3;5;4;0;0;0
2019-12-04 12:08:59;84;24;23;6;6;3;5;4;0;0;0
2019-12-04 12:09:58;84;24;23;6;6;3;5;4;0;0;0
2019-12-04 12:10:59;84;24;23;6;6;3;5;4;0;0;0
2019-12-04 12:11:59;84;24;23;6;6;3;5;4;0;0;0
2019-12-04 12:12:59;84;24;23;6;6;3;5;4;0;0;0
2019-12-04 12:13:58;84;24;23;6;6;3;5;4;0;0;0
2019-12-04 12:14:59;84;24;23;6;6;3;5;4;0;0;0
2019-12-04 12:15:58;84;24;23;6;6;3;5;4;0;0;0
2019-12-04 12:16:59;85;25;23;6;6;3;5;4;0;0;0
2019-12-04 12:17:59;85;25;23;6;6;3;5;4;0;0;0
2019-12-04 12:18:59;85;25;23;6;6;3;5;4;0;0;0
2019-12-04 12:19:58;86;25;23;6;6;3;5;4;1;0;1
2019-12-04 12:20:59;86;25;23;6;6;3;5;4;1;0;1
2019-12-04 12:21:59;86;25;23;6;6;3;5;4;1;0;1
2019-12-04 12:22:59;86;25;23;6;6;3;5;4;1;0;1
2019-12-04 12:23:58;86;24;24;6;6;3;5;4;1;0;1
2019-12-04 12:24:59;86;24;24;6;6;3;5;4;1;0;1
2019-12-04 12:25:59;86;24;24;6;6;3;5;4;1;0;1
2019-12-04 12:26:59;86;24;24;6;6;3;5;4;1;0;1
2019-12-04 12:27:58;86;24;24;6;6;3;5;4;1;0;1
2019-12-04 12:28:59;86;24;24;6;6;3;5;4;1;0;1
2019-12-04 12:29:59;87;24;24;6;6;3;5;4;1;0;1
2019-12-04 12:30:59;87;24;24;6;6;3;5;4;1;0;1
2019-12-04 12:31:58;87;24;24;6;6;3;5;4;1;0;1
2019-12-04 12:32:59;87;24;24;6;6;3;5;4;1;0;1
2019-12-04 12:33:59;88;25;24;6;6;3;5;4;1;0;1
2019-12-04 12:35:00;88;25;24;6;6;3;5;4;1;0;1
2019-12-04 12:35:58;88;25;24;6;6;3;5;4;1;0;1
2019-12-04 12:36:59;89;25;25;6;6;3;5;4;1;0;1
2019-12-04 12:37:59;89;25;25;6;6;3;5;4;1;0;1
2019-12-04 12:38:58;89;25;25;6;6;3;5;4;1;0;1
2019-12-04 12:39:59;89;25;25;6;6;3;5;4;1;0;1
2019-12-04 12:40:59;89;25;25;6;6;3;5;4;1;0;1
2019-12-04 12:41:59;89;25;25;6;6;3;5;4;1;0;1
2019-12-04 12:42:58;89;25;25;6;6;3;5;4;1;0;1
2019-12-04 12:43:59;89;25;25;6;6;3;5;4;1;0;1
2019-12-04 12:44:59;89;25;25;6;6;3;5;4;1;0;1
2019-12-04 12:45:59;89;25;25;6;6;3;5;4;1;0;1
2019-12-04 12:46:58;89;25;25;6;6;3;5;4;1;0;1
2019-12-04 12:47:59;89;25;25;6;6;3;5;4;1;0;1
2019-12-04 12:48:59;89;25;25;6;6;3;5;4;1;0;1
2019-12-04 12:49:59;89;25;25;6;6;3;5;4;1;0;1
2019-12-04 12:50:58;89;25;25;6;6;3;5;4;1;0;1
2019-12-04 12:51:59;89;25;25;6;6;3;5;4;1;0;1
2019-12-04 12:52:59;89;25;25;6;6;3;5;4;1;0;1
2019-12-04 12:53:59;89;25;25;6;6;3;5;4;1;0;1
2019-12-04 12:54:59;89;25;25;6;6;3;5;4;1;0;1
2019-12-04 12:55:58;89;25;25;6;6;3;5;4;1;0;1
2019-12-04 12:56:59;89;25;25;6;6;3;5;4;1;0;1
2019-12-04 12:57:59;89;25;25;6;6;3;5;4;1;0;1
2019-12-04 12:58:58;89;25;25;6;6;3;5;4;1;0;1
2019-12-04 12:59:59;89;25;25;6;6;3;5;4;1;0;1
2019-12-04 13:00:59;89;25;25;6;6;3;5;4;1;0;1
2019-12-04 13:01:59;89;25;25;6;6;3;5;4;1;0;1
2019-12-04 13:02:58;89;25;25;6;6;3;5;4;1;0;1
2019-12-04 13:03:59;89;25;25;6;6;3;5;4;1;0;1
2019-12-04 13:04:59;89;25;25;6;6;3;5;4;1;0;1
2019-12-04 13:05:59;89;25;25;6;6;3;5;4;1;0;1
2019-12-04 13:06:58;89;25;25;6;6;3;5;4;1;0;1
2019-12-04 13:07:59;90;25;25;6;6;3;5;4;2;0;1
2019-12-04 13:08:59;90;25;25;6;6;3;5;4;2;0;1
2019-12-04 13:09:58;90;25;25;6;6;3;5;4;2;0;1
2019-12-04 13:10:59;90;25;25;6;6;3;5;4;2;0;1
2019-12-04 13:11:59;90;25;25;6;6;3;5;4;2;0;1
2019-12-04 13:12:59;90;25;25;6;6;3;5;4;2;0;1
2019-12-04 13:13:58;90;25;25;6;6;3;5;4;2;0;1
2019-12-04 13:14:59;90;25;25;6;6;3;5;4;2;0;1
2019-12-04 13:15:59;90;25;25;6;6;3;5;4;2;0;1
2019-12-04 13:16:58;90;25;25;6;6;3;5;4;2;0;1
2019-12-04 13:17:59;90;25;25;6;6;3;5;4;2;0;1
2019-12-04 13:18:59;90;25;25;6;6;3;5;4;2;0;1
2019-12-04 13:19:59;90;25;25;6;6;3;5;4;2;0;1
2019-12-04 13:20:58;90;25;25;6;6;3;5;4;2;0;1
2019-12-04 13:21:59;90;25;25;6;6;3;5;4;2;0;1
2019-12-04 13:22:59;90;25;25;6;6;3;5;4;2;0;1
2019-12-04 13:23:59;90;25;25;6;6;3;5;4;2;0;1
2019-12-04 13:24:58;90;25;25;6;6;3;5;4;2;0;1
2019-12-04 13:25:59;90;25;25;6;6;3;5;4;2;0;1
2019-12-04 13:26:59;90;25;25;6;6;3;5;4;2;0;1
2019-12-04 13:27:59;90;25;25;6;6;3;5;4;2;0;1
2019-12-04 13:28:58;90;25;25;6;6;3;5;4;2;0;1
2019-12-04 13:29:59;90;25;25;6;6;3;5;4;2;0;1
2019-12-04 13:30:58;90;25;25;6;6;3;5;4;2;0;1
2019-12-04 13:31:59;90;25;25;6;6;3;5;4;2;0;1
2019-12-04 13:32:59;90;25;25;6;6;3;5;4;2;0;1
2019-12-04 13:33:59;90;25;25;6;6;3;5;4;2;0;1
2019-12-04 13:34:58;90;25;25;6;6;3;5;4;2;0;1
2019-12-04 13:35:59;90;25;25;6;6;3;5;4;2;0;1
2019-12-04 13:36:59;90;25;25;6;6;3;5;4;2;0;1
2019-12-04 13:37:59;90;25;25;6;6;3;5;4;2;0;1
2019-12-04 13:38:58;90;25;25;6;6;3;5;4;2;0;1
2019-12-04 13:39:59;90;25;25;6;6;3;5;4;2;0;1
2019-12-04 13:40:59;90;25;25;6;6;3;5;4;2;0;1
2019-12-04 13:41:59;90;25;25;6;6;3;5;4;2;0;1
2019-12-04 13:42:58;91;26;25;6;6;3;5;4;2;0;1
2019-12-04 13:43:59;91;26;25;6;6;3;5;4;2;0;1
2019-12-04 13:44:59;91;26;25;6;6;3;5;4;2;0;1
2019-12-04 13:45:59;91;26;25;6;6;3;5;4;2;0;1
2019-12-04 13:46:58;91;26;25;6;6;3;5;4;2;0;1
2019-12-04 13:47:59;91;26;25;6;6;3;5;4;2;0;1
2019-12-04 13:48:59;91;26;25;6;6;3;5;4;2;0;1
2019-12-04 13:49:58;91;26;25;6;6;3;5;4;2;0;1
2019-12-04 13:50:59;91;26;25;6;6;3;5;4;2;0;1
2019-12-04 13:51:59;91;26;25;6;6;3;5;4;2;0;1
2019-12-04 13:52:58;91;26;25;6;6;3;5;4;2;0;1
2019-12-04 13:53:59;91;26;25;6;6;3;5;4;2;0;1
2019-12-04 13:54:59;91;26;25;6;6;3;5;4;2;0;1
2019-12-04 13:55:59;91;26;25;6;6;3;5;4;2;0;1
2019-12-04 13:56:58;91;26;25;6;6;3;5;4;2;0;1
2019-12-04 13:57:59;91;26;25;6;6;3;5;4;2;0;1
2019-12-04 13:58:59;91;26;25;6;6;3;5;4;2;0;1
2019-12-04 13:59:58;113;38;31;7;7;4;4;4;2;0;1
2019-12-04 14:00:59;113;38;31;7;7;4;4;4;2;0;1
2019-12-04 14:01:59;113;38;31;7;7;4;4;4;2;0;1
2019-12-04 14:02:59;113;38;31;7;7;4;4;4;2;0;1
2019-12-04 14:03:59;113;38;31;7;7;4;4;4;2;0;1
2019-12-04 14:04:59;113;38;31;7;7;4;4;4;2;0;1
2019-12-04 14:05:59;113;38;31;7;7;4;4;4;2;0;1
2019-12-04 14:06:59;113;38;31;7;7;4;4;4;2;0;1
2019-12-04 14:07:59;113;38;31;7;7;4;4;4;2;0;1
2019-12-04 14:08:59;113;38;31;7;7;4;4;4;2;0;1
2019-12-04 14:09:59;113;38;31;7;7;4;4;4;2;0;1
2019-12-04 14:10:59;113;38;31;7;7;4;4;4;2;0;1
2019-12-04 14:11:59;113;38;31;7;7;4;4;4;2;0;1
2019-12-04 14:12:59;113;38;31;7;7;4;4;4;2;0;1
2019-12-04 14:13:59;113;38;31;7;7;4;4;4;2;0;1
2019-12-04 14:14:59;113;38;31;7;7;4;4;4;2;0;1
2019-12-04 14:15:59;113;38;31;7;7;4;4;4;2;0;1
2019-12-04 14:16:59;113;38;31;7;7;4;4;4;2;0;1
2019-12-04 14:17:59;113;38;31;7;7;4;4;4;2;0;1
2019-12-04 14:18:59;113;38;31;7;7;4;4;4;2;0;1
2019-12-04 14:19:59;113;38;31;7;7;4;4;4;2;0;1
2019-12-04 14:20:59;113;38;31;7;7;4;4;4;2;0;1
2019-12-04 14:21:59;113;38;31;7;7;4;4;4;2;0;1
2019-12-04 14:22:59;113;38;31;7;7;4;4;4;2;0;1
2019-12-04 14:23:59;113;38;31;7;7;4;4;4;2;0;1
2019-12-04 14:24:59;113;38;31;7;7;4;4;4;2;0;1
2019-12-04 14:25:59;113;38;31;7;7;4;4;4;2;0;1
2019-12-04 14:26:59;113;38;31;7;7;4;4;4;2;0;1
2019-12-04 14:27:59;113;38;31;7;7;4;4;4;2;0;1
2019-12-04 14:28:59;113;38;31;7;7;4;4;4;2;0;1
2019-12-04 14:29:59;113;38;31;7;7;4;4;4;2;0;1
2019-12-04 14:30:59;113;38;31;7;7;4;4;4;2;0;1
2019-12-04 14:31:59;113;38;31;7;7;4;4;4;2;0;1
2019-12-04 14:32:59;113;38;31;7;7;4;4;4;2;0;1
2019-12-04 14:33:59;113;38;31;7;7;4;4;4;2;0;1
2019-12-04 14:34:59;113;38;31;7;7;4;4;4;2;0;1
2019-12-04 14:35:59;113;38;31;7;7;4;4;4;2;0;1
2019-12-04 14:36:59;113;38;31;7;7;4;4;4;2;0;1
2019-12-04 14:37:59;113;38;31;7;7;4;4;4;2;0;1
2019-12-04 14:38:59;113;38;31;7;7;4;4;4;2;0;1
2019-12-04 14:39:59;113;38;31;7;7;4;4;4;2;0;1
2019-12-04 14:40:59;113;38;31;7;7;4;4;4;2;0;1
2019-12-04 14:41:59;113;38;31;7;7;4;4;4;2;0;1
2019-12-04 14:42:59;113;38;31;7;7;4;4;4;2;0;1
2019-12-04 14:43:59;113;38;31;7;7;4;4;4;2;0;1
2019-12-04 14:44:59;113;38;31;7;7;4;4;4;2;0;1
2019-12-04 14:45:59;113;38;31;7;7;4;4;4;2;0;1
2019-12-04 14:46:59;113;38;31;7;7;4;4;4;2;0;1
2019-12-04 14:47:59;113;38;31;7;7;4;4;4;2;0;1
2019-12-04 14:48:59;113;38;31;7;7;4;4;4;2;0;1
2019-12-04 14:49:59;113;38;31;7;7;4;4;4;2;0;1
2019-12-04 14:50:59;113;38;31;7;7;4;4;4;2;0;1
2019-12-04 14:51:59;113;38;31;7;7;4;4;4;2;0;1
2019-12-04 14:52:59;113;38;31;7;7;4;4;4;2;0;1
2019-12-04 14:53:59;113;38;31;7;7;4;4;4;2;0;1
2019-12-04 14:54:59;113;38;31;7;7;4;4;4;2;0;1
2019-12-04 14:55:59;113;38;31;7;7;4;4;4;2;0;1
2019-12-04 14:56:59;113;38;31;7;7;4;4;4;2;0;1
2019-12-04 14:57:59;113;38;31;7;7;4;4;4;2;0;1
2019-12-04 14:58:59;113;38;31;7;7;4;4;4;2;0;1
2019-12-04 14:59:59;113;38;31;7;7;4;4;4;2;0;1
2019-12-04 15:00:59;113;38;31;7;7;4;4;4;2;0;1
2019-12-04 15:01:59;113;38;31;7;7;4;4;4;2;0;1
2019-12-04 15:02:59;113;38;31;7;7;4;4;4;2;0;1
2019-12-04 15:03:59;113;38;31;7;7;4;4;4;2;0;1
2019-12-04 15:04:59;113;38;31;7;7;4;4;4;2;0;1
2019-12-04 15:05:59;113;38;31;7;7;4;4;4;2;0;1
2019-12-04 15:06:59;113;38;31;7;7;4;4;4;2;0;1
2019-12-04 15:07:59;113;38;31;7;7;4;4;4;2;0;1
2019-12-04 15:08:59;113;38;31;7;7;4;4;4;2;0;1
2019-12-04 15:09:59;113;38;31;7;7;4;4;4;2;0;1
2019-12-04 15:10:59;113;38;31;7;7;4;4;4;2;0;1
2019-12-04 15:11:59;113;38;31;7;7;4;4;4;2;0;1
2019-12-04 15:12:59;113;38;31;7;7;4;4;4;2;0;1
2019-12-04 15:13:59;113;38;31;7;7;4;4;4;2;0;1
2019-12-04 15:14:59;113;38;31;7;7;4;4;4;2;0;1
2019-12-04 15:15:59;113;38;31;7;7;4;4;4;2;0;1
2019-12-04 15:16:59;113;38;31;7;7;4;4;4;2;0;1
2019-12-04 15:17:59;113;38;31;7;7;4;4;4;2;0;1
2019-12-04 15:18:59;113;38;31;7;7;4;4;4;2;0;1
2019-12-04 15:19:59;113;38;31;7;7;4;4;4;2;0;1
2019-12-04 15:20:59;113;38;31;7;7;4;4;4;2;0;1
2019-12-04 15:21:59;113;38;31;7;7;4;4;4;2;0;1
2019-12-04 15:22:59;113;38;31;7;7;4;4;4;2;0;1
2019-12-04 15:23:59;113;38;31;7;7;4;4;4;2;0;1
2019-12-04 15:24:59;113;38;31;7;7;4;4;4;2;0;1
2019-12-04 15:25:59;113;38;31;7;7;4;4;4;2;0;1
2019-12-04 15:26:59;113;38;31;7;7;4;4;4;2;0;1
2019-12-04 15:27:59;113;38;31;7;7;4;4;4;2;0;1
2019-12-04 15:28:59;113;38;31;7;7;4;4;4;2;0;1
2019-12-04 15:29:59;113;38;31;7;7;4;4;4;2;0;1
2019-12-04 15:30:59;113;38;31;7;7;4;4;4;2;0;1
2019-12-04 15:31:59;113;38;31;7;7;4;4;4;2;0;1
2019-12-04 15:32:59;113;38;31;7;7;4;4;4;2;0;1
2019-12-04 15:33:59;113;38;31;7;7;4;4;4;2;0;1
2019-12-04 15:34:59;113;38;31;7;7;4;4;4;2;0;1
2019-12-04 15:35:59;113;38;31;7;7;4;4;4;2;0;1
2019-12-04 15:36:59;113;38;31;7;7;4;4;4;2;0;1
2019-12-04 15:37:59;113;38;31;7;7;4;4;4;2;0;1
2019-12-04 15:38:59;113;38;31;7;7;4;4;4;2;0;1
2019-12-04 15:39:59;113;38;31;7;7;4;4;4;2;0;1
2019-12-04 15:40:59;113;38;31;7;7;4;4;4;2;0;1
2019-12-04 15:41:59;113;38;31;7;7;4;4;4;2;0;1
2019-12-04 15:42:59;113;38;31;7;7;4;4;4;2;0;1
2019-12-04 15:43:59;113;38;31;7;7;4;4;4;2;0;1
2019-12-04 15:44:59;113;38;31;7;7;4;4;4;2;0;1
2019-12-04 15:45:59;113;38;31;7;7;4;4;4;2;0;1
2019-12-04 15:46:59;113;38;31;7;7;4;4;4;2;0;1
2019-12-04 15:47:59;113;38;31;7;7;4;4;4;2;0;1
2019-12-04 15:48:59;113;38;31;7;7;4;4;4;2;0;1
2019-12-04 15:49:59;113;38;31;7;7;4;4;4;2;0;1
2019-12-04 15:50:59;113;38;31;7;7;4;4;4;2;0;1
2019-12-04 15:51:59;113;38;31;7;7;4;4;4;2;0;1
2019-12-04 15:52:59;113;38;31;7;7;4;4;4;2;0;1
2019-12-04 15:53:59;113;38;31;7;7;4;4;4;2;0;1
2019-12-04 15:54:59;113;38;31;7;7;4;4;4;2;0;1
2019-12-04 15:55:59;113;38;31;7;7;4;4;4;2;0;1
2019-12-04 15:56:59;113;38;31;7;7;4;4;4;2;0;1
2019-12-04 15:57:59;113;38;31;7;7;4;4;4;2;0;1
2019-12-04 15:58:59;113;38;31;7;7;4;4;4;2;0;1
2019-12-04 15:59:59;113;38;31;7;7;4;4;4;2;0;1
2019-12-04 16:00:59;113;38;31;7;7;4;4;4;2;0;1
2019-12-04 16:01:59;113;38;31;7;7;4;4;4;2;0;1
2019-12-04 16:02:59;113;38;31;7;7;4;4;4;2;0;1
2019-12-04 16:03:59;113;38;31;7;7;4;4;4;2;0;1
2019-12-04 16:04:59;113;38;31;7;7;4;4;4;2;0;1
2019-12-04 16:05:59;113;38;31;7;7;4;4;4;2;0;1
2019-12-04 16:06:59;113;38;31;7;7;4;4;4;2;0;1
2019-12-04 16:07:59;113;38;31;7;7;4;4;4;2;0;1
2019-12-04 16:08:59;113;38;31;7;7;4;4;4;2;0;1
2019-12-04 16:09:59;113;38;31;7;7;4;4;4;2;0;1
2019-12-04 16:10:59;113;38;31;7;7;4;4;4;2;0;1
2019-12-04 16:11:59;113;38;31;7;7;4;4;4;2;0;1
2019-12-04 16:12:59;113;38;31;7;7;4;4;4;2;0;1
2019-12-04 16:13:59;113;38;31;7;7;4;4;4;2;0;1
2019-12-04 16:14:59;113;38;31;7;7;4;4;4;2;0;1
2019-12-04 16:15:59;113;38;31;7;7;4;4;4;2;0;1
2019-12-04 16:16:59;113;38;31;7;7;4;4;4;2;0;1
2019-12-04 16:17:59;113;38;31;7;7;4;4;4;2;0;1
2019-12-04 16:18:59;113;38;31;7;7;4;4;4;2;0;1
2019-12-04 16:19:59;113;38;31;7;7;4;4;4;2;0;1
2019-12-04 16:20:59;113;38;31;7;7;4;4;4;2;0;1
2019-12-04 16:21:59;113;38;31;7;7;4;4;4;2;0;1
2019-12-04 16:22:59;113;38;31;7;7;4;4;4;2;0;1
2019-12-04 16:23:59;113;38;31;7;7;4;4;4;2;0;1
2019-12-04 16:24:59;113;38;31;7;7;4;4;4;2;0;1
2019-12-04 16:25:59;113;38;31;7;7;4;4;4;2;0;1
2019-12-04 16:26:59;113;38;31;7;7;4;4;4;2;0;1
2019-12-04 16:27:59;113;38;31;7;7;4;4;4;2;0;1
2019-12-04 16:28:59;113;38;31;7;7;4;4;4;2;0;1
2019-12-04 16:29:59;113;38;31;7;7;4;4;4;2;0;1
2019-12-04 16:30:59;113;38;31;7;7;4;4;4;2;0;1
2019-12-04 16:31:59;113;38;31;7;7;4;4;4;2;0;1
2019-12-04 16:32:59;113;38;31;7;7;4;4;4;2;0;1
2019-12-04 16:33:59;113;38;31;7;7;4;4;4;2;0;1
2019-12-04 16:34:59;113;38;31;7;7;4;4;4;2;0;1
2019-12-04 16:35:59;113;38;31;7;7;4;4;4;2;0;1
2019-12-04 16:36:59;113;38;31;7;7;4;4;4;2;0;1
2019-12-04 16:37:59;113;38;31;7;7;4;4;4;2;0;1
2019-12-04 16:38:59;113;38;31;7;7;4;4;4;2;0;1
2019-12-04 16:39:59;113;38;31;7;7;4;4;4;2;0;1
2019-12-04 16:40:59;113;38;31;7;7;4;4;4;2;0;1
2019-12-04 16:41:59;113;38;31;7;7;4;4;4;2;0;1
2019-12-04 16:42:59;113;38;31;7;7;4;4;4;2;0;1
2019-12-04 16:43:59;113;38;31;7;7;4;4;4;2;0;1
2019-12-04 16:44:59;113;38;31;7;7;4;4;4;2;0;1
2019-12-04 16:45:59;113;38;31;7;7;4;4;4;2;0;1
2019-12-04 16:46:59;113;38;31;7;7;4;4;4;2;0;1
2019-12-04 16:47:59;113;38;31;7;7;4;4;4;2;0;1
2019-12-04 16:48:59;113;38;31;7;7;4;4;4;2;0;1
2019-12-04 16:49:59;113;38;31;7;7;4;4;4;2;0;1
2019-12-04 16:50:59;113;38;31;7;7;4;4;4;2;0;1
2019-12-04 16:51:59;113;38;31;7;7;4;4;4;2;0;1
2019-12-04 16:52:59;113;38;31;7;7;4;4;4;2;0;1
2019-12-04 16:53:59;113;38;31;7;7;4;4;4;2;0;1
2019-12-04 16:54:59;113;38;31;7;7;4;4;4;2;0;1
2019-12-04 16:55:59;113;38;31;7;7;4;4;4;2;0;1
2019-12-04 16:56:59;113;38;31;7;7;4;4;4;2;0;1
2019-12-04 16:57:59;113;38;31;7;7;4;4;4;2;0;1
2019-12-04 16:58:59;113;38;31;7;7;4;4;4;2;0;1
2019-12-04 16:59:59;113;38;31;7;7;4;4;4;2;0;1
2019-12-04 17:00:59;113;38;31;7;7;4;4;4;2;0;1
2019-12-04 17:01:59;113;38;31;7;7;4;4;4;2;0;1
2019-12-04 17:02:59;113;38;31;7;7;4;4;4;2;0;1
2019-12-04 17:03:59;113;38;31;7;7;4;4;4;2;0;1
2019-12-04 17:04:59;113;38;31;7;7;4;4;4;2;0;1
2019-12-04 17:05:59;113;38;31;7;7;4;4;4;2;0;1
2019-12-04 17:06:59;113;38;31;7;7;4;4;4;2;0;1
2019-12-04 17:07:59;113;38;31;7;7;4;4;4;2;0;1
2019-12-04 17:08:59;113;38;31;7;7;4;4;4;2;0;1
2019-12-04 17:09:59;113;38;31;7;7;4;4;4;2;0;1
2019-12-04 17:10:59;113;38;31;7;7;4;4;4;2;0;1
2019-12-04 17:11:59;113;38;31;7;7;4;4;4;2;0;1
2019-12-04 17:12:59;113;38;31;7;7;4;4;4;2;0;1
2019-12-04 17:13:59;113;38;31;7;7;4;4;4;2;0;1
2019-12-04 17:15:00;113;38;31;7;7;4;4;4;2;0;1
2019-12-04 17:15:59;113;38;31;7;7;4;4;4;2;0;1
2019-12-04 17:16:59;113;38;31;7;7;4;4;4;2;0;1
2019-12-04 17:17:59;113;38;31;7;7;4;4;4;2;0;1
2019-12-04 17:18:59;113;38;31;7;7;4;4;4;2;0;1
2019-12-04 17:19:59;113;38;31;7;7;4;4;4;2;0;1
2019-12-04 17:20:59;113;38;31;7;7;4;4;4;2;0;1
2019-12-04 17:21:59;113;38;31;7;7;4;4;4;2;0;1
2019-12-04 17:22:59;113;38;31;7;7;4;4;4;2;0;1
2019-12-04 17:23:59;113;38;31;7;7;4;4;4;2;0;1
2019-12-04 17:24:59;113;38;31;7;7;4;4;4;2;0;1
2019-12-04 17:25:59;113;38;31;7;7;4;4;4;2;0;1
2019-12-04 17:26:59;113;38;31;7;7;4;4;4;2;0;1
2019-12-04 17:27:59;113;38;31;7;7;4;4;4;2;0;1
2019-12-04 17:28:59;113;38;31;7;7;4;4;4;2;0;1
2019-12-04 17:29:59;113;38;31;7;7;4;4;4;2;0;1
2019-12-04 17:30:59;113;38;31;7;7;4;4;4;2;0;1
2019-12-04 17:31:59;113;38;31;7;7;4;4;4;2;0;1
2019-12-04 17:32:59;113;38;31;7;7;4;4;4;2;0;1
2019-12-04 17:33:59;113;38;31;7;7;4;4;4;2;0;1
2019-12-04 17:34:59;113;38;31;7;7;4;4;4;2;0;1
2019-12-04 17:35:59;113;38;31;7;7;4;4;4;2;0;1
2019-12-04 17:36:59;113;38;31;7;7;4;4;4;2;0;1
2019-12-04 17:37:59;113;38;31;7;7;4;4;4;2;0;1
2019-12-04 17:38:59;113;38;31;7;7;4;4;4;2;0;1
2019-12-04 17:39:59;113;38;31;7;7;4;4;4;2;0;1
2019-12-04 17:40:59;113;38;31;7;7;4;4;4;2;0;1
2019-12-04 17:41:59;113;38;31;7;7;4;4;4;2;0;1
2019-12-04 17:42:59;113;38;31;7;7;4;4;4;2;0;1
2019-12-04 17:43:59;113;38;31;7;7;4;4;4;2;0;1
2019-12-04 17:44:59;113;38;31;7;7;4;4;4;2;0;1
2019-12-04 17:45:59;113;38;31;7;7;4;4;4;2;0;1
2019-12-04 17:46:59;113;38;31;7;7;4;4;4;2;0;1
2019-12-04 17:47:59;113;38;31;7;7;4;4;4;2;0;1
2019-12-04 17:48:59;113;38;31;7;7;4;4;4;2;0;1
2019-12-04 17:49:59;113;38;31;7;7;4;4;4;2;0;1
2019-12-04 17:50:59;113;38;31;7;7;4;4;4;2;0;1
2019-12-04 17:51:59;113;38;31;7;7;4;4;4;2;0;1
2019-12-04 17:52:59;113;38;31;7;7;4;4;4;2;0;1
2019-12-04 17:53:59;113;38;31;7;7;4;4;4;2;0;1
2019-12-04 17:54:59;113;38;31;7;7;4;4;4;2;0;1
2019-12-04 17:55:59;113;38;31;7;7;4;4;4;2;0;1
2019-12-04 17:56:59;113;38;31;7;7;4;4;4;2;0;1
2019-12-04 17:57:59;113;38;31;7;7;4;4;4;2;0;1
2019-12-04 17:58:59;113;38;31;7;7;4;4;4;2;0;1
2019-12-04 17:59:59;113;38;31;7;7;4;4;4;2;0;1
2019-12-04 18:00:59;113;38;31;7;7;4;4;4;2;0;1
2019-12-04 18:01:59;113;38;31;7;7;4;4;4;2;0;1
2019-12-04 18:02:59;113;38;31;7;7;4;4;4;2;0;1
2019-12-04 18:03:59;113;38;31;7;7;4;4;4;2;0;1
2019-12-04 18:04:59;113;38;31;7;7;4;4;4;2;0;1
2019-12-04 18:05:59;113;38;31;7;7;4;4;4;2;0;1
2019-12-04 18:06:59;113;38;31;7;7;4;4;4;2;0;1
2019-12-04 18:07:59;113;38;31;7;7;4;4;4;2;0;1
2019-12-04 18:08:59;113;38;31;7;7;4;4;4;2;0;1
2019-12-04 18:09:59;113;38;31;7;7;4;4;4;2;0;1
2019-12-04 18:10:59;113;38;31;7;7;4;4;4;2;0;1
2019-12-04 18:11:59;113;38;31;7;7;4;4;4;2;0;1
2019-12-04 18:12:59;113;38;31;7;7;4;4;4;2;0;1
2019-12-04 18:13:59;113;38;31;7;7;4;4;4;2;0;1
2019-12-04 18:14:59;113;38;31;7;7;4;4;4;2;0;1
2019-12-04 18:15:59;113;38;31;7;7;4;4;4;2;0;1
2019-12-04 18:16:59;113;38;31;7;7;4;4;4;2;0;1
2019-12-04 18:17:59;113;38;31;7;7;4;4;4;2;0;1
2019-12-04 18:18:59;113;38;31;7;7;4;4;4;2;0;1
2019-12-04 18:19:59;113;38;31;7;7;4;4;4;2;0;1
2019-12-04 18:20:59;113;38;31;7;7;4;4;4;2;0;1
2019-12-04 18:21:59;113;38;31;7;7;4;4;4;2;0;1
2019-12-04 18:22:59;113;38;31;7;7;4;4;4;2;0;1
2019-12-04 18:23:59;113;38;31;7;7;4;4;4;2;0;1
2019-12-04 18:24:59;113;38;31;7;7;4;4;4;2;0;1
2019-12-04 18:25:59;113;38;31;7;7;4;4;4;2;0;1
2019-12-04 18:26:59;113;38;31;7;7;4;4;4;2;0;1
2019-12-04 18:27:59;113;38;31;7;7;4;4;4;2;0;1
2019-12-04 18:28:59;113;38;31;7;7;4;4;4;2;0;1
2019-12-04 18:29:59;113;38;31;7;7;4;4;4;2;0;1
2019-12-04 18:30:59;113;38;31;7;7;4;4;4;2;0;1
2019-12-04 18:31:59;113;38;31;7;7;4;4;4;2;0;1
2019-12-04 18:32:59;113;38;31;7;7;4;4;4;2;0;1
2019-12-04 18:33:59;113;38;31;7;7;4;4;4;2;0;1
2019-12-04 18:34:59;113;38;31;7;7;4;4;4;2;0;1
2019-12-04 18:35:59;113;38;31;7;7;4;4;4;2;0;1
2019-12-04 18:36:59;113;38;31;7;7;4;4;4;2;0;1
2019-12-04 18:37:59;113;38;31;7;7;4;4;4;2;0;1
2019-12-04 18:38:59;113;38;31;7;7;4;4;4;2;0;1
2019-12-04 18:39:59;113;38;31;7;7;4;4;4;2;0;1
2019-12-04 18:40:59;113;38;31;7;7;4;4;4;2;0;1
2019-12-04 18:41:59;113;38;31;7;7;4;4;4;2;0;1
2019-12-04 18:42:59;113;38;31;7;7;4;4;4;2;0;1
2019-12-04 18:43:59;113;38;31;7;7;4;4;4;2;0;1
2019-12-04 18:44:58;113;38;31;7;7;4;4;4;2;0;1
2019-12-04 18:45:59;113;38;31;7;7;4;4;4;2;0;1
2019-12-04 18:46:59;113;38;31;7;7;4;4;4;2;0;1
2019-12-04 18:47:59;114;39;31;7;7;4;4;4;2;0;1
2019-12-04 18:48:58;114;39;31;7;7;4;4;4;2;0;1
2019-12-04 18:49:59;114;39;31;7;7;4;4;4;2;0;1
2019-12-04 18:50:59;114;39;31;7;7;4;4;4;2;0;1
2019-12-04 18:51:58;114;39;31;7;7;4;4;4;2;0;1
2019-12-04 18:52:59;114;39;31;7;7;4;4;4;2;0;1
2019-12-04 18:53:59;114;39;31;7;7;4;4;4;2;0;1
2019-12-04 18:54:58;114;39;31;7;7;4;4;4;2;0;1
2019-12-04 18:55:59;114;39;31;7;7;4;4;4;2;0;1
2019-12-04 18:56:59;114;39;31;7;7;4;4;4;2;0;1
2019-12-04 18:57:59;115;39;31;8;7;4;4;4;2;0;1
2019-12-04 18:58:58;115;39;31;8;7;4;4;4;2;0;1
2019-12-04 18:59:59;115;39;31;8;7;4;4;4;2;0;1
2019-12-04 19:00:59;115;39;31;8;7;4;4;4;2;0;1
2019-12-04 19:01:59;115;39;31;8;7;4;4;4;2;0;1
2019-12-04 19:02:58;115;39;31;8;7;4;4;4;2;0;1
2019-12-04 19:03:59;115;39;31;8;7;4;4;4;2;0;1
2019-12-04 19:04:59;115;39;31;8;7;4;4;4;2;0;1
2019-12-04 19:05:58;115;39;31;8;7;4;4;4;2;0;1
2019-12-04 19:06:59;117;40;32;8;7;4;4;4;2;0;1
2019-12-04 19:07:59;117;40;32;8;7;4;4;4;2;0;1
2019-12-04 19:08:58;117;40;32;8;7;4;4;4;2;0;1
2019-12-04 19:09:59;117;40;32;8;7;4;4;4;2;0;1
2019-12-04 19:10:59;117;40;32;8;7;4;4;4;2;0;1
2019-12-04 19:11:59;117;40;32;8;7;4;4;4;2;0;1
2019-12-04 19:12:58;117;40;32;8;7;4;4;4;2;0;1
2019-12-04 19:13:59;117;40;32;8;7;4;4;4;2;0;1
2019-12-04 19:14:59;117;40;32;8;7;4;4;4;2;0;1
2019-12-04 19:15:59;117;40;32;8;7;4;4;4;2;0;1
2019-12-04 19:16:58;117;40;32;8;7;4;4;4;2;0;1
2019-12-04 19:17:59;117;40;32;8;7;4;4;4;2;0;1
2019-12-04 19:18:59;117;40;32;8;7;4;4;4;2;0;1
2019-12-04 19:19:59;117;40;32;8;7;4;4;4;2;0;1
2019-12-04 19:20:58;117;40;32;8;7;4;4;4;2;0;1
2019-12-04 19:21:59;117;40;32;8;7;4;4;4;2;0;1
2019-12-04 19:22:58;117;40;32;8;7;4;4;4;2;0;1
2019-12-04 19:23:59;117;40;32;8;7;4;4;4;2;0;1
2019-12-04 19:24:59;117;40;32;8;7;4;4;4;2;0;1
2019-12-04 19:25:59;117;40;32;8;7;4;4;4;2;0;1
2019-12-04 19:26:58;117;40;32;8;7;4;4;4;2;0;1
2019-12-04 19:27:59;117;40;32;8;7;4;4;4;2;0;1
2019-12-04 19:28:59;117;40;32;8;7;4;4;4;2;0;1
2019-12-04 19:29:59;117;40;32;8;7;4;4;4;2;0;1
2019-12-04 19:30:58;117;40;32;8;7;4;4;4;2;0;1
2019-12-04 19:31:59;117;40;32;8;7;4;4;4;2;0;1
2019-12-04 19:32:59;117;40;32;8;7;4;4;4;2;0;1
2019-12-04 19:33:58;118;41;32;8;7;4;4;4;2;0;1
2019-12-04 19:34:59;118;41;32;8;7;4;4;4;2;0;1
2019-12-04 19:35:59;118;41;32;8;7;4;4;4;2;0;1
2019-12-04 19:36:58;118;41;32;8;7;4;4;4;2;0;1
2019-12-04 19:37:59;119;42;32;8;7;4;4;4;2;0;1
2019-12-04 19:38:59;119;42;32;8;7;4;4;4;2;0;1
2019-12-04 19:39:58;119;42;32;8;7;4;4;4;2;0;1
2019-12-04 19:40:59;119;42;32;8;7;4;4;4;2;0;1
2019-12-04 19:41:59;119;42;32;8;7;4;4;4;2;0;1
2019-12-04 19:42:59;119;42;32;8;7;4;4;4;2;0;1
2019-12-04 19:43:58;119;42;32;8;7;4;4;4;2;0;1
2019-12-04 19:44:59;119;42;32;8;7;4;4;4;2;0;1
2019-12-04 19:45:58;121;43;32;8;8;4;4;4;2;0;1
2019-12-04 19:46:59;121;43;32;8;8;4;4;4;2;0;1
2019-12-04 19:47:59;121;43;32;8;8;4;4;4;2;0;1
2019-12-04 19:48:59;121;43;32;8;8;4;4;4;2;0;1
2019-12-04 19:49:58;121;43;32;8;8;4;4;4;2;0;1
2019-12-04 19:50:59;121;43;32;8;8;4;4;4;2;0;1
2019-12-04 19:51:59;121;43;32;8;8;4;4;4;2;0;1
2019-12-04 19:52:58;121;43;32;8;8;4;4;4;2;0;1
2019-12-04 19:53:59;121;43;32;8;8;4;4;4;2;0;1
2019-12-04 19:54:59;121;43;32;8;8;4;4;4;2;0;1
2019-12-04 19:56:00;121;43;32;8;8;4;4;4;2;0;1
2019-12-04 19:56:58;121;43;32;8;8;4;4;4;2;0;1
2019-12-04 19:57:59;122;43;33;8;8;4;4;4;2;0;1
2019-12-04 19:58:59;122;43;33;8;8;4;4;4;2;0;1
2019-12-04 19:59:59;122;43;33;8;8;4;4;4;2;0;1
2019-12-04 20:00:58;122;43;33;8;8;4;4;4;2;0;1
2019-12-04 20:01:59;122;43;33;8;8;4;4;4;2;0;1
2019-12-04 20:02:59;122;43;33;8;8;4;4;4;2;0;1
2019-12-04 20:03:59;122;43;33;8;8;4;4;4;2;0;1
2019-12-04 20:04:58;122;43;33;8;8;4;4;4;2;0;1
2019-12-04 20:05:59;122;43;33;8;8;4;4;4;2;0;1
2019-12-04 20:06:59;122;43;33;8;8;4;4;4;2;0;1
2019-12-04 20:07:58;122;43;33;8;8;4;4;4;2;0;1
2019-12-04 20:08:59;122;43;33;8;8;4;4;4;2;0;1
2019-12-04 20:09:59;122;43;33;8;8;4;4;4;2;0;1
2019-12-04 20:10:58;122;43;33;8;8;4;4;4;2;0;1
2019-12-04 20:11:59;123;44;33;8;8;4;4;4;2;0;1
2019-12-04 20:12:59;123;44;33;8;8;4;4;4;2;0;1
2019-12-04 20:13:58;123;44;33;8;8;4;4;4;2;0;1
2019-12-04 20:14:59;123;44;33;8;8;4;4;4;2;0;1
2019-12-04 20:15:59;124;44;33;8;8;5;4;4;2;0;1
2019-12-04 20:16:58;124;44;33;8;8;5;4;4;2;0;1
2019-12-04 20:17:59;124;44;33;8;8;5;4;4;2;0;1
2019-12-04 20:18:59;124;44;33;8;8;5;4;4;2;0;1
2019-12-04 20:19:59;124;44;33;8;8;5;4;4;2;0;1
2019-12-04 20:20:59;124;44;33;8;8;5;4;4;2;0;1
2019-12-04 20:21:59;125;44;33;8;8;5;4;4;2;1;1
2019-12-04 20:22:59;125;44;33;8;8;5;4;4;2;1;1
2019-12-04 20:23:58;125;44;33;8;8;5;4;4;2;1;1
2019-12-04 20:24:59;126;44;33;8;8;5;4;4;2;2;1
2019-12-04 20:25:59;126;44;33;8;8;5;4;4;2;2;1
2019-12-04 20:27:00;126;44;33;8;8;5;4;4;2;2;1
2019-12-04 20:27:58;126;44;33;8;8;5;4;4;2;2;1
2019-12-04 20:28:59;126;44;33;8;8;5;4;4;2;2;1
2019-12-04 20:29:59;126;44;33;8;8;5;4;4;2;2;1
2019-12-04 20:30:59;126;44;33;8;8;5;4;4;2;2;1
2019-12-04 20:31:58;126;44;33;8;8;5;4;4;2;2;1
2019-12-04 20:32:58;126;44;33;8;8;5;4;4;2;2;1
2019-12-04 20:33:59;126;44;33;8;8;5;4;4;2;2;1
2019-12-04 20:34:59;126;44;33;8;8;5;4;4;2;2;1
2019-12-04 20:35:58;126;44;33;8;8;5;4;4;2;2;1
2019-12-04 20:36:59;126;44;33;8;8;5;4;4;2;2;1
2019-12-04 20:37:59;125;44;33;8;8;4;4;4;2;2;1
2019-12-04 20:38:59;125;44;33;8;8;4;4;4;2;2;1
2019-12-04 20:39:58;125;44;33;8;8;4;4;4;2;2;1
2019-12-04 20:40:59;125;44;33;8;8;4;4;4;2;2;1
2019-12-04 20:41:59;125;44;33;8;8;4;4;4;2;2;1
2019-12-04 20:42:58;125;44;33;8;8;4;4;4;2;2;1
2019-12-04 20:43:59;125;44;33;8;8;4;4;4;2;2;1
2019-12-04 20:44:59;125;44;33;8;8;4;4;4;2;2;1
2019-12-04 20:45:58;125;44;33;8;8;4;4;4;2;2;1
2019-12-04 20:46:59;124;44;32;8;8;4;4;4;2;2;1
2019-12-04 20:47:59;124;44;32;8;8;4;4;4;2;2;1
2019-12-04 20:48:59;124;44;32;8;8;4;4;4;2;2;1
2019-12-04 20:49:58;124;44;32;8;8;4;4;4;2;2;1
2019-12-04 20:50:59;124;44;32;8;8;4;4;4;2;2;1
2019-12-04 20:51:59;124;44;32;8;8;4;4;4;2;2;1
2019-12-04 20:52:59;124;44;32;8;8;4;4;4;2;2;1
2019-12-04 20:53:58;123;44;31;8;8;4;4;4;2;2;1
2019-12-04 20:54:59;123;44;31;8;8;4;4;4;2;2;1
2019-12-04 20:55:58;123;44;31;8;8;4;4;4;2;2;1
2019-12-04 20:56:59;123;44;31;8;8;4;4;4;2;2;1
2019-12-04 20:57:59;123;44;31;8;8;4;4;4;2;2;1
2019-12-04 20:58:59;123;44;31;8;8;4;4;4;2;2;1
2019-12-04 20:59:58;123;44;31;8;8;4;4;4;2;2;1
2019-12-04 21:00:59;123;44;31;8;8;4;4;4;2;2;1
2019-12-04 21:01:59;123;44;31;8;8;4;4;4;2;2;1
2019-12-04 21:02:58;123;44;31;8;8;4;4;4;2;2;1
2019-12-04 21:03:59;123;44;31;8;8;4;4;4;2;2;1
2019-12-04 21:04:59;123;44;31;8;8;4;4;4;2;2;1
2019-12-04 21:05:58;124;44;31;9;8;4;4;4;2;2;1
2019-12-04 21:06:59;124;44;31;9;8;4;4;4;2;2;1
2019-12-04 21:07:59;124;44;31;9;8;4;4;4;2;2;1
2019-12-04 21:08:58;124;44;31;9;8;4;4;4;2;2;1
2019-12-04 21:09:59;124;44;31;9;8;4;4;4;2;2;1
2019-12-04 21:10:59;124;44;31;9;8;4;4;4;2;2;1
2019-12-04 21:12:00;124;44;31;9;8;4;4;4;2;2;1
2019-12-04 21:12:58;124;44;31;9;8;4;4;4;2;2;1
2019-12-04 21:13:59;124;44;31;9;8;4;4;4;2;2;1
2019-12-04 21:14:59;124;44;31;9;8;4;4;4;2;2;1
2019-12-04 21:15:58;124;44;31;9;8;4;4;4;2;2;1
2019-12-04 21:16:59;124;44;31;9;8;4;4;4;2;2;1
2019-12-04 21:17:59;124;44;31;9;8;4;4;4;2;2;1
2019-12-04 21:18:59;124;44;31;9;8;4;4;4;2;2;1
2019-12-04 21:19:58;124;44;31;9;8;4;4;4;2;2;1
2019-12-04 21:20:59;124;44;31;9;8;4;4;4;2;2;1
2019-12-04 21:21:59;124;44;31;9;8;4;4;4;2;2;1
2019-12-04 21:22:59;124;44;31;9;8;4;4;4;2;2;1
2019-12-04 21:23:58;124;44;31;9;8;4;4;4;2;2;1
2019-12-04 21:24:59;124;44;31;9;8;4;4;4;2;2;1
2019-12-04 21:25:59;124;44;31;9;8;4;4;4;2;2;1
2019-12-04 21:26:58;124;44;31;9;8;4;4;4;2;2;1
2019-12-04 21:27:59;124;44;31;9;8;4;4;4;2;2;1
2019-12-04 21:28:59;124;44;31;9;8;4;4;4;2;2;1
2019-12-04 21:29:58;124;44;31;9;8;4;4;4;2;2;1
2019-12-04 21:30:59;124;44;31;9;8;4;4;4;2;2;1
2019-12-04 21:31:59;124;44;31;9;8;4;4;4;2;2;1
2019-12-04 21:32:59;124;44;31;9;8;4;4;4;2;2;1
2019-12-04 21:33:58;124;44;31;9;8;4;4;4;2;2;1
2019-12-04 21:34:59;124;44;31;9;8;4;4;4;2;2;1
2019-12-04 21:35:58;124;44;31;9;8;4;4;4;2;2;1
2019-12-04 21:36:59;125;44;31;10;8;4;4;4;2;2;1
2019-12-04 21:37:59;126;44;31;10;8;4;4;4;2;2;1
2019-12-04 21:38:58;126;44;31;10;8;4;4;4;2;2;1
2019-12-04 21:39:59;126;44;31;10;8;4;4;4;2;2;1
2019-12-04 21:40:59;126;44;31;10;8;4;4;4;2;2;1
2019-12-04 21:41:59;126;44;31;10;8;4;4;4;2;2;1
2019-12-04 21:42:58;126;44;31;10;8;4;4;4;2;2;1
2019-12-04 21:43:59;126;44;31;10;8;4;4;4;2;2;1
2019-12-04 21:44:59;126;44;31;10;8;4;4;4;2;2;1
2019-12-04 21:45:59;126;44;31;10;8;4;4;4;2;2;1
2019-12-04 21:46:58;126;44;31;10;8;4;4;4;2;2;1
2019-12-04 21:47:59;126;44;31;10;8;4;4;4;2;2;1
2019-12-04 21:48:59;126;44;31;10;8;4;4;4;2;2;1
2019-12-04 21:49:59;126;44;31;10;8;4;4;4;2;2;1
2019-12-04 21:50:58;126;44;31;10;8;4;4;4;2;2;1
2019-12-04 21:51:59;126;44;31;10;8;4;4;4;2;2;1
2019-12-04 21:52:59;126;44;31;10;8;4;4;4;2;2;1
2019-12-04 21:53:58;126;44;31;10;8;4;4;4;2;2;1
2019-12-04 21:54:59;126;44;31;10;8;4;4;4;2;2;1
2019-12-04 21:55:59;126;44;31;10;8;4;4;4;2;2;1
2019-12-04 21:56:58;126;45;31;10;8;4;4;4;2;2;1
2019-12-04 21:57:59;126;45;31;10;8;4;4;4;2;2;1
2019-12-04 21:58:59;126;45;31;10;8;4;4;4;2;2;1
2019-12-04 21:59:58;127;45;32;10;8;4;4;4;2;2;1
2019-12-04 22:00:59;127;45;32;10;8;4;4;4;2;2;1
2019-12-04 22:01:59;127;45;32;10;8;4;4;4;2;2;1
2019-12-04 22:02:59;127;45;32;10;8;4;4;4;2;2;1
2019-12-04 22:03:58;127;45;32;10;8;4;4;4;2;2;1
2019-12-04 22:04:59;127;45;32;10;8;4;4;4;2;2;1
2019-12-04 22:05:59;127;45;32;10;8;4;4;4;2;2;1
2019-12-04 22:06:58;127;45;32;10;8;4;4;4;2;2;1
2019-12-04 22:07:59;127;45;32;10;8;4;4;4;2;2;1
2019-12-04 22:08:59;127;45;32;10;8;4;4;4;2;2;1
2019-12-04 22:09:59;127;45;32;10;8;4;4;4;2;2;1
2019-12-04 22:10:58;127;45;32;10;8;4;4;4;2;2;1
2019-12-04 22:11:59;127;45;32;10;8;4;4;4;2;2;1
2019-12-04 22:12:59;127;45;32;10;8;4;4;4;2;2;1
2019-12-04 22:13:59;128;46;32;10;8;4;4;4;2;2;1
2019-12-04 22:14:58;128;46;32;10;8;4;4;4;2;2;1
2019-12-04 22:15:59;128;46;32;10;8;4;4;4;2;2;1
2019-12-04 22:16:59;128;46;32;10;8;4;4;4;2;2;1
2019-12-04 22:17:59;128;46;32;10;8;4;4;4;2;2;1
2019-12-04 22:18:58;128;46;32;10;8;4;4;4;2;2;1
2019-12-04 22:19:59;128;46;32;10;8;4;4;4;2;2;1
2019-12-04 22:20:59;128;46;32;10;8;4;4;4;2;2;1
2019-12-04 22:21:58;128;46;32;10;8;4;4;4;2;2;1
2019-12-04 22:22:59;128;46;32;10;8;4;4;4;2;2;1
2019-12-04 22:23:59;128;46;32;10;8;4;4;4;2;2;1
2019-12-04 22:24:58;128;46;32;10;8;5;4;4;2;2;1
2019-12-04 22:25:59;128;46;32;10;8;5;4;4;2;2;1
2019-12-04 22:26:59;128;46;32;10;8;5;4;4;2;2;1
2019-12-04 22:27:58;128;46;32;10;8;5;4;4;2;2;1
2019-12-04 22:28:59;128;46;32;10;8;5;4;4;2;2;1
2019-12-04 22:29:59;128;46;32;10;8;5;4;4;2;2;1
2019-12-04 22:30:58;129;47;32;10;8;5;4;4;2;2;1
2019-12-04 22:31:59;129;47;32;10;8;5;4;4;2;2;1
2019-12-04 22:32:59;129;47;32;10;8;5;4;4;2;2;1
2019-12-04 22:33:58;129;47;32;10;8;5;4;4;2;2;1
2019-12-04 22:34:59;129;47;32;10;8;5;4;4;2;2;1
2019-12-04 22:35:59;129;47;32;10;8;5;4;4;2;2;1
2019-12-04 22:36:58;130;47;32;11;8;5;4;4;2;2;1
2019-12-04 22:37:59;130;47;32;11;8;5;4;4;2;2;1
2019-12-04 22:38:59;130;47;32;11;8;5;4;4;2;2;1
2019-12-04 22:39:58;130;47;32;11;8;5;4;4;2;2;1
2019-12-04 22:40:59;130;47;32;11;8;5;4;4;2;2;1
2019-12-04 22:41:59;130;47;32;11;8;5;4;4;2;2;1
2019-12-04 22:42:58;131;48;32;11;8;5;4;4;2;2;1
2019-12-04 22:43:59;131;48;32;11;8;5;4;4;2;2;1
2019-12-04 22:44:59;131;48;32;11;8;5;4;4;2;2;1
2019-12-04 22:45:59;131;48;32;11;8;5;4;4;2;2;1
2019-12-04 22:46:58;131;48;32;11;8;5;4;4;2;2;1
2019-12-04 22:47:59;131;48;32;11;8;5;4;4;2;2;1
2019-12-04 22:48:59;131;48;32;11;8;5;4;4;2;2;1
2019-12-04 22:49:58;131;48;32;11;8;5;4;4;2;2;1
2019-12-04 22:50:59;131;48;32;11;8;5;4;4;2;2;1
2019-12-04 22:51:59;131;48;32;11;8;5;4;4;2;2;1
2019-12-04 22:52:58;131;48;32;11;8;5;4;4;2;2;1
2019-12-04 22:53:59;130;48;31;11;8;5;4;4;2;2;1
2019-12-04 22:54:59;130;48;31;11;8;5;4;4;2;2;1
2019-12-04 22:55:59;130;48;31;11;8;5;4;4;2;2;1
2019-12-04 22:56:58;130;48;31;11;8;5;4;4;2;2;1
2019-12-04 22:57:59;130;48;31;11;8;5;4;4;2;2;1
2019-12-04 22:58:59;131;48;31;11;8;5;4;4;3;2;1
2019-12-04 22:59:58;131;48;31;11;8;5;4;4;3;2;1
2019-12-04 23:00:59;131;48;31;11;8;5;4;4;3;2;1
2019-12-04 23:01:59;131;48;31;11;8;5;4;4;3;2;1
2019-12-04 23:02:59;131;48;31;11;8;5;4;4;3;2;1
2019-12-04 23:03:58;131;48;31;11;8;5;4;4;3;2;1
2019-12-04 23:04:59;131;48;31;11;8;5;4;4;3;2;1
2019-12-04 23:05:59;131;48;32;11;7;5;4;4;3;2;1
2019-12-04 23:06:58;132;49;32;11;7;5;4;4;3;2;1
2019-12-04 23:07:59;132;49;32;11;7;5;4;4;3;2;1
2019-12-04 23:08:59;132;49;32;11;7;5;4;4;3;2;1
2019-12-04 23:09:59;132;49;32;11;7;5;4;4;3;2;1
2019-12-04 23:10:58;132;49;32;11;7;5;4;4;3;2;1
2019-12-04 23:11:59;132;49;32;11;7;5;4;4;3;2;1
2019-12-04 23:12:59;132;49;32;11;7;5;4;4;3;2;1
2019-12-04 23:13:59;132;49;32;11;7;5;4;4;3;2;1
2019-12-04 23:14:58;132;49;32;11;7;5;4;4;3;2;1
2019-12-04 23:15:59;132;49;32;11;7;5;4;4;3;2;1
2019-12-04 23:16:59;132;49;32;11;7;5;4;4;3;2;1
2019-12-04 23:17:59;132;49;32;11;7;5;4;4;3;2;1
2019-12-04 23:18:58;132;49;32;11;7;5;4;4;3;2;1
2019-12-04 23:19:59;132;49;32;11;7;5;4;4;3;2;1
2019-12-04 23:20:59;132;49;32;11;7;5;4;4;3;2;1
2019-12-04 23:21:59;132;49;32;11;7;5;4;4;3;2;1
2019-12-04 23:22:58;132;49;32;11;7;5;4;4;3;2;1
2019-12-04 23:23:59;132;49;32;11;7;5;4;4;3;2;1
2019-12-04 23:24:59;132;49;32;11;7;5;4;4;3;2;1
2019-12-04 23:25:59;132;49;32;11;7;5;4;4;3;2;1
2019-12-04 23:26:58;132;49;31;11;7;5;4;4;3;3;1
2019-12-04 23:27:59;132;49;31;11;7;5;4;4;3;3;1
2019-12-04 23:28:59;132;49;31;11;7;5;4;4;3;3;1
2019-12-04 23:29:59;132;49;31;11;7;5;4;4;3;3;1
2019-12-04 23:30:58;132;49;31;11;7;5;4;4;3;3;1
2019-12-04 23:31:59;132;49;31;11;7;5;4;4;3;3;1
2019-12-04 23:32:59;132;49;31;11;7;5;4;4;3;3;1
2019-12-04 23:33:58;133;50;31;11;7;5;4;4;3;3;1
2019-12-04 23:34:59;133;50;31;11;7;5;4;4;3;3;1
2019-12-04 23:35:59;133;50;31;11;7;5;4;4;3;3;1
2019-12-04 23:36:59;133;50;31;11;7;5;4;4;3;3;1
2019-12-04 23:37:58;133;50;31;11;7;5;4;4;3;3;1
2019-12-04 23:38:59;133;50;31;11;7;5;4;4;3;3;1
2019-12-04 23:39:59;133;50;31;11;7;5;4;4;3;3;1
2019-12-04 23:40:59;133;50;31;11;7;5;4;4;3;3;1
2019-12-04 23:41:58;133;50;31;11;7;5;4;4;3;3;1
2019-12-04 23:42:59;133;50;31;11;7;5;4;4;3;3;1
2019-12-04 23:43:59;133;50;31;11;7;5;4;4;3;3;1
2019-12-04 23:44:59;133;50;31;11;7;5;4;4;3;3;1
2019-12-04 23:45:58;133;50;31;11;7;5;4;4;3;3;1
2019-12-04 23:46:59;133;50;31;11;7;5;4;4;3;3;1
2019-12-04 23:47:58;133;50;31;11;7;5;4;4;3;3;1
2019-12-04 23:48:59;133;50;31;11;7;5;4;4;3;3;1
2019-12-04 23:49:59;133;50;31;11;7;5;4;4;3;3;1
2019-12-04 23:50:59;133;50;31;11;7;5;4;4;3;3;1
2019-12-04 23:51:58;133;50;31;11;7;5;4;4;3;3;1
2019-12-04 23:52:59;133;50;31;11;7;5;4;4;3;3;1
2019-12-04 23:53:59;133;50;31;11;7;5;4;4;3;3;1
2019-12-04 23:54:58;133;50;31;11;7;5;4;4;3;3;1
2019-12-04 23:55:59;133;50;31;11;7;5;4;4;3;3;1
2019-12-04 23:56:59;132;50;30;11;7;5;4;4;3;3;1
2019-12-04 23:57:59;132;50;30;11;7;5;4;4;3;3;1
2019-12-04 23:58:58;132;50;30;11;7;5;4;4;3;3;1
2019-12-04 23:59:59;131;50;29;11;7;5;4;4;3;3;1
