datetime;total_votes;Private_Ryan;Shambala;voklo;praktik;SoulMaker;gelatelno;not;zgushonka;xiro;m0rf
2019-10-23 00:00:59;2;0;0;2;0;0;0;0;0;0;0
2019-10-23 00:01:58;2;0;0;2;0;0;0;0;0;0;0
2019-10-23 00:02:59;2;0;0;2;0;0;0;0;0;0;0
2019-10-23 00:03:58;2;0;0;2;0;0;0;0;0;0;0
2019-10-23 00:04:59;3;0;0;2;0;0;0;0;0;0;1
2019-10-23 00:05:59;3;0;0;2;0;0;0;0;0;0;1
2019-10-23 00:06:59;5;0;0;2;1;0;0;0;0;0;1
2019-10-23 00:07:58;5;0;0;2;1;0;0;0;0;0;1
2019-10-23 00:08:59;6;0;0;2;2;0;0;0;0;0;1
2019-10-23 00:09:59;6;0;0;2;2;0;0;0;0;0;1
2019-10-23 00:10:58;7;0;0;2;2;0;0;0;0;0;1
2019-10-23 00:11:59;7;0;0;2;2;0;0;0;0;0;1
2019-10-23 00:12:59;8;0;0;3;2;0;0;0;0;0;1
2019-10-23 00:13:58;8;0;0;3;2;0;0;0;0;0;1
2019-10-23 00:14:59;9;0;0;3;2;0;1;0;0;0;1
2019-10-23 00:15:59;10;0;0;4;2;0;1;0;0;0;1
2019-10-23 00:16:59;11;0;0;5;2;0;1;0;0;0;1
2019-10-23 00:17:58;12;0;0;6;2;0;1;0;0;0;1
2019-10-23 00:18:59;12;0;0;6;2;0;1;0;0;0;1
2019-10-23 00:19:59;12;0;0;6;2;0;1;0;0;0;1
2019-10-23 00:20:58;12;0;0;6;2;0;1;0;0;0;1
2019-10-23 00:21:59;12;0;0;6;2;0;1;0;0;0;1
2019-10-23 00:22:59;12;0;0;6;2;0;1;0;0;0;1
2019-10-23 00:23:59;13;0;0;6;2;0;1;0;0;0;1
2019-10-23 00:24:58;14;0;0;7;2;0;1;0;0;0;1
2019-10-23 00:25:59;14;0;0;7;2;0;1;0;0;0;1
2019-10-23 00:26:59;14;0;0;7;2;0;1;0;0;0;1
2019-10-23 00:28:00;14;0;0;7;2;0;1;0;0;0;1
2019-10-23 00:28:58;14;0;0;7;2;0;1;0;0;0;1
2019-10-23 00:29:59;14;0;0;7;2;0;1;0;0;0;1
2019-10-23 00:30:59;14;0;0;7;2;0;1;0;0;0;1
2019-10-23 00:31:58;14;0;0;7;2;0;1;0;0;0;1
2019-10-23 00:32:58;15;0;0;7;2;1;1;0;0;0;1
2019-10-23 00:33:59;15;0;0;7;2;1;1;0;0;0;1
2019-10-23 00:34:59;15;0;0;7;2;1;1;0;0;0;1
2019-10-23 00:35:59;15;0;0;7;2;1;1;0;0;0;1
2019-10-23 00:36:58;15;0;0;7;2;1;1;0;0;0;1
2019-10-23 00:37:59;16;0;0;7;2;1;1;0;0;0;1
2019-10-23 00:38:59;16;0;0;7;2;1;1;0;0;0;1
2019-10-23 00:39:59;17;0;0;7;3;1;1;0;0;0;1
2019-10-23 00:40:58;19;0;1;7;3;1;1;0;1;0;1
2019-10-23 00:41:59;19;0;1;7;3;1;1;0;1;0;1
2019-10-23 00:42:59;19;0;1;7;3;1;1;0;1;0;1
2019-10-23 00:43:58;19;0;1;7;3;1;1;0;1;0;1
2019-10-23 00:44:59;19;0;1;7;3;1;1;0;1;0;1
2019-10-23 00:45:59;19;0;1;7;3;1;1;0;1;0;1
2019-10-23 00:46:58;19;0;1;7;3;1;1;0;1;0;1
2019-10-23 00:47:59;20;0;1;7;3;1;2;0;1;0;1
2019-10-23 00:48:59;20;0;1;7;3;1;2;0;1;0;1
2019-10-23 00:49:59;20;0;1;7;3;1;2;0;1;0;1
2019-10-23 00:50:58;20;0;1;7;3;1;2;0;1;0;1
2019-10-23 00:51:59;20;0;1;7;3;1;2;0;1;0;1
2019-10-23 00:52:59;20;0;1;7;3;1;2;0;1;0;1
2019-10-23 00:53:58;20;0;1;7;3;1;2;0;1;0;1
2019-10-23 00:54:59;20;0;1;7;3;1;2;0;1;0;1
2019-10-23 00:55:59;20;0;1;7;3;1;2;0;1;0;1
2019-10-23 00:56:59;20;0;1;7;3;1;2;0;1;0;1
2019-10-23 00:57:58;20;0;1;7;3;1;2;0;1;0;1
2019-10-23 00:58:59;20;0;1;7;3;1;2;0;1;0;1
2019-10-23 00:59:59;20;0;1;7;3;1;2;0;1;0;1
2019-10-23 01:00:59;20;0;1;7;3;1;2;0;1;0;1
2019-10-23 01:01:58;20;0;1;7;3;1;2;0;1;0;1
2019-10-23 01:02:59;20;0;1;7;3;1;2;0;1;0;1
2019-10-23 01:03:58;21;0;1;8;3;1;2;0;1;0;1
2019-10-23 01:04:59;21;0;1;8;3;1;2;0;1;0;1
2019-10-23 01:05:59;21;0;1;8;3;1;2;0;1;0;1
2019-10-23 01:06:58;21;0;1;8;3;1;2;0;1;0;1
2019-10-23 01:07:59;21;0;1;8;3;1;2;0;1;0;1
2019-10-23 01:08:59;23;0;1;9;3;1;2;0;1;1;1
2019-10-23 01:09:58;23;0;1;9;3;1;2;0;1;1;1
2019-10-23 01:10:59;23;0;1;9;3;1;2;0;1;1;1
2019-10-23 01:11:59;23;0;1;9;3;1;2;0;1;1;1
2019-10-23 01:12:59;23;0;1;9;3;1;2;0;1;1;1
2019-10-23 01:13:58;23;0;1;9;3;1;2;0;1;1;1
2019-10-23 01:14:59;23;0;1;9;3;1;2;0;1;1;1
2019-10-23 01:15:59;23;0;1;9;3;1;2;0;1;1;1
2019-10-23 01:16:58;23;0;1;9;3;1;2;0;1;1;1
2019-10-23 01:17:59;23;0;1;9;3;1;2;0;1;1;1
2019-10-23 01:18:59;23;0;1;9;3;1;2;0;1;1;1
2019-10-23 01:19:58;23;0;1;9;3;1;2;0;1;1;1
2019-10-23 01:20:59;23;0;1;9;3;1;2;0;1;1;1
2019-10-23 01:21:59;23;0;1;9;3;1;2;0;1;1;1
2019-10-23 01:22:59;23;0;1;9;3;1;2;0;1;1;1
2019-10-23 01:23:58;23;0;1;9;3;1;2;0;1;1;1
2019-10-23 01:24:59;25;0;1;9;6;1;2;0;1;1;1
2019-10-23 01:25:59;25;0;1;9;6;1;2;0;1;1;1
2019-10-23 01:26:58;26;0;1;10;6;1;2;0;1;1;1
2019-10-23 01:27:59;26;0;1;10;6;1;2;0;1;1;1
2019-10-23 01:28:59;26;0;1;10;6;1;2;0;1;1;1
2019-10-23 01:29:58;27;0;1;10;6;2;2;0;1;1;1
2019-10-23 01:30:59;27;0;1;10;6;1;3;0;1;1;1
2019-10-23 01:31:59;28;0;1;10;6;2;3;0;1;1;1
2019-10-23 01:32:59;28;0;1;10;6;2;3;0;1;1;1
2019-10-23 01:33:58;28;0;1;10;6;2;3;0;1;1;1
2019-10-23 01:34:59;28;0;1;10;6;2;3;0;1;1;1
2019-10-23 01:35:59;28;0;1;10;6;2;3;0;1;1;1
2019-10-23 01:36:58;28;0;1;10;6;2;3;0;1;1;1
2019-10-23 01:37:59;28;0;1;10;6;2;3;0;1;1;1
2019-10-23 01:38:59;28;0;1;10;6;2;3;0;1;1;1
2019-10-23 01:39:58;28;0;1;10;6;2;3;0;1;1;1
2019-10-23 01:40:59;28;0;1;10;6;2;3;0;1;1;1
2019-10-23 01:41:59;28;0;1;10;6;2;3;0;1;1;1
2019-10-23 01:42:58;28;0;1;10;6;2;3;0;1;1;1
2019-10-23 01:43:59;28;0;1;10;6;2;3;0;1;1;1
2019-10-23 01:44:59;28;0;1;10;6;2;3;0;1;1;1
2019-10-23 01:45:58;28;0;1;10;6;2;3;0;1;1;1
2019-10-23 01:46:59;28;0;1;10;6;2;3;0;1;1;1
2019-10-23 01:47:59;28;0;1;10;6;2;3;0;1;1;1
2019-10-23 01:48:58;28;0;1;10;6;2;3;0;1;1;1
2019-10-23 01:49:59;28;0;1;10;6;2;3;0;1;1;1
2019-10-23 01:50:59;28;0;1;10;6;2;3;0;1;1;1
2019-10-23 01:51:59;28;0;1;10;6;2;3;0;1;1;1
2019-10-23 01:52:58;28;0;1;10;6;2;3;0;1;1;1
2019-10-23 01:53:59;28;0;1;10;6;2;3;0;1;1;1
2019-10-23 01:54:59;28;0;1;10;6;2;3;0;1;1;1
2019-10-23 01:55:59;28;0;1;10;6;2;3;0;1;1;1
2019-10-23 01:56:58;28;0;1;10;6;2;3;0;1;1;1
2019-10-23 01:57:59;28;0;1;10;6;2;3;0;1;1;1
2019-10-23 01:58:59;28;0;1;10;6;2;3;0;1;1;1
2019-10-23 01:59:59;28;0;1;10;6;2;3;0;1;1;1
2019-10-23 02:00:58;28;0;1;10;6;2;3;0;1;1;1
2019-10-23 02:01:59;28;0;1;10;6;2;3;0;1;1;1
2019-10-23 02:02:59;28;0;1;10;6;2;3;0;1;1;1
2019-10-23 02:03:58;28;0;1;10;6;2;3;0;1;1;1
2019-10-23 02:04:59;28;0;1;10;6;2;3;0;1;1;1
2019-10-23 02:05:59;28;0;2;10;6;2;3;0;1;1;1
2019-10-23 02:06:58;28;0;2;10;6;2;3;0;1;1;1
2019-10-23 02:07:59;28;0;2;10;6;2;3;0;1;1;1
2019-10-23 02:08:59;28;0;2;10;6;2;3;0;1;1;1
2019-10-23 02:09:58;28;0;2;10;6;2;3;0;1;1;1
2019-10-23 02:10:59;28;0;2;10;6;2;3;0;1;1;1
2019-10-23 02:11:59;28;0;2;10;6;2;3;0;1;1;1
2019-10-23 02:12:59;28;0;2;10;6;2;3;0;1;1;1
2019-10-23 02:13:58;28;0;2;10;6;2;3;0;1;1;1
2019-10-23 02:14:59;28;0;2;10;6;2;3;0;1;1;1
2019-10-23 02:15:59;28;0;2;10;6;2;3;0;1;1;1
2019-10-23 02:16:58;28;0;2;10;6;2;3;0;1;1;1
2019-10-23 02:17:59;28;0;2;10;6;2;3;0;1;1;1
2019-10-23 02:18:59;28;0;2;10;6;2;3;0;1;1;1
2019-10-23 02:19:59;28;0;2;10;6;2;3;0;1;1;1
2019-10-23 02:20:58;28;0;2;10;6;2;3;0;1;1;1
2019-10-23 02:21:59;29;0;2;10;6;2;3;0;1;1;0
2019-10-23 02:22:59;29;0;2;10;6;2;3;0;1;1;0
2019-10-23 02:23:58;29;0;2;10;6;2;3;0;1;1;0
2019-10-23 02:24:59;29;0;2;10;6;2;3;0;1;1;0
2019-10-23 02:25:59;29;0;2;10;6;2;3;0;1;1;0
2019-10-23 02:26:59;29;0;2;10;6;2;3;0;1;1;0
2019-10-23 02:27:58;29;0;2;10;6;2;3;0;1;1;0
2019-10-23 02:28:59;29;0;2;10;6;2;3;0;1;1;0
2019-10-23 02:29:58;29;0;2;10;6;2;3;0;1;1;0
2019-10-23 02:30:59;29;0;2;10;6;2;3;0;1;1;0
2019-10-23 02:31:59;30;0;2;11;6;2;3;0;1;1;0
2019-10-23 02:32:59;30;0;2;11;6;2;3;0;1;1;0
2019-10-23 02:33:58;30;0;2;11;6;2;3;0;1;1;0
2019-10-23 02:34:59;30;0;2;11;6;2;3;0;1;1;0
2019-10-23 02:35:59;30;0;2;11;6;2;3;0;1;1;0
2019-10-23 02:36:58;30;0;2;11;6;2;3;0;1;1;0
2019-10-23 02:37:59;30;0;2;11;6;2;3;0;1;1;0
2019-10-23 02:38:59;30;0;2;11;6;2;3;0;1;1;0
2019-10-23 02:39:59;30;0;2;11;6;2;3;0;1;1;0
2019-10-23 02:40:58;30;0;2;11;6;2;3;0;1;1;0
2019-10-23 02:41:59;30;0;2;11;6;2;3;0;1;1;0
2019-10-23 02:42:59;31;0;2;11;6;2;3;0;1;1;1
2019-10-23 02:44:00;31;0;2;11;6;2;3;0;1;1;1
2019-10-23 02:44:58;31;0;2;11;6;2;3;0;1;1;1
2019-10-23 02:45:59;31;0;2;11;6;2;3;0;1;1;1
2019-10-23 02:46:59;31;0;2;11;6;2;3;0;1;1;1
2019-10-23 02:47:58;31;0;2;11;6;2;3;0;1;1;1
2019-10-23 02:48:59;31;0;2;11;6;2;3;0;1;1;1
2019-10-23 02:49:59;31;0;2;11;6;2;3;0;1;1;1
2019-10-23 02:50:58;31;0;2;11;6;2;3;0;1;1;1
2019-10-23 02:51:59;31;0;2;11;6;2;3;0;1;1;1
2019-10-23 02:52:59;31;0;2;11;6;2;3;0;1;1;1
2019-10-23 02:53:59;31;0;2;11;6;2;3;0;1;1;1
2019-10-23 02:54:58;31;0;2;11;6;2;3;0;1;1;1
2019-10-23 02:55:59;31;0;2;11;6;2;3;0;1;1;1
2019-10-23 02:56:59;31;0;2;11;6;2;3;0;1;1;1
2019-10-23 02:57:58;31;0;2;11;6;2;3;0;1;1;1
2019-10-23 02:58:59;31;0;2;11;6;2;3;0;1;1;1
2019-10-23 02:59:59;31;0;2;11;6;2;3;0;1;1;1
2019-10-23 03:00:58;31;0;2;11;6;2;3;0;1;1;1
2019-10-23 03:01:59;31;0;2;11;6;2;3;0;1;1;1
2019-10-23 03:02:59;31;0;2;11;6;2;3;0;1;1;1
2019-10-23 03:03:59;31;0;2;11;6;2;3;0;1;1;1
2019-10-23 03:04:58;31;0;2;11;6;2;3;0;1;1;1
2019-10-23 03:05:59;31;0;2;11;6;2;3;0;1;1;1
2019-10-23 03:06:59;31;0;2;11;6;2;3;0;1;1;1
2019-10-23 03:07:58;31;0;2;11;6;2;3;0;1;1;1
2019-10-23 03:08:59;31;0;2;11;6;2;3;0;1;1;1
2019-10-23 03:09:59;31;0;2;11;6;2;3;0;1;1;1
2019-10-23 03:10:58;31;0;2;11;6;2;3;0;1;1;1
2019-10-23 03:11:59;31;0;2;11;6;2;3;0;1;1;1
2019-10-23 03:12:59;31;0;2;11;6;2;3;0;1;1;1
2019-10-23 03:13:59;31;0;2;11;6;2;3;0;1;1;1
2019-10-23 03:14:58;31;0;2;11;6;2;3;0;1;1;1
2019-10-23 03:15:59;31;0;2;11;6;2;3;0;1;1;1
2019-10-23 03:16:59;31;0;2;11;6;2;3;0;1;1;1
2019-10-23 03:17:58;31;0;2;11;6;2;3;0;1;1;1
2019-10-23 03:18:59;31;0;2;11;6;2;3;0;1;1;1
2019-10-23 03:19:59;31;0;2;11;6;2;3;0;1;1;1
2019-10-23 03:20:59;31;0;2;11;6;2;3;0;1;1;1
2019-10-23 03:21:58;31;0;2;11;6;2;3;0;1;1;1
2019-10-23 03:22:59;31;0;2;11;6;2;3;0;1;1;1
2019-10-23 03:23:59;31;0;2;11;6;2;3;0;1;1;1
2019-10-23 03:24:58;31;0;2;11;6;2;3;0;1;1;1
2019-10-23 03:25:59;31;0;2;11;6;2;3;0;1;1;1
2019-10-23 03:26:59;31;0;2;11;6;2;3;0;1;1;1
2019-10-23 03:27:59;31;0;2;11;6;2;3;0;1;1;1
2019-10-23 03:28:58;31;0;2;11;6;2;3;0;1;1;1
2019-10-23 03:29:59;31;0;2;11;6;2;3;0;1;1;1
2019-10-23 03:30:59;31;0;2;11;6;2;3;0;1;1;1
2019-10-23 03:31:58;31;0;2;11;6;2;3;0;1;1;1
2019-10-23 03:32:59;31;0;2;11;6;2;3;0;1;1;1
2019-10-23 03:33:59;31;0;2;11;6;2;3;0;1;1;1
2019-10-23 03:34:58;31;0;2;11;6;2;3;0;1;1;1
2019-10-23 03:35:59;32;0;2;12;6;2;3;0;1;1;1
2019-10-23 03:36:59;32;0;2;12;6;2;3;0;1;1;1
2019-10-23 03:37:59;32;0;2;12;6;2;3;0;1;1;1
2019-10-23 03:38:58;32;0;2;12;6;2;3;0;1;1;1
2019-10-23 03:39:59;32;0;2;12;6;2;3;0;1;1;1
2019-10-23 03:40:59;32;0;2;12;6;2;3;0;1;1;1
2019-10-23 03:41:59;32;0;2;12;6;2;3;0;1;1;1
2019-10-23 03:42:58;32;0;2;12;6;2;3;0;1;1;1
2019-10-23 03:43:59;32;0;2;12;6;2;3;0;1;1;1
2019-10-23 03:44:59;32;0;2;12;6;2;3;0;1;1;1
2019-10-23 03:45:58;32;0;2;12;6;2;3;0;1;1;1
2019-10-23 03:46:59;32;0;2;12;6;2;3;0;1;1;1
2019-10-23 03:47:59;32;0;2;12;6;2;3;0;1;1;1
2019-10-23 03:48:58;32;0;2;12;6;2;3;0;1;1;1
2019-10-23 03:49:59;32;0;2;12;6;2;3;0;1;1;1
2019-10-23 03:50:59;32;0;2;12;6;2;3;0;1;1;1
2019-10-23 03:51:59;32;0;2;12;6;2;3;0;1;1;1
2019-10-23 03:52:58;32;0;2;12;6;2;3;0;1;1;1
2019-10-23 03:53:59;32;0;2;12;6;2;3;0;1;1;1
2019-10-23 03:54:59;32;0;2;12;6;2;3;0;1;1;1
2019-10-23 03:55:58;32;0;2;12;6;2;3;0;1;1;1
2019-10-23 03:56:59;32;0;2;12;6;2;3;0;1;1;1
2019-10-23 03:57:59;32;0;2;12;6;2;3;0;1;1;1
2019-10-23 03:58:58;32;0;2;12;6;2;3;0;1;1;1
2019-10-23 03:59:59;32;0;2;12;6;2;3;0;1;1;1
2019-10-23 04:00:59;32;0;2;12;6;2;3;0;1;1;1
2019-10-23 04:01:58;32;0;2;12;6;2;3;0;1;1;1
2019-10-23 04:02:59;32;0;2;12;6;2;3;0;1;1;1
2019-10-23 04:03:59;32;0;2;12;6;2;3;0;1;1;1
2019-10-23 04:04:59;32;0;2;12;6;2;3;0;1;1;1
2019-10-23 04:05:59;32;0;2;12;6;2;3;0;1;1;1
2019-10-23 04:06:58;32;0;2;12;6;2;3;0;1;1;1
2019-10-23 04:07:59;32;0;2;12;6;2;3;0;1;1;1
2019-10-23 04:08:59;32;0;2;12;6;2;3;0;1;1;1
2019-10-23 04:09:58;32;0;2;12;6;2;3;0;1;1;1
2019-10-23 04:10:59;32;0;2;12;6;2;3;0;1;1;1
2019-10-23 04:11:59;32;0;2;12;6;2;3;0;1;1;1
2019-10-23 04:12:58;32;0;2;12;6;2;3;0;1;1;1
2019-10-23 04:13:59;32;0;2;12;6;2;3;0;1;1;1
2019-10-23 04:14:59;32;0;2;12;6;2;3;0;1;1;1
2019-10-23 04:15:59;32;0;2;12;6;2;3;0;1;1;1
2019-10-23 04:16:58;32;0;2;12;6;2;3;0;1;1;1
2019-10-23 04:17:59;32;0;2;12;6;2;3;0;1;1;1
2019-10-23 04:18:58;32;0;2;12;6;2;3;0;1;1;1
2019-10-23 04:19:59;32;0;2;12;6;2;3;0;1;1;1
2019-10-23 04:20:59;32;0;2;12;6;2;3;0;1;1;1
2019-10-23 04:21:58;32;0;2;12;6;2;3;0;1;1;1
2019-10-23 04:22:59;32;0;2;12;6;2;3;0;1;1;1
2019-10-23 04:23:59;32;0;2;12;6;2;3;0;1;1;1
2019-10-23 04:24:58;32;0;2;12;6;2;3;0;1;1;1
2019-10-23 04:25:59;32;0;2;12;6;2;3;0;1;1;1
2019-10-23 04:26:59;32;0;2;12;6;2;3;0;1;1;1
2019-10-23 04:27:58;32;0;2;12;6;2;3;0;1;1;1
2019-10-23 04:28:59;32;0;2;12;6;2;3;0;1;1;1
2019-10-23 04:29:59;32;0;2;12;6;2;3;0;1;1;1
2019-10-23 04:30:59;32;0;2;12;6;2;3;0;1;1;1
2019-10-23 04:32:00;32;0;2;12;6;2;3;0;1;1;1
2019-10-23 04:32:58;32;0;2;12;6;2;3;0;1;1;1
2019-10-23 04:33:59;32;0;2;12;6;2;3;0;1;1;1
2019-10-23 04:34:58;32;0;2;12;6;2;3;0;1;1;1
2019-10-23 04:35:59;32;0;2;12;6;2;3;0;1;1;1
2019-10-23 04:36:59;32;0;2;12;6;2;3;0;1;1;1
2019-10-23 04:37:58;32;0;2;12;6;2;3;0;1;1;1
2019-10-23 04:38:59;32;0;2;12;6;2;3;0;1;1;1
2019-10-23 04:39:59;32;0;2;12;6;2;3;0;1;1;1
2019-10-23 04:40:59;32;0;2;12;6;2;3;0;1;1;1
2019-10-23 04:41:58;32;0;2;12;6;2;3;0;1;1;1
2019-10-23 04:42:59;32;0;2;12;6;2;3;0;1;1;1
2019-10-23 04:43:58;32;0;2;12;6;2;3;0;1;1;1
2019-10-23 04:44:59;32;0;2;12;6;2;3;0;1;1;1
2019-10-23 04:45:59;32;0;2;12;6;2;3;0;1;1;1
2019-10-23 04:46:59;32;0;2;12;6;2;3;0;1;1;1
2019-10-23 04:47:58;32;0;2;12;6;2;3;0;1;1;1
2019-10-23 04:48:59;32;0;2;12;6;2;3;0;1;1;1
2019-10-23 04:49:59;32;0;2;12;6;2;3;0;1;1;1
2019-10-23 04:50:59;32;0;2;12;6;2;3;0;1;1;1
2019-10-23 04:51:58;32;0;2;12;6;2;3;0;1;1;1
2019-10-23 04:52:59;32;0;2;12;6;2;3;0;1;1;1
2019-10-23 04:53:59;32;0;2;12;6;2;3;0;1;1;1
2019-10-23 04:54:58;32;0;2;12;6;2;3;0;1;1;1
2019-10-23 04:55:59;32;0;2;12;6;2;3;0;1;1;1
2019-10-23 04:56:59;32;0;2;12;6;2;3;0;1;1;1
2019-10-23 04:57:58;32;0;2;12;6;2;3;0;1;1;1
2019-10-23 04:58:59;32;0;2;12;6;2;3;0;1;1;1
2019-10-23 04:59:59;32;0;2;12;6;2;3;0;1;1;1
2019-10-23 05:00:58;32;0;2;12;6;2;3;0;1;1;1
2019-10-23 05:01:59;32;0;2;12;6;2;3;0;1;1;1
2019-10-23 05:02:59;33;0;2;12;6;2;4;0;1;1;1
2019-10-23 05:03:58;33;0;2;12;6;2;4;0;1;1;1
2019-10-23 05:04:59;33;0;2;12;6;2;4;0;1;1;1
2019-10-23 05:05:59;33;0;2;12;6;2;4;0;1;1;1
2019-10-23 05:06:59;33;0;2;12;6;2;4;0;1;1;1
2019-10-23 05:07:58;33;0;2;12;6;2;4;0;1;1;1
2019-10-23 05:08:59;33;0;2;12;6;2;4;0;1;1;1
2019-10-23 05:09:59;33;0;2;12;6;2;4;0;1;1;1
2019-10-23 05:10:58;33;0;2;12;6;2;4;0;1;1;1
2019-10-23 05:11:59;33;0;2;12;6;2;4;0;1;1;1
2019-10-23 05:12:59;33;0;2;12;6;2;4;0;1;1;1
2019-10-23 05:13:59;33;0;2;12;6;2;4;0;1;1;1
2019-10-23 05:14:58;33;0;2;12;6;2;4;0;1;1;1
2019-10-23 05:15:59;33;0;2;12;6;2;4;0;1;1;1
2019-10-23 05:16:59;33;0;2;12;6;2;4;0;1;1;1
2019-10-23 05:17:58;33;0;2;12;6;2;4;0;1;1;1
2019-10-23 05:18:59;33;0;2;12;6;2;4;0;1;1;1
2019-10-23 05:19:59;33;0;2;12;6;2;4;0;1;1;1
2019-10-23 05:20:58;33;0;2;12;6;2;4;0;1;1;1
2019-10-23 05:21:59;33;0;2;12;6;2;4;0;1;1;1
2019-10-23 05:22:59;33;0;2;12;6;2;4;0;1;1;1
2019-10-23 05:23:58;33;0;2;12;6;2;4;0;1;1;1
2019-10-23 05:24:59;33;0;2;12;6;2;4;0;1;1;1
2019-10-23 05:25:59;33;0;2;12;6;2;4;0;1;1;1
2019-10-23 05:26:59;33;0;2;12;6;2;4;0;1;1;1
2019-10-23 05:27:58;33;0;2;12;6;2;4;0;1;1;1
2019-10-23 05:28:59;33;0;2;12;6;2;4;0;1;1;1
2019-10-23 05:29:59;33;0;2;12;6;2;4;0;1;1;1
2019-10-23 05:30:58;33;0;2;12;6;2;4;0;1;1;1
2019-10-23 05:31:59;33;0;2;12;6;2;4;0;1;1;1
2019-10-23 05:32:59;33;0;2;12;6;2;4;0;1;1;1
2019-10-23 05:33:58;33;0;2;12;6;2;4;0;1;1;1
2019-10-23 05:34:59;33;0;2;12;6;2;4;0;1;1;1
2019-10-23 05:35:59;33;0;2;12;6;2;4;0;1;1;1
2019-10-23 05:36:59;33;0;2;12;6;2;4;0;1;1;1
2019-10-23 05:37:58;33;0;2;12;6;2;4;0;1;1;1
2019-10-23 05:38:59;33;0;2;12;6;2;4;0;1;1;1
2019-10-23 05:39:59;33;0;2;12;6;2;4;0;1;1;1
2019-10-23 05:40:58;33;0;2;12;6;2;4;0;1;1;1
2019-10-23 05:41:59;33;0;2;12;6;2;4;0;1;1;1
2019-10-23 05:42:59;33;0;2;12;6;2;4;0;1;1;1
2019-10-23 05:43:59;33;0;2;12;6;2;4;0;1;1;1
2019-10-23 05:44:58;33;0;2;12;6;2;4;0;1;1;1
2019-10-23 05:45:59;33;0;2;12;6;2;4;0;1;1;1
2019-10-23 05:46:59;33;0;2;12;6;2;4;0;1;1;1
2019-10-23 05:47:58;33;0;2;12;6;2;4;0;1;1;1
2019-10-23 05:48:59;33;0;2;12;6;2;4;0;1;1;1
2019-10-23 05:49:59;33;0;2;12;6;2;4;0;1;1;1
2019-10-23 05:50:58;33;0;2;12;6;2;4;0;1;1;1
2019-10-23 05:51:59;33;0;2;12;6;2;4;0;1;1;1
2019-10-23 05:52:59;33;0;2;12;6;2;4;0;1;1;1
2019-10-23 05:53:58;33;0;2;12;6;2;4;0;1;1;1
2019-10-23 05:54:59;33;0;2;12;6;2;4;0;1;1;1
2019-10-23 05:55:59;33;0;2;12;6;2;4;0;1;1;1
2019-10-23 05:56:59;33;0;2;12;6;2;4;0;1;1;1
2019-10-23 05:57:58;33;0;2;12;6;2;4;0;1;1;1
2019-10-23 05:58:59;34;0;3;12;6;2;4;0;1;1;1
2019-10-23 05:59:59;34;0;3;12;6;2;4;0;1;1;1
2019-10-23 06:00:58;34;0;3;12;6;2;4;0;1;1;1
2019-10-23 06:01:59;34;0;3;12;6;2;4;0;1;1;1
2019-10-23 06:02:59;34;0;3;12;6;2;4;0;1;1;1
2019-10-23 06:03:59;34;0;3;12;6;2;4;0;1;1;1
2019-10-23 06:04:58;34;0;3;12;6;2;4;0;1;1;1
2019-10-23 06:05:59;34;0;3;12;6;2;4;0;1;1;1
2019-10-23 06:06:59;34;0;3;12;6;2;4;0;1;1;1
2019-10-23 06:07:58;34;0;3;12;6;2;4;0;1;1;1
2019-10-23 06:08:59;34;0;3;12;6;2;4;0;1;1;1
2019-10-23 06:09:59;34;0;3;12;6;2;4;0;1;1;1
2019-10-23 06:10:59;34;0;3;12;6;2;4;0;1;1;1
2019-10-23 06:11:58;34;0;3;12;6;2;4;0;1;1;1
2019-10-23 06:12:59;34;0;3;12;6;2;4;0;1;1;1
2019-10-23 06:13:59;34;0;3;12;6;2;4;0;1;1;1
2019-10-23 06:14:58;34;0;3;12;6;2;4;0;1;1;1
2019-10-23 06:15:59;34;0;3;12;6;2;4;0;1;1;1
2019-10-23 06:16:59;34;0;3;12;6;2;4;0;1;1;1
2019-10-23 06:17:58;34;0;3;12;6;2;4;0;1;1;1
2019-10-23 06:18:59;34;0;3;12;6;2;4;0;1;1;1
2019-10-23 06:19:59;34;0;3;12;6;2;4;0;1;1;1
2019-10-23 06:20:58;34;0;3;12;6;2;4;0;1;1;1
2019-10-23 06:21:59;34;0;3;12;6;2;4;0;1;1;1
2019-10-23 06:22:59;35;0;3;12;7;2;4;0;1;1;1
2019-10-23 06:23:59;35;0;3;12;7;2;4;0;1;1;1
2019-10-23 06:24:58;35;0;3;12;7;2;4;0;1;1;1
2019-10-23 06:25:59;35;0;3;12;7;2;4;0;1;1;1
2019-10-23 06:26:58;35;0;3;12;7;2;4;0;1;1;1
2019-10-23 06:27:59;35;0;3;12;7;2;4;0;1;1;1
2019-10-23 06:28:59;35;0;3;12;7;2;4;0;1;1;1
2019-10-23 06:29:59;35;0;3;12;7;2;4;0;1;1;1
2019-10-23 06:30:58;35;0;3;12;7;2;4;0;1;1;1
2019-10-23 06:31:59;35;0;3;12;7;2;4;0;1;1;1
2019-10-23 06:32:59;35;0;3;12;7;2;4;0;1;1;1
2019-10-23 06:33:58;36;0;3;12;6;3;5;0;1;1;1
2019-10-23 06:34:59;36;0;3;12;6;3;5;0;1;1;1
2019-10-23 06:35:59;36;0;3;12;6;3;5;0;1;1;1
2019-10-23 06:36:58;36;0;3;12;6;3;5;0;1;1;1
2019-10-23 06:37:59;36;0;3;12;6;3;5;0;1;1;1
2019-10-23 06:38:59;36;0;3;12;6;3;5;0;1;1;1
2019-10-23 06:39:59;36;0;3;12;6;3;5;0;1;1;1
2019-10-23 06:40:58;36;0;3;12;6;3;5;0;1;1;1
2019-10-23 06:41:59;36;0;3;12;6;3;5;0;1;1;1
2019-10-23 06:42:59;36;0;3;12;6;3;5;0;1;1;1
2019-10-23 06:43:58;36;0;3;12;6;3;5;0;1;1;1
2019-10-23 06:44:59;36;0;3;12;6;3;5;0;1;1;1
2019-10-23 06:45:59;36;0;3;12;6;3;5;0;1;1;1
2019-10-23 06:46:59;36;0;3;12;6;3;5;0;1;1;1
2019-10-23 06:47:58;36;0;3;12;6;3;5;0;1;1;1
2019-10-23 06:48:59;36;0;3;12;6;3;5;0;1;1;1
2019-10-23 06:49:59;36;0;3;12;6;3;5;0;1;1;1
2019-10-23 06:50:58;37;0;4;12;6;3;5;0;1;1;1
2019-10-23 06:51:59;37;0;4;12;6;3;5;0;1;1;1
2019-10-23 06:52:59;37;0;4;12;6;3;5;0;1;1;1
2019-10-23 06:53:59;37;0;4;12;6;3;5;0;1;1;1
2019-10-23 06:54:58;37;0;4;12;6;3;5;0;1;1;1
2019-10-23 06:55:59;37;0;4;12;6;3;5;0;1;1;1
2019-10-23 06:56:59;37;0;4;12;6;3;5;0;1;1;1
2019-10-23 06:57:59;37;0;4;12;6;3;5;0;1;1;1
2019-10-23 06:58:58;37;0;4;12;6;3;5;0;1;1;1
2019-10-23 06:59:59;37;0;4;12;6;3;5;0;1;1;1
2019-10-23 07:00:59;37;0;4;12;6;3;5;0;1;1;1
2019-10-23 07:01:58;37;0;4;12;6;3;5;0;1;1;1
2019-10-23 07:02:59;37;0;4;12;6;3;5;0;1;1;1
2019-10-23 07:03:59;37;0;4;12;6;3;5;0;1;1;1
2019-10-23 07:04:59;37;0;4;12;6;3;5;0;1;1;1
2019-10-23 07:05:58;37;0;4;12;6;3;5;0;1;1;1
2019-10-23 07:06:59;37;0;4;12;6;3;5;0;1;1;1
2019-10-23 07:07:59;37;0;4;12;6;3;5;0;1;1;1
2019-10-23 07:08:58;37;0;4;12;6;3;5;0;1;1;1
2019-10-23 07:09:59;37;0;4;12;6;3;5;0;1;1;1
2019-10-23 07:10:59;37;0;4;12;6;3;5;0;1;1;1
2019-10-23 07:11:59;37;0;4;12;6;3;5;0;1;1;1
2019-10-23 07:12:58;37;0;4;12;6;3;5;0;1;1;1
2019-10-23 07:13:59;37;0;4;12;6;3;5;0;1;1;1
2019-10-23 07:14:59;37;0;4;12;6;3;5;0;1;1;1
2019-10-23 07:15:58;37;0;4;12;6;3;5;0;1;1;1
2019-10-23 07:16:59;37;0;4;12;6;3;5;0;1;1;1
2019-10-23 07:17:59;37;0;4;12;6;3;5;0;1;1;1
2019-10-23 07:18:58;37;0;4;12;6;3;5;0;1;1;1
2019-10-23 07:19:59;37;0;4;12;6;3;5;0;1;1;1
2019-10-23 07:20:59;38;1;4;12;6;3;5;0;1;1;1
2019-10-23 07:21:59;38;1;4;12;6;3;5;0;1;1;1
2019-10-23 07:22:58;38;1;4;12;6;3;5;0;1;1;1
2019-10-23 07:23:59;38;1;4;12;6;3;5;0;1;1;1
2019-10-23 07:24:58;38;1;4;12;6;3;5;0;1;1;1
2019-10-23 07:25:59;38;1;4;12;6;3;5;0;1;1;1
2019-10-23 07:26:59;38;1;4;12;6;3;5;0;1;1;1
2019-10-23 07:27:58;39;0;4;12;6;3;5;0;2;1;0
2019-10-23 07:28:59;39;0;4;12;6;3;5;0;2;1;0
2019-10-23 07:29:59;39;0;4;12;6;3;5;0;2;1;0
2019-10-23 07:30:59;39;0;4;12;6;3;5;0;2;1;0
2019-10-23 07:31:58;39;0;4;12;6;3;5;0;2;1;0
2019-10-23 07:32:59;40;0;4;12;6;3;5;0;2;1;1
2019-10-23 07:33:59;40;0;4;12;6;3;5;0;2;1;1
2019-10-23 07:34:58;40;0;4;12;6;3;5;0;2;1;1
2019-10-23 07:35:59;40;0;4;12;6;3;5;0;2;1;1
2019-10-23 07:36:59;40;0;4;12;6;3;5;0;2;1;1
2019-10-23 07:37:58;40;0;4;12;6;3;5;0;2;1;1
2019-10-23 07:38:59;40;0;4;12;6;3;5;0;2;1;1
2019-10-23 07:39:59;40;0;4;12;6;3;5;0;2;1;1
2019-10-23 07:40:59;40;0;4;12;6;3;5;0;2;1;1
2019-10-23 07:41:58;40;0;4;12;6;3;5;0;2;1;1
2019-10-23 07:42:59;40;0;4;12;6;3;5;0;2;1;1
2019-10-23 07:43:59;40;0;4;12;6;3;5;0;2;1;1
2019-10-23 07:44:59;40;0;4;12;6;3;5;0;2;1;1
2019-10-23 07:45:58;40;0;4;12;6;3;5;0;2;1;1
2019-10-23 07:46:59;40;0;4;12;6;3;5;0;2;1;1
2019-10-23 07:47:59;40;0;4;12;6;3;5;0;2;1;1
2019-10-23 07:48:58;41;1;4;12;6;3;5;0;2;1;1
2019-10-23 07:49:59;41;1;4;12;6;3;5;0;2;1;1
2019-10-23 07:50:59;41;1;4;12;6;3;5;0;2;1;1
2019-10-23 07:51:58;43;0;5;12;6;3;5;0;2;1;2
2019-10-23 07:52:59;43;0;5;12;6;3;5;0;2;1;2
2019-10-23 07:53:59;43;0;5;12;6;3;5;0;2;1;2
2019-10-23 07:54:58;43;0;5;12;6;3;5;0;2;1;2
2019-10-23 07:55:59;43;0;5;12;6;3;5;0;2;1;2
2019-10-23 07:56:59;43;0;5;12;6;3;5;0;2;1;2
2019-10-23 07:57:58;43;0;5;12;6;3;5;0;2;1;2
2019-10-23 07:58:59;43;0;5;12;6;3;5;0;2;1;2
2019-10-23 07:59:59;43;0;5;12;6;3;5;0;2;1;2
2019-10-23 08:00:59;44;0;5;12;6;3;5;1;2;1;2
2019-10-23 08:01:58;45;1;5;12;6;3;5;1;2;0;2
2019-10-23 08:02:59;45;1;5;12;6;3;5;1;2;0;2
2019-10-23 08:03:59;45;1;5;12;6;3;5;1;2;0;2
2019-10-23 08:04:59;45;1;5;12;6;3;5;1;2;0;2
2019-10-23 08:05:58;45;1;5;12;6;3;5;1;2;0;2
2019-10-23 08:06:59;45;1;5;12;6;3;5;1;2;0;2
2019-10-23 08:07:59;46;1;6;12;6;3;5;1;2;0;2
2019-10-23 08:08:59;47;1;6;12;6;3;5;1;2;0;2
2019-10-23 08:09:58;47;1;6;12;6;3;5;1;2;0;2
2019-10-23 08:10:59;47;1;6;12;6;3;5;1;2;0;2
2019-10-23 08:11:58;47;1;6;12;6;3;5;1;2;0;2
2019-10-23 08:12:59;47;1;6;12;6;3;5;1;2;0;2
2019-10-23 08:13:59;47;1;6;12;6;3;5;1;2;0;2
2019-10-23 08:14:58;47;1;6;12;6;3;5;1;2;0;2
2019-10-23 08:15:59;47;1;6;12;6;3;5;1;2;0;2
2019-10-23 08:16:59;47;1;6;12;6;3;5;1;2;0;2
2019-10-23 08:17:58;47;1;6;12;6;3;5;1;2;0;2
2019-10-23 08:18:59;47;1;6;12;6;3;5;1;2;0;2
2019-10-23 08:19:59;47;1;6;12;6;3;5;1;2;0;2
2019-10-23 08:20:59;47;1;6;12;6;3;5;1;2;0;2
2019-10-23 08:21:58;47;1;6;12;6;3;5;1;2;0;2
2019-10-23 08:22:59;47;1;6;12;6;3;5;1;2;0;2
2019-10-23 08:23:59;47;1;6;12;6;3;5;1;2;0;2
2019-10-23 08:24:58;47;1;6;12;6;3;5;1;2;0;2
2019-10-23 08:25:59;47;1;6;12;6;3;5;1;2;0;2
2019-10-23 08:26:59;47;1;6;12;6;3;5;1;2;0;2
2019-10-23 08:27:58;47;1;6;12;6;3;5;1;2;0;2
2019-10-23 08:28:59;48;2;6;12;6;3;5;1;2;0;2
2019-10-23 08:29:59;48;2;6;12;6;3;5;1;2;0;2
2019-10-23 08:30:58;48;2;6;12;6;3;5;1;2;0;2
2019-10-23 08:31:59;48;2;6;12;6;3;5;1;2;0;2
2019-10-23 08:32:59;48;2;6;12;6;3;5;1;2;0;2
2019-10-23 08:33:59;48;2;6;12;6;3;5;1;2;0;2
2019-10-23 08:34:58;49;2;6;12;7;3;5;1;2;0;2
2019-10-23 08:35:59;49;2;6;12;7;3;5;1;2;0;2
2019-10-23 08:36:59;49;2;6;12;7;3;5;1;2;0;2
2019-10-23 08:37:58;49;2;6;12;7;3;5;1;2;0;2
2019-10-23 08:38:59;49;2;6;12;7;3;5;1;2;0;2
2019-10-23 08:39:59;49;2;6;12;7;3;5;1;2;0;2
2019-10-23 08:40:58;49;2;6;12;7;3;5;1;2;0;2
2019-10-23 08:41:59;49;2;6;12;7;3;5;1;2;0;2
2019-10-23 08:42:59;49;2;6;12;7;3;5;1;2;0;2
2019-10-23 08:43:59;49;2;6;12;7;3;5;1;2;0;2
2019-10-23 08:44:58;49;2;6;12;7;3;5;1;2;0;2
2019-10-23 08:45:59;49;2;6;12;7;3;5;1;2;0;2
2019-10-23 08:46:59;50;2;6;12;7;3;5;2;2;1;2
2019-10-23 08:47:58;50;2;6;12;7;3;5;2;2;1;2
2019-10-23 08:48:59;50;2;6;12;7;3;5;2;2;1;2
2019-10-23 08:49:59;50;2;6;12;7;3;5;2;2;1;2
2019-10-23 08:50:59;50;2;6;12;7;3;5;2;2;1;2
2019-10-23 08:51:58;50;2;6;12;7;3;5;2;2;1;2
2019-10-23 08:52:59;50;2;6;12;7;3;5;2;2;1;2
2019-10-23 08:53:59;50;2;6;12;7;3;5;2;2;1;2
2019-10-23 08:54:58;50;2;6;12;7;3;5;2;2;1;2
2019-10-23 08:55:59;51;2;7;12;7;3;5;2;2;1;2
2019-10-23 08:56:59;51;2;7;12;7;3;5;2;2;1;2
2019-10-23 08:57:58;51;2;7;12;7;3;5;2;2;1;2
2019-10-23 08:58:59;51;2;7;12;7;3;5;2;2;1;2
2019-10-23 08:59:59;51;2;7;12;7;3;5;2;2;1;2
2019-10-23 09:00:59;51;2;7;12;7;3;5;2;2;1;2
2019-10-23 09:01:58;51;2;7;12;7;3;5;2;2;1;2
2019-10-23 09:02:59;51;2;7;12;7;3;5;2;2;1;2
2019-10-23 09:03:59;51;2;7;12;7;3;5;2;2;1;2
2019-10-23 09:04:58;51;2;7;12;7;3;5;2;2;1;2
2019-10-23 09:05:59;52;2;8;12;7;3;5;2;2;1;2
2019-10-23 09:06:59;52;2;8;12;7;3;5;2;2;1;2
2019-10-23 09:07:58;52;2;8;12;7;3;5;2;2;1;2
2019-10-23 09:08:59;52;2;8;12;7;3;5;2;2;1;2
2019-10-23 09:09:59;52;2;8;12;7;3;5;2;2;1;2
2019-10-23 09:10:58;52;2;8;12;7;3;5;2;2;1;2
2019-10-23 09:11:59;53;2;8;13;7;3;5;2;2;1;2
2019-10-23 09:12:59;54;2;8;13;8;3;5;2;2;1;2
2019-10-23 09:13:58;54;2;8;13;8;3;5;2;2;1;2
2019-10-23 09:14:59;54;2;8;13;8;3;5;2;2;1;2
2019-10-23 09:15:59;54;2;8;13;8;3;5;2;2;1;2
2019-10-23 09:16:59;54;2;8;13;8;3;5;2;2;1;2
2019-10-23 09:17:58;54;2;8;13;8;3;5;2;2;1;2
2019-10-23 09:18:59;54;2;8;13;8;3;5;2;2;1;2
2019-10-23 09:19:58;54;2;8;13;8;3;5;2;2;1;2
2019-10-23 09:20:59;54;2;8;13;8;3;5;2;2;1;2
2019-10-23 09:21:59;55;2;8;13;9;3;5;2;2;1;2
2019-10-23 09:22:59;56;2;8;13;9;3;5;2;2;0;2
2019-10-23 09:23:58;56;2;8;13;9;3;5;2;2;0;2
2019-10-23 09:24:59;57;2;9;13;9;3;5;2;2;0;2
2019-10-23 09:25:59;57;2;9;13;9;3;5;2;2;0;2
2019-10-23 09:26:58;57;2;9;13;9;3;5;2;2;0;2
2019-10-23 09:27:59;57;2;9;13;9;3;5;2;2;0;2
2019-10-23 09:28:59;57;2;9;13;9;3;5;2;2;0;2
2019-10-23 09:29:58;57;2;9;13;9;3;5;2;2;0;2
2019-10-23 09:30:59;59;2;11;13;8;3;5;2;2;0;2
2019-10-23 09:31:59;59;2;12;13;8;3;5;2;2;0;2
2019-10-23 09:32:59;59;2;13;13;7;3;5;2;2;0;2
2019-10-23 09:33:58;59;2;13;13;7;3;5;2;2;0;2
2019-10-23 09:34:59;59;2;13;13;7;3;5;2;2;0;2
2019-10-23 09:35:59;59;2;13;13;7;3;5;2;2;0;2
2019-10-23 09:36:59;60;2;13;14;7;3;5;2;2;0;2
2019-10-23 09:37:58;60;2;13;14;7;3;5;2;2;0;2
2019-10-23 09:38:59;60;2;13;14;7;3;5;2;2;0;2
2019-10-23 09:39:59;60;2;13;14;7;3;5;2;2;0;2
2019-10-23 09:40:58;60;2;13;14;7;3;5;2;2;0;2
2019-10-23 09:41:59;60;2;13;14;7;3;5;2;2;0;2
2019-10-23 09:42:59;61;2;14;14;7;3;5;2;2;0;2
2019-10-23 09:43:59;61;2;14;14;7;3;5;2;2;0;2
2019-10-23 09:44:58;61;2;14;14;7;3;5;2;2;0;2
2019-10-23 09:45:59;61;2;14;14;7;3;5;2;2;0;2
2019-10-23 09:46:59;61;2;14;14;7;3;5;2;2;0;2
2019-10-23 09:47:58;61;2;14;14;7;3;5;2;2;0;2
2019-10-23 09:48:59;61;2;14;14;7;3;5;2;2;0;2
2019-10-23 09:49:59;61;2;14;14;7;3;5;2;2;0;2
2019-10-23 09:50:58;61;2;14;14;7;3;5;2;2;0;2
2019-10-23 09:51:59;61;2;14;14;7;3;5;2;2;0;2
2019-10-23 09:52:59;61;2;14;14;7;3;5;2;2;0;2
2019-10-23 09:53:59;61;2;14;14;7;3;5;2;2;0;2
2019-10-23 09:54:58;61;2;15;14;7;3;4;2;2;0;2
2019-10-23 09:55:59;61;2;15;14;7;3;4;2;2;0;2
2019-10-23 09:56:59;61;2;15;14;7;3;4;2;2;0;2
2019-10-23 09:57:59;61;2;15;14;7;3;4;2;2;0;2
2019-10-23 09:58:58;61;2;15;14;7;3;4;2;2;0;2
2019-10-23 09:59:59;62;2;15;14;7;3;4;2;2;0;2
2019-10-23 10:00:59;62;2;15;14;7;3;4;2;2;0;2
2019-10-23 10:01:58;62;2;15;14;7;3;4;2;2;0;2
2019-10-23 10:02:59;62;2;15;14;7;3;4;2;2;0;2
2019-10-23 10:03:59;62;2;15;14;7;3;4;2;2;0;2
2019-10-23 10:04:59;62;2;15;14;7;3;4;2;2;0;2
2019-10-23 10:05:58;62;2;15;14;7;3;4;2;2;0;2
2019-10-23 10:06:59;62;2;15;14;7;3;4;2;2;0;2
2019-10-23 10:07:59;62;2;15;14;7;3;4;2;2;0;2
2019-10-23 10:09:00;62;2;15;14;7;3;4;2;2;0;2
2019-10-23 10:09:58;62;2;15;14;7;3;4;2;2;0;2
2019-10-23 10:10:59;62;2;15;14;7;3;4;2;2;0;2
2019-10-23 10:11:59;62;2;15;14;7;3;4;2;2;0;2
2019-10-23 10:12:58;62;2;15;14;7;3;4;2;2;0;2
2019-10-23 10:13:59;62;2;15;14;7;3;4;2;2;0;2
2019-10-23 10:14:59;62;2;15;14;7;3;4;2;2;0;2
2019-10-23 10:15:59;62;2;15;14;7;3;4;2;2;0;2
2019-10-23 10:16:58;62;2;16;13;7;3;4;2;2;0;2
2019-10-23 10:17:59;62;2;16;13;7;3;4;2;2;0;2
2019-10-23 10:18:59;62;2;16;13;7;3;4;2;2;0;2
2019-10-23 10:19:59;63;2;17;13;7;3;4;2;2;0;2
2019-10-23 10:20:58;63;2;17;13;7;3;4;2;2;0;2
2019-10-23 10:21:59;63;2;17;13;7;3;4;2;2;0;2
2019-10-23 10:22:59;63;2;17;13;7;3;4;2;2;0;2
2019-10-23 10:23:58;63;2;17;13;7;3;4;2;2;0;2
2019-10-23 10:24:59;64;2;18;13;7;3;4;2;2;0;2
2019-10-23 10:25:59;64;2;18;13;7;3;4;2;2;0;2
2019-10-23 10:26:59;64;2;18;13;7;3;4;2;2;0;2
2019-10-23 10:27:58;64;2;17;12;9;3;4;2;2;0;2
2019-10-23 10:28:59;64;2;17;12;9;3;4;2;2;0;2
2019-10-23 10:29:59;64;2;17;12;9;3;4;2;2;0;2
2019-10-23 10:30:58;64;2;17;12;9;3;4;2;2;0;2
2019-10-23 10:31:59;64;2;17;12;9;3;4;2;2;0;2
2019-10-23 10:32:59;64;2;17;12;9;3;4;2;2;0;2
2019-10-23 10:33:58;64;2;17;12;9;3;4;2;2;0;2
2019-10-23 10:34:59;64;2;17;12;9;3;4;2;2;0;2
2019-10-23 10:35:59;65;2;17;12;9;3;4;3;2;0;2
2019-10-23 10:36:58;65;2;17;12;9;3;4;3;2;0;2
2019-10-23 10:37:59;65;2;17;12;9;3;4;3;2;0;2
2019-10-23 10:38:59;65;2;17;12;9;3;4;3;2;0;2
2019-10-23 10:39:58;65;2;17;12;9;3;4;3;2;0;2
2019-10-23 10:40:59;66;3;17;13;8;3;4;3;2;0;2
2019-10-23 10:41:59;67;3;17;13;8;3;4;3;2;0;2
2019-10-23 10:42:58;67;3;17;13;8;3;4;3;2;0;2
2019-10-23 10:43:59;67;3;17;13;8;3;4;3;2;0;2
2019-10-23 10:44:59;67;3;17;13;8;3;4;3;2;0;2
2019-10-23 10:45:59;67;3;17;13;8;3;4;3;2;0;2
2019-10-23 10:46:58;67;3;17;13;8;3;4;3;2;0;2
2019-10-23 10:47:59;67;3;17;13;8;3;4;3;2;0;2
2019-10-23 10:48:59;67;3;17;13;8;3;4;3;2;0;2
2019-10-23 10:50:00;67;3;17;13;8;3;4;3;2;0;2
2019-10-23 10:50:58;67;3;17;13;8;3;4;3;2;0;2
2019-10-23 10:51:59;67;3;17;13;8;3;4;3;2;0;2
2019-10-23 10:52:59;67;3;17;13;8;3;4;3;2;0;2
2019-10-23 10:53:58;68;3;17;14;8;3;4;3;2;0;2
2019-10-23 10:54:59;68;3;17;14;8;3;4;3;2;0;2
2019-10-23 10:55:59;68;3;17;14;8;3;4;3;2;0;2
2019-10-23 10:56:58;68;3;17;14;8;3;4;3;2;0;2
2019-10-23 10:57:59;68;3;17;14;8;3;4;3;2;0;2
2019-10-23 10:58:59;68;3;17;14;8;3;4;3;2;0;2
2019-10-23 10:59:59;68;3;17;14;8;3;4;3;2;0;2
2019-10-23 11:00:58;68;3;17;14;8;3;4;3;2;0;2
2019-10-23 11:01:59;69;3;17;14;9;3;4;3;2;0;2
2019-10-23 11:02:59;69;3;17;14;9;3;4;3;2;0;2
2019-10-23 11:03:59;69;3;17;14;9;3;4;3;2;0;2
2019-10-23 11:04:58;69;3;17;14;9;3;4;3;2;0;2
2019-10-23 11:05:59;69;3;17;14;9;3;4;3;2;0;2
2019-10-23 11:06:59;69;3;17;14;9;3;4;3;2;0;2
2019-10-23 11:07:58;69;3;17;14;9;3;4;3;2;0;2
2019-10-23 11:08:59;69;3;17;14;9;3;4;3;2;0;2
2019-10-23 11:09:59;70;3;17;15;9;3;4;3;2;0;2
2019-10-23 11:10:59;70;3;17;15;9;3;4;3;2;0;2
2019-10-23 11:11:58;70;3;17;15;9;3;4;3;2;0;2
2019-10-23 11:12:59;70;3;17;15;9;3;4;3;2;0;2
2019-10-23 11:13:59;70;3;17;15;9;3;4;3;2;0;2
2019-10-23 11:14:58;70;3;17;15;9;3;4;3;2;0;2
2019-10-23 11:15:59;70;3;17;15;9;3;4;3;2;0;2
2019-10-23 11:16:59;70;3;17;15;9;3;4;3;2;0;2
2019-10-23 11:17:59;70;3;17;15;9;3;4;3;2;0;2
2019-10-23 11:18:58;70;3;17;15;9;3;4;3;2;0;2
2019-10-23 11:19:59;70;3;17;15;9;3;4;3;2;0;2
2019-10-23 11:20:59;70;3;17;15;9;3;4;3;2;0;2
2019-10-23 11:22:00;70;3;17;15;9;3;4;3;2;0;2
2019-10-23 11:22:58;70;3;17;15;9;3;4;3;2;0;2
2019-10-23 11:23:59;72;5;17;15;9;3;4;3;2;0;2
2019-10-23 11:25:00;72;5;17;15;9;3;4;3;2;0;2
2019-10-23 11:25:58;72;5;17;15;9;3;4;3;2;0;2
2019-10-23 11:26:59;72;5;17;15;9;3;4;3;2;0;2
2019-10-23 11:27:59;72;5;17;15;9;3;4;3;2;0;2
2019-10-23 11:28:58;72;5;17;15;9;3;4;3;2;0;2
2019-10-23 11:29:59;72;5;17;15;9;3;4;3;2;0;2
2019-10-23 11:30:59;72;5;17;15;9;3;4;3;2;0;2
2019-10-23 11:31:58;72;5;17;15;9;3;4;3;2;0;2
2019-10-23 11:32:59;72;5;17;15;9;3;4;3;2;0;2
2019-10-23 11:33:58;72;5;17;15;9;3;4;3;2;0;2
2019-10-23 11:34:59;72;5;17;15;9;3;4;3;2;0;2
2019-10-23 11:36:00;72;5;17;15;9;3;4;3;2;0;2
2019-10-23 11:36:58;72;5;17;15;9;3;4;3;2;0;2
2019-10-23 11:37:59;72;5;17;15;9;3;4;3;2;0;2
2019-10-23 11:38:59;72;5;17;15;9;3;4;3;2;0;2
2019-10-23 11:39:58;72;5;17;15;9;3;4;3;2;0;2
2019-10-23 11:40:59;72;5;17;15;9;3;4;3;2;0;2
2019-10-23 11:41:59;73;6;17;15;9;3;4;3;2;0;2
2019-10-23 11:42:59;73;6;17;15;9;3;4;3;2;0;2
2019-10-23 11:43:58;74;7;17;15;9;3;4;3;2;0;2
2019-10-23 11:44:59;74;7;17;15;9;3;4;3;2;0;2
2019-10-23 11:45:59;74;7;17;15;9;3;4;3;2;0;2
2019-10-23 11:46:59;75;8;17;15;9;3;4;3;2;0;2
2019-10-23 11:47:58;75;8;17;15;9;3;4;3;2;0;2
2019-10-23 11:48:59;75;8;17;15;9;3;4;3;2;0;2
2019-10-23 11:49:59;75;8;17;15;9;3;4;3;2;0;2
2019-10-23 11:50:58;75;8;17;15;9;3;4;3;2;0;2
2019-10-23 11:51:59;75;8;17;15;9;3;4;3;2;0;2
2019-10-23 11:52:59;75;8;17;15;9;3;4;3;2;0;2
2019-10-23 11:53:58;75;8;17;15;9;3;4;3;2;0;2
2019-10-23 11:54:59;75;8;17;15;9;3;4;3;2;0;2
2019-10-23 11:55:59;75;8;17;15;9;3;4;3;2;0;2
2019-10-23 11:56:59;75;8;17;15;9;3;4;3;2;0;2
2019-10-23 11:57:58;75;8;17;15;9;3;4;3;2;0;2
2019-10-23 11:58:59;75;8;17;15;9;3;4;3;2;0;2
2019-10-23 11:59:59;75;8;17;15;9;3;4;3;2;0;2
2019-10-23 12:00:59;75;8;17;15;9;3;4;3;2;0;2
2019-10-23 12:01:58;75;8;17;15;9;3;4;3;2;0;2
2019-10-23 12:02:59;75;8;17;15;9;3;4;3;2;0;2
2019-10-23 12:03:59;75;8;17;15;9;3;4;3;2;0;2
2019-10-23 12:04:58;75;8;17;15;9;3;4;3;2;0;2
2019-10-23 12:05:59;75;8;17;15;9;3;4;3;2;0;2
2019-10-23 12:06:59;75;8;17;15;9;3;4;3;2;0;2
2019-10-23 12:07:59;75;8;17;15;9;3;4;3;2;0;2
2019-10-23 12:08:58;75;8;17;15;9;3;4;3;2;0;2
2019-10-23 12:09:59;76;8;17;15;10;3;4;3;2;0;2
2019-10-23 12:10:59;76;8;17;15;10;3;4;3;2;0;2
2019-10-23 12:11:58;76;8;17;15;10;3;4;3;2;0;2
2019-10-23 12:12:59;76;8;17;15;10;3;4;3;2;0;2
2019-10-23 12:13:59;76;9;16;15;10;3;4;3;2;0;2
2019-10-23 12:14:59;77;9;16;16;10;3;4;3;2;0;2
2019-10-23 12:15:58;77;9;16;16;10;3;4;3;2;0;2
2019-10-23 12:16:59;77;9;16;16;10;3;4;3;2;0;2
2019-10-23 12:17:59;77;9;16;16;10;3;4;3;2;0;2
2019-10-23 12:18:59;77;9;16;16;10;3;4;3;2;0;2
2019-10-23 12:19:58;77;9;16;16;10;3;4;3;2;0;2
2019-10-23 12:20:59;77;9;16;16;10;3;4;3;2;0;2
2019-10-23 12:21:59;77;9;16;16;10;3;4;3;2;0;2
2019-10-23 12:22:59;77;9;16;16;10;3;4;3;2;0;2
2019-10-23 12:23:58;77;9;16;16;10;3;4;3;2;0;2
2019-10-23 12:24:59;77;9;16;16;10;3;4;3;2;0;2
2019-10-23 12:25:59;77;9;16;16;10;3;4;3;2;0;2
2019-10-23 12:26:58;77;9;16;16;10;3;4;3;2;0;2
2019-10-23 12:27:59;77;9;16;16;10;3;4;3;2;0;2
2019-10-23 12:29:00;77;9;16;16;10;3;4;3;2;0;2
2019-10-23 12:29:58;77;9;16;16;10;3;4;3;2;0;2
2019-10-23 12:30:59;78;10;16;16;10;3;4;3;2;0;2
2019-10-23 12:31:59;78;10;16;16;10;3;4;3;2;0;2
2019-10-23 12:32:58;78;10;16;16;10;3;4;3;2;0;2
2019-10-23 12:33:59;78;10;16;16;10;3;4;3;2;0;2
2019-10-23 12:34:59;79;10;17;16;10;3;4;3;2;0;2
2019-10-23 12:36:00;79;10;17;16;10;3;4;3;2;0;2
2019-10-23 12:36:58;79;10;17;16;10;3;4;3;2;0;2
2019-10-23 12:37:59;79;10;17;16;10;3;4;3;2;0;2
2019-10-23 12:38:59;79;10;17;16;10;3;4;3;2;0;2
2019-10-23 12:39:58;79;10;17;16;10;3;4;3;2;0;2
2019-10-23 12:40:59;79;10;17;16;10;3;4;3;2;0;2
2019-10-23 12:41:59;79;10;17;16;10;3;4;3;2;0;2
2019-10-23 12:42:58;79;10;17;16;10;3;4;3;2;0;2
2019-10-23 12:43:59;79;10;17;16;10;3;4;3;2;0;2
2019-10-23 12:44:59;79;10;17;16;10;3;4;3;2;0;2
2019-10-23 12:45:59;79;10;17;16;10;3;4;3;2;0;2
2019-10-23 12:46:58;79;10;17;16;10;3;4;3;2;0;2
2019-10-23 12:47:59;79;10;17;16;10;3;4;3;2;0;2
2019-10-23 12:48:59;79;10;17;16;10;3;4;3;2;0;2
2019-10-23 12:49:58;80;10;17;16;11;3;4;3;2;0;2
2019-10-23 12:50:59;80;10;17;16;11;3;4;3;2;0;2
2019-10-23 12:51:59;80;10;17;16;11;3;4;3;2;0;2
2019-10-23 12:52:58;80;10;17;16;11;3;4;3;2;0;2
2019-10-23 12:53:59;81;10;17;16;11;3;4;3;2;0;2
2019-10-23 12:54:59;81;10;17;16;11;3;4;3;2;0;2
2019-10-23 12:55:59;81;10;17;16;11;3;4;3;2;0;2
2019-10-23 12:56:59;81;10;17;16;11;3;4;3;2;0;2
2019-10-23 12:57:58;81;10;17;16;11;3;4;3;2;0;2
2019-10-23 12:58:59;81;10;17;16;11;3;4;3;2;0;2
2019-10-23 12:59:59;81;10;17;16;11;3;4;3;2;0;2
2019-10-23 13:00:58;81;10;17;16;11;3;4;3;2;0;2
2019-10-23 13:01:59;81;10;17;16;11;3;4;3;2;0;2
2019-10-23 13:02:59;81;10;17;16;11;3;4;3;2;0;2
2019-10-23 13:03:58;81;10;17;16;11;3;4;3;2;0;2
2019-10-23 13:04:59;81;10;17;16;11;3;4;3;2;0;2
2019-10-23 13:05:59;81;10;17;16;11;3;4;3;2;0;2
2019-10-23 13:06:59;81;10;17;16;11;3;4;3;2;0;2
2019-10-23 13:07:59;81;10;17;16;11;3;4;3;2;0;2
2019-10-23 13:08:58;81;10;17;16;11;3;4;3;2;0;2
2019-10-23 13:09:59;81;10;17;16;11;3;4;3;2;0;2
2019-10-23 13:10:59;82;10;18;16;11;3;4;3;2;0;2
2019-10-23 13:11:58;82;10;18;16;11;3;4;3;2;0;2
2019-10-23 13:12:59;84;11;18;17;11;3;4;3;2;0;2
2019-10-23 13:13:59;84;11;18;17;11;3;4;3;2;0;2
2019-10-23 13:14:58;84;11;18;17;11;3;4;3;2;0;2
2019-10-23 13:15:59;86;11;18;17;11;4;4;4;2;0;2
2019-10-23 13:16:59;86;11;19;16;11;4;4;4;2;0;2
2019-10-23 13:17:59;86;11;19;16;11;4;4;4;2;0;2
2019-10-23 13:18:58;87;11;19;16;11;4;4;4;2;0;2
2019-10-23 13:19:59;86;11;19;16;11;4;4;4;2;0;2
2019-10-23 13:21:00;86;11;19;16;11;4;4;4;2;0;2
2019-10-23 13:21:58;86;11;19;16;11;4;4;4;2;0;2
2019-10-23 13:22:59;87;12;19;16;11;4;4;4;2;0;2
2019-10-23 13:23:59;87;12;19;16;11;4;4;4;2;0;2
2019-10-23 13:24:58;87;12;19;16;11;4;4;4;2;0;2
2019-10-23 13:25:59;87;12;19;16;11;4;4;4;2;0;2
2019-10-23 13:26:59;87;12;19;16;11;4;4;4;2;0;2
2019-10-23 13:27:59;88;12;19;16;12;4;4;4;2;0;2
2019-10-23 13:28:58;88;12;19;16;12;4;4;4;2;0;2
2019-10-23 13:29:59;88;12;19;16;12;4;4;4;2;0;2
2019-10-23 13:30:59;88;12;19;16;12;4;4;4;2;0;2
2019-10-23 13:31:58;89;12;20;16;12;4;4;4;2;0;2
2019-10-23 13:32:59;89;12;20;16;12;4;4;4;2;0;2
2019-10-23 13:33:59;89;12;20;16;12;4;4;4;2;0;2
2019-10-23 13:34:59;89;12;20;16;12;4;4;4;2;0;2
2019-10-23 13:35:59;89;12;20;16;12;4;4;4;2;0;2
2019-10-23 13:36:58;89;12;20;16;12;4;4;4;2;0;2
2019-10-23 13:37:59;90;12;21;16;12;4;4;4;2;0;2
2019-10-23 13:38:59;90;12;21;16;12;4;4;4;2;0;2
2019-10-23 13:39:58;90;12;21;16;12;4;4;4;2;0;2
2019-10-23 13:40:59;90;12;21;16;12;4;4;4;2;0;2
2019-10-23 13:41:59;90;12;21;16;12;4;4;4;2;0;2
2019-10-23 13:42:58;91;12;21;16;12;4;4;4;3;0;2
2019-10-23 13:43:59;91;12;21;16;12;4;4;4;3;0;2
2019-10-23 13:44:59;91;12;21;16;12;4;4;4;3;0;2
2019-10-23 13:45:59;91;12;21;16;12;4;4;4;3;0;2
2019-10-23 13:46:58;91;12;21;16;12;4;4;4;3;0;2
2019-10-23 13:47:59;91;12;21;16;12;4;4;4;3;0;2
2019-10-23 13:48:59;91;12;21;16;12;4;4;4;3;0;2
2019-10-23 13:49:58;92;12;21;17;12;4;4;4;3;0;2
2019-10-23 13:50:59;92;12;21;17;12;4;4;4;3;0;2
2019-10-23 13:52:00;92;12;21;17;12;4;4;4;3;0;2
2019-10-23 13:52:58;92;12;21;17;12;4;4;4;3;0;2
2019-10-23 13:53:58;92;12;21;17;12;4;4;4;3;0;2
2019-10-23 13:54:59;92;12;21;17;12;4;4;4;3;0;2
2019-10-23 13:55:59;92;12;21;17;12;4;4;4;3;0;2
2019-10-23 13:56:59;92;12;21;17;12;4;4;4;3;0;2
2019-10-23 13:57:58;92;12;21;17;12;4;4;4;3;0;2
2019-10-23 13:58:59;92;12;21;17;12;4;4;4;3;0;2
2019-10-23 13:59:59;93;12;21;18;12;4;4;4;3;0;2
2019-10-23 14:00:59;93;12;21;18;12;4;4;4;3;0;2
2019-10-23 14:01:58;94;12;22;18;12;4;4;4;3;0;2
2019-10-23 14:02:59;95;13;22;18;12;4;4;4;3;0;2
2019-10-23 14:03:59;95;13;22;18;12;4;4;4;3;0;2
2019-10-23 14:04:58;95;13;22;18;12;4;4;4;3;0;2
2019-10-23 14:05:59;95;13;22;18;12;4;4;4;3;0;2
2019-10-23 14:06:59;95;13;22;18;12;4;4;4;3;0;2
2019-10-23 14:07:59;95;13;22;18;12;4;4;4;3;0;2
2019-10-23 14:08:58;95;13;22;18;12;4;4;4;3;0;2
2019-10-23 14:09:59;95;13;22;18;12;4;4;4;3;0;2
2019-10-23 14:10:59;95;13;22;18;12;4;4;4;3;0;2
2019-10-23 14:11:59;96;13;22;19;12;4;4;4;3;0;2
2019-10-23 14:12:58;96;13;22;19;12;4;4;4;3;0;2
2019-10-23 14:13:59;96;13;22;19;12;4;4;4;3;0;2
2019-10-23 14:14:59;96;13;22;19;12;4;4;4;3;0;2
2019-10-23 14:15:58;96;13;22;19;12;4;4;4;3;0;2
2019-10-23 14:16:59;96;13;22;19;12;4;4;4;3;0;2
2019-10-23 14:17:59;96;13;22;19;12;4;4;4;3;0;2
2019-10-23 14:18:59;96;13;22;19;12;4;4;4;3;0;2
2019-10-23 14:19:58;96;13;22;19;12;4;4;4;3;0;2
2019-10-23 14:20:59;96;13;22;19;12;4;4;4;3;0;2
2019-10-23 14:21:59;96;13;22;19;12;4;4;4;3;0;2
2019-10-23 14:22:58;96;13;22;19;12;4;4;4;3;0;2
2019-10-23 14:23:59;96;13;22;19;12;4;4;4;3;0;2
2019-10-23 14:24:59;96;13;22;19;12;4;4;4;3;0;2
2019-10-23 14:25:59;96;13;22;19;12;4;4;4;3;0;2
2019-10-23 14:26:58;96;13;22;19;12;4;4;4;3;0;2
2019-10-23 14:27:59;96;13;22;19;12;4;4;4;3;0;2
2019-10-23 14:28:59;96;13;22;19;12;4;4;4;3;0;2
2019-10-23 14:29:58;96;13;22;19;12;4;4;4;3;0;2
2019-10-23 14:30:59;96;13;22;19;12;4;4;4;3;0;2
2019-10-23 14:31:59;96;13;22;19;12;4;4;4;3;0;2
2019-10-23 14:32:59;96;13;22;19;12;4;4;4;3;0;2
2019-10-23 14:33:58;96;13;22;19;12;4;4;4;3;0;2
2019-10-23 14:34:59;96;13;22;19;12;4;4;4;3;0;2
2019-10-23 14:35:59;96;13;22;19;12;4;4;4;3;0;2
2019-10-23 14:36:59;96;13;22;19;12;4;4;4;3;0;2
2019-10-23 14:37:58;96;13;22;19;12;4;4;4;3;0;2
2019-10-23 14:38:59;96;13;22;19;12;4;4;4;3;0;2
2019-10-23 14:39:59;96;13;22;19;12;4;4;4;3;0;2
2019-10-23 14:40:58;96;13;22;19;12;4;4;4;3;0;2
2019-10-23 14:41:59;97;13;23;19;12;4;4;4;3;0;2
2019-10-23 14:42:59;97;13;23;19;12;4;4;4;3;0;2
2019-10-23 14:43:58;98;13;23;20;12;4;4;4;3;0;2
2019-10-23 14:44:59;98;13;23;20;12;4;4;4;3;0;2
2019-10-23 14:45:59;98;13;23;20;12;4;4;4;3;0;2
2019-10-23 14:46:59;98;13;23;20;12;4;4;4;3;0;2
2019-10-23 14:47:58;98;13;23;20;12;4;4;4;3;0;2
2019-10-23 14:48:59;98;13;23;20;12;4;4;4;3;0;2
2019-10-23 14:49:59;98;13;23;20;12;4;4;4;3;0;2
2019-10-23 14:50:58;98;13;23;20;12;4;4;4;3;0;2
2019-10-23 14:51:59;98;13;23;20;12;4;4;4;3;0;2
2019-10-23 14:52:59;98;13;23;20;12;4;4;4;3;0;2
2019-10-23 14:53:59;98;13;23;20;12;4;4;4;3;0;2
2019-10-23 14:54:58;99;14;23;20;12;4;4;4;3;0;2
2019-10-23 14:55:59;99;14;23;20;12;4;4;4;3;0;2
2019-10-23 14:56:59;99;14;23;20;12;4;4;4;3;0;2
2019-10-23 14:57:58;100;14;23;20;13;4;4;4;3;0;2
2019-10-23 14:58:59;100;14;23;20;13;4;4;4;3;0;2
2019-10-23 14:59:59;100;14;23;20;13;4;4;4;3;0;2
2019-10-23 15:00:59;100;14;23;20;13;4;4;4;3;0;2
2019-10-23 15:01:58;100;14;23;20;13;4;4;4;3;0;2
2019-10-23 15:02:59;101;15;23;20;13;4;4;4;3;0;2
2019-10-23 15:03:59;101;15;23;20;13;4;4;4;3;0;2
2019-10-23 15:04:59;101;15;23;20;13;4;4;4;3;0;2
2019-10-23 15:05:58;101;15;23;20;13;4;4;4;3;0;2
2019-10-23 15:06:59;101;15;23;20;13;4;4;4;3;0;2
2019-10-23 15:07:59;101;15;23;20;13;4;4;4;3;0;2
2019-10-23 15:08:59;101;15;23;20;13;4;4;4;3;0;2
2019-10-23 15:09:58;101;15;23;20;13;4;4;4;3;0;2
2019-10-23 15:10:59;101;15;23;20;13;4;4;4;3;0;2
2019-10-23 15:11:59;101;15;23;20;13;4;4;4;3;0;2
2019-10-23 15:12:59;101;15;23;20;13;4;4;4;3;0;2
2019-10-23 15:13:58;101;15;23;20;13;4;4;4;3;0;2
2019-10-23 15:14:59;101;15;23;20;13;4;4;4;3;0;2
2019-10-23 15:15:59;101;15;23;20;13;4;4;4;3;0;2
2019-10-23 15:16:59;101;15;23;20;13;4;4;4;3;0;2
2019-10-23 15:17:58;101;15;23;20;13;4;4;4;3;0;2
2019-10-23 15:18:59;101;15;23;20;13;4;4;4;3;0;2
2019-10-23 15:19:59;102;15;24;20;13;4;4;4;3;0;2
2019-10-23 15:20:59;102;15;24;20;13;4;4;4;3;0;2
2019-10-23 15:21:58;102;15;24;20;13;4;4;4;3;0;2
2019-10-23 15:22:59;102;15;24;20;13;4;4;4;3;0;2
2019-10-23 15:23:59;102;15;24;20;13;4;4;4;3;0;2
2019-10-23 15:24:58;103;15;25;20;13;4;4;4;3;0;2
2019-10-23 15:25:59;103;15;25;20;13;4;4;4;3;0;2
2019-10-23 15:26:59;103;15;25;20;13;4;4;4;3;0;2
2019-10-23 15:27:59;103;15;25;20;13;4;4;4;3;0;2
2019-10-23 15:28:58;103;15;25;20;13;4;4;4;3;0;2
2019-10-23 15:29:59;103;15;25;20;13;4;4;4;3;0;2
2019-10-23 15:30:59;103;15;25;20;13;4;4;4;3;0;2
2019-10-23 15:31:59;103;15;25;20;13;4;4;4;3;0;2
2019-10-23 15:32:59;103;15;25;20;13;4;4;4;3;0;2
2019-10-23 15:33:58;103;15;25;20;13;4;4;4;3;0;2
2019-10-23 15:34:59;104;15;25;20;13;4;5;4;3;0;2
2019-10-23 15:35:59;104;15;25;20;13;4;5;4;3;0;2
2019-10-23 15:36:58;104;15;25;20;13;4;5;4;3;0;2
2019-10-23 15:37:59;105;16;25;20;13;4;5;4;3;0;2
2019-10-23 15:38:59;106;17;25;20;13;4;5;4;3;0;2
2019-10-23 15:39:59;106;17;25;20;13;4;5;4;3;0;2
2019-10-23 15:40:58;106;17;25;20;13;4;5;4;3;0;2
2019-10-23 15:41:59;106;17;25;20;13;4;5;4;3;0;2
2019-10-23 15:42:59;106;17;25;20;13;4;5;4;3;0;2
2019-10-23 15:43:58;106;17;25;20;13;4;5;4;3;0;2
2019-10-23 15:44:59;106;17;25;20;13;4;5;4;3;0;2
2019-10-23 15:45:59;106;17;25;20;13;4;5;4;3;0;2
2019-10-23 15:46:59;107;18;25;20;13;4;5;4;3;0;2
2019-10-23 15:47:58;107;18;25;20;13;4;5;4;3;0;2
2019-10-23 15:48:59;107;18;25;20;13;4;5;4;3;0;2
2019-10-23 15:49:59;107;18;25;20;13;4;5;4;3;0;2
2019-10-23 15:50:58;107;18;25;20;13;4;5;4;3;0;2
2019-10-23 15:51:59;107;18;25;20;13;4;5;4;3;0;2
2019-10-23 15:52:59;107;18;25;20;13;4;5;4;3;0;2
2019-10-23 15:53:59;107;18;25;20;13;4;5;4;3;0;2
2019-10-23 15:54:58;107;18;25;20;13;4;5;4;3;0;2
2019-10-23 15:55:59;107;18;25;20;13;4;5;4;3;0;2
2019-10-23 15:56:59;107;18;25;20;13;4;5;4;3;0;2
2019-10-23 15:57:59;107;18;25;20;13;4;5;4;3;0;2
2019-10-23 15:58:58;107;18;25;20;13;4;5;4;3;0;2
2019-10-23 15:59:59;107;18;25;20;13;4;5;4;3;0;2
2019-10-23 16:00:59;108;18;25;21;13;4;5;4;3;0;2
2019-10-23 16:01:59;108;18;25;21;13;4;5;4;3;0;2
2019-10-23 16:02:58;108;18;25;21;13;4;5;4;3;0;2
2019-10-23 16:03:59;108;18;25;21;13;4;5;4;3;0;2
2019-10-23 16:04:59;108;18;25;21;13;4;5;4;3;0;2
2019-10-23 16:05:58;108;18;25;21;13;4;5;4;3;0;2
2019-10-23 16:06:59;108;18;25;21;13;4;5;4;3;0;2
2019-10-23 16:07:59;108;18;25;21;13;4;5;4;3;0;2
2019-10-23 16:09:00;108;18;25;21;13;4;5;4;3;0;2
2019-10-23 16:09:58;109;18;25;22;13;4;5;4;3;0;2
2019-10-23 16:10:59;109;18;25;22;13;4;5;4;3;0;2
2019-10-23 16:11:59;109;18;25;22;13;4;5;4;3;0;2
2019-10-23 16:12:58;109;18;25;22;13;4;5;4;3;0;2
2019-10-23 16:13:59;109;18;25;22;13;4;5;4;3;0;2
2019-10-23 16:14:59;110;18;25;23;13;4;5;4;3;0;2
2019-10-23 16:15:59;110;18;25;23;13;4;5;4;3;0;2
2019-10-23 16:16:59;110;18;25;23;13;4;5;4;3;0;2
2019-10-23 16:17:58;110;18;25;23;13;4;5;4;3;0;2
2019-10-23 16:18:59;110;18;25;23;13;4;5;4;3;0;2
2019-10-23 16:19:59;110;18;25;23;13;4;5;4;3;0;2
2019-10-23 16:20:58;110;18;25;23;13;4;5;4;3;0;2
2019-10-23 16:21:59;110;18;24;24;13;4;5;4;3;0;2
2019-10-23 16:22:59;111;18;25;24;13;4;5;4;3;0;2
2019-10-23 16:23:58;111;18;25;24;13;4;5;4;3;0;2
2019-10-23 16:24:59;111;18;25;24;13;4;5;4;3;0;2
2019-10-23 16:25:59;111;18;25;24;13;4;5;4;3;0;2
2019-10-23 16:26:59;111;18;25;24;13;4;5;4;3;0;2
2019-10-23 16:27:59;111;18;25;24;13;4;5;4;3;0;2
2019-10-23 16:28:58;111;18;25;24;13;4;5;4;3;0;2
2019-10-23 16:29:59;112;18;26;24;13;4;5;4;3;0;2
2019-10-23 16:30:59;112;18;26;24;13;4;5;4;3;0;2
2019-10-23 16:31:58;112;18;26;24;13;4;5;4;3;0;2
2019-10-23 16:32:59;113;18;26;24;13;4;5;4;3;0;2
2019-10-23 16:33:59;115;18;26;24;13;5;5;4;3;2;2
2019-10-23 16:34:59;115;18;26;24;13;5;5;4;3;2;2
2019-10-23 16:35:58;115;18;26;24;13;5;5;4;3;2;2
2019-10-23 16:36:59;115;18;26;24;13;5;5;4;3;2;2
2019-10-23 16:38:00;115;18;26;24;13;5;5;4;3;2;2
2019-10-23 16:38:58;115;18;26;24;13;5;5;4;3;2;2
2019-10-23 16:39:59;115;18;26;24;13;5;5;4;3;2;2
2019-10-23 16:40:59;115;18;26;24;13;5;5;4;3;2;2
2019-10-23 16:41:58;115;18;26;24;13;5;5;4;3;2;2
2019-10-23 16:42:59;115;18;26;24;13;5;5;4;3;2;2
2019-10-23 16:43:59;115;18;26;24;13;5;5;4;3;2;2
2019-10-23 16:44:59;116;18;27;24;13;5;5;4;3;2;2
2019-10-23 16:45:58;117;18;27;25;13;5;5;4;3;2;2
2019-10-23 16:46:59;118;18;28;25;13;5;5;4;3;2;2
2019-10-23 16:47:59;118;18;28;25;13;5;5;4;3;2;2
2019-10-23 16:48:58;118;18;28;25;13;5;5;4;3;2;2
2019-10-23 16:49:59;119;18;29;25;13;5;5;4;3;2;2
2019-10-23 16:50:59;119;18;29;25;13;5;5;4;3;2;2
2019-10-23 16:51:59;120;19;29;25;13;5;5;4;3;2;2
2019-10-23 16:52:58;120;19;29;25;13;5;5;4;3;2;2
2019-10-23 16:53:59;120;19;29;25;13;5;5;4;3;2;2
2019-10-23 16:54:59;121;19;30;25;13;5;5;4;3;2;2
2019-10-23 16:55:58;121;19;30;25;13;5;5;4;3;2;2
2019-10-23 16:56:59;121;19;30;25;13;5;5;4;3;2;2
2019-10-23 16:57:59;121;19;30;25;13;5;5;4;3;2;2
2019-10-23 16:58:58;121;19;30;25;13;5;5;4;3;2;2
2019-10-23 16:59:59;122;19;31;25;13;5;5;4;3;2;2
2019-10-23 17:00:59;122;19;31;25;13;5;5;4;3;2;2
2019-10-23 17:01:58;122;19;31;25;13;5;5;4;3;2;2
2019-10-23 17:02:59;122;19;31;25;13;5;5;4;3;2;2
2019-10-23 17:03:59;122;19;31;25;13;5;5;4;3;2;2
2019-10-23 17:04:59;122;19;31;25;13;5;5;4;3;2;2
2019-10-23 17:05:58;123;19;31;26;13;5;5;4;3;2;2
2019-10-23 17:06:59;123;20;30;26;13;5;5;4;3;2;2
2019-10-23 17:07:59;123;20;30;26;13;5;5;4;3;2;2
2019-10-23 17:08:58;123;20;30;26;13;5;5;4;3;2;2
2019-10-23 17:09:59;123;20;30;26;13;5;5;4;3;2;2
2019-10-23 17:10:59;123;20;30;26;13;5;5;4;3;2;2
2019-10-23 17:11:59;124;20;31;26;13;5;5;4;3;2;2
2019-10-23 17:12:58;124;20;31;26;13;5;5;4;3;2;2
2019-10-23 17:13:59;124;20;31;26;13;5;5;4;3;2;2
2019-10-23 17:14:59;124;21;31;25;13;5;5;4;3;2;2
2019-10-23 17:15:59;125;22;31;25;13;5;5;4;3;2;2
2019-10-23 17:16:58;125;22;31;25;13;5;5;4;3;2;2
2019-10-23 17:17:59;125;22;32;25;13;5;5;3;3;2;2
2019-10-23 17:18:59;125;22;32;25;13;5;5;3;3;2;2
2019-10-23 17:19:59;125;22;32;25;13;5;5;3;3;2;2
2019-10-23 17:20:58;125;22;32;25;13;5;5;3;3;2;2
2019-10-23 17:21:59;126;23;32;25;13;5;5;3;3;2;2
2019-10-23 17:22:59;127;24;32;25;13;5;5;3;3;2;2
2019-10-23 17:23:58;128;25;32;24;13;5;5;3;3;2;2
2019-10-23 17:24:59;129;27;31;24;13;5;5;3;3;2;2
2019-10-23 17:25:59;130;28;31;24;13;5;5;3;3;2;2
2019-10-23 17:26:59;130;28;31;24;13;5;5;3;3;2;2
2019-10-23 17:27:59;130;28;31;24;13;5;5;3;3;2;2
2019-10-23 17:28:58;130;28;31;24;13;5;5;3;3;2;2
2019-10-23 17:29:59;131;28;31;24;13;5;5;4;3;2;2
2019-10-23 17:30:59;131;28;31;24;13;5;5;4;3;2;2
2019-10-23 17:31:58;132;29;31;24;13;5;5;4;3;2;2
2019-10-23 17:32:59;132;29;31;24;13;5;5;4;3;2;2
2019-10-23 17:33:59;132;29;31;24;13;5;5;4;3;2;2
2019-10-23 17:34:58;132;29;31;24;13;5;5;4;3;2;2
2019-10-23 17:35:59;132;29;31;24;13;5;5;4;3;2;2
2019-10-23 17:36:59;133;30;31;24;13;5;5;4;3;2;2
2019-10-23 17:37:58;133;30;31;24;13;5;5;4;3;2;2
2019-10-23 17:38:59;133;30;31;24;13;5;5;4;3;2;2
2019-10-23 17:39:59;134;31;31;24;13;5;5;4;3;2;2
2019-10-23 17:40:58;135;31;32;24;13;5;5;4;3;2;2
2019-10-23 17:41:59;135;31;32;24;13;5;5;4;3;2;2
2019-10-23 17:42:59;136;31;32;25;13;5;5;4;3;2;2
2019-10-23 17:43:59;136;31;32;25;13;5;5;4;3;2;2
2019-10-23 17:44:58;137;32;32;25;13;5;5;4;3;2;2
2019-10-23 17:45:59;138;32;33;25;13;5;5;4;3;2;2
2019-10-23 17:46:59;138;32;33;25;13;5;5;4;3;2;2
2019-10-23 17:47:58;139;32;33;25;13;5;5;4;3;3;2
2019-10-23 17:48:59;140;33;33;25;13;5;5;4;3;3;2
2019-10-23 17:49:59;141;34;33;25;13;5;5;4;3;3;2
2019-10-23 17:50:59;142;35;33;25;13;5;5;4;3;3;2
2019-10-23 17:51:58;142;35;33;25;13;5;5;4;3;3;2
2019-10-23 17:52:59;142;35;33;25;13;5;5;4;3;3;2
2019-10-23 17:53:59;142;35;33;25;13;5;5;4;3;3;2
2019-10-23 17:54:58;143;35;34;25;13;5;5;4;3;3;2
2019-10-23 17:55:59;143;35;34;25;13;5;5;4;3;3;2
2019-10-23 17:56:59;143;35;34;25;13;5;5;4;3;3;2
2019-10-23 17:57:59;143;35;34;25;13;5;5;4;3;3;2
2019-10-23 17:58:58;143;35;35;24;13;5;5;4;3;3;2
2019-10-23 17:59:59;143;35;35;24;13;5;5;4;3;3;2
2019-10-23 18:00:59;143;35;35;24;13;5;5;4;3;3;2
2019-10-23 18:01:58;143;35;35;24;13;5;5;4;3;3;2
2019-10-23 18:02:59;143;35;35;24;13;5;5;4;3;3;2
2019-10-23 18:03:59;143;35;35;24;13;5;5;4;3;3;2
2019-10-23 18:04:58;143;35;35;24;13;5;5;4;3;3;2
2019-10-23 18:05:59;144;36;35;24;13;5;5;4;3;3;2
2019-10-23 18:06:58;145;36;36;24;13;5;5;4;3;3;2
2019-10-23 18:07:59;146;37;36;24;13;5;5;4;3;3;2
2019-10-23 18:08:59;146;37;36;24;13;5;5;4;3;3;2
2019-10-23 18:09:59;146;38;36;24;13;5;5;4;3;2;2
2019-10-23 18:10:58;146;38;36;24;13;5;5;4;3;2;2
2019-10-23 18:11:59;146;38;36;24;13;5;5;4;3;2;2
2019-10-23 18:12:59;146;38;36;24;13;5;5;4;3;2;2
2019-10-23 18:13:58;148;40;36;24;13;5;5;4;3;2;2
2019-10-23 18:14:59;148;40;36;24;13;5;5;4;3;2;2
2019-10-23 18:15:59;148;40;36;24;13;5;5;4;3;2;2
2019-10-23 18:16:59;148;40;36;24;13;5;5;4;3;2;2
2019-10-23 18:17:58;148;40;36;24;13;5;5;4;3;2;2
2019-10-23 18:18:59;149;40;36;24;13;6;5;4;3;2;2
2019-10-23 18:19:59;149;40;36;24;13;6;5;4;3;2;2
2019-10-23 18:21:00;149;40;36;24;13;6;5;4;3;2;2
2019-10-23 18:21:58;149;40;36;24;13;6;5;4;3;2;2
2019-10-23 18:22:59;150;41;36;24;13;6;5;4;3;2;2
2019-10-23 18:23:58;149;41;36;23;13;6;5;4;3;2;2
2019-10-23 18:24:59;150;42;36;23;13;6;5;4;3;2;2
2019-10-23 18:25:59;151;42;37;23;13;6;5;4;3;2;2
2019-10-23 18:26:58;151;42;37;23;13;6;5;4;3;2;2
2019-10-23 18:27:59;151;42;37;23;13;6;5;4;3;2;2
2019-10-23 18:28:58;151;42;37;23;13;6;5;4;3;2;2
2019-10-23 18:29:59;151;42;37;23;13;6;5;4;3;2;2
2019-10-23 18:30:59;151;42;38;23;13;5;5;4;3;2;2
2019-10-23 18:31:59;151;42;38;23;13;5;5;4;3;2;2
2019-10-23 18:32:58;151;42;38;23;13;5;5;4;3;2;2
2019-10-23 18:33:59;151;42;38;23;13;5;5;4;3;2;2
2019-10-23 18:34:59;151;42;38;23;13;5;5;4;3;2;2
2019-10-23 18:35:59;151;42;38;23;13;5;5;4;3;2;2
2019-10-23 18:36:58;151;42;38;23;13;5;5;4;3;2;2
2019-10-23 18:37:59;151;42;38;23;13;5;5;4;3;2;2
2019-10-23 18:38:59;151;42;38;23;13;5;5;4;3;2;2
2019-10-23 18:40:00;151;42;38;23;13;5;5;4;3;2;2
2019-10-23 18:40:58;151;42;39;22;13;5;5;4;3;2;2
2019-10-23 18:41:59;152;43;39;22;13;5;5;4;3;2;2
2019-10-23 18:42:59;152;43;39;22;13;5;5;4;3;2;2
2019-10-23 18:43:58;152;43;39;22;13;5;5;4;3;2;2
2019-10-23 18:44:59;153;43;40;22;13;5;5;4;3;2;2
2019-10-23 18:45:59;153;43;40;22;13;5;5;4;3;2;2
2019-10-23 18:46:58;153;43;40;22;13;5;5;4;3;2;2
2019-10-23 18:47:59;153;43;40;22;13;5;5;4;3;2;2
2019-10-23 18:48:59;153;43;40;22;13;5;5;4;3;2;2
2019-10-23 18:49:59;154;44;40;22;13;5;5;4;3;2;2
2019-10-23 18:50:58;154;44;40;22;13;5;5;4;3;2;2
2019-10-23 18:51:59;154;44;40;22;13;5;5;4;3;2;2
2019-10-23 18:52:59;155;45;40;22;13;5;5;4;3;2;2
2019-10-23 18:53:58;155;45;40;22;13;5;5;4;3;2;2
2019-10-23 18:54:59;155;45;40;22;13;5;5;4;3;2;2
2019-10-23 18:55:59;155;45;40;22;13;5;5;4;3;2;2
2019-10-23 18:56:58;155;45;40;22;13;5;5;4;3;2;2
2019-10-23 18:57:59;157;47;40;22;13;5;5;4;3;2;2
2019-10-23 18:58:59;157;47;40;22;13;5;5;4;3;2;2
2019-10-23 18:59:58;158;48;40;22;13;5;5;4;3;2;2
2019-10-23 19:00:59;158;48;40;22;13;5;5;4;3;2;2
2019-10-23 19:01:59;158;48;40;22;13;5;5;4;3;2;2
2019-10-23 19:02:58;158;48;40;22;13;5;5;4;3;2;2
2019-10-23 19:03:59;159;48;40;22;13;6;5;4;3;2;2
2019-10-23 19:04:59;159;48;40;22;13;6;5;4;3;2;2
2019-10-23 19:05:59;159;48;40;22;13;6;5;4;3;2;2
2019-10-23 19:06:58;159;48;40;22;13;6;5;4;3;2;2
2019-10-23 19:07:59;159;48;40;22;13;6;5;4;3;2;2
2019-10-23 19:08:59;159;48;40;22;13;6;5;4;3;2;2
2019-10-23 19:09:58;159;48;40;22;13;6;5;4;3;2;2
2019-10-23 19:10:59;159;48;40;22;13;6;5;4;3;2;2
2019-10-23 19:11:59;159;48;40;22;13;6;5;4;3;2;2
2019-10-23 19:12:59;159;48;40;22;13;6;5;4;3;2;2
2019-10-23 19:13:58;159;48;40;22;13;6;5;4;3;2;2
2019-10-23 19:14:59;159;48;40;22;13;6;5;4;3;2;2
2019-10-23 19:15:59;159;48;40;22;13;6;5;4;3;2;2
2019-10-23 19:16:59;159;48;40;22;13;6;5;4;3;2;2
2019-10-23 19:17:58;159;48;40;22;13;6;5;4;3;2;2
2019-10-23 19:18:59;159;48;40;22;13;6;5;4;3;2;2
2019-10-23 19:19:59;159;48;40;22;13;6;5;4;3;2;2
2019-10-23 19:20:58;161;49;40;22;13;6;5;4;3;2;2
2019-10-23 19:21:59;161;49;40;22;13;6;5;4;3;2;2
2019-10-23 19:22:59;161;49;40;22;13;6;5;4;3;2;2
2019-10-23 19:23:58;162;50;40;22;13;6;5;4;3;2;2
2019-10-23 19:24:59;162;50;40;22;13;6;5;4;3;2;2
2019-10-23 19:25:59;162;50;40;22;13;6;5;4;3;2;2
2019-10-23 19:26:59;162;50;40;22;13;6;5;4;3;2;2
2019-10-23 19:27:58;162;50;40;22;13;6;5;4;3;2;2
2019-10-23 19:28:59;162;50;40;22;13;6;5;4;3;2;2
2019-10-23 19:29:58;162;50;40;22;13;6;5;4;3;2;2
2019-10-23 19:30:59;162;50;40;22;13;6;5;4;3;2;2
2019-10-23 19:31:59;162;50;40;22;13;6;5;4;3;2;2
2019-10-23 19:32:58;163;50;40;22;13;6;5;5;3;2;2
2019-10-23 19:33:59;163;50;40;22;13;6;5;5;3;2;2
2019-10-23 19:34:59;163;50;40;22;13;6;5;5;3;2;2
2019-10-23 19:35:59;162;50;40;22;13;6;5;5;3;2;2
2019-10-23 19:36:58;163;50;41;22;13;6;5;5;3;2;2
2019-10-23 19:37:59;163;50;41;22;13;6;5;5;3;2;2
2019-10-23 19:38:59;163;49;42;22;13;6;5;5;3;2;2
2019-10-23 19:39:59;164;49;43;22;13;6;5;5;3;2;2
2019-10-23 19:40:58;164;49;43;22;13;6;5;5;3;2;2
2019-10-23 19:41:59;164;49;43;22;13;6;5;5;3;2;2
2019-10-23 19:42:59;164;50;42;22;13;6;5;5;3;2;2
2019-10-23 19:43:58;164;50;42;22;13;6;5;5;3;2;2
2019-10-23 19:44:59;164;50;42;22;13;6;5;5;3;2;2
2019-10-23 19:45:59;165;50;43;22;13;6;5;5;3;2;2
2019-10-23 19:46:59;166;50;43;23;13;6;5;5;3;2;2
2019-10-23 19:47:58;166;50;43;23;13;6;5;5;3;2;2
2019-10-23 19:48:59;166;50;43;23;13;6;5;5;3;2;2
2019-10-23 19:49:59;166;50;43;23;13;6;5;5;3;2;2
2019-10-23 19:50:58;166;50;43;23;13;6;5;5;3;2;2
2019-10-23 19:51:59;166;50;43;23;13;6;5;5;3;2;2
2019-10-23 19:52:59;166;50;43;23;13;6;5;5;3;2;2
2019-10-23 19:53:59;166;50;43;23;13;6;5;5;3;2;2
2019-10-23 19:54:58;166;50;43;23;13;6;5;5;3;2;2
2019-10-23 19:55:59;166;50;43;23;13;6;5;5;3;2;2
2019-10-23 19:56:58;166;50;43;23;13;6;5;5;3;2;2
2019-10-23 19:57:59;166;50;43;23;13;6;5;5;3;2;2
2019-10-23 19:58:59;166;50;43;23;13;6;5;5;3;2;2
2019-10-23 19:59:58;166;50;43;23;13;6;5;5;3;2;2
2019-10-23 20:00:59;166;50;43;23;13;6;5;5;3;2;2
2019-10-23 20:01:59;166;50;43;23;13;6;5;5;3;2;2
2019-10-23 20:02:58;166;50;43;23;13;6;5;5;3;2;2
2019-10-23 20:03:59;166;50;43;23;13;6;5;5;3;2;2
2019-10-23 20:04:59;166;50;43;23;13;6;5;5;3;2;2
2019-10-23 20:05:58;166;50;43;23;13;6;5;5;3;2;2
2019-10-23 20:06:59;166;50;43;23;13;6;5;5;3;2;2
2019-10-23 20:07:59;166;50;43;23;13;6;5;5;3;2;2
2019-10-23 20:08:59;166;50;43;23;13;6;5;5;3;2;2
2019-10-23 20:09:58;166;50;43;23;13;6;5;5;3;2;2
2019-10-23 20:10:59;166;50;43;23;13;6;5;5;3;2;2
2019-10-23 20:11:59;166;50;43;23;13;6;5;5;3;2;2
2019-10-23 20:12:58;167;51;43;23;13;6;5;5;3;2;2
2019-10-23 20:13:59;167;51;43;23;13;6;5;5;3;2;2
2019-10-23 20:14:59;167;51;43;23;13;6;5;5;3;2;2
2019-10-23 20:15:58;167;51;43;23;13;6;5;5;3;2;2
2019-10-23 20:16:59;167;51;43;23;13;6;5;5;3;2;2
2019-10-23 20:17:59;167;51;43;23;13;6;5;5;3;2;2
2019-10-23 20:18:59;167;51;43;23;13;6;5;5;3;2;2
2019-10-23 20:19:58;167;51;43;23;13;6;5;5;3;2;2
2019-10-23 20:20:59;167;51;43;23;13;6;5;5;3;2;2
2019-10-23 20:21:59;167;51;43;23;13;6;5;5;3;2;2
2019-10-23 20:22:59;167;51;43;23;13;6;5;5;3;2;2
2019-10-23 20:23:58;168;52;43;23;13;6;5;5;3;2;2
2019-10-23 20:24:59;169;53;43;23;13;6;5;5;3;2;2
2019-10-23 20:25:59;169;53;43;23;13;6;5;5;3;2;2
2019-10-23 20:26:59;169;53;43;23;13;6;5;5;3;2;2
2019-10-23 20:27:58;169;53;43;23;13;6;5;5;3;2;2
2019-10-23 20:28:59;169;53;43;23;13;6;5;5;3;2;2
2019-10-23 20:29:59;169;53;44;23;13;6;5;5;3;2;2
2019-10-23 20:30:58;171;53;45;23;13;6;5;6;3;2;2
2019-10-23 20:31:59;172;54;45;23;13;6;5;6;3;2;2
2019-10-23 20:32:59;173;55;45;23;13;6;5;6;3;2;2
2019-10-23 20:33:59;173;55;45;23;13;6;5;6;3;2;2
2019-10-23 20:34:58;173;55;45;23;13;6;5;6;3;2;2
2019-10-23 20:35:59;173;55;45;23;13;6;5;6;3;2;2
2019-10-23 20:36:59;173;55;45;23;13;6;5;6;3;2;2
2019-10-23 20:37:58;173;55;45;23;13;6;5;6;3;2;2
2019-10-23 20:38:59;173;55;45;23;13;6;5;6;3;2;2
2019-10-23 20:39:59;174;55;45;23;14;6;5;6;3;2;2
2019-10-23 20:40:58;174;55;45;23;14;6;5;6;3;2;2
2019-10-23 20:41:59;175;55;45;24;14;6;5;6;3;2;2
2019-10-23 20:42:59;175;55;45;24;14;6;5;6;3;2;2
2019-10-23 20:43:59;175;55;45;24;14;6;5;6;3;2;2
2019-10-23 20:44:58;175;55;46;24;13;6;5;6;3;2;2
2019-10-23 20:45:59;175;55;46;24;13;6;5;6;3;2;2
2019-10-23 20:46:59;175;55;46;24;13;6;5;6;3;2;2
2019-10-23 20:47:59;175;55;46;24;13;6;5;6;3;2;2
2019-10-23 20:48:58;175;55;46;24;13;6;5;6;3;2;2
2019-10-23 20:49:59;176;56;46;24;13;6;5;6;3;2;2
2019-10-23 20:50:59;176;56;46;24;13;6;5;6;3;2;2
2019-10-23 20:51:58;176;56;46;24;13;6;5;6;3;2;2
2019-10-23 20:52:59;176;56;46;24;13;6;5;6;3;2;2
2019-10-23 20:53:59;177;57;46;24;13;6;5;6;3;2;2
2019-10-23 20:54:58;177;57;46;24;13;6;5;6;3;2;2
2019-10-23 20:55:59;177;57;46;24;13;6;5;6;3;2;2
2019-10-23 20:56:59;177;57;46;24;13;6;5;6;3;2;2
2019-10-23 20:57:58;177;57;46;24;13;6;5;6;3;2;2
2019-10-23 20:58:59;177;57;46;24;13;6;5;6;3;2;2
2019-10-23 20:59:59;178;58;46;24;13;6;5;6;3;2;2
2019-10-23 21:00:58;178;58;46;24;13;6;5;6;3;2;2
2019-10-23 21:01:59;178;58;46;24;13;6;5;6;3;2;2
2019-10-23 21:02:59;178;58;46;24;13;6;5;6;3;2;2
2019-10-23 21:03:58;178;58;46;24;13;6;5;6;3;2;2
2019-10-23 21:04:59;178;58;46;24;13;6;5;6;3;2;2
2019-10-23 21:05:59;178;58;46;24;13;6;5;6;3;2;2
2019-10-23 21:06:58;178;58;46;24;13;6;5;6;3;2;2
2019-10-23 21:07:59;178;58;46;24;13;6;5;6;3;2;2
2019-10-23 21:08:59;178;58;46;24;13;6;5;6;3;2;2
2019-10-23 21:09:59;178;58;46;24;13;6;5;6;3;2;2
2019-10-23 21:10:58;178;58;46;24;13;6;5;6;3;2;2
2019-10-23 21:11:59;178;58;46;24;13;6;5;6;3;2;2
2019-10-23 21:12:59;178;58;46;24;13;6;5;6;3;2;2
2019-10-23 21:13:58;178;58;46;24;13;6;5;6;3;2;2
2019-10-23 21:14:59;178;58;46;24;13;6;5;6;3;2;2
2019-10-23 21:15:59;178;58;46;24;13;6;5;6;3;2;2
2019-10-23 21:16:59;178;58;46;24;13;6;5;6;3;2;2
2019-10-23 21:17:58;179;58;47;24;13;6;5;6;3;2;2
2019-10-23 21:18:59;179;58;47;24;13;6;5;6;3;2;2
2019-10-23 21:19:59;179;58;47;24;13;6;5;6;3;2;2
2019-10-23 21:20:58;179;58;47;24;13;6;5;6;3;2;2
2019-10-23 21:21:59;179;58;47;24;13;6;5;6;3;2;2
2019-10-23 21:22:59;179;58;47;24;13;6;5;6;3;2;2
2019-10-23 21:23:58;179;58;47;24;13;6;5;6;3;2;2
2019-10-23 21:24:59;180;59;47;24;13;6;5;6;3;2;2
2019-10-23 21:25:59;181;59;48;24;13;6;5;6;3;2;2
2019-10-23 21:26:59;181;59;48;24;13;6;5;6;3;2;2
2019-10-23 21:27:58;181;59;48;24;13;6;5;6;3;2;2
2019-10-23 21:28:59;181;59;48;24;13;6;5;6;3;2;2
2019-10-23 21:29:59;181;59;48;24;13;6;5;6;3;2;2
2019-10-23 21:30:58;179;59;46;24;13;6;5;6;3;2;2
2019-10-23 21:31:59;179;59;46;24;13;6;5;6;3;2;2
2019-10-23 21:32:59;180;59;47;24;13;6;5;6;3;2;2
2019-10-23 21:33:59;180;59;47;24;13;6;5;6;3;2;2
2019-10-23 21:34:58;180;59;47;24;13;6;5;6;3;2;2
2019-10-23 21:35:59;180;59;47;24;13;6;5;6;3;2;2
2019-10-23 21:36:59;180;59;47;24;13;6;5;6;3;2;2
2019-10-23 21:37:58;181;59;48;24;13;6;5;6;3;2;2
2019-10-23 21:38:59;182;60;48;24;13;6;5;6;3;2;2
2019-10-23 21:39:59;181;60;48;23;13;6;5;6;3;2;2
2019-10-23 21:40:58;181;60;48;23;13;6;5;6;3;2;2
2019-10-23 21:41:59;182;61;48;23;13;6;5;6;3;2;2
2019-10-23 21:42:59;183;62;48;23;13;6;5;6;3;2;2
2019-10-23 21:43:59;183;62;48;23;13;6;5;6;3;2;2
2019-10-23 21:44:58;183;62;48;23;13;6;5;6;3;2;2
2019-10-23 21:45:59;183;62;48;23;13;6;5;6;3;2;2
2019-10-23 21:46:59;183;63;47;23;13;6;5;6;3;2;2
2019-10-23 21:47:59;183;63;47;23;13;6;5;6;3;2;2
2019-10-23 21:48:58;183;63;47;23;13;6;5;6;3;2;2
2019-10-23 21:49:59;183;63;47;23;13;6;5;6;3;2;2
2019-10-23 21:50:59;183;63;47;23;13;6;5;6;3;2;2
2019-10-23 21:51:58;183;63;47;23;13;6;5;6;3;2;2
2019-10-23 21:52:59;183;64;47;23;13;6;5;6;3;2;2
2019-10-23 21:53:59;184;65;47;23;13;6;5;6;3;2;2
2019-10-23 21:54:58;185;65;47;23;14;6;5;6;3;2;2
2019-10-23 21:55:59;185;65;47;23;14;6;5;6;3;2;2
2019-10-23 21:56:59;185;65;47;23;14;6;5;6;3;2;2
2019-10-23 21:58:00;185;65;47;23;14;6;5;6;3;2;2
2019-10-23 21:58:58;185;65;47;23;14;6;5;6;3;2;2
2019-10-23 21:59:59;185;65;47;23;14;6;5;6;3;2;2
2019-10-23 22:00:59;185;65;47;23;14;6;5;6;3;2;2
2019-10-23 22:01:59;185;65;47;23;14;6;5;6;3;2;2
2019-10-23 22:02:58;185;65;47;23;14;6;5;6;3;2;2
2019-10-23 22:03:59;185;65;47;23;14;6;5;6;3;2;2
2019-10-23 22:04:59;185;65;47;23;14;6;5;6;3;2;2
2019-10-23 22:05:58;185;65;47;23;14;6;5;6;3;2;2
2019-10-23 22:06:59;185;65;47;23;14;6;5;6;3;2;2
2019-10-23 22:07:59;185;65;45;25;14;6;5;6;3;2;2
2019-10-23 22:08:58;185;65;45;25;14;6;5;6;3;2;2
2019-10-23 22:09:59;185;65;45;25;14;6;5;6;3;2;2
2019-10-23 22:10:59;186;66;45;25;14;6;5;6;3;2;2
2019-10-23 22:11:59;186;66;45;25;14;6;5;6;3;2;2
2019-10-23 22:12:58;186;66;45;25;14;6;5;6;3;2;2
2019-10-23 22:14:00;186;66;45;25;14;6;5;6;3;2;2
2019-10-23 22:14:58;187;67;45;25;14;6;5;6;3;2;2
2019-10-23 22:15:59;187;67;45;25;14;6;5;6;3;2;2
2019-10-23 22:16:59;187;67;45;25;14;6;5;6;3;2;2
2019-10-23 22:17:58;187;67;45;25;14;6;5;6;3;2;2
2019-10-23 22:18:59;187;67;45;25;14;6;5;6;3;2;2
2019-10-23 22:19:59;187;67;45;25;14;6;5;6;3;2;2
2019-10-23 22:20:58;187;67;45;25;14;6;5;6;3;2;2
2019-10-23 22:21:59;187;67;45;25;14;6;5;6;3;2;2
2019-10-23 22:22:59;187;67;45;25;14;6;5;6;3;2;2
2019-10-23 22:23:59;187;67;45;25;14;6;5;6;3;2;2
2019-10-23 22:24:59;187;67;45;25;14;6;5;6;3;2;2
2019-10-23 22:25:59;187;67;45;25;14;6;5;6;3;2;2
2019-10-23 22:26:59;188;68;45;25;14;6;5;6;3;2;2
2019-10-23 22:27:58;188;68;45;25;14;6;5;6;3;2;2
2019-10-23 22:28:59;188;68;45;25;14;6;5;6;3;2;2
2019-10-23 22:29:59;188;68;45;25;14;6;5;6;3;2;2
2019-10-23 22:30:59;188;68;45;25;14;6;5;6;3;2;2
2019-10-23 22:31:58;188;68;45;25;14;6;5;6;3;2;2
2019-10-23 22:32:59;189;69;45;25;14;6;5;6;3;2;2
2019-10-23 22:33:59;189;69;45;25;14;6;5;6;3;2;2
2019-10-23 22:34:59;189;69;45;25;14;6;5;6;3;2;2
2019-10-23 22:35:58;189;69;45;25;14;6;5;6;3;2;2
2019-10-23 22:36:59;189;69;45;25;14;6;5;6;3;2;2
2019-10-23 22:37:59;189;69;45;25;14;6;5;6;3;2;2
2019-10-23 22:38:58;189;69;45;25;14;6;5;6;3;2;2
2019-10-23 22:39:59;189;69;45;25;14;6;5;6;3;2;2
2019-10-23 22:40:59;191;69;47;25;13;7;5;6;3;2;2
2019-10-23 22:41:59;191;69;47;25;13;7;5;6;3;2;2
2019-10-23 22:42:58;190;69;47;25;12;7;5;6;3;2;2
2019-10-23 22:43:59;190;69;47;25;12;7;5;6;3;2;2
2019-10-23 22:44:59;190;69;47;25;12;7;5;6;3;2;2
2019-10-23 22:45:58;190;69;47;25;12;7;5;6;3;2;2
2019-10-23 22:46:59;191;70;47;25;12;7;5;6;3;2;2
2019-10-23 22:47:59;191;70;47;25;12;7;5;6;3;2;2
2019-10-23 22:48:59;192;71;47;25;12;7;5;6;3;2;2
2019-10-23 22:49:58;193;71;47;25;12;7;5;6;3;2;2
2019-10-23 22:50:59;193;71;47;25;12;7;5;6;3;2;2
2019-10-23 22:51:59;193;71;47;25;12;7;5;6;3;2;2
2019-10-23 22:52:58;193;71;47;25;12;7;5;6;3;2;2
2019-10-23 22:53:59;194;71;48;25;12;7;5;6;3;2;2
2019-10-23 22:54:59;194;71;48;25;12;7;5;6;3;2;2
2019-10-23 22:56:00;195;71;49;25;12;7;5;6;3;2;2
2019-10-23 22:56:58;195;71;49;25;12;7;5;6;3;2;2
2019-10-23 22:57:59;195;71;49;25;12;7;5;6;3;2;2
2019-10-23 22:58:59;195;71;49;25;12;7;5;6;3;2;2
2019-10-23 22:59:59;195;71;49;25;12;7;5;6;3;2;2
2019-10-23 23:00:58;197;72;50;25;12;7;5;6;3;2;2
2019-10-23 23:01:59;197;72;50;25;12;7;5;6;3;2;2
2019-10-23 23:02:59;197;72;50;25;12;7;5;6;3;2;2
2019-10-23 23:03:58;197;72;50;25;12;7;5;6;3;2;2
2019-10-23 23:04:59;198;73;50;25;12;7;5;6;3;2;2
2019-10-23 23:05:59;198;73;50;25;12;7;5;6;3;2;2
2019-10-23 23:06:58;198;73;50;25;12;7;5;6;3;2;2
2019-10-23 23:07:59;199;74;50;25;12;7;5;6;3;2;2
2019-10-23 23:08:59;199;74;50;25;12;7;5;6;3;2;2
2019-10-23 23:09:59;199;74;50;25;12;7;5;6;3;2;2
2019-10-23 23:10:58;199;74;50;25;12;7;5;6;3;2;2
2019-10-23 23:11:59;199;74;50;25;12;7;5;6;3;2;2
2019-10-23 23:12:59;199;74;50;25;12;7;5;6;3;2;2
2019-10-23 23:13:59;200;75;50;25;12;7;5;6;3;2;2
2019-10-23 23:14:58;200;75;50;25;12;7;5;6;3;2;2
2019-10-23 23:15:59;200;75;50;25;12;7;5;6;3;2;2
2019-10-23 23:16:59;200;75;50;25;12;7;5;6;3;2;2
2019-10-23 23:17:58;200;75;50;25;12;7;5;6;3;2;2
2019-10-23 23:18:59;200;75;50;25;12;7;5;6;3;2;2
2019-10-23 23:19:59;200;75;50;25;12;7;5;6;3;2;2
2019-10-23 23:20:59;200;75;49;26;12;7;5;6;3;2;2
2019-10-23 23:21:58;201;75;49;26;12;7;5;6;3;2;3
2019-10-23 23:22:59;201;75;49;26;12;7;5;6;3;2;3
2019-10-23 23:23:58;201;74;50;26;12;7;5;6;3;2;3
2019-10-23 23:24:59;200;74;50;26;12;7;5;5;3;2;3
2019-10-23 23:25:59;200;74;50;26;12;7;5;5;3;2;3
2019-10-23 23:26:59;200;74;50;26;12;7;5;5;3;2;3
2019-10-23 23:27:58;201;74;50;27;12;7;5;5;3;2;3
2019-10-23 23:28:59;200;74;49;27;12;7;5;5;3;2;3
2019-10-23 23:29:59;200;74;49;27;12;7;5;5;3;2;3
2019-10-23 23:30:58;200;74;49;27;12;7;5;5;3;2;3
2019-10-23 23:31:59;200;74;49;27;12;7;5;5;3;2;3
2019-10-23 23:32:59;200;74;49;27;12;7;5;5;3;2;3
2019-10-23 23:33:58;200;74;49;27;12;7;5;5;3;2;3
2019-10-23 23:34:59;200;74;49;27;12;7;5;5;3;2;3
2019-10-23 23:35:59;201;75;49;27;12;7;5;5;3;2;3
2019-10-23 23:36:59;201;75;49;27;12;7;5;5;3;2;3
2019-10-23 23:37:58;201;75;49;27;12;7;5;5;3;2;3
2019-10-23 23:38:59;201;75;49;27;12;7;5;5;3;2;3
2019-10-23 23:39:59;201;75;49;27;12;7;5;5;3;2;3
2019-10-23 23:40:58;201;75;49;27;12;7;5;5;3;2;3
2019-10-23 23:41:59;201;75;49;27;12;7;5;5;3;2;3
2019-10-23 23:42:59;202;75;49;28;12;7;5;5;3;2;3
2019-10-23 23:43:58;203;75;49;28;12;7;5;5;3;3;3
2019-10-23 23:44:59;204;77;48;28;12;7;5;5;3;3;3
2019-10-23 23:46:00;204;77;48;28;12;7;5;5;3;3;3
2019-10-23 23:46:58;204;77;48;28;12;7;5;5;3;3;3
2019-10-23 23:47:59;204;77;48;28;12;7;5;5;3;3;3
2019-10-23 23:48:59;205;78;48;28;12;7;5;5;3;3;3
2019-10-23 23:49:58;205;78;48;28;12;7;5;5;3;3;3
2019-10-23 23:50:59;205;78;48;28;12;7;5;5;3;3;3
2019-10-23 23:51:59;205;78;48;28;12;7;5;5;3;3;3
2019-10-23 23:52:59;205;78;48;28;12;7;5;5;3;3;3
2019-10-23 23:53:58;205;78;48;28;12;7;5;5;3;3;3
2019-10-23 23:54:59;205;78;48;28;12;7;5;5;3;3;3
2019-10-23 23:55:59;205;78;48;28;12;7;5;5;3;3;3
2019-10-23 23:56:59;205;78;48;28;12;7;5;5;3;3;3
2019-10-23 23:57:58;205;78;48;28;12;7;5;5;3;3;3
2019-10-23 23:58:59;205;78;48;28;12;7;5;5;3;3;3
2019-10-23 23:59:59;205;78;48;28;12;7;5;5;3;3;3
