datetime;total_votes;madobad;Перелив;Der_Sturmer;TheWho;KOCTOPE3;wintercyclone;Jayola;Needlefang;Shambala;kupal
2019-07-31 00:00:59;0;0;0;0;0;0;0;0;0;0;0
2019-07-31 00:01:59;0;0;0;0;0;1;0;0;0;0;0
2019-07-31 00:02:59;0;0;0;0;0;1;0;0;0;0;0
2019-07-31 00:04:00;2;0;0;0;0;1;0;0;0;0;0
2019-07-31 00:04:58;3;0;0;0;0;1;0;0;0;0;0
2019-07-31 00:05:59;4;1;0;0;0;1;0;0;0;0;0
2019-07-31 00:06:59;4;1;0;0;0;1;0;0;0;0;0
2019-07-31 00:07:58;4;1;0;0;0;1;0;0;0;0;0
2019-07-31 00:08:59;4;1;0;0;0;1;0;0;0;0;0
2019-07-31 00:09:59;4;1;0;0;0;1;0;0;0;0;0
2019-07-31 00:10:58;6;1;0;0;0;1;0;0;0;1;0
2019-07-31 00:11:59;6;1;0;0;0;1;0;0;0;1;0
2019-07-31 00:12:59;6;1;0;0;0;1;0;0;0;1;0
2019-07-31 00:13:58;7;1;0;0;0;1;0;0;0;1;0
2019-07-31 00:14:59;9;1;0;0;0;1;0;1;0;2;0
2019-07-31 00:15:58;9;1;0;0;0;1;0;1;0;2;0
2019-07-31 00:16:59;9;1;0;0;0;1;0;1;0;2;0
2019-07-31 00:17:59;9;1;0;0;0;1;0;1;0;2;0
2019-07-31 00:18:58;10;1;0;0;0;1;0;1;0;2;0
2019-07-31 00:19:59;10;1;0;0;0;1;0;1;0;2;0
2019-07-31 00:20:59;10;1;0;0;0;1;0;1;0;2;0
2019-07-31 00:21:58;10;1;0;0;0;1;0;1;0;2;0
2019-07-31 00:22:59;10;1;0;0;0;1;0;1;0;2;0
2019-07-31 00:23:59;10;1;0;0;0;1;0;1;0;2;0
2019-07-31 00:24:58;11;1;0;0;0;1;0;1;0;2;1
2019-07-31 00:25:59;12;2;0;0;0;1;0;1;0;2;1
2019-07-31 00:26:59;14;2;1;0;0;1;0;1;0;2;0
2019-07-31 00:27:58;14;2;1;0;0;1;0;1;0;2;0
2019-07-31 00:28:59;15;2;1;0;0;1;0;1;0;3;0
2019-07-31 00:29:59;16;2;2;0;0;1;0;1;0;3;1
2019-07-31 00:30:58;16;2;2;0;0;1;0;1;0;3;1
2019-07-31 00:31:59;17;2;2;0;0;1;0;1;0;3;2
2019-07-31 00:32:59;18;2;3;0;0;0;0;1;0;3;2
2019-07-31 00:33:58;18;2;3;0;0;0;0;1;0;3;2
2019-07-31 00:34:59;18;2;3;0;0;0;0;1;0;3;2
2019-07-31 00:35:59;18;2;3;0;0;0;0;1;0;3;2
2019-07-31 00:36:58;18;2;3;0;0;0;0;1;0;3;2
2019-07-31 00:37:59;18;2;3;0;0;0;0;1;0;3;2
2019-07-31 00:38:59;18;2;3;0;0;0;0;1;0;3;2
2019-07-31 00:39:58;18;2;3;0;0;0;0;1;0;3;2
2019-07-31 00:40:59;19;2;3;1;0;0;0;1;0;3;2
2019-07-31 00:41:59;19;2;3;1;0;0;0;1;0;3;2
2019-07-31 00:42:58;20;3;3;1;0;0;0;1;0;3;2
2019-07-31 00:43:59;21;3;3;2;0;0;0;1;0;3;2
2019-07-31 00:44:58;22;3;3;3;0;0;0;1;0;3;2
2019-07-31 00:45:59;22;3;3;3;0;0;0;1;0;3;2
2019-07-31 00:46:59;23;3;4;3;0;0;0;1;0;3;2
2019-07-31 00:47:58;23;3;4;3;0;0;0;1;0;3;2
2019-07-31 00:48:59;24;3;4;4;0;0;0;1;0;3;2
2019-07-31 00:49:59;24;3;4;4;0;0;0;1;0;3;2
2019-07-31 00:50:58;25;3;4;4;0;0;0;1;0;3;2
2019-07-31 00:51:59;27;3;5;4;0;0;0;1;0;3;2
2019-07-31 00:52:59;26;3;5;4;0;0;0;1;0;3;2
2019-07-31 00:53:58;27;3;5;4;0;0;0;1;1;3;2
2019-07-31 00:54:59;28;3;5;4;0;0;0;0;1;3;2
2019-07-31 00:55:59;29;3;5;4;0;0;0;0;1;3;2
2019-07-31 00:56:59;29;3;5;4;0;0;0;0;1;3;2
2019-07-31 00:57:58;29;3;5;4;0;0;0;0;1;3;2
2019-07-31 00:58:59;29;3;5;4;0;0;0;0;1;3;2
2019-07-31 00:59:58;30;4;5;4;0;0;0;0;1;3;2
2019-07-31 01:00:59;30;4;5;4;0;0;0;0;1;3;2
2019-07-31 01:01:58;31;4;5;4;0;0;0;0;1;3;2
2019-07-31 01:02:59;31;4;5;4;0;0;0;0;1;3;2
2019-07-31 01:03:59;31;4;5;4;0;0;0;0;1;3;2
2019-07-31 01:04:58;31;4;5;4;0;0;0;0;1;3;2
2019-07-31 01:05:59;31;4;5;4;0;0;0;0;1;3;2
2019-07-31 01:06:59;31;4;5;4;0;0;0;0;1;3;2
2019-07-31 01:07:58;33;4;5;5;0;0;0;0;1;3;3
2019-07-31 01:08:59;33;4;5;5;0;0;0;0;1;3;3
2019-07-31 01:09:59;33;4;5;5;0;0;0;0;1;3;3
2019-07-31 01:10:58;33;4;5;5;0;0;0;0;1;3;3
2019-07-31 01:11:59;33;4;5;5;0;0;0;0;1;3;3
2019-07-31 01:12:58;33;4;5;5;0;0;0;0;1;3;3
2019-07-31 01:13:59;33;4;5;5;0;0;0;0;1;3;3
2019-07-31 01:14:59;33;4;5;5;0;0;0;0;1;3;3
2019-07-31 01:15:58;33;4;5;5;0;0;0;0;1;3;3
2019-07-31 01:16:59;35;4;6;5;0;0;0;0;1;4;3
2019-07-31 01:17:59;35;4;6;5;0;0;0;0;1;4;3
2019-07-31 01:18:58;36;4;6;6;0;1;0;0;2;4;3
2019-07-31 01:19:59;36;4;6;6;0;1;0;0;2;4;3
2019-07-31 01:20:59;37;4;6;6;0;1;0;0;2;5;3
2019-07-31 01:21:58;37;4;6;6;0;1;0;0;2;5;3
2019-07-31 01:22:59;37;4;6;6;0;1;0;0;2;5;3
2019-07-31 01:23:59;38;5;6;6;0;1;0;0;2;5;3
2019-07-31 01:24:59;38;5;6;6;0;1;0;0;2;5;3
2019-07-31 01:25:58;38;5;6;6;0;1;0;0;2;5;3
2019-07-31 01:26:59;38;5;6;6;0;1;0;0;2;5;3
2019-07-31 01:27:59;38;5;6;6;0;1;0;0;2;5;3
2019-07-31 01:28:58;40;5;6;6;0;1;0;0;3;6;3
2019-07-31 01:29:59;41;5;6;6;0;0;0;0;3;6;3
2019-07-31 01:30:59;41;5;6;6;0;0;0;0;3;6;3
2019-07-31 01:31:58;41;5;6;6;0;0;0;0;3;6;3
2019-07-31 01:32:59;41;5;6;6;0;0;0;0;3;6;3
2019-07-31 01:33:58;41;5;6;6;0;0;0;0;3;6;3
2019-07-31 01:34:59;41;5;6;6;0;0;0;0;3;6;3
2019-07-31 01:35:59;41;5;6;6;0;0;0;0;3;6;3
2019-07-31 01:36:58;41;5;6;6;0;0;0;0;3;6;3
2019-07-31 01:37:59;41;5;6;6;0;0;0;0;3;6;3
2019-07-31 01:38:59;41;5;6;6;0;0;0;0;3;6;3
2019-07-31 01:39:58;41;5;6;6;0;0;0;0;3;6;3
2019-07-31 01:40:59;42;5;6;6;0;0;0;0;3;6;3
2019-07-31 01:41:59;42;5;6;6;0;0;0;0;3;6;3
2019-07-31 01:42:58;42;5;6;6;0;0;0;0;3;6;3
2019-07-31 01:43:59;42;5;6;6;0;0;0;0;3;6;3
2019-07-31 01:44:59;42;5;6;6;0;0;0;0;3;6;3
2019-07-31 01:45:58;42;5;6;6;0;0;0;0;3;6;3
2019-07-31 01:46:59;42;5;6;6;0;0;0;0;3;6;3
2019-07-31 01:47:58;43;5;7;6;0;0;0;0;3;6;3
2019-07-31 01:48:59;43;5;7;6;0;0;0;0;3;6;3
2019-07-31 01:49:59;43;5;7;6;0;0;0;0;3;6;3
2019-07-31 01:50:58;43;5;7;6;0;0;0;0;3;6;3
2019-07-31 01:51:59;43;5;7;6;0;0;0;0;3;6;3
2019-07-31 01:52:59;43;5;7;6;0;0;0;0;3;6;3
2019-07-31 01:53:58;43;5;7;6;0;0;0;0;3;6;3
2019-07-31 01:54:59;43;5;7;6;0;0;0;0;3;6;3
2019-07-31 01:55:58;43;5;7;6;0;0;0;0;3;6;3
2019-07-31 01:56:59;43;5;7;6;0;0;0;0;3;6;3
2019-07-31 01:57:59;43;5;7;6;0;0;0;0;3;6;3
2019-07-31 01:58:58;43;5;7;6;0;0;0;0;3;6;3
2019-07-31 01:59:59;43;5;7;6;0;0;0;0;3;6;3
2019-07-31 02:00:59;44;6;7;6;0;0;0;0;3;6;3
2019-07-31 02:01:58;45;6;8;6;0;0;0;0;3;6;3
2019-07-31 02:02:59;45;6;8;6;0;0;0;0;3;6;3
2019-07-31 02:03:58;46;7;8;6;0;0;0;0;3;6;3
2019-07-31 02:04:59;46;7;8;6;0;0;0;0;3;6;3
2019-07-31 02:05:59;46;7;8;6;0;0;0;0;3;6;3
2019-07-31 02:06:58;47;8;8;6;0;0;0;0;3;6;3
2019-07-31 02:07:59;47;8;8;6;0;0;0;0;3;6;3
2019-07-31 02:08:59;47;8;8;6;0;0;0;0;3;6;3
2019-07-31 02:09:58;47;8;8;6;0;0;0;0;3;6;3
2019-07-31 02:10:59;47;8;8;6;0;0;0;0;3;6;3
2019-07-31 02:11:59;47;8;8;6;0;0;0;0;3;6;3
2019-07-31 02:12:58;47;8;8;6;0;0;0;0;3;6;3
2019-07-31 02:13:59;47;8;8;6;0;0;0;0;3;6;3
2019-07-31 02:14:58;47;8;8;6;0;0;0;0;3;6;3
2019-07-31 02:15:59;47;8;8;6;0;0;0;0;3;6;3
2019-07-31 02:16:59;47;8;8;6;0;0;0;0;3;6;3
2019-07-31 02:17:58;47;8;8;6;0;0;0;0;3;6;3
2019-07-31 02:18:59;47;8;8;6;0;0;0;0;3;6;3
2019-07-31 02:19:59;47;8;8;6;0;0;0;0;3;6;3
2019-07-31 02:20:58;47;8;8;6;0;0;0;0;3;6;3
2019-07-31 02:21:59;47;8;8;6;0;0;0;0;3;6;3
2019-07-31 02:22:59;47;8;8;6;0;0;0;0;3;6;3
2019-07-31 02:23:58;47;8;8;6;0;0;0;0;3;6;3
2019-07-31 02:24:59;47;8;8;6;0;0;0;0;3;6;3
2019-07-31 02:25:59;48;8;8;7;0;0;0;0;3;6;3
2019-07-31 02:26:58;48;8;8;7;0;0;0;0;3;6;3
2019-07-31 02:27:59;48;8;8;7;0;0;0;0;3;6;3
2019-07-31 02:28:59;48;8;8;7;0;0;0;0;3;6;3
2019-07-31 02:29:58;48;8;8;7;0;0;0;0;3;6;3
2019-07-31 02:30:59;48;8;8;7;0;0;0;0;3;6;3
2019-07-31 02:31:58;48;8;8;7;0;0;0;0;3;6;3
2019-07-31 02:32:59;48;8;8;7;0;0;0;0;3;6;3
2019-07-31 02:33:59;48;8;8;7;0;0;0;0;3;6;3
2019-07-31 02:34:58;48;8;8;7;0;0;0;0;3;6;3
2019-07-31 02:35:59;48;8;8;7;0;0;0;0;3;6;3
2019-07-31 02:36:59;48;8;8;7;0;0;0;0;3;6;3
2019-07-31 02:37:58;48;8;8;7;0;0;0;0;3;6;3
2019-07-31 02:38:59;48;8;8;7;0;0;0;0;3;6;3
2019-07-31 02:39:59;48;8;8;7;0;0;0;0;3;6;3
2019-07-31 02:40:58;48;8;8;7;0;0;0;0;3;6;3
2019-07-31 02:41:59;48;8;8;7;0;0;0;0;3;6;3
2019-07-31 02:42:58;48;8;8;7;0;0;0;0;3;6;3
2019-07-31 02:43:59;49;8;8;8;0;0;0;0;3;6;3
2019-07-31 02:44:59;49;8;8;8;0;0;0;0;3;6;3
2019-07-31 02:45:58;49;8;8;8;0;0;0;0;3;6;3
2019-07-31 02:46:59;49;8;8;8;0;0;0;0;3;6;3
2019-07-31 02:47:58;49;8;8;8;0;0;0;0;3;6;3
2019-07-31 02:48:59;49;8;8;8;0;0;0;0;3;6;3
2019-07-31 02:49:59;49;8;8;8;0;0;0;0;3;6;3
2019-07-31 02:50:58;49;8;8;8;0;0;0;0;3;6;3
2019-07-31 02:51:59;49;8;8;8;0;0;0;0;3;6;3
2019-07-31 02:52:59;49;8;8;8;0;0;0;0;3;6;3
2019-07-31 02:53:58;49;8;8;8;0;0;0;0;3;6;3
2019-07-31 02:54:59;49;8;8;8;0;0;0;0;3;6;3
2019-07-31 02:55:58;49;8;8;8;0;0;0;0;3;6;3
2019-07-31 02:56:59;49;8;8;8;0;0;0;0;3;6;3
2019-07-31 02:57:59;49;8;8;8;0;0;0;0;3;6;3
2019-07-31 02:58:58;49;8;8;8;0;0;0;0;3;6;3
2019-07-31 02:59:59;49;8;8;8;0;0;0;0;3;6;3
2019-07-31 03:00:59;49;8;8;8;0;0;0;0;3;6;3
2019-07-31 03:01:58;49;8;8;8;0;0;0;0;3;6;3
2019-07-31 03:02:59;49;8;8;8;0;0;0;0;3;6;3
2019-07-31 03:03:59;49;8;8;8;0;0;0;0;3;6;3
2019-07-31 03:04:58;49;8;8;8;0;0;0;0;3;6;3
2019-07-31 03:05:59;49;8;8;8;0;0;0;0;3;6;3
2019-07-31 03:06:59;49;8;8;8;0;0;0;0;3;6;3
2019-07-31 03:07:58;49;8;8;8;0;0;0;0;3;6;3
2019-07-31 03:08:59;49;8;8;8;0;0;0;0;3;6;3
2019-07-31 03:09:59;50;8;8;9;0;0;0;0;3;6;3
2019-07-31 03:10:58;50;8;8;9;0;0;0;0;3;6;3
2019-07-31 03:11:59;50;8;8;9;0;0;0;0;3;6;3
2019-07-31 03:12:59;50;8;8;9;0;0;0;0;3;6;3
2019-07-31 03:13:58;50;8;8;9;0;0;0;0;3;6;3
2019-07-31 03:14:59;50;8;8;9;0;0;0;0;3;6;3
2019-07-31 03:16:00;50;8;8;9;0;0;0;0;3;6;3
2019-07-31 03:16:58;50;8;8;9;0;0;0;0;3;6;3
2019-07-31 03:17:59;50;8;8;9;0;0;0;0;3;6;3
2019-07-31 03:18:58;50;8;8;9;0;0;0;0;3;6;3
2019-07-31 03:19:59;50;8;8;9;0;0;0;0;3;6;3
2019-07-31 03:20:59;50;8;8;9;0;0;0;0;3;6;3
2019-07-31 03:21:58;50;8;8;9;0;0;0;0;3;6;3
2019-07-31 03:22:59;50;8;8;9;0;0;0;0;3;6;3
2019-07-31 03:23:59;50;8;8;9;0;0;0;0;3;6;3
2019-07-31 03:24:58;51;9;8;9;0;0;0;0;3;6;3
2019-07-31 03:25:59;51;9;8;9;0;0;0;0;3;6;3
2019-07-31 03:26:59;52;10;8;9;0;0;0;0;3;6;3
2019-07-31 03:27:58;52;10;8;9;0;0;0;0;3;6;3
2019-07-31 03:28:59;53;10;8;10;0;0;0;0;3;6;3
2019-07-31 03:29:59;53;10;8;10;0;0;0;0;3;6;3
2019-07-31 03:30:58;53;10;8;10;0;0;0;0;3;6;3
2019-07-31 03:31:59;53;10;8;10;0;0;0;0;3;6;3
2019-07-31 03:32:58;53;10;8;10;0;0;0;0;3;6;3
2019-07-31 03:33:59;53;10;8;10;0;0;0;0;3;6;3
2019-07-31 03:34:59;53;10;8;10;0;0;0;0;3;6;3
2019-07-31 03:35:58;53;10;8;10;0;0;0;0;3;6;3
2019-07-31 03:36:59;53;10;8;10;0;0;0;0;3;6;3
2019-07-31 03:37:58;53;10;8;10;0;0;0;0;3;6;3
2019-07-31 03:38:59;54;10;8;11;0;0;0;0;3;6;3
2019-07-31 03:39:59;54;10;8;11;0;0;0;0;3;6;3
2019-07-31 03:40:58;54;10;8;11;0;0;0;0;3;6;3
2019-07-31 03:41:59;54;10;8;11;0;0;0;0;3;6;3
2019-07-31 03:42:59;55;10;8;11;0;0;0;0;4;6;3
2019-07-31 03:43:58;55;10;8;11;0;0;0;0;4;6;3
2019-07-31 03:44:59;55;10;8;11;0;0;0;0;4;6;3
2019-07-31 03:45:59;55;10;8;11;0;0;0;0;4;6;3
2019-07-31 03:46:58;55;10;8;11;0;0;0;0;4;6;3
2019-07-31 03:47:59;55;10;8;11;0;0;0;0;4;6;3
2019-07-31 03:48:59;55;10;8;11;0;0;0;0;4;6;3
2019-07-31 03:49:58;55;10;8;11;0;0;0;0;4;6;3
2019-07-31 03:50:59;55;10;8;11;0;0;0;0;4;6;3
2019-07-31 03:51:59;55;10;8;11;0;0;0;0;4;6;3
2019-07-31 03:52:58;55;10;8;11;0;0;0;0;4;6;3
2019-07-31 03:53:59;55;10;8;11;0;0;0;0;4;6;3
2019-07-31 03:54:58;55;10;8;11;0;0;0;0;4;6;3
2019-07-31 03:55:59;55;10;8;11;0;0;0;0;4;6;3
2019-07-31 03:56:59;55;10;8;11;0;0;0;0;4;6;3
2019-07-31 03:57:58;55;10;8;11;0;0;0;0;4;6;3
2019-07-31 03:58:59;55;10;8;11;0;0;0;0;4;6;3
2019-07-31 03:59:58;55;10;8;11;0;0;0;0;4;6;3
2019-07-31 04:00:59;55;10;8;11;0;0;0;0;4;6;3
2019-07-31 04:01:58;55;10;8;11;0;0;0;0;4;6;3
2019-07-31 04:02:59;55;10;8;11;0;0;0;0;4;6;3
2019-07-31 04:03:59;56;10;8;12;0;0;0;0;4;6;3
2019-07-31 04:04:58;56;10;8;12;0;0;0;0;4;6;3
2019-07-31 04:05:59;56;10;8;12;0;0;0;0;4;6;3
2019-07-31 04:06:59;58;10;8;12;0;0;2;0;4;6;3
2019-07-31 04:07:58;60;10;8;12;0;0;4;0;4;6;3
2019-07-31 04:08:59;60;10;8;12;0;0;4;0;4;6;3
2019-07-31 04:09:59;60;10;8;12;0;0;4;0;4;6;3
2019-07-31 04:10:58;60;10;8;12;0;0;4;0;4;6;3
2019-07-31 04:11:59;60;10;8;12;0;0;4;0;4;6;3
2019-07-31 04:12:59;60;10;8;12;0;0;4;0;4;6;3
2019-07-31 04:13:58;60;10;8;12;0;0;4;0;4;6;3
2019-07-31 04:14:59;60;10;8;12;0;0;4;0;4;6;3
2019-07-31 04:15:58;61;10;8;13;0;0;4;0;4;6;3
2019-07-31 04:16:59;62;10;8;13;0;1;4;0;4;6;3
2019-07-31 04:17:59;63;10;8;14;0;1;4;0;4;6;3
2019-07-31 04:18:58;63;10;8;14;0;1;4;0;4;6;3
2019-07-31 04:19:59;63;10;8;14;0;1;4;0;4;6;3
2019-07-31 04:20:59;63;10;8;14;0;1;4;0;4;6;3
2019-07-31 04:21:58;63;10;8;14;0;1;4;0;4;6;3
2019-07-31 04:22:59;63;10;8;14;0;1;4;0;4;6;3
2019-07-31 04:23:59;63;10;8;14;0;1;4;0;4;6;3
2019-07-31 04:24:58;63;10;8;14;0;1;4;0;4;6;3
2019-07-31 04:25:59;63;10;8;14;0;1;4;0;4;6;3
2019-07-31 04:27:00;63;10;8;14;0;1;4;0;4;6;3
2019-07-31 04:27:58;63;10;8;14;0;1;4;0;4;6;3
2019-07-31 04:28:59;63;10;8;14;0;1;4;0;4;6;3
2019-07-31 04:29:58;63;10;8;14;0;1;4;0;4;6;3
2019-07-31 04:30:59;63;10;8;14;0;1;4;0;4;6;3
2019-07-31 04:31:59;63;10;8;14;0;1;4;0;4;6;3
2019-07-31 04:33:00;63;10;8;14;0;1;4;0;4;6;3
2019-07-31 04:33:58;63;10;8;14;0;1;4;0;4;6;3
2019-07-31 04:34:59;63;10;8;14;0;1;4;0;4;6;3
2019-07-31 04:35:58;63;10;8;14;0;1;4;0;4;6;3
2019-07-31 04:36:59;63;10;8;14;0;1;4;0;4;6;3
2019-07-31 04:37:59;63;10;8;14;0;1;4;0;4;6;3
2019-07-31 04:38:58;64;11;8;14;0;1;4;0;4;6;3
2019-07-31 04:39:59;64;11;8;14;0;1;4;0;4;6;3
2019-07-31 04:40:59;64;11;8;14;0;1;4;0;4;6;3
2019-07-31 04:41:58;64;11;8;14;0;1;4;0;4;6;3
2019-07-31 04:42:59;64;11;8;14;0;1;4;0;4;6;3
2019-07-31 04:43:59;64;11;8;14;0;1;4;0;4;6;3
2019-07-31 04:44:58;64;11;8;14;0;1;4;0;4;6;3
2019-07-31 04:45:59;64;11;8;14;0;1;4;0;4;6;3
2019-07-31 04:46:58;64;11;8;14;0;1;4;0;4;6;3
2019-07-31 04:47:59;64;11;8;14;0;1;4;0;4;6;3
2019-07-31 04:48:59;64;11;8;14;0;1;4;0;4;6;3
2019-07-31 04:49:58;64;11;8;14;0;1;4;0;4;6;3
2019-07-31 04:50:59;64;11;8;14;0;1;4;0;4;6;3
2019-07-31 04:51:59;64;11;8;14;0;1;4;0;4;6;3
2019-07-31 04:52:58;64;11;8;14;0;1;4;0;4;6;3
2019-07-31 04:53:59;64;11;8;14;0;1;4;0;4;6;3
2019-07-31 04:54:59;64;11;8;14;0;1;4;0;4;6;3
2019-07-31 04:55:58;64;11;8;14;0;1;4;0;4;6;3
2019-07-31 04:56:59;65;11;8;14;0;1;4;2;4;6;3
2019-07-31 04:57:59;65;11;8;14;0;1;4;2;4;6;3
2019-07-31 04:58:58;65;11;8;14;0;1;4;2;4;6;3
2019-07-31 04:59:59;65;11;8;14;0;1;4;2;4;6;3
2019-07-31 05:00:59;65;11;8;14;0;1;4;2;4;6;3
2019-07-31 05:01:58;65;11;8;14;0;1;4;2;4;6;3
2019-07-31 05:02:59;65;11;8;14;0;1;4;2;4;6;3
2019-07-31 05:04:00;65;11;8;14;0;1;4;2;4;6;3
2019-07-31 05:04:58;65;11;8;14;0;1;4;2;4;6;3
2019-07-31 05:05:59;65;11;8;14;0;1;4;2;4;6;3
2019-07-31 05:06:59;65;11;8;14;0;1;4;2;4;6;3
2019-07-31 05:07:58;65;11;8;14;0;1;4;2;4;6;3
2019-07-31 05:08:59;65;11;8;14;0;1;4;2;4;6;3
2019-07-31 05:09:58;65;11;8;14;0;1;4;2;4;6;3
2019-07-31 05:10:59;65;11;8;14;0;1;4;2;4;6;3
2019-07-31 05:12:00;65;11;8;14;0;1;4;2;4;6;3
2019-07-31 05:12:58;65;11;8;14;0;1;4;2;4;6;3
2019-07-31 05:13:59;66;12;8;14;0;1;4;2;4;6;3
2019-07-31 05:14:58;66;12;8;14;0;1;4;2;4;6;3
2019-07-31 05:15:59;66;12;8;14;0;1;4;2;4;6;3
2019-07-31 05:16:59;66;12;8;14;0;1;4;2;4;6;3
2019-07-31 05:17:58;67;13;8;14;0;1;4;2;4;6;3
2019-07-31 05:18:59;67;13;8;14;0;1;4;2;4;6;3
2019-07-31 05:19:59;67;13;8;14;0;1;4;2;4;6;3
2019-07-31 05:20:58;67;13;8;15;0;1;4;0;4;6;3
2019-07-31 05:21:59;67;13;8;15;0;1;4;0;4;6;3
2019-07-31 05:22:59;67;13;8;15;0;1;4;0;4;6;3
2019-07-31 05:23:58;67;13;8;15;0;1;4;0;4;6;3
2019-07-31 05:24:59;67;13;8;15;0;1;4;0;4;6;3
2019-07-31 05:25:59;67;13;8;15;0;1;4;0;4;6;3
2019-07-31 05:26:58;67;13;8;15;0;1;4;0;4;6;3
2019-07-31 05:27:59;67;13;8;15;0;1;4;0;4;6;3
2019-07-31 05:28:58;67;13;8;15;0;1;4;0;4;6;3
2019-07-31 05:29:59;67;13;8;15;0;1;4;0;4;6;3
2019-07-31 05:30:59;67;13;8;15;0;1;4;0;4;6;3
2019-07-31 05:31:58;67;13;8;15;0;1;4;0;4;6;3
2019-07-31 05:32:59;67;13;8;15;0;1;4;0;4;6;3
2019-07-31 05:33:59;68;14;8;15;0;1;4;0;4;6;3
2019-07-31 05:34:58;68;14;8;15;0;1;4;0;4;6;3
2019-07-31 05:35:59;68;14;8;15;0;1;4;0;4;6;3
2019-07-31 05:36:58;68;14;8;15;0;1;4;0;4;6;3
2019-07-31 05:37:59;68;14;8;15;0;1;4;0;4;6;3
2019-07-31 05:38:59;68;14;8;15;0;1;4;0;4;6;3
2019-07-31 05:39:58;68;14;8;15;0;1;4;0;4;6;3
2019-07-31 05:40:59;68;14;8;15;0;1;4;0;4;6;3
2019-07-31 05:41:59;68;14;8;15;0;1;4;0;4;6;3
2019-07-31 05:42:58;68;14;8;15;0;1;4;0;4;6;3
2019-07-31 05:43:59;68;14;8;15;0;1;4;0;4;6;3
2019-07-31 05:44:58;68;14;8;15;0;1;4;0;4;6;3
2019-07-31 05:45:59;68;14;8;15;0;1;4;0;4;6;3
2019-07-31 05:46:59;68;14;8;15;0;1;4;0;4;6;3
2019-07-31 05:47:58;68;14;8;15;0;1;4;0;4;6;3
2019-07-31 05:48:59;68;14;8;15;0;1;4;0;4;6;3
2019-07-31 05:49:59;68;14;8;15;0;1;4;0;4;6;3
2019-07-31 05:50:58;68;14;8;15;0;1;4;0;4;6;3
2019-07-31 05:51:59;68;14;8;15;0;1;4;0;4;6;3
2019-07-31 05:52:59;68;14;8;15;0;1;4;0;4;6;3
2019-07-31 05:53:58;68;14;8;15;0;1;4;0;4;6;3
2019-07-31 05:54:59;68;14;8;15;0;1;4;0;4;6;3
2019-07-31 05:56:00;68;14;8;15;0;1;4;0;4;6;3
2019-07-31 05:56:58;68;14;8;15;0;1;4;0;4;6;3
2019-07-31 05:57:59;68;14;8;15;0;1;4;0;4;6;3
2019-07-31 05:58:58;68;14;8;15;0;1;4;0;4;6;3
2019-07-31 05:59:59;68;14;8;15;0;1;4;0;4;6;3
2019-07-31 06:00:59;68;15;8;15;0;1;4;0;4;5;3
2019-07-31 06:01:58;69;16;8;15;0;1;4;0;4;5;3
2019-07-31 06:02:59;69;16;8;15;0;1;4;0;4;5;3
2019-07-31 06:03:58;69;16;8;15;0;1;4;0;4;5;3
2019-07-31 06:04:59;69;16;8;15;0;1;4;0;4;5;3
2019-07-31 06:05:59;69;16;8;15;0;1;4;0;4;5;3
2019-07-31 06:06:58;69;16;8;15;0;1;4;0;4;5;3
2019-07-31 06:07:59;69;16;8;15;0;1;4;0;4;5;3
2019-07-31 06:08:59;69;16;8;15;0;1;4;0;4;5;3
2019-07-31 06:09:58;69;16;8;15;0;1;4;0;4;5;3
2019-07-31 06:10:59;69;16;8;15;0;1;4;0;4;5;3
2019-07-31 06:11:58;69;16;8;15;0;1;4;0;4;5;3
2019-07-31 06:12:59;69;16;8;15;0;1;4;0;4;5;3
2019-07-31 06:13:59;69;16;8;15;0;1;4;0;4;5;3
2019-07-31 06:14:58;69;16;8;15;0;1;4;0;4;5;3
2019-07-31 06:15:59;69;16;8;15;0;1;4;0;4;5;3
2019-07-31 06:16:59;69;16;8;15;0;1;4;0;4;5;3
2019-07-31 06:17:58;69;16;8;15;0;1;4;0;4;5;3
2019-07-31 06:18:59;69;16;8;15;0;1;4;0;4;5;3
2019-07-31 06:19:59;69;16;8;15;0;1;4;0;4;5;3
2019-07-31 06:20:58;69;16;8;15;0;1;4;0;4;5;3
2019-07-31 06:21:59;69;16;8;15;0;1;4;0;4;5;3
2019-07-31 06:22:58;69;16;8;15;0;1;4;0;4;5;3
2019-07-31 06:23:59;69;16;8;15;0;1;4;0;4;5;3
2019-07-31 06:24:59;69;16;8;15;0;1;4;0;4;5;3
2019-07-31 06:25:58;69;16;8;15;0;1;4;0;4;5;3
2019-07-31 06:26:59;69;16;8;15;0;1;4;0;4;5;3
2019-07-31 06:27:59;69;16;8;15;0;1;4;0;4;5;3
2019-07-31 06:28:58;69;16;8;15;0;1;4;0;4;5;3
2019-07-31 06:29:59;69;16;8;15;0;1;4;0;4;5;3
2019-07-31 06:30:59;69;16;8;15;0;1;4;0;4;5;3
2019-07-31 06:31:58;69;16;8;15;0;1;4;0;4;5;3
2019-07-31 06:32:59;69;16;8;15;0;1;4;0;4;5;3
2019-07-31 06:33:59;69;16;8;15;0;1;4;0;4;5;3
2019-07-31 06:34:58;69;16;8;15;0;1;4;0;4;5;3
2019-07-31 06:35:59;69;16;8;15;0;1;4;0;4;5;3
2019-07-31 06:36:59;69;16;8;15;0;1;4;0;4;5;3
2019-07-31 06:37:58;69;16;8;15;0;1;4;0;4;5;3
2019-07-31 06:38:59;69;16;8;15;0;1;4;0;4;5;3
2019-07-31 06:39:59;69;16;8;15;0;1;4;0;4;5;3
2019-07-31 06:40:58;69;16;8;15;0;1;4;0;4;5;3
2019-07-31 06:41:59;69;16;8;15;0;1;4;0;4;5;3
2019-07-31 06:42:59;69;16;8;15;0;1;4;0;4;5;3
2019-07-31 06:43:58;69;16;8;15;0;1;4;0;4;5;3
2019-07-31 06:44:59;69;16;8;15;0;1;4;0;4;5;3
2019-07-31 06:45:58;69;16;8;15;0;1;4;0;4;5;3
2019-07-31 06:46:59;69;16;8;15;0;1;4;0;4;5;3
2019-07-31 06:47:59;69;16;8;15;0;1;4;0;4;5;3
2019-07-31 06:48:58;69;16;8;15;0;1;4;0;4;5;3
2019-07-31 06:49:59;69;16;8;15;0;1;4;0;4;5;3
2019-07-31 06:50:59;69;16;8;15;0;1;4;0;4;5;3
2019-07-31 06:51:58;69;16;8;15;0;1;4;0;4;5;3
2019-07-31 06:52:59;69;16;8;15;0;1;4;0;4;5;3
2019-07-31 06:53:59;70;17;8;15;0;1;4;0;4;5;3
2019-07-31 06:54:58;70;17;8;15;0;1;4;0;4;5;3
2019-07-31 06:55:58;70;17;8;15;0;1;4;0;4;5;3
2019-07-31 06:56:59;70;17;8;15;0;1;4;0;4;5;3
2019-07-31 06:57:59;70;17;8;15;0;1;4;0;4;5;3
2019-07-31 06:58:59;70;17;8;15;0;1;4;0;4;5;3
2019-07-31 06:59:59;70;17;8;15;0;1;4;0;4;5;3
2019-07-31 07:00:59;71;17;8;15;0;2;4;0;4;5;3
2019-07-31 07:01:58;71;17;8;15;0;1;4;0;4;5;3
2019-07-31 07:02:59;72;18;8;15;0;1;4;0;4;5;3
2019-07-31 07:03:59;72;18;8;15;0;1;4;0;4;5;3
2019-07-31 07:04:58;72;18;8;15;0;1;4;0;4;5;3
2019-07-31 07:05:59;72;18;8;15;0;1;4;0;4;5;3
2019-07-31 07:06:59;73;18;8;15;0;2;4;0;4;5;3
2019-07-31 07:07:58;73;18;8;15;0;2;4;0;4;5;3
2019-07-31 07:08:59;73;18;8;15;0;2;4;0;4;5;3
2019-07-31 07:09:59;73;18;8;15;0;2;4;0;4;5;3
2019-07-31 07:10:58;73;18;8;15;0;2;4;0;4;5;3
2019-07-31 07:11:59;73;18;8;15;0;2;4;0;4;5;3
2019-07-31 07:12:59;73;18;8;15;0;2;4;0;4;5;3
2019-07-31 07:13:58;73;18;8;15;0;2;4;0;4;5;3
2019-07-31 07:14:59;73;18;8;15;0;2;4;0;4;5;3
2019-07-31 07:15:59;73;18;8;15;0;2;4;0;4;5;3
2019-07-31 07:16:58;73;18;8;15;0;2;4;0;4;5;3
2019-07-31 07:17:59;73;18;8;15;0;2;4;0;4;5;3
2019-07-31 07:18:58;73;18;8;15;0;2;4;0;4;5;3
2019-07-31 07:19:59;73;18;8;15;0;2;4;0;4;5;3
2019-07-31 07:20:59;73;18;8;15;0;2;4;0;4;5;3
2019-07-31 07:21:58;73;18;8;15;0;2;4;0;4;5;3
2019-07-31 07:22:59;73;18;8;15;0;2;4;0;4;5;3
2019-07-31 07:23:58;73;18;8;15;0;2;4;0;4;5;3
2019-07-31 07:24:59;73;18;8;15;0;2;4;0;4;5;3
2019-07-31 07:25:59;73;18;8;15;0;2;4;0;4;5;3
2019-07-31 07:26:58;73;18;8;15;0;2;4;0;4;5;3
2019-07-31 07:27:59;73;18;8;15;0;2;4;0;4;5;3
2019-07-31 07:28:59;74;19;8;15;0;2;4;0;4;5;3
2019-07-31 07:29:58;74;19;8;15;0;2;4;0;4;5;3
2019-07-31 07:30:59;74;19;8;15;0;2;4;0;4;5;3
2019-07-31 07:31:59;74;19;8;15;0;2;4;0;4;5;3
2019-07-31 07:32:58;74;19;8;15;0;2;4;0;4;5;3
2019-07-31 07:33:59;74;19;8;15;0;2;4;0;4;5;3
2019-07-31 07:34:59;74;19;8;15;0;2;4;0;4;5;3
2019-07-31 07:35:58;74;19;8;15;0;2;4;0;4;5;3
2019-07-31 07:36:59;74;19;8;15;0;2;4;0;4;5;3
2019-07-31 07:37:59;74;19;8;15;0;2;4;0;4;5;3
2019-07-31 07:38:58;75;19;8;15;0;2;4;0;4;5;3
2019-07-31 07:39:59;75;19;8;15;0;2;4;0;4;5;3
2019-07-31 07:40:59;75;19;8;15;0;2;4;0;4;5;3
2019-07-31 07:41:58;75;19;8;15;0;2;4;0;4;5;3
2019-07-31 07:42:59;75;19;8;15;0;2;4;0;4;5;3
2019-07-31 07:43:59;75;19;8;15;0;2;4;0;4;5;3
2019-07-31 07:44:58;75;19;8;15;0;2;4;0;4;5;3
2019-07-31 07:45:59;75;19;8;15;0;2;4;0;4;5;3
2019-07-31 07:46:58;75;19;8;15;0;2;4;0;4;5;3
2019-07-31 07:47:59;75;19;8;15;0;2;4;0;4;5;3
2019-07-31 07:48:59;75;19;8;15;0;2;4;0;4;5;3
2019-07-31 07:49:58;75;19;8;15;0;2;4;0;4;5;3
2019-07-31 07:50:59;75;19;8;15;0;2;4;0;4;5;3
2019-07-31 07:51:59;75;19;8;15;0;2;4;0;4;5;3
2019-07-31 07:52:59;75;19;8;15;0;2;4;0;4;5;3
2019-07-31 07:53:58;75;19;8;15;0;2;4;0;4;5;3
2019-07-31 07:54:59;76;19;8;16;0;2;4;0;4;5;3
2019-07-31 07:55:59;76;19;8;16;0;2;4;0;4;5;3
2019-07-31 07:56:58;76;19;8;16;0;2;4;0;4;5;3
2019-07-31 07:57:59;77;19;9;16;0;2;4;0;4;5;3
2019-07-31 07:58:58;77;19;9;16;0;2;4;0;4;5;3
2019-07-31 07:59:59;77;19;9;16;0;2;4;0;4;5;3
2019-07-31 08:00:59;77;19;9;16;0;2;4;0;4;5;3
2019-07-31 08:01:58;78;19;10;16;0;2;4;0;4;5;3
2019-07-31 08:02:59;78;19;10;16;0;2;4;0;4;5;3
2019-07-31 08:03:59;79;19;11;16;0;2;4;0;4;5;3
2019-07-31 08:04:58;80;19;12;16;0;2;4;0;4;5;3
2019-07-31 08:05:59;80;19;12;16;0;2;4;0;4;5;3
2019-07-31 08:06:59;80;19;12;16;0;2;4;0;4;5;3
2019-07-31 08:07:58;81;19;13;16;0;2;4;0;4;5;3
2019-07-31 08:08:59;81;19;13;16;0;2;4;0;4;5;3
2019-07-31 08:09:59;81;19;13;16;0;2;4;0;4;5;3
2019-07-31 08:10:58;82;19;14;16;0;2;4;0;4;5;3
2019-07-31 08:11:59;82;19;14;16;0;2;4;0;4;5;3
2019-07-31 08:12:58;82;19;14;16;0;2;4;0;4;5;3
2019-07-31 08:13:59;82;19;14;16;0;2;4;0;4;5;3
2019-07-31 08:14:59;82;19;14;16;0;2;4;0;4;5;3
2019-07-31 08:15:58;83;19;14;16;0;2;5;0;4;5;3
2019-07-31 08:16:59;83;19;14;16;0;2;5;0;4;5;3
2019-07-31 08:17:59;83;19;14;16;0;2;5;0;4;5;3
2019-07-31 08:18:58;83;19;14;16;0;2;5;0;4;5;3
2019-07-31 08:19:59;83;19;14;16;0;2;5;0;4;5;3
2019-07-31 08:20:59;83;19;14;16;0;2;5;0;4;5;3
2019-07-31 08:21:58;83;19;14;16;0;2;5;0;4;5;3
2019-07-31 08:22:59;83;19;14;16;0;2;5;0;4;5;3
2019-07-31 08:23:59;83;19;14;16;0;2;5;0;4;5;3
2019-07-31 08:24:58;83;19;14;16;0;2;5;0;4;5;3
2019-07-31 08:25:59;83;19;14;16;0;2;5;0;4;5;3
2019-07-31 08:26:59;83;19;14;16;0;2;5;0;4;5;3
2019-07-31 08:27:58;83;19;14;16;0;2;5;0;4;5;3
2019-07-31 08:28:59;83;19;14;16;0;2;5;0;4;5;3
2019-07-31 08:29:58;83;19;14;16;0;2;5;0;4;5;3
2019-07-31 08:30:59;84;19;14;16;0;2;6;0;4;5;3
2019-07-31 08:31:59;84;19;14;16;0;2;6;0;4;5;3
2019-07-31 08:32:58;84;19;14;16;0;2;6;0;4;5;3
2019-07-31 08:33:59;84;19;14;16;0;2;6;0;4;5;3
2019-07-31 08:34:59;84;19;14;16;0;2;6;0;4;5;3
2019-07-31 08:35:58;84;19;14;16;0;2;6;0;4;5;3
2019-07-31 08:36:59;84;19;14;16;0;2;6;0;4;5;3
2019-07-31 08:37:58;84;19;14;16;0;2;6;0;4;5;3
2019-07-31 08:38:59;84;19;14;16;0;2;6;0;4;5;3
2019-07-31 08:39:59;84;19;14;16;0;2;6;0;4;5;3
2019-07-31 08:40:58;84;19;14;16;0;2;6;0;4;5;3
2019-07-31 08:41:59;84;19;14;16;0;2;6;0;4;5;3
2019-07-31 08:42:59;84;19;14;16;0;2;6;0;4;5;3
2019-07-31 08:43:58;84;19;14;16;0;2;6;0;4;5;3
2019-07-31 08:44:59;84;19;14;16;0;2;6;0;4;5;3
2019-07-31 08:45:59;84;19;14;16;0;2;6;0;4;5;3
2019-07-31 08:46:58;84;19;14;16;0;2;6;0;4;5;3
2019-07-31 08:47:59;84;19;14;16;0;2;6;0;4;5;3
2019-07-31 08:48:59;84;19;14;16;0;2;6;0;4;5;3
2019-07-31 08:49:58;84;19;14;16;0;2;6;0;4;5;3
2019-07-31 08:50:59;84;19;14;16;0;2;6;0;4;5;3
2019-07-31 08:51:59;84;19;14;16;0;2;6;0;4;5;3
2019-07-31 08:52:58;86;19;14;17;0;2;6;0;4;6;3
2019-07-31 08:53:59;86;19;14;17;0;2;6;0;4;6;3
2019-07-31 08:54:59;86;19;14;17;0;2;6;0;4;6;3
2019-07-31 08:55:58;86;19;14;17;0;2;6;0;4;6;3
2019-07-31 08:56:59;86;19;14;17;0;2;6;0;4;6;3
2019-07-31 08:57:58;86;19;14;17;0;2;6;0;4;6;3
2019-07-31 08:58:59;87;19;14;17;0;2;6;0;4;6;3
2019-07-31 08:59:59;87;19;14;17;0;2;6;0;4;6;3
2019-07-31 09:00:58;87;19;14;17;0;2;6;0;4;6;3
2019-07-31 09:01:59;87;19;14;17;0;2;6;0;4;6;3
2019-07-31 09:02:59;87;19;14;17;0;2;6;0;4;6;3
2019-07-31 09:03:58;87;19;14;17;0;2;6;0;4;6;3
2019-07-31 09:04:59;88;19;14;17;0;2;6;0;5;6;3
2019-07-31 09:05:59;88;19;14;17;0;2;6;0;5;6;3
2019-07-31 09:06:58;88;19;14;17;0;2;6;0;5;6;3
2019-07-31 09:07:59;88;19;14;17;0;2;6;0;5;6;3
2019-07-31 09:08:59;88;19;14;17;0;2;6;0;5;6;3
2019-07-31 09:09:58;88;19;14;17;0;2;6;0;5;6;3
2019-07-31 09:10:59;88;19;14;17;0;2;6;0;5;6;3
2019-07-31 09:11:59;88;19;14;17;0;2;6;0;5;6;3
2019-07-31 09:12:58;88;19;14;17;0;2;6;0;5;6;3
2019-07-31 09:13:59;89;19;14;17;0;2;6;0;5;6;3
2019-07-31 09:14:59;89;19;14;18;0;2;6;0;5;6;3
2019-07-31 09:15:58;89;19;14;18;0;2;6;0;5;6;3
2019-07-31 09:16:59;89;19;14;18;0;2;6;0;5;6;3
2019-07-31 09:17:58;89;19;14;18;0;2;6;0;5;6;3
2019-07-31 09:18:59;90;20;14;18;0;2;6;0;5;6;3
2019-07-31 09:19:59;91;21;14;18;0;2;6;0;5;6;3
2019-07-31 09:20:58;91;21;14;18;0;2;6;0;5;6;3
2019-07-31 09:21:59;91;21;14;18;0;2;6;0;5;6;3
2019-07-31 09:22:59;92;21;15;18;0;2;6;0;5;6;3
2019-07-31 09:23:58;93;21;16;18;0;2;6;0;5;6;3
2019-07-31 09:24:59;93;21;16;18;0;2;6;0;5;6;3
2019-07-31 09:25:59;93;21;16;18;0;2;6;0;5;6;3
2019-07-31 09:26:58;93;21;16;18;0;2;6;0;5;6;3
2019-07-31 09:27:59;93;21;16;18;0;2;6;0;5;6;3
2019-07-31 09:28:59;93;21;16;18;0;2;6;0;5;6;3
2019-07-31 09:29:58;94;22;16;18;0;2;6;0;5;6;3
2019-07-31 09:30:59;94;21;16;18;0;2;6;0;5;7;3
2019-07-31 09:31:59;94;21;16;18;0;2;6;0;5;7;3
2019-07-31 09:32:58;94;21;16;18;0;2;6;0;5;7;3
2019-07-31 09:33:59;94;21;16;18;0;2;6;0;5;7;3
2019-07-31 09:34:59;94;21;16;18;0;2;6;0;5;7;3
2019-07-31 09:35:58;94;21;16;18;0;2;6;0;5;7;3
2019-07-31 09:36:59;94;21;16;18;0;2;6;0;5;7;3
2019-07-31 09:37:58;95;21;16;19;0;2;6;0;5;7;3
2019-07-31 09:38:59;95;21;16;19;0;2;6;0;5;7;3
2019-07-31 09:39:59;94;21;16;19;0;2;6;0;5;7;3
2019-07-31 09:40:58;95;21;16;20;0;2;6;0;5;7;3
2019-07-31 09:41:59;96;22;16;20;0;2;6;0;5;7;3
2019-07-31 09:42:59;97;22;16;20;0;3;6;0;5;7;3
2019-07-31 09:43:58;98;23;16;20;0;3;6;0;5;7;3
2019-07-31 09:44:59;99;23;16;20;0;3;6;0;5;7;3
2019-07-31 09:45:59;99;23;16;20;0;3;6;0;5;7;3
2019-07-31 09:46:58;99;23;16;20;0;3;6;0;5;7;3
2019-07-31 09:47:59;99;23;16;20;0;3;6;0;5;7;3
2019-07-31 09:48:59;99;24;15;20;0;3;6;0;5;7;3
2019-07-31 09:49:58;99;24;15;20;0;3;6;0;5;7;3
2019-07-31 09:50:59;99;24;15;20;0;3;6;0;5;7;3
2019-07-31 09:51:59;99;24;15;20;0;3;6;0;5;7;3
2019-07-31 09:52:58;99;24;15;20;0;4;6;0;5;7;3
2019-07-31 09:53:59;100;25;15;20;0;4;6;0;5;7;3
2019-07-31 09:54:59;100;25;15;19;0;4;6;0;5;7;3
2019-07-31 09:55:58;100;25;15;19;0;4;6;0;5;7;3
2019-07-31 09:56:59;100;25;15;19;0;4;6;0;5;7;3
2019-07-31 09:57:59;101;25;15;20;0;4;6;0;5;7;3
2019-07-31 09:58:58;102;25;16;20;0;4;6;0;5;7;3
2019-07-31 09:59:59;103;25;17;20;0;4;6;0;5;7;3
2019-07-31 10:00:59;103;25;17;20;0;4;6;0;5;7;3
2019-07-31 10:01:59;104;25;18;20;0;4;6;0;5;7;3
2019-07-31 10:02:59;105;26;18;20;0;4;6;0;5;7;3
2019-07-31 10:03:58;105;26;18;20;0;4;6;0;5;7;3
2019-07-31 10:04:59;105;26;18;20;0;4;6;0;5;7;3
2019-07-31 10:05:59;105;26;18;20;0;4;6;0;5;7;3
2019-07-31 10:06:58;105;26;18;20;0;4;6;0;5;7;3
2019-07-31 10:07:59;105;26;18;20;0;4;6;0;5;7;3
2019-07-31 10:08:59;105;26;18;20;0;4;6;0;5;7;3
2019-07-31 10:09:58;105;26;18;20;0;4;6;0;5;7;3
2019-07-31 10:10:59;105;26;18;20;0;4;6;0;5;7;3
2019-07-31 10:11:59;105;26;18;20;0;4;6;0;5;7;3
2019-07-31 10:12:58;105;26;18;20;0;4;6;0;5;7;3
2019-07-31 10:13:59;105;26;18;20;0;4;6;0;5;7;3
2019-07-31 10:14:59;106;26;19;20;0;4;6;0;5;7;3
2019-07-31 10:15:58;107;26;19;20;0;5;6;0;5;7;3
2019-07-31 10:16:59;107;26;19;20;0;5;6;0;5;7;3
2019-07-31 10:17:59;107;26;19;20;0;5;6;0;5;7;3
2019-07-31 10:18:59;107;26;19;20;0;5;6;0;5;7;3
2019-07-31 10:19:58;107;26;19;20;0;5;6;0;5;7;3
2019-07-31 10:20:59;108;26;19;20;0;6;6;0;5;7;3
2019-07-31 10:21:59;108;26;19;20;0;6;6;0;5;7;3
2019-07-31 10:22:58;109;26;19;21;0;6;6;0;5;7;3
2019-07-31 10:23:59;109;26;19;21;0;6;6;0;5;7;3
2019-07-31 10:24:59;110;27;19;22;0;6;6;0;5;7;3
2019-07-31 10:25:58;110;27;19;22;0;6;6;0;5;7;3
2019-07-31 10:26:59;110;27;19;22;0;6;6;0;5;7;3
2019-07-31 10:27:59;111;28;19;22;0;6;6;0;5;7;3
2019-07-31 10:28:58;111;28;19;22;0;6;6;0;5;7;3
2019-07-31 10:29:59;111;28;19;22;0;6;6;0;5;7;3
2019-07-31 10:30:59;111;28;19;22;0;6;6;0;5;7;3
2019-07-31 10:31:58;111;28;19;22;0;6;6;0;5;7;3
2019-07-31 10:32:59;111;28;19;22;0;6;6;0;5;7;3
2019-07-31 10:33:59;111;28;19;22;0;6;6;0;5;7;3
2019-07-31 10:34:58;111;28;19;22;0;6;6;0;5;7;3
2019-07-31 10:35:59;112;28;20;22;0;6;6;0;5;7;3
2019-07-31 10:36:59;113;28;21;22;0;6;6;0;5;7;3
2019-07-31 10:37:58;113;28;21;22;0;6;6;0;5;7;3
2019-07-31 10:38:59;114;28;21;22;0;6;6;0;5;7;3
2019-07-31 10:39:59;114;28;21;22;0;6;6;0;5;7;3
2019-07-31 10:40:58;115;28;22;22;0;6;6;0;5;7;3
2019-07-31 10:41:59;115;28;22;22;0;6;6;0;5;7;3
2019-07-31 10:42:59;116;29;22;22;0;6;6;0;5;7;3
2019-07-31 10:43:58;116;29;22;22;0;6;6;0;5;7;3
2019-07-31 10:45:00;117;30;22;22;0;6;6;0;5;7;3
2019-07-31 10:45:59;117;30;22;22;0;6;6;0;5;7;3
2019-07-31 10:46:59;117;30;22;22;0;6;6;0;5;7;3
2019-07-31 10:47:59;117;30;22;22;0;6;6;0;5;7;3
2019-07-31 10:48:58;117;30;22;22;0;6;6;0;5;7;3
2019-07-31 10:49:59;117;30;22;22;0;6;6;0;5;7;3
2019-07-31 10:50:58;117;30;22;22;0;6;6;0;5;7;3
2019-07-31 10:51:59;117;30;22;22;0;6;6;0;5;7;3
2019-07-31 10:52:59;117;30;22;22;0;6;6;0;5;7;3
2019-07-31 10:53:58;118;30;23;22;0;6;6;0;5;7;3
2019-07-31 10:54:59;119;31;23;22;0;6;6;0;5;7;3
2019-07-31 10:55:58;119;31;23;22;0;6;6;0;5;7;3
2019-07-31 10:56:59;119;31;23;22;0;6;6;0;5;7;3
2019-07-31 10:57:59;119;31;23;22;0;6;6;0;5;7;3
2019-07-31 10:58:58;119;31;23;22;0;6;6;0;5;7;3
2019-07-31 10:59:59;119;31;23;22;0;6;6;0;5;7;3
2019-07-31 11:00:59;119;31;23;22;0;6;6;0;5;7;3
2019-07-31 11:01:58;120;32;23;22;0;6;6;0;5;7;3
2019-07-31 11:02:59;120;32;23;22;0;6;6;0;5;7;3
2019-07-31 11:03:58;120;32;23;22;0;6;6;0;5;7;3
2019-07-31 11:04:59;121;33;23;22;0;6;6;0;5;7;3
2019-07-31 11:05:59;122;33;23;22;0;6;6;0;5;7;3
2019-07-31 11:06:58;122;33;23;22;0;6;6;0;5;7;3
2019-07-31 11:07:59;122;33;23;22;0;6;6;0;5;7;3
2019-07-31 11:08:59;122;33;23;22;0;6;6;0;5;7;3
2019-07-31 11:09:58;122;33;23;22;0;6;6;0;5;7;3
2019-07-31 11:10:59;122;33;23;22;0;6;6;0;5;7;3
2019-07-31 11:11:58;122;33;23;22;0;6;6;0;5;7;3
2019-07-31 11:12:59;122;33;23;22;0;6;6;0;5;7;3
2019-07-31 11:13:59;123;33;23;22;0;7;6;0;5;7;3
2019-07-31 11:14:58;123;33;23;22;0;7;6;0;5;7;3
2019-07-31 11:15:59;123;33;23;22;0;7;6;0;5;7;3
2019-07-31 11:16:59;123;33;23;22;0;7;6;0;5;7;3
2019-07-31 11:17:59;124;34;23;22;0;7;6;0;5;7;3
2019-07-31 11:18:58;126;35;23;23;0;7;6;0;5;7;3
2019-07-31 11:19:59;126;35;23;23;0;7;6;0;5;7;3
2019-07-31 11:20:58;126;35;23;23;0;7;6;0;5;7;3
2019-07-31 11:21:59;126;35;23;23;0;7;6;0;5;7;3
2019-07-31 11:22:59;126;35;23;23;0;7;6;0;5;7;3
2019-07-31 11:23:59;126;35;23;23;0;7;6;0;5;7;3
2019-07-31 11:24:58;126;35;23;23;0;7;6;0;5;7;3
2019-07-31 11:25:59;127;36;23;23;0;7;6;0;5;7;3
2019-07-31 11:26:59;127;36;23;23;0;7;6;0;5;7;3
2019-07-31 11:27:58;127;36;23;23;0;7;6;0;5;7;3
2019-07-31 11:28:59;127;36;23;23;0;7;6;0;5;7;3
2019-07-31 11:29:59;127;36;23;23;0;7;6;0;5;7;3
2019-07-31 11:30:58;127;36;23;23;0;7;6;0;5;7;3
2019-07-31 11:31:59;128;36;23;24;0;7;6;0;5;7;3
2019-07-31 11:32:59;128;36;23;24;0;7;6;0;5;7;3
2019-07-31 11:33:58;129;37;23;24;0;7;6;0;5;7;3
2019-07-31 11:34:59;129;37;23;24;0;7;6;0;5;7;3
2019-07-31 11:35:59;129;37;23;24;0;7;6;0;5;7;3
2019-07-31 11:36:58;129;37;23;24;0;7;6;0;5;7;3
2019-07-31 11:37:59;130;37;23;24;0;8;6;0;5;7;3
2019-07-31 11:38:58;130;37;23;24;0;8;6;0;5;7;3
2019-07-31 11:39:59;131;37;23;25;0;8;6;0;5;7;3
2019-07-31 11:41:00;132;38;23;25;0;8;6;0;5;7;3
2019-07-31 11:41:58;133;38;23;26;0;8;6;0;5;7;3
2019-07-31 11:42:59;133;38;23;26;0;8;6;0;5;7;3
2019-07-31 11:43:59;134;39;23;26;0;8;6;0;5;7;3
2019-07-31 11:44:58;134;39;23;25;0;8;6;0;5;8;3
2019-07-31 11:45:59;134;39;23;25;0;8;6;0;5;8;3
2019-07-31 11:46:59;135;39;24;25;0;8;6;0;5;8;3
2019-07-31 11:47:58;135;39;24;25;0;8;6;0;5;8;3
2019-07-31 11:48:59;135;40;24;24;0;8;6;0;5;8;3
2019-07-31 11:49:59;135;40;24;24;0;8;6;0;5;8;3
2019-07-31 11:50:58;137;41;25;24;0;8;6;0;5;8;3
2019-07-31 11:51:59;137;41;25;24;0;8;6;0;5;8;3
2019-07-31 11:52:59;137;41;25;24;0;8;6;0;5;8;3
2019-07-31 11:53:58;137;41;25;24;0;8;6;0;5;8;3
2019-07-31 11:54:59;137;41;25;24;0;8;6;0;5;8;3
2019-07-31 11:55:58;137;41;25;24;0;8;6;0;5;8;3
2019-07-31 11:56:59;137;41;25;24;0;8;6;0;5;8;3
2019-07-31 11:57:59;137;41;25;24;0;8;6;0;5;8;3
2019-07-31 11:59:00;138;42;25;24;0;8;6;0;5;8;3
2019-07-31 11:59:58;138;42;25;24;0;8;6;0;5;8;3
2019-07-31 12:00:59;138;42;25;24;0;8;6;0;5;8;3
2019-07-31 12:01:58;138;42;25;24;0;8;6;0;5;8;3
2019-07-31 12:02:59;138;42;25;24;0;8;6;0;5;8;3
2019-07-31 12:03:58;138;42;25;24;0;8;6;0;5;8;3
2019-07-31 12:04:59;138;42;25;24;0;8;6;0;5;8;3
2019-07-31 12:05:59;138;42;25;24;0;8;6;0;5;8;3
2019-07-31 12:06:58;138;42;25;24;0;8;6;0;5;8;3
2019-07-31 12:07:59;138;42;25;24;0;8;6;0;5;8;3
2019-07-31 12:08:58;139;43;25;24;0;8;6;0;5;8;3
2019-07-31 12:09:59;139;43;25;24;0;8;6;0;5;8;3
2019-07-31 12:10:59;141;45;25;24;0;8;6;0;5;8;3
2019-07-31 12:11:58;142;45;25;24;0;8;6;0;5;8;3
2019-07-31 12:12:59;142;45;25;24;0;8;6;0;5;8;3
2019-07-31 12:13:59;142;45;25;24;0;8;6;0;5;8;3
2019-07-31 12:14:58;142;45;25;24;0;8;6;0;5;8;3
2019-07-31 12:15:59;141;45;25;24;0;8;6;0;5;7;3
2019-07-31 12:16:59;141;45;25;24;0;8;6;0;5;7;3
2019-07-31 12:17:58;141;45;25;24;0;8;6;0;5;7;3
2019-07-31 12:18:59;141;45;25;24;0;8;6;0;5;7;3
2019-07-31 12:19:59;141;45;25;24;0;8;6;0;5;7;3
2019-07-31 12:20:58;142;45;26;24;0;8;6;0;5;7;3
2019-07-31 12:21:59;142;45;26;24;0;8;6;0;5;7;3
2019-07-31 12:22:59;141;45;26;24;0;8;6;0;5;7;3
2019-07-31 12:23:58;141;45;26;24;0;8;6;0;5;7;3
2019-07-31 12:24:59;141;45;26;24;0;8;6;0;5;7;3
2019-07-31 12:25:59;141;45;26;24;0;8;6;0;5;7;3
2019-07-31 12:26:58;141;45;26;24;0;8;6;0;5;7;3
2019-07-31 12:27:59;141;45;26;24;0;8;6;0;5;7;3
2019-07-31 12:28:59;141;45;26;24;0;8;6;0;5;7;3
2019-07-31 12:29:58;141;45;26;24;0;8;6;0;5;7;3
2019-07-31 12:30:59;141;44;27;24;0;8;6;0;5;7;3
2019-07-31 12:31:58;141;44;27;24;0;8;6;0;5;7;3
2019-07-31 12:32:59;141;44;27;24;0;8;6;0;5;7;3
2019-07-31 12:33:59;141;44;27;24;0;8;6;0;5;7;3
2019-07-31 12:34:58;141;44;27;24;0;8;6;0;5;7;3
2019-07-31 12:35:59;141;44;27;24;0;8;6;0;5;7;3
2019-07-31 12:36:59;141;44;28;24;0;8;6;0;5;7;3
2019-07-31 12:37:58;141;44;28;24;0;8;6;0;5;7;3
2019-07-31 12:38:59;141;44;28;24;0;8;6;0;5;7;3
2019-07-31 12:39:58;141;44;28;24;0;8;6;0;5;7;3
2019-07-31 12:40:59;141;44;28;24;0;8;6;0;5;7;3
2019-07-31 12:41:59;141;44;28;24;0;8;6;0;5;7;3
2019-07-31 12:42:59;141;44;28;24;0;8;6;0;5;7;3
2019-07-31 12:43:58;141;44;28;24;0;8;6;0;5;7;3
2019-07-31 12:44:59;141;44;28;24;0;8;6;0;5;7;3
2019-07-31 12:45:58;142;44;28;25;0;8;6;0;5;7;3
2019-07-31 12:46:59;142;44;28;25;0;8;6;0;5;7;3
2019-07-31 12:47:59;142;44;28;25;0;8;6;0;5;7;3
2019-07-31 12:48:58;142;44;28;25;0;8;6;0;5;7;3
2019-07-31 12:49:59;142;44;28;25;0;8;6;0;5;7;3
2019-07-31 12:50:59;142;44;28;25;0;8;6;0;5;7;3
2019-07-31 12:51:58;142;44;28;25;0;8;6;0;5;7;3
2019-07-31 12:52:59;142;44;28;25;0;8;6;0;5;7;3
2019-07-31 12:53:59;142;44;28;25;0;8;6;0;5;7;3
2019-07-31 12:54:58;142;44;28;25;0;8;6;0;5;7;3
2019-07-31 12:55:59;142;44;28;25;0;8;6;0;5;7;3
2019-07-31 12:56:59;142;44;28;25;0;8;6;0;5;7;3
2019-07-31 12:57:58;142;44;28;25;0;8;6;0;5;7;3
2019-07-31 12:58:59;142;44;28;25;0;8;6;0;5;7;3
2019-07-31 12:59:59;143;44;29;25;0;8;6;0;5;7;3
2019-07-31 13:00:58;143;44;29;25;0;8;6;0;5;7;3
2019-07-31 13:01:59;143;44;29;25;0;8;6;0;5;7;3
2019-07-31 13:02:59;144;44;29;25;0;8;6;2;5;7;3
2019-07-31 13:03:58;144;44;29;25;0;8;6;2;5;7;3
2019-07-31 13:04:59;143;43;29;25;0;8;6;2;5;7;3
2019-07-31 13:05:58;143;43;29;25;0;8;6;2;5;7;3
2019-07-31 13:06:59;144;44;29;25;0;8;6;2;5;7;3
2019-07-31 13:07:59;144;44;29;25;0;8;6;2;5;7;3
2019-07-31 13:08:59;144;44;29;25;0;8;6;2;5;7;3
2019-07-31 13:09:58;145;44;29;26;0;8;6;2;5;7;3
2019-07-31 13:10:59;145;44;29;26;0;8;6;2;5;7;3
2019-07-31 13:11:59;145;44;29;26;0;8;6;2;5;7;3
2019-07-31 13:12:58;145;44;29;26;0;8;6;2;5;7;3
2019-07-31 13:13:59;145;44;29;26;0;8;6;2;5;7;3
2019-07-31 13:14:58;145;44;29;26;0;8;6;2;5;7;3
2019-07-31 13:15:59;145;44;29;26;0;8;6;2;5;7;3
2019-07-31 13:16:59;145;44;29;26;0;8;6;2;5;7;3
2019-07-31 13:17:58;145;44;29;26;0;8;6;2;5;7;3
2019-07-31 13:18:59;145;44;29;26;0;8;6;2;5;7;3
2019-07-31 13:19:59;146;44;29;27;0;8;6;2;5;7;3
2019-07-31 13:20:58;146;44;29;27;0;8;6;2;5;7;3
2019-07-31 13:21:59;146;44;29;27;0;8;6;2;5;7;3
2019-07-31 13:22:59;146;44;29;27;0;8;6;2;5;7;3
2019-07-31 13:23:58;146;44;29;27;0;8;6;2;5;7;3
2019-07-31 13:24:59;146;44;29;27;0;8;6;2;5;7;3
2019-07-31 13:25:59;146;44;29;27;0;8;6;2;5;7;3
2019-07-31 13:26:58;146;44;29;27;0;8;6;2;5;7;3
2019-07-31 13:27:59;146;44;29;27;0;8;6;2;5;7;3
2019-07-31 13:28:59;147;45;29;27;0;8;6;2;5;7;3
2019-07-31 13:29:58;148;46;29;27;0;8;6;2;5;7;3
2019-07-31 13:30:59;148;46;29;27;0;8;6;2;5;7;3
2019-07-31 13:31:59;148;46;29;27;0;8;6;2;5;7;3
2019-07-31 13:32:58;148;46;29;27;0;8;6;2;5;7;3
2019-07-31 13:33:59;148;46;29;27;0;8;6;2;5;7;3
2019-07-31 13:34:59;148;46;29;27;0;8;6;2;5;7;3
2019-07-31 13:35:58;148;46;29;27;0;8;6;2;5;7;3
2019-07-31 13:36:59;148;46;29;27;0;8;6;2;5;7;3
2019-07-31 13:37:59;148;46;29;27;0;8;6;2;5;7;3
2019-07-31 13:38:58;148;46;29;27;0;8;6;2;5;7;3
2019-07-31 13:39:59;148;46;29;27;0;8;6;2;5;7;3
2019-07-31 13:40:59;148;46;29;27;0;8;6;2;5;7;3
2019-07-31 13:41:58;148;46;29;27;0;8;6;2;5;7;3
2019-07-31 13:42:59;148;46;29;27;0;8;6;2;5;7;3
2019-07-31 13:43:59;148;46;29;27;0;8;6;2;5;7;3
2019-07-31 13:44:58;148;46;29;27;0;8;6;2;5;7;3
2019-07-31 13:45:59;148;46;29;27;0;8;6;2;5;7;3
2019-07-31 13:46:58;148;46;29;27;0;8;6;2;5;7;3
2019-07-31 13:47:59;148;46;29;27;0;8;6;2;5;7;3
2019-07-31 13:48:59;148;46;29;27;0;8;6;2;5;7;3
2019-07-31 13:49:58;148;46;29;27;0;8;6;2;5;7;3
2019-07-31 13:50:59;148;45;29;27;0;8;6;2;5;7;3
2019-07-31 13:51:58;149;45;30;27;0;8;6;2;5;7;3
2019-07-31 13:52:59;149;45;30;27;0;8;6;2;5;7;3
2019-07-31 13:53:59;149;45;30;27;0;8;6;2;5;7;3
2019-07-31 13:54:58;149;45;30;27;0;8;6;2;5;7;3
2019-07-31 13:55:59;150;45;31;27;0;8;6;2;5;7;3
2019-07-31 13:56:59;151;45;31;28;0;8;6;2;5;7;3
2019-07-31 13:57:58;152;45;31;29;0;8;6;2;5;7;3
2019-07-31 13:58:59;152;45;31;29;0;8;6;2;5;7;3
2019-07-31 13:59:59;152;45;31;29;0;8;6;2;5;7;3
2019-07-31 14:00:58;152;45;31;29;0;8;6;2;5;7;3
2019-07-31 14:01:59;152;45;31;29;0;8;6;2;5;7;3
2019-07-31 14:02:59;152;45;31;29;0;8;6;2;5;7;3
2019-07-31 14:03:58;152;45;31;29;0;8;6;2;5;7;3
2019-07-31 14:04:59;152;45;31;29;0;8;6;2;5;7;3
2019-07-31 14:05:59;152;45;31;29;0;8;6;2;5;7;3
2019-07-31 14:06:58;152;45;31;29;0;8;6;2;5;7;3
2019-07-31 14:07:59;152;45;31;29;0;8;6;2;5;7;3
2019-07-31 14:08:59;153;45;32;29;0;8;6;2;5;7;3
2019-07-31 14:09:58;153;45;32;29;0;8;6;2;5;7;3
2019-07-31 14:10:59;153;45;32;29;0;8;6;2;5;7;3
2019-07-31 14:11:58;153;45;32;29;0;8;6;2;5;7;3
2019-07-31 14:12:59;154;45;33;29;0;8;6;2;5;7;3
2019-07-31 14:13:59;154;45;33;29;0;8;6;2;5;7;3
2019-07-31 14:14:58;154;45;33;29;0;8;6;2;5;7;3
2019-07-31 14:15:59;154;45;33;29;0;8;6;2;5;7;3
2019-07-31 14:16:59;154;45;33;29;0;8;6;2;5;7;3
2019-07-31 14:17:58;155;45;33;29;0;9;6;2;5;7;3
2019-07-31 14:18:59;155;45;33;29;0;9;6;2;5;7;3
2019-07-31 14:19:59;156;45;34;29;0;9;6;2;5;7;3
2019-07-31 14:20:58;157;45;34;30;0;9;6;2;5;7;3
2019-07-31 14:21:59;158;46;34;30;0;9;6;2;5;7;3
2019-07-31 14:22:59;159;47;34;30;0;9;6;2;5;7;3
2019-07-31 14:23:58;158;47;34;29;0;9;6;2;5;7;3
2019-07-31 14:24:59;158;47;34;29;0;9;6;2;5;7;3
2019-07-31 14:25:58;158;47;34;29;0;9;6;2;5;7;3
2019-07-31 14:26:59;158;47;34;29;0;9;6;2;5;7;3
2019-07-31 14:27:59;158;47;34;29;0;9;6;2;5;7;3
2019-07-31 14:28:58;159;48;34;29;0;9;6;2;5;7;3
2019-07-31 14:29:59;160;48;34;29;0;9;6;3;5;7;3
2019-07-31 14:30:59;161;48;34;29;0;10;6;3;5;7;3
2019-07-31 14:31:58;161;48;34;29;0;10;6;3;5;7;3
2019-07-31 14:32:59;161;48;34;29;0;10;6;3;5;7;3
2019-07-31 14:33:59;161;48;34;29;0;10;6;3;5;7;3
2019-07-31 14:34:58;162;49;34;29;0;10;6;3;5;7;3
2019-07-31 14:35:59;162;49;34;29;0;10;6;3;5;7;3
2019-07-31 14:36:59;163;49;34;29;0;10;6;3;5;7;3
2019-07-31 14:37:58;163;49;34;29;0;10;6;3;5;7;3
2019-07-31 14:38:59;163;49;34;29;0;10;6;3;5;7;3
2019-07-31 14:39:59;164;49;35;29;0;10;6;3;5;7;3
2019-07-31 14:40:58;164;49;35;29;0;10;6;3;5;7;3
2019-07-31 14:41:59;165;49;35;29;0;10;6;3;5;7;3
2019-07-31 14:42:59;165;49;35;29;0;10;6;3;5;7;3
2019-07-31 14:43:58;165;49;35;29;0;10;6;3;5;7;3
2019-07-31 14:44:59;165;49;35;29;0;10;6;3;5;7;3
2019-07-31 14:45:58;165;49;35;29;0;10;6;3;5;7;3
2019-07-31 14:46:59;165;49;35;29;0;10;6;3;5;7;3
2019-07-31 14:47:59;165;49;35;29;0;10;6;3;5;7;3
2019-07-31 14:48:58;165;49;35;29;0;10;6;3;5;7;3
2019-07-31 14:49:59;165;49;35;28;0;11;6;3;5;7;3
2019-07-31 14:50:59;165;49;35;28;0;11;6;3;5;7;3
2019-07-31 14:51:58;166;49;35;28;0;11;6;3;5;7;3
2019-07-31 14:52:59;167;50;35;28;0;11;6;3;5;7;3
2019-07-31 14:53:59;167;50;35;28;0;11;6;3;5;7;3
2019-07-31 14:54:58;167;50;35;28;0;11;6;3;5;7;3
2019-07-31 14:55:59;167;50;35;28;0;11;6;3;5;7;3
2019-07-31 14:56:59;167;50;35;28;0;11;6;3;5;7;3
2019-07-31 14:57:58;168;51;35;28;0;11;6;3;5;7;3
2019-07-31 14:58:59;168;51;35;28;0;11;6;3;5;7;3
2019-07-31 14:59:59;168;51;35;28;0;11;6;3;5;7;3
2019-07-31 15:00:58;170;51;36;29;0;11;6;3;5;7;3
2019-07-31 15:01:59;170;51;36;29;0;11;6;3;5;7;3
2019-07-31 15:02:59;171;52;36;29;0;11;6;3;5;7;3
2019-07-31 15:03:58;172;53;36;29;0;11;6;3;5;7;3
2019-07-31 15:04:59;172;53;36;29;0;11;6;3;5;7;3
2019-07-31 15:05:58;172;53;36;29;0;11;6;3;5;7;3
2019-07-31 15:06:59;172;53;36;29;0;11;6;3;5;7;3
2019-07-31 15:07:59;172;53;36;29;0;11;6;3;5;7;3
2019-07-31 15:08:58;172;53;36;29;0;11;6;3;5;7;3
2019-07-31 15:09:59;172;53;36;29;0;11;6;3;5;7;3
2019-07-31 15:10:59;172;53;36;29;0;11;6;3;5;7;3
2019-07-31 15:11:58;172;53;36;29;0;11;6;3;5;7;3
2019-07-31 15:12:59;173;53;37;29;0;11;6;3;5;7;3
2019-07-31 15:13:59;173;53;37;29;0;11;6;3;5;7;3
2019-07-31 15:14:58;172;53;37;29;0;11;6;3;5;6;3
2019-07-31 15:15:59;172;53;37;29;0;11;6;3;5;6;3
2019-07-31 15:16:58;172;53;37;29;0;11;6;3;5;6;3
2019-07-31 15:17:59;172;53;37;29;0;11;6;3;5;6;3
2019-07-31 15:18:59;172;53;37;29;0;11;6;3;5;6;3
2019-07-31 15:19:59;172;53;37;29;0;11;6;3;5;6;3
2019-07-31 15:20:58;172;53;37;29;0;11;6;3;5;6;3
2019-07-31 15:21:59;172;53;37;29;0;11;6;3;5;6;3
2019-07-31 15:22:59;172;53;37;29;0;11;6;3;5;6;3
2019-07-31 15:23:58;172;53;37;29;0;11;6;3;5;6;3
2019-07-31 15:24:59;172;53;37;29;0;11;6;3;5;6;3
2019-07-31 15:25:59;172;53;37;29;0;11;6;3;5;6;3
2019-07-31 15:26:58;172;53;37;29;0;11;6;3;5;6;3
2019-07-31 15:27:59;172;53;37;29;0;11;6;3;5;6;3
2019-07-31 15:28:59;172;53;37;29;0;11;6;3;5;6;3
2019-07-31 15:29:58;172;53;37;29;0;11;6;3;5;6;3
2019-07-31 15:30:59;172;53;37;29;0;11;6;3;5;6;3
2019-07-31 15:31:59;171;53;37;28;0;11;6;3;5;6;3
2019-07-31 15:32:58;171;53;37;28;0;11;6;3;5;6;3
2019-07-31 15:33:59;172;53;37;28;0;11;6;3;5;7;3
2019-07-31 15:34:59;172;53;37;28;0;11;6;3;5;7;3
2019-07-31 15:35:58;172;53;37;28;0;11;6;3;5;7;3
2019-07-31 15:36:59;172;53;37;28;0;11;6;3;5;7;3
2019-07-31 15:37:58;172;53;37;28;0;11;6;3;5;7;3
2019-07-31 15:38:59;173;53;38;28;0;11;6;3;5;7;3
2019-07-31 15:39:59;173;53;38;28;0;11;6;3;5;7;3
2019-07-31 15:41:00;173;53;38;28;0;11;6;3;5;7;3
2019-07-31 15:41:58;173;53;38;28;0;11;6;3;5;7;3
2019-07-31 15:42:59;173;53;38;28;0;11;6;3;5;7;3
2019-07-31 15:43:59;174;53;38;29;0;11;6;3;5;7;3
2019-07-31 15:44:58;174;53;38;29;0;11;6;3;5;7;3
2019-07-31 15:45:59;174;53;38;29;0;11;6;3;5;7;3
2019-07-31 15:46:59;175;54;38;29;0;11;6;3;5;7;3
2019-07-31 15:47:58;175;54;38;29;0;11;6;3;5;7;3
2019-07-31 15:48:59;175;55;37;29;0;11;6;3;5;7;3
2019-07-31 15:49:58;175;55;37;29;0;11;6;3;5;7;3
2019-07-31 15:50:59;175;55;37;29;0;11;6;3;5;7;3
2019-07-31 15:51:59;175;55;37;29;0;11;6;3;5;7;3
2019-07-31 15:52:58;175;55;37;29;0;11;6;3;5;7;3
2019-07-31 15:53:59;176;56;37;29;0;11;6;3;5;7;3
2019-07-31 15:54:59;176;56;37;29;0;11;6;3;5;7;3
2019-07-31 15:55:58;176;56;37;29;0;11;6;3;5;7;3
2019-07-31 15:56:59;176;56;37;29;0;11;6;3;5;7;3
2019-07-31 15:57:59;176;56;37;29;0;11;6;3;5;7;3
2019-07-31 15:58:58;176;56;37;29;0;11;6;3;5;7;3
2019-07-31 15:59:59;176;56;37;29;0;11;6;3;5;7;3
2019-07-31 16:00:59;176;56;37;29;0;11;6;3;5;7;3
2019-07-31 16:01:58;176;56;37;29;0;11;6;3;5;7;3
2019-07-31 16:02:59;176;56;37;29;0;11;6;3;5;7;3
2019-07-31 16:03:58;176;56;37;29;0;11;6;3;5;7;3
2019-07-31 16:04:59;176;56;37;29;0;11;6;3;5;7;3
2019-07-31 16:05:58;176;56;37;29;0;11;6;3;5;7;3
2019-07-31 16:06:59;176;56;37;29;0;11;6;3;5;7;3
2019-07-31 16:07:59;176;56;37;29;0;11;6;3;5;7;3
2019-07-31 16:08:58;176;56;37;29;0;11;6;3;5;7;3
2019-07-31 16:09:59;176;56;37;29;0;11;6;3;5;7;3
2019-07-31 16:10:59;176;56;37;29;0;11;6;3;5;7;3
2019-07-31 16:11:58;176;56;37;29;0;11;6;3;5;7;3
2019-07-31 16:12:59;178;57;38;29;0;11;6;3;5;7;3
2019-07-31 16:13:59;177;57;38;29;0;11;6;3;5;6;3
2019-07-31 16:14:58;177;57;38;29;0;11;6;3;5;6;3
2019-07-31 16:15:59;177;57;38;29;0;11;6;3;5;6;3
2019-07-31 16:16:59;177;57;38;29;0;11;6;3;5;6;3
2019-07-31 16:17:58;178;57;38;29;0;11;6;3;5;6;3
2019-07-31 16:18:59;178;57;38;29;0;11;6;3;5;6;3
2019-07-31 16:20:00;178;57;38;29;0;11;6;3;5;6;3
2019-07-31 16:20:58;178;57;38;29;0;11;6;3;5;6;3
2019-07-31 16:21:59;178;57;38;29;0;11;6;3;5;6;3
2019-07-31 16:22:58;178;57;38;29;0;11;6;3;5;6;3
2019-07-31 16:23:59;178;57;38;29;0;11;6;3;5;6;3
2019-07-31 16:24:59;179;57;38;29;0;11;6;4;5;6;3
2019-07-31 16:25:58;179;57;38;29;0;11;6;4;5;6;3
2019-07-31 16:26:59;179;57;38;29;0;11;6;4;5;6;3
2019-07-31 16:27:58;179;57;38;29;0;11;6;4;5;6;3
2019-07-31 16:28:59;179;57;38;29;0;11;6;4;5;6;3
2019-07-31 16:29:59;179;57;38;29;0;11;6;4;5;6;3
2019-07-31 16:30:58;179;57;38;29;0;11;6;4;5;6;3
2019-07-31 16:31:59;179;57;38;29;0;11;6;4;5;6;3
2019-07-31 16:32:59;179;57;38;29;0;11;6;4;5;6;3
2019-07-31 16:33:58;179;57;38;29;0;11;6;4;5;6;3
2019-07-31 16:34:59;179;57;38;29;0;11;6;4;5;6;3
2019-07-31 16:35:59;179;57;38;29;0;11;6;4;5;6;3
2019-07-31 16:36:58;179;57;38;29;0;11;6;4;5;6;3
2019-07-31 16:37:59;179;57;38;29;0;11;6;4;5;6;3
2019-07-31 16:38:59;179;57;38;29;0;11;6;4;5;6;3
2019-07-31 16:39:58;179;57;38;29;0;11;6;4;5;6;3
2019-07-31 16:40:59;179;57;38;29;0;11;6;4;5;6;3
2019-07-31 16:41:59;179;57;38;29;0;11;6;4;5;6;3
2019-07-31 16:42:58;179;57;38;29;0;11;6;4;5;6;3
2019-07-31 16:43:59;179;57;38;29;0;11;6;4;5;6;3
2019-07-31 16:45:00;180;57;38;29;0;12;6;4;5;6;3
2019-07-31 16:45:58;180;57;38;29;0;12;6;4;5;6;3
2019-07-31 16:46:59;180;57;38;29;0;12;6;4;5;6;3
2019-07-31 16:47:58;180;57;38;29;0;12;6;4;5;6;3
2019-07-31 16:48:59;180;57;38;29;0;12;6;4;5;6;3
2019-07-31 16:49:59;180;57;38;29;0;12;6;4;5;6;3
2019-07-31 16:50:58;180;57;38;29;0;12;6;4;5;6;3
2019-07-31 16:51:59;180;57;38;29;0;12;6;4;5;6;3
2019-07-31 16:52:59;180;57;38;29;0;12;6;4;5;6;3
2019-07-31 16:53:58;180;57;38;29;0;12;6;4;5;6;3
2019-07-31 16:54:59;180;57;38;29;0;12;6;4;5;6;3
2019-07-31 16:55:59;180;57;38;29;0;12;6;4;5;6;3
2019-07-31 16:56:58;180;57;38;29;0;12;6;4;5;6;3
2019-07-31 16:57:59;181;58;38;29;0;12;6;4;5;6;3
2019-07-31 16:58:58;181;58;38;29;0;12;6;4;5;6;3
2019-07-31 16:59:59;181;58;38;29;0;12;6;4;5;6;3
2019-07-31 17:00:59;181;58;38;29;0;12;6;4;5;6;3
2019-07-31 17:01:58;181;59;38;29;0;12;6;4;5;6;3
2019-07-31 17:02:59;182;59;38;30;0;12;6;4;5;6;3
2019-07-31 17:03:58;182;59;38;30;0;12;6;4;5;6;3
2019-07-31 17:04:59;182;59;38;30;0;12;6;4;5;6;3
2019-07-31 17:05:59;183;60;38;30;0;12;6;4;5;6;3
2019-07-31 17:06:58;183;60;38;30;0;12;6;4;5;6;3
2019-07-31 17:07:59;183;60;38;30;0;12;6;4;5;6;3
2019-07-31 17:08:59;183;60;38;30;0;12;6;4;5;6;3
2019-07-31 17:09:58;183;60;38;30;0;12;6;4;5;6;3
2019-07-31 17:10:59;183;60;38;30;0;12;6;4;5;6;3
2019-07-31 17:11:58;183;60;38;30;0;12;6;4;5;6;3
2019-07-31 17:12:59;183;60;38;30;0;12;6;4;5;6;3
2019-07-31 17:13:59;183;60;38;30;0;12;6;4;5;6;3
2019-07-31 17:14:59;183;60;38;30;0;12;6;4;5;6;3
2019-07-31 17:15:58;183;60;38;30;0;12;6;4;5;6;3
2019-07-31 17:17:00;183;60;38;30;0;12;6;4;5;6;3
2019-07-31 17:17:58;183;60;38;30;0;12;6;4;5;6;3
2019-07-31 17:18:59;184;60;39;30;0;12;6;4;5;6;3
2019-07-31 17:19:58;184;60;39;30;0;12;6;4;5;6;3
2019-07-31 17:20:59;185;61;39;30;0;12;6;4;5;6;3
2019-07-31 17:21:58;185;61;39;30;0;12;6;4;5;6;3
2019-07-31 17:22:59;186;62;39;30;0;12;6;4;5;6;3
2019-07-31 17:23:59;186;62;39;30;0;12;6;4;5;6;3
2019-07-31 17:24:58;187;62;40;30;0;12;6;4;5;6;3
2019-07-31 17:25:59;187;62;40;30;0;12;6;4;5;6;3
2019-07-31 17:26:59;187;62;40;30;0;12;6;4;5;6;3
2019-07-31 17:27:58;188;63;40;30;0;12;6;4;5;6;3
2019-07-31 17:28:59;188;63;40;30;0;12;6;4;5;6;3
2019-07-31 17:29:59;188;63;40;30;0;12;6;4;5;6;3
2019-07-31 17:30:58;188;63;40;30;0;12;6;4;5;6;3
2019-07-31 17:31:59;190;64;40;30;0;12;6;4;5;6;3
2019-07-31 17:32:58;190;64;40;30;0;12;6;4;5;6;3
2019-07-31 17:33:59;190;64;40;30;0;12;6;4;5;6;3
2019-07-31 17:34:58;190;64;40;30;0;12;6;4;5;6;3
2019-07-31 17:35:59;190;64;40;30;0;12;6;4;5;6;3
2019-07-31 17:36:59;190;64;40;30;0;12;6;4;5;6;3
2019-07-31 17:37:58;190;64;40;30;0;12;6;4;5;6;3
2019-07-31 17:38:59;191;65;40;30;0;12;6;4;5;6;3
2019-07-31 17:39:58;191;65;40;30;0;12;6;4;5;6;3
2019-07-31 17:40:59;191;65;40;30;0;12;6;4;5;6;3
2019-07-31 17:41:59;191;65;40;30;0;12;6;4;5;6;3
2019-07-31 17:42:58;191;65;40;30;0;12;6;4;5;6;3
2019-07-31 17:43:59;191;65;40;30;0;12;6;4;5;6;3
2019-07-31 17:44:59;191;65;40;30;0;12;6;4;5;6;3
2019-07-31 17:45:58;191;65;40;30;0;12;6;4;5;6;3
2019-07-31 17:46:59;191;65;40;30;0;12;6;4;5;6;3
2019-07-31 17:47:59;191;65;40;30;0;12;6;4;5;6;3
2019-07-31 17:48:58;191;65;40;30;0;12;6;4;5;6;3
2019-07-31 17:49:59;191;65;40;30;0;12;6;4;5;6;3
2019-07-31 17:50:59;191;65;40;30;0;12;6;4;5;6;3
2019-07-31 17:51:58;191;65;40;30;0;12;6;4;5;6;3
2019-07-31 17:52:59;191;65;40;30;0;12;6;4;5;6;3
2019-07-31 17:53:59;191;65;40;30;0;12;6;4;5;6;3
2019-07-31 17:54:58;191;65;40;30;0;12;6;4;5;6;3
2019-07-31 17:55:59;191;65;40;30;0;12;6;4;5;6;3
2019-07-31 17:56:58;191;65;40;30;0;12;6;4;5;6;3
2019-07-31 17:57:59;191;65;40;30;0;12;6;4;5;6;3
2019-07-31 17:58:59;191;65;40;30;0;12;6;4;5;6;3
2019-07-31 17:59:58;191;65;40;30;0;12;6;4;5;6;3
2019-07-31 18:00:59;191;65;40;30;0;12;6;4;5;6;3
2019-07-31 18:01:59;191;65;40;30;0;12;6;4;5;6;3
2019-07-31 18:02:59;191;65;40;30;0;12;6;4;5;6;3
2019-07-31 18:03:59;191;65;40;30;0;12;6;4;5;6;3
2019-07-31 18:04:58;191;65;40;30;0;12;6;4;5;6;3
2019-07-31 18:05:59;191;65;40;30;0;12;6;4;5;6;3
2019-07-31 18:06:59;191;65;40;30;0;12;6;4;5;6;3
2019-07-31 18:07:58;191;65;40;30;0;12;6;4;5;6;3
2019-07-31 18:09:00;191;65;40;30;0;12;6;4;5;6;3
2019-07-31 18:09:58;191;65;40;30;0;12;6;4;5;6;3
2019-07-31 18:10:59;191;65;40;30;0;12;6;4;5;6;3
2019-07-31 18:11:58;191;65;40;30;0;12;6;4;5;6;3
2019-07-31 18:12:59;191;65;40;30;0;12;6;4;5;6;3
2019-07-31 18:13:59;191;65;40;30;0;12;6;4;5;6;3
2019-07-31 18:15:00;191;65;40;30;0;12;6;4;5;6;3
2019-07-31 18:15:58;191;65;40;30;0;12;6;4;5;6;3
2019-07-31 18:16:59;191;65;40;30;0;12;6;4;5;6;3
2019-07-31 18:17:58;191;65;40;30;0;12;6;4;5;6;3
2019-07-31 18:18:59;191;65;40;30;0;12;6;4;5;6;3
2019-07-31 18:19:59;191;65;40;30;0;12;6;4;5;6;3
2019-07-31 18:20:58;191;65;40;30;0;12;6;4;5;6;3
2019-07-31 18:21:59;192;66;40;30;0;12;6;4;5;6;3
2019-07-31 18:22:59;192;66;40;30;0;12;6;4;5;6;3
2019-07-31 18:23:58;192;66;40;30;0;12;6;4;5;6;3
2019-07-31 18:24:59;192;66;40;30;0;12;6;4;5;6;3
2019-07-31 18:25:59;192;66;40;30;0;12;6;4;5;6;3
2019-07-31 18:26:58;192;66;40;30;0;12;6;4;5;6;3
2019-07-31 18:27:59;193;66;40;30;0;12;6;4;5;6;3
2019-07-31 18:28:58;193;66;40;30;0;12;6;4;5;6;3
2019-07-31 18:29:59;193;66;40;30;0;12;6;4;5;6;3
2019-07-31 18:30:59;193;66;40;30;0;12;6;4;5;6;3
2019-07-31 18:31:59;193;66;40;30;0;12;6;4;5;6;3
2019-07-31 18:32:58;193;66;40;30;0;12;6;4;5;6;3
2019-07-31 18:33:59;193;66;40;30;0;12;6;4;5;6;3
2019-07-31 18:35:00;193;66;40;30;0;12;6;4;5;6;3
2019-07-31 18:35:58;194;66;40;30;0;12;6;4;5;6;3
2019-07-31 18:36:59;194;66;40;30;0;12;6;4;5;6;3
2019-07-31 18:37:58;194;66;40;30;0;12;6;4;5;6;3
2019-07-31 18:38:59;194;66;40;31;0;12;6;4;5;5;3
2019-07-31 18:39:59;194;66;40;31;0;12;6;4;5;5;3
2019-07-31 18:40:58;194;66;40;31;0;12;6;4;5;5;3
2019-07-31 18:41:59;194;66;40;31;0;12;6;4;5;5;3
2019-07-31 18:42:58;194;66;40;31;0;12;6;4;5;5;3
2019-07-31 18:43:59;194;66;40;31;0;12;6;4;5;5;3
2019-07-31 18:44:58;194;66;40;31;0;12;6;4;5;5;3
2019-07-31 18:45:59;194;66;39;31;3;12;6;4;5;5;3
2019-07-31 18:46:59;195;66;39;32;3;13;6;4;5;4;3
2019-07-31 18:47:58;195;66;39;32;3;13;6;4;5;4;3
2019-07-31 18:48:59;195;66;38;32;4;13;6;4;5;4;3
2019-07-31 18:49:59;196;66;38;32;4;13;6;5;5;4;3
2019-07-31 18:51:00;196;66;38;32;4;13;6;5;5;4;3
2019-07-31 18:51:58;196;66;38;32;4;13;6;5;5;4;3
2019-07-31 18:52:59;196;66;38;32;4;13;6;5;5;4;3
2019-07-31 18:53:58;196;66;38;32;4;13;6;5;5;4;3
2019-07-31 18:54:59;196;66;38;32;4;13;6;5;5;4;3
2019-07-31 18:55:59;196;66;38;32;4;13;6;5;5;4;3
2019-07-31 18:56:58;196;66;38;32;4;13;6;5;5;4;3
2019-07-31 18:57:59;196;66;38;32;4;13;6;5;5;4;3
2019-07-31 18:58:59;198;68;38;32;4;13;6;5;5;4;3
2019-07-31 18:59:58;199;68;38;32;5;13;6;5;5;4;3
2019-07-31 19:00:59;199;68;38;32;5;13;6;5;5;4;3
2019-07-31 19:01:59;199;68;38;32;5;13;6;5;5;4;3
2019-07-31 19:02:58;199;68;38;32;5;13;6;5;5;4;3
2019-07-31 19:03:59;199;68;38;32;5;13;6;5;5;4;3
2019-07-31 19:04:59;199;68;38;32;5;13;6;5;5;4;3
2019-07-31 19:05:58;199;68;38;32;5;13;6;5;5;4;3
2019-07-31 19:06:59;199;68;38;32;5;13;6;5;5;4;3
2019-07-31 19:07:58;199;68;38;32;5;13;6;5;5;4;3
2019-07-31 19:08:59;199;68;38;32;5;13;6;5;5;4;3
2019-07-31 19:09:59;199;68;38;32;5;13;6;5;5;4;3
2019-07-31 19:10:58;199;68;38;32;5;13;6;5;5;4;3
2019-07-31 19:11:59;200;69;38;32;5;13;6;5;5;4;3
2019-07-31 19:12:59;200;69;38;32;5;13;6;5;5;4;3
2019-07-31 19:13:59;200;69;38;32;5;13;6;5;5;4;3
2019-07-31 19:14:58;200;69;38;32;5;13;6;5;5;4;3
2019-07-31 19:15:59;201;70;38;32;5;13;6;5;5;4;3
2019-07-31 19:16:58;201;70;38;32;5;13;6;5;5;4;3
2019-07-31 19:17:59;201;70;38;32;5;13;6;5;5;4;3
2019-07-31 19:18:59;202;71;38;32;5;13;6;5;5;4;3
2019-07-31 19:19:58;202;71;38;32;5;13;6;5;5;4;3
2019-07-31 19:20:59;203;70;39;32;6;13;6;5;5;4;3
2019-07-31 19:21:59;204;70;39;32;7;13;6;5;5;4;3
2019-07-31 19:22:58;203;70;39;32;6;13;6;5;5;4;3
2019-07-31 19:23:59;204;71;38;32;7;13;6;5;5;4;3
2019-07-31 19:24:59;204;71;38;32;7;13;6;5;5;4;3
2019-07-31 19:25:58;204;71;38;32;7;13;6;5;5;4;3
2019-07-31 19:26:59;204;71;38;32;7;13;6;5;5;4;3
2019-07-31 19:27:58;204;71;38;32;7;13;6;5;5;4;3
2019-07-31 19:28:59;204;71;38;32;7;13;6;5;5;4;3
2019-07-31 19:29:59;205;72;38;32;7;13;6;5;5;4;3
2019-07-31 19:30:58;205;72;38;32;7;13;6;5;5;4;3
2019-07-31 19:31:59;205;72;38;32;7;13;6;5;5;4;3
2019-07-31 19:32:59;205;72;38;32;7;13;6;5;5;4;3
2019-07-31 19:33:58;206;72;38;32;8;13;6;5;5;4;3
2019-07-31 19:34:59;206;72;38;32;8;13;6;5;5;4;3
2019-07-31 19:35:59;206;72;38;32;8;13;6;5;5;4;3
2019-07-31 19:36:58;206;72;38;32;8;13;6;5;5;4;3
2019-07-31 19:37:59;206;72;38;32;8;13;6;5;5;4;3
2019-07-31 19:38:59;206;72;38;32;8;13;6;5;5;4;3
2019-07-31 19:39:58;206;72;38;32;8;13;6;5;5;4;3
2019-07-31 19:40:59;207;73;38;32;8;13;6;5;5;4;3
2019-07-31 19:41:59;208;73;38;32;9;13;6;5;5;4;3
2019-07-31 19:42:58;209;74;38;32;9;13;6;5;5;4;3
2019-07-31 19:43:59;209;74;38;32;9;13;6;5;5;4;3
2019-07-31 19:44:58;209;74;38;32;9;13;6;5;5;4;3
2019-07-31 19:45:59;210;75;37;32;10;13;6;5;5;4;3
2019-07-31 19:46:59;211;76;37;32;10;13;6;5;5;4;3
2019-07-31 19:47:58;211;76;37;32;10;13;6;5;5;4;3
2019-07-31 19:48:59;211;76;37;32;10;13;6;5;5;4;3
2019-07-31 19:49:59;211;76;37;32;10;13;6;5;5;4;3
2019-07-31 19:50:58;211;76;37;32;10;13;6;5;5;4;3
2019-07-31 19:51:59;211;76;37;32;10;13;6;5;5;4;3
2019-07-31 19:52:59;211;76;37;32;10;13;6;5;5;4;3
2019-07-31 19:53:58;211;76;37;32;10;13;6;5;5;4;3
2019-07-31 19:54:59;211;76;37;32;10;13;6;5;5;4;3
2019-07-31 19:55:59;211;76;37;32;10;13;6;5;5;4;3
2019-07-31 19:56:58;211;76;37;32;10;13;6;5;5;4;3
2019-07-31 19:57:59;211;76;37;32;10;13;6;5;5;4;3
2019-07-31 19:58:58;211;76;37;32;10;13;6;5;5;4;3
2019-07-31 19:59:59;211;76;37;32;10;13;6;5;5;4;3
2019-07-31 20:00:59;211;76;37;32;10;13;6;5;5;4;3
2019-07-31 20:01:58;211;76;37;32;10;13;6;5;5;4;3
2019-07-31 20:02:59;211;76;37;32;10;13;6;5;5;4;3
2019-07-31 20:03:59;211;76;37;32;10;13;6;5;5;4;3
2019-07-31 20:04:58;211;76;37;32;10;13;6;5;5;4;3
2019-07-31 20:05:59;212;76;37;32;11;13;6;5;5;4;3
2019-07-31 20:06:59;212;76;37;32;11;13;6;5;5;4;3
2019-07-31 20:07:58;212;76;37;32;11;13;6;5;5;4;3
2019-07-31 20:08:59;212;76;37;32;11;13;6;5;5;4;3
2019-07-31 20:09:59;212;76;37;32;11;13;6;5;5;4;3
2019-07-31 20:10:59;212;76;37;32;11;13;6;5;5;4;3
2019-07-31 20:11:58;212;76;37;32;11;13;6;5;5;4;3
2019-07-31 20:12:59;212;76;37;32;11;13;6;5;5;4;3
2019-07-31 20:13:59;212;76;37;32;11;13;6;5;5;4;3
2019-07-31 20:14:58;213;76;37;32;12;13;6;5;5;4;3
2019-07-31 20:15:59;213;76;37;32;12;13;6;5;5;4;3
2019-07-31 20:16:59;213;76;37;32;12;13;6;5;5;4;3
2019-07-31 20:17:58;213;76;37;32;12;13;6;5;5;4;3
2019-07-31 20:18:59;213;76;37;32;12;13;6;5;5;4;3
2019-07-31 20:20:00;213;76;37;32;12;13;6;5;5;4;3
2019-07-31 20:20:58;213;76;37;32;12;13;6;5;5;4;3
2019-07-31 20:21:59;213;76;37;32;12;13;6;5;5;4;3
2019-07-31 20:22:58;213;76;37;32;12;13;6;5;5;4;3
2019-07-31 20:23:59;213;76;37;32;12;13;6;5;5;4;3
2019-07-31 20:24:59;213;76;37;32;12;13;6;5;5;4;3
2019-07-31 20:25:58;213;76;37;32;12;13;6;5;5;4;3
2019-07-31 20:26:59;213;76;37;32;12;13;6;5;5;4;3
2019-07-31 20:28:00;213;76;37;32;12;13;6;5;5;4;3
2019-07-31 20:28:58;213;76;37;32;12;13;6;5;5;4;3
2019-07-31 20:29:59;214;76;37;32;13;13;6;5;5;4;3
2019-07-31 20:30:58;214;76;37;32;13;13;6;5;5;4;3
2019-07-31 20:31:59;215;76;37;32;14;13;6;5;5;4;3
2019-07-31 20:32:59;215;76;37;32;14;13;6;5;5;4;3
2019-07-31 20:33:58;215;76;37;32;14;13;6;5;5;4;3
2019-07-31 20:34:59;215;76;37;32;14;13;6;5;5;4;3
2019-07-31 20:35:59;215;76;37;32;14;13;6;5;5;4;3
2019-07-31 20:36:59;215;76;37;32;14;13;6;5;5;4;3
2019-07-31 20:37:58;215;75;38;32;14;13;6;5;5;4;3
2019-07-31 20:38:59;215;75;38;32;14;13;6;5;5;4;3
2019-07-31 20:39:59;216;75;38;33;14;13;6;5;5;4;3
2019-07-31 20:40:58;216;75;38;33;14;13;6;5;5;4;3
2019-07-31 20:41:59;216;75;38;33;14;13;6;5;5;4;3
2019-07-31 20:42:59;216;75;38;33;14;13;6;5;5;4;3
2019-07-31 20:43:58;216;75;38;33;14;13;6;5;5;4;3
2019-07-31 20:44:59;216;75;38;33;14;13;6;5;5;4;3
2019-07-31 20:45:59;217;75;38;33;15;13;6;5;5;4;3
2019-07-31 20:46:58;217;75;38;33;15;13;6;5;5;4;3
2019-07-31 20:47:59;217;75;38;33;15;13;6;5;5;4;3
2019-07-31 20:48:59;217;75;38;33;15;13;6;5;5;4;3
2019-07-31 20:49:58;217;75;38;33;15;13;6;5;5;4;3
2019-07-31 20:50:59;217;75;38;33;15;13;6;5;5;4;3
2019-07-31 20:51:59;217;75;38;33;15;13;6;5;5;4;3
2019-07-31 20:53:00;218;75;38;33;16;13;6;5;5;4;3
2019-07-31 20:53:58;218;75;38;33;16;13;6;5;5;4;3
2019-07-31 20:54:59;218;75;38;33;16;13;6;5;5;4;3
2019-07-31 20:55:58;218;75;38;33;16;13;6;5;5;4;3
2019-07-31 20:56:59;218;75;38;33;16;13;6;5;5;4;3
2019-07-31 20:57:58;218;75;38;33;16;13;6;5;5;4;3
2019-07-31 20:58:59;218;75;38;33;16;13;6;5;5;4;3
2019-07-31 20:59:59;219;75;38;33;17;13;6;5;5;4;3
2019-07-31 21:00:58;219;75;38;33;17;13;6;5;5;4;3
2019-07-31 21:01:59;219;75;38;33;17;13;6;5;5;4;3
2019-07-31 21:02:59;219;75;38;33;17;13;6;5;5;4;3
2019-07-31 21:03:58;219;75;38;33;17;13;6;5;5;4;3
2019-07-31 21:04:59;219;75;38;33;17;13;6;5;5;4;3
2019-07-31 21:05:59;220;75;38;33;18;13;6;5;5;4;3
2019-07-31 21:06:58;221;75;38;33;19;13;6;5;5;4;3
2019-07-31 21:07:59;221;75;38;33;19;13;6;5;5;4;3
2019-07-31 21:08:59;221;75;38;33;19;13;6;5;5;4;3
2019-07-31 21:09:58;223;75;38;33;20;13;6;5;5;4;3
2019-07-31 21:10:59;223;75;38;33;20;13;6;5;5;4;3
2019-07-31 21:11:58;223;75;38;33;20;13;6;5;5;4;3
2019-07-31 21:12:59;223;75;38;33;20;13;6;5;5;4;3
2019-07-31 21:14:00;224;75;39;33;20;13;6;5;5;4;3
2019-07-31 21:14:58;224;75;39;33;20;13;6;5;5;4;3
2019-07-31 21:15:59;224;75;39;33;20;13;6;5;5;4;3
2019-07-31 21:16:58;224;75;39;33;20;13;6;5;5;4;3
2019-07-31 21:17:59;224;75;39;33;20;13;6;5;5;4;3
2019-07-31 21:18:59;225;75;39;33;21;13;6;5;5;4;3
2019-07-31 21:19:58;226;75;39;33;21;14;6;5;5;4;3
2019-07-31 21:20:59;226;75;39;33;21;14;6;5;5;4;3
2019-07-31 21:21:59;226;75;39;33;21;14;6;5;5;4;3
2019-07-31 21:22:58;226;75;39;33;21;14;6;5;5;4;3
2019-07-31 21:23:59;226;75;39;33;21;14;6;5;5;4;3
2019-07-31 21:24:59;227;75;40;33;21;14;6;5;5;4;3
2019-07-31 21:25:58;227;75;40;33;21;14;6;5;5;4;3
2019-07-31 21:26:59;227;75;40;33;21;14;6;5;5;4;3
2019-07-31 21:27:59;227;75;40;33;21;14;6;5;5;4;3
2019-07-31 21:28:58;228;75;41;33;21;14;6;5;5;4;3
2019-07-31 21:29:59;228;75;41;33;21;14;6;5;5;4;3
2019-07-31 21:30:59;228;75;41;33;21;14;6;5;5;4;3
2019-07-31 21:31:58;228;75;41;33;21;14;6;5;5;4;3
2019-07-31 21:32:59;228;75;41;33;21;14;6;5;5;4;3
2019-07-31 21:33:59;229;75;42;33;21;14;6;5;5;4;3
2019-07-31 21:34:58;230;76;42;33;21;14;6;5;5;4;3
2019-07-31 21:35:59;230;76;42;33;21;14;6;5;5;4;3
2019-07-31 21:36:59;231;76;42;33;22;14;6;5;5;4;3
2019-07-31 21:37:58;232;76;42;33;23;14;6;5;5;4;3
2019-07-31 21:38:59;232;76;42;33;23;14;6;5;5;4;3
2019-07-31 21:39:59;232;76;42;33;23;14;6;5;5;4;3
2019-07-31 21:40:58;232;76;42;33;23;14;6;5;5;4;3
2019-07-31 21:41:59;232;76;42;33;23;14;6;5;5;4;3
2019-07-31 21:42:59;232;76;42;33;23;14;6;5;5;4;3
2019-07-31 21:43:58;232;76;42;33;23;14;6;5;5;4;3
2019-07-31 21:44:59;232;76;42;33;23;14;6;5;5;4;3
2019-07-31 21:45:58;232;76;42;33;23;14;6;5;5;4;3
2019-07-31 21:46:59;232;76;42;33;23;14;6;5;5;4;3
2019-07-31 21:47:59;233;76;42;34;23;14;6;5;5;4;3
2019-07-31 21:48:58;233;76;42;34;23;14;6;5;5;4;3
2019-07-31 21:49:59;234;76;42;34;23;15;6;5;5;4;3
2019-07-31 21:50:59;234;76;42;34;23;15;6;5;5;4;3
2019-07-31 21:52:00;234;76;42;34;23;15;6;5;5;4;3
2019-07-31 21:52:58;234;76;42;34;23;15;6;5;5;4;3
2019-07-31 21:53:59;234;76;42;34;23;15;6;5;5;4;3
2019-07-31 21:54:58;234;76;42;34;23;15;6;5;5;4;3
2019-07-31 21:55:59;234;76;42;34;23;15;6;5;5;4;3
2019-07-31 21:56:59;234;76;42;34;23;15;6;5;5;4;3
2019-07-31 21:57:58;234;76;42;34;23;15;6;5;5;4;3
2019-07-31 21:58:59;234;76;42;34;23;15;6;5;5;4;3
2019-07-31 21:59:59;235;76;42;34;23;15;6;5;5;4;3
2019-07-31 22:00:58;235;76;42;34;23;15;6;5;5;4;3
2019-07-31 22:01:59;235;76;42;34;23;15;6;5;5;4;3
2019-07-31 22:02:58;235;76;42;34;23;15;6;5;5;4;3
2019-07-31 22:03:59;235;76;42;34;23;15;6;5;5;4;3
2019-07-31 22:04:59;235;76;42;34;23;15;6;5;5;4;3
2019-07-31 22:05:59;235;76;42;34;23;15;6;5;5;4;3
2019-07-31 22:06:58;235;75;42;34;24;15;6;5;5;4;3
2019-07-31 22:07:59;235;75;42;34;24;15;6;5;5;4;3
2019-07-31 22:08:59;235;75;42;34;24;15;6;5;5;4;3
2019-07-31 22:09:58;235;75;42;34;24;15;6;5;5;4;3
2019-07-31 22:10:59;235;75;42;34;24;15;6;5;5;4;3
2019-07-31 22:11:59;235;75;42;34;24;15;6;5;5;4;3
2019-07-31 22:12:58;235;75;42;34;24;15;6;5;5;4;3
2019-07-31 22:13:59;235;75;42;34;24;15;6;5;5;4;3
2019-07-31 22:14:59;235;75;42;34;24;15;6;5;5;4;3
2019-07-31 22:15:58;235;75;42;34;24;15;6;5;5;4;3
2019-07-31 22:16:59;235;75;42;34;24;15;6;5;5;4;3
2019-07-31 22:17:59;236;75;42;34;25;15;6;5;5;4;3
2019-07-31 22:18:58;236;75;42;34;25;15;6;5;5;4;3
2019-07-31 22:19:59;236;75;42;34;25;15;6;5;5;4;3
2019-07-31 22:21:00;236;75;42;34;25;15;6;5;5;4;3
2019-07-31 22:21:58;236;75;42;34;25;15;6;5;5;4;3
2019-07-31 22:22:59;236;75;42;34;25;15;6;5;5;4;3
2019-07-31 22:23:59;236;75;42;34;25;15;6;5;5;4;3
2019-07-31 22:24:58;236;75;42;34;25;15;6;5;5;4;3
2019-07-31 22:25:59;236;75;42;34;25;15;6;5;5;4;3
2019-07-31 22:26:59;236;75;42;34;25;15;6;5;5;4;3
2019-07-31 22:27:58;236;75;42;34;25;15;6;5;5;4;3
2019-07-31 22:28:59;237;75;42;34;26;15;6;5;5;4;3
2019-07-31 22:29:58;238;75;43;34;26;15;6;5;5;4;3
2019-07-31 22:30:59;238;75;43;34;26;15;6;5;5;4;3
2019-07-31 22:31:59;238;75;43;34;26;15;6;5;5;4;3
2019-07-31 22:32:58;238;75;43;34;26;15;6;5;5;4;3
2019-07-31 22:33:59;238;75;43;34;26;15;6;5;5;4;3
2019-07-31 22:34:59;238;75;43;34;26;15;6;5;5;4;3
2019-07-31 22:35:59;238;75;43;34;26;15;6;5;5;4;3
2019-07-31 22:36:59;239;75;43;34;27;15;6;5;5;4;3
2019-07-31 22:37:58;240;75;43;34;28;15;6;5;5;4;3
2019-07-31 22:38:59;240;75;43;34;28;15;6;5;5;4;3
2019-07-31 22:39:59;240;75;43;34;28;15;6;5;5;4;3
2019-07-31 22:40:58;240;75;43;34;28;15;6;5;5;4;3
2019-07-31 22:41:59;240;75;43;34;28;15;6;5;5;4;3
2019-07-31 22:42:59;240;75;43;34;28;15;6;5;5;4;3
2019-07-31 22:43:58;240;75;43;34;28;15;6;5;5;4;3
2019-07-31 22:44:59;240;75;43;34;28;15;6;5;5;4;3
2019-07-31 22:46:00;240;74;43;35;28;15;6;5;5;4;3
2019-07-31 22:46:58;240;74;43;35;28;15;6;5;5;4;3
2019-07-31 22:47:59;240;74;43;35;28;15;6;5;5;4;3
2019-07-31 22:48:59;241;74;43;35;29;15;6;5;5;4;3
2019-07-31 22:49:58;241;74;43;35;29;15;6;5;5;4;3
2019-07-31 22:50:59;241;74;43;35;29;15;6;5;5;4;3
2019-07-31 22:51:58;241;74;43;35;29;15;6;5;5;4;3
2019-07-31 22:52:59;241;74;43;35;29;15;6;5;5;4;3
2019-07-31 22:53:59;241;74;43;35;29;15;6;5;5;4;3
2019-07-31 22:54:58;243;74;44;35;30;15;6;5;5;4;3
2019-07-31 22:55:59;243;74;44;35;30;15;6;5;5;4;3
2019-07-31 22:56:59;243;74;44;35;30;15;6;5;5;4;3
2019-07-31 22:57:59;243;74;44;35;30;15;6;5;5;4;3
2019-07-31 22:58:59;243;74;44;35;30;15;6;5;5;4;3
2019-07-31 22:59:58;243;74;44;35;30;15;6;5;5;4;3
2019-07-31 23:00:59;243;74;44;35;30;15;6;5;5;4;3
2019-07-31 23:01:59;243;74;44;35;30;15;6;5;5;4;3
2019-07-31 23:02:58;243;74;44;35;30;15;6;5;5;4;3
2019-07-31 23:03:59;243;74;44;35;30;15;6;5;5;4;3
2019-07-31 23:04:59;243;74;44;35;30;15;6;5;5;4;3
2019-07-31 23:05:58;243;74;44;35;30;15;6;5;5;4;3
2019-07-31 23:06:59;243;74;44;35;30;15;6;5;5;4;3
2019-07-31 23:07:59;243;74;44;35;30;15;6;5;5;4;3
2019-07-31 23:08:59;243;74;44;35;30;15;6;5;5;4;3
2019-07-31 23:09:58;244;74;45;35;30;15;6;5;5;4;3
2019-07-31 23:10:59;245;74;46;35;30;15;6;5;5;4;3
2019-07-31 23:11:58;245;74;46;35;30;15;6;5;5;4;3
2019-07-31 23:12:59;247;74;46;35;32;15;6;5;5;4;3
2019-07-31 23:13:59;246;74;46;34;32;15;6;5;5;4;3
2019-07-31 23:14:59;246;74;46;34;32;15;6;5;5;4;3
2019-07-31 23:15:59;246;74;46;34;32;15;6;5;5;4;3
2019-07-31 23:16:58;246;74;46;34;32;15;6;5;5;4;3
2019-07-31 23:17:59;246;74;46;34;32;15;6;5;5;4;3
2019-07-31 23:18:59;247;74;46;34;33;15;6;5;5;4;3
2019-07-31 23:19:58;247;74;46;34;33;15;6;5;5;4;3
2019-07-31 23:20:59;247;74;46;34;33;15;6;5;5;4;3
2019-07-31 23:21:58;247;74;46;34;33;15;6;5;5;4;3
2019-07-31 23:22:59;247;74;46;34;33;15;6;5;5;4;3
2019-07-31 23:23:59;247;74;46;34;33;15;6;5;5;4;3
2019-07-31 23:24:59;247;74;46;34;33;15;6;5;5;4;3
2019-07-31 23:25:58;247;74;46;34;33;15;6;5;5;4;3
2019-07-31 23:26:59;247;74;46;34;33;15;6;5;5;4;3
2019-07-31 23:27:59;247;74;46;34;33;15;6;5;5;4;3
2019-07-31 23:28:58;248;75;46;34;33;15;6;5;5;4;3
2019-07-31 23:29:59;248;75;46;34;33;15;6;5;5;4;3
2019-07-31 23:30:59;248;75;46;34;33;15;6;5;5;4;3
2019-07-31 23:31:58;248;75;46;34;33;15;6;5;5;4;3
2019-07-31 23:32:59;249;75;47;34;33;15;6;5;5;4;3
2019-07-31 23:33:59;249;75;47;34;33;15;6;5;5;4;3
2019-07-31 23:34:58;249;75;47;34;33;15;6;5;5;4;3
2019-07-31 23:35:59;249;75;47;34;33;15;6;5;5;4;3
2019-07-31 23:36:58;249;75;47;34;33;15;6;5;5;4;3
2019-07-31 23:37:59;249;75;47;34;33;15;6;5;5;4;3
2019-07-31 23:38:59;249;75;47;34;33;15;6;5;5;4;3
2019-07-31 23:39:58;249;75;47;34;33;15;6;5;5;4;3
2019-07-31 23:40:59;249;75;47;34;33;15;6;5;5;4;3
2019-07-31 23:41:59;250;75;47;35;33;15;6;5;5;4;3
2019-07-31 23:42:58;250;75;47;35;33;15;6;5;5;4;3
2019-07-31 23:43:59;250;75;47;35;33;15;6;5;5;4;3
2019-07-31 23:44:59;250;75;47;35;33;15;6;5;5;4;3
2019-07-31 23:45:58;250;75;47;35;33;15;6;5;5;4;3
2019-07-31 23:46:59;250;75;47;35;33;15;6;5;5;4;3
2019-07-31 23:47:59;250;75;47;35;33;15;6;5;5;4;3
2019-07-31 23:48:58;250;75;47;35;33;15;6;5;5;4;3
2019-07-31 23:49:59;250;75;47;35;33;15;6;5;5;4;3
2019-07-31 23:50:59;250;75;47;35;33;15;6;5;5;4;3
2019-07-31 23:51:58;250;75;47;35;33;15;6;5;5;4;3
2019-07-31 23:52:59;250;75;47;35;33;15;6;5;5;4;3
2019-07-31 23:53:59;250;75;47;35;33;15;6;5;5;4;3
2019-07-31 23:54:58;250;75;47;35;33;15;6;5;5;4;3
2019-07-31 23:55:59;250;75;47;35;33;15;6;5;5;4;3
2019-07-31 23:56:59;251;75;48;35;33;15;6;5;5;4;3
2019-07-31 23:57:58;251;75;48;35;33;15;6;5;5;4;3
2019-07-31 23:58:59;251;75;48;35;33;15;6;5;5;4;3
2019-07-31 23:59:59;251;75;48;35;33;15;6;5;5;4;3
