datetime;total_votes;Kolbasevich;solariz;pupsique;Der_Sturmer;Fatbrain;Hmmm;brammator;ante;praktik;Goinsane
2019-06-19 00:00:59;2;0;0;0;0;0;0;0;0;0;0
2019-06-19 00:01:59;3;0;0;0;0;0;0;0;0;1;0
2019-06-19 00:02:58;3;0;0;0;0;0;0;0;0;1;0
2019-06-19 00:03:59;4;0;0;0;0;0;0;0;0;2;0
2019-06-19 00:04:59;4;0;0;0;0;0;0;0;0;2;0
2019-06-19 00:05:58;5;0;0;0;0;0;0;0;1;2;0
2019-06-19 00:06:59;5;0;0;0;0;0;0;0;1;2;0
2019-06-19 00:07:59;5;0;0;0;0;0;0;0;1;2;0
2019-06-19 00:08:58;6;0;0;0;1;0;0;0;1;2;0
2019-06-19 00:09:59;6;0;0;0;1;0;0;0;1;2;0
2019-06-19 00:10:59;6;0;0;0;1;0;0;0;1;2;0
2019-06-19 00:11:59;7;0;0;0;1;1;0;0;1;2;0
2019-06-19 00:12:58;8;0;0;0;1;1;0;0;1;2;1
2019-06-19 00:13:59;8;0;0;0;1;1;0;0;1;2;1
2019-06-19 00:14:58;9;0;0;0;1;2;0;0;1;2;1
2019-06-19 00:15:59;12;0;0;1;1;2;0;0;1;2;1
2019-06-19 00:16:59;12;0;0;1;1;2;0;0;1;2;1
2019-06-19 00:17:58;12;0;0;1;1;2;0;0;1;2;1
2019-06-19 00:18:59;12;0;0;1;1;2;0;0;1;2;1
2019-06-19 00:19:59;12;0;0;1;1;2;0;0;1;2;1
2019-06-19 00:20:58;12;0;0;1;1;2;0;0;1;2;1
2019-06-19 00:21:59;13;0;0;1;1;3;0;0;1;2;1
2019-06-19 00:22:59;14;0;0;1;1;3;0;0;1;2;1
2019-06-19 00:23:58;14;0;0;1;1;3;0;0;1;2;1
2019-06-19 00:24:59;17;0;0;0;2;4;0;1;1;2;1
2019-06-19 00:25:59;18;0;0;0;3;4;0;1;1;2;1
2019-06-19 00:26:58;18;0;0;0;3;4;0;1;1;2;1
2019-06-19 00:27:59;20;0;0;0;3;6;0;1;1;2;1
2019-06-19 00:28:59;20;0;0;0;3;6;0;1;1;2;1
2019-06-19 00:29:58;20;0;0;0;3;6;0;1;1;2;1
2019-06-19 00:30:59;21;0;0;0;4;6;0;1;1;2;1
2019-06-19 00:31:59;22;0;0;1;4;6;0;1;0;2;2
2019-06-19 00:32:58;23;0;0;2;4;6;0;0;1;2;2
2019-06-19 00:33:59;23;0;0;2;4;6;0;0;1;2;2
2019-06-19 00:34:59;23;0;0;2;4;6;0;0;1;2;2
2019-06-19 00:35:58;23;0;0;2;4;6;0;0;1;2;2
2019-06-19 00:36:59;23;0;0;2;4;6;0;0;1;2;2
2019-06-19 00:37:59;23;0;0;2;4;6;0;0;1;2;2
2019-06-19 00:38:58;23;0;0;2;4;6;0;0;1;2;2
2019-06-19 00:39:59;23;0;0;2;4;6;0;0;1;2;2
2019-06-19 00:40:59;23;0;0;2;4;6;0;0;1;2;2
2019-06-19 00:41:58;23;0;0;2;4;6;0;0;1;2;2
2019-06-19 00:42:59;23;0;0;2;4;6;0;0;1;2;2
2019-06-19 00:44:00;24;0;0;2;5;6;0;0;1;2;2
2019-06-19 00:44:58;24;0;0;2;5;6;0;0;1;2;2
2019-06-19 00:45:59;27;0;0;2;6;6;0;1;2;2;2
2019-06-19 00:46:59;28;0;0;2;6;6;0;1;3;2;2
2019-06-19 00:47:59;28;0;0;2;6;6;0;1;3;2;2
2019-06-19 00:48:58;29;0;0;2;6;6;0;0;3;2;2
2019-06-19 00:49:59;29;0;0;2;6;6;0;0;3;2;2
2019-06-19 00:50:59;29;0;0;2;6;6;0;0;3;2;2
2019-06-19 00:51:58;29;0;0;2;6;6;0;0;3;2;2
2019-06-19 00:52:59;29;0;0;2;6;6;0;0;3;2;2
2019-06-19 00:53:59;29;0;0;2;6;6;0;0;3;2;2
2019-06-19 00:54:59;29;0;0;2;6;6;0;0;3;2;2
2019-06-19 00:55:58;29;0;0;2;6;6;0;0;3;2;2
2019-06-19 00:56:59;29;0;0;2;6;6;0;0;3;2;2
2019-06-19 00:57:59;29;0;0;2;6;6;0;0;3;2;2
2019-06-19 00:58:58;29;0;0;2;6;6;0;0;3;2;2
2019-06-19 00:59:59;29;0;0;2;6;6;0;0;3;2;2
2019-06-19 01:00:59;29;0;0;2;6;6;0;0;3;2;2
2019-06-19 01:01:58;29;0;0;2;6;6;0;0;3;2;2
2019-06-19 01:02:59;29;0;0;2;6;6;0;0;3;2;2
2019-06-19 01:03:59;29;0;0;2;6;6;0;0;3;2;2
2019-06-19 01:04:58;29;0;0;2;6;6;0;0;3;2;2
2019-06-19 01:05:59;29;0;0;2;6;6;0;0;3;2;2
2019-06-19 01:06:59;29;0;0;2;6;6;0;0;3;2;2
2019-06-19 01:07:59;30;0;0;3;6;6;0;0;3;2;2
2019-06-19 01:08:58;30;0;0;2;6;6;0;0;3;3;2
2019-06-19 01:09:59;30;0;0;2;6;6;0;0;3;3;2
2019-06-19 01:10:59;30;0;0;2;6;6;0;0;3;3;2
2019-06-19 01:11:58;30;0;0;2;6;6;0;0;3;3;2
2019-06-19 01:12:59;30;0;0;2;6;6;0;0;3;3;2
2019-06-19 01:13:58;31;0;0;2;6;6;0;0;4;3;2
2019-06-19 01:14:59;32;0;0;2;6;6;0;0;5;3;2
2019-06-19 01:15:59;33;0;0;2;6;6;0;0;5;4;2
2019-06-19 01:16:58;33;0;0;2;6;6;0;0;5;4;2
2019-06-19 01:17:59;33;0;0;2;6;6;0;0;5;4;2
2019-06-19 01:18:59;33;0;0;2;6;6;0;0;5;4;2
2019-06-19 01:19:58;33;0;0;2;6;6;0;0;5;4;2
2019-06-19 01:20:59;34;0;0;2;7;6;0;0;5;4;2
2019-06-19 01:21:59;34;0;0;2;7;6;0;0;5;4;2
2019-06-19 01:22:58;34;0;0;2;7;6;0;0;5;4;2
2019-06-19 01:23:59;35;0;0;2;7;7;0;0;5;4;2
2019-06-19 01:24:59;35;0;0;2;7;7;0;0;5;4;2
2019-06-19 01:25:58;35;0;0;2;7;7;0;0;5;4;2
2019-06-19 01:26:59;35;0;0;2;7;7;0;0;5;4;2
2019-06-19 01:27:59;35;0;0;2;7;7;0;0;5;4;2
2019-06-19 01:28:58;35;0;0;2;7;7;0;0;5;4;2
2019-06-19 01:29:59;35;0;0;2;7;7;0;0;5;4;2
2019-06-19 01:30:58;35;0;0;2;7;7;0;0;5;4;2
2019-06-19 01:31:59;35;0;0;2;7;7;0;0;5;4;2
2019-06-19 01:32:59;35;0;0;2;7;7;0;0;5;4;2
2019-06-19 01:33:58;35;0;0;2;7;7;0;0;5;4;2
2019-06-19 01:34:59;35;0;0;2;7;7;0;0;5;4;2
2019-06-19 01:35:58;35;0;0;2;7;7;0;0;5;4;2
2019-06-19 01:36:59;35;0;0;2;7;7;0;0;5;4;2
2019-06-19 01:37:59;35;0;0;2;7;7;0;0;5;4;2
2019-06-19 01:38:58;35;0;0;2;7;7;0;0;5;4;2
2019-06-19 01:39:59;35;0;0;2;7;7;0;0;5;4;2
2019-06-19 01:40:59;35;0;0;2;7;7;0;0;5;4;2
2019-06-19 01:41:58;35;0;0;2;7;7;0;0;5;4;2
2019-06-19 01:42:59;36;0;0;2;7;7;0;0;6;4;2
2019-06-19 01:43:59;37;0;0;2;7;7;0;0;6;4;2
2019-06-19 01:44:58;37;0;0;2;7;7;0;0;6;4;2
2019-06-19 01:45:59;37;0;0;2;7;7;0;0;6;4;2
2019-06-19 01:46:59;37;0;0;2;7;7;0;0;6;4;2
2019-06-19 01:47:58;37;0;0;2;7;7;0;0;6;4;2
2019-06-19 01:48:59;37;0;0;2;7;7;0;0;6;4;2
2019-06-19 01:49:58;37;0;0;2;7;7;0;0;6;4;2
2019-06-19 01:50:59;37;0;0;2;7;7;0;0;6;4;2
2019-06-19 01:51:59;37;0;0;2;7;7;0;0;6;4;2
2019-06-19 01:52:58;37;0;0;2;7;7;0;0;6;4;2
2019-06-19 01:53:59;37;0;0;2;7;7;0;0;6;4;2
2019-06-19 01:54:59;37;0;0;2;7;7;0;0;6;4;2
2019-06-19 01:55:58;37;0;0;2;7;7;0;0;6;4;2
2019-06-19 01:56:59;37;0;0;2;7;7;0;0;6;4;2
2019-06-19 01:57:59;37;0;0;2;7;7;0;0;6;4;2
2019-06-19 01:58:58;38;0;0;3;7;7;0;0;6;4;2
2019-06-19 01:59:59;38;0;0;3;7;7;0;0;6;4;2
2019-06-19 02:00:59;39;0;0;3;7;7;0;0;6;4;2
2019-06-19 02:01:58;40;0;0;4;7;7;0;0;6;4;2
2019-06-19 02:02:59;40;0;0;4;7;7;0;0;6;4;2
2019-06-19 02:03:59;40;0;0;4;7;7;0;0;6;4;2
2019-06-19 02:04:58;40;0;0;4;7;7;0;0;6;4;2
2019-06-19 02:05:59;40;0;0;4;7;7;0;0;6;4;2
2019-06-19 02:06:58;40;0;0;4;7;7;0;0;6;4;2
2019-06-19 02:07:59;40;0;0;4;7;7;0;0;6;4;2
2019-06-19 02:08:59;40;0;0;4;7;7;0;0;6;4;2
2019-06-19 02:09:58;40;0;0;4;7;7;0;0;6;4;2
2019-06-19 02:10:59;40;0;0;4;7;7;0;0;6;4;2
2019-06-19 02:11:59;40;0;0;4;7;7;0;0;6;4;2
2019-06-19 02:12:58;40;0;0;4;7;7;0;0;6;4;2
2019-06-19 02:13:59;42;0;0;5;7;8;0;0;6;4;2
2019-06-19 02:14:59;42;0;0;5;7;8;0;0;6;4;2
2019-06-19 02:15:58;42;0;0;5;7;8;0;0;6;4;2
2019-06-19 02:16:59;42;0;0;5;7;8;0;0;6;4;2
2019-06-19 02:17:58;42;0;0;5;7;8;0;0;6;4;2
2019-06-19 02:18:59;42;0;0;5;7;8;0;0;6;4;2
2019-06-19 02:19:59;42;0;0;5;7;8;0;0;6;4;2
2019-06-19 02:20:58;42;0;0;5;7;8;0;0;6;4;2
2019-06-19 02:21:59;43;0;0;5;7;9;0;0;6;4;2
2019-06-19 02:22:59;43;0;0;5;7;9;0;0;6;4;2
2019-06-19 02:23:58;43;0;0;5;7;9;0;0;6;4;2
2019-06-19 02:24:59;43;0;0;5;7;9;0;0;6;4;2
2019-06-19 02:25:58;43;0;0;5;7;9;0;0;6;4;2
2019-06-19 02:26:59;43;0;0;5;7;9;0;0;6;4;2
2019-06-19 02:27:59;43;0;0;5;7;9;0;0;6;4;2
2019-06-19 02:28:58;43;0;0;5;7;9;0;0;6;4;2
2019-06-19 02:29:59;43;0;0;5;7;9;0;0;6;4;2
2019-06-19 02:30:59;43;0;0;5;7;9;0;0;6;4;2
2019-06-19 02:31:58;43;0;0;5;7;9;0;0;6;4;2
2019-06-19 02:32:59;44;0;1;5;7;9;0;0;6;4;2
2019-06-19 02:33:59;45;0;1;5;7;10;0;0;6;4;2
2019-06-19 02:34:58;45;0;1;5;7;10;0;0;6;4;2
2019-06-19 02:35:59;46;0;0;5;7;10;0;0;6;4;2
2019-06-19 02:36:59;46;0;0;5;7;10;0;0;6;4;2
2019-06-19 02:37:58;46;0;0;5;7;10;0;0;6;4;2
2019-06-19 02:38:59;47;0;0;5;7;11;0;0;6;4;2
2019-06-19 02:39:59;47;0;0;5;7;11;0;0;6;4;2
2019-06-19 02:40:58;47;0;0;5;7;11;0;0;6;4;2
2019-06-19 02:41:59;47;0;0;5;7;10;0;0;7;4;2
2019-06-19 02:42:58;47;0;0;5;7;11;0;0;6;4;2
2019-06-19 02:43:59;47;0;0;5;7;11;0;0;6;4;2
2019-06-19 02:44:59;47;0;0;5;7;11;0;0;6;4;2
2019-06-19 02:45:58;47;0;0;5;7;11;0;0;6;4;2
2019-06-19 02:46:59;48;0;0;5;7;11;0;0;6;4;2
2019-06-19 02:47:59;48;0;0;5;7;11;0;0;6;4;2
2019-06-19 02:48:58;48;0;0;5;7;11;0;0;6;4;2
2019-06-19 02:49:59;49;0;0;6;7;11;0;0;6;4;2
2019-06-19 02:50:59;49;0;0;6;7;11;0;0;6;4;2
2019-06-19 02:51:58;49;0;0;6;7;11;0;0;6;4;2
2019-06-19 02:52:59;49;0;0;6;7;11;0;0;6;4;2
2019-06-19 02:53:59;49;0;0;6;7;11;0;0;6;4;2
2019-06-19 02:54:58;49;0;0;6;7;11;0;0;6;4;2
2019-06-19 02:55:59;49;0;0;6;7;11;0;0;6;4;2
2019-06-19 02:56:59;49;0;0;6;7;11;0;0;6;4;2
2019-06-19 02:57:58;49;0;0;6;7;11;0;0;6;4;2
2019-06-19 02:58:59;49;0;0;6;7;11;0;0;6;4;2
2019-06-19 02:59:59;49;0;0;6;7;11;0;0;6;4;2
2019-06-19 03:00:58;49;0;0;6;7;11;0;0;6;4;2
2019-06-19 03:01:59;49;0;0;6;7;11;0;0;6;4;2
2019-06-19 03:02:59;49;0;0;6;7;11;0;0;6;4;2
2019-06-19 03:03:58;49;0;0;6;7;11;0;0;6;4;2
2019-06-19 03:04:59;49;0;0;6;7;11;0;0;6;4;2
2019-06-19 03:05:58;49;0;0;6;7;11;0;0;6;4;2
2019-06-19 03:06:59;50;0;2;6;7;11;0;0;6;4;2
2019-06-19 03:07:58;50;0;2;6;7;11;0;0;6;4;2
2019-06-19 03:08:59;50;0;2;6;7;11;0;0;6;4;2
2019-06-19 03:09:59;50;0;2;6;7;11;0;0;6;4;2
2019-06-19 03:10:58;50;0;2;6;7;11;0;0;6;4;2
2019-06-19 03:11:59;50;0;2;6;7;11;0;0;6;4;2
2019-06-19 03:12:59;50;0;2;6;7;11;0;0;6;4;2
2019-06-19 03:13:59;50;0;2;6;7;11;0;0;6;4;2
2019-06-19 03:14:58;50;0;2;6;7;11;0;0;6;4;2
2019-06-19 03:15:59;51;0;3;6;7;11;0;0;6;4;2
2019-06-19 03:16:59;51;0;3;6;7;11;0;0;6;4;2
2019-06-19 03:17:59;51;0;3;6;7;11;0;0;6;4;2
2019-06-19 03:18:58;51;0;3;6;7;11;0;0;6;4;2
2019-06-19 03:19:59;51;0;3;6;7;11;0;0;6;4;2
2019-06-19 03:20:59;51;0;3;6;7;11;0;0;6;4;2
2019-06-19 03:21:58;51;0;3;6;7;11;0;0;6;4;2
2019-06-19 03:22:59;51;0;3;6;7;11;0;0;6;4;2
2019-06-19 03:23:58;51;0;3;6;7;11;0;0;6;4;2
2019-06-19 03:24:59;51;0;3;6;7;11;0;0;6;4;2
2019-06-19 03:25:59;51;0;3;6;7;11;0;0;6;4;2
2019-06-19 03:26:58;51;0;3;6;7;11;0;0;6;4;2
2019-06-19 03:27:59;51;0;3;6;7;11;0;0;6;4;2
2019-06-19 03:28:59;51;0;3;6;7;11;0;0;6;4;2
2019-06-19 03:29:58;51;0;3;6;7;11;0;0;6;4;2
2019-06-19 03:30:59;51;0;3;6;7;11;0;0;6;4;2
2019-06-19 03:31:59;51;0;3;6;7;11;0;0;6;4;2
2019-06-19 03:32:58;51;0;3;6;7;11;0;0;6;4;2
2019-06-19 03:33:59;51;0;3;6;7;11;0;0;6;4;2
2019-06-19 03:34:59;51;0;3;6;7;11;0;0;6;4;2
2019-06-19 03:35:58;51;0;3;6;7;11;0;0;6;4;2
2019-06-19 03:36:59;51;0;3;6;7;11;0;0;6;4;2
2019-06-19 03:37:59;51;0;3;6;7;11;0;0;6;4;2
2019-06-19 03:38:58;51;0;3;6;7;11;0;0;6;4;2
2019-06-19 03:39:59;51;0;3;6;7;11;0;0;6;4;2
2019-06-19 03:41:00;51;0;3;6;7;11;0;0;6;4;2
2019-06-19 03:41:58;51;0;3;6;7;11;0;0;6;4;2
2019-06-19 03:42:59;51;0;3;6;7;11;0;0;6;4;2
2019-06-19 03:43:59;51;0;3;6;7;11;0;0;6;4;2
2019-06-19 03:44:58;51;0;3;6;7;11;0;0;6;4;2
2019-06-19 03:45:59;51;0;3;6;7;11;0;0;6;4;2
2019-06-19 03:46:59;51;0;3;6;7;11;0;0;6;4;2
2019-06-19 03:47:58;51;0;3;6;7;11;0;0;6;4;2
2019-06-19 03:48:59;51;0;3;6;7;11;0;0;6;4;2
2019-06-19 03:49:59;51;0;3;6;7;11;0;0;6;4;2
2019-06-19 03:50:59;51;0;3;6;7;11;0;0;6;4;2
2019-06-19 03:51:58;51;0;3;6;7;11;0;0;6;4;2
2019-06-19 03:52:59;52;0;3;6;7;11;0;0;6;5;2
2019-06-19 03:53:59;52;0;3;6;7;11;0;0;6;5;2
2019-06-19 03:54:58;52;0;3;6;7;11;0;0;6;5;2
2019-06-19 03:55:59;52;0;3;6;7;11;0;0;6;5;2
2019-06-19 03:57:00;52;0;3;6;7;11;0;0;6;5;2
2019-06-19 03:57:58;52;0;3;6;7;11;0;0;6;5;2
2019-06-19 03:58:59;52;0;3;6;7;11;0;0;6;5;2
2019-06-19 03:59:58;52;0;3;6;7;11;0;0;6;5;2
2019-06-19 04:00:59;52;0;3;6;7;11;0;0;6;5;2
2019-06-19 04:01:58;52;0;3;6;7;11;0;0;6;5;2
2019-06-19 04:02:59;52;0;3;6;7;11;0;0;6;5;2
2019-06-19 04:03:59;52;0;3;6;7;11;0;0;6;5;2
2019-06-19 04:04:58;52;0;3;6;7;11;0;0;6;5;2
2019-06-19 04:05:59;52;0;3;6;7;11;0;0;6;5;2
2019-06-19 04:06:59;52;0;3;6;7;11;0;0;6;5;2
2019-06-19 04:07:58;52;0;3;6;7;11;0;0;6;5;2
2019-06-19 04:08:59;52;0;3;6;7;11;0;0;6;5;2
2019-06-19 04:09:59;52;0;3;6;7;11;0;0;6;5;2
2019-06-19 04:10:58;52;0;3;6;7;11;0;0;6;5;2
2019-06-19 04:11:59;52;0;3;6;7;11;0;0;6;5;2
2019-06-19 04:12:58;52;0;3;6;7;11;0;0;6;5;2
2019-06-19 04:13:59;52;0;3;6;7;11;0;0;6;5;2
2019-06-19 04:14:59;52;0;3;6;7;11;0;0;6;5;2
2019-06-19 04:15:58;52;0;3;6;7;11;0;0;6;5;2
2019-06-19 04:16:59;52;0;3;6;7;11;0;0;6;5;2
2019-06-19 04:17:58;52;0;3;6;7;11;0;0;6;5;2
2019-06-19 04:18:59;52;0;3;6;7;11;0;0;6;5;2
2019-06-19 04:19:59;52;0;3;6;7;11;0;0;6;5;2
2019-06-19 04:20:58;52;0;3;6;7;11;0;0;6;5;2
2019-06-19 04:21:59;52;0;3;6;7;11;0;0;6;5;2
2019-06-19 04:22:59;52;0;3;6;7;11;0;0;6;5;2
2019-06-19 04:23:58;52;0;3;6;7;11;0;0;6;5;2
2019-06-19 04:24:59;52;0;3;6;7;11;0;0;6;5;2
2019-06-19 04:25:58;53;0;3;6;7;11;0;0;7;5;2
2019-06-19 04:26:59;53;0;3;6;7;11;0;0;7;5;2
2019-06-19 04:27:59;53;0;3;6;7;11;0;0;7;5;2
2019-06-19 04:28:58;53;0;3;6;7;11;0;0;7;5;2
2019-06-19 04:29:59;53;0;3;6;7;11;0;0;7;5;2
2019-06-19 04:30:59;53;0;3;6;7;11;0;0;7;5;2
2019-06-19 04:31:58;53;0;3;6;7;11;0;0;7;5;2
2019-06-19 04:32:59;53;0;3;6;7;11;0;0;7;5;2
2019-06-19 04:33:59;53;0;3;6;7;11;0;0;7;5;2
2019-06-19 04:34:58;53;0;3;6;7;11;0;0;7;5;2
2019-06-19 04:35:59;53;0;3;6;7;11;0;0;7;5;2
2019-06-19 04:36:59;53;0;3;6;7;11;0;0;7;5;2
2019-06-19 04:37:58;53;0;3;6;7;11;0;0;7;5;2
2019-06-19 04:38:59;53;0;3;6;7;11;0;0;7;5;2
2019-06-19 04:39:59;53;0;3;6;7;11;0;0;7;5;2
2019-06-19 04:40:58;53;0;3;6;7;11;0;0;7;5;2
2019-06-19 04:41:59;53;0;3;6;7;11;0;0;7;5;2
2019-06-19 04:42:59;53;0;3;6;7;11;0;0;7;5;2
2019-06-19 04:43:58;53;0;3;6;7;11;0;0;7;5;2
2019-06-19 04:44:59;53;0;3;6;7;11;0;0;7;5;2
2019-06-19 04:45:59;53;0;3;6;7;11;0;0;7;5;2
2019-06-19 04:46:58;53;0;3;6;7;11;0;0;7;5;2
2019-06-19 04:47:59;53;0;3;6;7;11;0;0;7;5;2
2019-06-19 04:48:59;53;0;3;6;7;11;0;0;7;5;2
2019-06-19 04:49:58;53;0;3;6;7;11;0;0;7;5;2
2019-06-19 04:50:59;54;0;3;6;7;12;0;0;7;5;2
2019-06-19 04:51:58;54;0;3;6;7;12;0;0;7;5;2
2019-06-19 04:52:59;54;0;3;6;7;12;0;0;7;5;2
2019-06-19 04:53:58;54;0;3;6;7;12;0;0;7;5;2
2019-06-19 04:54:59;54;0;3;6;7;12;0;0;7;5;2
2019-06-19 04:55:59;54;0;3;6;7;12;0;0;7;5;2
2019-06-19 04:56:58;54;0;3;6;7;12;0;0;7;5;2
2019-06-19 04:57:59;54;0;3;6;7;12;0;0;7;5;2
2019-06-19 04:58:59;54;0;3;6;7;12;0;0;7;5;2
2019-06-19 04:59:58;54;0;3;6;7;12;0;0;7;5;2
2019-06-19 05:00:59;54;0;3;6;7;12;0;0;7;5;2
2019-06-19 05:01:59;54;0;3;6;7;12;0;0;7;5;2
2019-06-19 05:02:58;54;0;3;6;7;12;0;0;7;5;2
2019-06-19 05:03:59;55;0;4;6;7;12;0;0;7;5;2
2019-06-19 05:04:59;55;0;4;6;7;12;0;0;7;5;2
2019-06-19 05:05:58;55;0;4;6;7;12;0;0;7;5;2
2019-06-19 05:06:59;55;0;4;6;7;12;0;0;7;5;2
2019-06-19 05:07:59;55;0;4;6;7;12;0;0;7;5;2
2019-06-19 05:08:58;55;0;4;6;7;12;0;0;7;5;2
2019-06-19 05:09:59;55;0;4;6;7;12;0;0;7;5;2
2019-06-19 05:10:59;55;0;4;6;7;12;0;0;7;5;2
2019-06-19 05:11:58;55;0;4;6;7;12;0;0;7;5;2
2019-06-19 05:12:59;55;0;4;6;7;12;0;0;7;5;2
2019-06-19 05:13:59;55;0;4;6;7;12;0;0;7;5;2
2019-06-19 05:14:58;55;0;4;6;7;12;0;0;7;5;2
2019-06-19 05:15:59;55;0;4;6;7;12;0;0;7;5;2
2019-06-19 05:16:59;56;0;4;6;7;12;0;0;7;5;2
2019-06-19 05:17:58;56;0;4;6;7;12;0;0;7;5;2
2019-06-19 05:18:59;56;0;4;6;7;12;0;0;7;5;2
2019-06-19 05:19:59;56;0;4;6;7;12;0;0;7;5;2
2019-06-19 05:20:58;56;0;4;6;7;12;0;0;7;5;2
2019-06-19 05:21:59;56;0;4;6;7;12;0;0;7;5;2
2019-06-19 05:22:58;56;0;4;6;7;12;0;0;7;5;2
2019-06-19 05:23:59;56;0;4;6;7;12;0;0;7;5;2
2019-06-19 05:24:59;56;0;4;6;7;12;0;0;7;5;2
2019-06-19 05:25:58;56;0;4;6;7;12;0;0;7;5;2
2019-06-19 05:26:59;56;0;4;6;7;12;0;0;7;5;2
2019-06-19 05:27:59;56;0;4;6;7;12;0;0;7;5;2
2019-06-19 05:28:58;57;0;4;6;7;12;0;0;8;5;2
2019-06-19 05:29:59;57;0;4;6;7;12;0;0;8;5;2
2019-06-19 05:30:58;57;0;4;6;7;12;0;0;8;5;2
2019-06-19 05:31:59;57;0;4;6;7;12;0;0;8;5;2
2019-06-19 05:32:59;57;0;4;6;7;12;0;0;8;5;2
2019-06-19 05:33:58;57;0;4;6;7;12;0;0;8;5;2
2019-06-19 05:34:59;57;0;4;6;7;12;0;0;8;5;2
2019-06-19 05:35:58;57;0;4;6;7;12;0;0;8;5;2
2019-06-19 05:36:59;57;0;4;6;7;12;0;0;8;5;2
2019-06-19 05:37:59;57;0;4;6;7;12;0;0;8;5;2
2019-06-19 05:38:58;57;0;4;6;7;12;0;0;8;5;2
2019-06-19 05:39:59;57;0;4;6;7;12;0;0;8;5;2
2019-06-19 05:40:58;57;0;4;6;7;12;0;0;8;5;2
2019-06-19 05:41:59;57;0;4;6;7;12;0;0;8;5;2
2019-06-19 05:42:59;57;0;4;6;7;12;0;0;8;5;2
2019-06-19 05:43:58;57;0;4;6;7;12;0;0;8;5;2
2019-06-19 05:44:59;57;0;4;6;7;12;0;0;8;5;2
2019-06-19 05:45:58;57;0;4;6;7;12;0;0;8;5;2
2019-06-19 05:46:59;57;0;4;6;7;12;0;0;8;5;2
2019-06-19 05:47:59;57;0;4;6;7;12;0;0;8;5;2
2019-06-19 05:48:58;57;0;4;6;7;12;0;0;8;5;2
2019-06-19 05:49:59;57;0;4;6;7;12;0;0;8;5;2
2019-06-19 05:50:59;57;0;4;6;7;12;0;0;8;5;2
2019-06-19 05:51:58;57;0;4;6;7;12;0;0;8;5;2
2019-06-19 05:52:59;57;0;4;6;7;12;0;0;8;5;2
2019-06-19 05:53:59;57;0;4;6;7;12;0;0;8;5;2
2019-06-19 05:54:58;57;0;4;6;7;12;0;0;8;5;2
2019-06-19 05:55:59;57;0;4;6;7;12;0;0;8;5;2
2019-06-19 05:56:59;57;0;4;6;7;12;0;0;8;5;2
2019-06-19 05:57:58;57;0;4;6;7;12;0;0;8;5;2
2019-06-19 05:58:59;57;0;4;6;7;12;0;0;8;5;2
2019-06-19 05:59:59;57;0;4;6;7;12;0;0;8;5;2
2019-06-19 06:00:58;57;0;4;6;7;12;0;0;8;5;2
2019-06-19 06:01:59;58;0;4;6;7;12;0;0;8;5;2
2019-06-19 06:02:59;58;0;4;6;7;12;0;0;8;5;2
2019-06-19 06:03:58;58;0;4;6;7;12;0;0;8;5;2
2019-06-19 06:04:59;58;0;4;6;7;12;0;0;8;5;2
2019-06-19 06:05:59;58;0;4;6;7;12;0;0;8;5;2
2019-06-19 06:06:58;58;0;4;6;7;12;0;0;8;5;2
2019-06-19 06:07:59;58;0;4;6;7;12;0;0;8;5;2
2019-06-19 06:08:58;58;0;4;6;7;12;0;0;8;5;2
2019-06-19 06:09:59;58;0;4;6;7;12;0;0;8;5;2
2019-06-19 06:10:59;58;0;4;6;7;12;0;0;8;5;2
2019-06-19 06:11:59;58;0;4;6;7;12;0;0;8;5;2
2019-06-19 06:12:59;58;0;4;6;7;12;0;0;8;5;2
2019-06-19 06:13:59;58;0;4;6;7;12;0;0;8;5;2
2019-06-19 06:14:59;58;0;4;6;7;12;0;0;8;5;2
2019-06-19 06:15:59;58;0;4;6;7;12;0;0;8;5;2
2019-06-19 06:16:58;58;0;4;6;7;12;0;0;8;5;2
2019-06-19 06:17:59;59;0;4;6;8;12;0;0;8;5;2
2019-06-19 06:18:58;59;0;5;6;8;12;0;0;7;5;2
2019-06-19 06:19:59;59;0;5;6;8;12;0;0;7;5;2
2019-06-19 06:20:59;59;0;5;6;8;12;0;0;7;5;2
2019-06-19 06:21:58;59;0;5;6;8;12;0;0;7;5;2
2019-06-19 06:22:59;59;0;5;6;8;12;0;0;7;5;2
2019-06-19 06:23:59;59;0;5;6;8;12;0;0;7;5;2
2019-06-19 06:24:58;60;0;5;6;8;12;0;0;7;5;2
2019-06-19 06:25:59;61;0;5;6;8;13;0;0;7;5;2
2019-06-19 06:27:00;61;0;5;6;8;13;0;0;7;5;2
2019-06-19 06:27:58;61;0;5;6;8;13;0;0;7;5;2
2019-06-19 06:28:59;61;0;5;6;8;13;0;0;7;5;2
2019-06-19 06:29:59;61;0;5;6;8;13;0;0;7;5;2
2019-06-19 06:30:58;61;0;5;6;8;13;0;0;7;5;2
2019-06-19 06:31:59;62;2;5;6;8;13;0;0;7;5;2
2019-06-19 06:32:59;62;2;5;6;8;13;0;0;7;5;2
2019-06-19 06:33:58;62;2;5;6;8;13;0;0;7;5;2
2019-06-19 06:34:59;65;3;5;6;9;13;0;0;8;5;2
2019-06-19 06:35:58;65;3;5;6;9;13;0;0;8;5;2
2019-06-19 06:36:59;65;3;5;6;9;13;0;0;8;5;2
2019-06-19 06:37:59;66;4;5;6;9;13;0;0;8;5;2
2019-06-19 06:38:58;67;5;5;6;9;13;0;0;8;5;2
2019-06-19 06:39:59;67;5;5;6;9;13;0;0;8;5;2
2019-06-19 06:40:59;68;5;5;7;9;13;0;0;8;5;2
2019-06-19 06:41:58;69;6;5;7;9;13;0;0;8;5;2
2019-06-19 06:42:59;70;7;5;7;9;13;0;0;8;5;2
2019-06-19 06:43:59;70;7;5;7;9;13;0;0;8;5;2
2019-06-19 06:44:58;70;7;5;7;9;13;0;0;8;5;2
2019-06-19 06:45:59;71;7;5;7;10;13;0;0;8;5;2
2019-06-19 06:46:59;71;7;5;7;10;13;0;0;8;5;2
2019-06-19 06:47:58;71;7;5;7;10;13;0;0;8;5;2
2019-06-19 06:48:59;71;7;5;7;10;13;0;0;8;5;2
2019-06-19 06:49:58;72;8;5;7;10;13;0;0;8;5;2
2019-06-19 06:50:59;72;8;5;7;10;13;0;0;8;5;2
2019-06-19 06:51:59;73;9;5;7;10;13;0;0;8;5;2
2019-06-19 06:52:58;73;9;5;7;10;13;0;0;8;5;2
2019-06-19 06:53:59;74;10;5;7;10;13;0;0;8;5;2
2019-06-19 06:54:59;75;11;5;7;10;13;0;0;8;5;2
2019-06-19 06:55:58;75;11;5;7;10;13;0;0;8;5;2
2019-06-19 06:56:59;75;11;5;7;10;13;0;0;8;5;2
2019-06-19 06:57:59;75;11;5;7;10;13;0;0;8;5;2
2019-06-19 06:58:58;75;11;5;7;10;13;0;0;8;5;2
2019-06-19 06:59:59;75;11;5;7;10;13;0;0;8;5;2
2019-06-19 07:00:59;75;11;5;7;10;13;0;0;8;5;2
2019-06-19 07:01:58;75;11;5;7;10;13;0;0;8;5;2
2019-06-19 07:02:59;75;11;5;7;10;13;0;0;8;5;2
2019-06-19 07:03:59;75;11;5;7;10;13;0;0;8;5;2
2019-06-19 07:04:58;75;11;5;7;10;13;0;0;8;5;2
2019-06-19 07:05:59;76;11;5;7;11;13;0;0;8;5;2
2019-06-19 07:06:59;76;11;5;7;11;13;0;0;8;5;2
2019-06-19 07:07:58;76;11;5;7;11;13;0;0;8;5;2
2019-06-19 07:08:59;77;11;5;7;11;14;0;0;8;5;2
2019-06-19 07:09:59;77;11;5;7;11;14;0;0;8;5;2
2019-06-19 07:10:58;78;12;5;7;11;14;0;0;8;5;2
2019-06-19 07:11:59;78;12;5;7;11;14;0;0;8;5;2
2019-06-19 07:12:59;78;12;5;7;11;14;0;0;8;5;2
2019-06-19 07:13:58;78;12;5;7;11;14;0;0;8;5;2
2019-06-19 07:14:59;78;12;5;7;11;14;0;0;8;5;2
2019-06-19 07:15:59;79;13;5;7;11;14;0;0;8;5;2
2019-06-19 07:16:58;80;14;5;7;11;14;0;0;8;5;2
2019-06-19 07:17:59;80;14;5;7;11;14;0;0;8;5;2
2019-06-19 07:18:58;81;14;6;7;11;14;0;0;8;5;2
2019-06-19 07:19:59;82;14;7;7;11;14;0;0;8;5;2
2019-06-19 07:20:59;82;14;7;7;11;14;0;0;8;5;2
2019-06-19 07:21:58;82;14;7;7;11;14;0;0;8;5;2
2019-06-19 07:22:59;82;14;7;7;11;14;0;0;8;5;2
2019-06-19 07:23:59;82;14;7;7;11;14;0;0;8;5;2
2019-06-19 07:25:00;82;14;7;7;11;14;0;0;8;5;2
2019-06-19 07:25:58;82;14;7;7;11;14;0;0;8;5;2
2019-06-19 07:26:59;83;14;7;7;11;14;0;0;8;5;2
2019-06-19 07:27:58;83;14;7;7;11;14;0;0;8;5;2
2019-06-19 07:28:59;83;14;7;7;11;14;0;0;8;5;2
2019-06-19 07:29:59;83;14;7;7;11;14;0;0;8;5;2
2019-06-19 07:30:58;83;14;7;7;11;14;0;0;8;5;2
2019-06-19 07:31:59;84;15;7;7;11;14;0;0;8;5;2
2019-06-19 07:32:59;84;15;7;7;11;14;0;0;8;5;2
2019-06-19 07:33:58;84;15;7;7;11;14;0;0;8;5;2
2019-06-19 07:34:59;84;15;7;7;11;14;0;0;8;5;2
2019-06-19 07:35:59;84;15;7;7;11;14;0;0;8;5;2
2019-06-19 07:36:58;84;15;7;7;11;14;0;0;8;5;2
2019-06-19 07:37:59;85;15;8;7;11;14;0;0;8;5;2
2019-06-19 07:38:58;85;15;8;7;11;14;0;0;8;5;2
2019-06-19 07:39:59;85;15;8;7;11;14;0;0;8;5;2
2019-06-19 07:40:59;88;18;8;7;11;15;0;0;8;5;2
2019-06-19 07:41:58;89;19;8;7;11;15;0;0;8;5;2
2019-06-19 07:42:59;89;19;8;7;11;15;0;0;8;5;2
2019-06-19 07:43:59;89;19;8;7;11;15;0;0;8;5;2
2019-06-19 07:44:58;89;19;8;7;11;15;0;0;8;5;2
2019-06-19 07:45:59;89;19;8;7;11;15;0;0;8;5;2
2019-06-19 07:46:58;90;19;9;7;11;15;0;0;8;5;2
2019-06-19 07:47:59;91;19;10;7;11;15;0;0;8;5;2
2019-06-19 07:48:58;92;19;11;7;11;15;0;0;8;5;2
2019-06-19 07:49:59;92;19;11;7;11;15;0;0;8;5;2
2019-06-19 07:50:59;92;19;11;7;11;15;0;0;8;5;2
2019-06-19 07:52:00;92;19;11;7;11;15;0;0;8;5;2
2019-06-19 07:52:58;92;19;11;7;11;15;0;0;8;5;2
2019-06-19 07:53:59;92;19;11;7;11;15;0;0;8;5;2
2019-06-19 07:54:58;93;19;11;8;11;15;0;0;8;5;2
2019-06-19 07:55:59;93;19;11;8;11;15;0;0;8;5;2
2019-06-19 07:56:59;93;19;11;8;11;15;0;0;8;5;2
2019-06-19 07:57:58;94;19;11;8;11;16;0;0;8;5;2
2019-06-19 07:58:59;94;19;11;8;11;16;0;0;8;5;2
2019-06-19 07:59:58;94;19;11;8;11;16;0;0;8;5;2
2019-06-19 08:00:59;94;19;11;8;11;16;0;0;8;5;2
2019-06-19 08:01:58;94;19;11;8;11;16;0;0;8;5;2
2019-06-19 08:02:59;94;19;11;8;11;16;0;0;8;5;2
2019-06-19 08:03:59;95;19;12;8;11;16;0;0;8;5;2
2019-06-19 08:04:58;96;19;13;8;11;16;0;0;8;5;2
2019-06-19 08:05:59;98;19;14;8;11;16;0;2;8;5;2
2019-06-19 08:06:59;98;19;14;8;11;16;0;2;8;5;2
2019-06-19 08:07:58;98;19;14;8;11;16;0;2;8;5;2
2019-06-19 08:08:59;98;19;14;8;11;16;0;2;8;5;2
2019-06-19 08:09:59;98;19;14;8;11;16;0;2;8;5;2
2019-06-19 08:10:58;98;19;14;8;11;16;0;2;8;5;2
2019-06-19 08:11:59;98;19;14;8;11;16;0;2;8;5;2
2019-06-19 08:12:58;98;19;14;8;11;16;0;2;8;5;2
2019-06-19 08:13:59;98;19;14;8;11;16;0;2;8;5;2
2019-06-19 08:14:59;98;19;14;8;11;16;0;2;8;5;2
2019-06-19 08:15:58;98;19;14;8;11;16;0;2;8;5;2
2019-06-19 08:17:00;99;19;15;8;11;16;0;2;8;5;2
2019-06-19 08:17:58;99;19;15;8;11;16;0;2;8;5;2
2019-06-19 08:18:59;99;19;15;8;11;16;0;2;8;5;2
2019-06-19 08:19:58;99;19;15;8;11;16;0;2;8;5;2
2019-06-19 08:20:59;100;19;16;8;11;16;0;2;8;5;2
2019-06-19 08:21:59;100;19;16;8;11;16;0;2;8;5;2
2019-06-19 08:22:58;101;19;17;8;11;16;0;2;8;5;2
2019-06-19 08:23:59;101;19;17;8;11;16;0;2;8;5;2
2019-06-19 08:24:59;101;19;17;8;11;16;0;2;8;5;2
2019-06-19 08:25:58;101;19;17;8;11;16;0;2;8;5;2
2019-06-19 08:26:59;101;19;17;8;11;16;0;2;8;5;2
2019-06-19 08:27:59;101;19;17;8;11;16;0;2;8;5;2
2019-06-19 08:28:58;101;19;17;8;11;16;0;2;8;5;2
2019-06-19 08:29:59;102;19;17;8;11;16;0;2;8;5;2
2019-06-19 08:30:59;102;19;17;8;11;16;0;2;8;5;2
2019-06-19 08:31:58;102;19;17;8;11;16;0;2;8;5;2
2019-06-19 08:32:59;102;19;17;8;11;16;0;2;8;5;2
2019-06-19 08:33:59;102;19;17;8;11;16;0;2;8;5;2
2019-06-19 08:34:58;102;19;17;8;11;16;0;2;8;5;2
2019-06-19 08:35:59;103;20;17;8;11;16;0;2;8;5;2
2019-06-19 08:36:58;103;20;17;8;11;16;0;2;8;5;2
2019-06-19 08:37:59;103;20;17;8;11;16;0;2;8;5;2
2019-06-19 08:38:59;103;20;17;8;11;16;0;2;8;5;2
2019-06-19 08:39:58;103;20;17;8;11;16;0;2;8;5;2
2019-06-19 08:40:59;103;20;17;8;11;16;0;2;8;5;2
2019-06-19 08:41:58;105;21;18;8;11;16;0;2;8;5;2
2019-06-19 08:42:59;105;21;18;8;11;16;0;2;8;5;2
2019-06-19 08:43:59;106;22;18;8;11;16;0;2;8;5;2
2019-06-19 08:44:58;106;22;18;8;10;16;0;2;8;5;2
2019-06-19 08:45:59;105;22;18;8;9;16;0;2;8;5;2
2019-06-19 08:46:59;105;22;18;8;9;16;0;2;8;5;2
2019-06-19 08:47:58;105;22;18;8;9;16;0;2;8;5;2
2019-06-19 08:48:59;107;22;19;8;9;16;0;2;8;5;2
2019-06-19 08:49:59;108;23;19;8;9;16;0;2;8;5;2
2019-06-19 08:50:58;108;23;19;8;9;16;0;2;8;5;2
2019-06-19 08:51:59;108;23;19;8;9;16;0;2;8;5;2
2019-06-19 08:52:59;108;23;19;8;9;16;0;2;8;5;2
2019-06-19 08:53:58;108;23;19;8;9;16;0;2;8;5;2
2019-06-19 08:54:59;108;23;19;8;9;16;0;2;8;5;2
2019-06-19 08:55:59;108;23;19;8;9;16;0;2;8;5;2
2019-06-19 08:56:58;108;23;19;8;9;16;0;2;8;5;2
2019-06-19 08:57:59;109;23;20;8;9;16;0;2;8;5;2
2019-06-19 08:58:58;109;23;20;8;9;16;0;2;8;5;2
2019-06-19 08:59:59;109;23;20;8;9;16;0;2;8;5;2
2019-06-19 09:00:59;109;23;20;8;9;16;0;2;8;5;2
2019-06-19 09:01:59;109;23;20;8;9;16;0;2;8;5;2
2019-06-19 09:02:58;109;23;20;8;9;16;0;2;8;5;2
2019-06-19 09:03:59;109;23;20;8;9;16;0;2;8;5;2
2019-06-19 09:04:59;109;23;20;8;9;16;0;2;8;5;2
2019-06-19 09:05:58;109;23;20;8;9;16;0;2;8;5;2
2019-06-19 09:06:59;109;23;20;8;9;16;0;2;8;5;2
2019-06-19 09:07:59;109;23;20;8;9;16;0;2;8;5;2
2019-06-19 09:08:58;109;23;20;8;9;16;0;2;8;5;2
2019-06-19 09:09:59;109;23;20;8;9;16;0;2;8;5;2
2019-06-19 09:10:58;110;24;20;8;9;16;0;2;8;5;2
2019-06-19 09:11:59;110;24;20;8;9;16;0;2;8;5;2
2019-06-19 09:12:59;111;24;20;9;9;16;0;2;8;5;2
2019-06-19 09:13:58;111;24;20;9;9;16;0;2;8;5;2
2019-06-19 09:14:59;112;25;20;9;9;16;0;2;8;5;2
2019-06-19 09:15:59;112;25;20;9;9;16;0;2;8;5;2
2019-06-19 09:16:58;113;25;20;9;9;16;0;2;8;5;2
2019-06-19 09:17:59;113;25;20;9;9;16;0;2;8;5;2
2019-06-19 09:18:59;113;25;20;9;9;16;0;2;8;5;2
2019-06-19 09:19:58;114;25;21;9;9;16;0;2;8;5;2
2019-06-19 09:20:59;114;25;21;9;9;16;0;2;8;5;2
2019-06-19 09:21:59;115;26;21;9;9;16;0;2;8;5;2
2019-06-19 09:22:58;115;26;21;9;9;16;0;2;8;5;2
2019-06-19 09:23:59;115;26;21;9;9;16;0;2;8;5;2
2019-06-19 09:24:59;115;26;21;9;9;16;0;2;8;5;2
2019-06-19 09:25:58;115;26;21;9;9;16;0;2;8;5;2
2019-06-19 09:26:59;116;26;22;9;9;16;0;2;8;5;2
2019-06-19 09:27:59;116;26;22;9;9;16;0;2;8;5;2
2019-06-19 09:28:58;116;26;22;9;9;16;0;2;8;5;2
2019-06-19 09:29:59;116;26;22;9;9;16;0;2;8;5;2
2019-06-19 09:30:59;116;26;22;9;9;16;0;2;8;5;2
2019-06-19 09:31:58;116;26;22;9;9;16;0;2;8;5;2
2019-06-19 09:32:59;116;26;22;9;9;16;0;2;8;5;2
2019-06-19 09:33:59;117;26;23;9;9;16;0;2;8;5;2
2019-06-19 09:34:58;118;26;23;9;9;17;0;2;8;5;2
2019-06-19 09:35:59;118;26;23;9;9;17;0;2;8;5;2
2019-06-19 09:36:59;118;26;23;9;9;17;0;2;8;5;2
2019-06-19 09:37:58;118;26;23;9;9;17;0;2;8;5;2
2019-06-19 09:38:59;119;26;24;9;9;17;0;2;8;5;2
2019-06-19 09:39:59;119;26;24;9;9;17;0;2;8;5;2
2019-06-19 09:40:58;119;26;24;9;9;17;0;2;8;5;2
2019-06-19 09:41:59;119;26;24;9;9;17;0;2;8;5;2
2019-06-19 09:42:59;119;26;24;9;9;17;0;2;8;5;2
2019-06-19 09:43:58;119;26;24;9;9;17;0;2;8;5;2
2019-06-19 09:44:59;119;26;24;9;9;17;0;2;8;5;2
2019-06-19 09:45:59;120;26;25;9;9;17;0;2;8;5;2
2019-06-19 09:46:58;120;26;25;9;9;17;0;2;8;5;2
2019-06-19 09:47:59;120;26;25;9;9;17;0;2;8;5;2
2019-06-19 09:48:59;121;27;25;9;9;17;0;2;8;5;2
2019-06-19 09:49:59;121;27;25;9;9;17;0;2;8;5;2
2019-06-19 09:50:58;121;27;25;9;9;17;0;2;8;5;2
2019-06-19 09:51:59;120;27;25;9;8;17;0;2;8;5;2
2019-06-19 09:52:59;120;27;25;9;7;17;0;2;8;6;2
2019-06-19 09:53:58;120;27;25;9;7;17;0;2;8;6;2
2019-06-19 09:54:59;121;28;25;9;7;17;0;2;8;6;2
2019-06-19 09:55:59;121;28;25;9;7;17;0;2;8;6;2
2019-06-19 09:56:58;122;28;26;9;7;17;0;2;8;6;2
2019-06-19 09:57:59;122;28;26;9;7;17;0;2;8;6;2
2019-06-19 09:58:58;123;28;27;9;7;17;0;2;8;6;2
2019-06-19 09:59:59;123;28;27;9;7;17;0;2;8;6;2
2019-06-19 10:00:59;123;28;27;9;7;17;0;2;8;6;2
2019-06-19 10:01:58;124;28;27;9;7;17;0;2;8;7;2
2019-06-19 10:02:59;125;28;28;9;7;17;0;2;8;7;2
2019-06-19 10:03:59;125;28;28;9;7;17;0;2;8;7;2
2019-06-19 10:04:58;125;28;28;9;7;17;0;2;8;7;2
2019-06-19 10:05:59;126;28;29;9;7;17;0;2;8;7;2
2019-06-19 10:06:59;127;30;28;9;7;17;0;2;8;7;2
2019-06-19 10:07:59;126;29;28;9;7;17;0;2;8;7;2
2019-06-19 10:08:58;126;29;28;9;7;17;0;2;8;7;2
2019-06-19 10:09:59;126;29;28;9;7;17;0;2;8;7;2
2019-06-19 10:10:59;126;29;28;9;7;17;0;2;8;7;2
2019-06-19 10:11:58;127;29;28;9;7;17;0;2;8;7;2
2019-06-19 10:12:59;127;29;28;9;7;17;0;2;8;7;2
2019-06-19 10:13:58;128;29;29;9;7;17;0;2;8;7;2
2019-06-19 10:14:59;129;29;29;9;7;18;0;2;8;7;2
2019-06-19 10:15:59;129;29;29;9;7;18;0;2;8;7;2
2019-06-19 10:16:58;129;29;29;9;7;18;0;2;8;7;2
2019-06-19 10:17:59;128;29;29;9;7;17;0;2;8;7;2
2019-06-19 10:18:58;129;29;30;9;7;17;0;2;8;7;2
2019-06-19 10:19:59;129;29;30;9;7;17;0;2;8;7;2
2019-06-19 10:20:59;129;29;30;9;7;17;0;2;8;7;2
2019-06-19 10:21:58;130;29;31;9;7;17;0;2;8;7;2
2019-06-19 10:22:59;130;29;31;9;7;17;0;2;8;7;2
2019-06-19 10:23:58;131;30;31;9;7;17;0;2;8;7;2
2019-06-19 10:24:59;131;30;31;9;7;17;0;2;8;7;2
2019-06-19 10:25:59;131;30;31;9;7;17;0;2;8;7;2
2019-06-19 10:26:58;132;31;31;9;7;17;0;2;8;7;2
2019-06-19 10:27:59;133;32;31;9;7;17;0;2;8;7;2
2019-06-19 10:28:59;134;33;31;9;7;17;0;2;8;7;2
2019-06-19 10:29:58;136;33;32;9;7;18;0;2;8;7;2
2019-06-19 10:30:59;137;33;32;9;7;18;0;2;8;7;2
2019-06-19 10:31:59;137;33;32;9;7;18;0;2;8;7;2
2019-06-19 10:32:58;137;33;32;9;7;18;0;2;8;7;2
2019-06-19 10:33:59;138;33;32;9;7;19;0;2;8;7;2
2019-06-19 10:34:59;138;33;32;9;7;19;0;2;8;7;2
2019-06-19 10:35:58;138;33;32;9;7;19;0;2;8;7;2
2019-06-19 10:36:59;138;33;32;9;7;19;0;2;8;7;2
2019-06-19 10:37:59;138;33;32;9;7;19;0;2;8;7;2
2019-06-19 10:38:58;138;33;32;9;7;19;0;2;8;7;2
2019-06-19 10:39:59;139;33;32;9;7;19;0;2;8;7;2
2019-06-19 10:40:59;139;33;32;9;7;19;0;2;8;7;2
2019-06-19 10:41:58;139;33;32;9;7;19;0;2;8;7;2
2019-06-19 10:42:59;139;33;32;9;7;19;0;2;8;7;2
2019-06-19 10:43:58;139;33;32;9;7;19;0;2;8;7;2
2019-06-19 10:44:59;140;33;33;9;7;19;0;2;8;7;2
2019-06-19 10:45:59;141;34;33;9;7;19;0;2;8;7;2
2019-06-19 10:46:58;141;34;33;9;7;19;0;2;8;7;2
2019-06-19 10:47:59;141;34;33;9;7;19;0;2;8;7;2
2019-06-19 10:48:59;141;34;33;9;7;19;0;2;8;7;2
2019-06-19 10:49:58;141;34;33;9;7;19;0;2;8;7;2
2019-06-19 10:50:59;141;34;33;9;7;19;0;2;8;7;2
2019-06-19 10:52:00;141;34;33;9;7;19;0;2;8;7;2
2019-06-19 10:52:58;142;34;33;10;7;19;0;2;8;7;2
2019-06-19 10:53:59;143;34;34;10;7;19;0;2;8;7;2
2019-06-19 10:54:59;143;34;34;10;7;19;0;2;8;7;2
2019-06-19 10:55:58;143;34;34;10;7;19;0;2;8;7;2
2019-06-19 10:56:59;143;34;34;10;7;19;0;2;8;7;2
2019-06-19 10:57:59;143;34;34;9;7;19;0;2;8;7;3
2019-06-19 10:58:58;144;34;35;9;7;19;0;2;8;7;3
2019-06-19 10:59:59;145;34;36;9;7;19;0;2;8;7;3
2019-06-19 11:00:58;145;34;36;9;7;19;0;2;8;7;3
2019-06-19 11:01:59;146;35;36;9;7;19;0;2;8;7;3
2019-06-19 11:02:59;146;35;36;9;7;19;0;2;8;7;3
2019-06-19 11:03:58;146;35;36;9;7;19;0;2;8;7;3
2019-06-19 11:04:59;146;35;36;9;7;19;0;2;8;7;3
2019-06-19 11:05:59;146;35;36;9;7;19;0;2;8;7;3
2019-06-19 11:06:58;146;36;35;9;7;19;0;2;8;7;3
2019-06-19 11:07:59;147;37;35;9;7;19;0;2;8;7;3
2019-06-19 11:08:59;147;37;35;9;7;19;0;2;8;7;3
2019-06-19 11:09:58;147;37;35;9;7;19;0;2;8;7;3
2019-06-19 11:10:59;147;37;35;9;7;19;0;2;8;7;3
2019-06-19 11:11:59;147;37;35;9;7;19;0;2;8;7;3
2019-06-19 11:12:58;147;37;35;9;7;19;0;2;8;7;3
2019-06-19 11:13:59;147;37;35;9;7;19;0;2;8;7;3
2019-06-19 11:14:59;147;37;35;9;7;19;0;2;8;7;3
2019-06-19 11:15:58;148;37;36;9;7;19;0;2;8;7;3
2019-06-19 11:16:59;149;37;36;10;7;19;0;2;8;7;3
2019-06-19 11:18:00;149;37;36;10;7;19;0;2;8;7;3
2019-06-19 11:18:58;149;37;36;10;7;19;0;2;8;7;3
2019-06-19 11:19:59;150;38;36;10;7;19;0;2;8;7;3
2019-06-19 11:20:58;150;38;36;10;7;19;0;2;8;7;3
2019-06-19 11:21:59;150;38;36;10;7;19;0;2;8;7;3
2019-06-19 11:22:59;150;38;36;10;7;19;0;2;8;7;3
2019-06-19 11:23:59;151;38;37;10;7;19;0;2;8;7;3
2019-06-19 11:24:58;152;38;38;10;7;19;0;2;8;7;3
2019-06-19 11:25:59;152;38;38;10;7;19;0;2;8;7;3
2019-06-19 11:26:58;152;38;38;10;7;19;0;2;8;7;3
2019-06-19 11:27:59;152;38;38;10;7;19;0;2;8;7;3
2019-06-19 11:29:00;152;38;38;10;7;19;0;2;8;7;3
2019-06-19 11:29:58;152;38;38;10;7;19;0;2;8;7;3
2019-06-19 11:30:59;152;38;38;10;7;19;0;2;8;7;3
2019-06-19 11:32:00;152;38;38;10;7;19;0;2;8;7;3
2019-06-19 11:32:58;152;38;38;10;7;19;0;2;8;7;3
2019-06-19 11:33:59;153;38;39;10;7;19;0;2;8;7;3
2019-06-19 11:34:58;155;39;40;10;7;19;0;2;8;7;3
2019-06-19 11:35:59;156;39;41;10;7;19;0;2;8;7;3
2019-06-19 11:36:59;156;39;41;10;7;19;0;2;8;7;3
2019-06-19 11:37:58;157;39;42;10;7;19;0;2;8;7;3
2019-06-19 11:38:59;157;39;42;10;7;19;0;2;8;7;3
2019-06-19 11:39:59;157;39;42;10;7;19;0;2;8;7;3
2019-06-19 11:40:58;157;39;42;10;7;19;0;2;8;7;3
2019-06-19 11:41:59;158;39;43;10;7;19;0;2;8;7;3
2019-06-19 11:42:59;158;39;43;10;7;19;0;2;8;7;3
2019-06-19 11:43:58;158;39;43;10;7;19;0;2;8;7;3
2019-06-19 11:44:59;158;39;43;10;7;19;0;2;8;7;3
2019-06-19 11:45:59;159;39;44;10;7;19;0;2;8;7;3
2019-06-19 11:46:58;159;39;44;10;7;19;0;2;8;7;3
2019-06-19 11:47:59;159;39;44;10;7;19;0;2;8;7;3
2019-06-19 11:48:59;160;39;45;10;7;19;0;2;8;7;3
2019-06-19 11:49:58;160;39;45;10;7;19;0;2;8;7;3
2019-06-19 11:50:59;162;40;45;11;7;19;0;2;8;7;3
2019-06-19 11:51:58;162;40;45;11;7;19;0;2;8;7;3
2019-06-19 11:52:59;162;40;45;11;7;19;0;2;8;7;3
2019-06-19 11:53:58;162;40;45;11;7;19;0;2;8;7;3
2019-06-19 11:54:59;162;40;45;11;7;19;0;2;8;7;3
2019-06-19 11:55:58;163;40;46;11;7;19;0;2;8;7;3
2019-06-19 11:56:59;163;40;46;11;7;19;0;2;8;7;3
2019-06-19 11:57:58;163;40;46;11;7;19;0;2;8;7;3
2019-06-19 11:58:59;163;40;46;11;7;19;0;2;8;7;3
2019-06-19 11:59:59;163;40;46;11;7;19;0;2;8;7;3
2019-06-19 12:00:58;163;40;46;11;7;19;0;2;8;7;3
2019-06-19 12:01:59;163;40;46;11;7;19;0;2;8;7;3
2019-06-19 12:02:59;163;40;46;11;7;19;0;2;8;7;3
2019-06-19 12:03:59;163;40;46;11;7;19;0;2;8;7;3
2019-06-19 12:04:59;163;40;46;11;7;19;0;2;8;7;3
2019-06-19 12:05:59;163;40;46;11;7;19;0;2;8;7;3
2019-06-19 12:06:58;163;40;46;11;7;19;0;2;8;7;3
2019-06-19 12:07:59;166;41;48;11;7;19;0;2;8;7;3
2019-06-19 12:08:59;166;41;48;11;7;19;0;2;8;7;3
2019-06-19 12:09:58;166;41;48;11;7;19;0;2;8;7;3
2019-06-19 12:10:59;165;41;48;10;7;19;0;2;8;7;3
2019-06-19 12:11:59;165;41;48;10;7;19;0;2;8;7;3
2019-06-19 12:12:58;165;41;48;10;7;19;0;2;8;7;3
2019-06-19 12:13:59;165;41;49;10;7;18;0;2;8;7;3
2019-06-19 12:14:59;165;41;49;10;7;18;0;2;8;7;3
2019-06-19 12:15:58;165;41;49;10;7;18;0;2;8;7;3
2019-06-19 12:16:59;165;41;49;10;7;18;0;2;8;7;3
2019-06-19 12:17:59;165;41;48;10;7;18;2;2;8;7;3
2019-06-19 12:18:58;165;41;48;10;7;18;2;2;8;7;3
2019-06-19 12:19:59;166;42;48;10;7;18;2;2;8;7;3
2019-06-19 12:20:59;166;42;48;10;7;18;2;2;8;7;3
2019-06-19 12:21:58;166;42;48;10;7;18;2;2;8;7;3
2019-06-19 12:22:59;167;42;49;10;7;18;2;2;8;7;3
2019-06-19 12:23:59;167;42;49;10;7;18;2;2;8;7;3
2019-06-19 12:24:58;167;42;49;10;7;18;2;2;8;7;3
2019-06-19 12:25:59;168;42;49;10;7;18;4;0;8;7;3
2019-06-19 12:26:59;168;42;49;10;7;18;4;0;8;7;3
2019-06-19 12:27:58;169;42;50;10;7;18;4;0;8;7;3
2019-06-19 12:28:59;168;42;50;11;6;18;4;0;8;7;3
2019-06-19 12:29:59;168;42;50;11;6;18;4;0;8;7;3
2019-06-19 12:30:58;168;42;50;11;6;18;4;0;8;7;3
2019-06-19 12:31:59;168;42;50;11;6;18;4;0;8;7;3
2019-06-19 12:32:59;168;42;50;11;6;18;4;0;8;7;3
2019-06-19 12:33:58;168;42;50;11;6;18;4;0;8;7;3
2019-06-19 12:34:59;168;42;50;11;6;18;4;0;8;7;3
2019-06-19 12:35:59;169;42;50;11;6;18;4;0;8;7;3
2019-06-19 12:36:58;169;42;50;11;6;18;4;0;8;7;3
2019-06-19 12:37:59;169;42;50;11;6;18;4;0;8;7;3
2019-06-19 12:38:59;169;42;50;11;6;18;4;0;8;7;3
2019-06-19 12:39:58;169;43;50;11;6;17;4;0;8;7;3
2019-06-19 12:40:59;169;43;50;11;6;17;4;0;8;7;3
2019-06-19 12:41:59;169;43;50;11;6;17;4;0;8;7;3
2019-06-19 12:42:58;170;43;50;11;6;17;5;0;8;7;3
2019-06-19 12:43:59;170;43;50;11;6;17;5;0;8;7;3
2019-06-19 12:44:59;169;43;50;11;6;17;5;0;8;7;3
2019-06-19 12:45:58;170;43;50;12;6;17;5;0;8;7;3
2019-06-19 12:46:59;170;43;50;12;6;17;5;0;8;7;3
2019-06-19 12:47:59;170;43;50;12;6;17;5;0;8;7;3
2019-06-19 12:48:58;170;43;50;12;6;17;5;0;8;7;3
2019-06-19 12:49:59;170;43;50;12;6;17;5;0;8;7;3
2019-06-19 12:50:59;170;43;50;12;6;17;5;0;8;7;3
2019-06-19 12:51:58;170;43;50;12;6;17;5;0;8;7;3
2019-06-19 12:52:59;170;43;50;12;6;17;5;0;8;7;3
2019-06-19 12:53:59;170;43;51;12;5;17;5;0;8;7;3
2019-06-19 12:54:58;170;43;51;12;5;17;5;0;8;7;3
2019-06-19 12:55:59;170;43;51;12;5;17;5;0;8;7;3
2019-06-19 12:56:59;170;43;51;12;5;17;5;0;8;7;3
2019-06-19 12:57:58;170;43;51;12;5;17;5;0;8;7;3
2019-06-19 12:58:59;170;43;51;12;5;17;5;0;8;7;3
2019-06-19 12:59:59;170;43;51;12;5;17;5;0;8;7;3
2019-06-19 13:00:58;170;43;51;12;5;17;5;0;8;7;3
2019-06-19 13:01:59;173;43;53;12;5;18;5;0;8;7;3
2019-06-19 13:02:59;172;42;53;12;5;18;5;0;8;7;3
2019-06-19 13:03:58;172;42;53;12;5;18;5;0;8;7;3
2019-06-19 13:04:59;172;42;53;12;5;18;5;0;8;7;3
2019-06-19 13:05:59;172;42;53;12;5;18;5;0;8;7;3
2019-06-19 13:06:58;172;42;53;12;5;18;5;0;8;7;3
2019-06-19 13:07:59;172;42;53;12;5;18;5;0;8;7;3
2019-06-19 13:08:58;172;42;53;12;5;18;5;0;8;7;3
2019-06-19 13:09:59;173;42;53;13;5;18;5;0;8;7;3
2019-06-19 13:10:59;174;43;53;13;5;18;5;0;8;7;3
2019-06-19 13:11:58;175;44;53;13;5;18;5;0;8;7;3
2019-06-19 13:12:59;175;45;53;13;5;17;5;0;8;7;3
2019-06-19 13:13:59;175;45;53;13;5;17;5;0;8;7;3
2019-06-19 13:14:59;175;45;53;13;5;17;5;0;8;7;3
2019-06-19 13:15:58;175;45;53;13;5;17;5;0;8;7;3
2019-06-19 13:16:59;175;45;53;13;5;17;5;0;8;7;3
2019-06-19 13:17:59;175;45;53;13;5;17;5;0;8;7;3
2019-06-19 13:18:58;175;45;53;13;5;17;5;0;8;7;3
2019-06-19 13:19:59;176;46;53;13;5;17;5;0;8;7;3
2019-06-19 13:20:58;177;46;54;13;5;17;5;0;8;7;3
2019-06-19 13:21:59;177;46;54;13;5;17;5;0;8;7;3
2019-06-19 13:22:59;177;46;54;13;5;17;5;0;8;7;3
2019-06-19 13:23:58;177;46;54;13;5;17;5;0;8;7;3
2019-06-19 13:24:59;178;46;54;13;5;17;6;0;8;7;3
2019-06-19 13:25:59;178;46;54;13;5;17;6;0;8;7;3
2019-06-19 13:26:58;179;46;54;14;5;17;6;0;8;7;3
2019-06-19 13:27:59;179;46;54;14;5;17;6;0;8;7;3
2019-06-19 13:28:58;179;46;54;14;5;17;6;0;8;7;3
2019-06-19 13:29:59;179;46;54;14;5;17;6;0;8;7;3
2019-06-19 13:30:59;179;46;54;14;5;17;6;0;8;7;3
2019-06-19 13:31:59;179;46;54;14;5;17;6;0;8;7;3
2019-06-19 13:32:58;179;46;54;14;5;17;6;0;8;7;3
2019-06-19 13:33:59;179;46;54;14;5;17;6;0;8;7;3
2019-06-19 13:34:59;179;46;54;14;5;17;6;0;8;7;3
2019-06-19 13:35:58;179;46;54;14;5;17;6;0;8;7;3
2019-06-19 13:36:59;179;46;54;14;5;17;6;0;8;7;3
2019-06-19 13:37:59;179;46;54;14;5;17;6;0;8;7;3
2019-06-19 13:38:58;179;46;54;14;5;17;6;0;8;7;3
2019-06-19 13:39:59;179;46;54;14;5;17;6;0;8;7;3
2019-06-19 13:40:59;179;46;54;14;5;17;6;0;8;7;3
2019-06-19 13:41:58;179;46;54;14;5;17;6;0;8;7;3
2019-06-19 13:42:59;179;46;54;14;5;17;6;0;8;7;3
2019-06-19 13:43:59;179;46;54;14;5;17;6;0;8;7;3
2019-06-19 13:44:58;179;46;54;14;5;17;6;0;8;7;3
2019-06-19 13:45:59;179;46;54;14;5;17;6;0;8;7;3
2019-06-19 13:46:59;179;46;54;14;5;17;6;0;8;7;3
2019-06-19 13:47:58;179;46;54;14;5;17;6;0;8;7;3
2019-06-19 13:48:59;179;46;54;14;5;17;6;0;8;7;3
2019-06-19 13:49:59;179;46;54;14;5;17;6;0;8;7;3
2019-06-19 13:50:58;180;46;55;14;5;17;6;0;8;7;3
2019-06-19 13:51:59;181;46;55;14;5;17;6;0;8;7;3
2019-06-19 13:52:58;182;47;55;14;5;17;6;0;8;7;3
2019-06-19 13:53:59;182;47;55;14;5;17;6;0;8;7;3
2019-06-19 13:54:59;183;48;55;14;5;17;6;0;8;7;3
2019-06-19 13:55:58;183;48;55;14;5;17;6;0;8;7;3
2019-06-19 13:56:59;183;48;55;14;5;17;6;0;8;7;3
2019-06-19 13:57:59;183;48;55;14;5;17;6;0;8;7;3
2019-06-19 13:58:58;183;48;55;14;5;17;6;0;8;7;3
2019-06-19 13:59:59;183;48;55;14;5;17;6;0;8;7;3
2019-06-19 14:00:59;183;48;55;14;5;17;6;0;8;7;3
2019-06-19 14:01:58;183;48;55;14;5;17;6;0;8;7;3
2019-06-19 14:02:59;183;49;54;14;5;17;6;0;8;7;3
2019-06-19 14:03:59;183;49;54;14;5;17;6;0;8;7;3
2019-06-19 14:04:58;184;49;55;14;5;17;6;0;8;7;3
2019-06-19 14:05:59;184;49;55;14;5;17;6;0;8;7;3
2019-06-19 14:06:59;184;49;55;14;5;17;6;0;8;7;3
2019-06-19 14:07:58;184;49;55;14;5;17;6;0;8;7;3
2019-06-19 14:08:59;184;49;55;14;5;17;6;0;8;7;3
2019-06-19 14:09:58;184;49;55;14;5;17;6;0;8;7;3
2019-06-19 14:10:59;184;49;55;14;5;17;6;0;8;7;3
2019-06-19 14:11:59;184;49;55;14;5;17;6;0;8;7;3
2019-06-19 14:12:58;184;49;55;14;5;17;6;0;8;7;3
2019-06-19 14:13:59;184;49;55;14;5;17;6;0;8;7;3
2019-06-19 14:14:59;184;49;55;14;5;17;6;0;8;7;3
2019-06-19 14:15:58;184;49;55;14;5;17;6;0;8;7;3
2019-06-19 14:16:59;184;49;55;14;5;17;6;0;8;7;3
2019-06-19 14:17:59;184;49;55;14;5;17;6;0;8;7;3
2019-06-19 14:18:58;184;49;55;14;5;17;6;0;8;7;3
2019-06-19 14:19:59;184;49;55;14;5;17;6;0;8;7;3
2019-06-19 14:20:59;184;49;55;14;5;17;6;0;8;7;3
2019-06-19 14:21:58;184;49;55;14;5;17;6;0;8;7;3
2019-06-19 14:22:59;184;49;55;14;5;17;6;0;8;7;3
2019-06-19 14:23:58;184;49;55;14;5;17;6;0;8;7;3
2019-06-19 14:24:59;184;49;55;14;5;17;6;0;8;7;3
2019-06-19 14:25:58;184;49;55;14;5;17;6;0;8;7;3
2019-06-19 14:26:59;184;49;55;14;5;17;6;0;8;7;3
2019-06-19 14:27:59;184;49;55;14;5;17;6;0;8;7;3
2019-06-19 14:28:58;184;49;55;14;5;17;6;0;8;7;3
2019-06-19 14:29:59;184;49;55;14;5;17;6;0;8;7;3
2019-06-19 14:30:59;184;49;55;14;5;17;6;0;8;7;3
2019-06-19 14:31:59;184;49;55;14;5;17;6;0;8;7;3
2019-06-19 14:32:58;186;49;56;15;5;17;6;0;8;7;3
2019-06-19 14:33:59;186;49;56;15;5;17;6;0;8;7;3
2019-06-19 14:34:59;186;49;56;15;5;17;6;0;8;7;3
2019-06-19 14:35:58;186;49;56;15;5;17;6;0;8;7;3
2019-06-19 14:36:59;186;49;56;15;5;17;6;0;8;7;3
2019-06-19 14:37:59;187;50;56;15;5;17;6;0;8;7;3
2019-06-19 14:38:58;187;50;56;15;5;17;6;0;8;7;3
2019-06-19 14:39:59;187;50;56;15;5;17;6;0;8;7;3
2019-06-19 14:40:59;187;50;56;15;5;17;6;0;8;7;3
2019-06-19 14:41:58;187;50;56;15;5;17;6;0;8;7;3
2019-06-19 14:42:59;187;50;56;15;5;17;6;0;8;7;3
2019-06-19 14:43:59;187;50;56;15;5;17;6;0;8;7;3
2019-06-19 14:44:58;187;50;56;15;5;17;6;0;8;7;3
2019-06-19 14:45:59;188;50;56;15;5;17;7;0;8;7;3
2019-06-19 14:46:58;188;50;56;15;5;17;7;0;8;7;3
2019-06-19 14:47:59;188;50;56;15;5;17;7;0;8;7;3
2019-06-19 14:48:58;188;50;56;15;5;17;7;0;8;7;3
2019-06-19 14:49:59;188;50;56;15;5;17;7;0;8;7;3
2019-06-19 14:50:59;188;50;56;15;5;17;7;0;8;7;3
2019-06-19 14:51:58;188;50;56;15;5;17;7;0;8;7;3
2019-06-19 14:52:59;188;50;56;15;5;17;7;0;8;7;3
2019-06-19 14:53:58;188;50;56;15;5;17;7;0;8;7;3
2019-06-19 14:54:59;189;50;57;15;5;17;7;0;8;7;3
2019-06-19 14:55:59;189;50;57;15;5;17;7;0;8;7;3
2019-06-19 14:56:58;189;50;57;15;5;17;7;0;8;7;3
2019-06-19 14:57:59;189;50;57;15;5;17;7;0;8;7;3
2019-06-19 14:58:59;189;50;57;15;5;17;7;0;8;7;3
2019-06-19 14:59:58;190;50;58;15;5;17;7;0;8;7;3
2019-06-19 15:00:59;190;50;58;15;5;17;7;0;8;7;3
2019-06-19 15:01:59;190;50;58;15;5;17;7;0;8;7;3
2019-06-19 15:02:58;191;50;58;15;5;17;8;0;8;7;3
2019-06-19 15:03:59;191;50;58;15;5;17;8;0;8;7;3
2019-06-19 15:04:59;191;50;58;15;5;17;8;0;8;7;3
2019-06-19 15:05:58;193;50;60;15;5;17;8;0;8;7;3
2019-06-19 15:06:59;193;50;60;15;5;17;8;0;8;7;3
2019-06-19 15:07:59;193;50;60;15;5;17;8;0;8;7;3
2019-06-19 15:08:58;193;50;60;15;5;17;8;0;8;7;3
2019-06-19 15:09:59;193;50;60;15;5;17;8;0;8;7;3
2019-06-19 15:10:59;193;50;60;15;5;17;8;0;8;7;3
2019-06-19 15:11:58;193;50;60;15;5;17;8;0;8;7;3
2019-06-19 15:12:59;193;50;60;15;5;17;8;0;8;7;3
2019-06-19 15:13:58;193;50;60;15;5;17;8;0;8;7;3
2019-06-19 15:14:59;193;50;60;15;5;17;8;0;8;7;3
2019-06-19 15:15:59;194;50;60;15;5;17;8;0;8;7;3
2019-06-19 15:16:58;194;50;60;15;5;17;8;0;8;7;3
2019-06-19 15:17:59;194;50;60;15;5;17;8;0;8;7;3
2019-06-19 15:18:59;194;50;60;15;5;17;8;0;8;7;3
2019-06-19 15:19:58;194;50;60;15;5;17;8;0;8;7;3
2019-06-19 15:20:59;194;50;60;15;5;17;8;0;8;7;3
2019-06-19 15:21:59;195;50;61;15;5;17;8;0;8;7;3
2019-06-19 15:22:58;196;50;62;15;5;17;8;0;8;7;3
2019-06-19 15:23:59;196;50;62;15;5;17;8;0;8;7;3
2019-06-19 15:24:59;196;50;62;15;5;17;8;0;8;7;3
2019-06-19 15:25:58;196;50;62;15;5;17;8;0;8;7;3
2019-06-19 15:26:59;196;50;62;15;5;17;8;0;8;7;3
2019-06-19 15:27:59;196;50;62;15;5;17;8;0;8;7;3
2019-06-19 15:28:58;197;50;63;15;5;17;8;0;8;7;3
2019-06-19 15:29:59;198;50;64;15;5;17;8;0;8;7;3
2019-06-19 15:30:59;198;50;64;15;5;17;8;0;8;7;3
2019-06-19 15:31:58;198;50;64;15;5;17;8;0;8;7;3
2019-06-19 15:32:59;199;50;64;16;5;17;8;0;8;7;3
2019-06-19 15:33:58;200;50;65;16;5;17;8;0;8;7;3
2019-06-19 15:34:59;201;50;65;17;5;17;8;0;8;7;3
2019-06-19 15:35:59;201;50;65;17;5;17;8;0;8;7;3
2019-06-19 15:36:58;201;50;65;17;5;17;8;0;8;7;3
2019-06-19 15:37:59;202;51;64;17;6;17;8;0;8;7;3
2019-06-19 15:38:59;203;51;64;17;7;17;8;0;8;7;3
2019-06-19 15:39:58;203;51;64;17;8;17;8;0;8;6;3
2019-06-19 15:40:59;203;51;64;17;8;17;8;0;8;6;3
2019-06-19 15:41:59;203;51;64;17;8;17;8;0;8;6;3
2019-06-19 15:42:58;203;51;64;17;8;17;8;0;8;6;3
2019-06-19 15:43:59;203;51;64;17;8;17;8;0;8;6;3
2019-06-19 15:44:59;203;51;64;16;9;17;8;0;8;6;3
2019-06-19 15:45:58;203;51;64;16;9;17;8;0;8;6;3
2019-06-19 15:46:59;204;51;65;16;9;17;8;0;8;6;3
2019-06-19 15:47:59;206;53;65;16;9;17;8;0;8;6;3
2019-06-19 15:48:58;209;54;66;16;10;17;8;0;8;6;3
2019-06-19 15:49:59;209;54;66;16;10;17;8;0;8;6;3
2019-06-19 15:50:59;209;54;66;16;10;17;8;0;8;6;3
2019-06-19 15:51:58;210;54;67;16;10;17;8;0;8;6;3
2019-06-19 15:52:59;210;54;67;16;10;17;8;0;8;6;3
2019-06-19 15:53:59;210;54;67;16;10;17;8;0;8;6;3
2019-06-19 15:54:58;210;54;67;16;10;17;8;0;8;6;3
2019-06-19 15:55:59;210;54;67;16;10;17;8;0;8;6;3
2019-06-19 15:56:58;211;54;67;16;11;17;8;0;8;6;3
2019-06-19 15:57:59;212;55;67;16;11;17;8;0;8;6;3
2019-06-19 15:58:59;213;55;68;16;11;17;8;0;8;6;3
2019-06-19 15:59:58;214;55;69;16;11;17;8;0;8;6;3
2019-06-19 16:00:59;214;55;69;16;11;17;8;0;8;6;3
2019-06-19 16:01:58;214;55;69;16;11;17;8;0;8;6;3
2019-06-19 16:02:59;215;56;69;16;11;17;8;0;8;6;3
2019-06-19 16:04:00;218;58;70;16;11;17;8;0;8;6;3
2019-06-19 16:04:58;218;57;71;16;11;17;8;0;8;6;3
2019-06-19 16:05:59;218;56;72;16;11;17;8;0;8;6;3
2019-06-19 16:06:58;218;56;72;16;11;17;8;0;8;6;3
2019-06-19 16:07:59;218;56;72;16;11;17;8;0;8;6;3
2019-06-19 16:08:59;218;56;72;16;11;17;8;0;8;6;3
2019-06-19 16:09:58;218;56;72;16;11;17;8;0;8;6;3
2019-06-19 16:10:59;218;56;72;16;11;17;8;0;8;6;3
2019-06-19 16:11:59;218;56;72;16;11;17;8;0;8;6;3
2019-06-19 16:12:58;219;57;72;16;11;17;8;0;8;6;3
2019-06-19 16:13:59;219;57;72;16;11;17;8;0;8;6;3
2019-06-19 16:14:59;219;57;72;16;11;17;8;0;8;6;3
2019-06-19 16:15:59;219;57;72;16;11;17;8;0;8;6;3
2019-06-19 16:16:58;220;57;73;16;11;17;8;0;8;6;3
2019-06-19 16:17:59;221;57;73;16;12;17;8;0;8;6;3
2019-06-19 16:18:59;221;57;73;16;12;17;8;0;8;6;3
2019-06-19 16:19:58;221;57;73;16;12;17;8;0;8;6;3
2019-06-19 16:20:59;221;57;73;16;12;17;8;0;8;6;3
2019-06-19 16:21:59;221;57;73;16;12;17;8;0;8;6;3
2019-06-19 16:22:58;221;57;73;16;12;17;8;0;8;6;3
2019-06-19 16:23:59;222;57;73;16;12;18;8;0;8;6;3
2019-06-19 16:24:59;222;57;73;16;12;18;8;0;8;6;3
2019-06-19 16:25:58;222;57;73;16;12;18;8;0;8;6;3
2019-06-19 16:26:59;222;57;73;16;12;18;8;0;8;6;3
2019-06-19 16:27:59;222;57;73;16;12;18;8;0;8;6;3
2019-06-19 16:28:58;222;56;74;16;12;18;8;0;8;6;3
2019-06-19 16:29:59;223;57;74;16;12;18;8;0;8;6;3
2019-06-19 16:30:59;222;56;74;16;12;18;8;0;8;6;3
2019-06-19 16:31:58;221;56;74;16;12;18;8;0;8;5;3
2019-06-19 16:32:59;222;56;74;16;13;18;8;0;8;5;3
2019-06-19 16:33:58;223;57;74;16;13;18;8;0;8;5;3
2019-06-19 16:34:59;223;57;74;16;13;18;8;0;8;5;3
2019-06-19 16:35:59;224;57;74;17;13;18;8;0;8;5;3
2019-06-19 16:36:58;224;57;74;17;13;18;8;0;8;5;3
2019-06-19 16:37:59;226;59;74;17;13;18;8;0;8;5;3
2019-06-19 16:38:59;227;59;75;17;13;18;8;0;8;5;3
2019-06-19 16:39:58;228;60;75;17;13;18;8;0;8;5;3
2019-06-19 16:40:59;228;60;75;17;13;18;8;0;8;5;3
2019-06-19 16:41:59;229;61;75;17;13;18;8;0;8;5;3
2019-06-19 16:42:59;229;61;75;17;13;18;8;0;8;5;3
2019-06-19 16:43:58;229;61;75;17;13;18;8;0;8;5;3
2019-06-19 16:44:59;229;61;75;17;13;18;8;0;8;5;3
2019-06-19 16:45:58;229;61;75;17;13;18;8;0;8;5;3
2019-06-19 16:46:59;229;61;75;17;13;18;8;0;8;5;3
2019-06-19 16:47:59;230;61;76;17;13;18;8;0;8;5;3
2019-06-19 16:48:58;232;63;76;17;13;18;8;0;8;5;3
2019-06-19 16:49:59;233;64;76;17;13;18;8;0;8;5;3
2019-06-19 16:50:58;235;64;77;17;14;18;8;0;8;5;3
2019-06-19 16:51:59;235;64;77;17;14;18;8;0;8;5;3
2019-06-19 16:52:59;235;64;77;17;14;18;8;0;8;5;3
2019-06-19 16:53:58;236;64;78;17;14;18;8;0;8;5;3
2019-06-19 16:54:59;237;65;78;17;14;18;8;0;8;5;3
2019-06-19 16:55:59;239;67;78;17;14;18;8;0;8;5;3
2019-06-19 16:56:58;240;68;78;17;14;18;8;0;8;5;3
2019-06-19 16:57:59;240;68;78;17;14;18;8;0;8;5;3
2019-06-19 16:58:59;240;67;79;17;14;18;8;0;8;5;3
2019-06-19 16:59:59;240;67;79;17;14;18;8;0;8;5;3
2019-06-19 17:00:58;240;67;79;17;14;18;8;0;8;5;3
2019-06-19 17:01:59;240;67;79;17;14;18;8;0;8;5;3
2019-06-19 17:02:58;240;67;79;17;14;18;8;0;8;5;3
2019-06-19 17:03:59;240;67;79;17;14;18;8;0;8;5;3
2019-06-19 17:04:59;241;67;80;17;14;18;8;0;8;5;3
2019-06-19 17:05:59;241;67;80;17;14;18;8;0;8;5;3
2019-06-19 17:06:58;241;67;80;17;14;18;8;0;8;5;3
2019-06-19 17:07:59;241;67;80;17;14;18;8;0;8;5;3
2019-06-19 17:08:59;241;67;80;17;14;18;8;0;8;5;3
2019-06-19 17:09:58;241;67;80;17;14;18;8;0;8;5;3
2019-06-19 17:10:59;241;67;80;17;14;18;8;0;8;5;3
2019-06-19 17:11:59;241;67;80;17;14;18;8;0;8;5;3
2019-06-19 17:12:58;241;67;80;17;14;18;8;0;8;5;3
2019-06-19 17:13:59;241;67;80;17;14;18;8;0;8;5;3
2019-06-19 17:14:59;241;66;80;17;14;18;9;0;8;5;3
2019-06-19 17:15:58;242;66;81;17;14;18;9;0;8;5;3
2019-06-19 17:16:59;242;66;81;17;14;18;9;0;8;5;3
2019-06-19 17:17:59;243;66;82;17;14;18;9;0;8;5;3
2019-06-19 17:18:58;243;66;82;17;14;18;9;0;8;5;3
2019-06-19 17:19:59;243;66;82;17;14;18;9;0;8;5;3
2019-06-19 17:20:59;243;67;82;17;14;17;9;0;8;5;3
2019-06-19 17:21:58;245;67;84;17;14;17;9;0;8;5;3
2019-06-19 17:22:59;246;67;85;17;14;17;9;0;8;5;3
2019-06-19 17:23:59;246;67;85;17;14;17;9;0;8;5;3
2019-06-19 17:24:58;246;67;85;17;14;17;9;0;8;5;3
2019-06-19 17:25:59;246;66;86;17;14;17;9;0;8;5;3
2019-06-19 17:26:59;246;66;86;17;14;17;9;0;8;5;3
2019-06-19 17:27:58;247;66;87;17;14;17;9;0;8;5;3
2019-06-19 17:28:59;248;67;87;17;14;17;9;0;8;5;3
2019-06-19 17:29:59;248;67;87;17;14;17;9;0;8;5;3
2019-06-19 17:30:58;249;67;88;17;14;17;9;0;8;5;3
2019-06-19 17:31:59;249;67;88;17;14;17;9;0;8;5;3
2019-06-19 17:32:59;249;67;88;17;14;17;9;0;8;5;3
2019-06-19 17:33:58;249;67;88;17;14;17;9;0;8;5;3
2019-06-19 17:34:59;249;67;88;17;14;17;9;0;8;5;3
2019-06-19 17:35:59;249;67;88;17;14;17;9;0;8;5;3
2019-06-19 17:37:00;250;67;88;18;14;17;9;0;8;5;3
2019-06-19 17:37:58;250;67;88;18;14;17;9;0;8;5;3
2019-06-19 17:38:59;250;67;88;18;14;17;9;0;8;5;3
2019-06-19 17:39:59;250;67;88;18;14;17;10;2;8;5;3
2019-06-19 17:40:58;250;67;88;18;14;17;10;2;8;5;3
2019-06-19 17:41:59;251;67;89;18;14;17;10;2;8;5;3
2019-06-19 17:42:58;251;67;89;18;14;17;10;2;8;5;3
2019-06-19 17:43:59;251;67;89;18;14;17;10;2;8;5;3
2019-06-19 17:44:59;251;67;89;18;14;17;10;2;8;5;3
2019-06-19 17:45:58;252;67;90;18;15;17;10;2;8;5;3
2019-06-19 17:46:59;252;67;90;18;15;17;10;2;8;5;3
2019-06-19 17:47:59;252;67;90;18;15;17;10;2;8;5;3
2019-06-19 17:48:58;253;67;91;18;15;17;10;2;8;5;3
2019-06-19 17:49:59;254;67;92;18;15;17;10;2;8;5;3
2019-06-19 17:50:59;254;67;92;18;15;17;10;2;8;5;3
2019-06-19 17:51:59;255;67;92;18;16;17;10;2;8;5;3
2019-06-19 17:52:58;255;67;92;18;16;17;10;2;8;5;3
2019-06-19 17:53:59;255;67;92;18;16;17;10;2;8;5;3
2019-06-19 17:54:59;256;67;92;19;16;17;10;2;8;5;3
2019-06-19 17:55:58;256;67;93;19;16;16;10;2;8;5;3
2019-06-19 17:56:59;257;67;93;19;17;16;10;2;8;5;3
2019-06-19 17:57:59;257;67;93;19;17;16;10;2;8;5;3
2019-06-19 17:58:58;257;67;93;19;17;16;10;2;8;5;3
2019-06-19 17:59:59;257;67;93;19;17;16;10;2;8;5;3
2019-06-19 18:00:58;257;67;93;19;17;16;10;2;8;5;3
2019-06-19 18:01:59;257;67;93;19;17;16;10;2;8;5;3
2019-06-19 18:02:59;257;67;93;19;17;16;10;2;8;5;3
2019-06-19 18:03:59;257;67;93;18;17;16;10;2;8;5;3
2019-06-19 18:04:58;258;67;93;18;17;16;10;2;8;5;3
2019-06-19 18:05:59;259;67;94;18;17;16;10;2;8;5;3
2019-06-19 18:06:58;259;67;94;18;17;16;10;2;8;5;3
2019-06-19 18:07:59;259;67;94;18;17;16;10;2;8;5;3
2019-06-19 18:08:59;259;67;94;18;17;16;10;2;8;5;3
2019-06-19 18:09:58;259;67;94;18;17;16;10;2;8;5;3
2019-06-19 18:10:59;260;67;94;18;18;16;10;2;8;5;3
2019-06-19 18:11:59;260;67;94;18;18;16;10;2;8;5;3
2019-06-19 18:12:58;260;67;94;18;18;16;10;2;8;5;3
2019-06-19 18:13:59;259;67;94;18;18;16;10;2;8;4;3
2019-06-19 18:14:59;259;67;94;18;18;16;10;2;8;4;3
2019-06-19 18:15:58;260;67;94;18;19;16;10;2;8;4;3
2019-06-19 18:16:59;262;68;95;18;19;16;10;2;8;4;3
2019-06-19 18:17:59;262;67;95;19;19;16;10;2;8;4;3
2019-06-19 18:18:58;262;67;95;19;19;16;10;2;8;4;3
2019-06-19 18:19:59;262;67;95;19;19;16;10;2;8;4;3
2019-06-19 18:20:59;262;67;95;19;19;16;10;2;8;4;3
2019-06-19 18:21:58;262;67;95;19;19;16;10;2;8;4;3
2019-06-19 18:22:59;262;67;95;19;19;16;10;2;8;4;3
2019-06-19 18:23:59;262;67;95;19;19;16;10;2;8;4;3
2019-06-19 18:24:58;262;67;95;19;19;16;10;2;8;4;3
2019-06-19 18:25:59;262;67;95;19;19;16;10;2;8;4;3
2019-06-19 18:26:58;262;67;95;19;19;16;10;2;8;4;3
2019-06-19 18:27:59;262;67;95;19;19;16;10;2;8;4;3
2019-06-19 18:28:59;263;67;95;19;19;17;10;2;8;4;3
2019-06-19 18:29:58;264;67;96;19;19;17;10;2;8;4;3
2019-06-19 18:30:59;264;67;96;19;19;17;10;2;8;4;3
2019-06-19 18:31:59;264;67;96;19;19;17;10;2;8;4;3
2019-06-19 18:32:58;265;67;97;19;19;17;10;2;8;4;3
2019-06-19 18:33:59;265;67;97;19;19;17;10;2;8;4;3
2019-06-19 18:34:59;266;67;98;19;19;17;10;2;8;4;3
2019-06-19 18:35:58;267;67;99;19;19;17;10;2;8;4;3
2019-06-19 18:36:59;267;67;99;19;19;17;10;2;8;4;3
2019-06-19 18:37:59;268;67;99;19;20;17;10;2;8;4;3
2019-06-19 18:39:00;268;67;99;19;20;17;10;2;8;4;3
2019-06-19 18:39:58;268;67;99;19;20;17;10;2;8;4;3
2019-06-19 18:40:59;268;67;99;19;20;17;10;2;8;4;3
2019-06-19 18:41:59;269;67;100;19;20;17;10;2;8;4;3
2019-06-19 18:42:58;268;67;100;19;20;16;10;2;8;4;3
2019-06-19 18:43:59;268;67;100;19;20;16;10;2;8;4;3
2019-06-19 18:44:59;269;67;101;19;20;16;10;2;8;4;3
2019-06-19 18:45:58;269;67;101;19;20;16;10;2;8;4;3
2019-06-19 18:46:59;269;67;101;19;20;16;10;2;8;4;3
2019-06-19 18:47:59;269;67;101;19;20;16;10;2;8;4;3
2019-06-19 18:48:58;269;67;101;19;20;16;10;2;8;4;3
2019-06-19 18:49:59;269;67;101;19;20;16;10;2;8;4;3
2019-06-19 18:50:59;269;67;101;19;20;16;10;2;8;4;3
2019-06-19 18:51:58;269;67;101;19;20;16;10;2;8;4;3
2019-06-19 18:52:59;269;67;101;19;20;16;10;2;8;4;3
2019-06-19 18:53:59;269;67;101;19;20;16;10;2;8;4;3
2019-06-19 18:54:58;269;67;101;19;20;16;10;2;8;4;3
2019-06-19 18:55:59;269;67;101;19;20;16;10;2;8;4;3
2019-06-19 18:56:58;270;67;102;19;20;16;10;2;8;4;3
2019-06-19 18:57:59;270;67;102;19;20;16;10;2;8;4;3
2019-06-19 18:58:59;270;67;102;19;20;16;10;2;8;4;3
2019-06-19 18:59:58;270;67;102;19;20;16;10;2;8;4;3
2019-06-19 19:00:59;270;67;102;19;20;16;10;2;8;4;3
2019-06-19 19:01:59;270;67;102;19;20;16;10;2;8;4;3
2019-06-19 19:02:58;271;67;103;19;20;16;10;2;8;4;3
2019-06-19 19:03:59;271;67;103;19;20;16;10;2;8;4;3
2019-06-19 19:04:59;272;67;104;19;20;16;10;2;8;4;3
2019-06-19 19:05:58;272;67;104;19;20;16;10;2;8;4;3
2019-06-19 19:06:59;272;67;104;19;20;16;10;2;8;4;3
2019-06-19 19:07:59;273;67;105;19;20;16;10;2;8;4;3
2019-06-19 19:08:58;273;67;105;19;20;16;10;2;8;4;3
2019-06-19 19:09:59;273;67;105;19;20;16;10;2;8;4;3
2019-06-19 19:10:58;273;67;105;19;20;16;10;2;8;4;3
2019-06-19 19:11:59;273;67;105;19;20;16;10;2;8;4;3
2019-06-19 19:12:59;273;67;105;19;21;16;10;2;8;4;3
2019-06-19 19:13:58;274;67;105;20;21;16;10;2;8;4;3
2019-06-19 19:14:59;274;67;105;20;21;16;10;2;8;4;3
2019-06-19 19:15:58;275;67;105;20;21;16;11;2;8;4;3
2019-06-19 19:16:59;276;67;106;20;21;16;11;2;8;4;3
2019-06-19 19:17:58;277;67;106;20;22;16;11;2;8;4;3
2019-06-19 19:18:59;278;68;106;20;22;16;11;2;8;4;3
2019-06-19 19:19:59;279;68;107;20;22;16;11;2;8;4;3
2019-06-19 19:20:58;279;68;107;20;22;16;11;2;8;4;3
2019-06-19 19:21:59;279;68;107;20;22;16;11;2;8;4;3
2019-06-19 19:22:59;279;68;107;20;22;16;11;2;8;4;3
2019-06-19 19:23:58;278;67;107;20;23;15;11;2;8;4;3
2019-06-19 19:24:59;277;66;107;20;23;15;11;2;8;4;3
2019-06-19 19:25:59;277;66;107;20;23;15;11;2;8;4;3
2019-06-19 19:26:58;277;66;107;20;23;15;11;2;8;4;3
2019-06-19 19:27:59;277;66;107;20;23;15;11;2;8;4;3
2019-06-19 19:28:58;277;66;107;20;23;15;11;2;8;4;3
2019-06-19 19:29:59;277;66;107;20;23;15;11;2;8;4;3
2019-06-19 19:30:59;277;66;107;20;23;15;11;2;8;4;3
2019-06-19 19:31:58;277;66;107;20;23;15;11;2;8;4;3
2019-06-19 19:32:59;277;66;107;20;23;15;11;2;8;4;3
2019-06-19 19:33:59;277;66;107;20;23;15;11;2;8;4;3
2019-06-19 19:34:58;277;66;107;20;23;15;11;2;8;4;3
2019-06-19 19:35:59;277;66;107;20;23;15;11;2;8;4;3
2019-06-19 19:36:58;277;66;107;20;23;15;11;2;8;4;3
2019-06-19 19:37:59;277;66;107;20;23;15;11;2;8;4;3
2019-06-19 19:38:59;277;66;107;20;23;15;11;2;8;4;3
2019-06-19 19:39:58;277;66;107;20;23;15;11;2;8;4;3
2019-06-19 19:40:59;277;66;107;20;23;15;11;2;8;4;3
2019-06-19 19:41:59;277;66;107;20;23;15;11;2;8;4;3
2019-06-19 19:42:58;278;66;108;20;23;15;11;2;8;4;3
2019-06-19 19:43:59;279;66;108;21;23;15;11;2;8;4;3
2019-06-19 19:44:59;280;66;109;21;23;15;11;2;8;4;3
2019-06-19 19:45:58;280;66;109;21;23;15;11;2;8;4;3
2019-06-19 19:46:59;281;66;110;21;23;15;11;2;8;4;3
2019-06-19 19:47:58;281;66;110;21;23;15;11;2;8;4;3
2019-06-19 19:48:59;281;66;110;21;23;15;11;2;8;4;3
2019-06-19 19:49:58;281;66;110;21;23;15;11;2;8;4;3
2019-06-19 19:50:59;282;66;111;21;23;15;11;2;8;4;3
2019-06-19 19:51:59;282;66;111;21;23;15;11;2;8;4;3
2019-06-19 19:52:59;282;66;111;21;23;15;11;2;8;4;3
2019-06-19 19:53:58;283;66;112;21;23;15;11;2;8;4;3
2019-06-19 19:54:59;283;66;112;21;23;15;11;2;8;4;3
2019-06-19 19:55:59;283;66;112;21;23;15;11;2;8;4;3
2019-06-19 19:56:58;284;66;113;21;23;15;11;2;8;4;3
2019-06-19 19:57:59;284;66;113;21;23;15;11;2;8;4;3
2019-06-19 19:58:59;284;66;113;21;23;15;11;2;8;4;3
2019-06-19 19:59:58;284;66;113;21;23;15;11;2;8;4;3
2019-06-19 20:00:59;285;66;113;21;23;15;12;2;8;4;3
2019-06-19 20:01:58;285;66;113;21;23;15;12;2;8;4;3
2019-06-19 20:02:59;285;66;113;21;23;15;12;2;8;4;3
2019-06-19 20:03:59;285;66;113;21;23;15;12;2;8;4;3
2019-06-19 20:04:58;285;66;113;21;23;15;12;2;8;4;3
2019-06-19 20:05:59;286;67;113;21;23;15;12;2;8;4;3
2019-06-19 20:07:00;286;67;113;21;23;15;12;2;8;4;3
2019-06-19 20:07:58;287;67;114;21;23;15;12;2;8;4;3
2019-06-19 20:08:59;287;67;114;21;23;15;12;2;8;4;3
2019-06-19 20:09:59;287;67;114;21;23;15;12;2;8;4;3
2019-06-19 20:10:58;287;68;114;21;23;15;12;2;7;4;3
2019-06-19 20:11:59;287;68;114;21;23;15;12;2;7;4;3
2019-06-19 20:12:59;287;68;114;21;23;15;12;2;7;4;3
2019-06-19 20:13:58;287;68;114;21;23;15;12;2;7;4;3
2019-06-19 20:14:59;287;68;114;21;23;15;12;2;7;4;3
2019-06-19 20:15:59;287;68;114;21;23;15;12;2;7;4;3
2019-06-19 20:16:58;287;68;114;21;23;15;12;2;7;4;3
2019-06-19 20:17:59;287;68;114;21;23;15;12;2;7;4;3
2019-06-19 20:18:59;287;68;114;21;23;15;12;2;7;4;3
2019-06-19 20:19:58;287;68;114;21;23;15;12;2;7;4;3
2019-06-19 20:20:59;287;68;114;21;23;15;12;2;7;4;3
2019-06-19 20:21:59;287;68;114;21;23;15;12;2;7;4;3
2019-06-19 20:22:58;287;68;114;21;23;15;12;2;7;4;3
2019-06-19 20:23:59;288;68;115;21;23;15;12;2;7;4;3
2019-06-19 20:24:59;288;68;115;21;23;15;12;2;7;4;3
2019-06-19 20:25:58;288;68;115;21;23;15;12;2;7;4;3
2019-06-19 20:26:59;289;68;116;21;23;15;12;2;7;4;3
2019-06-19 20:27:59;289;68;116;21;23;15;12;2;7;4;3
2019-06-19 20:28:58;290;68;117;21;23;15;12;2;7;4;3
2019-06-19 20:29:59;290;68;117;21;23;15;12;2;7;4;3
2019-06-19 20:30:59;290;68;117;21;23;15;12;2;7;4;3
2019-06-19 20:31:58;290;68;118;21;23;14;12;2;7;4;3
2019-06-19 20:32:59;290;68;118;21;23;14;12;2;7;4;3
2019-06-19 20:33:59;291;68;119;21;23;14;12;2;7;4;3
2019-06-19 20:34:58;291;68;119;21;23;14;12;2;7;4;3
2019-06-19 20:35:59;292;68;120;21;23;14;12;2;7;4;3
2019-06-19 20:36:59;292;68;120;21;23;14;12;2;7;4;3
2019-06-19 20:37:58;293;68;121;21;23;14;12;2;7;4;3
2019-06-19 20:38:59;293;68;121;21;23;14;12;2;7;4;3
2019-06-19 20:39:59;293;68;121;21;23;14;12;2;7;4;3
2019-06-19 20:40:58;294;68;122;21;23;14;12;2;7;4;3
2019-06-19 20:41:59;293;68;122;21;22;14;12;2;7;4;3
2019-06-19 20:42:58;293;68;122;21;22;14;12;2;7;4;3
2019-06-19 20:43:59;294;68;123;21;22;14;12;2;7;4;3
2019-06-19 20:44:59;303;68;132;21;22;14;12;2;7;4;3
2019-06-19 20:45:59;303;68;132;21;22;14;12;2;7;4;3
2019-06-19 20:46:58;303;68;132;21;22;14;12;2;7;4;3
2019-06-19 20:47:59;303;68;132;21;22;14;12;2;7;4;3
2019-06-19 20:48:59;304;68;133;21;22;14;12;2;7;4;3
2019-06-19 20:49:58;304;68;133;21;22;14;12;2;7;4;3
2019-06-19 20:50:59;304;68;133;21;22;14;12;2;7;4;3
2019-06-19 20:51:59;304;68;133;21;22;14;12;2;7;4;3
2019-06-19 20:52:58;304;68;133;21;22;14;12;2;7;4;3
2019-06-19 20:53:59;304;68;133;21;22;14;12;2;7;4;3
2019-06-19 20:54:58;304;68;133;21;22;14;12;2;7;4;3
2019-06-19 20:55:59;304;68;133;21;22;14;12;2;7;4;3
2019-06-19 20:56:59;304;68;133;21;22;14;12;2;7;4;3
2019-06-19 20:57:58;304;68;133;21;22;14;12;2;7;4;3
2019-06-19 20:58:59;305;68;133;22;22;14;12;2;7;4;3
2019-06-19 20:59:59;305;68;133;22;22;14;12;2;7;4;3
2019-06-19 21:00:58;306;68;133;23;22;14;12;2;7;4;3
2019-06-19 21:01:59;306;68;133;23;22;14;12;2;7;4;3
2019-06-19 21:02:59;307;68;134;23;22;14;12;2;7;4;3
2019-06-19 21:03:58;307;68;134;23;22;14;12;2;7;4;3
2019-06-19 21:04:59;309;68;135;25;22;14;11;2;7;4;3
2019-06-19 21:05:59;310;68;135;26;22;14;11;2;7;4;3
2019-06-19 21:06:58;310;68;135;26;22;14;11;2;7;4;3
2019-06-19 21:07:59;310;68;135;26;22;14;11;2;7;4;3
2019-06-19 21:08:59;314;68;134;31;22;14;11;2;7;4;3
2019-06-19 21:09:58;315;68;135;31;22;14;11;2;7;4;3
2019-06-19 21:10:59;315;68;135;31;22;14;11;2;7;4;3
2019-06-19 21:11:59;315;68;135;31;22;14;11;2;7;4;3
2019-06-19 21:12:58;315;68;135;31;22;14;11;2;7;4;3
2019-06-19 21:13:59;315;68;135;31;22;14;11;2;7;4;3
2019-06-19 21:14:59;315;68;135;31;22;14;11;2;7;4;3
2019-06-19 21:15:58;324;76;135;32;22;14;11;2;7;4;3
2019-06-19 21:16:59;325;77;135;32;22;14;11;2;7;4;3
2019-06-19 21:17:59;326;77;135;33;22;14;11;2;7;4;3
2019-06-19 21:18:58;327;77;136;33;22;14;11;2;7;4;3
2019-06-19 21:19:59;335;77;144;33;22;14;11;2;7;4;3
2019-06-19 21:20:59;335;77;144;33;22;14;11;2;7;4;3
2019-06-19 21:21:58;335;77;144;33;22;14;11;2;7;4;3
2019-06-19 21:22:59;335;77;144;33;22;14;11;2;7;4;3
2019-06-19 21:23:58;335;77;144;33;22;14;11;2;7;4;3
2019-06-19 21:24:59;335;77;144;33;22;14;11;2;7;4;3
2019-06-19 21:25:59;335;77;144;33;22;14;11;2;7;4;3
2019-06-19 21:26:58;336;77;145;33;22;14;11;2;7;4;3
2019-06-19 21:27:59;336;77;145;33;22;14;11;2;7;4;3
2019-06-19 21:28:59;337;77;145;33;22;15;11;2;7;4;3
2019-06-19 21:29:58;338;78;145;33;22;15;11;2;7;4;3
2019-06-19 21:30:59;338;78;145;33;22;15;11;2;7;4;3
2019-06-19 21:31:58;338;78;145;33;22;15;11;2;7;4;3
2019-06-19 21:32:59;339;78;146;33;22;15;11;2;7;4;3
2019-06-19 21:33:59;339;78;146;33;22;15;11;2;7;4;3
2019-06-19 21:35:00;339;78;146;33;22;15;11;2;7;4;3
2019-06-19 21:35:58;339;78;146;33;22;15;11;2;7;4;3
2019-06-19 21:36:59;339;78;146;33;22;15;11;2;7;4;3
2019-06-19 21:37:59;339;78;146;33;22;15;11;2;7;4;3
2019-06-19 21:38:58;339;78;146;33;22;15;11;2;7;4;3
2019-06-19 21:39:59;339;78;146;33;22;15;11;2;7;4;3
2019-06-19 21:40:58;339;78;146;33;22;15;11;2;7;4;3
2019-06-19 21:41:59;339;79;146;33;22;15;10;2;7;4;3
2019-06-19 21:42:59;339;79;146;33;22;15;10;2;7;4;3
2019-06-19 21:43:58;339;79;146;33;22;15;10;2;7;4;3
2019-06-19 21:44:59;339;79;146;33;22;15;10;2;7;4;3
2019-06-19 21:45:59;339;79;146;33;22;15;10;2;7;4;3
2019-06-19 21:46:59;340;80;146;33;22;15;10;2;7;4;3
2019-06-19 21:47:58;340;80;146;33;22;15;10;2;7;4;3
2019-06-19 21:48:59;340;80;146;33;22;15;10;2;7;4;3
2019-06-19 21:50:00;340;80;146;33;22;15;10;2;7;4;3
2019-06-19 21:50:58;340;80;146;33;22;15;10;2;7;4;3
2019-06-19 21:51:59;340;80;146;33;22;15;10;2;7;4;3
2019-06-19 21:52:58;340;80;146;33;22;15;10;2;7;4;3
2019-06-19 21:53:59;339;80;146;32;22;15;10;2;7;4;3
2019-06-19 21:54:59;339;80;146;32;22;15;10;2;7;4;3
2019-06-19 21:55:58;339;80;146;32;22;15;10;2;7;4;3
2019-06-19 21:56:59;342;80;147;31;22;15;10;5;7;4;3
2019-06-19 21:57:58;342;80;147;31;22;15;10;5;7;4;3
2019-06-19 21:58:59;342;80;147;31;22;15;10;5;7;4;3
2019-06-19 21:59:59;342;80;147;31;22;15;10;5;7;4;3
2019-06-19 22:00:58;342;80;147;31;22;15;10;5;7;4;3
2019-06-19 22:01:59;343;80;148;31;22;15;10;5;7;4;3
2019-06-19 22:02:59;343;80;148;31;22;15;10;5;7;4;3
2019-06-19 22:03:58;347;80;148;31;22;15;10;9;7;4;3
2019-06-19 22:04:59;347;80;148;31;22;15;10;9;7;4;3
2019-06-19 22:05:59;347;80;148;31;22;15;10;9;7;4;3
2019-06-19 22:06:58;347;80;148;31;22;15;10;9;7;4;3
2019-06-19 22:07:59;347;80;148;31;22;15;10;9;7;4;3
2019-06-19 22:08:58;347;80;148;31;22;15;10;9;7;4;3
2019-06-19 22:09:59;347;80;148;31;22;15;10;9;7;4;3
2019-06-19 22:10:58;347;80;148;31;22;15;10;9;7;4;3
2019-06-19 22:11:59;347;80;148;31;22;15;10;9;7;4;3
2019-06-19 22:12:59;348;81;148;31;22;15;10;9;7;4;3
2019-06-19 22:13:58;348;81;148;31;22;15;10;9;7;4;3
2019-06-19 22:14:59;353;81;153;31;22;15;10;9;7;4;3
2019-06-19 22:15:59;353;80;153;31;22;15;11;9;7;4;3
2019-06-19 22:16:58;353;80;153;31;22;15;11;9;7;4;3
2019-06-19 22:17:59;354;81;153;31;22;15;11;9;7;4;3
2019-06-19 22:18:59;354;81;153;31;22;15;11;9;7;4;3
2019-06-19 22:19:58;354;81;153;31;22;15;11;9;7;4;3
2019-06-19 22:20:59;354;81;153;31;22;15;11;9;7;4;3
2019-06-19 22:21:59;354;81;153;31;22;15;11;9;7;4;3
2019-06-19 22:22:58;355;81;154;31;22;15;11;9;7;4;3
2019-06-19 22:23:59;355;81;154;31;22;15;11;9;7;4;3
2019-06-19 22:24:59;355;81;154;31;22;15;11;9;7;4;3
2019-06-19 22:25:58;355;81;154;31;22;15;11;9;7;4;3
2019-06-19 22:26:59;356;82;154;31;22;15;11;9;7;4;3
2019-06-19 22:27:59;356;82;154;31;22;15;11;9;7;4;3
2019-06-19 22:28:58;356;82;154;31;22;15;11;9;7;4;3
2019-06-19 22:29:59;356;82;154;31;22;15;11;9;7;4;3
2019-06-19 22:30:59;356;82;154;31;22;15;11;9;7;4;3
2019-06-19 22:31:58;356;82;154;31;22;15;11;9;7;4;3
2019-06-19 22:32:59;358;83;154;31;23;15;11;9;7;4;3
2019-06-19 22:33:58;358;83;154;31;23;15;11;9;7;4;3
2019-06-19 22:34:59;358;83;154;31;23;15;11;9;7;4;3
2019-06-19 22:35:59;360;85;154;31;23;15;11;9;7;4;3
2019-06-19 22:36:58;360;85;154;31;23;15;11;9;7;4;3
2019-06-19 22:37:59;360;85;154;31;23;15;11;9;7;4;3
2019-06-19 22:38:59;360;85;154;31;23;15;11;9;7;4;3
2019-06-19 22:39:58;360;85;154;31;23;15;11;9;7;4;3
2019-06-19 22:40:59;360;85;154;31;23;15;11;9;7;4;3
2019-06-19 22:41:59;361;85;154;31;23;15;11;9;7;4;3
2019-06-19 22:42:58;362;85;155;31;23;15;11;9;7;4;3
2019-06-19 22:43:59;362;85;155;31;23;15;11;9;7;4;3
2019-06-19 22:44:59;362;85;155;31;23;15;11;9;7;4;3
2019-06-19 22:45:58;362;85;155;31;23;15;11;9;7;4;3
2019-06-19 22:46:59;362;85;155;31;23;15;11;9;7;4;3
2019-06-19 22:47:59;363;85;155;31;24;15;11;9;7;4;3
2019-06-19 22:48:58;363;85;155;31;24;15;11;9;7;4;3
2019-06-19 22:49:59;363;86;155;30;24;15;11;9;7;4;3
2019-06-19 22:50:59;363;86;155;30;24;15;11;9;7;4;3
2019-06-19 22:51:58;363;86;155;30;24;15;11;9;7;4;3
2019-06-19 22:52:59;363;86;155;30;24;15;11;9;7;4;3
2019-06-19 22:53:59;363;86;155;30;24;15;11;9;7;4;3
2019-06-19 22:54:58;363;86;155;30;24;15;11;9;7;4;3
2019-06-19 22:55:59;363;86;155;30;24;15;11;9;7;4;3
2019-06-19 22:56:59;363;86;155;30;24;15;11;9;7;4;3
2019-06-19 22:57:58;363;86;155;30;24;15;11;9;7;4;3
2019-06-19 22:58:59;363;86;155;30;24;15;11;9;7;4;3
2019-06-19 22:59:59;363;86;155;30;24;15;11;9;7;4;3
2019-06-19 23:00:58;363;86;155;30;24;15;11;9;7;4;3
2019-06-19 23:01:59;363;87;154;30;24;15;11;9;7;4;3
2019-06-19 23:02:59;363;87;154;30;24;15;11;9;7;4;3
2019-06-19 23:03:58;365;89;154;30;24;15;11;9;7;4;3
2019-06-19 23:04:59;366;89;155;30;24;15;11;9;7;4;3
2019-06-19 23:05:59;366;89;155;30;24;15;11;9;7;4;3
2019-06-19 23:06:58;366;89;155;30;24;15;11;9;7;4;3
2019-06-19 23:07:59;366;89;155;30;24;15;11;9;7;4;3
2019-06-19 23:08:59;366;89;155;30;24;15;11;9;7;4;3
2019-06-19 23:09:58;366;89;155;30;24;15;11;9;7;4;3
2019-06-19 23:10:59;375;98;155;30;24;15;11;9;7;4;3
2019-06-19 23:11:59;375;98;155;30;24;15;11;9;7;4;3
2019-06-19 23:12:58;375;98;155;30;24;15;11;9;7;4;3
2019-06-19 23:13:59;375;98;155;30;24;15;11;9;7;4;3
2019-06-19 23:14:59;375;98;155;30;24;15;11;9;7;4;3
2019-06-19 23:15:58;375;98;155;30;24;15;11;9;7;4;3
2019-06-19 23:16:59;375;98;155;30;24;15;11;9;7;4;3
2019-06-19 23:17:58;375;98;155;30;24;15;11;9;7;4;3
2019-06-19 23:18:59;376;98;156;30;24;15;11;9;7;4;3
2019-06-19 23:19:59;376;98;156;30;24;15;11;9;7;4;3
2019-06-19 23:20:58;376;98;156;30;24;15;11;9;7;4;3
2019-06-19 23:21:59;376;98;156;30;24;15;11;9;7;4;3
2019-06-19 23:23:00;376;98;156;30;24;15;11;9;7;4;3
2019-06-19 23:23:58;376;98;156;30;24;15;11;9;7;4;3
2019-06-19 23:24:59;377;99;156;30;24;15;11;9;7;4;3
2019-06-19 23:25:58;377;99;156;30;24;15;11;9;7;4;3
2019-06-19 23:26:59;377;99;156;30;24;15;11;9;7;4;3
2019-06-19 23:27:59;377;99;156;30;24;15;11;9;7;4;3
2019-06-19 23:28:58;378;99;156;30;24;15;12;9;7;4;3
2019-06-19 23:29:59;378;99;156;30;24;15;12;9;7;4;3
2019-06-19 23:30:58;381;100;157;30;24;15;13;9;7;4;3
2019-06-19 23:31:59;382;100;157;31;24;15;13;9;7;4;3
2019-06-19 23:32:59;382;100;157;31;24;15;13;9;7;4;3
2019-06-19 23:33:58;384;102;157;31;24;15;13;9;7;4;3
2019-06-19 23:34:59;388;107;157;30;24;15;13;9;7;4;3
2019-06-19 23:35:58;388;107;157;30;24;15;13;9;7;4;3
2019-06-19 23:36:59;388;107;157;30;24;15;13;9;7;4;3
2019-06-19 23:37:59;389;108;157;30;24;15;13;9;7;4;3
2019-06-19 23:38:58;391;109;158;30;24;15;13;9;7;4;3
2019-06-19 23:39:59;391;109;158;30;24;15;13;9;7;4;3
2019-06-19 23:40:59;391;109;158;30;24;15;13;9;7;4;3
2019-06-19 23:41:58;399;116;159;30;24;15;13;9;7;4;3
2019-06-19 23:42:59;399;116;159;30;24;15;13;9;7;4;3
2019-06-19 23:43:59;399;116;158;30;24;15;14;9;7;4;3
2019-06-19 23:44:58;399;116;158;30;24;15;14;9;7;4;3
2019-06-19 23:45:59;399;116;158;30;24;15;14;9;7;4;3
2019-06-19 23:46:59;399;116;158;30;24;15;14;9;7;4;3
2019-06-19 23:47:58;399;116;158;30;24;15;14;9;7;4;3
2019-06-19 23:48:59;399;136;138;30;24;15;14;9;7;4;3
2019-06-19 23:49:59;400;136;139;30;24;15;14;9;7;4;3
2019-06-19 23:50:58;400;136;139;30;24;15;14;9;7;4;3
2019-06-19 23:51:59;400;136;139;30;24;15;14;9;7;4;3
2019-06-19 23:52:59;400;145;130;30;24;15;14;9;7;4;3
2019-06-19 23:53:58;400;145;130;30;24;15;14;9;7;4;3
2019-06-19 23:54:59;400;145;130;30;24;15;14;9;7;4;3
2019-06-19 23:55:58;400;145;131;30;23;15;14;9;7;4;3
2019-06-19 23:56:59;400;155;121;30;23;15;14;9;7;4;3
2019-06-19 23:57:59;399;154;121;30;23;15;14;9;7;4;3
2019-06-19 23:58:58;399;154;121;30;23;15;14;9;7;4;3
2019-06-19 23:59:59;399;147;128;30;23;15;14;9;7;4;3
