datetime;total_votes;bigmouse;rockamark;Detsl;pupsique;kilogramm;yachik;Есения;brammator;denkoshka;berdax
2019-02-06 00:00:59;0;0;0;0;0;0;0;0;0;0;0
2019-02-06 00:01:58;0;0;0;0;0;0;0;0;0;0;0
2019-02-06 00:02:59;0;0;0;0;0;0;0;0;0;0;0
2019-02-06 00:03:59;0;0;0;0;0;0;0;0;0;0;0
2019-02-06 00:04:58;0;0;0;0;0;0;0;0;0;0;0
2019-02-06 00:05:59;2;0;0;0;0;0;0;0;1;0;0
2019-02-06 00:06:59;2;0;0;0;0;0;0;0;1;0;0
2019-02-06 00:07:58;2;0;0;0;0;0;0;0;1;0;0
2019-02-06 00:08:59;2;0;0;0;0;0;0;0;1;0;0
2019-02-06 00:09:59;3;0;0;0;0;1;0;0;1;0;0
2019-02-06 00:10:58;3;0;0;0;0;1;0;0;1;0;0
2019-02-06 00:11:59;3;0;0;0;0;1;0;0;1;0;0
2019-02-06 00:12:59;4;0;0;0;0;1;1;0;1;0;0
2019-02-06 00:13:58;4;0;0;0;0;1;1;0;1;0;0
2019-02-06 00:14:59;4;0;0;0;0;1;1;0;1;0;0
2019-02-06 00:16:00;5;0;1;0;0;1;1;0;1;0;0
2019-02-06 00:16:58;5;0;1;0;0;1;1;0;1;0;0
2019-02-06 00:17:59;5;0;1;0;0;1;1;0;1;0;0
2019-02-06 00:18:58;6;0;1;0;0;1;1;0;1;0;0
2019-02-06 00:19:59;6;0;1;0;0;1;1;0;1;0;0
2019-02-06 00:20:59;8;0;2;0;0;2;1;0;1;0;0
2019-02-06 00:21:58;9;0;2;0;0;2;2;0;1;0;0
2019-02-06 00:22:59;10;0;2;0;0;2;3;0;1;0;0
2019-02-06 00:23:59;11;0;2;0;0;3;3;0;1;0;0
2019-02-06 00:24:58;11;0;2;0;0;3;3;0;1;0;0
2019-02-06 00:25:59;11;0;2;0;0;3;3;0;1;0;0
2019-02-06 00:26:59;11;0;2;0;0;3;3;0;1;0;0
2019-02-06 00:27:58;12;0;2;0;0;3;3;0;1;0;0
2019-02-06 00:28:59;13;0;3;0;0;3;3;0;1;0;0
2019-02-06 00:29:59;13;0;3;0;0;3;3;0;1;0;0
2019-02-06 00:30:58;13;0;3;0;0;3;3;0;1;0;0
2019-02-06 00:31:59;13;0;3;0;0;3;3;0;1;0;0
2019-02-06 00:32:58;14;0;4;0;0;3;3;0;1;0;0
2019-02-06 00:33:59;18;0;4;0;0;6;3;0;1;1;0
2019-02-06 00:34:59;18;0;4;0;0;6;3;0;1;1;0
2019-02-06 00:35:58;19;0;4;0;0;6;4;0;1;1;0
2019-02-06 00:36:59;19;0;4;0;0;6;4;0;1;1;0
2019-02-06 00:37:58;20;0;5;0;0;6;4;0;1;1;0
2019-02-06 00:38:59;21;0;6;0;0;6;4;0;1;1;0
2019-02-06 00:39:59;21;0;6;0;0;6;4;0;1;1;0
2019-02-06 00:40:58;21;0;6;0;0;6;4;0;1;1;0
2019-02-06 00:41:59;21;0;6;0;0;6;4;0;1;1;0
2019-02-06 00:42:59;22;0;6;0;0;6;5;0;1;1;0
2019-02-06 00:43:58;23;0;6;0;0;6;5;0;1;1;0
2019-02-06 00:44:59;23;0;6;0;0;6;5;0;1;1;0
2019-02-06 00:45:59;23;0;6;0;0;6;5;0;1;1;0
2019-02-06 00:46:58;23;0;6;0;0;6;5;0;1;1;0
2019-02-06 00:47:59;24;0;6;0;0;7;5;0;1;1;0
2019-02-06 00:48:58;24;0;6;0;0;7;5;0;1;1;0
2019-02-06 00:49:59;26;0;7;0;0;7;5;0;1;1;0
2019-02-06 00:50:58;27;0;7;0;0;8;5;0;1;1;0
2019-02-06 00:51:59;27;0;7;0;0;8;5;0;1;1;0
2019-02-06 00:52:59;27;0;7;0;0;8;5;0;1;1;0
2019-02-06 00:53:59;27;0;7;0;0;8;5;0;1;1;0
2019-02-06 00:54:59;27;0;7;0;0;8;5;0;1;1;0
2019-02-06 00:55:59;28;0;7;0;0;8;5;1;1;1;0
2019-02-06 00:56:58;28;0;7;0;0;8;5;1;1;1;0
2019-02-06 00:57:59;28;0;7;0;0;8;5;1;1;1;0
2019-02-06 00:58:58;28;0;7;0;0;8;5;1;1;1;0
2019-02-06 00:59:59;28;0;7;0;0;8;5;1;1;1;0
2019-02-06 01:00:58;29;0;7;0;0;8;5;1;1;1;0
2019-02-06 01:01:59;28;0;7;0;0;8;5;1;1;1;0
2019-02-06 01:02:59;29;1;7;0;0;8;5;1;1;1;0
2019-02-06 01:03:58;29;1;7;0;0;8;5;1;1;1;0
2019-02-06 01:04:59;29;1;7;0;0;8;5;1;1;1;0
2019-02-06 01:05:59;29;1;7;0;0;8;5;1;1;1;0
2019-02-06 01:06:58;29;1;7;0;0;8;5;1;1;1;0
2019-02-06 01:07:59;29;1;7;0;0;8;5;1;1;1;0
2019-02-06 01:08:58;29;1;7;0;0;8;5;1;1;1;0
2019-02-06 01:09:59;29;1;7;0;0;8;5;1;1;1;0
2019-02-06 01:10:59;29;1;7;0;0;8;5;1;1;1;0
2019-02-06 01:11:58;29;1;7;0;0;8;5;1;1;1;0
2019-02-06 01:12:59;29;1;7;0;0;8;5;1;1;1;0
2019-02-06 01:13:58;29;1;7;0;0;8;5;1;1;1;0
2019-02-06 01:14:59;29;1;7;0;0;8;5;1;1;1;0
2019-02-06 01:15:59;29;1;7;0;0;8;5;1;1;1;0
2019-02-06 01:16:58;29;1;7;0;0;8;5;1;1;1;0
2019-02-06 01:17:59;29;1;7;0;0;8;5;1;1;1;0
2019-02-06 01:18:58;30;1;8;0;0;8;5;1;1;1;0
2019-02-06 01:19:59;30;1;8;0;0;8;5;1;1;1;0
2019-02-06 01:20:59;30;1;8;0;0;8;5;1;1;1;0
2019-02-06 01:21:58;30;1;8;0;0;8;5;1;1;1;0
2019-02-06 01:22:59;30;1;8;0;0;8;5;1;1;1;0
2019-02-06 01:23:59;30;1;8;0;0;8;5;1;1;1;0
2019-02-06 01:24:58;31;1;8;0;0;8;6;1;1;1;0
2019-02-06 01:25:59;31;1;8;0;0;8;6;1;1;1;0
2019-02-06 01:26:59;31;1;8;0;0;8;6;1;1;1;0
2019-02-06 01:27:58;31;1;8;0;0;8;6;1;1;1;0
2019-02-06 01:28:59;31;1;8;0;0;8;6;1;1;1;0
2019-02-06 01:29:59;31;1;8;0;0;8;6;1;1;1;0
2019-02-06 01:30:58;32;1;8;0;0;8;6;0;0;1;0
2019-02-06 01:31:59;32;1;8;0;0;8;6;0;0;1;0
2019-02-06 01:32:58;32;1;8;0;0;8;6;0;0;1;0
2019-02-06 01:33:59;32;1;8;0;0;8;6;0;0;1;0
2019-02-06 01:34:59;32;1;8;0;0;8;6;0;0;1;0
2019-02-06 01:35:58;33;1;8;0;0;8;7;0;0;1;0
2019-02-06 01:36:59;33;1;8;0;0;8;7;0;0;1;0
2019-02-06 01:37:59;33;1;8;0;0;8;7;0;0;1;0
2019-02-06 01:38:58;33;1;8;0;0;8;7;0;0;1;0
2019-02-06 01:39:59;33;1;8;0;0;8;7;0;0;1;0
2019-02-06 01:40:59;33;1;8;0;0;8;7;0;0;1;0
2019-02-06 01:41:58;33;1;8;0;0;8;7;0;0;1;0
2019-02-06 01:42:59;33;1;8;0;0;8;7;0;0;1;0
2019-02-06 01:43:59;34;1;9;0;0;8;7;0;0;1;0
2019-02-06 01:44:58;35;1;9;0;0;8;7;1;0;2;0
2019-02-06 01:45:59;35;1;9;0;0;8;7;1;0;2;0
2019-02-06 01:46:59;35;1;9;0;0;8;7;1;0;2;0
2019-02-06 01:47:59;35;1;9;0;0;8;7;1;0;2;0
2019-02-06 01:48:58;35;1;9;0;0;8;7;1;0;2;0
2019-02-06 01:49:59;35;1;9;0;0;8;7;1;0;2;0
2019-02-06 01:50:59;35;1;9;0;0;8;7;1;0;2;0
2019-02-06 01:51:58;35;1;9;0;0;8;7;1;0;2;0
2019-02-06 01:52:59;35;1;9;0;0;8;7;1;0;2;0
2019-02-06 01:53:59;36;1;9;0;0;8;7;1;1;2;0
2019-02-06 01:54:58;36;1;9;0;0;8;7;1;1;2;0
2019-02-06 01:55:59;36;1;9;0;0;8;7;1;1;2;0
2019-02-06 01:56:58;36;1;9;0;0;8;7;1;1;2;0
2019-02-06 01:57:59;36;1;9;0;0;8;7;1;1;2;0
2019-02-06 01:58:59;36;1;9;0;0;8;7;1;1;2;0
2019-02-06 01:59:58;37;1;9;0;0;8;7;0;0;2;0
2019-02-06 02:00:59;37;1;9;0;0;8;7;0;0;2;0
2019-02-06 02:01:58;37;1;9;0;0;8;7;0;0;2;0
2019-02-06 02:02:59;37;1;9;0;0;8;7;0;0;2;0
2019-02-06 02:03:59;37;1;9;0;0;8;7;0;0;2;0
2019-02-06 02:04:58;37;1;9;0;0;8;7;0;0;2;0
2019-02-06 02:05:59;37;1;9;0;0;8;7;0;0;2;0
2019-02-06 02:06:59;37;1;9;0;0;8;7;0;0;2;0
2019-02-06 02:07:58;37;1;9;0;0;8;7;0;0;2;0
2019-02-06 02:08:59;37;1;9;0;0;8;7;0;0;2;0
2019-02-06 02:09:59;37;1;9;0;0;8;7;0;0;2;0
2019-02-06 02:10:58;37;1;9;0;0;8;7;0;0;2;0
2019-02-06 02:11:59;37;1;9;0;0;8;7;0;0;2;0
2019-02-06 02:12:59;37;1;9;0;0;8;7;0;0;2;0
2019-02-06 02:13:58;37;1;9;0;0;8;7;0;0;2;0
2019-02-06 02:14:59;37;1;9;0;0;8;7;0;0;2;0
2019-02-06 02:15:59;37;1;9;0;0;8;7;0;0;2;0
2019-02-06 02:16:58;38;1;9;0;0;8;7;0;0;2;0
2019-02-06 02:17:59;38;1;9;0;0;8;7;0;0;2;0
2019-02-06 02:18:58;38;1;9;0;0;8;7;0;0;2;0
2019-02-06 02:19:59;39;1;9;0;0;8;7;0;0;2;0
2019-02-06 02:20:59;39;1;9;0;0;8;7;0;0;2;0
2019-02-06 02:21:58;39;1;9;0;0;8;7;0;0;2;0
2019-02-06 02:22:59;39;1;9;0;0;8;7;0;0;2;0
2019-02-06 02:23:59;39;1;9;0;0;8;7;0;0;2;0
2019-02-06 02:24:58;39;1;9;0;0;8;7;0;0;2;0
2019-02-06 02:25:59;39;1;9;0;0;8;7;0;0;2;0
2019-02-06 02:26:58;40;1;9;0;0;8;8;0;0;2;0
2019-02-06 02:27:59;40;1;9;0;0;8;8;0;0;2;0
2019-02-06 02:28:59;41;1;9;0;0;8;8;0;0;2;0
2019-02-06 02:29:58;41;1;9;0;0;8;8;0;0;2;0
2019-02-06 02:30:59;41;1;9;0;0;8;8;0;0;2;0
2019-02-06 02:31:59;41;1;9;0;0;8;8;0;0;2;0
2019-02-06 02:32:58;41;1;9;0;0;8;8;0;0;2;0
2019-02-06 02:33:59;42;2;9;0;0;8;8;0;0;2;0
2019-02-06 02:34:58;42;2;9;0;0;8;8;0;0;2;0
2019-02-06 02:35:59;42;2;9;0;0;8;8;0;0;2;0
2019-02-06 02:36:59;42;2;9;0;0;8;8;0;0;2;0
2019-02-06 02:37:58;42;2;9;0;0;8;8;0;0;2;0
2019-02-06 02:38:59;42;2;9;0;0;8;8;0;0;2;0
2019-02-06 02:39:58;42;2;9;0;0;8;8;0;0;2;0
2019-02-06 02:40:59;42;2;9;0;0;8;8;0;0;2;0
2019-02-06 02:41:59;42;2;9;0;0;8;8;0;0;2;0
2019-02-06 02:42:58;42;2;9;0;0;8;8;0;0;2;0
2019-02-06 02:43:59;42;2;9;0;0;8;8;0;0;2;0
2019-02-06 02:44:59;42;2;9;0;0;8;8;0;0;2;0
2019-02-06 02:45:58;42;2;9;0;0;8;8;0;0;2;0
2019-02-06 02:46:59;43;2;10;0;0;8;8;0;0;2;0
2019-02-06 02:47:58;43;2;10;0;0;8;8;0;0;2;0
2019-02-06 02:48:59;43;2;10;0;0;8;8;0;0;2;0
2019-02-06 02:49:59;43;2;10;0;0;8;8;0;0;2;0
2019-02-06 02:50:58;43;2;10;0;0;8;8;0;0;2;0
2019-02-06 02:51:59;43;2;10;0;0;8;8;0;0;2;0
2019-02-06 02:52:59;43;2;10;0;0;8;8;0;0;2;0
2019-02-06 02:53:58;43;2;10;0;0;8;8;0;0;2;0
2019-02-06 02:54:59;43;2;10;0;0;8;8;0;0;2;0
2019-02-06 02:55:58;44;2;10;0;0;8;9;0;0;2;0
2019-02-06 02:56:59;44;2;10;0;0;8;9;0;0;2;0
2019-02-06 02:57:59;44;2;10;0;0;8;9;0;0;2;0
2019-02-06 02:58:58;44;2;10;0;0;8;9;0;0;2;0
2019-02-06 02:59:59;44;2;10;0;0;8;9;0;0;2;0
2019-02-06 03:00:58;44;2;10;0;0;8;9;0;0;2;0
2019-02-06 03:01:59;45;2;10;0;0;8;10;0;0;2;0
2019-02-06 03:02:59;45;2;10;0;0;8;10;0;0;2;0
2019-02-06 03:03:58;45;2;10;0;0;8;10;0;0;2;0
2019-02-06 03:04:59;45;2;10;0;0;8;10;0;0;2;0
2019-02-06 03:05:59;45;2;10;0;0;8;10;0;0;2;0
2019-02-06 03:06:58;45;2;10;0;0;8;10;0;0;2;0
2019-02-06 03:07:59;46;3;10;0;0;8;10;0;0;2;0
2019-02-06 03:08:59;46;3;10;0;0;8;10;0;0;2;0
2019-02-06 03:09:58;46;3;10;0;0;8;10;0;0;2;0
2019-02-06 03:10:59;46;3;10;0;0;8;10;0;0;2;0
2019-02-06 03:11:59;46;3;10;0;0;8;10;0;0;2;0
2019-02-06 03:12:58;46;3;10;0;0;8;10;0;0;2;0
2019-02-06 03:13:59;46;3;10;0;0;8;10;0;0;2;0
2019-02-06 03:14:59;46;3;10;0;0;8;10;0;0;2;0
2019-02-06 03:15:58;46;3;10;0;0;8;10;0;0;2;0
2019-02-06 03:16:59;46;3;10;0;0;8;10;0;0;2;0
2019-02-06 03:17:58;46;3;10;0;0;8;10;0;0;2;0
2019-02-06 03:18:59;46;3;10;0;0;8;10;0;0;2;0
2019-02-06 03:19:59;46;3;10;0;0;8;10;0;0;2;0
2019-02-06 03:20:58;46;3;10;0;0;8;10;0;0;2;0
2019-02-06 03:21:59;46;3;10;0;0;8;10;0;0;2;0
2019-02-06 03:22:59;46;3;10;0;0;8;10;0;0;2;0
2019-02-06 03:23:58;46;3;10;0;0;8;10;0;0;2;0
2019-02-06 03:24:59;47;3;11;0;0;8;10;0;0;2;0
2019-02-06 03:25:58;47;3;11;0;0;8;10;0;0;2;0
2019-02-06 03:26:59;47;3;11;0;0;8;10;0;0;2;0
2019-02-06 03:27:59;47;3;11;0;0;8;10;0;0;2;0
2019-02-06 03:28:58;47;3;11;0;0;8;10;0;0;2;0
2019-02-06 03:29:59;47;3;11;0;0;8;10;0;0;2;0
2019-02-06 03:30:59;47;3;11;0;0;8;10;0;0;2;0
2019-02-06 03:31:58;47;3;11;0;0;8;10;0;0;2;0
2019-02-06 03:32:59;47;3;11;0;0;8;10;0;0;2;0
2019-02-06 03:33:59;47;3;11;0;0;8;10;0;0;2;0
2019-02-06 03:34:58;47;3;11;0;0;8;10;0;0;2;0
2019-02-06 03:35:59;47;3;11;0;0;8;10;0;0;2;0
2019-02-06 03:36:58;47;3;11;0;0;8;10;0;0;2;0
2019-02-06 03:37:59;47;3;11;0;0;8;10;0;0;2;0
2019-02-06 03:38:59;47;3;11;0;0;8;10;0;0;2;0
2019-02-06 03:39:58;47;3;11;0;0;8;10;0;0;2;0
2019-02-06 03:40:59;47;3;11;0;0;8;10;0;0;2;0
2019-02-06 03:41:59;47;3;11;0;0;8;10;0;0;2;0
2019-02-06 03:42:58;47;3;11;0;0;8;10;0;0;2;0
2019-02-06 03:43:59;47;3;11;0;0;8;10;0;0;2;0
2019-02-06 03:44:59;47;3;11;0;0;8;10;0;0;2;0
2019-02-06 03:45:58;47;3;11;0;0;8;10;0;0;2;0
2019-02-06 03:46:59;47;3;11;0;0;8;10;0;0;2;0
2019-02-06 03:47:58;47;3;11;0;0;8;10;0;0;2;0
2019-02-06 03:48:59;47;3;11;0;0;8;10;0;0;2;0
2019-02-06 03:49:59;47;3;11;0;0;8;10;0;0;2;0
2019-02-06 03:50:58;47;3;11;0;0;8;10;0;0;2;0
2019-02-06 03:51:59;47;3;11;0;0;8;10;0;0;2;0
2019-02-06 03:52:59;47;3;11;0;0;8;10;0;0;2;0
2019-02-06 03:53:58;47;3;11;0;0;8;11;0;1;2;0
2019-02-06 03:54:59;47;3;11;0;0;8;11;0;1;2;0
2019-02-06 03:55:59;47;3;11;0;0;8;11;0;1;2;0
2019-02-06 03:56:58;47;3;11;0;0;8;11;0;1;2;0
2019-02-06 03:57:59;47;3;11;0;0;8;11;0;1;2;0
2019-02-06 03:59:00;47;3;11;0;0;8;11;0;1;2;0
2019-02-06 03:59:58;49;4;11;0;0;8;12;0;1;2;0
2019-02-06 04:00:59;49;4;11;0;0;8;12;0;1;2;0
2019-02-06 04:01:58;49;4;11;0;0;8;12;0;1;2;0
2019-02-06 04:02:59;49;4;11;0;0;8;12;0;1;2;0
2019-02-06 04:03:59;49;4;11;0;0;8;12;0;1;2;0
2019-02-06 04:04:58;50;4;12;0;0;8;12;0;1;2;0
2019-02-06 04:05:59;50;4;12;0;0;8;12;0;1;2;0
2019-02-06 04:06:59;50;4;12;0;0;8;12;0;1;2;0
2019-02-06 04:07:58;50;4;12;0;0;8;12;0;1;2;0
2019-02-06 04:08:59;50;4;12;0;0;8;12;0;1;2;0
2019-02-06 04:09:59;50;4;12;0;0;8;12;0;1;2;0
2019-02-06 04:10:58;50;4;12;0;0;8;12;0;1;2;0
2019-02-06 04:11:59;50;4;12;0;0;8;12;0;1;2;0
2019-02-06 04:12:59;50;4;12;0;0;8;12;0;1;2;0
2019-02-06 04:13:58;50;4;12;0;0;8;12;0;1;2;0
2019-02-06 04:14:59;50;4;12;0;0;8;12;0;1;2;0
2019-02-06 04:15:58;51;4;12;0;0;8;12;0;2;2;0
2019-02-06 04:16:59;51;4;12;0;0;8;12;0;2;2;0
2019-02-06 04:17:59;51;4;12;0;0;8;12;0;2;2;0
2019-02-06 04:18:58;51;4;12;0;0;8;12;0;2;2;0
2019-02-06 04:19:59;51;4;12;0;0;8;12;0;2;2;0
2019-02-06 04:20:58;51;4;12;0;0;8;12;0;2;2;0
2019-02-06 04:21:59;51;4;12;0;0;8;12;0;2;2;0
2019-02-06 04:22:59;51;4;12;0;0;8;12;0;2;2;0
2019-02-06 04:23:58;51;4;12;0;0;8;12;0;2;2;0
2019-02-06 04:24:59;51;4;12;0;0;8;12;0;2;2;0
2019-02-06 04:25:58;51;4;12;0;0;8;12;0;2;2;0
2019-02-06 04:26:59;51;4;12;0;0;8;12;0;2;2;0
2019-02-06 04:27:59;51;4;12;0;0;8;12;0;2;2;0
2019-02-06 04:28:58;51;4;12;0;0;8;12;0;2;2;0
2019-02-06 04:29:59;52;4;12;0;0;8;12;0;2;2;0
2019-02-06 04:30:58;52;4;12;0;0;8;12;0;2;2;0
2019-02-06 04:31:59;53;5;12;0;0;8;12;0;2;2;0
2019-02-06 04:32:59;53;5;12;0;0;8;12;0;2;2;0
2019-02-06 04:33:58;53;5;12;0;0;8;12;0;2;2;0
2019-02-06 04:34:59;53;5;12;0;0;8;12;0;2;2;0
2019-02-06 04:35:59;53;5;12;0;0;8;12;0;2;2;0
2019-02-06 04:36:58;53;5;12;0;0;8;12;0;2;2;0
2019-02-06 04:37:59;53;5;12;0;0;8;12;0;2;2;0
2019-02-06 04:38:58;53;5;12;0;0;8;12;0;2;2;0
2019-02-06 04:39:59;53;5;12;0;0;8;12;0;2;2;0
2019-02-06 04:40:59;53;5;12;0;0;8;12;0;2;2;0
2019-02-06 04:41:58;53;5;12;0;0;8;12;0;2;2;0
2019-02-06 04:42:59;53;5;12;0;0;8;12;0;2;2;0
2019-02-06 04:43:58;53;5;12;0;0;8;12;0;2;2;0
2019-02-06 04:44:59;53;5;12;0;0;8;12;0;2;2;0
2019-02-06 04:45:59;53;5;12;0;0;8;12;0;2;2;0
2019-02-06 04:46:58;53;5;12;0;0;8;12;0;2;2;0
2019-02-06 04:47:59;53;5;12;0;0;8;12;0;2;2;0
2019-02-06 04:48:59;53;5;12;0;0;8;12;0;2;2;0
2019-02-06 04:49:58;53;5;12;0;0;8;12;0;2;2;0
2019-02-06 04:50:59;53;5;12;0;0;8;12;0;2;2;0
2019-02-06 04:51:59;53;5;12;0;0;8;12;0;2;2;0
2019-02-06 04:52:58;53;5;12;0;0;8;12;0;2;2;0
2019-02-06 04:53:59;53;5;12;0;0;8;12;0;2;2;0
2019-02-06 04:54:59;53;5;12;0;0;8;12;0;2;2;0
2019-02-06 04:55:58;53;5;12;0;0;8;12;0;2;2;0
2019-02-06 04:56:59;53;5;12;0;0;8;12;0;2;2;0
2019-02-06 04:57:58;53;5;12;0;0;8;12;0;2;2;0
2019-02-06 04:58:59;53;5;12;0;0;8;12;0;2;2;0
2019-02-06 04:59:59;53;5;12;0;0;8;12;0;2;2;0
2019-02-06 05:00:58;53;5;12;0;0;8;12;0;2;2;0
2019-02-06 05:01:59;53;5;12;0;0;8;12;0;2;2;0
2019-02-06 05:02:58;53;5;12;0;0;8;12;0;2;2;0
2019-02-06 05:03:59;53;5;12;0;0;8;12;0;2;2;0
2019-02-06 05:04:59;53;5;12;0;0;8;12;0;2;2;0
2019-02-06 05:05:58;53;5;12;0;0;8;12;0;2;2;0
2019-02-06 05:06:59;53;5;12;0;0;8;12;0;2;2;0
2019-02-06 05:07:59;53;5;12;0;0;8;12;0;2;2;0
2019-02-06 05:08:58;53;5;12;0;0;8;12;0;2;2;0
2019-02-06 05:09:59;53;5;12;0;0;8;12;0;2;2;0
2019-02-06 05:10:59;53;5;12;0;0;8;12;0;2;2;0
2019-02-06 05:11:58;53;5;12;0;0;8;12;0;2;2;0
2019-02-06 05:12:59;53;5;12;0;0;8;12;0;2;2;0
2019-02-06 05:13:58;53;5;12;0;0;8;12;0;2;2;0
2019-02-06 05:14:59;53;5;12;0;0;8;12;0;2;2;0
2019-02-06 05:15:59;53;5;12;0;0;8;12;0;2;2;0
2019-02-06 05:16:58;53;5;12;0;0;8;12;0;2;2;0
2019-02-06 05:17:59;53;5;12;0;0;8;12;0;2;2;0
2019-02-06 05:18:58;53;5;12;0;0;8;12;0;2;2;0
2019-02-06 05:19:59;53;5;12;0;0;8;12;0;2;2;0
2019-02-06 05:20:59;53;5;12;0;0;8;12;0;2;2;0
2019-02-06 05:21:58;53;5;12;0;0;8;12;0;2;2;0
2019-02-06 05:22:59;54;5;13;0;0;8;12;0;2;2;0
2019-02-06 05:23:59;54;5;13;0;0;8;12;0;2;2;0
2019-02-06 05:24:58;54;5;13;0;0;8;12;0;2;2;0
2019-02-06 05:25:59;54;5;13;0;0;8;12;0;2;2;0
2019-02-06 05:26:59;54;5;13;0;0;8;12;0;2;2;0
2019-02-06 05:27:58;54;5;13;0;0;8;12;0;2;2;0
2019-02-06 05:28:59;54;5;13;0;0;8;12;0;2;2;0
2019-02-06 05:29:59;54;5;13;0;0;8;12;0;2;2;0
2019-02-06 05:30:58;54;5;13;0;0;8;12;0;2;2;0
2019-02-06 05:31:59;54;5;13;0;0;8;12;0;2;2;0
2019-02-06 05:32:59;54;5;13;0;0;8;12;0;2;2;0
2019-02-06 05:33:58;54;5;13;0;0;8;12;0;2;2;0
2019-02-06 05:34:59;54;5;13;0;0;8;12;0;2;2;0
2019-02-06 05:35:58;54;5;13;0;0;8;12;0;2;2;0
2019-02-06 05:36:59;54;5;13;0;0;8;12;0;2;2;0
2019-02-06 05:37:59;54;5;13;0;0;8;12;0;2;2;0
2019-02-06 05:38:58;54;5;13;0;0;8;12;0;2;2;0
2019-02-06 05:39:59;54;5;13;0;0;8;12;0;2;2;0
2019-02-06 05:40:58;54;5;13;0;0;8;12;0;2;2;0
2019-02-06 05:41:59;54;5;13;0;0;8;12;0;2;2;0
2019-02-06 05:42:58;54;5;13;0;0;8;12;0;2;2;0
2019-02-06 05:43:59;54;5;13;0;0;8;12;0;2;2;0
2019-02-06 05:44:58;54;5;13;0;0;8;12;0;2;2;0
2019-02-06 05:45:59;54;5;13;0;0;8;12;0;2;2;0
2019-02-06 05:46:59;54;5;13;0;0;8;12;0;2;2;0
2019-02-06 05:47:58;54;5;13;0;0;8;12;0;2;2;0
2019-02-06 05:48:59;54;5;13;0;0;8;12;0;2;2;0
2019-02-06 05:49:59;54;5;13;0;0;8;12;0;2;2;0
2019-02-06 05:50:58;54;5;13;0;0;8;12;0;2;2;0
2019-02-06 05:51:59;55;5;13;0;0;8;13;0;2;2;0
2019-02-06 05:52:59;55;5;13;0;0;8;13;0;2;2;0
2019-02-06 05:53:59;55;5;13;0;0;8;13;0;2;2;0
2019-02-06 05:54:59;55;5;13;0;0;8;13;0;2;2;0
2019-02-06 05:55:59;55;5;13;0;0;8;13;0;2;2;0
2019-02-06 05:56:58;56;5;13;0;0;8;13;0;2;2;0
2019-02-06 05:57:59;56;5;13;0;0;8;13;0;2;2;0
2019-02-06 05:58:58;56;5;13;0;0;8;13;0;2;2;0
2019-02-06 05:59:59;56;5;13;0;0;8;13;0;2;2;0
2019-02-06 06:00:59;56;5;13;0;0;8;13;0;2;2;0
2019-02-06 06:01:58;56;5;13;0;0;8;13;0;2;2;0
2019-02-06 06:02:59;56;5;13;0;0;8;13;0;2;2;0
2019-02-06 06:04:00;56;5;13;0;0;8;13;0;2;2;0
2019-02-06 06:04:58;56;5;13;0;0;8;13;0;2;2;0
2019-02-06 06:05:59;56;5;13;0;0;8;13;0;2;2;0
2019-02-06 06:06:59;56;5;13;0;0;8;13;0;2;2;0
2019-02-06 06:07:59;57;5;13;0;0;9;13;0;2;2;0
2019-02-06 06:08:58;57;5;13;0;0;9;13;0;2;2;0
2019-02-06 06:09:59;57;5;13;0;0;9;13;0;2;2;0
2019-02-06 06:10:59;57;5;13;0;0;9;13;0;2;2;0
2019-02-06 06:11:58;57;5;13;0;0;9;13;0;2;2;0
2019-02-06 06:12:59;57;5;13;0;0;9;13;0;2;2;0
2019-02-06 06:14:00;57;5;13;0;0;9;13;0;2;2;0
2019-02-06 06:14:59;58;5;13;0;2;9;13;0;2;2;0
2019-02-06 06:15:59;58;5;13;0;2;9;13;0;2;2;0
2019-02-06 06:16:58;58;5;13;0;2;9;13;0;2;2;0
2019-02-06 06:17:59;59;5;14;0;2;9;13;0;2;2;0
2019-02-06 06:18:58;60;5;14;0;2;9;14;0;2;2;0
2019-02-06 06:19:59;60;5;14;0;2;9;14;0;2;2;0
2019-02-06 06:20:59;60;5;14;0;2;9;14;0;2;2;0
2019-02-06 06:21:58;60;5;14;0;2;9;14;0;2;2;0
2019-02-06 06:22:59;60;5;14;0;2;9;14;0;2;2;0
2019-02-06 06:23:58;60;5;14;0;2;9;14;0;2;2;0
2019-02-06 06:24:59;60;5;14;0;2;9;14;0;2;2;0
2019-02-06 06:25:59;61;5;14;0;2;10;14;0;2;2;0
2019-02-06 06:26:58;62;5;15;0;2;10;14;0;2;2;0
2019-02-06 06:27:59;62;5;15;0;2;10;14;0;2;2;0
2019-02-06 06:28:59;62;5;15;0;2;10;14;0;2;2;0
2019-02-06 06:29:58;62;5;15;0;2;10;14;0;2;2;0
2019-02-06 06:30:59;62;5;15;0;2;10;14;0;2;2;0
2019-02-06 06:31:58;62;5;15;0;2;10;14;0;2;2;0
2019-02-06 06:32:59;62;5;15;0;2;10;14;0;2;2;0
2019-02-06 06:33:58;63;5;16;0;2;10;14;0;2;2;0
2019-02-06 06:34:59;63;5;16;0;2;10;14;0;2;2;0
2019-02-06 06:35:59;63;5;16;0;2;10;14;0;2;2;0
2019-02-06 06:36:58;63;5;16;0;2;10;14;0;2;2;0
2019-02-06 06:37:59;63;5;16;0;2;10;14;0;2;2;0
2019-02-06 06:39:00;63;5;16;0;2;10;14;0;2;2;0
2019-02-06 06:39:58;63;5;16;0;2;10;14;0;2;2;0
2019-02-06 06:40:59;63;5;16;0;2;10;14;0;2;2;0
2019-02-06 06:41:58;63;5;16;0;2;10;14;0;2;2;0
2019-02-06 06:42:59;63;5;16;0;2;10;14;0;2;2;0
2019-02-06 06:43:59;63;5;16;0;2;10;14;0;2;2;0
2019-02-06 06:44:58;63;5;16;0;2;10;14;0;2;2;0
2019-02-06 06:45:59;63;5;16;0;2;10;14;0;2;2;0
2019-02-06 06:46:59;63;5;16;0;2;10;14;0;2;2;0
2019-02-06 06:47:58;63;5;16;0;2;10;14;0;2;2;0
2019-02-06 06:48:59;64;5;16;0;2;10;14;2;2;2;0
2019-02-06 06:49:59;64;5;16;0;2;10;14;2;2;2;0
2019-02-06 06:50:58;64;5;16;0;2;10;14;2;2;2;0
2019-02-06 06:51:59;64;5;16;0;2;10;14;2;2;2;0
2019-02-06 06:52:59;64;5;16;0;2;10;14;2;2;2;0
2019-02-06 06:53:58;64;5;16;0;2;10;14;2;2;2;0
2019-02-06 06:54:59;64;5;16;0;2;10;14;2;2;2;0
2019-02-06 06:55:58;64;5;16;0;2;10;14;2;2;2;0
2019-02-06 06:56:59;64;5;16;0;2;10;14;2;2;2;0
2019-02-06 06:57:58;64;5;16;0;2;10;14;2;2;2;0
2019-02-06 06:58:59;64;5;16;0;2;10;14;2;2;2;0
2019-02-06 06:59:59;64;5;16;0;2;10;14;2;2;2;0
2019-02-06 07:00:58;64;5;16;0;2;10;14;2;2;2;0
2019-02-06 07:01:59;64;5;16;0;2;10;14;2;2;2;0
2019-02-06 07:02:59;64;5;16;0;2;10;14;2;2;2;0
2019-02-06 07:03:58;64;5;16;0;2;10;14;2;2;2;0
2019-02-06 07:04:59;64;5;16;0;2;10;14;2;2;2;0
2019-02-06 07:05:58;64;5;16;0;2;10;14;2;2;2;0
2019-02-06 07:06:59;64;5;16;0;2;10;14;2;2;2;0
2019-02-06 07:07:59;65;6;16;0;2;10;14;2;2;2;0
2019-02-06 07:08:58;65;6;16;0;2;10;14;2;2;2;0
2019-02-06 07:09:59;65;6;16;0;2;10;14;2;2;2;0
2019-02-06 07:10:59;65;6;16;0;2;10;14;2;2;2;0
2019-02-06 07:11:58;65;6;16;0;2;10;14;2;2;2;0
2019-02-06 07:12:59;65;6;16;0;2;10;14;2;2;2;0
2019-02-06 07:13:59;65;6;16;0;2;10;14;2;2;2;0
2019-02-06 07:14:58;65;6;16;0;2;10;14;2;2;2;0
2019-02-06 07:15:59;65;6;16;0;2;10;14;2;2;2;0
2019-02-06 07:16:59;65;6;16;0;2;10;14;2;2;2;0
2019-02-06 07:17:58;65;6;16;0;2;10;14;2;2;2;0
2019-02-06 07:18:59;65;6;16;0;2;10;14;2;2;2;0
2019-02-06 07:19:58;65;6;16;0;2;10;14;2;2;2;0
2019-02-06 07:20:59;65;6;16;0;2;10;14;2;2;2;0
2019-02-06 07:21:59;65;6;16;0;2;10;14;2;2;2;0
2019-02-06 07:22:58;65;6;16;0;2;10;14;2;2;2;0
2019-02-06 07:23:59;65;6;16;0;2;10;14;2;2;2;0
2019-02-06 07:24:58;65;6;16;0;2;10;14;2;2;2;0
2019-02-06 07:25:59;65;6;16;0;2;10;14;2;2;2;0
2019-02-06 07:26:59;65;6;16;0;2;10;14;2;2;2;0
2019-02-06 07:27:58;65;6;16;0;2;10;14;2;2;2;0
2019-02-06 07:28:59;65;6;16;0;2;10;14;2;2;2;0
2019-02-06 07:29:59;65;6;16;0;2;10;14;2;2;2;0
2019-02-06 07:30:58;65;6;16;0;2;10;14;2;2;2;0
2019-02-06 07:31:59;65;6;16;0;2;10;14;2;2;2;0
2019-02-06 07:32:58;66;6;17;0;2;10;14;2;2;2;0
2019-02-06 07:33:59;66;6;17;0;2;10;14;2;2;2;0
2019-02-06 07:34:59;66;6;17;0;2;10;14;2;2;2;0
2019-02-06 07:35:58;66;6;17;0;2;10;14;2;2;2;0
2019-02-06 07:36:59;66;6;17;0;2;10;14;2;2;2;0
2019-02-06 07:37:58;66;6;17;0;2;10;14;2;2;2;0
2019-02-06 07:38:59;66;6;17;0;2;10;14;2;2;2;0
2019-02-06 07:39:59;66;6;17;0;2;10;14;2;2;2;0
2019-02-06 07:40:58;66;6;17;0;2;10;14;2;2;2;0
2019-02-06 07:41:59;66;6;17;0;2;10;14;2;2;2;0
2019-02-06 07:42:58;66;6;17;0;2;10;14;2;2;2;0
2019-02-06 07:43:59;66;6;17;0;2;10;14;2;2;2;0
2019-02-06 07:44:59;67;6;18;0;2;10;14;2;2;2;0
2019-02-06 07:45:58;67;6;18;0;2;10;14;2;2;2;0
2019-02-06 07:46:59;68;6;19;0;2;10;14;2;2;2;0
2019-02-06 07:47:58;68;6;19;0;2;10;14;2;2;2;0
2019-02-06 07:48:59;68;6;19;0;2;10;14;2;2;2;0
2019-02-06 07:49:59;68;6;19;0;2;10;14;2;2;2;0
2019-02-06 07:50:58;68;6;19;0;2;10;14;2;2;2;0
2019-02-06 07:51:59;68;6;19;0;2;10;14;2;2;2;0
2019-02-06 07:52:59;68;6;19;0;2;10;14;2;2;2;0
2019-02-06 07:53:58;69;6;19;0;2;11;14;2;2;2;0
2019-02-06 07:54:59;69;6;19;0;2;11;14;2;2;2;0
2019-02-06 07:55:58;69;6;19;0;2;11;14;2;2;2;0
2019-02-06 07:56:59;69;6;19;0;2;11;14;2;2;2;0
2019-02-06 07:57:59;69;6;19;0;2;11;14;2;2;2;0
2019-02-06 07:58:58;69;6;19;0;2;11;14;2;2;2;0
2019-02-06 07:59:59;69;6;19;0;2;11;14;2;2;2;0
2019-02-06 08:00:59;69;6;19;0;2;11;14;2;2;2;0
2019-02-06 08:01:58;70;6;19;0;2;11;15;2;2;2;0
2019-02-06 08:02:59;70;6;19;0;2;11;15;2;2;2;0
2019-02-06 08:03:59;70;6;19;0;2;11;15;2;2;2;0
2019-02-06 08:04:58;70;6;19;0;2;11;15;2;2;2;0
2019-02-06 08:05:59;70;6;19;0;2;11;15;2;2;2;0
2019-02-06 08:06:58;71;6;20;0;2;11;15;2;2;2;0
2019-02-06 08:07:59;71;6;20;0;3;11;15;2;2;2;0
2019-02-06 08:08:58;71;6;20;0;3;11;15;2;2;2;0
2019-02-06 08:09:59;71;6;20;0;3;11;15;2;2;2;0
2019-02-06 08:10:58;72;7;20;0;3;11;15;2;2;2;0
2019-02-06 08:11:59;73;8;20;0;3;11;15;2;2;2;0
2019-02-06 08:12:58;73;8;20;0;3;11;15;2;2;2;0
2019-02-06 08:13:59;73;8;20;0;3;11;15;2;2;2;0
2019-02-06 08:14:58;73;8;20;0;3;11;15;2;2;2;0
2019-02-06 08:15:59;74;8;21;0;3;11;15;2;2;2;0
2019-02-06 08:16:58;74;8;21;0;3;11;15;2;2;2;0
2019-02-06 08:17:59;75;9;21;0;3;11;15;2;2;2;0
2019-02-06 08:18:59;75;9;21;0;3;11;15;2;2;2;0
2019-02-06 08:19:58;75;9;21;0;3;11;15;2;2;2;0
2019-02-06 08:20:59;76;9;22;0;3;11;15;2;2;2;0
2019-02-06 08:21:58;76;9;22;0;3;11;15;2;2;2;0
2019-02-06 08:22:59;76;9;22;0;3;11;15;2;2;2;0
2019-02-06 08:23:59;76;9;22;0;3;11;15;2;2;2;0
2019-02-06 08:24:58;76;9;22;0;3;11;15;2;2;2;0
2019-02-06 08:25:59;76;9;22;0;3;11;15;2;2;2;0
2019-02-06 08:26:59;77;9;23;0;3;11;15;2;2;2;0
2019-02-06 08:27:58;77;9;23;0;3;11;15;2;2;2;0
2019-02-06 08:28:59;77;9;23;0;3;11;15;2;2;2;0
2019-02-06 08:29:59;77;9;23;0;3;11;15;2;2;2;0
2019-02-06 08:30:58;77;9;23;0;3;11;15;2;2;2;0
2019-02-06 08:31:59;77;9;23;0;3;11;15;2;2;2;0
2019-02-06 08:32:58;77;9;23;0;3;11;15;2;2;2;0
2019-02-06 08:33:59;78;10;23;0;3;11;15;2;2;2;0
2019-02-06 08:34:59;78;10;23;0;3;11;15;2;2;2;0
2019-02-06 08:35:58;78;10;23;0;3;11;15;2;2;2;0
2019-02-06 08:36:59;78;10;23;0;3;11;15;2;2;2;0
2019-02-06 08:37:59;79;10;24;0;3;11;15;2;2;2;0
2019-02-06 08:38:58;79;10;24;0;3;11;15;2;2;2;0
2019-02-06 08:39:59;79;10;24;0;3;11;15;2;2;2;0
2019-02-06 08:40:58;79;10;24;0;3;11;15;2;2;2;0
2019-02-06 08:41:59;80;10;25;0;3;11;15;2;2;2;0
2019-02-06 08:42:59;80;10;25;0;3;11;15;2;2;2;0
2019-02-06 08:43:58;80;10;25;0;3;11;15;2;2;2;0
2019-02-06 08:44:59;82;12;25;0;3;11;15;2;2;2;0
2019-02-06 08:45:59;82;12;25;0;3;11;15;2;2;2;0
2019-02-06 08:46:59;83;13;26;0;3;10;15;2;2;2;0
2019-02-06 08:47:58;83;13;26;0;3;10;15;2;2;2;0
2019-02-06 08:48:59;84;14;26;0;3;10;15;2;2;2;0
2019-02-06 08:49:59;85;15;26;0;3;10;15;2;2;2;0
2019-02-06 08:50:58;85;15;26;0;3;10;15;2;2;2;0
2019-02-06 08:51:59;85;15;26;0;3;10;15;2;2;2;0
2019-02-06 08:52:59;85;15;26;0;3;10;15;2;2;2;0
2019-02-06 08:53:58;85;15;26;0;3;10;15;2;2;2;0
2019-02-06 08:54:59;85;15;26;0;3;10;15;2;2;2;0
2019-02-06 08:55:58;85;15;26;0;3;10;15;2;2;2;0
2019-02-06 08:56:59;86;15;26;0;4;10;15;2;2;2;0
2019-02-06 08:57:59;86;15;26;0;4;10;15;2;2;2;0
2019-02-06 08:58:58;86;15;26;0;4;10;15;2;2;2;0
2019-02-06 08:59:59;87;15;27;0;4;10;15;2;2;2;0
2019-02-06 09:00:58;87;15;27;0;4;10;15;2;2;2;0
2019-02-06 09:01:59;87;15;27;0;4;10;15;2;2;2;0
2019-02-06 09:02:59;87;15;27;0;4;10;15;2;2;2;0
2019-02-06 09:03:58;87;15;27;0;4;10;15;2;2;2;0
2019-02-06 09:04:59;87;15;27;0;4;10;15;2;2;2;0
2019-02-06 09:05:59;87;15;27;0;4;10;15;2;2;2;0
2019-02-06 09:06:58;87;15;27;0;4;10;15;2;2;2;0
2019-02-06 09:07:59;88;15;27;0;4;10;15;2;3;2;0
2019-02-06 09:08:58;88;15;27;0;4;10;15;2;3;2;0
2019-02-06 09:09:59;88;15;27;0;4;10;15;2;3;2;0
2019-02-06 09:10:59;89;15;28;0;4;10;15;2;3;2;0
2019-02-06 09:11:59;89;15;28;0;4;10;15;2;3;2;0
2019-02-06 09:12:58;89;15;28;0;4;10;15;2;3;2;0
2019-02-06 09:13:59;89;15;28;0;4;10;15;2;3;2;0
2019-02-06 09:14:59;89;15;28;0;4;10;15;2;3;2;0
2019-02-06 09:15:58;90;16;28;0;4;10;15;2;3;2;0
2019-02-06 09:16:59;90;16;28;0;4;10;15;2;3;2;0
2019-02-06 09:17:59;90;16;28;0;4;10;15;2;3;2;0
2019-02-06 09:18:58;90;16;28;0;4;10;15;2;3;2;0
2019-02-06 09:19:59;92;16;30;0;4;10;15;2;3;2;0
2019-02-06 09:20:58;92;16;30;0;4;10;15;2;3;2;0
2019-02-06 09:21:59;92;16;30;0;4;10;15;2;3;2;0
2019-02-06 09:22:59;92;16;30;0;4;10;15;2;3;2;0
2019-02-06 09:23:58;92;16;30;0;4;10;15;2;3;2;0
2019-02-06 09:24:59;92;16;30;0;4;10;15;2;3;2;0
2019-02-06 09:25:58;92;16;30;0;4;10;15;2;3;2;0
2019-02-06 09:26:59;93;16;30;0;4;11;15;2;3;2;0
2019-02-06 09:27:59;94;16;31;0;4;11;15;2;3;2;0
2019-02-06 09:28:58;94;16;31;0;4;11;15;2;3;2;0
2019-02-06 09:29:59;94;16;31;0;4;11;14;2;3;2;0
2019-02-06 09:30:59;95;17;31;0;4;11;14;2;3;2;0
2019-02-06 09:31:58;96;18;31;0;4;11;14;2;3;2;0
2019-02-06 09:32:59;98;19;31;0;4;11;14;2;3;2;0
2019-02-06 09:33:58;98;19;31;0;4;11;14;2;3;2;0
2019-02-06 09:34:59;98;19;31;0;4;11;14;2;3;2;0
2019-02-06 09:35:59;99;19;32;0;4;11;14;2;3;2;0
2019-02-06 09:36:58;99;19;32;0;4;11;14;2;3;2;0
2019-02-06 09:37:59;99;19;32;0;4;11;14;2;3;2;0
2019-02-06 09:38:59;99;19;32;0;4;11;14;2;3;2;0
2019-02-06 09:39:58;101;21;32;0;4;11;14;2;3;2;0
2019-02-06 09:40:59;101;21;32;0;4;11;14;2;3;2;0
2019-02-06 09:41:58;101;21;32;0;4;11;14;2;3;2;0
2019-02-06 09:42:59;101;21;32;0;4;11;14;2;3;2;0
2019-02-06 09:43:59;101;21;32;0;4;11;14;2;3;2;0
2019-02-06 09:44:58;101;21;32;0;4;11;14;2;3;2;0
2019-02-06 09:45:59;101;21;32;0;4;11;14;2;3;2;0
2019-02-06 09:46:59;101;21;32;0;4;11;14;2;3;2;0
2019-02-06 09:47:58;101;21;32;0;4;11;14;2;3;2;0
2019-02-06 09:48:59;101;21;32;0;4;11;14;2;3;2;0
2019-02-06 09:49:59;101;21;32;0;4;11;14;2;3;2;0
2019-02-06 09:50:58;102;22;32;0;4;11;14;2;3;2;0
2019-02-06 09:51:59;102;22;32;0;4;11;14;2;3;2;0
2019-02-06 09:52:59;103;23;32;0;4;11;14;2;3;2;0
2019-02-06 09:53:58;103;23;32;0;4;11;14;2;3;2;0
2019-02-06 09:54:59;103;23;32;0;4;11;14;2;3;2;0
2019-02-06 09:55:59;103;23;32;0;4;11;14;2;3;2;0
2019-02-06 09:56:58;104;23;33;0;4;11;14;2;3;2;0
2019-02-06 09:57:59;104;23;33;0;4;11;14;2;3;2;0
2019-02-06 09:58:58;104;23;33;0;4;11;14;2;3;2;0
2019-02-06 09:59:59;104;23;33;0;4;11;14;2;3;2;0
2019-02-06 10:00:58;105;23;33;0;4;11;14;2;3;2;0
2019-02-06 10:01:59;105;23;33;0;4;11;14;2;3;2;0
2019-02-06 10:02:59;106;23;33;0;4;11;14;2;3;2;0
2019-02-06 10:03:58;107;24;33;0;4;11;14;2;3;2;0
2019-02-06 10:04:59;108;24;34;0;4;11;14;2;3;2;0
2019-02-06 10:05:59;108;24;34;0;4;11;14;2;3;2;0
2019-02-06 10:06:58;108;24;34;0;4;11;14;2;3;2;0
2019-02-06 10:07:59;110;24;36;0;4;11;14;2;3;2;0
2019-02-06 10:08:58;111;25;36;0;4;11;14;2;3;2;0
2019-02-06 10:09:59;111;25;36;0;4;11;14;2;3;2;0
2019-02-06 10:10:59;111;25;36;0;4;11;14;2;3;2;0
2019-02-06 10:11:58;111;25;36;0;4;11;14;2;3;2;0
2019-02-06 10:12:59;111;25;36;0;4;11;14;2;3;2;0
2019-02-06 10:13:58;111;25;36;0;4;11;14;2;3;2;0
2019-02-06 10:14:59;111;25;36;0;4;11;14;2;3;2;0
2019-02-06 10:15:58;111;25;36;0;4;11;14;2;3;2;0
2019-02-06 10:16:59;112;26;36;0;4;11;14;2;3;2;0
2019-02-06 10:17:59;112;26;36;0;4;11;14;2;3;2;0
2019-02-06 10:18:58;112;26;36;0;4;11;14;2;3;2;0
2019-02-06 10:19:59;112;26;36;0;4;11;14;2;3;2;0
2019-02-06 10:20:59;112;26;36;0;4;11;14;2;3;2;0
2019-02-06 10:21:58;112;26;36;0;4;11;14;2;3;2;0
2019-02-06 10:22:59;112;26;36;0;4;11;14;2;3;2;0
2019-02-06 10:23:59;113;26;37;0;4;11;14;2;3;2;0
2019-02-06 10:24:58;115;26;37;0;4;12;15;2;3;2;0
2019-02-06 10:25:59;115;26;37;0;4;12;15;2;3;2;0
2019-02-06 10:27:00;116;26;38;0;4;11;15;2;3;2;0
2019-02-06 10:27:58;116;26;38;0;4;11;15;2;3;2;0
2019-02-06 10:28:59;117;26;38;0;4;11;15;3;3;2;0
2019-02-06 10:29:58;117;26;38;0;4;11;15;3;3;2;0
2019-02-06 10:30:59;117;26;38;0;4;11;15;3;3;2;0
2019-02-06 10:31:59;117;26;38;0;4;11;15;3;3;2;0
2019-02-06 10:32:58;117;26;38;0;4;11;15;3;3;2;0
2019-02-06 10:33:59;117;26;38;0;4;11;15;3;3;2;0
2019-02-06 10:34:58;117;26;38;0;4;11;15;3;3;2;0
2019-02-06 10:35:59;117;26;38;0;4;11;15;3;3;2;0
2019-02-06 10:36:59;118;27;38;0;4;11;15;3;3;2;0
2019-02-06 10:37:58;118;27;38;0;4;11;15;3;3;2;0
2019-02-06 10:38:59;119;28;38;0;4;11;15;3;3;2;0
2019-02-06 10:39:59;120;29;38;0;4;11;15;3;3;2;0
2019-02-06 10:40:58;120;29;38;0;4;11;15;3;3;2;0
2019-02-06 10:41:59;121;29;38;0;4;11;15;3;3;2;0
2019-02-06 10:42:59;122;29;38;0;4;11;15;3;3;2;0
2019-02-06 10:43:58;124;29;39;0;4;11;15;3;3;2;0
2019-02-06 10:44:59;124;29;39;0;4;11;15;3;3;2;0
2019-02-06 10:45:58;124;29;39;0;4;11;15;3;3;2;0
2019-02-06 10:46:59;124;29;39;0;4;11;15;3;3;2;0
2019-02-06 10:47:59;124;29;39;0;4;11;15;3;3;2;0
2019-02-06 10:48:58;124;30;39;0;4;11;14;3;3;2;0
2019-02-06 10:49:59;125;31;39;0;4;11;14;3;3;2;0
2019-02-06 10:50:58;125;31;39;0;4;11;14;3;3;2;0
2019-02-06 10:51:59;125;31;39;0;4;11;14;3;3;2;0
2019-02-06 10:52:59;126;31;40;0;4;11;14;3;3;2;0
2019-02-06 10:53:58;127;32;40;0;4;11;14;3;3;2;0
2019-02-06 10:54:59;127;32;40;0;4;11;14;3;3;2;0
2019-02-06 10:55:59;128;32;40;0;4;11;14;3;3;2;0
2019-02-06 10:56:58;128;32;40;0;4;11;14;3;3;2;0
2019-02-06 10:57:59;129;32;41;0;4;11;14;3;3;2;0
2019-02-06 10:58:59;129;32;41;0;4;11;14;3;3;2;0
2019-02-06 10:59:58;129;32;41;0;4;11;14;3;3;2;0
2019-02-06 11:00:59;130;33;41;0;4;11;14;3;3;2;0
2019-02-06 11:01:58;131;33;42;0;4;11;14;3;3;2;0
2019-02-06 11:02:59;133;34;43;0;4;11;14;3;3;2;0
2019-02-06 11:03:59;136;36;43;0;4;11;15;3;3;2;0
2019-02-06 11:04:58;137;36;43;0;4;11;15;3;4;2;0
2019-02-06 11:05:59;138;37;43;0;4;11;15;3;4;2;0
2019-02-06 11:06:59;138;37;43;0;4;11;15;3;4;2;0
2019-02-06 11:07:58;137;37;43;0;4;11;15;3;4;2;0
2019-02-06 11:08:59;138;38;43;0;4;11;15;3;4;2;0
2019-02-06 11:09:58;139;39;43;0;4;11;15;3;4;2;0
2019-02-06 11:10:59;139;39;43;0;4;11;15;3;4;2;0
2019-02-06 11:11:59;139;39;43;0;4;11;15;3;4;2;0
2019-02-06 11:12:58;139;39;43;0;4;11;15;3;4;2;0
2019-02-06 11:13:59;139;39;43;0;4;11;15;3;4;2;0
2019-02-06 11:14:59;139;39;43;0;4;11;15;3;4;2;0
2019-02-06 11:15:58;139;39;43;0;4;11;15;3;4;2;0
2019-02-06 11:16:59;139;40;43;0;4;11;15;3;4;2;0
2019-02-06 11:17:58;139;40;43;0;4;11;15;3;4;2;0
2019-02-06 11:18:59;139;40;43;0;4;11;15;3;4;2;0
2019-02-06 11:19:59;139;40;43;0;4;11;15;3;4;2;0
2019-02-06 11:20:58;139;40;43;0;4;11;15;3;4;2;0
2019-02-06 11:21:59;140;40;44;0;4;11;15;3;4;2;0
2019-02-06 11:22:59;140;40;44;0;4;11;15;3;4;2;0
2019-02-06 11:23:58;140;40;44;0;4;11;15;3;4;2;0
2019-02-06 11:24:59;141;41;44;0;4;11;15;3;4;2;0
2019-02-06 11:25:58;141;41;44;0;4;11;15;3;4;2;0
2019-02-06 11:26:59;141;41;44;0;4;11;15;3;4;2;0
2019-02-06 11:27:59;141;41;44;0;4;11;15;3;4;2;0
2019-02-06 11:28:58;141;41;44;0;4;11;15;3;4;2;0
2019-02-06 11:29:59;141;41;44;0;4;11;15;3;4;2;0
2019-02-06 11:30:58;141;41;44;0;4;11;15;3;4;2;0
2019-02-06 11:31:59;141;41;44;0;4;11;15;3;4;2;0
2019-02-06 11:32:59;141;41;44;0;4;11;15;3;4;2;0
2019-02-06 11:33:58;141;41;44;0;4;11;15;3;4;2;0
2019-02-06 11:34:59;142;42;44;0;4;11;15;3;4;2;0
2019-02-06 11:35:59;142;43;44;0;4;11;14;3;4;2;0
2019-02-06 11:36:58;142;43;44;0;4;11;14;3;4;2;0
2019-02-06 11:37:59;143;44;44;0;4;11;14;3;4;2;0
2019-02-06 11:39:00;143;44;44;0;4;11;14;3;4;2;0
2019-02-06 11:39:58;143;44;44;0;4;11;14;3;4;2;0
2019-02-06 11:40:59;143;44;44;0;4;11;14;3;4;2;0
2019-02-06 11:41:58;143;44;44;0;4;11;14;3;4;2;0
2019-02-06 11:42:59;144;45;44;0;4;11;14;3;4;2;0
2019-02-06 11:43:59;144;45;44;0;4;11;14;3;4;2;0
2019-02-06 11:44:58;144;45;44;0;4;11;14;3;4;2;0
2019-02-06 11:45:59;145;45;44;0;4;11;15;3;4;2;0
2019-02-06 11:47:00;145;45;44;0;4;11;15;3;4;2;0
2019-02-06 11:47:58;146;46;44;0;4;11;15;3;4;2;0
2019-02-06 11:48:59;146;46;44;0;4;11;15;3;4;2;0
2019-02-06 11:49:58;146;46;44;0;4;11;15;3;4;2;0
2019-02-06 11:50:59;146;46;44;0;4;11;15;3;4;2;0
2019-02-06 11:51:59;146;46;44;0;4;11;15;3;4;2;0
2019-02-06 11:52:58;146;46;44;0;4;11;15;3;4;2;0
2019-02-06 11:53:59;146;46;44;0;4;11;15;3;4;2;0
2019-02-06 11:54:59;146;46;44;0;4;11;15;3;4;2;0
2019-02-06 11:55:58;146;46;44;0;4;11;15;3;4;2;0
2019-02-06 11:56:59;146;46;44;0;4;11;15;3;4;2;0
2019-02-06 11:57:58;146;46;44;0;4;11;15;3;4;2;0
2019-02-06 11:58:59;146;46;44;0;4;11;15;3;4;2;0
2019-02-06 11:59:59;146;46;44;0;4;11;15;3;4;2;0
2019-02-06 12:00:58;146;46;44;0;4;11;15;3;4;2;0
2019-02-06 12:01:59;146;46;44;0;4;11;15;3;4;2;0
2019-02-06 12:02:59;146;46;44;0;4;11;15;3;4;2;0
2019-02-06 12:03:58;146;46;44;0;4;11;15;3;4;2;0
2019-02-06 12:04:59;145;46;44;0;4;11;14;3;4;2;0
2019-02-06 12:05:59;145;46;44;0;4;11;14;3;4;2;0
2019-02-06 12:06:58;145;46;44;0;4;11;14;3;4;2;0
2019-02-06 12:07:59;145;46;44;0;4;11;14;3;4;2;0
2019-02-06 12:08:58;145;46;44;0;4;11;14;3;4;2;0
2019-02-06 12:09:59;145;46;44;0;4;11;14;3;4;2;0
2019-02-06 12:10:59;145;46;44;0;4;11;14;3;4;2;0
2019-02-06 12:11:58;145;46;44;0;4;11;14;3;4;2;0
2019-02-06 12:12:59;145;46;44;0;4;11;14;3;4;2;0
2019-02-06 12:13:59;145;46;44;0;4;11;14;3;4;2;0
2019-02-06 12:14:58;145;46;44;0;4;11;14;3;4;2;0
2019-02-06 12:15:59;145;46;44;0;4;11;14;3;4;2;0
2019-02-06 12:16:59;145;46;44;0;4;11;14;3;4;2;0
2019-02-06 12:17:58;145;46;44;0;4;11;14;3;4;2;0
2019-02-06 12:18:59;146;46;45;0;4;11;14;3;4;2;0
2019-02-06 12:19:59;146;46;45;0;4;11;14;3;4;2;0
2019-02-06 12:20:58;147;46;45;0;4;12;14;3;4;2;0
2019-02-06 12:21:59;148;46;46;0;4;12;14;3;4;2;0
2019-02-06 12:22:58;149;46;47;0;4;12;14;3;4;2;0
2019-02-06 12:23:59;150;46;47;0;4;12;14;3;4;2;0
2019-02-06 12:24:58;149;46;47;0;4;12;13;3;4;2;0
2019-02-06 12:25:59;149;46;47;0;4;12;13;3;4;2;0
2019-02-06 12:26:58;149;46;47;0;4;12;13;3;4;2;0
2019-02-06 12:27:59;150;46;48;0;4;12;13;3;4;2;0
2019-02-06 12:28:59;151;47;48;0;4;12;13;3;4;2;0
2019-02-06 12:29:58;151;47;48;0;4;12;13;3;4;2;0
2019-02-06 12:30:59;151;47;48;0;4;12;13;3;4;2;0
2019-02-06 12:31:58;151;47;48;0;4;12;13;3;4;2;0
2019-02-06 12:32:59;151;47;48;0;4;12;13;3;4;2;0
2019-02-06 12:33:59;151;48;48;0;4;11;13;3;4;2;0
2019-02-06 12:34:58;151;48;48;0;4;11;13;3;4;2;0
2019-02-06 12:35:59;151;48;48;0;4;11;13;3;4;2;0
2019-02-06 12:36:59;151;48;48;0;4;11;13;3;4;2;0
2019-02-06 12:37:58;153;49;49;0;4;11;13;3;4;2;0
2019-02-06 12:38:59;154;49;50;0;4;11;13;3;4;2;0
2019-02-06 12:39:59;154;49;50;0;4;11;13;3;4;2;0
2019-02-06 12:40:58;155;50;50;0;4;11;13;3;4;2;0
2019-02-06 12:41:59;155;50;50;0;4;11;13;3;4;2;0
2019-02-06 12:42:58;155;50;50;0;4;11;13;3;4;2;0
2019-02-06 12:43:59;155;50;50;0;4;11;13;3;4;2;0
2019-02-06 12:44:59;155;50;50;0;4;11;13;3;4;2;0
2019-02-06 12:45:58;156;51;50;0;4;11;13;3;4;2;0
2019-02-06 12:46:59;156;51;50;0;4;11;13;3;4;2;0
2019-02-06 12:47:59;156;51;50;0;4;11;13;3;4;2;0
2019-02-06 12:48:58;156;51;50;0;4;11;13;3;4;2;0
2019-02-06 12:49:59;157;51;51;0;4;11;13;3;4;2;0
2019-02-06 12:50:59;157;51;51;0;4;11;13;3;4;2;0
2019-02-06 12:51:58;157;51;51;0;4;11;13;3;4;2;0
2019-02-06 12:52:59;157;51;51;0;4;11;13;3;4;2;0
2019-02-06 12:53:59;157;51;51;0;4;11;13;3;4;2;0
2019-02-06 12:54:58;157;51;51;0;4;11;13;3;4;2;0
2019-02-06 12:55:59;157;51;51;0;4;11;13;3;4;2;0
2019-02-06 12:56:58;157;51;51;0;4;11;13;3;4;2;0
2019-02-06 12:57:59;157;51;51;0;4;11;13;3;4;2;0
2019-02-06 12:58:58;157;51;51;0;4;11;13;3;4;2;0
2019-02-06 12:59:59;157;51;51;0;4;11;13;3;4;2;0
2019-02-06 13:00:59;157;51;51;0;4;11;13;3;4;2;0
2019-02-06 13:01:58;158;51;51;0;5;11;13;3;4;2;0
2019-02-06 13:02:59;158;51;51;0;5;11;13;3;4;2;0
2019-02-06 13:03:59;158;51;51;0;5;11;13;3;4;2;0
2019-02-06 13:04:58;158;51;51;0;5;11;13;3;4;2;0
2019-02-06 13:05:59;158;51;51;0;5;11;13;3;4;2;0
2019-02-06 13:06:59;158;51;51;0;5;11;13;3;4;2;0
2019-02-06 13:07:58;158;51;51;0;5;11;13;3;4;2;0
2019-02-06 13:08:59;158;51;51;0;5;11;13;3;4;2;0
2019-02-06 13:09:58;158;51;51;0;5;11;13;3;4;2;0
2019-02-06 13:10:59;159;52;51;0;5;11;13;3;4;2;0
2019-02-06 13:11:59;159;52;51;0;5;11;13;3;4;2;0
2019-02-06 13:12:58;159;52;51;0;5;11;13;3;4;2;0
2019-02-06 13:13:59;159;52;51;0;5;11;13;3;4;2;0
2019-02-06 13:14:58;160;53;51;0;5;11;13;3;4;2;0
2019-02-06 13:15:59;160;53;51;0;5;11;13;3;4;2;0
2019-02-06 13:16:58;160;53;51;0;5;11;13;3;4;2;0
2019-02-06 13:17:59;160;53;51;0;5;11;13;3;4;2;0
2019-02-06 13:18:59;160;53;51;0;5;11;13;3;4;2;0
2019-02-06 13:19:58;161;53;51;0;6;11;13;3;4;2;0
2019-02-06 13:20:59;161;53;51;0;6;11;13;3;4;2;0
2019-02-06 13:21:59;161;53;51;0;6;11;13;3;4;2;0
2019-02-06 13:22:58;161;53;51;0;6;11;13;3;4;2;0
2019-02-06 13:23:59;162;53;52;0;6;11;13;3;4;2;0
2019-02-06 13:24:59;163;54;52;0;6;11;13;3;4;2;0
2019-02-06 13:25:58;163;54;52;0;6;11;13;3;4;2;0
2019-02-06 13:26:59;163;54;52;0;6;11;13;3;4;2;0
2019-02-06 13:27:59;163;54;52;0;6;11;13;3;4;2;0
2019-02-06 13:28:58;163;54;52;0;6;11;13;3;4;2;0
2019-02-06 13:29:59;164;55;52;0;6;11;13;3;4;2;0
2019-02-06 13:30:58;165;56;52;0;6;11;13;3;4;2;0
2019-02-06 13:31:59;165;56;53;0;6;10;13;3;4;2;0
2019-02-06 13:32:59;165;56;53;0;6;10;13;3;4;2;0
2019-02-06 13:33:58;165;56;53;0;6;10;13;3;4;2;0
2019-02-06 13:34:59;165;56;53;0;6;10;13;3;4;2;0
2019-02-06 13:35:58;165;56;53;0;6;10;13;3;4;2;0
2019-02-06 13:36:59;165;56;53;0;6;10;13;3;4;2;0
2019-02-06 13:37:59;165;56;53;0;6;10;13;3;4;2;0
2019-02-06 13:38:59;165;56;53;0;6;10;13;3;4;2;0
2019-02-06 13:39:58;165;56;53;0;6;10;13;3;4;2;0
2019-02-06 13:40:59;165;56;53;0;6;10;13;3;4;2;0
2019-02-06 13:41:58;165;56;53;0;6;10;13;3;4;2;0
2019-02-06 13:42:59;166;56;53;0;6;10;13;3;4;2;0
2019-02-06 13:43:59;166;56;53;0;6;10;13;3;4;2;0
2019-02-06 13:44:58;166;56;53;0;6;10;13;3;4;2;0
2019-02-06 13:45:59;167;56;53;0;6;10;13;3;4;2;1
2019-02-06 13:46:59;167;56;53;0;6;10;13;3;4;2;1
2019-02-06 13:47:58;167;56;53;0;6;10;13;3;4;2;1
2019-02-06 13:48:59;167;56;53;0;6;10;13;3;4;2;1
2019-02-06 13:49:59;168;57;53;0;6;10;13;3;4;2;1
2019-02-06 13:50:58;168;57;53;0;6;10;13;3;4;2;1
2019-02-06 13:51:59;168;57;53;0;6;10;13;3;4;2;1
2019-02-06 13:52:58;168;57;53;0;6;10;13;3;4;2;1
2019-02-06 13:53:59;169;58;53;0;6;10;13;3;4;2;1
2019-02-06 13:54:58;170;58;54;0;6;10;13;3;4;2;1
2019-02-06 13:55:59;171;59;54;0;6;10;13;3;4;2;1
2019-02-06 13:56:58;172;60;54;0;6;10;13;3;4;2;1
2019-02-06 13:57:59;172;60;54;0;6;10;13;3;4;2;1
2019-02-06 13:58:59;172;60;54;0;6;10;13;3;4;2;1
2019-02-06 13:59:58;172;60;54;0;6;10;13;3;4;2;1
2019-02-06 14:00:59;172;60;54;0;6;10;13;3;4;2;1
2019-02-06 14:01:58;172;60;54;0;6;10;13;3;4;2;1
2019-02-06 14:02:59;173;61;54;0;6;10;13;3;4;2;1
2019-02-06 14:03:59;173;61;54;0;6;10;13;3;4;2;1
2019-02-06 14:04:58;173;61;54;0;6;10;13;3;4;2;1
2019-02-06 14:05:59;175;61;56;0;6;10;13;3;4;2;1
2019-02-06 14:06:59;175;61;56;0;6;10;13;3;4;2;1
2019-02-06 14:07:58;175;61;56;0;6;10;13;3;4;2;1
2019-02-06 14:08:59;176;62;56;0;6;10;13;3;4;2;1
2019-02-06 14:09:58;176;62;56;0;6;10;13;3;4;2;1
2019-02-06 14:10:59;176;62;56;0;6;10;13;3;4;2;1
2019-02-06 14:11:59;176;62;56;0;6;10;13;3;4;2;1
2019-02-06 14:12:58;176;62;56;0;6;10;13;3;4;2;1
2019-02-06 14:13:59;177;63;56;0;6;10;13;3;4;2;1
2019-02-06 14:14:58;177;63;56;0;6;10;13;3;4;2;1
2019-02-06 14:15:59;178;64;56;0;6;10;13;3;4;2;1
2019-02-06 14:16:58;178;64;56;0;6;10;13;3;4;2;1
2019-02-06 14:17:59;178;64;56;0;6;10;13;3;4;2;1
2019-02-06 14:18:59;178;64;56;0;6;10;13;3;4;2;1
2019-02-06 14:19:58;178;64;56;0;6;10;13;3;4;2;1
2019-02-06 14:20:59;178;64;56;0;6;10;13;3;4;2;1
2019-02-06 14:21:58;178;64;56;0;6;10;13;3;4;2;1
2019-02-06 14:22:59;178;64;56;0;6;10;13;3;4;2;1
2019-02-06 14:23:58;178;64;56;0;6;10;13;3;4;2;1
2019-02-06 14:24:59;179;65;56;0;6;10;13;3;4;2;1
2019-02-06 14:25:59;179;65;56;0;6;10;13;3;4;2;1
2019-02-06 14:26:58;180;65;56;0;6;10;13;3;4;2;1
2019-02-06 14:27:59;180;65;56;0;6;10;13;3;4;2;1
2019-02-06 14:28:59;181;66;56;0;6;10;13;3;4;2;1
2019-02-06 14:29:58;181;66;56;0;6;10;13;3;4;2;1
2019-02-06 14:30:59;181;66;56;0;6;10;13;3;4;2;1
2019-02-06 14:31:59;181;66;56;0;6;10;13;3;4;2;1
2019-02-06 14:32:58;181;66;56;0;6;10;13;3;4;2;1
2019-02-06 14:33:59;181;66;56;0;6;10;13;3;4;2;1
2019-02-06 14:34:58;181;66;56;0;6;10;13;3;4;2;1
2019-02-06 14:35:59;181;66;56;0;6;10;13;3;4;2;1
2019-02-06 14:36:59;181;66;56;0;6;10;13;3;4;2;1
2019-02-06 14:37:58;181;66;56;0;6;10;13;3;4;2;1
2019-02-06 14:38:59;181;66;56;0;6;10;13;3;4;2;1
2019-02-06 14:39:58;181;66;56;0;6;10;13;3;4;2;1
2019-02-06 14:40:59;181;66;56;0;6;10;13;3;4;2;1
2019-02-06 14:41:59;182;67;56;0;6;10;13;3;4;2;1
2019-02-06 14:42:58;182;68;56;0;6;10;13;3;4;2;1
2019-02-06 14:43:59;182;68;56;0;6;10;13;3;4;2;1
2019-02-06 14:44:59;183;68;57;0;6;10;13;3;4;2;1
2019-02-06 14:45:58;183;68;57;0;6;10;13;3;4;2;1
2019-02-06 14:46:59;183;68;57;0;6;10;13;3;4;2;1
2019-02-06 14:47:59;184;69;57;0;6;10;13;3;4;2;1
2019-02-06 14:48:58;184;69;57;0;6;10;13;3;4;2;1
2019-02-06 14:49:59;184;69;57;0;6;10;13;3;4;2;1
2019-02-06 14:50:59;184;69;57;0;6;10;13;3;4;2;1
2019-02-06 14:51:58;184;69;57;0;6;10;13;3;4;2;1
2019-02-06 14:52:59;184;69;57;0;6;10;13;3;4;2;1
2019-02-06 14:54:00;184;69;57;0;6;10;13;3;4;2;1
2019-02-06 14:54:58;184;69;57;0;6;10;13;3;4;2;1
2019-02-06 14:55:59;184;69;57;0;6;10;13;3;4;2;1
2019-02-06 14:56:58;184;69;57;0;6;10;13;3;4;2;1
2019-02-06 14:57:59;185;69;57;2;6;10;13;3;4;2;1
2019-02-06 14:58:59;185;69;57;2;6;10;13;3;4;2;1
2019-02-06 14:59:58;185;69;57;2;6;10;13;3;4;2;1
2019-02-06 15:00:59;186;69;58;2;6;10;13;3;4;2;1
2019-02-06 15:01:58;186;69;58;2;6;10;13;3;4;2;1
2019-02-06 15:02:59;186;69;58;2;6;10;13;3;4;2;1
2019-02-06 15:03:59;186;69;58;2;6;10;13;3;4;2;1
2019-02-06 15:04:58;187;69;59;2;6;10;13;3;4;2;1
2019-02-06 15:05:59;187;69;59;2;6;10;13;3;4;2;1
2019-02-06 15:06:59;187;69;59;2;6;10;13;3;4;2;1
2019-02-06 15:07:58;187;69;59;2;6;10;13;3;4;2;1
2019-02-06 15:08:59;187;69;59;2;6;10;13;3;4;2;1
2019-02-06 15:09:59;187;69;59;2;6;10;13;3;4;2;1
2019-02-06 15:10:58;187;69;59;2;6;10;13;3;4;2;1
2019-02-06 15:11:59;187;69;59;2;6;10;13;3;4;2;1
2019-02-06 15:12:59;187;69;59;2;6;10;13;3;4;2;1
2019-02-06 15:13:58;187;69;59;2;6;10;13;3;4;2;1
2019-02-06 15:14:59;187;69;59;2;6;10;13;3;4;2;1
2019-02-06 15:15:58;187;69;59;2;6;10;13;3;4;2;1
2019-02-06 15:16:59;187;69;59;2;6;10;13;3;4;2;1
2019-02-06 15:17:59;187;69;59;2;6;10;13;3;4;2;1
2019-02-06 15:18:58;188;70;59;2;6;10;13;3;4;2;1
2019-02-06 15:19:59;188;70;59;2;6;10;13;3;4;2;1
2019-02-06 15:20:58;188;70;59;2;6;10;13;3;4;2;1
2019-02-06 15:21:59;189;71;59;2;6;10;13;3;4;2;1
2019-02-06 15:22:58;189;71;59;2;6;10;13;3;4;2;1
2019-02-06 15:23:59;189;71;59;2;6;10;13;3;4;2;1
2019-02-06 15:24:59;189;71;59;2;6;10;13;3;4;2;1
2019-02-06 15:25:58;189;71;59;2;6;10;13;3;4;2;1
2019-02-06 15:26:59;189;71;59;2;6;10;13;3;4;2;1
2019-02-06 15:27:59;189;71;59;2;6;10;13;3;4;2;1
2019-02-06 15:28:58;189;71;59;2;6;10;13;3;4;2;1
2019-02-06 15:29:59;189;71;59;2;6;10;13;3;4;2;1
2019-02-06 15:30:58;189;71;59;2;6;10;13;3;4;2;1
2019-02-06 15:31:59;189;71;59;2;6;10;13;3;4;2;1
2019-02-06 15:32:59;189;71;59;2;6;10;13;3;4;2;1
2019-02-06 15:33:58;189;71;59;2;6;10;13;3;4;2;1
2019-02-06 15:34:59;189;71;59;2;6;10;13;3;4;2;1
2019-02-06 15:35:58;189;71;59;2;6;10;13;3;4;2;1
2019-02-06 15:36:59;189;71;59;2;6;10;13;3;4;2;1
2019-02-06 15:37:58;189;71;59;2;6;10;13;3;4;2;1
2019-02-06 15:38:59;189;71;59;2;6;10;13;3;4;2;1
2019-02-06 15:39:58;189;71;59;2;6;10;13;3;4;2;1
2019-02-06 15:40:59;190;71;60;2;6;10;13;3;4;2;1
2019-02-06 15:42:00;190;71;60;2;6;10;13;3;4;2;1
2019-02-06 15:42:58;190;71;60;2;6;10;13;3;4;2;1
2019-02-06 15:43:59;190;71;60;2;6;10;13;3;4;2;1
2019-02-06 15:44:58;190;71;60;2;6;10;13;3;4;2;1
2019-02-06 15:45:59;191;72;60;2;6;10;13;3;4;2;1
2019-02-06 15:46:58;191;72;60;2;6;10;13;3;4;2;1
2019-02-06 15:47:59;191;72;60;2;6;10;13;3;4;2;1
2019-02-06 15:48:59;191;72;60;2;6;10;13;3;4;2;1
2019-02-06 15:49:58;192;72;60;2;6;10;13;3;4;2;1
2019-02-06 15:50:59;192;72;60;2;6;10;13;3;4;2;1
2019-02-06 15:51:59;192;72;60;2;6;10;13;3;4;2;1
2019-02-06 15:52:58;192;72;60;2;6;10;13;3;4;2;1
2019-02-06 15:53:59;192;72;60;2;6;10;13;3;4;2;1
2019-02-06 15:54:58;192;72;60;2;6;10;13;3;4;2;1
2019-02-06 15:55:59;192;72;60;2;6;10;13;3;4;2;1
2019-02-06 15:56:59;192;72;60;2;6;10;13;3;4;2;1
2019-02-06 15:57:58;192;72;60;2;6;10;13;3;4;2;1
2019-02-06 15:58:59;192;72;60;2;6;10;13;3;4;2;1
2019-02-06 15:59:58;193;72;60;2;6;11;13;3;4;2;1
2019-02-06 16:00:59;194;73;60;2;6;11;13;3;4;2;1
2019-02-06 16:01:59;194;73;60;2;6;11;13;3;4;2;1
2019-02-06 16:02:58;194;73;60;2;6;11;13;3;4;2;1
2019-02-06 16:03:59;194;73;60;2;6;11;13;3;4;2;1
2019-02-06 16:04:59;194;73;60;2;6;11;13;3;4;2;1
2019-02-06 16:05:58;194;73;60;2;6;11;13;3;4;2;1
2019-02-06 16:06:59;194;73;60;2;6;11;13;3;4;2;1
2019-02-06 16:07:59;194;73;60;2;6;11;13;3;4;2;1
2019-02-06 16:08:58;194;73;60;2;6;11;13;3;4;2;1
2019-02-06 16:09:59;194;73;60;2;6;11;13;3;4;2;1
2019-02-06 16:10:58;195;73;60;2;6;11;13;3;4;2;2
2019-02-06 16:11:59;195;73;60;2;6;11;13;3;4;2;2
2019-02-06 16:12:59;195;73;60;2;6;11;13;3;4;2;2
2019-02-06 16:13:58;196;73;61;2;6;11;13;3;4;2;2
2019-02-06 16:14:59;196;73;61;2;6;11;13;3;4;2;2
2019-02-06 16:15:59;196;73;61;2;6;11;13;3;4;2;2
2019-02-06 16:16:58;197;73;61;2;6;11;13;3;4;2;2
2019-02-06 16:17:59;197;73;61;2;6;11;13;3;4;2;2
2019-02-06 16:18:59;197;73;61;2;6;11;13;3;4;2;2
2019-02-06 16:19:58;197;73;61;2;6;11;13;3;4;2;2
2019-02-06 16:20:59;198;73;62;2;6;11;13;3;4;2;2
2019-02-06 16:21:59;198;73;62;2;6;11;13;3;4;2;2
2019-02-06 16:22:58;199;73;63;2;6;11;13;3;4;2;2
2019-02-06 16:23:59;199;73;63;2;6;11;13;3;4;2;2
2019-02-06 16:24:59;199;73;63;2;6;11;13;3;4;2;2
2019-02-06 16:25:58;199;73;63;2;6;11;13;3;4;2;2
2019-02-06 16:26:59;199;73;63;2;6;11;13;3;4;2;2
2019-02-06 16:27:59;199;73;63;2;6;11;13;3;4;2;2
2019-02-06 16:28:58;199;73;63;2;6;11;13;3;4;2;2
2019-02-06 16:29:59;201;73;64;2;7;11;13;3;4;2;2
2019-02-06 16:30:59;201;73;64;2;7;11;13;3;4;2;2
2019-02-06 16:31:58;201;73;64;2;7;11;13;3;4;2;2
2019-02-06 16:32:59;201;73;64;2;7;11;13;3;4;2;2
2019-02-06 16:33:58;201;73;64;2;7;11;13;3;4;2;2
2019-02-06 16:34:59;201;73;64;2;7;11;13;3;4;2;2
2019-02-06 16:35:59;201;73;64;2;7;11;13;3;4;2;2
2019-02-06 16:36:58;201;73;64;2;7;11;13;3;4;2;2
2019-02-06 16:37:59;202;73;65;2;7;11;13;3;4;2;2
2019-02-06 16:38:59;202;73;65;2;7;11;13;3;4;2;2
2019-02-06 16:39:58;202;73;65;2;7;11;13;3;4;2;2
2019-02-06 16:40:59;202;73;65;2;7;11;13;3;4;2;2
2019-02-06 16:41:59;202;73;65;2;7;11;13;3;4;2;2
2019-02-06 16:42:58;202;73;65;2;7;11;13;3;4;2;2
2019-02-06 16:43:59;203;73;65;2;7;11;13;3;4;2;2
2019-02-06 16:44:59;204;73;65;2;8;11;13;3;4;2;2
2019-02-06 16:45:58;205;73;66;2;8;11;13;3;4;2;2
2019-02-06 16:46:59;205;73;66;2;8;11;13;3;4;2;2
2019-02-06 16:47:58;206;74;66;2;8;11;13;3;4;2;2
2019-02-06 16:48:59;208;74;66;2;10;11;13;3;4;2;2
2019-02-06 16:49:58;208;74;66;2;10;11;13;3;4;2;2
2019-02-06 16:50:59;208;74;66;2;10;11;13;3;4;2;2
2019-02-06 16:51:59;208;74;66;2;10;11;13;3;4;2;2
2019-02-06 16:52:58;208;74;66;2;10;11;13;3;4;2;2
2019-02-06 16:53:59;209;75;66;2;10;11;13;3;4;2;2
2019-02-06 16:54:59;210;75;66;3;10;11;13;3;4;2;2
2019-02-06 16:55:58;210;76;66;3;10;11;12;3;4;2;2
2019-02-06 16:56:59;210;76;66;3;10;11;12;3;4;2;2
2019-02-06 16:57:58;212;78;66;3;10;11;12;3;4;2;2
2019-02-06 16:58:59;212;78;66;3;10;11;12;3;4;2;2
2019-02-06 16:59:59;214;80;66;3;10;11;12;3;4;2;2
2019-02-06 17:00:58;215;81;66;3;10;11;12;3;4;2;2
2019-02-06 17:01:59;215;81;66;3;10;11;12;3;4;2;2
2019-02-06 17:02:59;215;81;66;3;10;11;12;3;4;2;2
2019-02-06 17:03:58;216;81;67;3;10;11;12;3;4;2;2
2019-02-06 17:04:59;216;81;67;3;10;11;12;3;4;2;2
2019-02-06 17:05:59;217;81;67;4;10;11;12;3;4;2;2
2019-02-06 17:06:58;217;81;67;4;10;11;12;3;4;2;2
2019-02-06 17:07:59;217;81;67;4;10;11;12;3;4;2;2
2019-02-06 17:08:59;217;81;66;4;10;12;12;3;4;2;2
2019-02-06 17:09:58;217;81;66;4;10;12;12;3;4;2;2
2019-02-06 17:10:59;217;81;66;4;10;12;12;3;4;2;2
2019-02-06 17:11:58;218;81;66;4;11;12;12;3;4;2;2
2019-02-06 17:12:59;218;81;66;4;11;12;12;3;4;2;2
2019-02-06 17:13:59;218;81;66;4;11;12;12;3;4;2;2
2019-02-06 17:14:58;218;81;66;4;11;12;12;3;4;2;2
2019-02-06 17:15:59;218;81;66;4;11;12;12;3;4;2;2
2019-02-06 17:17:00;218;81;66;4;11;12;12;3;4;2;2
2019-02-06 17:17:58;219;81;66;4;11;12;12;3;4;2;2
2019-02-06 17:18:59;220;82;66;4;11;12;12;3;4;2;2
2019-02-06 17:19:58;220;82;66;4;11;12;12;3;4;2;2
2019-02-06 17:20:59;221;82;66;4;11;12;12;3;4;2;2
2019-02-06 17:21:59;221;82;66;4;11;12;12;3;4;2;2
2019-02-06 17:22:58;221;82;66;4;11;12;12;3;4;2;2
2019-02-06 17:23:59;221;82;66;4;11;12;12;3;4;2;2
2019-02-06 17:24:59;221;82;66;4;11;12;12;3;4;2;2
2019-02-06 17:25:58;221;82;66;4;11;12;12;3;4;2;2
2019-02-06 17:26:59;221;82;66;4;11;12;12;3;4;2;2
2019-02-06 17:27:59;221;82;66;4;11;12;12;3;4;2;2
2019-02-06 17:28:59;221;82;66;4;11;12;12;3;4;2;2
2019-02-06 17:30:00;221;82;66;4;11;12;12;3;4;2;2
2019-02-06 17:30:58;222;82;66;5;11;12;12;3;4;2;2
2019-02-06 17:31:59;223;83;66;5;11;12;12;3;4;2;2
2019-02-06 17:32:58;225;83;66;5;12;12;12;3;4;2;2
2019-02-06 17:33:59;226;84;66;5;12;12;12;3;4;2;2
2019-02-06 17:34:59;226;84;66;5;12;12;12;3;4;2;2
2019-02-06 17:35:58;226;84;66;5;12;12;12;3;4;2;2
2019-02-06 17:36:59;226;84;66;5;12;12;12;3;4;2;2
2019-02-06 17:37:59;227;84;66;6;12;12;12;3;4;2;2
2019-02-06 17:38:58;227;84;66;6;12;12;12;3;4;2;2
2019-02-06 17:39:59;227;84;66;6;12;12;12;3;4;2;2
2019-02-06 17:40:58;227;84;66;6;12;12;12;3;4;2;2
2019-02-06 17:41:59;227;84;66;6;12;12;12;3;4;2;2
2019-02-06 17:42:59;227;84;66;6;12;12;12;3;4;2;2
2019-02-06 17:43:58;227;84;66;6;12;12;12;3;4;2;2
2019-02-06 17:44:59;227;84;66;6;12;12;12;3;4;2;2
2019-02-06 17:45:59;227;84;66;6;12;12;12;3;4;2;2
2019-02-06 17:46:58;227;84;66;6;12;12;12;3;4;2;2
2019-02-06 17:47:59;227;84;66;6;12;12;12;3;4;2;2
2019-02-06 17:48:58;227;84;66;6;12;12;12;3;4;2;2
2019-02-06 17:49:59;227;84;66;6;12;12;12;3;4;2;2
2019-02-06 17:50:59;227;84;66;6;12;12;12;3;4;2;2
2019-02-06 17:51:58;227;84;66;6;12;12;12;3;4;2;2
2019-02-06 17:52:59;227;84;66;6;12;12;12;3;4;2;2
2019-02-06 17:53:59;227;84;66;6;12;12;12;3;4;2;2
2019-02-06 17:54:58;227;84;66;6;12;12;12;3;4;2;2
2019-02-06 17:55:59;227;84;66;6;12;12;12;3;4;2;2
2019-02-06 17:56:59;227;84;66;6;12;12;12;3;4;2;2
2019-02-06 17:57:58;229;84;66;6;12;12;12;4;5;2;2
2019-02-06 17:58:59;230;85;66;6;12;12;12;4;5;2;2
2019-02-06 17:59:58;230;85;66;6;12;12;12;4;5;2;2
2019-02-06 18:00:59;230;85;66;6;12;12;12;4;5;2;2
2019-02-06 18:01:59;231;85;67;6;12;12;12;4;5;2;2
2019-02-06 18:02:58;232;85;67;7;12;12;12;4;5;2;2
2019-02-06 18:03:59;232;85;67;7;12;12;12;4;5;2;2
2019-02-06 18:04:59;232;85;67;7;12;12;12;4;5;2;2
2019-02-06 18:05:58;232;85;67;7;12;12;12;4;5;2;2
2019-02-06 18:06:59;233;85;67;8;12;12;12;4;5;2;2
2019-02-06 18:07:58;233;85;67;8;12;12;12;4;5;2;2
2019-02-06 18:08:59;233;85;67;8;12;12;12;4;5;2;2
2019-02-06 18:09:59;233;85;67;8;12;12;12;4;5;2;2
2019-02-06 18:10:58;233;85;67;8;12;12;12;4;5;2;2
2019-02-06 18:11:59;233;85;67;8;12;12;12;4;5;2;2
2019-02-06 18:12:59;233;85;67;8;12;12;12;4;5;2;2
2019-02-06 18:13:58;233;85;67;8;12;12;12;4;5;2;2
2019-02-06 18:14:59;233;85;67;8;12;12;12;4;5;2;2
2019-02-06 18:15:59;233;85;67;8;12;12;12;4;5;2;2
2019-02-06 18:16:58;234;85;67;8;12;12;12;4;6;2;2
2019-02-06 18:17:59;234;85;67;8;12;12;12;4;6;2;2
2019-02-06 18:18:59;234;85;67;8;12;12;12;4;6;2;2
2019-02-06 18:19:58;235;85;68;8;12;12;12;4;6;2;2
2019-02-06 18:20:59;235;85;68;8;12;12;12;4;6;2;2
2019-02-06 18:21:59;235;85;68;8;12;12;12;4;6;2;2
2019-02-06 18:22:58;235;85;68;8;12;12;12;4;6;2;2
2019-02-06 18:23:59;235;85;68;8;12;12;11;5;6;2;2
2019-02-06 18:24:58;237;85;68;9;13;12;11;5;6;2;2
2019-02-06 18:25:59;237;85;68;9;13;12;11;5;6;2;2
2019-02-06 18:26:59;237;85;68;9;13;12;11;5;6;2;2
2019-02-06 18:27:58;238;85;69;9;13;12;11;5;6;2;2
2019-02-06 18:28:59;238;85;69;9;13;12;11;5;6;2;2
2019-02-06 18:29:59;240;86;69;10;13;12;11;5;6;2;2
2019-02-06 18:30:58;241;86;69;10;13;12;11;5;6;2;2
2019-02-06 18:31:59;241;86;69;10;13;12;11;5;6;2;2
2019-02-06 18:32:58;241;86;69;10;13;12;11;5;6;2;2
2019-02-06 18:33:59;241;86;69;10;13;12;11;5;6;2;2
2019-02-06 18:34:59;243;87;69;11;13;12;11;5;6;2;2
2019-02-06 18:35:58;243;87;69;11;13;12;11;5;6;2;2
2019-02-06 18:36:59;243;87;69;11;13;12;11;5;6;2;2
2019-02-06 18:37:59;243;87;69;11;13;12;11;5;6;2;2
2019-02-06 18:38:58;243;87;69;11;13;12;11;5;6;2;2
2019-02-06 18:39:59;244;87;70;11;13;12;11;5;6;2;2
2019-02-06 18:40:58;244;87;70;11;13;12;11;5;6;2;2
2019-02-06 18:41:59;244;87;70;11;13;12;11;5;6;2;2
2019-02-06 18:42:59;244;87;70;11;13;12;11;5;6;2;2
2019-02-06 18:43:58;245;88;70;11;13;12;11;5;6;2;2
2019-02-06 18:44:59;245;88;70;11;13;12;11;5;6;2;2
2019-02-06 18:45:59;245;88;70;11;13;12;11;5;6;2;2
2019-02-06 18:46:59;245;88;70;11;13;12;11;5;6;2;2
2019-02-06 18:47:58;245;88;70;11;13;12;11;5;6;2;2
2019-02-06 18:48:59;246;88;70;12;13;12;11;5;6;2;2
2019-02-06 18:49:59;246;88;70;12;13;12;11;5;6;2;2
2019-02-06 18:50:58;246;88;70;12;13;12;11;5;6;2;2
2019-02-06 18:51:59;246;88;70;12;13;12;11;5;6;2;2
2019-02-06 18:52:59;246;88;70;12;13;12;11;5;6;2;2
2019-02-06 18:53:58;246;88;70;12;13;12;11;5;6;2;2
2019-02-06 18:54:59;247;88;70;13;13;12;11;5;6;2;2
2019-02-06 18:55:58;247;88;70;13;13;12;11;5;6;2;2
2019-02-06 18:56:59;247;88;70;13;13;12;11;5;6;2;2
2019-02-06 18:57:59;247;88;70;13;13;12;11;5;6;2;2
2019-02-06 18:58:58;247;88;70;13;13;12;11;5;6;2;2
2019-02-06 18:59:59;247;88;70;13;13;12;11;5;6;2;2
2019-02-06 19:00:59;247;88;70;13;13;12;11;5;6;2;2
2019-02-06 19:01:58;247;88;70;13;13;12;11;5;6;2;2
2019-02-06 19:02:59;247;88;70;13;13;12;11;5;6;2;2
2019-02-06 19:03:58;247;88;70;13;13;12;11;5;6;2;2
2019-02-06 19:04:59;248;88;70;14;13;12;11;5;6;2;2
2019-02-06 19:05:58;249;88;70;14;13;12;11;5;6;2;2
2019-02-06 19:06:59;249;88;70;14;13;12;11;5;6;2;2
2019-02-06 19:07:59;249;88;70;14;13;12;11;5;6;2;2
2019-02-06 19:08:58;249;88;70;14;13;12;11;5;6;2;2
2019-02-06 19:09:59;249;88;70;14;13;12;11;5;6;2;2
2019-02-06 19:10:58;249;88;70;14;13;12;11;5;6;2;2
2019-02-06 19:11:59;250;88;70;14;13;12;11;5;6;2;2
2019-02-06 19:12:59;250;88;70;14;13;12;11;5;6;2;2
2019-02-06 19:13:58;250;88;70;14;13;12;11;5;6;2;2
2019-02-06 19:14:59;250;88;70;14;13;12;11;5;6;2;2
2019-02-06 19:15:58;250;88;70;14;13;12;11;5;6;2;2
2019-02-06 19:16:59;250;88;70;14;13;12;11;5;6;2;2
2019-02-06 19:17:59;250;88;70;14;13;12;11;5;6;2;2
2019-02-06 19:18:58;250;88;70;14;13;12;11;5;6;2;2
2019-02-06 19:19:59;250;88;70;14;13;12;11;5;6;2;2
2019-02-06 19:20:59;250;88;70;14;13;12;11;5;6;2;2
2019-02-06 19:21:58;250;88;70;14;13;12;11;5;6;2;2
2019-02-06 19:22:59;250;88;70;14;13;12;11;5;6;2;2
2019-02-06 19:23:59;251;88;70;15;13;12;11;5;6;2;2
2019-02-06 19:24:58;252;89;70;15;13;12;11;5;6;2;2
2019-02-06 19:25:59;253;90;70;15;13;12;11;5;6;2;2
2019-02-06 19:26:59;253;90;70;15;13;12;11;5;6;2;2
2019-02-06 19:27:58;254;90;70;16;13;12;11;5;6;2;2
2019-02-06 19:28:59;255;91;70;16;13;12;11;5;6;2;2
2019-02-06 19:29:59;256;92;70;16;13;12;11;5;6;2;2
2019-02-06 19:30:58;256;92;70;16;13;12;11;5;6;2;2
2019-02-06 19:31:59;256;92;70;16;13;12;11;5;6;2;2
2019-02-06 19:33:00;256;92;70;16;13;12;11;5;6;2;2
2019-02-06 19:33:58;256;92;70;16;13;12;11;5;6;2;2
2019-02-06 19:34:59;256;92;70;16;13;12;11;5;6;2;2
2019-02-06 19:35:58;256;92;70;16;13;12;11;5;6;2;2
2019-02-06 19:36:59;256;92;70;16;13;12;11;5;6;2;2
2019-02-06 19:37:59;256;92;70;16;13;12;11;5;6;2;2
2019-02-06 19:38:58;256;92;70;16;13;12;11;5;6;2;2
2019-02-06 19:39:59;256;92;70;16;13;12;11;5;6;2;2
2019-02-06 19:40:59;256;92;70;16;13;12;11;5;6;2;2
2019-02-06 19:41:58;256;92;70;16;13;12;11;5;6;2;2
2019-02-06 19:42:59;256;92;70;16;13;12;11;5;6;2;2
2019-02-06 19:43:59;256;92;70;16;13;12;11;5;6;2;2
2019-02-06 19:44:58;256;92;70;16;13;12;11;5;6;2;2
2019-02-06 19:45:59;257;92;71;16;13;12;11;5;6;2;2
2019-02-06 19:46:58;257;92;71;16;13;12;11;5;6;2;2
2019-02-06 19:47:59;257;92;71;16;13;12;11;5;6;2;2
2019-02-06 19:48:58;257;92;71;16;13;12;11;5;6;2;2
2019-02-06 19:49:59;257;92;71;17;13;12;10;5;6;2;2
2019-02-06 19:50:59;257;92;71;17;13;12;10;5;6;2;2
2019-02-06 19:51:58;257;92;71;17;13;12;10;5;6;2;2
2019-02-06 19:52:59;257;92;71;17;13;12;10;5;6;2;2
2019-02-06 19:53:59;257;92;71;17;13;12;10;5;6;2;2
2019-02-06 19:54:58;257;92;71;17;13;12;10;5;6;2;2
2019-02-06 19:55:59;257;92;71;17;13;12;10;5;6;2;2
2019-02-06 19:56:58;257;92;71;17;13;12;10;5;6;2;2
2019-02-06 19:57:59;257;92;71;17;13;12;10;5;6;2;2
2019-02-06 19:58:58;257;92;71;17;13;12;10;5;6;2;2
2019-02-06 19:59:59;257;92;71;17;13;12;10;5;6;2;2
2019-02-06 20:00:59;257;92;71;17;13;12;10;5;6;2;2
2019-02-06 20:01:58;257;92;71;17;13;12;10;5;6;2;2
2019-02-06 20:02:59;257;92;71;17;13;12;10;5;6;2;2
2019-02-06 20:03:59;257;92;71;17;13;12;10;5;6;2;2
2019-02-06 20:04:58;257;92;71;17;13;12;10;5;6;2;2
2019-02-06 20:05:59;257;92;71;17;13;12;10;5;6;2;2
2019-02-06 20:06:59;257;92;71;17;13;12;10;5;6;2;2
2019-02-06 20:07:58;257;92;71;17;13;12;10;5;6;2;2
2019-02-06 20:08:59;257;92;71;17;13;12;10;5;6;2;2
2019-02-06 20:09:58;258;92;72;17;13;12;10;5;6;2;2
2019-02-06 20:10:59;259;93;72;17;13;12;10;5;6;2;2
2019-02-06 20:11:59;259;93;72;17;13;12;10;5;6;2;2
2019-02-06 20:12:58;259;93;72;17;13;12;10;5;6;2;2
2019-02-06 20:13:59;259;93;72;17;13;12;10;5;6;2;2
2019-02-06 20:14:58;259;93;72;17;13;12;10;5;6;2;2
2019-02-06 20:15:59;259;93;72;17;13;12;10;5;6;2;2
2019-02-06 20:16:59;260;94;72;17;13;12;10;5;6;2;2
2019-02-06 20:17:58;260;94;72;17;13;12;10;5;6;2;2
2019-02-06 20:18:59;260;94;72;17;13;12;10;5;6;2;2
2019-02-06 20:19:59;260;94;72;17;13;12;10;5;6;2;2
2019-02-06 20:20:59;260;94;72;17;13;12;10;5;6;2;2
2019-02-06 20:21:58;260;94;72;17;13;12;10;5;6;2;2
2019-02-06 20:22:59;260;94;72;17;13;12;10;5;6;2;2
2019-02-06 20:23:58;260;94;72;17;13;12;10;5;6;2;2
2019-02-06 20:24:59;260;94;72;17;13;12;10;5;6;2;2
2019-02-06 20:25:58;260;94;72;17;13;12;10;5;6;2;2
2019-02-06 20:26:59;260;94;72;17;13;12;10;5;6;2;2
2019-02-06 20:27:59;260;94;72;17;13;12;10;5;6;2;2
2019-02-06 20:28:58;260;94;72;17;13;12;10;5;6;2;2
2019-02-06 20:29:59;261;95;72;17;13;12;10;5;6;2;2
2019-02-06 20:30:59;261;95;72;17;13;12;10;5;6;2;2
2019-02-06 20:31:58;261;95;72;17;13;12;10;5;6;2;2
2019-02-06 20:32:59;262;95;73;17;13;12;10;5;6;2;2
2019-02-06 20:33:59;262;95;73;17;13;12;10;5;6;2;2
2019-02-06 20:34:58;262;95;73;17;13;12;10;5;6;2;2
2019-02-06 20:35:59;262;95;73;17;13;12;10;5;6;2;2
2019-02-06 20:36:59;262;95;73;17;13;12;10;5;6;2;2
2019-02-06 20:37:58;262;95;73;17;13;12;10;5;6;2;2
2019-02-06 20:38:59;262;95;73;17;13;12;10;5;6;2;2
2019-02-06 20:39:58;262;95;73;17;13;12;10;5;6;2;2
2019-02-06 20:40:59;262;95;73;17;13;12;10;5;6;2;2
2019-02-06 20:41:59;262;95;73;17;13;12;10;5;6;2;2
2019-02-06 20:42:58;262;95;73;17;13;12;10;5;6;2;2
2019-02-06 20:43:59;262;95;73;17;13;12;10;5;6;2;2
2019-02-06 20:44:59;262;95;73;17;13;12;10;5;6;2;2
2019-02-06 20:45:58;262;95;73;17;13;12;10;5;6;2;2
2019-02-06 20:46:59;262;95;73;17;13;12;10;5;6;2;2
2019-02-06 20:47:58;262;95;73;17;13;12;10;5;6;2;2
2019-02-06 20:48:59;262;95;73;17;13;12;10;5;6;2;2
2019-02-06 20:49:59;262;95;73;17;13;12;10;5;6;2;2
2019-02-06 20:50:58;262;95;73;17;13;12;10;5;6;2;2
2019-02-06 20:51:59;262;95;73;17;13;12;10;5;6;2;2
2019-02-06 20:52:59;262;95;73;17;13;12;10;5;6;2;2
2019-02-06 20:53:58;262;95;73;17;13;12;10;5;6;2;2
2019-02-06 20:54:59;262;95;73;17;13;12;10;5;6;2;2
2019-02-06 20:55:58;262;95;73;17;13;12;10;5;6;2;2
2019-02-06 20:56:59;262;95;73;17;13;12;10;5;6;2;2
2019-02-06 20:57:59;262;95;73;17;13;12;10;5;6;2;2
2019-02-06 20:58:58;263;95;74;17;13;12;10;5;6;2;2
2019-02-06 20:59:59;263;95;74;17;13;12;10;5;6;2;2
2019-02-06 21:00:59;263;95;74;17;13;12;10;5;6;2;2
2019-02-06 21:01:58;263;95;74;17;13;12;10;5;6;2;2
2019-02-06 21:02:59;263;95;74;17;13;12;10;5;6;2;2
2019-02-06 21:03:58;263;95;74;17;13;12;10;5;6;2;2
2019-02-06 21:04:59;263;95;74;17;13;12;10;5;6;2;2
2019-02-06 21:05:58;263;95;74;17;13;12;10;5;6;2;2
2019-02-06 21:06:59;263;95;74;17;13;12;10;5;6;2;2
2019-02-06 21:07:59;264;95;74;18;13;12;10;5;6;2;2
2019-02-06 21:08:58;264;95;74;18;13;12;10;5;6;2;2
2019-02-06 21:09:59;264;95;74;18;13;12;10;5;6;2;2
2019-02-06 21:10:59;264;95;74;18;13;12;10;5;6;2;2
2019-02-06 21:11:58;264;95;74;18;13;12;10;5;6;2;2
2019-02-06 21:12:59;265;95;75;18;13;12;10;5;6;2;2
2019-02-06 21:13:58;266;96;75;18;13;12;10;5;6;2;2
2019-02-06 21:14:59;266;96;75;18;13;12;10;5;6;2;2
2019-02-06 21:15:59;266;96;75;18;13;12;10;5;6;2;2
2019-02-06 21:16:58;266;96;75;18;13;12;10;5;6;2;2
2019-02-06 21:17:59;266;96;75;18;13;12;10;5;6;2;2
2019-02-06 21:18:59;266;96;75;18;13;12;10;5;6;2;2
2019-02-06 21:19:58;265;96;74;18;13;12;10;5;6;2;2
2019-02-06 21:20:59;265;96;74;18;13;12;10;5;6;2;2
2019-02-06 21:21:59;265;96;74;18;13;12;10;5;6;2;2
2019-02-06 21:22:58;266;97;74;18;13;12;10;5;6;2;2
2019-02-06 21:23:59;266;97;74;18;13;12;10;5;6;2;2
2019-02-06 21:24:59;266;97;74;18;13;12;10;5;6;2;2
2019-02-06 21:25:58;266;97;74;18;13;12;10;5;6;2;2
2019-02-06 21:26:59;266;97;74;18;13;12;10;5;6;2;2
2019-02-06 21:27:58;266;97;74;18;13;12;10;5;6;2;2
2019-02-06 21:28:59;266;97;74;18;13;12;10;5;6;2;2
2019-02-06 21:29:59;266;97;74;18;13;12;10;5;6;2;2
2019-02-06 21:30:58;266;97;74;18;13;12;10;5;6;2;2
2019-02-06 21:31:59;267;97;75;18;13;12;10;5;6;2;2
2019-02-06 21:32:59;267;97;75;18;13;12;10;5;6;2;2
2019-02-06 21:33:58;267;97;75;18;13;12;10;5;6;2;2
2019-02-06 21:34:59;267;97;75;18;13;12;10;5;6;2;2
2019-02-06 21:35:58;267;97;75;18;13;12;10;5;6;2;2
2019-02-06 21:36:59;267;97;75;18;13;12;10;5;6;2;2
2019-02-06 21:37:59;267;97;75;18;13;12;10;5;6;2;2
2019-02-06 21:38:58;267;97;75;18;13;12;10;5;6;2;2
2019-02-06 21:39:59;267;97;75;18;13;12;10;5;6;2;2
2019-02-06 21:40:59;267;97;75;18;13;12;10;5;6;2;2
2019-02-06 21:41:58;267;97;75;18;13;12;10;5;6;2;2
2019-02-06 21:42:59;267;97;75;18;13;12;10;5;6;2;2
2019-02-06 21:43:58;267;97;75;18;13;12;10;5;6;2;2
2019-02-06 21:44:59;267;97;75;18;13;12;10;5;6;2;2
2019-02-06 21:45:59;267;97;75;18;13;12;10;5;6;2;2
2019-02-06 21:46:58;267;97;75;18;13;12;10;5;6;2;2
2019-02-06 21:47:59;267;97;75;18;13;12;10;5;6;2;2
2019-02-06 21:48:59;268;98;75;18;13;12;10;5;6;2;2
2019-02-06 21:49:58;268;98;75;18;13;12;10;5;6;2;2
2019-02-06 21:50:59;268;98;75;18;13;12;10;5;6;2;2
2019-02-06 21:51:59;268;98;75;18;13;12;10;5;6;2;2
2019-02-06 21:52:58;268;98;75;18;13;12;10;5;6;2;2
2019-02-06 21:53:59;268;98;75;18;13;12;10;5;6;2;2
2019-02-06 21:54:58;268;98;75;18;13;12;10;5;6;2;2
2019-02-06 21:55:59;268;98;75;18;13;12;10;5;6;2;2
2019-02-06 21:56:59;268;98;75;18;13;12;10;5;6;2;2
2019-02-06 21:57:58;268;98;75;18;13;12;10;5;6;2;2
2019-02-06 21:58:59;268;98;75;18;13;12;10;5;6;2;2
2019-02-06 21:59:59;268;98;75;18;13;12;10;5;6;2;2
2019-02-06 22:00:58;268;98;75;18;13;12;10;5;6;2;2
2019-02-06 22:01:59;268;98;75;18;13;12;10;5;6;2;2
2019-02-06 22:02:59;269;98;76;18;13;12;10;5;6;2;2
2019-02-06 22:03:58;269;98;76;18;13;12;10;5;6;2;2
2019-02-06 22:04:59;269;98;76;18;13;12;10;5;6;2;2
2019-02-06 22:05:59;270;99;76;18;13;12;10;5;6;2;2
2019-02-06 22:06:58;270;99;76;18;13;12;10;5;6;2;2
2019-02-06 22:07:59;270;99;76;18;13;12;10;5;6;2;2
2019-02-06 22:09:00;270;99;76;18;13;12;10;5;6;2;2
2019-02-06 22:09:58;270;99;76;18;13;12;10;5;6;2;2
2019-02-06 22:10:59;271;99;76;19;13;12;10;5;6;2;2
2019-02-06 22:12:00;271;99;76;19;13;12;10;5;6;2;2
2019-02-06 22:12:58;271;99;76;19;13;12;10;5;6;2;2
2019-02-06 22:13:59;271;99;76;19;13;12;10;5;6;2;2
2019-02-06 22:14:58;271;99;76;19;13;12;10;5;6;2;2
2019-02-06 22:15:59;271;99;76;19;13;12;10;5;6;2;2
2019-02-06 22:16:59;272;99;76;19;13;12;10;6;6;2;2
2019-02-06 22:17:58;272;99;76;19;13;12;10;6;6;2;2
2019-02-06 22:18:59;272;99;76;19;13;12;10;6;6;2;2
2019-02-06 22:19:59;272;99;76;19;13;12;10;6;6;2;2
2019-02-06 22:20:58;273;99;76;19;13;12;10;7;6;2;2
2019-02-06 22:21:59;273;99;76;19;13;12;10;7;6;2;2
2019-02-06 22:22:58;273;99;76;20;13;12;9;7;6;2;2
2019-02-06 22:23:59;272;99;75;20;13;12;9;7;6;2;2
2019-02-06 22:24:59;272;99;75;20;13;12;9;7;6;2;2
2019-02-06 22:25:58;272;99;75;20;13;12;9;7;6;2;2
2019-02-06 22:26:59;272;99;75;20;13;12;9;7;6;2;2
2019-02-06 22:27:59;272;99;75;20;13;12;9;7;6;2;2
2019-02-06 22:28:58;272;99;75;20;13;12;9;7;6;2;2
2019-02-06 22:29:59;272;99;75;20;13;12;9;7;6;2;2
2019-02-06 22:30:58;272;99;75;20;13;12;9;7;6;2;2
2019-02-06 22:31:59;273;99;76;20;13;12;9;7;6;2;2
2019-02-06 22:32:59;274;100;76;20;13;12;9;7;6;2;2
2019-02-06 22:33:58;274;100;76;20;13;12;9;7;6;2;2
2019-02-06 22:34:59;274;100;76;20;13;12;9;7;6;2;2
2019-02-06 22:35:59;274;100;76;20;13;12;9;7;6;2;2
2019-02-06 22:36:58;274;100;76;20;13;12;9;7;6;2;2
2019-02-06 22:37:59;274;100;76;20;13;12;9;7;6;2;2
2019-02-06 22:38:59;274;100;76;20;13;12;9;7;6;2;2
2019-02-06 22:39:58;274;100;76;20;13;12;9;7;6;2;2
2019-02-06 22:40:59;274;100;76;20;13;12;9;7;6;2;2
2019-02-06 22:41:59;274;100;76;20;13;12;9;7;6;2;2
2019-02-06 22:42:58;274;100;76;20;13;12;9;7;6;2;2
2019-02-06 22:43:59;274;100;76;20;13;12;9;7;6;2;2
2019-02-06 22:44:59;274;100;76;20;13;12;9;7;6;2;2
2019-02-06 22:45:58;275;100;76;21;13;12;9;7;6;2;2
2019-02-06 22:46:59;276;100;77;21;13;12;9;7;6;2;2
2019-02-06 22:47:59;276;100;77;21;13;12;9;7;6;2;2
2019-02-06 22:48:58;276;100;77;21;13;12;9;7;6;2;2
2019-02-06 22:49:59;276;100;77;21;13;12;9;7;6;2;2
2019-02-06 22:50:58;276;100;77;21;13;12;9;7;6;2;2
2019-02-06 22:51:59;277;100;78;21;13;12;9;7;6;2;2
2019-02-06 22:52:59;277;100;78;21;13;12;9;7;6;2;2
2019-02-06 22:54:00;277;100;78;21;13;12;9;7;6;2;2
2019-02-06 22:54:58;277;100;78;21;13;12;9;7;6;2;2
2019-02-06 22:55:59;277;100;78;21;13;12;9;7;6;2;2
2019-02-06 22:56:58;277;100;78;21;13;12;9;7;6;2;2
2019-02-06 22:57:59;277;100;78;21;13;12;9;7;6;2;2
2019-02-06 22:58:59;277;100;78;21;13;12;9;7;6;2;2
2019-02-06 22:59:58;277;100;78;21;13;12;9;7;6;2;2
2019-02-06 23:00:59;277;100;78;21;13;12;9;7;6;2;2
2019-02-06 23:01:59;277;100;78;21;13;12;9;7;6;2;2
2019-02-06 23:02:58;277;100;78;21;13;12;9;7;6;2;2
2019-02-06 23:03:59;277;100;78;21;13;12;9;7;6;2;2
2019-02-06 23:04:58;277;100;78;21;13;12;9;7;6;2;2
2019-02-06 23:05:59;277;100;78;21;13;12;9;7;6;2;2
2019-02-06 23:06:59;277;100;78;21;13;12;9;7;6;2;2
2019-02-06 23:07:58;277;100;78;21;13;12;9;7;6;2;2
2019-02-06 23:08:59;277;100;78;21;13;12;9;7;6;2;2
2019-02-06 23:09:59;278;101;78;21;13;12;9;7;6;2;2
2019-02-06 23:10:58;278;101;78;21;13;12;9;7;6;2;2
2019-02-06 23:11:59;278;101;78;21;13;12;9;7;6;2;2
2019-02-06 23:12:59;278;101;78;21;13;12;9;7;6;2;2
2019-02-06 23:13:58;278;101;78;21;13;12;9;7;6;2;2
2019-02-06 23:14:59;278;101;78;21;13;12;9;7;6;2;2
2019-02-06 23:15:58;278;101;78;21;13;12;9;7;6;2;2
2019-02-06 23:16:59;278;101;78;21;13;12;9;7;6;2;2
2019-02-06 23:17:59;278;101;78;21;13;12;9;7;6;2;2
2019-02-06 23:18:58;278;101;78;21;13;12;9;7;6;2;2
2019-02-06 23:19:59;278;101;78;21;13;12;9;7;6;2;2
2019-02-06 23:20:59;278;101;78;21;13;12;9;7;6;2;2
2019-02-06 23:21:58;278;101;78;21;13;12;9;7;6;2;2
2019-02-06 23:22:59;278;101;78;21;13;12;9;7;6;2;2
2019-02-06 23:23:58;277;101;77;21;13;12;9;7;6;2;2
2019-02-06 23:24:59;277;101;77;21;13;12;9;7;6;2;2
2019-02-06 23:25:59;277;101;77;21;13;12;9;7;6;2;2
2019-02-06 23:26:58;277;101;77;21;13;12;9;7;6;2;2
2019-02-06 23:27:59;277;101;77;21;13;12;9;7;6;2;2
2019-02-06 23:28:58;277;101;77;21;13;12;9;7;6;2;2
2019-02-06 23:29:59;277;101;77;21;13;12;9;7;6;2;2
2019-02-06 23:30:59;277;101;77;21;13;12;9;7;6;2;2
2019-02-06 23:31:58;277;101;77;21;13;12;9;7;6;2;2
2019-02-06 23:32:59;277;101;77;21;13;12;9;7;6;2;2
2019-02-06 23:33:59;277;101;77;21;13;12;9;7;6;2;2
2019-02-06 23:34:58;277;101;77;21;13;12;9;7;6;2;2
2019-02-06 23:35:59;278;101;78;21;13;12;9;7;6;2;2
2019-02-06 23:36:59;278;101;78;21;13;12;9;7;6;2;2
2019-02-06 23:37:58;278;101;78;21;13;12;9;7;6;2;2
2019-02-06 23:38:59;278;101;78;21;13;12;9;7;6;2;2
2019-02-06 23:39:59;278;101;78;21;13;12;9;7;6;2;2
2019-02-06 23:40:58;278;101;78;21;13;12;9;7;6;2;2
2019-02-06 23:41:59;278;101;78;21;13;12;9;7;6;2;2
2019-02-06 23:42:58;278;101;78;21;13;12;9;7;6;2;2
2019-02-06 23:43:59;278;101;78;21;13;12;9;7;6;2;2
2019-02-06 23:44:59;278;101;78;21;13;12;9;7;6;2;2
2019-02-06 23:45:58;278;101;78;21;13;12;9;7;6;2;2
2019-02-06 23:46:59;278;101;78;21;13;12;9;7;6;2;2
2019-02-06 23:48:00;278;101;78;21;13;12;9;7;6;2;2
2019-02-06 23:48:58;279;102;78;21;13;12;9;7;6;2;2
2019-02-06 23:49:59;279;102;78;21;13;12;9;7;6;2;2
2019-02-06 23:50:58;279;102;78;21;13;12;9;7;6;2;2
2019-02-06 23:51:59;279;102;78;21;13;12;9;7;6;2;2
2019-02-06 23:52:59;279;102;78;21;13;12;9;7;6;2;2
2019-02-06 23:53:58;280;103;78;21;13;12;9;7;6;2;2
2019-02-06 23:54:59;280;103;78;21;13;12;9;7;6;2;2
2019-02-06 23:55:58;281;103;78;22;13;12;9;7;6;2;2
2019-02-06 23:56:59;281;103;78;22;13;12;9;7;6;2;2
2019-02-06 23:57:59;281;103;78;22;13;12;9;7;6;2;2
2019-02-06 23:58:58;281;103;78;22;13;12;9;7;6;2;2
2019-02-06 23:59:59;281;103;78;22;13;12;9;7;6;2;2
