datetime;total_votes;Patagonia;Wiedemann;megalomaniac;pupsique;werder_ha;Есения;a5urbanipa1;ante;DrinkHunter;yachik
2019-04-10 00:00:59;0;0;0;0;0;0;0;0;0;0;0
2019-04-10 00:01:58;0;1;0;0;0;0;0;0;0;0;0
2019-04-10 00:02:59;2;2;0;0;0;0;0;0;0;0;0
2019-04-10 00:03:59;3;3;0;0;0;0;0;0;0;0;0
2019-04-10 00:04:58;3;3;0;0;0;0;0;0;0;0;0
2019-04-10 00:05:59;3;3;0;0;0;0;0;0;0;0;0
2019-04-10 00:06:59;3;3;0;0;0;0;0;0;0;0;0
2019-04-10 00:07:58;3;3;0;0;0;0;0;0;0;0;0
2019-04-10 00:08:59;3;3;0;0;0;0;0;0;0;0;0
2019-04-10 00:09:59;3;3;0;0;0;0;0;0;0;0;0
2019-04-10 00:10:58;3;3;0;0;0;0;0;0;0;0;0
2019-04-10 00:11:59;3;3;0;0;0;0;0;0;0;0;0
2019-04-10 00:12:59;3;3;0;0;0;0;0;0;0;0;0
2019-04-10 00:13:59;3;3;0;0;0;0;0;0;0;0;0
2019-04-10 00:14:58;3;3;0;0;0;0;0;0;0;0;0
2019-04-10 00:15:59;3;3;0;0;0;0;0;0;0;0;0
2019-04-10 00:16:59;3;3;0;0;0;0;0;0;0;0;0
2019-04-10 00:17:58;4;3;0;0;0;1;0;0;0;0;0
2019-04-10 00:18:59;4;3;0;0;0;1;0;0;0;0;0
2019-04-10 00:19:59;4;3;0;0;0;1;0;0;0;0;0
2019-04-10 00:20:58;4;3;0;0;0;1;0;0;0;0;0
2019-04-10 00:21:59;4;3;0;0;0;1;0;0;0;0;0
2019-04-10 00:22:59;4;3;0;0;0;1;0;0;0;0;0
2019-04-10 00:23:58;4;3;0;0;0;1;0;0;0;0;0
2019-04-10 00:24:59;6;4;0;0;0;1;1;0;0;0;0
2019-04-10 00:25:59;6;4;0;0;0;1;1;0;0;0;0
2019-04-10 00:26:58;6;4;0;0;0;1;1;0;0;0;0
2019-04-10 00:27:59;6;4;0;0;0;0;1;0;0;0;0
2019-04-10 00:28:59;6;4;0;0;0;0;1;0;0;0;0
2019-04-10 00:29:58;6;4;0;0;0;0;1;0;0;0;0
2019-04-10 00:30:59;6;4;0;0;0;0;1;0;0;0;0
2019-04-10 00:31:59;7;4;0;0;0;0;1;0;0;0;0
2019-04-10 00:32:59;8;4;0;0;0;0;1;0;0;0;0
2019-04-10 00:33:58;8;4;0;0;0;0;1;0;0;0;0
2019-04-10 00:34:59;9;4;0;0;0;0;1;0;0;0;0
2019-04-10 00:35:59;9;4;0;0;0;0;1;0;0;0;0
2019-04-10 00:36:58;9;4;0;0;0;0;1;0;0;0;0
2019-04-10 00:37:59;9;4;0;0;0;0;1;0;0;0;0
2019-04-10 00:38:59;9;4;0;0;0;0;1;0;0;0;0
2019-04-10 00:39:58;9;4;0;0;0;0;1;0;0;0;0
2019-04-10 00:40:59;9;4;0;0;0;0;1;0;0;0;0
2019-04-10 00:41:58;9;4;0;0;0;0;1;0;0;0;0
2019-04-10 00:42:59;10;5;0;0;0;0;1;0;0;0;0
2019-04-10 00:43:59;10;5;0;0;0;0;1;0;0;0;0
2019-04-10 00:44:58;10;5;0;0;0;0;1;0;0;0;0
2019-04-10 00:45:59;10;5;0;0;0;0;1;0;0;0;0
2019-04-10 00:46:59;10;5;0;0;0;0;1;0;0;0;0
2019-04-10 00:47:58;10;5;0;0;0;0;1;0;0;0;0
2019-04-10 00:48:59;12;5;0;0;0;0;1;0;0;0;0
2019-04-10 00:49:59;13;5;0;0;0;0;1;0;0;0;1
2019-04-10 00:50:58;13;5;0;0;0;0;1;0;0;0;1
2019-04-10 00:51:59;13;5;0;0;0;0;1;0;0;0;1
2019-04-10 00:52:59;13;5;0;0;0;0;1;0;0;0;1
2019-04-10 00:53:58;13;5;0;0;0;0;1;0;0;0;1
2019-04-10 00:54:59;13;5;0;0;0;0;1;0;0;0;1
2019-04-10 00:55:59;14;5;1;0;0;0;1;0;0;0;1
2019-04-10 00:56:58;14;5;1;0;0;0;1;0;0;0;1
2019-04-10 00:57:59;14;5;1;0;0;0;1;0;0;0;1
2019-04-10 00:58:59;14;5;1;0;0;0;1;0;0;0;1
2019-04-10 00:59:58;14;5;1;0;0;0;1;0;0;0;1
2019-04-10 01:00:59;15;5;1;0;0;0;1;0;0;0;2
2019-04-10 01:01:59;15;5;1;0;0;0;1;0;0;0;2
2019-04-10 01:02:58;15;5;1;0;0;0;1;0;0;0;2
2019-04-10 01:03:59;15;5;1;0;0;0;1;0;0;0;2
2019-04-10 01:04:59;15;5;1;0;0;0;1;0;0;0;2
2019-04-10 01:05:58;15;5;1;0;0;0;1;0;0;0;2
2019-04-10 01:06:59;15;5;1;0;0;0;1;0;0;0;2
2019-04-10 01:07:59;15;5;1;0;0;0;1;0;0;0;2
2019-04-10 01:08:58;16;5;1;0;0;0;1;0;0;0;2
2019-04-10 01:09:59;16;5;1;0;0;0;1;0;0;0;2
2019-04-10 01:10:59;16;5;1;0;0;0;1;0;0;0;2
2019-04-10 01:11:58;16;5;1;0;0;0;1;0;0;0;2
2019-04-10 01:12:59;17;6;1;0;0;0;1;0;0;0;2
2019-04-10 01:14:00;17;6;1;0;0;0;1;0;0;0;2
2019-04-10 01:14:58;17;6;1;0;0;0;1;0;0;0;2
2019-04-10 01:15:59;19;8;1;0;0;0;1;0;0;0;2
2019-04-10 01:16:58;20;8;1;0;0;0;1;0;0;0;2
2019-04-10 01:17:59;20;8;1;0;0;0;1;0;0;0;2
2019-04-10 01:18:59;20;8;1;0;0;0;1;0;0;0;2
2019-04-10 01:19:58;20;8;1;0;0;0;1;0;0;0;2
2019-04-10 01:20:59;20;8;1;0;0;0;1;0;0;0;2
2019-04-10 01:21:59;20;8;1;0;0;0;1;0;0;0;2
2019-04-10 01:22:58;20;8;1;0;0;0;1;0;0;0;2
2019-04-10 01:23:59;20;8;1;0;0;0;1;0;0;0;2
2019-04-10 01:24:59;20;8;1;0;0;0;1;0;0;0;2
2019-04-10 01:25:58;20;8;1;0;0;0;1;0;0;0;2
2019-04-10 01:26:59;20;8;1;0;0;0;1;0;0;0;2
2019-04-10 01:27:58;20;8;1;0;0;0;1;0;0;0;2
2019-04-10 01:28:59;20;8;1;0;0;0;1;0;0;0;2
2019-04-10 01:29:59;21;8;1;0;0;0;1;0;0;0;2
2019-04-10 01:30:58;22;8;1;0;0;0;1;0;0;0;2
2019-04-10 01:31:59;22;8;1;0;0;0;1;0;0;0;2
2019-04-10 01:32:59;22;8;1;0;0;0;1;0;0;0;2
2019-04-10 01:33:58;23;9;1;0;0;0;1;0;0;0;2
2019-04-10 01:34:59;23;9;1;0;0;0;1;0;0;0;2
2019-04-10 01:35:59;23;9;1;0;0;0;1;0;0;0;2
2019-04-10 01:36:58;23;9;1;0;0;0;1;0;0;0;2
2019-04-10 01:37:59;24;9;1;0;0;0;1;0;0;0;2
2019-04-10 01:38:59;24;9;1;0;0;0;1;0;0;0;2
2019-04-10 01:39:58;24;9;1;0;0;0;1;0;0;0;2
2019-04-10 01:40:59;25;9;2;1;0;0;1;0;0;0;2
2019-04-10 01:41:59;26;9;2;2;0;0;1;0;0;0;2
2019-04-10 01:42:58;26;9;2;2;0;0;1;0;0;0;2
2019-04-10 01:43:59;26;9;2;2;0;0;1;0;0;0;2
2019-04-10 01:44:59;27;9;3;2;0;0;1;0;0;0;2
2019-04-10 01:45:58;27;9;3;2;0;0;1;0;0;0;2
2019-04-10 01:46:59;27;9;3;2;0;0;1;0;0;0;2
2019-04-10 01:47:59;27;9;3;2;0;0;1;0;0;0;2
2019-04-10 01:48:58;27;9;3;2;0;0;1;0;0;0;2
2019-04-10 01:49:59;27;9;3;2;0;0;1;0;0;0;2
2019-04-10 01:50:59;27;9;3;2;0;0;1;0;0;0;2
2019-04-10 01:51:58;27;9;3;2;0;0;1;0;0;0;2
2019-04-10 01:52:59;28;9;3;2;0;0;1;0;0;0;2
2019-04-10 01:53:59;28;9;3;2;0;0;1;0;0;0;2
2019-04-10 01:54:58;28;9;3;2;0;0;1;0;0;0;2
2019-04-10 01:55:59;28;9;3;2;0;0;1;0;0;0;2
2019-04-10 01:56:59;28;9;3;2;0;0;1;0;0;0;2
2019-04-10 01:57:58;28;9;3;2;0;0;1;0;0;0;2
2019-04-10 01:58:59;28;9;3;2;0;0;1;0;0;0;2
2019-04-10 01:59:58;28;9;3;2;0;0;1;0;0;0;2
2019-04-10 02:00:59;29;10;3;2;0;0;1;0;0;0;2
2019-04-10 02:01:59;30;10;3;2;0;0;1;0;0;0;2
2019-04-10 02:02:58;30;10;3;2;0;0;1;0;0;0;2
2019-04-10 02:03:59;30;10;3;2;0;0;1;0;0;0;2
2019-04-10 02:04:59;30;10;3;2;0;0;1;0;0;0;2
2019-04-10 02:05:58;30;10;3;2;0;0;1;0;0;0;2
2019-04-10 02:06:59;30;10;3;2;0;0;1;0;0;0;2
2019-04-10 02:07:59;30;10;3;2;0;0;1;0;0;0;2
2019-04-10 02:08:58;30;10;3;2;0;0;1;0;0;0;2
2019-04-10 02:09:59;30;10;3;2;0;0;1;0;0;0;2
2019-04-10 02:10:59;31;10;3;2;0;0;1;0;0;0;3
2019-04-10 02:11:58;31;10;3;2;0;0;1;0;0;0;3
2019-04-10 02:12:59;31;10;3;2;0;0;1;0;0;0;3
2019-04-10 02:13:59;31;10;3;2;0;0;1;0;0;0;3
2019-04-10 02:14:59;31;10;3;2;0;0;1;0;0;0;3
2019-04-10 02:15:58;31;10;3;2;0;0;1;0;0;0;3
2019-04-10 02:16:59;31;10;3;2;0;0;1;0;0;0;3
2019-04-10 02:17:58;31;10;3;2;0;0;1;0;0;0;3
2019-04-10 02:18:59;32;10;4;2;0;0;1;0;0;0;3
2019-04-10 02:19:59;33;10;4;2;0;0;2;0;0;0;3
2019-04-10 02:20:58;33;10;4;2;0;0;2;0;0;0;3
2019-04-10 02:21:59;34;10;4;3;0;0;2;0;0;0;3
2019-04-10 02:22:59;34;10;4;3;0;0;2;0;0;0;3
2019-04-10 02:23:58;34;10;4;3;0;0;2;0;0;0;3
2019-04-10 02:24:59;34;10;4;3;0;0;2;0;0;0;3
2019-04-10 02:26:00;34;10;4;3;0;0;2;0;0;0;3
2019-04-10 02:26:58;34;10;4;3;0;0;2;0;0;0;3
2019-04-10 02:27:59;34;10;4;3;0;0;2;0;0;0;3
2019-04-10 02:28:59;34;10;4;3;0;0;2;0;0;0;3
2019-04-10 02:29:58;34;10;4;3;0;0;2;0;0;0;3
2019-04-10 02:30:59;34;10;4;3;0;0;2;0;0;0;3
2019-04-10 02:31:59;34;10;4;3;0;0;2;0;0;0;3
2019-04-10 02:32:58;34;10;4;3;0;0;2;0;0;0;3
2019-04-10 02:33:59;34;10;4;3;0;0;2;0;0;0;3
2019-04-10 02:34:59;34;10;4;3;0;0;2;0;0;0;3
2019-04-10 02:35:59;35;10;4;3;0;0;2;0;0;0;3
2019-04-10 02:36:58;35;10;4;3;0;0;2;0;0;0;3
2019-04-10 02:37:59;35;10;4;3;0;0;2;0;0;0;3
2019-04-10 02:38:59;35;10;4;3;0;0;2;0;0;0;3
2019-04-10 02:39:58;35;10;4;3;0;0;2;0;0;0;3
2019-04-10 02:40:59;35;10;4;3;0;0;2;0;0;0;3
2019-04-10 02:41:59;36;10;4;3;0;0;2;0;0;0;3
2019-04-10 02:42:58;36;10;4;3;0;0;2;0;0;0;3
2019-04-10 02:43:59;36;10;4;3;0;0;2;0;0;0;3
2019-04-10 02:44:59;36;10;4;3;0;0;2;0;0;0;3
2019-04-10 02:45:58;36;10;4;3;0;0;2;0;0;0;3
2019-04-10 02:46:59;36;10;4;3;0;0;2;0;0;0;3
2019-04-10 02:47:59;36;10;4;3;0;0;2;0;0;0;3
2019-04-10 02:48:58;36;10;4;3;0;0;2;0;0;0;3
2019-04-10 02:49:59;36;10;4;3;0;0;2;0;0;0;3
2019-04-10 02:50:59;36;10;4;3;0;0;2;0;0;0;3
2019-04-10 02:51:58;36;10;4;3;0;0;2;0;0;0;3
2019-04-10 02:52:59;36;10;4;3;0;0;2;0;0;0;3
2019-04-10 02:53:58;36;10;4;3;0;0;2;0;0;0;3
2019-04-10 02:54:59;36;10;4;3;0;0;2;0;0;0;3
2019-04-10 02:55:59;36;10;4;3;0;0;2;0;0;0;3
2019-04-10 02:56:58;36;10;4;3;0;0;2;0;0;0;3
2019-04-10 02:57:59;36;10;4;3;0;0;2;0;0;0;3
2019-04-10 02:58:59;36;10;4;3;0;0;2;0;0;0;3
2019-04-10 02:59:58;36;10;4;3;0;0;2;0;0;0;3
2019-04-10 03:00:59;36;10;4;3;0;0;2;0;0;0;3
2019-04-10 03:01:58;36;10;4;3;0;0;2;0;0;0;3
2019-04-10 03:02:59;36;10;4;3;0;0;2;0;0;0;3
2019-04-10 03:03:59;36;10;4;3;0;0;2;0;0;0;3
2019-04-10 03:04:58;37;11;4;3;0;0;2;0;0;0;3
2019-04-10 03:05:59;37;11;4;3;0;0;2;0;0;0;3
2019-04-10 03:06:59;37;11;4;3;0;0;2;0;0;0;3
2019-04-10 03:07:58;37;11;4;3;0;0;2;0;0;0;3
2019-04-10 03:08:59;37;11;4;3;0;0;2;0;0;0;3
2019-04-10 03:09:59;37;11;4;3;0;0;2;0;0;0;3
2019-04-10 03:10:58;37;11;4;3;0;0;2;0;0;0;3
2019-04-10 03:11:59;37;11;4;3;0;0;2;0;0;0;3
2019-04-10 03:12:59;37;11;4;3;0;0;2;0;0;0;3
2019-04-10 03:13:58;37;11;4;3;0;0;2;0;0;0;3
2019-04-10 03:14:59;37;11;4;3;0;0;2;0;0;0;3
2019-04-10 03:15:58;37;11;4;3;0;0;2;0;0;0;3
2019-04-10 03:16:59;37;11;4;3;0;0;2;0;0;0;3
2019-04-10 03:17:59;37;11;4;3;0;0;2;0;0;0;3
2019-04-10 03:18:58;37;11;4;3;0;0;2;0;0;0;3
2019-04-10 03:19:59;37;11;4;3;0;0;2;0;0;0;3
2019-04-10 03:20:59;37;11;4;3;0;0;2;0;0;0;3
2019-04-10 03:21:58;37;11;4;3;0;0;2;0;0;0;3
2019-04-10 03:22:59;37;11;4;3;0;0;2;0;0;0;3
2019-04-10 03:23:59;37;11;4;3;0;0;2;0;0;0;3
2019-04-10 03:24:58;37;11;4;3;0;0;2;0;0;0;3
2019-04-10 03:25:59;37;11;4;3;0;0;2;0;0;0;3
2019-04-10 03:26:59;37;11;4;3;0;0;2;0;0;0;3
2019-04-10 03:27:58;37;11;4;3;0;0;2;0;0;0;3
2019-04-10 03:28:59;37;11;4;3;0;0;2;0;0;0;3
2019-04-10 03:29:58;37;11;4;3;0;0;2;0;0;0;3
2019-04-10 03:30:59;37;11;4;3;0;0;2;0;0;0;3
2019-04-10 03:31:59;37;11;4;3;0;0;2;0;0;0;3
2019-04-10 03:32:58;37;11;4;3;0;0;2;0;0;0;3
2019-04-10 03:33:59;37;11;4;3;0;0;2;0;0;0;3
2019-04-10 03:34:59;37;11;4;3;0;0;2;0;0;0;3
2019-04-10 03:35:58;37;11;4;3;0;0;2;0;0;0;3
2019-04-10 03:36:59;37;11;4;3;0;0;2;0;0;0;3
2019-04-10 03:37:59;37;11;4;3;0;0;2;0;0;0;3
2019-04-10 03:38:58;37;11;4;3;0;0;2;0;0;0;3
2019-04-10 03:39:59;37;11;4;3;0;0;2;0;0;0;3
2019-04-10 03:40:59;37;11;4;3;0;0;2;0;0;0;3
2019-04-10 03:41:58;38;12;4;3;0;0;2;0;0;0;3
2019-04-10 03:42:59;38;12;4;3;0;0;2;0;0;0;3
2019-04-10 03:43:59;38;12;4;3;0;0;2;0;0;0;3
2019-04-10 03:44:58;38;12;4;3;0;0;2;0;0;0;3
2019-04-10 03:45:59;38;12;4;3;0;0;2;0;0;0;3
2019-04-10 03:46:59;38;12;4;3;0;0;2;0;0;0;3
2019-04-10 03:47:58;39;12;4;3;0;0;2;0;0;0;3
2019-04-10 03:48:59;39;12;4;3;0;0;2;0;0;0;3
2019-04-10 03:49:58;39;12;4;3;0;0;2;0;0;0;3
2019-04-10 03:50:59;39;12;4;3;0;0;2;0;0;0;3
2019-04-10 03:51:59;39;12;4;3;0;0;2;0;0;0;3
2019-04-10 03:52:58;39;12;4;3;0;0;2;0;0;0;3
2019-04-10 03:53:59;39;12;4;3;0;0;2;0;0;0;3
2019-04-10 03:54:59;39;12;4;3;0;0;2;0;0;0;3
2019-04-10 03:55:58;39;12;4;3;0;0;2;0;0;0;3
2019-04-10 03:56:59;39;12;4;3;0;0;2;0;0;0;3
2019-04-10 03:57:59;39;12;4;3;0;0;2;0;0;0;3
2019-04-10 03:58:58;39;12;4;3;0;0;2;0;0;0;3
2019-04-10 03:59:59;39;12;4;3;0;0;2;0;0;0;3
2019-04-10 04:00:58;39;12;4;3;0;0;2;0;0;0;3
2019-04-10 04:01:59;39;12;4;3;0;0;2;0;0;0;3
2019-04-10 04:02:59;39;12;4;3;0;0;2;0;0;0;3
2019-04-10 04:03:58;39;12;4;3;0;0;2;0;0;0;3
2019-04-10 04:04:59;39;12;4;3;0;0;2;0;0;0;3
2019-04-10 04:05:59;39;12;4;3;0;0;2;0;0;0;3
2019-04-10 04:06:58;39;12;4;3;0;0;2;0;0;0;3
2019-04-10 04:07:59;39;12;4;3;0;0;2;0;0;0;3
2019-04-10 04:08:59;39;12;4;3;0;0;2;0;0;0;3
2019-04-10 04:09:58;39;12;4;3;0;0;2;0;0;0;3
2019-04-10 04:10:59;39;12;4;3;0;0;2;0;0;0;3
2019-04-10 04:11:59;39;12;4;3;0;0;2;0;0;0;3
2019-04-10 04:12:58;40;12;5;3;0;0;2;0;0;0;3
2019-04-10 04:13:59;40;12;5;3;0;0;2;0;0;0;3
2019-04-10 04:14:59;40;12;5;3;0;0;2;0;0;0;3
2019-04-10 04:15:58;40;12;5;3;0;0;2;0;0;0;3
2019-04-10 04:16:59;40;12;5;3;0;0;2;0;0;0;3
2019-04-10 04:17:59;40;12;5;3;0;0;2;0;0;0;3
2019-04-10 04:18:58;40;12;5;3;0;0;2;0;0;0;3
2019-04-10 04:19:59;40;12;5;3;0;0;2;0;0;0;3
2019-04-10 04:20:59;40;12;5;3;0;0;2;0;0;0;3
2019-04-10 04:21:58;40;12;5;3;0;0;2;0;0;0;3
2019-04-10 04:22:59;41;12;5;3;2;0;2;0;0;0;3
2019-04-10 04:23:58;41;12;5;3;2;0;2;0;0;0;3
2019-04-10 04:24:59;41;12;5;3;2;0;2;0;0;0;3
2019-04-10 04:25:59;41;12;5;3;2;0;2;0;0;0;3
2019-04-10 04:26:58;41;12;5;3;2;0;2;0;0;0;3
2019-04-10 04:27:59;41;12;5;3;2;0;2;0;0;0;3
2019-04-10 04:29:00;41;12;5;3;2;0;2;0;0;0;3
2019-04-10 04:29:58;41;12;5;3;2;0;2;0;0;0;3
2019-04-10 04:30:59;41;12;5;3;2;0;2;0;0;0;3
2019-04-10 04:31:58;41;12;5;3;2;0;2;0;0;0;3
2019-04-10 04:32:59;41;12;5;3;2;0;2;0;0;0;3
2019-04-10 04:33:59;41;12;5;3;2;0;2;0;0;0;3
2019-04-10 04:34:59;41;12;5;3;2;0;2;0;0;0;3
2019-04-10 04:35:58;41;12;5;3;2;0;2;0;0;0;3
2019-04-10 04:36:59;41;12;5;3;2;0;2;0;0;0;3
2019-04-10 04:37:58;41;12;5;3;2;0;2;0;0;0;3
2019-04-10 04:38:59;41;12;5;3;2;0;2;0;0;0;3
2019-04-10 04:39:59;41;12;5;3;2;0;2;0;0;0;3
2019-04-10 04:40:58;41;12;5;3;2;0;2;0;0;0;3
2019-04-10 04:41:59;41;12;5;3;2;0;2;0;0;0;3
2019-04-10 04:42:59;41;12;5;3;2;0;2;0;0;0;3
2019-04-10 04:43:58;41;12;5;3;2;0;2;0;0;0;3
2019-04-10 04:44:59;41;12;5;3;2;0;2;0;0;0;3
2019-04-10 04:45:59;41;12;5;3;2;0;2;0;0;0;3
2019-04-10 04:46:58;41;12;5;3;2;0;2;0;0;0;3
2019-04-10 04:47:59;41;12;5;3;2;0;2;0;0;0;3
2019-04-10 04:48:59;41;12;5;3;2;0;2;0;0;0;3
2019-04-10 04:49:58;41;12;5;3;2;0;2;0;0;0;3
2019-04-10 04:50:59;41;12;5;3;2;0;2;0;0;0;3
2019-04-10 04:51:59;41;12;5;3;2;0;2;0;0;0;3
2019-04-10 04:52:58;41;12;5;3;2;0;2;0;0;0;3
2019-04-10 04:53:59;41;12;5;3;2;0;2;0;0;0;3
2019-04-10 04:54:59;41;12;5;3;2;0;2;0;0;0;3
2019-04-10 04:55:58;41;12;5;3;2;0;2;0;0;0;3
2019-04-10 04:56:59;41;12;5;3;2;0;2;0;0;0;3
2019-04-10 04:57:59;41;12;5;3;2;0;2;0;0;0;3
2019-04-10 04:58:58;41;12;5;3;2;0;2;0;0;0;3
2019-04-10 04:59:59;41;12;5;3;2;0;2;0;0;0;3
2019-04-10 05:00:59;41;12;5;3;2;0;2;0;0;0;3
2019-04-10 05:01:58;41;12;5;3;2;0;2;0;0;0;3
2019-04-10 05:02:59;41;12;5;3;2;0;2;0;0;0;3
2019-04-10 05:03:58;41;12;5;3;2;0;2;0;0;0;3
2019-04-10 05:04:59;41;12;5;3;2;0;2;0;0;0;3
2019-04-10 05:05:59;41;12;5;3;2;0;2;0;0;0;3
2019-04-10 05:06:58;41;12;5;3;2;0;2;0;0;0;3
2019-04-10 05:07:59;41;12;5;3;2;0;2;0;0;0;3
2019-04-10 05:08:59;41;12;5;3;2;0;2;0;0;0;3
2019-04-10 05:09:58;41;12;5;3;2;0;2;0;0;0;3
2019-04-10 05:10:59;41;12;5;3;2;0;2;0;0;0;3
2019-04-10 05:11:59;41;12;5;3;2;0;2;0;0;0;3
2019-04-10 05:12:58;41;12;5;3;2;0;2;0;0;0;3
2019-04-10 05:13:59;41;12;5;3;2;0;2;0;0;0;3
2019-04-10 05:14:59;41;12;5;3;2;0;2;0;0;0;3
2019-04-10 05:15:58;41;12;5;3;2;0;2;0;0;0;3
2019-04-10 05:16:59;41;12;5;3;2;0;2;0;0;0;3
2019-04-10 05:17:59;41;12;5;3;2;0;2;0;0;0;3
2019-04-10 05:18:58;41;12;5;3;2;0;2;0;0;0;3
2019-04-10 05:19:59;41;12;5;3;2;0;2;0;0;0;3
2019-04-10 05:20:59;41;12;5;3;2;0;2;0;0;0;3
2019-04-10 05:21:58;41;12;5;3;2;0;2;0;0;0;3
2019-04-10 05:22:59;41;12;5;3;2;0;2;0;0;0;3
2019-04-10 05:23:59;41;12;5;3;2;0;2;0;0;0;3
2019-04-10 05:24:58;41;12;5;3;2;0;2;0;0;0;3
2019-04-10 05:25:59;42;12;6;3;2;0;2;0;0;0;3
2019-04-10 05:26:59;42;12;6;3;2;0;2;0;0;0;3
2019-04-10 05:27:58;42;12;6;3;2;0;2;0;0;0;3
2019-04-10 05:28:59;43;12;6;3;2;1;2;0;0;0;3
2019-04-10 05:29:58;43;12;6;3;2;1;2;0;0;0;3
2019-04-10 05:30:59;43;12;6;3;2;1;2;0;0;0;3
2019-04-10 05:31:59;43;12;6;3;2;1;2;0;0;0;3
2019-04-10 05:32:58;43;12;6;3;2;1;2;0;0;0;3
2019-04-10 05:33:59;43;12;6;3;2;1;2;0;0;0;3
2019-04-10 05:34:59;43;12;6;3;2;1;2;0;0;0;3
2019-04-10 05:35:58;43;12;6;3;2;1;2;0;0;0;3
2019-04-10 05:36:59;43;12;6;3;2;1;2;0;0;0;3
2019-04-10 05:37:59;43;12;6;3;2;1;2;0;0;0;3
2019-04-10 05:38:58;43;12;6;3;2;1;2;0;0;0;3
2019-04-10 05:39:59;43;12;6;3;2;1;2;0;0;0;3
2019-04-10 05:40:59;43;12;6;3;2;1;2;0;0;0;3
2019-04-10 05:41:58;43;12;6;3;2;1;2;0;0;0;3
2019-04-10 05:42:59;43;12;6;3;2;1;2;0;0;0;3
2019-04-10 05:43:59;43;12;6;3;2;1;2;0;0;0;3
2019-04-10 05:44:58;43;12;6;3;2;1;2;0;0;0;3
2019-04-10 05:45:59;43;12;6;3;2;1;2;0;0;0;3
2019-04-10 05:46:59;43;12;6;3;2;1;2;0;0;0;3
2019-04-10 05:47:58;43;12;6;3;2;1;2;0;0;0;3
2019-04-10 05:48:59;43;12;6;3;2;1;2;0;0;0;3
2019-04-10 05:49:58;43;12;6;3;2;1;2;0;0;0;3
2019-04-10 05:50:59;43;12;6;3;2;1;2;0;0;0;3
2019-04-10 05:51:59;43;12;6;3;2;1;2;0;0;0;3
2019-04-10 05:52:59;43;12;6;3;2;1;2;0;0;0;3
2019-04-10 05:53:58;44;12;6;3;2;1;3;0;0;0;3
2019-04-10 05:54:59;44;12;6;3;2;1;3;0;0;0;3
2019-04-10 05:55:58;44;12;6;3;2;1;3;0;0;0;3
2019-04-10 05:56:59;44;12;6;3;2;1;3;0;0;0;3
2019-04-10 05:57:59;44;12;6;3;2;1;3;0;0;0;3
2019-04-10 05:58:58;44;12;6;3;2;1;3;0;0;0;3
2019-04-10 05:59:59;44;12;6;3;2;1;3;0;0;0;3
2019-04-10 06:00:59;44;12;6;3;2;1;3;0;0;0;3
2019-04-10 06:01:58;44;12;6;3;2;1;3;0;0;0;3
2019-04-10 06:02:59;44;12;6;3;2;1;3;0;0;0;3
2019-04-10 06:03:59;44;12;6;3;2;1;3;0;0;0;3
2019-04-10 06:04:58;44;12;6;3;2;1;3;0;0;0;3
2019-04-10 06:05:59;44;12;6;3;2;1;3;0;0;0;3
2019-04-10 06:06:59;45;12;6;3;2;2;3;0;0;0;3
2019-04-10 06:07:58;45;12;6;3;2;2;3;0;0;0;3
2019-04-10 06:08:59;45;12;6;3;2;2;3;0;0;0;3
2019-04-10 06:09:59;45;12;6;3;2;2;3;0;0;0;3
2019-04-10 06:10:58;45;12;6;3;2;2;3;0;0;0;3
2019-04-10 06:11:59;45;12;6;3;2;2;3;0;0;0;3
2019-04-10 06:12:59;45;12;6;3;2;2;3;0;0;0;3
2019-04-10 06:13:58;45;12;6;3;2;2;3;0;0;0;3
2019-04-10 06:14:59;45;12;6;3;2;2;3;0;0;0;3
2019-04-10 06:15:58;45;12;6;3;2;2;3;0;0;0;3
2019-04-10 06:16:59;45;12;6;3;2;2;3;0;0;0;3
2019-04-10 06:17:59;45;12;6;3;2;2;3;0;0;0;3
2019-04-10 06:18:58;45;12;6;3;2;2;3;0;0;0;3
2019-04-10 06:20:00;45;12;6;3;2;2;3;0;0;0;3
2019-04-10 06:20:59;45;12;6;3;2;2;3;0;0;0;3
2019-04-10 06:21:58;45;12;6;3;2;2;3;0;0;0;3
2019-04-10 06:22:59;45;12;6;3;2;2;3;0;0;0;3
2019-04-10 06:23:58;45;12;6;3;2;2;3;0;0;0;3
2019-04-10 06:24:59;45;12;6;3;2;2;3;0;0;0;3
2019-04-10 06:25:59;45;12;6;3;2;2;3;0;0;0;3
2019-04-10 06:26:58;45;12;6;3;2;2;3;0;0;0;3
2019-04-10 06:27:59;45;12;6;3;2;2;3;0;0;0;3
2019-04-10 06:28:59;46;12;6;3;2;2;3;0;0;0;3
2019-04-10 06:29:58;46;12;6;3;2;2;3;0;0;0;3
2019-04-10 06:30:59;46;12;6;3;2;2;3;0;0;0;3
2019-04-10 06:31:59;46;12;6;3;2;2;3;0;0;0;3
2019-04-10 06:32:58;46;12;6;3;2;2;3;0;0;0;3
2019-04-10 06:33:59;47;12;6;3;2;2;3;0;0;0;4
2019-04-10 06:34:58;47;12;6;3;2;2;3;0;0;0;4
2019-04-10 06:35:59;47;12;6;3;2;2;3;0;0;0;4
2019-04-10 06:36:59;47;12;6;3;2;2;3;0;0;0;4
2019-04-10 06:37:58;47;12;6;3;2;2;3;0;0;0;4
2019-04-10 06:38:59;47;12;6;3;2;2;3;0;0;0;4
2019-04-10 06:39:59;48;12;6;3;2;3;3;0;0;0;4
2019-04-10 06:40:58;48;12;6;3;2;3;3;0;0;0;4
2019-04-10 06:41:59;48;12;6;3;2;3;3;0;0;0;4
2019-04-10 06:42:59;49;12;6;3;2;3;3;0;0;0;4
2019-04-10 06:43:58;49;12;6;3;2;3;3;0;0;0;4
2019-04-10 06:44:59;49;12;6;3;2;3;3;0;0;0;4
2019-04-10 06:45:59;49;12;6;3;2;3;3;0;0;0;4
2019-04-10 06:46:58;49;12;6;3;2;3;3;0;0;0;4
2019-04-10 06:47:59;49;12;6;3;2;3;3;0;0;0;4
2019-04-10 06:48:59;49;12;6;3;2;3;3;0;0;0;4
2019-04-10 06:49:58;49;12;6;3;2;3;3;0;0;0;4
2019-04-10 06:50:59;49;12;6;3;2;3;3;0;0;0;4
2019-04-10 06:51:58;49;12;6;3;2;3;3;0;0;0;4
2019-04-10 06:52:59;50;12;6;3;2;3;3;0;0;0;4
2019-04-10 06:53:59;50;12;6;3;2;3;3;0;0;0;4
2019-04-10 06:54:58;50;12;6;3;2;3;3;0;0;0;4
2019-04-10 06:55:59;50;12;6;3;2;3;3;0;0;0;4
2019-04-10 06:56:58;50;12;6;3;2;3;3;0;0;0;4
2019-04-10 06:57:59;50;12;6;3;2;3;3;0;0;0;4
2019-04-10 06:58:59;50;12;6;3;2;3;3;0;0;0;4
2019-04-10 06:59:58;50;12;6;3;2;3;3;0;0;0;4
2019-04-10 07:00:59;50;12;6;3;2;3;3;0;0;0;4
2019-04-10 07:01:59;50;12;6;3;2;3;3;0;0;0;4
2019-04-10 07:02:58;50;12;6;3;2;3;3;0;0;0;4
2019-04-10 07:03:59;50;12;6;3;2;3;3;0;0;0;4
2019-04-10 07:04:59;50;12;6;3;2;3;3;0;0;0;4
2019-04-10 07:05:58;50;12;6;3;2;3;3;0;0;0;4
2019-04-10 07:06:59;51;12;7;3;2;3;3;0;0;0;4
2019-04-10 07:07:59;51;12;7;3;2;3;3;0;0;0;4
2019-04-10 07:08:58;51;12;7;3;2;3;3;0;0;0;4
2019-04-10 07:09:59;52;12;7;3;3;3;3;0;0;0;4
2019-04-10 07:10:59;52;12;7;3;3;3;3;0;0;0;4
2019-04-10 07:11:58;52;12;7;3;3;3;3;0;0;0;4
2019-04-10 07:12:59;52;12;7;3;3;3;3;0;0;0;4
2019-04-10 07:13:58;52;12;7;3;3;3;3;0;0;0;4
2019-04-10 07:14:59;52;12;7;3;3;3;3;0;0;0;4
2019-04-10 07:15:59;52;12;7;3;3;3;3;0;0;0;4
2019-04-10 07:16:58;53;12;7;3;3;3;3;0;0;0;4
2019-04-10 07:17:59;53;12;7;3;3;3;3;0;0;0;4
2019-04-10 07:18:59;53;12;7;3;3;3;3;0;0;0;4
2019-04-10 07:19:58;53;12;7;3;3;3;3;0;0;0;4
2019-04-10 07:20:59;53;12;7;3;3;3;3;0;0;0;4
2019-04-10 07:21:58;54;12;8;3;3;3;3;0;0;0;4
2019-04-10 07:22:59;55;12;8;3;3;3;3;0;0;0;4
2019-04-10 07:23:59;55;12;8;3;3;3;3;0;0;0;4
2019-04-10 07:24:58;55;12;8;3;3;3;3;0;0;0;4
2019-04-10 07:25:59;55;12;8;3;3;3;3;0;0;0;4
2019-04-10 07:26:59;55;12;8;3;3;3;3;0;0;0;4
2019-04-10 07:27:58;55;12;8;3;3;3;3;0;0;0;4
2019-04-10 07:28:59;58;12;10;3;3;3;3;0;0;0;4
2019-04-10 07:29:59;59;12;10;3;3;3;4;0;0;0;4
2019-04-10 07:30:58;59;12;10;3;3;3;4;0;0;0;4
2019-04-10 07:31:59;59;12;10;3;3;3;4;0;0;0;4
2019-04-10 07:32:59;59;12;10;3;3;3;4;0;0;0;4
2019-04-10 07:33:58;59;12;10;3;3;3;4;0;0;0;4
2019-04-10 07:34:59;59;12;10;3;3;3;4;0;0;0;4
2019-04-10 07:35:59;59;12;10;3;3;3;4;0;0;0;4
2019-04-10 07:36:58;59;12;10;3;3;3;4;0;0;0;4
2019-04-10 07:37:59;59;12;10;3;3;3;4;0;0;0;4
2019-04-10 07:38:58;59;12;10;3;3;3;4;0;0;0;4
2019-04-10 07:39:59;59;12;10;3;3;3;4;0;0;0;4
2019-04-10 07:40:59;59;12;10;3;3;3;4;0;0;0;4
2019-04-10 07:41:58;59;12;10;3;3;3;4;0;0;0;4
2019-04-10 07:42:59;59;12;10;3;3;3;4;0;0;0;4
2019-04-10 07:43:59;61;12;10;5;3;3;4;0;0;0;4
2019-04-10 07:44:58;61;12;10;5;3;3;4;0;0;0;4
2019-04-10 07:45:59;61;12;10;5;3;3;4;0;0;0;4
2019-04-10 07:46:59;61;12;10;5;3;3;4;0;0;0;4
2019-04-10 07:47:58;61;12;10;5;3;3;4;0;0;0;4
2019-04-10 07:48:59;61;12;10;5;3;3;4;0;0;0;4
2019-04-10 07:49:59;62;12;11;5;3;3;4;0;0;0;4
2019-04-10 07:50:58;62;12;11;5;3;3;4;0;0;0;4
2019-04-10 07:51:59;62;12;11;5;3;3;4;0;0;0;4
2019-04-10 07:52:58;63;12;11;5;3;4;4;0;0;0;4
2019-04-10 07:53:59;64;12;11;5;3;4;4;0;0;0;4
2019-04-10 07:54:59;64;12;11;5;3;4;4;0;0;0;4
2019-04-10 07:55:58;64;12;11;5;3;4;4;0;0;0;4
2019-04-10 07:56:59;64;12;11;5;3;4;4;0;0;0;4
2019-04-10 07:57:59;64;12;11;5;3;4;4;0;0;0;4
2019-04-10 07:58:58;64;12;11;5;3;4;4;0;0;0;4
2019-04-10 07:59:59;64;12;11;5;3;4;4;0;0;0;4
2019-04-10 08:00:59;64;12;11;5;3;4;4;0;0;0;4
2019-04-10 08:01:58;64;12;11;5;3;4;4;0;0;0;4
2019-04-10 08:02:59;64;12;11;5;3;4;4;0;0;0;4
2019-04-10 08:03:58;64;12;11;5;3;4;4;0;0;0;4
2019-04-10 08:04:59;64;12;11;5;3;4;4;0;0;0;4
2019-04-10 08:05:59;64;12;11;5;3;4;4;0;0;0;4
2019-04-10 08:06:58;64;12;11;5;3;4;4;0;0;0;4
2019-04-10 08:07:59;65;12;11;5;3;4;4;0;0;0;5
2019-04-10 08:08:58;65;12;11;5;3;4;4;0;2;0;4
2019-04-10 08:09:59;65;12;11;5;3;4;4;0;2;0;4
2019-04-10 08:10:59;65;12;11;5;3;4;4;0;2;0;4
2019-04-10 08:12:00;65;12;11;5;3;4;4;0;2;0;4
2019-04-10 08:12:58;65;12;11;5;3;4;4;0;2;0;4
2019-04-10 08:13:59;65;12;11;5;3;4;4;0;2;0;4
2019-04-10 08:14:59;65;12;11;5;3;4;4;0;2;0;4
2019-04-10 08:15:58;65;12;11;5;3;4;4;0;2;0;4
2019-04-10 08:16:59;65;12;11;5;3;4;4;0;2;0;4
2019-04-10 08:17:58;65;12;11;5;3;4;4;0;2;0;4
2019-04-10 08:18:59;65;12;11;5;3;4;4;0;2;0;4
2019-04-10 08:19:59;65;12;11;6;3;4;4;0;2;0;3
2019-04-10 08:20:58;66;12;12;6;3;4;4;0;2;0;3
2019-04-10 08:21:59;66;12;12;6;3;4;4;0;2;0;3
2019-04-10 08:22:59;66;12;12;6;3;4;4;0;2;0;3
2019-04-10 08:23:58;66;12;12;6;3;4;4;0;2;0;3
2019-04-10 08:24:59;67;13;12;6;3;4;4;0;2;0;3
2019-04-10 08:26:00;67;13;12;6;3;4;4;0;2;0;3
2019-04-10 08:26:58;67;13;12;6;3;4;4;0;2;0;3
2019-04-10 08:27:59;67;13;12;6;3;4;4;0;2;0;3
2019-04-10 08:28:59;67;13;12;6;3;4;4;0;2;0;3
2019-04-10 08:29:58;68;13;12;7;3;4;4;0;2;0;3
2019-04-10 08:30:59;69;14;12;7;3;4;4;0;2;0;3
2019-04-10 08:31:59;69;14;12;7;3;4;4;0;2;0;3
2019-04-10 08:32:58;69;14;12;7;3;4;4;0;2;0;3
2019-04-10 08:33:59;70;13;12;8;3;6;4;0;2;0;3
2019-04-10 08:34:59;70;13;12;8;3;6;4;0;2;0;3
2019-04-10 08:35:58;70;13;12;8;3;6;4;0;2;0;3
2019-04-10 08:36:59;70;13;12;8;3;6;4;0;2;0;3
2019-04-10 08:37:59;70;13;12;8;3;6;4;0;2;0;3
2019-04-10 08:38:58;70;13;12;8;3;6;4;0;2;0;3
2019-04-10 08:39:59;70;13;12;8;3;6;4;0;2;0;3
2019-04-10 08:40:59;70;13;12;8;3;6;4;0;2;0;3
2019-04-10 08:41:58;70;13;12;8;3;6;4;0;2;0;3
2019-04-10 08:42:59;71;14;12;8;3;6;4;0;2;0;3
2019-04-10 08:43:59;71;14;12;8;3;6;4;0;2;0;3
2019-04-10 08:44:58;71;14;12;8;3;6;4;0;2;0;3
2019-04-10 08:45:59;72;14;12;9;3;6;4;0;2;0;3
2019-04-10 08:46:59;72;14;12;9;3;6;4;0;2;0;3
2019-04-10 08:47:58;72;14;12;9;3;6;4;0;2;0;3
2019-04-10 08:48:59;72;14;12;9;3;6;4;0;2;0;3
2019-04-10 08:49:59;72;14;12;9;3;6;4;0;2;0;3
2019-04-10 08:50:58;72;14;12;9;3;6;4;0;2;0;3
2019-04-10 08:51:59;72;14;12;9;3;6;4;0;2;0;3
2019-04-10 08:52:59;72;14;12;9;3;6;4;0;2;0;3
2019-04-10 08:53:58;72;14;12;9;3;6;4;0;2;0;3
2019-04-10 08:54:59;72;14;12;9;3;6;4;0;2;0;3
2019-04-10 08:55:59;72;14;12;9;3;6;4;0;2;0;3
2019-04-10 08:56:58;72;15;12;9;3;6;4;0;2;0;3
2019-04-10 08:57:59;72;15;12;9;3;6;4;0;2;0;3
2019-04-10 08:58:59;72;15;12;9;3;6;4;0;2;0;3
2019-04-10 08:59:58;72;15;12;9;3;6;4;0;2;0;3
2019-04-10 09:00:59;72;15;12;9;3;6;4;0;2;0;3
2019-04-10 09:01:58;72;15;12;9;3;6;4;0;2;0;3
2019-04-10 09:02:59;72;15;12;9;3;6;4;0;2;0;3
2019-04-10 09:03:59;73;15;12;9;3;6;4;0;2;0;3
2019-04-10 09:04:58;74;15;13;9;3;6;4;0;2;0;3
2019-04-10 09:05:59;74;15;13;9;3;6;4;0;2;0;3
2019-04-10 09:06:59;74;15;13;9;3;6;4;0;2;0;3
2019-04-10 09:07:58;75;15;14;9;3;6;4;0;2;0;3
2019-04-10 09:08:59;76;15;14;9;3;6;4;0;2;0;3
2019-04-10 09:09:59;77;15;14;10;3;6;4;0;2;0;3
2019-04-10 09:10:58;77;15;14;10;3;6;4;0;2;0;3
2019-04-10 09:11:59;77;15;14;10;3;6;4;0;2;0;3
2019-04-10 09:12:59;77;15;14;10;3;6;4;0;2;0;3
2019-04-10 09:13:58;77;15;14;10;3;6;4;0;2;0;3
2019-04-10 09:14:59;77;15;14;10;3;6;4;0;2;0;3
2019-04-10 09:15:59;77;15;14;10;3;6;4;0;2;0;3
2019-04-10 09:16:58;77;15;14;10;3;6;4;0;2;0;3
2019-04-10 09:17:59;77;15;14;10;3;6;4;0;2;0;3
2019-04-10 09:18:59;77;15;14;10;3;6;4;0;2;0;3
2019-04-10 09:19:58;77;15;14;10;3;6;4;0;2;0;3
2019-04-10 09:20:59;78;15;15;10;3;6;4;0;2;0;3
2019-04-10 09:21:59;78;15;15;10;3;6;4;0;2;0;3
2019-04-10 09:22:58;78;15;15;10;3;6;4;0;2;0;3
2019-04-10 09:23:59;80;15;15;12;3;6;4;0;2;0;3
2019-04-10 09:24:59;80;15;15;12;3;6;4;0;2;0;3
2019-04-10 09:25:58;80;15;15;12;3;6;4;0;2;0;3
2019-04-10 09:26:59;80;15;15;12;3;6;4;0;2;0;3
2019-04-10 09:27:59;83;15;17;12;3;7;4;0;2;0;3
2019-04-10 09:28:58;83;15;17;12;3;7;4;0;2;0;3
2019-04-10 09:29:59;83;15;17;12;3;7;4;0;2;0;3
2019-04-10 09:30:59;83;15;17;12;3;7;4;0;2;0;3
2019-04-10 09:31:58;83;15;17;12;3;7;4;0;2;0;3
2019-04-10 09:32:59;83;15;17;12;3;7;4;0;2;0;3
2019-04-10 09:33:59;83;15;17;12;3;7;4;0;2;0;3
2019-04-10 09:34:58;84;16;17;12;3;7;4;0;2;0;3
2019-04-10 09:35:59;85;16;18;12;3;7;4;0;2;0;3
2019-04-10 09:36:59;85;16;18;12;3;7;4;0;2;0;3
2019-04-10 09:37:58;85;16;18;12;3;7;4;0;2;0;3
2019-04-10 09:38:59;84;16;18;12;3;7;4;0;2;0;3
2019-04-10 09:39:59;84;16;18;12;3;7;4;0;2;0;3
2019-04-10 09:40:58;84;16;18;12;3;7;4;0;2;0;3
2019-04-10 09:41:59;84;16;18;12;3;7;4;0;2;0;3
2019-04-10 09:42:59;84;16;18;12;3;7;4;0;2;0;3
2019-04-10 09:43:58;84;16;18;12;3;7;4;0;2;0;3
2019-04-10 09:44:59;84;16;18;12;3;7;4;0;2;0;3
2019-04-10 09:45:59;84;16;18;12;3;7;4;0;2;0;3
2019-04-10 09:46:58;84;16;18;12;3;7;4;0;2;0;3
2019-04-10 09:47:59;85;16;18;13;3;7;4;0;2;0;3
2019-04-10 09:48:59;85;16;18;13;3;7;4;0;2;0;3
2019-04-10 09:49:58;86;16;19;13;3;7;4;0;2;0;3
2019-04-10 09:50:59;86;16;19;13;3;7;4;0;2;0;3
2019-04-10 09:51:59;86;16;19;13;3;7;4;0;2;0;3
2019-04-10 09:52:58;86;16;19;13;3;7;4;0;2;0;3
2019-04-10 09:53:59;86;16;19;13;3;7;4;0;2;0;3
2019-04-10 09:54:58;86;16;19;13;3;7;4;0;2;0;3
2019-04-10 09:55:59;86;16;19;13;3;7;4;0;2;0;3
2019-04-10 09:56:59;86;16;19;13;3;7;4;0;2;0;3
2019-04-10 09:57:58;86;16;19;13;3;7;4;0;2;0;3
2019-04-10 09:58:59;87;16;20;13;3;7;4;0;2;0;3
2019-04-10 09:59:58;87;16;20;13;3;7;4;0;2;0;3
2019-04-10 10:00:59;88;16;20;13;3;7;4;0;2;0;3
2019-04-10 10:01:59;88;16;20;13;3;7;4;0;2;0;3
2019-04-10 10:02:58;88;16;20;13;3;7;4;0;2;0;3
2019-04-10 10:03:59;89;16;20;13;3;7;4;2;2;0;3
2019-04-10 10:04:59;89;16;20;13;3;7;4;2;2;0;3
2019-04-10 10:05:58;89;16;20;13;3;7;4;2;2;0;3
2019-04-10 10:06:59;89;16;20;13;3;7;4;2;2;0;3
2019-04-10 10:07:58;89;16;20;13;3;7;4;2;2;0;3
2019-04-10 10:08:59;89;16;20;13;3;7;4;2;2;0;3
2019-04-10 10:09:59;89;16;20;13;3;7;4;2;2;0;3
2019-04-10 10:10:58;89;16;20;13;3;7;4;2;2;0;3
2019-04-10 10:11:59;89;16;20;13;3;7;4;2;2;0;3
2019-04-10 10:12:59;89;16;20;13;3;7;4;2;2;0;3
2019-04-10 10:13:59;90;16;20;13;4;7;4;2;2;0;3
2019-04-10 10:14:58;90;16;20;13;4;7;4;2;2;0;3
2019-04-10 10:15:59;90;16;20;13;4;7;4;2;2;0;3
2019-04-10 10:17:00;90;16;20;13;4;7;4;2;2;0;3
2019-04-10 10:17:58;90;16;20;13;4;7;4;2;2;0;3
2019-04-10 10:18:59;90;16;20;13;4;7;4;2;2;0;3
2019-04-10 10:19:59;91;16;21;13;4;7;4;2;2;0;3
2019-04-10 10:20:59;91;16;21;13;4;7;4;2;2;0;3
2019-04-10 10:21:58;92;16;21;13;4;7;4;2;3;0;3
2019-04-10 10:22:59;93;17;21;13;4;7;4;2;3;0;3
2019-04-10 10:23:59;94;18;21;13;4;7;4;2;3;0;3
2019-04-10 10:24:58;94;18;21;13;4;7;4;2;3;0;3
2019-04-10 10:25:59;94;18;21;13;4;7;4;2;3;0;3
2019-04-10 10:26:59;94;18;21;13;4;7;4;2;3;0;3
2019-04-10 10:27:58;94;18;21;13;4;7;4;2;3;0;3
2019-04-10 10:28:59;94;18;21;13;4;7;4;2;3;0;3
2019-04-10 10:29:58;94;18;21;13;4;7;4;2;3;0;3
2019-04-10 10:30:59;93;18;21;13;4;7;4;2;3;0;3
2019-04-10 10:31:59;93;18;21;13;4;7;4;2;3;0;3
2019-04-10 10:32:58;93;18;21;13;4;7;4;2;3;0;3
2019-04-10 10:33:59;94;19;21;13;4;7;4;2;3;0;3
2019-04-10 10:34:59;94;19;21;13;4;7;4;2;3;0;3
2019-04-10 10:35:58;94;19;21;13;4;7;4;2;3;0;3
2019-04-10 10:36:59;94;19;21;13;4;7;4;2;3;0;3
2019-04-10 10:37:58;94;19;21;13;4;7;4;2;3;0;3
2019-04-10 10:38:59;94;19;21;13;4;7;4;2;3;0;3
2019-04-10 10:39:59;94;19;21;13;4;7;4;2;3;0;3
2019-04-10 10:40:58;94;19;21;13;4;7;4;2;3;0;3
2019-04-10 10:41:59;94;19;21;13;4;7;4;2;3;0;3
2019-04-10 10:42:59;94;19;21;13;4;7;4;2;3;0;3
2019-04-10 10:43:58;94;19;21;13;4;7;4;2;3;0;3
2019-04-10 10:44:59;94;19;21;13;4;7;4;2;3;0;3
2019-04-10 10:45:59;94;19;21;13;4;7;4;2;3;0;3
2019-04-10 10:46:58;94;19;21;13;4;7;4;2;3;0;3
2019-04-10 10:47:59;95;19;22;13;4;7;4;2;3;0;3
2019-04-10 10:48:59;96;20;22;13;4;7;4;2;3;0;3
2019-04-10 10:49:58;96;20;22;13;4;7;4;2;3;0;3
2019-04-10 10:50:59;98;21;22;13;4;7;4;2;3;0;3
2019-04-10 10:51:59;98;21;22;13;4;7;4;2;3;0;3
2019-04-10 10:52:58;98;21;22;13;4;7;4;2;3;0;3
2019-04-10 10:53:59;99;21;23;13;4;7;4;2;3;0;3
2019-04-10 10:54:58;99;21;23;13;4;7;4;2;3;0;3
2019-04-10 10:55:59;99;21;23;13;4;7;4;2;3;0;3
2019-04-10 10:56:59;99;21;23;13;4;7;4;2;3;0;3
2019-04-10 10:57:58;99;21;23;13;4;7;4;2;3;0;3
2019-04-10 10:58:59;99;21;23;13;4;7;4;2;3;0;3
2019-04-10 10:59:59;99;21;23;13;4;7;4;2;3;0;3
2019-04-10 11:00:58;99;21;23;13;4;7;4;2;3;0;3
2019-04-10 11:01:59;99;21;23;13;4;7;4;2;3;0;3
2019-04-10 11:02:59;99;21;23;13;4;7;4;2;3;0;3
2019-04-10 11:03:58;99;21;23;13;4;7;4;2;3;0;3
2019-04-10 11:04:59;99;21;23;13;4;7;4;2;3;0;3
2019-04-10 11:05:59;99;21;23;13;4;7;4;2;3;0;3
2019-04-10 11:06:58;99;21;23;13;4;7;4;2;3;0;3
2019-04-10 11:07:59;100;22;23;13;4;7;4;2;3;0;3
2019-04-10 11:08:58;100;22;23;13;4;7;4;2;3;0;3
2019-04-10 11:09:59;100;22;23;13;4;7;4;2;3;0;3
2019-04-10 11:10:59;100;22;23;13;4;7;4;2;3;0;3
2019-04-10 11:11:58;100;22;23;13;4;7;4;2;3;0;3
2019-04-10 11:12:59;102;23;23;13;4;7;4;3;3;0;3
2019-04-10 11:13:58;102;23;23;13;4;7;4;3;3;0;3
2019-04-10 11:14:59;102;23;23;13;4;7;4;3;3;0;3
2019-04-10 11:15:59;102;23;23;13;4;7;4;3;3;0;3
2019-04-10 11:16:58;102;24;23;13;4;7;4;3;3;0;3
2019-04-10 11:17:59;103;25;23;13;4;7;4;3;3;0;3
2019-04-10 11:18:59;103;25;23;13;4;7;4;3;3;0;3
2019-04-10 11:19:58;103;25;23;13;4;7;4;3;3;0;3
2019-04-10 11:20:59;103;25;23;13;4;7;4;3;3;0;3
2019-04-10 11:21:59;103;25;23;13;4;7;4;3;3;0;3
2019-04-10 11:22:58;104;26;23;13;4;7;4;3;3;0;3
2019-04-10 11:23:59;104;26;23;13;4;7;4;3;3;0;3
2019-04-10 11:24:59;104;26;23;13;4;7;4;3;3;0;3
2019-04-10 11:25:58;104;26;23;13;4;7;4;3;3;0;3
2019-04-10 11:26:59;105;26;24;13;4;7;4;3;3;0;3
2019-04-10 11:27:59;105;26;24;13;4;7;4;3;3;0;3
2019-04-10 11:28:58;106;27;24;13;4;7;4;3;3;0;3
2019-04-10 11:29:59;106;27;24;13;4;7;4;3;3;0;3
2019-04-10 11:30:59;107;28;24;13;4;7;4;3;3;0;3
2019-04-10 11:31:58;107;28;24;13;4;7;4;3;3;0;3
2019-04-10 11:32:59;107;28;24;13;4;7;4;3;3;0;3
2019-04-10 11:33:59;107;28;24;13;4;7;4;3;3;0;3
2019-04-10 11:34:58;107;28;24;13;4;7;4;3;3;0;3
2019-04-10 11:35:59;107;28;24;13;4;7;4;3;3;0;3
2019-04-10 11:36:59;107;28;24;13;4;7;4;3;3;0;3
2019-04-10 11:37:58;107;28;24;13;4;7;4;3;3;0;3
2019-04-10 11:38:59;107;28;24;13;4;7;4;3;3;0;3
2019-04-10 11:39:59;107;28;24;13;4;7;4;3;3;0;3
2019-04-10 11:40:58;107;28;24;13;4;7;4;3;3;0;3
2019-04-10 11:41:59;107;28;24;13;4;7;4;3;3;0;3
2019-04-10 11:42:59;107;28;24;13;4;7;4;3;3;0;3
2019-04-10 11:43:58;107;28;24;13;4;7;4;3;3;0;3
2019-04-10 11:44:59;107;28;24;13;4;7;4;3;3;0;3
2019-04-10 11:45:58;107;28;24;13;4;7;4;3;3;0;3
2019-04-10 11:46:59;107;28;24;13;4;7;4;3;3;0;3
2019-04-10 11:47:59;108;29;24;13;4;7;4;3;3;0;3
2019-04-10 11:48:58;108;29;24;13;4;7;4;3;3;0;3
2019-04-10 11:49:59;108;29;24;13;4;7;4;3;3;0;3
2019-04-10 11:50:59;108;29;24;13;4;7;4;3;3;0;3
2019-04-10 11:51:58;108;29;24;13;4;7;4;3;3;0;3
2019-04-10 11:52:59;109;30;24;13;4;7;4;3;3;0;3
2019-04-10 11:53:58;109;30;24;13;4;7;4;3;3;0;3
2019-04-10 11:54:59;109;31;24;13;4;7;4;3;3;0;3
2019-04-10 11:55:59;110;31;24;13;4;7;4;3;3;0;3
2019-04-10 11:56:58;110;31;24;13;4;7;4;3;3;0;3
2019-04-10 11:57:59;110;31;24;13;4;7;4;3;3;0;3
2019-04-10 11:58:59;111;31;24;13;4;7;4;3;3;0;3
2019-04-10 11:59:58;113;32;24;14;4;7;4;3;3;0;3
2019-04-10 12:00:59;113;32;24;14;4;7;4;3;3;0;3
2019-04-10 12:01:59;113;32;24;14;4;7;4;3;3;0;3
2019-04-10 12:02:58;113;32;24;14;4;7;4;3;3;0;3
2019-04-10 12:03:59;113;32;24;14;4;7;4;3;3;0;3
2019-04-10 12:04:58;115;32;24;15;4;8;4;3;3;0;3
2019-04-10 12:05:59;115;32;24;15;4;8;4;3;3;0;3
2019-04-10 12:06:59;115;32;24;15;4;8;4;3;3;0;3
2019-04-10 12:07:58;116;32;25;15;4;8;4;3;3;0;3
2019-04-10 12:08:59;116;32;25;15;4;8;4;3;3;0;3
2019-04-10 12:09:59;116;32;25;15;4;8;4;3;3;0;3
2019-04-10 12:10:58;116;32;25;15;4;8;4;3;3;0;3
2019-04-10 12:11:59;116;32;25;15;4;8;4;3;3;0;3
2019-04-10 12:12:59;116;32;25;15;4;8;4;3;3;0;3
2019-04-10 12:13:58;116;32;25;15;4;8;4;3;3;0;3
2019-04-10 12:14:59;116;32;25;15;4;8;4;3;3;0;3
2019-04-10 12:15:58;116;32;25;15;4;8;4;3;3;0;3
2019-04-10 12:16:59;117;32;26;15;4;8;4;3;3;0;3
2019-04-10 12:17:59;117;32;26;15;4;8;4;3;3;0;3
2019-04-10 12:18:59;117;32;26;15;4;8;4;3;3;0;3
2019-04-10 12:19:58;117;34;26;15;4;8;4;3;3;0;3
2019-04-10 12:20:59;118;34;26;16;4;8;4;3;3;0;3
2019-04-10 12:21:58;118;34;26;16;4;8;4;3;3;0;3
2019-04-10 12:22:59;118;34;26;16;4;8;4;3;3;0;3
2019-04-10 12:23:59;119;35;26;16;4;8;4;3;3;0;3
2019-04-10 12:24:58;119;35;26;16;4;8;4;3;3;0;3
2019-04-10 12:25:59;119;35;26;16;4;8;4;3;3;0;3
2019-04-10 12:26:58;119;35;26;16;4;8;4;3;3;0;3
2019-04-10 12:27:59;119;35;26;16;4;8;4;3;3;0;3
2019-04-10 12:28:59;119;35;26;16;4;8;4;3;3;0;3
2019-04-10 12:29:58;119;35;25;17;4;8;4;3;3;0;3
2019-04-10 12:30:59;119;35;25;17;4;8;4;3;3;0;3
2019-04-10 12:31:59;119;35;25;17;4;8;4;3;3;0;3
2019-04-10 12:32:58;119;35;25;17;4;8;4;3;3;0;3
2019-04-10 12:33:59;119;35;25;17;4;8;4;3;3;0;3
2019-04-10 12:34:59;119;35;25;17;4;8;4;3;3;0;3
2019-04-10 12:35:58;119;35;25;17;4;8;4;3;3;0;3
2019-04-10 12:36:59;119;35;25;17;4;8;4;3;3;0;3
2019-04-10 12:37:58;119;35;25;17;4;8;4;3;3;0;3
2019-04-10 12:38:59;120;35;25;17;4;8;4;3;3;0;3
2019-04-10 12:39:59;120;35;25;17;4;8;4;3;3;0;3
2019-04-10 12:40:58;120;36;24;17;4;8;4;3;3;0;3
2019-04-10 12:41:59;120;36;24;17;4;8;4;3;3;0;3
2019-04-10 12:42:59;120;36;24;17;4;8;4;3;3;0;3
2019-04-10 12:43:58;120;36;24;17;4;8;4;3;3;0;3
2019-04-10 12:44:59;120;36;24;17;4;8;4;3;3;0;3
2019-04-10 12:45:59;120;36;24;17;4;8;4;3;3;0;3
2019-04-10 12:46:58;120;36;24;17;4;8;4;3;3;0;3
2019-04-10 12:47:59;120;36;24;17;4;8;4;3;3;0;3
2019-04-10 12:48:59;122;36;24;17;4;8;4;3;3;0;3
2019-04-10 12:49:58;123;37;24;17;4;8;4;3;3;0;3
2019-04-10 12:50:59;123;37;24;17;4;8;4;3;3;0;3
2019-04-10 12:51:58;123;37;24;17;4;8;4;3;3;0;3
2019-04-10 12:52:59;123;37;24;17;4;8;4;3;3;0;3
2019-04-10 12:53:59;123;37;24;17;4;8;4;3;3;0;3
2019-04-10 12:54:59;123;37;24;17;4;8;4;3;3;0;3
2019-04-10 12:55:58;123;37;24;17;4;8;4;3;3;0;3
2019-04-10 12:56:59;124;38;24;17;4;8;4;3;3;0;3
2019-04-10 12:57:58;125;38;24;17;4;8;4;3;3;0;3
2019-04-10 12:58:59;126;38;24;18;4;8;4;3;3;0;3
2019-04-10 12:59:59;126;38;24;18;4;8;4;3;3;0;3
2019-04-10 13:00:58;126;38;24;18;4;8;4;3;3;0;3
2019-04-10 13:01:59;127;39;24;18;4;8;4;3;3;0;3
2019-04-10 13:02:59;128;39;25;18;4;8;4;3;3;0;3
2019-04-10 13:03:58;128;39;25;18;4;8;4;3;3;0;3
2019-04-10 13:04:59;128;39;25;18;4;8;4;3;3;0;3
2019-04-10 13:05:59;128;39;25;18;4;8;4;3;3;0;3
2019-04-10 13:06:58;128;39;25;18;4;8;4;3;3;0;3
2019-04-10 13:07:59;128;39;25;18;4;8;4;3;3;0;3
2019-04-10 13:08:59;128;39;25;18;4;8;4;3;3;0;3
2019-04-10 13:09:58;128;39;25;18;4;8;4;3;3;0;3
2019-04-10 13:10:59;129;39;25;18;5;8;4;3;3;0;3
2019-04-10 13:11:59;130;40;25;18;5;8;4;3;3;0;3
2019-04-10 13:12:58;130;40;25;18;5;8;4;3;3;0;3
2019-04-10 13:13:59;130;40;25;18;5;8;4;3;3;0;3
2019-04-10 13:14:59;130;40;25;18;5;8;4;3;3;0;3
2019-04-10 13:15:58;130;40;25;18;5;8;4;3;3;0;3
2019-04-10 13:16:59;130;40;25;18;5;8;4;3;3;0;3
2019-04-10 13:17:59;130;40;25;18;5;8;4;3;3;0;3
2019-04-10 13:18:58;130;40;25;18;5;8;4;3;3;0;3
2019-04-10 13:19:59;130;40;25;18;5;8;4;3;3;0;3
2019-04-10 13:20:59;130;40;24;19;5;8;4;3;3;0;3
2019-04-10 13:21:58;130;40;24;19;5;8;4;3;3;0;3
2019-04-10 13:22:59;131;41;24;19;5;8;4;3;3;0;3
2019-04-10 13:23:59;131;41;24;19;5;8;4;3;3;0;3
2019-04-10 13:24:58;131;41;24;19;5;8;4;3;3;0;3
2019-04-10 13:25:59;131;41;24;19;5;8;4;3;3;0;3
2019-04-10 13:26:59;131;41;24;19;5;8;4;3;3;0;3
2019-04-10 13:27:58;131;41;24;19;5;8;4;3;3;0;3
2019-04-10 13:28:59;131;41;24;19;5;8;4;3;3;0;3
2019-04-10 13:29:59;131;41;24;19;5;8;4;3;3;0;3
2019-04-10 13:30:58;131;41;24;19;5;8;4;3;3;0;3
2019-04-10 13:31:59;131;42;24;19;5;8;4;3;3;0;2
2019-04-10 13:32:59;133;43;25;19;5;8;4;3;3;0;2
2019-04-10 13:33:58;133;43;25;19;5;8;4;3;3;0;2
2019-04-10 13:34:59;133;43;25;19;5;8;4;3;3;0;2
2019-04-10 13:35:59;134;44;25;19;5;8;4;3;3;0;2
2019-04-10 13:36:58;134;44;25;19;5;8;4;3;3;0;2
2019-04-10 13:37:59;134;44;25;19;5;8;4;3;3;0;2
2019-04-10 13:38:59;134;44;25;19;5;8;4;3;3;0;2
2019-04-10 13:39:58;134;44;25;19;5;8;4;3;3;0;2
2019-04-10 13:40:59;135;45;25;19;5;8;4;3;3;0;2
2019-04-10 13:41:58;135;45;25;19;5;8;4;3;3;0;2
2019-04-10 13:42:59;135;45;25;19;5;8;4;3;3;0;2
2019-04-10 13:43:59;135;45;25;19;5;8;4;3;3;0;2
2019-04-10 13:44:58;135;45;25;19;5;8;4;3;3;0;2
2019-04-10 13:45:59;136;46;25;19;5;8;4;3;3;0;2
2019-04-10 13:46:59;138;47;25;19;5;8;4;4;3;0;2
2019-04-10 13:47:59;138;47;25;19;5;8;4;4;3;0;2
2019-04-10 13:48:59;139;47;25;20;5;8;4;4;3;0;2
2019-04-10 13:49:59;139;47;25;20;5;8;4;4;3;0;2
2019-04-10 13:50:58;139;47;25;20;5;8;4;4;3;0;2
2019-04-10 13:51:59;139;47;25;20;5;8;4;4;3;0;2
2019-04-10 13:52:58;139;47;25;20;5;8;4;4;3;0;2
2019-04-10 13:53:58;139;47;25;20;5;8;4;4;3;0;2
2019-04-10 13:54:59;139;47;25;20;5;8;4;4;3;0;2
2019-04-10 13:55:59;139;47;25;20;5;8;4;4;3;0;2
2019-04-10 13:56:58;139;47;25;20;5;8;4;4;3;0;2
2019-04-10 13:57:59;139;47;25;20;5;8;4;4;3;0;2
2019-04-10 13:58:59;139;47;25;20;5;8;4;4;3;0;2
2019-04-10 13:59:58;139;47;25;20;5;8;4;4;3;0;2
2019-04-10 14:00:59;140;47;25;20;5;8;4;4;3;2;2
2019-04-10 14:01:59;140;47;25;20;5;8;4;4;3;2;2
2019-04-10 14:02:58;140;47;25;20;5;8;4;4;3;2;2
2019-04-10 14:03:59;140;47;25;20;5;8;4;4;3;2;2
2019-04-10 14:04:58;140;47;25;20;5;8;4;4;3;2;2
2019-04-10 14:05:59;140;47;25;20;5;8;4;4;3;2;2
2019-04-10 14:06:59;141;48;25;20;5;8;4;4;3;2;2
2019-04-10 14:07:58;142;48;26;20;5;8;4;4;3;2;2
2019-04-10 14:08:59;142;48;26;20;5;8;4;4;3;2;2
2019-04-10 14:09:59;142;48;26;20;5;8;4;4;3;2;2
2019-04-10 14:10:58;142;48;26;20;5;8;4;4;3;2;2
2019-04-10 14:11:59;142;48;26;20;5;8;4;4;3;2;2
2019-04-10 14:12:59;143;48;26;20;6;8;4;4;3;2;2
2019-04-10 14:13:58;143;48;26;20;6;8;4;4;3;2;2
2019-04-10 14:14:59;143;48;26;20;6;8;4;4;3;2;2
2019-04-10 14:15:58;144;48;27;20;6;8;4;4;3;2;2
2019-04-10 14:16:59;145;49;27;20;6;8;4;4;3;2;2
2019-04-10 14:17:59;145;49;27;20;6;8;4;4;3;2;2
2019-04-10 14:18:58;145;49;27;20;6;8;4;4;3;2;2
2019-04-10 14:19:59;145;49;27;20;6;8;4;4;3;2;2
2019-04-10 14:20:58;145;49;27;20;6;8;4;4;3;2;2
2019-04-10 14:21:59;145;49;27;20;6;8;4;4;3;2;2
2019-04-10 14:22:59;145;49;27;20;6;8;4;4;3;2;2
2019-04-10 14:23:58;145;49;27;20;6;8;4;4;3;2;2
2019-04-10 14:24:59;145;49;27;20;6;8;4;4;3;2;2
2019-04-10 14:25:59;147;49;28;20;7;8;4;4;3;2;2
2019-04-10 14:26:58;147;49;28;20;7;8;4;4;3;2;2
2019-04-10 14:27:59;148;49;28;20;8;8;4;4;3;2;2
2019-04-10 14:28:59;148;49;28;20;8;8;4;4;3;2;2
2019-04-10 14:29:58;148;50;28;20;8;8;4;4;3;2;2
2019-04-10 14:30:59;148;50;28;20;8;8;4;4;3;2;2
2019-04-10 14:31:59;148;50;28;20;8;8;4;4;3;2;2
2019-04-10 14:32:58;148;50;28;20;8;8;4;4;3;2;2
2019-04-10 14:33:59;148;50;28;20;8;8;4;4;3;2;2
2019-04-10 14:34:59;148;50;28;20;8;8;4;4;3;2;2
2019-04-10 14:35:58;148;50;28;20;8;8;4;4;3;2;2
2019-04-10 14:36:59;148;50;28;20;8;8;4;4;3;2;2
2019-04-10 14:37:58;148;50;28;20;8;8;4;4;3;2;2
2019-04-10 14:38:59;148;50;28;21;8;8;4;4;3;2;2
2019-04-10 14:39:59;148;50;28;21;8;8;4;4;3;2;2
2019-04-10 14:40:58;149;51;28;21;8;8;4;4;3;2;2
2019-04-10 14:41:59;149;51;28;21;8;8;4;4;3;2;2
2019-04-10 14:42:59;150;52;28;21;8;8;4;4;3;2;2
2019-04-10 14:43:58;150;52;28;21;8;8;4;4;3;2;2
2019-04-10 14:44:59;150;52;28;21;8;8;4;4;3;2;2
2019-04-10 14:45:58;150;52;28;21;8;8;4;4;3;2;2
2019-04-10 14:46:59;150;52;28;21;8;8;4;4;3;2;2
2019-04-10 14:47:59;150;52;28;21;8;8;4;4;3;2;2
2019-04-10 14:48:58;150;52;28;21;8;8;4;4;3;2;2
2019-04-10 14:49:59;151;52;29;21;8;8;4;4;3;2;2
2019-04-10 14:50:59;151;52;29;21;8;8;4;4;3;2;2
2019-04-10 14:51:58;151;52;29;21;8;8;4;4;3;2;2
2019-04-10 14:52:59;151;52;29;21;8;8;4;4;3;2;2
2019-04-10 14:53:58;151;52;29;21;8;8;4;4;3;2;2
2019-04-10 14:54:59;151;52;29;21;8;8;4;4;3;2;2
2019-04-10 14:55:59;151;52;29;21;8;8;4;4;3;2;2
2019-04-10 14:57:00;151;52;29;21;8;8;4;4;3;2;2
2019-04-10 14:57:58;153;52;29;22;8;8;4;5;3;2;2
2019-04-10 14:58:59;153;52;29;22;8;8;4;5;3;2;2
2019-04-10 14:59:58;153;52;29;22;8;8;4;5;3;2;2
2019-04-10 15:00:59;155;52;29;23;8;8;4;5;3;3;2
2019-04-10 15:01:59;155;52;29;23;8;8;4;5;3;3;2
2019-04-10 15:02:58;155;52;29;23;8;8;4;5;3;3;2
2019-04-10 15:03:59;155;52;29;23;8;8;4;5;3;3;2
2019-04-10 15:04:59;155;52;29;23;8;8;4;5;3;3;2
2019-04-10 15:05:58;155;52;29;23;8;8;4;5;3;3;2
2019-04-10 15:06:59;155;52;29;23;8;8;4;5;3;3;2
2019-04-10 15:07:59;155;52;29;23;8;8;4;5;3;3;2
2019-04-10 15:08:58;155;52;29;23;8;8;4;5;3;3;2
2019-04-10 15:09:59;156;53;29;23;8;8;4;5;3;3;2
2019-04-10 15:10:58;156;53;29;23;8;8;4;5;3;3;2
2019-04-10 15:11:59;157;53;30;23;8;8;4;5;3;3;2
2019-04-10 15:12:59;157;53;30;23;8;8;4;5;3;3;2
2019-04-10 15:13:58;157;53;30;23;8;8;4;5;3;3;2
2019-04-10 15:14:59;158;53;30;23;8;9;4;5;3;3;2
2019-04-10 15:15:58;158;53;30;23;8;9;4;5;3;3;2
2019-04-10 15:16:59;158;53;30;23;8;9;4;5;3;3;2
2019-04-10 15:17:59;158;53;30;23;8;9;4;5;3;3;2
2019-04-10 15:18:58;159;53;30;23;8;9;5;5;3;3;2
2019-04-10 15:19:59;159;53;30;23;8;9;5;5;3;3;2
2019-04-10 15:20:59;159;53;30;23;8;9;5;5;3;3;2
2019-04-10 15:21:58;159;53;30;23;8;9;5;5;3;3;2
2019-04-10 15:22:59;159;53;30;23;8;9;5;5;3;3;2
2019-04-10 15:23:59;159;53;30;23;8;9;5;5;3;3;2
2019-04-10 15:24:58;159;53;30;23;8;9;5;5;3;3;2
2019-04-10 15:25:59;159;53;30;23;8;9;5;5;3;3;2
2019-04-10 15:26:58;160;53;31;23;8;9;5;5;3;3;2
2019-04-10 15:27:59;160;53;31;23;8;9;5;5;3;3;2
2019-04-10 15:28:59;160;53;31;23;8;9;5;5;3;3;2
2019-04-10 15:29:58;160;53;31;23;8;9;5;5;3;3;2
2019-04-10 15:30:59;160;53;31;23;8;9;5;5;3;3;2
2019-04-10 15:31:59;160;53;31;23;8;9;5;5;3;3;2
2019-04-10 15:32:59;160;53;31;23;8;9;5;5;3;3;2
2019-04-10 15:33:58;160;53;31;23;8;9;5;5;3;3;2
2019-04-10 15:34:59;160;53;31;23;8;9;5;5;3;3;2
2019-04-10 15:36:00;160;53;31;23;8;9;5;5;3;3;2
2019-04-10 15:36:58;160;53;31;23;8;9;5;5;3;3;2
2019-04-10 15:37:59;160;53;31;23;8;9;5;5;3;3;2
2019-04-10 15:38:58;160;53;31;23;8;9;5;5;3;3;2
2019-04-10 15:39:59;160;53;31;23;8;9;5;5;3;3;2
2019-04-10 15:40:59;160;53;31;23;8;9;5;5;3;3;2
2019-04-10 15:41:58;160;53;31;23;8;9;5;5;3;3;2
2019-04-10 15:42:59;160;53;31;23;8;9;5;5;3;3;2
2019-04-10 15:43:59;160;53;31;23;8;9;5;5;3;3;2
2019-04-10 15:44:58;160;53;31;23;8;9;5;5;3;3;2
2019-04-10 15:45:59;160;53;31;23;8;9;5;5;3;3;2
2019-04-10 15:46:59;160;53;31;23;8;9;5;5;3;3;2
2019-04-10 15:47:58;160;53;31;23;8;9;5;5;3;3;2
2019-04-10 15:48:59;160;53;31;23;8;9;5;5;3;3;2
2019-04-10 15:49:58;160;53;31;23;8;9;5;5;3;3;2
2019-04-10 15:50:59;160;53;31;23;8;9;5;5;3;3;2
2019-04-10 15:51:59;160;53;31;23;8;9;5;5;3;3;2
2019-04-10 15:52:58;160;53;31;23;8;9;5;5;3;3;2
2019-04-10 15:53:59;160;53;31;23;8;9;5;5;3;3;2
2019-04-10 15:54:59;160;53;31;23;8;9;5;5;3;3;2
2019-04-10 15:55:59;160;53;31;23;8;9;5;5;3;3;2
2019-04-10 15:56:58;160;53;31;23;8;9;5;5;3;3;2
2019-04-10 15:57:59;160;53;31;23;8;9;5;5;3;3;2
2019-04-10 15:58:58;161;54;31;23;8;9;5;5;3;3;2
2019-04-10 15:59:59;161;54;31;23;8;9;5;5;3;3;2
2019-04-10 16:00:59;161;54;31;23;8;9;5;5;3;3;2
2019-04-10 16:01:58;161;54;31;23;8;9;5;5;3;3;2
2019-04-10 16:02:59;161;54;31;23;8;9;5;5;3;3;2
2019-04-10 16:03:59;161;54;31;23;8;9;5;5;3;3;2
2019-04-10 16:04:58;161;54;31;23;8;9;5;5;3;3;2
2019-04-10 16:05:59;161;54;31;23;8;9;5;5;3;3;2
2019-04-10 16:06:59;162;54;31;23;9;9;5;5;3;3;2
2019-04-10 16:07:58;162;54;31;23;9;9;5;5;3;3;2
2019-04-10 16:08:59;163;54;31;23;9;10;5;5;3;3;2
2019-04-10 16:09:59;163;54;31;23;9;10;5;5;3;3;2
2019-04-10 16:10:58;163;54;31;23;9;10;5;5;3;3;2
2019-04-10 16:11:59;164;54;32;23;9;10;5;5;3;3;2
2019-04-10 16:12:59;164;54;32;23;9;10;5;5;3;3;2
2019-04-10 16:13:58;164;54;32;23;9;10;5;5;3;3;2
2019-04-10 16:14:59;165;54;32;24;9;10;5;5;3;3;2
2019-04-10 16:15:59;165;54;32;24;9;10;5;5;3;3;2
2019-04-10 16:16:58;165;54;32;24;9;10;5;5;3;3;2
2019-04-10 16:17:59;165;54;32;24;9;10;5;5;3;3;2
2019-04-10 16:18:59;165;54;32;24;9;10;5;5;3;3;2
2019-04-10 16:19:58;165;54;32;24;9;10;5;5;3;3;2
2019-04-10 16:20:59;165;54;32;24;9;10;5;5;3;3;2
2019-04-10 16:21:59;165;54;32;24;9;10;5;5;3;3;2
2019-04-10 16:22:58;165;54;32;24;9;10;5;5;3;3;2
2019-04-10 16:23:59;166;55;32;24;9;10;5;5;3;3;2
2019-04-10 16:24:58;167;55;32;24;9;10;6;5;3;3;2
2019-04-10 16:25:59;167;55;32;24;9;10;6;5;3;3;2
2019-04-10 16:26:59;167;55;32;24;9;10;6;5;3;3;2
2019-04-10 16:27:58;168;54;33;25;9;10;6;5;3;3;2
2019-04-10 16:28:59;168;54;33;25;9;10;6;5;3;3;2
2019-04-10 16:29:59;169;54;33;25;9;11;6;5;3;3;2
2019-04-10 16:30:58;168;54;32;25;9;11;6;5;3;3;2
2019-04-10 16:31:59;168;54;32;25;9;11;6;5;3;3;2
2019-04-10 16:32:59;168;54;32;25;9;11;6;5;3;3;2
2019-04-10 16:33:59;168;54;32;25;9;11;6;5;3;3;2
2019-04-10 16:34:58;168;54;32;25;9;11;6;5;3;3;2
2019-04-10 16:35:59;168;54;32;25;9;11;6;5;3;3;2
2019-04-10 16:36:59;168;54;32;25;9;11;6;5;3;3;2
2019-04-10 16:37:58;168;54;32;25;9;11;6;5;3;3;2
2019-04-10 16:38:59;168;54;32;25;9;11;6;5;3;3;2
2019-04-10 16:39:59;168;54;32;25;9;11;6;5;3;3;2
2019-04-10 16:40:58;168;54;32;25;9;11;6;5;3;3;2
2019-04-10 16:41:59;169;55;32;25;9;11;6;5;2;3;2
2019-04-10 16:42:59;169;55;32;25;9;11;6;5;2;3;2
2019-04-10 16:43:58;169;55;32;25;9;11;6;5;2;3;2
2019-04-10 16:44:59;170;56;32;25;9;11;6;5;2;3;2
2019-04-10 16:45:58;170;56;32;25;9;11;6;5;2;3;2
2019-04-10 16:46:59;172;57;33;25;9;11;6;5;2;3;2
2019-04-10 16:47:59;172;57;33;25;9;11;6;5;2;3;2
2019-04-10 16:49:00;172;57;33;25;9;11;6;5;2;3;2
2019-04-10 16:49:58;172;57;33;25;9;11;6;5;2;3;2
2019-04-10 16:50:59;172;57;33;25;9;11;6;5;2;3;2
2019-04-10 16:51:58;172;57;33;25;9;11;6;5;2;3;2
2019-04-10 16:52:59;173;58;33;25;9;11;6;5;2;3;2
2019-04-10 16:53:59;173;58;33;25;9;11;6;5;2;3;2
2019-04-10 16:54:58;173;57;33;25;9;11;6;5;2;3;3
2019-04-10 16:55:59;173;57;33;25;9;11;6;5;2;3;3
2019-04-10 16:56:59;173;57;33;25;9;11;6;5;2;3;3
2019-04-10 16:58:00;173;57;33;25;9;11;6;5;2;3;3
2019-04-10 16:58:58;173;57;33;25;9;11;6;5;2;3;3
2019-04-10 16:59:59;174;57;33;25;9;11;6;5;2;3;3
2019-04-10 17:00:58;174;57;33;25;9;11;6;5;2;3;3
2019-04-10 17:01:59;174;57;33;25;9;11;6;5;2;3;3
2019-04-10 17:02:59;174;57;33;25;9;11;6;5;2;3;3
2019-04-10 17:03:58;174;57;33;25;9;11;6;5;2;3;3
2019-04-10 17:04:59;174;57;33;25;9;11;6;5;2;3;3
2019-04-10 17:05:59;174;57;33;25;9;11;6;5;2;3;3
2019-04-10 17:06:58;174;57;33;25;9;11;6;5;2;3;3
2019-04-10 17:07:59;174;57;33;25;9;11;6;5;2;3;3
2019-04-10 17:08:58;174;57;33;25;9;11;6;5;2;3;3
2019-04-10 17:09:59;174;57;33;25;9;11;6;5;2;3;3
2019-04-10 17:10:59;174;57;33;25;9;11;6;5;2;3;3
2019-04-10 17:11:58;174;57;33;25;9;11;6;5;2;3;3
2019-04-10 17:12:59;174;57;33;25;9;11;6;5;2;3;3
2019-04-10 17:13:59;174;57;33;25;9;11;6;5;2;3;3
2019-04-10 17:14:58;174;57;33;25;9;11;6;5;2;3;3
2019-04-10 17:15:59;174;57;33;25;9;11;6;5;2;3;3
2019-04-10 17:16:59;174;57;33;25;9;11;6;5;2;3;3
2019-04-10 17:18:00;174;57;33;25;9;11;6;5;2;3;3
2019-04-10 17:18:58;174;57;33;25;9;11;6;5;2;3;3
2019-04-10 17:19:59;174;57;33;25;9;11;6;5;2;3;3
2019-04-10 17:20:59;174;57;33;25;9;11;6;5;2;3;3
2019-04-10 17:21:58;174;57;33;25;9;11;6;5;2;3;3
2019-04-10 17:22:59;174;57;33;25;9;11;6;5;2;3;3
2019-04-10 17:23:59;174;57;33;25;9;11;6;5;2;3;3
2019-04-10 17:24:58;174;57;33;25;9;11;6;5;2;3;3
2019-04-10 17:25:59;174;57;33;25;9;11;6;5;2;3;3
2019-04-10 17:26:59;174;57;33;25;9;11;6;5;2;3;3
2019-04-10 17:27:58;174;57;33;25;9;11;6;5;2;3;3
2019-04-10 17:28:59;174;57;33;25;9;11;6;5;2;3;3
2019-04-10 17:29:59;174;57;33;25;9;11;6;5;2;3;3
2019-04-10 17:30:58;174;57;33;25;9;11;6;5;2;3;3
2019-04-10 17:31:59;174;57;33;25;9;11;6;5;2;3;3
2019-04-10 17:32:59;174;57;33;25;9;11;6;5;2;3;3
2019-04-10 17:33:58;174;57;33;25;9;11;6;5;2;3;3
2019-04-10 17:34:59;174;57;33;25;9;11;6;5;2;3;3
2019-04-10 17:35:59;174;57;33;25;9;11;6;5;2;3;3
2019-04-10 17:36:58;174;57;33;25;9;11;6;5;2;3;3
2019-04-10 17:37:59;174;57;33;25;9;11;6;5;2;3;3
2019-04-10 17:38:59;174;57;33;25;9;11;6;5;2;3;3
2019-04-10 17:39:58;174;57;33;25;9;11;6;5;2;3;3
2019-04-10 17:40:59;174;57;33;25;9;11;6;5;2;3;3
2019-04-10 17:41:58;174;57;33;25;9;11;6;5;2;3;3
2019-04-10 17:42:59;174;57;33;25;9;11;6;5;2;3;3
2019-04-10 17:43:59;175;58;33;25;9;11;6;5;2;3;3
2019-04-10 17:44:58;175;58;33;25;9;11;6;5;2;3;3
2019-04-10 17:45:59;176;59;33;25;9;11;6;5;2;3;3
2019-04-10 17:46:58;176;59;33;25;9;11;6;5;2;3;3
2019-04-10 17:47:59;176;59;33;25;9;11;6;5;2;3;3
2019-04-10 17:48:59;176;59;33;25;9;11;6;5;2;3;3
2019-04-10 17:49:58;177;60;33;25;9;11;6;5;2;3;3
2019-04-10 17:50:59;177;60;33;25;9;11;6;5;2;3;3
2019-04-10 17:51:59;177;60;33;25;9;11;6;5;2;3;3
2019-04-10 17:52:58;177;60;33;25;9;11;6;5;2;3;3
2019-04-10 17:53:59;178;61;33;25;9;11;6;5;2;3;3
2019-04-10 17:54:59;178;61;33;25;9;11;6;5;2;3;3
2019-04-10 17:55:58;179;61;33;25;10;11;6;5;2;3;3
2019-04-10 17:56:59;179;61;33;25;10;11;6;5;2;3;3
2019-04-10 17:57:59;179;61;33;25;10;11;6;5;2;3;3
2019-04-10 17:58:58;179;61;33;25;10;11;6;5;2;3;3
2019-04-10 17:59:59;180;62;33;25;10;11;6;5;2;3;3
2019-04-10 18:00:58;180;62;33;25;10;11;6;5;2;3;3
2019-04-10 18:01:59;180;62;33;25;10;11;6;5;2;3;3
2019-04-10 18:02:59;181;62;33;25;11;11;6;5;2;3;3
2019-04-10 18:03:58;181;62;33;25;11;11;6;5;2;3;3
2019-04-10 18:04:59;181;62;33;25;11;11;6;5;2;3;3
2019-04-10 18:05:59;181;62;33;25;11;11;6;5;2;3;3
2019-04-10 18:06:58;181;62;33;25;11;11;6;5;2;3;3
2019-04-10 18:07:59;182;62;33;25;12;11;6;5;2;3;3
2019-04-10 18:08:59;182;62;33;25;12;11;6;5;2;3;3
2019-04-10 18:09:58;182;62;33;25;12;11;6;5;2;3;3
2019-04-10 18:10:59;182;62;33;25;12;11;6;5;2;3;3
2019-04-10 18:11:59;182;62;33;25;12;11;6;5;2;3;3
2019-04-10 18:12:58;182;62;33;25;12;11;6;5;2;3;3
2019-04-10 18:13:59;182;62;33;25;12;11;6;5;2;3;3
2019-04-10 18:14:59;182;62;33;25;12;11;6;5;2;3;3
2019-04-10 18:15:58;182;62;33;25;12;11;6;5;2;3;3
2019-04-10 18:16:59;182;62;33;25;12;11;6;5;2;3;3
2019-04-10 18:17:59;182;62;32;25;13;11;6;5;2;3;3
2019-04-10 18:18:58;182;62;32;25;13;11;6;5;2;3;3
2019-04-10 18:19:59;182;62;32;25;13;11;6;5;2;3;3
2019-04-10 18:20:58;183;63;32;25;13;11;6;5;2;3;3
2019-04-10 18:21:59;183;63;32;25;13;11;6;5;2;3;3
2019-04-10 18:22:59;183;63;32;25;13;11;6;5;2;3;3
2019-04-10 18:23:58;183;63;32;25;13;11;6;5;2;3;3
2019-04-10 18:24:59;183;63;32;25;13;11;6;5;2;3;3
2019-04-10 18:25:59;183;63;32;25;13;11;6;5;2;3;3
2019-04-10 18:26:58;183;63;32;25;13;11;6;5;2;3;3
2019-04-10 18:27:59;183;63;32;25;13;11;6;5;2;3;3
2019-04-10 18:28:59;183;63;32;25;13;11;6;5;2;3;3
2019-04-10 18:29:58;183;63;32;25;13;11;6;5;2;3;3
2019-04-10 18:30:59;183;63;32;25;13;11;6;5;2;3;3
2019-04-10 18:31:59;183;63;32;25;13;11;6;5;2;3;3
2019-04-10 18:32:58;183;63;32;25;13;11;6;5;2;3;3
2019-04-10 18:33:59;183;63;32;25;13;11;6;5;2;3;3
2019-04-10 18:34:59;183;63;32;25;13;11;6;5;2;3;3
2019-04-10 18:35:58;183;63;32;25;13;11;6;5;2;3;3
2019-04-10 18:36:59;183;63;32;25;13;11;6;5;2;3;3
2019-04-10 18:37:59;183;63;32;25;13;11;6;5;2;3;3
2019-04-10 18:38:58;183;63;32;25;13;11;6;5;2;3;3
2019-04-10 18:39:59;184;63;32;25;13;11;6;6;2;3;3
2019-04-10 18:40:58;184;63;32;25;13;11;6;6;2;3;3
2019-04-10 18:41:59;184;63;32;25;13;11;6;6;2;3;3
2019-04-10 18:42:59;184;63;32;25;13;11;6;6;2;3;3
2019-04-10 18:43:59;184;63;32;25;13;11;6;6;2;3;3
2019-04-10 18:44:58;184;63;32;25;13;11;6;6;2;3;3
2019-04-10 18:45:59;184;63;32;25;13;11;6;6;2;3;3
2019-04-10 18:46:59;184;63;32;25;13;11;6;6;2;3;3
2019-04-10 18:47:58;184;63;32;25;13;11;6;6;2;3;3
2019-04-10 18:48:59;184;63;32;25;13;11;6;6;2;3;3
2019-04-10 18:49:58;184;63;32;25;13;11;6;6;2;3;3
2019-04-10 18:50:59;184;63;32;25;13;11;6;6;2;3;3
2019-04-10 18:52:00;184;63;32;25;13;11;6;6;2;3;3
2019-04-10 18:52:58;184;63;32;25;13;11;6;6;2;3;3
2019-04-10 18:53:59;184;63;32;25;13;11;6;6;2;3;3
2019-04-10 18:54:59;184;63;32;25;13;11;6;6;2;3;3
2019-04-10 18:55:58;184;63;32;25;13;11;6;6;2;3;3
2019-04-10 18:56:59;184;63;32;25;13;11;6;6;2;3;3
2019-04-10 18:57:59;184;63;32;25;13;11;6;6;2;3;3
2019-04-10 18:58:58;184;63;32;25;13;11;6;6;2;3;3
2019-04-10 18:59:59;184;63;32;25;13;11;6;6;2;3;3
2019-04-10 19:00:59;184;63;32;25;13;11;6;6;2;3;3
2019-04-10 19:01:58;184;63;32;25;13;11;6;6;2;3;3
2019-04-10 19:02:59;184;63;32;25;13;11;6;6;2;3;3
2019-04-10 19:03:59;184;63;32;25;13;11;6;6;2;3;3
2019-04-10 19:04:58;184;63;32;25;13;11;6;6;2;3;3
2019-04-10 19:05:59;184;63;32;25;13;11;6;6;2;3;3
2019-04-10 19:06:59;185;63;32;26;13;11;6;6;2;3;3
2019-04-10 19:07:58;185;63;32;26;13;11;6;6;2;3;3
2019-04-10 19:08:59;185;63;32;26;13;11;6;6;2;3;3
2019-04-10 19:09:58;185;63;32;26;13;11;6;6;2;3;3
2019-04-10 19:10:59;187;63;34;26;13;11;6;6;2;3;3
2019-04-10 19:11:59;187;63;34;26;13;11;6;6;2;3;3
2019-04-10 19:12:58;187;63;34;26;13;11;6;6;2;3;3
2019-04-10 19:13:59;187;63;34;26;13;11;6;6;2;3;3
2019-04-10 19:14:59;187;63;34;26;13;11;6;6;2;3;3
2019-04-10 19:15:58;187;63;34;26;13;11;6;6;2;3;3
2019-04-10 19:16:59;187;63;34;26;13;11;6;6;2;3;3
2019-04-10 19:17:59;187;63;34;26;13;11;6;6;2;3;3
2019-04-10 19:18:58;187;63;34;26;13;11;6;6;2;3;3
2019-04-10 19:19:59;187;63;34;26;13;11;6;6;2;3;3
2019-04-10 19:20:58;187;63;34;26;13;11;6;6;2;3;3
2019-04-10 19:21:59;187;63;34;26;13;11;6;6;2;3;3
2019-04-10 19:22:59;187;63;34;26;13;11;6;6;2;3;3
2019-04-10 19:23:58;187;63;34;26;13;11;6;6;2;3;3
2019-04-10 19:24:59;187;63;34;26;13;11;6;6;2;3;3
2019-04-10 19:25:58;187;63;34;26;13;11;6;6;2;3;3
2019-04-10 19:26:59;187;63;34;26;13;11;6;6;2;3;3
2019-04-10 19:27:59;187;63;34;26;13;11;6;6;2;3;3
2019-04-10 19:28:58;187;63;34;26;13;11;6;6;2;3;3
2019-04-10 19:29:59;188;63;34;26;14;11;6;6;2;3;3
2019-04-10 19:30:59;188;63;34;26;14;11;6;6;2;3;3
2019-04-10 19:31:58;188;63;34;26;14;11;6;6;2;3;3
2019-04-10 19:32:59;189;64;34;26;14;11;6;6;2;3;3
2019-04-10 19:33:58;189;64;34;26;14;11;6;6;2;3;3
2019-04-10 19:34:59;189;64;34;26;14;11;6;6;2;3;3
2019-04-10 19:35:58;190;65;34;26;14;11;6;6;2;3;3
2019-04-10 19:36:59;190;65;34;26;14;11;6;6;2;3;3
2019-04-10 19:37:59;190;65;34;26;14;11;6;6;2;3;3
2019-04-10 19:38:58;190;65;34;26;14;11;6;6;2;3;3
2019-04-10 19:39:59;191;65;35;26;14;11;6;6;2;3;3
2019-04-10 19:40:59;191;65;35;26;14;11;6;6;2;3;3
2019-04-10 19:41:58;191;65;35;26;14;11;6;6;2;3;3
2019-04-10 19:42:59;191;65;35;26;14;11;6;6;2;3;3
2019-04-10 19:43:59;191;65;35;26;14;11;6;6;2;3;3
2019-04-10 19:44:58;191;65;35;26;14;11;6;6;2;3;3
2019-04-10 19:45:59;192;66;35;26;14;11;6;6;2;3;3
2019-04-10 19:46:58;192;66;35;26;14;11;6;6;2;3;3
2019-04-10 19:47:59;192;66;35;26;14;11;6;6;2;3;3
2019-04-10 19:48:59;192;66;35;26;14;11;6;6;2;3;3
2019-04-10 19:49:58;192;66;35;26;14;11;6;6;2;3;3
2019-04-10 19:50:59;192;66;35;26;14;11;6;6;2;3;3
2019-04-10 19:51:59;192;66;35;26;14;11;6;6;2;3;3
2019-04-10 19:52:58;192;66;35;26;14;11;6;6;2;3;3
2019-04-10 19:53:59;192;66;35;26;14;11;6;6;2;3;3
2019-04-10 19:54:59;192;66;35;26;14;11;6;6;2;3;3
2019-04-10 19:55:58;193;67;35;26;14;11;6;6;2;3;3
2019-04-10 19:56:59;193;67;35;26;14;11;6;6;2;3;3
2019-04-10 19:57:59;193;67;35;26;14;11;6;6;2;3;3
2019-04-10 19:58:58;193;67;35;26;14;11;6;6;2;3;3
2019-04-10 19:59:59;193;67;35;26;14;11;6;6;2;3;3
2019-04-10 20:00:59;193;67;35;26;14;11;6;6;2;3;3
2019-04-10 20:01:58;193;67;35;26;14;11;6;6;2;3;3
2019-04-10 20:02:59;193;67;35;26;14;11;6;6;2;3;3
2019-04-10 20:03:58;193;67;35;26;14;11;6;6;2;3;3
2019-04-10 20:04:59;193;67;35;26;14;11;6;6;2;3;3
2019-04-10 20:05:59;193;67;35;26;14;11;6;6;2;3;3
2019-04-10 20:06:58;193;67;35;26;14;11;6;6;2;3;3
2019-04-10 20:07:59;193;67;35;26;14;11;6;6;2;3;3
2019-04-10 20:08:59;193;67;35;26;14;11;6;6;2;3;3
2019-04-10 20:09:58;194;67;36;26;14;11;6;6;2;3;3
2019-04-10 20:10:59;195;67;36;27;14;11;6;6;2;3;3
2019-04-10 20:11:58;195;67;36;27;14;11;6;6;2;3;3
2019-04-10 20:12:59;196;67;36;27;14;11;7;6;2;3;3
2019-04-10 20:13:59;196;67;36;27;14;11;7;6;2;3;3
2019-04-10 20:14:58;197;68;36;27;14;11;7;6;2;3;3
2019-04-10 20:15:59;197;68;36;27;14;11;7;6;2;3;3
2019-04-10 20:16:59;197;68;36;27;14;11;7;6;2;3;3
2019-04-10 20:17:58;197;68;36;27;14;11;7;6;2;3;3
2019-04-10 20:18:59;197;68;36;27;14;11;7;6;2;3;3
2019-04-10 20:19:59;197;68;36;27;14;11;7;6;2;3;3
2019-04-10 20:20:58;197;68;36;27;14;11;7;6;2;3;3
2019-04-10 20:21:59;197;68;36;27;14;11;7;6;2;3;3
2019-04-10 20:22:59;197;68;36;27;14;11;7;6;2;3;3
2019-04-10 20:23:58;197;68;36;27;14;11;7;6;2;3;3
2019-04-10 20:24:59;198;69;36;27;14;11;7;6;2;3;3
2019-04-10 20:25:58;198;69;36;27;14;11;7;6;2;3;3
2019-04-10 20:26:59;198;69;36;27;14;11;7;6;2;3;3
2019-04-10 20:27:59;198;69;36;27;14;11;7;6;2;3;3
2019-04-10 20:28:58;198;69;36;27;14;11;7;6;2;3;3
2019-04-10 20:29:59;199;69;37;27;14;11;7;6;2;3;3
2019-04-10 20:30:59;199;69;37;27;14;11;7;6;2;3;3
2019-04-10 20:31:58;200;69;37;28;14;11;7;6;2;3;3
2019-04-10 20:32:59;200;69;37;28;14;11;7;6;2;3;3
2019-04-10 20:33:59;200;69;37;28;14;11;7;6;2;3;3
2019-04-10 20:34:58;200;69;37;28;14;11;7;6;2;3;3
2019-04-10 20:35:59;200;69;37;28;14;11;7;6;2;3;3
2019-04-10 20:36:59;200;69;37;28;14;11;7;6;2;3;3
2019-04-10 20:37:58;201;69;37;28;14;11;7;6;2;3;3
2019-04-10 20:38:59;201;69;37;28;14;11;7;6;2;3;3
2019-04-10 20:39:59;201;69;37;28;14;11;7;6;2;3;3
2019-04-10 20:40:58;201;69;37;28;14;11;7;6;2;3;3
2019-04-10 20:41:59;201;69;37;28;14;11;7;6;2;3;3
2019-04-10 20:43:00;201;69;37;28;14;11;7;6;2;3;3
2019-04-10 20:43:58;202;69;37;29;14;11;7;6;2;3;3
2019-04-10 20:44:59;202;69;37;29;14;11;7;6;2;3;3
2019-04-10 20:45:58;202;69;37;29;14;11;7;6;2;3;3
2019-04-10 20:46:59;202;69;37;29;14;11;7;6;2;3;3
2019-04-10 20:47:59;202;70;36;29;14;11;7;6;2;3;3
2019-04-10 20:49:00;202;69;37;29;14;11;7;6;2;3;3
2019-04-10 20:49:58;202;69;37;29;14;11;7;6;2;3;3
2019-04-10 20:50:59;202;69;37;29;14;11;7;6;2;3;3
2019-04-10 20:51:59;202;69;37;29;14;11;7;6;2;3;3
2019-04-10 20:52:58;203;69;38;29;14;11;7;6;2;3;3
2019-04-10 20:53:59;203;69;38;29;14;11;7;6;2;3;3
2019-04-10 20:54:58;203;69;38;29;14;11;7;6;2;3;3
2019-04-10 20:55:59;203;69;38;29;14;11;7;6;2;3;3
2019-04-10 20:56:59;203;69;38;29;14;11;7;6;2;3;3
2019-04-10 20:57:58;203;69;38;29;14;11;7;6;2;3;3
2019-04-10 20:58:59;203;69;38;29;14;11;7;6;2;3;3
2019-04-10 20:59:59;203;69;38;29;14;11;7;6;2;3;3
2019-04-10 21:00:58;203;69;38;29;14;11;7;6;2;3;3
2019-04-10 21:01:59;203;69;38;29;14;11;7;6;2;3;3
2019-04-10 21:02:59;203;69;38;29;14;11;7;6;2;3;3
2019-04-10 21:03:58;203;69;38;29;14;11;7;6;2;3;3
2019-04-10 21:04:59;203;69;38;29;14;11;7;6;2;3;3
2019-04-10 21:05:59;203;69;38;29;14;11;7;6;2;3;3
2019-04-10 21:06:58;203;69;38;29;14;11;7;6;2;3;3
2019-04-10 21:07:59;203;69;38;29;14;11;7;6;2;3;3
2019-04-10 21:08:58;203;69;38;29;14;11;7;6;2;3;3
2019-04-10 21:09:59;203;69;38;29;14;11;7;6;2;3;3
2019-04-10 21:10:59;204;70;38;29;14;11;7;6;2;3;3
2019-04-10 21:11:58;205;70;39;29;14;11;7;6;2;3;3
2019-04-10 21:12:59;205;70;39;29;14;11;7;6;2;3;3
2019-04-10 21:13:59;205;70;39;29;14;11;7;6;2;3;3
2019-04-10 21:14:58;205;70;39;29;14;11;7;6;2;3;3
2019-04-10 21:15:59;205;70;39;29;14;11;7;6;2;3;3
2019-04-10 21:16:59;205;70;39;29;14;11;7;6;2;3;3
2019-04-10 21:17:58;205;70;39;29;14;11;7;6;2;3;3
2019-04-10 21:18:59;205;70;39;29;14;11;7;6;2;3;3
2019-04-10 21:19:59;205;70;39;29;14;11;7;6;2;3;3
2019-04-10 21:20:58;205;70;39;29;14;11;7;6;2;3;3
2019-04-10 21:21:59;205;70;39;29;14;11;7;6;2;3;3
2019-04-10 21:22:58;205;70;39;29;14;11;7;6;2;3;3
2019-04-10 21:23:59;205;70;39;29;14;11;7;6;2;3;3
2019-04-10 21:24:59;205;70;39;29;14;11;7;6;2;3;3
2019-04-10 21:25:58;205;70;39;29;14;11;7;6;2;3;3
2019-04-10 21:26:59;205;70;39;29;14;11;7;6;2;3;3
2019-04-10 21:27:58;205;70;39;29;14;11;7;6;2;3;3
2019-04-10 21:28:59;205;70;39;29;14;11;7;6;2;3;3
2019-04-10 21:29:58;205;70;39;29;14;11;7;6;2;3;3
2019-04-10 21:30:59;205;70;39;29;14;11;7;6;2;3;3
2019-04-10 21:31:59;205;70;39;29;14;11;7;6;2;3;3
2019-04-10 21:32:58;205;70;39;29;14;11;7;6;2;3;3
2019-04-10 21:33:59;205;70;39;29;14;11;7;6;2;3;3
2019-04-10 21:35:00;206;70;39;29;14;11;7;6;3;3;3
2019-04-10 21:35:58;206;70;39;29;14;11;7;6;3;3;3
2019-04-10 21:36:59;206;70;39;29;14;11;7;6;3;3;3
2019-04-10 21:37:58;206;70;39;29;14;11;7;6;3;3;3
2019-04-10 21:38:59;206;70;39;29;14;11;7;6;3;3;3
2019-04-10 21:39:59;206;70;39;29;14;11;7;6;3;3;3
2019-04-10 21:40:58;206;70;39;29;14;11;7;6;3;3;3
2019-04-10 21:41:59;206;70;39;29;14;11;7;6;3;3;3
2019-04-10 21:42:59;206;70;39;29;14;11;7;6;3;3;3
2019-04-10 21:43:58;206;70;39;29;14;11;7;6;3;3;3
2019-04-10 21:44:59;207;71;39;29;14;11;7;6;3;3;3
2019-04-10 21:46:00;207;71;39;29;14;11;7;6;3;3;3
2019-04-10 21:46:58;207;71;39;29;14;11;7;6;3;3;3
2019-04-10 21:47:59;207;71;39;29;14;11;7;6;3;3;3
2019-04-10 21:48:58;207;71;39;29;14;11;7;6;3;3;3
2019-04-10 21:49:59;207;71;39;29;14;11;7;6;3;3;3
2019-04-10 21:50:59;207;71;39;29;14;11;7;6;3;3;3
2019-04-10 21:51:58;207;71;39;29;14;11;7;6;3;3;3
2019-04-10 21:52:59;207;71;39;29;14;11;7;6;3;3;3
2019-04-10 21:53:59;207;71;39;29;14;11;7;6;3;3;3
2019-04-10 21:54:58;207;71;39;29;14;11;7;6;3;3;3
2019-04-10 21:55:59;207;71;39;29;14;11;7;6;3;3;3
2019-04-10 21:57:00;207;71;39;29;14;11;7;6;3;3;3
2019-04-10 21:57:58;207;71;39;29;14;11;7;6;3;3;3
2019-04-10 21:58:59;207;71;39;29;14;11;7;6;3;3;3
2019-04-10 21:59:58;207;71;39;29;14;11;7;6;3;3;3
2019-04-10 22:00:59;207;71;39;29;14;11;7;6;3;3;3
2019-04-10 22:01:59;208;71;39;29;14;11;7;6;4;3;3
2019-04-10 22:02:58;208;71;39;29;14;11;7;6;4;3;3
2019-04-10 22:03:59;208;71;39;29;14;11;7;6;4;3;3
2019-04-10 22:04:59;208;71;39;29;14;11;7;6;4;3;3
2019-04-10 22:05:58;208;71;39;29;14;11;7;6;4;3;3
2019-04-10 22:06:59;208;71;39;29;14;11;7;6;4;3;3
2019-04-10 22:07:58;207;70;38;30;14;11;7;6;4;3;3
2019-04-10 22:08:59;208;70;38;30;15;11;7;6;4;3;3
2019-04-10 22:09:59;208;70;38;30;15;11;7;6;4;3;3
2019-04-10 22:10:58;208;70;38;30;15;11;7;6;4;3;3
2019-04-10 22:11:59;208;70;38;30;15;11;7;6;4;3;3
2019-04-10 22:12:59;208;70;38;30;15;11;7;6;4;3;3
2019-04-10 22:13:58;208;70;38;30;15;11;7;6;4;3;3
2019-04-10 22:14:59;208;70;38;30;15;11;7;6;4;3;3
2019-04-10 22:15:58;208;70;38;30;15;11;7;6;4;3;3
2019-04-10 22:16:59;208;70;38;30;15;11;7;6;4;3;3
2019-04-10 22:17:59;208;70;38;30;15;11;7;6;4;3;3
2019-04-10 22:18:58;208;70;38;30;15;11;7;6;4;3;3
2019-04-10 22:19:59;208;70;38;30;15;11;7;6;4;3;3
2019-04-10 22:20:58;208;70;38;30;15;11;7;6;4;3;3
2019-04-10 22:21:59;208;70;38;30;15;11;7;6;4;3;3
2019-04-10 22:22:59;208;70;38;30;15;11;7;6;4;3;3
2019-04-10 22:23:58;208;70;38;30;15;11;7;6;4;3;3
2019-04-10 22:24:59;208;70;38;30;15;11;7;6;4;3;3
2019-04-10 22:26:00;209;71;38;30;15;11;7;6;4;3;3
2019-04-10 22:26:58;209;71;38;30;15;11;7;6;4;3;3
2019-04-10 22:27:59;210;72;38;30;15;11;7;6;4;3;3
2019-04-10 22:28:58;210;72;38;30;15;11;7;6;4;3;3
2019-04-10 22:29:59;210;72;38;30;15;11;7;6;4;3;3
2019-04-10 22:30:59;210;72;38;30;15;11;7;6;4;3;3
2019-04-10 22:31:58;210;72;38;30;15;11;7;6;4;3;3
2019-04-10 22:32:59;210;72;38;30;15;11;7;6;4;3;3
2019-04-10 22:33:59;210;72;38;30;15;11;7;6;4;3;3
2019-04-10 22:34:58;210;72;38;30;15;11;7;6;4;3;3
2019-04-10 22:35:59;210;72;38;30;15;11;7;6;4;3;3
2019-04-10 22:36:58;210;72;38;30;15;11;7;6;4;3;3
2019-04-10 22:37:59;210;72;38;30;15;11;7;6;4;3;3
2019-04-10 22:38:59;210;72;38;30;15;11;7;6;4;3;3
2019-04-10 22:39:58;210;72;38;30;15;11;7;6;4;3;3
2019-04-10 22:40:59;210;72;38;30;15;11;7;6;4;3;3
2019-04-10 22:41:59;210;72;38;30;15;11;7;6;4;3;3
2019-04-10 22:42:58;210;72;38;30;15;11;7;6;4;3;3
2019-04-10 22:43:59;210;72;38;30;15;11;7;6;4;3;3
2019-04-10 22:44:59;210;72;38;30;15;11;7;6;4;3;3
2019-04-10 22:45:58;210;72;38;30;15;11;7;6;4;3;3
2019-04-10 22:46:59;210;72;38;30;15;11;7;6;4;3;3
2019-04-10 22:48:00;210;72;38;30;15;11;7;6;4;3;3
2019-04-10 22:48:58;211;73;38;30;15;11;7;6;4;3;3
2019-04-10 22:49:59;211;73;38;30;15;11;7;6;4;3;3
2019-04-10 22:51:00;211;73;38;30;15;11;7;6;4;3;3
2019-04-10 22:51:58;211;73;38;30;15;11;7;6;4;3;3
2019-04-10 22:52:59;211;73;38;30;15;11;7;6;4;3;3
2019-04-10 22:53:58;211;73;38;30;15;11;7;6;4;3;3
2019-04-10 22:54:59;211;73;38;30;15;11;7;6;4;3;3
2019-04-10 22:55:58;211;73;38;30;15;11;7;6;4;3;3
2019-04-10 22:56:59;211;73;38;30;15;11;7;6;4;3;3
2019-04-10 22:57:59;211;73;38;30;15;11;7;6;4;3;3
2019-04-10 22:58:58;211;73;38;30;15;11;7;6;4;3;3
2019-04-10 22:59:59;211;73;38;30;15;11;7;6;4;3;3
2019-04-10 23:00:58;211;73;38;30;15;11;7;6;4;3;3
2019-04-10 23:01:59;211;73;38;30;15;11;7;6;4;3;3
2019-04-10 23:02:59;211;73;38;30;15;11;7;6;4;3;3
2019-04-10 23:03:58;211;73;38;30;15;11;7;6;4;3;3
2019-04-10 23:04:59;211;73;38;30;15;11;7;6;4;3;3
2019-04-10 23:05:59;211;73;38;30;15;11;7;6;4;3;3
2019-04-10 23:06:58;211;73;38;30;15;11;7;6;4;3;3
2019-04-10 23:07:59;211;73;38;30;15;11;7;6;4;3;3
2019-04-10 23:08:59;211;73;38;30;15;11;7;6;4;3;3
2019-04-10 23:09:58;210;73;38;30;15;11;7;6;4;3;3
2019-04-10 23:10:59;210;73;38;30;15;11;7;6;4;3;3
2019-04-10 23:11:59;210;73;38;30;15;11;7;6;4;3;3
2019-04-10 23:12:58;210;73;38;30;15;11;7;6;4;3;3
2019-04-10 23:13:59;210;73;38;30;15;11;7;6;4;3;3
2019-04-10 23:14:58;211;73;38;30;15;11;7;6;4;3;3
2019-04-10 23:15:59;211;73;38;30;15;11;7;6;4;3;3
2019-04-10 23:16:59;211;73;38;30;15;11;7;6;4;3;3
2019-04-10 23:17:58;211;73;38;30;15;11;7;6;4;3;3
2019-04-10 23:18:59;211;73;38;30;15;11;7;6;4;3;3
2019-04-10 23:19:59;211;73;38;30;15;11;7;6;4;3;3
2019-04-10 23:20:58;211;73;38;30;15;11;7;6;4;3;3
2019-04-10 23:21:59;211;73;38;30;15;11;7;6;4;3;3
2019-04-10 23:22:59;211;73;38;30;15;11;7;6;4;3;3
2019-04-10 23:23:58;211;73;38;30;15;11;7;6;4;3;3
2019-04-10 23:24:59;211;73;38;30;15;11;7;6;4;3;3
2019-04-10 23:25:59;212;74;38;30;15;11;7;6;4;3;3
2019-04-10 23:26:58;212;74;38;30;15;11;7;6;4;3;3
2019-04-10 23:27:59;212;74;38;30;15;11;7;6;4;3;3
2019-04-10 23:28:59;212;74;38;30;15;11;7;6;4;3;3
2019-04-10 23:29:58;212;74;38;30;15;11;7;6;4;3;3
2019-04-10 23:30:59;212;74;38;30;15;11;7;6;4;3;3
2019-04-10 23:31:58;212;74;38;30;15;11;7;6;4;3;3
2019-04-10 23:32:59;212;74;38;30;15;11;7;6;4;3;3
2019-04-10 23:33:59;212;74;38;30;15;11;7;6;4;3;3
2019-04-10 23:34:58;212;74;38;30;15;11;7;6;4;3;3
2019-04-10 23:35:59;212;74;38;30;15;11;7;6;4;3;3
2019-04-10 23:36:59;212;74;38;30;15;11;7;6;4;3;3
2019-04-10 23:37:58;213;75;38;30;15;11;7;6;4;3;3
2019-04-10 23:38:59;213;75;38;30;15;11;7;6;4;3;3
2019-04-10 23:39:58;213;75;38;30;15;11;7;6;4;3;3
2019-04-10 23:40:59;213;75;38;30;15;11;7;6;4;3;3
2019-04-10 23:41:58;213;75;38;30;15;11;7;6;4;3;3
2019-04-10 23:42:59;213;75;38;30;15;11;7;6;4;3;3
2019-04-10 23:43:59;213;75;38;30;15;11;7;6;4;3;3
2019-04-10 23:44:58;213;75;38;30;15;11;7;6;4;3;3
2019-04-10 23:45:59;213;75;38;30;15;11;7;6;4;3;3
2019-04-10 23:46:59;213;75;38;30;15;11;7;6;4;3;3
2019-04-10 23:47:58;213;75;38;30;15;11;7;6;4;3;3
2019-04-10 23:48:59;213;75;38;30;15;11;7;6;4;3;3
2019-04-10 23:49:59;213;75;38;30;15;11;7;6;4;3;3
2019-04-10 23:50:58;213;75;38;30;15;11;7;6;4;3;3
2019-04-10 23:51:59;213;75;38;30;15;11;7;6;4;3;3
2019-04-10 23:52:59;213;75;38;30;15;11;7;6;4;3;3
2019-04-10 23:53:58;213;75;38;30;15;11;7;6;4;3;3
2019-04-10 23:54:59;213;75;38;30;15;11;7;6;4;3;3
2019-04-10 23:55:59;213;75;38;30;15;11;7;6;4;3;3
2019-04-10 23:56:58;213;75;38;30;15;11;7;6;4;3;3
2019-04-10 23:57:59;213;75;38;30;15;11;7;6;4;3;3
2019-04-10 23:58:59;214;75;39;30;15;11;7;6;4;3;3
2019-04-10 23:59:58;214;75;39;30;15;11;7;6;4;3;3
