datetime;total_votes;Tae4ka;DrumBox;enze;Oleum;nickpo;voklo;petro-ew;asap;nenaabum;minddiffuzion
2019-08-21 00:00:59;28;10;0;7;0;1;1;3;1;0;0
2019-08-21 00:01:58;28;10;0;7;0;1;1;3;1;0;0
2019-08-21 00:02:59;28;10;0;7;0;1;1;3;1;0;0
2019-08-21 00:03:58;28;10;0;7;0;1;1;3;1;0;0
2019-08-21 00:04:59;28;10;0;7;0;1;1;3;1;0;0
2019-08-21 00:05:58;28;10;0;7;0;1;1;3;1;0;0
2019-08-21 00:06:59;28;10;0;7;0;1;1;3;1;0;0
2019-08-21 00:07:58;28;10;0;7;0;1;1;3;1;0;0
2019-08-21 00:08:59;28;10;0;7;0;1;1;3;1;0;0
2019-08-21 00:09:59;28;10;0;7;0;1;1;3;1;0;0
2019-08-21 00:10:58;28;10;0;7;0;1;1;3;1;0;0
2019-08-21 00:11:59;28;10;0;7;0;1;1;3;1;0;0
2019-08-21 00:12:58;28;10;0;7;0;1;1;3;1;0;0
2019-08-21 00:13:59;28;10;0;7;0;1;1;3;1;0;0
2019-08-21 00:14:58;28;10;0;7;0;1;1;3;1;0;0
2019-08-21 00:15:59;28;10;0;7;0;1;1;3;1;0;0
2019-08-21 00:16:59;28;10;0;7;0;1;1;3;1;0;0
2019-08-21 00:17:58;28;10;0;7;0;1;1;3;1;0;0
2019-08-21 00:18:59;28;10;0;7;0;1;1;3;1;0;0
2019-08-21 00:19:58;28;10;0;7;0;1;1;3;1;0;0
2019-08-21 00:20:59;28;10;0;7;0;1;1;3;1;0;0
2019-08-21 00:21:58;28;10;0;7;0;1;1;3;1;0;0
2019-08-21 00:22:59;28;10;0;7;0;1;1;3;1;0;0
2019-08-21 00:23:58;28;10;0;7;0;1;1;3;1;0;0
2019-08-21 00:24:59;28;10;0;7;0;1;1;3;1;0;0
2019-08-21 00:25:59;28;10;0;7;0;1;1;3;1;0;0
2019-08-21 00:26:58;28;10;0;7;0;1;1;3;1;0;0
2019-08-21 00:27:59;28;10;0;7;0;1;1;3;1;0;0
2019-08-21 00:28:58;28;10;0;7;0;1;1;3;1;0;0
2019-08-21 00:29:59;28;10;0;7;0;1;1;3;1;0;0
2019-08-21 00:30:58;29;11;0;7;0;1;1;3;1;0;0
2019-08-21 00:31:59;29;11;0;7;0;1;1;3;1;0;0
2019-08-21 00:32:58;29;11;0;7;0;1;1;3;1;0;0
2019-08-21 00:33:59;29;11;0;7;0;1;1;3;1;0;0
2019-08-21 00:34:58;29;11;0;7;0;1;1;3;1;0;0
2019-08-21 00:35:59;29;11;0;7;0;1;1;3;1;0;0
2019-08-21 00:36:59;29;11;0;7;0;1;1;3;1;0;0
2019-08-21 00:37:58;29;11;0;7;0;1;1;3;1;0;0
2019-08-21 00:38:59;29;11;0;7;0;1;1;3;1;0;0
2019-08-21 00:39:58;29;11;0;7;0;1;1;3;1;0;0
2019-08-21 00:40:59;29;11;0;7;0;1;1;3;1;0;0
2019-08-21 00:41:58;29;11;0;7;0;1;1;3;1;0;0
2019-08-21 00:42:59;29;11;0;7;0;1;1;3;1;0;0
2019-08-21 00:43:58;29;11;0;7;0;1;1;3;1;0;0
2019-08-21 00:44:59;29;11;0;7;0;1;1;3;1;0;0
2019-08-21 00:45:58;29;11;0;7;0;1;1;3;1;0;0
2019-08-21 00:46:59;29;11;0;7;0;1;1;3;1;0;0
2019-08-21 00:47:58;29;11;0;7;0;1;1;3;1;0;0
2019-08-21 00:48:59;29;11;0;7;0;1;1;3;1;0;0
2019-08-21 00:49:59;29;11;0;7;0;1;1;3;1;0;0
2019-08-21 00:50:58;29;11;0;7;0;1;1;3;1;0;0
2019-08-21 00:51:59;29;11;0;7;0;1;1;3;1;0;0
2019-08-21 00:52:58;29;11;0;7;0;1;1;3;1;0;0
2019-08-21 00:54:00;29;11;0;7;0;1;1;3;1;0;0
2019-08-21 00:54:58;29;11;0;7;0;1;1;3;1;0;0
2019-08-21 00:55:59;29;11;0;7;0;1;1;3;1;0;0
2019-08-21 00:56:59;29;11;0;7;0;1;1;3;1;0;0
2019-08-21 00:57:58;29;11;0;7;0;1;1;3;1;0;0
2019-08-21 00:58:59;29;11;0;7;0;1;1;3;1;0;0
2019-08-21 00:59:58;29;11;0;7;0;1;1;3;1;0;0
2019-08-21 01:00:59;29;11;0;7;0;1;1;3;1;0;0
2019-08-21 01:01:58;29;11;0;7;0;1;1;3;1;0;0
2019-08-21 01:02:59;29;11;0;7;0;1;1;3;1;0;0
2019-08-21 01:03:59;29;11;0;7;0;1;1;3;1;0;0
2019-08-21 01:04:58;29;11;0;7;0;1;1;3;1;0;0
2019-08-21 01:05:59;29;11;0;7;0;1;1;3;1;0;0
2019-08-21 01:06:58;29;11;0;7;0;1;1;3;1;0;0
2019-08-21 01:07:59;29;11;0;7;0;1;1;3;1;0;0
2019-08-21 01:08:58;29;11;0;7;0;1;1;3;1;0;0
2019-08-21 01:09:59;29;11;0;7;0;1;1;3;1;0;0
2019-08-21 01:10:59;30;12;0;7;0;1;1;3;1;0;0
2019-08-21 01:11:58;30;12;0;7;0;1;1;3;1;0;0
2019-08-21 01:12:59;30;12;0;7;0;1;1;3;1;0;0
2019-08-21 01:13:58;30;12;0;7;0;1;1;3;1;0;0
2019-08-21 01:14:59;30;12;0;7;0;1;1;3;1;0;0
2019-08-21 01:15:58;30;12;0;7;0;1;1;3;1;0;0
2019-08-21 01:16:59;30;12;0;7;0;1;1;3;1;0;0
2019-08-21 01:17:58;30;12;0;7;0;1;1;3;1;0;0
2019-08-21 01:18:59;30;12;0;7;0;1;1;3;1;0;0
2019-08-21 01:19:58;32;14;0;7;0;1;1;3;1;0;0
2019-08-21 01:20:59;32;14;0;7;0;1;1;3;1;0;0
2019-08-21 01:21:59;32;14;0;7;0;1;1;3;1;0;0
2019-08-21 01:22:58;32;14;0;7;0;1;1;3;1;0;0
2019-08-21 01:23:59;32;14;0;7;0;1;1;3;1;0;0
2019-08-21 01:24:58;32;14;0;7;0;1;1;3;1;0;0
2019-08-21 01:25:59;32;14;0;7;0;1;1;3;1;0;0
2019-08-21 01:26:58;32;14;0;7;0;1;1;3;1;0;0
2019-08-21 01:27:59;32;14;0;7;0;1;1;3;1;0;0
2019-08-21 01:28:59;32;14;0;7;0;1;1;3;1;0;0
2019-08-21 01:29:58;32;14;0;7;0;1;1;3;1;0;0
2019-08-21 01:30:59;32;14;0;7;0;1;1;3;1;0;0
2019-08-21 01:31:58;32;14;0;7;0;1;1;3;1;0;0
2019-08-21 01:32:59;32;14;0;7;0;1;1;3;1;0;0
2019-08-21 01:33:58;32;14;0;7;0;1;1;3;1;0;0
2019-08-21 01:34:59;32;14;0;7;0;1;1;3;1;0;0
2019-08-21 01:35:59;32;14;0;7;0;1;1;3;1;0;0
2019-08-21 01:36:58;32;14;0;7;0;1;1;3;1;0;0
2019-08-21 01:37:59;32;14;0;7;0;1;1;3;1;0;0
2019-08-21 01:38:58;32;14;0;7;0;1;1;3;1;0;0
2019-08-21 01:39:59;32;14;0;7;0;1;1;3;1;0;0
2019-08-21 01:40:59;32;14;0;7;0;1;1;3;1;0;0
2019-08-21 01:41:58;32;14;0;7;0;1;1;3;1;0;0
2019-08-21 01:42:59;32;14;0;7;0;1;1;3;1;0;0
2019-08-21 01:43:58;32;14;0;7;0;1;1;3;1;0;0
2019-08-21 01:44:59;32;14;0;7;0;1;1;3;1;0;0
2019-08-21 01:45:59;32;14;0;7;0;1;1;3;1;0;0
2019-08-21 01:46:58;33;14;0;7;0;1;1;3;1;0;0
2019-08-21 01:47:59;33;14;0;7;0;1;1;3;1;0;0
2019-08-21 01:48:58;33;14;0;7;0;1;1;3;1;0;0
2019-08-21 01:49:59;33;14;0;7;0;1;1;3;1;0;0
2019-08-21 01:50:58;33;14;0;7;0;1;1;3;1;0;0
2019-08-21 01:51:59;34;14;0;7;1;1;1;3;1;0;0
2019-08-21 01:52:59;34;14;0;7;1;1;1;3;1;0;0
2019-08-21 01:53:58;34;14;0;7;1;1;1;3;1;0;0
2019-08-21 01:54:59;34;14;0;7;1;1;1;3;1;0;0
2019-08-21 01:55:58;34;14;0;7;1;1;1;3;1;0;0
2019-08-21 01:56:59;34;14;0;7;1;1;1;3;1;0;0
2019-08-21 01:57:59;34;14;0;7;1;1;1;3;1;0;0
2019-08-21 01:58:58;34;14;0;7;1;1;1;3;1;0;0
2019-08-21 01:59:59;34;14;0;7;1;1;1;3;1;0;0
2019-08-21 02:00:58;34;14;0;7;1;1;1;3;1;0;0
2019-08-21 02:01:59;34;14;0;7;1;1;1;3;1;0;0
2019-08-21 02:02:58;34;14;0;7;1;1;1;3;1;0;0
2019-08-21 02:03:59;34;14;0;7;1;1;1;3;1;0;0
2019-08-21 02:04:59;34;14;0;7;1;1;1;3;1;0;0
2019-08-21 02:05:58;34;14;0;7;1;1;1;3;1;0;0
2019-08-21 02:06:59;34;14;0;7;1;1;1;3;1;0;0
2019-08-21 02:07:58;34;14;0;7;1;1;1;3;1;0;0
2019-08-21 02:08:59;34;14;0;7;1;1;1;3;1;0;0
2019-08-21 02:09:59;34;14;0;7;1;1;1;3;1;0;0
2019-08-21 02:10:58;35;14;0;7;0;1;1;3;1;0;0
2019-08-21 02:11:59;36;15;0;7;0;1;1;3;1;0;0
2019-08-21 02:12:58;36;15;0;7;0;1;1;3;1;0;0
2019-08-21 02:13:59;36;15;0;7;0;1;1;3;1;0;0
2019-08-21 02:14:58;36;15;0;7;0;1;1;3;1;0;0
2019-08-21 02:15:59;36;15;0;7;0;1;1;3;1;0;0
2019-08-21 02:16:59;36;15;0;7;0;1;1;3;1;0;0
2019-08-21 02:17:58;36;15;0;7;0;1;1;3;1;0;0
2019-08-21 02:18:59;36;15;0;7;0;1;1;3;1;0;0
2019-08-21 02:19:58;36;15;0;7;0;1;1;3;1;0;0
2019-08-21 02:20:59;36;15;0;7;0;1;1;3;1;0;0
2019-08-21 02:21:59;36;15;0;7;0;1;1;3;1;0;0
2019-08-21 02:22:58;36;15;0;7;0;1;1;3;1;0;0
2019-08-21 02:23:59;36;15;0;7;0;1;1;3;1;0;0
2019-08-21 02:24:58;36;15;0;7;0;1;1;3;1;0;0
2019-08-21 02:25:59;36;15;0;7;0;1;1;3;1;0;0
2019-08-21 02:26:59;36;15;0;7;0;1;1;3;1;0;0
2019-08-21 02:27:58;36;15;0;7;0;1;1;3;1;0;0
2019-08-21 02:28:59;37;16;0;7;0;1;1;3;1;0;0
2019-08-21 02:29:59;37;16;0;7;0;1;1;3;1;0;0
2019-08-21 02:30:58;38;17;0;7;0;1;1;3;1;0;0
2019-08-21 02:31:59;38;17;0;7;0;1;1;3;1;0;0
2019-08-21 02:32:58;38;17;0;7;0;1;1;3;1;0;0
2019-08-21 02:33:59;38;17;0;7;0;1;1;3;1;0;0
2019-08-21 02:34:58;38;17;0;7;0;1;1;3;1;0;0
2019-08-21 02:35:59;39;18;0;7;0;1;1;3;1;0;0
2019-08-21 02:36:59;39;18;0;7;0;1;1;3;1;0;0
2019-08-21 02:37:58;39;18;0;7;0;1;1;3;1;0;0
2019-08-21 02:39:00;39;18;0;7;0;1;1;3;1;0;0
2019-08-21 02:39:58;39;18;0;7;0;1;1;3;1;0;0
2019-08-21 02:40:59;39;18;0;7;0;1;1;3;1;0;0
2019-08-21 02:41:59;39;18;0;7;0;1;1;3;1;0;0
2019-08-21 02:42:58;39;18;0;7;0;1;1;3;1;0;0
2019-08-21 02:43:59;39;18;0;7;0;1;1;3;1;0;0
2019-08-21 02:44:58;39;18;0;7;0;1;1;3;1;0;0
2019-08-21 02:45:59;40;18;0;7;1;2;1;3;0;0;0
2019-08-21 02:46:59;40;18;0;7;1;2;1;3;0;0;0
2019-08-21 02:47:58;40;18;0;7;1;2;1;3;0;0;0
2019-08-21 02:48:59;41;18;0;7;1;2;1;3;0;0;0
2019-08-21 02:49:58;41;18;0;7;1;2;1;3;0;0;0
2019-08-21 02:50:59;42;19;0;7;1;2;1;3;0;0;0
2019-08-21 02:51:58;42;19;0;7;1;2;1;3;0;0;0
2019-08-21 02:52:59;42;19;0;7;1;2;1;3;0;0;0
2019-08-21 02:53:59;42;19;0;7;1;2;1;3;0;0;0
2019-08-21 02:54:58;42;19;0;7;1;2;1;3;0;0;0
2019-08-21 02:55:59;42;19;0;7;1;2;1;3;0;0;0
2019-08-21 02:56:58;42;19;0;7;1;2;1;3;0;0;0
2019-08-21 02:57:59;42;19;0;7;1;2;1;3;0;0;0
2019-08-21 02:58:59;42;19;0;7;1;2;1;3;0;0;0
2019-08-21 02:59:58;42;19;0;7;1;2;1;3;0;0;0
2019-08-21 03:00:59;42;19;0;7;1;2;1;3;0;0;0
2019-08-21 03:01:58;42;19;0;7;1;2;1;3;0;0;0
2019-08-21 03:02:59;42;19;0;7;1;2;1;3;0;0;0
2019-08-21 03:03:59;42;19;0;7;1;2;1;3;0;0;0
2019-08-21 03:04:58;42;19;0;7;1;2;1;3;0;0;0
2019-08-21 03:05:59;43;19;0;7;1;2;1;3;0;0;0
2019-08-21 03:06:58;43;19;0;7;1;2;1;3;0;0;0
2019-08-21 03:07:59;43;19;0;7;1;2;1;3;0;0;0
2019-08-21 03:08:59;43;19;0;7;1;2;1;3;0;0;0
2019-08-21 03:09:58;43;19;0;7;1;2;1;3;0;0;0
2019-08-21 03:10:59;43;19;0;7;1;2;1;3;0;0;0
2019-08-21 03:11:58;43;19;0;7;1;2;1;3;0;0;0
2019-08-21 03:12:59;43;19;0;7;1;2;1;3;0;0;0
2019-08-21 03:13:58;43;19;0;7;1;2;1;3;0;0;0
2019-08-21 03:14:59;43;19;0;7;1;2;1;3;0;0;0
2019-08-21 03:15:58;43;19;0;7;1;2;1;3;0;0;0
2019-08-21 03:16:59;43;19;0;7;1;2;1;3;0;0;0
2019-08-21 03:17:59;43;19;0;7;1;2;1;3;0;0;0
2019-08-21 03:18:58;43;19;0;7;1;2;1;3;0;0;0
2019-08-21 03:19:59;43;19;0;7;1;2;1;3;0;0;0
2019-08-21 03:20:58;43;19;0;7;1;2;1;3;0;0;0
2019-08-21 03:21:59;43;19;0;7;1;2;1;3;0;0;0
2019-08-21 03:22:59;43;19;0;7;1;2;1;3;0;0;0
2019-08-21 03:23:58;43;19;0;7;1;2;1;3;0;0;0
2019-08-21 03:24:59;43;19;0;7;1;2;1;3;0;0;0
2019-08-21 03:25:59;43;19;0;7;1;2;1;3;0;0;0
2019-08-21 03:26:58;43;19;0;7;1;2;1;3;0;0;0
2019-08-21 03:27:59;43;19;0;7;1;2;1;3;0;0;0
2019-08-21 03:28:58;43;19;0;7;1;2;1;3;0;0;0
2019-08-21 03:29:59;43;19;0;7;1;2;1;3;0;0;0
2019-08-21 03:30:58;43;19;0;7;1;2;1;3;0;0;0
2019-08-21 03:31:59;43;19;0;7;1;2;1;3;0;0;0
2019-08-21 03:32:58;43;19;0;7;1;2;1;3;0;0;0
2019-08-21 03:33:59;43;19;0;7;1;2;1;3;0;0;0
2019-08-21 03:34:59;43;19;0;7;1;2;1;3;0;0;0
2019-08-21 03:35:58;43;19;0;7;1;2;1;3;0;0;0
2019-08-21 03:36:59;43;19;0;7;1;2;1;3;0;0;0
2019-08-21 03:37:58;43;19;0;7;1;2;1;3;0;0;0
2019-08-21 03:38:59;43;19;0;7;1;2;1;3;0;0;0
2019-08-21 03:39:58;43;19;0;7;1;2;1;3;0;0;0
2019-08-21 03:41:00;43;19;0;7;1;2;1;3;0;0;0
2019-08-21 03:41:58;43;19;0;7;1;2;1;3;0;0;0
2019-08-21 03:42:59;43;19;0;7;1;2;1;3;0;0;0
2019-08-21 03:43:59;43;19;0;7;1;2;1;3;0;0;0
2019-08-21 03:44:58;43;19;0;7;1;2;1;3;0;0;0
2019-08-21 03:45:59;43;19;0;7;1;2;1;3;0;0;0
2019-08-21 03:46:58;43;19;0;7;1;2;1;3;0;0;0
2019-08-21 03:47:59;43;19;0;7;1;2;1;3;0;0;0
2019-08-21 03:48:58;43;19;0;7;1;2;1;3;0;0;0
2019-08-21 03:49:59;43;19;0;7;1;2;1;3;0;0;0
2019-08-21 03:50:59;43;19;0;7;1;2;1;3;0;0;0
2019-08-21 03:51:58;43;19;0;7;1;2;1;3;0;0;0
2019-08-21 03:52:59;44;20;0;7;1;2;1;3;0;0;0
2019-08-21 03:53:58;44;20;0;7;1;2;1;3;0;0;0
2019-08-21 03:54:59;44;20;0;7;1;2;1;3;0;0;0
2019-08-21 03:55:58;44;20;0;7;1;2;1;3;0;0;0
2019-08-21 03:56:59;44;20;0;7;1;2;1;3;0;0;0
2019-08-21 03:57:59;44;20;0;7;1;2;1;3;0;0;0
2019-08-21 03:58:58;44;20;0;7;1;2;1;3;0;0;0
2019-08-21 03:59:59;44;20;0;7;1;2;1;3;0;0;0
2019-08-21 04:00:58;44;20;0;7;1;2;1;3;0;0;0
2019-08-21 04:01:59;44;20;0;7;1;2;1;3;0;0;0
2019-08-21 04:02:58;44;20;0;7;1;2;1;3;0;0;0
2019-08-21 04:03:59;44;20;0;7;1;2;1;3;0;0;0
2019-08-21 04:04:58;44;20;0;7;1;2;1;3;0;0;0
2019-08-21 04:06:00;45;20;0;7;2;2;1;3;0;0;0
2019-08-21 04:06:58;45;20;0;7;2;2;1;3;0;0;0
2019-08-21 04:07:59;45;20;0;7;2;2;1;3;0;0;0
2019-08-21 04:08:59;45;20;0;7;2;2;1;3;0;0;0
2019-08-21 04:09:58;45;20;0;7;2;2;1;3;0;0;0
2019-08-21 04:10:59;45;20;0;7;2;2;1;3;0;0;0
2019-08-21 04:11:58;45;20;0;7;2;2;1;3;0;0;0
2019-08-21 04:12:59;45;20;0;7;2;2;1;3;0;0;0
2019-08-21 04:13:58;46;21;0;7;2;2;1;3;0;0;0
2019-08-21 04:14:59;46;21;0;7;2;2;1;3;0;0;0
2019-08-21 04:15:58;46;21;0;7;2;2;1;3;0;0;0
2019-08-21 04:16:59;47;21;0;7;2;2;0;3;1;0;0
2019-08-21 04:17:59;47;21;0;7;2;2;0;3;1;0;0
2019-08-21 04:18:58;47;21;0;7;2;2;0;3;1;0;0
2019-08-21 04:19:59;47;21;0;7;2;2;0;3;1;0;0
2019-08-21 04:20:58;47;21;0;7;2;2;0;3;1;0;0
2019-08-21 04:21:59;47;21;0;7;2;2;0;3;1;0;0
2019-08-21 04:22:58;47;21;0;7;2;2;0;3;1;0;0
2019-08-21 04:23:59;47;21;0;7;2;2;0;3;1;0;0
2019-08-21 04:24:59;47;21;0;7;2;2;0;3;1;0;0
2019-08-21 04:25:58;47;21;0;7;2;2;0;3;1;0;0
2019-08-21 04:26:59;47;21;0;7;2;2;0;3;1;0;0
2019-08-21 04:27:58;47;21;0;7;2;2;0;3;1;0;0
2019-08-21 04:28:59;47;21;0;7;2;2;0;3;1;0;0
2019-08-21 04:29:59;47;21;0;7;2;2;0;3;1;0;0
2019-08-21 04:30:58;47;21;0;7;2;2;0;3;1;0;0
2019-08-21 04:31:59;47;21;0;7;2;2;0;3;1;0;0
2019-08-21 04:32:58;47;21;0;7;2;2;0;3;1;0;0
2019-08-21 04:33:59;47;21;0;7;2;2;0;3;1;0;0
2019-08-21 04:34:58;47;21;0;7;2;2;0;3;1;0;0
2019-08-21 04:35:59;47;21;0;7;2;2;0;3;1;0;0
2019-08-21 04:36:58;47;21;0;7;2;2;0;3;1;0;0
2019-08-21 04:37:59;47;21;0;7;2;2;0;3;1;0;0
2019-08-21 04:38:58;47;21;0;7;2;2;0;3;1;0;0
2019-08-21 04:39:59;47;21;0;7;2;2;0;3;1;0;0
2019-08-21 04:40:59;47;21;0;7;2;2;0;3;1;0;0
2019-08-21 04:41:58;48;21;0;7;3;2;0;3;1;0;0
2019-08-21 04:42:59;48;21;0;7;3;2;0;3;1;0;0
2019-08-21 04:43:58;48;21;0;7;3;2;0;3;1;0;0
2019-08-21 04:44:59;48;21;0;7;3;2;0;3;1;0;0
2019-08-21 04:45:59;48;21;0;7;3;2;0;3;1;0;0
2019-08-21 04:46:58;48;21;0;7;3;2;0;3;1;0;0
2019-08-21 04:47:59;48;21;0;7;3;2;0;3;1;0;0
2019-08-21 04:48:58;49;22;0;7;3;2;0;3;1;0;0
2019-08-21 04:49:59;49;22;0;7;3;2;0;3;1;0;0
2019-08-21 04:50:58;49;22;0;7;3;2;0;3;1;0;0
2019-08-21 04:51:59;49;22;0;7;3;2;0;3;1;0;0
2019-08-21 04:52:58;49;22;0;7;3;2;0;3;1;0;0
2019-08-21 04:53:59;49;22;0;7;3;2;0;3;1;0;0
2019-08-21 04:54:59;50;23;0;7;3;2;0;3;1;0;0
2019-08-21 04:55:58;50;23;0;7;3;2;0;3;1;0;0
2019-08-21 04:56:59;50;23;0;7;3;2;0;3;1;0;0
2019-08-21 04:57:58;50;23;0;7;3;2;0;3;1;0;0
2019-08-21 04:58:59;50;23;0;7;3;2;0;3;1;0;0
2019-08-21 04:59:59;51;24;0;7;3;2;0;3;1;0;0
2019-08-21 05:00:58;52;25;0;7;3;2;0;3;1;0;0
2019-08-21 05:01:59;52;25;0;7;3;2;0;3;1;0;0
2019-08-21 05:02:59;52;25;0;7;3;2;0;3;1;0;0
2019-08-21 05:03:58;52;25;0;7;3;2;0;3;1;0;0
2019-08-21 05:04:59;52;25;0;7;3;2;0;3;1;0;0
2019-08-21 05:05:58;52;25;0;7;3;2;0;3;1;0;0
2019-08-21 05:06:59;52;25;0;7;3;2;0;3;1;0;0
2019-08-21 05:07:59;52;25;0;7;3;2;0;3;1;0;0
2019-08-21 05:08:58;52;25;0;7;3;2;0;3;1;0;0
2019-08-21 05:09:59;52;25;0;7;3;2;0;3;1;0;0
2019-08-21 05:10:58;52;25;0;7;3;2;0;3;1;0;0
2019-08-21 05:11:59;52;25;0;7;3;2;0;3;1;0;0
2019-08-21 05:12:58;52;25;0;7;3;2;0;3;1;0;0
2019-08-21 05:13:59;52;25;0;7;3;2;0;3;1;0;0
2019-08-21 05:14:58;52;25;0;7;3;2;0;3;1;0;0
2019-08-21 05:15:59;52;25;0;7;3;2;0;3;1;0;0
2019-08-21 05:16:58;52;25;0;7;3;2;0;3;1;0;0
2019-08-21 05:17:59;52;25;0;7;3;2;0;3;1;0;0
2019-08-21 05:18:59;52;25;0;7;3;2;0;3;1;0;0
2019-08-21 05:19:58;52;25;0;7;3;2;0;3;1;0;0
2019-08-21 05:20:59;52;25;0;7;3;2;0;3;1;0;0
2019-08-21 05:21:58;52;25;0;7;3;2;0;3;1;0;0
2019-08-21 05:22:59;52;25;0;7;3;2;0;3;1;0;0
2019-08-21 05:23:58;52;25;0;7;3;2;0;3;1;0;0
2019-08-21 05:24:59;52;25;0;7;3;2;0;3;1;0;0
2019-08-21 05:25:58;52;25;0;7;3;2;0;3;1;0;0
2019-08-21 05:26:59;55;28;0;7;3;2;0;3;1;0;0
2019-08-21 05:27:59;55;28;0;7;3;2;0;3;1;0;0
2019-08-21 05:28:58;55;28;0;7;3;2;0;3;1;0;0
2019-08-21 05:29:59;55;28;0;7;3;2;0;3;1;0;0
2019-08-21 05:30:58;55;28;0;7;3;2;0;3;1;0;0
2019-08-21 05:31:59;57;28;0;7;4;2;1;3;1;0;0
2019-08-21 05:32:58;57;28;0;7;4;2;1;3;1;0;0
2019-08-21 05:34:00;57;28;0;7;4;2;1;3;1;0;0
2019-08-21 05:34:58;57;28;0;7;4;2;1;3;1;0;0
2019-08-21 05:35:59;58;29;0;7;4;2;1;3;1;0;0
2019-08-21 05:36:59;58;29;0;7;4;2;1;3;1;0;0
2019-08-21 05:37:58;58;29;0;7;4;2;1;3;1;0;0
2019-08-21 05:38:59;58;29;0;7;4;2;1;3;1;0;0
2019-08-21 05:39:58;58;29;0;7;4;2;1;3;1;0;0
2019-08-21 05:40:59;58;29;0;7;4;2;1;3;1;0;0
2019-08-21 05:41:59;58;29;0;7;4;2;1;3;1;0;0
2019-08-21 05:42:58;59;30;0;7;4;2;1;3;1;0;0
2019-08-21 05:43:59;59;30;0;7;4;2;1;3;1;0;0
2019-08-21 05:44:58;60;31;0;7;4;2;1;3;1;0;0
2019-08-21 05:45:59;60;31;0;7;4;2;1;3;1;0;0
2019-08-21 05:46:58;60;31;0;7;4;2;1;3;1;0;0
2019-08-21 05:47:59;61;32;0;7;4;2;1;3;1;0;0
2019-08-21 05:48:59;61;32;0;7;4;2;1;3;1;0;0
2019-08-21 05:49:58;61;32;0;7;4;2;1;3;1;0;0
2019-08-21 05:50:59;61;32;0;7;4;2;1;3;1;0;0
2019-08-21 05:51:58;61;32;0;7;4;2;1;3;1;0;0
2019-08-21 05:52:59;61;32;0;7;4;2;1;3;1;0;0
2019-08-21 05:53:58;61;32;0;7;4;2;1;3;1;0;0
2019-08-21 05:54:59;61;32;0;7;4;2;1;3;1;0;0
2019-08-21 05:55:58;61;32;0;7;4;2;1;3;1;0;0
2019-08-21 05:56:59;61;32;0;7;4;2;1;3;1;0;0
2019-08-21 05:57:59;61;32;0;7;4;2;1;3;1;0;0
2019-08-21 05:58:58;64;35;0;7;4;2;1;3;1;0;0
2019-08-21 05:59:59;64;35;0;7;4;2;1;3;1;0;0
2019-08-21 06:00:58;64;35;0;7;4;2;1;3;1;0;0
2019-08-21 06:01:59;64;35;0;7;4;2;1;3;1;0;0
2019-08-21 06:02:59;65;36;0;7;4;2;1;3;1;0;0
2019-08-21 06:03:58;65;36;0;7;4;2;1;3;1;0;0
2019-08-21 06:04:59;65;36;0;7;4;2;1;3;1;0;0
2019-08-21 06:05:59;65;36;0;7;4;2;1;3;1;0;0
2019-08-21 06:06:58;65;36;0;7;4;2;1;3;1;0;0
2019-08-21 06:07:59;65;36;0;7;4;2;1;3;1;0;0
2019-08-21 06:08:58;65;36;0;7;4;2;1;3;1;0;0
2019-08-21 06:09:59;65;36;0;7;4;2;1;3;1;0;0
2019-08-21 06:10:58;66;37;0;7;4;2;1;3;1;0;0
2019-08-21 06:11:59;66;37;0;7;4;2;1;3;1;0;0
2019-08-21 06:12:58;67;37;0;7;4;2;1;3;1;0;0
2019-08-21 06:13:59;68;37;0;7;4;2;0;3;2;0;0
2019-08-21 06:14:58;68;37;0;7;4;2;0;3;2;0;0
2019-08-21 06:15:59;68;37;0;7;4;2;0;3;2;0;0
2019-08-21 06:16:58;68;37;0;7;4;2;0;3;2;0;0
2019-08-21 06:17:59;68;37;0;7;4;2;0;3;2;0;0
2019-08-21 06:18:58;68;37;0;7;4;2;0;3;2;0;0
2019-08-21 06:19:59;68;37;0;7;4;2;0;3;2;0;0
2019-08-21 06:20:58;68;37;0;7;4;2;0;3;2;0;0
2019-08-21 06:21:59;69;38;0;7;4;2;0;3;2;0;0
2019-08-21 06:22:58;69;38;0;7;4;2;0;3;2;0;0
2019-08-21 06:23:59;69;38;0;7;4;2;0;3;2;0;0
2019-08-21 06:24:58;69;38;0;7;4;2;0;3;2;0;0
2019-08-21 06:25:59;69;38;0;7;4;2;0;3;2;0;0
2019-08-21 06:26:59;69;38;0;7;4;2;0;3;2;0;0
2019-08-21 06:27:58;69;38;0;7;4;2;0;3;2;0;0
2019-08-21 06:28:59;70;39;0;7;4;2;0;3;2;0;0
2019-08-21 06:29:58;70;39;0;7;4;2;0;3;2;0;0
2019-08-21 06:30:59;70;39;0;7;4;2;0;3;2;0;0
2019-08-21 06:31:59;70;39;0;7;4;2;0;3;2;0;0
2019-08-21 06:32:58;70;39;0;7;4;2;0;3;2;0;0
2019-08-21 06:33:59;70;39;0;7;4;2;0;3;2;0;0
2019-08-21 06:34:59;70;39;0;7;4;2;0;3;2;0;0
2019-08-21 06:35:59;70;39;0;7;4;2;0;3;2;0;0
2019-08-21 06:36:58;70;39;0;7;4;2;0;3;2;0;0
2019-08-21 06:37:59;70;39;0;7;4;2;0;3;2;0;0
2019-08-21 06:38:59;70;39;0;7;4;2;0;3;2;0;0
2019-08-21 06:39:58;70;39;0;7;4;2;0;3;2;0;1
2019-08-21 06:40:59;70;39;0;7;4;2;0;3;2;0;1
2019-08-21 06:41:58;71;39;1;7;4;2;0;3;2;0;0
2019-08-21 06:42:59;71;39;1;7;4;2;0;3;2;0;0
2019-08-21 06:43:58;71;39;1;7;4;2;0;3;2;0;0
2019-08-21 06:44:59;71;39;1;7;4;2;0;3;2;0;0
2019-08-21 06:45:58;72;39;1;7;4;2;0;3;2;0;0
2019-08-21 06:46:59;72;39;1;7;4;2;0;3;2;0;0
2019-08-21 06:47:58;72;39;1;7;4;2;0;3;2;0;0
2019-08-21 06:48:59;72;39;1;7;4;2;0;3;2;0;0
2019-08-21 06:49:59;72;39;1;7;4;2;0;3;2;0;0
2019-08-21 06:50:59;72;39;1;7;4;2;0;3;2;0;0
2019-08-21 06:51:58;72;39;1;7;4;2;0;3;2;0;0
2019-08-21 06:52:59;72;39;1;7;4;2;0;3;2;0;0
2019-08-21 06:53:59;72;39;1;7;4;2;0;3;2;0;0
2019-08-21 06:54:58;72;39;1;7;4;2;0;3;2;0;0
2019-08-21 06:55:59;72;39;1;7;4;2;0;3;2;0;0
2019-08-21 06:56:58;72;39;1;7;4;2;0;3;2;0;0
2019-08-21 06:57:59;73;39;1;7;4;3;0;3;2;0;0
2019-08-21 06:58:58;73;39;1;7;4;3;0;3;2;0;0
2019-08-21 06:59:59;73;39;1;7;4;3;0;3;2;0;0
2019-08-21 07:00:58;73;39;1;7;4;3;0;3;2;0;0
2019-08-21 07:01:59;73;39;1;7;4;3;0;3;2;0;0
2019-08-21 07:02:59;73;39;1;7;4;3;0;3;2;0;0
2019-08-21 07:03:59;73;39;1;7;4;3;0;3;2;0;0
2019-08-21 07:04:58;73;39;1;7;4;3;0;3;2;0;0
2019-08-21 07:05:59;73;39;1;7;4;3;0;3;2;0;0
2019-08-21 07:06:58;73;39;1;7;4;3;0;3;2;0;0
2019-08-21 07:07:59;73;39;1;7;4;3;0;3;2;0;0
2019-08-21 07:08:58;73;39;1;7;4;3;0;3;2;0;0
2019-08-21 07:09:59;73;39;1;7;4;3;0;3;2;0;0
2019-08-21 07:10:58;73;39;1;7;4;3;0;3;2;0;0
2019-08-21 07:11:59;73;39;1;7;4;3;0;3;2;0;0
2019-08-21 07:12:58;73;39;1;7;4;3;0;3;2;0;0
2019-08-21 07:13:59;73;39;1;7;4;3;0;3;2;0;0
2019-08-21 07:14:58;74;39;1;8;4;3;0;3;2;0;0
2019-08-21 07:15:59;74;39;1;8;4;3;0;3;2;0;0
2019-08-21 07:16:58;74;39;1;8;4;3;0;3;2;0;0
2019-08-21 07:17:59;75;39;1;9;4;3;0;3;2;0;0
2019-08-21 07:18:58;75;39;1;9;4;3;0;3;2;0;0
2019-08-21 07:19:59;75;39;1;9;4;3;0;3;2;0;0
2019-08-21 07:20:58;75;39;1;9;4;3;0;3;2;0;0
2019-08-21 07:21:59;75;39;1;9;4;3;0;3;2;0;0
2019-08-21 07:22:59;76;39;2;9;4;3;0;3;2;0;0
2019-08-21 07:23:58;76;39;2;9;4;3;0;3;2;0;0
2019-08-21 07:24:59;77;39;2;10;4;3;0;3;2;0;0
2019-08-21 07:25:58;77;39;2;10;4;3;0;3;2;0;0
2019-08-21 07:26:59;77;39;2;10;4;3;0;3;2;0;0
2019-08-21 07:27:58;77;39;2;10;4;3;0;3;2;0;0
2019-08-21 07:29:00;78;40;2;10;4;3;0;3;2;0;0
2019-08-21 07:29:58;79;41;2;10;4;3;0;3;2;0;0
2019-08-21 07:30:59;79;41;2;10;4;3;0;3;2;0;0
2019-08-21 07:31:59;79;41;2;10;4;3;0;3;2;0;0
2019-08-21 07:32:58;79;41;2;10;4;3;0;3;2;0;0
2019-08-21 07:33:59;79;41;2;10;4;3;0;3;2;0;0
2019-08-21 07:34:58;79;41;2;10;4;3;0;3;2;0;0
2019-08-21 07:35:59;80;42;2;10;4;3;0;3;2;0;0
2019-08-21 07:36:58;80;42;2;10;4;3;0;3;2;0;0
2019-08-21 07:37:59;80;42;2;10;4;3;0;3;2;0;0
2019-08-21 07:38:58;80;42;2;10;4;3;0;3;2;0;0
2019-08-21 07:39:59;80;42;2;10;4;3;0;3;2;0;0
2019-08-21 07:40:58;80;42;2;10;4;3;0;3;2;0;0
2019-08-21 07:41:59;80;42;2;10;4;3;0;3;2;0;0
2019-08-21 07:42:58;80;42;2;10;4;3;0;3;2;0;0
2019-08-21 07:43:59;80;42;2;10;4;3;0;3;2;0;0
2019-08-21 07:44:58;80;42;2;10;4;3;0;3;2;0;0
2019-08-21 07:45:59;81;43;2;10;4;3;0;3;2;0;0
2019-08-21 07:46:58;81;43;2;10;4;3;0;3;2;0;0
2019-08-21 07:47:59;82;44;2;10;4;3;0;3;2;0;0
2019-08-21 07:48:58;82;44;2;10;4;3;0;3;2;0;0
2019-08-21 07:49:59;82;44;2;10;4;3;0;3;2;0;0
2019-08-21 07:50:58;82;44;2;10;4;3;0;3;2;0;0
2019-08-21 07:51:59;82;44;2;10;4;3;0;3;2;0;0
2019-08-21 07:52:59;83;45;2;10;4;3;0;3;2;0;0
2019-08-21 07:53:58;83;45;2;10;4;3;0;3;2;0;0
2019-08-21 07:54:59;83;45;2;10;4;3;0;3;2;0;0
2019-08-21 07:55:58;84;46;2;10;4;3;0;3;2;0;0
2019-08-21 07:56:59;84;46;2;10;4;3;0;3;2;0;0
2019-08-21 07:57:58;84;46;2;10;4;3;0;3;2;0;0
2019-08-21 07:58:59;84;46;2;10;4;3;0;3;2;0;0
2019-08-21 07:59:58;85;46;2;10;4;3;0;4;2;0;0
2019-08-21 08:00:59;85;46;2;10;4;3;0;4;2;0;0
2019-08-21 08:01:58;85;46;2;10;4;3;0;4;2;0;0
2019-08-21 08:02:59;85;46;2;10;4;3;0;4;2;0;0
2019-08-21 08:03:58;86;46;2;11;4;3;0;4;2;0;0
2019-08-21 08:04:59;86;46;2;11;4;3;0;4;2;0;0
2019-08-21 08:05:58;86;46;2;11;4;3;0;4;2;0;0
2019-08-21 08:06:59;86;46;2;11;4;3;0;4;2;0;0
2019-08-21 08:07:59;86;46;2;11;4;3;0;4;2;0;0
2019-08-21 08:08:58;86;46;2;11;4;3;0;4;2;0;0
2019-08-21 08:09:59;86;46;2;11;4;3;0;4;2;0;0
2019-08-21 08:10:58;86;46;2;11;4;3;0;4;2;0;0
2019-08-21 08:11:59;86;46;2;11;4;3;0;4;2;0;0
2019-08-21 08:12:58;86;46;2;11;4;3;0;4;2;0;0
2019-08-21 08:13:59;86;46;2;11;4;3;0;4;2;0;0
2019-08-21 08:14:58;86;46;2;11;4;3;0;4;2;0;0
2019-08-21 08:15:59;86;46;2;11;4;3;0;4;2;0;0
2019-08-21 08:16:59;87;47;2;11;4;3;0;4;2;0;0
2019-08-21 08:17:59;87;47;2;11;4;3;0;4;2;0;0
2019-08-21 08:18:58;86;47;2;11;4;3;0;4;2;0;1
2019-08-21 08:19:59;86;47;2;11;4;3;0;4;2;0;1
2019-08-21 08:20:58;86;47;2;11;4;3;0;4;2;0;1
2019-08-21 08:21:59;86;47;2;11;4;3;0;4;2;0;1
2019-08-21 08:22:59;86;47;2;11;4;3;0;4;2;0;1
2019-08-21 08:23:58;86;47;2;11;4;3;0;4;2;0;1
2019-08-21 08:25:00;86;47;2;11;4;3;0;4;2;0;1
2019-08-21 08:25:58;86;47;2;11;4;3;0;4;2;0;1
2019-08-21 08:26:59;87;48;0;11;4;3;0;4;2;1;1
2019-08-21 08:27:59;87;48;0;11;4;3;0;4;2;1;1
2019-08-21 08:28:58;87;48;0;11;4;3;0;4;2;1;1
2019-08-21 08:29:59;87;48;0;11;4;3;0;4;2;1;1
2019-08-21 08:30:58;87;48;0;11;4;3;0;4;2;1;1
2019-08-21 08:31:59;87;48;0;11;4;3;0;4;2;1;1
2019-08-21 08:32:58;87;48;0;11;4;3;0;4;2;1;1
2019-08-21 08:33:59;87;48;0;11;4;3;0;4;2;1;1
2019-08-21 08:34:58;87;48;0;11;4;3;0;4;2;1;1
2019-08-21 08:35:59;87;48;0;11;4;3;0;4;2;1;1
2019-08-21 08:36:58;87;48;0;11;4;3;0;4;2;1;1
2019-08-21 08:37:59;88;48;0;11;5;3;0;4;2;1;1
2019-08-21 08:38:58;89;49;0;11;5;3;0;4;2;1;1
2019-08-21 08:39:59;89;49;0;11;5;3;0;4;2;1;1
2019-08-21 08:40:58;89;49;0;11;5;3;0;4;2;1;1
2019-08-21 08:41:59;89;49;0;11;5;3;0;4;2;1;1
2019-08-21 08:42:58;90;50;0;11;5;3;0;4;2;1;1
2019-08-21 08:43:59;90;50;0;11;5;3;0;4;2;1;1
2019-08-21 08:44:58;90;50;0;11;5;3;0;4;2;1;1
2019-08-21 08:45:59;90;50;0;11;5;3;0;4;2;1;1
2019-08-21 08:46:58;90;50;0;11;5;3;0;4;2;1;1
2019-08-21 08:47:59;90;50;0;11;5;3;0;4;2;1;1
2019-08-21 08:48:58;91;51;0;11;5;3;0;4;2;1;1
2019-08-21 08:50:00;91;51;0;11;5;3;0;4;2;1;1
2019-08-21 08:50:58;91;51;0;11;5;3;0;4;2;1;1
2019-08-21 08:51:59;91;51;0;11;5;3;0;4;2;1;1
2019-08-21 08:52:58;91;51;0;11;5;3;0;4;2;1;1
2019-08-21 08:53:59;91;51;0;11;5;3;0;4;2;1;1
2019-08-21 08:54:58;91;51;0;11;5;3;0;4;2;1;1
2019-08-21 08:55:59;91;51;0;11;5;3;0;4;2;1;1
2019-08-21 08:56:58;91;51;0;11;5;3;0;4;2;1;1
2019-08-21 08:57:59;91;51;0;11;5;3;0;4;2;1;1
2019-08-21 08:58:58;91;51;0;11;5;3;0;4;2;1;1
2019-08-21 08:59:59;93;52;0;11;6;3;0;4;2;1;1
2019-08-21 09:00:58;93;52;0;11;6;3;0;4;2;1;1
2019-08-21 09:01:59;93;52;0;11;6;3;0;4;2;1;1
2019-08-21 09:02:58;94;52;2;11;6;3;0;4;2;1;1
2019-08-21 09:03:59;95;53;2;11;6;3;0;4;2;1;1
2019-08-21 09:04:58;95;53;2;11;6;3;0;4;2;1;1
2019-08-21 09:05:59;95;53;2;11;6;3;0;4;2;1;1
2019-08-21 09:06:58;97;55;3;11;6;3;0;4;2;1;1
2019-08-21 09:07:59;97;55;3;11;6;3;0;4;2;1;1
2019-08-21 09:08:58;98;56;3;11;6;3;0;4;2;1;1
2019-08-21 09:09:59;99;56;4;11;6;3;0;4;2;1;1
2019-08-21 09:10:59;99;56;4;11;6;3;0;4;2;1;1
2019-08-21 09:11:58;99;56;4;11;6;3;0;4;2;1;1
2019-08-21 09:12:59;99;56;4;11;6;3;0;4;2;1;1
2019-08-21 09:13:58;99;56;4;11;6;3;0;4;2;1;1
2019-08-21 09:14:59;99;56;4;11;6;3;0;4;2;1;1
2019-08-21 09:15:58;99;56;4;11;6;3;0;4;2;1;1
2019-08-21 09:16:59;99;56;4;11;6;3;0;4;2;1;1
2019-08-21 09:17:58;99;56;4;11;6;3;0;4;2;1;1
2019-08-21 09:18:59;99;55;5;11;6;3;0;4;2;1;1
2019-08-21 09:19:59;99;55;5;11;6;3;0;4;2;1;1
2019-08-21 09:20:59;100;56;5;11;6;3;0;4;2;1;1
2019-08-21 09:21:58;100;56;5;11;6;3;0;4;2;1;1
2019-08-21 09:23:00;100;56;5;11;6;3;0;4;2;1;1
2019-08-21 09:23:58;100;56;5;11;6;3;0;4;2;1;1
2019-08-21 09:24:59;101;57;5;11;6;3;0;4;2;1;1
2019-08-21 09:25:58;101;57;5;11;6;3;0;4;2;1;1
2019-08-21 09:26:59;101;57;5;11;6;3;0;4;2;1;1
2019-08-21 09:27:58;101;57;5;11;6;3;0;4;2;1;1
2019-08-21 09:28:59;102;58;5;11;6;3;0;4;2;1;1
2019-08-21 09:29:58;102;58;5;11;6;3;0;4;2;1;1
2019-08-21 09:30:59;102;58;5;11;6;3;0;4;2;1;1
2019-08-21 09:31:59;102;58;5;11;6;3;0;4;2;1;1
2019-08-21 09:32:58;102;58;5;11;6;3;0;4;2;1;1
2019-08-21 09:33:59;102;58;5;11;6;3;0;4;2;1;1
2019-08-21 09:34:58;102;58;5;11;6;3;0;4;2;1;1
2019-08-21 09:35:59;103;59;5;11;6;3;0;4;2;1;1
2019-08-21 09:36:58;103;59;5;11;6;3;0;4;2;1;1
2019-08-21 09:37:59;103;59;5;11;6;3;0;4;2;1;1
2019-08-21 09:38:58;103;59;5;11;6;3;0;4;2;1;1
2019-08-21 09:39:59;103;59;5;11;6;3;0;4;2;1;1
2019-08-21 09:40:58;103;59;5;11;6;3;0;4;2;1;1
2019-08-21 09:41:59;103;59;5;11;6;3;0;4;2;1;1
2019-08-21 09:42:58;103;59;5;11;6;3;0;4;2;1;1
2019-08-21 09:43:59;103;59;5;11;6;3;0;4;2;1;1
2019-08-21 09:44:58;103;59;5;11;6;3;0;4;2;1;1
2019-08-21 09:45:59;104;59;5;12;6;3;0;4;2;1;1
2019-08-21 09:46:58;105;60;5;12;6;3;0;4;2;1;1
2019-08-21 09:47:59;107;61;6;12;6;3;0;4;2;1;1
2019-08-21 09:48:58;107;61;6;12;6;3;0;4;2;1;1
2019-08-21 09:49:59;107;61;6;12;6;3;0;4;2;1;1
2019-08-21 09:50:58;107;61;6;12;6;3;0;4;2;1;1
2019-08-21 09:51:59;107;61;6;12;6;3;0;4;2;1;1
2019-08-21 09:52:58;108;61;7;12;6;3;0;4;2;1;1
2019-08-21 09:53:59;108;61;7;12;6;3;0;4;2;1;1
2019-08-21 09:54:59;108;61;7;12;6;3;0;4;2;1;1
2019-08-21 09:55:59;108;61;7;12;6;3;0;4;2;1;1
2019-08-21 09:56:58;109;62;7;12;6;3;0;4;2;1;1
2019-08-21 09:57:59;110;63;7;12;6;3;0;4;2;1;1
2019-08-21 09:58:58;110;63;7;12;6;3;0;4;2;1;1
2019-08-21 09:59:59;110;63;7;12;6;3;0;4;2;1;1
2019-08-21 10:00:59;110;63;7;12;6;3;0;4;2;1;1
2019-08-21 10:01:59;110;63;7;12;6;3;0;4;2;1;1
2019-08-21 10:02:59;110;63;7;12;6;3;0;4;2;1;1
2019-08-21 10:03:59;110;63;7;12;6;3;0;4;2;1;1
2019-08-21 10:04:58;110;63;7;12;6;3;0;4;2;1;1
2019-08-21 10:05:59;111;64;7;12;6;3;0;4;2;1;1
2019-08-21 10:06:58;111;64;7;12;6;3;0;4;2;1;1
2019-08-21 10:07:59;112;65;7;12;6;3;0;4;2;1;1
2019-08-21 10:08:58;112;65;7;12;6;3;0;4;2;1;1
2019-08-21 10:09:59;112;65;7;12;6;3;0;4;2;1;1
2019-08-21 10:10:58;112;65;7;12;6;3;0;4;2;1;1
2019-08-21 10:11:59;112;65;7;12;6;3;0;4;2;1;1
2019-08-21 10:12:58;114;66;7;12;6;3;2;4;2;1;0
2019-08-21 10:13:59;114;66;7;12;6;3;2;4;2;1;0
2019-08-21 10:14:58;114;66;7;12;6;3;2;4;2;1;0
2019-08-21 10:15:59;115;66;8;12;6;3;2;4;2;1;0
2019-08-21 10:16:58;115;66;8;12;6;3;2;4;2;1;0
2019-08-21 10:17:59;115;66;8;12;6;3;2;4;2;1;0
2019-08-21 10:18:58;116;67;8;12;6;3;2;4;2;1;0
2019-08-21 10:19:59;116;67;8;12;6;3;2;4;2;1;0
2019-08-21 10:20:58;116;67;8;12;6;3;2;4;2;1;0
2019-08-21 10:21:59;117;68;8;12;6;3;2;4;2;1;0
2019-08-21 10:22:58;119;70;8;12;6;3;2;4;2;1;0
2019-08-21 10:23:59;119;70;8;12;6;3;2;4;2;1;0
2019-08-21 10:24:58;119;70;8;12;6;3;2;4;2;1;0
2019-08-21 10:25:59;119;70;8;12;6;3;2;4;2;1;0
2019-08-21 10:26:58;119;70;8;12;6;3;2;4;2;1;0
2019-08-21 10:27:59;119;70;8;12;6;3;2;4;2;1;0
2019-08-21 10:28:59;119;70;8;12;6;3;2;4;2;1;0
2019-08-21 10:29:58;120;70;8;12;6;3;3;4;2;1;0
2019-08-21 10:30:59;120;70;8;12;6;3;3;4;2;1;0
2019-08-21 10:31:58;120;70;8;12;6;3;3;4;2;1;0
2019-08-21 10:32:58;120;70;8;12;6;3;3;4;2;1;0
2019-08-21 10:33:59;120;70;8;12;6;3;3;4;2;1;0
2019-08-21 10:34:58;120;70;8;12;6;3;3;4;2;1;0
2019-08-21 10:35:59;120;70;8;12;6;3;3;4;2;1;0
2019-08-21 10:36:58;120;70;8;12;6;3;3;4;2;1;0
2019-08-21 10:37:59;121;70;8;12;7;3;3;4;2;1;0
2019-08-21 10:38:58;121;70;8;12;7;3;3;4;2;1;0
2019-08-21 10:39:59;121;70;8;12;7;3;3;4;2;1;0
2019-08-21 10:40:58;121;70;8;12;7;3;3;4;2;1;0
2019-08-21 10:41:59;121;70;8;12;7;3;3;4;2;1;0
2019-08-21 10:42:58;121;70;8;12;7;3;3;4;2;1;0
2019-08-21 10:43:59;121;70;8;12;7;3;3;4;2;1;0
2019-08-21 10:44:58;121;70;8;12;7;3;3;4;2;1;0
2019-08-21 10:45:59;121;70;8;12;7;3;3;4;2;1;0
2019-08-21 10:46:58;121;70;8;12;7;3;3;4;2;1;0
2019-08-21 10:47:59;121;70;8;12;7;3;3;4;2;1;0
2019-08-21 10:48:58;121;70;8;12;7;3;3;4;2;1;0
2019-08-21 10:49:59;123;72;8;12;7;3;3;4;2;1;0
2019-08-21 10:50:58;123;72;8;12;7;3;3;4;2;1;0
2019-08-21 10:51:59;125;74;8;12;7;3;3;4;2;1;0
2019-08-21 10:52:58;125;74;8;12;7;3;3;4;2;1;0
2019-08-21 10:53:59;125;74;8;12;7;3;3;4;2;1;0
2019-08-21 10:54:58;125;74;8;12;7;3;3;4;2;1;0
2019-08-21 10:55:59;125;74;8;12;7;3;3;4;2;1;0
2019-08-21 10:56:58;126;74;8;12;7;3;3;4;2;2;0
2019-08-21 10:57:59;127;74;9;12;7;3;3;4;2;2;0
2019-08-21 10:58:59;127;74;9;12;7;3;3;4;2;2;0
2019-08-21 10:59:58;127;74;9;12;7;3;3;4;2;2;0
2019-08-21 11:00:59;127;74;9;12;7;3;3;4;2;2;0
2019-08-21 11:01:59;127;74;9;12;7;3;3;4;2;2;0
2019-08-21 11:02:58;127;74;9;12;7;3;3;4;2;2;0
2019-08-21 11:03:59;127;74;9;12;7;3;3;4;2;2;0
2019-08-21 11:04:58;128;75;9;12;7;3;3;4;2;2;0
2019-08-21 11:05:59;128;75;9;12;7;3;3;4;2;2;0
2019-08-21 11:06:58;129;75;9;12;7;3;3;4;2;2;0
2019-08-21 11:07:59;129;75;9;12;7;3;3;4;2;2;0
2019-08-21 11:08:58;129;75;9;12;7;3;3;4;2;2;0
2019-08-21 11:09:59;129;75;9;12;7;3;3;4;2;2;0
2019-08-21 11:10:59;129;75;9;12;7;3;3;4;2;2;0
2019-08-21 11:11:58;129;75;9;12;7;3;3;4;2;2;0
2019-08-21 11:12:59;130;76;9;12;7;3;3;4;2;2;0
2019-08-21 11:13:58;130;76;9;12;7;3;3;4;2;2;0
2019-08-21 11:14:59;130;76;9;12;7;3;3;4;2;2;0
2019-08-21 11:15:58;130;76;10;12;6;3;3;4;2;2;0
2019-08-21 11:16:59;130;76;10;12;6;3;3;4;2;2;0
2019-08-21 11:18:00;130;76;10;12;6;3;3;4;2;2;0
2019-08-21 11:18:58;131;76;10;12;7;3;3;4;2;2;0
2019-08-21 11:19:59;131;76;11;12;6;3;3;4;2;2;0
2019-08-21 11:20:58;131;76;11;12;6;3;3;4;2;2;0
2019-08-21 11:21:59;131;76;11;12;6;3;3;4;2;2;0
2019-08-21 11:22:59;131;76;11;12;6;3;3;4;2;2;0
2019-08-21 11:23:58;131;76;11;12;6;3;3;4;2;2;0
2019-08-21 11:24:59;131;76;11;12;6;3;3;4;2;2;0
2019-08-21 11:25:58;132;76;11;12;6;4;3;4;2;2;0
2019-08-21 11:26:59;132;76;11;12;6;4;3;4;2;2;0
2019-08-21 11:27:58;132;76;11;12;6;4;3;4;2;2;0
2019-08-21 11:28:59;133;76;11;12;7;4;3;4;2;2;0
2019-08-21 11:29:58;133;76;11;12;7;4;3;4;2;2;0
2019-08-21 11:30:59;134;77;11;12;7;4;3;4;2;2;0
2019-08-21 11:31:58;134;77;11;12;7;4;3;4;2;2;0
2019-08-21 11:32:59;134;77;11;12;7;4;3;4;2;2;0
2019-08-21 11:33:58;135;77;11;12;7;4;3;4;2;2;0
2019-08-21 11:34:59;137;79;11;12;7;4;3;4;2;2;0
2019-08-21 11:35:58;137;79;11;12;7;4;3;4;2;2;0
2019-08-21 11:36:59;137;79;11;12;7;4;3;4;2;2;0
2019-08-21 11:37:58;138;80;11;12;7;4;3;4;2;2;0
2019-08-21 11:38:59;138;80;11;12;7;4;3;4;2;2;0
2019-08-21 11:39:58;138;80;11;12;7;4;3;4;2;2;0
2019-08-21 11:40:59;138;80;11;12;7;4;3;4;2;2;0
2019-08-21 11:41:58;138;80;11;12;7;4;3;4;2;2;0
2019-08-21 11:42:59;138;80;11;12;7;4;3;4;2;2;0
2019-08-21 11:43:58;138;80;11;12;7;4;3;4;2;2;0
2019-08-21 11:44:59;138;80;11;12;7;4;3;4;2;2;0
2019-08-21 11:45:58;138;80;11;12;7;4;3;4;2;2;0
2019-08-21 11:46:59;140;82;11;12;7;4;3;4;2;2;0
2019-08-21 11:47:58;140;82;11;12;7;4;3;4;2;2;0
2019-08-21 11:48:59;142;83;11;12;8;4;3;4;2;2;0
2019-08-21 11:49:58;142;83;11;12;8;4;3;4;2;2;0
2019-08-21 11:50:59;142;83;11;12;8;4;3;4;2;2;0
2019-08-21 11:51:58;142;83;11;12;8;4;3;4;2;2;0
2019-08-21 11:52:59;142;83;11;12;8;4;3;4;2;2;0
2019-08-21 11:53:58;143;84;11;12;8;4;3;4;2;2;0
2019-08-21 11:54:59;143;84;11;12;8;4;3;4;2;2;0
2019-08-21 11:55:59;144;85;11;12;8;4;3;4;2;2;0
2019-08-21 11:56:58;144;85;11;12;8;4;3;4;2;2;0
2019-08-21 11:57:59;144;85;11;12;8;4;3;4;2;2;0
2019-08-21 11:58:58;145;86;11;12;8;4;3;4;2;2;0
2019-08-21 11:59:59;145;86;11;12;8;4;3;4;2;2;0
2019-08-21 12:00:58;145;86;11;12;8;4;3;4;2;2;0
2019-08-21 12:01:59;145;86;11;12;8;4;3;4;2;2;0
2019-08-21 12:02:59;146;86;11;13;8;4;3;4;2;2;0
2019-08-21 12:03:58;146;86;11;13;8;4;3;4;2;2;0
2019-08-21 12:04:59;146;86;11;13;8;4;3;4;2;2;0
2019-08-21 12:05:58;146;86;11;13;8;4;3;4;2;2;0
2019-08-21 12:06:59;146;86;11;13;8;4;3;4;2;2;0
2019-08-21 12:07:58;146;86;11;13;8;4;3;4;2;2;0
2019-08-21 12:08:59;146;86;11;13;8;4;3;4;2;2;0
2019-08-21 12:09:58;146;86;11;13;8;4;3;4;2;2;0
2019-08-21 12:10:59;146;86;11;13;8;4;3;4;2;2;0
2019-08-21 12:11:58;146;86;11;13;8;4;3;4;2;2;0
2019-08-21 12:12:59;147;87;11;13;8;4;3;4;2;2;0
2019-08-21 12:13:58;147;87;11;13;8;4;3;4;2;2;0
2019-08-21 12:14:59;150;90;11;13;8;4;3;4;2;2;0
2019-08-21 12:15:58;151;90;11;14;8;4;3;4;2;2;0
2019-08-21 12:16:59;151;90;11;14;8;4;3;4;2;2;0
2019-08-21 12:17:58;151;90;11;14;8;4;3;4;2;2;0
2019-08-21 12:18:59;151;90;11;14;8;4;3;4;2;2;0
2019-08-21 12:19:58;151;90;11;14;8;4;3;4;2;2;0
2019-08-21 12:20:59;151;90;11;14;8;4;3;4;2;2;0
2019-08-21 12:21:58;151;90;11;14;8;4;3;4;2;2;0
2019-08-21 12:22:59;151;90;11;14;8;4;3;4;2;2;0
2019-08-21 12:23:58;152;91;11;14;8;4;3;4;2;2;0
2019-08-21 12:24:59;152;91;11;14;8;4;3;4;2;2;0
2019-08-21 12:25:58;153;92;11;14;8;4;3;4;2;2;0
2019-08-21 12:26:59;153;92;11;14;8;4;3;4;2;2;0
2019-08-21 12:27:58;153;92;11;14;8;4;3;4;2;2;0
2019-08-21 12:28:59;154;92;12;14;8;4;3;4;2;2;0
2019-08-21 12:29:58;154;92;12;14;8;4;3;4;2;2;0
2019-08-21 12:30:59;154;92;12;14;8;4;3;4;2;2;0
2019-08-21 12:31:58;155;93;12;14;8;4;3;4;2;2;0
2019-08-21 12:32:59;155;93;12;14;8;4;3;4;2;2;0
2019-08-21 12:33:58;156;93;12;14;8;4;3;4;2;2;0
2019-08-21 12:34:59;156;93;12;14;8;4;3;4;2;2;0
2019-08-21 12:35:58;157;94;12;14;8;4;3;4;2;2;0
2019-08-21 12:36:59;158;95;12;14;8;4;3;4;2;2;0
2019-08-21 12:37:58;158;95;12;14;8;4;3;4;2;2;0
2019-08-21 12:38:59;158;95;12;14;8;4;3;4;2;2;0
2019-08-21 12:39:58;158;95;12;14;8;4;3;4;2;2;0
2019-08-21 12:40:59;159;96;12;14;8;4;3;4;2;2;0
2019-08-21 12:41:58;160;97;12;14;8;4;3;4;2;2;0
2019-08-21 12:42:59;160;97;12;14;8;4;3;4;2;2;0
2019-08-21 12:43:58;160;97;12;14;8;4;3;4;2;2;0
2019-08-21 12:44:59;160;97;12;14;8;4;3;4;2;2;0
2019-08-21 12:45:58;161;98;12;14;8;4;3;4;2;2;0
2019-08-21 12:46:59;161;98;12;14;8;4;3;4;2;2;0
2019-08-21 12:47:58;161;98;12;14;8;4;3;4;2;2;0
2019-08-21 12:48:59;163;100;12;14;8;4;3;4;2;2;0
2019-08-21 12:49:58;163;100;12;14;8;4;3;4;2;2;0
2019-08-21 12:50:59;163;100;12;14;8;4;3;4;2;2;0
2019-08-21 12:51:58;164;101;12;14;8;4;3;4;2;2;0
2019-08-21 12:52:59;164;101;12;14;8;4;3;4;2;2;0
2019-08-21 12:53:59;164;101;12;14;8;4;3;4;2;2;0
2019-08-21 12:54:58;164;101;12;14;8;4;3;4;2;2;0
2019-08-21 12:55:59;164;101;12;14;8;4;3;4;2;2;0
2019-08-21 12:56:58;164;101;12;14;8;4;3;4;2;2;0
2019-08-21 12:57:59;164;101;12;14;8;4;3;4;2;2;0
2019-08-21 12:58:58;165;102;12;14;8;4;3;4;2;2;0
2019-08-21 12:59:59;165;102;12;14;8;4;3;4;2;2;0
2019-08-21 13:00:58;165;102;12;14;8;4;3;4;2;2;0
2019-08-21 13:01:59;165;102;12;14;8;4;3;4;2;2;0
2019-08-21 13:02:58;165;102;12;14;8;4;3;4;2;2;0
2019-08-21 13:03:59;165;102;12;14;8;4;3;4;2;2;0
2019-08-21 13:04:58;165;102;12;14;8;4;3;4;2;2;0
2019-08-21 13:05:59;165;102;12;14;8;4;3;4;2;2;0
2019-08-21 13:06:58;165;102;12;14;8;4;3;4;2;2;0
2019-08-21 13:07:59;165;102;12;14;8;4;3;4;2;2;0
2019-08-21 13:08:59;165;102;12;14;8;4;3;4;2;2;0
2019-08-21 13:09:58;165;102;12;14;8;4;3;4;2;2;0
2019-08-21 13:10:59;165;102;12;14;8;4;3;4;2;2;0
2019-08-21 13:11:59;165;102;12;14;8;4;3;4;2;2;0
2019-08-21 13:12:59;165;102;12;14;8;4;3;4;2;2;0
2019-08-21 13:13:58;166;102;12;14;8;5;3;4;2;2;0
2019-08-21 13:14:59;166;102;12;14;8;5;3;4;2;2;0
2019-08-21 13:15:59;167;103;12;14;8;5;3;4;2;2;0
2019-08-21 13:16:58;167;103;12;14;8;5;3;4;2;2;0
2019-08-21 13:17:59;167;103;12;14;8;5;3;4;2;2;0
2019-08-21 13:18:58;167;103;12;14;8;5;3;4;2;2;0
2019-08-21 13:19:59;167;103;12;14;8;5;3;4;2;2;0
2019-08-21 13:20:58;167;103;12;14;8;5;3;4;2;2;0
2019-08-21 13:21:59;168;104;12;14;8;5;3;4;2;2;0
2019-08-21 13:22:58;168;104;12;14;8;5;3;4;2;2;0
2019-08-21 13:23:59;168;104;12;14;8;5;3;4;2;2;0
2019-08-21 13:24:58;168;104;12;14;8;5;3;4;2;2;0
2019-08-21 13:26:00;168;104;12;14;8;5;3;4;2;2;0
2019-08-21 13:26:58;169;103;14;14;8;5;3;4;2;2;0
2019-08-21 13:27:59;169;103;14;14;8;5;3;4;2;2;0
2019-08-21 13:28:59;172;103;16;14;9;5;3;4;2;2;0
2019-08-21 13:29:59;172;103;16;14;9;5;3;4;2;2;0
2019-08-21 13:30:58;172;103;16;14;9;5;3;4;2;2;0
2019-08-21 13:31:59;173;104;16;14;9;5;3;4;2;2;0
2019-08-21 13:32:58;173;104;16;14;9;5;3;4;2;2;0
2019-08-21 13:33:59;174;105;16;14;9;5;3;4;2;2;0
2019-08-21 13:34:58;174;105;16;14;9;5;3;4;2;2;0
2019-08-21 13:35:59;174;104;17;14;9;5;3;4;2;2;0
2019-08-21 13:36:59;174;104;17;14;9;5;3;4;2;2;0
2019-08-21 13:37:58;174;104;17;14;9;5;3;4;2;2;0
2019-08-21 13:38:59;175;104;17;14;9;5;3;4;2;2;0
2019-08-21 13:39:58;175;104;17;14;9;5;3;4;2;2;0
2019-08-21 13:40:59;175;104;17;14;9;5;3;4;2;2;0
2019-08-21 13:41:58;176;105;17;14;9;5;3;4;2;2;0
2019-08-21 13:42:59;176;105;17;14;9;5;3;4;2;2;0
2019-08-21 13:43:58;176;105;17;14;9;5;3;4;2;2;0
2019-08-21 13:44:59;177;106;17;14;9;5;3;4;2;2;0
2019-08-21 13:45:59;177;106;17;14;9;5;3;4;2;2;0
2019-08-21 13:46:58;177;106;17;14;9;5;3;4;2;2;0
2019-08-21 13:47:59;177;106;17;14;9;5;3;4;2;2;0
2019-08-21 13:48:58;177;106;17;14;9;5;3;4;2;2;0
2019-08-21 13:49:59;177;106;17;14;9;5;3;4;2;2;0
2019-08-21 13:50:58;177;106;17;14;9;5;3;4;2;2;0
2019-08-21 13:51:59;177;106;17;14;9;5;3;4;2;2;0
2019-08-21 13:52:58;177;106;17;14;9;5;3;4;2;2;0
2019-08-21 13:53:59;177;106;17;14;9;5;3;4;2;2;0
2019-08-21 13:54:58;177;106;17;14;9;5;3;4;2;2;0
2019-08-21 13:55:59;178;107;17;14;9;5;3;4;2;2;0
2019-08-21 13:56:58;178;107;17;14;9;5;3;4;2;2;0
2019-08-21 13:57:59;178;107;17;14;9;5;3;4;2;2;0
2019-08-21 13:58:58;179;108;17;14;9;5;3;4;2;2;0
2019-08-21 13:59:59;179;108;17;14;9;5;3;4;2;2;0
2019-08-21 14:00:58;179;108;17;14;9;5;3;4;2;2;0
2019-08-21 14:01:59;179;108;17;14;9;5;3;4;2;2;0
2019-08-21 14:02:58;179;108;17;14;9;5;3;4;2;2;0
2019-08-21 14:03:59;179;108;17;14;9;5;3;4;2;2;0
2019-08-21 14:04:59;179;108;17;14;9;5;3;4;2;2;0
2019-08-21 14:05:58;179;108;17;14;9;5;3;4;2;2;0
2019-08-21 14:06:59;179;108;17;14;9;5;3;4;2;2;0
2019-08-21 14:07:58;179;108;17;14;9;5;3;4;2;2;0
2019-08-21 14:08:59;179;108;17;14;9;5;3;4;2;2;0
2019-08-21 14:09:58;179;108;17;14;9;5;3;4;2;2;0
2019-08-21 14:10:59;179;108;17;14;9;5;3;4;2;2;0
2019-08-21 14:11:59;179;108;17;14;9;5;3;4;2;2;0
2019-08-21 14:13:00;179;108;17;14;9;5;3;4;2;2;0
2019-08-21 14:13:58;179;108;17;14;9;5;3;4;2;2;0
2019-08-21 14:14:59;179;108;17;14;9;5;3;4;2;2;0
2019-08-21 14:15:59;179;108;17;14;9;5;3;4;2;2;0
2019-08-21 14:16:58;179;108;17;14;9;5;3;4;2;2;0
2019-08-21 14:17:59;179;108;17;14;9;5;3;4;2;2;0
2019-08-21 14:18:58;179;108;17;14;9;5;3;4;2;2;0
2019-08-21 14:19:58;179;108;17;14;9;5;3;4;2;2;0
2019-08-21 14:20:59;181;109;18;14;9;5;3;4;2;2;0
2019-08-21 14:21:58;182;109;18;14;10;5;3;4;2;2;0
2019-08-21 14:22:59;182;109;18;14;10;5;3;4;2;2;0
2019-08-21 14:23:58;182;109;18;14;10;5;3;4;2;2;0
2019-08-21 14:24:59;182;109;18;14;10;5;3;4;2;2;0
2019-08-21 14:25:59;182;109;18;14;10;5;3;4;2;2;0
2019-08-21 14:26:58;182;109;18;14;10;5;3;4;2;2;0
2019-08-21 14:27:59;182;109;18;14;10;5;3;4;2;2;0
2019-08-21 14:28:58;182;109;18;14;10;5;3;4;2;2;0
2019-08-21 14:30:00;182;109;18;14;10;5;3;4;2;2;0
2019-08-21 14:30:58;182;109;18;14;10;5;3;4;2;2;0
2019-08-21 14:31:59;182;109;18;14;10;5;3;4;2;2;0
2019-08-21 14:32:59;182;109;18;14;10;5;3;4;2;2;0
2019-08-21 14:33:58;182;109;18;14;10;5;3;4;2;2;0
2019-08-21 14:34:59;182;109;18;14;10;5;3;4;2;2;0
2019-08-21 14:35:58;182;109;18;14;10;5;3;4;2;2;0
2019-08-21 14:36:59;182;109;18;14;10;5;3;4;2;2;0
2019-08-21 14:37:58;182;109;18;14;10;5;3;4;2;2;0
2019-08-21 14:38:59;182;109;18;14;10;5;3;4;2;2;0
2019-08-21 14:39:58;182;109;18;14;10;5;3;4;2;2;0
2019-08-21 14:40:59;182;109;18;14;10;5;3;4;2;2;0
2019-08-21 14:41:58;182;109;18;14;10;5;3;4;2;2;0
2019-08-21 14:42:59;182;109;18;14;10;5;3;4;2;2;0
2019-08-21 14:43:59;182;109;18;14;10;5;3;4;2;2;0
2019-08-21 14:44:59;182;109;18;14;10;5;3;4;2;2;0
2019-08-21 14:45:58;182;109;18;14;10;5;3;4;2;2;0
2019-08-21 14:46:59;182;109;18;14;10;5;3;4;2;2;0
2019-08-21 14:47:58;182;109;18;14;10;5;3;4;2;2;0
2019-08-21 14:48:59;183;109;18;14;10;5;4;4;2;2;0
2019-08-21 14:49:58;183;109;18;14;10;5;4;4;2;2;0
2019-08-21 14:50:59;183;109;18;14;10;5;4;4;2;2;0
2019-08-21 14:51:58;183;109;18;14;10;5;4;4;2;2;0
2019-08-21 14:52:59;183;109;18;14;10;5;4;4;2;2;0
2019-08-21 14:53:58;183;109;18;14;10;5;4;4;2;2;0
2019-08-21 14:54:59;184;110;18;14;10;5;4;4;2;2;0
2019-08-21 14:55:58;184;110;18;14;10;5;4;4;2;2;0
2019-08-21 14:56:59;184;110;18;14;10;5;4;4;2;2;0
2019-08-21 14:57:58;184;110;18;14;10;5;4;4;2;2;0
2019-08-21 14:58:59;185;111;18;14;10;5;4;4;2;2;0
2019-08-21 14:59:58;185;111;18;14;10;5;4;4;2;2;0
2019-08-21 15:00:59;185;111;18;14;10;5;4;4;2;2;0
2019-08-21 15:01:58;185;111;18;14;10;5;4;4;2;2;0
2019-08-21 15:02:59;185;111;18;14;10;5;4;4;2;2;0
2019-08-21 15:03:58;186;112;18;14;10;5;4;4;2;2;0
2019-08-21 15:04:59;186;112;18;14;10;5;4;4;2;2;0
2019-08-21 15:05:58;186;112;18;14;10;5;4;4;2;2;0
2019-08-21 15:06:59;186;112;18;14;10;5;4;4;2;2;0
2019-08-21 15:07:58;186;112;18;14;10;5;4;4;2;2;0
2019-08-21 15:08:59;186;112;18;14;10;5;4;4;2;2;0
2019-08-21 15:09:58;186;112;18;14;10;5;4;4;2;2;0
2019-08-21 15:10:59;186;112;18;14;10;5;4;4;2;2;0
2019-08-21 15:11:59;187;113;18;14;10;5;4;4;2;2;0
2019-08-21 15:12:58;187;113;18;14;10;5;4;4;2;2;0
2019-08-21 15:13:59;187;113;18;14;10;5;4;4;2;2;0
2019-08-21 15:14:58;187;113;18;14;10;5;4;4;2;2;0
2019-08-21 15:15:59;187;113;18;14;10;5;4;4;2;2;0
2019-08-21 15:16:58;187;113;18;14;10;5;4;4;2;2;0
2019-08-21 15:17:59;187;113;18;14;10;5;4;4;2;2;0
2019-08-21 15:18:59;187;113;18;14;10;5;4;4;2;2;0
2019-08-21 15:19:58;187;113;18;14;10;5;4;4;2;2;0
2019-08-21 15:20:59;187;113;18;14;10;5;4;4;2;2;0
2019-08-21 15:21:58;187;113;18;14;10;5;4;4;2;2;0
2019-08-21 15:22:59;187;113;18;14;10;5;4;4;2;2;0
2019-08-21 15:23:59;187;113;18;14;10;5;4;4;2;2;0
2019-08-21 15:24:58;187;113;18;14;10;5;4;4;2;2;0
2019-08-21 15:25:59;187;113;18;14;10;5;4;4;2;2;0
2019-08-21 15:26:58;187;113;18;14;10;5;4;4;2;2;0
2019-08-21 15:27:59;187;113;18;14;10;5;4;4;2;2;0
2019-08-21 15:28:58;187;113;18;14;10;5;4;4;2;2;0
2019-08-21 15:29:59;188;113;18;14;11;5;4;4;2;2;0
2019-08-21 15:30:58;188;113;18;14;11;5;4;4;2;2;0
2019-08-21 15:31:59;188;113;18;14;11;5;4;4;2;2;0
2019-08-21 15:32:59;188;113;18;14;11;5;4;4;2;2;0
2019-08-21 15:33:58;188;113;18;14;11;5;4;4;2;2;0
2019-08-21 15:34:59;189;113;18;14;11;5;4;4;2;2;0
2019-08-21 15:35:58;189;113;18;14;11;5;4;4;2;2;0
2019-08-21 15:36:59;189;113;18;14;11;5;4;4;2;2;0
2019-08-21 15:37:58;189;113;18;14;11;5;4;4;2;2;0
2019-08-21 15:38:59;189;113;18;14;11;5;4;4;2;2;0
2019-08-21 15:39:58;189;113;18;14;11;5;4;4;2;2;0
2019-08-21 15:40:59;189;112;19;14;11;5;4;4;2;2;0
2019-08-21 15:41:58;189;112;19;14;11;5;4;4;2;2;0
2019-08-21 15:42:59;189;112;19;14;11;5;4;4;2;2;0
2019-08-21 15:43:58;189;112;19;14;11;5;4;4;2;2;0
2019-08-21 15:44:59;189;112;19;14;11;5;4;4;2;2;0
2019-08-21 15:45:58;189;112;19;14;11;5;4;4;2;2;0
2019-08-21 15:46:59;189;112;19;14;11;5;4;4;2;2;0
2019-08-21 15:47:58;189;112;19;14;11;5;4;4;2;2;0
2019-08-21 15:48:59;189;112;19;14;11;5;4;4;2;2;0
2019-08-21 15:49:59;189;112;19;14;11;5;4;4;2;2;0
2019-08-21 15:50:58;189;112;19;14;11;5;4;4;2;2;0
2019-08-21 15:51:59;189;112;19;14;11;5;4;4;2;2;0
2019-08-21 15:52:58;189;112;19;14;11;5;4;4;2;2;0
2019-08-21 15:53:59;189;112;19;14;11;5;4;4;2;2;0
2019-08-21 15:54:58;189;112;19;14;11;5;4;4;2;2;0
2019-08-21 15:55:59;189;112;19;14;11;5;4;4;2;2;0
2019-08-21 15:56:58;189;112;19;14;11;5;4;4;2;2;0
2019-08-21 15:58:00;189;112;19;14;11;5;4;4;2;2;0
2019-08-21 15:58:58;189;112;19;14;11;5;4;4;2;2;0
2019-08-21 15:59:59;189;112;19;14;11;5;4;4;2;2;0
2019-08-21 16:00:59;189;112;19;14;11;5;4;4;2;2;0
2019-08-21 16:01:59;189;112;19;14;11;5;4;4;2;2;0
2019-08-21 16:02:58;189;112;19;14;11;5;4;4;2;2;0
2019-08-21 16:03:59;189;112;19;14;11;5;4;4;2;2;0
2019-08-21 16:04:59;189;112;19;14;11;5;4;4;2;2;0
2019-08-21 16:05:58;189;112;19;14;11;5;4;4;2;2;0
2019-08-21 16:06:59;190;113;19;14;11;5;4;4;2;2;0
2019-08-21 16:07:58;190;113;19;14;11;5;4;4;2;2;0
2019-08-21 16:08:59;190;113;19;14;11;5;4;4;2;2;0
2019-08-21 16:09:58;190;113;19;14;11;5;4;4;2;2;0
2019-08-21 16:10:59;190;113;19;14;11;5;4;4;2;2;0
2019-08-21 16:11:58;190;113;19;14;11;5;4;4;2;2;0
2019-08-21 16:12:59;191;113;19;14;12;5;4;4;2;2;0
2019-08-21 16:13:58;191;113;19;14;12;5;4;4;2;2;0
2019-08-21 16:14:59;191;113;19;14;12;5;4;4;2;2;0
2019-08-21 16:15:58;191;113;19;14;12;5;4;4;2;2;0
2019-08-21 16:16:59;191;113;19;14;12;5;4;4;2;2;0
2019-08-21 16:17:58;192;114;19;14;12;5;4;4;2;2;0
2019-08-21 16:18:59;194;116;19;14;12;5;4;4;2;2;0
2019-08-21 16:19:58;196;117;20;14;12;5;4;4;2;2;0
2019-08-21 16:20:59;196;117;20;14;12;5;4;4;2;2;0
2019-08-21 16:21:58;196;117;20;14;12;5;4;4;2;2;0
2019-08-21 16:22:59;196;117;20;14;12;5;4;4;2;2;0
2019-08-21 16:23:58;196;117;20;14;12;5;4;4;2;2;0
2019-08-21 16:24:59;196;117;20;14;12;5;4;4;2;2;0
2019-08-21 16:25:58;196;117;20;14;12;5;4;4;2;2;0
2019-08-21 16:26:59;196;117;20;14;12;5;4;4;2;2;0
2019-08-21 16:27:59;196;117;20;14;12;5;4;4;2;2;0
2019-08-21 16:28:58;196;117;20;14;12;5;4;4;2;2;0
2019-08-21 16:29:59;196;117;20;14;12;5;4;4;2;2;0
2019-08-21 16:30:58;196;117;20;14;12;5;4;4;2;2;0
2019-08-21 16:31:59;197;118;20;14;12;5;4;4;2;2;0
2019-08-21 16:32:58;198;118;21;14;12;5;4;4;2;2;0
2019-08-21 16:33:59;198;118;21;14;12;5;4;4;2;2;0
2019-08-21 16:34:58;198;118;21;14;12;5;4;4;2;2;0
2019-08-21 16:35:59;198;118;21;14;12;5;4;4;2;2;0
2019-08-21 16:36:58;198;118;21;14;12;5;4;4;2;2;0
2019-08-21 16:37:59;198;118;21;14;12;5;4;4;2;2;0
2019-08-21 16:38:58;198;118;21;14;12;5;4;4;2;2;0
2019-08-21 16:39:59;198;118;21;14;12;5;4;4;2;2;0
2019-08-21 16:40:59;198;118;21;14;12;5;4;4;2;2;0
2019-08-21 16:41:58;198;118;21;14;12;5;4;4;2;2;0
2019-08-21 16:42:59;199;118;22;14;12;5;4;4;2;2;0
2019-08-21 16:43:58;199;118;22;14;12;5;4;4;2;2;0
2019-08-21 16:44:59;199;118;22;14;12;5;4;4;2;2;0
2019-08-21 16:45:58;199;118;22;14;12;5;4;4;2;2;0
2019-08-21 16:46:59;200;118;23;14;12;5;4;4;2;2;0
2019-08-21 16:47:59;200;118;23;14;12;5;4;4;2;2;0
2019-08-21 16:48:58;200;118;23;14;12;5;4;4;2;2;0
2019-08-21 16:49:59;200;118;23;14;12;5;4;4;2;2;0
2019-08-21 16:50:58;200;118;23;14;12;5;4;4;2;2;0
2019-08-21 16:51:59;200;118;23;14;12;5;4;4;2;2;0
2019-08-21 16:52:58;200;118;23;14;12;5;4;4;2;2;0
2019-08-21 16:53:59;200;118;23;14;12;5;4;4;2;2;0
2019-08-21 16:54:58;201;119;23;14;12;5;4;4;2;2;0
2019-08-21 16:55:59;201;119;23;14;12;5;4;4;2;2;0
2019-08-21 16:56:58;201;119;23;14;12;5;4;4;2;2;0
2019-08-21 16:58:00;201;119;23;13;13;5;4;4;2;2;0
2019-08-21 16:58:58;202;120;23;13;13;5;4;4;2;2;0
2019-08-21 16:59:59;202;120;23;13;13;5;4;4;2;2;0
2019-08-21 17:00:58;202;120;23;13;13;5;4;4;2;2;0
2019-08-21 17:01:59;202;120;23;13;13;5;4;4;2;2;0
2019-08-21 17:02:59;202;120;23;13;13;5;4;4;2;2;0
2019-08-21 17:03:58;203;120;23;13;14;5;4;4;2;2;0
2019-08-21 17:04:59;203;120;23;14;13;5;4;4;2;2;0
2019-08-21 17:05:58;203;120;23;14;13;5;4;4;2;2;0
2019-08-21 17:06:59;204;120;23;14;13;5;4;5;2;2;0
2019-08-21 17:07:59;204;120;23;14;13;5;4;5;2;2;0
2019-08-21 17:08:58;204;120;23;14;13;5;4;5;2;2;0
2019-08-21 17:09:59;205;121;23;14;13;5;4;5;2;2;0
2019-08-21 17:10:58;205;121;23;14;13;5;4;5;2;2;0
2019-08-21 17:11:59;205;121;23;14;13;5;4;5;2;2;0
2019-08-21 17:12:59;205;121;23;14;13;5;4;5;2;2;0
2019-08-21 17:13:59;205;121;23;14;13;5;4;5;2;2;0
2019-08-21 17:14:58;205;121;23;14;13;5;4;5;2;2;0
2019-08-21 17:15:59;205;121;23;14;13;5;4;5;2;2;0
2019-08-21 17:16:59;205;121;23;14;13;5;4;5;2;2;0
2019-08-21 17:17:58;205;121;23;14;13;5;4;5;2;2;0
2019-08-21 17:18:59;205;121;23;14;13;5;4;5;2;2;0
2019-08-21 17:19:58;205;121;23;14;13;5;4;5;2;2;0
2019-08-21 17:20:59;205;121;23;14;13;5;4;5;2;2;0
2019-08-21 17:21:58;205;121;23;14;13;5;4;5;2;2;0
2019-08-21 17:22:59;205;121;23;14;13;5;4;5;2;2;0
2019-08-21 17:23:58;205;121;23;14;13;5;4;5;2;2;0
2019-08-21 17:24:59;205;121;23;14;13;5;4;5;2;2;0
2019-08-21 17:25:58;205;121;23;14;13;5;4;5;2;2;0
2019-08-21 17:26:59;205;121;23;14;13;5;4;5;2;2;0
2019-08-21 17:27:58;205;121;24;14;13;5;4;5;2;2;0
2019-08-21 17:28:59;205;121;24;14;13;5;4;5;2;2;0
2019-08-21 17:29:58;205;121;24;14;13;5;4;5;2;2;0
2019-08-21 17:30:59;205;121;24;14;13;5;4;5;2;2;0
2019-08-21 17:31:59;205;121;24;14;13;5;4;5;2;2;0
2019-08-21 17:32:58;205;121;24;14;13;5;4;5;2;2;0
2019-08-21 17:33:59;205;121;24;14;13;5;4;5;2;2;0
2019-08-21 17:34:58;205;121;24;14;13;5;4;5;2;2;0
2019-08-21 17:35:59;205;121;24;14;13;5;4;5;2;2;0
2019-08-21 17:36:58;206;122;24;14;13;5;4;5;2;2;0
2019-08-21 17:37:59;206;122;24;14;13;5;4;5;2;2;0
2019-08-21 17:38:58;206;122;24;14;13;5;4;5;2;2;0
2019-08-21 17:39:59;206;122;24;14;13;5;4;5;2;2;0
2019-08-21 17:40:58;206;122;24;14;13;5;4;5;2;2;0
2019-08-21 17:41:59;207;122;24;14;14;5;4;5;2;2;0
2019-08-21 17:42:58;207;122;24;14;14;5;4;5;2;2;0
2019-08-21 17:43:59;207;122;24;14;14;5;4;5;2;2;0
2019-08-21 17:44:58;207;122;24;14;14;5;4;5;2;2;0
2019-08-21 17:45:59;207;122;24;15;13;5;4;5;2;2;0
2019-08-21 17:46:58;207;122;24;15;13;5;4;5;2;2;0
2019-08-21 17:47:59;207;122;24;15;13;5;4;5;2;2;0
2019-08-21 17:48:59;207;122;24;15;13;5;4;5;2;2;0
2019-08-21 17:49:58;207;122;24;15;13;5;4;5;2;2;0
2019-08-21 17:50:59;207;122;24;15;13;5;4;5;2;2;0
2019-08-21 17:51:58;208;122;25;15;13;5;4;5;2;2;0
2019-08-21 17:52:59;208;122;25;15;13;5;4;5;2;2;0
2019-08-21 17:53:58;208;122;25;15;13;5;4;5;2;2;0
2019-08-21 17:54:59;208;122;25;15;13;5;4;5;2;2;0
2019-08-21 17:55:58;208;122;25;15;13;5;4;5;2;2;0
2019-08-21 17:56:59;208;122;25;15;13;5;4;5;2;2;0
2019-08-21 17:57:58;208;122;25;15;13;5;4;5;2;2;0
2019-08-21 17:58:59;208;122;26;15;13;5;4;5;2;2;0
2019-08-21 17:59:58;209;123;26;15;13;5;4;5;2;2;0
2019-08-21 18:00:59;209;123;26;15;13;5;4;5;2;2;0
2019-08-21 18:01:58;209;123;26;15;13;5;4;5;2;2;0
2019-08-21 18:02:59;209;123;26;15;13;5;4;5;2;2;0
2019-08-21 18:03:58;209;123;26;15;13;5;4;5;2;2;0
2019-08-21 18:04:59;209;123;26;15;13;5;4;5;2;2;0
2019-08-21 18:05:59;209;123;26;15;13;5;4;5;2;2;0
2019-08-21 18:06:58;209;123;26;15;13;5;4;5;2;2;0
2019-08-21 18:07:59;209;123;26;15;13;5;4;5;2;2;0
2019-08-21 18:08:58;209;123;26;15;13;5;4;5;2;2;0
2019-08-21 18:09:59;209;123;26;15;13;5;4;5;2;2;0
2019-08-21 18:10:58;209;123;26;15;13;5;4;5;2;2;0
2019-08-21 18:11:59;209;123;26;15;13;5;4;5;2;2;0
2019-08-21 18:12:58;209;123;26;15;13;5;4;5;2;2;0
2019-08-21 18:13:59;209;123;26;15;13;5;4;5;2;2;0
2019-08-21 18:14:59;209;123;26;15;13;5;4;5;2;2;0
2019-08-21 18:15:58;209;123;26;15;13;5;4;5;2;2;0
2019-08-21 18:16:59;208;122;26;15;13;5;4;5;2;2;0
2019-08-21 18:17:58;208;122;26;15;13;5;4;5;2;2;0
2019-08-21 18:18:59;208;122;26;15;13;5;4;5;2;2;0
2019-08-21 18:19:58;208;122;26;15;13;5;4;5;2;2;0
2019-08-21 18:20:59;208;122;26;15;13;5;4;5;2;2;0
2019-08-21 18:21:58;208;122;26;15;13;5;4;5;2;2;0
2019-08-21 18:22:59;209;122;27;15;13;5;4;5;2;2;0
2019-08-21 18:23:59;209;122;27;15;13;5;4;5;2;2;0
2019-08-21 18:24:58;209;122;27;15;13;5;4;5;2;2;0
2019-08-21 18:25:59;209;122;27;15;13;5;4;5;2;2;0
2019-08-21 18:26:58;209;122;27;15;13;5;4;5;2;2;0
2019-08-21 18:27:59;209;122;27;15;13;5;4;5;2;2;0
2019-08-21 18:28:58;209;122;27;15;13;5;4;5;2;2;0
2019-08-21 18:29:59;209;122;27;15;13;5;4;5;2;2;0
2019-08-21 18:30:58;210;122;28;15;13;5;4;5;2;2;0
2019-08-21 18:31:59;210;121;29;15;13;5;4;5;2;2;0
2019-08-21 18:32:58;210;121;29;15;13;5;4;5;2;2;0
2019-08-21 18:33:59;211;122;29;15;13;5;4;5;2;2;0
2019-08-21 18:34:58;211;122;29;15;13;5;4;5;2;2;0
2019-08-21 18:35:59;211;122;29;15;13;5;4;5;2;2;0
2019-08-21 18:36:59;211;122;29;15;13;5;4;5;2;2;0
2019-08-21 18:37:58;212;122;30;15;13;5;4;5;2;2;0
2019-08-21 18:38:59;212;122;30;15;13;5;4;5;2;2;0
2019-08-21 18:39:59;212;122;30;15;13;5;4;5;2;2;0
2019-08-21 18:40:58;212;122;30;15;13;5;4;5;2;2;0
2019-08-21 18:41:59;213;122;30;15;13;6;4;5;2;2;0
2019-08-21 18:42:58;213;122;30;15;13;6;4;5;2;2;0
2019-08-21 18:43:59;213;122;30;15;13;6;4;5;2;2;0
2019-08-21 18:44:58;213;122;30;15;13;6;4;5;2;2;0
2019-08-21 18:45:59;214;122;30;16;13;6;4;5;2;2;0
2019-08-21 18:46:58;214;122;30;16;13;6;4;5;2;2;0
2019-08-21 18:47:59;215;123;30;16;13;6;4;5;2;2;0
2019-08-21 18:48:58;215;123;30;16;13;6;4;5;2;2;0
2019-08-21 18:49:59;215;123;30;16;13;6;4;5;2;2;0
2019-08-21 18:50:58;215;123;30;16;13;6;4;5;2;2;0
2019-08-21 18:51:59;216;124;30;16;13;6;4;5;2;2;0
2019-08-21 18:52:58;216;124;30;16;13;6;4;5;2;2;0
2019-08-21 18:53:59;216;124;30;16;13;6;4;5;2;2;0
2019-08-21 18:54:59;216;124;30;16;13;6;4;5;2;2;0
2019-08-21 18:55:58;216;124;30;16;13;6;4;5;2;2;0
2019-08-21 18:56:59;216;124;30;16;13;6;4;5;2;2;0
2019-08-21 18:57:58;216;124;30;16;13;6;4;5;2;2;0
2019-08-21 18:58:59;216;124;30;16;13;6;4;5;2;2;0
2019-08-21 18:59:58;216;124;30;16;13;6;4;5;2;2;0
2019-08-21 19:00:59;216;124;30;16;13;6;4;5;2;2;0
2019-08-21 19:01:59;216;124;30;16;13;6;4;5;2;2;0
2019-08-21 19:02:58;216;124;30;16;13;6;4;5;2;2;0
2019-08-21 19:03:59;216;124;30;16;13;6;4;5;2;2;0
2019-08-21 19:04:58;216;124;30;16;13;6;4;5;2;2;0
2019-08-21 19:05:59;217;125;30;16;13;6;4;5;2;2;0
2019-08-21 19:06:59;217;125;30;16;13;6;4;5;2;2;0
2019-08-21 19:07:58;217;125;30;16;13;6;4;5;2;2;0
2019-08-21 19:08:59;217;125;30;16;13;6;4;5;2;2;0
2019-08-21 19:09:58;217;125;30;16;13;6;4;5;2;2;0
2019-08-21 19:10:59;217;125;30;16;13;6;4;5;2;2;0
2019-08-21 19:11:58;217;125;30;16;13;6;4;5;2;2;0
2019-08-21 19:12:59;217;125;30;16;13;6;4;5;2;2;0
2019-08-21 19:13:59;217;125;30;16;13;6;4;5;2;2;0
2019-08-21 19:14:58;217;125;30;16;13;6;4;5;2;2;0
2019-08-21 19:15:59;217;125;30;16;13;6;4;5;2;2;0
2019-08-21 19:16:58;217;125;30;16;13;6;4;5;2;2;0
2019-08-21 19:17:59;217;125;30;16;13;6;4;5;2;2;0
2019-08-21 19:18:59;217;125;30;16;13;6;4;5;2;2;0
2019-08-21 19:19:58;217;125;30;16;13;6;4;5;2;2;0
2019-08-21 19:20:59;217;125;30;16;13;6;4;5;2;2;0
2019-08-21 19:21:58;217;125;30;16;13;6;4;5;2;2;0
2019-08-21 19:22:59;217;125;30;16;13;6;4;5;2;2;0
2019-08-21 19:23:58;217;125;30;16;13;6;4;5;2;2;0
2019-08-21 19:24:59;217;125;30;16;13;6;4;5;2;2;0
2019-08-21 19:25:58;217;125;30;16;13;6;4;5;2;2;0
2019-08-21 19:26:59;217;125;30;16;13;6;4;5;2;2;0
2019-08-21 19:27:59;217;125;30;16;13;6;4;5;2;2;0
2019-08-21 19:28:58;217;125;30;16;13;6;4;5;2;2;0
2019-08-21 19:29:59;217;125;30;16;13;6;4;5;2;2;0
2019-08-21 19:30:58;218;126;30;16;13;6;4;5;2;2;0
2019-08-21 19:31:59;218;126;30;16;13;6;4;5;2;2;0
2019-08-21 19:32:58;218;126;30;16;13;6;4;5;2;2;0
2019-08-21 19:33:59;218;126;30;16;13;6;4;5;2;2;0
2019-08-21 19:34:58;219;127;30;16;13;6;4;5;2;2;0
2019-08-21 19:35:59;219;127;30;16;13;6;4;5;2;2;0
2019-08-21 19:36:58;219;127;30;16;13;6;4;5;2;2;0
2019-08-21 19:37:59;219;127;30;16;13;6;4;5;2;2;0
2019-08-21 19:38:58;219;127;30;16;13;6;4;5;2;2;0
2019-08-21 19:39:59;219;127;30;16;13;6;4;5;2;2;0
2019-08-21 19:40:58;219;127;30;16;13;6;4;5;2;2;0
2019-08-21 19:41:59;219;127;30;16;13;6;4;5;2;2;0
2019-08-21 19:42:58;219;127;30;16;13;6;4;5;2;2;0
2019-08-21 19:43:59;219;127;30;16;13;6;4;5;2;2;0
2019-08-21 19:44:59;219;127;30;16;13;6;4;5;2;2;0
2019-08-21 19:45:58;219;127;30;16;13;6;4;5;2;2;0
2019-08-21 19:46:59;219;127;30;16;13;6;4;5;2;2;0
2019-08-21 19:47:58;219;127;30;16;13;6;4;5;2;2;0
2019-08-21 19:48:59;219;127;30;16;13;6;4;5;2;2;0
2019-08-21 19:49:58;219;127;30;16;13;6;4;5;2;2;0
2019-08-21 19:50:59;219;127;30;16;13;6;4;5;2;2;0
2019-08-21 19:51:59;219;127;30;16;13;6;4;5;2;2;0
2019-08-21 19:52:58;219;127;30;16;13;6;4;5;2;2;0
2019-08-21 19:53:59;220;128;30;16;13;6;4;5;2;2;0
2019-08-21 19:54:59;220;128;30;16;13;6;4;5;3;2;0
2019-08-21 19:55:58;220;128;30;16;13;6;4;5;3;2;0
2019-08-21 19:56:59;220;128;30;16;13;6;4;5;3;2;0
2019-08-21 19:57:59;220;128;30;16;13;6;4;5;3;2;0
2019-08-21 19:58:58;220;128;30;16;13;6;4;5;3;2;0
2019-08-21 19:59:59;220;128;30;16;13;6;4;5;3;2;0
2019-08-21 20:00:58;220;128;30;16;13;6;4;5;3;2;0
2019-08-21 20:01:59;220;128;30;16;13;6;4;5;3;2;0
2019-08-21 20:02:58;220;128;30;16;13;6;4;5;3;2;0
2019-08-21 20:03:59;220;128;30;16;13;6;4;5;3;2;0
2019-08-21 20:04:59;220;128;30;16;13;6;4;5;3;2;0
2019-08-21 20:05:58;220;128;30;16;13;6;4;5;3;2;0
2019-08-21 20:06:59;220;128;30;16;13;6;4;5;3;2;0
2019-08-21 20:07:58;220;128;30;16;13;6;4;5;3;2;0
2019-08-21 20:08:59;220;128;30;16;13;6;4;5;3;2;0
2019-08-21 20:09:58;220;128;30;16;13;6;4;5;3;2;0
2019-08-21 20:10:59;220;128;30;16;13;6;4;5;3;2;0
2019-08-21 20:11:59;220;128;30;16;13;6;4;5;3;2;0
2019-08-21 20:12:58;220;128;30;16;13;6;4;5;3;2;0
2019-08-21 20:13:59;220;128;30;16;13;6;4;5;3;2;0
2019-08-21 20:14:58;220;128;30;16;13;6;4;5;3;2;0
2019-08-21 20:15:59;220;128;30;16;13;6;4;5;3;2;0
2019-08-21 20:16:58;220;128;30;16;13;6;4;5;3;2;0
2019-08-21 20:17:59;220;128;30;16;13;6;4;5;3;2;0
2019-08-21 20:18:58;222;129;31;16;13;6;4;5;3;2;0
2019-08-21 20:19:59;223;129;31;16;13;6;5;5;3;2;0
2019-08-21 20:20:59;223;129;31;16;13;6;5;5;3;2;0
2019-08-21 20:21:58;223;129;31;16;13;6;5;5;3;2;0
2019-08-21 20:22:59;224;130;31;16;13;6;5;5;3;2;0
2019-08-21 20:23:58;224;130;31;16;13;6;5;5;3;2;0
2019-08-21 20:24:59;224;130;31;16;13;6;5;5;3;2;0
2019-08-21 20:25:58;224;130;31;16;13;6;5;5;3;2;0
2019-08-21 20:26:59;224;130;31;16;13;6;5;5;3;2;0
2019-08-21 20:27:58;224;130;31;16;13;6;5;5;3;2;0
2019-08-21 20:28:59;224;130;31;16;13;6;5;5;3;2;0
2019-08-21 20:29:58;224;129;31;17;13;6;5;5;3;2;0
2019-08-21 20:30:59;224;129;31;17;13;6;5;5;3;2;0
2019-08-21 20:31:58;224;129;31;17;13;6;5;5;3;2;0
2019-08-21 20:32:59;224;129;31;17;13;6;5;5;3;2;0
2019-08-21 20:33:58;224;129;31;17;13;6;5;5;3;2;0
2019-08-21 20:34:59;224;129;31;17;13;6;5;5;3;2;0
2019-08-21 20:35:58;225;130;31;17;13;6;5;5;3;2;0
2019-08-21 20:36:59;225;130;31;17;13;6;5;5;3;2;0
2019-08-21 20:37:59;225;130;31;17;13;6;5;5;3;2;0
2019-08-21 20:38:58;225;130;31;17;13;6;5;5;3;2;0
2019-08-21 20:39:59;225;130;31;17;13;6;5;5;3;2;0
2019-08-21 20:40:58;225;130;31;17;13;6;5;5;3;2;0
2019-08-21 20:41:59;226;131;31;17;13;6;5;5;3;2;0
2019-08-21 20:42:59;226;131;31;17;13;6;5;5;3;2;0
2019-08-21 20:43:58;226;131;31;17;13;6;5;5;3;2;0
2019-08-21 20:44:59;226;131;31;17;13;6;5;5;3;2;0
2019-08-21 20:45:59;226;131;31;17;13;6;5;5;3;2;0
2019-08-21 20:46:58;226;131;31;17;13;6;5;5;3;2;0
2019-08-21 20:47:59;226;131;31;17;13;6;5;5;3;2;0
2019-08-21 20:48:58;226;131;31;17;13;6;5;5;3;2;0
2019-08-21 20:49:59;226;131;31;17;13;6;5;5;3;2;0
2019-08-21 20:50:58;226;132;31;17;13;6;5;4;3;2;0
2019-08-21 20:51:59;226;133;31;17;13;6;5;4;3;2;1
2019-08-21 20:52:59;226;133;31;17;13;6;5;4;3;2;1
2019-08-21 20:53:58;226;133;31;17;13;6;5;4;3;2;1
2019-08-21 20:54:59;226;133;31;17;13;6;5;4;3;2;1
2019-08-21 20:55:58;226;133;31;17;13;6;5;4;3;2;1
2019-08-21 20:56:59;226;133;31;17;13;6;5;4;3;2;1
2019-08-21 20:57:58;226;133;31;17;13;6;5;4;3;2;1
2019-08-21 20:58:59;226;133;31;17;13;6;5;4;3;2;1
2019-08-21 20:59:58;226;133;31;17;13;6;5;4;3;2;1
