datetime;total_votes;UndeadMoroz;ksiam;Great_Mu;pupsique;UncleDre;Wiedemann;Zippymax;limpo-po;Umgewandelt;berdax
2019-01-02 00:00:59;0;0;0;0;0;1;0;0;0;0;0
2019-01-02 00:01:58;0;0;0;0;0;1;0;0;0;0;0
2019-01-02 00:02:59;0;0;0;0;0;1;0;0;0;0;0
2019-01-02 00:03:59;0;0;0;0;0;1;0;0;0;0;0
2019-01-02 00:04:58;0;0;0;0;0;1;0;0;0;0;0
2019-01-02 00:05:59;0;0;0;0;0;1;0;0;0;0;0
2019-01-02 00:06:59;0;0;0;0;0;1;0;0;0;0;0
2019-01-02 00:07:58;2;0;0;0;0;1;0;0;0;0;0
2019-01-02 00:08:59;2;0;0;0;0;1;0;0;0;0;0
2019-01-02 00:09:59;2;0;0;0;0;1;0;0;0;0;0
2019-01-02 00:10:58;3;1;0;0;0;1;0;0;0;0;0
2019-01-02 00:11:59;3;1;0;0;0;1;0;0;0;0;0
2019-01-02 00:12:59;3;1;0;0;0;1;0;0;0;0;0
2019-01-02 00:13:58;3;1;0;0;0;1;0;0;0;0;0
2019-01-02 00:14:59;3;1;0;0;0;1;0;0;0;0;0
2019-01-02 00:15:59;3;1;0;0;0;1;0;0;0;0;0
2019-01-02 00:16:58;3;1;0;0;0;1;0;0;0;0;0
2019-01-02 00:17:59;4;1;0;0;0;2;0;0;0;0;0
2019-01-02 00:18:58;5;1;0;0;0;2;0;0;1;0;0
2019-01-02 00:19:59;6;1;1;0;0;2;0;0;1;0;0
2019-01-02 00:20:59;6;1;1;0;0;2;0;0;1;0;0
2019-01-02 00:21:58;7;1;1;0;0;2;0;0;1;0;0
2019-01-02 00:22:59;7;1;1;0;0;2;0;0;1;0;0
2019-01-02 00:23:59;7;1;1;0;0;2;0;0;1;0;0
2019-01-02 00:24:58;7;1;1;0;0;2;0;0;1;0;0
2019-01-02 00:25:59;7;1;1;0;0;2;0;0;1;0;0
2019-01-02 00:26:58;8;1;1;0;0;2;0;0;1;0;0
2019-01-02 00:27:59;9;1;2;0;0;2;0;0;1;0;0
2019-01-02 00:28:59;9;1;2;0;0;2;0;0;1;0;0
2019-01-02 00:29:59;10;2;2;0;0;2;0;0;1;0;0
2019-01-02 00:30:58;11;2;2;0;0;3;0;0;1;0;0
2019-01-02 00:31:58;11;2;2;0;0;3;0;0;1;0;0
2019-01-02 00:32:59;12;2;2;1;0;3;0;0;1;0;0
2019-01-02 00:33:59;14;2;2;3;0;3;0;0;1;0;0
2019-01-02 00:34:58;14;2;2;3;0;3;0;0;1;0;0
2019-01-02 00:35:59;14;2;2;3;0;3;0;0;1;0;0
2019-01-02 00:37:00;14;2;2;3;0;3;0;0;1;0;0
2019-01-02 00:37:58;14;2;2;3;0;3;0;0;1;0;0
2019-01-02 00:38:59;14;2;2;3;0;3;0;0;1;0;0
2019-01-02 00:39:58;14;2;2;3;0;3;0;0;1;0;0
2019-01-02 00:40:59;14;2;2;3;0;3;0;0;1;0;0
2019-01-02 00:41:59;14;2;2;3;0;3;0;0;1;0;0
2019-01-02 00:42:58;14;2;2;3;0;3;0;0;1;0;0
2019-01-02 00:43:59;14;2;2;3;0;3;0;0;1;0;0
2019-01-02 00:45:00;14;2;2;3;0;3;0;0;1;0;0
2019-01-02 00:45:58;15;3;2;3;0;3;0;0;1;0;0
2019-01-02 00:46:59;15;3;2;3;0;3;0;0;1;0;0
2019-01-02 00:47:58;16;3;2;3;0;3;1;0;1;0;0
2019-01-02 00:48:59;16;3;2;3;0;3;1;0;1;0;0
2019-01-02 00:49:59;16;3;2;3;0;3;1;0;1;0;0
2019-01-02 00:50:58;17;3;3;3;0;3;1;0;1;0;0
2019-01-02 00:51:59;17;3;3;3;0;3;1;0;1;0;0
2019-01-02 00:52:59;17;3;3;3;0;3;1;0;1;0;0
2019-01-02 00:53:58;18;3;3;3;0;3;1;0;1;0;0
2019-01-02 00:54:59;18;3;3;3;0;3;1;0;1;0;0
2019-01-02 00:55:58;18;3;3;3;0;3;1;0;1;0;0
2019-01-02 00:56:59;18;3;3;3;0;3;1;0;1;0;0
2019-01-02 00:57:58;18;3;3;3;0;3;1;0;1;0;0
2019-01-02 00:58:59;19;4;3;3;0;3;1;0;1;0;0
2019-01-02 00:59:59;21;5;3;3;0;3;2;0;1;0;0
2019-01-02 01:00:58;21;5;3;3;0;3;2;0;1;0;0
2019-01-02 01:01:59;21;5;3;3;0;3;2;0;1;0;0
2019-01-02 01:02:58;21;5;3;3;0;3;2;0;1;0;0
2019-01-02 01:03:59;21;5;3;3;0;3;2;0;1;0;0
2019-01-02 01:04:59;21;5;3;3;0;3;2;0;1;0;0
2019-01-02 01:05:58;21;5;3;3;0;3;2;0;1;0;0
2019-01-02 01:06:59;21;5;3;3;0;3;2;0;1;0;0
2019-01-02 01:07:59;21;5;3;3;0;3;2;0;1;0;0
2019-01-02 01:08:58;22;5;3;3;0;3;2;0;1;0;0
2019-01-02 01:09:59;22;5;3;3;0;3;2;0;1;0;0
2019-01-02 01:10:58;22;5;3;3;0;3;2;0;1;0;0
2019-01-02 01:11:59;22;5;3;3;0;3;2;0;1;0;0
2019-01-02 01:12:59;23;6;3;3;0;3;2;0;1;0;0
2019-01-02 01:13:58;24;6;4;3;0;3;2;0;1;0;0
2019-01-02 01:14:59;24;6;4;3;0;3;2;0;1;0;0
2019-01-02 01:15:59;26;8;4;3;0;3;2;0;1;0;0
2019-01-02 01:16:58;26;8;4;3;0;3;2;0;1;0;0
2019-01-02 01:17:59;26;8;5;3;0;3;1;0;1;0;0
2019-01-02 01:18:59;26;8;5;3;0;3;1;0;1;0;0
2019-01-02 01:19:58;26;8;5;3;0;3;1;0;1;0;0
2019-01-02 01:20:59;26;8;5;3;0;3;1;0;1;0;0
2019-01-02 01:21:58;26;8;5;3;0;3;1;0;1;0;0
2019-01-02 01:22:59;27;8;5;3;0;3;1;1;1;0;0
2019-01-02 01:23:59;27;8;5;3;0;3;1;1;1;0;0
2019-01-02 01:24:58;27;8;5;3;0;3;1;1;1;0;0
2019-01-02 01:25:59;27;8;5;3;0;3;1;1;1;0;0
2019-01-02 01:26:59;27;8;5;3;0;3;1;1;1;0;0
2019-01-02 01:27:58;27;8;5;3;0;3;1;1;1;0;0
2019-01-02 01:28:59;27;8;5;3;0;3;1;1;1;0;0
2019-01-02 01:29:58;27;8;5;3;0;3;1;1;1;0;0
2019-01-02 01:30:59;27;8;5;3;0;3;1;1;1;0;0
2019-01-02 01:31:59;27;8;5;3;0;3;1;1;1;0;0
2019-01-02 01:32:58;27;8;5;3;0;3;1;1;1;0;0
2019-01-02 01:33:59;27;8;5;3;0;3;1;1;1;0;0
2019-01-02 01:34:59;27;8;5;3;0;3;1;1;1;0;0
2019-01-02 01:35:58;27;8;5;3;0;3;1;1;1;0;0
2019-01-02 01:36:59;28;8;5;4;0;3;1;1;1;0;0
2019-01-02 01:37:58;28;8;5;4;0;3;1;1;1;0;0
2019-01-02 01:38:59;28;8;5;4;0;3;1;1;1;0;0
2019-01-02 01:39:59;28;8;5;4;0;3;1;1;1;0;0
2019-01-02 01:40:58;28;8;5;4;0;3;1;1;1;0;0
2019-01-02 01:41:59;28;8;5;4;0;3;1;1;1;0;0
2019-01-02 01:42:59;28;8;5;4;0;3;1;1;1;0;0
2019-01-02 01:43:58;28;8;5;4;0;3;1;1;1;0;0
2019-01-02 01:44:59;28;8;5;4;0;3;1;1;1;0;0
2019-01-02 01:45:58;28;8;5;4;0;3;1;1;1;0;0
2019-01-02 01:46:59;28;8;5;4;0;3;1;1;1;0;0
2019-01-02 01:47:59;28;8;5;4;0;3;1;1;1;0;0
2019-01-02 01:48:58;28;8;5;4;0;3;1;1;1;0;0
2019-01-02 01:49:59;29;9;5;4;0;3;1;1;1;0;0
2019-01-02 01:50:59;29;9;5;4;0;3;1;1;1;0;0
2019-01-02 01:51:58;29;9;5;4;0;3;1;1;1;0;0
2019-01-02 01:52:59;29;9;5;4;0;3;1;1;1;0;0
2019-01-02 01:53:59;29;9;5;4;0;3;1;1;1;0;0
2019-01-02 01:54:58;29;9;5;4;0;3;1;1;1;0;0
2019-01-02 01:55:59;29;9;5;4;0;3;1;1;1;0;0
2019-01-02 01:56:59;29;9;5;4;0;3;1;1;1;0;0
2019-01-02 01:57:58;29;9;5;4;0;3;1;1;1;0;0
2019-01-02 01:58:59;29;9;5;4;0;3;1;1;1;0;0
2019-01-02 01:59:59;29;9;5;4;0;3;1;1;1;0;0
2019-01-02 02:00:58;29;9;5;4;0;3;1;1;1;0;0
2019-01-02 02:01:59;29;9;5;4;0;3;1;1;1;0;0
2019-01-02 02:02:59;29;9;5;4;0;3;1;1;1;0;0
2019-01-02 02:03:58;29;9;5;4;0;3;1;1;1;0;0
2019-01-02 02:04:59;29;9;5;4;0;3;1;1;1;0;0
2019-01-02 02:05:58;29;9;5;4;0;3;1;1;1;0;0
2019-01-02 02:06:59;29;9;5;4;0;3;1;1;1;0;0
2019-01-02 02:07:59;29;9;5;4;0;3;1;1;1;0;0
2019-01-02 02:08:58;29;9;5;4;0;3;1;1;1;0;0
2019-01-02 02:09:59;29;9;5;4;0;3;1;1;1;0;0
2019-01-02 02:10:58;29;9;5;4;0;3;1;1;1;0;0
2019-01-02 02:11:59;29;9;5;4;0;3;1;1;1;0;0
2019-01-02 02:12:58;29;9;5;4;0;3;1;1;1;0;0
2019-01-02 02:13:59;30;10;5;4;0;3;1;1;1;0;0
2019-01-02 02:14:59;30;10;5;4;0;3;1;1;1;0;0
2019-01-02 02:15:58;30;10;5;4;0;3;1;1;1;0;0
2019-01-02 02:16:59;30;10;5;4;0;3;1;1;1;0;0
2019-01-02 02:17:58;30;10;5;4;0;3;1;1;1;0;0
2019-01-02 02:18:59;30;10;5;4;0;3;1;1;1;0;0
2019-01-02 02:19:59;30;10;5;4;0;3;1;1;1;0;0
2019-01-02 02:20:58;30;10;5;4;0;3;1;1;1;0;0
2019-01-02 02:21:59;30;10;5;4;0;3;1;1;1;0;0
2019-01-02 02:22:58;30;10;5;4;0;3;1;1;1;0;0
2019-01-02 02:23:59;30;10;5;4;0;3;1;1;1;0;0
2019-01-02 02:24:59;30;10;5;4;0;3;1;1;1;0;0
2019-01-02 02:25:58;30;10;5;4;0;3;1;1;1;0;0
2019-01-02 02:26:59;30;10;5;4;0;3;1;1;1;0;0
2019-01-02 02:27:59;30;10;5;4;0;3;1;1;1;0;0
2019-01-02 02:28:58;30;10;5;4;0;3;1;1;1;0;0
2019-01-02 02:29:59;30;10;5;4;0;3;1;1;1;0;0
2019-01-02 02:30:59;31;10;6;4;0;3;1;1;1;0;0
2019-01-02 02:31:58;31;10;6;4;0;3;1;1;1;0;0
2019-01-02 02:32:59;31;10;6;4;0;3;1;1;1;0;0
2019-01-02 02:33:59;31;10;6;4;0;3;1;1;1;0;0
2019-01-02 02:34:58;31;10;6;4;0;3;1;1;1;0;0
2019-01-02 02:35:59;31;10;6;4;0;3;1;1;1;0;0
2019-01-02 02:36:58;32;10;7;4;0;3;1;1;1;0;0
2019-01-02 02:37:59;32;10;7;4;0;3;1;1;1;0;0
2019-01-02 02:38:59;32;10;7;4;0;3;1;1;1;0;0
2019-01-02 02:39:58;32;10;7;4;0;3;1;1;1;0;0
2019-01-02 02:40:59;32;10;7;4;0;3;1;1;1;0;0
2019-01-02 02:41:59;32;10;7;4;0;3;1;1;1;0;0
2019-01-02 02:42:58;33;10;8;4;0;3;1;1;1;0;0
2019-01-02 02:43:59;33;10;8;4;0;3;1;1;1;0;0
2019-01-02 02:45:00;33;10;8;4;0;3;1;1;1;0;0
2019-01-02 02:45:58;33;10;8;4;0;3;1;1;1;0;0
2019-01-02 02:46:59;33;10;8;4;0;3;1;1;1;0;0
2019-01-02 02:47:58;33;10;8;4;0;3;1;1;1;0;0
2019-01-02 02:48:59;33;10;8;4;0;3;1;1;1;0;0
2019-01-02 02:49:59;33;10;8;4;0;3;1;1;1;0;0
2019-01-02 02:50:58;33;10;8;4;0;3;1;1;1;0;0
2019-01-02 02:51:59;33;10;8;4;0;3;1;1;1;0;0
2019-01-02 02:52:59;33;10;8;4;0;3;1;1;1;0;0
2019-01-02 02:53:58;33;10;8;4;0;3;1;1;1;0;0
2019-01-02 02:54:59;34;10;8;5;0;3;1;1;1;0;0
2019-01-02 02:55:59;34;10;8;5;0;3;1;1;1;0;0
2019-01-02 02:56:58;34;10;8;5;0;3;1;1;1;0;0
2019-01-02 02:57:59;34;10;8;5;0;3;1;1;1;0;0
2019-01-02 02:58:59;34;10;8;5;0;3;1;1;1;0;0
2019-01-02 02:59:58;34;10;8;5;0;3;1;1;1;0;0
2019-01-02 03:00:59;34;10;8;5;0;3;1;1;1;0;0
2019-01-02 03:01:58;34;10;8;5;0;3;1;1;1;0;0
2019-01-02 03:02:59;34;10;8;5;0;3;1;1;1;0;0
2019-01-02 03:03:59;34;10;8;5;0;3;1;1;1;0;0
2019-01-02 03:04:58;34;10;8;5;0;3;1;1;1;0;0
2019-01-02 03:05:59;34;10;8;5;0;3;1;1;1;0;0
2019-01-02 03:06:58;34;10;8;5;0;3;1;1;1;0;0
2019-01-02 03:07:59;34;10;8;5;0;3;1;1;1;0;0
2019-01-02 03:08:59;34;10;8;5;0;3;1;1;1;0;0
2019-01-02 03:09:58;34;10;8;5;0;3;1;1;1;0;0
2019-01-02 03:10:59;34;10;8;5;0;3;1;1;1;0;0
2019-01-02 03:11:58;34;10;8;5;0;3;1;1;1;0;0
2019-01-02 03:12:59;34;10;8;5;0;3;1;1;1;0;0
2019-01-02 03:13:59;34;10;8;5;0;3;1;1;1;0;0
2019-01-02 03:14:58;34;10;8;5;0;3;1;1;1;0;0
2019-01-02 03:15:59;34;10;8;5;0;3;1;1;1;0;0
2019-01-02 03:16:58;34;10;8;5;0;3;1;1;1;0;0
2019-01-02 03:17:59;34;10;8;5;0;3;1;1;1;0;0
2019-01-02 03:18:59;35;10;9;5;0;3;1;1;1;0;0
2019-01-02 03:19:58;35;10;9;5;0;3;1;1;1;0;0
2019-01-02 03:20:59;35;10;9;5;0;3;1;1;1;0;0
2019-01-02 03:21:59;35;10;9;5;0;3;1;1;1;0;0
2019-01-02 03:22:58;35;10;9;5;0;3;1;1;1;0;0
2019-01-02 03:23:59;35;10;9;5;0;3;1;1;1;0;0
2019-01-02 03:24:59;35;10;9;5;0;3;1;1;1;0;0
2019-01-02 03:25:58;35;10;9;5;0;3;1;1;1;0;0
2019-01-02 03:26:59;35;10;9;5;0;3;1;1;1;0;0
2019-01-02 03:28:00;37;10;10;5;0;3;1;1;1;0;0
2019-01-02 03:28:58;37;10;10;5;0;3;1;1;1;0;0
2019-01-02 03:29:59;37;10;10;5;0;3;1;1;1;0;0
2019-01-02 03:31:00;37;10;10;5;0;3;1;1;1;0;0
2019-01-02 03:31:58;37;10;10;5;0;3;1;1;1;0;0
2019-01-02 03:32:59;37;10;10;5;0;3;1;1;1;0;0
2019-01-02 03:33:58;37;10;10;5;0;3;1;1;1;0;0
2019-01-02 03:34:59;37;10;10;5;0;3;1;1;1;0;0
2019-01-02 03:36:00;37;10;10;5;0;3;1;1;1;0;0
2019-01-02 03:36:58;37;10;10;5;0;3;1;1;1;0;0
2019-01-02 03:37:59;37;10;10;5;0;3;1;1;1;0;0
2019-01-02 03:38:58;37;10;10;5;0;3;1;1;1;0;0
2019-01-02 03:39:59;37;10;10;5;0;3;1;1;1;0;0
2019-01-02 03:40:59;37;10;10;5;0;3;1;1;1;0;0
2019-01-02 03:41:58;37;10;10;5;0;3;1;1;1;0;0
2019-01-02 03:42:59;37;10;10;5;0;3;1;1;1;0;0
2019-01-02 03:43:59;37;10;10;5;0;3;1;1;1;0;0
2019-01-02 03:44:58;38;10;10;5;0;4;1;1;1;0;0
2019-01-02 03:45:59;38;10;10;5;0;4;1;1;1;0;0
2019-01-02 03:46:59;38;10;10;5;0;4;1;1;1;0;0
2019-01-02 03:47:58;38;10;10;5;0;4;1;1;1;0;0
2019-01-02 03:48:59;38;10;10;5;0;4;1;1;1;0;0
2019-01-02 03:49:59;38;10;10;5;0;4;1;1;1;0;0
2019-01-02 03:50:58;38;10;10;5;0;4;1;1;1;0;0
2019-01-02 03:51:59;38;10;10;5;0;4;1;1;1;0;0
2019-01-02 03:52:59;38;10;10;5;0;4;1;1;1;0;0
2019-01-02 03:53:58;38;10;10;5;0;4;1;1;1;0;0
2019-01-02 03:54:59;38;10;10;5;0;4;1;1;1;0;0
2019-01-02 03:55:58;38;10;10;5;0;4;1;1;1;0;0
2019-01-02 03:56:59;38;10;10;5;0;4;1;1;1;0;0
2019-01-02 03:57:59;38;10;10;5;0;4;1;1;1;0;0
2019-01-02 03:58:58;38;10;10;5;0;4;1;1;1;0;0
2019-01-02 03:59:59;38;10;10;5;0;4;1;1;1;0;0
2019-01-02 04:00:59;38;10;10;5;0;4;1;1;1;0;0
2019-01-02 04:01:58;39;10;11;5;0;4;1;1;1;0;0
2019-01-02 04:02:59;39;10;11;5;0;4;1;1;1;0;0
2019-01-02 04:03:59;39;10;11;5;0;4;1;1;1;0;0
2019-01-02 04:04:59;39;10;11;5;0;4;1;1;1;0;0
2019-01-02 04:05:59;39;10;11;5;0;4;1;1;1;0;0
2019-01-02 04:06:58;39;10;11;5;0;4;1;1;1;0;0
2019-01-02 04:07:59;39;10;11;5;0;4;1;1;1;0;0
2019-01-02 04:08:58;39;10;11;5;0;4;1;1;1;0;0
2019-01-02 04:09:59;39;10;11;5;0;4;1;1;1;0;0
2019-01-02 04:10:59;39;10;11;5;0;4;1;1;1;0;0
2019-01-02 04:11:58;39;10;11;5;0;4;1;1;1;0;0
2019-01-02 04:12:59;39;10;11;5;0;4;1;1;1;0;0
2019-01-02 04:14:00;39;10;11;5;0;4;1;1;1;0;0
2019-01-02 04:14:58;39;10;11;5;0;4;1;1;1;0;0
2019-01-02 04:15:59;39;10;11;5;0;4;1;1;1;0;0
2019-01-02 04:16:58;39;10;11;5;0;4;1;1;1;0;0
2019-01-02 04:17:59;39;10;11;5;0;4;1;1;1;0;0
2019-01-02 04:18:59;39;10;11;5;0;4;1;1;1;0;0
2019-01-02 04:19:58;39;10;11;5;0;4;1;1;1;0;0
2019-01-02 04:20:59;39;10;11;5;0;4;1;1;1;0;0
2019-01-02 04:21:59;39;10;11;5;0;4;1;1;1;0;0
2019-01-02 04:22:58;39;10;11;5;0;4;1;1;1;0;0
2019-01-02 04:23:59;39;10;11;5;0;4;1;1;1;0;0
2019-01-02 04:24:58;39;10;11;5;0;4;1;1;1;0;0
2019-01-02 04:25:59;39;10;11;5;0;4;1;1;1;0;0
2019-01-02 04:26:58;39;10;11;5;0;4;1;1;1;0;0
2019-01-02 04:27:59;39;10;11;5;0;4;1;1;1;0;0
2019-01-02 04:28:59;39;10;11;5;0;4;1;1;1;0;0
2019-01-02 04:29:58;39;10;11;5;0;4;1;1;1;0;0
2019-01-02 04:30:59;39;10;11;5;0;4;1;1;1;0;0
2019-01-02 04:31:59;39;10;11;5;0;4;1;1;1;0;0
2019-01-02 04:32:58;39;10;11;5;0;4;1;1;1;0;0
2019-01-02 04:33:59;39;10;11;5;0;4;1;1;1;0;0
2019-01-02 04:34:59;39;10;11;5;0;4;1;1;1;0;0
2019-01-02 04:35:58;39;10;11;5;0;4;1;1;1;0;0
2019-01-02 04:36:59;39;10;11;5;0;4;1;1;1;0;0
2019-01-02 04:37:58;39;10;11;5;0;4;1;1;1;0;0
2019-01-02 04:38:59;40;10;11;6;0;4;1;1;1;0;0
2019-01-02 04:39:58;40;10;11;6;0;4;1;1;1;0;0
2019-01-02 04:40:59;40;10;11;6;0;4;1;1;1;0;0
2019-01-02 04:41:59;40;10;11;6;0;4;1;1;1;0;0
2019-01-02 04:42:58;40;10;11;6;0;4;1;1;1;0;0
2019-01-02 04:43:59;40;10;11;6;0;4;1;1;1;0;0
2019-01-02 04:44:58;40;10;11;6;0;4;1;1;1;0;0
2019-01-02 04:45:59;40;10;11;6;0;4;1;1;1;0;0
2019-01-02 04:46:58;40;10;11;6;0;4;1;1;1;0;0
2019-01-02 04:47:59;40;10;11;6;0;4;1;1;1;0;0
2019-01-02 04:48:59;40;10;11;6;0;4;1;1;1;0;0
2019-01-02 04:49:58;40;10;11;6;0;4;1;1;1;0;0
2019-01-02 04:50:59;40;10;11;6;0;4;1;1;1;0;0
2019-01-02 04:51:59;40;10;11;6;0;4;1;1;1;0;0
2019-01-02 04:52:58;40;10;11;6;0;4;1;1;1;0;0
2019-01-02 04:53:59;40;10;11;6;0;4;1;1;1;0;0
2019-01-02 04:54:58;40;10;11;6;0;4;1;1;1;0;0
2019-01-02 04:55:59;40;10;11;6;0;4;1;1;1;0;0
2019-01-02 04:56:59;40;10;11;6;0;4;1;1;1;0;0
2019-01-02 04:57:59;40;10;11;6;0;4;1;1;1;0;0
2019-01-02 04:58:58;40;10;11;6;0;4;1;1;1;0;0
2019-01-02 04:59:59;40;10;11;6;0;4;1;1;1;0;0
2019-01-02 05:00:59;40;10;11;6;0;4;1;1;1;0;0
2019-01-02 05:01:58;40;10;11;6;0;4;1;1;1;0;0
2019-01-02 05:02:59;40;10;11;6;0;4;1;1;1;0;0
2019-01-02 05:03:58;40;10;11;6;0;4;1;1;1;0;0
2019-01-02 05:04:59;40;10;11;6;0;4;1;1;1;0;0
2019-01-02 05:05:59;40;10;11;6;0;4;1;1;1;0;0
2019-01-02 05:06:58;40;10;11;6;0;4;1;1;1;0;0
2019-01-02 05:07:59;40;10;11;6;0;4;1;1;1;0;0
2019-01-02 05:08:59;40;10;11;6;0;4;1;1;1;0;0
2019-01-02 05:09:58;40;10;11;6;0;4;1;1;1;0;0
2019-01-02 05:10:59;40;10;11;6;0;4;1;1;1;0;0
2019-01-02 05:12:00;40;10;11;6;0;4;1;1;1;0;0
2019-01-02 05:12:58;41;10;11;6;0;4;2;1;1;0;0
2019-01-02 05:13:59;41;10;11;6;0;4;2;1;1;0;0
2019-01-02 05:14:58;41;10;11;6;0;4;2;1;1;0;0
2019-01-02 05:15:59;41;10;11;6;0;4;2;1;1;0;0
2019-01-02 05:16:58;41;10;11;6;0;4;2;1;1;0;0
2019-01-02 05:17:59;41;10;11;6;0;4;2;1;1;0;0
2019-01-02 05:18:59;41;10;11;6;0;4;2;1;1;0;0
2019-01-02 05:19:58;41;10;11;6;0;4;2;1;1;0;0
2019-01-02 05:20:59;41;10;11;6;0;4;2;1;1;0;0
2019-01-02 05:21:58;41;10;11;6;0;4;2;1;1;0;0
2019-01-02 05:22:59;41;10;11;6;0;4;2;1;1;0;0
2019-01-02 05:23:59;41;10;11;6;0;4;2;1;1;0;0
2019-01-02 05:24:58;41;10;11;6;0;4;2;1;1;0;0
2019-01-02 05:25:59;41;10;11;6;0;4;2;1;1;0;0
2019-01-02 05:26:59;41;10;11;6;0;4;2;1;1;0;0
2019-01-02 05:27:58;41;10;11;6;0;4;2;1;1;0;0
2019-01-02 05:28:59;41;10;11;6;0;4;2;1;1;0;0
2019-01-02 05:29:59;41;10;11;6;0;4;2;1;1;0;0
2019-01-02 05:30:58;41;10;11;6;0;4;2;1;1;0;0
2019-01-02 05:31:59;41;10;11;6;0;4;2;1;1;0;0
2019-01-02 05:32:59;41;10;11;6;0;4;2;1;1;0;0
2019-01-02 05:33:58;41;10;11;6;0;4;2;1;1;0;0
2019-01-02 05:34:59;41;10;11;6;0;4;2;1;1;0;0
2019-01-02 05:35:58;41;10;11;6;0;4;2;1;1;0;0
2019-01-02 05:36:59;41;10;11;6;0;4;2;1;1;0;0
2019-01-02 05:37:59;41;10;11;6;0;4;2;1;1;0;0
2019-01-02 05:38:58;41;10;11;6;0;4;2;1;1;0;0
2019-01-02 05:39:59;41;10;11;6;0;4;2;1;1;0;0
2019-01-02 05:40:59;41;10;11;6;0;4;2;1;1;0;0
2019-01-02 05:41:58;41;10;11;6;0;4;2;1;1;0;0
2019-01-02 05:42:59;41;10;11;6;0;4;2;1;1;0;0
2019-01-02 05:43:59;41;10;11;6;0;4;2;1;1;0;0
2019-01-02 05:44:58;41;10;11;6;0;4;2;1;1;0;0
2019-01-02 05:45:59;41;10;11;6;0;4;2;1;1;0;0
2019-01-02 05:46:58;41;10;11;6;0;4;2;1;1;0;0
2019-01-02 05:47:59;41;10;11;6;0;4;2;1;1;0;0
2019-01-02 05:48:59;41;10;11;6;0;4;2;1;1;0;0
2019-01-02 05:49:58;41;10;11;6;0;4;2;1;1;0;0
2019-01-02 05:50:59;41;10;11;6;0;4;2;1;1;0;0
2019-01-02 05:51:58;41;10;11;6;0;4;2;1;1;0;0
2019-01-02 05:52:59;42;10;11;6;0;4;2;2;1;0;0
2019-01-02 05:53:59;42;10;11;6;0;4;2;2;1;0;0
2019-01-02 05:54:58;42;10;11;6;0;4;2;2;1;0;0
2019-01-02 05:55:59;43;11;11;6;0;4;2;2;1;0;0
2019-01-02 05:56:58;43;11;11;6;0;4;2;2;1;0;0
2019-01-02 05:57:59;43;11;11;6;0;4;2;2;1;0;0
2019-01-02 05:58:59;44;11;11;6;0;4;2;2;1;0;0
2019-01-02 05:59:58;44;11;11;6;0;4;2;2;1;0;0
2019-01-02 06:00:59;44;11;11;6;0;4;2;2;1;0;0
2019-01-02 06:01:59;44;11;11;6;0;4;2;2;1;0;0
2019-01-02 06:02:58;44;11;11;6;0;4;2;2;1;0;0
2019-01-02 06:03:59;44;11;11;6;0;4;2;2;1;0;0
2019-01-02 06:04:59;44;11;11;6;0;4;2;2;1;0;0
2019-01-02 06:05:58;44;11;11;6;0;4;2;2;1;0;0
2019-01-02 06:06:59;44;11;11;6;0;4;2;2;1;0;0
2019-01-02 06:07:59;44;11;11;6;0;4;2;2;1;0;0
2019-01-02 06:08:58;44;11;11;6;0;4;2;2;1;0;0
2019-01-02 06:09:59;44;11;11;6;0;4;2;2;1;0;0
2019-01-02 06:10:59;44;11;11;6;0;4;2;2;1;0;0
2019-01-02 06:11:58;44;11;11;6;0;4;2;2;1;0;0
2019-01-02 06:12:59;44;11;11;6;0;4;2;2;1;0;0
2019-01-02 06:13:59;44;11;11;6;0;4;2;2;1;0;0
2019-01-02 06:14:59;44;11;11;6;0;4;2;2;1;0;0
2019-01-02 06:15:59;44;11;11;6;0;4;2;2;1;0;0
2019-01-02 06:16:59;44;11;11;6;0;4;2;2;1;0;0
2019-01-02 06:17:58;44;11;11;6;0;4;2;2;1;0;0
2019-01-02 06:18:59;44;11;11;6;0;4;2;2;1;0;0
2019-01-02 06:20:00;44;11;11;6;0;4;2;2;1;0;0
2019-01-02 06:20:58;44;11;11;6;0;4;2;2;1;0;0
2019-01-02 06:21:59;44;11;11;6;0;4;2;2;1;0;0
2019-01-02 06:22:58;44;11;11;6;0;4;2;2;1;0;0
2019-01-02 06:23:59;44;11;11;6;0;4;2;2;1;0;0
2019-01-02 06:24:58;45;11;11;7;0;4;2;2;1;0;0
2019-01-02 06:25:59;45;11;11;7;0;4;2;2;1;0;0
2019-01-02 06:26:59;45;11;11;7;0;4;2;2;1;0;0
2019-01-02 06:27:58;45;11;11;7;0;4;2;2;1;0;0
2019-01-02 06:28:59;45;11;11;7;0;4;2;2;1;0;0
2019-01-02 06:29:59;45;11;11;7;0;4;2;2;1;0;0
2019-01-02 06:30:58;45;11;11;7;0;4;2;2;1;0;0
2019-01-02 06:31:59;45;11;11;7;0;4;2;2;1;0;0
2019-01-02 06:32:58;45;11;11;7;0;4;2;2;1;0;0
2019-01-02 06:33:59;45;11;11;7;0;4;2;2;1;0;0
2019-01-02 06:34:58;45;11;11;7;0;4;2;2;1;0;0
2019-01-02 06:35:59;45;11;11;7;0;4;2;2;1;0;0
2019-01-02 06:36:58;45;11;11;7;0;4;2;2;1;0;0
2019-01-02 06:37:59;45;11;11;7;0;4;2;2;1;0;0
2019-01-02 06:38:58;45;11;11;7;0;4;2;2;1;0;0
2019-01-02 06:39:59;45;11;11;7;0;4;2;2;1;0;0
2019-01-02 06:40:58;45;11;11;7;0;4;2;2;1;0;0
2019-01-02 06:41:59;45;11;11;7;0;4;2;2;1;0;0
2019-01-02 06:42:59;45;11;11;7;0;4;2;2;1;0;0
2019-01-02 06:43:58;45;11;11;7;0;4;2;2;1;0;0
2019-01-02 06:44:59;45;11;11;7;0;4;2;2;1;0;0
2019-01-02 06:45:59;45;11;11;7;0;4;2;2;1;0;0
2019-01-02 06:46:58;45;11;11;7;0;4;2;2;1;0;0
2019-01-02 06:47:59;45;11;11;7;0;4;2;2;1;0;0
2019-01-02 06:48:58;45;11;11;7;0;4;2;2;1;0;0
2019-01-02 06:49:59;45;11;11;7;0;4;2;2;1;0;0
2019-01-02 06:50:59;45;11;11;7;0;4;2;2;1;0;0
2019-01-02 06:51:58;45;11;11;7;0;4;2;2;1;0;0
2019-01-02 06:52:59;46;11;11;7;2;4;2;2;1;0;0
2019-01-02 06:53:59;46;11;11;7;2;4;2;2;1;0;0
2019-01-02 06:54:58;46;11;11;7;2;4;2;2;1;0;0
2019-01-02 06:55:59;46;11;11;7;2;4;2;2;1;0;0
2019-01-02 06:56:58;46;11;11;7;2;4;2;2;1;0;0
2019-01-02 06:57:59;46;11;11;7;2;4;2;2;1;0;0
2019-01-02 06:58:58;46;11;11;7;2;4;2;2;1;0;0
2019-01-02 06:59:59;46;11;11;7;2;4;2;2;1;0;0
2019-01-02 07:00:59;47;11;11;7;2;4;2;2;1;0;0
2019-01-02 07:01:58;47;11;11;7;2;4;2;2;1;0;0
2019-01-02 07:02:59;47;11;11;7;2;4;2;2;1;0;0
2019-01-02 07:03:59;47;11;11;7;2;4;2;2;1;0;0
2019-01-02 07:04:58;47;11;11;7;2;4;2;2;1;0;0
2019-01-02 07:05:59;47;11;11;7;2;4;2;2;1;0;0
2019-01-02 07:06:59;47;11;11;7;2;4;2;2;1;0;0
2019-01-02 07:07:59;47;11;11;7;2;4;2;2;1;0;0
2019-01-02 07:08:58;47;11;11;7;2;4;2;2;1;0;0
2019-01-02 07:09:59;47;11;11;7;2;4;2;2;1;0;0
2019-01-02 07:10:58;47;11;11;7;2;4;2;2;1;0;0
2019-01-02 07:11:59;47;11;11;7;2;4;2;2;1;0;0
2019-01-02 07:12:59;47;11;11;7;2;4;2;2;1;0;0
2019-01-02 07:13:58;47;11;11;7;2;4;2;2;1;0;0
2019-01-02 07:14:59;47;11;11;7;2;4;2;2;1;0;0
2019-01-02 07:15:58;47;11;11;7;2;4;2;2;1;0;0
2019-01-02 07:16:59;47;11;11;7;2;4;2;2;1;0;0
2019-01-02 07:17:58;47;11;11;7;2;4;2;2;1;0;0
2019-01-02 07:18:59;47;11;11;7;2;4;2;2;1;0;0
2019-01-02 07:19:59;47;11;11;7;2;4;2;2;1;0;0
2019-01-02 07:20:58;47;11;11;7;2;4;2;2;1;0;0
2019-01-02 07:21:59;48;11;11;7;2;4;2;2;0;0;0
2019-01-02 07:22:58;48;11;11;7;2;4;2;2;0;0;0
2019-01-02 07:23:59;48;11;11;7;2;4;2;2;0;0;0
2019-01-02 07:24:59;48;11;11;7;2;4;2;2;0;0;0
2019-01-02 07:25:58;48;11;11;7;2;4;2;2;0;0;0
2019-01-02 07:26:59;48;11;11;7;2;4;2;2;0;0;0
2019-01-02 07:27:59;48;11;11;7;2;4;2;2;0;0;0
2019-01-02 07:28:58;48;11;11;7;2;4;2;2;0;0;0
2019-01-02 07:29:59;48;11;11;7;2;4;2;2;0;0;0
2019-01-02 07:30:59;48;11;11;7;2;4;2;2;0;0;0
2019-01-02 07:31:58;48;11;11;7;2;4;2;2;0;0;0
2019-01-02 07:32:59;48;11;11;7;2;4;2;2;0;0;0
2019-01-02 07:33:58;47;11;11;7;2;4;2;2;1;0;0
2019-01-02 07:34:59;47;11;11;7;2;4;2;2;1;0;0
2019-01-02 07:35:59;47;11;11;7;2;4;2;2;1;0;0
2019-01-02 07:36:58;48;12;11;7;2;4;2;2;1;0;0
2019-01-02 07:37:59;48;12;11;7;2;4;2;2;1;0;0
2019-01-02 07:38:58;48;12;11;7;2;4;2;2;1;0;0
2019-01-02 07:39:59;48;12;11;7;2;4;2;2;1;0;0
2019-01-02 07:40:59;48;12;11;7;2;4;2;2;1;0;0
2019-01-02 07:41:58;48;12;11;7;2;4;2;2;1;0;0
2019-01-02 07:42:59;48;12;11;7;2;4;2;2;1;0;0
2019-01-02 07:43:58;48;12;11;7;2;4;2;2;1;0;0
2019-01-02 07:44:59;48;12;11;7;2;4;2;2;1;0;0
2019-01-02 07:45:58;48;12;11;7;2;4;2;2;1;0;0
2019-01-02 07:46:59;48;12;11;7;2;4;2;2;1;0;0
2019-01-02 07:47:59;48;12;11;7;2;4;2;2;1;0;0
2019-01-02 07:48:58;48;12;11;7;2;4;2;2;1;0;0
2019-01-02 07:49:59;48;12;11;7;2;4;2;2;1;0;0
2019-01-02 07:50:59;48;12;11;7;2;4;2;2;1;0;0
2019-01-02 07:51:58;48;12;11;7;2;4;2;2;1;0;0
2019-01-02 07:52:59;48;12;11;7;2;4;2;2;1;0;0
2019-01-02 07:53:58;48;12;11;7;2;4;2;2;1;0;0
2019-01-02 07:54:59;48;12;11;7;2;4;2;2;1;0;0
2019-01-02 07:55:59;48;12;11;7;2;4;2;2;1;0;0
2019-01-02 07:56:58;48;12;11;7;2;4;2;2;1;0;0
2019-01-02 07:57:59;48;12;11;7;2;4;2;2;1;0;0
2019-01-02 07:58:58;48;12;11;7;2;4;2;2;1;0;0
2019-01-02 07:59:59;48;12;11;7;2;4;2;2;1;0;0
2019-01-02 08:00:59;48;12;11;7;2;4;2;2;1;0;0
2019-01-02 08:01:58;48;12;11;7;2;4;2;2;1;0;0
2019-01-02 08:02:59;48;12;11;7;2;4;2;2;1;0;0
2019-01-02 08:03:59;48;12;11;7;2;4;2;2;1;0;0
2019-01-02 08:04:58;48;12;11;7;2;4;2;2;1;0;0
2019-01-02 08:05:59;48;12;11;7;2;4;2;2;1;0;0
2019-01-02 08:07:00;48;12;11;7;2;4;2;2;1;0;0
2019-01-02 08:07:58;48;12;11;7;2;4;2;2;1;0;0
2019-01-02 08:08:59;48;12;11;7;2;4;2;2;1;0;0
2019-01-02 08:09:58;48;12;11;7;2;4;2;2;1;0;0
2019-01-02 08:10:59;48;12;11;7;2;4;2;2;1;0;0
2019-01-02 08:11:59;48;12;11;7;2;4;2;2;1;0;0
2019-01-02 08:12:58;48;12;11;7;2;4;2;2;1;0;0
2019-01-02 08:13:59;48;12;11;7;2;4;2;2;1;0;0
2019-01-02 08:14:58;48;12;11;7;2;4;2;2;1;0;0
2019-01-02 08:15:59;48;12;11;7;2;4;2;2;1;0;0
2019-01-02 08:16:59;48;12;11;7;2;4;2;2;1;0;0
2019-01-02 08:17:58;48;12;11;7;2;4;2;2;1;0;0
2019-01-02 08:18:59;48;12;11;7;2;4;2;2;1;0;0
2019-01-02 08:19:58;48;12;11;7;2;4;2;2;1;0;0
2019-01-02 08:20:59;48;12;11;7;2;4;2;2;1;0;0
2019-01-02 08:22:00;48;12;11;7;2;4;2;2;1;0;0
2019-01-02 08:22:58;48;12;11;7;2;4;2;2;1;0;0
2019-01-02 08:23:59;48;12;11;7;2;4;2;2;1;0;0
2019-01-02 08:24:58;48;12;11;7;2;4;2;2;1;0;0
2019-01-02 08:25:59;48;12;11;7;2;4;2;2;1;0;0
2019-01-02 08:26:59;48;12;11;7;2;4;2;2;1;0;0
2019-01-02 08:27:58;48;12;11;7;2;4;2;2;1;0;0
2019-01-02 08:28:59;48;12;11;7;2;4;2;2;1;0;0
2019-01-02 08:29:58;48;12;11;7;2;4;2;2;1;0;0
2019-01-02 08:30:59;48;12;11;7;2;4;2;2;1;0;0
2019-01-02 08:31:59;48;12;11;7;2;4;2;2;1;0;0
2019-01-02 08:32:58;48;12;11;7;2;4;2;2;1;0;0
2019-01-02 08:33:59;48;12;11;7;2;4;2;2;1;0;0
2019-01-02 08:34:59;48;12;11;7;2;4;2;2;1;0;0
2019-01-02 08:35:58;48;12;11;7;2;4;2;2;1;0;0
2019-01-02 08:36:59;48;12;11;7;2;4;2;2;1;0;0
2019-01-02 08:37:58;48;12;11;7;2;4;2;2;1;0;0
2019-01-02 08:38:59;48;12;11;7;2;4;2;2;1;0;0
2019-01-02 08:39:59;49;12;11;8;2;4;2;2;1;0;0
2019-01-02 08:40:58;49;12;11;8;2;4;2;2;1;0;0
2019-01-02 08:41:59;49;12;11;8;2;4;2;2;1;0;0
2019-01-02 08:42:59;49;12;11;8;2;4;2;2;1;0;0
2019-01-02 08:43:58;49;12;11;8;2;4;2;2;1;0;0
2019-01-02 08:44:59;49;12;11;8;2;4;2;2;1;0;0
2019-01-02 08:46:00;49;12;11;8;2;4;2;2;1;0;0
2019-01-02 08:46:58;49;12;11;8;2;4;2;2;1;0;0
2019-01-02 08:47:59;49;12;11;8;2;4;2;2;1;0;0
2019-01-02 08:48:58;49;12;11;8;2;4;2;2;1;0;0
2019-01-02 08:49:59;49;12;11;8;2;4;2;2;1;0;0
2019-01-02 08:50:58;50;12;12;8;2;4;2;2;1;0;0
2019-01-02 08:51:59;50;12;12;8;2;4;2;2;1;0;0
2019-01-02 08:52:59;50;12;12;8;2;4;2;2;1;0;0
2019-01-02 08:53:58;50;12;12;8;2;4;2;2;1;0;0
2019-01-02 08:54:59;50;12;12;8;2;4;2;2;1;0;0
2019-01-02 08:55:58;50;12;12;8;2;4;2;2;1;0;0
2019-01-02 08:56:59;50;12;12;8;2;4;2;2;1;0;0
2019-01-02 08:57:59;50;12;12;8;2;4;2;2;1;0;0
2019-01-02 08:58:58;50;12;12;8;2;4;2;2;1;0;0
2019-01-02 08:59:59;50;12;12;8;2;4;2;2;1;0;0
2019-01-02 09:00:59;50;12;12;8;2;4;2;2;1;0;0
2019-01-02 09:01:58;50;12;12;8;2;4;2;2;1;0;0
2019-01-02 09:02:59;50;12;12;8;2;4;2;2;1;0;0
2019-01-02 09:03:58;50;12;12;8;2;4;2;2;1;0;0
2019-01-02 09:04:59;50;12;12;8;2;4;2;2;1;0;0
2019-01-02 09:05:59;50;12;12;8;2;4;2;2;1;0;0
2019-01-02 09:06:58;50;12;12;8;2;4;2;2;1;0;0
2019-01-02 09:07:59;50;12;12;8;2;4;2;2;1;0;0
2019-01-02 09:08:59;50;12;12;8;2;4;2;2;1;0;0
2019-01-02 09:09:58;50;12;12;8;2;4;2;2;1;0;0
2019-01-02 09:10:59;50;12;12;8;2;4;2;2;1;0;0
2019-01-02 09:11:59;50;12;12;8;2;4;2;2;1;0;0
2019-01-02 09:12:58;50;12;12;8;2;4;2;2;1;0;0
2019-01-02 09:13:59;50;12;12;8;2;4;2;2;1;0;0
2019-01-02 09:14:58;50;12;12;8;2;4;2;2;1;0;0
2019-01-02 09:15:59;50;12;12;8;2;4;2;2;1;0;0
2019-01-02 09:16:59;50;12;12;8;2;4;2;2;1;0;0
2019-01-02 09:17:58;50;12;12;8;2;4;2;2;1;0;0
2019-01-02 09:18:59;50;12;12;8;2;4;2;2;1;0;0
2019-01-02 09:19:58;50;12;12;8;2;4;2;2;1;0;0
2019-01-02 09:20:59;50;12;12;8;2;4;2;2;1;0;0
2019-01-02 09:21:58;50;12;12;8;2;4;2;2;1;0;0
2019-01-02 09:22:59;50;12;12;8;2;4;2;2;1;0;0
2019-01-02 09:23:59;50;12;12;8;2;4;2;2;1;0;0
2019-01-02 09:24:58;50;12;12;8;2;4;2;2;1;0;0
2019-01-02 09:25:59;50;12;12;8;2;4;2;2;1;0;0
2019-01-02 09:26:58;50;12;12;8;2;4;2;2;1;0;0
2019-01-02 09:27:59;50;12;12;8;2;4;2;2;1;0;0
2019-01-02 09:28:59;50;12;12;8;2;4;2;2;1;0;0
2019-01-02 09:29:58;50;12;12;8;2;4;2;2;1;0;0
2019-01-02 09:30:59;50;12;12;8;2;4;2;2;1;0;0
2019-01-02 09:31:59;50;12;12;8;2;4;2;2;1;0;0
2019-01-02 09:32:58;50;12;12;8;2;4;2;2;1;0;0
2019-01-02 09:33:59;51;13;12;8;2;4;2;2;1;0;0
2019-01-02 09:34:59;51;13;12;8;2;4;2;2;1;0;0
2019-01-02 09:35:58;51;13;12;8;2;4;2;2;1;0;0
2019-01-02 09:36:59;51;13;12;8;2;4;2;2;1;0;0
2019-01-02 09:37:58;51;13;12;8;2;4;2;2;1;0;0
2019-01-02 09:38:59;51;13;12;8;2;4;2;2;1;0;0
2019-01-02 09:39:58;51;13;12;8;2;4;2;2;1;0;0
2019-01-02 09:40:59;51;13;12;8;2;4;2;2;1;0;0
2019-01-02 09:41:59;51;13;12;8;2;4;2;2;1;0;0
2019-01-02 09:42:58;51;13;12;8;2;4;2;2;1;0;0
2019-01-02 09:43:59;51;13;12;8;2;4;2;2;1;0;0
2019-01-02 09:44:59;51;13;12;8;2;4;2;2;1;0;0
2019-01-02 09:45:58;51;13;12;8;2;4;2;2;1;0;0
2019-01-02 09:46:59;51;13;12;8;2;4;2;2;1;0;0
2019-01-02 09:47:58;51;13;12;8;2;4;2;2;1;0;0
2019-01-02 09:48:59;52;13;13;8;2;4;2;2;1;0;0
2019-01-02 09:49:59;52;13;13;8;2;4;2;2;1;0;0
2019-01-02 09:50:58;52;13;13;8;2;4;2;2;1;0;0
2019-01-02 09:51:59;52;13;13;8;2;4;2;2;1;0;0
2019-01-02 09:52:59;52;13;13;8;2;4;2;2;1;0;0
2019-01-02 09:53:58;52;13;13;8;2;4;2;2;1;0;0
2019-01-02 09:54:59;52;13;13;8;2;4;2;2;1;0;0
2019-01-02 09:56:00;52;13;13;8;2;4;2;2;1;0;0
2019-01-02 09:56:58;52;13;13;8;2;4;2;2;1;0;0
2019-01-02 09:57:59;52;13;13;8;2;4;2;2;1;0;0
2019-01-02 09:58:58;52;13;13;8;2;4;2;2;1;0;0
2019-01-02 09:59:59;52;13;13;8;2;4;2;2;1;0;0
2019-01-02 10:00:59;52;13;13;8;2;4;2;2;1;0;0
2019-01-02 10:01:58;52;13;13;8;2;4;2;2;1;0;0
2019-01-02 10:02:59;52;13;13;8;2;4;2;2;1;0;0
2019-01-02 10:03:59;52;13;13;8;2;4;2;2;1;0;0
2019-01-02 10:04:59;52;13;13;8;2;4;2;2;1;0;0
2019-01-02 10:05:58;53;13;14;8;2;4;2;2;1;0;0
2019-01-02 10:06:59;54;15;13;8;2;4;2;2;1;0;0
2019-01-02 10:07:58;54;15;13;8;2;4;2;2;1;0;0
2019-01-02 10:08:59;54;15;13;8;2;4;2;2;1;0;0
2019-01-02 10:09:59;54;15;13;8;2;4;2;2;1;0;0
2019-01-02 10:10:58;54;15;13;8;2;4;2;2;1;0;0
2019-01-02 10:11:59;54;15;13;8;2;4;2;2;1;0;0
2019-01-02 10:12:59;54;15;13;8;2;4;2;2;1;0;0
2019-01-02 10:13:58;54;15;13;8;2;4;2;2;1;0;0
2019-01-02 10:14:59;54;15;13;8;2;4;2;2;1;0;0
2019-01-02 10:15:58;54;15;13;8;2;4;2;2;1;0;0
2019-01-02 10:16:59;54;15;13;8;2;4;2;2;1;0;0
2019-01-02 10:17:59;54;15;13;8;2;4;2;2;1;0;0
2019-01-02 10:18:58;54;15;13;8;2;4;2;2;1;0;0
2019-01-02 10:19:59;54;15;13;8;2;4;2;2;1;0;0
2019-01-02 10:20:59;54;15;13;8;2;4;2;2;1;0;0
2019-01-02 10:21:58;55;16;13;8;2;4;2;2;1;0;0
2019-01-02 10:22:59;56;17;13;8;2;4;2;2;1;0;0
2019-01-02 10:23:59;56;17;13;8;2;4;2;2;1;0;0
2019-01-02 10:24:58;56;17;13;8;2;4;2;2;1;0;0
2019-01-02 10:25:59;56;17;13;8;2;4;2;2;1;0;0
2019-01-02 10:26:58;56;17;13;8;2;4;2;2;1;0;0
2019-01-02 10:27:59;56;17;13;8;2;4;2;2;1;0;0
2019-01-02 10:28:59;56;17;13;8;2;4;2;2;1;0;0
2019-01-02 10:29:58;56;17;13;8;2;4;2;2;1;0;0
2019-01-02 10:30:59;56;17;13;8;2;4;2;2;1;0;0
2019-01-02 10:32:00;56;17;13;8;2;4;2;2;1;0;0
2019-01-02 10:32:58;56;17;13;8;2;4;2;2;1;0;0
2019-01-02 10:33:59;56;17;13;8;2;4;2;2;1;0;0
2019-01-02 10:34:58;57;18;13;8;2;4;2;2;1;0;0
2019-01-02 10:35:59;57;18;13;8;2;4;2;2;1;0;0
2019-01-02 10:36:58;57;18;13;8;2;4;2;2;1;0;0
2019-01-02 10:37:59;57;18;13;8;2;4;2;2;1;0;0
2019-01-02 10:38:58;57;18;13;8;2;4;2;2;1;0;0
2019-01-02 10:39:59;57;18;13;8;2;4;2;2;1;0;0
2019-01-02 10:40:59;57;18;13;8;2;4;2;2;1;0;0
2019-01-02 10:41:58;57;18;13;8;2;4;2;2;1;0;0
2019-01-02 10:42:59;57;18;13;8;2;4;2;2;1;0;0
2019-01-02 10:43:59;57;18;13;8;2;4;2;2;1;0;0
2019-01-02 10:44:58;58;19;13;8;2;4;2;2;1;0;0
2019-01-02 10:45:59;58;19;13;8;2;4;2;2;1;0;0
2019-01-02 10:46:58;58;19;13;8;2;4;2;2;1;0;0
2019-01-02 10:47:59;58;19;13;8;2;4;2;2;1;0;0
2019-01-02 10:48:59;58;19;13;8;2;4;2;2;1;0;0
2019-01-02 10:49:58;58;19;13;8;2;4;2;2;1;0;0
2019-01-02 10:50:59;58;19;13;8;2;4;2;2;1;0;0
2019-01-02 10:51:58;58;19;13;8;2;4;2;2;1;0;0
2019-01-02 10:52:59;59;20;13;8;2;4;2;2;1;0;0
2019-01-02 10:53:59;60;20;14;8;2;4;2;2;1;0;0
2019-01-02 10:54:58;60;20;14;8;2;4;2;2;1;0;0
2019-01-02 10:55:59;60;20;14;8;2;4;2;2;1;0;0
2019-01-02 10:56:58;61;20;14;8;2;4;2;2;1;0;0
2019-01-02 10:57:59;61;20;14;8;2;4;2;2;1;0;0
2019-01-02 10:58:58;61;20;14;8;2;4;2;2;1;0;0
2019-01-02 10:59:59;61;20;14;8;2;4;2;2;1;0;0
2019-01-02 11:00:58;62;20;14;8;3;4;2;2;1;0;0
2019-01-02 11:01:59;62;20;14;8;3;4;2;2;1;0;0
2019-01-02 11:02:59;62;20;14;8;3;4;2;2;1;0;0
2019-01-02 11:03:58;62;20;14;8;3;4;2;2;1;0;0
2019-01-02 11:04:59;62;20;15;8;3;4;2;2;1;0;0
2019-01-02 11:05:58;62;20;15;8;3;4;2;2;1;0;0
2019-01-02 11:06:59;62;20;15;8;3;4;2;2;1;0;0
2019-01-02 11:07:59;62;20;15;8;3;4;2;2;1;0;0
2019-01-02 11:08:58;62;20;15;8;3;4;2;2;1;0;0
2019-01-02 11:09:59;62;20;15;8;3;4;2;2;1;0;0
2019-01-02 11:10:59;62;20;15;8;3;4;2;2;1;0;0
2019-01-02 11:11:58;62;20;15;8;3;4;2;2;1;0;0
2019-01-02 11:12:59;63;20;15;8;3;4;2;2;1;0;0
2019-01-02 11:13:58;63;20;15;8;3;4;2;2;1;0;0
2019-01-02 11:14:59;63;20;15;8;3;4;2;2;1;0;0
2019-01-02 11:15:59;63;20;15;8;3;4;2;2;1;0;0
2019-01-02 11:16:58;63;20;15;8;3;4;2;2;1;0;0
2019-01-02 11:17:59;63;20;15;8;3;4;2;2;1;0;0
2019-01-02 11:18:58;63;20;15;8;3;4;2;2;1;0;0
2019-01-02 11:19:59;63;20;15;8;3;4;2;2;1;0;0
2019-01-02 11:20:59;63;20;15;8;3;4;2;2;1;0;0
2019-01-02 11:21:58;63;20;15;8;3;4;2;2;1;0;0
2019-01-02 11:22:59;63;20;15;8;3;4;2;2;1;0;0
2019-01-02 11:23:58;63;20;15;8;3;4;2;2;1;0;0
2019-01-02 11:24:59;63;20;15;8;3;4;2;2;1;0;0
2019-01-02 11:25:59;63;20;15;8;3;4;2;2;1;0;0
2019-01-02 11:26:58;63;20;15;8;3;4;2;2;1;0;0
2019-01-02 11:27:59;63;20;15;8;3;4;2;2;1;0;0
2019-01-02 11:28:58;63;20;15;8;3;4;2;2;1;0;0
2019-01-02 11:29:59;63;20;15;8;3;4;2;2;1;0;0
2019-01-02 11:30:59;63;20;15;8;3;4;2;2;1;0;0
2019-01-02 11:31:58;63;20;15;8;3;4;2;2;1;0;0
2019-01-02 11:32:59;63;20;15;8;3;4;2;2;1;0;0
2019-01-02 11:33:58;63;20;15;8;3;4;2;2;1;0;0
2019-01-02 11:34:59;63;20;15;8;3;4;2;2;1;0;0
2019-01-02 11:35:59;63;20;15;8;3;4;2;2;1;0;0
2019-01-02 11:36:58;63;20;15;8;3;4;2;2;1;0;0
2019-01-02 11:37:59;63;20;15;8;3;4;2;2;1;0;0
2019-01-02 11:38:59;63;20;15;8;3;4;2;2;1;0;0
2019-01-02 11:39:58;63;20;15;8;3;4;2;2;1;0;0
2019-01-02 11:40:59;63;20;15;8;3;4;2;2;1;0;0
2019-01-02 11:41:59;63;20;15;8;3;4;2;2;1;0;0
2019-01-02 11:42:58;63;20;15;8;3;4;2;2;1;0;0
2019-01-02 11:43:59;63;20;15;8;3;4;2;2;1;0;0
2019-01-02 11:44:58;63;20;15;8;3;4;2;2;1;0;0
2019-01-02 11:45:59;63;20;15;8;3;4;2;2;1;0;0
2019-01-02 11:46:59;63;20;15;8;3;4;2;2;1;0;0
2019-01-02 11:47:58;63;20;15;8;3;4;2;2;1;0;0
2019-01-02 11:48:59;63;20;15;8;3;4;2;2;1;0;0
2019-01-02 11:49:59;63;20;15;8;3;4;2;2;1;0;0
2019-01-02 11:50:58;63;20;15;8;3;4;2;2;1;0;0
2019-01-02 11:51:59;63;20;15;8;3;4;2;2;1;0;0
2019-01-02 11:52:59;63;20;15;8;3;4;2;2;1;0;0
2019-01-02 11:53:58;64;21;15;8;3;4;2;2;1;0;0
2019-01-02 11:54:59;64;21;15;8;3;4;2;2;1;0;0
2019-01-02 11:55:58;65;21;16;8;3;4;2;2;1;0;0
2019-01-02 11:56:59;65;21;16;8;3;4;2;2;1;0;0
2019-01-02 11:57:58;65;21;16;8;3;4;2;2;1;0;0
2019-01-02 11:58:59;65;21;16;8;3;4;2;2;1;0;0
2019-01-02 11:59:58;66;21;16;9;3;4;2;2;1;0;0
2019-01-02 12:00:59;66;21;16;9;3;4;2;2;1;0;0
2019-01-02 12:01:59;66;21;16;9;3;4;2;2;1;0;0
2019-01-02 12:02:58;66;21;16;9;3;4;2;2;1;0;0
2019-01-02 12:03:59;66;21;16;9;3;4;2;2;1;0;0
2019-01-02 12:04:59;66;21;16;9;3;4;2;2;1;0;0
2019-01-02 12:05:58;67;22;16;9;3;4;2;2;1;0;0
2019-01-02 12:06:59;67;22;16;9;3;4;2;2;1;0;0
2019-01-02 12:07:59;67;22;16;9;3;4;2;2;1;0;0
2019-01-02 12:08:58;67;22;16;9;3;4;2;2;1;0;0
2019-01-02 12:09:59;67;22;16;9;3;4;2;2;1;0;0
2019-01-02 12:10:58;67;22;16;9;3;4;2;2;1;0;0
2019-01-02 12:11:59;67;22;16;9;3;4;2;2;1;0;0
2019-01-02 12:12:59;67;22;16;9;3;4;2;2;1;0;0
2019-01-02 12:13:58;67;22;16;9;3;4;2;2;1;0;0
2019-01-02 12:14:59;67;22;16;9;3;4;2;2;1;0;0
2019-01-02 12:15:59;68;23;16;9;3;4;2;2;1;0;0
2019-01-02 12:16:58;69;23;16;9;3;4;2;2;2;0;0
2019-01-02 12:17:59;70;24;16;9;3;4;2;2;2;0;0
2019-01-02 12:18:58;70;24;16;9;3;4;2;2;2;0;0
2019-01-02 12:19:59;70;24;16;9;3;4;2;2;2;0;0
2019-01-02 12:20:59;70;24;16;9;3;4;2;2;2;0;0
2019-01-02 12:21:58;71;25;16;9;3;4;2;2;2;0;0
2019-01-02 12:22:59;71;25;16;9;3;4;2;2;2;0;0
2019-01-02 12:23:59;71;25;16;9;3;4;2;2;2;0;0
2019-01-02 12:24:58;71;25;16;9;3;4;2;2;2;0;0
2019-01-02 12:25:59;71;25;16;9;3;4;2;2;2;0;0
2019-01-02 12:26:59;71;25;16;9;3;4;2;2;2;0;0
2019-01-02 12:27:58;71;25;16;9;3;4;2;2;2;0;0
2019-01-02 12:28:59;71;25;16;9;3;4;2;2;2;0;0
2019-01-02 12:29:59;71;25;16;9;3;4;2;2;2;0;0
2019-01-02 12:30:58;72;25;16;9;3;4;2;2;2;0;0
2019-01-02 12:31:59;73;25;16;10;3;4;2;2;2;0;0
2019-01-02 12:32:59;73;25;16;10;3;4;2;2;2;0;0
2019-01-02 12:33:58;73;25;16;10;3;4;2;2;2;0;0
2019-01-02 12:34:59;73;25;16;10;3;4;2;2;2;0;0
2019-01-02 12:35:59;73;25;16;10;3;4;2;2;2;0;0
2019-01-02 12:36:58;73;25;16;10;3;4;2;2;2;0;0
2019-01-02 12:37:59;73;25;16;10;3;4;2;2;2;0;0
2019-01-02 12:38:58;73;25;16;10;3;4;2;2;2;0;0
2019-01-02 12:39:59;73;25;16;10;3;4;2;2;2;0;0
2019-01-02 12:40:58;73;25;16;10;3;4;2;2;2;0;0
2019-01-02 12:41:59;73;25;16;10;3;4;2;2;2;0;0
2019-01-02 12:42:59;73;25;16;10;3;4;2;2;2;0;0
2019-01-02 12:43:58;73;25;16;10;3;4;2;2;2;0;0
2019-01-02 12:44:59;74;25;16;10;3;4;3;2;2;0;0
2019-01-02 12:45:59;74;25;16;10;3;4;3;2;2;0;0
2019-01-02 12:46:58;74;25;16;10;3;4;3;2;2;0;0
2019-01-02 12:47:59;75;25;16;10;3;4;3;2;2;0;0
2019-01-02 12:48:59;75;25;16;10;3;4;3;2;2;0;0
2019-01-02 12:49:58;75;25;16;10;3;4;3;2;2;0;0
2019-01-02 12:50:59;76;25;16;10;3;4;3;2;2;0;0
2019-01-02 12:51:58;76;25;16;10;3;4;3;2;2;0;0
2019-01-02 12:52:59;76;25;16;10;3;4;3;2;2;0;0
2019-01-02 12:53:59;76;25;16;10;3;4;3;2;2;0;0
2019-01-02 12:54:58;76;25;16;10;3;4;3;2;2;0;0
2019-01-02 12:55:59;76;25;16;10;3;4;3;2;2;0;0
2019-01-02 12:56:59;76;25;16;10;3;4;3;2;2;0;0
2019-01-02 12:57:58;76;25;16;10;3;4;3;2;2;0;0
2019-01-02 12:58:59;76;25;16;10;3;4;3;2;2;0;0
2019-01-02 12:59:58;76;25;16;10;3;4;3;2;2;0;0
2019-01-02 13:00:59;76;25;16;10;3;4;3;2;2;0;0
2019-01-02 13:01:59;76;25;16;10;3;4;3;2;2;0;0
2019-01-02 13:02:58;76;25;16;10;3;4;3;2;2;0;0
2019-01-02 13:03:59;76;25;16;10;3;4;3;2;2;0;0
2019-01-02 13:04:59;76;25;16;10;3;4;3;2;2;0;0
2019-01-02 13:05:58;76;25;16;10;3;4;3;2;2;0;0
2019-01-02 13:06:59;76;25;16;10;3;4;3;2;2;0;0
2019-01-02 13:07:59;77;26;16;10;3;4;3;2;2;0;0
2019-01-02 13:08:58;77;26;16;10;3;4;3;2;2;0;0
2019-01-02 13:09:59;77;26;16;10;3;4;3;2;2;0;0
2019-01-02 13:10:59;77;26;16;10;3;4;3;2;2;0;0
2019-01-02 13:11:58;77;26;16;10;3;4;3;2;2;0;0
2019-01-02 13:12:59;78;27;16;10;3;4;3;2;2;0;0
2019-01-02 13:13:59;78;27;16;10;3;4;3;2;2;0;0
2019-01-02 13:14:58;78;27;16;10;3;4;3;2;2;0;0
2019-01-02 13:15:59;78;27;16;10;3;4;3;2;2;0;0
2019-01-02 13:16:58;79;27;16;10;4;4;3;2;2;0;0
2019-01-02 13:17:59;79;27;16;10;4;4;3;2;2;0;0
2019-01-02 13:18:59;79;27;16;10;4;4;3;2;2;0;0
2019-01-02 13:19:58;79;27;16;10;4;4;3;2;2;0;0
2019-01-02 13:20:59;79;27;16;10;4;4;3;2;2;0;0
2019-01-02 13:21:59;79;27;16;10;4;4;3;2;2;0;0
2019-01-02 13:22:58;79;27;16;10;4;4;3;2;2;0;0
2019-01-02 13:23:59;79;27;16;10;4;4;3;2;2;0;0
2019-01-02 13:24:58;79;27;16;10;4;4;3;2;2;0;0
2019-01-02 13:25:59;79;27;16;10;4;4;3;2;2;0;0
2019-01-02 13:26:59;79;27;16;10;4;4;3;2;2;0;0
2019-01-02 13:27:58;79;27;16;10;4;4;3;2;2;0;0
2019-01-02 13:28:59;79;27;16;10;4;4;3;2;2;0;0
2019-01-02 13:29:59;79;27;16;10;4;4;3;2;2;0;0
2019-01-02 13:30:58;79;27;16;10;4;4;3;2;2;0;0
2019-01-02 13:31:59;79;27;16;10;4;4;3;2;2;0;0
2019-01-02 13:32:59;79;27;16;10;4;4;3;2;2;0;0
2019-01-02 13:33:58;80;28;16;10;4;4;3;2;2;0;0
2019-01-02 13:34:59;80;28;16;10;4;4;4;2;2;0;0
2019-01-02 13:35:58;80;28;16;10;4;4;4;2;2;0;0
2019-01-02 13:36:59;80;28;16;10;4;4;4;2;2;0;0
2019-01-02 13:37:59;80;28;16;10;4;4;4;2;2;0;0
2019-01-02 13:38:58;80;28;16;10;4;4;4;2;2;0;0
2019-01-02 13:39:59;80;28;16;10;4;4;4;2;2;0;0
2019-01-02 13:40:58;80;28;16;10;4;4;4;2;2;0;0
2019-01-02 13:41:59;80;28;16;10;4;4;4;2;2;0;0
2019-01-02 13:42:59;80;28;16;10;4;4;4;2;2;0;0
2019-01-02 13:43:58;80;28;16;10;4;4;4;2;2;0;0
2019-01-02 13:44:59;80;28;16;10;4;4;4;2;2;0;0
2019-01-02 13:45:58;80;28;16;10;4;4;4;2;2;0;0
2019-01-02 13:46:59;80;28;16;10;4;4;4;2;2;0;0
2019-01-02 13:47:59;80;28;16;10;4;4;4;2;2;0;0
2019-01-02 13:48:58;80;28;16;10;4;4;4;2;2;0;0
2019-01-02 13:49:59;80;28;16;10;4;4;4;2;2;0;0
2019-01-02 13:50:58;80;28;16;10;4;4;4;2;2;0;0
2019-01-02 13:51:59;80;28;16;10;4;4;4;2;2;0;0
2019-01-02 13:52:59;80;28;16;10;4;4;4;2;2;0;0
2019-01-02 13:53:58;80;28;16;10;4;4;4;2;2;0;0
2019-01-02 13:54:59;80;28;16;10;4;4;4;2;2;0;0
2019-01-02 13:55:58;80;28;16;10;4;4;4;2;2;0;0
2019-01-02 13:56:59;80;28;16;10;4;4;4;2;2;0;0
2019-01-02 13:57:58;80;28;16;10;4;4;4;2;2;0;0
2019-01-02 13:58:59;80;28;16;10;4;4;4;2;2;0;0
2019-01-02 13:59:59;80;28;16;10;4;4;4;2;2;0;0
2019-01-02 14:00:58;80;28;16;10;4;4;4;2;2;0;0
2019-01-02 14:01:59;80;28;16;10;4;4;4;2;2;0;0
2019-01-02 14:02:59;81;29;16;10;4;4;4;2;2;0;0
2019-01-02 14:03:58;82;29;17;10;4;4;4;2;2;0;0
2019-01-02 14:04:59;82;29;17;10;4;4;4;2;2;0;0
2019-01-02 14:05:59;82;29;17;10;4;4;4;2;2;0;0
2019-01-02 14:06:58;82;29;17;10;4;4;4;2;2;0;0
2019-01-02 14:07:59;81;29;17;10;4;4;3;2;2;0;0
2019-01-02 14:08:58;82;29;17;10;4;4;4;2;2;0;0
2019-01-02 14:09:59;82;29;17;10;4;4;4;2;2;0;0
2019-01-02 14:10:59;82;29;17;10;4;4;4;2;2;0;0
2019-01-02 14:11:58;82;29;17;10;4;4;4;2;2;0;0
2019-01-02 14:12:59;82;29;17;10;4;4;4;2;2;0;0
2019-01-02 14:13:59;82;29;17;10;4;4;4;2;2;0;0
2019-01-02 14:14:58;82;29;17;10;4;4;4;2;2;0;0
2019-01-02 14:15:59;82;29;17;10;4;4;4;2;2;0;0
2019-01-02 14:16:58;84;30;18;10;4;4;4;2;2;0;0
2019-01-02 14:17:59;84;30;18;10;4;4;4;2;2;0;0
2019-01-02 14:18:59;84;30;18;10;4;4;4;2;2;0;0
2019-01-02 14:19:58;84;30;18;10;4;4;4;2;2;0;0
2019-01-02 14:20:59;85;30;18;11;4;4;4;2;2;0;0
2019-01-02 14:21:59;85;30;18;11;4;4;4;2;2;0;0
2019-01-02 14:22:58;85;30;18;11;4;4;4;2;2;0;0
2019-01-02 14:23:59;85;30;18;11;4;4;4;2;2;0;0
2019-01-02 14:24:58;85;30;18;11;4;4;4;2;2;0;0
2019-01-02 14:25:59;85;30;18;11;4;4;4;2;2;0;0
2019-01-02 14:26:59;85;30;18;11;4;4;4;2;2;0;0
2019-01-02 14:27:58;85;30;18;11;4;4;4;2;2;0;0
2019-01-02 14:28:59;85;30;18;11;4;4;4;2;2;0;0
2019-01-02 14:29:59;85;30;18;11;4;4;4;2;2;0;0
2019-01-02 14:30:58;86;31;18;11;4;4;4;2;2;0;0
2019-01-02 14:31:59;87;31;19;11;4;4;4;2;2;0;0
2019-01-02 14:32:59;87;31;19;11;4;4;4;2;2;0;0
2019-01-02 14:33:58;87;31;19;11;4;4;4;2;2;0;0
2019-01-02 14:34:59;87;31;19;11;4;4;4;2;2;0;0
2019-01-02 14:35:59;87;31;19;11;4;4;4;2;2;0;0
2019-01-02 14:36:58;87;31;19;11;4;4;4;2;2;0;0
2019-01-02 14:37:59;87;32;18;11;4;4;4;2;2;0;0
2019-01-02 14:38:58;87;32;18;11;4;4;4;2;2;0;0
2019-01-02 14:39:59;87;32;18;11;4;4;4;2;2;0;0
2019-01-02 14:40:59;87;32;18;11;4;4;4;2;2;0;0
2019-01-02 14:41:58;87;32;18;11;4;4;4;2;2;0;0
2019-01-02 14:42:59;87;32;18;11;4;4;4;2;2;0;0
2019-01-02 14:43:59;87;32;18;11;4;4;4;2;2;0;0
2019-01-02 14:44:58;87;32;18;11;4;4;4;2;2;0;0
2019-01-02 14:45:59;87;32;18;11;4;4;4;2;2;0;0
2019-01-02 14:46:58;87;32;18;11;4;4;4;2;2;0;0
2019-01-02 14:47:59;87;32;18;11;4;4;4;2;2;0;0
2019-01-02 14:48:59;87;32;18;11;4;4;4;2;2;0;0
2019-01-02 14:49:58;87;32;18;11;4;4;4;2;2;0;0
2019-01-02 14:50:59;88;33;18;11;4;4;4;2;2;0;0
2019-01-02 14:51:59;88;33;18;11;4;4;4;2;2;0;0
2019-01-02 14:52:58;88;33;18;11;4;4;4;2;2;0;0
2019-01-02 14:53:59;89;34;18;11;4;4;4;2;2;0;0
2019-01-02 14:54:59;90;34;18;11;4;4;4;2;2;0;0
2019-01-02 14:55:58;90;34;18;11;4;4;4;2;2;0;0
2019-01-02 14:56:59;90;34;18;11;4;4;4;2;2;0;0
2019-01-02 14:57:58;91;34;18;11;4;4;4;2;2;0;0
2019-01-02 14:58:59;91;34;18;11;4;4;4;2;2;0;0
2019-01-02 14:59:59;91;34;18;11;4;4;4;2;2;0;0
2019-01-02 15:00:58;91;34;18;11;4;4;4;2;2;0;0
2019-01-02 15:01:59;91;34;18;11;4;4;4;2;2;0;0
2019-01-02 15:02:58;92;34;18;11;5;4;4;2;2;0;0
2019-01-02 15:03:59;92;34;18;11;5;4;4;2;2;0;0
2019-01-02 15:04:59;92;34;18;11;5;4;4;2;2;0;0
2019-01-02 15:05:58;92;34;18;11;5;4;4;2;2;0;0
2019-01-02 15:06:59;92;34;18;11;5;4;4;2;2;0;0
2019-01-02 15:07:59;92;34;18;11;5;4;4;2;2;0;0
2019-01-02 15:08:58;92;34;18;11;5;4;4;2;2;0;0
2019-01-02 15:09:59;92;34;18;11;5;4;4;2;2;0;0
2019-01-02 15:10:59;92;34;18;11;5;4;4;2;2;0;0
2019-01-02 15:11:58;92;34;18;11;5;4;4;2;2;0;0
2019-01-02 15:12:59;93;35;18;11;5;4;4;2;2;0;0
2019-01-02 15:13:58;93;35;18;11;5;4;4;2;2;0;0
2019-01-02 15:14:59;93;35;18;11;5;4;4;2;2;0;0
2019-01-02 15:15:59;93;35;18;11;5;4;4;2;2;0;0
2019-01-02 15:16:58;93;35;18;11;5;4;4;2;2;0;0
2019-01-02 15:17:59;93;35;18;11;5;4;4;2;2;0;0
2019-01-02 15:18:58;93;35;18;11;5;4;4;2;2;0;0
2019-01-02 15:19:59;93;35;18;11;5;4;4;2;2;0;0
2019-01-02 15:20:59;93;35;18;11;5;4;4;2;2;0;0
2019-01-02 15:21:58;93;35;18;11;5;4;4;2;2;0;0
2019-01-02 15:22:59;93;35;18;11;5;4;4;2;2;0;0
2019-01-02 15:23:59;93;35;18;11;5;4;4;2;2;0;0
2019-01-02 15:24:58;93;35;18;11;5;4;4;2;2;0;0
2019-01-02 15:25:59;93;35;18;11;5;4;4;2;2;0;0
2019-01-02 15:26:58;93;35;18;11;5;4;4;2;2;0;0
2019-01-02 15:27:59;93;35;18;11;5;4;4;2;2;0;0
2019-01-02 15:28:59;93;35;18;11;5;4;4;2;2;0;0
2019-01-02 15:29:58;93;35;18;11;5;4;4;2;2;0;0
2019-01-02 15:30:59;93;35;18;11;5;4;4;2;2;0;0
2019-01-02 15:31:59;93;35;18;11;5;4;4;2;2;0;0
2019-01-02 15:32:58;93;35;18;11;5;4;4;2;2;0;0
2019-01-02 15:33:59;93;35;18;11;5;4;4;2;2;0;0
2019-01-02 15:34:59;93;35;18;11;5;4;4;2;2;0;0
2019-01-02 15:35:58;93;35;18;11;5;4;4;2;2;0;0
2019-01-02 15:36:59;93;35;18;11;5;4;4;2;2;0;0
2019-01-02 15:37:58;93;35;18;11;5;4;4;2;2;0;0
2019-01-02 15:38:59;93;35;18;11;5;4;4;2;2;0;0
2019-01-02 15:39:59;93;35;18;11;5;4;4;2;2;0;0
2019-01-02 15:40:58;93;35;18;11;5;4;4;2;2;0;0
2019-01-02 15:41:59;93;35;18;11;5;4;4;2;2;0;0
2019-01-02 15:42:58;93;35;18;11;5;4;4;2;2;0;0
2019-01-02 15:43:59;93;35;18;11;5;4;4;2;2;0;0
2019-01-02 15:44:59;93;35;18;11;5;4;4;2;2;0;0
2019-01-02 15:45:58;93;35;18;11;5;4;4;2;2;0;0
2019-01-02 15:46:59;93;35;18;11;5;4;4;2;2;0;0
2019-01-02 15:47:58;93;35;18;11;5;4;4;2;2;0;0
2019-01-02 15:48:59;93;35;18;11;5;4;4;2;2;0;0
2019-01-02 15:49:58;93;35;18;11;5;4;4;2;2;0;0
2019-01-02 15:50:59;93;35;18;11;5;4;4;2;2;0;0
2019-01-02 15:51:59;93;35;18;11;5;4;4;2;2;0;0
2019-01-02 15:52:58;93;35;18;11;5;4;4;2;2;0;0
2019-01-02 15:53:59;93;35;18;11;5;4;4;2;2;0;0
2019-01-02 15:55:00;94;35;19;11;5;4;4;2;2;0;0
2019-01-02 15:55:58;94;35;19;11;5;4;4;2;2;0;0
2019-01-02 15:56:59;94;35;19;11;5;4;4;2;2;0;0
2019-01-02 15:57:58;94;35;19;11;5;4;4;2;2;0;0
2019-01-02 15:58:59;94;35;19;11;5;4;4;2;2;0;0
2019-01-02 15:59:58;94;35;19;11;5;4;4;2;2;0;0
2019-01-02 16:00:59;94;35;19;11;5;4;4;2;2;0;0
2019-01-02 16:01:58;94;35;19;11;5;4;4;2;2;0;0
2019-01-02 16:02:59;94;35;19;11;5;4;4;2;2;0;0
2019-01-02 16:03:59;94;35;19;11;5;4;4;2;2;0;0
2019-01-02 16:04:58;94;35;19;11;5;4;4;2;2;0;0
2019-01-02 16:05:59;94;35;19;11;5;4;4;2;2;0;0
2019-01-02 16:06:59;94;35;19;11;5;4;4;2;2;0;0
2019-01-02 16:07:58;94;35;19;11;5;4;4;2;2;0;0
2019-01-02 16:08:59;94;35;19;11;5;4;4;2;2;0;0
2019-01-02 16:09:59;94;35;19;11;5;4;4;2;2;0;0
2019-01-02 16:10:58;94;35;19;11;5;4;4;2;2;0;0
2019-01-02 16:11:59;94;35;19;11;5;4;4;2;2;0;0
2019-01-02 16:12:59;95;35;19;11;5;4;4;2;2;1;0
2019-01-02 16:13:58;95;35;19;11;5;4;4;2;2;1;0
2019-01-02 16:14:59;95;35;19;11;5;4;4;2;2;1;0
2019-01-02 16:15:58;95;35;19;11;5;4;4;2;2;1;0
2019-01-02 16:16:59;94;35;18;11;5;4;4;2;2;1;0
2019-01-02 16:17:59;94;35;18;11;5;4;4;2;2;1;0
2019-01-02 16:18:58;93;35;18;11;5;4;3;2;2;1;0
2019-01-02 16:19:59;94;36;18;11;5;4;3;2;2;1;0
2019-01-02 16:20:58;94;36;18;11;5;4;3;2;2;1;0
2019-01-02 16:21:58;94;36;18;11;5;4;3;2;2;1;0
2019-01-02 16:22:59;94;36;18;11;5;4;3;2;2;1;0
2019-01-02 16:23:59;94;36;18;11;5;4;3;2;2;1;0
2019-01-02 16:24:58;94;36;18;11;5;4;3;2;2;1;0
2019-01-02 16:25:59;94;36;18;11;5;4;3;2;2;1;0
2019-01-02 16:26:59;94;36;18;11;5;4;3;2;2;1;0
2019-01-02 16:27:58;95;37;18;11;5;4;3;2;2;1;0
2019-01-02 16:28:59;95;37;18;11;5;4;3;2;2;1;0
2019-01-02 16:29:59;95;37;18;11;5;4;3;2;2;1;0
2019-01-02 16:30:58;95;37;18;11;5;4;3;2;2;1;0
2019-01-02 16:31:59;95;37;18;11;5;4;3;2;2;1;0
2019-01-02 16:32:59;95;37;18;11;5;4;3;2;2;1;0
2019-01-02 16:33:58;95;37;18;11;5;4;3;2;2;1;0
2019-01-02 16:34:59;95;37;18;11;5;4;3;2;2;1;0
2019-01-02 16:35:59;95;37;18;11;5;4;3;2;2;1;0
2019-01-02 16:36:58;95;37;18;11;5;4;3;2;2;1;0
2019-01-02 16:37:59;95;37;18;11;5;4;3;2;2;1;0
2019-01-02 16:38:59;95;37;18;11;5;4;3;2;2;1;0
2019-01-02 16:39:58;95;37;18;11;5;4;3;2;2;1;0
2019-01-02 16:40:59;95;37;18;11;5;4;3;2;2;1;0
2019-01-02 16:42:00;95;37;18;11;5;4;3;2;2;1;0
2019-01-02 16:42:58;95;37;18;11;5;4;3;2;2;1;0
2019-01-02 16:43:59;96;37;18;11;5;4;3;3;2;1;0
2019-01-02 16:44:58;96;37;18;11;5;4;3;3;2;1;0
2019-01-02 16:45:59;96;37;18;11;5;4;3;3;2;1;0
2019-01-02 16:46:59;96;37;18;11;5;4;3;3;2;1;0
2019-01-02 16:47:58;96;37;18;11;5;4;3;3;2;1;0
2019-01-02 16:48:59;97;37;19;11;5;4;3;3;2;1;0
2019-01-02 16:49:59;98;37;20;11;5;4;3;3;2;1;0
2019-01-02 16:50:58;98;37;20;11;5;4;3;3;2;1;0
2019-01-02 16:51:59;98;37;20;11;5;4;3;3;2;1;0
2019-01-02 16:52:58;98;37;20;11;5;4;3;3;2;1;0
2019-01-02 16:53:59;98;37;20;11;5;4;3;3;2;1;0
2019-01-02 16:54:58;98;37;20;11;5;4;3;3;2;1;0
2019-01-02 16:55:59;98;37;20;11;5;4;3;3;2;1;0
2019-01-02 16:56:58;98;37;20;11;5;4;3;3;2;1;0
2019-01-02 16:57:59;98;37;20;11;5;4;3;3;2;1;0
2019-01-02 16:58:59;99;38;20;11;5;4;3;3;2;1;0
2019-01-02 16:59:58;99;38;20;11;5;4;3;3;2;1;0
2019-01-02 17:00:59;99;38;20;11;5;4;3;3;2;1;0
2019-01-02 17:01:59;99;38;20;11;5;4;3;3;2;1;0
2019-01-02 17:02:58;99;38;20;11;5;4;3;3;2;1;0
2019-01-02 17:03:59;99;38;20;11;5;4;3;3;2;1;0
2019-01-02 17:04:59;99;38;20;11;5;4;3;3;2;1;0
2019-01-02 17:05:58;99;38;20;11;5;4;3;3;2;1;0
2019-01-02 17:06:59;99;38;20;11;5;4;3;3;2;1;0
2019-01-02 17:07:58;99;38;20;11;5;4;3;3;2;1;0
2019-01-02 17:08:59;99;38;20;11;5;4;3;3;2;1;0
2019-01-02 17:09:59;99;38;20;11;5;4;3;3;2;1;0
2019-01-02 17:10:58;99;38;20;11;5;4;3;3;2;1;0
2019-01-02 17:11:59;99;38;20;11;5;4;3;3;2;1;0
2019-01-02 17:12:59;99;38;20;11;5;4;3;3;2;1;0
2019-01-02 17:13:58;99;38;20;11;5;4;3;3;2;1;0
2019-01-02 17:14:59;99;38;20;11;5;4;3;3;2;1;0
2019-01-02 17:15:59;99;38;20;11;5;4;3;3;2;1;0
2019-01-02 17:16:58;99;38;20;11;5;4;3;3;2;1;0
2019-01-02 17:17:59;99;38;20;11;5;4;3;3;2;1;0
2019-01-02 17:18:59;99;38;20;11;5;4;3;3;2;1;0
2019-01-02 17:19:58;99;38;20;11;5;4;3;3;2;1;0
2019-01-02 17:20:59;99;38;20;11;5;4;3;3;2;1;0
2019-01-02 17:21:58;99;38;20;11;5;4;3;3;2;1;0
2019-01-02 17:22:59;99;38;20;11;5;4;3;3;2;1;0
2019-01-02 17:23:59;99;38;20;11;5;4;3;3;2;1;0
2019-01-02 17:24:58;99;38;20;11;5;4;3;3;2;1;0
2019-01-02 17:25:59;100;39;20;11;5;4;3;3;2;1;0
2019-01-02 17:26:59;100;39;20;11;5;4;3;3;2;1;0
2019-01-02 17:27:58;100;39;20;11;5;4;3;3;2;1;0
2019-01-02 17:28:59;100;39;20;11;5;4;3;3;2;1;0
2019-01-02 17:29:59;100;39;20;11;5;4;3;3;2;1;0
2019-01-02 17:30:58;100;39;20;11;5;4;3;3;2;1;0
2019-01-02 17:31:59;100;39;20;11;5;4;3;3;2;1;0
2019-01-02 17:32:59;100;39;20;11;5;4;3;3;2;1;0
2019-01-02 17:33:58;100;39;20;11;5;4;3;3;2;1;0
2019-01-02 17:34:59;100;39;20;11;5;4;3;3;2;1;0
2019-01-02 17:35:58;100;39;20;11;5;4;3;3;2;1;0
2019-01-02 17:36:59;100;39;20;11;5;4;3;3;2;1;0
2019-01-02 17:37:58;100;39;20;11;5;4;3;3;2;1;0
2019-01-02 17:38:59;100;39;20;11;5;4;3;3;2;1;0
2019-01-02 17:39:59;100;39;20;11;5;4;3;3;2;1;0
2019-01-02 17:40:58;100;39;20;11;5;4;3;3;2;1;0
2019-01-02 17:41:59;100;39;20;11;5;4;3;3;2;1;0
2019-01-02 17:42:58;100;39;20;11;5;4;3;3;2;1;0
2019-01-02 17:43:59;100;39;20;11;5;4;3;3;2;1;0
2019-01-02 17:44:59;100;39;20;11;5;4;3;3;2;1;0
2019-01-02 17:45:58;100;39;20;11;5;4;3;3;2;1;0
2019-01-02 17:46:59;100;39;20;11;5;4;3;3;2;1;0
2019-01-02 17:47:58;100;39;20;11;5;4;3;3;2;1;0
2019-01-02 17:48:59;100;39;20;11;5;4;3;3;2;1;0
2019-01-02 17:49:59;100;39;20;11;5;4;3;3;2;1;0
2019-01-02 17:50:58;100;39;20;11;5;4;3;3;2;1;0
2019-01-02 17:51:59;100;39;20;11;5;4;3;3;2;1;0
2019-01-02 17:52:59;100;39;20;11;5;4;3;3;2;1;0
2019-01-02 17:53:58;100;39;20;11;5;4;3;3;2;1;0
2019-01-02 17:54:59;100;39;20;11;5;4;3;3;2;1;0
2019-01-02 17:55:58;101;40;20;11;5;4;3;3;2;1;0
2019-01-02 17:56:59;101;40;20;11;5;4;3;3;2;1;0
2019-01-02 17:57:58;101;40;20;11;5;4;3;3;2;1;0
2019-01-02 17:58:59;101;40;20;11;5;4;3;3;2;1;0
2019-01-02 17:59:59;101;40;20;11;5;4;3;3;2;1;0
2019-01-02 18:00:58;102;40;20;11;6;4;3;3;2;1;0
2019-01-02 18:01:59;102;40;20;11;6;4;3;3;2;1;0
2019-01-02 18:02:59;102;40;20;11;6;4;3;3;2;1;0
2019-01-02 18:03:58;102;40;20;11;6;4;3;3;2;1;0
2019-01-02 18:04:59;102;40;20;11;6;4;3;3;2;1;0
2019-01-02 18:05:59;102;40;20;11;6;4;3;3;2;1;0
2019-01-02 18:06:58;102;40;20;11;6;4;3;3;2;1;0
2019-01-02 18:07:59;102;40;20;11;6;4;3;3;2;1;0
2019-01-02 18:08:58;102;40;20;11;6;4;3;3;2;1;0
2019-01-02 18:09:59;102;40;20;11;6;4;3;3;2;1;0
2019-01-02 18:10:59;102;40;20;11;6;4;3;3;2;1;0
2019-01-02 18:11:59;102;40;20;11;6;4;3;3;2;1;0
2019-01-02 18:12:58;102;40;20;11;6;4;3;3;2;1;0
2019-01-02 18:13:59;102;40;20;11;6;4;3;3;2;1;0
2019-01-02 18:14:59;103;41;20;11;6;4;3;3;2;1;0
2019-01-02 18:15:58;103;41;20;11;6;4;3;3;2;1;0
2019-01-02 18:16:59;103;41;20;11;6;4;3;3;2;1;0
2019-01-02 18:17:59;103;41;20;11;6;4;3;3;2;1;0
2019-01-02 18:18:58;103;41;20;11;6;4;3;3;2;1;0
2019-01-02 18:19:59;103;41;20;11;6;4;3;3;2;1;0
2019-01-02 18:20:59;103;41;20;11;6;4;3;3;2;1;0
2019-01-02 18:21:58;103;41;20;11;6;4;3;3;2;1;0
2019-01-02 18:22:59;103;41;20;11;6;4;3;3;2;1;0
2019-01-02 18:23:59;103;41;20;11;6;4;3;3;2;1;0
2019-01-02 18:24:58;103;41;20;11;6;4;3;3;2;1;0
2019-01-02 18:25:59;103;41;20;11;6;4;3;3;2;1;0
2019-01-02 18:26:58;103;41;20;11;6;4;3;3;2;1;0
2019-01-02 18:27:59;103;41;20;11;6;4;3;3;2;1;0
2019-01-02 18:28:59;103;41;20;11;6;4;3;3;2;1;0
2019-01-02 18:29:58;103;41;20;11;6;4;3;3;2;1;0
2019-01-02 18:30:59;103;41;20;11;6;4;3;3;2;1;0
2019-01-02 18:31:59;103;41;20;11;6;4;3;3;2;1;0
2019-01-02 18:32:58;103;41;20;11;6;4;3;3;2;1;0
2019-01-02 18:33:59;103;41;20;11;6;4;3;3;2;1;0
2019-01-02 18:34:58;103;41;20;11;6;4;3;3;2;1;0
2019-01-02 18:35:59;103;41;20;11;6;4;3;3;2;1;0
2019-01-02 18:36:59;103;41;20;11;6;4;3;3;2;1;0
2019-01-02 18:37:58;103;41;20;11;6;4;3;3;2;1;0
2019-01-02 18:38:59;103;41;20;11;6;4;3;3;2;1;0
2019-01-02 18:39:59;103;41;20;11;6;4;3;3;2;1;0
2019-01-02 18:40:58;103;41;20;11;6;4;3;3;2;1;0
2019-01-02 18:41:59;103;41;20;11;6;4;3;3;2;1;0
2019-01-02 18:42:59;103;41;20;11;6;4;3;3;2;1;0
2019-01-02 18:43:58;103;41;20;11;6;4;3;3;2;1;0
2019-01-02 18:44:59;104;42;20;11;6;4;3;3;2;1;0
2019-01-02 18:45:58;104;42;20;11;6;4;3;3;2;1;0
2019-01-02 18:46:59;104;42;20;11;6;4;3;3;2;1;0
2019-01-02 18:47:59;104;42;20;11;6;4;3;3;2;1;0
2019-01-02 18:48:58;103;42;19;11;6;4;3;3;2;1;0
2019-01-02 18:49:59;103;42;19;11;6;4;3;3;2;1;0
2019-01-02 18:50:59;103;42;19;11;6;4;3;3;2;1;0
2019-01-02 18:51:58;103;42;19;11;6;4;3;3;2;1;0
2019-01-02 18:52:59;103;42;19;11;6;4;3;3;2;1;0
2019-01-02 18:53:59;103;42;19;11;6;4;3;3;2;1;0
2019-01-02 18:54:58;103;42;19;11;6;4;3;3;2;1;0
2019-01-02 18:55:59;103;42;19;11;6;4;3;3;2;1;0
2019-01-02 18:56:58;103;42;19;11;6;4;3;3;2;1;0
2019-01-02 18:57:59;103;42;19;11;6;4;3;3;2;1;0
2019-01-02 18:58:59;103;42;19;11;6;4;3;3;2;1;0
2019-01-02 18:59:58;103;42;19;11;6;4;3;3;2;1;0
2019-01-02 19:00:59;103;42;19;11;6;4;3;3;2;1;0
2019-01-02 19:01:59;103;42;19;11;6;4;3;3;2;1;0
2019-01-02 19:02:58;104;43;19;11;6;4;3;3;2;1;0
2019-01-02 19:03:59;104;43;19;11;6;4;3;3;2;1;0
2019-01-02 19:04:58;104;43;19;11;6;4;3;3;2;1;0
2019-01-02 19:05:59;104;43;19;11;6;4;3;3;2;1;0
2019-01-02 19:06:59;104;43;19;11;6;4;3;3;2;1;0
2019-01-02 19:07:58;105;43;19;11;7;4;3;3;2;1;0
2019-01-02 19:08:59;105;43;19;11;7;4;3;3;2;1;0
2019-01-02 19:09:59;105;43;19;11;7;4;3;3;2;1;0
2019-01-02 19:10:58;105;43;19;11;7;4;3;3;2;1;0
2019-01-02 19:11:59;105;43;19;11;7;4;3;3;2;1;0
2019-01-02 19:12:59;105;43;19;11;7;4;3;3;2;1;0
2019-01-02 19:13:58;105;43;19;11;7;4;3;3;2;1;0
2019-01-02 19:14:59;106;43;20;11;7;4;3;3;2;1;0
2019-01-02 19:15:59;106;43;20;11;7;4;3;3;2;1;0
2019-01-02 19:16:58;106;43;20;11;7;4;3;3;2;1;0
2019-01-02 19:17:59;106;43;20;11;7;4;3;3;2;1;0
2019-01-02 19:18:58;106;43;20;11;7;4;3;3;2;1;0
2019-01-02 19:19:59;106;43;20;11;7;4;3;3;2;1;0
2019-01-02 19:20:59;106;43;20;11;7;4;3;3;2;1;0
2019-01-02 19:21:58;106;43;20;11;7;4;3;3;2;1;0
2019-01-02 19:22:59;106;43;20;11;7;4;3;3;2;1;0
2019-01-02 19:23:58;106;43;20;11;7;4;3;3;2;1;0
2019-01-02 19:24:59;106;43;20;11;7;4;3;3;2;1;0
2019-01-02 19:25:59;106;43;20;11;7;4;3;3;2;1;0
2019-01-02 19:26:58;106;43;20;11;7;4;3;3;2;1;0
2019-01-02 19:27:59;106;43;20;11;7;4;3;3;2;1;0
2019-01-02 19:28:59;106;43;20;11;7;4;3;3;2;1;0
2019-01-02 19:29:58;106;43;20;11;7;4;3;3;2;1;0
2019-01-02 19:30:59;106;43;20;11;7;4;3;3;2;1;0
2019-01-02 19:31:58;106;43;20;11;7;4;3;3;2;1;0
2019-01-02 19:32:59;106;43;20;11;7;4;3;3;2;1;0
2019-01-02 19:33:59;106;43;20;11;7;4;3;3;2;1;0
2019-01-02 19:34:58;106;43;20;11;7;4;3;3;2;1;0
2019-01-02 19:35:59;106;43;20;11;7;4;3;3;2;1;0
2019-01-02 19:36:59;106;43;20;11;7;4;3;3;2;1;0
2019-01-02 19:37:58;106;43;20;11;7;4;3;3;2;1;0
2019-01-02 19:38:59;106;43;20;11;7;4;3;3;2;1;0
2019-01-02 19:39:58;106;43;20;11;7;4;3;3;2;1;0
2019-01-02 19:40:59;106;43;20;11;7;4;3;3;2;1;0
2019-01-02 19:41:59;106;43;20;11;7;4;3;3;2;1;0
2019-01-02 19:42:58;106;43;20;11;7;4;3;3;2;1;0
2019-01-02 19:43:59;106;43;20;11;7;4;3;3;2;1;0
2019-01-02 19:44:58;107;44;20;11;7;4;3;3;2;1;0
2019-01-02 19:45:59;107;44;20;11;7;4;3;3;2;1;0
2019-01-02 19:46:59;107;44;20;11;7;4;3;3;2;1;0
2019-01-02 19:47:58;108;44;21;11;7;4;3;3;2;1;0
2019-01-02 19:48:59;108;44;21;11;7;4;3;3;2;1;0
2019-01-02 19:49:59;108;44;21;11;7;4;3;3;2;1;0
2019-01-02 19:50:58;108;44;21;11;7;4;3;3;2;1;0
2019-01-02 19:51:59;108;44;21;11;7;4;3;3;2;1;0
2019-01-02 19:52:59;108;44;21;11;7;4;3;3;2;1;0
2019-01-02 19:53:58;108;44;21;11;7;4;3;3;2;1;0
2019-01-02 19:54:59;109;44;22;11;7;4;3;3;2;1;0
2019-01-02 19:55:59;109;44;22;11;7;4;3;3;2;1;0
2019-01-02 19:56:58;109;44;22;11;7;4;3;3;2;1;0
2019-01-02 19:57:59;110;44;23;11;7;4;3;3;2;1;0
2019-01-02 19:58:59;110;44;23;11;7;4;3;3;2;1;0
2019-01-02 19:59:58;110;44;23;11;7;4;3;3;2;1;0
2019-01-02 20:00:59;110;44;23;11;7;4;3;3;2;1;0
2019-01-02 20:01:59;110;44;23;11;7;4;3;3;2;1;0
2019-01-02 20:02:58;110;44;24;11;7;4;2;3;2;1;0
2019-01-02 20:03:59;110;44;24;11;7;4;2;3;2;1;0
2019-01-02 20:05:00;110;44;24;11;7;4;2;3;2;1;0
2019-01-02 20:05:58;110;44;24;11;7;4;2;3;2;1;0
2019-01-02 20:06:59;110;44;24;11;7;4;2;3;2;1;0
2019-01-02 20:07:58;110;44;24;11;7;4;2;3;2;1;0
2019-01-02 20:08:59;110;44;24;11;7;4;2;3;2;1;0
2019-01-02 20:09:59;110;44;24;11;7;4;2;3;2;1;0
2019-01-02 20:10:58;110;44;24;11;7;4;2;3;2;1;0
2019-01-02 20:11:59;110;44;24;11;7;4;2;3;2;1;0
2019-01-02 20:12:59;110;44;24;11;7;4;2;3;2;1;0
2019-01-02 20:13:58;110;44;24;11;7;4;2;3;2;1;0
2019-01-02 20:14:59;110;44;24;11;7;4;2;3;2;1;0
2019-01-02 20:15:59;110;44;24;11;7;4;2;3;2;1;0
2019-01-02 20:16:58;110;44;24;11;7;4;2;3;2;1;0
2019-01-02 20:17:59;110;44;24;11;7;4;2;3;2;1;0
2019-01-02 20:18:58;110;44;24;11;7;4;2;3;2;1;0
2019-01-02 20:19:59;111;44;24;11;7;4;2;3;2;1;0
2019-01-02 20:20:59;111;44;24;11;7;4;2;3;2;1;0
2019-01-02 20:21:58;111;44;24;11;7;4;2;3;2;1;0
2019-01-02 20:22:59;111;44;24;11;7;4;2;3;2;1;0
2019-01-02 20:23:59;111;44;24;11;7;4;2;3;2;1;0
2019-01-02 20:24:58;111;44;24;11;7;4;2;3;2;1;0
2019-01-02 20:25:59;111;44;24;11;7;4;2;3;2;1;0
2019-01-02 20:26:58;111;44;24;11;7;4;2;3;2;1;0
2019-01-02 20:27:59;111;44;24;11;7;4;2;3;2;1;0
2019-01-02 20:28:59;111;44;24;11;7;4;2;3;2;1;0
2019-01-02 20:29:58;111;44;24;11;7;4;2;3;2;1;0
2019-01-02 20:30:59;111;44;24;11;7;4;2;3;2;1;0
2019-01-02 20:31:59;111;44;24;11;7;4;2;3;2;1;0
2019-01-02 20:32:58;111;44;24;11;7;4;2;3;2;1;0
2019-01-02 20:33:59;111;44;24;11;7;4;2;3;2;1;0
2019-01-02 20:34:58;111;44;24;11;7;4;2;3;2;1;0
2019-01-02 20:35:59;111;44;24;11;7;4;2;3;2;1;0
2019-01-02 20:36:59;111;44;24;11;7;4;2;3;2;1;0
2019-01-02 20:37:58;111;44;24;11;7;4;2;3;2;1;0
2019-01-02 20:38:59;111;44;24;11;7;4;2;3;2;1;0
2019-01-02 20:39:59;111;44;24;11;7;4;2;3;2;1;0
2019-01-02 20:40:58;111;44;24;11;7;4;2;3;2;1;0
2019-01-02 20:41:59;112;44;25;11;7;4;2;3;2;1;0
2019-01-02 20:42:59;112;44;25;11;7;4;2;3;2;1;0
2019-01-02 20:43:58;112;44;25;11;7;4;2;3;2;1;0
2019-01-02 20:44:59;112;44;25;11;7;4;2;3;2;1;0
2019-01-02 20:45:59;112;44;25;11;7;4;2;3;2;1;0
2019-01-02 20:46:58;112;44;25;11;7;4;2;3;2;1;0
2019-01-02 20:47:59;112;44;25;11;7;4;2;3;2;1;0
2019-01-02 20:48:58;112;44;25;11;7;4;2;3;2;1;0
2019-01-02 20:49:59;112;44;25;11;7;4;2;3;2;1;0
2019-01-02 20:50:59;112;44;25;11;7;4;2;3;2;1;0
2019-01-02 20:51:58;112;44;25;11;7;4;2;3;2;1;0
2019-01-02 20:52:59;112;44;25;11;7;4;2;3;2;1;0
2019-01-02 20:53:59;113;44;25;11;7;4;3;3;2;1;0
2019-01-02 20:54:58;113;44;25;11;7;4;3;3;2;1;0
2019-01-02 20:55:59;113;44;25;11;7;4;3;3;2;1;0
2019-01-02 20:56:58;113;44;25;11;7;4;3;3;2;1;0
2019-01-02 20:57:59;114;45;25;11;7;4;3;3;2;1;0
2019-01-02 20:58:59;114;45;25;11;7;4;3;3;2;1;0
2019-01-02 20:59:58;114;45;25;11;7;4;3;3;2;1;0
2019-01-02 21:00:59;114;45;25;11;7;4;3;3;2;1;0
2019-01-02 21:01:59;114;45;25;11;7;4;3;3;2;1;0
2019-01-02 21:02:58;114;45;25;11;7;4;3;3;2;1;0
2019-01-02 21:03:59;114;45;25;11;7;4;3;3;2;1;0
2019-01-02 21:04:59;114;45;25;11;7;4;3;3;2;1;0
2019-01-02 21:05:58;114;45;25;11;7;4;3;3;2;1;0
2019-01-02 21:06:59;114;45;25;11;7;4;3;3;2;1;0
2019-01-02 21:07:58;114;45;25;11;7;4;3;3;2;1;0
2019-01-02 21:08:59;115;45;26;11;7;4;3;3;2;1;0
2019-01-02 21:09:58;115;45;26;11;7;4;3;3;2;1;0
2019-01-02 21:10:59;115;45;26;11;7;4;3;3;2;1;0
2019-01-02 21:11:59;115;45;26;11;7;4;3;3;2;1;0
2019-01-02 21:12:58;115;45;26;11;7;4;3;3;2;1;0
2019-01-02 21:13:59;115;45;26;11;7;4;3;3;2;1;0
2019-01-02 21:14:59;115;45;26;11;7;4;3;3;2;1;0
2019-01-02 21:15:58;115;45;26;11;7;4;3;3;2;1;0
2019-01-02 21:16:59;115;45;26;11;7;4;3;3;2;1;0
2019-01-02 21:17:58;115;45;26;11;7;4;3;3;2;1;0
2019-01-02 21:18:59;115;45;26;11;7;4;3;3;2;1;0
2019-01-02 21:19:59;115;45;26;11;7;4;3;3;2;1;0
2019-01-02 21:20:58;115;45;26;11;7;4;3;3;2;1;0
2019-01-02 21:21:59;115;45;26;11;7;4;3;3;2;1;0
2019-01-02 21:22:59;115;45;26;11;7;4;3;3;2;1;0
2019-01-02 21:23:58;116;45;27;11;7;4;3;3;2;1;0
2019-01-02 21:24:59;116;45;27;11;7;4;3;3;2;1;0
2019-01-02 21:25:58;116;45;27;11;7;4;3;3;2;1;0
2019-01-02 21:26:59;116;45;27;11;7;4;3;3;2;1;0
2019-01-02 21:27:59;117;45;27;11;7;4;3;3;2;1;1
2019-01-02 21:28:58;117;45;27;11;7;4;3;3;2;1;1
2019-01-02 21:29:59;117;45;27;11;7;4;3;3;2;1;1
2019-01-02 21:30:59;117;45;27;11;7;4;3;3;2;1;1
2019-01-02 21:31:58;117;45;27;11;7;4;3;3;2;1;1
2019-01-02 21:32:59;117;45;27;11;7;4;3;3;2;1;1
2019-01-02 21:33:58;117;45;27;11;7;4;3;3;2;1;1
2019-01-02 21:34:59;117;45;27;11;7;4;3;3;2;1;1
2019-01-02 21:35:59;117;45;27;11;7;4;3;3;2;1;1
2019-01-02 21:36:58;117;45;27;11;7;4;3;3;2;1;1
2019-01-02 21:37:59;117;45;27;11;7;4;3;3;2;1;1
2019-01-02 21:38:59;116;45;26;11;7;4;3;3;2;1;1
2019-01-02 21:39:58;117;46;26;11;7;4;3;3;2;1;1
2019-01-02 21:40:59;117;46;26;11;7;4;3;3;2;1;1
2019-01-02 21:41:58;117;46;26;11;7;4;3;3;2;1;1
2019-01-02 21:42:59;117;46;26;11;7;4;3;3;2;1;1
2019-01-02 21:43:59;117;46;26;11;7;4;3;3;2;1;1
2019-01-02 21:44:58;117;46;26;11;7;4;3;3;2;1;1
2019-01-02 21:45:59;118;46;26;11;8;4;3;3;2;1;1
2019-01-02 21:46:59;118;46;26;11;8;4;3;3;2;1;1
2019-01-02 21:47:58;118;46;26;11;8;4;3;3;2;1;1
2019-01-02 21:48:59;118;46;26;11;8;4;3;3;2;1;1
2019-01-02 21:49:58;118;46;26;11;8;4;3;3;2;1;1
2019-01-02 21:50:59;118;46;26;11;8;4;3;3;2;1;1
2019-01-02 21:51:59;118;46;26;11;8;4;3;3;2;1;1
2019-01-02 21:52:58;118;46;26;11;8;4;3;3;2;1;1
2019-01-02 21:53:59;118;46;26;11;8;4;3;3;2;1;1
2019-01-02 21:54:58;119;46;27;11;8;4;3;3;2;1;1
2019-01-02 21:55:59;119;46;27;11;8;4;3;3;2;1;1
2019-01-02 21:56:59;119;46;27;11;8;4;3;3;2;1;1
2019-01-02 21:57:58;119;46;27;11;8;4;3;3;2;1;1
2019-01-02 21:58:59;119;46;27;11;8;4;3;3;2;1;1
2019-01-02 21:59:58;119;46;27;11;8;4;3;3;2;1;1
2019-01-02 22:00:59;120;46;27;11;8;4;3;3;2;2;1
2019-01-02 22:01:59;120;46;27;11;8;4;3;3;2;2;1
2019-01-02 22:02:58;120;46;27;11;8;4;3;3;2;2;1
2019-01-02 22:03:59;120;46;27;11;8;4;3;3;2;2;1
2019-01-02 22:04:59;120;46;27;11;8;4;3;3;2;2;1
2019-01-02 22:05:58;120;46;27;11;8;4;3;3;2;2;1
2019-01-02 22:06:59;121;46;27;11;8;4;3;3;2;2;1
2019-01-02 22:08:00;121;46;27;11;8;4;3;3;2;2;1
2019-01-02 22:08:58;121;46;27;11;8;4;3;3;2;2;1
2019-01-02 22:09:59;121;46;27;11;8;4;3;3;2;2;1
2019-01-02 22:10:58;121;46;27;11;8;4;3;3;2;2;1
2019-01-02 22:11:59;122;46;27;11;8;4;3;3;2;2;1
2019-01-02 22:12:58;122;46;27;11;8;4;3;3;2;2;1
2019-01-02 22:13:59;122;46;27;11;8;4;3;3;2;2;1
2019-01-02 22:14:59;122;46;27;11;8;4;3;3;2;2;1
2019-01-02 22:15:58;122;46;27;11;8;4;3;3;2;2;1
2019-01-02 22:16:59;122;46;27;11;8;4;3;3;2;2;1
2019-01-02 22:17:58;122;46;27;11;8;4;3;3;2;2;1
2019-01-02 22:18:59;122;46;27;11;8;4;3;3;2;2;1
2019-01-02 22:19:59;122;46;27;11;8;4;3;3;2;2;1
2019-01-02 22:20:58;122;46;27;11;8;4;3;3;2;2;1
2019-01-02 22:21:59;122;46;27;11;8;4;3;3;2;2;1
2019-01-02 22:22:58;122;46;27;11;8;4;3;3;2;2;1
2019-01-02 22:23:59;122;46;27;11;8;4;3;3;2;2;1
2019-01-02 22:24:59;122;46;27;11;8;4;3;3;2;2;1
2019-01-02 22:25:58;122;46;27;11;8;4;3;3;2;2;1
2019-01-02 22:26:59;122;46;27;11;8;4;3;3;2;2;1
2019-01-02 22:27:59;122;46;27;11;8;4;3;3;2;2;1
2019-01-02 22:28:58;122;46;27;11;8;4;3;3;2;2;1
2019-01-02 22:29:59;122;46;27;11;8;4;3;3;2;2;1
2019-01-02 22:30:58;122;46;27;11;8;4;3;3;2;2;1
2019-01-02 22:31:59;122;46;27;11;8;4;3;3;2;2;1
2019-01-02 22:32:58;122;46;27;11;8;4;3;3;2;2;1
2019-01-02 22:33:59;122;46;27;11;8;4;3;3;2;2;1
2019-01-02 22:34:59;122;46;27;11;8;4;3;3;2;2;1
2019-01-02 22:35:58;123;47;27;11;8;4;3;3;2;2;1
2019-01-02 22:36:59;123;47;27;11;8;4;3;3;2;2;1
2019-01-02 22:37:58;123;47;27;11;8;4;3;3;2;2;1
2019-01-02 22:38:59;123;47;27;11;8;4;3;3;2;2;1
2019-01-02 22:39:59;123;47;27;11;8;4;3;3;2;2;1
2019-01-02 22:40:58;123;47;27;11;8;4;3;3;2;2;1
2019-01-02 22:41:59;123;47;27;11;8;4;3;3;2;2;1
2019-01-02 22:42:59;123;47;27;11;8;4;3;3;2;2;1
2019-01-02 22:43:58;123;47;27;11;8;4;3;3;2;2;1
2019-01-02 22:44:59;124;47;27;11;8;4;4;3;2;2;1
2019-01-02 22:45:59;124;47;27;11;8;4;4;3;2;2;1
2019-01-02 22:46:58;124;47;27;11;8;4;4;3;2;2;1
2019-01-02 22:47:59;124;47;27;11;8;4;4;3;2;2;1
2019-01-02 22:48:59;124;47;27;11;8;4;4;3;2;2;1
2019-01-02 22:49:58;125;47;27;11;9;4;4;3;2;2;1
2019-01-02 22:50:59;125;47;27;11;9;4;4;3;2;2;1
2019-01-02 22:51:58;125;47;27;11;9;4;4;3;2;2;1
2019-01-02 22:52:59;125;47;27;11;9;4;4;3;2;2;1
2019-01-02 22:53:59;125;47;27;11;9;4;4;3;2;2;1
2019-01-02 22:54:58;125;47;27;11;9;4;4;3;2;2;1
2019-01-02 22:55:59;125;47;27;11;9;4;4;3;2;2;1
2019-01-02 22:56:59;125;47;27;11;9;4;4;3;2;2;1
2019-01-02 22:57:58;125;47;27;11;9;4;4;3;2;2;1
2019-01-02 22:58:59;125;47;27;11;9;4;4;3;2;2;1
2019-01-02 22:59:58;125;47;27;11;9;4;4;3;2;2;1
2019-01-02 23:00:59;125;47;27;11;9;4;4;3;2;2;1
2019-01-02 23:01:58;125;47;27;11;9;4;4;3;2;2;1
2019-01-02 23:02:59;125;47;27;11;9;4;4;3;2;2;1
2019-01-02 23:03:59;125;47;27;11;9;4;4;3;2;2;1
2019-01-02 23:04:58;124;46;27;11;9;4;4;3;2;2;1
2019-01-02 23:05:59;124;46;27;11;9;4;4;3;2;2;1
2019-01-02 23:06:59;124;46;27;11;9;4;4;3;2;2;1
2019-01-02 23:07:58;124;46;27;11;9;4;4;3;2;2;1
2019-01-02 23:08:59;124;46;27;11;9;4;4;3;2;2;1
2019-01-02 23:09:59;124;46;27;11;9;4;4;3;2;2;1
2019-01-02 23:10:58;124;46;27;11;9;4;4;3;2;2;1
2019-01-02 23:11:59;124;46;27;11;9;4;4;3;2;2;1
2019-01-02 23:12:58;124;46;27;11;9;4;4;3;2;2;1
2019-01-02 23:13:59;124;46;27;11;9;4;4;3;2;2;1
2019-01-02 23:14:59;124;46;27;11;9;4;4;3;2;2;1
2019-01-02 23:15:58;124;46;27;11;9;4;4;3;2;2;1
2019-01-02 23:16:59;124;46;27;11;9;4;4;3;2;2;1
2019-01-02 23:17:59;124;46;27;11;9;4;4;3;2;2;1
2019-01-02 23:18:58;124;46;27;11;9;4;4;3;2;2;1
2019-01-02 23:19:59;124;46;27;11;9;4;4;3;2;2;1
2019-01-02 23:20:59;124;46;27;11;9;4;4;3;2;2;1
2019-01-02 23:21:58;124;46;27;11;9;4;4;3;2;2;1
2019-01-02 23:22:59;124;46;27;11;9;4;4;3;2;2;1
2019-01-02 23:23:58;124;46;27;11;9;4;4;3;2;2;1
2019-01-02 23:24:59;124;46;27;11;9;4;4;3;2;2;1
2019-01-02 23:25:59;124;46;27;11;9;4;4;3;2;2;1
2019-01-02 23:26:58;124;46;27;11;9;4;4;3;2;2;1
2019-01-02 23:27:59;124;46;27;11;9;4;4;3;2;2;1
2019-01-02 23:28:58;124;46;27;11;9;4;4;3;2;2;1
2019-01-02 23:29:59;123;45;27;11;9;4;4;3;2;2;1
2019-01-02 23:30:59;123;45;27;11;9;4;4;3;2;2;1
2019-01-02 23:31:58;123;45;27;11;9;4;4;3;2;2;1
2019-01-02 23:32:59;123;45;27;11;9;4;4;3;2;2;1
2019-01-02 23:33:59;123;45;27;11;9;4;4;3;2;2;1
2019-01-02 23:34:58;123;45;27;11;9;4;4;3;2;2;1
2019-01-02 23:35:59;123;45;27;11;9;4;4;3;2;2;1
2019-01-02 23:36:59;124;45;27;11;9;5;4;3;2;2;1
2019-01-02 23:37:58;124;45;27;11;9;5;4;3;2;2;1
2019-01-02 23:38:59;124;45;27;11;9;5;4;3;2;2;1
2019-01-02 23:39:58;124;45;27;11;9;5;4;3;2;2;1
2019-01-02 23:40:59;124;45;27;11;9;5;4;3;2;2;1
2019-01-02 23:41:59;124;45;27;11;9;5;4;3;2;2;1
2019-01-02 23:42:58;124;45;27;11;9;5;4;3;2;2;1
2019-01-02 23:43:59;124;45;27;11;9;5;4;3;2;2;1
2019-01-02 23:44:59;124;45;27;11;9;5;4;3;2;2;1
2019-01-02 23:45:58;124;45;27;11;9;5;4;3;2;2;1
2019-01-02 23:46:59;124;45;27;11;9;5;4;3;2;2;1
2019-01-02 23:47:59;124;45;27;11;9;5;4;3;2;2;1
2019-01-02 23:48:58;124;45;27;11;9;5;4;3;2;2;1
2019-01-02 23:49:59;124;45;27;11;9;5;4;3;2;2;1
2019-01-02 23:50:59;124;45;27;11;9;5;4;3;2;2;1
2019-01-02 23:51:58;124;45;27;11;9;5;4;3;2;2;1
2019-01-02 23:52:59;124;45;27;11;9;5;4;3;2;2;1
2019-01-02 23:53:59;124;45;27;11;9;5;4;3;2;2;1
2019-01-02 23:54:58;124;45;27;11;9;5;4;3;2;2;1
2019-01-02 23:55:59;124;45;27;11;9;5;4;3;2;2;1
2019-01-02 23:56:59;124;45;27;11;9;5;4;3;2;2;1
2019-01-02 23:57:58;124;45;27;11;9;5;4;3;2;2;1
2019-01-02 23:58:59;124;45;27;11;9;5;4;3;2;2;1
2019-01-02 23:59:58;124;45;27;11;9;5;4;3;2;2;1
