datetime;total_votes;jovan;pashkowski;KOCTOPE3;paramed;pupsique;Helengar;yachik;bigmouse;praktik;Есения
2019-05-01 00:00:59;0;0;0;0;0;0;0;0;0;0;0
2019-05-01 00:01:59;3;0;0;1;0;0;0;0;0;1;0
2019-05-01 00:02:59;5;1;1;1;0;0;0;0;0;1;0
2019-05-01 00:03:58;5;1;1;1;0;0;0;0;0;1;0
2019-05-01 00:04:59;6;1;1;1;1;0;0;0;0;1;0
2019-05-01 00:05:59;6;1;1;1;1;0;0;0;0;1;0
2019-05-01 00:06:58;8;2;1;1;1;0;0;1;0;1;0
2019-05-01 00:07:59;8;2;1;1;1;0;0;1;0;1;0
2019-05-01 00:08:58;8;2;1;1;1;0;0;1;0;1;0
2019-05-01 00:09:59;9;3;1;1;1;0;0;1;0;1;0
2019-05-01 00:10:59;9;3;1;1;1;0;0;1;0;1;0
2019-05-01 00:11:58;10;3;1;2;1;0;0;1;0;1;0
2019-05-01 00:12:59;10;3;1;2;1;0;0;1;0;1;0
2019-05-01 00:13:59;10;3;1;2;1;0;0;1;0;1;0
2019-05-01 00:14:58;10;3;1;2;1;0;0;1;0;1;0
2019-05-01 00:15:59;10;3;1;2;1;0;0;1;0;1;0
2019-05-01 00:16:59;10;3;1;2;1;0;0;1;0;1;0
2019-05-01 00:17:58;10;3;1;2;1;0;0;1;0;1;0
2019-05-01 00:18:59;10;3;1;2;1;0;0;1;0;1;0
2019-05-01 00:19:59;10;3;1;2;1;0;0;1;0;1;0
2019-05-01 00:20:58;10;3;1;2;1;0;0;1;0;1;0
2019-05-01 00:21:59;11;3;1;3;1;0;0;1;0;1;0
2019-05-01 00:22:58;11;3;1;3;1;0;0;1;0;1;0
2019-05-01 00:23:59;11;3;1;3;1;0;0;1;0;1;0
2019-05-01 00:24:59;12;4;1;3;1;0;0;1;0;1;0
2019-05-01 00:25:59;12;4;1;3;1;0;0;1;0;1;0
2019-05-01 00:26:58;12;4;1;3;1;0;0;1;0;1;0
2019-05-01 00:27:59;12;4;1;3;1;0;0;1;0;1;0
2019-05-01 00:28:59;12;4;1;3;1;0;0;1;0;1;0
2019-05-01 00:29:58;12;4;1;3;1;0;0;1;0;1;0
2019-05-01 00:30:59;12;4;1;3;1;0;0;1;0;1;0
2019-05-01 00:31:59;12;4;1;3;1;0;0;1;0;1;0
2019-05-01 00:32:58;12;4;1;3;1;0;0;1;0;1;0
2019-05-01 00:33:59;12;4;1;3;1;0;0;1;0;1;0
2019-05-01 00:34:58;12;4;1;3;1;0;0;1;0;1;0
2019-05-01 00:35:59;12;4;1;3;1;0;0;1;0;1;0
2019-05-01 00:36:59;13;4;1;3;1;0;0;1;0;1;0
2019-05-01 00:37:58;13;4;1;3;1;0;0;1;0;1;0
2019-05-01 00:38:59;14;5;1;3;1;0;0;1;0;1;0
2019-05-01 00:39:59;14;5;1;3;1;0;0;1;0;1;0
2019-05-01 00:40:58;14;5;1;3;1;0;0;1;0;1;0
2019-05-01 00:41:59;14;5;1;3;1;0;0;1;0;1;0
2019-05-01 00:42:59;15;5;1;3;1;0;0;1;0;1;0
2019-05-01 00:43:58;15;5;1;3;1;0;0;1;0;1;0
2019-05-01 00:44:59;15;5;1;3;1;0;0;1;0;1;0
2019-05-01 00:46:00;15;5;1;3;1;0;0;1;0;1;0
2019-05-01 00:46:58;15;5;1;3;1;0;0;1;0;1;0
2019-05-01 00:47:59;15;5;1;3;1;0;0;1;0;1;0
2019-05-01 00:49:00;16;6;1;3;1;0;0;1;0;1;0
2019-05-01 00:49:58;16;6;1;3;1;0;0;1;0;1;0
2019-05-01 00:50:59;17;7;1;3;1;0;0;1;0;1;0
2019-05-01 00:51:59;17;7;1;3;1;0;0;1;0;1;0
2019-05-01 00:52:58;18;7;2;3;1;0;0;1;0;1;0
2019-05-01 00:53:59;18;7;2;3;1;0;0;1;0;1;0
2019-05-01 00:54:59;18;7;2;3;1;0;0;1;0;1;0
2019-05-01 00:55:58;18;7;2;3;1;0;0;1;0;1;0
2019-05-01 00:56:59;18;7;2;3;1;0;0;1;0;1;0
2019-05-01 00:57:59;18;7;2;3;1;0;0;1;0;1;0
2019-05-01 00:58:58;18;7;2;3;1;0;0;1;0;1;0
2019-05-01 00:59:59;18;7;2;3;1;0;0;1;0;1;0
2019-05-01 01:00:59;18;7;2;3;1;0;0;1;0;1;0
2019-05-01 01:01:58;18;7;2;3;1;0;0;1;0;1;0
2019-05-01 01:02:59;18;7;2;3;1;0;0;1;0;1;0
2019-05-01 01:03:59;18;7;2;3;1;0;0;1;0;1;0
2019-05-01 01:04:58;18;7;2;3;1;0;0;1;0;1;0
2019-05-01 01:05:59;18;7;2;3;1;0;0;1;0;1;0
2019-05-01 01:06:59;19;7;2;3;1;0;0;1;0;1;0
2019-05-01 01:07:58;19;7;2;3;1;0;0;1;0;1;0
2019-05-01 01:08:59;19;7;2;3;1;0;0;1;0;1;0
2019-05-01 01:09:59;19;7;2;3;1;0;0;1;0;1;0
2019-05-01 01:10:58;19;7;2;3;1;0;0;1;0;1;0
2019-05-01 01:11:59;19;7;2;3;1;0;0;1;0;1;0
2019-05-01 01:12:59;19;7;2;3;1;0;0;1;0;1;0
2019-05-01 01:13:58;19;7;2;3;1;0;0;1;0;1;0
2019-05-01 01:14:59;19;7;2;3;1;0;0;1;0;1;0
2019-05-01 01:15:59;19;7;2;3;1;0;0;1;0;1;0
2019-05-01 01:16:58;21;8;2;3;1;0;0;1;0;0;0
2019-05-01 01:17:59;21;8;2;3;1;0;0;1;0;0;0
2019-05-01 01:18:58;21;8;2;3;1;0;0;1;0;0;0
2019-05-01 01:19:59;21;8;2;3;1;0;0;1;0;0;0
2019-05-01 01:20:59;21;8;2;3;1;0;0;1;0;0;0
2019-05-01 01:21:58;21;8;2;3;1;0;0;1;0;0;0
2019-05-01 01:22:59;21;8;2;3;1;0;0;1;0;0;0
2019-05-01 01:23:59;21;8;2;3;1;0;0;1;0;0;0
2019-05-01 01:24:58;21;8;2;3;1;0;0;1;0;0;0
2019-05-01 01:25:59;21;8;2;3;1;0;0;1;0;0;0
2019-05-01 01:26:58;21;8;2;3;1;0;0;1;0;0;0
2019-05-01 01:27:59;21;8;2;3;1;0;0;1;0;0;0
2019-05-01 01:28:59;21;8;2;3;1;0;0;1;0;0;0
2019-05-01 01:29:59;21;8;2;3;1;0;0;1;0;0;0
2019-05-01 01:30:58;21;8;2;3;1;0;0;1;0;0;0
2019-05-01 01:31:59;21;8;2;3;1;0;0;1;0;0;0
2019-05-01 01:32:59;21;8;2;3;1;0;0;1;0;0;0
2019-05-01 01:33:58;21;8;2;3;1;0;0;1;0;0;0
2019-05-01 01:34:59;21;8;2;3;1;0;0;1;0;0;0
2019-05-01 01:35:59;21;8;2;3;1;0;0;1;0;0;0
2019-05-01 01:36:58;21;8;2;3;1;0;0;1;0;0;0
2019-05-01 01:37:59;21;8;2;3;1;0;0;1;0;0;0
2019-05-01 01:38:59;21;8;2;3;1;0;0;1;0;0;0
2019-05-01 01:39:58;22;8;2;3;1;0;0;1;0;0;0
2019-05-01 01:40:59;23;9;2;3;1;0;0;1;0;0;0
2019-05-01 01:41:59;23;9;2;3;1;0;0;1;0;0;0
2019-05-01 01:42:58;23;9;2;3;1;0;0;1;0;0;0
2019-05-01 01:43:59;23;9;2;3;1;0;0;1;0;0;0
2019-05-01 01:44:58;23;9;2;3;1;0;0;1;0;0;0
2019-05-01 01:45:59;23;9;2;3;1;0;0;1;0;0;0
2019-05-01 01:46:59;23;9;2;3;1;0;0;1;0;0;0
2019-05-01 01:47:58;23;9;2;3;1;0;0;1;0;0;0
2019-05-01 01:48:59;23;9;2;3;1;0;0;1;0;0;0
2019-05-01 01:49:59;23;9;2;3;1;0;0;1;0;0;0
2019-05-01 01:50:58;24;10;2;3;1;0;0;1;0;0;0
2019-05-01 01:51:59;24;10;2;3;1;0;0;1;0;0;0
2019-05-01 01:52:59;24;10;2;3;1;0;0;1;0;0;0
2019-05-01 01:53:58;24;10;2;3;1;0;0;1;0;0;0
2019-05-01 01:54:59;25;10;2;3;2;0;0;0;0;0;0
2019-05-01 01:55:59;25;10;2;3;2;0;0;0;0;0;0
2019-05-01 01:56:58;25;10;2;3;2;0;0;0;0;0;0
2019-05-01 01:57:59;25;10;2;3;2;0;0;0;0;0;0
2019-05-01 01:58:59;25;10;2;3;2;0;0;0;0;0;0
2019-05-01 01:59:58;25;10;2;3;2;0;0;0;0;0;0
2019-05-01 02:00:59;25;10;2;3;2;0;0;0;0;0;0
2019-05-01 02:01:58;26;10;2;4;2;0;0;0;0;0;0
2019-05-01 02:02:59;27;10;2;4;2;0;0;1;0;1;1
2019-05-01 02:03:59;27;10;2;4;2;0;0;1;0;1;1
2019-05-01 02:04:58;27;10;2;4;2;0;0;1;0;1;1
2019-05-01 02:05:59;27;10;2;4;2;0;0;1;0;1;1
2019-05-01 02:06:59;27;10;2;4;2;0;0;1;0;1;1
2019-05-01 02:07:58;27;10;2;4;2;0;0;1;0;1;1
2019-05-01 02:08:59;27;10;2;4;2;0;0;1;0;1;1
2019-05-01 02:09:59;27;10;2;4;2;0;0;1;0;1;1
2019-05-01 02:10:58;27;10;2;4;2;0;0;1;0;1;1
2019-05-01 02:11:59;27;10;2;4;2;0;0;1;0;1;1
2019-05-01 02:12:58;27;10;2;4;2;0;0;1;0;1;1
2019-05-01 02:13:59;27;10;2;4;2;0;0;1;0;1;1
2019-05-01 02:14:59;27;10;2;4;2;0;0;1;0;1;1
2019-05-01 02:15:58;27;10;2;4;2;0;0;1;0;1;1
2019-05-01 02:16:59;27;10;2;4;2;0;0;1;0;1;1
2019-05-01 02:17:59;27;10;2;4;2;0;0;1;0;1;1
2019-05-01 02:18:58;27;10;2;4;2;0;0;1;0;1;1
2019-05-01 02:19:59;27;10;2;4;2;0;0;1;0;1;1
2019-05-01 02:20:59;27;10;2;4;2;0;0;1;0;1;1
2019-05-01 02:21:58;27;10;2;4;2;0;0;1;0;1;1
2019-05-01 02:22:59;27;10;2;4;2;0;0;1;0;1;1
2019-05-01 02:23:59;27;10;2;4;2;0;0;1;0;1;1
2019-05-01 02:24:58;27;10;2;4;2;0;0;1;0;1;1
2019-05-01 02:25:59;27;10;2;4;2;0;0;1;0;1;1
2019-05-01 02:26:58;27;10;2;4;2;0;0;1;0;1;1
2019-05-01 02:27:59;27;10;2;4;2;0;0;1;0;1;1
2019-05-01 02:28:59;27;10;2;4;2;0;0;1;0;1;1
2019-05-01 02:29:58;27;10;2;4;2;0;0;1;0;1;1
2019-05-01 02:30:59;27;10;2;4;2;0;0;1;0;1;1
2019-05-01 02:31:59;27;10;2;4;2;0;0;1;0;1;1
2019-05-01 02:32:59;27;10;2;4;2;0;0;1;0;1;1
2019-05-01 02:33:58;27;10;2;4;2;0;0;1;0;1;1
2019-05-01 02:34:59;27;10;2;4;2;0;0;1;0;1;1
2019-05-01 02:35:58;27;10;2;4;2;0;0;1;0;1;1
2019-05-01 02:36:59;28;10;3;4;2;0;0;1;0;1;1
2019-05-01 02:37:59;28;10;3;4;2;0;0;1;0;1;1
2019-05-01 02:38:58;28;10;3;4;2;0;0;1;0;1;1
2019-05-01 02:39:59;28;10;3;4;2;0;0;1;0;1;1
2019-05-01 02:40:58;28;10;3;4;2;0;0;1;0;1;1
2019-05-01 02:41:59;28;10;3;4;2;0;0;1;0;1;1
2019-05-01 02:42:59;28;10;3;4;2;0;0;1;0;1;1
2019-05-01 02:43:58;28;10;3;4;2;0;0;1;0;1;1
2019-05-01 02:44:59;28;10;3;4;2;0;0;1;0;1;1
2019-05-01 02:45:59;28;10;3;4;2;0;0;1;0;1;1
2019-05-01 02:46:58;28;10;3;4;2;0;0;1;0;1;1
2019-05-01 02:47:59;28;10;3;4;2;0;0;1;0;1;1
2019-05-01 02:48:59;28;10;3;4;2;0;0;1;0;1;1
2019-05-01 02:49:58;28;10;3;4;2;0;0;1;0;1;1
2019-05-01 02:50:59;29;11;3;4;2;0;0;1;0;1;1
2019-05-01 02:51:59;29;11;3;4;2;0;0;1;0;1;1
2019-05-01 02:52:58;29;11;3;4;2;0;0;1;0;1;1
2019-05-01 02:53:59;29;11;3;4;2;0;0;1;0;1;1
2019-05-01 02:54:58;29;11;3;4;2;0;0;1;0;1;1
2019-05-01 02:55:59;29;11;3;4;2;0;0;1;0;1;1
2019-05-01 02:56:59;29;11;3;4;2;0;0;1;0;1;1
2019-05-01 02:57:58;29;11;3;4;2;0;0;1;0;1;1
2019-05-01 02:58:59;29;11;3;4;2;0;0;1;0;1;1
2019-05-01 02:59:59;29;11;3;4;2;0;0;1;0;1;1
2019-05-01 03:00:58;29;11;3;4;2;0;0;1;0;1;1
2019-05-01 03:01:59;29;11;3;4;2;0;0;1;0;1;1
2019-05-01 03:02:59;29;11;3;4;2;0;0;1;0;1;1
2019-05-01 03:03:58;29;11;3;4;2;0;0;1;0;1;1
2019-05-01 03:04:59;29;11;3;4;2;0;0;1;0;1;1
2019-05-01 03:05:59;29;11;3;4;2;0;0;1;0;1;1
2019-05-01 03:06:58;29;11;3;4;2;0;0;1;0;1;1
2019-05-01 03:07:59;29;11;3;4;2;0;0;1;0;1;1
2019-05-01 03:08:59;30;11;4;4;2;0;0;1;0;1;0
2019-05-01 03:09:58;30;11;4;4;2;0;0;1;0;1;0
2019-05-01 03:10:59;30;11;4;4;2;0;0;1;0;1;0
2019-05-01 03:11:59;30;11;4;4;2;0;0;1;0;1;0
2019-05-01 03:12:58;30;11;4;4;2;0;0;1;0;1;0
2019-05-01 03:13:59;30;11;4;4;2;0;0;1;0;1;0
2019-05-01 03:14:59;30;11;4;4;2;0;0;1;0;1;0
2019-05-01 03:15:58;30;11;4;4;2;0;0;1;0;1;0
2019-05-01 03:16:59;30;11;4;4;2;0;0;1;0;1;0
2019-05-01 03:17:59;30;11;4;4;2;0;0;1;0;1;0
2019-05-01 03:18:58;30;11;4;4;2;0;0;1;0;1;0
2019-05-01 03:19:59;30;11;4;4;2;0;0;1;0;1;0
2019-05-01 03:20:59;30;11;4;4;2;0;0;1;0;1;0
2019-05-01 03:21:58;30;11;4;4;2;0;0;1;0;1;0
2019-05-01 03:22:59;30;11;4;4;2;0;0;1;0;1;0
2019-05-01 03:23:58;30;11;4;4;2;0;0;1;0;1;0
2019-05-01 03:24:59;30;11;4;4;2;0;0;1;0;1;0
2019-05-01 03:25:59;30;11;4;4;2;0;0;1;0;1;0
2019-05-01 03:26:58;30;11;4;4;2;0;0;1;0;1;0
2019-05-01 03:27:59;31;12;4;4;2;0;0;1;0;1;0
2019-05-01 03:28:59;32;13;4;4;2;0;0;1;0;1;0
2019-05-01 03:29:58;33;13;4;4;2;0;0;2;0;1;0
2019-05-01 03:30:59;33;13;4;4;2;0;0;2;0;1;0
2019-05-01 03:31:59;33;13;4;4;2;0;0;2;0;1;0
2019-05-01 03:32:58;33;13;4;4;2;0;0;2;0;1;0
2019-05-01 03:33:59;33;13;4;4;2;0;0;2;0;1;0
2019-05-01 03:34:59;33;13;4;4;2;0;0;2;0;1;0
2019-05-01 03:35:58;33;13;4;4;2;0;0;2;0;1;0
2019-05-01 03:36:59;33;13;4;4;2;0;0;2;0;1;0
2019-05-01 03:37:59;33;13;4;4;2;0;0;2;0;1;0
2019-05-01 03:38:58;33;13;4;4;2;0;0;2;0;1;0
2019-05-01 03:39:59;33;13;4;4;2;0;0;2;0;1;0
2019-05-01 03:40:59;33;13;4;4;2;0;0;2;0;1;0
2019-05-01 03:41:58;33;13;4;4;2;0;0;2;0;1;0
2019-05-01 03:42:59;33;13;4;4;2;0;0;2;0;1;0
2019-05-01 03:43:59;33;13;4;4;2;0;0;2;0;1;0
2019-05-01 03:44:58;33;13;4;4;2;0;0;2;0;1;0
2019-05-01 03:45:59;33;13;4;4;2;0;0;2;0;1;0
2019-05-01 03:46:59;34;14;4;4;2;0;0;2;0;1;0
2019-05-01 03:47:58;34;14;4;4;2;0;0;2;0;1;0
2019-05-01 03:48:59;34;14;4;4;2;0;0;2;0;1;0
2019-05-01 03:49:59;34;14;4;4;2;0;0;2;0;1;0
2019-05-01 03:50:58;34;14;4;4;2;0;0;2;0;1;0
2019-05-01 03:51:59;34;14;4;4;2;0;0;2;0;1;0
2019-05-01 03:53:00;34;14;4;4;2;0;0;2;0;1;0
2019-05-01 03:53:58;34;14;4;4;2;0;0;2;0;1;0
2019-05-01 03:54:59;34;14;4;4;2;0;0;2;0;1;0
2019-05-01 03:55:58;34;14;4;4;2;0;0;2;0;1;0
2019-05-01 03:56:59;35;15;4;4;2;0;0;2;0;1;0
2019-05-01 03:57:59;35;15;4;4;2;0;0;2;0;1;0
2019-05-01 03:58:58;35;15;4;4;2;0;0;2;0;1;0
2019-05-01 03:59:59;35;15;4;4;2;0;0;2;0;1;0
2019-05-01 04:00:59;35;15;4;4;2;0;0;2;0;1;0
2019-05-01 04:01:58;35;15;4;4;2;0;0;2;0;1;0
2019-05-01 04:02:59;35;15;4;4;2;0;0;2;0;1;0
2019-05-01 04:03:59;35;15;4;4;2;0;0;2;0;1;0
2019-05-01 04:04:58;35;15;4;4;2;0;0;2;0;1;0
2019-05-01 04:05:59;35;15;4;4;2;0;0;2;0;1;0
2019-05-01 04:06:59;35;15;4;4;2;0;0;2;0;1;0
2019-05-01 04:07:58;35;15;4;4;2;0;0;2;0;1;0
2019-05-01 04:08:59;35;15;4;4;2;0;0;2;0;1;0
2019-05-01 04:09:59;35;15;4;4;2;0;0;2;0;1;0
2019-05-01 04:10:58;35;15;4;4;2;0;0;2;0;1;0
2019-05-01 04:11:59;35;15;4;4;2;0;0;2;0;1;0
2019-05-01 04:12:59;35;15;4;4;2;0;0;2;0;1;0
2019-05-01 04:13:58;35;15;4;4;2;0;0;2;0;1;0
2019-05-01 04:14:59;35;15;4;4;2;0;0;2;0;1;0
2019-05-01 04:15:59;35;15;4;4;2;0;0;2;0;1;0
2019-05-01 04:16:58;35;15;4;4;2;0;0;2;0;1;0
2019-05-01 04:17:59;35;15;4;4;2;0;0;2;0;1;0
2019-05-01 04:18:59;35;15;4;4;2;0;0;2;0;1;0
2019-05-01 04:19:58;35;15;4;4;2;0;0;2;0;1;0
2019-05-01 04:20:59;35;15;4;4;2;0;0;2;0;1;0
2019-05-01 04:21:59;35;15;4;4;2;0;0;2;0;1;0
2019-05-01 04:22:58;35;15;4;4;2;0;0;2;0;1;0
2019-05-01 04:23:59;35;15;4;4;2;0;0;2;0;1;0
2019-05-01 04:24:59;35;15;4;4;2;0;0;2;0;1;0
2019-05-01 04:25:58;35;15;4;4;2;0;0;2;0;1;0
2019-05-01 04:26:59;35;15;4;4;2;0;0;2;0;1;0
2019-05-01 04:27:59;35;15;4;4;2;0;0;2;0;1;0
2019-05-01 04:28:58;35;15;4;4;2;0;0;2;0;1;0
2019-05-01 04:29:59;35;15;4;4;2;0;0;2;0;1;0
2019-05-01 04:30:59;35;15;4;4;2;0;0;2;0;1;0
2019-05-01 04:31:58;35;15;4;4;2;0;0;2;0;1;0
2019-05-01 04:32:59;35;15;4;4;2;0;0;2;0;1;0
2019-05-01 04:33:59;35;15;4;4;2;0;0;2;0;1;0
2019-05-01 04:34:58;35;15;4;4;2;0;0;2;0;1;0
2019-05-01 04:35:59;35;15;4;4;2;0;0;2;0;1;0
2019-05-01 04:36:58;35;15;4;4;2;0;0;2;0;1;0
2019-05-01 04:37:59;35;15;4;4;2;0;0;2;0;1;0
2019-05-01 04:38:58;35;15;4;4;2;0;0;2;0;1;0
2019-05-01 04:39:59;35;15;4;4;2;0;0;2;0;1;0
2019-05-01 04:40:58;36;15;4;4;2;0;0;2;0;1;0
2019-05-01 04:41:59;36;15;4;4;2;0;0;2;0;1;0
2019-05-01 04:42:59;36;15;4;4;2;0;0;2;0;1;0
2019-05-01 04:43:58;36;15;4;4;2;0;0;2;0;1;0
2019-05-01 04:44:59;36;15;4;4;2;0;0;2;0;1;0
2019-05-01 04:45:58;36;15;4;4;2;0;0;2;0;1;0
2019-05-01 04:46:59;36;15;4;4;2;0;0;2;0;1;0
2019-05-01 04:47:59;36;15;4;4;2;0;0;2;0;1;0
2019-05-01 04:48:58;36;15;4;4;2;0;0;2;0;1;0
2019-05-01 04:49:59;36;15;4;4;2;0;0;2;0;1;0
2019-05-01 04:50:59;36;15;4;4;2;0;0;2;0;1;0
2019-05-01 04:51:58;36;15;4;4;2;0;0;2;0;1;0
2019-05-01 04:52:59;36;15;4;4;2;0;0;2;0;1;0
2019-05-01 04:53:59;36;15;4;4;2;0;0;2;0;1;0
2019-05-01 04:54:59;36;15;4;4;2;0;0;2;0;1;0
2019-05-01 04:55:58;36;15;4;4;2;0;0;2;0;1;0
2019-05-01 04:56:59;36;15;4;4;2;0;0;2;0;1;0
2019-05-01 04:57:59;36;15;4;4;2;0;0;2;0;1;0
2019-05-01 04:58:58;36;15;4;4;2;0;0;2;0;1;0
2019-05-01 04:59:59;36;15;4;4;2;0;0;2;0;1;0
2019-05-01 05:00:59;36;15;4;4;2;0;0;2;0;1;0
2019-05-01 05:01:58;36;15;4;4;2;0;0;2;0;1;0
2019-05-01 05:02:59;36;15;4;4;2;0;0;2;0;1;0
2019-05-01 05:03:58;36;15;4;4;2;0;0;2;0;1;0
2019-05-01 05:04:59;36;15;4;4;2;0;0;2;0;1;0
2019-05-01 05:05:59;36;15;4;4;2;0;0;2;0;1;0
2019-05-01 05:06:58;36;15;4;4;2;0;0;2;0;1;0
2019-05-01 05:07:59;36;15;4;4;2;0;0;2;0;1;0
2019-05-01 05:08:59;36;15;4;4;2;0;0;2;0;1;0
2019-05-01 05:09:58;36;15;4;4;2;0;0;2;0;1;0
2019-05-01 05:10:59;36;15;4;4;2;0;0;2;0;1;0
2019-05-01 05:11:59;36;15;4;4;2;0;0;2;0;1;0
2019-05-01 05:12:58;36;15;4;4;2;0;0;2;0;1;0
2019-05-01 05:13:59;36;15;4;4;2;0;0;2;0;1;0
2019-05-01 05:14:59;36;15;4;4;2;0;0;2;0;1;0
2019-05-01 05:15:58;36;15;4;4;2;0;0;2;0;1;0
2019-05-01 05:16:59;36;15;4;4;2;0;0;2;0;1;0
2019-05-01 05:17:58;36;15;4;4;2;0;0;2;0;1;0
2019-05-01 05:18:59;36;15;4;4;2;0;0;2;0;1;0
2019-05-01 05:19:59;36;15;4;4;2;0;0;2;0;1;0
2019-05-01 05:20:58;36;15;4;4;2;0;0;2;0;1;0
2019-05-01 05:21:59;36;15;4;4;2;0;0;2;0;1;0
2019-05-01 05:22:59;36;15;4;4;2;0;0;2;0;1;0
2019-05-01 05:23:58;36;15;4;4;2;0;0;2;0;1;0
2019-05-01 05:24:59;36;15;4;4;2;0;0;2;0;1;0
2019-05-01 05:25:59;36;15;4;4;2;0;0;2;0;1;0
2019-05-01 05:26:58;36;15;4;4;2;0;0;2;0;1;0
2019-05-01 05:27:59;36;15;4;4;2;0;0;2;0;1;0
2019-05-01 05:28:59;36;15;4;4;2;0;0;2;0;1;0
2019-05-01 05:29:58;36;15;4;4;2;0;0;2;0;1;0
2019-05-01 05:30:59;36;15;4;4;2;0;0;2;0;1;0
2019-05-01 05:31:58;36;15;4;4;2;0;0;2;0;1;0
2019-05-01 05:32:59;36;15;4;4;2;0;0;2;0;1;0
2019-05-01 05:33:59;36;15;4;4;2;0;0;2;0;1;0
2019-05-01 05:34:58;36;15;4;4;2;0;0;2;0;1;0
2019-05-01 05:35:59;36;15;4;4;2;0;0;2;0;1;0
2019-05-01 05:36:58;36;15;4;4;2;0;0;2;0;1;0
2019-05-01 05:37:59;36;15;4;4;2;0;0;2;0;1;0
2019-05-01 05:38:59;36;15;4;4;2;0;0;2;0;1;0
2019-05-01 05:39:58;36;15;4;4;2;0;0;2;0;1;0
2019-05-01 05:40:59;36;15;4;4;2;0;0;2;0;1;0
2019-05-01 05:41:58;36;15;4;4;2;0;0;2;0;1;0
2019-05-01 05:42:59;36;15;4;4;2;0;0;2;0;1;0
2019-05-01 05:43:59;36;15;4;4;2;0;0;2;0;1;0
2019-05-01 05:44:58;36;15;4;4;2;0;0;2;0;1;0
2019-05-01 05:45:59;36;15;4;4;2;0;0;2;0;1;0
2019-05-01 05:46:59;36;15;4;4;2;0;0;2;0;1;0
2019-05-01 05:47:58;36;15;4;4;2;0;0;2;0;1;0
2019-05-01 05:48:59;36;15;4;4;2;0;0;2;0;1;0
2019-05-01 05:49:59;36;15;4;4;2;0;0;2;0;1;0
2019-05-01 05:50:58;36;15;4;4;2;0;0;2;0;1;0
2019-05-01 05:51:59;36;15;4;4;2;0;0;2;0;1;0
2019-05-01 05:52:59;36;15;4;4;2;0;0;2;0;1;0
2019-05-01 05:53:58;36;15;4;4;2;0;0;2;0;1;0
2019-05-01 05:54:59;36;15;4;4;2;0;0;2;0;1;0
2019-05-01 05:55:59;36;15;4;4;2;0;0;2;0;1;0
2019-05-01 05:56:58;36;15;4;4;2;0;0;2;0;1;0
2019-05-01 05:57:59;36;15;4;4;2;0;0;2;0;1;0
2019-05-01 05:59:00;36;15;4;4;2;0;0;2;0;1;0
2019-05-01 05:59:58;36;15;4;4;2;0;0;2;0;1;0
2019-05-01 06:00:59;36;15;4;4;2;0;0;2;0;1;0
2019-05-01 06:01:58;36;15;4;4;2;0;0;2;0;1;0
2019-05-01 06:02:59;36;15;4;4;2;0;0;2;0;1;0
2019-05-01 06:03:59;36;15;4;4;2;0;0;2;0;1;0
2019-05-01 06:04:58;36;15;4;4;2;0;0;2;0;1;0
2019-05-01 06:05:59;36;15;4;4;2;0;0;2;0;1;0
2019-05-01 06:06:59;36;15;4;4;2;0;0;2;0;1;0
2019-05-01 06:07:58;36;15;4;4;2;0;0;2;0;1;0
2019-05-01 06:08:59;36;15;4;4;2;0;0;2;0;1;0
2019-05-01 06:09:59;36;15;4;4;2;0;0;2;0;1;0
2019-05-01 06:10:58;36;15;4;4;2;0;0;2;0;1;0
2019-05-01 06:11:59;36;15;4;4;2;0;0;2;0;1;0
2019-05-01 06:12:59;36;15;4;4;2;0;0;2;0;1;0
2019-05-01 06:13:58;36;15;4;4;2;0;0;2;0;1;0
2019-05-01 06:14:59;36;15;4;4;2;0;0;2;0;1;0
2019-05-01 06:15:59;36;15;4;4;2;0;0;2;0;1;0
2019-05-01 06:16:58;36;15;4;4;2;0;0;2;0;1;0
2019-05-01 06:17:59;36;15;4;4;2;0;0;2;0;1;0
2019-05-01 06:18:59;36;15;4;4;2;0;0;2;0;1;0
2019-05-01 06:19:58;36;15;4;4;2;0;0;2;0;1;0
2019-05-01 06:20:59;36;15;4;4;2;0;0;2;0;1;0
2019-05-01 06:21:58;36;15;4;4;2;0;0;2;0;1;0
2019-05-01 06:22:59;36;15;4;4;2;0;0;2;0;1;0
2019-05-01 06:23:59;36;15;4;4;2;0;0;2;0;1;0
2019-05-01 06:25:00;36;15;4;4;2;0;0;2;0;1;0
2019-05-01 06:25:58;36;15;4;4;2;0;0;2;0;1;0
2019-05-01 06:26:59;36;15;4;4;2;0;0;2;0;1;0
2019-05-01 06:27:59;36;15;4;4;2;0;0;2;0;1;0
2019-05-01 06:28:58;37;15;4;4;2;0;0;3;0;1;0
2019-05-01 06:29:59;38;15;4;4;2;0;0;3;0;1;0
2019-05-01 06:30:58;38;15;4;4;2;0;0;3;0;1;0
2019-05-01 06:31:59;38;15;4;4;2;0;0;3;0;1;0
2019-05-01 06:32:59;38;15;4;4;2;0;0;3;0;1;0
2019-05-01 06:33:58;38;15;4;4;2;0;0;3;0;1;0
2019-05-01 06:34:59;38;15;4;4;2;0;0;3;0;1;0
2019-05-01 06:35:59;38;15;4;4;2;0;0;3;0;1;0
2019-05-01 06:36:58;38;15;4;4;2;0;0;3;0;1;0
2019-05-01 06:37:59;39;16;4;4;2;0;0;3;0;1;0
2019-05-01 06:38:59;40;16;4;4;2;0;0;3;0;1;0
2019-05-01 06:39:58;40;16;4;4;2;0;0;3;0;1;0
2019-05-01 06:40:59;40;16;4;4;2;0;0;3;0;1;0
2019-05-01 06:41:59;40;16;4;4;2;0;0;3;0;1;0
2019-05-01 06:42:58;40;16;4;4;2;0;0;3;0;1;0
2019-05-01 06:43:59;40;16;4;4;2;0;0;3;0;1;0
2019-05-01 06:44:59;40;16;4;4;2;0;0;3;0;1;0
2019-05-01 06:45:58;40;16;4;4;2;0;0;3;0;1;0
2019-05-01 06:46:59;40;16;4;4;2;0;0;3;0;1;0
2019-05-01 06:47:58;40;16;4;4;2;0;0;3;0;1;0
2019-05-01 06:48:59;40;16;4;4;2;0;0;3;0;1;0
2019-05-01 06:49:59;40;16;4;4;2;0;0;3;0;1;0
2019-05-01 06:50:58;41;16;4;4;2;0;0;3;0;1;0
2019-05-01 06:51:59;41;16;4;4;2;0;0;3;0;1;0
2019-05-01 06:52:59;41;16;4;4;2;0;0;3;0;1;0
2019-05-01 06:53:58;41;16;4;4;2;0;0;3;0;1;0
2019-05-01 06:54:59;41;16;4;4;2;0;0;3;0;1;0
2019-05-01 06:55:58;42;16;4;4;2;0;0;3;0;1;0
2019-05-01 06:56:59;42;16;4;4;2;0;0;3;0;1;0
2019-05-01 06:57:59;42;16;4;4;2;0;0;3;0;1;0
2019-05-01 06:58:58;42;16;4;4;2;0;0;3;0;1;0
2019-05-01 06:59:59;42;16;4;4;2;0;0;3;0;1;0
2019-05-01 07:00:59;42;16;4;4;2;0;0;3;0;1;0
2019-05-01 07:01:58;42;16;4;4;2;0;0;3;0;1;0
2019-05-01 07:02:59;42;16;4;4;2;0;0;3;0;1;0
2019-05-01 07:03:59;42;16;4;4;2;0;0;3;0;1;0
2019-05-01 07:04:58;42;16;4;4;2;0;0;3;0;1;0
2019-05-01 07:05:59;42;16;4;4;2;0;0;3;0;1;0
2019-05-01 07:06:59;42;16;4;4;2;0;0;3;0;1;0
2019-05-01 07:07:58;42;16;3;4;3;0;0;3;0;0;1
2019-05-01 07:08:59;42;16;3;4;3;0;0;3;0;0;1
2019-05-01 07:09:59;42;16;3;4;3;0;0;3;0;0;1
2019-05-01 07:10:58;43;17;3;4;3;0;0;3;0;0;1
2019-05-01 07:11:59;43;17;3;4;3;0;0;3;0;0;1
2019-05-01 07:12:58;43;17;3;4;3;0;0;3;0;0;1
2019-05-01 07:13:59;43;17;3;4;3;0;0;3;0;0;1
2019-05-01 07:14:59;43;17;3;4;3;0;0;3;0;0;1
2019-05-01 07:15:59;43;17;3;4;3;0;0;3;0;0;1
2019-05-01 07:16:58;43;17;3;4;3;0;0;3;0;0;1
2019-05-01 07:17:59;43;17;3;4;3;0;0;3;0;0;1
2019-05-01 07:18:58;43;17;3;4;3;0;0;3;0;0;1
2019-05-01 07:19:59;43;17;3;4;3;0;0;3;0;0;1
2019-05-01 07:20:59;44;17;3;5;3;0;0;3;0;0;1
2019-05-01 07:21:58;44;17;3;5;3;0;0;3;0;0;1
2019-05-01 07:22:59;44;17;3;5;3;0;0;3;0;0;1
2019-05-01 07:23:59;45;17;3;5;4;0;0;3;0;0;1
2019-05-01 07:24:58;45;17;3;5;4;0;0;3;0;0;1
2019-05-01 07:25:59;46;18;3;5;4;0;0;3;0;0;1
2019-05-01 07:26:59;46;18;3;5;4;0;0;3;0;0;1
2019-05-01 07:27:58;46;18;3;5;4;0;0;3;0;0;1
2019-05-01 07:28:59;47;19;3;5;4;0;0;3;0;0;1
2019-05-01 07:29:59;47;19;3;5;4;0;0;3;0;0;1
2019-05-01 07:30:58;48;19;4;5;4;0;0;3;0;0;1
2019-05-01 07:31:59;48;19;4;5;4;0;0;3;0;0;1
2019-05-01 07:32:58;48;19;4;5;4;0;0;3;0;0;1
2019-05-01 07:33:59;49;20;4;5;4;0;0;3;0;0;1
2019-05-01 07:34:58;49;20;4;5;4;0;0;3;0;0;1
2019-05-01 07:35:59;49;20;4;5;4;0;0;3;0;0;1
2019-05-01 07:36:59;49;20;4;5;4;0;0;3;0;0;1
2019-05-01 07:37:58;49;20;4;5;4;0;0;3;0;0;1
2019-05-01 07:38:59;49;20;4;5;4;0;0;3;0;0;1
2019-05-01 07:39:59;49;20;4;5;4;0;0;3;0;0;1
2019-05-01 07:40:58;49;20;4;5;4;0;0;3;0;0;1
2019-05-01 07:41:59;49;20;4;5;4;0;0;3;0;0;1
2019-05-01 07:42:59;49;20;4;5;4;0;0;3;0;0;1
2019-05-01 07:43:58;49;20;4;5;4;0;0;3;0;0;1
2019-05-01 07:44:59;52;23;4;5;4;0;0;3;0;0;1
2019-05-01 07:45:58;52;23;4;5;4;0;0;3;0;0;1
2019-05-01 07:46:59;52;23;4;5;4;0;0;3;0;0;1
2019-05-01 07:47:59;52;23;4;5;4;0;0;3;0;0;1
2019-05-01 07:48:58;52;23;4;5;4;0;0;3;0;0;1
2019-05-01 07:49:59;52;23;4;5;4;0;0;3;0;0;1
2019-05-01 07:50:59;52;23;4;5;4;0;0;3;0;0;1
2019-05-01 07:51:58;52;23;4;5;4;0;0;3;0;0;1
2019-05-01 07:52:59;52;23;4;5;4;0;0;3;0;0;1
2019-05-01 07:53:59;52;23;4;5;4;0;0;3;0;0;1
2019-05-01 07:54:58;52;23;4;5;4;0;0;3;0;0;1
2019-05-01 07:55:59;52;23;4;5;4;0;0;3;0;0;1
2019-05-01 07:56:58;52;23;4;5;4;0;0;3;0;0;1
2019-05-01 07:57:59;52;23;4;5;4;0;0;3;0;0;1
2019-05-01 07:59:59;52;23;4;5;4;0;0;3;0;0;1
2019-05-01 08:00:58;52;23;4;5;4;0;0;3;0;0;1
2019-05-01 08:01:59;53;24;4;5;4;0;0;3;0;0;1
2019-05-01 08:02:58;53;24;4;5;4;0;0;3;0;0;1
2019-05-01 08:03:59;53;24;4;5;4;0;0;3;0;0;1
2019-05-01 08:04:59;53;24;4;5;4;0;0;3;0;0;1
2019-05-01 08:05:59;53;24;4;5;4;0;0;3;0;0;1
2019-05-01 08:06:58;53;24;4;5;4;0;0;3;0;0;1
2019-05-01 08:07:59;53;24;4;5;4;0;0;3;0;0;1
2019-05-01 08:08:59;53;24;4;5;4;0;0;3;0;0;1
2019-05-01 08:09:58;53;24;4;5;4;0;0;3;0;0;1
2019-05-01 08:10:59;54;25;4;5;4;0;0;3;0;0;1
2019-05-01 08:11:59;55;26;4;5;4;0;0;3;0;0;1
2019-05-01 08:12:58;55;26;4;5;4;0;0;3;0;0;1
2019-05-01 08:13:59;55;26;4;5;4;0;0;3;0;0;1
2019-05-01 08:14:59;55;26;4;5;4;0;0;3;0;0;1
2019-05-01 08:15:58;55;26;4;5;4;0;0;3;0;0;1
2019-05-01 08:16:59;55;26;4;5;4;0;0;3;0;0;1
2019-05-01 08:17:59;57;27;5;5;4;0;0;3;0;1;0
2019-05-01 08:18:58;57;27;5;5;4;0;0;3;0;1;0
2019-05-01 08:19:59;57;27;5;5;4;0;0;3;0;1;0
2019-05-01 08:20:59;58;27;5;6;4;0;0;3;0;1;1
2019-05-01 08:21:58;58;27;5;6;4;0;0;3;0;1;1
2019-05-01 08:22:59;58;27;5;6;4;0;0;3;0;1;1
2019-05-01 08:23:59;58;27;5;6;4;0;0;3;0;1;1
2019-05-01 08:24:58;59;27;5;6;4;0;0;3;0;1;1
2019-05-01 08:25:59;59;27;5;6;4;0;0;3;0;1;1
2019-05-01 08:26:58;59;27;5;6;4;0;0;3;0;1;1
2019-05-01 08:27:59;59;27;5;6;4;0;0;3;0;1;1
2019-05-01 08:28:59;59;27;5;6;4;0;0;3;0;1;1
2019-05-01 08:29:58;60;27;6;6;4;0;0;3;0;1;0
2019-05-01 08:30:59;60;27;6;6;4;0;0;3;0;1;0
2019-05-01 08:31:59;60;27;6;6;4;0;0;3;0;1;0
2019-05-01 08:32:58;60;27;6;6;4;0;0;3;0;1;0
2019-05-01 08:33:59;61;28;6;6;4;0;0;3;0;1;0
2019-05-01 08:34:59;62;29;6;6;4;0;0;3;0;1;0
2019-05-01 08:35:58;62;29;6;6;4;0;0;3;0;1;0
2019-05-01 08:36:59;62;29;6;6;4;0;0;3;0;1;0
2019-05-01 08:37:59;62;29;6;6;4;0;0;3;0;1;0
2019-05-01 08:38:58;62;29;6;6;4;0;0;3;0;1;0
2019-05-01 08:39:59;62;29;6;6;4;0;0;3;0;1;0
2019-05-01 08:40:59;62;29;6;6;4;0;0;3;0;1;0
2019-05-01 08:41:58;62;29;6;6;4;0;0;3;0;1;0
2019-05-01 08:42:59;62;29;6;6;4;0;0;3;0;1;0
2019-05-01 08:43:59;62;29;6;6;4;0;0;3;0;1;0
2019-05-01 08:44:58;62;29;6;6;4;0;0;3;0;1;0
2019-05-01 08:45:59;62;29;6;6;4;0;0;3;0;1;0
2019-05-01 08:46:59;62;29;6;6;4;0;0;3;0;1;0
2019-05-01 08:47:58;62;29;6;6;4;0;0;3;0;1;0
2019-05-01 08:48:59;63;29;6;7;4;0;0;3;0;1;1
2019-05-01 08:49:58;64;29;7;7;4;0;0;3;0;1;0
2019-05-01 08:50:59;64;29;7;7;4;0;0;3;0;1;0
2019-05-01 08:51:59;65;29;7;7;5;0;0;3;0;1;0
2019-05-01 08:52:58;66;30;7;7;5;0;0;3;0;1;0
2019-05-01 08:53:59;66;30;7;7;5;0;0;3;0;1;0
2019-05-01 08:54:58;66;30;7;7;5;0;0;3;0;1;0
2019-05-01 08:55:59;66;30;7;7;5;0;0;3;0;1;0
2019-05-01 08:56:59;66;30;7;7;5;0;0;3;0;1;0
2019-05-01 08:57:58;66;30;7;7;5;0;0;3;0;1;0
2019-05-01 08:58:59;66;30;7;7;5;0;0;3;0;1;0
2019-05-01 08:59:58;67;31;7;7;5;0;0;3;0;1;0
2019-05-01 09:00:59;67;31;7;7;5;0;0;3;0;1;0
2019-05-01 09:01:58;67;31;7;7;5;0;0;3;0;1;0
2019-05-01 09:02:59;68;32;7;7;5;0;0;3;0;1;0
2019-05-01 09:03:59;68;32;7;7;5;0;0;3;0;1;0
2019-05-01 09:04:58;68;32;7;7;5;0;0;3;0;1;0
2019-05-01 09:05:59;68;32;7;7;5;0;0;3;0;1;0
2019-05-01 09:06:59;68;32;7;7;5;0;0;3;0;1;0
2019-05-01 09:07:58;69;33;7;7;5;0;0;3;0;1;0
2019-05-01 09:08:59;70;33;7;7;5;0;0;4;0;1;0
2019-05-01 09:09:59;70;33;7;7;5;0;0;4;0;1;0
2019-05-01 09:10:58;70;33;7;7;5;0;0;4;0;1;0
2019-05-01 09:11:59;70;33;7;7;5;0;0;4;0;1;0
2019-05-01 09:12:59;71;34;7;7;5;0;0;4;0;1;0
2019-05-01 09:13:58;72;35;7;7;5;0;0;4;0;1;0
2019-05-01 09:14:59;72;35;7;7;5;0;0;4;0;1;0
2019-05-01 09:15:58;72;35;7;7;5;0;0;4;0;1;0
2019-05-01 09:16:59;72;35;7;7;5;0;0;4;0;1;0
2019-05-01 09:17:59;72;35;7;7;5;0;0;4;0;1;0
2019-05-01 09:18:58;72;35;7;7;5;0;0;4;0;1;0
2019-05-01 09:19:59;72;35;7;7;5;0;0;4;0;1;0
2019-05-01 09:20:59;72;35;7;7;5;0;0;4;0;1;0
2019-05-01 09:21:58;73;36;7;7;5;0;0;4;0;1;0
2019-05-01 09:22:59;73;36;7;7;5;0;0;4;0;1;0
2019-05-01 09:23:59;73;36;7;7;5;0;0;4;0;1;0
2019-05-01 09:24:58;73;36;7;7;5;0;0;4;0;1;0
2019-05-01 09:25:59;73;36;7;7;5;0;0;4;0;1;0
2019-05-01 09:26:59;74;37;7;7;5;0;0;4;0;1;0
2019-05-01 09:27:58;74;37;7;7;5;0;0;4;0;1;0
2019-05-01 09:28:59;74;37;7;7;5;0;0;4;0;1;0
2019-05-01 09:29:59;74;37;7;7;5;0;0;4;0;1;0
2019-05-01 09:30:58;74;37;7;7;5;0;0;4;0;1;0
2019-05-01 09:31:59;75;38;7;7;5;0;0;4;0;1;0
2019-05-01 09:32:59;75;38;7;7;5;0;0;4;0;1;0
2019-05-01 09:33:58;75;38;7;7;5;0;0;4;0;1;0
2019-05-01 09:34:59;75;38;7;7;5;0;0;4;0;1;0
2019-05-01 09:35:59;76;38;7;7;6;0;0;4;0;1;0
2019-05-01 09:36:58;76;38;7;7;6;0;0;4;0;1;0
2019-05-01 09:37:59;76;38;7;7;6;0;0;4;0;1;0
2019-05-01 09:38:58;77;38;7;8;6;0;0;4;0;1;1
2019-05-01 09:39:59;77;38;7;8;6;0;0;4;0;1;1
2019-05-01 09:40:59;77;38;7;8;6;0;0;4;0;1;1
2019-05-01 09:41:58;77;38;7;8;6;0;0;4;0;1;1
2019-05-01 09:42:59;77;38;7;8;6;0;0;4;0;1;1
2019-05-01 09:43:58;77;38;7;8;6;0;0;4;0;1;1
2019-05-01 09:44:59;77;38;7;8;6;0;0;4;0;1;1
2019-05-01 09:45:59;78;38;7;8;6;0;0;4;0;1;1
2019-05-01 09:46:58;80;39;7;8;6;0;0;4;2;1;1
2019-05-01 09:47:59;80;39;7;8;6;0;0;4;2;1;1
2019-05-01 09:48:58;80;39;7;8;6;0;0;4;2;1;1
2019-05-01 09:49:59;80;39;7;8;6;0;0;4;2;1;1
2019-05-01 09:50:59;80;39;7;8;6;0;0;4;2;1;1
2019-05-01 09:51:59;81;39;7;8;6;0;0;4;2;2;1
2019-05-01 09:52:58;81;39;7;8;6;0;0;4;2;2;1
2019-05-01 09:53:59;81;39;7;8;6;0;0;4;2;2;1
2019-05-01 09:54:58;81;39;7;8;6;0;0;4;2;2;1
2019-05-01 09:55:59;82;39;7;8;6;0;0;4;2;2;0
2019-05-01 09:56:59;82;39;7;8;6;0;0;4;2;2;0
2019-05-01 09:57:58;82;39;7;8;6;0;0;4;2;2;0
2019-05-01 09:58:59;82;39;7;8;6;0;0;4;2;2;0
2019-05-01 09:59:59;82;39;7;8;6;0;0;4;2;2;0
2019-05-01 10:00:58;83;39;7;8;6;0;0;4;2;2;2
2019-05-01 10:01:59;83;39;7;8;6;0;0;4;2;2;2
2019-05-01 10:02:58;83;39;7;8;6;0;0;4;2;2;2
2019-05-01 10:03:59;83;39;7;8;6;0;0;4;2;2;2
2019-05-01 10:04:59;83;39;7;8;6;0;0;4;2;2;2
2019-05-01 10:05:58;83;39;7;8;6;0;0;4;2;2;2
2019-05-01 10:06:59;83;39;7;8;6;0;0;4;2;2;2
2019-05-01 10:07:59;84;40;7;8;6;0;0;4;2;2;2
2019-05-01 10:08:58;84;40;7;8;6;0;0;4;2;2;2
2019-05-01 10:09:59;84;40;7;8;6;0;0;4;2;2;2
2019-05-01 10:10:59;84;40;7;8;6;0;0;4;2;2;2
2019-05-01 10:11:58;86;42;7;8;6;0;0;4;2;2;2
2019-05-01 10:12:59;86;42;7;8;6;0;0;4;2;2;2
2019-05-01 10:13:59;86;42;7;8;6;0;0;4;2;2;2
2019-05-01 10:14:58;86;42;7;8;6;0;0;4;2;2;2
2019-05-01 10:15:59;86;42;7;8;6;0;0;4;2;2;2
2019-05-01 10:16:59;87;43;7;8;6;0;0;4;2;2;2
2019-05-01 10:17:58;87;43;7;8;6;0;0;4;2;2;2
2019-05-01 10:18:59;87;43;7;8;6;0;0;4;2;2;2
2019-05-01 10:19:58;87;43;7;8;6;0;0;4;2;2;2
2019-05-01 10:20:59;87;43;7;8;6;0;0;4;2;2;2
2019-05-01 10:21:58;87;43;7;8;6;0;0;4;2;2;2
2019-05-01 10:22:59;87;43;7;8;6;0;0;4;2;2;2
2019-05-01 10:23:58;88;44;7;8;6;0;0;4;2;2;2
2019-05-01 10:24:59;88;44;7;8;6;0;0;4;2;2;2
2019-05-01 10:25:59;88;44;7;8;6;0;0;4;2;2;2
2019-05-01 10:27:00;89;45;7;8;6;0;0;4;2;2;2
2019-05-01 10:27:58;89;45;7;8;6;0;0;4;2;2;2
2019-05-01 10:28:59;89;45;7;8;6;0;0;4;2;2;2
2019-05-01 10:29:58;90;46;7;8;6;0;0;4;2;2;2
2019-05-01 10:30:59;90;46;7;8;6;0;0;4;2;2;2
2019-05-01 10:31:59;90;46;7;8;6;0;0;4;2;2;2
2019-05-01 10:32:58;91;46;7;9;6;0;0;4;2;2;2
2019-05-01 10:33:59;91;46;7;9;6;0;0;4;2;2;2
2019-05-01 10:34:59;91;46;7;9;6;0;0;4;2;2;2
2019-05-01 10:35:58;91;46;7;9;6;0;0;4;2;2;2
2019-05-01 10:36:59;91;46;7;9;6;0;0;4;2;2;2
2019-05-01 10:37:59;91;46;7;9;6;0;0;4;2;2;2
2019-05-01 10:38:58;91;46;7;9;6;0;0;4;2;2;2
2019-05-01 10:39:59;91;46;7;9;6;0;0;4;2;2;2
2019-05-01 10:40:59;91;46;7;9;6;0;0;4;2;2;2
2019-05-01 10:41:58;92;47;7;9;6;0;0;4;2;2;2
2019-05-01 10:42:59;94;48;8;9;6;0;0;4;2;2;2
2019-05-01 10:43:58;94;48;8;9;6;0;0;4;2;2;2
2019-05-01 10:44:59;94;48;8;9;6;0;0;4;2;2;2
2019-05-01 10:45:58;94;48;8;9;6;0;0;4;2;2;2
2019-05-01 10:46:59;95;49;8;9;6;0;0;4;2;2;2
2019-05-01 10:47:59;95;49;8;9;6;0;0;4;2;2;2
2019-05-01 10:48:58;95;49;8;9;6;0;0;4;2;2;2
2019-05-01 10:49:59;95;49;8;9;6;0;0;4;2;2;2
2019-05-01 10:50:59;95;49;8;9;6;0;0;4;2;2;2
2019-05-01 10:51:58;95;49;8;9;6;0;0;4;2;2;2
2019-05-01 10:52:59;95;49;8;9;6;0;0;4;2;2;2
2019-05-01 10:53:59;95;49;8;9;6;0;0;4;2;2;2
2019-05-01 10:54:58;95;49;8;9;6;0;0;4;2;2;2
2019-05-01 10:55:59;95;49;8;9;6;0;0;4;2;2;2
2019-05-01 10:56:59;95;49;8;9;6;0;0;4;2;2;2
2019-05-01 10:57:58;95;49;8;9;6;0;0;4;2;2;2
2019-05-01 10:58:59;95;49;8;9;6;0;0;4;2;2;2
2019-05-01 10:59:58;95;49;8;9;6;0;0;4;2;2;2
2019-05-01 11:00:59;95;49;8;9;6;0;0;4;2;2;2
2019-05-01 11:01:59;95;49;8;9;6;0;0;4;2;2;2
2019-05-01 11:02:58;96;49;9;9;6;0;0;4;2;2;2
2019-05-01 11:03:59;97;49;9;9;6;0;0;4;2;2;2
2019-05-01 11:04:58;97;49;9;9;6;0;0;4;2;2;2
2019-05-01 11:05:59;97;49;9;9;6;0;0;4;2;2;2
2019-05-01 11:06:59;97;49;9;9;6;0;0;4;2;2;2
2019-05-01 11:07:58;97;49;9;9;6;0;0;4;2;2;2
2019-05-01 11:08:59;97;49;9;9;6;0;0;4;2;2;2
2019-05-01 11:09:59;97;49;9;9;6;0;0;4;2;2;2
2019-05-01 11:10:58;97;49;9;9;6;0;0;4;2;2;2
2019-05-01 11:11:59;99;49;9;10;6;0;0;4;2;2;2
2019-05-01 11:12:59;100;49;9;10;6;0;2;4;2;2;2
2019-05-01 11:13:58;100;49;9;10;6;0;2;4;2;2;2
2019-05-01 11:14:59;100;49;9;10;6;0;2;4;2;2;2
2019-05-01 11:15:59;100;49;9;10;6;0;2;4;2;2;2
2019-05-01 11:16:58;100;49;9;10;6;0;2;4;2;2;2
2019-05-01 11:17:59;101;49;10;10;6;0;2;4;2;2;2
2019-05-01 11:18:59;101;49;10;10;6;0;2;4;2;2;2
2019-05-01 11:19:58;101;49;10;10;6;0;2;4;2;2;2
2019-05-01 11:20:59;101;49;10;10;6;0;2;4;2;2;2
2019-05-01 11:21:59;102;49;11;10;6;0;2;4;2;2;2
2019-05-01 11:22:58;102;49;11;10;6;0;2;4;2;2;2
2019-05-01 11:23:59;102;49;11;10;6;0;2;4;2;2;2
2019-05-01 11:24:59;102;49;11;10;6;0;2;4;2;2;2
2019-05-01 11:25:58;104;49;11;11;7;0;2;4;2;2;2
2019-05-01 11:26:59;104;49;11;11;7;0;2;4;2;2;2
2019-05-01 11:27:58;104;49;11;11;7;0;2;4;2;2;2
2019-05-01 11:28:59;104;49;11;11;7;0;2;4;2;2;2
2019-05-01 11:29:59;104;49;11;11;7;0;2;4;2;2;2
2019-05-01 11:30:58;104;49;11;11;7;0;2;4;2;2;2
2019-05-01 11:31:59;104;49;11;11;7;0;2;4;2;2;2
2019-05-01 11:32:59;104;49;11;11;7;0;2;4;2;2;2
2019-05-01 11:33:58;104;49;11;11;7;0;2;4;2;2;2
2019-05-01 11:34:59;104;49;11;11;7;0;2;4;2;2;2
2019-05-01 11:35:59;104;49;11;11;7;0;2;4;2;2;2
2019-05-01 11:36:58;104;49;11;11;7;0;2;4;2;2;2
2019-05-01 11:37:59;104;49;11;11;7;0;2;4;2;2;2
2019-05-01 11:38:59;105;49;11;12;7;0;2;4;2;2;2
2019-05-01 11:39:58;105;49;11;12;7;0;2;4;2;2;2
2019-05-01 11:40:59;105;49;11;12;7;0;2;4;2;2;2
2019-05-01 11:41:59;105;49;11;12;7;0;2;4;2;2;2
2019-05-01 11:42:58;107;51;11;12;7;0;2;4;2;2;2
2019-05-01 11:43:59;107;51;11;12;7;0;2;4;2;2;2
2019-05-01 11:44:59;107;51;11;12;7;0;2;4;2;2;2
2019-05-01 11:45:58;108;52;11;12;7;0;2;4;2;2;2
2019-05-01 11:46:59;109;52;11;13;7;0;2;4;2;2;2
2019-05-01 11:47:59;109;52;11;13;7;0;2;4;2;2;2
2019-05-01 11:48:58;109;52;11;13;7;0;2;4;2;2;2
2019-05-01 11:49:59;109;52;11;13;7;0;2;4;2;2;2
2019-05-01 11:50:59;109;52;11;13;7;0;2;4;2;2;2
2019-05-01 11:51:58;111;52;11;14;7;0;2;4;2;2;2
2019-05-01 11:52:59;111;52;11;14;7;0;2;4;2;2;2
2019-05-01 11:53:59;111;52;11;14;7;0;2;4;2;2;2
2019-05-01 11:54:58;111;52;11;14;7;0;2;4;2;2;2
2019-05-01 11:55:59;111;52;11;14;7;0;2;4;2;2;2
2019-05-01 11:56:59;111;52;11;14;7;0;2;4;2;2;2
2019-05-01 11:57:58;112;52;11;15;7;0;2;4;2;2;2
2019-05-01 11:58:59;112;52;11;15;7;0;2;4;2;2;2
2019-05-01 11:59:59;113;53;11;15;7;0;2;4;2;2;2
2019-05-01 12:00:58;113;53;11;15;7;0;2;4;2;2;2
2019-05-01 12:01:59;113;53;11;15;7;0;2;4;2;2;2
2019-05-01 12:02:59;113;53;11;15;7;0;2;4;2;2;2
2019-05-01 12:03:59;113;53;11;15;7;0;2;4;2;2;2
2019-05-01 12:04:59;113;53;11;15;7;0;2;4;2;2;2
2019-05-01 12:05:58;113;53;11;15;7;0;2;4;2;2;2
2019-05-01 12:06:59;113;53;11;15;7;0;2;4;2;2;2
2019-05-01 12:07:59;113;53;11;15;7;0;2;4;2;2;2
2019-05-01 12:08:59;114;53;12;15;7;0;2;4;2;2;2
2019-05-01 12:09:58;114;53;12;15;7;0;2;4;2;2;2
2019-05-01 12:10:59;114;53;12;15;7;0;2;4;2;2;2
2019-05-01 12:11:59;114;53;12;15;7;0;2;4;2;2;2
2019-05-01 12:12:58;114;53;12;15;7;0;2;4;2;2;2
2019-05-01 12:13:59;114;53;12;15;7;0;2;4;2;2;2
2019-05-01 12:15:00;114;53;12;15;7;0;2;4;2;2;2
2019-05-01 12:15:58;114;53;12;15;7;0;2;4;2;2;2
2019-05-01 12:16:59;114;53;12;15;7;0;2;4;2;2;2
2019-05-01 12:17:58;115;53;12;15;7;0;3;4;2;2;2
2019-05-01 12:18:59;115;53;12;15;7;0;3;4;2;2;2
2019-05-01 12:19:59;116;53;13;15;7;0;3;4;2;2;2
2019-05-01 12:20:58;116;53;13;15;7;0;3;4;2;2;2
2019-05-01 12:21:59;117;53;13;15;7;2;3;4;2;2;2
2019-05-01 12:22:59;117;53;13;15;7;2;3;4;2;2;2
2019-05-01 12:23:58;118;54;13;15;7;2;3;4;2;2;2
2019-05-01 12:24:59;118;54;13;15;7;2;3;4;2;2;2
2019-05-01 12:25:58;118;54;13;15;7;2;3;4;2;2;2
2019-05-01 12:26:59;118;53;14;15;7;2;3;4;2;2;2
2019-05-01 12:27:59;119;54;14;15;7;2;3;4;2;2;2
2019-05-01 12:28:58;119;54;14;15;7;2;3;4;2;2;2
2019-05-01 12:29:59;119;54;14;15;7;2;3;4;2;2;2
2019-05-01 12:30:58;119;54;14;15;7;2;3;4;2;2;2
2019-05-01 12:31:59;119;54;14;15;7;2;3;4;2;2;2
2019-05-01 12:32:59;119;54;14;15;7;2;3;4;2;2;2
2019-05-01 12:33:59;119;54;14;15;7;2;3;4;2;2;2
2019-05-01 12:34:58;119;54;14;15;7;2;3;4;2;2;2
2019-05-01 12:35:59;119;54;14;15;7;2;3;4;2;2;2
2019-05-01 12:36:59;119;54;14;15;7;2;3;4;2;2;2
2019-05-01 12:37:58;119;54;14;15;7;2;3;4;2;2;2
2019-05-01 12:38:59;119;54;14;15;7;2;3;4;2;2;2
2019-05-01 12:39:58;119;54;14;15;7;2;3;4;2;2;2
2019-05-01 12:40:59;119;54;14;15;7;2;3;4;2;2;2
2019-05-01 12:41:58;119;54;14;15;7;2;3;4;2;2;2
2019-05-01 12:42:59;119;54;14;15;7;2;3;4;2;2;2
2019-05-01 12:43:59;119;54;14;15;7;2;3;4;2;2;2
2019-05-01 12:44:58;120;55;14;15;7;2;3;4;2;2;2
2019-05-01 12:45:59;120;55;14;15;7;2;3;4;2;2;2
2019-05-01 12:46:59;120;55;14;15;7;2;3;4;2;2;2
2019-05-01 12:47:58;120;55;14;15;7;2;3;4;2;2;2
2019-05-01 12:48:59;121;56;14;15;7;2;3;4;2;2;2
2019-05-01 12:49:58;121;56;14;15;7;2;3;4;2;2;2
2019-05-01 12:50:59;122;57;14;15;7;2;3;4;2;2;2
2019-05-01 12:51:58;122;57;14;15;7;2;3;4;2;2;2
2019-05-01 12:52:59;123;58;14;15;7;2;3;4;2;2;2
2019-05-01 12:53:59;123;58;14;15;7;2;3;4;2;2;2
2019-05-01 12:54:58;124;59;14;15;7;2;3;4;2;2;2
2019-05-01 12:55:59;124;59;14;15;7;2;3;4;2;2;2
2019-05-01 12:56:59;125;60;14;15;7;2;3;4;2;2;2
2019-05-01 12:57:58;125;60;14;15;7;2;3;4;2;2;2
2019-05-01 12:58:59;126;60;14;15;7;3;3;4;2;2;2
2019-05-01 12:59:59;126;60;14;15;7;3;3;4;2;2;2
2019-05-01 13:00:58;128;62;14;15;7;3;3;4;2;2;2
2019-05-01 13:01:59;128;62;14;15;7;3;3;4;2;2;2
2019-05-01 13:02:59;128;62;14;15;7;3;3;4;2;2;2
2019-05-01 13:03:58;128;62;14;15;7;3;3;4;2;2;2
2019-05-01 13:04:59;128;62;14;15;7;3;3;4;2;2;2
2019-05-01 13:05:58;128;62;14;15;7;3;3;4;2;2;2
2019-05-01 13:06:59;128;62;14;15;7;3;3;4;2;2;2
2019-05-01 13:08:00;129;62;15;15;7;3;3;4;2;2;2
2019-05-01 13:08:58;129;62;15;15;7;3;3;4;2;2;2
2019-05-01 13:09:59;129;62;15;15;7;3;3;4;2;2;2
2019-05-01 13:10:59;130;63;15;15;7;3;3;4;2;2;2
2019-05-01 13:11:58;131;63;15;16;7;3;3;4;2;2;2
2019-05-01 13:12:59;131;63;15;16;7;3;3;4;2;2;2
2019-05-01 13:13:58;132;64;15;16;7;3;3;4;2;2;2
2019-05-01 13:14:59;133;64;16;16;7;3;3;4;2;2;2
2019-05-01 13:15:59;133;64;16;16;7;3;3;4;2;2;2
2019-05-01 13:16:58;133;64;16;16;7;3;3;4;2;2;2
2019-05-01 13:17:59;133;64;16;16;7;3;3;4;2;2;2
2019-05-01 13:18:59;133;64;16;16;7;3;3;4;2;2;2
2019-05-01 13:19:58;133;64;16;16;7;3;3;4;2;2;2
2019-05-01 13:20:59;133;64;16;16;7;3;3;4;2;2;2
2019-05-01 13:21:59;133;64;16;16;7;3;3;4;2;2;2
2019-05-01 13:22:58;133;64;16;16;7;3;3;4;2;2;2
2019-05-01 13:23:59;134;65;16;16;7;3;3;4;2;2;2
2019-05-01 13:24:59;134;65;16;16;7;3;3;4;2;2;2
2019-05-01 13:25:58;134;65;16;16;7;3;3;4;2;2;2
2019-05-01 13:26:59;134;65;16;16;7;3;3;4;2;2;2
2019-05-01 13:27:59;134;65;16;16;7;3;3;4;2;2;2
2019-05-01 13:28:58;134;65;16;16;7;3;3;4;2;2;2
2019-05-01 13:29:59;135;65;17;16;7;3;3;4;2;2;2
2019-05-01 13:30:59;135;65;17;16;7;3;3;4;2;2;2
2019-05-01 13:31:58;136;65;18;16;7;3;3;4;2;2;2
2019-05-01 13:32:59;136;65;18;16;7;3;3;4;2;2;2
2019-05-01 13:33:59;136;65;18;16;7;3;3;4;2;2;2
2019-05-01 13:34:58;136;65;18;16;7;3;3;4;2;2;2
2019-05-01 13:35:59;136;65;18;16;7;3;3;4;2;2;2
2019-05-01 13:37:00;136;65;18;16;7;3;3;4;2;2;2
2019-05-01 13:37:58;136;65;18;16;7;3;3;4;2;2;2
2019-05-01 13:38:59;136;65;18;16;7;3;3;4;2;2;2
2019-05-01 13:39:59;136;65;18;16;7;3;3;4;2;2;2
2019-05-01 13:40:59;137;65;19;16;7;3;3;4;2;2;2
2019-05-01 13:41:58;138;66;19;16;7;3;3;4;2;2;2
2019-05-01 13:42:59;138;66;19;16;7;3;3;4;2;2;2
2019-05-01 13:43:58;138;66;19;16;7;3;3;4;2;2;2
2019-05-01 13:44:59;138;66;19;16;7;3;3;4;2;2;2
2019-05-01 13:45:58;138;66;19;16;7;3;3;4;2;2;2
2019-05-01 13:46:59;139;67;19;16;7;3;3;4;2;2;2
2019-05-01 13:47:59;139;67;19;16;7;3;3;4;2;2;2
2019-05-01 13:48:58;140;67;20;16;7;3;3;4;2;2;2
2019-05-01 13:49:59;140;67;20;16;7;3;3;4;2;2;2
2019-05-01 13:50:59;140;67;20;16;7;3;3;4;2;2;2
2019-05-01 13:51:58;141;68;20;16;7;3;3;4;2;2;2
2019-05-01 13:52:59;141;68;20;16;7;3;3;4;2;2;2
2019-05-01 13:53:58;141;68;20;16;7;3;3;4;2;2;2
2019-05-01 13:54:59;141;68;20;16;7;3;3;4;2;2;2
2019-05-01 13:55:59;141;68;20;16;7;3;3;4;2;2;2
2019-05-01 13:56:58;143;69;21;16;7;3;3;4;2;2;2
2019-05-01 13:57:59;143;69;21;16;7;3;3;4;2;2;2
2019-05-01 13:58:59;143;69;21;16;7;3;3;4;2;2;2
2019-05-01 13:59:58;144;69;22;16;7;3;3;4;2;2;2
2019-05-01 14:00:59;144;69;22;16;7;3;3;4;2;2;2
2019-05-01 14:01:59;144;69;22;16;7;3;3;4;2;2;2
2019-05-01 14:02:58;143;69;22;15;7;3;3;4;2;2;2
2019-05-01 14:03:59;143;69;22;15;7;3;3;4;2;2;2
2019-05-01 14:04:59;143;69;22;15;7;3;3;4;2;2;2
2019-05-01 14:05:58;143;69;22;15;7;3;3;4;2;2;2
2019-05-01 14:06:59;143;69;22;15;7;3;3;4;2;2;2
2019-05-01 14:07:59;143;69;22;15;7;3;3;4;2;2;2
2019-05-01 14:08:58;143;69;22;15;7;3;3;4;2;2;2
2019-05-01 14:09:59;143;69;22;15;7;3;3;4;2;2;2
2019-05-01 14:10:59;145;70;23;15;7;3;3;4;2;2;2
2019-05-01 14:11:58;145;70;23;15;7;3;3;4;2;2;2
2019-05-01 14:12:59;145;70;23;15;7;3;3;4;2;2;2
2019-05-01 14:13:58;146;70;23;15;8;3;3;4;2;2;2
2019-05-01 14:14:59;146;70;23;15;8;3;3;4;2;2;2
2019-05-01 14:15:59;146;70;23;15;8;3;3;4;2;2;2
2019-05-01 14:16:58;147;71;23;15;8;3;3;4;2;2;2
2019-05-01 14:17:59;147;71;23;15;8;3;3;4;2;2;2
2019-05-01 14:18:59;147;71;23;15;8;3;3;4;2;2;2
2019-05-01 14:19:58;148;71;24;15;8;3;3;4;2;2;2
2019-05-01 14:20:59;149;71;25;15;8;3;3;4;2;2;2
2019-05-01 14:21:58;149;71;25;15;8;3;3;4;2;2;2
2019-05-01 14:22:59;149;71;25;15;8;3;3;4;2;2;2
2019-05-01 14:23:59;149;71;25;15;8;3;3;4;2;2;2
2019-05-01 14:24:58;149;71;25;15;8;3;3;4;2;2;2
2019-05-01 14:25:59;149;71;25;15;8;3;3;4;2;2;2
2019-05-01 14:26:59;149;71;25;15;8;3;3;4;2;2;2
2019-05-01 14:27:59;149;71;25;15;8;3;3;4;2;2;2
2019-05-01 14:28:58;150;71;25;15;8;3;3;4;2;2;2
2019-05-01 14:29:59;150;71;25;15;8;3;3;4;2;2;2
2019-05-01 14:30:59;151;71;25;15;9;3;3;4;2;2;2
2019-05-01 14:31:58;151;71;25;15;9;3;3;4;2;2;2
2019-05-01 14:32:59;151;71;25;15;9;3;3;4;2;2;2
2019-05-01 14:33:59;151;71;25;15;9;3;3;4;2;2;2
2019-05-01 14:34:58;151;72;25;15;9;3;3;4;2;2;2
2019-05-01 14:35:59;151;72;25;15;9;3;3;4;2;2;2
2019-05-01 14:36:58;152;73;25;15;9;3;3;4;2;2;2
2019-05-01 14:37:59;152;73;25;15;9;3;3;4;2;2;2
2019-05-01 14:38:59;152;73;25;15;9;3;3;4;2;2;2
2019-05-01 14:39:58;152;73;25;15;9;3;3;4;2;2;2
2019-05-01 14:40:59;152;73;25;15;9;3;3;4;2;2;2
2019-05-01 14:41:59;152;73;25;15;9;3;3;4;2;2;2
2019-05-01 14:42:58;152;73;25;15;9;3;3;4;2;2;2
2019-05-01 14:43:59;152;73;25;15;9;3;3;4;2;2;2
2019-05-01 14:44:59;152;73;25;15;9;3;3;4;2;2;2
2019-05-01 14:45:58;152;73;25;15;9;3;3;4;2;2;2
2019-05-01 14:46:59;152;73;25;15;9;3;3;4;2;2;2
2019-05-01 14:47:59;152;73;26;15;8;3;3;4;2;2;2
2019-05-01 14:48:59;152;73;26;15;8;3;3;4;2;2;2
2019-05-01 14:49:58;152;73;26;15;8;3;3;4;2;2;2
2019-05-01 14:50:59;152;73;26;15;8;3;3;4;2;2;2
2019-05-01 14:51:59;152;73;26;15;8;3;3;4;2;2;2
2019-05-01 14:52:58;152;73;26;15;8;3;3;4;2;2;2
2019-05-01 14:53:59;152;73;26;15;8;3;3;4;2;2;2
2019-05-01 14:54:59;152;73;26;15;8;3;3;4;2;2;2
2019-05-01 14:55:58;152;73;26;15;8;3;3;4;2;2;2
2019-05-01 14:56:59;152;73;26;15;8;3;3;4;2;2;2
2019-05-01 14:57:59;152;73;26;15;8;3;3;4;2;2;2
2019-05-01 14:58:58;152;73;26;15;8;3;3;4;2;2;2
2019-05-01 14:59:59;152;73;26;15;8;3;3;4;2;2;2
2019-05-01 15:00:59;152;73;26;15;8;3;3;4;2;2;2
2019-05-01 15:01:58;152;73;26;15;8;3;3;4;2;2;2
2019-05-01 15:02:59;152;73;26;15;8;3;3;4;2;2;2
2019-05-01 15:03:59;152;73;26;15;8;3;3;4;2;2;2
2019-05-01 15:04:58;152;73;26;15;8;3;3;4;2;2;2
2019-05-01 15:05:59;152;73;26;15;8;3;3;4;2;2;2
2019-05-01 15:06:58;152;73;26;15;8;3;3;4;2;2;2
2019-05-01 15:07:59;152;73;26;15;8;3;3;4;2;2;2
2019-05-01 15:08:59;152;73;26;15;8;3;3;4;2;2;2
2019-05-01 15:09:58;152;73;26;15;8;3;3;4;2;2;2
2019-05-01 15:10:59;152;73;26;15;8;3;3;4;2;2;2
2019-05-01 15:11:59;152;73;26;15;8;3;3;4;2;2;2
2019-05-01 15:12:59;152;73;26;15;8;3;3;4;2;2;2
2019-05-01 15:13:58;152;73;26;15;8;3;3;4;2;2;2
2019-05-01 15:14:59;152;73;26;15;8;3;3;4;2;2;2
2019-05-01 15:15:58;152;73;26;15;8;3;3;4;2;2;2
2019-05-01 15:16:59;152;73;26;15;8;3;3;4;2;2;2
2019-05-01 15:17:59;152;73;26;15;8;3;3;4;2;2;2
2019-05-01 15:18:58;152;73;26;15;8;3;3;4;2;2;2
2019-05-01 15:19:59;153;73;26;15;8;3;3;5;2;2;2
2019-05-01 15:20:59;153;73;26;15;8;3;3;5;2;2;2
2019-05-01 15:21:58;153;73;26;15;8;3;3;5;2;2;2
2019-05-01 15:22:59;153;73;26;15;8;3;3;5;2;2;2
2019-05-01 15:23:59;153;73;26;15;8;3;3;5;2;2;2
2019-05-01 15:24:58;153;73;26;15;8;3;3;5;2;2;2
2019-05-01 15:25:59;153;73;26;15;8;3;3;5;2;2;2
2019-05-01 15:26:58;153;73;26;15;8;3;3;5;2;2;2
2019-05-01 15:27:59;153;73;26;15;8;3;3;5;2;2;2
2019-05-01 15:28:58;153;73;26;15;8;3;3;5;2;2;2
2019-05-01 15:29:59;153;73;26;15;8;3;3;5;2;2;2
2019-05-01 15:30:59;153;73;26;15;8;3;3;5;2;2;2
2019-05-01 15:31:59;154;73;27;15;8;3;3;5;2;2;2
2019-05-01 15:32:58;154;73;27;15;8;3;3;5;2;2;2
2019-05-01 15:33:59;154;73;27;15;8;3;3;5;2;2;2
2019-05-01 15:34:59;154;73;27;15;8;3;3;5;2;2;2
2019-05-01 15:35:59;154;73;27;15;8;3;3;5;2;2;2
2019-05-01 15:36:58;154;73;27;15;8;3;3;5;2;2;2
2019-05-01 15:37:59;154;73;27;15;8;3;3;5;2;2;2
2019-05-01 15:38:59;154;73;27;15;8;3;3;5;2;2;2
2019-05-01 15:39:58;154;73;27;15;8;3;3;5;2;2;2
2019-05-01 15:40:59;155;74;27;15;8;3;3;5;2;2;2
2019-05-01 15:41:59;155;74;27;15;8;3;3;5;2;2;2
2019-05-01 15:42:58;155;74;27;15;8;3;3;5;2;2;2
2019-05-01 15:43:59;156;75;27;15;8;3;3;5;2;2;2
2019-05-01 15:44:59;156;75;27;15;8;3;3;5;2;2;2
2019-05-01 15:45:58;156;75;27;15;8;3;3;5;2;2;2
2019-05-01 15:46:59;156;75;27;15;8;3;3;5;2;2;2
2019-05-01 15:47:59;156;75;27;15;8;3;3;5;2;2;2
2019-05-01 15:48:58;156;75;27;15;8;3;3;5;2;2;2
2019-05-01 15:49:59;157;76;27;15;8;3;3;5;2;2;2
2019-05-01 15:50:59;158;77;27;15;8;3;3;5;2;2;2
2019-05-01 15:51:58;159;77;28;15;8;3;3;5;2;2;2
2019-05-01 15:52:59;160;78;28;15;8;3;3;5;2;2;2
2019-05-01 15:53:59;160;78;28;15;8;3;3;5;2;2;2
2019-05-01 15:54:58;160;78;28;15;8;3;3;5;2;2;2
2019-05-01 15:55:59;160;78;28;15;8;3;3;5;2;2;2
2019-05-01 15:57:00;160;78;28;15;8;3;3;5;2;2;2
2019-05-01 15:57:58;160;78;28;15;8;3;3;5;2;2;2
2019-05-01 15:58:59;160;78;28;15;8;3;3;5;2;2;2
2019-05-01 15:59:59;160;78;28;15;8;3;3;5;2;2;2
2019-05-01 16:00:58;160;78;28;15;8;3;3;5;2;2;2
2019-05-01 16:01:59;160;78;28;15;8;3;3;5;2;2;2
2019-05-01 16:02:58;160;78;28;15;8;3;3;5;2;2;2
2019-05-01 16:03:59;161;79;28;15;8;3;3;5;2;2;2
2019-05-01 16:04:59;162;80;28;15;8;3;3;5;2;2;2
2019-05-01 16:05:58;162;80;28;15;8;3;3;5;2;2;2
2019-05-01 16:06:59;162;80;28;15;8;3;3;5;2;2;2
2019-05-01 16:07:59;161;79;28;15;8;3;3;5;2;2;2
2019-05-01 16:08:58;161;79;28;15;8;3;3;5;2;2;2
2019-05-01 16:09:59;161;79;28;15;8;3;3;5;2;2;2
2019-05-01 16:10:59;163;79;28;16;8;4;3;5;2;2;2
2019-05-01 16:11:58;163;79;28;16;8;4;3;5;2;2;2
2019-05-01 16:12:59;163;79;28;16;8;4;3;5;2;2;2
2019-05-01 16:13:59;163;79;28;16;8;4;3;5;2;2;2
2019-05-01 16:14:58;163;79;28;16;8;4;3;5;2;2;2
2019-05-01 16:15:59;163;79;28;16;8;4;3;5;2;2;2
2019-05-01 16:16:59;163;79;28;16;8;4;3;5;2;2;2
2019-05-01 16:17:58;163;79;28;16;8;4;3;5;2;2;2
2019-05-01 16:18:59;163;79;28;16;8;4;3;5;2;2;2
2019-05-01 16:19:59;163;79;28;16;8;4;3;5;2;2;2
2019-05-01 16:20:58;163;79;28;16;8;4;3;5;2;2;2
2019-05-01 16:21:59;163;79;28;16;8;4;3;5;2;2;2
2019-05-01 16:22:59;163;79;28;16;8;4;3;5;2;2;2
2019-05-01 16:23:58;163;79;28;16;8;4;3;5;2;2;2
2019-05-01 16:24:59;163;79;28;16;8;4;3;5;2;2;2
2019-05-01 16:25:58;163;79;28;16;8;4;3;5;2;2;2
2019-05-01 16:26:59;164;79;28;17;8;4;3;5;2;2;2
2019-05-01 16:27:59;164;79;28;17;8;4;3;5;2;2;2
2019-05-01 16:28:58;164;79;28;17;8;4;3;5;2;2;2
2019-05-01 16:29:59;164;79;28;17;8;4;3;5;2;2;2
2019-05-01 16:30:59;164;79;28;17;8;4;3;5;2;2;2
2019-05-01 16:31:58;164;79;28;17;8;4;3;5;2;2;2
2019-05-01 16:32:59;165;79;28;17;8;4;4;5;2;2;2
2019-05-01 16:33:59;165;79;28;17;8;4;4;5;2;2;2
2019-05-01 16:34:58;165;79;28;17;8;4;4;5;2;2;2
2019-05-01 16:35:59;165;79;28;17;8;4;4;5;2;2;2
2019-05-01 16:36:59;165;79;28;17;8;4;4;5;2;2;2
2019-05-01 16:37:58;165;79;28;17;8;4;4;5;2;2;2
2019-05-01 16:38:59;165;79;28;17;8;4;4;5;2;2;2
2019-05-01 16:39:59;165;79;28;17;8;4;4;5;2;2;2
2019-05-01 16:40:58;165;79;28;17;8;4;4;5;2;2;2
2019-05-01 16:41:59;165;79;28;17;8;4;4;5;2;2;2
2019-05-01 16:42:59;165;79;28;17;8;4;4;5;2;2;2
2019-05-01 16:43:58;165;79;28;17;8;4;4;5;2;2;2
2019-05-01 16:44:59;165;79;28;17;8;4;4;5;2;2;2
2019-05-01 16:45:59;165;79;28;17;8;4;4;5;2;2;2
2019-05-01 16:46:58;165;79;28;17;8;4;4;5;2;2;2
2019-05-01 16:47:59;165;79;28;17;8;4;4;5;2;2;2
2019-05-01 16:48:59;165;79;28;17;8;4;4;5;2;2;2
2019-05-01 16:49:58;165;79;28;17;8;4;4;5;2;2;2
2019-05-01 16:50:59;165;79;28;17;8;4;4;5;2;2;2
2019-05-01 16:51:59;165;79;28;17;8;4;4;5;2;2;2
2019-05-01 16:52:58;165;79;28;17;8;4;4;5;2;2;2
2019-05-01 16:53:59;165;79;28;17;8;4;4;5;2;2;2
2019-05-01 16:54:59;165;79;28;17;8;4;4;5;2;2;2
2019-05-01 16:55:58;165;79;28;17;8;4;4;5;2;2;2
2019-05-01 16:56:59;165;79;28;17;8;4;4;5;2;2;2
2019-05-01 16:57:59;165;79;28;17;8;4;4;5;2;2;2
2019-05-01 16:58:58;165;79;28;17;8;4;4;5;2;2;2
2019-05-01 16:59:59;165;79;28;17;8;4;4;5;2;2;2
2019-05-01 17:00:58;166;79;28;17;8;4;4;6;2;2;2
2019-05-01 17:01:59;166;79;28;17;8;4;4;6;2;2;2
2019-05-01 17:02:59;166;79;28;17;8;4;4;6;2;2;2
2019-05-01 17:03:58;166;79;28;17;8;4;4;6;2;2;2
2019-05-01 17:04:59;166;79;28;17;8;4;4;6;2;2;2
2019-05-01 17:05:59;166;79;28;17;8;4;4;6;2;2;2
2019-05-01 17:06:58;166;79;28;17;8;4;4;6;2;2;2
2019-05-01 17:07:59;166;79;28;17;8;4;4;6;2;2;2
2019-05-01 17:08:59;166;79;28;17;8;4;4;6;2;2;2
2019-05-01 17:09:58;166;79;28;17;8;4;4;6;2;2;2
2019-05-01 17:10:59;166;79;28;17;8;4;4;6;2;2;2
2019-05-01 17:11:59;166;79;28;17;8;4;4;6;2;2;2
2019-05-01 17:12:58;166;79;29;16;8;4;4;6;2;2;2
2019-05-01 17:13:59;167;79;29;16;8;4;4;6;2;2;2
2019-05-01 17:14:59;168;79;30;16;8;4;4;6;2;2;2
2019-05-01 17:15:58;168;79;30;16;8;4;4;6;2;2;2
2019-05-01 17:16:59;169;79;30;16;8;4;4;6;2;2;2
2019-05-01 17:17:59;169;79;30;16;8;4;4;6;2;2;2
2019-05-01 17:18:58;169;79;30;16;8;4;4;6;2;2;2
2019-05-01 17:19:59;169;79;30;16;8;4;4;6;2;2;2
2019-05-01 17:20:59;169;79;30;16;8;4;4;6;2;2;2
2019-05-01 17:21:58;169;79;30;16;8;4;4;6;2;2;2
2019-05-01 17:22:59;169;79;30;16;8;4;4;6;2;2;2
2019-05-01 17:23:59;170;79;31;16;8;4;4;6;2;2;2
2019-05-01 17:24:58;170;79;31;16;8;4;4;6;2;2;2
2019-05-01 17:25:59;171;79;32;16;8;4;4;6;2;2;2
2019-05-01 17:26:58;172;79;33;16;8;4;4;6;2;2;2
2019-05-01 17:27:59;172;79;33;16;8;4;4;6;2;2;2
2019-05-01 17:28:59;172;79;33;16;8;4;4;6;2;2;2
2019-05-01 17:29:58;172;79;33;16;8;4;4;6;2;2;2
2019-05-01 17:30:59;172;79;33;16;8;4;4;6;2;2;2
2019-05-01 17:31:59;172;79;33;16;8;4;4;6;2;2;2
2019-05-01 17:32:58;172;79;33;16;8;4;4;6;2;2;2
2019-05-01 17:33:59;172;79;33;16;8;4;4;6;2;2;2
2019-05-01 17:34:59;172;79;33;16;8;4;4;6;2;2;2
2019-05-01 17:35:58;172;79;33;16;8;4;4;6;2;2;2
2019-05-01 17:36:59;173;79;33;16;8;4;5;6;2;2;2
2019-05-01 17:37:59;173;79;33;16;8;4;5;6;2;2;2
2019-05-01 17:38:58;173;79;33;16;8;4;5;6;2;2;2
2019-05-01 17:39:59;173;79;33;16;8;4;5;6;2;2;2
2019-05-01 17:40:58;173;79;33;16;8;4;5;6;2;2;2
2019-05-01 17:41:59;173;79;33;16;8;4;5;6;2;2;2
2019-05-01 17:42:59;175;81;33;16;8;4;5;6;2;2;2
2019-05-01 17:43:58;175;81;33;16;8;4;5;6;2;2;2
2019-05-01 17:44:59;175;81;33;16;8;4;5;6;2;2;2
2019-05-01 17:45:59;175;81;33;16;8;4;5;6;2;2;2
2019-05-01 17:46:58;175;81;33;16;8;4;5;6;2;2;2
2019-05-01 17:47:59;175;81;33;16;8;4;5;6;2;2;2
2019-05-01 17:48:59;175;81;33;16;8;4;5;6;2;2;2
2019-05-01 17:49:58;175;81;33;16;8;4;5;6;2;2;2
2019-05-01 17:50:59;175;81;33;16;8;4;5;6;2;2;2
2019-05-01 17:51:59;175;81;33;16;8;4;5;6;2;2;2
2019-05-01 17:52:58;175;81;33;16;8;4;5;6;2;2;2
2019-05-01 17:53:59;175;81;33;16;8;4;5;6;2;2;2
2019-05-01 17:54:58;175;81;33;16;8;4;5;6;2;2;2
2019-05-01 17:55:59;175;81;33;16;8;4;5;6;2;2;2
2019-05-01 17:56:59;175;81;33;16;8;4;5;6;2;2;2
2019-05-01 17:57:58;175;81;33;16;8;4;5;6;2;2;2
2019-05-01 17:58:59;175;81;33;16;8;4;5;6;2;2;2
2019-05-01 17:59:59;175;81;33;16;8;4;5;6;2;2;2
2019-05-01 18:00:58;175;81;33;16;8;4;5;6;2;2;2
2019-05-01 18:01:59;175;81;33;16;8;4;5;6;2;2;2
2019-05-01 18:02:59;175;81;33;16;8;4;5;6;2;2;2
2019-05-01 18:03:58;175;81;33;16;8;4;5;6;2;2;2
2019-05-01 18:04:59;175;81;33;16;8;4;5;6;2;2;2
2019-05-01 18:05:58;175;81;33;16;8;4;5;6;2;2;2
2019-05-01 18:06:59;175;81;33;16;8;4;5;6;2;2;2
2019-05-01 18:07:59;175;81;33;16;8;4;5;6;2;2;2
2019-05-01 18:08:58;175;81;33;16;8;4;5;6;2;2;2
2019-05-01 18:09:59;175;81;33;16;8;4;5;6;2;2;2
2019-05-01 18:10:59;175;81;33;16;8;4;5;6;2;2;2
2019-05-01 18:11:58;175;81;33;16;8;4;5;6;2;2;2
2019-05-01 18:12:59;175;81;33;16;8;4;5;6;2;2;2
2019-05-01 18:13:59;175;81;33;16;8;4;5;6;2;2;2
2019-05-01 18:14:58;175;81;33;16;8;4;5;6;2;2;2
2019-05-01 18:15:59;175;81;33;16;8;4;5;6;2;2;2
2019-05-01 18:16:59;175;81;33;16;8;4;5;6;2;2;2
2019-05-01 18:17:58;176;81;34;16;8;5;5;6;2;2;2
2019-05-01 18:18:59;177;81;35;16;8;5;5;6;2;2;2
2019-05-01 18:19:59;177;81;35;16;8;5;5;6;2;2;2
2019-05-01 18:20:58;177;81;35;16;8;5;5;6;2;2;2
2019-05-01 18:21:59;177;81;35;16;8;5;5;6;2;2;2
2019-05-01 18:22:59;177;81;35;16;8;5;5;6;2;2;2
2019-05-01 18:23:58;177;81;35;16;8;5;5;6;2;2;2
2019-05-01 18:24:59;178;81;36;16;8;5;5;6;2;2;2
2019-05-01 18:25:59;178;81;36;16;8;5;5;6;2;2;2
2019-05-01 18:26:59;178;81;36;16;8;5;5;6;2;2;2
2019-05-01 18:27:59;178;81;36;16;8;5;5;6;2;2;2
2019-05-01 18:28:58;178;81;36;16;8;5;5;6;2;2;2
2019-05-01 18:29:59;178;81;36;16;8;5;5;6;2;2;2
2019-05-01 18:30:59;179;82;36;16;8;5;5;6;2;2;2
2019-05-01 18:31:58;179;82;36;16;8;5;5;6;2;2;2
2019-05-01 18:32:59;179;82;36;16;8;5;5;6;2;2;2
2019-05-01 18:33:58;179;82;36;16;8;5;5;6;2;2;2
2019-05-01 18:34:59;179;82;36;16;8;5;5;6;2;2;2
2019-05-01 18:35:59;179;82;36;16;8;5;5;6;2;2;2
2019-05-01 18:36:58;179;82;36;16;8;5;5;6;2;2;2
2019-05-01 18:37:59;179;82;36;16;8;5;5;6;2;2;2
2019-05-01 18:38:59;179;82;36;16;8;5;5;6;2;2;2
2019-05-01 18:39:58;179;82;36;16;8;5;5;6;2;2;2
2019-05-01 18:40:59;179;82;36;16;8;5;5;6;2;2;2
2019-05-01 18:41:59;179;82;36;16;8;5;5;6;2;2;2
2019-05-01 18:42:58;179;82;36;16;8;5;5;6;2;2;2
2019-05-01 18:43:59;179;82;36;16;8;5;5;6;2;2;2
2019-05-01 18:44:58;179;82;36;16;8;5;5;6;2;2;2
2019-05-01 18:45:59;179;82;36;16;8;5;5;6;2;2;2
2019-05-01 18:46:59;179;82;36;16;8;5;5;6;2;2;2
2019-05-01 18:47:58;179;82;36;16;8;5;5;6;2;2;2
2019-05-01 18:48:59;179;82;36;16;8;5;5;6;2;2;2
2019-05-01 18:49:59;179;82;36;16;8;5;5;6;2;2;2
2019-05-01 18:50:58;179;82;36;16;8;5;5;6;2;2;2
2019-05-01 18:51:59;179;82;36;16;8;5;5;6;2;2;2
2019-05-01 18:52:59;179;82;36;16;8;5;5;6;2;2;2
2019-05-01 18:53:58;179;82;36;16;8;5;5;6;2;2;2
2019-05-01 18:54:59;179;82;36;16;8;5;5;6;2;2;2
2019-05-01 18:55:59;179;82;36;16;8;5;5;6;2;2;2
2019-05-01 18:56:58;179;82;36;16;8;5;5;6;2;2;2
2019-05-01 18:57:59;179;82;36;16;8;5;5;6;2;2;2
2019-05-01 18:58:59;179;82;36;16;8;5;5;6;2;2;2
2019-05-01 18:59:58;179;82;36;16;8;5;5;6;2;2;2
2019-05-01 19:00:59;179;82;36;16;8;5;5;6;2;2;2
2019-05-01 19:01:59;179;82;36;16;8;5;5;6;2;2;2
2019-05-01 19:02:58;179;82;36;16;8;5;5;6;2;2;2
2019-05-01 19:03:59;179;82;36;16;8;5;5;6;2;2;2
2019-05-01 19:04:59;180;82;36;16;8;5;5;6;2;2;2
2019-05-01 19:05:58;180;82;36;16;8;5;5;6;2;2;2
2019-05-01 19:06:59;180;82;36;16;8;5;5;6;2;2;2
2019-05-01 19:07:59;180;82;36;16;8;5;5;6;2;2;2
2019-05-01 19:08:58;180;82;36;16;8;5;5;6;2;2;2
2019-05-01 19:09:59;180;82;36;16;8;5;5;6;2;2;2
2019-05-01 19:10:59;180;82;36;16;8;5;5;6;2;2;2
2019-05-01 19:11:58;181;82;36;16;8;6;5;6;2;2;2
2019-05-01 19:12:59;181;82;36;16;8;6;5;6;2;2;2
2019-05-01 19:13:59;181;82;36;16;8;6;5;6;2;2;2
2019-05-01 19:14:58;181;82;36;16;8;6;5;6;2;2;2
2019-05-01 19:15:59;182;83;36;16;8;6;5;6;2;2;2
2019-05-01 19:16:59;182;83;36;16;8;6;5;6;2;2;2
2019-05-01 19:17:58;182;83;36;16;8;6;5;6;2;2;2
2019-05-01 19:18:59;182;83;36;16;8;6;5;6;2;2;2
2019-05-01 19:19:59;182;83;36;16;8;6;5;6;2;2;2
2019-05-01 19:20:58;182;83;36;16;8;6;5;6;2;2;2
2019-05-01 19:21:59;182;83;36;16;8;6;5;6;2;2;2
2019-05-01 19:22:59;182;83;36;16;8;6;5;6;2;2;2
2019-05-01 19:23:58;184;84;36;16;8;7;5;6;2;2;2
2019-05-01 19:24:59;184;84;36;16;8;7;5;6;2;2;2
2019-05-01 19:25:59;184;84;36;16;8;7;5;6;2;2;2
2019-05-01 19:26:58;184;84;36;16;8;7;5;6;2;2;2
2019-05-01 19:27:59;185;84;37;16;8;7;5;6;2;2;2
2019-05-01 19:28:59;185;84;37;16;8;7;5;6;2;2;2
2019-05-01 19:29:58;186;84;38;16;8;7;5;6;2;2;2
2019-05-01 19:30:59;186;84;39;15;8;7;5;6;2;2;2
2019-05-01 19:32:00;186;84;39;15;8;7;5;6;2;2;2
2019-05-01 19:32:58;186;84;39;15;8;7;5;6;2;2;2
2019-05-01 19:33:59;186;84;39;15;8;7;5;6;2;2;2
2019-05-01 19:34:58;186;84;40;14;8;7;5;6;2;2;2
2019-05-01 19:35:59;186;84;40;14;8;7;5;6;2;2;2
2019-05-01 19:36:59;186;84;40;14;8;7;5;6;2;2;2
2019-05-01 19:37:58;186;84;40;14;8;7;5;6;2;2;2
2019-05-01 19:38:59;186;84;40;14;8;7;5;6;2;2;2
2019-05-01 19:39:59;186;84;40;14;8;7;5;6;2;2;2
2019-05-01 19:40:58;186;84;40;14;8;7;5;6;2;2;2
2019-05-01 19:41:59;186;84;40;14;8;7;5;6;2;2;2
2019-05-01 19:42:58;186;84;40;14;8;7;5;6;2;2;2
2019-05-01 19:43:59;186;84;40;14;8;7;5;6;2;2;2
2019-05-01 19:44:59;186;84;40;14;8;7;5;6;2;2;2
2019-05-01 19:45:58;186;84;40;14;8;7;5;6;2;2;2
2019-05-01 19:46:59;186;84;40;14;8;7;5;6;2;2;2
2019-05-01 19:47:59;187;85;41;14;8;7;5;6;2;2;2
2019-05-01 19:48:58;187;85;41;14;8;7;5;6;2;2;2
2019-05-01 19:49:59;188;85;42;14;8;7;5;6;2;2;2
2019-05-01 19:50:59;189;85;43;14;8;7;5;6;2;2;2
2019-05-01 19:51:58;189;85;43;14;8;7;5;6;2;2;2
2019-05-01 19:52:59;190;85;44;14;8;7;5;6;2;2;2
2019-05-01 19:53:59;190;85;45;13;8;7;5;6;2;2;2
2019-05-01 19:54:58;190;85;45;13;8;7;5;6;2;2;2
2019-05-01 19:55:59;190;85;45;13;8;7;5;6;2;2;2
2019-05-01 19:56:59;190;85;45;13;8;7;5;6;2;2;2
2019-05-01 19:57:58;190;85;45;13;8;7;5;6;2;2;2
2019-05-01 19:58:59;190;85;45;13;8;7;5;6;2;2;2
2019-05-01 19:59:59;190;85;45;13;8;7;5;6;2;2;2
2019-05-01 20:00:58;190;85;45;13;8;7;5;6;2;2;2
2019-05-01 20:01:59;190;85;45;13;8;7;5;6;2;2;2
2019-05-01 20:02:59;190;85;46;13;8;7;5;5;2;2;2
2019-05-01 20:03:58;190;85;46;13;8;7;5;5;2;2;2
2019-05-01 20:04:59;190;85;46;13;8;7;5;5;2;2;2
2019-05-01 20:05:59;190;85;46;13;8;7;5;5;2;2;2
2019-05-01 20:06:58;190;85;46;13;8;7;5;5;2;2;2
2019-05-01 20:07:59;190;85;46;13;8;7;5;5;2;2;2
2019-05-01 20:08:58;190;85;46;13;8;7;5;5;2;2;2
2019-05-01 20:09:59;190;85;46;13;8;7;5;5;2;2;2
2019-05-01 20:10:59;191;86;46;13;8;7;5;5;2;2;2
2019-05-01 20:11:58;191;86;46;13;8;7;5;5;2;2;2
2019-05-01 20:12:59;191;86;46;13;8;7;5;5;2;2;2
2019-05-01 20:13:59;191;86;46;13;8;7;5;5;2;2;2
2019-05-01 20:14:58;191;86;46;13;8;7;5;5;2;2;2
2019-05-01 20:15:59;192;87;46;13;8;7;5;5;2;2;2
2019-05-01 20:16:59;192;87;46;13;8;7;5;5;2;2;2
2019-05-01 20:17:58;192;86;46;13;8;8;5;5;2;2;2
2019-05-01 20:18:59;192;86;46;13;8;8;5;5;2;2;2
2019-05-01 20:19:59;192;86;46;13;8;8;5;5;2;2;2
2019-05-01 20:20:58;193;86;47;13;8;8;5;5;2;2;2
2019-05-01 20:21:59;193;86;47;13;8;8;5;5;2;2;2
2019-05-01 20:22:58;193;86;47;13;8;8;5;5;2;2;2
2019-05-01 20:23:59;193;86;47;13;8;8;5;5;2;2;2
2019-05-01 20:24:59;193;86;47;13;8;8;5;5;2;2;2
2019-05-01 20:25:58;193;86;47;13;8;8;5;5;2;2;2
2019-05-01 20:26:59;193;86;47;13;8;8;5;5;2;2;2
2019-05-01 20:27:58;193;86;47;13;8;8;5;5;2;2;2
2019-05-01 20:28:59;194;85;49;13;8;8;5;5;2;2;2
2019-05-01 20:29:59;194;85;49;13;8;8;5;5;2;2;2
2019-05-01 20:30:58;194;85;49;13;8;8;5;5;2;2;2
2019-05-01 20:31:59;195;85;49;14;8;8;5;5;2;2;2
2019-05-01 20:32:59;195;85;49;14;8;8;5;5;2;2;2
2019-05-01 20:33:59;195;85;49;14;8;8;5;5;2;2;2
2019-05-01 20:34:58;195;85;49;14;8;8;5;5;2;2;2
2019-05-01 20:35:59;195;85;49;14;8;8;5;5;2;2;2
2019-05-01 20:36:58;196;86;49;14;8;8;5;5;2;2;2
2019-05-01 20:37:59;196;86;49;14;8;8;5;5;2;2;2
2019-05-01 20:38:59;196;86;49;14;8;8;5;5;2;2;2
2019-05-01 20:39:58;196;86;49;14;8;8;5;5;2;2;2
2019-05-01 20:40:59;197;86;50;14;8;8;5;5;2;2;2
2019-05-01 20:41:59;197;86;50;14;8;8;5;5;2;2;2
2019-05-01 20:42:58;197;86;50;14;8;8;5;5;2;2;2
2019-05-01 20:43:59;197;86;50;14;8;8;5;5;2;2;2
2019-05-01 20:44:58;198;86;50;14;8;8;5;5;2;3;2
2019-05-01 20:45:59;198;86;50;14;8;8;5;5;2;3;2
2019-05-01 20:46:59;199;86;51;14;8;8;5;5;2;3;2
2019-05-01 20:47:58;199;86;51;14;8;8;5;5;2;3;2
2019-05-01 20:48:59;200;86;52;14;8;8;5;5;2;3;2
2019-05-01 20:49:59;201;86;52;14;8;9;5;5;2;3;2
2019-05-01 20:50:58;201;86;52;14;8;9;5;5;2;3;2
2019-05-01 20:51:59;201;86;52;14;8;9;5;5;2;3;2
2019-05-01 20:52:58;201;86;52;14;8;9;5;5;2;3;2
2019-05-01 20:53:59;201;86;52;14;8;9;5;5;2;3;2
2019-05-01 20:54:59;201;86;52;14;8;9;5;5;2;3;2
2019-05-01 20:55:58;201;86;52;14;8;9;5;5;2;3;2
2019-05-01 20:56:59;201;86;52;14;8;9;5;5;2;3;2
2019-05-01 20:57:59;201;86;52;14;8;9;5;5;2;3;2
2019-05-01 20:58:58;201;86;52;14;8;9;5;5;2;3;2
2019-05-01 20:59:59;201;86;52;14;8;9;5;5;2;3;2
2019-05-01 21:00:59;201;86;52;14;8;9;5;5;2;3;2
2019-05-01 21:01:58;201;86;52;14;8;9;5;5;2;3;2
2019-05-01 21:02:59;201;86;52;14;8;9;5;5;2;3;2
2019-05-01 21:03:59;201;86;52;14;8;9;5;5;2;3;2
2019-05-01 21:04:58;201;86;52;14;8;9;5;5;2;3;2
2019-05-01 21:05:59;201;86;52;14;8;9;5;5;2;3;2
2019-05-01 21:06:59;201;86;52;14;8;9;5;5;2;3;2
2019-05-01 21:07:58;201;86;52;14;8;9;5;5;2;3;2
2019-05-01 21:08:59;201;86;52;14;8;9;5;5;2;3;2
2019-05-01 21:09:59;201;86;52;14;8;9;5;5;2;3;2
2019-05-01 21:10:58;201;86;52;14;8;9;5;5;2;3;2
2019-05-01 21:11:59;201;86;52;14;8;9;5;5;2;3;2
2019-05-01 21:12:59;201;86;52;14;8;9;5;5;2;3;2
2019-05-01 21:13:59;201;86;53;14;8;9;5;5;2;2;2
2019-05-01 21:14:58;201;86;53;14;8;9;5;5;2;2;2
2019-05-01 21:15:59;201;86;53;14;8;9;5;5;2;2;2
2019-05-01 21:16:58;201;86;53;14;8;9;5;5;2;2;2
2019-05-01 21:17:59;201;86;53;14;8;9;5;5;2;2;2
2019-05-01 21:18:59;201;86;53;14;8;9;5;5;2;2;2
2019-05-01 21:19:58;201;86;53;14;8;9;5;5;2;2;2
2019-05-01 21:20:59;202;86;54;14;8;9;5;5;2;2;2
2019-05-01 21:21:59;202;86;55;14;8;9;5;5;2;2;2
2019-05-01 21:22:58;202;86;55;14;8;9;5;5;2;2;2
2019-05-01 21:23:59;202;86;55;14;8;9;5;5;2;2;2
2019-05-01 21:24:59;202;86;55;14;8;9;5;5;2;2;2
2019-05-01 21:25:58;202;86;55;14;8;9;5;5;2;2;2
2019-05-01 21:26:59;202;86;55;14;8;9;5;5;2;2;2
2019-05-01 21:28:00;202;86;55;14;8;9;5;5;2;2;2
2019-05-01 21:28:58;202;86;55;14;8;9;5;5;2;2;2
2019-05-01 21:29:59;202;86;55;14;8;9;5;5;2;2;2
2019-05-01 21:30:59;202;86;55;14;8;9;5;5;2;2;2
2019-05-01 21:31:58;202;86;55;14;8;9;5;5;2;2;2
2019-05-01 21:32:59;202;86;55;14;8;9;5;5;2;2;2
2019-05-01 21:33:59;203;86;55;14;8;9;5;5;3;2;2
2019-05-01 21:34:58;203;86;55;14;8;9;5;5;3;2;2
2019-05-01 21:35:59;203;86;55;14;8;9;5;5;3;2;2
2019-05-01 21:36:59;203;86;55;14;8;9;5;5;3;2;2
2019-05-01 21:37:58;204;86;55;14;9;9;5;5;3;2;2
2019-05-01 21:38:59;204;86;55;14;9;9;5;5;3;2;2
2019-05-01 21:39:58;204;86;55;14;9;9;5;5;3;2;2
2019-05-01 21:40:59;204;86;55;14;9;9;5;5;3;2;2
2019-05-01 21:41:59;204;86;55;14;9;9;5;5;3;2;2
2019-05-01 21:42:58;204;86;55;14;9;9;5;5;3;2;2
2019-05-01 21:43:59;204;86;55;14;9;9;5;5;3;2;2
2019-05-01 21:44:59;204;86;55;14;9;9;5;5;3;2;2
2019-05-01 21:45:58;204;86;55;14;9;9;5;5;3;2;2
2019-05-01 21:46:59;204;86;55;14;9;9;5;5;3;2;2
2019-05-01 21:47:59;204;86;55;14;9;9;5;5;3;2;2
2019-05-01 21:48:58;204;86;55;14;9;9;5;5;3;2;2
2019-05-01 21:49:59;204;86;55;14;9;9;5;5;3;2;2
2019-05-01 21:50:59;204;86;55;14;9;9;5;5;3;2;2
2019-05-01 21:51:58;204;86;55;14;9;9;5;5;3;2;2
2019-05-01 21:52:59;204;86;55;14;9;9;5;5;3;2;2
2019-05-01 21:53:59;204;86;55;14;9;9;5;5;3;2;2
2019-05-01 21:54:58;204;86;55;14;9;9;5;5;3;2;2
2019-05-01 21:55:59;204;86;55;14;9;9;5;5;3;2;2
2019-05-01 21:56:58;204;86;55;14;9;9;5;5;3;2;2
2019-05-01 21:57:59;204;86;55;14;9;9;5;5;3;2;2
2019-05-01 21:58:59;204;86;55;14;9;9;5;5;3;2;2
2019-05-01 21:59:58;204;86;55;14;9;9;5;5;3;2;2
2019-05-01 22:00:59;204;86;55;14;9;9;5;5;3;2;2
2019-05-01 22:01:59;204;86;55;14;9;9;5;5;3;2;2
2019-05-01 22:02:58;205;86;55;14;9;9;5;5;3;3;2
2019-05-01 22:03:59;205;86;55;14;9;9;5;5;3;3;2
2019-05-01 22:04:59;205;86;55;14;9;9;5;5;3;3;2
2019-05-01 22:05:58;205;86;55;14;9;9;5;5;3;3;2
2019-05-01 22:06:59;205;86;55;14;9;9;5;5;3;3;2
2019-05-01 22:07:59;205;86;55;14;9;9;5;5;3;3;2
2019-05-01 22:08:58;205;86;55;14;9;9;5;5;3;3;2
2019-05-01 22:09:59;205;86;56;13;9;9;5;5;3;3;2
2019-05-01 22:10:59;205;86;56;13;9;9;5;5;3;3;2
2019-05-01 22:11:58;205;86;56;13;9;9;5;5;3;3;2
2019-05-01 22:12:59;205;86;56;13;9;9;5;5;3;3;2
2019-05-01 22:13:59;205;86;56;13;9;9;5;5;3;3;2
2019-05-01 22:14:58;206;87;56;13;9;9;5;5;3;3;2
2019-05-01 22:15:59;206;87;56;13;9;9;5;5;3;3;2
2019-05-01 22:16:59;206;87;56;13;9;9;5;5;3;3;2
2019-05-01 22:17:58;207;86;59;12;9;9;5;5;3;3;2
2019-05-01 22:18:59;207;86;59;12;9;9;5;5;3;3;2
2019-05-01 22:19:59;207;86;59;12;9;9;5;5;3;3;2
2019-05-01 22:20:58;207;86;59;12;9;9;5;5;3;3;2
2019-05-01 22:21:59;207;85;60;12;9;9;5;5;3;3;2
2019-05-01 22:22:59;207;85;60;12;9;9;5;5;3;3;2
2019-05-01 22:23:58;207;85;60;12;9;9;5;5;3;3;2
2019-05-01 22:24:59;207;85;60;12;9;9;5;5;3;3;2
2019-05-01 22:25:59;207;85;60;12;9;9;5;5;3;3;2
2019-05-01 22:26:58;207;85;60;12;9;9;5;5;3;3;2
2019-05-01 22:27:59;208;86;60;12;9;9;5;5;3;3;2
2019-05-01 22:28:59;208;86;60;12;9;9;5;5;3;3;2
2019-05-01 22:29:58;208;86;60;12;9;9;5;5;3;3;2
2019-05-01 22:30:59;208;86;60;12;9;9;5;5;3;3;2
2019-05-01 22:31:59;208;86;60;12;9;9;5;5;3;3;2
2019-05-01 22:32:58;208;86;60;12;9;9;5;5;3;3;2
2019-05-01 22:33:59;208;86;60;12;9;9;5;5;3;3;2
2019-05-01 22:34:59;208;86;60;12;9;9;5;5;3;3;2
2019-05-01 22:35:58;208;86;60;12;9;9;5;5;3;3;2
2019-05-01 22:36:59;208;86;60;12;9;9;5;5;3;3;2
2019-05-01 22:37:59;208;86;60;12;9;9;5;5;3;3;2
2019-05-01 22:38:58;208;86;60;12;9;9;5;5;3;3;2
2019-05-01 22:39:59;208;86;60;12;9;9;5;5;3;3;2
2019-05-01 22:40:58;208;86;60;12;9;9;5;5;3;3;2
2019-05-01 22:41:59;208;86;60;12;9;9;5;5;3;3;2
2019-05-01 22:42:59;209;86;61;12;9;9;5;5;3;3;2
2019-05-01 22:43:58;209;86;61;12;9;9;5;5;3;3;2
2019-05-01 22:44:59;209;86;61;12;9;9;5;5;3;3;2
2019-05-01 22:45:59;211;87;62;12;9;9;5;5;3;3;2
2019-05-01 22:46:58;211;87;62;12;9;9;5;5;3;3;2
2019-05-01 22:47:59;211;87;62;12;9;9;5;5;3;3;2
2019-05-01 22:48:59;211;87;62;12;9;9;5;5;3;3;2
2019-05-01 22:49:58;211;87;62;12;9;9;5;5;3;3;2
2019-05-01 22:50:59;211;87;62;12;9;9;5;5;3;3;2
2019-05-01 22:51:58;211;87;62;12;9;9;5;5;3;3;2
2019-05-01 22:52:59;212;88;62;12;9;9;5;5;3;3;2
2019-05-01 22:53:59;212;88;62;12;9;9;5;5;3;3;2
2019-05-01 22:54:58;212;88;62;12;9;9;5;5;3;3;2
2019-05-01 22:55:59;213;88;62;13;9;9;5;5;3;3;2
2019-05-01 22:56:59;213;88;62;13;9;9;5;5;3;3;2
2019-05-01 22:57:58;213;88;62;13;9;9;5;5;3;3;2
2019-05-01 22:58:59;213;88;62;13;9;9;5;5;3;3;2
2019-05-01 22:59:59;213;88;62;13;9;9;5;5;3;3;2
2019-05-01 23:00:58;213;88;62;13;9;9;5;5;3;3;2
2019-05-01 23:01:59;213;88;62;13;9;9;5;5;3;3;2
2019-05-01 23:02:59;213;88;62;13;9;9;5;5;3;3;2
2019-05-01 23:03:58;213;88;62;13;9;9;5;5;3;3;2
2019-05-01 23:04:59;213;88;62;13;9;9;5;5;3;3;2
2019-05-01 23:05:59;214;89;62;13;9;9;5;5;3;3;2
2019-05-01 23:06:58;214;89;62;13;9;9;5;5;3;3;2
2019-05-01 23:07:59;214;89;62;13;9;9;5;5;3;3;2
2019-05-01 23:08:59;214;89;62;13;9;9;5;5;3;3;2
2019-05-01 23:09:58;214;89;62;13;9;9;5;5;3;3;2
2019-05-01 23:10:59;214;89;62;13;9;9;5;5;3;3;2
2019-05-01 23:11:58;214;89;63;13;9;8;5;5;3;3;2
2019-05-01 23:12:59;213;89;62;13;9;8;5;5;3;3;2
2019-05-01 23:13:58;213;89;62;13;9;8;5;5;3;3;2
2019-05-01 23:14:59;213;89;62;13;9;8;5;5;3;3;2
2019-05-01 23:15:59;214;89;64;12;9;8;5;5;3;3;2
2019-05-01 23:16:58;215;89;65;12;9;8;5;5;3;3;2
2019-05-01 23:17:59;215;89;65;12;9;8;5;5;3;3;2
2019-05-01 23:18:59;215;89;65;12;9;8;5;5;3;3;2
2019-05-01 23:19:58;215;89;65;12;9;8;5;5;3;3;2
2019-05-01 23:20:59;215;89;65;12;9;8;5;5;3;3;2
2019-05-01 23:21:59;215;89;65;12;9;8;5;5;3;3;2
2019-05-01 23:22:58;215;89;65;12;9;8;5;5;3;3;2
2019-05-01 23:23:59;215;89;65;12;9;8;5;5;3;3;2
2019-05-01 23:24:59;215;89;65;12;9;8;5;5;3;3;2
2019-05-01 23:25:58;215;89;66;12;9;8;5;4;3;3;2
2019-05-01 23:26:59;215;89;66;12;9;8;5;4;3;3;2
2019-05-01 23:27:59;215;89;66;12;9;8;5;4;3;3;2
2019-05-01 23:28:58;215;89;66;12;9;8;5;4;3;3;2
2019-05-01 23:29:59;215;89;66;12;9;8;5;4;3;3;2
2019-05-01 23:30:59;215;89;66;12;9;8;5;4;3;3;2
2019-05-01 23:31:58;215;89;66;12;9;8;5;4;3;3;2
2019-05-01 23:32:59;215;89;66;12;9;8;5;4;3;3;2
2019-05-01 23:33:59;215;89;66;12;9;8;5;4;3;3;2
2019-05-01 23:34:58;215;89;66;12;9;8;5;4;3;3;2
2019-05-01 23:35:59;215;89;66;12;9;8;5;4;3;3;2
2019-05-01 23:36:59;215;89;66;12;9;8;5;4;3;3;2
2019-05-01 23:37:58;215;89;66;12;9;8;5;4;3;3;2
2019-05-01 23:38:59;215;89;66;12;9;8;5;4;3;3;2
2019-05-01 23:39:59;215;89;66;12;9;8;5;4;3;3;2
2019-05-01 23:40:58;215;89;66;12;9;8;5;4;3;3;2
2019-05-01 23:41:59;215;89;66;12;9;8;5;4;3;3;2
2019-05-01 23:42:59;214;89;65;12;9;8;5;4;3;3;2
2019-05-01 23:43:58;214;89;65;12;9;8;5;4;3;3;2
2019-05-01 23:44:59;214;89;65;12;9;8;5;4;3;3;2
2019-05-01 23:46:00;214;89;65;12;9;8;5;4;3;3;2
2019-05-01 23:46:58;214;89;65;12;9;8;5;4;3;3;2
2019-05-01 23:47:59;214;89;65;12;9;8;5;4;3;3;2
2019-05-01 23:48:59;214;89;65;12;9;8;5;4;3;3;2
2019-05-01 23:49:58;214;89;65;12;9;8;5;4;3;3;2
2019-05-01 23:50:59;215;90;65;12;9;8;5;4;3;3;2
2019-05-01 23:51:59;215;90;65;12;9;8;5;4;3;3;2
2019-05-01 23:52:59;215;90;65;12;9;8;5;4;3;3;2
2019-05-01 23:53:58;215;90;65;12;9;8;5;4;3;3;2
2019-05-01 23:54:59;215;90;65;12;9;8;5;4;3;3;2
2019-05-01 23:55:58;215;90;65;12;9;8;5;4;3;3;2
2019-05-01 23:56:59;215;90;65;12;9;8;5;4;3;3;2
2019-05-01 23:57:59;215;90;65;12;9;8;5;4;3;3;2
2019-05-01 23:58:58;216;90;65;12;9;8;5;4;4;3;2
2019-05-01 23:59:59;216;90;65;12;9;8;5;4;4;3;2
