datetime;total_votes;groundhog;cmapukocmankypum;paramed;kaiL;KOCTOPE3;tutabrain;medstas;BlackIrony;rockamark;KT
2020-04-29 00:00:59;2;1;0;0;0;0;1;0;0;0;0
2020-04-29 00:01:59;3;1;0;0;0;0;1;0;0;0;0
2020-04-29 00:02:59;4;2;0;0;0;0;1;0;0;0;0
2020-04-29 00:03:58;4;2;0;0;0;0;1;0;0;0;0
2020-04-29 00:04:59;5;3;0;0;0;0;1;0;0;0;0
2020-04-29 00:05:59;5;3;0;0;0;0;1;0;0;0;0
2020-04-29 00:06:58;5;3;0;0;0;0;1;0;0;0;0
2020-04-29 00:07:59;6;4;0;0;0;0;1;0;0;0;0
2020-04-29 00:08:59;6;4;0;0;0;0;1;0;0;0;0
2020-04-29 00:09:58;6;4;0;0;0;0;1;0;0;0;0
2020-04-29 00:10:59;6;4;0;0;0;0;1;0;0;0;0
2020-04-29 00:11:59;7;4;0;0;0;0;1;0;0;0;0
2020-04-29 00:12:58;7;4;0;0;0;0;1;0;0;0;0
2020-04-29 00:13:59;7;4;0;0;0;0;1;0;0;0;0
2020-04-29 00:14:59;7;4;0;0;0;0;1;0;0;0;0
2020-04-29 00:15:58;8;4;0;0;0;1;1;0;0;0;0
2020-04-29 00:16:59;8;4;0;0;0;1;1;0;0;0;0
2020-04-29 00:17:59;8;4;0;0;0;1;1;0;0;0;0
2020-04-29 00:18:58;9;4;0;0;0;1;1;0;0;0;1
2020-04-29 00:19:59;10;4;0;1;0;1;1;0;0;0;1
2020-04-29 00:20:59;10;4;0;1;0;1;1;0;0;0;1
2020-04-29 00:21:58;12;4;0;1;0;1;1;0;0;0;1
2020-04-29 00:22:59;12;4;0;1;0;1;1;0;0;0;1
2020-04-29 00:23:59;13;4;0;1;0;1;1;0;0;0;2
2020-04-29 00:24:58;13;4;0;1;0;1;1;0;0;0;2
2020-04-29 00:25:59;13;4;0;1;0;1;1;0;0;0;2
2020-04-29 00:26:59;13;4;0;1;0;1;1;0;0;0;2
2020-04-29 00:27:58;13;4;0;1;0;1;1;0;0;0;2
2020-04-29 00:28:59;13;4;0;1;0;1;1;0;0;0;2
2020-04-29 00:30:00;13;4;0;1;0;1;1;0;0;0;2
2020-04-29 00:30:58;13;4;0;1;0;1;1;0;0;0;2
2020-04-29 00:31:59;13;4;0;1;0;1;1;0;0;0;2
2020-04-29 00:32:58;13;4;0;1;0;1;1;0;0;0;2
2020-04-29 00:33:59;13;4;0;1;0;1;1;0;0;0;2
2020-04-29 00:34:59;13;4;0;1;0;1;1;0;0;0;2
2020-04-29 00:35:58;13;4;0;1;0;1;1;0;0;0;2
2020-04-29 00:36:59;13;4;0;1;0;1;1;0;0;0;2
2020-04-29 00:37:59;13;4;0;1;0;1;1;0;0;0;2
2020-04-29 00:38:58;13;4;0;1;0;1;1;0;0;0;2
2020-04-29 00:39:59;13;4;0;1;0;1;1;0;0;0;2
2020-04-29 00:40:59;14;4;0;1;0;1;1;0;0;1;2
2020-04-29 00:41:58;14;4;0;1;0;1;1;0;0;1;2
2020-04-29 00:42:59;14;4;0;1;0;1;1;0;0;1;2
2020-04-29 00:43:58;14;4;0;1;0;1;1;0;0;1;2
2020-04-29 00:44:59;14;4;0;1;0;1;1;0;0;1;2
2020-04-29 00:45:59;16;4;0;2;0;1;1;0;0;1;2
2020-04-29 00:46:58;18;4;1;2;0;1;0;0;0;1;3
2020-04-29 00:47:59;19;4;0;2;0;1;0;0;0;1;3
2020-04-29 00:48:58;19;4;0;2;0;1;0;0;0;1;3
2020-04-29 00:49:59;21;6;0;2;0;1;0;0;0;1;3
2020-04-29 00:50:59;22;6;2;2;0;1;0;0;0;1;3
2020-04-29 00:51:58;22;6;2;2;0;1;0;0;0;1;3
2020-04-29 00:52:59;22;6;2;2;0;1;0;0;0;1;3
2020-04-29 00:53:59;24;6;3;2;0;2;0;0;0;1;3
2020-04-29 00:54:58;25;6;3;3;0;2;0;0;0;1;3
2020-04-29 00:55:59;26;7;3;3;0;2;0;0;0;1;3
2020-04-29 00:56:59;26;8;3;3;0;2;1;0;0;1;2
2020-04-29 00:57:58;26;8;3;3;0;2;1;0;0;1;2
2020-04-29 00:58:59;27;9;3;3;0;2;1;0;0;1;2
2020-04-29 00:59:59;27;9;3;3;0;2;1;0;0;1;2
2020-04-29 01:00:58;28;9;3;4;0;2;1;0;0;1;2
2020-04-29 01:01:59;29;10;3;4;0;2;1;0;0;1;2
2020-04-29 01:02:59;29;10;3;4;0;2;1;0;0;1;2
2020-04-29 01:03:58;29;10;3;4;0;2;1;0;0;1;2
2020-04-29 01:04:59;29;10;3;4;0;2;1;0;0;1;2
2020-04-29 01:05:58;30;10;3;5;0;2;1;0;0;1;2
2020-04-29 01:06:59;30;10;3;5;0;2;1;0;0;1;2
2020-04-29 01:07:59;30;10;3;5;0;2;1;0;0;1;2
2020-04-29 01:08:58;31;10;3;6;0;2;1;0;0;1;2
2020-04-29 01:09:59;32;11;3;6;0;2;1;0;0;1;2
2020-04-29 01:10:59;34;13;3;6;0;2;1;0;0;1;2
2020-04-29 01:11:58;34;13;3;6;0;2;1;0;0;1;2
2020-04-29 01:12:59;34;13;3;6;0;2;1;0;0;1;2
2020-04-29 01:13:59;34;13;3;6;0;2;1;0;0;1;2
2020-04-29 01:14:58;34;13;3;6;0;2;1;0;0;1;2
2020-04-29 01:15:59;34;13;3;6;0;2;1;0;0;1;2
2020-04-29 01:16:59;34;13;3;6;0;2;1;0;0;1;2
2020-04-29 01:17:58;34;13;3;6;0;2;1;0;0;1;2
2020-04-29 01:18:59;34;13;3;6;0;2;1;0;0;1;2
2020-04-29 01:19:59;34;13;3;6;0;2;1;0;0;1;2
2020-04-29 01:20:58;34;13;3;6;0;2;1;0;0;1;2
2020-04-29 01:21:59;34;13;3;6;0;2;1;0;0;1;2
2020-04-29 01:22:59;34;13;3;6;0;2;1;0;0;1;2
2020-04-29 01:23:58;34;13;3;6;0;2;1;0;0;1;2
2020-04-29 01:24:59;34;13;3;6;0;2;1;0;0;1;2
2020-04-29 01:25:58;35;14;3;6;0;2;1;0;0;1;2
2020-04-29 01:26:59;35;14;3;6;0;2;1;0;0;1;2
2020-04-29 01:27:58;35;14;3;6;0;2;1;0;0;1;2
2020-04-29 01:28:59;35;14;3;6;0;2;1;0;0;1;2
2020-04-29 01:29:59;35;14;3;6;0;2;1;0;0;1;2
2020-04-29 01:30:58;35;14;3;6;0;2;1;1;0;1;2
2020-04-29 01:31:59;35;14;3;6;0;2;1;1;0;1;2
2020-04-29 01:32:59;35;14;3;6;0;2;1;1;0;1;2
2020-04-29 01:33:58;35;14;3;6;0;2;1;1;0;1;2
2020-04-29 01:34:59;35;14;3;6;0;2;1;1;0;1;2
2020-04-29 01:35:58;35;14;3;6;0;2;1;1;0;1;2
2020-04-29 01:36:59;35;14;3;6;0;2;1;1;0;1;2
2020-04-29 01:37:59;35;14;3;6;0;2;1;1;0;1;2
2020-04-29 01:38:58;36;14;3;6;0;3;1;1;0;1;2
2020-04-29 01:39:59;36;14;3;6;0;3;1;1;0;1;2
2020-04-29 01:40:59;36;14;3;6;0;3;1;1;0;1;2
2020-04-29 01:41:58;36;14;3;6;0;3;1;1;0;1;2
2020-04-29 01:42:59;37;14;3;6;0;4;1;0;0;1;2
2020-04-29 01:43:59;37;14;3;6;0;4;1;0;0;1;2
2020-04-29 01:44:58;37;14;3;6;0;4;1;0;0;1;2
2020-04-29 01:45:59;38;15;3;6;0;4;1;0;0;1;2
2020-04-29 01:46:59;38;15;3;6;0;4;1;0;0;1;2
2020-04-29 01:47:58;38;15;3;6;0;4;1;0;0;1;2
2020-04-29 01:48:59;38;15;3;6;0;4;1;0;0;1;2
2020-04-29 01:50:00;38;15;3;6;0;4;1;0;0;1;2
2020-04-29 01:50:58;38;15;3;6;0;4;1;0;0;1;2
2020-04-29 01:51:59;38;15;3;6;0;4;1;0;0;1;2
2020-04-29 01:53:00;38;15;3;6;0;4;1;0;0;1;2
2020-04-29 01:53:58;38;15;3;6;0;4;1;0;0;1;2
2020-04-29 01:54:59;38;15;3;6;0;4;1;0;0;1;2
2020-04-29 01:55:59;38;15;3;6;0;4;1;0;0;1;2
2020-04-29 01:56:58;38;15;3;6;0;4;1;0;0;1;2
2020-04-29 01:57:59;39;16;3;6;0;4;1;0;0;1;2
2020-04-29 01:58:58;39;16;3;6;0;4;1;0;0;1;2
2020-04-29 01:59:59;39;16;3;6;0;4;1;0;0;1;2
2020-04-29 02:00:59;39;16;3;6;0;4;1;0;0;1;2
2020-04-29 02:01:58;39;16;3;6;0;4;1;0;0;1;2
2020-04-29 02:02:59;39;16;3;6;0;4;1;0;0;1;2
2020-04-29 02:03:59;40;17;3;6;0;4;1;0;0;1;2
2020-04-29 02:04:58;40;17;3;6;0;4;1;0;0;1;2
2020-04-29 02:05:59;40;17;3;6;0;4;1;0;0;1;2
2020-04-29 02:06:58;40;17;3;6;0;4;1;0;0;1;2
2020-04-29 02:07:59;41;17;4;6;0;4;1;1;0;1;2
2020-04-29 02:08:59;41;17;4;6;0;4;1;1;0;1;2
2020-04-29 02:09:58;41;17;4;6;0;4;1;1;0;1;2
2020-04-29 02:10:59;41;17;4;6;0;4;1;1;0;1;2
2020-04-29 02:11:59;41;17;4;6;0;4;1;1;0;1;2
2020-04-29 02:12:59;41;17;4;6;0;4;1;1;0;1;2
2020-04-29 02:13:58;41;17;4;6;0;4;1;1;0;1;2
2020-04-29 02:14:59;41;17;4;6;0;4;1;1;0;1;2
2020-04-29 02:15:59;41;17;4;6;0;4;1;1;0;1;2
2020-04-29 02:16:58;41;17;4;6;0;4;1;1;0;1;2
2020-04-29 02:17:59;42;17;4;7;0;4;1;1;0;1;2
2020-04-29 02:19:00;42;17;4;7;0;4;1;1;0;1;2
2020-04-29 02:19:58;42;17;4;7;0;4;1;1;0;1;2
2020-04-29 02:20:59;42;17;4;7;0;4;1;1;0;1;2
2020-04-29 02:21:58;42;17;4;7;0;4;1;1;0;1;2
2020-04-29 02:22:59;42;17;4;7;0;4;1;1;0;1;2
2020-04-29 02:23:59;42;17;4;7;0;4;1;1;0;1;2
2020-04-29 02:24:58;42;17;4;7;0;4;1;1;0;1;2
2020-04-29 02:25:59;44;19;4;7;0;4;1;1;0;1;2
2020-04-29 02:26:59;44;19;4;7;0;4;1;1;0;1;2
2020-04-29 02:28:00;44;19;4;7;0;4;1;1;0;1;2
2020-04-29 02:28:58;44;19;4;7;0;4;1;1;0;1;2
2020-04-29 02:29:59;44;19;4;7;0;4;1;1;0;1;2
2020-04-29 02:30:58;45;20;4;7;0;4;1;1;0;1;2
2020-04-29 02:31:59;45;20;4;7;0;4;1;1;0;1;2
2020-04-29 02:32:59;45;20;4;7;0;4;1;1;0;1;2
2020-04-29 02:33:58;45;20;4;7;0;4;1;1;0;1;2
2020-04-29 02:34:59;45;20;4;7;0;4;1;1;0;1;2
2020-04-29 02:36:00;45;20;4;7;0;4;1;1;0;1;2
2020-04-29 02:36:58;45;20;4;7;0;4;1;1;0;1;2
2020-04-29 02:37:59;45;20;4;7;0;4;1;1;0;1;2
2020-04-29 02:38:59;45;20;4;7;0;4;1;1;0;1;2
2020-04-29 02:39:58;45;20;4;7;0;4;1;1;0;1;2
2020-04-29 02:40:59;45;20;4;7;0;4;1;1;0;1;2
2020-04-29 02:41:58;46;20;4;7;0;4;0;1;0;1;2
2020-04-29 02:42:59;46;20;4;7;0;4;0;1;0;1;2
2020-04-29 02:43:58;46;20;4;7;0;4;0;1;0;1;2
2020-04-29 02:44:59;46;20;4;7;0;4;0;1;0;1;2
2020-04-29 02:45:59;46;20;4;7;0;4;0;1;0;1;2
2020-04-29 02:46:58;46;20;4;7;0;4;0;1;0;1;2
2020-04-29 02:47:59;46;20;4;7;0;4;0;1;0;1;2
2020-04-29 02:48:59;46;20;4;7;0;4;0;1;0;1;2
2020-04-29 02:49:58;46;20;4;7;0;4;0;1;0;1;2
2020-04-29 02:50:59;46;20;4;7;0;4;0;1;0;1;2
2020-04-29 02:51:59;46;20;4;7;0;4;0;1;0;1;2
2020-04-29 02:52:58;46;20;4;7;0;4;0;1;0;1;2
2020-04-29 02:53:59;46;20;4;7;0;4;0;1;0;1;2
2020-04-29 02:54:59;46;20;4;7;0;4;0;1;0;1;2
2020-04-29 02:55:58;46;20;4;7;0;4;0;1;0;1;2
2020-04-29 02:56:59;46;20;4;7;0;4;0;1;0;1;2
2020-04-29 02:57:58;46;20;4;7;0;4;0;1;0;1;2
2020-04-29 02:58:59;46;20;4;7;0;4;0;1;0;1;2
2020-04-29 02:59:58;46;20;4;7;0;4;0;1;0;1;2
2020-04-29 03:00:59;46;20;4;7;0;4;0;1;0;1;2
2020-04-29 03:01:59;46;20;4;7;0;4;0;1;0;1;2
2020-04-29 03:02:58;46;20;4;7;0;4;0;1;0;1;2
2020-04-29 03:03:59;46;20;4;7;0;4;0;1;0;1;2
2020-04-29 03:04:59;46;20;4;7;0;4;0;1;0;1;2
2020-04-29 03:05:59;46;20;4;7;0;4;0;1;0;1;2
2020-04-29 03:06:58;46;20;4;7;0;4;0;1;0;1;2
2020-04-29 03:07:59;46;20;4;7;0;4;0;1;0;1;2
2020-04-29 03:08:59;46;20;4;7;0;4;0;1;0;1;2
2020-04-29 03:09:58;46;20;4;7;0;4;0;1;0;1;2
2020-04-29 03:10:59;46;20;4;7;0;4;0;1;0;1;2
2020-04-29 03:11:58;46;20;4;7;0;4;0;1;0;1;2
2020-04-29 03:12:59;46;20;4;7;0;4;0;1;0;1;2
2020-04-29 03:13:59;46;20;4;7;0;4;0;1;0;1;2
2020-04-29 03:14:58;46;20;4;7;0;4;0;1;0;1;2
2020-04-29 03:15:59;46;20;4;7;0;4;0;1;0;1;2
2020-04-29 03:16:58;46;20;4;7;0;4;0;1;0;1;2
2020-04-29 03:17:59;46;20;4;7;0;4;0;1;0;1;2
2020-04-29 03:18:58;46;20;4;7;0;4;0;1;0;1;2
2020-04-29 03:19:59;46;20;4;7;0;4;0;1;0;1;2
2020-04-29 03:20:59;46;20;4;7;0;4;0;1;0;1;2
2020-04-29 03:21:58;46;20;4;7;0;4;0;1;0;1;2
2020-04-29 03:22:59;46;20;4;7;0;4;0;1;0;1;2
2020-04-29 03:23:59;47;21;4;7;0;4;0;1;0;1;2
2020-04-29 03:24:58;47;21;4;7;0;4;0;1;0;1;2
2020-04-29 03:25:59;47;21;4;7;0;4;0;1;0;1;2
2020-04-29 03:26:59;47;21;4;7;0;4;0;1;0;1;2
2020-04-29 03:27:58;47;21;4;7;0;4;0;1;0;1;2
2020-04-29 03:28:59;47;21;4;7;0;4;0;1;0;1;2
2020-04-29 03:29:58;47;21;4;7;0;4;0;1;0;1;2
2020-04-29 03:30:59;47;21;4;7;0;4;0;1;0;1;2
2020-04-29 03:31:59;47;21;4;7;0;4;0;1;0;1;2
2020-04-29 03:32:58;47;21;4;7;0;4;0;1;0;1;2
2020-04-29 03:33:59;47;21;4;7;0;4;0;1;0;1;2
2020-04-29 03:34:59;47;21;4;7;0;4;0;1;0;1;2
2020-04-29 03:35:58;49;21;6;7;0;4;0;1;0;1;2
2020-04-29 03:36:59;49;21;6;7;0;4;0;1;0;1;2
2020-04-29 03:37:58;49;21;6;7;0;4;0;1;0;1;2
2020-04-29 03:38:59;49;21;6;7;0;4;0;1;0;1;2
2020-04-29 03:39:59;49;21;6;7;0;4;0;1;0;1;2
2020-04-29 03:40:58;49;21;6;7;0;4;0;1;0;1;2
2020-04-29 03:41:59;49;21;6;7;0;4;0;1;0;1;2
2020-04-29 03:42:59;49;21;6;7;0;4;0;1;0;1;2
2020-04-29 03:43:58;49;21;6;7;0;4;0;1;0;1;2
2020-04-29 03:44:59;49;21;6;7;0;4;0;1;0;1;2
2020-04-29 03:45:59;49;21;6;7;0;4;0;1;0;1;2
2020-04-29 03:46:58;49;21;6;7;0;4;0;1;0;1;2
2020-04-29 03:47:59;49;21;6;7;0;4;0;1;0;1;2
2020-04-29 03:48:58;49;21;6;7;0;4;0;1;0;1;2
2020-04-29 03:49:59;49;21;6;7;0;4;0;1;0;1;2
2020-04-29 03:50:59;50;21;6;8;0;4;0;1;0;1;2
2020-04-29 03:51:58;50;21;6;8;0;4;0;1;0;1;2
2020-04-29 03:52:59;50;21;6;8;0;4;0;1;0;1;2
2020-04-29 03:53:59;51;21;7;8;0;4;0;1;0;1;2
2020-04-29 03:54:58;51;21;7;8;0;4;0;1;0;1;2
2020-04-29 03:55:59;51;21;7;8;0;4;0;1;0;1;2
2020-04-29 03:56:59;51;21;7;8;0;4;0;1;0;1;2
2020-04-29 03:57:58;51;21;7;8;0;4;0;1;0;1;2
2020-04-29 03:58:59;51;21;7;8;0;4;0;1;0;1;2
2020-04-29 03:59:59;51;21;7;8;0;4;0;1;0;1;2
2020-04-29 04:00:58;51;21;7;8;0;4;0;1;0;1;2
2020-04-29 04:01:59;51;21;7;8;0;4;0;1;0;1;2
2020-04-29 04:02:59;51;21;7;8;0;4;0;1;0;1;2
2020-04-29 04:03:59;51;21;7;8;0;4;0;1;0;1;2
2020-04-29 04:04:58;51;21;7;8;0;4;0;1;0;1;2
2020-04-29 04:05:59;51;21;7;8;0;4;0;1;0;1;2
2020-04-29 04:06:58;51;21;7;8;0;4;0;1;0;1;2
2020-04-29 04:07:59;51;21;7;8;0;4;0;1;0;1;2
2020-04-29 04:08:59;52;22;7;8;0;4;0;1;0;1;2
2020-04-29 04:09:58;52;22;7;8;0;4;0;1;0;1;2
2020-04-29 04:10:59;52;22;7;8;0;4;0;1;0;1;2
2020-04-29 04:11:59;52;22;7;8;0;4;0;1;0;1;2
2020-04-29 04:12:58;53;23;7;8;0;4;0;1;0;1;2
2020-04-29 04:13:59;53;23;7;8;0;4;0;1;0;1;2
2020-04-29 04:15:00;53;23;7;8;0;4;0;1;0;1;2
2020-04-29 04:15:58;53;23;7;8;0;4;0;1;0;1;2
2020-04-29 04:17:00;53;23;7;8;0;4;0;1;0;1;2
2020-04-29 04:17:58;53;23;7;8;0;4;0;1;0;1;2
2020-04-29 04:18:59;53;23;7;8;0;4;0;1;0;1;2
2020-04-29 04:19:58;53;23;7;8;0;4;0;1;0;1;2
2020-04-29 04:20:59;53;23;7;8;0;4;0;1;0;1;2
2020-04-29 04:21:59;53;23;7;8;0;4;0;1;0;1;2
2020-04-29 04:22:58;53;23;7;8;0;4;0;1;0;1;2
2020-04-29 04:23:59;53;23;7;8;0;4;0;1;0;1;2
2020-04-29 04:24:59;53;23;7;8;0;4;0;1;0;1;2
2020-04-29 04:26:00;53;23;7;8;0;4;0;1;0;1;2
2020-04-29 04:26:58;53;23;7;8;0;4;0;1;0;1;2
2020-04-29 04:27:59;53;23;7;8;0;4;0;1;0;1;2
2020-04-29 04:28:58;53;23;7;8;0;4;0;1;0;1;2
2020-04-29 04:29:59;53;23;7;8;0;4;0;1;0;1;2
2020-04-29 04:30:59;53;23;7;8;0;4;0;1;0;1;2
2020-04-29 04:31:58;53;23;7;8;0;4;0;1;0;1;2
2020-04-29 04:32:59;53;23;7;8;0;4;0;1;0;1;2
2020-04-29 04:33:59;53;23;7;8;0;4;0;1;0;1;2
2020-04-29 04:34:58;53;23;7;8;0;4;0;1;0;1;2
2020-04-29 04:35:59;53;23;7;8;0;4;0;1;0;1;2
2020-04-29 04:36:58;53;23;7;8;0;4;0;1;0;1;2
2020-04-29 04:37:59;53;23;7;8;0;4;0;1;0;1;2
2020-04-29 04:38:59;53;23;7;8;0;4;0;1;0;1;2
2020-04-29 04:39:58;53;23;7;8;0;4;0;1;0;1;2
2020-04-29 04:40:59;53;23;7;8;0;4;0;1;0;1;2
2020-04-29 04:41:58;53;23;7;8;0;4;0;1;0;1;2
2020-04-29 04:42:59;53;23;7;8;0;4;0;1;0;1;2
2020-04-29 04:43:59;53;23;7;8;0;4;0;1;0;1;2
2020-04-29 04:44:58;53;23;7;8;0;4;0;1;0;1;2
2020-04-29 04:45:59;53;23;7;8;0;4;0;1;0;1;2
2020-04-29 04:46:58;53;23;7;8;0;4;0;1;0;1;2
2020-04-29 04:47:59;53;23;7;8;0;4;0;1;0;1;2
2020-04-29 04:48:59;53;23;7;8;0;4;0;1;0;1;2
2020-04-29 04:49:58;53;23;7;8;0;4;0;1;0;1;2
2020-04-29 04:50:59;53;23;7;8;0;4;0;1;0;1;2
2020-04-29 04:51:59;53;23;7;8;0;4;0;1;0;1;2
2020-04-29 04:52:59;53;23;7;8;0;4;0;1;0;1;2
2020-04-29 04:53:58;53;23;7;8;0;4;0;1;0;1;2
2020-04-29 04:54:59;53;23;7;8;0;4;0;1;0;1;2
2020-04-29 04:55:58;53;23;7;8;0;4;0;1;0;1;2
2020-04-29 04:56:59;53;23;7;8;0;4;0;1;0;1;2
2020-04-29 04:57:59;53;23;7;8;0;4;0;1;0;1;2
2020-04-29 04:58:58;53;23;7;8;0;4;0;1;0;1;2
2020-04-29 04:59:59;53;23;7;8;0;4;0;1;0;1;2
2020-04-29 05:00:59;53;23;7;8;0;4;0;1;0;1;2
2020-04-29 05:01:58;53;23;7;8;0;4;0;1;0;1;2
2020-04-29 05:02:59;53;23;7;8;0;4;0;1;0;1;2
2020-04-29 05:03:59;53;23;7;8;0;4;0;1;0;1;2
2020-04-29 05:04:58;53;23;7;8;0;4;0;1;0;1;2
2020-04-29 05:05:59;53;23;7;8;0;4;0;1;0;1;2
2020-04-29 05:06:59;53;23;7;8;0;4;0;1;0;1;2
2020-04-29 05:07:59;53;23;7;8;0;4;0;1;0;1;2
2020-04-29 05:08:58;53;23;7;8;0;4;0;1;0;1;2
2020-04-29 05:09:59;53;23;7;8;0;4;0;1;0;1;2
2020-04-29 05:10:58;53;23;7;8;0;4;0;1;0;1;2
2020-04-29 05:11:59;53;23;7;8;0;4;0;1;0;1;2
2020-04-29 05:12:59;53;23;7;8;0;4;0;1;0;1;2
2020-04-29 05:13:58;53;23;7;8;0;4;0;1;0;1;2
2020-04-29 05:14:59;53;23;7;8;0;4;0;1;0;1;2
2020-04-29 05:15:59;53;23;7;8;0;4;0;1;0;1;2
2020-04-29 05:16:58;53;23;7;8;0;4;0;1;0;1;2
2020-04-29 05:17:59;53;23;7;8;0;4;0;1;0;1;2
2020-04-29 05:18:59;53;23;7;8;0;4;0;1;0;1;2
2020-04-29 05:19:58;53;23;7;8;0;4;0;1;0;1;2
2020-04-29 05:20:59;53;23;7;8;0;4;0;1;0;1;2
2020-04-29 05:22:00;53;23;7;8;0;4;0;1;0;1;2
2020-04-29 05:22:58;53;23;7;8;0;4;0;1;0;1;2
2020-04-29 05:23:59;53;23;7;8;0;4;0;1;0;1;2
2020-04-29 05:24:58;53;23;7;8;0;4;0;1;0;1;2
2020-04-29 05:25:59;53;23;7;8;0;4;0;1;0;1;2
2020-04-29 05:26:59;53;23;7;8;0;4;0;1;0;1;2
2020-04-29 05:27:58;53;23;7;8;0;4;0;1;0;1;2
2020-04-29 05:28:59;53;23;7;8;0;4;0;1;0;1;2
2020-04-29 05:29:59;53;23;7;8;0;4;0;1;0;1;2
2020-04-29 05:30:58;53;23;7;8;0;4;0;1;0;1;2
2020-04-29 05:31:59;53;23;7;8;0;4;0;1;0;1;2
2020-04-29 05:32:59;53;23;7;8;0;4;0;1;0;1;2
2020-04-29 05:33:58;53;23;7;8;0;4;0;1;0;1;2
2020-04-29 05:34:59;53;23;7;8;0;4;0;1;0;1;2
2020-04-29 05:35:58;53;23;7;8;0;4;0;1;0;1;2
2020-04-29 05:36:59;53;23;7;8;0;4;0;1;0;1;2
2020-04-29 05:37:58;53;23;7;8;0;4;0;1;0;1;2
2020-04-29 05:38:59;53;23;7;8;0;4;0;1;0;1;2
2020-04-29 05:39:59;53;23;7;8;0;4;0;1;0;1;2
2020-04-29 05:40:58;53;23;7;8;0;4;0;1;0;1;2
2020-04-29 05:41:59;53;23;7;8;0;4;0;1;0;1;2
2020-04-29 05:42:59;53;23;7;8;0;4;0;1;0;1;2
2020-04-29 05:43:58;53;23;7;8;0;4;0;1;0;1;2
2020-04-29 05:44:59;53;23;7;8;0;4;0;1;0;1;2
2020-04-29 05:45:59;53;23;7;8;0;4;0;1;0;1;2
2020-04-29 05:46:58;53;23;7;8;0;4;0;1;0;1;2
2020-04-29 05:47:59;53;23;7;8;0;4;0;1;0;1;2
2020-04-29 05:48:59;53;23;7;8;0;4;0;1;0;1;2
2020-04-29 05:49:58;54;23;7;9;0;4;0;1;0;1;2
2020-04-29 05:50:59;54;23;7;9;0;4;0;1;0;1;2
2020-04-29 05:51:59;54;23;7;9;0;4;0;1;0;1;2
2020-04-29 05:52:58;54;23;7;9;0;4;0;1;0;1;2
2020-04-29 05:53:59;54;23;7;9;0;4;0;1;0;1;2
2020-04-29 05:54:59;54;23;7;9;0;4;0;1;0;1;2
2020-04-29 05:55:58;54;23;7;9;0;4;0;1;0;1;2
2020-04-29 05:56:59;54;23;7;9;0;4;0;1;0;1;2
2020-04-29 05:57:59;54;23;7;9;0;4;0;1;0;1;2
2020-04-29 05:58:58;54;23;7;9;0;4;0;1;0;1;2
2020-04-29 05:59:59;54;23;7;9;0;4;0;1;0;1;2
2020-04-29 06:00:59;55;23;7;9;0;4;0;1;0;1;2
2020-04-29 06:01:58;55;23;7;9;0;4;0;1;0;1;2
2020-04-29 06:02:59;56;24;7;9;0;4;0;1;0;1;2
2020-04-29 06:03:58;56;24;7;9;0;4;0;1;0;1;2
2020-04-29 06:04:59;56;24;7;9;0;4;0;1;0;1;2
2020-04-29 06:05:59;56;24;7;9;0;4;0;1;0;1;2
2020-04-29 06:07:00;56;24;7;9;0;4;0;1;0;1;2
2020-04-29 06:07:58;56;24;7;9;0;4;0;1;0;1;2
2020-04-29 06:08:59;56;24;7;9;0;4;0;1;0;1;2
2020-04-29 06:09:58;56;24;7;9;0;4;0;1;0;1;2
2020-04-29 06:10:59;57;25;7;9;0;4;0;1;0;1;2
2020-04-29 06:11:59;57;25;7;9;0;4;0;1;0;1;2
2020-04-29 06:12:58;57;25;7;9;0;4;0;1;0;1;2
2020-04-29 06:13:59;57;25;7;9;0;4;0;1;0;1;2
2020-04-29 06:14:59;57;25;7;9;0;4;0;1;0;1;2
2020-04-29 06:15:58;57;25;7;9;0;4;0;1;0;1;2
2020-04-29 06:16:59;57;25;7;9;0;4;0;1;0;1;2
2020-04-29 06:17:58;57;25;7;9;0;4;0;1;0;1;2
2020-04-29 06:18:59;57;25;7;9;0;4;0;1;0;1;2
2020-04-29 06:19:59;57;25;7;9;0;4;0;1;0;1;2
2020-04-29 06:20:58;57;25;7;9;0;4;0;1;0;1;2
2020-04-29 06:21:59;57;25;7;9;0;4;0;1;0;1;2
2020-04-29 06:22:59;57;25;7;9;0;4;0;1;0;1;2
2020-04-29 06:23:58;58;25;8;9;0;4;0;1;0;1;2
2020-04-29 06:24:59;58;25;8;9;0;4;0;1;0;1;2
2020-04-29 06:25:59;58;25;8;9;0;4;0;1;0;1;2
2020-04-29 06:26:58;58;25;8;9;0;4;0;1;0;1;2
2020-04-29 06:27:59;58;25;8;9;0;4;0;1;0;1;2
2020-04-29 06:28:59;58;25;8;9;0;4;0;1;0;1;2
2020-04-29 06:29:58;58;25;8;9;0;4;0;1;0;1;2
2020-04-29 06:30:59;58;25;8;9;0;4;0;1;0;1;2
2020-04-29 06:31:59;58;25;8;9;0;4;0;1;0;1;2
2020-04-29 06:32:58;58;25;8;9;0;4;0;1;0;1;2
2020-04-29 06:33:59;58;25;8;9;0;4;0;1;0;1;2
2020-04-29 06:34:59;58;25;8;9;0;4;0;1;0;1;2
2020-04-29 06:35:58;58;25;8;9;0;4;0;1;0;1;2
2020-04-29 06:36:59;58;25;8;9;0;4;0;1;0;1;2
2020-04-29 06:37:58;59;26;8;9;0;4;0;1;0;1;2
2020-04-29 06:38:59;59;26;8;9;0;4;0;1;0;1;2
2020-04-29 06:39:59;59;26;8;9;0;4;0;1;0;1;2
2020-04-29 06:40:58;59;26;8;9;0;4;0;1;0;1;2
2020-04-29 06:41:59;59;26;8;9;0;4;0;1;0;1;2
2020-04-29 06:42:59;59;26;8;9;0;4;0;1;0;1;2
2020-04-29 06:43:58;59;26;8;9;0;4;0;1;0;1;2
2020-04-29 06:44:59;59;26;8;9;0;4;0;1;0;1;2
2020-04-29 06:45:58;59;26;8;9;0;4;0;1;0;1;2
2020-04-29 06:46:59;59;26;8;9;0;4;0;1;0;1;2
2020-04-29 06:47:59;59;26;8;9;0;4;0;1;0;1;2
2020-04-29 06:48:58;59;26;8;9;0;4;0;1;0;1;2
2020-04-29 06:49:59;59;26;8;9;0;4;0;1;0;1;2
2020-04-29 06:50:58;60;26;8;10;0;4;0;1;0;1;2
2020-04-29 06:51:59;60;26;8;10;0;4;0;1;0;1;2
2020-04-29 06:52:59;60;26;8;10;0;4;0;1;0;1;2
2020-04-29 06:53:58;60;26;8;10;0;4;0;1;0;1;2
2020-04-29 06:54:59;60;26;8;10;0;4;0;1;0;1;2
2020-04-29 06:55:59;60;26;8;10;0;4;0;1;0;1;2
2020-04-29 06:56:58;60;26;8;10;0;4;0;1;0;1;2
2020-04-29 06:57:59;60;26;8;10;0;4;0;1;0;1;2
2020-04-29 06:58:59;60;26;8;10;0;4;0;1;0;1;2
2020-04-29 06:59:58;60;26;8;10;0;4;0;1;0;1;2
2020-04-29 07:00:59;60;26;8;10;0;4;0;1;0;1;2
2020-04-29 07:01:58;60;26;8;10;0;4;0;1;0;1;2
2020-04-29 07:02:59;60;26;8;10;0;4;0;1;0;1;2
2020-04-29 07:03:59;60;26;8;10;0;4;0;1;0;1;2
2020-04-29 07:04:58;60;26;8;10;0;4;0;1;0;1;2
2020-04-29 07:05:59;60;26;8;10;0;4;0;1;0;1;2
2020-04-29 07:06:58;60;26;8;10;0;4;0;1;0;1;2
2020-04-29 07:07:59;60;26;8;10;0;4;0;1;0;1;2
2020-04-29 07:08:59;60;26;8;10;0;4;0;1;0;1;2
2020-04-29 07:09:58;60;26;8;10;0;4;0;1;0;1;2
2020-04-29 07:10:59;60;26;8;10;0;4;0;1;0;1;2
2020-04-29 07:11:59;60;26;8;10;0;4;0;1;0;1;2
2020-04-29 07:12:58;60;26;8;10;0;4;0;1;0;1;2
2020-04-29 07:13:59;60;26;8;10;0;4;0;1;0;1;2
2020-04-29 07:14:59;61;27;8;10;0;4;0;1;0;1;2
2020-04-29 07:15:58;61;27;8;10;0;4;0;1;0;1;2
2020-04-29 07:16:59;63;28;8;10;0;4;0;1;1;0;2
2020-04-29 07:17:59;63;28;8;10;0;4;0;1;1;0;2
2020-04-29 07:18:58;63;28;8;10;0;4;0;1;1;0;2
2020-04-29 07:19:59;63;28;8;10;0;4;0;1;1;0;2
2020-04-29 07:20:59;63;28;8;10;0;4;0;1;1;0;2
2020-04-29 07:21:58;63;28;8;10;0;4;0;1;1;0;2
2020-04-29 07:22:59;63;28;8;10;0;4;0;1;1;0;2
2020-04-29 07:23:59;63;28;8;10;0;4;0;1;1;0;2
2020-04-29 07:24:58;63;28;8;10;0;4;0;1;1;0;2
2020-04-29 07:25:59;63;28;8;10;0;4;0;1;1;0;2
2020-04-29 07:26:58;63;28;8;10;0;4;0;1;1;0;2
2020-04-29 07:27:59;63;28;8;10;0;4;0;1;1;0;2
2020-04-29 07:28:59;64;28;8;11;0;4;0;1;1;0;2
2020-04-29 07:29:58;64;28;8;11;0;4;0;1;1;0;2
2020-04-29 07:30:59;64;28;8;11;0;4;0;1;1;0;2
2020-04-29 07:31:59;64;28;8;11;0;4;0;1;1;0;2
2020-04-29 07:32:58;64;28;8;11;0;4;0;1;1;0;2
2020-04-29 07:33:59;64;28;8;11;0;4;0;1;1;0;2
2020-04-29 07:34:59;64;28;8;11;0;4;0;1;1;0;2
2020-04-29 07:35:58;64;28;8;11;0;4;0;1;1;0;2
2020-04-29 07:36:59;64;28;8;11;0;4;0;1;1;0;2
2020-04-29 07:37:58;64;28;8;11;0;4;0;1;1;0;2
2020-04-29 07:38:59;65;28;8;11;0;4;0;1;1;0;2
2020-04-29 07:39:59;65;28;8;11;0;4;0;1;1;0;2
2020-04-29 07:40:58;65;28;8;11;0;4;0;1;1;0;2
2020-04-29 07:41:59;65;28;8;11;0;4;0;1;1;0;2
2020-04-29 07:42:58;65;28;8;11;0;4;0;1;1;0;2
2020-04-29 07:43:59;65;28;8;11;0;4;0;1;1;0;2
2020-04-29 07:44:59;66;28;8;12;0;4;0;1;1;0;2
2020-04-29 07:45:58;66;28;8;12;0;4;0;1;1;0;2
2020-04-29 07:46:59;66;28;8;12;0;4;0;1;1;0;2
2020-04-29 07:47:58;66;28;8;12;0;4;0;1;1;0;2
2020-04-29 07:48:59;66;28;8;12;0;4;0;1;1;0;2
2020-04-29 07:49:59;66;28;8;12;0;4;0;1;1;0;2
2020-04-29 07:50:58;66;28;8;12;0;4;0;1;1;0;2
2020-04-29 07:51:59;66;28;8;12;0;4;0;1;1;0;2
2020-04-29 07:52:59;66;28;8;12;0;4;0;1;1;0;2
2020-04-29 07:53:58;66;28;8;12;0;4;0;1;1;0;2
2020-04-29 07:54:59;66;28;8;12;0;4;0;1;1;0;2
2020-04-29 07:55:59;67;28;9;12;0;4;0;1;1;0;2
2020-04-29 07:56:58;67;28;9;12;0;4;0;1;1;0;2
2020-04-29 07:57:59;67;28;9;12;0;4;0;1;1;0;2
2020-04-29 07:58:59;67;28;9;12;0;4;0;1;1;0;2
2020-04-29 07:59:58;67;28;9;12;0;4;0;1;1;0;2
2020-04-29 08:00:59;69;28;10;12;1;4;0;1;2;0;2
2020-04-29 08:01:59;72;28;10;13;1;4;0;1;4;0;2
2020-04-29 08:02:58;73;28;10;13;1;4;0;1;4;0;3
2020-04-29 08:03:59;73;28;10;13;1;4;0;1;4;0;3
2020-04-29 08:04:58;73;28;10;13;1;4;0;1;4;0;3
2020-04-29 08:05:59;73;28;10;13;1;4;0;1;4;0;3
2020-04-29 08:06:59;73;28;10;13;1;4;0;1;4;0;3
2020-04-29 08:07:59;73;28;10;13;1;4;0;1;4;0;3
2020-04-29 08:08:58;73;28;10;13;1;4;0;1;4;0;3
2020-04-29 08:09:59;73;28;10;13;1;4;0;1;4;0;3
2020-04-29 08:10:59;73;28;10;13;1;4;0;1;4;0;3
2020-04-29 08:11:58;73;28;10;13;1;4;0;1;4;0;3
2020-04-29 08:12:59;73;28;10;13;1;4;0;1;4;0;3
2020-04-29 08:13:59;73;28;10;13;1;4;0;1;4;0;3
2020-04-29 08:14:58;73;28;10;13;1;4;0;1;4;0;3
2020-04-29 08:15:59;73;28;10;13;1;4;0;1;4;0;3
2020-04-29 08:16:58;73;28;10;13;1;4;0;1;4;0;3
2020-04-29 08:17:59;73;28;10;13;1;4;0;1;4;0;3
2020-04-29 08:18:59;73;28;10;13;1;4;0;1;4;0;3
2020-04-29 08:19:58;73;28;10;13;1;4;0;1;4;0;3
2020-04-29 08:20:59;73;28;10;13;1;4;0;1;4;0;3
2020-04-29 08:21:59;73;28;10;13;1;4;0;1;4;0;3
2020-04-29 08:22:58;73;28;10;13;1;4;0;1;4;0;3
2020-04-29 08:23:59;73;28;10;13;1;4;0;1;4;0;3
2020-04-29 08:24:59;73;28;10;13;1;4;0;1;4;0;3
2020-04-29 08:25:58;73;28;10;13;1;4;0;1;4;0;3
2020-04-29 08:26:59;74;28;11;13;1;4;0;1;4;0;3
2020-04-29 08:27:58;74;28;11;13;1;4;0;1;4;0;3
2020-04-29 08:28:59;74;28;11;13;1;4;0;1;4;0;3
2020-04-29 08:29:58;74;28;11;13;1;4;0;1;4;0;3
2020-04-29 08:30:59;75;28;11;13;0;4;0;2;4;1;3
2020-04-29 08:31:59;75;28;11;13;0;4;0;2;4;1;3
2020-04-29 08:32:58;75;28;11;13;0;4;0;2;4;1;3
2020-04-29 08:33:59;75;28;11;13;0;4;0;2;4;1;3
2020-04-29 08:34:59;75;28;11;13;0;4;0;2;4;1;3
2020-04-29 08:35:58;75;28;11;13;0;4;0;2;4;1;3
2020-04-29 08:36:59;75;28;11;13;0;4;0;2;4;1;3
2020-04-29 08:38:00;75;28;11;13;0;4;0;2;4;1;3
2020-04-29 08:38:58;75;28;11;13;0;4;0;2;4;1;3
2020-04-29 08:39:59;75;28;11;13;0;4;0;2;4;1;3
2020-04-29 08:40:58;75;28;11;13;0;4;0;2;4;1;3
2020-04-29 08:41:59;75;28;11;13;0;4;0;2;4;1;3
2020-04-29 08:42:59;75;28;11;13;0;4;0;2;4;1;3
2020-04-29 08:43:58;75;28;11;13;0;4;0;2;4;1;3
2020-04-29 08:44:59;75;28;11;13;0;4;0;2;4;1;3
2020-04-29 08:45:59;77;28;12;14;0;4;0;2;4;1;3
2020-04-29 08:46:58;77;28;12;14;0;4;0;2;4;1;3
2020-04-29 08:47:59;77;28;12;14;0;4;0;2;4;1;3
2020-04-29 08:48:58;77;28;12;14;0;4;0;2;4;1;3
2020-04-29 08:49:59;77;28;12;14;0;4;0;2;4;1;3
2020-04-29 08:50:59;77;28;12;14;0;4;0;2;4;1;3
2020-04-29 08:51:58;77;28;12;14;0;4;0;2;4;1;3
2020-04-29 08:52:59;78;28;13;14;0;4;0;2;4;1;3
2020-04-29 08:53:59;78;28;13;14;0;4;0;2;4;1;3
2020-04-29 08:54:58;78;28;13;14;0;4;0;2;4;1;3
2020-04-29 08:55:59;78;28;13;14;0;4;0;2;4;1;3
2020-04-29 08:56:59;78;28;13;14;0;4;0;2;4;1;3
2020-04-29 08:57:58;78;28;13;14;0;4;0;2;4;1;3
2020-04-29 08:58:59;78;28;13;14;0;4;0;2;4;1;3
2020-04-29 08:59:58;78;28;13;14;0;4;0;2;4;1;3
2020-04-29 09:00:59;78;28;13;14;0;4;0;2;4;1;3
2020-04-29 09:01:59;78;28;13;14;0;4;0;2;4;1;3
2020-04-29 09:02:58;78;28;13;14;0;4;0;2;4;1;3
2020-04-29 09:03:59;78;28;13;14;0;4;0;2;4;1;3
2020-04-29 09:04:59;78;28;13;14;0;4;0;2;4;1;3
2020-04-29 09:05:58;78;28;13;14;0;4;0;2;4;1;3
2020-04-29 09:06:59;78;28;13;14;0;4;0;2;4;1;3
2020-04-29 09:07:59;78;28;13;14;0;4;0;2;4;1;3
2020-04-29 09:08:58;78;28;13;14;0;4;0;2;4;1;3
2020-04-29 09:09:59;78;28;13;14;0;4;0;2;4;1;3
2020-04-29 09:10:59;80;28;13;14;0;4;0;3;4;1;3
2020-04-29 09:11:58;80;28;13;14;0;4;0;3;4;1;3
2020-04-29 09:12:59;80;28;13;14;0;4;0;3;4;1;3
2020-04-29 09:13:58;79;28;13;14;0;4;0;3;4;1;3
2020-04-29 09:14:59;79;28;13;14;0;4;0;3;4;1;3
2020-04-29 09:15:59;80;28;13;14;0;4;0;3;4;1;3
2020-04-29 09:16:58;80;28;13;14;0;4;0;3;4;1;3
2020-04-29 09:17:59;81;28;13;14;0;5;0;3;4;1;3
2020-04-29 09:18:59;82;28;13;14;0;5;0;3;4;1;3
2020-04-29 09:19:58;82;28;13;14;0;5;0;3;4;1;3
2020-04-29 09:20:59;82;28;13;14;0;5;0;3;4;1;3
2020-04-29 09:21:59;82;28;13;14;0;5;0;3;4;1;3
2020-04-29 09:22:58;83;28;13;14;0;5;1;4;4;1;3
2020-04-29 09:23:59;83;28;13;14;0;5;1;4;4;1;3
2020-04-29 09:24:59;83;28;13;14;0;5;1;4;4;1;3
2020-04-29 09:25:58;84;29;13;14;0;5;1;4;4;1;3
2020-04-29 09:26:59;84;29;13;14;0;5;1;4;4;1;3
2020-04-29 09:27:58;84;29;13;14;0;5;1;4;4;1;3
2020-04-29 09:28:59;84;29;13;14;0;5;1;4;4;1;3
2020-04-29 09:29:58;84;29;13;14;0;5;1;4;4;1;3
2020-04-29 09:30:59;84;29;13;14;0;5;1;4;4;1;3
2020-04-29 09:31:59;84;29;13;14;0;5;1;4;4;1;3
2020-04-29 09:32:58;84;29;13;14;0;5;1;4;4;1;3
2020-04-29 09:33:59;84;29;13;14;0;5;1;4;4;1;3
2020-04-29 09:34:59;85;29;13;14;0;5;1;4;4;0;3
2020-04-29 09:35:58;85;29;13;14;0;5;1;4;4;0;3
2020-04-29 09:36:59;87;31;13;14;0;5;1;4;4;0;3
2020-04-29 09:37:59;87;31;13;14;0;5;1;4;4;0;3
2020-04-29 09:38:58;87;31;13;14;0;5;1;4;4;0;3
2020-04-29 09:39:59;87;31;13;14;0;5;1;4;4;0;3
2020-04-29 09:40:59;87;31;13;14;0;5;1;4;4;0;3
2020-04-29 09:41:58;88;31;14;14;0;5;1;4;4;0;3
2020-04-29 09:42:59;90;31;15;15;0;5;1;4;4;0;3
2020-04-29 09:43:59;90;31;15;15;0;5;1;4;4;0;3
2020-04-29 09:44:58;91;31;16;15;0;5;1;4;4;0;3
2020-04-29 09:45:59;92;31;17;15;0;5;1;4;4;0;3
2020-04-29 09:46:59;93;31;18;15;0;5;1;4;4;0;3
2020-04-29 09:47:58;95;32;19;15;0;5;1;4;4;0;3
2020-04-29 09:48:59;95;32;19;15;0;5;1;4;4;0;3
2020-04-29 09:49:58;95;32;19;15;0;5;1;4;4;0;3
2020-04-29 09:50:59;95;32;19;15;0;5;1;4;4;0;3
2020-04-29 09:51:59;95;32;19;15;0;5;1;4;4;0;3
2020-04-29 09:52:58;96;33;19;15;0;5;1;4;4;0;3
2020-04-29 09:53:59;97;33;19;15;0;5;2;4;4;1;3
2020-04-29 09:54:59;98;34;19;15;0;5;2;4;4;1;3
2020-04-29 09:55:58;98;34;19;15;0;5;2;4;4;1;3
2020-04-29 09:56:59;98;34;19;15;0;5;2;4;4;1;3
2020-04-29 09:57:58;98;34;19;15;0;5;2;4;4;1;3
2020-04-29 09:58:59;98;34;19;15;0;5;2;4;4;1;3
2020-04-29 09:59:59;98;34;19;15;0;5;2;4;4;1;3
2020-04-29 10:00:59;98;34;19;15;0;5;2;4;4;1;3
2020-04-29 10:01:58;98;34;19;15;0;5;2;4;4;1;3
2020-04-29 10:02:59;99;35;19;15;0;5;2;4;4;1;3
2020-04-29 10:03:59;99;35;19;15;0;5;2;4;4;1;3
2020-04-29 10:04:58;99;35;19;15;0;5;2;4;4;1;3
2020-04-29 10:05:59;99;35;19;15;0;5;2;4;4;1;3
2020-04-29 10:06:58;99;35;19;15;0;5;2;4;4;1;3
2020-04-29 10:07:59;99;35;19;15;0;5;2;4;4;1;3
2020-04-29 10:08:59;99;35;19;15;0;5;2;4;4;1;3
2020-04-29 10:09:58;99;35;19;15;0;5;2;4;4;1;3
2020-04-29 10:10:59;99;35;19;15;0;5;2;4;4;1;3
2020-04-29 10:11:59;99;35;19;15;0;5;2;4;4;1;3
2020-04-29 10:12:58;99;35;19;15;0;5;2;4;4;1;3
2020-04-29 10:13:59;99;35;19;15;0;5;2;4;4;1;3
2020-04-29 10:14:59;102;37;19;15;0;5;2;4;4;2;3
2020-04-29 10:15:58;104;38;19;15;2;5;2;4;4;2;3
2020-04-29 10:16:59;105;38;19;16;2;5;2;4;4;2;3
2020-04-29 10:17:59;105;38;19;16;2;5;2;4;4;2;3
2020-04-29 10:18:58;105;38;19;16;2;5;2;4;4;2;3
2020-04-29 10:19:59;105;38;19;16;2;5;2;4;4;2;3
2020-04-29 10:20:59;105;38;19;16;2;5;2;4;4;2;3
2020-04-29 10:21:59;106;39;19;16;2;5;2;4;4;2;3
2020-04-29 10:22:58;106;39;19;16;2;5;2;4;4;2;3
2020-04-29 10:23:59;107;39;19;16;2;5;3;4;4;2;3
2020-04-29 10:24:59;107;39;19;16;2;5;3;4;4;2;3
2020-04-29 10:25:58;107;39;19;16;2;5;3;4;4;2;3
2020-04-29 10:26:59;108;39;19;16;2;5;3;4;4;2;4
2020-04-29 10:27:58;108;39;19;16;2;5;3;4;4;2;4
2020-04-29 10:28:59;108;39;19;16;2;5;3;4;4;2;4
2020-04-29 10:29:59;108;39;19;16;2;5;3;4;4;2;4
2020-04-29 10:30:58;108;39;19;16;2;5;3;4;4;2;4
2020-04-29 10:31:59;109;39;19;17;2;5;3;4;4;2;4
2020-04-29 10:32:59;109;39;19;17;2;5;3;4;4;2;4
2020-04-29 10:33:58;109;39;19;17;2;5;3;4;4;2;4
2020-04-29 10:34:59;110;39;20;17;2;5;3;4;4;2;4
2020-04-29 10:35:59;110;39;20;17;2;5;3;4;4;2;4
2020-04-29 10:36:58;111;39;20;17;2;5;3;4;4;2;4
2020-04-29 10:37:59;111;39;20;17;2;5;3;4;4;2;4
2020-04-29 10:38:58;111;39;20;17;2;5;3;4;4;2;4
2020-04-29 10:39:59;111;39;20;17;2;5;3;4;4;2;4
2020-04-29 10:40:59;112;40;20;17;2;5;3;4;4;2;4
2020-04-29 10:41:58;112;40;20;17;2;5;3;4;4;2;4
2020-04-29 10:42:59;112;40;20;17;2;5;3;4;4;2;4
2020-04-29 10:43:59;113;41;20;17;2;5;3;4;4;2;4
2020-04-29 10:44:58;113;41;20;17;2;5;3;4;4;2;4
2020-04-29 10:45:59;113;41;20;17;2;5;3;4;4;2;4
2020-04-29 10:46:59;113;41;20;17;2;5;3;4;4;2;4
2020-04-29 10:47:58;113;41;20;17;2;5;3;4;4;2;4
2020-04-29 10:48:59;113;41;20;17;2;5;3;4;4;2;4
2020-04-29 10:49:59;114;41;20;18;2;5;3;4;4;2;4
2020-04-29 10:50:58;114;41;20;18;2;5;3;4;4;2;4
2020-04-29 10:51:59;114;41;20;18;2;5;3;4;4;2;4
2020-04-29 10:52:58;114;41;20;18;2;5;3;4;4;2;4
2020-04-29 10:53:59;114;41;20;18;2;5;3;4;4;2;4
2020-04-29 10:54:59;114;41;20;18;2;5;3;4;4;2;4
2020-04-29 10:55:58;114;41;20;18;2;5;3;4;4;2;4
2020-04-29 10:56:59;114;41;20;18;2;5;3;4;4;2;4
2020-04-29 10:57:59;116;42;20;19;2;5;3;4;4;2;4
2020-04-29 10:58:58;117;43;20;19;2;5;3;4;4;2;4
2020-04-29 10:59:59;117;43;20;19;2;5;3;4;4;2;4
2020-04-29 11:00:59;117;43;20;19;2;5;3;4;4;2;4
2020-04-29 11:01:58;117;43;20;19;2;5;3;4;4;2;4
2020-04-29 11:02:59;119;43;21;19;2;5;3;4;4;2;4
2020-04-29 11:03:59;119;43;21;19;2;5;3;4;4;2;4
2020-04-29 11:04:58;119;43;21;19;2;5;3;4;4;2;4
2020-04-29 11:05:59;120;43;21;19;2;5;3;4;4;2;4
2020-04-29 11:06:58;120;43;21;19;2;5;3;4;4;2;4
2020-04-29 11:07:59;120;43;21;19;2;5;3;4;4;2;4
2020-04-29 11:08:59;121;44;21;19;2;5;3;4;4;2;4
2020-04-29 11:09:58;121;44;21;19;2;5;3;4;4;2;4
2020-04-29 11:10:59;121;44;21;19;2;5;3;4;4;2;4
2020-04-29 11:11:59;121;44;21;19;2;5;3;4;4;2;4
2020-04-29 11:12:58;122;45;21;19;2;5;3;4;4;2;4
2020-04-29 11:13:59;123;46;21;19;2;5;3;4;4;2;4
2020-04-29 11:14:59;123;46;21;19;2;5;3;4;4;2;4
2020-04-29 11:15:58;123;46;21;19;2;5;3;4;4;2;4
2020-04-29 11:16:59;125;47;22;19;2;5;3;4;4;2;4
2020-04-29 11:17:58;125;47;22;19;2;5;3;4;4;2;4
2020-04-29 11:18:59;125;47;22;19;2;5;3;4;4;2;4
2020-04-29 11:19:59;125;47;22;19;2;5;3;4;4;2;4
2020-04-29 11:20:58;125;47;22;19;2;5;3;4;4;2;4
2020-04-29 11:21:59;125;47;22;19;2;5;3;4;4;2;4
2020-04-29 11:22:59;125;47;22;19;2;5;3;4;4;2;4
2020-04-29 11:23:58;125;47;22;19;2;5;3;4;4;2;4
2020-04-29 11:24:59;125;47;22;19;2;5;3;4;4;2;4
2020-04-29 11:25:59;126;47;23;19;2;5;3;4;4;2;4
2020-04-29 11:26:58;128;47;24;19;3;5;3;4;4;2;4
2020-04-29 11:27:59;128;47;24;19;3;5;3;4;4;2;4
2020-04-29 11:28:59;128;47;24;19;3;5;3;4;4;2;4
2020-04-29 11:29:58;128;47;24;19;3;5;3;4;4;2;4
2020-04-29 11:30:59;129;48;24;19;3;5;3;4;4;2;4
2020-04-29 11:31:58;129;48;24;19;3;5;3;4;4;2;4
2020-04-29 11:32:59;129;48;24;19;3;5;3;4;4;2;4
2020-04-29 11:33:59;129;48;24;19;3;5;3;4;4;2;4
2020-04-29 11:34:58;129;48;24;19;3;5;3;4;4;2;4
2020-04-29 11:35:59;129;48;24;19;3;5;3;4;4;2;4
2020-04-29 11:36:59;129;48;24;19;3;5;3;4;4;2;4
2020-04-29 11:37:58;130;48;24;20;3;5;3;4;4;2;4
2020-04-29 11:38:59;130;48;24;20;3;5;3;4;4;2;4
2020-04-29 11:39:59;130;48;24;20;3;5;3;4;4;2;4
2020-04-29 11:40:58;130;48;24;20;3;5;3;4;4;2;4
2020-04-29 11:41:59;131;48;24;20;3;5;3;4;4;2;5
2020-04-29 11:42:58;131;48;24;20;3;5;3;4;4;2;5
2020-04-29 11:43:59;131;48;24;20;3;5;3;4;4;2;5
2020-04-29 11:44:59;131;48;24;20;3;5;3;4;4;2;5
2020-04-29 11:45:58;131;48;24;20;3;5;3;4;4;2;5
2020-04-29 11:46:59;131;48;24;20;3;5;3;4;4;2;5
2020-04-29 11:47:59;131;48;24;20;3;5;3;4;4;2;5
2020-04-29 11:48:58;132;48;24;21;3;5;3;4;4;2;5
2020-04-29 11:49:59;132;48;24;21;3;5;3;4;4;2;5
2020-04-29 11:50:58;132;48;24;21;3;5;3;4;4;2;5
2020-04-29 11:51:59;132;48;24;21;3;5;3;4;4;2;5
2020-04-29 11:52:58;132;48;24;21;3;5;3;4;4;2;5
2020-04-29 11:53:59;133;49;24;21;3;5;3;4;4;2;5
2020-04-29 11:54:59;133;49;24;21;3;5;3;4;4;2;5
2020-04-29 11:55:59;133;49;24;21;3;5;3;4;4;2;5
2020-04-29 11:56:58;133;49;24;21;3;5;3;4;4;2;5
2020-04-29 11:57:59;133;49;24;21;3;5;3;4;4;2;5
2020-04-29 11:58:58;133;49;24;21;3;5;3;4;4;2;5
2020-04-29 11:59:59;134;50;24;21;3;5;3;4;4;2;5
2020-04-29 12:00:59;134;50;24;21;3;5;3;4;4;2;5
2020-04-29 12:01:58;135;50;25;21;3;5;3;4;4;2;5
2020-04-29 12:02:59;135;50;25;21;3;5;3;4;4;2;5
2020-04-29 12:03:59;135;50;25;21;3;5;3;4;4;2;5
2020-04-29 12:04:58;135;50;25;21;3;5;3;4;4;2;5
2020-04-29 12:05:59;135;50;25;21;3;5;3;4;4;2;5
2020-04-29 12:06:59;135;50;25;21;3;5;3;4;4;2;5
2020-04-29 12:07:58;135;50;25;21;3;5;3;4;4;2;5
2020-04-29 12:08:59;135;50;25;21;3;5;3;4;4;2;5
2020-04-29 12:09:58;135;50;25;21;3;5;3;4;4;2;5
2020-04-29 12:10:59;136;50;26;21;3;5;3;4;4;2;5
2020-04-29 12:11:59;137;51;26;21;3;5;3;4;4;2;5
2020-04-29 12:12:58;139;52;27;21;3;5;3;4;4;2;5
2020-04-29 12:13:59;139;52;27;21;3;5;3;4;4;2;5
2020-04-29 12:14:58;139;52;27;21;3;5;3;4;4;2;5
2020-04-29 12:15:59;140;53;27;21;3;5;3;4;4;2;5
2020-04-29 12:16:59;140;53;27;21;3;5;3;4;4;2;5
2020-04-29 12:17:58;141;53;27;21;4;5;3;4;4;2;5
2020-04-29 12:18:59;141;53;27;21;4;5;3;4;4;2;5
2020-04-29 12:19:58;141;53;27;21;4;5;3;4;4;2;5
2020-04-29 12:20:59;142;53;28;21;4;5;3;4;4;2;5
2020-04-29 12:21:59;142;53;28;21;4;5;3;4;4;2;5
2020-04-29 12:22:58;142;53;28;21;4;5;3;4;4;2;5
2020-04-29 12:23:59;142;53;28;21;4;5;3;4;4;2;5
2020-04-29 12:24:59;142;53;28;21;4;5;3;4;4;2;5
2020-04-29 12:25:58;142;53;28;21;4;5;3;4;4;2;5
2020-04-29 12:26:59;142;53;28;21;4;5;3;4;4;2;5
2020-04-29 12:27:58;142;53;28;21;4;5;3;4;4;2;5
2020-04-29 12:28:59;143;54;28;21;4;5;3;4;4;2;5
2020-04-29 12:29:58;143;54;28;21;4;5;3;4;4;2;5
2020-04-29 12:30:59;143;54;28;21;4;5;3;4;4;2;5
2020-04-29 12:31:59;143;54;28;21;4;5;3;4;4;2;5
2020-04-29 12:32:58;143;54;28;21;4;5;3;4;4;2;5
2020-04-29 12:33:59;143;54;28;21;4;5;3;4;4;2;5
2020-04-29 12:34:59;143;54;28;21;4;5;3;4;4;2;5
2020-04-29 12:35:58;143;54;28;21;4;5;3;4;4;2;5
2020-04-29 12:36:59;143;54;28;21;4;5;3;4;4;2;5
2020-04-29 12:37:59;143;54;28;21;4;5;3;4;4;2;5
2020-04-29 12:38:58;143;54;28;21;4;5;3;4;4;2;5
2020-04-29 12:39:59;143;54;28;21;4;5;3;4;4;2;5
2020-04-29 12:40:59;143;54;28;21;4;5;3;4;4;2;5
2020-04-29 12:41:59;143;54;28;21;4;5;3;4;4;2;5
2020-04-29 12:42:58;144;54;29;21;4;5;3;4;4;2;5
2020-04-29 12:43:59;144;54;29;21;4;5;3;4;4;2;5
2020-04-29 12:44:59;145;54;29;21;4;5;3;4;4;2;6
2020-04-29 12:45:58;145;54;29;21;4;5;3;4;4;2;6
2020-04-29 12:46:59;145;54;29;21;4;5;3;4;4;2;6
2020-04-29 12:47:59;145;54;29;21;4;5;3;4;4;2;6
2020-04-29 12:48:58;145;54;29;21;4;5;3;4;4;2;6
2020-04-29 12:49:59;145;54;29;21;4;5;3;4;4;2;6
2020-04-29 12:50:59;145;54;29;21;4;5;3;4;4;2;6
2020-04-29 12:51:58;145;54;29;21;4;5;3;4;4;2;6
2020-04-29 12:52:59;145;54;29;21;4;5;3;4;4;2;6
2020-04-29 12:53:58;145;54;29;21;4;5;3;4;4;2;6
2020-04-29 12:54:59;146;54;29;22;4;5;3;4;4;2;6
2020-04-29 12:55:59;146;54;29;22;4;5;3;4;4;2;6
2020-04-29 12:56:58;146;54;29;22;4;5;3;4;4;2;6
2020-04-29 12:57:59;146;54;29;22;4;5;3;4;4;2;6
2020-04-29 12:58:59;146;54;29;22;4;5;3;4;4;2;6
2020-04-29 12:59:58;146;54;29;22;4;5;3;4;4;2;6
2020-04-29 13:00:59;146;54;29;22;4;5;3;4;4;2;6
2020-04-29 13:01:58;146;54;29;22;4;5;3;4;4;2;6
2020-04-29 13:02:59;147;54;30;22;4;5;3;4;4;2;6
2020-04-29 13:03:59;147;54;30;22;4;5;3;4;4;2;6
2020-04-29 13:04:58;147;54;30;22;4;5;3;4;4;2;6
2020-04-29 13:05:59;147;54;30;22;4;5;3;4;4;2;6
2020-04-29 13:06:58;147;54;30;22;4;5;3;4;4;2;6
2020-04-29 13:07:59;147;54;30;22;4;5;3;4;4;2;6
2020-04-29 13:08:59;148;55;30;22;4;5;3;4;4;2;6
2020-04-29 13:09:58;148;55;30;22;4;5;3;4;4;2;6
2020-04-29 13:10:59;148;55;30;22;4;5;3;4;4;2;6
2020-04-29 13:11:59;148;55;30;22;4;5;3;4;4;2;6
2020-04-29 13:12:59;148;55;30;22;4;5;3;4;4;2;6
2020-04-29 13:13:58;148;55;30;22;4;5;3;4;4;2;6
2020-04-29 13:14:59;148;55;30;22;4;5;3;4;4;2;6
2020-04-29 13:15:59;148;55;30;22;4;5;3;4;4;2;6
2020-04-29 13:16:58;148;55;30;22;4;5;3;4;4;2;6
2020-04-29 13:17:59;148;55;30;22;4;5;3;4;4;2;6
2020-04-29 13:18:59;148;55;30;22;4;5;3;4;4;2;6
2020-04-29 13:19:58;149;55;31;22;4;5;3;4;4;2;6
2020-04-29 13:20:59;150;55;32;22;4;5;3;4;4;2;6
2020-04-29 13:21:58;151;56;32;22;4;5;3;4;4;2;6
2020-04-29 13:22:59;151;56;32;22;4;5;3;4;4;2;6
2020-04-29 13:23:59;151;56;32;22;4;5;3;4;4;2;6
2020-04-29 13:24:58;151;56;32;22;4;5;3;4;4;2;6
2020-04-29 13:25:59;151;56;32;22;4;5;3;4;4;2;6
2020-04-29 13:26:59;151;56;32;22;4;5;3;4;4;2;6
2020-04-29 13:27:58;151;56;32;22;4;5;3;4;4;2;6
2020-04-29 13:28:59;151;56;32;22;4;5;3;4;4;2;6
2020-04-29 13:29:58;151;56;32;22;4;5;3;4;4;2;6
2020-04-29 13:30:59;151;56;32;22;4;5;3;4;4;2;6
2020-04-29 13:31:59;151;56;32;22;4;5;3;4;4;2;6
2020-04-29 13:32:58;151;56;32;22;4;5;3;4;4;2;6
2020-04-29 13:33:59;151;56;32;22;4;5;3;4;4;2;6
2020-04-29 13:34:59;151;56;32;22;4;5;3;4;4;2;6
2020-04-29 13:35:58;151;56;32;22;4;5;3;4;4;2;6
2020-04-29 13:36:59;151;57;32;22;4;5;3;4;4;2;5
2020-04-29 13:37:59;151;57;32;22;4;5;3;4;4;2;5
2020-04-29 13:38:59;151;57;32;22;4;5;3;4;4;2;5
2020-04-29 13:39:58;152;57;32;23;4;5;3;4;4;2;5
2020-04-29 13:40:59;152;57;32;23;4;5;3;4;4;2;5
2020-04-29 13:41:58;152;57;32;23;4;5;3;4;4;2;5
2020-04-29 13:42:59;152;57;32;23;4;5;3;4;4;2;5
2020-04-29 13:43:59;152;57;32;23;4;5;3;4;4;2;5
2020-04-29 13:44:58;152;57;32;23;4;5;3;4;4;2;5
2020-04-29 13:45:59;152;57;32;23;4;5;3;4;4;2;5
2020-04-29 13:46:59;154;57;32;24;4;5;4;4;4;2;5
2020-04-29 13:47:58;155;57;32;24;4;5;4;4;4;3;5
2020-04-29 13:48:59;155;57;32;24;4;5;4;4;4;3;5
2020-04-29 13:49:59;155;57;32;24;4;5;4;4;4;3;5
2020-04-29 13:50:58;155;57;32;24;4;5;4;4;4;3;5
2020-04-29 13:51:59;155;57;32;24;4;5;4;4;4;3;5
2020-04-29 13:52:59;155;57;32;24;4;5;4;4;4;3;5
2020-04-29 13:53:58;155;57;32;24;4;5;4;4;4;3;5
2020-04-29 13:54:59;155;58;32;24;4;5;4;4;4;3;5
2020-04-29 13:55:59;155;58;32;24;4;5;4;4;4;3;5
2020-04-29 13:56:58;155;58;32;24;4;5;4;4;4;3;5
2020-04-29 13:57:59;155;58;32;24;4;5;4;4;4;3;5
2020-04-29 13:58:58;156;58;32;24;5;5;4;4;4;3;5
2020-04-29 13:59:59;156;58;32;24;5;5;4;4;4;3;5
2020-04-29 14:00:58;156;58;32;24;5;5;4;4;4;3;5
2020-04-29 14:01:59;156;58;32;24;5;5;4;4;4;3;5
2020-04-29 14:02:58;156;58;32;24;5;5;4;4;4;3;5
2020-04-29 14:03:59;156;58;32;24;5;5;4;4;4;3;5
2020-04-29 14:04:59;156;58;32;24;5;5;4;4;4;3;5
2020-04-29 14:05:58;156;58;32;24;5;5;4;4;4;3;5
2020-04-29 14:06:59;156;58;32;24;5;5;4;4;4;3;5
2020-04-29 14:07:59;156;58;32;24;5;5;4;4;4;3;5
2020-04-29 14:08:58;156;58;32;24;5;5;4;4;4;3;5
2020-04-29 14:09:59;157;58;33;24;5;5;4;4;4;3;5
2020-04-29 14:11:00;157;58;33;24;5;5;4;4;4;3;5
2020-04-29 14:11:58;157;58;33;24;5;5;4;4;4;3;5
2020-04-29 14:12:59;158;59;33;24;5;5;4;4;4;3;5
2020-04-29 14:13:58;159;59;34;24;5;5;4;4;4;3;5
2020-04-29 14:14:59;159;59;34;24;5;5;4;4;4;3;5
2020-04-29 14:15:59;161;60;34;24;5;5;4;4;4;4;5
2020-04-29 14:16:58;161;60;34;24;5;5;4;4;4;4;5
2020-04-29 14:17:59;163;61;34;24;5;6;4;4;4;4;5
2020-04-29 14:18:58;163;61;34;24;5;6;4;4;4;4;5
2020-04-29 14:19:59;163;61;34;24;5;6;4;4;4;4;5
2020-04-29 14:20:59;163;61;34;24;5;6;4;4;4;4;5
2020-04-29 14:21:58;163;61;34;24;5;6;4;4;4;4;5
2020-04-29 14:22:59;163;61;34;24;5;6;4;4;4;4;5
2020-04-29 14:23:59;163;61;34;24;5;6;4;4;4;4;5
2020-04-29 14:24:58;163;61;34;24;5;6;4;4;4;4;5
2020-04-29 14:25:59;163;61;34;24;5;6;4;4;4;4;5
2020-04-29 14:26:58;163;61;34;24;5;6;4;4;4;4;5
2020-04-29 14:27:59;164;61;34;25;5;6;4;4;4;4;5
2020-04-29 14:28:59;165;62;34;24;6;6;4;4;4;4;5
2020-04-29 14:29:58;165;62;34;24;6;6;4;4;4;4;5
2020-04-29 14:30:59;166;62;34;24;7;6;4;4;4;4;5
2020-04-29 14:31:59;166;62;34;24;7;6;4;4;4;4;5
2020-04-29 14:32:58;167;62;35;24;7;6;4;4;4;4;5
2020-04-29 14:33:59;167;62;35;24;7;6;4;4;4;4;5
2020-04-29 14:34:58;167;62;35;24;7;6;4;4;4;4;5
2020-04-29 14:35:59;167;62;35;24;7;6;4;4;4;4;5
2020-04-29 14:36:58;167;62;35;24;7;6;4;4;4;4;5
2020-04-29 14:37:59;167;62;35;24;7;6;4;4;4;4;5
2020-04-29 14:38:58;167;62;35;24;7;6;4;4;4;4;5
2020-04-29 14:39:59;167;62;35;24;7;6;4;4;4;4;5
2020-04-29 14:40:59;167;62;35;24;7;6;4;4;4;4;5
2020-04-29 14:41:58;167;62;35;24;7;6;4;4;4;4;5
2020-04-29 14:42:59;168;62;35;24;7;6;4;4;4;4;5
2020-04-29 14:43:59;168;62;35;24;7;6;4;4;4;4;5
2020-04-29 14:44:58;168;62;35;24;7;6;4;4;4;4;5
2020-04-29 14:45:59;168;62;35;24;7;6;4;4;4;4;5
2020-04-29 14:46:59;168;62;35;24;7;6;4;4;4;4;5
2020-04-29 14:47:58;168;62;35;24;7;6;4;4;4;4;5
2020-04-29 14:48:59;168;62;35;24;7;6;4;4;4;4;5
2020-04-29 14:49:58;168;62;35;24;7;6;4;4;4;4;5
2020-04-29 14:50:59;169;62;36;24;7;6;4;4;4;4;5
2020-04-29 14:51:58;169;62;36;24;7;6;4;4;4;4;5
2020-04-29 14:52:59;170;62;36;24;7;6;4;5;4;4;5
2020-04-29 14:53:59;170;62;36;24;7;6;4;5;4;4;5
2020-04-29 14:54:58;170;62;36;24;7;6;4;5;4;4;5
2020-04-29 14:55:59;171;62;36;24;7;7;4;5;4;4;5
2020-04-29 14:56:58;171;62;36;24;7;7;4;5;4;4;5
2020-04-29 14:57:59;171;62;36;24;7;7;4;5;4;4;5
2020-04-29 14:58:59;173;64;36;24;7;7;4;5;4;4;5
2020-04-29 14:59:58;173;64;36;24;7;7;4;5;4;4;5
2020-04-29 15:00:59;173;64;36;24;7;7;4;5;4;4;5
2020-04-29 15:02:00;174;65;36;24;7;7;4;5;4;4;5
2020-04-29 15:02:58;175;66;36;24;7;7;4;5;4;4;5
2020-04-29 15:03:59;176;66;36;25;7;7;4;5;4;4;5
2020-04-29 15:04:58;177;67;36;25;7;7;4;5;4;4;5
2020-04-29 15:05:59;178;67;36;25;7;7;4;5;4;4;6
2020-04-29 15:06:59;178;67;36;25;7;7;4;5;4;4;6
2020-04-29 15:07:58;179;68;36;25;7;7;4;5;4;4;6
2020-04-29 15:08:59;179;68;36;25;7;7;4;5;4;4;6
2020-04-29 15:09:59;179;68;36;25;7;7;4;5;4;4;6
2020-04-29 15:10:58;179;68;36;25;7;7;4;5;4;4;6
2020-04-29 15:11:59;180;68;37;25;7;7;4;5;4;4;6
2020-04-29 15:12:59;180;68;37;25;7;7;4;5;4;4;6
2020-04-29 15:13:58;180;68;37;25;7;7;4;5;4;4;6
2020-04-29 15:14:59;182;69;37;25;7;7;4;5;4;4;6
2020-04-29 15:15:59;182;69;37;25;7;7;4;5;4;4;6
2020-04-29 15:16:58;182;69;37;25;7;7;4;5;4;4;6
2020-04-29 15:17:59;182;69;37;25;7;7;4;5;4;4;6
2020-04-29 15:18:59;182;69;37;25;7;7;4;5;4;4;6
2020-04-29 15:19:58;182;69;37;25;7;7;4;5;4;4;6
2020-04-29 15:20:59;182;69;37;25;7;7;4;5;4;4;6
2020-04-29 15:21:59;182;69;37;25;7;7;4;5;4;4;6
2020-04-29 15:22:58;182;69;37;25;7;7;4;5;4;4;6
2020-04-29 15:23:59;183;70;37;25;7;7;4;5;4;4;6
2020-04-29 15:24:58;184;70;38;25;7;7;4;5;4;4;6
2020-04-29 15:25:59;184;70;38;25;7;7;4;5;4;4;6
2020-04-29 15:26:59;184;70;38;25;7;7;4;5;4;4;6
2020-04-29 15:27:58;184;70;38;25;7;7;4;5;4;4;6
2020-04-29 15:28:59;184;70;38;25;7;7;4;5;4;4;6
2020-04-29 15:29:59;184;71;38;25;7;7;4;5;4;4;5
2020-04-29 15:30:58;184;71;38;25;7;7;4;5;4;4;5
2020-04-29 15:31:59;185;71;38;26;7;7;4;5;4;4;5
2020-04-29 15:32:58;185;71;38;26;7;7;4;5;4;4;5
2020-04-29 15:33:59;185;71;38;26;7;7;4;5;4;4;5
2020-04-29 15:34:59;185;71;38;26;7;7;4;5;4;4;5
2020-04-29 15:35:58;186;71;38;26;8;7;4;5;4;4;5
2020-04-29 15:36:59;186;71;38;26;8;7;4;5;4;4;5
2020-04-29 15:37:59;187;71;38;26;8;7;4;6;4;4;5
2020-04-29 15:38:58;188;71;38;27;8;7;4;6;4;4;5
2020-04-29 15:39:59;188;71;38;27;8;7;4;6;4;4;5
2020-04-29 15:40:59;189;72;38;27;8;7;4;6;4;4;5
2020-04-29 15:41:58;189;72;38;27;8;7;4;6;4;4;5
2020-04-29 15:42:59;189;72;38;27;8;7;4;6;4;4;5
2020-04-29 15:43:59;189;72;38;27;8;7;4;6;4;4;5
2020-04-29 15:44:58;189;72;38;27;8;7;4;6;4;4;5
2020-04-29 15:45:59;191;73;39;27;8;7;4;6;4;4;5
2020-04-29 15:46:59;192;73;40;27;8;7;4;6;4;4;5
2020-04-29 15:47:58;192;73;40;27;8;7;4;6;4;4;5
2020-04-29 15:48:59;192;73;40;27;8;7;4;6;4;4;5
2020-04-29 15:49:59;192;73;40;27;8;7;4;6;4;4;5
2020-04-29 15:50:58;192;73;40;27;8;7;4;6;4;4;5
2020-04-29 15:51:59;193;74;40;27;8;7;4;6;4;4;5
2020-04-29 15:52:59;193;74;40;27;8;7;4;6;4;4;5
2020-04-29 15:53:58;193;75;40;27;8;7;4;6;4;4;5
2020-04-29 15:54:59;193;75;41;26;8;7;4;6;4;4;5
2020-04-29 15:55:59;193;75;41;26;8;7;4;6;4;4;5
2020-04-29 15:56:58;193;75;41;26;8;7;4;6;4;4;5
2020-04-29 15:57:59;193;75;41;26;8;7;4;6;4;4;5
2020-04-29 15:58:58;194;76;41;26;8;7;4;6;4;4;5
2020-04-29 15:59:59;194;76;41;26;8;7;4;6;4;4;5
2020-04-29 16:00:59;194;76;41;26;8;7;4;6;4;4;5
2020-04-29 16:01:58;194;76;41;26;8;7;4;6;4;4;5
2020-04-29 16:02:59;194;76;41;26;8;7;4;6;4;4;5
2020-04-29 16:03:59;194;76;41;26;8;7;4;6;4;4;5
2020-04-29 16:04:58;194;76;41;26;8;7;4;6;4;4;5
2020-04-29 16:05:59;194;76;41;26;8;7;4;6;4;4;5
2020-04-29 16:06:59;194;77;41;25;8;7;4;6;4;4;5
2020-04-29 16:07:58;194;77;41;25;8;7;4;6;4;4;5
2020-04-29 16:08:59;194;77;41;25;8;7;4;6;4;4;5
2020-04-29 16:09:59;194;77;41;25;8;7;4;6;4;4;5
2020-04-29 16:10:58;194;77;41;25;8;7;4;6;4;4;5
2020-04-29 16:11:59;194;77;41;25;8;7;4;6;4;4;5
2020-04-29 16:12:59;194;77;41;25;8;7;4;6;4;4;5
2020-04-29 16:13:58;194;77;41;25;8;7;4;6;4;4;5
2020-04-29 16:14:59;194;77;41;25;8;7;4;6;4;4;5
2020-04-29 16:15:59;194;77;41;25;8;7;4;6;4;4;5
2020-04-29 16:16:58;194;77;41;25;8;7;4;6;4;4;5
2020-04-29 16:17:59;196;79;41;25;8;7;4;6;4;4;5
2020-04-29 16:18:59;196;79;41;25;8;7;4;6;4;4;5
2020-04-29 16:19:58;196;79;41;25;8;7;4;6;4;4;5
2020-04-29 16:20:59;196;79;41;25;8;7;4;6;4;4;5
2020-04-29 16:21:59;196;79;41;25;8;7;4;6;4;4;5
2020-04-29 16:22:58;196;79;41;25;8;7;4;6;4;4;5
2020-04-29 16:23:59;196;79;41;25;8;7;4;6;4;4;5
2020-04-29 16:24:59;197;79;42;25;8;7;4;6;4;4;5
2020-04-29 16:25:58;197;79;42;25;8;7;4;6;4;4;5
2020-04-29 16:26:59;198;80;42;25;8;7;4;6;4;4;5
2020-04-29 16:27:58;198;80;42;25;8;7;4;6;4;4;5
2020-04-29 16:28:59;198;80;42;25;8;7;4;6;4;4;5
2020-04-29 16:29:59;198;80;42;25;8;7;4;6;4;4;5
2020-04-29 16:30:58;198;80;42;25;8;7;4;6;4;4;5
2020-04-29 16:31:59;198;80;42;25;8;7;4;6;4;4;5
2020-04-29 16:32:59;198;80;42;25;8;7;4;6;4;4;5
2020-04-29 16:33:58;198;80;42;25;8;7;4;6;4;4;5
2020-04-29 16:34:59;200;81;42;25;8;7;5;6;4;4;5
2020-04-29 16:35:59;200;81;43;24;8;7;5;6;4;4;5
2020-04-29 16:36:58;200;81;43;24;8;7;5;6;4;4;5
2020-04-29 16:37:59;200;81;43;24;8;7;5;6;4;4;5
2020-04-29 16:38:58;200;81;43;24;8;7;5;6;4;4;5
2020-04-29 16:39:59;200;81;43;24;8;7;5;6;4;4;5
2020-04-29 16:40:59;200;81;43;24;8;7;5;6;4;4;5
2020-04-29 16:41:58;200;81;43;24;8;7;5;6;4;4;5
2020-04-29 16:42:59;200;81;43;24;8;7;5;6;4;4;5
2020-04-29 16:43:59;200;81;43;24;8;7;5;6;4;4;5
2020-04-29 16:44:58;200;81;43;24;8;7;5;6;4;4;5
2020-04-29 16:45:59;200;81;43;24;8;7;5;6;4;4;5
2020-04-29 16:47:00;200;81;43;24;8;7;5;6;4;4;5
2020-04-29 16:47:58;200;81;43;24;8;7;5;6;4;4;5
2020-04-29 16:48:59;200;81;43;24;8;7;5;6;4;4;5
2020-04-29 16:49:58;201;82;43;24;8;7;5;6;4;4;5
2020-04-29 16:50:59;203;83;43;25;8;7;5;6;4;4;5
2020-04-29 16:51:59;203;83;43;25;8;7;5;6;4;4;5
2020-04-29 16:52:58;203;83;43;25;8;7;5;6;4;4;5
2020-04-29 16:53:59;203;83;43;25;8;7;5;6;4;4;5
2020-04-29 16:54:58;204;84;43;25;8;7;5;6;4;4;5
2020-04-29 16:55:59;204;84;43;25;8;7;5;6;4;4;5
2020-04-29 16:56:59;204;84;43;25;8;7;5;6;4;4;5
2020-04-29 16:57:58;204;84;43;25;8;7;5;6;4;4;5
2020-04-29 16:58:59;204;84;43;25;8;7;5;6;4;4;5
2020-04-29 16:59:59;204;84;43;25;8;7;5;6;4;4;5
2020-04-29 17:00:58;204;84;43;25;8;7;5;6;4;4;5
2020-04-29 17:01:59;205;85;43;25;8;7;5;6;4;4;5
2020-04-29 17:02:58;205;85;43;25;8;7;5;6;4;4;5
2020-04-29 17:03:59;205;85;43;25;8;7;5;6;4;4;5
2020-04-29 17:04:59;205;85;43;25;8;7;5;6;4;4;5
2020-04-29 17:05:58;206;85;43;26;8;7;5;6;4;4;5
2020-04-29 17:06:59;207;85;43;26;8;7;5;6;4;4;5
2020-04-29 17:07:59;207;85;43;26;8;7;5;6;4;4;5
2020-04-29 17:08:58;209;85;44;26;8;7;5;7;4;4;5
2020-04-29 17:09:59;209;85;44;26;8;7;5;7;4;4;5
2020-04-29 17:10:59;209;85;44;26;8;7;5;7;4;4;5
2020-04-29 17:11:58;209;85;44;26;8;7;5;7;4;4;5
2020-04-29 17:12:59;209;85;44;26;8;7;5;7;4;4;5
2020-04-29 17:13:59;209;85;44;26;8;7;5;7;4;4;5
2020-04-29 17:14:58;210;85;44;26;9;7;5;7;4;4;5
2020-04-29 17:15:59;210;85;44;26;9;7;5;7;4;4;5
2020-04-29 17:16:59;211;85;44;26;10;7;5;7;4;4;5
2020-04-29 17:17:58;211;85;44;26;10;7;5;7;4;4;5
2020-04-29 17:18:59;211;85;44;26;10;7;5;7;4;4;5
2020-04-29 17:19:59;211;85;44;26;10;7;5;7;4;4;5
2020-04-29 17:20:58;211;85;44;26;10;7;5;7;4;4;5
2020-04-29 17:21:59;212;85;44;26;10;7;5;7;4;4;5
2020-04-29 17:22:59;212;85;44;26;10;7;5;7;4;4;5
2020-04-29 17:23:58;212;85;44;26;10;7;5;7;4;4;5
2020-04-29 17:24:59;212;85;44;26;10;7;5;7;4;4;5
2020-04-29 17:25:58;212;85;44;26;10;7;5;7;4;4;5
2020-04-29 17:26:59;212;85;44;26;10;7;5;7;4;4;5
2020-04-29 17:28:00;212;85;44;26;10;7;5;7;4;4;5
2020-04-29 17:28:58;214;86;44;26;10;8;5;7;4;4;5
2020-04-29 17:29:59;214;86;44;26;10;8;5;7;4;4;5
2020-04-29 17:30:58;214;86;44;26;10;8;5;7;4;4;5
2020-04-29 17:31:59;214;86;44;26;10;8;5;7;4;4;5
2020-04-29 17:32:59;215;87;44;26;10;8;5;7;4;4;5
2020-04-29 17:33:58;215;87;44;26;10;8;5;7;4;4;5
2020-04-29 17:34:59;215;87;44;26;10;8;5;7;4;4;5
2020-04-29 17:35:59;215;87;44;26;10;8;5;7;4;4;5
2020-04-29 17:36:58;215;87;44;26;10;8;5;7;4;4;5
2020-04-29 17:37:59;216;88;44;26;10;8;5;7;4;4;5
2020-04-29 17:38:59;216;88;44;26;10;8;5;7;4;4;5
2020-04-29 17:40:00;216;88;44;26;10;8;5;7;4;4;5
2020-04-29 17:40:58;216;88;44;26;10;8;5;7;4;4;5
2020-04-29 17:41:59;216;88;44;26;10;8;5;7;4;4;5
2020-04-29 17:42:58;216;88;44;26;10;8;5;7;4;4;5
2020-04-29 17:43:59;216;88;44;26;10;8;5;7;4;4;5
2020-04-29 17:44:59;216;88;44;26;10;8;5;7;4;4;5
2020-04-29 17:45:58;216;88;44;26;10;8;5;7;4;4;5
2020-04-29 17:46:59;216;88;44;26;10;8;5;7;4;4;5
2020-04-29 17:47:59;216;88;44;26;10;8;5;7;4;4;5
2020-04-29 17:48:58;216;88;44;26;10;8;5;7;4;4;5
2020-04-29 17:49:59;216;88;44;26;10;8;5;7;4;4;5
2020-04-29 17:50:59;217;88;45;26;10;8;5;7;4;4;5
2020-04-29 17:51:58;218;88;45;27;10;8;5;7;4;4;5
2020-04-29 17:52:59;218;88;45;27;10;8;5;7;4;4;5
2020-04-29 17:53:58;218;88;45;27;10;8;5;7;4;4;5
2020-04-29 17:54:59;218;88;45;27;10;8;5;7;4;4;5
2020-04-29 17:55:59;218;88;45;27;10;8;5;7;4;4;5
2020-04-29 17:56:58;218;88;45;27;10;8;5;7;4;4;5
2020-04-29 17:57:59;218;88;45;27;10;8;5;7;4;4;5
2020-04-29 17:58:59;218;88;45;27;10;8;5;7;4;4;5
2020-04-29 17:59:58;218;88;45;27;10;8;5;7;4;4;5
2020-04-29 18:00:59;219;88;45;27;10;8;5;7;4;4;5
2020-04-29 18:01:58;219;88;45;27;10;8;5;7;4;4;5
2020-04-29 18:02:59;219;88;45;27;10;8;5;7;4;4;5
2020-04-29 18:03:59;219;88;45;27;10;8;5;7;4;4;5
2020-04-29 18:04:58;219;88;45;27;10;8;5;7;4;4;5
2020-04-29 18:05:59;219;88;45;27;10;8;5;7;4;4;5
2020-04-29 18:06:59;219;88;45;27;10;8;5;7;4;4;5
2020-04-29 18:07:58;219;88;45;27;10;8;5;7;4;4;5
2020-04-29 18:08:59;219;88;45;27;10;8;5;7;4;4;5
2020-04-29 18:09:58;219;88;45;27;10;8;5;7;4;4;5
2020-04-29 18:10:59;219;88;45;27;10;8;5;7;4;4;5
2020-04-29 18:11:59;219;88;45;27;10;8;5;7;4;4;5
2020-04-29 18:12:58;219;88;45;27;10;8;5;7;4;4;5
2020-04-29 18:13:59;219;88;45;27;10;8;5;7;4;4;5
2020-04-29 18:14:59;220;89;45;27;10;8;5;7;4;4;5
2020-04-29 18:15:58;222;90;46;27;10;8;5;7;4;4;5
2020-04-29 18:16:59;222;90;46;27;10;8;5;7;4;4;5
2020-04-29 18:17:58;222;90;46;27;10;8;5;7;4;4;5
2020-04-29 18:18:59;222;90;46;27;10;8;5;7;4;4;5
2020-04-29 18:19:59;222;90;46;27;10;8;5;7;4;4;5
2020-04-29 18:20:58;223;90;46;28;10;8;5;7;4;4;5
2020-04-29 18:21:59;223;90;46;28;10;8;5;7;4;4;5
2020-04-29 18:22:59;223;90;46;28;10;8;5;7;4;4;5
2020-04-29 18:23:58;223;90;46;28;10;8;5;7;4;4;5
2020-04-29 18:24:59;224;90;46;28;10;8;6;7;4;4;5
2020-04-29 18:25:59;224;90;46;28;10;8;6;7;4;4;5
2020-04-29 18:26:58;224;90;46;28;10;8;6;7;4;4;5
2020-04-29 18:27:59;224;90;46;28;10;8;6;7;4;4;5
2020-04-29 18:28:59;224;90;46;28;10;8;6;7;4;4;5
2020-04-29 18:29:58;224;90;46;28;10;8;6;7;4;4;5
2020-04-29 18:30:59;225;91;46;28;10;8;6;7;4;4;5
2020-04-29 18:31:59;225;91;46;28;10;8;6;7;4;4;5
2020-04-29 18:32:58;225;91;46;28;10;8;6;7;4;4;5
2020-04-29 18:33:59;225;90;46;28;10;8;6;7;5;4;5
2020-04-29 18:34:59;225;90;46;28;10;8;6;7;5;4;5
2020-04-29 18:36:00;225;90;46;28;10;8;6;7;5;4;5
2020-04-29 18:36:58;226;91;46;28;10;8;6;7;5;4;5
2020-04-29 18:37:59;226;91;46;28;10;8;6;7;5;4;5
2020-04-29 18:38:59;226;91;46;28;10;8;6;7;5;4;5
2020-04-29 18:39:59;226;91;46;28;10;8;6;7;5;4;5
2020-04-29 18:40:59;227;91;46;28;11;8;6;7;5;4;5
2020-04-29 18:41:58;227;91;46;28;11;8;6;7;5;4;5
2020-04-29 18:42:59;228;92;46;28;11;8;6;7;5;4;5
2020-04-29 18:43:59;228;92;46;28;11;8;6;7;5;4;5
2020-04-29 18:44:58;228;92;46;28;11;8;6;7;5;4;5
2020-04-29 18:45:59;228;92;46;28;11;8;6;7;5;4;5
2020-04-29 18:46:59;228;92;46;28;11;8;6;7;5;4;5
2020-04-29 18:47:58;228;92;46;28;11;8;6;7;5;4;5
2020-04-29 18:48:59;228;92;46;28;11;8;6;7;5;4;5
2020-04-29 18:49:59;228;92;46;28;11;8;6;7;5;4;5
2020-04-29 18:50:58;228;92;46;28;11;8;6;7;5;4;5
2020-04-29 18:51:59;228;92;46;28;11;8;6;7;5;4;5
2020-04-29 18:52:59;228;92;46;28;11;8;6;7;5;4;5
2020-04-29 18:53:58;228;92;46;28;11;8;6;7;5;4;5
2020-04-29 18:54:59;228;92;46;28;11;8;6;7;5;4;5
2020-04-29 18:55:58;228;92;46;28;11;8;6;7;5;4;5
2020-04-29 18:56:59;228;92;46;28;11;8;6;7;5;4;5
2020-04-29 18:57:59;228;92;46;28;11;8;6;7;5;4;5
2020-04-29 18:58:58;228;92;46;28;11;8;6;7;5;4;5
2020-04-29 18:59:59;228;92;46;28;11;8;6;7;5;4;5
2020-04-29 19:00:59;229;92;46;28;11;8;7;7;5;4;5
2020-04-29 19:01:58;229;92;46;28;11;8;7;7;5;4;5
2020-04-29 19:02:59;230;93;46;28;11;8;7;7;5;4;5
2020-04-29 19:03:59;230;93;46;28;11;8;7;7;5;4;5
2020-04-29 19:04:58;230;93;46;28;11;8;7;7;5;4;5
2020-04-29 19:05:59;231;93;46;28;12;8;7;7;5;4;5
2020-04-29 19:06:59;231;93;46;28;12;8;7;7;5;4;5
2020-04-29 19:07:58;231;93;46;28;12;8;7;7;5;4;5
2020-04-29 19:08:59;231;93;46;28;12;8;7;7;5;4;5
2020-04-29 19:09:59;231;93;46;28;12;8;7;7;5;4;5
2020-04-29 19:10:58;231;93;46;28;12;8;7;7;5;4;5
2020-04-29 19:11:59;231;93;46;28;12;8;7;7;5;4;5
2020-04-29 19:12:58;231;93;46;28;12;8;7;7;5;4;5
2020-04-29 19:13:59;231;93;46;28;12;8;7;7;5;4;5
2020-04-29 19:14:59;231;93;46;28;12;8;7;7;5;4;5
2020-04-29 19:15:58;231;93;46;28;12;8;7;7;5;4;5
2020-04-29 19:16:59;231;93;46;28;12;8;7;7;5;4;5
2020-04-29 19:17:59;231;93;46;28;12;8;7;7;5;4;5
2020-04-29 19:18:58;231;93;46;28;12;8;7;7;5;4;5
2020-04-29 19:19:59;231;93;46;28;12;8;7;7;5;4;5
2020-04-29 19:20:58;231;93;46;28;12;8;7;7;5;4;5
2020-04-29 19:21:59;231;93;46;28;12;8;7;7;5;4;5
2020-04-29 19:22:59;231;93;46;28;12;8;7;7;5;4;5
2020-04-29 19:23:58;231;93;46;28;12;8;7;7;5;4;5
2020-04-29 19:24:59;231;93;46;28;12;8;7;7;5;4;5
2020-04-29 19:25:59;231;93;46;28;12;8;7;7;5;4;5
2020-04-29 19:26:58;231;93;46;28;12;8;7;7;5;4;5
2020-04-29 19:27:59;231;93;46;28;12;8;7;7;5;4;5
2020-04-29 19:28:58;231;93;46;28;12;8;7;7;5;4;5
2020-04-29 19:29:59;231;93;46;28;12;8;7;7;5;4;5
2020-04-29 19:30:58;231;93;46;28;12;8;7;7;5;4;5
2020-04-29 19:31:59;231;93;46;28;12;8;7;7;5;4;5
2020-04-29 19:32:59;232;94;46;28;12;8;7;7;5;4;5
2020-04-29 19:33:58;232;94;46;28;12;8;7;7;5;4;5
2020-04-29 19:34:59;232;94;46;28;12;8;7;7;5;4;5
2020-04-29 19:35:59;232;94;46;28;12;8;7;7;5;4;5
2020-04-29 19:36:58;233;94;46;28;12;8;8;7;5;4;5
2020-04-29 19:37:59;233;94;46;28;12;8;8;7;5;4;5
2020-04-29 19:38:59;235;95;47;28;12;8;8;7;5;4;5
2020-04-29 19:39:58;235;95;47;28;12;8;8;7;5;4;5
2020-04-29 19:40:59;235;96;47;28;12;8;8;6;5;4;5
2020-04-29 19:41:59;235;96;47;28;12;8;8;6;5;4;5
2020-04-29 19:42:59;234;96;46;28;12;8;8;6;5;4;5
2020-04-29 19:43:58;235;96;46;29;12;8;8;6;5;4;5
2020-04-29 19:44:59;235;96;46;29;12;8;8;6;5;4;5
2020-04-29 19:45:59;235;96;46;29;12;8;8;6;5;4;5
2020-04-29 19:46:58;235;96;46;29;12;8;8;6;5;4;5
2020-04-29 19:47:59;235;96;46;29;12;8;8;6;5;4;5
2020-04-29 19:48:58;235;96;46;29;12;8;8;6;5;4;5
2020-04-29 19:49:59;235;96;46;29;12;8;8;6;5;4;5
2020-04-29 19:50:59;235;96;46;29;12;8;8;6;5;4;5
2020-04-29 19:51:58;235;96;46;29;12;8;8;6;5;4;5
2020-04-29 19:52:59;235;96;46;29;12;8;8;6;5;4;5
2020-04-29 19:53:59;235;96;46;29;12;8;8;6;5;4;5
2020-04-29 19:54:59;236;97;46;29;12;8;8;6;5;4;5
2020-04-29 19:55:58;236;97;46;29;12;8;8;6;5;4;5
2020-04-29 19:56:59;236;97;46;29;12;8;8;6;5;4;5
2020-04-29 19:57:59;237;97;46;29;13;8;8;6;5;4;5
2020-04-29 19:58:59;238;97;47;29;13;8;8;6;5;4;5
2020-04-29 19:59:58;238;97;47;29;13;8;8;6;5;4;5
2020-04-29 20:00:59;238;97;47;29;13;8;8;6;5;4;5
2020-04-29 20:01:58;239;97;47;29;14;8;8;6;5;4;5
2020-04-29 20:02:59;241;98;47;29;14;9;8;6;5;4;5
2020-04-29 20:03:59;241;98;47;29;14;9;8;6;5;4;5
2020-04-29 20:04:59;241;98;47;29;14;9;8;6;5;4;5
2020-04-29 20:05:58;242;99;47;29;14;9;8;6;5;4;5
2020-04-29 20:06:59;242;99;47;29;14;9;8;6;5;4;5
2020-04-29 20:07:58;242;99;47;29;14;9;8;6;5;4;5
2020-04-29 20:08:59;243;100;47;29;14;9;8;6;5;4;5
2020-04-29 20:09:59;244;100;47;29;15;9;8;6;5;4;5
2020-04-29 20:10:58;244;100;47;29;15;9;8;6;5;4;5
2020-04-29 20:11:59;245;101;47;29;15;9;8;6;5;4;5
2020-04-29 20:12:59;245;101;47;29;15;9;8;6;5;4;5
2020-04-29 20:13:58;245;101;47;29;15;9;8;6;5;4;5
2020-04-29 20:14:59;245;101;47;29;15;9;8;6;5;4;5
2020-04-29 20:15:59;245;101;47;29;15;9;8;6;5;4;5
2020-04-29 20:16:58;245;101;47;29;15;9;8;6;5;4;5
2020-04-29 20:17:59;245;101;47;29;15;9;8;6;5;4;5
2020-04-29 20:18:59;245;101;47;29;15;9;8;6;5;4;5
2020-04-29 20:19:58;245;101;47;29;15;9;8;6;5;4;5
2020-04-29 20:20:59;245;101;47;29;15;9;8;6;5;4;5
2020-04-29 20:21:59;245;101;47;29;15;9;8;6;5;4;5
2020-04-29 20:22:58;246;101;48;29;15;9;8;6;5;4;5
2020-04-29 20:23:59;246;101;48;29;15;9;8;6;5;4;5
2020-04-29 20:24:59;246;101;48;29;15;9;8;6;5;4;5
2020-04-29 20:25:58;246;101;48;29;15;9;8;6;5;4;5
2020-04-29 20:26:59;246;101;48;29;15;9;8;6;5;4;5
2020-04-29 20:28:00;246;101;48;29;15;9;8;6;5;4;5
2020-04-29 20:28:58;246;101;48;29;15;9;8;6;5;4;5
2020-04-29 20:29:59;246;101;48;29;15;9;8;6;5;4;5
2020-04-29 20:30:59;246;101;48;29;15;9;8;6;5;4;5
2020-04-29 20:31:58;246;101;48;29;15;9;8;6;5;4;5
2020-04-29 20:32:59;246;101;48;29;15;9;8;6;5;4;5
2020-04-29 20:33:59;246;101;48;29;15;9;8;6;5;4;5
2020-04-29 20:34:58;246;101;48;29;15;9;8;6;5;4;5
2020-04-29 20:35:59;246;101;48;29;15;9;8;6;5;4;5
2020-04-29 20:37:00;247;103;47;29;15;9;8;6;5;4;5
2020-04-29 20:37:58;247;103;47;29;15;9;8;6;5;4;5
2020-04-29 20:38:59;247;103;47;29;15;9;8;6;5;4;5
2020-04-29 20:39:58;247;103;47;29;15;9;8;6;5;4;5
2020-04-29 20:40:59;247;103;47;29;15;9;8;6;5;4;5
2020-04-29 20:41:58;247;103;47;29;15;9;8;6;5;4;5
2020-04-29 20:42:59;249;105;47;29;15;9;8;6;5;4;5
2020-04-29 20:43:59;249;105;47;29;15;9;8;6;5;4;5
2020-04-29 20:44:58;249;105;47;29;15;9;8;6;5;4;5
2020-04-29 20:45:59;249;105;47;29;15;9;8;6;5;4;5
2020-04-29 20:46:59;249;105;47;29;15;9;8;6;5;4;5
2020-04-29 20:47:59;249;105;47;29;15;9;8;6;5;4;5
2020-04-29 20:48:58;249;105;47;29;15;9;8;6;5;4;5
2020-04-29 20:49:59;249;105;47;29;15;9;8;6;5;4;5
2020-04-29 20:50:59;250;105;47;29;16;9;8;6;5;4;5
2020-04-29 20:51:58;250;105;47;29;16;9;8;6;5;4;5
2020-04-29 20:52:59;250;105;47;29;16;9;8;6;5;4;5
2020-04-29 20:53:58;250;105;47;29;16;9;8;6;5;4;5
2020-04-29 20:54:59;250;105;47;29;16;9;8;6;5;4;5
2020-04-29 20:55:59;250;105;47;29;16;9;8;6;5;4;5
2020-04-29 20:56:58;250;105;47;29;16;9;8;6;5;4;5
2020-04-29 20:57:59;250;105;47;29;16;9;8;6;5;4;5
2020-04-29 20:58:58;250;105;47;29;16;9;8;6;5;4;5
2020-04-29 20:59:59;250;105;47;29;16;9;8;6;5;4;5
2020-04-29 21:00:59;250;105;47;29;16;9;8;6;5;4;5
2020-04-29 21:01:58;250;105;47;29;16;9;8;6;5;4;5
2020-04-29 21:02:59;250;105;47;29;16;9;8;6;5;4;5
2020-04-29 21:03:59;250;105;47;29;16;9;8;6;5;4;5
2020-04-29 21:04:58;250;105;47;29;16;9;8;6;5;4;5
2020-04-29 21:05:59;250;105;47;29;16;9;8;6;5;4;5
2020-04-29 21:06:59;251;105;47;30;16;9;8;6;5;4;5
2020-04-29 21:07:58;251;105;47;30;16;9;8;6;5;4;5
2020-04-29 21:08:59;251;105;47;30;16;9;8;6;5;4;5
2020-04-29 21:09:59;251;105;47;30;16;9;8;6;5;4;5
2020-04-29 21:10:58;251;105;47;30;16;9;8;6;5;4;5
2020-04-29 21:11:59;251;105;47;30;16;9;8;6;5;4;5
2020-04-29 21:12:59;251;105;47;30;16;9;8;6;5;4;5
2020-04-29 21:13:58;252;106;47;30;16;9;8;6;5;4;5
2020-04-29 21:14:59;252;106;47;30;16;9;8;6;5;4;5
2020-04-29 21:15:59;252;106;47;30;16;9;8;6;5;4;5
2020-04-29 21:16:58;252;106;47;30;16;9;8;6;5;4;5
2020-04-29 21:17:59;252;106;47;30;16;9;8;6;5;4;5
2020-04-29 21:18:59;252;106;47;30;16;9;8;6;5;4;5
2020-04-29 21:19:58;252;106;47;30;16;9;8;6;5;4;5
2020-04-29 21:20:59;252;106;47;30;16;9;8;6;5;4;5
2020-04-29 21:21:59;253;106;47;30;16;9;9;6;5;4;5
2020-04-29 21:22:58;253;106;47;30;16;9;9;6;5;4;5
2020-04-29 21:23:59;253;106;47;30;16;9;9;6;5;4;5
2020-04-29 21:24:59;253;106;47;30;16;9;9;6;5;4;5
2020-04-29 21:25:58;253;106;47;30;16;9;9;6;5;4;5
2020-04-29 21:26:59;253;106;47;30;16;9;9;6;5;4;5
2020-04-29 21:27:59;253;106;47;30;16;9;9;6;5;4;5
2020-04-29 21:28:58;253;106;47;30;16;9;9;6;5;4;5
2020-04-29 21:29:59;253;106;47;30;16;9;9;6;5;4;5
2020-04-29 21:30:59;253;106;47;30;16;9;9;6;5;4;5
2020-04-29 21:31:58;253;106;47;30;16;9;9;6;5;4;5
2020-04-29 21:32:59;253;106;47;30;16;9;9;6;5;4;5
2020-04-29 21:33:59;254;106;47;31;16;9;9;6;5;4;5
2020-04-29 21:35:00;254;106;47;31;16;9;9;6;5;4;5
2020-04-29 21:35:58;254;106;47;31;16;9;9;6;5;4;5
2020-04-29 21:36:59;254;106;47;31;16;9;9;6;5;4;5
2020-04-29 21:37:58;255;106;47;31;16;9;9;6;5;4;5
2020-04-29 21:38:59;254;106;47;31;16;9;9;6;5;4;5
2020-04-29 21:39:59;254;106;47;31;16;9;9;6;5;4;5
2020-04-29 21:40:58;254;106;47;31;16;9;9;6;5;4;5
2020-04-29 21:41:59;254;106;47;31;16;9;9;6;5;4;5
2020-04-29 21:42:59;254;106;47;31;16;9;9;6;5;4;5
2020-04-29 21:44:00;254;106;47;31;16;9;9;6;5;4;5
2020-04-29 21:44:58;254;106;47;31;16;9;9;6;5;4;5
2020-04-29 21:45:59;254;106;47;31;16;9;9;6;5;4;5
2020-04-29 21:46:58;254;106;47;31;16;9;9;6;5;4;5
2020-04-29 21:47:59;254;106;47;31;16;9;9;6;5;4;5
2020-04-29 21:48:59;254;106;47;31;16;9;9;6;5;4;5
2020-04-29 21:49:58;254;106;47;31;16;9;9;6;5;4;5
2020-04-29 21:50:59;254;106;47;31;16;9;9;6;5;4;5
2020-04-29 21:51:59;254;106;47;31;16;9;9;6;5;4;5
2020-04-29 21:52:59;255;106;48;31;16;9;9;6;5;4;5
2020-04-29 21:53:58;255;106;48;31;16;9;9;6;5;4;5
2020-04-29 21:54:59;255;106;48;31;16;9;9;6;5;4;5
2020-04-29 21:55:58;255;106;48;31;16;9;9;6;5;4;5
2020-04-29 21:56:59;255;106;48;31;16;9;9;6;5;4;5
2020-04-29 21:57:58;255;106;48;31;16;9;9;6;5;4;5
2020-04-29 21:58:59;255;106;48;31;16;9;9;6;5;4;5
2020-04-29 21:59:59;255;106;48;31;16;9;9;6;5;4;5
2020-04-29 22:01:00;255;106;48;31;16;9;9;6;5;4;5
2020-04-29 22:01:58;255;106;48;31;16;9;9;6;5;4;5
2020-04-29 22:02:59;255;106;48;31;16;9;9;6;5;4;5
2020-04-29 22:03:59;255;106;48;31;16;9;9;6;5;4;5
2020-04-29 22:04:58;255;106;48;31;16;9;9;6;5;4;5
2020-04-29 22:05:59;255;106;48;31;16;9;9;6;5;4;5
2020-04-29 22:06:59;255;106;48;31;16;9;9;6;5;4;5
2020-04-29 22:07:58;256;106;49;31;16;9;9;6;5;4;5
2020-04-29 22:08:59;256;106;49;31;16;9;9;6;5;4;5
2020-04-29 22:09:59;256;106;49;31;16;9;9;6;5;4;5
2020-04-29 22:10:58;256;106;49;31;16;9;9;6;5;4;5
2020-04-29 22:11:59;256;106;49;31;16;9;9;6;5;4;5
2020-04-29 22:12:59;256;106;49;31;16;9;9;6;5;4;5
2020-04-29 22:13:58;256;106;49;31;16;9;9;6;5;4;5
2020-04-29 22:14:59;256;106;49;31;16;9;9;6;5;4;5
2020-04-29 22:15:58;256;106;49;31;16;9;9;6;5;4;5
2020-04-29 22:16:59;257;107;49;31;16;9;9;6;5;4;5
2020-04-29 22:17:59;257;107;49;31;16;9;9;6;5;4;5
2020-04-29 22:18:58;257;107;49;31;16;9;9;6;5;4;5
2020-04-29 22:19:59;257;107;49;31;16;9;9;6;5;4;5
2020-04-29 22:20:59;257;107;49;31;16;9;9;6;5;4;5
2020-04-29 22:21:58;257;107;49;31;16;9;9;6;5;4;5
2020-04-29 22:22:59;257;107;49;31;16;9;9;6;5;4;5
2020-04-29 22:23:59;257;107;49;31;16;9;9;6;5;4;5
2020-04-29 22:24:58;257;107;49;31;16;9;9;6;5;4;5
2020-04-29 22:25:59;257;107;49;31;16;9;9;6;5;4;5
2020-04-29 22:26:59;257;107;49;31;16;9;9;6;5;4;5
2020-04-29 22:27:58;257;107;49;31;16;9;9;6;5;4;5
2020-04-29 22:28:59;257;107;49;31;16;9;9;6;5;4;5
2020-04-29 22:29:59;257;107;49;31;16;9;9;6;5;4;5
2020-04-29 22:30:58;257;107;49;31;16;9;9;6;5;4;5
2020-04-29 22:31:59;257;107;49;31;16;9;9;6;5;4;5
2020-04-29 22:32:59;257;107;49;31;16;9;9;6;5;4;5
2020-04-29 22:33:58;258;108;49;31;16;9;9;6;5;4;5
2020-04-29 22:34:59;258;108;49;31;16;9;9;6;5;4;5
2020-04-29 22:35:59;258;108;49;31;16;9;9;6;5;4;5
2020-04-29 22:36:58;258;108;49;31;16;9;9;6;5;4;5
2020-04-29 22:37:59;258;108;49;31;16;9;9;6;5;4;5
2020-04-29 22:38:59;259;108;50;31;16;9;9;6;5;4;5
2020-04-29 22:39:58;259;108;50;31;16;9;9;6;5;4;5
2020-04-29 22:40:59;260;108;50;31;16;9;9;7;5;4;5
2020-04-29 22:41:59;259;108;49;31;16;9;9;7;5;4;5
2020-04-29 22:42:58;259;108;49;31;16;9;9;7;5;4;5
2020-04-29 22:43:59;259;108;49;31;16;9;9;7;5;4;5
2020-04-29 22:45:00;259;108;49;31;16;9;9;7;5;4;5
2020-04-29 22:45:58;259;108;49;31;16;9;9;7;5;4;5
2020-04-29 22:46:59;259;108;49;31;16;9;9;7;5;4;5
2020-04-29 22:47:59;259;108;49;31;16;9;9;7;5;4;5
2020-04-29 22:48:58;259;108;49;31;16;9;9;7;5;4;5
2020-04-29 22:49:59;259;108;49;31;16;9;9;7;5;4;5
2020-04-29 22:50:59;259;108;49;31;16;9;9;7;5;4;5
2020-04-29 22:51:58;259;108;49;31;16;9;9;7;5;4;5
2020-04-29 22:52:59;259;108;49;31;16;9;9;7;5;4;5
2020-04-29 22:53:59;260;108;49;32;16;9;9;7;5;4;5
2020-04-29 22:54:58;260;108;49;32;16;9;9;7;5;4;5
2020-04-29 22:55:59;260;108;49;32;16;9;9;7;5;4;5
2020-04-29 22:56:58;261;109;49;32;16;9;9;7;5;4;5
2020-04-29 22:57:59;261;109;49;32;16;9;9;7;5;4;5
2020-04-29 22:58:59;261;109;49;32;16;9;9;7;5;4;5
2020-04-29 22:59:58;261;109;49;32;16;9;9;7;5;4;5
2020-04-29 23:00:59;261;109;49;32;16;9;9;7;5;4;5
2020-04-29 23:01:59;261;109;49;32;16;9;9;7;5;4;5
2020-04-29 23:02:58;261;109;49;32;16;9;9;7;5;4;5
2020-04-29 23:03:59;261;109;49;32;16;9;9;7;5;4;5
2020-04-29 23:04:59;261;109;49;32;16;9;9;7;5;4;5
2020-04-29 23:05:58;261;109;49;32;16;9;9;7;5;4;5
2020-04-29 23:06:59;261;109;49;32;16;9;9;7;5;4;5
2020-04-29 23:07:59;261;109;49;32;16;9;9;7;5;4;5
2020-04-29 23:08:58;262;110;49;32;16;9;9;7;5;4;5
2020-04-29 23:09:59;262;110;49;32;16;9;9;7;5;4;5
2020-04-29 23:10:59;262;110;49;32;16;9;9;7;5;4;5
2020-04-29 23:11:58;262;110;49;32;16;9;9;7;5;4;5
2020-04-29 23:12:59;262;110;49;32;16;9;9;7;5;4;5
2020-04-29 23:13:59;262;110;49;32;16;9;9;7;5;4;5
2020-04-29 23:14:58;263;110;49;32;16;10;9;7;5;4;5
2020-04-29 23:15:59;263;110;49;32;16;10;9;7;5;4;5
2020-04-29 23:16:59;263;110;49;32;16;10;9;7;5;4;5
2020-04-29 23:17:58;263;110;49;32;16;10;9;7;5;4;5
2020-04-29 23:18:59;263;110;49;32;16;10;9;7;5;4;5
2020-04-29 23:19:59;263;110;49;32;16;10;9;7;5;4;5
2020-04-29 23:20:58;264;110;50;32;16;10;9;7;5;4;5
2020-04-29 23:21:59;264;110;50;32;16;10;9;7;5;4;5
2020-04-29 23:22:59;264;110;50;32;16;10;9;7;5;4;5
2020-04-29 23:24:00;266;110;51;32;16;10;9;7;5;5;5
2020-04-29 23:24:58;266;110;51;32;16;10;9;7;5;5;5
2020-04-29 23:25:59;266;110;51;32;16;10;9;7;5;5;5
2020-04-29 23:26:58;266;110;51;32;16;10;9;7;5;5;5
2020-04-29 23:27:59;267;111;51;32;16;10;9;7;5;5;5
2020-04-29 23:28:59;268;111;51;33;16;10;9;7;5;5;5
2020-04-29 23:30:00;268;111;51;33;16;10;9;7;5;5;5
2020-04-29 23:30:58;268;111;51;33;16;10;9;7;5;5;5
2020-04-29 23:31:59;268;111;51;33;16;10;9;7;5;5;5
2020-04-29 23:32:58;268;111;51;33;16;10;9;7;5;5;5
2020-04-29 23:33:59;268;111;51;33;16;10;9;7;5;5;5
2020-04-29 23:34:59;268;111;51;33;16;10;9;7;5;5;5
2020-04-29 23:35:58;268;111;51;33;16;10;9;7;5;5;5
2020-04-29 23:36:59;268;111;51;33;16;10;9;7;5;5;5
2020-04-29 23:37:59;268;111;51;33;16;10;9;7;5;5;5
2020-04-29 23:38:58;268;111;51;33;16;10;9;7;5;5;5
2020-04-29 23:39:59;268;111;51;33;16;10;9;7;5;5;5
2020-04-29 23:40:59;268;111;51;33;16;10;9;7;5;5;5
2020-04-29 23:41:58;268;111;51;33;16;10;9;7;5;5;5
2020-04-29 23:42:59;268;111;51;33;16;10;9;7;5;5;5
2020-04-29 23:43:59;269;111;52;33;16;10;9;7;5;5;5
2020-04-29 23:44:58;268;111;51;33;16;10;9;7;5;5;5
2020-04-29 23:45:59;268;111;51;33;16;10;9;7;5;5;5
2020-04-29 23:46:59;268;111;51;33;16;10;9;7;5;5;5
2020-04-29 23:47:59;268;111;51;33;16;10;9;7;5;5;5
2020-04-29 23:48:58;268;111;51;33;16;10;9;7;5;5;5
2020-04-29 23:49:59;269;111;52;33;16;10;9;7;5;5;5
2020-04-29 23:51:00;269;111;52;33;16;10;9;7;5;5;5
2020-04-29 23:51:58;269;111;52;33;16;10;9;7;5;5;5
2020-04-29 23:52:59;269;111;52;33;16;10;9;7;5;5;5
2020-04-29 23:53:59;269;111;52;33;16;10;9;7;5;5;5
2020-04-29 23:54:58;269;111;52;33;16;10;9;7;5;5;5
2020-04-29 23:55:59;269;111;52;33;16;10;9;7;5;5;5
2020-04-29 23:56:58;270;112;52;33;16;10;9;7;5;5;5
2020-04-29 23:57:59;270;112;52;33;16;10;9;7;5;5;5
2020-04-29 23:58:59;270;112;52;33;16;10;9;7;5;5;5
