datetime;total_votes;GlobetrotterXL;shamanka2_0;Yardrey;navalny;Fill;kross;xtend;Mapm;mama_p_zh;kotophalk
2020-11-25 00:00:59;0;0;0;0;0;0;0;0;0;0;0
2020-11-25 00:01:59;3;0;0;0;0;1;0;1;0;0;0
2020-11-25 00:02:58;4;0;0;0;0;1;0;1;0;0;0
2020-11-25 00:03:59;7;0;2;0;0;1;1;1;0;0;0
2020-11-25 00:04:59;11;0;2;1;0;1;2;1;0;0;1
2020-11-25 00:05:58;12;0;2;1;0;1;2;1;0;0;1
2020-11-25 00:06:59;12;0;2;1;0;1;2;1;0;0;1
2020-11-25 00:07:59;12;0;2;1;0;1;2;1;0;0;1
2020-11-25 00:08:58;13;0;2;1;0;1;2;1;0;0;1
2020-11-25 00:09:59;13;0;2;1;0;1;2;1;0;0;1
2020-11-25 00:10:59;13;0;2;1;0;1;2;1;0;0;1
2020-11-25 00:11:58;13;0;2;1;0;1;2;1;0;0;1
2020-11-25 00:12:59;14;0;2;1;0;1;3;1;0;0;1
2020-11-25 00:13:59;16;0;4;1;0;1;3;1;0;0;1
2020-11-25 00:14:58;16;0;4;1;0;1;3;1;0;0;1
2020-11-25 00:15:59;18;1;5;1;0;1;3;1;0;0;1
2020-11-25 00:16:59;19;1;5;2;0;1;3;1;0;0;0
2020-11-25 00:17:58;19;1;5;2;0;1;3;1;0;0;0
2020-11-25 00:18:59;19;1;5;2;0;1;3;1;0;0;0
2020-11-25 00:19:59;19;1;5;2;0;1;3;1;0;0;0
2020-11-25 00:20:58;19;1;5;2;0;1;3;1;0;0;0
2020-11-25 00:21:59;19;1;5;2;0;1;3;1;0;0;0
2020-11-25 00:22:59;19;1;5;2;0;1;3;1;0;0;0
2020-11-25 00:23:58;19;1;5;2;0;1;3;1;0;0;0
2020-11-25 00:24:59;20;2;5;2;0;1;3;0;0;0;0
2020-11-25 00:25:58;20;2;5;2;0;1;3;0;0;0;0
2020-11-25 00:26:59;22;4;5;2;0;1;3;0;0;0;0
2020-11-25 00:27:59;22;4;5;2;0;1;3;0;0;0;0
2020-11-25 00:28:58;22;4;5;2;0;1;3;0;0;0;0
2020-11-25 00:29:59;22;4;5;2;0;1;3;0;0;0;0
2020-11-25 00:30:59;22;4;5;2;0;1;3;0;0;0;0
2020-11-25 00:31:58;23;4;5;2;0;1;3;0;0;0;0
2020-11-25 00:32:59;25;4;6;2;1;1;3;0;0;0;0
2020-11-25 00:33:59;25;4;6;2;1;1;3;0;0;0;0
2020-11-25 00:34:58;26;4;6;2;2;1;3;0;0;0;0
2020-11-25 00:35:59;26;4;6;2;2;1;3;0;0;0;0
2020-11-25 00:36:59;26;4;6;2;2;1;3;0;0;0;0
2020-11-25 00:37:58;26;4;6;2;2;1;3;0;0;0;0
2020-11-25 00:38:59;26;4;6;2;2;1;3;0;0;0;0
2020-11-25 00:39:59;26;4;6;2;2;1;3;0;0;0;0
2020-11-25 00:40:58;26;4;6;2;2;1;3;0;0;0;0
2020-11-25 00:41:59;26;4;6;2;2;1;3;0;0;0;0
2020-11-25 00:42:59;26;4;6;2;2;1;3;0;0;0;0
2020-11-25 00:43:58;26;4;6;2;2;1;3;0;0;0;0
2020-11-25 00:44:59;27;4;6;2;2;2;3;0;0;0;0
2020-11-25 00:45:59;28;4;6;2;3;2;3;0;0;0;1
2020-11-25 00:46:58;28;4;6;2;3;2;3;0;0;0;1
2020-11-25 00:47:59;28;4;6;2;3;2;3;0;0;0;1
2020-11-25 00:48:59;28;4;6;2;3;2;3;0;0;0;1
2020-11-25 00:49:58;28;4;6;2;3;2;3;0;0;0;1
2020-11-25 00:50:59;28;4;6;2;3;2;3;0;0;0;1
2020-11-25 00:51:59;28;4;6;2;3;2;3;0;0;0;1
2020-11-25 00:52:58;28;4;6;2;3;2;3;0;0;0;1
2020-11-25 00:53:59;28;4;6;2;3;2;3;0;0;0;1
2020-11-25 00:54:59;28;4;6;2;3;2;3;0;0;0;1
2020-11-25 00:55:58;29;5;6;2;3;2;3;0;0;0;1
2020-11-25 00:56:59;29;5;6;2;3;2;3;0;0;0;1
2020-11-25 00:57:59;29;5;6;2;3;2;3;0;0;0;1
2020-11-25 00:58:58;30;5;6;2;3;2;3;1;0;0;2
2020-11-25 00:59:59;31;5;6;2;3;2;3;1;0;0;2
2020-11-25 01:00:58;31;5;6;2;3;2;3;1;0;0;2
2020-11-25 01:01:59;31;5;6;2;3;2;3;1;0;0;2
2020-11-25 01:02:59;31;5;6;2;3;2;3;1;0;0;2
2020-11-25 01:04:00;31;5;6;2;3;2;3;1;0;0;2
2020-11-25 01:04:58;31;5;6;2;3;2;3;1;0;0;2
2020-11-25 01:05:59;31;5;6;2;3;2;3;1;0;0;2
2020-11-25 01:06:58;31;5;6;2;3;2;3;1;0;0;2
2020-11-25 01:07:59;31;5;6;2;3;2;3;1;0;0;2
2020-11-25 01:08:59;31;5;6;2;3;2;3;1;0;0;2
2020-11-25 01:09:58;31;5;6;2;3;2;3;1;0;0;2
2020-11-25 01:10:59;31;5;6;2;3;2;3;1;0;0;2
2020-11-25 01:11:59;31;5;6;2;3;2;3;1;0;0;2
2020-11-25 01:12:58;31;5;6;2;3;2;3;1;0;0;2
2020-11-25 01:13:59;31;5;6;2;3;2;3;1;0;0;2
2020-11-25 01:14:59;32;5;6;2;3;2;3;0;0;1;2
2020-11-25 01:15:58;32;5;6;2;3;2;3;0;0;1;2
2020-11-25 01:16:59;33;5;6;2;3;2;3;1;0;0;2
2020-11-25 01:17:59;33;5;6;2;3;2;3;1;0;0;2
2020-11-25 01:18:59;34;6;6;2;3;2;3;1;0;0;2
2020-11-25 01:19:58;34;6;6;2;3;2;3;1;0;0;2
2020-11-25 01:20:59;34;6;6;2;3;2;3;1;0;0;2
2020-11-25 01:21:58;34;6;6;2;3;2;3;1;0;0;2
2020-11-25 01:22:59;34;6;6;2;3;2;3;1;0;0;2
2020-11-25 01:23:59;34;6;6;2;3;2;3;1;0;0;2
2020-11-25 01:24:58;35;6;7;2;3;2;3;1;0;0;2
2020-11-25 01:25:59;35;6;7;2;3;2;3;1;0;0;2
2020-11-25 01:26:59;35;6;7;2;3;2;3;1;0;0;2
2020-11-25 01:27:58;35;6;7;2;3;2;3;1;0;0;2
2020-11-25 01:28:59;35;6;7;2;3;2;3;1;0;0;2
2020-11-25 01:30:00;35;6;7;2;3;2;3;1;0;0;2
2020-11-25 01:30:58;35;6;7;2;3;2;3;1;0;0;2
2020-11-25 01:31:59;35;6;7;2;3;2;3;1;0;0;2
2020-11-25 01:33:00;35;6;7;2;3;2;3;1;0;0;2
2020-11-25 01:33:58;35;6;7;2;3;2;3;1;0;0;2
2020-11-25 01:34:59;35;6;7;2;3;2;3;1;0;0;2
2020-11-25 01:35:58;36;6;7;3;3;2;3;1;0;1;2
2020-11-25 01:36:59;36;6;7;3;3;2;3;1;0;1;2
2020-11-25 01:37:59;36;6;8;3;3;2;3;1;0;1;2
2020-11-25 01:38:58;38;7;9;3;3;2;3;1;0;1;2
2020-11-25 01:39:59;38;6;9;3;3;2;3;1;0;2;2
2020-11-25 01:40:59;38;7;9;3;3;2;3;1;0;1;2
2020-11-25 01:41:58;38;7;9;3;3;2;3;1;0;1;2
2020-11-25 01:42:59;38;7;9;3;3;2;3;1;0;1;2
2020-11-25 01:43:59;38;7;9;3;3;2;3;1;0;1;2
2020-11-25 01:44:58;38;7;9;3;3;2;3;1;0;1;2
2020-11-25 01:45:59;38;7;9;3;3;2;3;1;0;1;2
2020-11-25 01:47:00;38;7;9;3;3;2;3;1;0;1;2
2020-11-25 01:47:58;38;7;9;3;3;2;3;1;0;1;2
2020-11-25 01:48:59;38;7;9;3;3;2;3;1;0;1;2
2020-11-25 01:49:58;38;7;9;3;3;2;3;1;0;1;2
2020-11-25 01:50:59;38;7;9;3;3;2;3;1;0;1;2
2020-11-25 01:51:59;39;8;9;3;3;2;3;1;0;1;2
2020-11-25 01:52:58;39;8;9;3;3;2;3;1;0;1;2
2020-11-25 01:53:59;40;9;9;3;3;2;3;1;0;1;2
2020-11-25 01:54:59;40;9;9;3;3;2;3;1;0;1;2
2020-11-25 01:55:58;41;10;9;3;3;2;3;1;0;1;2
2020-11-25 01:56:59;42;11;9;3;3;2;3;1;0;1;2
2020-11-25 01:57:59;42;11;9;3;3;2;3;1;0;1;2
2020-11-25 01:58:58;42;11;9;3;3;2;3;1;0;1;2
2020-11-25 01:59:59;42;11;9;3;3;2;3;1;0;1;2
2020-11-25 02:00:59;42;11;9;3;3;2;3;1;0;1;2
2020-11-25 02:01:58;42;11;9;3;3;2;3;1;0;1;2
2020-11-25 02:02:59;42;11;9;3;3;2;3;1;0;1;2
2020-11-25 02:04:00;43;12;9;3;3;2;3;1;0;1;2
2020-11-25 02:04:58;43;12;9;3;3;2;3;1;0;1;2
2020-11-25 02:05:59;43;12;9;3;3;2;3;1;0;1;2
2020-11-25 02:06:58;43;12;9;3;3;2;3;1;0;1;2
2020-11-25 02:07:59;43;12;9;3;3;2;3;1;0;1;2
2020-11-25 02:08:59;43;12;9;3;3;2;3;1;0;1;2
2020-11-25 02:09:58;44;12;9;3;3;2;4;1;0;1;2
2020-11-25 02:10:59;44;12;9;3;3;2;4;1;0;1;2
2020-11-25 02:11:59;44;12;9;3;3;2;4;1;0;1;2
2020-11-25 02:12:58;45;13;9;3;3;2;4;1;0;1;2
2020-11-25 02:13:59;45;13;9;3;3;2;4;1;0;1;2
2020-11-25 02:14:59;45;13;9;3;3;2;4;1;0;1;2
2020-11-25 02:15:58;45;13;9;3;3;2;4;1;0;1;2
2020-11-25 02:16:59;45;13;9;3;3;2;4;1;0;1;2
2020-11-25 02:17:59;45;13;9;3;3;2;4;1;0;1;2
2020-11-25 02:18:58;45;13;9;3;3;2;4;1;0;1;2
2020-11-25 02:19:59;45;13;9;3;3;2;4;1;0;1;2
2020-11-25 02:21:00;45;13;9;3;3;2;4;1;0;1;2
2020-11-25 02:21:58;45;13;9;3;3;2;4;1;0;1;2
2020-11-25 02:22:59;45;13;9;3;3;2;4;1;0;1;2
2020-11-25 02:23:59;45;13;9;3;3;2;4;1;0;1;2
2020-11-25 02:24:58;45;13;9;3;3;2;4;1;0;1;2
2020-11-25 02:25:59;45;13;9;3;3;2;4;1;0;1;2
2020-11-25 02:26:58;45;13;9;3;3;2;4;1;0;1;2
2020-11-25 02:27:59;45;13;9;3;3;2;4;1;0;1;2
2020-11-25 02:28:59;46;13;10;3;3;2;4;1;0;1;2
2020-11-25 02:29:58;46;13;10;3;3;2;4;1;0;1;2
2020-11-25 02:30:59;46;13;10;3;3;2;4;1;0;1;2
2020-11-25 02:31:59;46;13;10;3;3;2;4;1;0;1;2
2020-11-25 02:32:58;46;13;10;3;3;2;4;1;0;1;2
2020-11-25 02:33:59;46;13;10;3;3;2;4;1;0;1;2
2020-11-25 02:34:58;46;13;10;3;3;2;4;1;0;1;2
2020-11-25 02:35:59;46;13;10;3;3;2;4;1;0;1;2
2020-11-25 02:36:58;47;13;10;3;3;2;4;1;0;1;2
2020-11-25 02:37:59;47;13;11;3;3;2;4;1;0;1;2
2020-11-25 02:38:59;46;13;11;3;3;2;4;0;0;0;2
2020-11-25 02:39:58;46;13;11;3;3;2;4;0;0;0;2
2020-11-25 02:40:59;46;13;11;3;3;2;4;0;0;0;2
2020-11-25 02:41:59;46;13;11;3;3;2;4;0;0;0;2
2020-11-25 02:42:58;46;13;11;3;3;2;4;0;0;0;2
2020-11-25 02:43:59;46;13;11;3;3;2;4;0;0;0;2
2020-11-25 02:44:59;46;13;11;3;3;2;4;0;0;0;2
2020-11-25 02:45:58;46;13;11;3;3;2;4;0;0;0;2
2020-11-25 02:46:59;46;13;11;3;3;2;4;0;0;0;2
2020-11-25 02:47:59;46;13;11;3;3;2;4;0;0;0;2
2020-11-25 02:48:58;46;13;11;3;3;2;4;0;0;0;2
2020-11-25 02:49:59;46;13;11;3;3;2;4;0;0;0;2
2020-11-25 02:50:59;46;13;11;3;3;2;4;0;0;0;2
2020-11-25 02:51:58;46;13;11;3;3;2;4;0;0;0;2
2020-11-25 02:52:59;46;13;11;3;3;2;4;0;0;0;2
2020-11-25 02:53:58;46;13;11;3;3;2;4;0;0;0;2
2020-11-25 02:54:59;46;13;11;3;3;2;4;0;0;0;2
2020-11-25 02:55:59;46;13;11;3;3;2;4;0;0;0;2
2020-11-25 02:56:59;46;13;11;3;3;2;4;0;0;0;2
2020-11-25 02:57:58;46;13;11;3;3;2;4;0;0;0;2
2020-11-25 02:58:59;46;13;11;3;3;2;4;0;0;0;2
2020-11-25 02:59:58;46;13;11;3;3;2;4;0;0;0;2
2020-11-25 03:00:59;46;13;11;3;3;2;4;0;0;0;2
2020-11-25 03:01:58;46;13;11;3;3;2;4;0;0;0;2
2020-11-25 03:02:59;46;13;11;3;3;2;4;0;0;0;2
2020-11-25 03:03:59;46;13;11;3;3;2;4;0;0;0;2
2020-11-25 03:04:58;46;13;11;3;3;2;4;0;0;0;2
2020-11-25 03:05:59;46;13;11;3;3;2;4;0;0;0;2
2020-11-25 03:06:59;46;13;11;3;3;2;4;0;0;0;2
2020-11-25 03:07:58;46;13;11;3;3;2;4;0;0;0;2
2020-11-25 03:08:59;46;13;11;3;3;2;4;0;0;0;2
2020-11-25 03:09:58;46;13;11;3;3;2;4;0;0;0;2
2020-11-25 03:10:59;46;13;11;3;3;2;4;0;0;0;2
2020-11-25 03:11:58;46;13;11;3;3;2;4;0;0;0;2
2020-11-25 03:12:59;46;13;11;3;3;2;4;0;0;0;2
2020-11-25 03:13:59;46;13;11;3;3;2;4;0;0;0;2
2020-11-25 03:15:00;46;13;11;3;3;2;4;0;0;0;2
2020-11-25 03:15:58;46;13;11;3;3;2;4;0;0;0;2
2020-11-25 03:16:59;46;13;11;3;3;2;4;0;0;0;2
2020-11-25 03:18:00;46;13;11;3;3;2;4;0;0;0;2
2020-11-25 03:18:58;46;13;11;3;3;2;4;0;0;0;2
2020-11-25 03:19:59;46;13;11;3;3;2;4;0;0;0;2
2020-11-25 03:20:58;46;13;11;3;3;2;4;0;0;0;2
2020-11-25 03:21:59;46;13;11;3;3;2;4;0;0;0;2
2020-11-25 03:22:59;46;13;11;3;3;2;4;0;0;0;2
2020-11-25 03:23:58;47;13;12;3;3;2;4;0;0;0;2
2020-11-25 03:24:59;47;13;12;3;3;2;4;0;0;0;2
2020-11-25 03:25:59;47;13;12;3;3;2;4;0;0;0;2
2020-11-25 03:26:58;47;13;12;3;3;2;4;0;0;0;2
2020-11-25 03:27:59;47;13;12;3;3;2;4;0;0;0;2
2020-11-25 03:28:59;47;13;12;3;3;2;4;0;0;0;2
2020-11-25 03:29:58;47;13;12;3;3;2;4;0;0;0;2
2020-11-25 03:30:59;47;13;12;3;3;2;4;0;0;0;2
2020-11-25 03:31:59;47;13;12;3;3;2;4;0;0;0;2
2020-11-25 03:32:58;47;13;12;3;3;2;4;0;0;0;2
2020-11-25 03:33:59;48;14;12;3;3;2;4;0;0;0;2
2020-11-25 03:34:58;48;14;12;3;3;2;4;0;0;0;2
2020-11-25 03:35:59;48;14;12;3;3;2;4;0;0;0;2
2020-11-25 03:36:59;48;14;12;3;3;2;4;0;0;0;2
2020-11-25 03:37:58;48;14;12;3;3;2;4;0;0;0;2
2020-11-25 03:38:59;48;14;12;3;3;2;4;0;0;0;2
2020-11-25 03:39:59;48;14;12;3;3;2;4;0;0;0;2
2020-11-25 03:40:58;48;14;12;3;3;2;4;0;0;0;2
2020-11-25 03:41:59;48;14;12;3;3;2;4;0;0;0;2
2020-11-25 03:43:00;48;14;12;3;3;2;4;0;0;0;2
2020-11-25 03:43:58;48;14;12;3;3;2;4;0;0;0;2
2020-11-25 03:44:59;48;14;12;3;3;2;4;0;0;0;2
2020-11-25 03:45:58;48;14;12;3;3;2;4;0;0;0;2
2020-11-25 03:46:59;48;14;12;3;3;2;4;0;0;0;2
2020-11-25 03:47:59;48;14;12;3;3;2;4;0;0;0;2
2020-11-25 03:48:58;48;14;12;3;3;2;4;0;0;0;2
2020-11-25 03:49:59;48;14;12;3;3;2;4;0;0;0;2
2020-11-25 03:50:59;48;14;12;3;3;2;4;0;0;0;2
2020-11-25 03:51:59;48;14;12;3;3;2;4;0;0;0;2
2020-11-25 03:52:58;48;14;12;3;3;2;4;0;0;0;2
2020-11-25 03:53:59;48;14;12;3;3;2;4;0;0;0;2
2020-11-25 03:54:58;48;14;12;3;3;2;4;0;0;0;2
2020-11-25 03:55:59;48;14;12;3;3;2;4;0;0;0;2
2020-11-25 03:56:59;48;14;12;3;3;2;4;0;0;0;2
2020-11-25 03:57:58;48;14;12;3;3;2;4;0;0;0;2
2020-11-25 03:58:59;48;14;12;3;3;2;4;0;0;0;2
2020-11-25 03:59:58;48;14;12;3;3;2;4;0;0;0;2
2020-11-25 04:00:59;48;14;12;3;3;2;4;0;0;0;2
2020-11-25 04:01:59;48;14;12;3;3;2;4;0;0;0;2
2020-11-25 04:02:58;48;14;12;3;3;2;4;0;0;0;2
2020-11-25 04:03:59;48;14;12;3;3;2;4;0;0;0;2
2020-11-25 04:04:59;48;14;12;3;3;2;4;0;0;0;2
2020-11-25 04:05:58;48;14;12;3;3;2;4;0;0;0;2
2020-11-25 04:06:59;48;14;12;3;3;2;4;0;0;0;2
2020-11-25 04:07:58;48;14;12;3;3;2;4;0;0;0;2
2020-11-25 04:08:59;48;14;12;3;3;2;4;0;0;0;2
2020-11-25 04:09:58;48;14;12;3;3;2;4;0;0;0;2
2020-11-25 04:10:59;48;14;12;3;3;2;4;0;0;0;2
2020-11-25 04:11:59;48;14;12;3;3;2;4;0;0;0;2
2020-11-25 04:12:59;48;14;12;3;3;2;4;0;0;0;2
2020-11-25 04:13:58;48;14;12;3;3;2;4;0;0;0;2
2020-11-25 04:14:59;48;14;12;3;3;2;4;0;0;0;2
2020-11-25 04:15:58;48;14;12;3;3;2;4;0;0;0;2
2020-11-25 04:16:59;49;15;12;3;3;2;4;0;0;0;2
2020-11-25 04:17:59;49;15;12;3;3;2;4;0;0;0;2
2020-11-25 04:18:58;49;15;12;3;3;2;4;0;0;0;2
2020-11-25 04:19:59;49;15;12;3;3;2;4;0;0;0;2
2020-11-25 04:20:59;49;15;12;3;3;2;4;0;0;0;2
2020-11-25 04:21:58;49;15;12;3;3;2;4;0;0;0;2
2020-11-25 04:22:59;49;15;12;3;3;2;4;0;0;0;2
2020-11-25 04:23:59;49;15;12;3;3;2;4;0;0;0;2
2020-11-25 04:24:58;49;15;12;3;3;2;4;0;0;0;2
2020-11-25 04:25:59;49;15;12;3;3;2;4;0;0;0;2
2020-11-25 04:26:58;49;15;12;3;3;2;4;0;0;0;2
2020-11-25 04:27:59;49;15;12;3;3;2;4;0;0;0;2
2020-11-25 04:28:59;49;15;12;3;3;2;4;0;0;0;2
2020-11-25 04:29:58;49;15;12;3;3;2;4;0;0;0;2
2020-11-25 04:30:59;49;15;12;3;3;2;4;0;0;0;2
2020-11-25 04:31:59;49;15;12;3;3;2;4;0;0;0;2
2020-11-25 04:32:58;50;15;13;3;3;2;4;0;0;0;2
2020-11-25 04:33:59;50;15;13;3;3;2;4;0;0;0;2
2020-11-25 04:34:59;50;15;13;3;3;2;4;0;0;0;2
2020-11-25 04:35:58;50;15;13;3;3;2;4;0;0;0;2
2020-11-25 04:36:59;50;15;13;3;3;2;4;0;0;0;2
2020-11-25 04:37:58;50;15;13;3;3;2;4;0;0;0;2
2020-11-25 04:38:59;50;15;13;3;3;2;4;0;0;0;2
2020-11-25 04:39:59;50;15;13;3;3;2;4;0;0;0;2
2020-11-25 04:40:58;50;15;13;3;3;2;4;0;0;0;2
2020-11-25 04:41:59;51;15;13;3;3;2;4;1;0;1;2
2020-11-25 04:42:58;51;15;13;3;3;2;4;1;0;1;2
2020-11-25 04:43:59;51;15;13;3;3;2;4;1;0;1;2
2020-11-25 04:44:58;51;15;13;3;3;2;4;1;0;1;2
2020-11-25 04:45:59;51;15;13;3;3;2;4;1;0;1;2
2020-11-25 04:46:59;51;15;13;3;3;2;4;1;0;1;2
2020-11-25 04:47:58;51;15;13;3;3;2;4;1;0;1;2
2020-11-25 04:48:59;51;15;13;3;3;2;4;1;0;1;2
2020-11-25 04:49:59;51;15;13;3;3;2;4;1;0;1;2
2020-11-25 04:50:58;51;15;13;3;3;2;4;1;0;1;2
2020-11-25 04:51:59;51;15;13;3;3;2;4;1;0;1;2
2020-11-25 04:52:59;51;15;13;3;3;2;4;1;0;1;2
2020-11-25 04:53:58;51;15;13;3;3;2;4;1;0;1;2
2020-11-25 04:54:59;51;15;13;3;3;2;4;1;0;1;2
2020-11-25 04:55:59;51;15;13;3;3;2;4;1;0;1;2
2020-11-25 04:56:58;51;15;13;3;3;2;4;1;0;1;2
2020-11-25 04:57:59;51;15;13;3;3;2;4;1;0;1;2
2020-11-25 04:58:58;51;15;13;3;3;2;4;1;0;1;2
2020-11-25 04:59:59;51;15;13;3;3;2;4;1;0;1;2
2020-11-25 05:00:59;51;15;13;3;3;2;4;1;0;1;2
2020-11-25 05:01:58;51;15;13;3;3;2;4;1;0;1;2
2020-11-25 05:02:59;51;15;13;3;3;2;4;1;0;1;2
2020-11-25 05:03:59;52;16;13;3;3;2;4;1;0;1;2
2020-11-25 05:04:58;52;16;13;3;3;2;4;1;0;1;2
2020-11-25 05:05:59;52;16;13;3;3;2;4;1;0;1;2
2020-11-25 05:06:59;52;16;13;3;3;2;4;1;0;1;2
2020-11-25 05:07:58;52;16;13;3;3;2;4;1;0;1;2
2020-11-25 05:08:59;52;16;13;3;3;2;4;1;0;1;2
2020-11-25 05:09:59;52;16;13;3;3;2;4;1;0;1;2
2020-11-25 05:10:58;53;16;13;3;3;3;4;1;0;0;2
2020-11-25 05:11:59;53;16;13;3;3;3;4;1;0;0;2
2020-11-25 05:12:59;53;16;13;3;3;3;4;1;0;0;2
2020-11-25 05:13:58;53;16;13;3;3;3;4;1;0;0;2
2020-11-25 05:14:59;53;16;13;3;3;3;4;1;0;0;2
2020-11-25 05:15:59;53;16;13;3;3;3;4;1;0;0;2
2020-11-25 05:16:58;53;16;13;3;3;3;4;1;0;0;2
2020-11-25 05:17:59;54;16;13;3;3;4;4;1;0;0;2
2020-11-25 05:18:58;54;16;13;3;3;4;4;1;0;0;2
2020-11-25 05:19:59;54;16;13;3;3;4;4;1;0;0;2
2020-11-25 05:20:58;54;16;13;3;3;4;4;1;0;0;2
2020-11-25 05:21:59;54;16;13;3;3;4;4;1;0;0;2
2020-11-25 05:22:59;54;16;13;3;3;4;4;1;0;0;2
2020-11-25 05:23:58;54;16;13;3;3;4;4;1;0;0;2
2020-11-25 05:24:59;54;16;13;3;3;4;4;1;0;0;2
2020-11-25 05:25:59;54;16;13;3;3;4;4;1;0;0;2
2020-11-25 05:26:58;54;16;13;3;3;4;4;1;0;0;2
2020-11-25 05:27:59;54;16;13;3;3;4;4;1;0;0;2
2020-11-25 05:28:59;54;16;13;3;3;4;4;1;0;0;2
2020-11-25 05:29:58;54;16;13;3;3;4;4;1;0;0;2
2020-11-25 05:30:59;54;16;13;3;3;4;4;1;0;0;2
2020-11-25 05:31:59;54;16;13;3;3;4;4;1;0;0;2
2020-11-25 05:32:58;54;16;13;3;3;4;4;1;0;0;2
2020-11-25 05:33:59;54;16;13;3;3;4;4;1;0;0;2
2020-11-25 05:34:59;54;16;13;3;3;4;4;1;0;0;2
2020-11-25 05:35:58;54;16;13;3;3;4;4;1;0;0;2
2020-11-25 05:36:59;54;16;13;3;3;4;4;1;0;0;2
2020-11-25 05:37:58;55;16;14;3;3;4;4;1;0;0;2
2020-11-25 05:38:59;55;16;14;3;3;4;4;1;0;0;2
2020-11-25 05:39:59;55;16;14;3;3;4;4;1;0;0;2
2020-11-25 05:40:58;55;16;14;3;3;4;4;1;0;0;2
2020-11-25 05:41:59;55;16;14;3;3;4;4;1;0;0;2
2020-11-25 05:42:59;55;16;14;3;3;4;4;1;0;0;2
2020-11-25 05:43:58;55;16;14;3;3;4;4;1;0;0;2
2020-11-25 05:44:59;55;16;14;3;3;4;4;1;0;0;2
2020-11-25 05:45:59;55;16;14;3;3;4;4;1;0;0;2
2020-11-25 05:46:58;55;16;14;3;3;4;4;1;0;0;2
2020-11-25 05:47:59;55;16;14;3;3;4;4;1;0;0;2
2020-11-25 05:48:59;55;16;14;3;3;4;4;1;0;0;2
2020-11-25 05:49:58;55;16;14;3;3;4;4;1;0;0;2
2020-11-25 05:50:59;55;16;14;3;3;4;4;1;0;0;2
2020-11-25 05:51:59;56;16;14;3;3;4;4;0;0;0;2
2020-11-25 05:52:58;56;16;14;3;3;4;4;0;0;0;2
2020-11-25 05:53:59;56;16;14;3;3;4;4;0;0;0;2
2020-11-25 05:54:58;56;16;14;3;3;4;4;0;0;0;2
2020-11-25 05:55:59;56;16;14;3;3;4;4;0;0;0;2
2020-11-25 05:56:59;56;16;14;3;3;4;4;0;0;0;2
2020-11-25 05:57:58;56;16;14;3;3;4;4;0;0;0;2
2020-11-25 05:58:59;56;16;14;3;3;4;4;0;0;0;2
2020-11-25 05:59:58;56;16;14;3;3;4;4;0;0;0;2
2020-11-25 06:00:59;56;16;14;3;3;4;4;0;0;0;2
2020-11-25 06:01:59;56;16;14;3;3;4;4;0;0;0;2
2020-11-25 06:02:58;57;17;14;3;3;4;4;0;0;0;2
2020-11-25 06:03:59;57;17;14;3;3;4;4;0;0;0;2
2020-11-25 06:04:59;57;17;14;3;3;4;4;0;0;0;2
2020-11-25 06:05:58;57;17;14;3;3;4;4;0;0;0;2
2020-11-25 06:06:59;57;17;14;3;3;4;4;0;0;0;2
2020-11-25 06:07:59;57;17;14;3;3;4;4;0;0;0;2
2020-11-25 06:08:58;57;17;14;3;3;4;4;0;0;0;2
2020-11-25 06:09:59;57;17;14;3;3;4;4;0;0;0;2
2020-11-25 06:10:59;58;17;15;3;3;4;4;0;0;0;2
2020-11-25 06:11:59;58;17;15;3;3;4;4;0;0;0;2
2020-11-25 06:12:59;58;17;15;3;3;4;4;0;0;0;2
2020-11-25 06:13:59;59;17;16;3;3;4;4;0;0;0;2
2020-11-25 06:14:58;60;17;16;3;3;5;4;0;0;0;2
2020-11-25 06:15:59;60;17;16;3;3;5;4;0;0;0;2
2020-11-25 06:16:59;60;17;16;3;3;5;4;0;0;0;2
2020-11-25 06:17:58;60;17;16;3;3;5;4;0;0;0;2
2020-11-25 06:18:59;60;17;16;3;3;5;4;0;0;0;2
2020-11-25 06:19:58;60;17;16;3;3;5;4;0;0;0;2
2020-11-25 06:20:59;60;17;16;3;3;5;4;0;0;0;2
2020-11-25 06:21:59;60;17;16;3;3;5;4;0;0;0;2
2020-11-25 06:22:58;60;17;16;3;3;5;4;0;0;0;2
2020-11-25 06:23:59;60;17;16;3;3;5;4;0;0;0;2
2020-11-25 06:24:59;60;17;16;3;3;5;4;0;0;0;2
2020-11-25 06:25:58;60;17;16;3;3;5;4;0;0;0;2
2020-11-25 06:26:59;61;17;17;3;3;5;4;0;0;0;2
2020-11-25 06:27:59;61;17;17;3;3;5;4;0;0;0;2
2020-11-25 06:28:58;61;17;17;3;3;5;4;0;0;0;2
2020-11-25 06:29:59;61;17;17;3;3;5;4;0;0;0;2
2020-11-25 06:30:58;61;17;17;3;3;5;4;0;0;0;2
2020-11-25 06:31:59;62;18;17;3;3;5;4;0;0;0;2
2020-11-25 06:32:59;62;18;17;3;3;5;4;0;0;0;2
2020-11-25 06:33:58;62;18;17;3;3;5;4;0;0;0;2
2020-11-25 06:34:59;62;18;17;3;3;5;4;0;0;0;2
2020-11-25 06:35:59;62;18;17;3;3;5;4;0;0;0;2
2020-11-25 06:36:58;62;18;17;3;3;5;4;0;0;0;2
2020-11-25 06:37:59;62;18;17;3;3;5;4;0;0;0;2
2020-11-25 06:38:59;62;18;17;3;3;5;4;0;0;0;2
2020-11-25 06:39:58;62;18;17;3;3;5;4;0;0;0;2
2020-11-25 06:40:59;62;18;17;3;3;5;4;0;0;0;2
2020-11-25 06:41:59;62;18;17;3;3;5;4;0;0;0;2
2020-11-25 06:42:58;62;18;17;3;3;5;4;0;0;0;2
2020-11-25 06:43:59;62;18;17;3;3;5;4;0;0;0;2
2020-11-25 06:44:59;62;18;17;3;3;5;4;0;0;0;2
2020-11-25 06:45:58;62;18;17;3;3;5;4;0;0;0;2
2020-11-25 06:46:59;62;18;17;3;3;5;4;0;0;0;2
2020-11-25 06:47:58;62;18;17;3;3;5;4;0;0;0;2
2020-11-25 06:48:59;62;18;17;3;3;5;4;0;0;0;2
2020-11-25 06:49:59;62;18;17;3;3;5;4;0;0;0;2
2020-11-25 06:50:58;63;19;17;3;3;5;4;0;0;0;2
2020-11-25 06:51:59;63;19;17;3;3;5;4;0;0;0;2
2020-11-25 06:52:59;63;19;17;3;3;5;4;0;0;0;2
2020-11-25 06:53:58;63;19;17;3;3;5;4;0;0;0;2
2020-11-25 06:54:59;63;19;17;3;3;5;4;0;0;0;2
2020-11-25 06:55:59;63;19;17;3;3;5;4;0;0;0;2
2020-11-25 06:56:58;64;20;17;3;3;5;4;0;0;0;2
2020-11-25 06:57:59;64;20;17;3;3;5;4;0;0;0;2
2020-11-25 06:58:58;64;20;17;3;3;5;4;0;0;0;2
2020-11-25 06:59:59;64;20;17;3;3;5;4;0;0;0;2
2020-11-25 07:00:59;64;20;17;3;3;5;4;0;0;0;2
2020-11-25 07:01:58;64;20;17;3;3;5;4;0;0;0;2
2020-11-25 07:02:59;64;20;17;3;3;5;4;0;0;0;2
2020-11-25 07:03:59;64;20;17;3;3;5;4;0;0;0;2
2020-11-25 07:04:58;64;20;17;3;3;5;4;0;0;0;2
2020-11-25 07:05:59;64;20;17;3;3;5;4;0;0;0;2
2020-11-25 07:06:59;64;20;17;3;3;5;4;0;0;0;2
2020-11-25 07:08:00;64;20;17;3;3;5;4;0;0;0;2
2020-11-25 07:08:58;64;20;17;3;3;5;4;0;0;0;2
2020-11-25 07:09:59;64;20;17;3;3;5;4;0;0;0;2
2020-11-25 07:10:58;64;20;17;3;3;5;4;0;0;0;2
2020-11-25 07:11:59;64;20;17;3;3;5;4;0;0;0;2
2020-11-25 07:12:59;64;20;17;3;3;5;4;0;0;0;2
2020-11-25 07:13:59;64;20;17;3;3;5;4;0;0;0;2
2020-11-25 07:14:58;64;20;17;3;3;5;4;0;0;0;2
2020-11-25 07:15:59;64;20;17;3;3;5;4;0;0;0;2
2020-11-25 07:16:59;64;20;17;3;3;5;4;0;0;0;2
2020-11-25 07:17:58;64;20;17;3;3;5;4;0;0;0;2
2020-11-25 07:18:59;64;20;17;3;3;5;4;0;0;0;2
2020-11-25 07:19:59;64;20;17;3;3;5;4;0;0;0;2
2020-11-25 07:20:58;64;20;17;3;3;5;4;0;0;0;2
2020-11-25 07:21:59;64;20;17;3;3;5;4;0;0;0;2
2020-11-25 07:22:59;64;20;17;3;3;5;4;0;0;0;2
2020-11-25 07:23:58;64;20;17;3;3;5;4;0;0;0;2
2020-11-25 07:24:59;64;20;17;3;3;5;4;0;0;0;2
2020-11-25 07:25:59;64;20;17;3;3;5;4;0;0;0;2
2020-11-25 07:26:58;64;20;17;3;3;5;4;0;0;0;2
2020-11-25 07:27:59;64;20;17;3;3;5;4;0;0;0;2
2020-11-25 07:28:59;64;20;17;3;3;5;4;0;0;0;2
2020-11-25 07:29:58;64;20;17;3;3;5;4;0;0;0;2
2020-11-25 07:30:59;64;20;17;3;3;5;4;0;0;0;2
2020-11-25 07:31:59;64;20;17;3;3;5;4;0;0;0;2
2020-11-25 07:32:58;65;21;17;3;3;5;4;0;0;0;2
2020-11-25 07:33:59;65;21;17;3;3;5;4;0;0;0;2
2020-11-25 07:34:59;65;21;17;3;3;5;4;0;0;0;2
2020-11-25 07:35:58;65;21;17;3;3;5;4;0;0;0;2
2020-11-25 07:36:59;65;21;17;3;3;5;4;0;0;0;2
2020-11-25 07:37:59;65;21;17;3;3;5;4;0;0;0;2
2020-11-25 07:38:58;65;21;17;3;3;5;4;0;0;0;2
2020-11-25 07:39:59;65;21;17;3;3;5;4;0;0;0;2
2020-11-25 07:40:59;65;21;17;3;3;5;4;0;0;0;2
2020-11-25 07:41:58;65;21;17;3;3;5;4;0;0;0;2
2020-11-25 07:42:59;65;21;17;3;3;5;4;0;0;0;2
2020-11-25 07:43:59;65;21;17;3;3;5;4;0;0;0;2
2020-11-25 07:44:58;65;21;17;3;3;5;4;0;0;0;2
2020-11-25 07:45:59;65;21;17;3;3;5;4;0;0;0;2
2020-11-25 07:46:59;65;21;17;3;3;5;4;0;0;0;2
2020-11-25 07:47:58;65;21;17;3;3;5;4;0;0;0;2
2020-11-25 07:48:59;65;21;17;3;3;5;4;0;0;0;2
2020-11-25 07:49:59;66;21;17;3;3;5;4;0;0;0;3
2020-11-25 07:50:59;67;21;17;3;3;5;4;0;0;0;3
2020-11-25 07:51:58;67;21;17;3;3;5;4;0;0;0;3
2020-11-25 07:52:59;68;22;17;3;3;5;4;0;0;0;3
2020-11-25 07:53:59;68;22;17;3;3;5;4;0;0;0;3
2020-11-25 07:54:58;68;22;17;3;3;5;4;0;0;0;3
2020-11-25 07:55:59;68;22;17;3;3;5;4;0;0;0;3
2020-11-25 07:56:59;69;22;17;3;3;5;4;0;0;0;3
2020-11-25 07:57:58;69;22;17;3;3;5;4;0;0;0;3
2020-11-25 07:58:59;70;22;17;3;3;5;4;1;0;0;3
2020-11-25 07:59:59;70;22;17;3;3;5;4;1;0;0;3
2020-11-25 08:00:58;70;22;17;3;3;5;4;1;0;0;3
2020-11-25 08:01:59;70;22;17;3;3;5;4;1;0;0;3
2020-11-25 08:02:59;70;22;17;3;3;5;4;1;0;0;3
2020-11-25 08:03:58;70;22;17;3;3;5;4;1;0;0;3
2020-11-25 08:04:59;70;22;17;3;3;5;4;1;0;0;3
2020-11-25 08:05:59;71;22;17;3;4;5;4;1;0;0;3
2020-11-25 08:06:58;71;22;17;3;4;5;4;1;0;0;3
2020-11-25 08:07:59;72;23;17;3;4;5;4;1;0;0;3
2020-11-25 08:09:00;72;23;17;3;4;5;4;1;0;0;3
2020-11-25 08:09:58;72;23;17;3;4;5;4;1;0;0;3
2020-11-25 08:10:59;72;23;17;3;4;5;4;1;0;0;3
2020-11-25 08:11:58;72;23;17;3;4;5;4;1;0;0;3
2020-11-25 08:12:59;72;23;17;3;4;5;4;1;0;0;3
2020-11-25 08:13:59;72;23;17;3;4;5;4;1;0;0;3
2020-11-25 08:14:58;72;23;17;3;4;5;4;1;0;0;3
2020-11-25 08:15:59;72;23;17;3;4;5;4;1;0;0;3
2020-11-25 08:16:59;73;24;17;3;4;5;4;1;0;0;3
2020-11-25 08:17:58;73;24;17;3;4;5;4;1;0;0;3
2020-11-25 08:18:59;73;24;17;3;4;5;4;1;0;0;3
2020-11-25 08:19:59;73;24;17;3;4;5;4;1;0;0;3
2020-11-25 08:20:58;73;24;17;3;4;5;4;1;0;0;3
2020-11-25 08:21:59;73;24;17;3;4;5;4;1;0;0;3
2020-11-25 08:22:58;73;24;17;3;4;5;4;1;0;0;3
2020-11-25 08:23:59;73;24;17;3;4;5;4;1;0;0;3
2020-11-25 08:24:59;73;24;17;3;4;5;4;1;0;0;3
2020-11-25 08:25:58;73;24;17;3;4;5;4;1;0;0;3
2020-11-25 08:26:59;73;24;17;3;4;5;4;1;0;0;3
2020-11-25 08:27:59;73;24;17;3;4;5;4;1;0;0;3
2020-11-25 08:28:58;73;24;17;3;4;5;4;1;0;0;3
2020-11-25 08:29:59;73;24;17;3;4;5;4;1;0;0;3
2020-11-25 08:30:59;73;24;17;3;4;5;4;1;0;0;3
2020-11-25 08:31:58;73;24;17;3;4;5;4;1;0;0;3
2020-11-25 08:32:59;73;24;17;3;4;5;4;1;0;0;3
2020-11-25 08:33:59;73;24;17;3;4;5;4;1;0;0;3
2020-11-25 08:34:58;73;24;17;3;4;5;4;1;0;0;3
2020-11-25 08:35:59;73;24;17;3;4;5;4;1;0;0;3
2020-11-25 08:36:59;74;24;18;3;4;5;4;1;0;0;3
2020-11-25 08:37:58;74;24;18;3;4;5;4;1;0;0;3
2020-11-25 08:38:59;75;25;18;3;4;5;4;1;0;0;3
2020-11-25 08:40:00;75;25;18;3;4;5;4;1;0;0;3
2020-11-25 08:40:58;75;25;18;3;4;5;4;1;0;0;3
2020-11-25 08:41:59;75;25;18;3;4;5;4;1;0;0;3
2020-11-25 08:42:58;76;25;18;4;4;5;4;1;0;0;3
2020-11-25 08:43:59;76;25;18;4;4;5;4;1;0;0;3
2020-11-25 08:44:59;76;25;18;4;4;5;4;1;0;0;3
2020-11-25 08:46:00;76;25;18;4;4;5;4;1;0;0;3
2020-11-25 08:46:58;76;25;18;4;4;5;4;1;0;0;3
2020-11-25 08:47:59;76;25;18;4;4;5;4;1;0;0;3
2020-11-25 08:48:58;77;25;18;4;4;5;4;2;0;1;3
2020-11-25 08:49:59;77;25;18;4;4;5;4;2;0;1;3
2020-11-25 08:50:59;77;25;18;4;4;5;4;2;0;1;3
2020-11-25 08:51:58;77;25;18;4;4;5;4;2;0;1;3
2020-11-25 08:52:59;77;25;18;4;4;5;4;2;0;1;3
2020-11-25 08:53:59;77;25;18;4;4;5;4;2;0;1;3
2020-11-25 08:54:58;78;26;18;4;4;5;4;2;0;1;3
2020-11-25 08:55:59;78;26;18;4;4;5;4;2;0;1;3
2020-11-25 08:56:59;78;26;18;4;4;5;4;2;0;1;3
2020-11-25 08:57:58;78;26;18;4;4;5;4;2;0;1;3
2020-11-25 08:58:59;79;26;18;4;4;5;4;2;1;1;3
2020-11-25 08:59:59;79;26;19;4;4;5;4;2;0;1;3
2020-11-25 09:00:58;79;26;19;4;4;5;4;2;0;1;3
2020-11-25 09:01:59;79;26;19;4;4;5;4;2;0;1;3
2020-11-25 09:02:58;79;26;19;4;4;5;4;2;0;1;3
2020-11-25 09:03:59;79;26;19;4;4;5;4;2;0;1;3
2020-11-25 09:04:59;79;26;19;4;4;5;4;2;0;1;3
2020-11-25 09:05:58;79;26;19;4;4;5;4;2;0;1;3
2020-11-25 09:06:59;79;26;19;4;4;5;4;2;0;1;3
2020-11-25 09:07:59;79;26;19;4;4;5;4;2;0;1;3
2020-11-25 09:08:58;79;26;19;4;4;5;4;2;0;1;3
2020-11-25 09:09:59;79;26;19;4;4;5;4;2;0;1;3
2020-11-25 09:10:59;79;26;19;4;4;5;4;2;0;1;3
2020-11-25 09:11:58;79;26;19;4;4;5;4;2;0;1;3
2020-11-25 09:12:59;78;26;19;4;4;5;4;2;0;1;2
2020-11-25 09:13:59;78;26;19;4;4;5;4;2;0;1;2
2020-11-25 09:14:58;78;26;19;4;4;5;4;2;0;1;2
2020-11-25 09:15:59;79;26;19;4;4;5;4;2;0;2;2
2020-11-25 09:16:59;79;26;19;4;4;5;4;2;0;2;2
2020-11-25 09:17:58;78;26;19;4;4;5;4;2;0;2;2
2020-11-25 09:18:59;78;26;19;4;4;5;4;2;0;2;2
2020-11-25 09:19:58;78;26;19;4;4;5;4;2;0;2;2
2020-11-25 09:20:59;78;26;19;4;4;5;4;2;0;2;2
2020-11-25 09:21:58;78;26;19;4;4;5;4;2;0;2;2
2020-11-25 09:22:59;78;26;19;4;4;5;4;2;0;2;2
2020-11-25 09:23:59;78;26;19;4;4;5;4;2;0;2;2
2020-11-25 09:24:58;78;26;19;4;4;5;4;2;0;2;2
2020-11-25 09:25:59;78;26;19;4;4;5;4;2;0;2;2
2020-11-25 09:26:59;79;26;19;4;4;5;4;3;0;2;2
2020-11-25 09:27:58;79;26;19;4;4;5;4;3;0;2;2
2020-11-25 09:28:59;79;26;19;4;4;5;4;3;0;2;2
2020-11-25 09:29:58;79;26;19;4;4;5;4;3;0;2;2
2020-11-25 09:30:59;80;27;19;4;4;5;4;3;0;2;2
2020-11-25 09:31:59;80;27;19;4;4;5;4;3;0;2;2
2020-11-25 09:32:58;81;28;19;4;4;5;4;3;0;2;2
2020-11-25 09:33:59;81;28;19;4;4;5;4;3;0;2;2
2020-11-25 09:34:59;82;29;19;4;4;5;4;3;0;2;2
2020-11-25 09:35:58;82;29;19;4;4;5;4;3;0;2;2
2020-11-25 09:36:59;83;30;19;4;4;5;4;3;0;2;2
2020-11-25 09:37:59;83;30;19;4;4;5;4;3;0;2;2
2020-11-25 09:38:58;83;30;19;4;4;5;4;3;0;2;2
2020-11-25 09:39:59;83;30;19;4;4;5;4;3;0;2;2
2020-11-25 09:40:59;83;30;19;4;4;5;4;3;0;2;2
2020-11-25 09:41:58;84;30;20;4;4;5;4;3;0;2;2
2020-11-25 09:42:59;84;30;20;4;4;5;4;3;0;2;2
2020-11-25 09:43:58;84;30;20;4;4;5;4;3;0;2;2
2020-11-25 09:44:59;85;30;21;4;4;5;4;3;0;2;2
2020-11-25 09:45:59;85;30;21;4;4;5;4;3;0;2;2
2020-11-25 09:47:00;85;31;21;3;4;5;4;3;0;2;2
2020-11-25 09:47:58;85;31;21;3;4;5;4;3;0;2;2
2020-11-25 09:48:59;86;31;21;3;5;5;4;3;0;2;2
2020-11-25 09:49:59;86;31;21;3;5;5;4;3;0;2;2
2020-11-25 09:50:59;86;31;21;3;5;5;4;3;0;2;2
2020-11-25 09:51:58;87;32;21;3;5;5;4;3;0;2;2
2020-11-25 09:52:59;87;32;21;3;5;5;4;3;0;2;2
2020-11-25 09:53:59;87;32;21;3;5;5;4;3;0;2;2
2020-11-25 09:54:58;87;32;21;3;5;5;4;3;0;2;2
2020-11-25 09:55:59;88;32;22;3;5;5;4;3;0;2;2
2020-11-25 09:56:59;88;32;22;3;5;5;4;3;0;2;2
2020-11-25 09:57:58;88;32;22;3;5;5;4;3;0;2;2
2020-11-25 09:58:59;88;32;22;3;5;5;4;3;0;2;2
2020-11-25 09:59:59;88;32;22;3;5;5;4;3;0;2;2
2020-11-25 10:00:58;89;33;22;3;5;5;4;3;0;2;2
2020-11-25 10:01:59;89;33;22;3;5;5;4;3;0;2;2
2020-11-25 10:02:59;89;33;22;3;5;5;4;3;0;2;2
2020-11-25 10:03:58;89;33;22;3;5;5;4;3;0;2;2
2020-11-25 10:04:59;89;33;22;3;5;5;4;3;0;2;2
2020-11-25 10:06:00;90;33;22;4;5;5;4;3;0;2;2
2020-11-25 10:06:58;90;33;22;4;5;5;4;3;0;2;2
2020-11-25 10:07:59;90;33;22;4;5;5;4;3;0;2;2
2020-11-25 10:08:59;90;33;22;4;5;5;4;3;0;2;2
2020-11-25 10:09:58;90;33;22;4;5;5;4;3;0;2;2
2020-11-25 10:10:59;90;33;22;4;5;5;4;3;0;2;2
2020-11-25 10:11:58;90;33;22;4;5;5;4;3;0;2;2
2020-11-25 10:12:59;90;33;22;4;5;5;4;3;0;2;2
2020-11-25 10:13:59;90;33;22;4;5;5;4;3;0;2;2
2020-11-25 10:14:58;90;33;22;4;5;5;4;3;0;2;2
2020-11-25 10:15:59;91;33;22;5;5;5;4;3;0;2;2
2020-11-25 10:16:59;91;33;22;5;5;5;4;3;0;2;2
2020-11-25 10:17:58;91;33;22;5;5;5;4;3;0;2;2
2020-11-25 10:18:59;91;33;22;5;5;5;4;3;0;2;2
2020-11-25 10:19:59;91;33;22;5;5;5;4;3;0;2;2
2020-11-25 10:20:58;91;33;22;5;5;5;4;3;0;2;2
2020-11-25 10:21:59;92;34;22;5;5;5;4;3;0;2;2
2020-11-25 10:22:59;92;34;22;5;5;5;4;3;0;2;2
2020-11-25 10:23:58;92;34;22;5;5;5;4;3;0;2;2
2020-11-25 10:24:59;92;34;22;5;5;5;4;3;0;2;2
2020-11-25 10:25:59;92;34;22;5;5;5;4;3;0;2;2
2020-11-25 10:26:58;93;34;23;5;5;5;4;3;0;2;2
2020-11-25 10:27:59;93;34;23;5;5;5;4;3;0;2;2
2020-11-25 10:28:59;93;34;23;5;5;5;4;3;0;2;2
2020-11-25 10:29:58;93;34;23;5;5;5;4;3;0;2;2
2020-11-25 10:30:59;93;34;23;5;5;5;4;3;0;2;2
2020-11-25 10:31:59;94;35;23;5;5;5;4;3;0;2;2
2020-11-25 10:32:58;94;35;23;5;5;5;4;3;0;2;2
2020-11-25 10:33:59;94;35;23;5;5;5;4;3;0;2;2
2020-11-25 10:34:59;94;35;23;5;5;5;4;3;0;2;2
2020-11-25 10:35:58;94;35;23;5;5;5;4;3;0;2;2
2020-11-25 10:36:59;94;35;23;5;5;5;4;3;0;2;2
2020-11-25 10:37:58;95;35;23;5;5;5;4;3;0;2;2
2020-11-25 10:38:59;95;35;23;5;5;5;4;3;0;2;2
2020-11-25 10:39:59;95;35;23;5;5;5;4;3;0;2;2
2020-11-25 10:40:58;95;35;23;5;5;5;4;3;0;2;2
2020-11-25 10:41:59;95;35;23;5;5;5;4;3;0;2;2
2020-11-25 10:42:59;95;35;23;5;5;5;4;3;0;2;2
2020-11-25 10:43:59;95;35;23;5;5;5;4;3;0;2;2
2020-11-25 10:44:58;95;35;23;5;5;5;4;3;0;2;2
2020-11-25 10:45:59;95;35;23;5;5;5;4;3;0;2;2
2020-11-25 10:46:59;95;35;23;5;5;5;4;3;0;2;2
2020-11-25 10:47:58;95;35;23;5;5;5;4;3;0;2;2
2020-11-25 10:48:59;95;35;23;5;5;5;4;3;0;2;2
2020-11-25 10:49:59;95;35;23;5;5;5;4;3;0;2;2
2020-11-25 10:50:58;95;35;23;5;5;5;4;3;0;2;2
2020-11-25 10:51:59;96;36;23;5;5;5;4;3;0;2;2
2020-11-25 10:52:58;96;36;23;5;5;5;4;3;0;2;2
2020-11-25 10:53:59;96;36;23;5;5;5;4;3;0;2;2
2020-11-25 10:54:59;96;36;23;5;5;5;4;3;0;2;2
2020-11-25 10:55:58;96;36;23;5;5;5;4;3;0;2;2
2020-11-25 10:56:59;96;36;23;5;5;5;4;3;0;2;2
2020-11-25 10:57:59;96;36;23;5;5;5;4;3;0;2;2
2020-11-25 10:58:59;96;36;23;5;5;5;4;3;0;2;2
2020-11-25 10:59:58;96;36;23;5;5;5;4;3;0;2;2
2020-11-25 11:00:59;96;36;23;5;5;5;4;3;0;2;2
2020-11-25 11:01:59;96;36;23;5;5;5;4;3;0;2;2
2020-11-25 11:02:58;96;36;23;5;5;5;4;3;0;2;2
2020-11-25 11:03:59;96;36;23;5;5;5;4;3;0;2;2
2020-11-25 11:04:59;96;36;23;5;5;5;4;3;0;2;2
2020-11-25 11:05:58;96;36;23;5;5;5;4;3;0;2;2
2020-11-25 11:06:59;96;36;23;5;5;5;4;3;0;2;2
2020-11-25 11:07:59;97;37;23;5;5;5;4;3;0;2;2
2020-11-25 11:08:58;97;37;23;5;5;5;4;3;0;2;2
2020-11-25 11:09:59;97;37;23;5;5;5;4;3;0;2;2
2020-11-25 11:10:58;97;37;23;5;5;5;4;3;0;2;2
2020-11-25 11:11:59;97;37;23;5;5;5;4;3;0;2;2
2020-11-25 11:12:58;97;37;23;5;5;5;4;3;0;2;2
2020-11-25 11:13:59;97;37;23;5;5;5;4;3;0;2;2
2020-11-25 11:14:59;97;37;23;5;5;5;4;3;0;2;2
2020-11-25 11:15:58;97;37;23;5;5;5;4;3;0;2;2
2020-11-25 11:16:59;98;37;23;5;5;5;4;3;0;2;2
2020-11-25 11:17:59;99;37;23;5;5;5;4;3;1;2;2
2020-11-25 11:18:58;99;37;23;5;5;5;4;3;1;2;2
2020-11-25 11:19:59;99;37;23;5;5;5;4;3;1;2;2
2020-11-25 11:20:58;99;37;23;5;5;5;4;3;1;2;2
2020-11-25 11:21:59;99;37;23;5;5;5;4;3;1;2;2
2020-11-25 11:22:59;99;37;23;5;5;5;4;3;1;2;2
2020-11-25 11:23:58;99;37;23;5;5;5;4;3;1;2;2
2020-11-25 11:24:59;99;37;23;5;5;5;4;3;1;2;2
2020-11-25 11:25:59;99;37;23;5;5;5;4;3;1;2;2
2020-11-25 11:26:58;99;37;23;5;5;5;4;3;1;2;2
2020-11-25 11:27:59;99;37;23;5;5;5;4;3;1;2;2
2020-11-25 11:28:58;99;37;23;5;5;5;4;3;1;2;2
2020-11-25 11:29:59;99;37;23;5;5;5;4;3;1;2;2
2020-11-25 11:30:58;99;37;23;5;5;5;4;3;1;2;2
2020-11-25 11:31:59;100;38;23;5;5;5;4;3;1;2;2
2020-11-25 11:32:59;101;38;24;5;5;5;4;3;1;2;2
2020-11-25 11:33:58;101;38;24;5;5;5;4;3;1;2;2
2020-11-25 11:34:59;101;38;24;5;5;5;4;3;1;2;2
2020-11-25 11:35:59;101;38;24;5;5;5;4;3;1;2;2
2020-11-25 11:36:58;101;38;24;5;5;5;4;3;1;2;2
2020-11-25 11:37:59;101;38;24;5;5;5;4;3;1;2;2
2020-11-25 11:38:59;101;38;24;5;5;5;4;3;1;2;2
2020-11-25 11:39:58;101;38;24;5;5;5;4;3;1;2;2
2020-11-25 11:40:59;101;38;24;5;5;5;4;3;1;2;2
2020-11-25 11:41:58;101;38;24;5;5;5;4;3;1;2;2
2020-11-25 11:42:59;101;38;24;5;5;5;4;3;1;2;2
2020-11-25 11:43:58;101;38;24;5;5;5;4;3;1;2;2
2020-11-25 11:44:59;101;38;24;5;5;5;4;3;1;2;2
2020-11-25 11:45:59;101;38;24;5;5;5;4;3;1;2;2
2020-11-25 11:46:58;102;38;25;5;5;5;4;3;1;2;2
2020-11-25 11:47:59;102;38;25;5;5;5;4;3;1;2;2
2020-11-25 11:48:59;102;38;25;5;5;5;4;3;1;2;2
2020-11-25 11:49:58;102;38;25;5;5;5;4;3;1;2;2
2020-11-25 11:50:59;102;38;25;5;5;5;4;3;1;2;2
2020-11-25 11:51:59;103;38;25;6;5;5;4;3;1;2;2
2020-11-25 11:52:58;103;38;25;6;5;5;4;3;1;2;2
2020-11-25 11:53:59;103;38;25;6;5;5;4;3;1;2;2
2020-11-25 11:54:59;103;38;25;6;5;5;4;3;1;2;2
2020-11-25 11:55:59;104;39;25;6;5;5;4;3;1;2;2
2020-11-25 11:56:58;104;39;25;6;5;5;4;3;1;2;2
2020-11-25 11:57:59;104;39;25;6;5;5;4;3;1;2;2
2020-11-25 11:58:58;104;39;25;6;5;5;4;3;1;2;2
2020-11-25 11:59:59;105;40;25;6;5;5;4;3;1;2;2
2020-11-25 12:00:59;105;40;25;6;5;5;4;3;1;2;2
2020-11-25 12:01:58;105;40;25;6;5;5;4;3;1;2;2
2020-11-25 12:02:59;105;40;25;6;5;5;4;3;1;2;2
2020-11-25 12:03:59;105;40;25;6;5;5;4;3;1;2;2
2020-11-25 12:04:58;105;40;25;6;5;5;4;3;1;2;2
2020-11-25 12:05:59;105;40;25;6;5;5;4;3;1;2;2
2020-11-25 12:06:59;105;40;25;6;5;5;4;3;1;2;2
2020-11-25 12:07:58;105;40;25;6;5;5;4;3;1;2;2
2020-11-25 12:08:59;105;40;25;6;5;5;4;3;1;2;2
2020-11-25 12:09:59;105;40;25;6;5;5;4;3;1;2;2
2020-11-25 12:10:58;105;40;25;6;5;5;4;3;1;2;2
2020-11-25 12:11:59;105;40;25;6;5;5;4;3;1;2;2
2020-11-25 12:12:59;105;40;25;6;5;5;4;3;1;2;2
2020-11-25 12:13:58;105;40;25;6;5;5;4;3;1;2;2
2020-11-25 12:14:59;105;40;25;6;5;5;4;3;1;2;2
2020-11-25 12:15:59;105;40;25;6;5;5;4;3;1;2;2
2020-11-25 12:16:59;105;40;24;6;5;5;4;3;1;3;2
2020-11-25 12:17:58;105;40;24;6;5;5;4;3;1;3;2
2020-11-25 12:18:59;105;40;24;6;5;5;4;3;1;3;2
2020-11-25 12:19:59;105;40;24;6;5;5;4;3;1;3;2
2020-11-25 12:20:58;105;40;24;6;5;5;4;3;1;3;2
2020-11-25 12:21:59;105;40;24;6;5;5;4;3;1;3;2
2020-11-25 12:22:59;105;40;24;6;5;5;4;3;1;3;2
2020-11-25 12:23:58;105;40;24;6;5;5;4;3;1;3;2
2020-11-25 12:24:59;106;41;24;6;5;5;4;3;1;3;2
2020-11-25 12:25:59;106;41;24;6;5;5;4;3;1;3;2
2020-11-25 12:26:58;106;41;24;6;5;5;4;3;1;3;2
2020-11-25 12:27:59;106;41;24;6;5;5;4;3;1;3;2
2020-11-25 12:28:59;106;41;24;6;5;5;4;3;1;3;2
2020-11-25 12:29:58;106;41;24;6;5;5;4;3;1;3;2
2020-11-25 12:30:59;106;41;24;6;5;5;4;3;1;3;2
2020-11-25 12:31:59;106;41;24;6;5;5;4;3;1;3;2
2020-11-25 12:32:58;106;41;24;6;5;5;4;3;1;3;2
2020-11-25 12:33:59;106;41;24;6;5;5;4;3;1;3;2
2020-11-25 12:34:59;107;41;24;6;5;5;4;3;2;3;2
2020-11-25 12:35:58;107;41;24;6;5;5;4;3;2;3;2
2020-11-25 12:36:59;107;41;24;6;5;5;4;3;2;3;2
2020-11-25 12:37:59;107;41;24;6;5;5;4;3;2;3;2
2020-11-25 12:38:58;108;42;24;6;5;5;4;3;2;3;2
2020-11-25 12:39:59;108;42;24;6;5;5;4;3;2;3;2
2020-11-25 12:40:59;108;42;24;6;5;5;4;3;2;3;2
2020-11-25 12:41:58;108;42;24;6;5;5;4;3;2;3;2
2020-11-25 12:42:59;108;42;24;6;5;5;4;3;2;3;2
2020-11-25 12:44:00;108;42;24;6;5;5;4;3;2;3;2
2020-11-25 12:44:58;109;43;24;6;5;5;4;3;2;3;2
2020-11-25 12:45:59;109;43;24;6;5;5;4;3;2;3;2
2020-11-25 12:46:59;109;43;24;6;5;5;4;3;2;3;2
2020-11-25 12:47:58;109;43;24;6;5;5;4;3;2;3;2
2020-11-25 12:48:59;109;43;24;6;5;5;4;3;2;3;2
2020-11-25 12:49:58;109;43;24;6;5;5;4;3;2;3;2
2020-11-25 12:50:59;109;43;24;6;5;5;4;3;2;3;2
2020-11-25 12:51:59;110;44;24;6;5;5;4;3;2;3;2
2020-11-25 12:52:59;111;44;24;6;6;5;4;3;2;3;2
2020-11-25 12:53:58;112;45;24;6;6;5;4;3;2;3;2
2020-11-25 12:54:59;112;45;24;6;6;5;4;3;2;3;2
2020-11-25 12:55:59;112;45;24;6;6;5;4;3;2;3;2
2020-11-25 12:56:58;112;45;24;6;6;5;4;3;2;3;2
2020-11-25 12:57:59;113;45;24;6;6;5;4;3;2;3;2
2020-11-25 12:58:58;113;45;24;6;6;5;4;3;2;3;2
2020-11-25 12:59:59;113;45;24;6;6;5;4;3;2;3;2
2020-11-25 13:00:59;113;45;24;6;6;5;4;3;2;3;2
2020-11-25 13:01:59;114;46;24;6;6;5;4;3;2;3;2
2020-11-25 13:02:58;114;46;24;6;6;5;4;3;2;3;2
2020-11-25 13:03:59;114;46;24;6;6;5;4;3;2;3;2
2020-11-25 13:04:59;114;46;24;6;6;5;4;3;2;3;2
2020-11-25 13:05:58;114;46;24;6;6;5;4;3;2;3;2
2020-11-25 13:06:59;114;46;24;6;6;5;4;3;2;3;2
2020-11-25 13:07:58;115;47;24;6;6;5;4;3;2;3;2
2020-11-25 13:08:59;115;47;24;6;6;5;4;3;2;3;2
2020-11-25 13:09:59;115;47;24;6;6;5;4;3;2;3;2
2020-11-25 13:10:58;115;47;24;6;6;5;4;3;2;3;2
2020-11-25 13:11:59;115;47;24;6;6;5;4;3;2;3;2
2020-11-25 13:12:59;115;47;24;6;6;5;4;3;2;3;2
2020-11-25 13:13:58;115;47;24;6;6;5;4;3;2;3;2
2020-11-25 13:14:59;115;47;24;6;6;5;4;3;2;3;2
2020-11-25 13:15:59;115;47;24;6;6;5;4;3;2;3;2
2020-11-25 13:16:58;115;47;24;6;6;5;4;3;2;3;2
2020-11-25 13:17:59;115;47;24;6;6;5;4;3;2;3;2
2020-11-25 13:18:59;115;47;24;6;6;5;4;3;2;3;2
2020-11-25 13:19:58;115;47;24;6;6;5;4;3;2;3;2
2020-11-25 13:20:59;115;47;24;6;6;5;4;3;2;3;2
2020-11-25 13:21:59;115;47;24;6;6;5;4;3;2;3;2
2020-11-25 13:22:58;115;47;24;6;6;5;4;3;2;3;2
2020-11-25 13:23:59;115;47;24;6;6;5;4;3;2;3;2
2020-11-25 13:24:59;116;48;24;6;6;5;4;3;2;3;2
2020-11-25 13:25:58;116;48;24;6;6;5;4;3;2;3;2
2020-11-25 13:26:59;116;48;24;6;6;5;4;3;2;3;2
2020-11-25 13:27:58;117;49;24;6;6;5;4;3;2;3;2
2020-11-25 13:28:59;117;49;24;6;6;5;4;3;2;3;2
2020-11-25 13:29:59;117;49;24;6;6;5;4;3;2;3;2
2020-11-25 13:30:58;118;50;24;6;6;5;4;3;2;3;2
2020-11-25 13:31:59;118;50;24;6;6;5;4;3;2;3;2
2020-11-25 13:32:59;119;50;24;7;6;5;4;3;2;3;2
2020-11-25 13:33:58;119;50;24;7;6;5;4;3;2;3;2
2020-11-25 13:34:59;119;50;24;7;6;5;4;3;2;3;2
2020-11-25 13:35:59;119;50;24;7;6;5;4;3;2;3;2
2020-11-25 13:36:58;119;50;24;7;6;5;4;3;2;3;2
2020-11-25 13:37:59;119;50;24;7;6;5;4;3;2;3;2
2020-11-25 13:38:59;120;51;24;7;6;5;4;3;2;3;2
2020-11-25 13:39:58;120;51;24;7;6;5;4;3;2;3;2
2020-11-25 13:40:59;120;51;24;7;6;5;4;3;2;3;2
2020-11-25 13:41:59;120;51;24;7;6;5;4;3;2;3;2
2020-11-25 13:42:58;120;51;24;7;6;5;4;3;2;3;2
2020-11-25 13:43:59;120;51;24;7;6;5;4;3;2;3;2
2020-11-25 13:44:59;120;51;24;7;6;5;4;3;2;3;2
2020-11-25 13:45:58;120;51;24;7;6;5;4;3;2;3;2
2020-11-25 13:46:59;120;51;24;7;6;5;4;3;2;3;2
2020-11-25 13:47:59;120;51;24;7;6;5;4;3;2;3;2
2020-11-25 13:48:58;120;51;24;7;6;5;4;3;2;3;2
2020-11-25 13:49:59;120;51;24;7;6;5;4;3;2;3;2
2020-11-25 13:50:59;120;51;24;7;6;5;4;3;2;3;2
2020-11-25 13:51:58;121;51;25;7;6;5;4;3;2;3;2
2020-11-25 13:52:59;121;51;25;7;6;5;4;3;2;3;2
2020-11-25 13:53:58;121;51;25;7;6;5;4;3;2;3;2
2020-11-25 13:54:59;121;51;25;7;6;5;4;3;2;3;2
2020-11-25 13:55:59;122;51;25;7;6;5;4;3;3;3;2
2020-11-25 13:56:58;122;51;25;7;6;5;4;3;3;3;2
2020-11-25 13:57:59;122;51;25;7;6;5;4;3;3;3;2
2020-11-25 13:58:58;122;51;25;7;6;5;4;3;3;3;2
2020-11-25 13:59:59;122;51;25;7;6;5;4;3;3;3;2
2020-11-25 14:00:59;122;51;25;7;6;5;4;3;3;3;2
2020-11-25 14:01:58;121;51;25;7;6;5;3;3;3;3;2
2020-11-25 14:02:59;121;51;25;7;6;5;3;3;3;3;2
2020-11-25 14:03:58;121;51;25;7;6;5;3;3;3;3;2
2020-11-25 14:04:59;121;51;25;7;6;5;3;3;3;3;2
2020-11-25 14:05:59;121;51;25;7;6;5;3;3;3;3;2
2020-11-25 14:06:58;122;51;26;7;6;5;3;3;3;3;2
2020-11-25 14:07:59;122;51;26;7;6;5;3;3;3;3;2
2020-11-25 14:08:59;122;51;26;7;6;5;3;3;3;3;2
2020-11-25 14:09:58;122;51;26;7;6;5;3;3;3;3;2
2020-11-25 14:10:59;122;51;26;7;6;5;3;3;3;3;2
2020-11-25 14:11:59;122;51;26;7;6;5;3;3;3;3;2
2020-11-25 14:12:58;122;51;26;7;6;5;3;3;3;3;2
2020-11-25 14:13:59;122;51;26;7;6;5;3;3;3;3;2
2020-11-25 14:14:58;122;51;26;7;6;5;3;3;3;3;2
2020-11-25 14:15:59;122;51;26;7;6;5;3;3;3;3;2
2020-11-25 14:16:59;122;51;26;7;6;5;3;3;3;3;2
2020-11-25 14:17:58;122;51;26;7;6;5;3;3;3;3;2
2020-11-25 14:18:59;123;52;26;7;6;5;3;3;3;3;2
2020-11-25 14:19:59;123;52;26;7;6;5;3;3;3;3;2
2020-11-25 14:20:58;123;52;26;7;6;5;3;3;3;3;2
2020-11-25 14:21:59;123;52;26;7;6;5;3;3;3;3;2
2020-11-25 14:22:58;123;52;26;7;6;5;3;3;3;3;2
2020-11-25 14:23:59;123;52;26;7;6;5;3;3;3;3;2
2020-11-25 14:24:59;123;52;26;7;6;5;3;3;3;3;2
2020-11-25 14:25:58;123;52;26;7;6;5;3;3;3;3;2
2020-11-25 14:26:59;123;52;26;7;6;5;3;3;3;3;2
2020-11-25 14:27:59;123;52;26;7;6;5;3;3;3;3;2
2020-11-25 14:28:58;124;52;27;7;6;5;3;3;3;3;2
2020-11-25 14:29:59;124;52;27;7;6;5;3;3;3;3;2
2020-11-25 14:30:59;124;52;27;7;6;5;3;3;3;3;2
2020-11-25 14:31:59;124;53;27;7;6;5;2;3;3;3;2
2020-11-25 14:32:58;124;53;27;7;6;5;2;3;3;3;2
2020-11-25 14:33:59;125;53;28;7;6;5;2;3;3;3;2
2020-11-25 14:34:58;125;53;28;7;6;5;2;3;3;3;2
2020-11-25 14:35:59;125;53;28;7;6;5;2;3;3;3;2
2020-11-25 14:36:59;125;53;28;7;6;5;2;3;3;3;2
2020-11-25 14:37:58;125;53;28;7;6;5;2;3;3;3;2
2020-11-25 14:38:59;125;53;28;7;6;5;2;3;3;3;2
2020-11-25 14:39:59;125;53;28;7;6;5;2;3;3;3;2
2020-11-25 14:40:58;125;53;28;7;6;5;2;3;3;3;2
2020-11-25 14:41:59;125;53;28;7;6;5;2;3;3;3;2
2020-11-25 14:42:59;125;53;28;7;6;5;2;3;3;3;2
2020-11-25 14:43:58;125;53;28;7;6;5;2;3;3;3;2
2020-11-25 14:44:59;125;53;28;7;6;5;2;3;3;3;2
2020-11-25 14:45:59;125;53;28;7;6;5;2;3;3;3;2
2020-11-25 14:46:58;125;53;28;7;6;5;2;3;3;3;2
2020-11-25 14:47:59;125;53;28;7;6;5;2;3;3;3;2
2020-11-25 14:48:59;125;53;28;7;6;5;2;3;3;3;2
2020-11-25 14:49:59;125;53;28;7;6;5;2;3;3;3;2
2020-11-25 14:50:58;125;53;28;7;6;5;2;3;3;3;2
2020-11-25 14:51:59;125;53;28;7;6;5;2;3;3;3;2
2020-11-25 14:52:58;126;53;29;7;6;5;2;3;3;3;2
2020-11-25 14:53:59;126;53;29;7;6;5;2;3;3;3;2
2020-11-25 14:54:59;126;53;29;7;6;5;2;3;3;3;2
2020-11-25 14:55:58;126;53;29;7;6;5;2;3;3;3;2
2020-11-25 14:56:59;126;53;29;7;6;5;2;3;3;3;2
2020-11-25 14:57:59;126;53;29;7;6;5;2;3;3;3;2
2020-11-25 14:58:59;126;53;29;7;6;5;2;3;3;3;2
2020-11-25 14:59:59;126;53;29;7;6;5;2;3;3;3;2
2020-11-25 15:00:58;126;53;29;7;6;5;2;3;3;3;2
2020-11-25 15:01:59;126;53;29;7;6;5;2;3;3;3;2
2020-11-25 15:02:59;126;53;29;7;6;5;2;3;3;3;2
2020-11-25 15:03:58;126;53;29;7;6;5;2;3;3;3;2
2020-11-25 15:04:59;126;53;29;7;6;5;2;3;3;3;2
2020-11-25 15:05:59;126;53;29;7;6;5;2;3;3;3;2
2020-11-25 15:06:58;126;53;29;7;6;5;2;3;3;3;2
2020-11-25 15:07:59;126;53;29;7;6;5;2;3;3;3;2
2020-11-25 15:08:59;126;53;29;7;6;5;2;3;3;3;2
2020-11-25 15:09:58;126;53;29;7;6;5;2;3;3;3;2
2020-11-25 15:10:59;126;53;29;7;6;5;2;3;3;3;2
2020-11-25 15:11:59;127;53;30;7;6;5;2;3;3;3;2
2020-11-25 15:12:58;128;53;30;7;6;5;3;3;3;3;2
2020-11-25 15:13:59;128;53;30;7;6;5;3;3;3;3;2
2020-11-25 15:14:58;129;54;30;7;6;5;3;3;3;3;2
2020-11-25 15:15:59;129;54;30;7;6;5;3;3;3;3;2
2020-11-25 15:16:59;129;54;30;7;6;5;3;3;3;3;2
2020-11-25 15:17:58;129;54;30;7;6;5;3;3;3;3;2
2020-11-25 15:18:59;129;54;30;7;6;5;3;3;3;3;2
2020-11-25 15:19:59;129;54;30;7;6;5;3;3;3;3;2
2020-11-25 15:20:58;129;53;30;7;6;5;3;3;3;3;2
2020-11-25 15:21:59;129;53;30;7;6;5;3;3;3;3;2
2020-11-25 15:22:58;129;53;30;7;6;5;3;3;3;3;2
2020-11-25 15:23:59;130;53;31;7;6;5;3;3;3;3;2
2020-11-25 15:24:58;130;53;31;7;6;5;3;3;3;3;2
2020-11-25 15:25:59;130;53;31;7;6;5;3;3;3;3;2
2020-11-25 15:26:58;130;53;31;7;6;5;3;3;3;3;2
2020-11-25 15:27:59;130;53;31;7;6;5;3;3;3;3;2
2020-11-25 15:28:59;130;53;31;7;6;5;3;3;3;3;2
2020-11-25 15:29:59;130;53;31;7;6;5;3;3;3;3;2
2020-11-25 15:30:58;130;53;31;7;6;5;3;3;3;3;2
2020-11-25 15:31:59;130;53;31;7;6;5;3;3;3;3;2
2020-11-25 15:32:59;130;53;31;7;6;5;3;3;3;3;2
2020-11-25 15:33:58;130;53;31;7;6;5;3;3;3;3;2
2020-11-25 15:34:59;130;53;31;7;6;5;3;3;3;3;2
2020-11-25 15:35:59;130;53;31;7;6;5;3;3;3;3;2
2020-11-25 15:36:58;130;53;31;7;6;5;3;3;3;3;2
2020-11-25 15:37:59;130;53;31;7;6;5;3;3;3;3;2
2020-11-25 15:38:59;130;53;31;7;6;5;3;3;3;3;2
2020-11-25 15:39:58;130;53;31;7;6;5;3;3;3;3;2
2020-11-25 15:40:59;130;53;31;7;6;5;3;3;3;3;2
2020-11-25 15:41:59;131;54;31;7;6;5;3;3;3;3;2
2020-11-25 15:42:58;131;54;31;7;6;5;3;3;3;3;2
2020-11-25 15:43:59;131;54;31;7;6;5;3;3;3;3;2
2020-11-25 15:44:59;132;55;31;7;6;5;3;3;3;3;2
2020-11-25 15:45:58;132;55;31;7;6;5;3;3;3;3;2
2020-11-25 15:46:59;132;55;31;7;6;5;3;3;3;3;2
2020-11-25 15:47:59;132;55;31;7;6;5;3;3;3;3;2
2020-11-25 15:48:58;132;55;31;7;6;5;3;3;3;3;2
2020-11-25 15:49:59;132;55;31;7;6;5;3;3;3;3;2
2020-11-25 15:50:58;132;55;31;7;6;5;3;3;3;3;2
2020-11-25 15:51:59;132;55;31;7;6;5;3;3;3;3;2
2020-11-25 15:52:59;132;55;31;7;6;5;3;3;3;3;2
2020-11-25 15:53:58;132;55;31;7;6;5;3;3;3;3;2
2020-11-25 15:54:59;132;55;31;7;6;5;3;3;3;3;2
2020-11-25 15:56:00;132;55;31;7;6;5;3;3;3;3;2
2020-11-25 15:56:58;132;55;31;7;6;5;3;3;3;3;2
2020-11-25 15:57:59;132;55;31;7;6;5;3;3;3;3;2
2020-11-25 15:58:59;132;55;31;7;6;5;3;3;3;3;2
2020-11-25 15:59:58;132;55;31;7;6;5;3;3;3;3;2
2020-11-25 16:00:59;132;55;31;7;6;5;3;3;3;3;2
2020-11-25 16:01:59;133;55;32;7;6;5;3;3;3;3;2
2020-11-25 16:02:58;133;55;32;7;6;5;3;3;3;3;2
2020-11-25 16:03:59;134;56;32;7;6;5;3;3;3;3;2
2020-11-25 16:04:59;134;56;32;7;6;5;3;3;3;3;2
2020-11-25 16:05:58;134;56;32;7;6;5;3;3;3;3;2
2020-11-25 16:06:59;135;56;33;7;6;5;3;3;3;3;2
2020-11-25 16:07:59;135;56;33;7;6;5;3;3;3;3;2
2020-11-25 16:08:58;135;56;33;7;6;5;3;3;3;3;2
2020-11-25 16:09:59;135;56;33;7;6;5;3;3;3;3;2
2020-11-25 16:10:59;135;56;33;7;6;5;3;3;3;3;2
2020-11-25 16:11:58;136;57;33;7;6;5;3;3;3;3;2
2020-11-25 16:12:59;136;57;33;7;6;5;3;3;3;3;2
2020-11-25 16:13:59;136;57;33;7;6;5;3;3;3;3;2
2020-11-25 16:15:00;136;57;33;7;6;5;3;3;3;3;2
2020-11-25 16:15:58;136;57;33;7;6;5;3;3;3;3;2
2020-11-25 16:16:59;136;57;33;7;6;5;3;3;3;3;2
2020-11-25 16:17:59;136;57;33;7;6;5;3;3;3;3;2
2020-11-25 16:18:59;136;57;33;7;6;5;3;3;3;3;2
2020-11-25 16:19:59;136;57;33;7;6;5;3;3;3;3;2
2020-11-25 16:20:59;136;57;33;7;6;5;3;3;3;3;2
2020-11-25 16:21:58;136;57;33;7;6;5;3;3;3;3;2
2020-11-25 16:22:59;136;57;33;7;6;5;3;3;3;3;2
2020-11-25 16:23:58;136;57;33;7;6;5;3;3;3;3;2
2020-11-25 16:24:59;136;57;33;7;6;5;3;3;3;3;2
2020-11-25 16:25:59;136;57;33;7;6;5;3;3;3;3;2
2020-11-25 16:26:58;136;57;33;7;6;5;3;3;3;3;2
2020-11-25 16:27:59;136;57;33;7;6;5;3;3;3;3;2
2020-11-25 16:28:59;136;57;33;7;6;5;3;3;3;3;2
2020-11-25 16:29:58;136;57;33;7;6;5;3;3;3;3;2
2020-11-25 16:30:59;136;57;33;7;6;5;3;3;3;3;2
2020-11-25 16:31:59;136;57;33;7;6;5;3;3;3;3;2
2020-11-25 16:32:58;136;57;33;7;6;5;3;3;3;3;2
2020-11-25 16:33:59;137;58;33;7;6;5;3;3;3;3;2
2020-11-25 16:34:59;137;58;33;7;6;5;3;3;3;3;2
2020-11-25 16:35:58;137;58;33;7;6;5;3;3;3;3;2
2020-11-25 16:36:59;137;58;33;7;6;5;3;3;3;3;2
2020-11-25 16:37:59;138;59;33;7;6;5;3;3;3;3;2
2020-11-25 16:38:58;138;59;33;7;6;5;3;3;3;3;2
2020-11-25 16:39:59;138;59;33;7;6;5;3;3;3;3;2
2020-11-25 16:40:59;137;59;33;7;6;5;3;3;3;3;2
2020-11-25 16:41:58;137;59;33;7;6;5;3;3;3;3;2
2020-11-25 16:42:59;137;59;33;7;6;5;3;3;3;3;2
2020-11-25 16:43:59;137;59;33;7;6;5;3;3;3;3;2
2020-11-25 16:44:58;137;59;33;7;6;5;3;3;3;3;2
2020-11-25 16:45:59;137;59;33;7;6;5;3;3;3;3;2
2020-11-25 16:46:59;137;59;33;7;6;5;3;3;3;3;2
2020-11-25 16:47:58;137;59;33;7;6;5;3;3;3;3;2
2020-11-25 16:48:59;138;59;33;7;6;6;3;3;3;3;2
2020-11-25 16:49:59;139;60;33;7;6;6;3;3;3;3;2
2020-11-25 16:50:58;139;60;33;7;6;6;3;3;3;3;2
2020-11-25 16:51:59;139;60;33;7;6;6;3;3;3;3;2
2020-11-25 16:52:59;139;60;33;7;6;6;3;3;3;3;2
2020-11-25 16:53:58;139;60;33;7;6;6;3;3;3;3;2
2020-11-25 16:54:59;139;60;33;7;6;6;3;3;3;3;2
2020-11-25 16:55:59;139;60;33;7;6;6;3;3;3;3;2
2020-11-25 16:56:58;139;60;33;7;6;6;3;3;3;3;2
2020-11-25 16:57:59;140;60;34;7;6;6;3;3;3;3;2
2020-11-25 16:58:59;141;61;34;7;6;6;3;3;3;3;2
2020-11-25 16:59:58;141;61;34;7;6;6;3;3;3;3;2
2020-11-25 17:00:59;141;61;34;7;6;6;3;3;3;3;2
2020-11-25 17:01:59;141;61;34;7;6;6;3;3;3;3;2
2020-11-25 17:02:58;141;61;34;7;6;6;3;3;3;3;2
2020-11-25 17:03:59;141;61;34;7;6;6;3;3;3;3;2
2020-11-25 17:04:59;141;61;34;7;6;6;3;3;3;3;2
2020-11-25 17:05:58;142;61;34;7;6;6;3;3;3;3;2
2020-11-25 17:06:59;142;61;34;7;6;6;3;3;3;3;2
2020-11-25 17:07:59;142;61;34;7;6;6;3;3;3;3;2
2020-11-25 17:08:59;143;62;34;7;6;6;3;3;3;3;2
2020-11-25 17:09:59;143;62;34;7;6;6;3;3;3;3;2
2020-11-25 17:11:00;144;62;35;7;6;6;3;3;3;3;2
2020-11-25 17:11:58;144;62;35;7;6;6;3;3;3;3;2
2020-11-25 17:12:59;144;62;35;7;6;6;3;3;3;3;2
2020-11-25 17:13:59;144;62;35;7;6;6;3;3;3;3;2
2020-11-25 17:14:58;144;62;35;7;6;6;3;3;3;3;2
2020-11-25 17:15:59;144;62;35;7;6;6;3;3;3;3;2
2020-11-25 17:16:59;144;62;35;7;6;6;3;3;3;3;2
2020-11-25 17:17:58;144;62;35;7;6;6;3;3;3;3;2
2020-11-25 17:18:59;144;62;35;7;6;6;3;3;3;3;2
2020-11-25 17:19:58;144;62;35;7;6;6;3;3;3;3;2
2020-11-25 17:20:59;144;62;35;7;6;6;3;3;3;3;2
2020-11-25 17:21:59;145;62;35;7;7;6;3;3;3;3;2
2020-11-25 17:22:58;145;62;35;7;7;6;3;3;3;3;2
2020-11-25 17:23:59;146;62;35;7;8;6;3;3;3;3;2
2020-11-25 17:24:59;147;62;35;7;9;6;3;3;3;3;2
2020-11-25 17:25:58;147;62;35;7;9;6;3;3;3;3;2
2020-11-25 17:26:59;147;62;35;7;9;6;3;3;3;3;2
2020-11-25 17:27:59;147;62;35;7;9;6;3;3;3;3;2
2020-11-25 17:29:00;148;62;35;7;9;6;3;4;3;3;2
2020-11-25 17:29:58;148;62;35;7;9;6;3;4;3;3;2
2020-11-25 17:30:59;148;62;35;7;9;6;3;4;3;3;2
2020-11-25 17:31:58;148;62;35;7;9;6;3;4;3;3;2
2020-11-25 17:32:59;149;63;35;7;9;6;3;4;3;3;2
2020-11-25 17:33:59;150;63;36;7;9;6;3;4;3;3;2
2020-11-25 17:34:58;150;63;36;7;9;6;3;4;3;3;2
2020-11-25 17:35:59;150;63;36;7;9;6;3;4;3;3;2
2020-11-25 17:36:59;150;63;36;7;9;6;3;4;3;3;2
2020-11-25 17:37:58;150;63;36;7;9;6;3;4;3;3;2
2020-11-25 17:38:59;150;63;36;7;9;6;3;4;3;3;2
2020-11-25 17:39:59;150;63;36;7;9;6;3;4;3;3;2
2020-11-25 17:40:58;151;64;36;7;9;6;3;4;3;3;2
2020-11-25 17:41:59;151;64;36;7;9;6;3;4;3;3;2
2020-11-25 17:42:59;151;64;36;7;9;6;3;4;3;3;2
2020-11-25 17:43:59;151;64;36;7;9;6;3;4;3;3;2
2020-11-25 17:44:58;151;64;36;7;9;6;3;4;3;3;2
2020-11-25 17:45:59;153;64;38;7;9;6;3;4;3;3;2
2020-11-25 17:46:58;153;64;38;7;9;6;3;4;3;3;2
2020-11-25 17:47:59;153;64;38;7;9;6;3;4;3;3;2
2020-11-25 17:48:59;153;64;38;7;9;6;3;4;3;3;2
2020-11-25 17:49:58;153;64;38;7;9;6;3;4;3;3;2
2020-11-25 17:50:59;153;64;38;7;9;6;3;4;3;3;2
2020-11-25 17:51:59;153;64;38;7;9;6;3;4;3;3;2
2020-11-25 17:52:58;153;64;38;7;9;6;3;4;3;3;2
2020-11-25 17:53:59;153;64;38;7;9;6;3;4;3;3;2
2020-11-25 17:54:59;153;64;38;7;9;6;3;4;3;3;2
2020-11-25 17:55:59;153;64;38;7;9;6;3;4;3;3;2
2020-11-25 17:56:58;153;64;38;7;9;6;3;4;3;3;2
2020-11-25 17:57:59;153;64;38;7;9;6;3;4;3;3;2
2020-11-25 17:58:59;153;64;38;7;9;6;3;4;3;3;2
2020-11-25 17:59:59;153;64;38;7;9;6;3;4;3;3;2
2020-11-25 18:00:58;153;64;38;7;9;6;3;4;3;3;2
2020-11-25 18:01:59;153;64;38;7;9;6;3;4;3;3;2
2020-11-25 18:02:59;153;64;38;7;9;6;3;4;3;3;2
2020-11-25 18:03:58;153;64;38;7;9;6;3;4;3;3;2
2020-11-25 18:04:59;153;64;38;7;9;6;3;4;3;3;2
2020-11-25 18:05:59;153;64;38;7;9;6;3;4;3;3;2
2020-11-25 18:06:58;153;64;38;7;9;6;3;4;3;3;2
2020-11-25 18:07:59;153;64;38;7;9;6;3;4;3;3;2
2020-11-25 18:08:59;153;64;38;7;9;6;3;4;3;3;2
2020-11-25 18:09:58;153;64;38;7;9;6;3;4;3;3;2
2020-11-25 18:10:59;153;64;38;7;9;6;3;4;3;3;2
2020-11-25 18:11:58;153;64;38;7;9;6;3;4;3;3;2
2020-11-25 18:12:59;153;64;38;7;9;6;3;4;3;3;2
2020-11-25 18:13:59;153;64;38;7;9;6;3;4;3;3;2
2020-11-25 18:14:58;153;64;38;7;9;6;3;4;3;3;2
2020-11-25 18:15:59;153;64;38;7;9;6;3;4;3;3;2
2020-11-25 18:16:59;153;64;38;7;9;6;3;4;3;3;2
2020-11-25 18:17:58;153;64;38;7;9;6;3;4;3;3;2
2020-11-25 18:18:59;153;64;38;7;9;6;3;4;3;3;2
2020-11-25 18:19:59;153;65;38;7;9;6;3;4;3;3;2
2020-11-25 18:20:58;153;65;38;7;9;6;3;4;3;3;2
2020-11-25 18:21:59;153;65;38;7;9;6;3;4;3;3;2
2020-11-25 18:22:59;153;65;38;7;9;6;3;4;3;3;2
2020-11-25 18:23:58;153;65;38;7;9;6;3;4;3;3;2
2020-11-25 18:24:59;153;65;38;7;9;6;3;4;3;3;2
2020-11-25 18:25:59;153;65;38;7;9;6;3;4;3;3;2
2020-11-25 18:26:58;153;65;38;7;9;6;3;4;3;3;2
2020-11-25 18:27:59;153;65;38;7;9;6;3;4;3;3;2
2020-11-25 18:28:59;153;65;38;7;9;6;3;4;3;3;2
2020-11-25 18:29:59;153;65;38;7;9;6;3;4;3;3;2
2020-11-25 18:30:58;153;65;38;7;9;6;3;4;3;3;2
2020-11-25 18:31:59;153;65;38;7;9;6;3;4;3;3;2
2020-11-25 18:32:59;153;65;38;7;9;6;3;4;3;3;2
2020-11-25 18:33:59;153;65;38;7;9;6;3;4;3;3;2
2020-11-25 18:34:58;153;65;38;7;9;6;3;4;3;3;2
2020-11-25 18:35:59;153;65;38;7;9;6;3;4;3;3;2
2020-11-25 18:36:59;153;65;38;7;9;6;3;4;3;3;2
2020-11-25 18:37:58;153;65;38;7;9;6;3;4;3;3;2
2020-11-25 18:38:59;153;65;38;7;9;6;3;4;3;3;2
2020-11-25 18:39:59;153;65;38;7;9;6;3;4;3;3;2
2020-11-25 18:40:58;153;65;38;7;9;6;3;4;3;3;2
2020-11-25 18:41:59;153;65;38;7;9;6;3;4;3;3;2
2020-11-25 18:42:59;153;65;38;7;9;6;3;4;3;3;2
2020-11-25 18:43:58;153;65;38;7;9;6;3;4;3;3;2
2020-11-25 18:44:59;153;65;38;7;9;6;3;4;3;3;2
2020-11-25 18:45:59;154;65;38;8;9;6;3;4;3;3;2
2020-11-25 18:46:58;154;65;38;8;9;6;3;4;3;3;2
2020-11-25 18:47:59;155;65;38;9;9;6;3;4;3;3;2
2020-11-25 18:48:59;155;65;38;9;9;6;3;4;3;3;2
2020-11-25 18:49:59;155;65;38;9;9;6;3;4;3;3;2
2020-11-25 18:50:58;155;65;38;9;9;6;3;4;3;3;2
2020-11-25 18:51:59;155;65;38;9;9;6;3;4;3;3;2
2020-11-25 18:52:59;155;65;38;9;9;6;3;4;3;3;2
2020-11-25 18:53:58;155;65;38;9;9;6;3;4;3;3;2
2020-11-25 18:54:59;155;65;38;9;9;6;3;4;3;3;2
2020-11-25 18:55:59;155;65;38;9;9;6;3;4;3;3;2
2020-11-25 18:56:58;155;65;38;9;9;6;3;4;3;3;2
2020-11-25 18:57:59;155;65;38;9;9;6;3;4;3;3;2
2020-11-25 18:58:59;155;65;38;9;9;6;3;4;3;3;2
2020-11-25 18:59:58;155;65;38;9;9;6;3;4;3;3;2
2020-11-25 19:00:59;155;65;38;9;9;6;3;4;3;3;2
2020-11-25 19:01:59;155;65;38;9;9;6;3;4;3;3;2
2020-11-25 19:02:59;156;65;38;10;9;6;3;4;3;3;2
2020-11-25 19:03:58;156;65;38;10;9;6;3;4;3;3;2
2020-11-25 19:04:59;156;65;38;10;9;6;3;4;3;3;2
2020-11-25 19:05:58;156;65;38;10;9;6;3;4;3;3;2
2020-11-25 19:06:59;156;65;38;10;9;6;3;4;3;3;2
2020-11-25 19:07:59;156;65;38;10;9;6;3;4;3;3;2
2020-11-25 19:08:58;156;65;38;10;9;6;3;4;3;3;2
2020-11-25 19:09:59;156;65;38;10;9;6;3;4;3;3;2
2020-11-25 19:10:59;156;65;38;10;9;6;3;4;3;3;2
2020-11-25 19:11:58;156;65;38;10;9;6;3;4;3;3;2
2020-11-25 19:12:59;156;65;38;10;9;6;3;4;3;3;2
2020-11-25 19:13:58;156;65;38;10;9;6;3;4;3;3;2
2020-11-25 19:14:59;156;65;38;10;9;6;3;4;3;3;2
2020-11-25 19:15:58;156;65;38;10;9;6;3;4;3;3;2
2020-11-25 19:16:59;156;65;38;10;9;6;3;4;3;3;2
2020-11-25 19:17:58;156;65;38;10;9;6;3;4;3;3;2
2020-11-25 19:18:59;156;65;38;10;9;6;3;4;3;3;2
2020-11-25 19:19:59;156;65;38;10;9;6;3;4;3;3;2
2020-11-25 19:20:58;156;65;38;10;9;6;3;4;3;3;2
2020-11-25 19:21:59;156;65;38;10;9;6;3;4;3;3;2
2020-11-25 19:22:58;157;65;38;11;9;6;3;4;3;3;2
2020-11-25 19:23:59;157;65;38;11;9;6;3;4;3;3;2
2020-11-25 19:24:59;157;65;38;11;9;6;3;4;3;3;2
2020-11-25 19:25:59;157;65;38;11;9;6;3;4;3;3;2
2020-11-25 19:26:58;157;65;38;11;9;6;3;4;3;3;2
2020-11-25 19:27:59;157;65;38;11;9;6;3;4;3;3;2
2020-11-25 19:28:59;157;65;38;11;9;6;3;4;3;3;2
2020-11-25 19:29:58;157;65;38;11;9;6;3;4;3;3;2
2020-11-25 19:30:59;157;65;38;11;9;6;3;4;3;3;2
2020-11-25 19:31:59;157;65;38;11;9;6;3;4;3;3;2
2020-11-25 19:32:58;157;65;38;11;9;6;3;4;3;3;2
2020-11-25 19:33:59;157;65;38;11;9;6;3;4;3;3;2
2020-11-25 19:34:59;157;65;38;11;9;6;3;4;3;3;2
2020-11-25 19:35:58;157;65;38;11;9;6;3;4;3;3;2
2020-11-25 19:36:59;157;65;38;11;9;6;3;4;3;3;2
2020-11-25 19:37:58;157;65;38;11;9;6;3;4;3;3;2
2020-11-25 19:38:59;157;65;38;11;9;6;3;4;3;3;2
2020-11-25 19:39:59;157;65;38;11;9;6;3;4;3;3;2
2020-11-25 19:40:58;157;65;38;11;9;6;3;4;3;3;2
2020-11-25 19:41:59;157;65;38;11;9;6;3;4;3;3;2
2020-11-25 19:42:58;157;65;38;11;9;6;3;4;3;3;2
2020-11-25 19:43:59;157;65;38;11;9;6;3;4;3;3;2
2020-11-25 19:44:59;157;65;38;11;9;6;3;4;3;3;2
2020-11-25 19:45:58;157;65;38;11;9;6;3;4;3;3;2
2020-11-25 19:46:59;157;65;38;11;9;6;3;4;3;3;2
2020-11-25 19:47:59;157;65;38;11;9;6;3;4;3;3;2
2020-11-25 19:48:58;157;65;38;11;9;6;3;4;3;3;2
2020-11-25 19:49:59;157;65;38;11;9;6;3;4;3;3;2
2020-11-25 19:50:59;157;65;38;11;9;6;3;4;3;3;2
2020-11-25 19:51:59;157;65;38;11;9;6;3;4;3;3;2
2020-11-25 19:52:58;157;65;38;11;9;6;3;4;3;3;2
2020-11-25 19:53:59;157;65;38;11;9;6;3;4;3;3;2
2020-11-25 19:54:59;157;65;38;11;9;6;3;4;3;3;2
2020-11-25 19:55:58;157;65;38;11;9;6;3;4;3;3;2
2020-11-25 19:56:59;157;65;38;11;9;6;3;4;3;3;2
2020-11-25 19:57:58;157;65;38;11;9;6;3;4;3;3;2
2020-11-25 19:58:59;157;65;38;11;9;6;3;4;3;3;2
2020-11-25 19:59:59;157;65;38;11;9;6;3;4;3;3;2
2020-11-25 20:00:58;158;66;38;11;9;6;3;4;3;3;2
2020-11-25 20:01:59;158;66;38;11;9;6;3;4;3;3;2
2020-11-25 20:02:59;158;66;38;11;9;6;3;4;3;3;2
2020-11-25 20:03:58;158;66;38;11;9;6;3;4;3;3;2
2020-11-25 20:04:59;158;66;38;11;9;6;3;4;3;3;2
2020-11-25 20:05:59;158;66;38;11;9;6;3;4;3;3;2
2020-11-25 20:06:58;158;66;38;11;9;6;3;4;3;3;2
2020-11-25 20:07:59;158;66;38;11;9;6;3;4;3;3;2
2020-11-25 20:08:59;158;66;38;11;9;6;3;4;3;3;2
2020-11-25 20:09:58;158;66;38;11;9;6;3;4;3;3;2
2020-11-25 20:10:59;158;66;38;11;9;6;3;4;3;3;2
2020-11-25 20:11:59;158;66;38;11;9;6;3;4;3;3;2
2020-11-25 20:12:58;159;66;39;11;9;6;3;4;3;3;2
2020-11-25 20:13:59;159;66;39;11;9;6;3;4;3;3;2
2020-11-25 20:14:59;159;66;39;11;9;6;3;4;3;3;2
2020-11-25 20:15:59;159;66;39;11;9;6;3;4;3;3;2
2020-11-25 20:16:59;159;66;39;11;9;6;3;4;3;3;2
2020-11-25 20:17:58;159;66;39;11;9;6;3;4;3;3;2
2020-11-25 20:18:59;159;66;39;11;9;6;3;4;3;3;2
2020-11-25 20:19:59;159;66;39;11;9;6;3;4;3;3;2
2020-11-25 20:20:58;159;67;39;11;9;6;3;4;3;3;2
2020-11-25 20:21:59;159;67;39;11;9;6;3;4;3;3;2
2020-11-25 20:22:59;160;67;39;11;9;6;3;4;3;3;2
2020-11-25 20:23:58;160;67;39;11;9;6;3;4;3;3;2
2020-11-25 20:24:59;160;67;39;11;9;6;3;4;3;3;2
2020-11-25 20:25:59;160;67;39;11;9;6;3;4;3;3;2
2020-11-25 20:26:58;160;67;39;11;9;6;3;4;3;3;2
2020-11-25 20:27:59;160;67;39;11;9;6;3;4;3;3;2
2020-11-25 20:28:59;160;67;39;11;9;6;3;4;3;3;2
2020-11-25 20:29:58;160;67;39;11;9;6;3;4;3;3;2
2020-11-25 20:30:59;160;67;39;11;9;6;3;4;3;3;2
2020-11-25 20:31:59;160;67;39;11;9;6;3;4;3;3;2
2020-11-25 20:32:58;160;67;39;11;9;6;3;4;3;3;2
2020-11-25 20:33:59;160;67;39;11;9;6;3;4;3;3;2
2020-11-25 20:34:59;161;67;39;11;9;6;3;4;4;3;2
2020-11-25 20:35:58;162;68;39;11;9;6;3;4;4;3;2
2020-11-25 20:36:59;162;68;39;11;9;6;3;4;4;3;2
2020-11-25 20:37:58;162;68;39;11;9;6;3;4;4;3;2
2020-11-25 20:38:59;163;68;40;11;9;6;3;4;4;3;2
2020-11-25 20:39:59;163;68;40;11;9;6;3;4;4;3;2
2020-11-25 20:40:58;163;68;40;11;9;6;3;4;4;3;2
2020-11-25 20:41:59;163;68;40;11;9;6;3;4;4;3;2
2020-11-25 20:42:59;163;68;40;11;9;6;3;4;4;3;2
2020-11-25 20:43:58;163;68;40;11;9;6;3;4;4;3;2
2020-11-25 20:44:59;163;68;40;11;9;6;3;4;4;3;2
2020-11-25 20:45:59;163;68;40;11;9;6;3;4;4;3;2
2020-11-25 20:46:58;163;68;40;11;9;6;3;4;4;3;2
2020-11-25 20:47:59;163;68;40;11;9;6;3;4;4;3;2
2020-11-25 20:48:59;163;68;40;11;9;6;3;4;4;3;2
2020-11-25 20:49:58;163;68;40;11;9;6;3;4;4;3;2
2020-11-25 20:50:59;163;68;40;11;9;6;3;4;4;3;2
2020-11-25 20:51:59;163;68;40;11;9;6;3;4;4;3;2
2020-11-25 20:52:58;163;68;40;11;9;6;3;4;4;3;2
2020-11-25 20:53:59;164;69;40;11;9;6;3;4;4;3;2
2020-11-25 20:54:59;164;69;40;11;9;6;3;4;4;3;2
2020-11-25 20:55:58;164;69;40;11;9;6;3;4;4;3;2
2020-11-25 20:56:59;164;69;40;11;9;6;3;4;4;3;2
2020-11-25 20:57:59;164;69;40;11;9;6;3;4;4;3;2
2020-11-25 20:58:58;164;69;40;11;9;6;3;4;4;3;2
2020-11-25 20:59:59;164;69;40;11;9;6;3;4;4;3;2
2020-11-25 21:00:59;164;69;40;11;9;6;3;4;4;3;2
2020-11-25 21:01:58;164;69;40;11;9;6;3;4;4;3;2
2020-11-25 21:02:59;165;69;41;11;9;6;3;4;4;3;2
2020-11-25 21:03:59;166;70;41;11;9;6;3;4;4;3;2
2020-11-25 21:04:58;166;70;41;11;9;6;3;4;4;3;2
2020-11-25 21:05:59;166;70;41;11;9;6;3;4;4;3;2
2020-11-25 21:06:59;167;71;41;11;9;6;3;4;4;3;2
2020-11-25 21:07:58;167;71;41;11;9;6;3;4;4;3;2
2020-11-25 21:08:59;167;71;41;11;9;6;3;4;4;3;2
2020-11-25 21:09:59;167;71;41;11;9;6;3;4;4;3;2
2020-11-25 21:10:58;167;71;41;11;9;6;3;4;4;3;2
2020-11-25 21:11:59;167;71;41;11;9;6;3;4;4;3;2
2020-11-25 21:12:59;167;71;41;11;9;6;3;4;4;3;2
2020-11-25 21:13:58;168;72;41;11;9;6;3;4;4;3;2
2020-11-25 21:14:59;168;72;41;11;9;6;3;4;4;3;2
2020-11-25 21:15:59;168;72;41;11;9;6;3;4;4;3;2
2020-11-25 21:16:58;168;72;41;11;9;6;3;4;4;3;2
2020-11-25 21:17:59;168;72;41;11;9;6;3;4;4;3;2
2020-11-25 21:18:59;168;72;41;11;9;6;3;4;4;3;2
2020-11-25 21:19:58;168;72;41;11;9;6;3;4;4;3;2
2020-11-25 21:20:59;168;72;41;11;9;6;3;4;4;3;2
2020-11-25 21:21:59;168;72;41;11;9;6;3;4;4;3;2
2020-11-25 21:22:58;168;72;41;11;9;6;3;4;4;3;2
2020-11-25 21:23:59;168;72;41;11;9;6;3;4;4;3;2
2020-11-25 21:24:58;168;72;41;11;9;6;3;4;4;3;2
2020-11-25 21:25:59;169;73;41;11;9;6;3;4;4;3;2
2020-11-25 21:26:59;169;73;41;11;9;6;3;4;4;3;2
2020-11-25 21:27:58;169;73;41;11;9;6;3;4;4;3;2
2020-11-25 21:28:59;169;73;41;11;9;6;3;4;4;3;2
2020-11-25 21:29:59;169;73;41;11;9;6;3;4;4;3;2
2020-11-25 21:30:59;170;74;41;11;9;6;3;4;4;3;2
2020-11-25 21:31:58;170;74;41;11;9;6;3;4;4;3;2
2020-11-25 21:32:59;170;74;41;11;9;6;3;4;4;3;2
2020-11-25 21:33:59;170;74;41;11;9;6;3;4;4;3;2
2020-11-25 21:34:58;171;74;41;11;10;6;3;4;4;3;2
2020-11-25 21:35:59;171;74;41;11;10;6;3;4;4;3;2
2020-11-25 21:36:59;172;75;41;11;10;6;3;4;4;3;2
2020-11-25 21:37:58;172;75;41;11;10;6;3;4;4;3;2
2020-11-25 21:38:59;172;75;41;11;10;6;3;4;4;3;2
2020-11-25 21:39:59;172;75;41;11;10;6;3;4;4;3;2
2020-11-25 21:40:58;172;75;41;11;10;6;3;4;4;3;2
2020-11-25 21:41:59;173;76;41;11;10;6;3;4;4;3;2
2020-11-25 21:42:59;173;76;41;11;10;6;3;4;4;3;2
2020-11-25 21:43:58;174;76;41;11;10;6;3;4;4;3;2
2020-11-25 21:44:59;174;76;41;11;10;6;3;4;4;3;2
2020-11-25 21:45:58;173;76;40;11;10;6;3;4;4;3;2
2020-11-25 21:46:59;173;76;40;11;10;6;3;4;4;3;2
2020-11-25 21:47:59;173;76;40;11;10;6;3;4;4;3;2
2020-11-25 21:48:58;173;76;40;11;10;6;3;4;4;3;2
2020-11-25 21:49:59;173;76;40;11;10;6;3;4;4;3;2
2020-11-25 21:50:59;173;76;40;11;10;6;3;4;4;3;2
2020-11-25 21:51:58;173;76;40;11;10;6;3;4;4;3;2
2020-11-25 21:52:59;173;76;40;11;10;6;3;4;4;3;2
2020-11-25 21:53:59;173;76;40;11;10;6;3;4;4;3;2
2020-11-25 21:54:58;173;76;40;11;10;6;3;4;4;3;2
2020-11-25 21:55:59;173;76;40;11;10;6;3;4;4;3;2
2020-11-25 21:56:59;173;76;40;11;10;6;3;4;4;3;2
2020-11-25 21:57:58;173;76;40;11;10;6;3;4;4;3;2
2020-11-25 21:58:59;173;76;40;11;10;6;3;4;4;3;2
2020-11-25 21:59:59;175;78;40;11;10;6;3;4;4;3;2
2020-11-25 22:00:58;175;78;40;11;10;6;3;4;4;3;2
2020-11-25 22:01:59;175;78;40;11;10;6;3;4;4;3;2
2020-11-25 22:02:59;175;78;40;11;10;6;3;4;4;3;2
2020-11-25 22:03:59;175;78;40;11;10;6;3;4;4;3;2
2020-11-25 22:04:58;176;79;40;11;10;6;3;4;4;3;2
2020-11-25 22:05:59;176;79;40;11;10;6;3;4;4;3;2
2020-11-25 22:06:58;176;79;40;11;10;6;3;4;4;3;2
2020-11-25 22:07:59;176;79;40;11;10;6;3;4;4;3;2
2020-11-25 22:08:59;176;79;40;11;10;6;3;4;4;3;2
2020-11-25 22:09:58;176;79;40;11;10;6;3;4;4;3;2
2020-11-25 22:10:59;176;79;40;11;10;6;3;4;4;3;2
2020-11-25 22:11:58;176;79;40;11;10;6;3;4;4;3;2
2020-11-25 22:12:59;176;79;40;11;10;6;3;4;4;3;2
2020-11-25 22:13:59;176;79;40;11;10;6;3;4;4;3;2
2020-11-25 22:14:58;175;79;39;11;10;6;3;4;4;3;2
2020-11-25 22:15:59;177;81;39;11;10;6;3;4;4;3;2
2020-11-25 22:16:58;177;81;39;11;10;6;3;4;4;3;2
2020-11-25 22:17:59;177;81;39;11;10;6;3;4;4;3;2
2020-11-25 22:18:59;177;81;39;11;10;6;3;4;4;3;2
2020-11-25 22:19:59;177;81;38;11;10;6;3;4;4;3;3
2020-11-25 22:20:58;178;82;38;11;10;6;4;4;4;3;2
2020-11-25 22:21:59;178;82;38;11;10;6;4;4;4;3;2
2020-11-25 22:22:58;178;82;38;11;10;6;4;4;4;3;2
2020-11-25 22:23:59;179;83;38;11;10;6;4;4;4;3;2
2020-11-25 22:24:59;179;83;38;11;10;6;4;4;4;3;2
2020-11-25 22:25:58;179;83;38;11;10;6;4;4;4;3;2
2020-11-25 22:26:59;179;83;38;11;10;6;4;4;4;3;2
2020-11-25 22:27:59;179;83;38;11;10;6;4;4;4;3;2
2020-11-25 22:28:58;179;83;38;11;10;6;4;4;4;3;2
2020-11-25 22:29:59;179;83;38;11;10;6;4;4;4;3;2
2020-11-25 22:30:59;179;83;38;11;10;6;4;4;4;3;2
2020-11-25 22:31:58;179;83;38;11;10;6;4;4;4;3;2
2020-11-25 22:32:59;179;83;38;11;10;6;4;4;4;3;2
2020-11-25 22:33:59;180;83;38;12;10;6;4;4;4;3;2
2020-11-25 22:34:58;180;83;38;12;10;6;4;4;4;3;2
2020-11-25 22:35:59;180;83;38;12;10;6;4;4;4;3;2
2020-11-25 22:36:59;180;83;38;12;10;6;4;4;4;3;2
2020-11-25 22:37:58;180;83;38;12;10;6;4;4;4;3;2
2020-11-25 22:38:59;181;84;38;12;10;6;4;4;4;3;2
2020-11-25 22:40:00;181;84;38;12;10;6;4;4;4;3;2
2020-11-25 22:40:58;181;84;38;12;10;6;4;4;4;3;2
2020-11-25 22:41:59;181;84;38;12;10;6;4;4;4;3;2
2020-11-25 22:42:59;181;84;38;12;10;6;4;4;4;3;2
2020-11-25 22:43:58;181;84;38;12;10;6;4;4;4;3;2
2020-11-25 22:44:59;181;84;38;12;10;6;4;4;4;3;2
2020-11-25 22:45:59;181;84;38;12;10;6;4;4;4;3;2
2020-11-25 22:46:58;182;85;38;12;10;6;4;4;4;3;2
2020-11-25 22:47:59;184;86;38;13;10;6;4;4;4;3;2
2020-11-25 22:48:58;184;86;38;13;10;6;4;4;4;3;2
2020-11-25 22:49:59;184;86;38;13;10;6;4;4;4;3;2
2020-11-25 22:50:58;184;86;38;13;10;6;4;4;4;3;2
2020-11-25 22:51:59;184;86;38;13;10;6;4;4;4;3;2
2020-11-25 22:52:59;184;86;38;13;10;6;4;4;4;3;2
2020-11-25 22:53:58;184;86;38;13;10;6;4;4;4;3;2
2020-11-25 22:54:59;185;86;38;13;11;6;4;4;4;3;2
2020-11-25 22:55:59;185;86;38;13;11;6;4;4;4;3;2
2020-11-25 22:56:58;185;86;38;13;11;6;4;4;4;3;2
2020-11-25 22:57:59;185;86;38;13;11;6;4;4;4;3;2
2020-11-25 22:58:59;185;86;38;13;11;6;4;4;4;3;2
2020-11-25 22:59:58;185;86;38;13;11;6;4;4;4;3;2
2020-11-25 23:00:59;185;86;38;13;11;6;4;4;4;3;2
2020-11-25 23:01:58;185;86;38;13;11;6;4;4;4;3;2
2020-11-25 23:02:59;185;86;38;13;11;6;4;4;4;3;2
2020-11-25 23:03:59;185;86;38;13;11;6;4;4;4;3;2
2020-11-25 23:04:58;186;86;39;13;11;6;4;4;4;3;2
2020-11-25 23:05:59;186;86;39;13;11;6;4;4;4;3;2
2020-11-25 23:06:58;186;86;39;13;11;6;4;4;4;3;2
2020-11-25 23:07:59;186;86;39;13;11;6;4;4;4;3;2
2020-11-25 23:08:58;186;86;39;13;11;6;4;4;4;3;2
2020-11-25 23:09:59;185;86;38;13;11;6;4;4;4;3;2
2020-11-25 23:10:59;185;86;38;13;11;6;4;4;4;3;2
2020-11-25 23:11:58;185;86;38;13;11;6;4;4;4;3;2
2020-11-25 23:12:59;185;86;38;13;11;6;4;4;4;3;2
2020-11-25 23:13:58;185;86;38;13;11;6;4;4;4;3;2
2020-11-25 23:14:59;185;86;38;13;11;6;4;4;4;3;2
2020-11-25 23:15:59;185;86;38;13;11;6;4;4;4;3;2
2020-11-25 23:16:58;186;87;38;13;11;6;4;4;4;3;2
2020-11-25 23:17:59;186;87;38;13;11;6;4;4;4;3;2
2020-11-25 23:18:59;186;87;38;13;11;6;4;4;4;3;2
2020-11-25 23:19:58;186;87;38;13;11;6;4;4;4;3;2
2020-11-25 23:20:59;187;88;38;13;11;6;4;4;4;3;2
2020-11-25 23:21:58;187;88;38;13;11;6;4;4;4;3;2
2020-11-25 23:22:59;187;88;38;13;11;6;4;4;4;3;2
2020-11-25 23:23:59;189;88;38;14;12;6;4;4;4;3;2
2020-11-25 23:24:58;189;88;38;14;12;6;4;4;4;3;2
2020-11-25 23:25:59;189;88;38;14;12;6;4;4;4;3;2
2020-11-25 23:26:59;189;88;38;14;12;6;4;4;4;3;2
2020-11-25 23:27:58;189;88;38;14;12;6;4;4;4;3;2
2020-11-25 23:28:59;189;88;38;14;12;6;4;4;4;3;2
2020-11-25 23:29:58;189;88;38;14;12;6;4;4;4;3;2
2020-11-25 23:30:59;189;88;38;14;12;6;4;4;4;3;2
2020-11-25 23:31:58;189;88;38;14;12;6;4;4;4;3;2
2020-11-25 23:32:59;189;88;38;14;12;6;4;4;4;3;2
2020-11-25 23:33:59;190;88;38;15;12;6;4;4;4;3;2
2020-11-25 23:34:58;190;88;38;15;12;6;4;4;4;3;2
2020-11-25 23:35:59;191;88;39;15;12;6;4;4;4;3;2
2020-11-25 23:36:58;191;88;39;15;12;6;4;4;4;3;2
2020-11-25 23:37:59;191;88;39;15;12;6;4;4;4;3;2
2020-11-25 23:38:59;191;88;39;15;12;6;4;4;4;3;2
2020-11-25 23:39:58;191;88;39;15;12;6;4;4;4;3;2
2020-11-25 23:40:59;191;88;39;15;12;6;4;4;4;3;2
2020-11-25 23:41:59;192;89;39;15;12;6;4;4;4;3;2
2020-11-25 23:42:58;192;89;39;15;12;6;4;4;4;3;2
2020-11-25 23:43:59;192;89;39;15;12;6;4;4;4;3;2
2020-11-25 23:44:59;192;89;39;15;12;6;4;4;4;3;2
2020-11-25 23:45:59;192;89;39;15;12;6;4;4;4;3;2
2020-11-25 23:46:58;192;89;39;15;12;6;4;4;4;3;2
2020-11-25 23:47:59;192;89;39;15;12;6;4;4;4;3;2
2020-11-25 23:48:59;192;89;39;15;12;6;4;4;4;3;2
2020-11-25 23:49:58;192;89;39;15;12;6;4;4;4;3;2
2020-11-25 23:50:59;192;89;39;15;12;6;4;4;4;3;2
2020-11-25 23:51:58;192;89;39;15;12;6;4;4;4;3;2
2020-11-25 23:52:59;192;89;39;15;12;6;4;4;4;3;2
2020-11-25 23:53:59;192;89;39;15;12;6;4;4;4;3;2
2020-11-25 23:54:58;192;89;39;15;12;6;4;4;4;3;2
2020-11-25 23:55:59;193;90;39;15;12;6;4;4;4;3;2
2020-11-25 23:57:00;193;90;39;15;12;6;4;4;4;3;2
2020-11-25 23:57:58;193;90;39;15;12;6;4;4;4;3;2
2020-11-25 23:58:59;193;90;39;15;12;6;4;4;4;3;2
2020-11-25 23:59:59;193;90;39;15;12;6;4;4;4;3;2
