datetime;total_votes;heavy_vombat;mad_crow;a5urbanipa1;akuaku;Dirtylieutenant;KOCTOPE3;Есения;Pechorin;Schopenhauer;Terkin
2020-02-05 00:00:59;0;0;0;0;0;0;0;0;0;0;0
2020-02-05 00:01:59;0;0;0;0;0;0;0;0;0;0;0
2020-02-05 00:02:59;2;0;0;0;0;0;0;0;0;0;0
2020-02-05 00:03:59;5;0;0;0;0;2;0;0;0;0;0
2020-02-05 00:04:58;5;0;0;0;0;2;0;0;0;0;0
2020-02-05 00:05:59;5;0;0;0;0;2;0;0;0;0;0
2020-02-05 00:06:59;5;0;0;0;0;2;0;0;0;0;0
2020-02-05 00:07:58;5;0;0;0;0;2;0;0;0;0;0
2020-02-05 00:08:59;5;0;0;0;0;2;0;0;0;0;0
2020-02-05 00:09:59;5;0;0;0;0;2;0;0;0;0;0
2020-02-05 00:10:59;6;1;0;0;0;2;0;0;0;0;0
2020-02-05 00:11:58;8;2;1;0;0;2;0;0;0;0;0
2020-02-05 00:12:59;9;3;1;0;0;2;0;0;0;0;0
2020-02-05 00:13:59;9;3;1;0;0;2;0;0;0;0;0
2020-02-05 00:14:58;9;3;1;0;0;2;0;0;0;0;0
2020-02-05 00:15:59;11;4;1;0;0;3;0;0;0;0;0
2020-02-05 00:16:59;12;4;1;0;0;3;0;0;0;0;0
2020-02-05 00:17:59;12;4;1;0;0;3;0;0;0;0;0
2020-02-05 00:18:58;12;4;1;0;0;3;0;0;0;0;0
2020-02-05 00:19:59;12;4;1;0;0;3;0;0;0;0;0
2020-02-05 00:20:59;13;4;1;0;0;3;0;0;0;0;0
2020-02-05 00:21:58;13;4;1;0;0;3;0;0;0;0;0
2020-02-05 00:22:59;13;4;1;0;0;3;0;0;0;0;0
2020-02-05 00:23:59;13;3;2;0;0;3;0;0;0;0;0
2020-02-05 00:25:00;13;3;2;0;0;3;0;0;0;0;0
2020-02-05 00:25:58;14;4;2;0;0;3;0;0;0;0;0
2020-02-05 00:26:59;14;4;2;0;0;3;0;0;0;0;0
2020-02-05 00:27:58;14;4;2;0;0;3;0;0;0;0;0
2020-02-05 00:28:59;15;5;2;0;0;3;0;0;0;0;0
2020-02-05 00:29:59;15;5;2;0;0;3;0;0;0;0;0
2020-02-05 00:30:59;15;5;2;0;0;3;0;0;0;0;0
2020-02-05 00:31:58;15;5;2;0;0;3;0;0;0;0;0
2020-02-05 00:32:59;16;6;2;0;0;3;0;0;0;0;0
2020-02-05 00:33:59;18;7;2;0;0;3;0;0;0;0;0
2020-02-05 00:34:58;19;7;2;0;0;3;0;0;0;0;1
2020-02-05 00:35:59;19;7;2;0;0;3;0;0;0;0;1
2020-02-05 00:36:59;20;7;2;0;0;3;0;1;0;0;1
2020-02-05 00:37:59;21;7;2;0;0;3;0;1;0;0;1
2020-02-05 00:38:58;21;7;2;0;0;3;0;1;0;0;1
2020-02-05 00:39:59;21;7;2;0;0;3;0;1;0;0;1
2020-02-05 00:40:59;22;7;2;0;0;3;0;1;0;1;0
2020-02-05 00:41:59;22;7;2;0;0;3;0;1;0;1;0
2020-02-05 00:42:58;22;7;2;0;0;3;0;1;0;1;0
2020-02-05 00:43:59;22;7;2;0;0;3;0;1;0;1;0
2020-02-05 00:44:59;22;7;2;0;0;3;0;1;0;1;0
2020-02-05 00:45:58;22;7;2;0;0;3;0;1;0;1;0
2020-02-05 00:46:59;23;7;2;0;0;3;0;0;0;1;0
2020-02-05 00:47:59;24;8;2;0;0;3;0;0;0;1;0
2020-02-05 00:48:58;24;7;3;0;0;3;0;0;0;1;0
2020-02-05 00:49:59;24;7;3;0;0;3;0;0;0;1;0
2020-02-05 00:50:59;24;7;3;0;0;3;0;0;0;1;0
2020-02-05 00:51:58;24;7;3;0;0;3;0;0;0;1;0
2020-02-05 00:52:59;25;7;4;0;0;3;0;0;0;1;0
2020-02-05 00:53:59;25;7;4;0;0;3;0;0;0;1;0
2020-02-05 00:54:58;25;7;4;0;0;3;0;0;0;1;0
2020-02-05 00:55:59;25;6;5;0;0;3;0;0;0;1;0
2020-02-05 00:56:59;25;6;6;0;0;3;0;0;0;1;1
2020-02-05 00:57:59;26;6;6;0;0;3;0;0;0;1;0
2020-02-05 00:58:58;26;6;6;0;0;3;0;0;0;1;0
2020-02-05 00:59:59;26;6;6;0;0;3;0;0;0;1;0
2020-02-05 01:00:59;26;6;6;0;0;3;0;0;0;1;0
2020-02-05 01:01:58;26;6;6;0;0;3;0;0;0;1;0
2020-02-05 01:02:59;26;6;6;0;0;3;0;0;0;1;0
2020-02-05 01:03:59;26;6;6;0;0;3;0;0;0;1;0
2020-02-05 01:04:59;26;6;6;0;0;3;0;0;0;1;0
2020-02-05 01:05:58;28;6;6;2;0;3;0;0;0;1;0
2020-02-05 01:06:59;28;6;6;2;0;3;0;0;0;1;0
2020-02-05 01:07:58;28;6;6;2;0;3;0;0;0;1;0
2020-02-05 01:08:59;28;6;7;2;0;3;0;0;0;1;0
2020-02-05 01:09:59;28;6;7;2;0;3;0;0;0;1;0
2020-02-05 01:10:58;28;6;7;2;0;3;0;0;0;1;0
2020-02-05 01:11:59;28;6;7;2;0;3;0;0;0;1;0
2020-02-05 01:12:59;28;6;7;2;0;3;0;0;0;1;0
2020-02-05 01:13:59;29;7;7;2;0;3;0;0;0;1;0
2020-02-05 01:14:58;29;7;7;2;0;3;0;0;0;1;0
2020-02-05 01:15:59;30;8;7;2;0;3;0;0;0;1;0
2020-02-05 01:16:59;30;8;7;2;0;3;0;0;0;1;0
2020-02-05 01:17:58;30;8;7;2;0;3;0;0;0;1;0
2020-02-05 01:18:59;30;8;7;2;0;3;0;0;0;1;0
2020-02-05 01:19:59;31;8;7;2;0;3;0;0;0;1;0
2020-02-05 01:20:58;32;8;7;2;0;3;0;0;0;2;0
2020-02-05 01:21:59;32;8;7;2;0;3;0;0;0;2;0
2020-02-05 01:22:59;32;8;7;2;0;3;0;0;0;2;0
2020-02-05 01:23:59;32;8;7;2;0;3;0;0;0;2;0
2020-02-05 01:24:58;32;8;7;2;0;3;0;0;0;2;0
2020-02-05 01:25:59;32;8;7;2;0;3;0;0;0;2;0
2020-02-05 01:26:59;32;8;7;2;0;3;0;0;0;2;0
2020-02-05 01:27:58;32;8;7;2;0;3;0;0;0;2;0
2020-02-05 01:28:59;32;8;7;2;0;3;0;0;0;2;0
2020-02-05 01:29:59;32;8;7;2;0;3;0;0;0;2;0
2020-02-05 01:30:59;32;8;7;2;0;3;0;0;0;2;0
2020-02-05 01:31:58;32;8;7;2;0;3;0;0;0;2;0
2020-02-05 01:32:59;32;8;7;2;0;3;0;0;0;2;0
2020-02-05 01:33:58;32;8;7;2;0;3;0;0;0;2;0
2020-02-05 01:34:59;32;8;7;2;0;3;0;0;0;2;0
2020-02-05 01:35:59;32;8;7;2;0;3;0;0;0;2;0
2020-02-05 01:36:58;33;9;7;2;0;3;0;0;0;2;0
2020-02-05 01:37:59;33;9;7;2;0;3;0;0;0;2;0
2020-02-05 01:38:59;33;9;7;2;0;3;0;0;0;2;0
2020-02-05 01:39:58;33;9;7;2;0;3;0;0;0;2;0
2020-02-05 01:40:59;33;9;7;2;0;3;0;0;0;2;0
2020-02-05 01:41:59;34;10;7;2;0;3;0;0;0;2;0
2020-02-05 01:42:59;34;10;7;2;0;3;0;0;0;2;0
2020-02-05 01:43:58;34;10;7;2;0;3;0;0;0;2;0
2020-02-05 01:44:59;34;10;7;2;0;3;0;0;0;2;0
2020-02-05 01:45:59;35;10;6;2;0;3;0;0;0;2;0
2020-02-05 01:46:58;35;10;6;2;0;3;0;0;0;2;0
2020-02-05 01:47:59;35;10;6;2;0;3;0;0;0;2;0
2020-02-05 01:48:59;35;10;6;2;0;3;0;0;0;2;0
2020-02-05 01:49:58;35;10;6;2;0;3;0;0;0;2;0
2020-02-05 01:50:59;36;11;6;2;0;3;0;0;0;2;0
2020-02-05 01:51:59;36;11;6;2;0;3;0;0;0;2;0
2020-02-05 01:52:59;36;11;6;2;0;3;0;0;0;2;0
2020-02-05 01:53:58;38;12;6;2;0;3;1;0;0;2;0
2020-02-05 01:54:59;38;12;6;2;0;3;1;0;0;2;0
2020-02-05 01:55:59;38;12;6;2;0;3;1;0;0;2;0
2020-02-05 01:56:58;38;12;6;2;0;3;1;0;0;2;0
2020-02-05 01:57:59;38;12;6;2;0;3;1;0;0;2;0
2020-02-05 01:58:59;39;12;7;2;0;3;1;0;0;2;0
2020-02-05 01:59:59;39;12;7;2;0;3;1;0;0;2;0
2020-02-05 02:00:58;39;12;7;2;0;3;1;0;0;2;0
2020-02-05 02:01:59;39;12;7;2;0;3;1;0;0;2;0
2020-02-05 02:02:59;39;12;7;2;0;3;1;0;0;2;0
2020-02-05 02:03:58;39;12;7;2;0;3;1;0;0;2;0
2020-02-05 02:04:59;39;12;7;2;0;3;1;0;0;2;0
2020-02-05 02:05:59;39;12;7;2;0;3;1;0;0;2;0
2020-02-05 02:06:58;39;12;7;2;0;3;1;0;0;2;0
2020-02-05 02:07:59;39;12;7;2;0;3;1;0;0;2;0
2020-02-05 02:08:59;39;12;7;2;0;3;1;0;0;2;0
2020-02-05 02:09:58;39;12;7;2;0;3;1;0;0;2;0
2020-02-05 02:10:59;39;12;7;2;0;3;1;0;0;2;0
2020-02-05 02:11:59;39;12;7;2;0;3;1;0;0;2;0
2020-02-05 02:12:59;40;12;8;2;0;3;1;0;0;2;0
2020-02-05 02:13:58;41;13;8;2;0;3;1;0;0;2;0
2020-02-05 02:14:59;41;13;8;2;0;3;1;0;0;2;0
2020-02-05 02:15:59;41;13;8;2;0;3;1;0;0;2;0
2020-02-05 02:16:59;41;13;8;2;0;3;1;0;0;2;0
2020-02-05 02:17:58;41;13;8;2;0;3;1;0;0;2;0
2020-02-05 02:18:59;41;13;8;2;0;3;1;0;0;2;0
2020-02-05 02:19:58;41;13;8;2;0;3;1;0;0;2;0
2020-02-05 02:20:59;41;13;8;2;0;3;1;0;0;2;0
2020-02-05 02:21:59;41;13;8;2;0;3;1;0;0;2;0
2020-02-05 02:22:58;41;13;8;2;0;3;1;0;0;2;0
2020-02-05 02:23:59;41;13;8;2;0;3;1;0;0;2;0
2020-02-05 02:24:59;41;13;8;2;0;3;1;0;0;2;0
2020-02-05 02:25:58;41;13;8;2;0;3;1;0;0;2;0
2020-02-05 02:26:59;41;13;8;2;0;3;1;0;0;2;0
2020-02-05 02:27:59;41;13;8;2;0;3;1;0;0;2;0
2020-02-05 02:28:59;41;13;8;2;0;3;1;0;0;2;0
2020-02-05 02:29:58;41;13;8;2;0;3;1;0;0;2;0
2020-02-05 02:30:59;41;13;8;2;0;3;1;0;0;2;0
2020-02-05 02:31:59;41;13;8;2;0;3;1;0;0;2;0
2020-02-05 02:32:58;41;13;8;2;0;3;1;0;0;2;0
2020-02-05 02:33:59;41;13;8;2;0;3;1;0;0;2;0
2020-02-05 02:34:59;41;13;8;2;0;3;1;0;0;2;0
2020-02-05 02:35:58;41;13;8;2;0;3;1;0;0;2;0
2020-02-05 02:36:59;42;14;8;2;0;3;1;0;0;2;0
2020-02-05 02:37:59;42;14;8;2;0;3;1;0;0;2;0
2020-02-05 02:38:59;42;14;8;2;0;3;1;0;0;2;0
2020-02-05 02:39:58;42;14;8;2;0;3;1;0;0;2;0
2020-02-05 02:40:59;42;14;8;2;0;3;1;0;0;2;0
2020-02-05 02:41:59;42;14;8;2;0;3;1;0;0;2;0
2020-02-05 02:42:58;42;14;8;2;0;3;2;0;0;2;0
2020-02-05 02:43:59;42;14;8;2;0;3;2;0;0;2;0
2020-02-05 02:44:59;42;14;8;2;0;3;2;0;0;2;0
2020-02-05 02:45:58;42;14;8;2;0;3;2;0;0;2;0
2020-02-05 02:46:59;42;14;8;2;0;3;2;0;0;2;0
2020-02-05 02:47:59;42;14;8;2;0;3;2;0;0;2;0
2020-02-05 02:48:58;42;14;8;2;0;3;2;0;0;2;0
2020-02-05 02:49:59;42;14;8;2;0;3;2;0;0;2;0
2020-02-05 02:50:58;42;14;8;2;0;3;2;0;0;2;0
2020-02-05 02:51:59;42;14;8;2;0;3;2;0;0;2;0
2020-02-05 02:52:59;42;14;8;2;0;3;2;0;0;2;0
2020-02-05 02:53:59;42;14;8;2;0;3;2;0;0;2;0
2020-02-05 02:54:58;43;14;8;2;0;3;2;0;0;2;0
2020-02-05 02:55:59;43;14;8;2;0;3;2;0;0;2;0
2020-02-05 02:56:59;43;14;8;2;0;3;2;0;0;2;0
2020-02-05 02:57:58;43;14;8;2;0;3;2;0;0;2;0
2020-02-05 02:58:59;44;14;8;2;0;3;2;0;0;3;0
2020-02-05 02:59:59;44;14;8;2;0;3;2;0;0;3;0
2020-02-05 03:00:58;44;14;8;2;0;3;2;0;0;3;0
2020-02-05 03:01:59;44;14;8;2;0;3;2;0;0;3;0
2020-02-05 03:02:59;44;14;8;2;0;3;2;0;0;3;0
2020-02-05 03:03:59;44;14;8;2;0;3;2;0;0;3;0
2020-02-05 03:04:58;44;14;8;2;0;3;2;0;0;3;0
2020-02-05 03:05:59;44;14;8;2;0;3;2;0;0;3;0
2020-02-05 03:06:59;44;14;8;2;0;3;2;0;0;3;0
2020-02-05 03:07:58;44;14;8;2;0;3;2;0;0;3;0
2020-02-05 03:08:59;44;14;8;2;0;3;2;0;0;3;0
2020-02-05 03:09:59;44;14;8;2;0;3;2;0;0;3;0
2020-02-05 03:10:58;44;14;8;2;0;3;2;0;0;3;0
2020-02-05 03:11:59;44;14;8;2;0;3;2;0;0;3;0
2020-02-05 03:12:59;44;14;8;2;0;3;2;0;0;3;0
2020-02-05 03:13:59;44;14;8;2;0;3;2;0;0;3;0
2020-02-05 03:14:58;44;14;8;2;0;3;2;0;0;3;0
2020-02-05 03:15:59;44;14;8;2;0;3;2;0;0;3;0
2020-02-05 03:16:59;44;14;8;2;0;3;2;0;0;3;0
2020-02-05 03:17:58;44;14;8;2;0;3;2;0;0;3;0
2020-02-05 03:18:59;44;14;8;2;0;3;2;0;0;3;0
2020-02-05 03:19:59;44;14;8;2;0;3;2;0;0;3;0
2020-02-05 03:20:58;44;14;8;2;0;3;2;0;0;3;0
2020-02-05 03:21:59;44;14;8;2;0;3;2;0;0;3;0
2020-02-05 03:22:59;44;14;8;2;0;3;2;0;0;3;0
2020-02-05 03:23:58;44;14;8;2;0;3;2;0;0;3;0
2020-02-05 03:24:59;44;14;8;2;0;3;2;0;0;3;0
2020-02-05 03:25:59;44;14;8;2;0;3;2;0;0;3;0
2020-02-05 03:26:59;44;14;8;2;0;3;2;0;0;3;0
2020-02-05 03:27:58;44;14;8;2;0;3;2;0;0;3;0
2020-02-05 03:28:59;44;14;8;2;0;3;2;0;0;3;0
2020-02-05 03:29:59;44;14;8;2;0;3;2;0;0;3;0
2020-02-05 03:30:58;44;14;8;2;0;3;2;0;0;3;0
2020-02-05 03:31:59;44;14;8;2;0;3;2;0;0;3;0
2020-02-05 03:32:59;44;14;8;2;0;3;2;0;0;3;0
2020-02-05 03:33:58;44;14;8;2;0;3;2;0;0;3;0
2020-02-05 03:34:59;44;14;8;2;0;3;2;0;0;3;0
2020-02-05 03:35:59;44;14;8;2;0;3;2;0;0;3;0
2020-02-05 03:36:59;44;14;8;2;0;3;2;0;0;3;0
2020-02-05 03:37:58;44;14;8;2;0;3;2;0;0;3;0
2020-02-05 03:38:59;44;14;8;2;0;3;2;0;0;3;0
2020-02-05 03:40:00;44;14;8;2;0;3;2;0;0;3;0
2020-02-05 03:40:58;44;14;8;2;0;3;2;0;0;3;0
2020-02-05 03:41:59;44;14;8;2;0;3;2;0;0;3;0
2020-02-05 03:42:59;44;14;8;2;0;3;2;0;0;3;0
2020-02-05 03:43:58;44;14;8;2;0;3;2;0;0;3;0
2020-02-05 03:44:59;44;14;8;2;0;3;2;0;0;3;0
2020-02-05 03:45:59;44;14;8;2;0;3;2;0;0;3;0
2020-02-05 03:46:59;45;14;9;2;0;3;2;0;0;3;0
2020-02-05 03:47:58;45;14;9;2;0;3;2;0;0;3;0
2020-02-05 03:48:59;45;14;9;2;0;3;2;0;0;3;0
2020-02-05 03:49:58;45;14;9;2;0;3;2;0;0;3;0
2020-02-05 03:50:59;45;14;9;2;0;3;2;0;0;3;0
2020-02-05 03:51:59;45;14;9;2;0;3;2;0;0;3;0
2020-02-05 03:52:59;45;14;9;2;0;3;2;0;0;3;0
2020-02-05 03:53:58;45;14;9;2;0;3;2;0;0;3;0
2020-02-05 03:54:59;45;14;9;2;0;3;2;0;0;3;0
2020-02-05 03:55:59;45;14;9;2;0;3;2;0;0;3;0
2020-02-05 03:56:58;45;14;9;2;0;3;2;0;0;3;0
2020-02-05 03:57:59;45;14;9;2;0;3;2;0;0;3;0
2020-02-05 03:58:59;45;14;9;2;0;3;2;0;0;3;0
2020-02-05 04:00:00;45;14;9;2;0;3;2;0;0;3;0
2020-02-05 04:00:58;45;14;9;2;0;3;2;0;0;3;0
2020-02-05 04:01:59;45;14;9;2;0;3;2;0;0;3;0
2020-02-05 04:02:59;45;14;9;2;0;3;2;0;0;3;0
2020-02-05 04:03:58;45;14;9;2;0;3;2;0;0;3;0
2020-02-05 04:04:59;45;14;9;2;0;3;2;0;0;3;0
2020-02-05 04:05:59;45;14;9;2;0;3;2;0;0;3;0
2020-02-05 04:06:59;45;14;9;2;0;3;2;0;0;3;0
2020-02-05 04:07:58;46;14;9;2;0;3;2;0;0;3;0
2020-02-05 04:08:59;46;14;9;2;0;3;2;0;0;3;0
2020-02-05 04:09:59;47;14;10;2;0;3;2;0;0;3;0
2020-02-05 04:10:58;47;14;10;2;0;3;2;0;0;3;0
2020-02-05 04:11:59;47;14;10;2;0;3;2;0;0;3;0
2020-02-05 04:12:58;47;14;10;2;0;3;2;0;0;3;0
2020-02-05 04:13:59;47;14;10;2;0;3;2;0;0;3;0
2020-02-05 04:14:59;47;14;10;2;0;3;2;0;0;3;0
2020-02-05 04:15:59;47;14;10;2;0;3;2;0;0;3;0
2020-02-05 04:16:58;47;14;10;2;0;3;2;0;0;3;0
2020-02-05 04:17:59;47;14;10;2;0;3;2;0;0;3;0
2020-02-05 04:18:59;47;14;10;2;0;3;2;0;0;3;0
2020-02-05 04:19:58;47;14;10;2;0;3;2;0;0;3;0
2020-02-05 04:20:59;47;14;10;2;0;3;2;0;0;3;0
2020-02-05 04:21:59;47;14;10;2;0;3;2;0;0;3;0
2020-02-05 04:22:58;47;14;10;2;0;3;2;0;0;3;0
2020-02-05 04:23:59;47;14;10;2;0;3;2;0;0;3;0
2020-02-05 04:24:59;47;14;10;2;0;3;2;0;0;3;0
2020-02-05 04:25:58;47;14;10;2;0;3;2;0;0;3;0
2020-02-05 04:26:59;47;14;10;2;0;3;2;0;0;3;0
2020-02-05 04:27:59;47;14;10;2;0;3;2;0;0;3;0
2020-02-05 04:28:59;47;14;10;2;0;3;2;0;0;3;0
2020-02-05 04:29:58;47;14;10;2;0;3;2;0;0;3;0
2020-02-05 04:30:59;47;14;10;2;0;3;2;0;0;3;0
2020-02-05 04:31:59;47;14;10;2;0;3;2;0;0;3;0
2020-02-05 04:32:58;47;14;10;2;0;3;2;0;0;3;0
2020-02-05 04:33:59;47;14;10;2;0;3;2;0;0;3;0
2020-02-05 04:34:58;47;14;10;2;0;3;2;0;0;3;0
2020-02-05 04:35:59;47;14;10;2;0;3;2;0;0;3;0
2020-02-05 04:36:59;47;14;10;2;0;3;2;0;0;3;0
2020-02-05 04:37:58;47;14;10;2;0;3;2;0;0;3;0
2020-02-05 04:38:59;47;14;10;2;0;3;2;0;0;3;0
2020-02-05 04:39:59;48;14;10;2;0;3;3;0;0;3;0
2020-02-05 04:40:58;48;14;10;2;0;3;3;0;0;3;0
2020-02-05 04:41:59;48;14;10;2;0;3;3;0;0;3;0
2020-02-05 04:42:59;48;14;10;2;0;3;3;0;0;3;0
2020-02-05 04:43:58;48;14;10;2;0;3;3;0;0;3;0
2020-02-05 04:44:59;48;14;10;2;0;3;3;0;0;3;0
2020-02-05 04:45:59;48;14;10;2;0;3;3;0;0;3;0
2020-02-05 04:46:58;48;14;10;2;0;3;3;0;0;3;0
2020-02-05 04:47:59;48;14;10;2;0;3;3;0;0;3;0
2020-02-05 04:48:59;48;14;10;2;0;3;3;0;0;3;0
2020-02-05 04:49:58;48;14;10;2;0;3;3;0;0;3;0
2020-02-05 04:50:59;48;14;10;2;0;3;3;0;0;3;0
2020-02-05 04:51:59;48;14;10;2;0;3;3;0;0;3;0
2020-02-05 04:52:59;48;14;10;2;0;3;3;0;0;3;0
2020-02-05 04:53:58;48;14;10;2;0;3;3;0;0;3;0
2020-02-05 04:54:59;48;14;10;2;0;3;3;0;0;3;0
2020-02-05 04:55:59;48;14;10;2;0;3;3;0;0;3;0
2020-02-05 04:56:59;48;14;10;2;0;3;3;0;0;3;0
2020-02-05 04:57:58;48;14;10;2;0;3;3;0;0;3;0
2020-02-05 04:58:59;48;14;10;2;0;3;3;0;0;3;0
2020-02-05 05:00:00;48;14;10;2;0;3;3;0;0;3;0
2020-02-05 05:00:58;48;14;10;2;0;3;3;0;0;3;0
2020-02-05 05:01:59;48;14;10;2;0;3;3;0;0;3;0
2020-02-05 05:02:59;48;14;10;2;0;3;3;0;0;3;0
2020-02-05 05:03:58;48;14;10;2;0;3;3;0;0;3;0
2020-02-05 05:04:59;48;14;10;2;0;3;3;0;0;3;0
2020-02-05 05:05:59;48;14;10;2;0;3;3;0;0;3;0
2020-02-05 05:06:59;48;14;10;2;0;3;3;0;0;3;0
2020-02-05 05:07:58;48;14;10;2;0;3;3;0;0;3;0
2020-02-05 05:08:59;48;14;10;2;0;3;3;0;0;3;0
2020-02-05 05:09:59;48;14;10;2;0;3;3;0;0;3;0
2020-02-05 05:10:58;48;14;10;2;0;3;3;0;0;3;0
2020-02-05 05:11:59;48;14;10;2;0;3;3;0;0;3;0
2020-02-05 05:12:59;48;14;10;2;0;3;3;0;0;3;0
2020-02-05 05:13:58;48;14;10;2;0;3;3;0;0;3;0
2020-02-05 05:14:59;48;14;10;2;0;3;3;0;0;3;0
2020-02-05 05:15:59;48;14;10;2;0;3;3;0;0;3;0
2020-02-05 05:16:58;48;14;10;2;0;3;3;0;0;3;0
2020-02-05 05:17:59;49;15;10;2;0;3;3;0;0;3;0
2020-02-05 05:18:59;49;15;10;2;0;3;3;0;0;3;0
2020-02-05 05:20:00;49;15;10;2;0;3;3;0;0;3;0
2020-02-05 05:20:58;49;15;10;2;0;3;3;0;0;3;0
2020-02-05 05:21:59;50;16;10;2;0;3;3;0;0;3;0
2020-02-05 05:22:59;50;16;10;2;0;3;3;0;0;3;0
2020-02-05 05:23:58;50;16;10;2;0;3;3;0;0;3;0
2020-02-05 05:24:59;50;16;10;2;0;3;3;0;0;3;0
2020-02-05 05:25:59;50;16;10;2;0;3;3;0;0;3;0
2020-02-05 05:26:58;50;16;10;2;0;3;3;0;0;3;0
2020-02-05 05:27:59;50;16;10;2;0;3;3;0;0;3;0
2020-02-05 05:28:59;50;16;10;2;0;3;3;0;0;3;0
2020-02-05 05:30:00;50;16;10;2;0;3;3;0;0;3;0
2020-02-05 05:30:58;50;16;10;2;0;3;3;0;0;3;0
2020-02-05 05:31:59;50;16;10;2;0;3;3;0;0;3;0
2020-02-05 05:32:59;50;16;10;2;0;3;3;0;0;3;0
2020-02-05 05:33:58;50;16;10;2;0;3;3;0;0;3;0
2020-02-05 05:34:59;50;16;10;2;0;3;3;0;0;3;0
2020-02-05 05:35:59;50;16;10;2;0;3;3;0;0;3;0
2020-02-05 05:36:59;50;16;10;2;0;3;3;0;0;3;0
2020-02-05 05:37:58;50;16;10;2;0;3;3;0;0;3;0
2020-02-05 05:38:59;50;16;10;2;0;3;3;0;0;3;0
2020-02-05 05:39:59;50;16;10;2;0;3;3;0;0;3;0
2020-02-05 05:40:58;50;16;10;2;0;3;3;0;0;3;0
2020-02-05 05:41:59;50;16;10;2;0;3;3;0;0;3;0
2020-02-05 05:42:59;50;16;10;2;0;3;3;0;0;3;0
2020-02-05 05:43:58;50;16;10;2;0;3;3;0;0;3;0
2020-02-05 05:44:59;50;16;10;2;0;3;3;0;0;3;0
2020-02-05 05:45:59;50;16;10;2;0;3;3;0;0;3;0
2020-02-05 05:46:58;50;16;10;2;0;3;3;0;0;3;0
2020-02-05 05:47:59;50;16;10;2;0;3;3;0;0;3;0
2020-02-05 05:48:59;50;16;10;2;0;3;3;0;0;3;0
2020-02-05 05:50:00;50;16;10;2;0;3;3;0;0;3;0
2020-02-05 05:50:58;50;16;10;2;0;3;3;0;0;3;0
2020-02-05 05:51:59;50;16;10;2;0;3;3;0;0;3;0
2020-02-05 05:52:58;50;16;10;2;0;3;3;0;0;3;0
2020-02-05 05:53:59;50;16;10;2;0;3;3;0;0;3;0
2020-02-05 05:54:58;50;16;10;2;0;3;3;0;0;3;0
2020-02-05 05:55:59;50;16;10;2;0;3;3;0;0;3;0
2020-02-05 05:56:59;51;16;10;2;0;3;3;0;0;3;0
2020-02-05 05:57:58;51;16;10;2;0;3;3;0;0;3;0
2020-02-05 05:58:59;51;16;10;2;0;3;3;0;0;3;0
2020-02-05 05:59:59;51;16;10;2;0;3;3;0;0;3;0
2020-02-05 06:00:58;51;16;10;2;0;3;3;0;0;3;0
2020-02-05 06:01:59;51;16;10;2;0;3;3;0;0;3;0
2020-02-05 06:02:59;51;16;10;2;0;3;3;0;0;3;0
2020-02-05 06:03:58;51;16;10;2;0;3;3;0;0;3;0
2020-02-05 06:04:59;51;16;10;2;0;3;3;0;0;3;0
2020-02-05 06:05:59;51;16;10;2;0;3;3;0;0;3;0
2020-02-05 06:06:58;51;16;10;2;0;3;3;0;0;3;0
2020-02-05 06:07:59;51;16;10;2;0;3;3;0;0;3;0
2020-02-05 06:08:59;51;16;10;2;0;3;3;0;0;3;0
2020-02-05 06:09:59;51;16;10;2;0;3;3;0;0;3;0
2020-02-05 06:10:58;51;16;10;2;0;3;3;0;0;3;0
2020-02-05 06:11:59;51;16;10;2;0;3;3;0;0;3;0
2020-02-05 06:12:59;51;16;10;2;0;3;3;0;0;3;0
2020-02-05 06:13:58;51;16;10;2;0;3;3;0;0;3;0
2020-02-05 06:14:59;51;16;10;2;0;3;3;0;0;3;0
2020-02-05 06:15:59;51;16;10;2;0;3;3;0;0;3;0
2020-02-05 06:16:59;51;16;10;2;0;3;3;0;0;3;0
2020-02-05 06:17:58;51;16;10;2;0;3;3;0;0;3;0
2020-02-05 06:18:59;51;16;10;2;0;3;3;0;0;3;0
2020-02-05 06:19:59;51;16;10;2;0;3;3;0;0;3;0
2020-02-05 06:20:58;51;16;10;2;0;3;3;0;0;3;0
2020-02-05 06:21:59;51;16;10;2;0;3;3;0;0;3;0
2020-02-05 06:22:59;51;16;10;2;0;3;3;0;0;3;0
2020-02-05 06:23:58;51;16;10;2;0;3;3;0;0;3;0
2020-02-05 06:24:59;51;16;10;2;0;3;3;0;0;3;0
2020-02-05 06:25:59;52;16;11;2;0;3;3;0;0;3;0
2020-02-05 06:26:58;53;16;11;2;0;3;4;0;0;3;0
2020-02-05 06:27:59;53;16;11;2;0;3;4;0;0;3;0
2020-02-05 06:28:59;53;16;11;2;0;3;4;0;0;3;0
2020-02-05 06:29:58;53;16;11;2;0;3;4;0;0;3;0
2020-02-05 06:30:59;53;16;11;2;0;3;4;0;0;3;0
2020-02-05 06:31:59;53;16;11;2;0;3;4;0;0;3;0
2020-02-05 06:33:00;53;16;11;2;0;3;4;0;0;3;0
2020-02-05 06:33:58;53;16;11;2;0;3;4;0;0;3;0
2020-02-05 06:34:59;53;16;11;2;0;3;4;0;0;3;0
2020-02-05 06:35:58;53;16;11;2;0;3;4;0;0;3;0
2020-02-05 06:36:59;53;16;11;2;0;3;4;0;0;3;0
2020-02-05 06:37:59;54;16;11;3;0;3;4;0;0;3;0
2020-02-05 06:38:59;55;17;11;3;0;3;4;0;0;3;0
2020-02-05 06:39:58;55;17;11;3;0;3;4;0;0;3;0
2020-02-05 06:40:59;55;17;11;3;0;3;4;0;0;3;0
2020-02-05 06:41:59;55;17;11;3;0;3;4;0;0;3;0
2020-02-05 06:42:58;55;17;11;3;0;3;4;0;0;3;0
2020-02-05 06:43:59;55;17;11;3;0;3;4;0;0;3;0
2020-02-05 06:44:59;55;17;11;3;0;3;4;0;0;3;0
2020-02-05 06:45:58;55;17;11;3;0;3;4;0;0;3;0
2020-02-05 06:46:59;55;17;11;3;0;3;4;0;0;3;0
2020-02-05 06:47:59;55;17;11;3;0;3;4;0;0;3;0
2020-02-05 06:48:59;55;17;11;3;0;3;4;0;0;3;0
2020-02-05 06:49:58;55;17;11;3;0;3;4;0;0;3;0
2020-02-05 06:50:59;55;17;11;3;0;3;4;0;0;3;0
2020-02-05 06:51:59;55;17;11;3;0;3;4;0;0;3;0
2020-02-05 06:52:58;55;17;11;3;0;3;4;0;0;3;0
2020-02-05 06:53:59;55;17;11;3;0;3;4;0;0;3;0
2020-02-05 06:54:59;55;17;11;3;0;3;4;0;0;3;0
2020-02-05 06:55:58;55;17;11;3;0;3;4;0;0;3;0
2020-02-05 06:56:59;55;17;11;3;0;3;4;0;0;3;0
2020-02-05 06:57:58;55;17;11;3;0;3;4;0;0;3;0
2020-02-05 06:58:59;55;17;11;3;0;3;4;0;0;3;0
2020-02-05 06:59:59;56;17;11;3;0;4;4;0;0;3;0
2020-02-05 07:00:58;56;17;11;3;0;4;4;0;0;3;0
2020-02-05 07:01:59;57;17;11;3;0;4;4;0;0;3;1
2020-02-05 07:02:59;57;17;11;3;0;4;4;0;0;3;1
2020-02-05 07:03:58;57;17;11;3;0;4;4;0;0;3;1
2020-02-05 07:04:59;57;17;11;3;0;4;4;0;0;3;1
2020-02-05 07:05:59;57;17;11;3;0;4;4;0;0;3;1
2020-02-05 07:06:59;57;17;11;3;0;4;4;0;0;3;1
2020-02-05 07:07:58;58;17;12;3;0;4;4;0;0;3;1
2020-02-05 07:08:59;58;17;12;3;0;4;4;0;0;3;1
2020-02-05 07:09:59;59;18;12;3;0;4;4;0;0;3;1
2020-02-05 07:10:58;59;18;12;3;0;4;4;0;0;3;1
2020-02-05 07:11:59;59;18;12;3;0;4;4;0;0;3;1
2020-02-05 07:12:59;59;18;12;3;0;4;4;0;0;3;1
2020-02-05 07:13:58;59;18;12;3;0;4;4;0;0;3;1
2020-02-05 07:14:59;59;18;12;3;0;4;4;0;0;3;1
2020-02-05 07:15:59;59;18;12;3;0;4;4;0;0;3;1
2020-02-05 07:16:58;59;18;12;3;0;4;4;0;0;3;1
2020-02-05 07:17:59;59;18;12;3;0;4;4;0;0;3;1
2020-02-05 07:18:59;59;18;12;3;0;4;4;0;0;3;1
2020-02-05 07:19:58;59;18;12;3;0;4;4;0;0;3;1
2020-02-05 07:20:59;59;18;12;3;0;4;4;0;0;3;1
2020-02-05 07:21:59;59;18;12;3;0;4;4;0;0;3;1
2020-02-05 07:22:58;59;18;12;3;0;4;4;0;0;3;1
2020-02-05 07:23:59;59;18;12;3;0;4;4;0;0;3;1
2020-02-05 07:24:59;59;18;12;3;0;4;4;0;0;3;1
2020-02-05 07:25:58;59;18;12;3;0;4;4;0;0;3;1
2020-02-05 07:26:59;59;18;12;3;0;4;4;0;0;3;1
2020-02-05 07:27:59;59;18;12;3;0;4;4;0;0;3;1
2020-02-05 07:28:58;59;18;12;3;0;4;4;0;0;3;1
2020-02-05 07:29:59;59;18;12;3;0;4;4;0;0;3;1
2020-02-05 07:30:59;60;18;12;4;0;4;4;0;0;3;1
2020-02-05 07:31:58;60;18;12;4;0;4;4;0;0;3;1
2020-02-05 07:32:59;60;18;12;4;0;4;4;0;0;3;1
2020-02-05 07:33:59;60;18;12;4;0;4;4;0;0;3;1
2020-02-05 07:34:58;60;18;12;4;0;4;4;0;0;3;1
2020-02-05 07:35:59;60;18;12;4;0;4;4;0;0;3;1
2020-02-05 07:36:59;60;18;12;4;0;4;4;0;0;3;1
2020-02-05 07:37:58;60;18;12;4;0;4;4;0;0;3;1
2020-02-05 07:38:59;60;18;12;4;0;4;4;0;0;3;1
2020-02-05 07:39:59;60;18;12;4;0;4;4;0;0;3;1
2020-02-05 07:40:58;60;18;12;4;0;4;4;0;0;3;1
2020-02-05 07:41:59;60;18;12;4;0;4;4;0;0;3;1
2020-02-05 07:42:59;60;18;12;4;0;4;4;0;0;3;1
2020-02-05 07:43:58;60;18;12;4;0;4;4;0;0;3;1
2020-02-05 07:44:59;60;18;12;4;0;4;4;0;0;3;1
2020-02-05 07:45:59;60;18;12;4;0;4;4;0;0;3;1
2020-02-05 07:46:59;61;18;13;4;0;4;4;0;0;3;1
2020-02-05 07:47:58;61;18;13;4;0;4;4;0;0;3;1
2020-02-05 07:48:59;61;18;13;4;0;4;4;0;0;3;1
2020-02-05 07:49:59;61;18;13;4;0;4;4;0;0;3;1
2020-02-05 07:50:58;61;18;13;4;0;4;4;0;0;3;1
2020-02-05 07:51:59;61;18;13;4;0;4;4;0;0;3;1
2020-02-05 07:52:58;61;18;13;4;0;4;4;0;0;3;1
2020-02-05 07:53:59;61;18;13;4;0;4;4;0;0;3;1
2020-02-05 07:54:59;61;18;13;4;0;4;4;0;0;3;1
2020-02-05 07:55:58;61;18;13;4;0;4;4;0;0;3;1
2020-02-05 07:56:59;61;18;13;4;0;4;4;0;0;3;1
2020-02-05 07:57:59;61;18;13;4;0;4;4;0;0;3;1
2020-02-05 07:58:59;61;18;13;4;0;4;4;0;0;3;1
2020-02-05 07:59:58;61;18;13;4;0;4;4;0;0;3;1
2020-02-05 08:00:59;61;18;13;4;0;4;4;0;0;3;1
2020-02-05 08:02:00;61;18;13;4;0;4;4;0;0;3;1
2020-02-05 08:02:58;61;18;13;4;0;4;4;0;0;3;1
2020-02-05 08:03:59;61;18;13;4;0;4;4;0;0;3;1
2020-02-05 08:04:58;61;18;13;4;0;4;4;0;0;3;1
2020-02-05 08:05:59;63;20;13;4;0;4;4;0;0;3;1
2020-02-05 08:06:59;63;20;13;4;0;4;4;0;0;3;1
2020-02-05 08:07:59;63;20;13;4;0;4;4;0;0;3;1
2020-02-05 08:08:58;63;20;13;4;0;4;4;0;0;3;1
2020-02-05 08:09:59;63;20;13;4;0;4;4;0;0;3;1
2020-02-05 08:10:59;64;20;13;4;0;4;5;0;0;3;1
2020-02-05 08:11:58;64;20;13;4;0;4;5;0;0;3;1
2020-02-05 08:12:59;64;20;13;4;0;4;5;0;0;3;1
2020-02-05 08:13:59;64;20;13;4;0;4;5;0;0;3;1
2020-02-05 08:14:58;64;20;13;4;0;4;5;0;0;3;1
2020-02-05 08:15:59;64;20;13;4;0;4;5;0;0;3;1
2020-02-05 08:16:59;64;20;13;4;0;4;5;0;0;3;1
2020-02-05 08:17:58;64;20;13;4;0;4;5;0;0;3;1
2020-02-05 08:18:59;65;20;14;4;0;4;5;0;0;3;1
2020-02-05 08:19:59;65;20;14;4;0;4;5;0;0;3;1
2020-02-05 08:21:00;65;20;14;4;0;4;5;0;0;3;1
2020-02-05 08:21:58;66;21;14;4;0;4;5;0;0;3;1
2020-02-05 08:22:59;66;21;14;4;0;4;5;0;0;3;1
2020-02-05 08:23:59;66;21;14;4;0;4;5;0;0;3;1
2020-02-05 08:24:58;66;21;14;4;0;4;5;0;0;3;1
2020-02-05 08:25:59;67;21;14;4;0;4;5;0;0;3;2
2020-02-05 08:26:59;67;21;14;4;0;4;5;0;0;3;2
2020-02-05 08:27:58;68;21;15;4;0;4;5;0;0;3;2
2020-02-05 08:28:59;68;21;15;4;0;4;5;0;0;3;2
2020-02-05 08:29:59;68;21;15;4;0;4;5;0;0;3;2
2020-02-05 08:31:00;69;21;15;5;0;4;5;0;0;3;2
2020-02-05 08:31:58;69;21;15;5;0;4;5;0;0;3;2
2020-02-05 08:32:59;70;21;15;5;0;4;5;0;0;3;2
2020-02-05 08:33:59;70;21;15;5;0;4;5;0;0;3;2
2020-02-05 08:34:58;70;21;15;5;0;4;5;0;0;3;2
2020-02-05 08:35:59;70;21;15;5;0;4;5;0;0;3;2
2020-02-05 08:36:59;70;21;15;5;0;4;5;0;0;3;2
2020-02-05 08:37:58;70;21;15;5;0;4;5;0;0;3;2
2020-02-05 08:38:59;70;21;15;5;0;4;5;0;0;3;2
2020-02-05 08:39:59;70;21;15;5;0;4;5;0;0;3;2
2020-02-05 08:40:58;70;21;15;5;0;4;5;0;0;3;2
2020-02-05 08:41:59;70;21;15;5;0;4;5;0;0;3;2
2020-02-05 08:42:59;70;21;15;5;0;4;5;0;0;3;2
2020-02-05 08:43:59;70;21;15;5;0;4;5;0;0;3;2
2020-02-05 08:44:58;70;21;15;5;0;4;5;0;0;3;2
2020-02-05 08:45:59;71;21;16;5;0;4;5;0;0;3;2
2020-02-05 08:46:59;71;21;16;5;0;4;5;0;0;3;2
2020-02-05 08:47:58;71;21;16;5;0;4;5;0;0;3;2
2020-02-05 08:48:59;72;21;17;5;0;4;5;0;0;3;2
2020-02-05 08:49:59;72;21;17;5;0;4;5;0;0;3;2
2020-02-05 08:51:00;72;21;17;5;0;4;5;0;0;3;2
2020-02-05 08:51:58;73;22;17;5;0;4;5;0;0;3;2
2020-02-05 08:52:59;73;22;17;5;0;4;5;0;0;3;2
2020-02-05 08:53:59;73;22;17;5;0;4;5;0;0;3;2
2020-02-05 08:54:58;73;22;17;5;0;4;5;0;0;3;2
2020-02-05 08:55:59;73;22;17;5;0;4;5;0;0;3;2
2020-02-05 08:56:59;73;22;17;5;0;4;5;0;0;3;2
2020-02-05 08:57:58;73;22;17;5;0;4;5;0;0;3;2
2020-02-05 08:58:59;73;22;17;5;0;4;5;0;0;3;2
2020-02-05 08:59:59;73;22;17;5;0;4;5;0;0;3;2
2020-02-05 09:00:58;73;22;17;5;0;4;5;0;0;3;2
2020-02-05 09:01:59;73;22;17;5;0;4;5;0;0;3;2
2020-02-05 09:02:59;73;22;17;5;0;4;5;0;0;3;2
2020-02-05 09:03:59;72;22;17;5;0;4;5;0;0;3;2
2020-02-05 09:04:58;72;22;17;5;0;4;5;0;0;3;2
2020-02-05 09:05:59;73;22;17;5;0;4;6;0;0;3;2
2020-02-05 09:06:59;73;22;17;5;0;4;6;0;0;3;2
2020-02-05 09:07:59;73;22;17;5;0;4;6;0;0;3;2
2020-02-05 09:08:58;73;22;17;5;0;4;6;0;0;3;2
2020-02-05 09:09:59;73;22;17;5;0;4;6;0;0;3;2
2020-02-05 09:10:59;73;22;17;5;0;4;6;0;0;3;2
2020-02-05 09:11:58;73;22;17;5;0;4;6;0;0;3;2
2020-02-05 09:12:59;73;22;17;5;0;4;6;0;0;3;2
2020-02-05 09:13:59;73;22;17;5;0;4;6;0;0;3;2
2020-02-05 09:14:58;73;22;17;5;0;4;6;0;0;3;2
2020-02-05 09:15:59;73;22;17;5;0;4;6;0;0;3;2
2020-02-05 09:16:59;73;22;17;5;0;4;6;0;0;3;2
2020-02-05 09:17:59;73;22;17;5;0;4;6;0;0;3;2
2020-02-05 09:18:58;73;22;17;5;0;4;6;0;0;3;2
2020-02-05 09:19:59;74;22;17;5;1;4;6;0;1;3;2
2020-02-05 09:20:59;75;23;17;5;1;4;6;0;1;3;2
2020-02-05 09:21:58;75;23;17;5;1;4;6;0;1;3;2
2020-02-05 09:22:59;75;23;17;5;1;4;6;0;1;3;2
2020-02-05 09:23:59;75;23;17;5;1;4;6;0;1;3;2
2020-02-05 09:24:58;75;23;17;5;1;4;6;0;1;3;2
2020-02-05 09:25:59;76;23;18;5;1;4;6;0;1;3;2
2020-02-05 09:26:59;76;23;18;5;1;4;6;0;1;3;2
2020-02-05 09:27:58;77;23;18;6;1;4;6;0;1;3;2
2020-02-05 09:28:59;77;23;18;6;1;4;6;0;1;3;2
2020-02-05 09:29:59;77;23;18;6;1;4;6;0;1;3;2
2020-02-05 09:30:59;77;23;18;6;1;4;6;0;1;3;2
2020-02-05 09:31:58;78;23;18;6;1;4;6;0;1;3;3
2020-02-05 09:32:59;78;23;18;6;1;4;6;0;1;3;3
2020-02-05 09:33:59;78;23;18;6;1;4;6;0;1;3;3
2020-02-05 09:34:59;78;23;18;6;1;4;6;0;1;3;3
2020-02-05 09:35:58;78;23;18;6;1;4;6;0;1;3;3
2020-02-05 09:36:59;78;23;18;6;1;4;6;0;1;3;3
2020-02-05 09:37:59;78;23;18;6;1;4;6;0;1;3;3
2020-02-05 09:38:58;78;23;18;6;1;4;6;0;1;3;3
2020-02-05 09:39:59;79;24;18;6;1;4;6;0;1;3;3
2020-02-05 09:40:59;79;24;18;6;1;4;6;0;1;3;3
2020-02-05 09:41:59;79;24;18;6;1;4;6;0;1;3;3
2020-02-05 09:42:58;79;24;18;6;1;4;6;0;1;3;3
2020-02-05 09:43:59;80;25;18;6;1;4;6;0;1;3;3
2020-02-05 09:44:59;80;25;18;6;1;4;6;0;1;3;3
2020-02-05 09:45:59;80;25;18;6;1;4;6;0;1;3;3
2020-02-05 09:46:58;81;25;19;6;1;4;6;0;1;3;3
2020-02-05 09:47:59;81;25;19;6;1;4;6;0;1;3;3
2020-02-05 09:48:59;81;25;19;6;1;4;6;0;1;3;3
2020-02-05 09:49:58;81;25;19;6;1;4;6;0;1;3;3
2020-02-05 09:50:59;82;26;19;6;1;4;6;0;1;3;3
2020-02-05 09:51:59;83;26;19;6;1;4;7;0;1;3;3
2020-02-05 09:52:58;83;26;19;6;1;4;7;0;1;3;3
2020-02-05 09:53:59;84;26;20;6;1;4;7;0;1;3;3
2020-02-05 09:54:59;86;27;20;6;0;4;7;1;1;3;3
2020-02-05 09:55:59;87;28;20;6;0;4;7;1;1;3;3
2020-02-05 09:56:58;87;28;20;6;0;4;7;1;1;3;3
2020-02-05 09:57:59;87;28;20;6;0;4;7;1;1;3;3
2020-02-05 09:58:59;87;28;20;6;0;4;7;1;1;3;3
2020-02-05 09:59:58;87;28;20;6;0;4;7;1;1;3;3
2020-02-05 10:00:59;88;28;21;6;0;4;7;1;1;3;3
2020-02-05 10:01:59;89;29;21;6;0;4;7;1;1;3;3
2020-02-05 10:02:59;90;29;21;6;0;4;7;1;1;3;3
2020-02-05 10:03:58;91;30;21;6;0;4;7;1;1;3;3
2020-02-05 10:04:59;91;30;21;6;0;4;7;1;1;3;3
2020-02-05 10:05:59;91;30;21;6;0;4;7;1;1;3;3
2020-02-05 10:07:00;91;30;21;6;0;4;7;1;1;3;3
2020-02-05 10:07:58;92;30;22;6;0;4;7;1;1;3;3
2020-02-05 10:08:59;92;30;22;6;0;4;7;1;1;3;3
2020-02-05 10:09:59;92;30;22;6;0;4;7;1;1;3;3
2020-02-05 10:10:58;92;30;22;6;0;4;7;1;1;3;3
2020-02-05 10:11:59;92;30;22;6;0;4;7;1;1;3;3
2020-02-05 10:12:59;92;30;22;6;0;4;7;1;1;3;3
2020-02-05 10:13:58;92;30;22;6;0;4;7;1;1;3;3
2020-02-05 10:14:59;92;30;22;6;0;4;7;1;1;3;3
2020-02-05 10:15:59;92;30;22;6;0;4;7;1;1;3;3
2020-02-05 10:16:58;92;30;22;6;0;4;7;1;1;3;3
2020-02-05 10:17:59;92;30;22;6;0;4;7;1;1;3;3
2020-02-05 10:18:59;92;30;22;6;0;4;7;1;1;3;3
2020-02-05 10:19:58;92;30;22;6;0;4;7;1;1;3;3
2020-02-05 10:20:59;92;30;22;6;0;4;7;1;1;3;3
2020-02-05 10:21:59;92;30;22;6;0;4;7;1;1;3;3
2020-02-05 10:22:59;93;31;22;6;0;4;7;1;1;3;3
2020-02-05 10:23:58;93;31;22;6;0;4;7;1;1;3;3
2020-02-05 10:24:59;93;31;22;6;0;4;7;1;1;3;3
2020-02-05 10:25:59;93;31;22;6;0;4;7;1;1;3;3
2020-02-05 10:26:59;93;31;22;6;0;4;7;1;1;3;3
2020-02-05 10:27:58;94;31;23;6;0;4;7;1;1;3;3
2020-02-05 10:28:59;94;31;23;6;0;4;7;1;1;3;3
2020-02-05 10:29:59;95;31;24;6;0;4;7;1;1;3;3
2020-02-05 10:30:58;95;31;24;7;0;4;7;1;1;3;2
2020-02-05 10:31:59;95;31;24;7;0;4;7;1;1;3;2
2020-02-05 10:32:59;95;31;24;7;0;4;7;1;1;3;2
2020-02-05 10:33:59;96;31;24;7;0;4;7;1;1;3;2
2020-02-05 10:34:58;96;31;24;7;0;4;7;1;1;3;2
2020-02-05 10:35:59;96;31;24;7;0;4;7;1;1;3;2
2020-02-05 10:36:59;96;31;24;7;0;4;7;1;1;3;2
2020-02-05 10:37:58;97;31;25;7;0;4;7;1;1;3;2
2020-02-05 10:38:59;97;31;25;7;0;4;7;1;1;3;2
2020-02-05 10:39:59;97;31;25;7;0;4;7;1;1;3;2
2020-02-05 10:40:58;97;31;25;7;0;4;7;1;1;3;2
2020-02-05 10:41:59;97;31;25;7;0;4;7;1;1;3;2
2020-02-05 10:42:58;98;31;25;7;0;4;7;1;2;3;2
2020-02-05 10:43:59;99;32;25;7;0;4;7;1;2;3;2
2020-02-05 10:44:58;99;32;25;7;0;4;7;1;2;3;2
2020-02-05 10:45:59;99;32;25;7;0;4;7;1;2;3;2
2020-02-05 10:46:59;101;34;25;7;0;4;7;1;2;3;2
2020-02-05 10:47:58;101;34;25;7;0;4;7;1;2;3;2
2020-02-05 10:48:59;101;34;25;7;0;4;7;1;2;3;2
2020-02-05 10:49:59;101;34;25;7;0;4;7;1;2;3;2
2020-02-05 10:50:58;101;34;25;7;0;4;7;1;2;3;2
2020-02-05 10:51:59;101;34;25;7;0;4;7;1;2;3;2
2020-02-05 10:52:59;101;34;25;7;0;4;7;1;2;3;2
2020-02-05 10:53:58;101;34;25;7;0;4;7;1;2;3;2
2020-02-05 10:54:59;101;34;25;7;0;4;7;1;2;3;2
2020-02-05 10:55:59;101;34;25;7;0;4;7;1;2;3;2
2020-02-05 10:56:58;101;34;25;7;0;4;7;1;2;3;2
2020-02-05 10:57:59;101;34;25;7;0;4;7;1;2;3;2
2020-02-05 10:58:59;102;34;25;7;0;4;7;1;2;3;2
2020-02-05 11:00:00;102;34;25;7;0;4;7;1;2;3;2
2020-02-05 11:00:58;102;34;25;7;0;4;7;1;2;3;2
2020-02-05 11:01:59;102;34;25;7;0;4;7;1;2;3;2
2020-02-05 11:02:59;102;34;25;7;0;4;7;1;2;3;2
2020-02-05 11:03:58;102;34;25;7;0;4;7;1;2;3;2
2020-02-05 11:04:59;102;34;25;7;0;4;7;1;2;3;2
2020-02-05 11:05:59;102;34;25;7;0;4;7;1;2;3;2
2020-02-05 11:06:59;102;34;25;7;0;4;7;1;2;3;2
2020-02-05 11:07:58;102;34;25;7;0;4;7;1;2;3;2
2020-02-05 11:08:59;102;34;25;7;0;4;7;1;2;3;2
2020-02-05 11:09:59;101;34;25;7;0;4;7;1;2;3;2
2020-02-05 11:10:58;101;34;25;7;0;4;7;1;2;3;2
2020-02-05 11:11:59;101;34;25;7;0;4;7;1;2;3;2
2020-02-05 11:12:59;101;34;25;7;0;4;7;1;2;3;2
2020-02-05 11:13:59;101;34;25;7;0;4;7;1;2;3;2
2020-02-05 11:14:58;101;34;25;7;0;4;7;1;2;3;2
2020-02-05 11:15:59;101;34;25;7;0;4;7;1;2;3;2
2020-02-05 11:16:59;101;34;25;7;0;4;7;1;2;3;2
2020-02-05 11:17:58;102;34;25;8;0;4;7;1;2;3;2
2020-02-05 11:18:59;102;34;25;8;0;4;7;1;2;3;2
2020-02-05 11:19:59;102;34;25;8;0;4;7;1;2;3;2
2020-02-05 11:20:59;102;34;25;8;0;4;7;1;2;3;2
2020-02-05 11:21:58;102;34;25;8;0;4;7;1;2;3;2
2020-02-05 11:22:59;103;35;25;8;0;4;7;1;2;3;2
2020-02-05 11:23:59;103;35;25;8;0;4;7;1;2;3;2
2020-02-05 11:24:59;103;35;25;8;0;4;7;1;2;3;2
2020-02-05 11:25:59;104;35;25;8;0;4;7;1;2;3;2
2020-02-05 11:26:58;104;35;25;8;0;4;7;1;2;3;2
2020-02-05 11:27:59;105;36;25;8;0;4;7;1;2;3;2
2020-02-05 11:28:59;106;37;25;8;0;4;7;1;2;3;2
2020-02-05 11:29:58;106;37;25;8;0;4;7;1;2;3;2
2020-02-05 11:30:59;106;37;25;8;0;4;7;1;2;3;2
2020-02-05 11:31:59;106;37;25;8;0;4;7;1;2;3;2
2020-02-05 11:32:59;106;37;25;8;0;4;7;1;2;3;2
2020-02-05 11:33:58;107;38;25;8;0;4;7;1;2;3;2
2020-02-05 11:34:59;108;39;25;8;0;4;7;1;2;3;2
2020-02-05 11:35:59;109;39;26;8;0;4;7;1;2;3;2
2020-02-05 11:36:58;109;39;26;8;0;4;7;1;2;3;2
2020-02-05 11:37:59;109;39;26;8;0;4;7;1;2;3;2
2020-02-05 11:38:59;109;39;26;8;0;4;7;1;2;3;2
2020-02-05 11:39:58;109;39;26;8;0;4;7;1;2;3;2
2020-02-05 11:40:59;109;39;26;8;0;4;7;1;2;3;2
2020-02-05 11:41:59;109;39;26;8;0;4;7;1;2;3;2
2020-02-05 11:42:59;109;39;26;8;0;4;7;1;2;3;2
2020-02-05 11:43:58;110;39;26;9;0;4;7;1;2;3;2
2020-02-05 11:44:59;110;39;26;9;0;4;7;1;2;3;2
2020-02-05 11:45:59;110;39;26;9;0;4;7;1;2;3;2
2020-02-05 11:46:58;110;39;26;9;0;4;7;1;2;3;2
2020-02-05 11:47:59;110;39;26;9;0;4;7;1;2;3;2
2020-02-05 11:48:59;110;39;26;9;0;4;7;1;2;3;2
2020-02-05 11:49:59;110;39;26;9;0;4;7;1;2;3;2
2020-02-05 11:50:58;110;39;26;9;0;4;7;1;2;3;2
2020-02-05 11:51:59;110;39;26;9;0;4;7;1;2;3;2
2020-02-05 11:52:59;110;39;26;9;0;4;7;1;2;3;2
2020-02-05 11:53:59;110;39;26;9;0;4;7;1;2;3;2
2020-02-05 11:54:58;110;39;26;9;0;4;7;1;2;3;2
2020-02-05 11:55:59;110;39;26;9;0;4;7;1;2;3;2
2020-02-05 11:56:59;110;39;26;9;0;4;7;1;2;3;2
2020-02-05 11:57:58;110;39;26;9;0;4;7;1;2;3;2
2020-02-05 11:58:59;110;39;26;9;0;4;7;1;2;3;2
2020-02-05 11:59:59;110;39;26;9;0;4;7;1;2;3;2
2020-02-05 12:00:58;111;39;26;9;0;4;7;1;3;3;2
2020-02-05 12:01:59;111;39;26;9;0;4;7;1;3;3;2
2020-02-05 12:02:59;111;39;26;9;0;4;7;1;3;3;2
2020-02-05 12:03:58;111;39;26;9;0;4;7;1;3;3;2
2020-02-05 12:04:59;112;39;27;9;0;4;7;1;3;3;2
2020-02-05 12:05:59;113;40;27;9;0;4;7;1;3;3;2
2020-02-05 12:06:59;113;40;27;9;0;4;7;1;3;3;2
2020-02-05 12:07:58;113;40;27;9;0;4;7;1;3;3;2
2020-02-05 12:08:59;113;40;27;9;0;4;7;1;3;3;2
2020-02-05 12:09:59;113;40;27;9;0;4;7;1;3;3;2
2020-02-05 12:10:59;113;40;27;9;0;4;7;1;3;3;2
2020-02-05 12:11:58;113;40;27;9;0;4;7;1;3;3;2
2020-02-05 12:12:59;113;40;27;9;0;4;7;1;3;3;2
2020-02-05 12:13:59;113;40;27;9;0;4;7;1;3;3;2
2020-02-05 12:14:58;113;40;27;9;0;4;7;1;3;3;2
2020-02-05 12:15:59;113;40;27;9;0;4;7;1;3;3;2
2020-02-05 12:16:59;113;40;27;9;0;4;7;1;3;3;2
2020-02-05 12:17:58;112;40;27;9;0;4;7;1;3;3;2
2020-02-05 12:18:59;113;41;27;9;0;4;7;1;3;3;2
2020-02-05 12:19:59;113;41;27;9;0;4;7;1;3;3;2
2020-02-05 12:20:59;113;41;27;9;0;4;7;1;3;3;2
2020-02-05 12:21:58;113;41;27;9;0;4;7;1;3;3;2
2020-02-05 12:22:59;113;41;27;9;0;4;7;1;3;3;2
2020-02-05 12:23:59;114;41;27;9;0;4;7;1;4;3;2
2020-02-05 12:24:59;114;41;27;9;0;4;7;1;4;3;2
2020-02-05 12:25:58;114;41;27;9;0;4;7;1;4;3;2
2020-02-05 12:26:59;115;42;27;9;0;4;7;1;4;3;2
2020-02-05 12:27:59;115;42;27;9;0;4;7;1;4;3;2
2020-02-05 12:28:58;117;42;27;10;0;4;7;2;4;3;2
2020-02-05 12:29:59;117;42;27;10;0;4;7;2;4;3;2
2020-02-05 12:30:59;117;42;27;10;0;4;7;2;4;3;2
2020-02-05 12:31:58;117;42;27;10;0;4;7;2;4;3;2
2020-02-05 12:32:59;117;42;27;10;0;4;7;2;4;3;2
2020-02-05 12:33:59;117;42;27;10;0;4;7;2;4;3;2
2020-02-05 12:34:59;117;42;27;10;0;4;7;2;4;3;2
2020-02-05 12:35:58;117;42;27;10;0;4;7;2;4;3;2
2020-02-05 12:36:59;118;44;26;10;0;4;7;2;4;3;2
2020-02-05 12:37:58;119;44;26;11;0;4;7;2;4;3;2
2020-02-05 12:38:59;121;46;26;11;0;4;7;2;4;3;2
2020-02-05 12:39:59;121;46;26;11;0;4;7;2;4;3;2
2020-02-05 12:40:59;121;46;26;11;0;4;7;2;4;3;2
2020-02-05 12:41:58;122;47;26;11;0;4;7;2;4;3;2
2020-02-05 12:42:59;122;47;26;11;0;4;7;2;4;3;2
2020-02-05 12:43:59;122;47;26;11;0;4;7;2;4;3;2
2020-02-05 12:44:58;122;47;26;11;0;4;7;2;4;3;2
2020-02-05 12:45:59;122;47;26;11;0;4;7;2;4;3;2
2020-02-05 12:46:59;122;47;26;11;0;4;7;2;4;3;2
2020-02-05 12:47:59;122;47;26;11;0;4;7;2;4;3;2
2020-02-05 12:48:58;123;47;26;11;0;4;7;2;4;3;2
2020-02-05 12:49:59;123;47;26;11;0;4;7;2;4;3;2
2020-02-05 12:50:58;124;47;26;12;0;4;7;2;4;3;2
2020-02-05 12:51:59;124;47;26;12;0;4;7;2;4;3;2
2020-02-05 12:52:59;124;47;26;12;0;4;7;2;4;3;2
2020-02-05 12:53:59;124;47;26;12;0;4;7;2;4;3;2
2020-02-05 12:54:59;124;47;26;12;0;4;7;2;4;3;2
2020-02-05 12:55:58;124;47;26;12;0;4;7;2;4;3;2
2020-02-05 12:56:59;124;47;26;12;0;4;7;2;4;3;2
2020-02-05 12:57:59;124;47;26;12;0;4;7;2;4;3;2
2020-02-05 12:58:58;124;47;26;12;0;4;7;2;4;3;2
2020-02-05 12:59:59;124;47;26;12;0;4;7;2;4;3;2
2020-02-05 13:00:59;124;47;26;12;0;4;7;2;4;3;2
2020-02-05 13:01:58;124;48;26;12;0;4;6;2;4;3;2
2020-02-05 13:02:59;124;48;26;12;0;4;6;2;4;3;2
2020-02-05 13:03:59;125;49;26;12;0;4;6;2;4;3;2
2020-02-05 13:05:00;125;49;26;12;0;4;6;2;4;3;2
2020-02-05 13:05:58;125;49;26;12;0;4;6;2;4;3;2
2020-02-05 13:06:59;125;49;26;12;0;4;6;2;4;3;2
2020-02-05 13:07:59;126;49;26;12;2;4;6;2;4;3;2
2020-02-05 13:08:58;126;49;26;12;2;4;6;2;4;3;2
2020-02-05 13:09:59;126;49;26;12;2;4;6;2;4;3;2
2020-02-05 13:10:59;126;49;26;12;2;4;6;2;4;3;2
2020-02-05 13:11:59;126;49;26;12;2;4;6;2;4;3;2
2020-02-05 13:12:58;126;49;26;12;2;4;6;2;4;3;2
2020-02-05 13:13:59;126;49;26;12;2;4;6;2;4;3;2
2020-02-05 13:14:59;126;49;26;12;2;4;6;2;4;3;2
2020-02-05 13:15:58;126;49;26;12;2;4;6;2;4;3;2
2020-02-05 13:16:59;126;49;26;12;2;4;6;2;4;3;2
2020-02-05 13:17:59;126;49;26;12;2;4;6;2;4;3;2
2020-02-05 13:18:59;126;49;26;12;2;4;6;2;4;3;2
2020-02-05 13:19:58;126;49;26;12;2;4;6;2;4;3;2
2020-02-05 13:20:59;126;49;26;12;2;4;6;2;4;3;2
2020-02-05 13:21:59;126;49;26;12;2;4;6;2;4;3;2
2020-02-05 13:22:59;127;50;26;12;2;4;6;2;4;3;2
2020-02-05 13:23:58;128;51;26;12;2;4;6;2;4;3;2
2020-02-05 13:24:59;130;53;26;12;2;4;6;2;4;3;2
2020-02-05 13:25:59;132;55;26;12;2;4;6;2;4;3;2
2020-02-05 13:26:58;132;55;26;12;2;4;6;2;4;3;2
2020-02-05 13:27:59;132;55;26;13;2;4;6;2;4;3;2
2020-02-05 13:28:59;132;55;26;13;2;4;6;2;4;3;2
2020-02-05 13:29:58;133;56;26;13;2;4;6;2;4;3;2
2020-02-05 13:30:59;133;56;26;13;2;4;6;2;4;3;2
2020-02-05 13:31:59;133;56;26;13;2;4;6;2;4;3;2
2020-02-05 13:32:59;133;56;26;13;2;4;6;2;4;3;2
2020-02-05 13:33:58;133;56;26;13;2;4;6;2;4;3;2
2020-02-05 13:34:59;133;56;26;13;2;4;6;2;4;3;2
2020-02-05 13:35:59;133;56;26;13;2;4;6;2;4;3;2
2020-02-05 13:36:58;133;56;26;13;2;4;6;2;4;3;2
2020-02-05 13:37:59;133;56;26;13;2;4;6;2;4;3;2
2020-02-05 13:38:59;134;56;27;13;2;4;6;2;4;3;2
2020-02-05 13:39:59;134;56;27;13;2;4;6;2;4;3;2
2020-02-05 13:40:58;134;56;27;13;2;4;6;2;4;3;2
2020-02-05 13:41:59;134;56;27;13;2;4;6;2;4;3;2
2020-02-05 13:43:00;134;56;27;13;2;4;6;2;4;3;2
2020-02-05 13:43:58;134;56;27;13;2;4;6;2;4;3;2
2020-02-05 13:44:59;134;56;27;13;2;4;6;2;4;3;2
2020-02-05 13:45:59;136;56;27;15;2;4;6;2;4;3;2
2020-02-05 13:46:58;136;56;27;15;2;4;6;2;4;3;2
2020-02-05 13:47:59;136;56;27;15;2;4;6;2;4;3;2
2020-02-05 13:48:59;137;57;27;15;2;4;6;2;4;3;2
2020-02-05 13:50:00;138;58;27;15;2;4;6;2;4;3;2
2020-02-05 13:50:58;138;58;27;15;2;4;6;2;4;3;2
2020-02-05 13:51:59;138;58;27;15;2;4;6;2;4;3;2
2020-02-05 13:52:59;138;58;27;15;2;4;6;2;4;3;2
2020-02-05 13:53:58;139;58;27;15;2;4;6;2;4;3;2
2020-02-05 13:54:59;139;58;27;15;2;4;6;2;4;3;2
2020-02-05 13:55:59;139;58;27;15;2;4;6;2;4;3;2
2020-02-05 13:56:59;140;59;27;15;2;4;6;2;4;3;2
2020-02-05 13:57:58;141;59;27;15;2;4;6;3;4;3;2
2020-02-05 13:58:59;141;59;27;15;2;4;6;3;4;3;2
2020-02-05 13:59:59;142;60;27;15;2;4;6;3;4;3;2
2020-02-05 14:00:58;142;60;27;15;2;4;6;3;4;3;2
2020-02-05 14:01:59;143;61;27;15;2;4;6;3;4;3;2
2020-02-05 14:02:59;143;61;27;15;2;4;6;3;4;3;2
2020-02-05 14:03:58;143;61;27;15;2;4;6;3;4;3;2
2020-02-05 14:04:59;143;61;27;15;2;4;6;3;4;3;2
2020-02-05 14:05:59;145;62;27;16;2;4;6;3;4;3;2
2020-02-05 14:06:59;146;63;27;16;2;4;6;3;4;3;2
2020-02-05 14:07:58;147;63;27;17;2;4;6;3;4;3;2
2020-02-05 14:08:59;147;63;27;17;2;4;6;3;4;3;2
2020-02-05 14:09:59;147;63;27;17;2;4;6;3;4;3;2
2020-02-05 14:10:58;147;64;27;17;2;4;6;2;4;3;2
2020-02-05 14:11:59;148;64;27;17;2;4;6;3;4;3;2
2020-02-05 14:12:59;148;64;27;17;2;4;6;3;4;3;2
2020-02-05 14:13:59;148;64;27;17;2;4;6;3;4;3;2
2020-02-05 14:14:58;149;65;27;17;2;4;6;3;4;3;2
2020-02-05 14:15:59;149;65;27;17;2;4;6;3;4;3;2
2020-02-05 14:16:59;149;65;27;17;2;4;6;3;4;3;2
2020-02-05 14:17:59;149;65;27;17;2;4;6;3;4;3;2
2020-02-05 14:18:58;149;65;27;17;2;4;6;3;4;3;2
2020-02-05 14:19:59;149;65;27;17;2;4;6;3;4;3;2
2020-02-05 14:20:59;149;65;27;17;2;4;6;3;4;3;2
2020-02-05 14:21:58;149;65;27;17;2;4;6;3;4;3;2
2020-02-05 14:22:59;150;66;27;17;2;4;6;3;4;3;2
2020-02-05 14:23:59;150;66;27;17;2;4;6;3;4;3;2
2020-02-05 14:24:59;150;66;27;17;2;4;6;3;4;3;2
2020-02-05 14:25:58;150;66;27;17;2;4;6;3;4;3;2
2020-02-05 14:26:59;150;66;27;17;2;4;6;3;4;3;2
2020-02-05 14:27:59;150;66;27;17;2;4;6;3;4;3;2
2020-02-05 14:29:00;150;66;27;17;2;4;6;3;4;3;2
2020-02-05 14:29:58;150;66;27;17;2;4;6;3;4;3;2
2020-02-05 14:30:59;150;66;27;17;2;4;6;3;4;3;2
2020-02-05 14:31:59;150;66;27;17;2;4;6;3;4;3;2
2020-02-05 14:32:58;150;67;26;17;2;4;6;3;4;3;2
2020-02-05 14:33:59;150;67;26;17;2;4;6;3;4;3;2
2020-02-05 14:34:59;150;67;26;17;2;4;6;3;4;3;2
2020-02-05 14:35:58;150;67;26;17;2;4;6;3;4;3;2
2020-02-05 14:36:59;149;67;26;17;2;4;6;3;4;3;2
2020-02-05 14:37:59;149;67;26;17;2;4;6;3;4;3;2
2020-02-05 14:38:59;149;67;26;17;2;4;6;3;4;3;2
2020-02-05 14:39:58;149;67;26;17;2;4;6;3;4;3;2
2020-02-05 14:40:59;149;67;26;17;2;4;6;3;4;3;2
2020-02-05 14:41:58;149;67;26;17;2;4;6;3;4;3;2
2020-02-05 14:42:59;149;67;26;17;2;4;6;3;4;3;2
2020-02-05 14:43:58;149;67;26;17;2;4;6;3;4;3;2
2020-02-05 14:44:59;149;67;26;17;2;4;6;3;4;3;2
2020-02-05 14:45:59;149;67;26;17;2;4;6;3;4;3;2
2020-02-05 14:46:58;149;67;26;17;2;4;6;3;4;3;2
2020-02-05 14:47:59;150;67;27;17;2;4;6;3;4;3;2
2020-02-05 14:48:58;150;67;27;17;2;4;6;3;4;3;2
2020-02-05 14:49:59;150;67;27;17;2;4;6;3;4;3;2
2020-02-05 14:50:59;150;67;27;17;2;4;6;3;4;3;2
2020-02-05 14:51:59;150;67;27;17;2;4;6;3;4;3;2
2020-02-05 14:52:58;150;67;27;17;2;4;6;3;4;3;2
2020-02-05 14:53:59;150;67;27;17;2;4;6;3;4;3;2
2020-02-05 14:54:59;150;67;27;17;2;4;6;3;4;3;2
2020-02-05 14:55:58;150;67;27;17;2;4;6;3;4;3;2
2020-02-05 14:56:59;151;68;27;17;2;4;6;3;4;3;2
2020-02-05 14:57:59;151;68;27;17;2;4;6;3;4;3;2
2020-02-05 14:58:58;152;69;27;17;2;4;6;3;4;3;2
2020-02-05 14:59:59;152;69;27;17;2;4;6;3;4;3;2
2020-02-05 15:00:59;152;69;27;17;2;4;6;3;4;3;2
2020-02-05 15:01:58;154;70;27;17;2;4;6;3;4;3;2
2020-02-05 15:02:59;155;70;27;18;2;4;6;3;4;3;2
2020-02-05 15:03:59;155;70;27;18;2;4;6;3;4;3;2
2020-02-05 15:05:00;156;70;27;18;3;4;6;3;4;3;2
2020-02-05 15:05:58;156;70;27;18;3;4;6;3;4;3;2
2020-02-05 15:06:59;156;70;27;18;3;4;6;3;4;3;2
2020-02-05 15:07:59;156;70;27;18;3;4;6;3;4;3;2
2020-02-05 15:08:58;156;70;27;18;3;4;6;3;4;3;2
2020-02-05 15:09:59;156;70;27;18;3;4;6;3;4;3;2
2020-02-05 15:10:59;156;70;27;18;3;4;6;3;4;3;2
2020-02-05 15:11:58;156;70;27;18;3;4;6;3;4;3;2
2020-02-05 15:12:59;156;70;27;18;3;4;6;3;4;3;2
2020-02-05 15:13:59;157;71;27;18;3;4;6;3;4;3;2
2020-02-05 15:14:59;157;71;27;18;3;4;6;3;4;3;2
2020-02-05 15:15:58;157;71;27;18;3;4;6;3;4;3;2
2020-02-05 15:16:59;157;71;27;18;3;4;6;3;4;3;2
2020-02-05 15:17:59;157;71;27;18;3;4;6;3;4;3;2
2020-02-05 15:18:59;156;70;27;18;3;4;6;3;4;3;2
2020-02-05 15:19:58;156;70;27;18;3;4;6;3;4;3;2
2020-02-05 15:20:59;157;71;27;18;3;4;6;3;4;3;2
2020-02-05 15:21:59;157;71;27;18;3;4;6;3;4;3;2
2020-02-05 15:22:58;157;71;27;18;3;4;6;3;4;3;2
2020-02-05 15:23:59;157;71;27;18;3;4;6;3;4;3;2
2020-02-05 15:24:59;157;71;27;18;3;4;6;3;4;3;2
2020-02-05 15:25:58;157;71;27;18;3;4;6;3;4;3;2
2020-02-05 15:26:59;157;71;27;18;3;4;6;3;4;3;2
2020-02-05 15:27:59;157;71;27;18;3;4;6;3;4;3;2
2020-02-05 15:28:59;159;73;27;18;3;4;6;3;4;3;2
2020-02-05 15:29:58;159;73;27;18;3;4;6;3;4;3;2
2020-02-05 15:30:59;159;73;27;18;3;4;6;3;4;3;2
2020-02-05 15:31:59;159;73;27;18;3;4;6;3;4;3;2
2020-02-05 15:32:58;160;74;27;18;3;4;6;3;4;3;2
2020-02-05 15:33:59;160;74;27;18;3;4;6;3;4;3;2
2020-02-05 15:34:59;160;74;27;18;3;4;6;3;4;3;2
2020-02-05 15:35:59;160;74;27;18;3;4;6;3;4;3;2
2020-02-05 15:36:58;160;74;27;18;3;4;6;3;4;3;2
2020-02-05 15:37:59;160;74;27;18;3;4;6;3;4;3;2
2020-02-05 15:38:59;161;75;27;18;3;4;6;3;4;3;2
2020-02-05 15:39:58;161;75;27;18;3;4;6;3;4;3;2
2020-02-05 15:40:59;161;75;27;18;3;4;6;3;4;3;2
2020-02-05 15:41:59;161;75;27;18;3;4;6;3;4;3;2
2020-02-05 15:42:59;161;75;27;18;3;4;6;3;4;3;2
2020-02-05 15:43:58;161;75;27;18;3;4;6;3;4;3;2
2020-02-05 15:44:59;161;75;27;18;3;4;6;3;4;3;2
2020-02-05 15:45:59;161;75;27;18;3;4;6;3;4;3;2
2020-02-05 15:46:58;161;75;27;18;3;4;6;3;4;3;2
2020-02-05 15:47:59;161;75;27;18;3;4;6;3;4;3;2
2020-02-05 15:48:59;161;75;27;18;3;4;6;3;4;3;2
2020-02-05 15:49:59;162;75;27;19;3;4;6;3;4;3;2
2020-02-05 15:50:58;162;75;27;19;3;4;6;3;4;3;2
2020-02-05 15:51:59;162;75;27;19;3;4;6;3;4;3;2
2020-02-05 15:52:59;162;75;27;19;3;4;6;3;4;3;2
2020-02-05 15:53:58;162;75;27;19;3;4;6;3;4;3;2
2020-02-05 15:54:59;162;75;27;19;3;4;6;3;4;3;2
2020-02-05 15:55:59;162;75;27;19;3;4;6;3;4;3;2
2020-02-05 15:56:59;162;75;27;19;3;4;6;3;4;3;2
2020-02-05 15:57:58;162;75;27;19;3;4;6;3;4;3;2
2020-02-05 15:58:59;162;75;27;19;3;4;6;3;4;3;2
2020-02-05 15:59:59;162;75;27;19;3;4;6;3;4;3;2
2020-02-05 16:00:58;162;75;27;19;3;4;6;3;4;3;2
2020-02-05 16:01:59;162;75;27;19;3;4;6;3;4;3;2
2020-02-05 16:02:59;162;75;27;19;3;4;6;3;4;3;2
2020-02-05 16:03:59;162;75;27;19;3;4;6;3;4;3;2
2020-02-05 16:04:58;165;76;27;19;4;4;6;3;4;4;2
2020-02-05 16:05:59;165;76;27;19;4;4;6;3;4;4;2
2020-02-05 16:06:59;165;76;27;19;4;4;5;4;4;4;2
2020-02-05 16:07:58;166;76;28;19;4;4;5;4;4;4;2
2020-02-05 16:08:59;166;76;28;19;4;4;5;4;4;4;2
2020-02-05 16:09:59;166;76;28;19;4;4;5;4;4;4;2
2020-02-05 16:10:59;166;76;28;19;4;4;5;4;4;4;2
2020-02-05 16:11:58;166;76;28;19;4;4;5;4;4;4;2
2020-02-05 16:12:59;166;76;28;19;4;4;5;4;4;4;2
2020-02-05 16:13:59;167;77;28;19;4;4;5;4;4;4;2
2020-02-05 16:14:58;167;77;28;19;4;4;5;4;4;4;2
2020-02-05 16:15:59;167;77;28;19;4;4;5;4;4;4;2
2020-02-05 16:16:59;168;78;28;19;4;4;5;4;4;4;2
2020-02-05 16:17:58;169;79;28;19;4;4;5;4;4;4;2
2020-02-05 16:18:59;170;79;28;19;4;4;5;4;4;4;3
2020-02-05 16:19:59;170;79;28;19;4;4;5;4;4;4;3
2020-02-05 16:20:58;171;80;28;19;4;4;5;4;4;4;3
2020-02-05 16:21:59;172;80;28;19;4;5;5;4;4;4;3
2020-02-05 16:22:58;172;80;28;19;4;5;5;4;4;4;3
2020-02-05 16:23:59;172;80;28;19;4;5;5;4;4;4;3
2020-02-05 16:24:59;172;80;28;19;4;5;5;4;4;4;3
2020-02-05 16:25:58;172;80;28;19;4;5;5;4;4;4;3
2020-02-05 16:26:59;173;81;28;19;4;5;5;4;4;4;3
2020-02-05 16:27:59;173;81;28;19;4;5;5;4;4;4;3
2020-02-05 16:28:58;174;82;28;19;4;5;5;4;4;4;3
2020-02-05 16:29:59;174;82;28;19;4;5;5;4;4;4;3
2020-02-05 16:30:59;175;83;28;19;4;5;5;4;4;4;3
2020-02-05 16:31:59;175;83;28;19;4;5;5;4;4;4;3
2020-02-05 16:32:58;175;83;28;19;4;5;5;4;4;4;3
2020-02-05 16:33:59;175;83;28;19;4;5;5;4;4;4;3
2020-02-05 16:34:59;176;84;28;19;4;5;5;4;4;4;3
2020-02-05 16:35:58;176;84;28;19;4;5;5;4;4;4;3
2020-02-05 16:36:59;176;84;28;19;4;5;5;4;4;4;3
2020-02-05 16:37:59;176;84;28;19;4;5;5;4;4;4;3
2020-02-05 16:38:59;176;84;28;19;4;5;5;4;4;4;3
2020-02-05 16:39:58;176;84;28;19;4;5;5;4;4;4;3
2020-02-05 16:40:59;176;84;28;19;4;5;5;4;4;4;3
2020-02-05 16:41:59;176;84;28;19;4;5;5;4;4;4;3
2020-02-05 16:42:58;176;84;28;19;4;5;5;4;4;4;3
2020-02-05 16:43:59;176;84;28;19;4;5;5;4;4;4;3
2020-02-05 16:44:59;176;84;28;19;4;5;5;4;4;4;3
2020-02-05 16:45:58;177;85;28;19;4;5;5;4;4;4;3
2020-02-05 16:46:59;177;85;28;19;4;5;5;4;4;4;3
2020-02-05 16:47:59;177;85;28;19;4;5;5;4;4;4;3
2020-02-05 16:48:59;177;85;28;19;4;5;5;4;4;4;3
2020-02-05 16:49:58;177;85;28;19;4;5;5;4;4;4;3
2020-02-05 16:50:59;177;85;28;19;4;5;5;4;4;4;3
2020-02-05 16:51:59;177;85;28;19;4;5;5;4;4;4;3
2020-02-05 16:53:00;177;85;28;19;4;5;5;4;4;4;3
2020-02-05 16:53:58;177;85;28;19;4;5;5;4;4;4;3
2020-02-05 16:54:59;179;85;28;20;4;5;5;4;4;4;3
2020-02-05 16:55:59;179;85;28;20;4;5;5;4;4;4;3
2020-02-05 16:56:58;179;85;28;20;4;5;5;4;4;4;3
2020-02-05 16:57:59;179;85;28;20;4;5;5;4;4;4;3
2020-02-05 16:58:59;181;86;29;20;4;5;5;4;4;4;3
2020-02-05 16:59:59;182;87;29;20;4;5;5;4;4;4;3
2020-02-05 17:00:58;182;87;29;20;4;5;5;4;4;4;3
2020-02-05 17:01:59;183;88;29;20;4;5;5;4;4;4;3
2020-02-05 17:02:59;183;88;29;20;4;5;5;4;4;4;3
2020-02-05 17:03:59;183;88;29;20;4;5;5;4;4;4;3
2020-02-05 17:04:58;183;88;29;20;4;5;5;4;4;4;3
2020-02-05 17:05:59;183;88;29;20;4;5;5;4;4;4;3
2020-02-05 17:06:59;183;88;29;20;4;5;5;4;4;4;3
2020-02-05 17:07:58;183;88;29;20;4;5;5;4;4;4;3
2020-02-05 17:08:59;183;88;29;20;4;5;5;4;4;4;3
2020-02-05 17:09:59;183;88;29;20;4;5;5;4;4;4;3
2020-02-05 17:10:59;184;89;29;20;4;5;5;4;4;4;3
2020-02-05 17:11:58;184;89;29;20;4;5;5;4;4;4;3
2020-02-05 17:12:59;184;89;29;20;4;5;5;4;4;4;3
2020-02-05 17:13:59;184;89;29;20;4;5;5;4;4;4;3
2020-02-05 17:14:59;185;90;29;20;4;5;5;4;4;4;3
2020-02-05 17:15:58;185;90;29;20;4;5;5;4;4;4;3
2020-02-05 17:16:59;185;90;29;20;4;5;5;4;4;4;3
2020-02-05 17:17:59;185;90;29;20;4;5;5;4;4;4;3
2020-02-05 17:18:58;186;91;29;20;4;5;5;4;4;4;3
2020-02-05 17:19:59;187;92;29;20;4;5;5;4;4;4;3
2020-02-05 17:20:59;187;92;29;20;4;5;5;4;4;4;3
2020-02-05 17:21:59;188;93;29;20;4;5;5;4;4;4;3
2020-02-05 17:22:58;188;93;29;20;4;5;5;4;4;4;3
2020-02-05 17:23:59;188;94;28;20;4;5;5;4;4;4;3
2020-02-05 17:24:59;188;94;28;20;4;5;5;4;4;4;3
2020-02-05 17:25:58;188;94;28;20;4;5;5;4;4;4;3
2020-02-05 17:26:59;188;94;28;20;4;5;5;4;4;4;3
2020-02-05 17:27:59;188;94;28;20;4;5;5;4;4;4;3
2020-02-05 17:28:59;188;94;28;20;4;5;5;4;4;4;3
2020-02-05 17:29:58;189;95;28;20;4;5;5;4;4;4;3
2020-02-05 17:30:59;189;95;28;20;4;5;5;4;4;4;3
2020-02-05 17:31:59;189;95;28;20;4;5;5;4;4;4;3
2020-02-05 17:32:59;189;95;28;20;4;5;5;4;4;4;3
2020-02-05 17:33:58;189;95;28;20;4;5;5;4;4;4;3
2020-02-05 17:34:59;189;95;28;20;4;5;5;4;4;4;3
2020-02-05 17:35:59;189;95;28;20;4;5;5;4;4;4;3
2020-02-05 17:36:59;190;96;28;20;4;5;5;4;4;4;3
2020-02-05 17:37:58;190;96;28;20;4;5;5;4;4;4;3
2020-02-05 17:38:59;190;96;28;20;4;5;5;4;4;4;3
2020-02-05 17:39:59;190;96;28;20;4;5;5;4;4;4;3
2020-02-05 17:40:58;190;96;28;20;4;5;5;4;4;4;3
2020-02-05 17:41:59;190;96;28;20;4;5;5;4;4;4;3
2020-02-05 17:42:58;190;96;28;20;4;5;5;4;4;4;3
2020-02-05 17:43:59;190;96;28;20;4;5;5;4;4;4;3
2020-02-05 17:44:59;190;96;28;20;4;5;5;4;4;4;3
2020-02-05 17:45:59;190;96;28;20;4;5;5;4;4;4;3
2020-02-05 17:46:58;190;96;28;20;4;5;5;4;4;4;3
2020-02-05 17:47:59;191;97;28;20;4;5;5;4;4;4;3
2020-02-05 17:48:59;191;97;28;20;4;5;5;4;4;4;3
2020-02-05 17:50:00;192;98;28;20;4;5;5;4;4;4;3
2020-02-05 17:50:58;192;98;28;20;4;5;5;4;4;4;3
2020-02-05 17:51:59;192;98;28;20;4;5;5;4;4;4;3
2020-02-05 17:52:59;192;98;28;20;4;5;5;4;4;4;3
2020-02-05 17:53:58;192;98;28;20;4;5;5;4;4;4;3
2020-02-05 17:54:59;192;98;28;20;4;5;5;4;4;4;3
2020-02-05 17:55:59;192;98;28;20;4;5;5;4;4;4;3
2020-02-05 17:56:58;192;98;28;20;4;5;5;4;4;4;3
2020-02-05 17:57:59;192;98;28;20;4;5;5;4;4;4;3
2020-02-05 17:58:59;192;98;28;20;4;5;5;4;4;4;3
2020-02-05 17:59:58;192;98;28;20;4;5;5;4;4;4;3
2020-02-05 18:00:59;192;98;28;20;4;5;5;4;4;4;3
2020-02-05 18:01:59;192;98;28;20;4;5;5;4;4;4;3
2020-02-05 18:02:59;192;98;28;20;4;5;5;4;4;4;3
2020-02-05 18:03:58;192;98;28;20;4;5;5;4;4;4;3
2020-02-05 18:04:59;193;98;28;20;4;5;5;4;4;4;3
2020-02-05 18:05:59;193;98;28;20;4;5;5;4;4;4;3
2020-02-05 18:06:59;193;98;28;20;4;5;5;4;4;4;3
2020-02-05 18:07:58;194;99;28;20;4;5;5;4;4;4;3
2020-02-05 18:08:59;195;100;28;20;4;5;5;4;4;4;3
2020-02-05 18:09:59;195;100;28;20;4;5;5;4;4;4;3
2020-02-05 18:10:59;195;100;28;20;4;5;5;4;4;4;3
2020-02-05 18:11:58;195;100;28;20;4;5;5;4;4;4;3
2020-02-05 18:12:59;195;100;28;20;4;5;5;4;4;4;3
2020-02-05 18:13:59;195;100;28;20;4;5;5;4;4;4;3
2020-02-05 18:14:58;195;100;28;20;4;5;5;4;4;4;3
2020-02-05 18:15:59;195;100;28;20;4;5;5;4;4;4;3
2020-02-05 18:16:59;195;100;28;20;4;5;5;4;4;4;3
2020-02-05 18:17:59;195;100;28;20;4;5;5;4;4;4;3
2020-02-05 18:18:58;195;100;28;20;4;5;5;4;4;4;3
2020-02-05 18:19:59;196;101;28;20;4;5;5;4;4;4;3
2020-02-05 18:20:59;196;101;28;20;4;5;5;4;4;4;3
2020-02-05 18:21:58;196;101;28;20;4;5;5;4;4;4;3
2020-02-05 18:22:59;196;101;28;20;4;5;5;4;4;4;3
2020-02-05 18:23:59;196;101;28;20;4;5;5;4;4;4;3
2020-02-05 18:24:58;196;101;28;20;4;5;5;4;4;4;3
2020-02-05 18:25:59;196;101;28;20;4;5;5;4;4;4;3
2020-02-05 18:26:59;196;101;28;20;4;5;5;4;4;4;3
2020-02-05 18:27:59;196;101;28;20;4;5;5;4;4;4;3
2020-02-05 18:28:58;196;101;28;20;4;5;5;4;4;4;3
2020-02-05 18:29:59;196;101;28;20;4;5;5;4;4;4;3
2020-02-05 18:30:59;196;101;28;20;4;5;5;4;4;4;3
2020-02-05 18:31:59;196;101;28;20;4;5;5;4;4;4;3
2020-02-05 18:32:58;196;101;28;20;4;5;5;4;4;4;3
2020-02-05 18:33:59;196;101;28;20;4;5;5;4;4;4;3
2020-02-05 18:34:59;197;102;28;20;4;5;5;4;4;4;3
2020-02-05 18:35:58;197;102;28;20;4;5;5;4;4;4;3
2020-02-05 18:36:59;197;102;28;20;4;5;5;4;4;4;3
2020-02-05 18:37:59;197;102;28;20;4;5;5;4;4;4;3
2020-02-05 18:38:58;197;102;28;20;4;5;5;4;4;4;3
2020-02-05 18:39:59;197;102;28;20;4;5;5;4;4;4;3
2020-02-05 18:40:59;197;102;28;20;4;5;5;4;4;4;3
2020-02-05 18:41:58;197;102;28;20;4;5;5;4;4;4;3
2020-02-05 18:42:59;197;102;28;20;4;5;5;4;4;4;3
2020-02-05 18:43:59;197;102;28;20;4;5;5;4;4;4;3
2020-02-05 18:44:58;197;102;28;20;4;5;5;4;4;4;3
2020-02-05 18:45:59;197;102;28;20;4;5;5;4;4;4;3
2020-02-05 18:46:59;199;103;29;20;4;5;5;4;4;4;3
2020-02-05 18:47:58;200;104;29;20;4;5;5;4;4;4;3
2020-02-05 18:48:59;201;104;29;21;4;5;5;4;4;4;3
2020-02-05 18:49:59;201;104;29;21;4;5;5;4;4;4;3
2020-02-05 18:50:59;201;104;29;21;4;5;5;4;4;4;3
2020-02-05 18:51:58;201;104;29;21;4;5;5;4;4;4;3
2020-02-05 18:52:59;201;104;29;21;4;5;5;4;4;4;3
2020-02-05 18:53:59;201;104;29;21;4;5;5;4;4;4;3
2020-02-05 18:54:58;201;104;29;21;4;5;5;4;4;4;3
2020-02-05 18:55:59;201;104;29;21;4;5;5;4;4;4;3
2020-02-05 18:56:59;201;104;29;21;4;5;5;4;4;4;3
2020-02-05 18:57:58;201;104;29;21;4;5;5;4;4;4;3
2020-02-05 18:58:59;201;104;29;21;4;5;5;4;4;4;3
2020-02-05 18:59:59;201;104;29;21;4;5;5;4;4;4;3
2020-02-05 19:00:58;201;104;29;21;4;5;5;4;4;4;3
2020-02-05 19:01:59;201;104;29;21;4;5;5;4;4;4;3
2020-02-05 19:02:58;201;104;29;21;4;5;5;4;4;4;3
2020-02-05 19:03:59;201;104;29;21;4;5;5;4;4;4;3
2020-02-05 19:04:59;201;104;29;21;4;5;5;4;4;4;3
2020-02-05 19:05:59;201;104;29;21;4;5;5;4;4;4;3
2020-02-05 19:06:58;201;104;29;21;4;5;5;4;4;4;3
2020-02-05 19:07:59;202;104;29;21;4;5;5;4;4;4;3
2020-02-05 19:08:59;202;104;29;21;4;5;5;4;4;4;3
2020-02-05 19:09:58;203;104;29;21;5;5;5;4;4;4;3
2020-02-05 19:10:59;203;104;29;21;5;5;5;4;4;4;3
2020-02-05 19:11:59;203;104;29;21;5;5;5;4;4;4;3
2020-02-05 19:12:59;204;105;29;21;5;5;5;4;4;4;3
2020-02-05 19:13:59;204;105;29;21;5;5;5;4;4;4;3
2020-02-05 19:14:58;204;105;29;21;5;5;5;4;4;4;3
2020-02-05 19:15:59;206;107;29;21;5;5;5;4;4;4;3
2020-02-05 19:16:59;206;107;29;21;5;5;5;4;4;4;3
2020-02-05 19:17:58;207;106;30;21;5;6;5;4;4;4;3
2020-02-05 19:18:59;207;106;30;21;5;6;5;4;4;4;3
2020-02-05 19:19:59;207;105;30;21;6;6;5;4;4;4;3
2020-02-05 19:20:58;207;105;30;21;6;6;5;4;4;4;3
2020-02-05 19:21:59;207;105;30;21;6;6;5;4;4;4;3
2020-02-05 19:22:59;208;106;30;21;6;6;5;4;4;4;3
2020-02-05 19:23:58;208;106;30;21;6;6;5;4;4;4;3
2020-02-05 19:24:59;208;106;30;21;6;6;5;4;4;4;3
2020-02-05 19:25:59;208;106;30;21;6;6;5;4;4;4;3
2020-02-05 19:26:58;208;106;30;21;6;6;5;4;4;4;3
2020-02-05 19:27:59;208;106;30;21;6;6;5;4;4;4;3
2020-02-05 19:28:59;208;106;30;21;6;6;5;4;4;4;3
2020-02-05 19:29:59;208;106;30;21;6;6;5;4;4;4;3
2020-02-05 19:30:58;208;106;30;21;6;6;5;4;4;4;3
2020-02-05 19:31:59;209;107;30;21;6;6;5;4;4;4;3
2020-02-05 19:32:59;209;107;30;21;6;6;5;4;4;4;3
2020-02-05 19:33:58;209;107;30;21;6;6;5;4;4;4;3
2020-02-05 19:34:59;209;107;30;21;6;6;5;4;4;4;3
2020-02-05 19:35:59;209;107;30;21;6;6;5;4;4;4;3
2020-02-05 19:36:59;209;107;30;21;6;6;5;4;4;4;3
2020-02-05 19:37:58;210;107;31;21;6;6;5;4;4;4;3
2020-02-05 19:38:59;210;107;31;21;6;6;5;4;4;4;3
2020-02-05 19:39:59;212;109;31;21;6;6;5;4;4;4;3
2020-02-05 19:40:59;212;109;31;21;6;6;5;4;4;4;3
2020-02-05 19:41:58;212;109;31;21;6;6;5;4;4;4;3
2020-02-05 19:42:59;212;109;31;21;6;6;5;4;4;4;3
2020-02-05 19:43:59;212;109;31;21;6;6;5;4;4;4;3
2020-02-05 19:44:58;212;109;31;21;6;6;5;4;4;4;3
2020-02-05 19:45:59;212;109;31;21;6;6;5;4;4;4;3
2020-02-05 19:46:59;212;109;31;21;6;6;5;4;4;4;3
2020-02-05 19:47:59;212;109;31;21;6;6;5;4;4;4;3
2020-02-05 19:48:58;212;109;31;21;6;6;5;4;4;4;3
2020-02-05 19:49:59;212;109;31;21;6;6;5;4;4;4;3
2020-02-05 19:50:59;212;109;31;21;6;6;5;4;4;4;3
2020-02-05 19:51:59;212;109;31;21;6;6;5;4;4;4;3
2020-02-05 19:52:58;212;109;31;21;6;6;5;4;4;4;3
2020-02-05 19:53:59;213;109;31;21;7;6;5;4;4;4;3
2020-02-05 19:54:59;213;109;31;21;7;6;5;4;4;4;3
2020-02-05 19:55:58;213;109;31;21;7;6;5;4;4;4;3
2020-02-05 19:56:59;213;109;31;21;7;6;5;4;4;4;3
2020-02-05 19:57:59;213;109;31;21;7;6;5;4;4;4;3
2020-02-05 19:58:58;213;109;31;21;7;6;5;4;4;4;3
2020-02-05 19:59:59;213;109;31;21;7;6;5;4;4;4;3
2020-02-05 20:01:00;213;109;31;21;7;6;5;4;4;4;3
2020-02-05 20:01:58;213;109;31;21;7;6;5;4;4;4;3
2020-02-05 20:02:59;213;109;31;21;7;6;5;4;4;4;3
2020-02-05 20:03:59;213;109;31;21;7;6;5;4;4;4;3
2020-02-05 20:04:58;213;109;31;21;7;6;5;4;4;4;3
2020-02-05 20:05:59;213;109;31;21;7;6;5;4;4;4;3
2020-02-05 20:06:59;213;109;31;21;7;6;5;4;4;4;3
2020-02-05 20:07:59;214;110;31;21;7;6;5;4;4;4;3
2020-02-05 20:08:58;214;110;31;21;7;6;5;4;4;4;3
2020-02-05 20:09:59;214;110;31;21;7;6;5;4;4;4;3
2020-02-05 20:10:59;215;111;31;21;7;6;5;4;4;4;3
2020-02-05 20:11:58;215;111;31;21;7;6;5;4;4;4;3
2020-02-05 20:12:59;215;111;31;21;7;6;5;4;4;4;3
2020-02-05 20:13:59;215;111;31;21;7;6;5;4;4;4;3
2020-02-05 20:14:58;215;111;31;21;7;6;5;4;4;4;3
2020-02-05 20:15:59;215;111;31;21;7;6;5;4;4;4;3
2020-02-05 20:16:58;215;111;31;21;7;6;5;4;4;4;3
2020-02-05 20:17:59;215;111;31;21;7;6;5;4;4;4;3
2020-02-05 20:18:59;215;111;31;21;7;6;5;4;4;4;3
2020-02-05 20:19:58;215;111;31;21;7;6;5;4;4;4;3
2020-02-05 20:20:59;216;111;32;21;7;6;5;4;4;4;3
2020-02-05 20:21:59;216;111;32;21;7;6;5;4;4;4;3
2020-02-05 20:22:59;217;111;32;21;7;6;5;4;4;4;3
2020-02-05 20:23:58;217;111;32;21;7;6;5;4;4;4;3
2020-02-05 20:24:59;217;111;32;21;7;6;5;4;4;4;3
2020-02-05 20:25:59;217;111;32;21;7;6;5;4;4;4;3
2020-02-05 20:26:59;217;111;32;21;7;6;5;4;4;4;3
2020-02-05 20:27:58;217;111;32;21;7;6;5;4;4;4;3
2020-02-05 20:28:59;217;111;32;21;7;6;5;4;4;4;3
2020-02-05 20:29:59;217;111;32;21;7;6;5;4;4;4;3
2020-02-05 20:30:59;217;111;32;21;7;6;5;4;4;4;3
2020-02-05 20:31:58;217;111;32;21;7;6;5;4;4;4;3
2020-02-05 20:32:59;217;111;32;21;7;6;5;4;4;4;3
2020-02-05 20:33:59;218;112;32;21;7;6;5;4;4;4;3
2020-02-05 20:34:58;218;112;32;21;7;6;5;4;4;4;3
2020-02-05 20:35:59;219;113;32;21;7;6;5;4;4;4;3
2020-02-05 20:36:59;219;113;32;21;7;6;5;4;4;4;3
2020-02-05 20:37:59;219;113;32;21;7;6;5;4;4;4;3
2020-02-05 20:38:58;219;113;32;21;7;6;5;4;4;4;3
2020-02-05 20:39:59;219;113;32;21;7;6;5;4;4;4;3
2020-02-05 20:40:59;219;113;32;21;7;6;5;4;4;4;3
2020-02-05 20:41:58;219;113;32;21;7;6;5;4;4;4;3
2020-02-05 20:42:59;219;113;32;21;7;6;5;4;4;4;3
2020-02-05 20:43:59;219;113;32;21;7;6;5;4;4;4;3
2020-02-05 20:44:58;219;113;32;21;7;6;5;4;4;4;3
2020-02-05 20:45:59;219;113;32;21;7;6;5;4;4;4;3
2020-02-05 20:46:59;220;113;32;21;8;6;5;4;4;4;3
2020-02-05 20:47:59;220;113;32;21;8;6;5;4;4;4;3
2020-02-05 20:48:58;220;113;32;21;8;6;5;4;4;4;3
2020-02-05 20:49:59;220;113;32;21;8;6;5;4;4;4;3
2020-02-05 20:50:59;220;113;32;21;8;6;5;4;4;4;3
2020-02-05 20:51:58;220;113;32;21;8;6;5;4;4;4;3
2020-02-05 20:52:59;220;113;32;21;8;6;5;4;4;4;3
2020-02-05 20:53:59;220;113;32;21;8;6;5;4;4;4;3
2020-02-05 20:54:58;220;113;32;21;8;6;5;4;4;4;3
2020-02-05 20:55:59;221;113;32;21;9;6;5;4;4;4;3
2020-02-05 20:56:59;221;113;32;21;9;6;5;4;4;4;3
2020-02-05 20:57:58;221;113;32;21;9;6;5;4;4;4;3
2020-02-05 20:58:59;221;113;32;21;9;6;5;4;4;4;3
2020-02-05 20:59:59;221;113;32;21;9;6;5;4;4;4;3
2020-02-05 21:00:58;221;113;32;21;9;6;5;4;4;4;3
2020-02-05 21:01:59;221;113;32;21;9;6;5;4;4;4;3
2020-02-05 21:02:59;221;113;32;21;9;6;5;4;4;4;3
2020-02-05 21:03:58;221;113;32;21;9;6;5;4;4;4;3
2020-02-05 21:04:59;221;113;32;21;9;6;5;4;4;4;3
2020-02-05 21:05:59;221;113;32;21;9;6;5;4;4;4;3
2020-02-05 21:06:59;221;113;32;21;9;6;5;4;4;4;3
2020-02-05 21:07:58;221;113;32;21;9;6;5;4;4;4;3
2020-02-05 21:08:59;221;113;32;21;9;6;5;4;4;4;3
2020-02-05 21:09:59;221;113;32;21;9;6;5;4;4;4;3
2020-02-05 21:10:59;221;113;32;21;9;6;5;4;4;4;3
2020-02-05 21:11:58;221;113;32;21;9;6;5;4;4;4;3
2020-02-05 21:12:59;221;113;32;21;9;6;5;4;4;4;3
2020-02-05 21:13:59;221;113;32;21;9;6;5;4;4;4;3
2020-02-05 21:14:59;221;113;32;21;9;6;5;4;4;4;3
2020-02-05 21:15:58;221;113;32;21;9;6;5;4;4;4;3
2020-02-05 21:16:59;221;113;32;21;9;6;5;4;4;4;3
2020-02-05 21:17:59;221;113;32;21;9;6;5;4;4;4;3
2020-02-05 21:18:58;221;113;32;21;9;6;5;4;4;4;3
2020-02-05 21:19:59;221;113;32;21;9;6;5;4;4;4;3
2020-02-05 21:20:59;222;114;32;21;9;6;5;4;4;4;3
2020-02-05 21:21:59;222;114;32;21;9;6;5;4;4;4;3
2020-02-05 21:22:58;222;114;32;21;9;6;5;4;4;4;3
2020-02-05 21:23:59;222;114;32;21;9;6;5;4;4;4;3
2020-02-05 21:24:59;223;115;32;21;9;6;5;4;4;4;3
2020-02-05 21:25:58;224;116;32;21;9;6;5;4;4;4;3
2020-02-05 21:26:59;224;116;32;21;9;6;5;4;4;4;3
2020-02-05 21:27:59;224;116;32;21;9;6;5;4;4;4;3
2020-02-05 21:28:58;225;116;32;21;10;6;5;4;4;4;3
2020-02-05 21:29:59;225;116;32;21;10;6;5;4;4;4;3
2020-02-05 21:30:59;225;116;32;21;10;6;5;4;4;4;3
2020-02-05 21:31:59;225;116;32;21;10;6;5;4;4;4;3
2020-02-05 21:32:58;225;116;32;21;10;6;5;4;4;4;3
2020-02-05 21:33:59;225;116;32;21;10;6;5;4;4;4;3
2020-02-05 21:34:59;225;116;32;21;10;6;5;4;4;4;3
2020-02-05 21:35:58;225;116;32;21;10;6;5;4;4;4;3
2020-02-05 21:36:59;225;116;32;21;10;6;5;4;4;4;3
2020-02-05 21:37:59;225;116;32;21;10;6;5;4;4;4;3
2020-02-05 21:38:59;225;116;32;21;10;6;5;4;4;4;3
2020-02-05 21:39:58;225;116;32;21;10;6;5;4;4;4;3
2020-02-05 21:40:59;225;116;32;21;10;6;5;4;4;4;3
2020-02-05 21:41:59;225;116;32;21;10;6;5;4;4;4;3
2020-02-05 21:42:58;225;116;32;21;10;6;5;4;4;4;3
2020-02-05 21:43:59;224;116;32;21;10;6;5;3;4;4;3
2020-02-05 21:44:59;223;116;32;21;10;6;5;3;4;4;3
2020-02-05 21:45:58;223;116;32;21;10;6;5;3;4;4;3
2020-02-05 21:46:59;223;116;32;21;10;6;5;3;4;4;3
2020-02-05 21:47:58;223;116;32;21;10;6;5;3;4;4;3
2020-02-05 21:48:59;223;116;32;21;10;6;5;3;4;4;3
2020-02-05 21:49:58;223;116;32;21;10;6;5;3;4;4;3
2020-02-05 21:50:59;223;117;32;21;10;6;5;3;4;4;3
2020-02-05 21:51:59;223;117;32;21;10;6;5;3;4;4;3
2020-02-05 21:52:58;223;117;32;21;10;6;5;3;4;4;3
2020-02-05 21:53:59;223;117;32;21;10;6;5;3;4;4;3
2020-02-05 21:54:59;223;117;32;21;10;6;5;3;4;4;3
2020-02-05 21:55:58;223;117;32;21;10;6;5;3;4;4;3
2020-02-05 21:56:59;223;117;32;21;10;6;5;3;4;4;3
2020-02-05 21:57:59;223;117;32;21;10;6;5;3;4;4;3
2020-02-05 21:58:58;223;117;32;21;10;6;5;3;4;4;3
2020-02-05 21:59:59;223;117;32;21;10;6;5;3;4;4;3
2020-02-05 22:00:59;223;117;32;21;10;6;5;3;4;4;3
2020-02-05 22:01:58;223;117;32;21;10;6;5;3;4;4;3
2020-02-05 22:02:59;224;118;32;21;10;6;5;3;4;4;3
2020-02-05 22:03:59;224;118;32;21;10;6;5;3;4;4;3
2020-02-05 22:04:59;224;118;32;21;10;6;5;3;4;4;3
2020-02-05 22:05:58;224;118;32;21;10;6;5;3;4;4;3
2020-02-05 22:06:59;224;118;32;21;10;6;5;3;4;4;3
2020-02-05 22:07:58;225;118;32;21;10;6;5;4;4;4;3
2020-02-05 22:08:59;225;118;32;21;10;6;5;4;4;4;3
2020-02-05 22:09:59;225;118;32;21;10;6;5;4;4;4;3
2020-02-05 22:10:59;225;118;32;21;10;6;5;4;4;4;3
2020-02-05 22:11:58;225;118;32;21;10;6;5;4;4;4;3
2020-02-05 22:12:59;225;118;32;21;10;6;5;4;4;4;3
2020-02-05 22:13:59;225;118;32;21;10;6;5;4;4;4;3
2020-02-05 22:14:59;225;118;32;21;10;6;5;4;4;4;3
2020-02-05 22:15:58;225;118;32;21;10;6;5;4;4;4;3
2020-02-05 22:16:59;227;119;32;21;10;6;5;5;4;4;3
2020-02-05 22:17:59;227;119;32;21;10;6;5;5;4;4;3
2020-02-05 22:18:58;227;119;32;21;10;6;5;5;4;4;3
2020-02-05 22:19:59;227;119;32;21;10;6;5;5;4;4;3
2020-02-05 22:20:59;227;119;32;21;10;6;5;5;4;4;3
2020-02-05 22:21:58;227;119;32;21;10;6;5;5;4;4;3
2020-02-05 22:22:59;227;119;32;21;10;6;5;5;4;4;3
2020-02-05 22:23:59;227;119;32;21;10;6;5;5;4;4;3
2020-02-05 22:25:00;227;119;32;21;10;6;5;5;4;4;3
2020-02-05 22:25:58;227;119;32;21;10;6;5;5;4;4;3
2020-02-05 22:26:59;227;119;32;21;10;6;5;5;4;4;3
2020-02-05 22:27:59;227;119;32;21;10;6;5;5;4;4;3
2020-02-05 22:28:58;227;119;32;21;10;6;5;5;4;4;3
2020-02-05 22:29:59;227;119;32;21;10;6;5;5;4;4;3
2020-02-05 22:30:59;227;119;32;21;10;6;5;5;4;4;3
2020-02-05 22:31:58;227;119;32;21;10;6;5;5;4;4;3
2020-02-05 22:32:59;227;119;32;21;10;6;5;5;4;4;3
2020-02-05 22:33:59;227;119;32;21;10;6;5;5;4;4;3
2020-02-05 22:34:58;227;119;32;21;10;6;5;5;4;4;3
2020-02-05 22:35:59;227;119;32;21;10;6;5;5;4;4;3
2020-02-05 22:36:59;227;119;32;21;10;6;5;5;4;4;3
2020-02-05 22:37:58;227;119;32;21;10;6;5;5;4;4;3
2020-02-05 22:38:59;227;119;32;21;10;6;5;5;4;4;3
2020-02-05 22:39:59;227;119;32;21;10;6;5;5;4;4;3
2020-02-05 22:40:59;227;119;32;21;10;6;5;5;4;4;3
2020-02-05 22:41:58;227;119;32;21;10;6;5;5;4;4;3
2020-02-05 22:42:59;227;119;32;21;10;6;5;5;4;4;3
2020-02-05 22:43:59;227;119;32;21;10;6;5;5;4;4;3
2020-02-05 22:44:58;227;119;32;21;10;6;5;5;4;4;3
2020-02-05 22:45:59;227;119;32;21;10;6;5;5;4;4;3
2020-02-05 22:46:59;227;119;32;21;10;6;5;5;4;4;3
2020-02-05 22:47:58;227;119;32;21;10;6;5;5;4;4;3
2020-02-05 22:48:59;227;119;32;21;10;6;5;5;4;4;3
2020-02-05 22:49:59;227;119;32;21;10;6;5;5;4;4;3
2020-02-05 22:50:58;227;119;32;21;10;6;5;5;4;4;3
2020-02-05 22:51:59;227;119;32;21;10;6;5;5;4;4;3
2020-02-05 22:52:59;227;119;32;21;10;6;5;5;4;4;3
2020-02-05 22:53:59;228;119;33;21;10;6;5;5;4;4;3
2020-02-05 22:54:58;228;119;33;21;10;6;5;5;4;4;3
2020-02-05 22:55:59;228;119;33;21;10;6;5;5;4;4;3
2020-02-05 22:56:59;228;119;33;21;10;6;5;5;4;4;3
2020-02-05 22:57:58;228;119;33;21;10;6;5;5;4;4;3
2020-02-05 22:58:59;228;119;33;21;10;6;5;5;4;4;3
2020-02-05 22:59:59;229;120;33;21;10;6;5;5;4;4;3
2020-02-05 23:00:59;229;120;33;21;10;6;5;5;4;4;3
2020-02-05 23:01:58;229;120;33;21;10;6;5;5;4;4;3
2020-02-05 23:02:59;229;120;33;21;10;6;5;5;4;4;3
2020-02-05 23:03:58;229;120;33;21;10;6;5;5;4;4;3
2020-02-05 23:04:59;229;120;33;21;10;6;5;5;4;4;3
2020-02-05 23:05:59;229;120;33;21;10;6;5;5;4;4;3
2020-02-05 23:06:59;229;120;33;21;10;6;5;5;4;4;3
2020-02-05 23:07:58;229;120;33;21;10;6;5;5;4;4;3
2020-02-05 23:08:59;229;120;33;21;10;6;5;5;4;4;3
2020-02-05 23:09:59;229;120;33;21;10;6;5;5;4;4;3
2020-02-05 23:11:00;229;120;33;21;10;6;5;5;4;4;3
2020-02-05 23:11:58;229;120;33;21;10;6;5;5;4;4;3
2020-02-05 23:12:59;229;120;33;21;10;6;5;5;4;4;3
2020-02-05 23:13:59;229;120;33;21;10;6;5;5;4;4;3
2020-02-05 23:14:58;229;120;33;21;10;6;5;5;4;4;3
2020-02-05 23:15:59;229;120;33;21;10;6;5;5;4;4;3
2020-02-05 23:16:59;229;120;33;21;10;6;5;5;4;4;3
2020-02-05 23:17:59;229;120;33;21;10;6;5;5;4;4;3
2020-02-05 23:18:58;229;120;33;21;10;6;5;5;4;4;3
2020-02-05 23:19:59;229;120;33;21;10;6;5;5;4;4;3
2020-02-05 23:20:59;229;120;33;21;10;6;5;5;4;4;3
2020-02-05 23:21:58;229;120;33;21;10;6;5;5;4;4;3
2020-02-05 23:22:59;229;120;33;21;10;6;5;5;4;4;3
2020-02-05 23:23:59;229;120;33;21;10;6;5;5;4;4;3
2020-02-05 23:24:59;229;120;33;21;10;6;5;5;4;4;3
2020-02-05 23:25:58;229;120;33;21;10;6;5;5;4;4;3
2020-02-05 23:26:59;229;120;33;21;10;6;5;5;4;4;3
2020-02-05 23:27:59;230;120;34;21;10;6;5;5;4;4;3
2020-02-05 23:28:58;230;120;34;21;10;6;5;5;4;4;3
2020-02-05 23:29:59;230;120;34;21;10;6;5;5;4;4;3
2020-02-05 23:30:59;230;120;34;21;10;6;5;5;4;4;3
2020-02-05 23:31:58;230;120;34;21;10;6;5;5;4;4;3
2020-02-05 23:32:59;230;120;34;21;10;6;5;5;4;4;3
2020-02-05 23:33:59;231;121;34;21;10;6;5;5;4;4;3
2020-02-05 23:35:00;231;121;34;21;10;6;5;5;4;4;3
2020-02-05 23:35:58;231;121;34;21;10;6;5;5;4;4;3
2020-02-05 23:36:59;231;121;34;21;10;6;5;5;4;4;3
2020-02-05 23:37:59;231;121;34;21;10;6;5;5;4;4;3
2020-02-05 23:38:58;231;121;34;21;10;6;5;5;4;4;3
2020-02-05 23:39:59;231;121;34;21;10;6;5;5;4;4;3
2020-02-05 23:40:59;231;121;34;21;10;6;5;5;4;4;3
2020-02-05 23:41:58;231;121;34;21;10;6;5;5;4;4;3
2020-02-05 23:42:59;231;121;34;21;10;6;5;5;4;4;3
2020-02-05 23:43:59;231;121;34;21;10;6;5;5;4;4;3
2020-02-05 23:44:59;231;121;34;21;10;6;5;5;4;4;3
2020-02-05 23:45:58;231;121;34;21;10;6;5;5;4;4;3
2020-02-05 23:46:59;231;121;34;21;10;6;5;5;4;4;3
2020-02-05 23:47:59;231;121;34;21;10;6;5;5;4;4;3
2020-02-05 23:48:58;231;121;34;21;10;6;5;5;4;4;3
2020-02-05 23:49:59;231;121;34;21;10;6;5;5;4;4;3
2020-02-05 23:50:59;231;121;34;21;10;6;5;5;4;4;3
2020-02-05 23:52:00;231;121;34;21;10;6;5;5;4;4;3
2020-02-05 23:52:58;231;121;34;21;10;6;5;5;4;4;3
2020-02-05 23:53:59;232;121;35;21;10;6;5;5;4;4;3
2020-02-05 23:54:59;232;121;35;21;10;6;5;5;4;4;3
2020-02-05 23:55:59;232;121;35;21;10;6;5;5;4;4;3
2020-02-05 23:56:58;231;121;35;21;10;6;5;4;4;4;3
2020-02-05 23:57:59;233;122;36;21;10;6;5;4;4;4;3
2020-02-05 23:58:59;233;122;36;21;10;6;5;4;4;4;3
2020-02-05 23:59:58;233;122;36;21;10;6;5;4;4;4;3
