datetime;total_votes;mvgolubev;Bf109H;Qumnica;acckiy;megaslowpoke;UndeadMoroz;Terkin;BbIBuX;Fitzmaurice;KOCTOPE3
2020-03-11 00:00:59;0;0;0;0;0;0;0;0;0;0;0
2020-03-11 00:01:59;0;0;0;0;0;0;0;0;0;0;0
2020-03-11 00:02:58;0;0;0;0;0;0;0;0;0;0;0
2020-03-11 00:03:59;2;0;1;0;0;0;0;0;0;0;0
2020-03-11 00:04:59;3;0;1;0;0;0;0;0;0;0;0
2020-03-11 00:05:58;3;0;1;0;0;0;0;0;0;0;0
2020-03-11 00:06:59;3;0;1;0;0;0;0;0;0;0;0
2020-03-11 00:07:59;3;0;1;0;0;0;0;0;0;0;0
2020-03-11 00:08:59;3;0;1;0;0;0;0;0;0;0;0
2020-03-11 00:09:58;4;0;1;0;0;0;1;0;0;0;0
2020-03-11 00:10:59;5;0;1;1;0;0;1;0;0;0;0
2020-03-11 00:11:59;5;0;1;1;0;0;1;0;0;0;0
2020-03-11 00:12:58;5;0;1;1;0;0;1;0;0;0;0
2020-03-11 00:13:59;7;0;1;2;0;0;1;0;0;1;0
2020-03-11 00:14:59;8;0;2;2;0;0;1;0;0;1;0
2020-03-11 00:15:58;8;0;2;2;0;0;1;0;0;1;0
2020-03-11 00:16:59;8;0;2;2;0;0;1;0;0;1;0
2020-03-11 00:17:58;8;0;2;2;0;0;1;0;0;1;0
2020-03-11 00:18:59;8;0;2;2;0;0;1;0;0;1;0
2020-03-11 00:19:59;8;0;2;2;0;0;1;0;0;1;0
2020-03-11 00:20:59;8;0;2;2;0;0;1;0;0;1;0
2020-03-11 00:21:58;8;0;2;2;0;0;1;0;0;1;0
2020-03-11 00:22:59;8;0;2;2;0;0;1;0;0;1;0
2020-03-11 00:23:59;8;0;2;2;0;0;1;0;0;1;0
2020-03-11 00:24:59;8;0;2;2;0;0;1;0;0;1;0
2020-03-11 00:25:58;8;0;2;2;0;0;1;0;0;1;0
2020-03-11 00:26:59;9;1;2;2;0;0;1;0;0;1;0
2020-03-11 00:27:59;9;1;2;2;0;0;1;0;0;1;0
2020-03-11 00:28:59;9;1;2;2;0;0;1;0;0;1;0
2020-03-11 00:29:58;9;1;2;2;0;0;1;0;0;1;0
2020-03-11 00:30:59;9;1;2;2;0;0;1;0;0;1;0
2020-03-11 00:31:59;9;1;2;2;0;0;1;0;0;1;0
2020-03-11 00:32:58;9;1;2;2;0;0;1;0;0;1;0
2020-03-11 00:33:59;9;1;2;2;0;0;1;0;0;1;0
2020-03-11 00:34:59;9;1;2;2;0;0;1;0;0;1;0
2020-03-11 00:35:58;9;1;2;2;0;0;1;0;0;1;0
2020-03-11 00:36:59;9;1;2;2;0;0;1;0;0;1;0
2020-03-11 00:37:59;9;1;2;2;0;0;1;0;0;1;0
2020-03-11 00:38:58;9;1;2;2;0;0;1;0;0;1;0
2020-03-11 00:39:59;9;1;2;2;0;0;1;0;0;1;0
2020-03-11 00:40:59;9;1;2;2;0;0;1;0;0;1;0
2020-03-11 00:42:00;10;2;2;2;0;0;1;0;0;1;0
2020-03-11 00:42:58;10;2;2;2;0;0;1;0;0;1;0
2020-03-11 00:43:59;10;2;2;2;0;0;1;0;0;1;0
2020-03-11 00:44:59;10;2;2;2;0;0;1;0;0;1;0
2020-03-11 00:45:58;11;2;2;3;0;0;1;0;0;1;0
2020-03-11 00:46:59;11;2;2;3;0;0;1;0;0;1;0
2020-03-11 00:47:59;11;2;2;3;0;0;1;0;0;1;0
2020-03-11 00:48:58;11;2;2;3;0;0;1;0;0;1;0
2020-03-11 00:49:59;13;2;2;3;0;0;1;0;0;1;0
2020-03-11 00:50:59;15;4;2;3;0;0;1;0;0;1;0
2020-03-11 00:51:58;15;3;3;3;0;0;1;0;0;1;0
2020-03-11 00:52:59;15;3;3;3;0;0;1;0;0;1;0
2020-03-11 00:53:59;17;3;4;3;0;0;1;0;0;1;0
2020-03-11 00:54:59;17;3;4;3;0;0;1;0;0;1;0
2020-03-11 00:55:58;18;4;4;3;0;0;1;0;0;1;0
2020-03-11 00:56:59;18;4;4;3;0;0;1;0;0;1;0
2020-03-11 00:57:59;18;4;4;3;0;0;1;0;0;1;0
2020-03-11 00:58:59;18;4;4;3;0;0;1;0;0;1;0
2020-03-11 00:59:58;18;4;4;3;0;0;1;0;0;1;0
2020-03-11 01:00:59;19;4;4;3;0;0;1;1;0;1;0
2020-03-11 01:01:59;19;4;4;3;0;0;1;1;0;1;0
2020-03-11 01:02:58;20;4;4;3;0;0;1;1;0;1;0
2020-03-11 01:03:59;21;4;4;3;0;0;1;1;0;1;0
2020-03-11 01:04:59;21;4;4;3;0;0;1;1;0;1;0
2020-03-11 01:05:58;21;4;4;3;0;0;1;1;0;1;0
2020-03-11 01:06:59;21;4;4;3;0;0;1;1;0;1;0
2020-03-11 01:07:59;21;4;4;3;0;0;1;1;0;1;0
2020-03-11 01:08:59;21;4;4;3;0;0;1;1;0;1;0
2020-03-11 01:09:58;22;4;5;3;0;0;1;1;0;1;0
2020-03-11 01:10:59;22;4;5;3;0;0;1;1;0;1;0
2020-03-11 01:11:59;22;4;5;3;0;0;1;1;0;1;0
2020-03-11 01:12:59;22;4;5;3;0;0;1;1;0;1;0
2020-03-11 01:13:58;22;4;5;3;0;0;1;1;0;1;0
2020-03-11 01:14:59;22;4;5;3;0;0;1;1;0;1;0
2020-03-11 01:15:59;22;4;5;3;0;0;1;1;0;1;0
2020-03-11 01:16:58;22;4;5;3;0;0;1;1;0;1;0
2020-03-11 01:17:59;22;4;5;3;0;0;1;1;0;1;0
2020-03-11 01:18:59;22;4;5;3;0;0;1;1;0;1;0
2020-03-11 01:19:58;22;4;5;3;0;0;1;1;0;1;0
2020-03-11 01:20:59;22;4;5;3;0;0;1;1;0;1;0
2020-03-11 01:21:59;22;4;5;3;0;0;1;1;0;1;0
2020-03-11 01:22:58;22;4;5;3;0;0;1;1;0;1;0
2020-03-11 01:23:59;22;4;5;3;0;0;1;1;0;1;0
2020-03-11 01:24:59;23;4;5;3;0;0;1;1;0;1;1
2020-03-11 01:25:59;23;4;5;3;0;0;1;1;0;1;1
2020-03-11 01:26:58;23;4;5;3;0;0;1;1;0;1;1
2020-03-11 01:27:59;24;4;5;3;0;0;1;1;0;0;1
2020-03-11 01:28:59;24;4;5;3;0;0;1;1;0;0;1
2020-03-11 01:29:59;24;4;5;3;0;0;1;1;0;0;1
2020-03-11 01:30:58;25;4;5;4;0;0;1;1;0;0;1
2020-03-11 01:31:59;25;4;5;4;0;0;1;1;0;0;1
2020-03-11 01:32:59;25;4;5;4;0;0;1;1;0;0;1
2020-03-11 01:33:59;25;4;5;4;0;0;1;1;0;0;1
2020-03-11 01:34:58;25;4;5;4;0;0;1;1;0;0;1
2020-03-11 01:35:59;25;4;5;4;0;0;1;1;0;0;1
2020-03-11 01:36:59;25;4;5;4;0;0;1;1;0;0;1
2020-03-11 01:37:58;25;4;5;4;0;0;1;1;0;0;1
2020-03-11 01:38:59;25;4;5;4;0;0;1;1;0;0;1
2020-03-11 01:39:59;25;4;5;4;0;0;1;1;0;0;1
2020-03-11 01:41:00;25;4;5;4;0;0;1;1;0;0;1
2020-03-11 01:41:58;25;4;5;4;0;0;1;1;0;0;1
2020-03-11 01:42:59;25;4;5;4;0;0;1;1;0;0;1
2020-03-11 01:43:58;25;4;5;4;0;0;1;1;0;0;1
2020-03-11 01:44:59;25;4;5;4;0;0;1;1;0;0;1
2020-03-11 01:45:59;25;4;5;4;0;0;1;1;0;0;1
2020-03-11 01:46:58;25;4;5;4;0;0;1;1;0;0;1
2020-03-11 01:47:59;25;4;5;4;0;0;1;1;0;0;1
2020-03-11 01:48:59;25;4;5;4;0;0;1;1;0;0;1
2020-03-11 01:49:59;25;4;5;4;0;0;1;1;0;0;1
2020-03-11 01:50:58;25;4;5;4;0;0;1;1;0;0;1
2020-03-11 01:51:59;25;4;5;4;0;0;1;1;0;0;1
2020-03-11 01:52:59;25;4;5;4;0;0;1;1;0;0;1
2020-03-11 01:53:58;25;4;5;4;0;0;1;1;0;0;1
2020-03-11 01:54:59;25;4;5;4;0;0;1;1;0;0;1
2020-03-11 01:55:59;25;4;5;4;0;0;1;1;0;0;1
2020-03-11 01:56:59;25;4;5;4;0;0;1;1;0;0;1
2020-03-11 01:57:58;25;4;5;4;0;0;1;1;0;0;1
2020-03-11 01:58:59;25;4;5;4;0;0;1;1;0;0;1
2020-03-11 01:59:59;25;4;5;4;0;0;1;1;0;0;1
2020-03-11 02:00:58;25;4;5;4;0;0;1;1;0;0;1
2020-03-11 02:01:59;25;4;5;4;0;0;1;1;0;0;1
2020-03-11 02:02:59;25;4;5;4;0;0;1;1;0;0;1
2020-03-11 02:03:59;25;4;5;4;0;0;1;1;0;0;1
2020-03-11 02:04:58;25;4;5;4;0;0;1;1;0;0;1
2020-03-11 02:05:59;25;4;5;4;0;0;1;1;0;0;1
2020-03-11 02:06:58;25;4;5;4;0;0;1;1;0;0;1
2020-03-11 02:07:59;25;4;5;4;0;0;1;1;0;0;1
2020-03-11 02:08:59;25;4;5;4;0;0;1;1;0;0;1
2020-03-11 02:09:59;25;4;5;4;0;0;1;1;0;0;1
2020-03-11 02:10:58;25;4;5;4;0;0;1;1;0;0;1
2020-03-11 02:11:59;25;4;5;4;0;0;1;1;0;0;1
2020-03-11 02:12:59;25;4;5;4;0;0;1;1;0;0;1
2020-03-11 02:13:58;25;4;5;4;0;0;1;1;0;0;1
2020-03-11 02:14:59;26;4;5;4;0;0;1;1;0;0;1
2020-03-11 02:15:59;26;4;5;4;0;0;1;1;0;0;1
2020-03-11 02:16:58;26;4;5;4;0;0;1;1;0;0;1
2020-03-11 02:17:59;26;4;5;4;0;0;1;1;0;0;1
2020-03-11 02:18:59;26;4;5;4;0;0;1;1;0;0;1
2020-03-11 02:19:58;26;5;5;3;0;0;1;1;0;0;1
2020-03-11 02:20:59;27;6;5;3;0;0;1;1;0;0;1
2020-03-11 02:21:59;27;6;5;3;0;0;1;1;0;0;1
2020-03-11 02:22:58;27;6;5;3;0;0;1;1;0;0;1
2020-03-11 02:23:59;27;6;5;3;0;0;1;1;0;0;1
2020-03-11 02:24:59;27;6;5;3;0;0;1;1;0;0;1
2020-03-11 02:25:58;27;6;5;3;0;0;1;1;0;0;1
2020-03-11 02:26:59;27;6;5;3;0;0;1;1;0;0;1
2020-03-11 02:27:59;27;6;5;3;0;0;1;1;0;0;1
2020-03-11 02:28:58;27;6;5;3;0;0;1;1;0;0;1
2020-03-11 02:29:59;27;6;5;3;0;0;1;1;0;0;1
2020-03-11 02:30:58;27;6;5;3;0;0;1;1;0;0;1
2020-03-11 02:31:59;27;6;5;3;0;0;1;1;0;0;1
2020-03-11 02:32:59;27;6;5;3;0;0;1;1;0;0;1
2020-03-11 02:33:59;27;6;5;3;0;0;1;1;0;0;1
2020-03-11 02:34:58;27;6;5;3;0;0;1;1;0;0;1
2020-03-11 02:35:59;27;6;5;3;0;0;1;1;0;0;1
2020-03-11 02:36:59;27;6;5;3;0;0;1;1;0;0;1
2020-03-11 02:37:58;27;6;5;3;0;0;1;1;0;0;1
2020-03-11 02:38:59;27;6;5;3;0;0;1;1;0;0;1
2020-03-11 02:39:59;27;6;5;3;0;0;1;1;0;0;1
2020-03-11 02:40:58;27;6;5;3;0;0;1;1;0;0;1
2020-03-11 02:41:59;27;6;5;3;0;0;1;1;0;0;1
2020-03-11 02:42:59;28;6;5;3;0;0;1;1;0;0;1
2020-03-11 02:43:58;28;6;5;3;0;0;1;1;0;0;1
2020-03-11 02:44:59;28;6;5;3;0;0;1;1;0;0;1
2020-03-11 02:45:59;28;6;5;3;0;0;1;1;0;0;1
2020-03-11 02:46:58;28;6;5;3;0;0;1;1;0;0;1
2020-03-11 02:47:59;28;6;5;3;0;0;1;1;0;0;1
2020-03-11 02:48:58;28;6;5;3;0;0;1;1;0;0;1
2020-03-11 02:49:59;28;6;5;3;0;0;1;1;0;0;1
2020-03-11 02:50:59;28;6;5;3;0;0;1;1;0;0;1
2020-03-11 02:51:58;28;6;5;3;0;0;1;1;0;0;1
2020-03-11 02:52:59;28;6;5;3;0;0;1;1;0;0;1
2020-03-11 02:53:59;28;6;5;3;0;0;1;1;0;0;1
2020-03-11 02:55:00;28;6;5;3;0;0;1;1;0;0;1
2020-03-11 02:55:58;29;6;5;3;1;0;1;1;0;0;1
2020-03-11 02:56:59;29;6;5;3;1;0;1;1;0;0;1
2020-03-11 02:57:59;29;6;5;3;1;0;1;1;0;0;1
2020-03-11 02:58:58;29;6;5;3;1;0;1;1;0;0;1
2020-03-11 02:59:59;30;7;5;3;1;0;1;1;0;0;1
2020-03-11 03:00:59;30;7;5;3;1;0;1;1;0;0;1
2020-03-11 03:01:58;30;7;5;3;1;0;1;1;0;0;1
2020-03-11 03:02:59;30;7;5;3;1;0;1;1;0;0;1
2020-03-11 03:03:59;30;7;5;4;1;0;1;1;0;0;1
2020-03-11 03:04:59;30;7;5;4;1;0;1;1;0;0;1
2020-03-11 03:05:58;30;7;5;4;1;0;1;1;0;0;1
2020-03-11 03:06:59;30;7;5;4;1;0;1;1;0;0;1
2020-03-11 03:07:59;30;7;5;4;1;0;1;1;0;0;1
2020-03-11 03:08:58;30;7;5;4;1;0;1;1;0;0;1
2020-03-11 03:09:59;30;7;5;4;1;0;1;1;0;0;1
2020-03-11 03:10:59;30;7;5;4;1;0;1;1;0;0;1
2020-03-11 03:11:58;30;7;5;4;1;0;1;1;0;0;1
2020-03-11 03:12:59;30;7;5;4;1;0;1;1;0;0;1
2020-03-11 03:13:59;30;7;5;4;1;0;1;1;0;0;1
2020-03-11 03:14:58;30;7;5;4;1;0;1;1;0;0;1
2020-03-11 03:15:59;30;7;5;4;1;0;1;1;0;0;1
2020-03-11 03:16:59;30;7;5;4;1;0;1;1;0;0;1
2020-03-11 03:17:59;30;7;5;4;1;0;1;1;0;0;1
2020-03-11 03:18:58;30;7;5;4;1;0;1;1;0;0;1
2020-03-11 03:19:59;30;7;5;4;1;0;1;1;0;0;1
2020-03-11 03:20:59;30;7;5;4;1;0;1;1;0;0;1
2020-03-11 03:21:58;30;7;5;4;1;0;1;1;0;0;1
2020-03-11 03:22:59;30;7;5;4;1;0;1;1;0;0;1
2020-03-11 03:23:59;30;7;5;4;1;0;1;1;0;0;1
2020-03-11 03:24:58;30;7;5;4;1;0;1;1;0;0;1
2020-03-11 03:25:59;30;7;5;4;1;0;1;1;0;0;1
2020-03-11 03:26:59;30;7;5;4;1;0;1;1;0;0;1
2020-03-11 03:27:59;30;7;5;4;1;0;1;1;0;0;1
2020-03-11 03:28:58;30;7;5;4;1;0;1;1;0;0;1
2020-03-11 03:29:59;30;7;5;4;1;0;1;1;0;0;1
2020-03-11 03:30:59;30;7;5;4;1;0;1;1;0;0;1
2020-03-11 03:31:59;30;7;5;4;1;0;1;1;0;0;1
2020-03-11 03:32:58;30;7;5;4;1;0;1;1;0;0;1
2020-03-11 03:33:59;30;7;5;4;1;0;1;1;0;0;1
2020-03-11 03:34:59;30;7;5;4;1;0;1;1;0;0;1
2020-03-11 03:35:58;30;7;5;4;1;0;1;1;0;0;1
2020-03-11 03:36:59;30;7;5;4;1;0;1;1;0;0;1
2020-03-11 03:37:59;30;7;5;4;1;0;1;1;0;0;1
2020-03-11 03:38:58;30;7;5;4;1;0;1;1;0;0;1
2020-03-11 03:39:59;30;7;5;4;1;0;1;1;0;0;1
2020-03-11 03:40:59;30;7;5;4;1;0;1;1;0;0;1
2020-03-11 03:41:59;30;7;5;4;1;0;1;1;0;0;1
2020-03-11 03:42:58;30;7;5;4;1;0;1;1;0;0;1
2020-03-11 03:43:59;30;7;5;4;1;0;1;1;0;0;1
2020-03-11 03:44:59;30;7;5;4;1;0;1;1;0;0;1
2020-03-11 03:45:58;30;7;5;4;1;0;1;1;0;0;1
2020-03-11 03:46:59;30;7;5;4;1;0;1;1;0;0;1
2020-03-11 03:47:59;30;7;5;4;1;0;1;1;0;0;1
2020-03-11 03:49:00;30;7;5;4;1;0;1;1;0;0;1
2020-03-11 03:49:58;30;7;5;4;1;0;1;1;0;0;1
2020-03-11 03:50:59;30;7;5;4;1;0;1;1;0;0;1
2020-03-11 03:51:59;30;7;5;4;1;0;1;1;0;0;1
2020-03-11 03:52:58;30;7;5;4;1;0;1;1;0;0;1
2020-03-11 03:53:59;30;7;5;4;1;0;1;1;0;0;1
2020-03-11 03:54:59;30;7;5;4;1;0;1;1;0;0;1
2020-03-11 03:55:58;30;7;5;4;1;0;1;1;0;0;1
2020-03-11 03:56:59;30;7;5;4;1;0;1;1;0;0;1
2020-03-11 03:57:59;30;7;5;4;1;0;1;1;0;0;1
2020-03-11 03:58:58;30;7;5;4;1;0;1;1;0;0;1
2020-03-11 03:59:59;30;7;5;4;1;0;1;1;0;0;1
2020-03-11 04:00:59;30;7;5;4;1;0;1;1;0;0;1
2020-03-11 04:01:58;31;7;6;4;1;0;1;1;0;0;1
2020-03-11 04:02:59;31;7;6;4;1;0;1;1;0;0;1
2020-03-11 04:03:59;31;7;6;4;1;0;1;1;0;0;1
2020-03-11 04:05:00;31;7;6;4;1;0;1;1;0;0;1
2020-03-11 04:05:58;31;7;6;4;1;0;1;1;0;0;1
2020-03-11 04:06:59;31;7;6;4;1;0;1;1;0;0;1
2020-03-11 04:07:58;31;7;6;4;1;0;1;1;0;0;1
2020-03-11 04:08:59;31;7;6;4;1;0;1;1;0;0;1
2020-03-11 04:09:59;31;7;6;4;1;0;1;1;0;0;1
2020-03-11 04:11:00;31;7;5;4;1;0;1;1;0;0;1
2020-03-11 04:11:58;31;7;5;4;1;0;1;1;0;0;1
2020-03-11 04:12:59;31;7;5;4;1;0;1;1;0;0;1
2020-03-11 04:13:59;31;7;5;4;1;0;1;1;0;0;1
2020-03-11 04:14:58;31;7;5;4;1;0;1;1;0;0;1
2020-03-11 04:15:59;31;7;5;4;1;0;1;1;0;0;1
2020-03-11 04:16:59;31;7;5;4;1;0;1;1;0;0;1
2020-03-11 04:17:58;31;7;5;4;1;0;1;1;0;0;1
2020-03-11 04:18:59;31;7;5;4;1;0;1;1;0;0;1
2020-03-11 04:19:59;31;7;5;4;1;0;1;1;0;0;1
2020-03-11 04:20:58;31;7;5;4;1;0;1;1;0;0;1
2020-03-11 04:21:59;31;7;5;4;1;0;1;1;0;0;1
2020-03-11 04:22:59;31;7;5;4;1;0;1;1;0;0;1
2020-03-11 04:23:58;31;7;5;4;1;0;1;1;0;0;1
2020-03-11 04:24:59;31;7;5;4;1;0;1;1;0;0;1
2020-03-11 04:25:59;31;7;5;4;1;0;1;1;0;0;1
2020-03-11 04:26:58;31;7;5;4;1;0;1;1;0;0;1
2020-03-11 04:27:59;31;7;5;4;1;0;1;1;0;0;1
2020-03-11 04:28:59;31;7;5;4;1;0;1;1;0;0;1
2020-03-11 04:29:58;31;7;5;4;1;0;1;1;0;0;1
2020-03-11 04:30:59;31;7;5;4;1;0;1;1;0;0;1
2020-03-11 04:31:59;31;7;5;4;1;0;1;1;0;0;1
2020-03-11 04:32:59;31;7;5;4;1;0;1;1;0;0;1
2020-03-11 04:33:58;31;7;5;4;1;0;1;1;0;0;1
2020-03-11 04:34:59;31;7;5;4;1;0;1;1;0;0;1
2020-03-11 04:35:59;32;7;6;4;1;0;1;1;0;0;1
2020-03-11 04:36:58;32;7;6;4;1;0;1;1;0;0;1
2020-03-11 04:37:59;32;7;6;4;1;0;1;1;0;0;1
2020-03-11 04:38:59;32;7;6;4;1;0;1;1;0;0;1
2020-03-11 04:40:00;32;7;6;4;1;0;1;1;0;0;1
2020-03-11 04:40:58;32;7;6;4;1;0;1;1;0;0;1
2020-03-11 04:41:59;32;7;6;4;1;0;1;1;0;0;1
2020-03-11 04:42:59;32;7;6;4;1;0;1;1;0;0;1
2020-03-11 04:43:58;32;7;6;4;1;0;1;1;0;0;1
2020-03-11 04:44:59;32;7;6;4;1;0;1;1;0;0;1
2020-03-11 04:45:59;32;7;6;4;1;0;1;1;0;0;1
2020-03-11 04:46:59;32;7;6;4;1;0;1;1;0;0;1
2020-03-11 04:47:58;32;7;6;4;1;0;1;1;0;0;1
2020-03-11 04:48:59;32;7;6;4;1;0;1;1;0;0;1
2020-03-11 04:49:59;32;7;6;4;1;0;1;1;0;0;1
2020-03-11 04:50:58;33;7;7;4;1;0;1;1;0;0;1
2020-03-11 04:51:59;33;7;7;4;1;0;1;1;0;0;1
2020-03-11 04:52:59;33;7;7;4;1;0;1;1;0;0;1
2020-03-11 04:53:58;33;7;7;4;1;0;1;1;0;0;1
2020-03-11 04:54:59;33;7;7;4;1;0;1;1;0;0;1
2020-03-11 04:55:59;33;7;7;4;1;0;1;1;0;0;1
2020-03-11 04:56:58;33;7;7;4;1;0;1;1;0;0;1
2020-03-11 04:57:59;33;7;7;4;1;0;1;1;0;0;1
2020-03-11 04:58:59;33;7;7;4;1;0;1;1;0;0;1
2020-03-11 04:59:58;33;7;7;4;1;0;1;1;0;0;1
2020-03-11 05:00:59;33;7;7;4;1;0;1;1;0;0;1
2020-03-11 05:01:58;33;7;7;4;1;0;1;1;0;0;1
2020-03-11 05:02:59;33;7;7;4;1;0;1;1;0;0;1
2020-03-11 05:03:59;33;7;7;4;1;0;1;1;0;0;1
2020-03-11 05:04:58;33;7;7;4;1;0;1;1;0;0;1
2020-03-11 05:05:59;33;7;7;4;1;0;1;1;0;0;1
2020-03-11 05:06:59;33;7;7;4;1;0;1;1;0;0;1
2020-03-11 05:07:58;33;7;7;4;1;0;1;1;0;0;1
2020-03-11 05:08:59;33;7;7;4;1;0;1;1;0;0;1
2020-03-11 05:09:59;33;7;7;4;1;0;1;1;0;0;1
2020-03-11 05:10:59;33;7;7;4;1;0;1;1;0;0;1
2020-03-11 05:11:58;33;7;7;4;1;0;1;1;0;0;1
2020-03-11 05:12:59;33;7;7;4;1;0;1;1;0;0;1
2020-03-11 05:13:59;33;7;7;4;1;0;1;1;0;0;1
2020-03-11 05:14:58;33;7;7;4;1;0;1;1;0;0;1
2020-03-11 05:15:59;33;7;7;4;1;0;1;1;0;0;1
2020-03-11 05:16:59;33;7;7;4;1;0;1;1;0;0;1
2020-03-11 05:17:58;33;7;7;4;1;0;1;1;0;0;1
2020-03-11 05:18:59;33;7;7;4;1;0;1;1;0;0;1
2020-03-11 05:19:59;33;7;7;4;1;0;1;1;0;0;1
2020-03-11 05:20:58;33;7;7;4;1;0;1;1;0;0;1
2020-03-11 05:21:59;33;7;7;4;1;0;1;1;0;0;1
2020-03-11 05:22:59;33;7;7;4;1;0;1;1;0;0;1
2020-03-11 05:23:59;33;7;7;4;1;0;1;1;0;0;1
2020-03-11 05:24:58;33;7;7;4;1;0;1;1;0;0;1
2020-03-11 05:25:59;33;7;7;4;1;0;1;1;0;0;1
2020-03-11 05:26:59;33;7;7;4;1;0;1;1;0;0;1
2020-03-11 05:27:58;33;7;7;4;1;0;1;1;0;0;1
2020-03-11 05:28:59;33;7;7;4;1;0;1;1;0;0;1
2020-03-11 05:29:59;33;7;7;4;1;0;1;1;0;0;1
2020-03-11 05:30:59;33;7;7;4;1;0;1;1;0;0;1
2020-03-11 05:31:58;33;7;7;4;1;0;1;1;0;0;1
2020-03-11 05:32:59;33;7;7;4;1;0;1;1;0;0;1
2020-03-11 05:33:59;33;7;7;4;1;0;1;1;0;0;1
2020-03-11 05:34:58;33;7;7;4;1;0;1;1;0;0;1
2020-03-11 05:35:59;33;7;7;4;1;0;1;1;0;0;1
2020-03-11 05:36:59;33;7;7;4;1;0;1;1;0;0;1
2020-03-11 05:37:58;33;7;7;4;1;0;1;1;0;0;1
2020-03-11 05:38:59;33;7;7;4;1;0;1;1;0;0;1
2020-03-11 05:39:59;33;7;7;4;1;0;1;1;0;0;1
2020-03-11 05:40:58;33;7;7;4;1;0;1;1;0;0;1
2020-03-11 05:41:59;33;7;7;4;1;0;1;1;0;0;1
2020-03-11 05:42:59;32;7;7;4;1;0;1;1;0;0;1
2020-03-11 05:43:59;32;7;7;4;1;0;1;1;0;0;1
2020-03-11 05:44:59;32;7;7;4;1;0;1;1;0;0;1
2020-03-11 05:45:59;32;7;7;4;1;0;1;1;0;0;1
2020-03-11 05:46:59;32;7;7;4;1;0;1;1;0;0;1
2020-03-11 05:47:59;32;7;7;4;1;0;1;1;0;0;1
2020-03-11 05:48:58;33;8;7;4;1;0;1;1;0;0;1
2020-03-11 05:49:59;33;8;7;4;1;0;1;1;0;0;1
2020-03-11 05:50:59;33;8;7;4;1;0;1;1;0;0;1
2020-03-11 05:51:59;33;8;7;4;1;0;1;1;0;0;1
2020-03-11 05:52:58;33;8;7;4;1;0;1;1;0;0;1
2020-03-11 05:53:59;33;8;7;4;1;0;1;1;0;0;1
2020-03-11 05:54:59;33;8;7;4;1;0;1;1;0;0;1
2020-03-11 05:55:58;33;8;7;4;1;0;1;1;0;0;1
2020-03-11 05:56:59;33;8;7;4;1;0;1;1;0;0;1
2020-03-11 05:57:59;33;8;7;4;1;0;1;1;0;0;1
2020-03-11 05:58:58;33;8;7;4;1;0;1;1;0;0;1
2020-03-11 05:59:59;33;8;7;4;1;0;1;1;0;0;1
2020-03-11 06:00:59;33;8;7;4;1;0;1;1;0;0;1
2020-03-11 06:01:58;34;9;7;4;1;0;1;1;0;0;1
2020-03-11 06:02:59;35;9;8;4;1;0;1;1;0;0;1
2020-03-11 06:03:59;35;9;8;4;1;0;1;1;0;0;1
2020-03-11 06:05:00;35;9;8;4;1;0;1;1;0;0;1
2020-03-11 06:05:58;35;9;8;4;1;0;1;1;0;0;1
2020-03-11 06:06:59;35;9;8;4;1;0;1;1;0;0;1
2020-03-11 06:07:58;35;9;8;4;1;0;1;1;0;0;1
2020-03-11 06:08:59;35;9;8;4;1;0;1;1;0;0;1
2020-03-11 06:09:59;35;9;8;4;1;0;1;1;0;0;1
2020-03-11 06:10:58;35;9;8;4;1;0;1;1;0;0;1
2020-03-11 06:11:59;35;9;8;4;1;0;1;1;0;0;1
2020-03-11 06:12:59;35;9;8;4;1;0;1;1;0;0;1
2020-03-11 06:13:58;35;9;8;4;1;0;1;1;0;0;1
2020-03-11 06:14:59;35;9;8;4;1;0;1;1;0;0;1
2020-03-11 06:15:59;36;9;9;4;1;0;1;1;0;0;1
2020-03-11 06:16:58;36;9;9;4;1;0;1;1;0;0;1
2020-03-11 06:17:59;36;9;9;4;1;0;1;1;0;0;1
2020-03-11 06:18:59;36;9;9;4;1;0;1;1;0;0;1
2020-03-11 06:19:58;36;9;9;4;1;0;1;1;0;0;1
2020-03-11 06:20:59;36;9;9;4;1;0;1;1;0;0;1
2020-03-11 06:21:59;36;9;9;4;1;0;1;1;0;0;1
2020-03-11 06:22:59;36;9;9;4;1;0;1;1;0;0;1
2020-03-11 06:23:58;36;9;9;4;1;0;1;1;0;0;1
2020-03-11 06:24:59;36;9;9;4;1;0;1;1;0;0;1
2020-03-11 06:25:59;36;9;9;4;1;0;1;1;0;0;1
2020-03-11 06:26:59;36;9;9;4;1;0;1;1;0;0;1
2020-03-11 06:27:58;36;9;9;4;1;0;1;1;0;0;1
2020-03-11 06:28:59;36;9;9;4;1;0;1;1;0;0;1
2020-03-11 06:29:59;36;9;9;4;1;0;1;1;0;0;1
2020-03-11 06:30:58;36;9;9;4;1;0;1;1;0;0;1
2020-03-11 06:31:59;36;9;9;4;1;0;1;1;0;0;1
2020-03-11 06:32:59;36;9;9;4;1;0;1;1;0;0;1
2020-03-11 06:33:58;36;9;9;4;1;0;1;1;0;0;1
2020-03-11 06:34:59;36;9;9;4;1;0;1;1;0;0;1
2020-03-11 06:35:59;36;9;9;4;1;0;1;1;0;0;1
2020-03-11 06:36:59;36;9;9;4;1;0;1;1;0;0;1
2020-03-11 06:37:58;37;9;9;4;1;0;1;2;0;0;0
2020-03-11 06:38:59;37;9;9;4;1;0;1;2;0;0;0
2020-03-11 06:39:59;37;9;9;4;1;0;1;2;0;0;0
2020-03-11 06:40:58;37;9;9;4;1;0;1;2;0;0;0
2020-03-11 06:41:59;37;9;9;4;1;0;1;2;0;0;0
2020-03-11 06:42:59;37;9;9;4;1;0;1;2;0;0;0
2020-03-11 06:43:58;37;9;9;4;1;0;1;2;0;0;0
2020-03-11 06:44:59;37;9;9;4;1;0;1;2;0;0;0
2020-03-11 06:45:59;37;9;9;4;1;0;1;2;0;0;0
2020-03-11 06:46:59;37;9;9;4;1;0;1;2;0;0;0
2020-03-11 06:47:58;38;9;9;4;1;0;2;2;1;0;0
2020-03-11 06:48:59;38;9;9;4;1;0;2;2;1;0;0
2020-03-11 06:49:59;38;9;9;4;1;0;2;2;1;0;0
2020-03-11 06:50:58;38;9;9;4;1;0;2;2;1;0;0
2020-03-11 06:51:59;38;9;9;4;1;0;2;2;1;0;0
2020-03-11 06:52:59;38;9;9;4;1;0;2;2;1;0;0
2020-03-11 06:53:58;38;9;9;4;1;0;2;2;1;0;0
2020-03-11 06:54:59;38;9;9;4;1;0;2;2;1;0;0
2020-03-11 06:55:59;38;9;9;4;1;0;2;2;1;0;0
2020-03-11 06:56:59;38;9;9;4;1;0;2;2;1;0;0
2020-03-11 06:57:58;38;9;9;4;1;0;2;2;1;0;0
2020-03-11 06:58:59;38;9;9;4;1;0;2;2;1;0;0
2020-03-11 06:59:59;39;9;9;5;1;0;2;2;1;0;0
2020-03-11 07:00:59;39;9;9;5;1;0;2;2;1;0;0
2020-03-11 07:01:58;39;9;9;5;1;0;2;2;1;0;0
2020-03-11 07:02:59;39;9;9;5;1;0;2;2;1;0;0
2020-03-11 07:03:59;39;9;9;5;1;0;2;2;1;0;0
2020-03-11 07:04:58;39;9;9;5;1;0;2;2;1;0;0
2020-03-11 07:05:59;39;9;9;5;1;0;2;2;1;0;0
2020-03-11 07:06:59;39;9;9;5;1;0;2;2;1;0;0
2020-03-11 07:07:58;39;9;9;5;1;0;2;2;1;0;0
2020-03-11 07:08:59;39;9;9;5;1;0;2;2;1;0;0
2020-03-11 07:09:59;39;9;9;5;1;0;2;2;1;0;0
2020-03-11 07:10:58;39;9;9;5;1;0;2;2;1;0;0
2020-03-11 07:11:59;39;9;9;5;1;0;2;2;1;0;0
2020-03-11 07:12:59;40;10;9;5;1;0;2;2;1;0;0
2020-03-11 07:13:59;40;10;9;5;1;0;2;2;1;0;0
2020-03-11 07:14:58;40;10;9;5;1;0;2;2;1;0;0
2020-03-11 07:15:59;40;10;9;5;1;0;2;2;1;0;0
2020-03-11 07:16:59;40;10;9;5;1;0;2;2;1;0;0
2020-03-11 07:17:58;40;10;9;5;1;0;2;2;1;0;0
2020-03-11 07:18:59;40;10;9;5;1;0;2;2;1;0;0
2020-03-11 07:19:59;40;10;9;5;1;0;2;2;1;0;0
2020-03-11 07:20:58;40;10;9;5;1;0;2;2;1;0;0
2020-03-11 07:21:59;40;10;9;5;1;0;2;2;1;0;0
2020-03-11 07:22:59;40;10;9;5;1;0;2;2;1;0;0
2020-03-11 07:23:58;40;10;9;5;1;0;2;2;1;0;0
2020-03-11 07:24:59;40;10;9;5;1;0;2;2;1;0;0
2020-03-11 07:25:59;40;10;9;5;1;0;2;2;1;0;0
2020-03-11 07:26:58;41;10;9;5;2;0;2;2;1;1;0
2020-03-11 07:27:59;41;10;9;5;2;0;2;2;1;1;0
2020-03-11 07:28:59;41;10;9;5;2;0;2;2;1;1;0
2020-03-11 07:29:58;41;10;9;5;2;0;2;2;1;1;0
2020-03-11 07:30:59;41;10;9;5;2;0;2;2;1;1;0
2020-03-11 07:31:59;41;10;9;5;2;0;2;2;1;1;0
2020-03-11 07:32:58;41;10;9;5;2;0;2;2;1;1;0
2020-03-11 07:33:59;41;10;9;5;2;0;2;2;1;1;0
2020-03-11 07:34:59;41;10;9;5;2;0;2;2;1;1;0
2020-03-11 07:35:59;41;10;9;5;2;0;2;2;1;1;0
2020-03-11 07:36:58;41;10;9;5;2;0;2;2;1;1;0
2020-03-11 07:37:59;41;10;9;5;2;0;2;2;1;1;0
2020-03-11 07:38:59;41;10;9;5;2;0;2;2;1;1;0
2020-03-11 07:39:58;41;10;9;5;2;0;2;2;1;1;0
2020-03-11 07:40:59;42;10;10;5;2;0;2;2;1;1;0
2020-03-11 07:41:59;42;10;10;5;2;0;2;2;1;1;0
2020-03-11 07:42:59;42;10;10;5;2;0;2;2;1;1;0
2020-03-11 07:43:58;42;10;10;5;2;0;2;2;1;1;0
2020-03-11 07:44:59;42;10;10;5;2;0;2;2;1;1;0
2020-03-11 07:45:59;42;10;10;5;2;0;2;2;1;1;0
2020-03-11 07:46:58;42;10;10;5;2;0;2;2;1;1;0
2020-03-11 07:47:59;42;10;10;5;2;0;2;2;1;1;0
2020-03-11 07:48:59;42;10;10;5;2;0;2;2;1;1;0
2020-03-11 07:49:59;42;10;10;5;2;0;2;2;1;1;0
2020-03-11 07:50:58;43;11;10;5;2;0;2;2;1;1;0
2020-03-11 07:51:59;44;11;10;5;2;0;2;2;1;2;0
2020-03-11 07:52:59;44;11;10;5;2;0;2;2;1;2;0
2020-03-11 07:54:00;44;11;10;5;2;0;2;2;1;2;0
2020-03-11 07:54:58;44;11;10;5;2;0;2;2;1;2;0
2020-03-11 07:55:59;44;11;10;5;2;0;2;2;1;2;0
2020-03-11 07:56:58;44;11;10;5;2;0;2;2;1;2;0
2020-03-11 07:57:59;44;11;10;5;2;0;2;2;1;2;0
2020-03-11 07:58:59;45;11;10;5;3;0;2;2;1;2;0
2020-03-11 07:59:58;45;11;10;5;3;0;2;2;1;2;0
2020-03-11 08:00:59;46;11;10;5;3;0;2;2;0;2;1
2020-03-11 08:01:59;46;11;10;5;3;0;2;2;0;2;1
2020-03-11 08:02:58;46;11;10;5;3;0;2;2;0;2;1
2020-03-11 08:03:59;46;11;10;5;3;0;2;2;0;2;1
2020-03-11 08:04:59;46;11;10;5;3;0;2;2;0;2;1
2020-03-11 08:05:59;46;11;10;5;3;0;2;2;0;2;1
2020-03-11 08:06:58;47;12;10;5;3;0;2;2;0;2;1
2020-03-11 08:07:59;47;12;10;5;3;0;2;2;0;2;1
2020-03-11 08:08:59;47;12;10;5;3;0;2;2;0;2;1
2020-03-11 08:10:00;47;12;10;5;3;0;2;2;0;2;1
2020-03-11 08:10:58;47;12;10;5;3;0;2;2;0;2;1
2020-03-11 08:11:59;47;12;10;5;3;0;2;2;0;2;1
2020-03-11 08:12:58;47;12;10;5;3;0;2;2;0;2;1
2020-03-11 08:13:59;47;12;10;5;3;0;2;2;0;2;1
2020-03-11 08:14:59;48;12;10;5;3;0;2;2;0;2;1
2020-03-11 08:15:59;48;12;10;5;3;0;2;2;0;2;1
2020-03-11 08:16:58;48;12;10;5;3;0;2;2;0;2;1
2020-03-11 08:17:59;48;12;10;5;3;0;2;2;0;2;1
2020-03-11 08:18:59;48;12;10;5;3;0;2;2;0;2;1
2020-03-11 08:19:58;49;12;11;5;3;0;2;2;0;2;1
2020-03-11 08:20:59;49;12;11;5;3;0;2;2;0;2;1
2020-03-11 08:21:59;49;12;11;5;3;0;2;2;0;2;1
2020-03-11 08:22:58;49;12;11;5;3;0;2;2;0;2;1
2020-03-11 08:23:59;49;12;11;5;3;0;2;2;0;2;1
2020-03-11 08:24:59;49;12;11;5;3;0;2;2;0;2;1
2020-03-11 08:25:58;49;12;11;5;3;0;2;2;0;2;1
2020-03-11 08:26:59;50;12;11;5;4;0;2;2;0;2;1
2020-03-11 08:27:59;50;12;11;5;4;0;2;2;0;2;1
2020-03-11 08:28:58;50;12;11;5;4;0;2;2;0;2;1
2020-03-11 08:29:59;50;12;11;5;4;0;2;2;0;2;1
2020-03-11 08:30:59;51;12;11;5;4;0;2;2;0;2;0
2020-03-11 08:31:58;53;12;11;5;4;3;2;2;0;2;0
2020-03-11 08:32:59;53;12;11;5;4;3;2;2;0;2;0
2020-03-11 08:33:59;53;12;11;5;4;3;2;2;0;2;0
2020-03-11 08:34:58;53;12;11;5;4;3;2;2;0;2;0
2020-03-11 08:35:59;53;12;11;5;4;3;2;2;0;2;0
2020-03-11 08:36:59;53;12;11;5;4;3;2;2;0;2;0
2020-03-11 08:37:59;53;12;11;5;4;3;2;2;0;2;0
2020-03-11 08:38:58;53;12;11;5;4;3;2;2;0;2;0
2020-03-11 08:39:59;53;12;11;5;4;3;2;2;0;2;0
2020-03-11 08:40:59;53;12;11;5;4;3;2;2;0;2;0
2020-03-11 08:41:58;53;12;11;5;4;3;2;2;0;2;0
2020-03-11 08:42:59;53;12;11;5;4;3;2;2;0;2;0
2020-03-11 08:43:59;54;12;12;5;4;3;2;2;0;2;0
2020-03-11 08:44:58;54;12;12;5;4;3;2;2;0;2;0
2020-03-11 08:45:59;54;12;12;5;4;3;2;2;0;2;0
2020-03-11 08:46:59;54;12;12;5;4;3;2;2;0;2;0
2020-03-11 08:47:59;54;12;12;5;4;3;2;2;0;2;0
2020-03-11 08:48:58;54;12;12;5;4;3;2;2;0;2;0
2020-03-11 08:49:59;54;12;12;5;4;3;2;2;0;2;0
2020-03-11 08:50:58;54;12;12;5;4;3;2;2;0;2;0
2020-03-11 08:51:59;54;12;12;5;4;3;2;2;0;2;0
2020-03-11 08:52:59;54;12;12;5;4;3;2;2;0;2;0
2020-03-11 08:53:59;55;13;12;5;4;3;2;2;0;2;0
2020-03-11 08:54:58;55;13;12;5;4;3;2;2;0;2;0
2020-03-11 08:55:59;55;13;12;5;4;3;2;2;0;2;0
2020-03-11 08:56:59;55;13;12;5;4;3;2;2;0;2;0
2020-03-11 08:57:58;55;13;12;5;4;3;2;2;0;2;0
2020-03-11 08:58:59;56;14;12;5;4;3;2;2;0;2;0
2020-03-11 08:59:59;56;14;12;5;4;3;2;2;0;2;0
2020-03-11 09:00:58;56;14;12;5;4;3;2;2;0;2;0
2020-03-11 09:01:59;56;14;12;5;4;3;2;2;0;2;0
2020-03-11 09:02:59;56;14;12;5;4;3;2;2;0;2;0
2020-03-11 09:03:58;56;14;12;5;4;3;2;2;0;2;0
2020-03-11 09:04:59;56;14;12;5;4;3;2;2;0;2;0
2020-03-11 09:05:59;56;14;12;5;4;3;2;2;0;2;0
2020-03-11 09:06:59;56;14;12;5;4;3;2;2;0;2;0
2020-03-11 09:07:58;56;14;12;5;4;3;2;2;0;2;0
2020-03-11 09:08:59;56;14;12;5;4;3;2;2;0;2;0
2020-03-11 09:09:59;56;14;12;5;4;3;2;2;0;2;0
2020-03-11 09:10:58;56;14;12;5;4;3;2;2;0;2;0
2020-03-11 09:11:59;56;14;12;5;4;3;2;2;0;2;0
2020-03-11 09:12:59;56;14;12;5;4;3;2;2;0;2;0
2020-03-11 09:13:58;56;14;12;5;4;3;2;2;0;2;0
2020-03-11 09:14:59;56;14;12;5;4;3;2;2;0;2;0
2020-03-11 09:15:59;56;14;12;5;4;3;2;2;0;2;0
2020-03-11 09:16:59;56;14;12;5;4;3;2;2;0;2;0
2020-03-11 09:17:58;58;16;12;5;4;3;2;2;0;2;0
2020-03-11 09:18:59;58;16;12;5;4;3;2;2;0;2;0
2020-03-11 09:19:59;58;16;12;5;4;3;2;2;0;2;0
2020-03-11 09:20:58;59;16;13;5;4;3;2;2;0;2;0
2020-03-11 09:21:59;59;16;13;5;4;3;2;2;0;2;0
2020-03-11 09:22:59;59;16;13;5;4;3;2;2;0;2;0
2020-03-11 09:23:59;59;16;13;5;4;3;2;2;0;2;0
2020-03-11 09:24:58;59;16;13;5;4;3;2;2;0;2;0
2020-03-11 09:25:59;59;16;13;5;4;3;2;2;0;2;0
2020-03-11 09:26:59;59;16;13;5;4;3;2;2;0;2;0
2020-03-11 09:27:58;59;16;13;5;4;3;2;2;0;2;0
2020-03-11 09:28:59;59;16;13;5;4;3;2;2;0;2;0
2020-03-11 09:29:59;61;16;13;6;4;4;2;2;0;2;0
2020-03-11 09:30:59;61;16;13;6;4;4;2;2;0;2;0
2020-03-11 09:31:58;61;16;13;6;4;4;2;2;0;2;0
2020-03-11 09:32:59;61;16;13;6;4;4;2;2;0;2;0
2020-03-11 09:33:59;62;16;14;6;4;4;2;2;0;2;0
2020-03-11 09:34:58;64;17;14;6;4;5;2;2;0;2;0
2020-03-11 09:35:59;64;17;14;6;4;5;2;2;0;2;0
2020-03-11 09:36:59;64;17;14;6;4;5;2;2;0;2;0
2020-03-11 09:37:59;63;17;13;6;4;5;2;2;0;2;0
2020-03-11 09:38:58;63;17;13;6;4;5;2;2;0;2;0
2020-03-11 09:39:59;63;17;13;6;4;5;2;2;0;2;0
2020-03-11 09:40:59;63;17;13;6;4;5;2;2;0;2;0
2020-03-11 09:41:58;63;17;13;6;4;5;2;2;0;2;0
2020-03-11 09:42:59;64;17;13;6;4;5;2;2;0;2;1
2020-03-11 09:43:59;64;17;13;6;4;5;2;2;0;2;1
2020-03-11 09:44:58;64;17;13;6;4;5;2;2;0;2;1
2020-03-11 09:45:59;65;18;13;6;4;5;2;2;0;2;1
2020-03-11 09:46:59;65;18;13;6;4;5;2;2;0;2;1
2020-03-11 09:47:58;65;18;13;6;4;5;2;2;0;2;1
2020-03-11 09:48:59;65;18;13;6;4;5;2;2;0;2;1
2020-03-11 09:49:59;65;18;13;6;4;5;2;2;0;2;1
2020-03-11 09:50:59;65;18;13;6;4;5;2;2;0;2;1
2020-03-11 09:51:58;65;18;13;6;4;5;2;2;0;2;1
2020-03-11 09:52:59;65;18;13;6;4;5;2;2;0;2;1
2020-03-11 09:53:59;65;18;13;6;4;5;2;2;0;2;1
2020-03-11 09:54:58;65;18;13;6;4;5;2;2;0;2;1
2020-03-11 09:55:59;65;18;13;6;4;5;2;2;0;2;1
2020-03-11 09:56:59;66;19;13;6;4;5;2;2;0;2;1
2020-03-11 09:58:00;66;19;13;6;4;5;2;2;0;2;1
2020-03-11 09:58:58;66;19;13;6;4;5;2;2;0;2;1
2020-03-11 09:59:59;66;19;13;6;4;5;2;2;0;2;1
2020-03-11 10:00:59;66;19;13;6;4;5;2;2;0;2;1
2020-03-11 10:01:58;66;19;13;6;4;5;2;2;0;2;1
2020-03-11 10:02:59;66;19;13;6;4;5;2;2;0;2;1
2020-03-11 10:03:59;66;19;13;6;4;5;2;2;0;2;1
2020-03-11 10:04:58;66;19;13;6;4;5;2;2;0;2;1
2020-03-11 10:05:59;66;19;13;6;4;5;2;2;0;2;1
2020-03-11 10:06:59;66;19;13;6;4;5;2;2;0;2;1
2020-03-11 10:07:59;66;19;13;6;4;5;2;2;0;2;1
2020-03-11 10:08:58;66;19;13;6;4;5;2;2;0;2;1
2020-03-11 10:09:59;66;19;13;6;4;5;2;2;0;2;1
2020-03-11 10:10:59;66;19;13;6;4;5;2;2;0;2;1
2020-03-11 10:11:59;66;19;13;6;4;5;2;2;0;2;1
2020-03-11 10:12:58;66;18;13;6;4;6;2;2;0;2;1
2020-03-11 10:13:59;66;18;13;6;4;6;2;2;0;2;1
2020-03-11 10:14:59;66;18;13;6;4;6;2;2;0;2;1
2020-03-11 10:15:58;66;18;13;6;4;6;2;2;0;2;1
2020-03-11 10:16:59;66;18;13;6;4;6;2;2;0;2;1
2020-03-11 10:17:59;66;18;13;6;4;6;2;2;0;2;1
2020-03-11 10:19:00;66;18;13;6;4;6;2;2;0;2;1
2020-03-11 10:19:58;66;18;13;6;4;6;2;2;0;2;1
2020-03-11 10:20:59;66;18;13;6;4;6;2;2;0;2;1
2020-03-11 10:21:58;66;18;13;6;4;6;2;2;0;2;1
2020-03-11 10:22:59;66;18;13;6;4;6;2;2;0;2;1
2020-03-11 10:23:59;66;18;13;6;4;6;2;2;0;2;1
2020-03-11 10:24:58;66;18;13;6;4;6;2;2;0;2;1
2020-03-11 10:25:59;67;18;13;6;4;6;2;2;2;2;0
2020-03-11 10:26:59;67;18;13;6;4;6;2;2;2;2;0
2020-03-11 10:27:58;67;18;13;6;4;6;2;2;2;2;0
2020-03-11 10:28:59;67;18;13;6;4;6;2;2;2;2;0
2020-03-11 10:29:59;67;18;13;6;4;6;2;2;2;2;0
2020-03-11 10:30:58;67;18;12;6;4;7;2;2;2;2;0
2020-03-11 10:31:59;67;18;12;6;4;7;2;2;2;2;0
2020-03-11 10:32:59;69;19;12;6;5;7;2;2;2;2;0
2020-03-11 10:33:59;69;19;12;6;5;7;2;2;2;2;0
2020-03-11 10:34:58;69;19;12;6;5;7;2;2;2;2;0
2020-03-11 10:35:59;70;19;12;7;5;7;2;2;2;2;0
2020-03-11 10:36:59;70;19;12;7;5;7;2;2;2;2;0
2020-03-11 10:37:59;70;19;12;7;5;7;2;2;2;2;0
2020-03-11 10:38:58;70;19;12;7;5;7;2;2;2;2;0
2020-03-11 10:39:59;70;19;12;7;5;7;2;2;2;2;0
2020-03-11 10:40:59;71;19;12;7;5;7;2;2;2;2;0
2020-03-11 10:41:58;70;19;12;7;5;7;2;2;2;2;0
2020-03-11 10:42:59;70;19;12;7;5;7;2;2;2;2;0
2020-03-11 10:43:59;70;18;12;7;5;7;2;2;2;2;0
2020-03-11 10:44:59;70;18;12;7;5;7;2;2;2;2;0
2020-03-11 10:45:58;71;19;12;7;5;7;2;2;2;2;0
2020-03-11 10:46:59;71;19;12;6;5;8;2;2;2;2;0
2020-03-11 10:47:59;71;19;12;6;5;8;2;2;2;2;0
2020-03-11 10:48:58;72;20;12;6;5;8;2;2;2;2;0
2020-03-11 10:49:59;72;20;12;6;5;8;2;2;2;2;0
2020-03-11 10:50:59;72;20;12;6;5;8;2;2;2;2;0
2020-03-11 10:51:59;72;20;12;6;5;8;2;2;2;2;0
2020-03-11 10:52:58;72;20;12;6;5;8;2;2;2;2;0
2020-03-11 10:53:59;72;20;12;6;5;8;2;2;2;2;0
2020-03-11 10:54:58;73;20;13;6;5;8;2;2;2;2;0
2020-03-11 10:55:59;73;20;13;6;5;8;2;2;2;2;0
2020-03-11 10:56:59;73;20;13;6;5;8;2;2;2;2;0
2020-03-11 10:57:58;73;20;13;6;5;8;2;2;2;2;0
2020-03-11 10:58:59;73;20;13;6;5;8;2;2;2;2;0
2020-03-11 10:59:59;73;20;13;6;5;8;2;2;2;2;0
2020-03-11 11:00:59;73;20;13;6;5;8;2;2;2;2;0
2020-03-11 11:01:58;73;20;13;6;5;8;2;2;2;2;0
2020-03-11 11:02:59;73;20;13;6;5;8;2;2;2;2;0
2020-03-11 11:03:59;73;20;13;6;5;8;2;2;2;2;0
2020-03-11 11:04:58;73;20;13;6;5;8;2;2;2;2;0
2020-03-11 11:05:59;73;20;13;6;5;8;2;2;2;2;0
2020-03-11 11:06:59;73;20;13;6;5;8;2;2;2;2;0
2020-03-11 11:07:59;73;20;13;6;5;8;2;2;2;2;0
2020-03-11 11:08:58;73;20;13;6;5;8;2;2;2;2;0
2020-03-11 11:09:59;74;20;14;6;5;8;2;2;2;2;0
2020-03-11 11:10:59;74;20;14;6;5;8;2;2;2;2;0
2020-03-11 11:11:58;74;20;14;6;5;8;2;2;2;2;0
2020-03-11 11:12:59;74;20;14;6;5;8;2;2;2;2;0
2020-03-11 11:13:59;74;20;14;6;5;8;2;2;2;2;0
2020-03-11 11:14:58;74;20;14;6;5;8;2;2;2;2;0
2020-03-11 11:15:59;74;20;14;6;5;8;2;2;2;2;0
2020-03-11 11:16:59;74;20;14;6;5;8;2;2;2;2;0
2020-03-11 11:17:59;74;20;14;6;5;8;2;2;2;2;0
2020-03-11 11:18:58;74;20;14;6;5;8;2;2;2;2;0
2020-03-11 11:19:59;74;20;14;6;5;8;2;2;2;2;0
2020-03-11 11:20:59;74;20;14;6;5;8;2;2;2;2;0
2020-03-11 11:21:59;74;20;14;6;5;8;2;2;2;2;0
2020-03-11 11:22:58;74;20;14;6;5;8;2;2;2;2;0
2020-03-11 11:23:59;74;20;14;6;5;8;2;2;2;2;0
2020-03-11 11:24:59;74;20;14;6;5;8;2;2;2;2;0
2020-03-11 11:25:59;74;20;14;6;5;8;2;2;2;2;0
2020-03-11 11:26:58;74;20;14;6;5;8;2;2;2;2;0
2020-03-11 11:27:59;74;20;14;6;5;8;2;2;2;2;0
2020-03-11 11:28:59;74;20;14;6;5;8;2;2;2;2;0
2020-03-11 11:29:58;74;20;14;6;5;8;2;2;2;2;0
2020-03-11 11:30:59;74;20;14;6;5;8;2;2;2;2;0
2020-03-11 11:31:59;75;20;14;6;5;8;2;2;2;2;0
2020-03-11 11:32:58;75;20;14;6;5;8;2;2;2;2;0
2020-03-11 11:33:59;75;20;14;6;5;8;2;2;2;2;0
2020-03-11 11:34:59;75;20;14;6;5;8;2;2;2;2;0
2020-03-11 11:35:58;75;20;14;6;5;8;2;2;2;2;0
2020-03-11 11:36:59;75;20;14;6;5;8;2;2;2;2;0
2020-03-11 11:37:59;75;20;14;6;5;8;2;2;2;2;0
2020-03-11 11:38:58;75;20;14;6;5;8;2;2;2;2;0
2020-03-11 11:39:59;75;20;14;6;5;8;2;2;2;2;0
2020-03-11 11:40:59;75;20;14;6;5;8;2;2;2;2;0
2020-03-11 11:42:00;75;20;14;6;5;8;2;2;2;2;0
2020-03-11 11:42:58;75;20;14;6;5;8;2;2;2;2;0
2020-03-11 11:43:59;75;20;14;6;5;8;2;2;2;2;0
2020-03-11 11:44:58;75;20;14;6;5;8;2;2;2;2;0
2020-03-11 11:45:59;75;20;14;6;5;8;2;2;2;2;0
2020-03-11 11:46:59;75;20;14;6;5;8;2;2;2;2;0
2020-03-11 11:47:58;75;20;14;6;5;8;2;2;2;2;0
2020-03-11 11:48:59;75;20;14;6;5;8;2;2;2;2;0
2020-03-11 11:49:59;76;20;14;6;5;9;2;2;2;2;0
2020-03-11 11:50:58;77;20;14;6;5;9;2;2;2;2;0
2020-03-11 11:51:59;77;20;14;6;5;9;2;2;2;2;0
2020-03-11 11:52:59;77;20;14;6;5;9;2;2;2;2;0
2020-03-11 11:53:58;77;20;14;6;5;9;2;2;2;2;0
2020-03-11 11:54:59;77;20;14;6;5;9;2;2;2;2;0
2020-03-11 11:55:59;77;20;14;6;5;9;2;2;2;2;0
2020-03-11 11:56:59;77;20;14;6;5;9;2;2;2;2;0
2020-03-11 11:57:58;77;20;14;6;5;9;2;2;2;2;0
2020-03-11 11:58:59;77;20;14;6;5;9;2;2;2;2;0
2020-03-11 11:59:58;77;20;14;6;5;9;2;2;2;2;0
2020-03-11 12:00:59;77;20;14;6;5;9;2;2;2;2;0
2020-03-11 12:01:59;77;20;14;6;5;9;2;2;2;2;0
2020-03-11 12:02:59;77;20;14;6;5;9;2;2;2;2;0
2020-03-11 12:03:58;77;20;14;6;5;9;2;2;2;2;0
2020-03-11 12:04:59;77;20;14;6;5;9;2;2;2;2;0
2020-03-11 12:05:59;78;20;15;6;5;9;2;2;2;2;0
2020-03-11 12:06:58;78;20;15;6;5;9;2;2;2;2;0
2020-03-11 12:07:59;78;20;15;6;5;9;2;2;2;2;0
2020-03-11 12:08:59;78;20;15;6;5;9;2;2;2;2;0
2020-03-11 12:09:59;78;20;15;6;5;9;2;2;2;2;0
2020-03-11 12:10:58;79;21;15;6;5;9;2;2;2;2;0
2020-03-11 12:11:59;79;21;15;6;5;9;2;2;2;2;0
2020-03-11 12:12:59;79;21;15;6;5;9;2;2;2;2;0
2020-03-11 12:13:58;79;21;15;6;5;9;2;2;2;2;0
2020-03-11 12:14:59;79;21;15;6;5;9;2;2;2;2;0
2020-03-11 12:15:59;79;21;15;6;5;9;2;2;2;2;0
2020-03-11 12:16:59;79;21;15;6;5;9;2;2;2;2;0
2020-03-11 12:17:58;79;21;15;6;5;9;2;2;2;2;0
2020-03-11 12:18:59;79;21;15;6;5;9;2;2;2;2;0
2020-03-11 12:19:59;79;21;15;6;5;9;2;2;2;2;0
2020-03-11 12:20:58;79;21;15;6;5;9;2;2;2;2;0
2020-03-11 12:21:59;80;21;15;7;5;9;2;2;2;2;0
2020-03-11 12:22:59;80;21;15;7;5;9;2;2;2;2;0
2020-03-11 12:23:58;80;21;15;7;5;9;2;2;2;2;0
2020-03-11 12:24:59;80;21;15;7;5;9;2;2;2;2;0
2020-03-11 12:25:59;80;21;15;7;5;9;2;2;2;2;0
2020-03-11 12:26:59;80;21;15;7;5;9;2;2;2;2;0
2020-03-11 12:27:58;80;21;15;7;5;9;2;2;2;2;0
2020-03-11 12:28:59;80;21;15;7;5;9;2;2;2;2;0
2020-03-11 12:29:59;80;21;15;7;5;9;2;2;2;2;0
2020-03-11 12:30:58;80;21;15;7;5;9;2;2;2;2;0
2020-03-11 12:31:59;80;21;15;7;5;9;2;2;2;2;0
2020-03-11 12:32:59;80;21;15;7;5;9;2;2;2;2;0
2020-03-11 12:33:58;80;21;15;7;5;9;2;2;2;2;0
2020-03-11 12:34:59;80;21;15;7;5;9;2;2;2;2;0
2020-03-11 12:35:59;80;21;15;7;5;9;2;2;2;2;0
2020-03-11 12:36:59;81;21;16;7;5;9;2;2;2;2;0
2020-03-11 12:37:58;81;21;16;7;5;9;2;2;2;2;0
2020-03-11 12:38:59;81;21;16;7;5;9;2;2;2;2;0
2020-03-11 12:39:59;81;21;16;7;5;9;2;2;2;2;0
2020-03-11 12:40:58;81;21;16;7;5;9;2;2;2;2;0
2020-03-11 12:41:59;81;21;16;7;5;9;2;2;2;2;0
2020-03-11 12:42:59;81;21;16;7;5;9;2;2;2;2;0
2020-03-11 12:43:59;81;21;16;7;5;9;2;2;2;2;0
2020-03-11 12:44:58;81;21;16;7;5;9;2;2;2;2;0
2020-03-11 12:45:59;81;21;16;7;5;9;2;2;2;2;0
2020-03-11 12:46:59;82;22;16;7;5;9;2;2;2;2;0
2020-03-11 12:47:58;82;22;16;7;5;9;2;2;2;2;0
2020-03-11 12:48:59;83;23;16;7;5;9;2;2;2;2;0
2020-03-11 12:49:59;84;23;16;7;5;9;2;3;2;2;0
2020-03-11 12:51:00;84;23;16;7;5;9;2;3;2;2;0
2020-03-11 12:51:58;84;23;16;7;5;9;2;3;2;2;0
2020-03-11 12:52:59;84;23;16;7;5;9;2;3;2;2;0
2020-03-11 12:53:58;84;23;16;7;5;9;2;3;2;2;0
2020-03-11 12:54:59;84;23;16;7;5;9;2;3;2;2;0
2020-03-11 12:55:59;84;23;16;7;5;9;2;3;2;2;0
2020-03-11 12:56:58;84;23;16;7;5;9;2;3;2;2;0
2020-03-11 12:57:59;84;23;16;7;5;9;2;3;2;2;0
2020-03-11 12:58:59;84;23;16;7;5;9;2;3;2;2;0
2020-03-11 12:59:59;84;23;16;7;5;9;2;3;2;2;0
2020-03-11 13:00:58;84;23;16;7;5;9;2;3;2;2;0
2020-03-11 13:01:59;84;23;16;7;5;9;2;3;2;2;0
2020-03-11 13:02:59;84;23;16;7;5;9;2;3;2;2;0
2020-03-11 13:03:59;84;23;16;7;5;9;2;3;2;2;0
2020-03-11 13:04:58;84;23;16;7;5;9;2;3;2;2;0
2020-03-11 13:05:59;84;23;16;7;5;9;2;3;2;2;0
2020-03-11 13:06:59;84;23;16;7;5;9;2;3;2;2;0
2020-03-11 13:07:59;84;23;16;7;5;9;2;3;2;2;0
2020-03-11 13:08:58;84;23;16;7;5;9;2;3;2;2;0
2020-03-11 13:09:59;85;23;17;7;5;9;2;3;2;2;0
2020-03-11 13:10:59;85;23;17;7;5;9;2;3;2;2;0
2020-03-11 13:11:58;86;24;17;7;5;9;2;3;2;2;0
2020-03-11 13:12:59;86;24;17;7;5;9;2;3;2;2;0
2020-03-11 13:13:59;86;24;17;7;5;9;2;3;2;2;0
2020-03-11 13:14:59;87;24;18;7;5;9;2;3;2;2;0
2020-03-11 13:15:58;88;24;19;7;5;9;2;3;2;2;0
2020-03-11 13:16:59;88;24;19;7;5;9;2;3;2;2;0
2020-03-11 13:17:59;88;24;19;7;5;9;2;3;2;2;0
2020-03-11 13:18:58;88;24;19;7;5;9;2;3;2;2;0
2020-03-11 13:19:59;88;24;19;7;5;9;2;3;2;2;0
2020-03-11 13:20:59;88;24;19;7;5;9;2;3;2;2;0
2020-03-11 13:21:59;88;24;19;7;5;9;2;3;2;2;0
2020-03-11 13:22:58;88;24;19;7;5;9;2;3;2;2;0
2020-03-11 13:23:59;88;24;19;7;5;9;2;3;2;2;0
2020-03-11 13:24:59;88;24;19;7;5;9;2;3;2;2;0
2020-03-11 13:25:58;88;24;19;7;5;9;2;3;2;2;0
2020-03-11 13:26:59;88;24;19;7;5;9;2;3;2;2;0
2020-03-11 13:27:59;88;24;19;7;5;9;2;3;2;2;0
2020-03-11 13:28:59;88;24;19;7;5;9;2;3;2;2;0
2020-03-11 13:29:58;88;24;19;7;5;9;2;3;2;2;0
2020-03-11 13:30:59;88;24;19;7;5;9;2;3;2;2;0
2020-03-11 13:31:58;88;24;19;7;5;9;2;3;2;2;0
2020-03-11 13:32:59;88;24;19;7;5;9;2;3;2;2;0
2020-03-11 13:33:59;88;24;19;7;5;9;2;3;2;2;0
2020-03-11 13:34:58;88;24;19;7;5;9;2;3;2;2;0
2020-03-11 13:35:59;88;24;19;7;5;9;2;3;2;2;0
2020-03-11 13:36:59;88;24;19;7;5;9;2;3;2;2;0
2020-03-11 13:37:59;89;25;19;7;5;9;2;3;2;2;0
2020-03-11 13:38:58;89;25;19;7;5;9;2;3;2;2;0
2020-03-11 13:39:59;89;25;19;7;5;9;2;3;2;2;0
2020-03-11 13:40:59;89;25;19;7;5;9;2;3;2;2;0
2020-03-11 13:41:58;89;25;19;7;5;9;2;3;2;2;0
2020-03-11 13:42:59;89;25;19;7;5;9;2;3;2;2;0
2020-03-11 13:43:59;89;25;19;7;5;9;2;3;2;2;0
2020-03-11 13:44:58;89;25;19;7;5;9;2;3;2;2;0
2020-03-11 13:45:59;89;25;19;7;5;9;2;3;2;2;0
2020-03-11 13:46:59;89;25;19;7;5;9;2;3;2;2;0
2020-03-11 13:47:59;89;25;19;7;5;9;2;3;2;2;0
2020-03-11 13:48:58;89;25;20;7;5;9;2;3;2;2;0
2020-03-11 13:49:59;89;25;20;7;5;9;2;3;2;2;0
2020-03-11 13:50:59;89;25;20;7;5;9;2;3;2;2;0
2020-03-11 13:51:58;89;25;20;7;5;9;2;3;2;2;0
2020-03-11 13:52:59;90;25;20;8;5;9;2;3;2;2;0
2020-03-11 13:53:59;90;25;20;8;5;9;2;3;2;2;0
2020-03-11 13:54:58;90;25;20;8;5;9;2;3;2;2;0
2020-03-11 13:55:59;90;25;20;8;5;9;2;3;2;2;0
2020-03-11 13:56:59;90;25;20;8;5;9;2;3;2;2;0
2020-03-11 13:57:59;90;25;20;8;5;9;2;3;2;2;0
2020-03-11 13:58:58;90;25;20;8;5;9;2;3;2;2;0
2020-03-11 13:59:59;90;25;20;8;5;9;2;3;2;2;0
2020-03-11 14:00:59;90;25;20;8;5;9;2;3;2;2;0
2020-03-11 14:01:58;90;25;20;8;5;9;2;3;2;2;0
2020-03-11 14:02:59;90;25;20;8;5;9;2;3;2;2;0
2020-03-11 14:03:59;90;25;20;8;5;9;2;3;2;2;0
2020-03-11 14:04:59;90;25;20;8;5;9;2;3;2;2;0
2020-03-11 14:05:58;91;25;21;8;5;9;2;3;2;2;0
2020-03-11 14:06:59;91;25;21;8;5;9;2;3;2;2;0
2020-03-11 14:07:59;92;25;22;8;5;9;2;3;2;2;0
2020-03-11 14:09:00;92;25;22;8;5;9;2;3;2;2;0
2020-03-11 14:09:58;92;25;22;8;5;9;2;3;2;2;0
2020-03-11 14:10:59;93;25;23;8;5;9;2;3;2;2;0
2020-03-11 14:11:59;93;25;23;8;5;9;2;3;2;2;0
2020-03-11 14:12:58;93;25;23;8;5;9;2;3;2;2;0
2020-03-11 14:13:59;93;25;23;8;5;9;2;3;2;2;0
2020-03-11 14:14:59;93;25;23;8;5;9;2;3;2;2;0
2020-03-11 14:15:58;93;25;23;8;5;9;2;3;2;2;0
2020-03-11 14:16:59;93;25;23;8;5;9;2;3;2;2;0
2020-03-11 14:17:59;93;25;23;8;5;9;2;3;2;2;0
2020-03-11 14:18:59;94;26;23;8;5;9;2;3;2;2;0
2020-03-11 14:19:58;95;26;24;8;5;9;2;3;2;2;0
2020-03-11 14:20:59;95;26;24;8;5;9;2;3;2;2;0
2020-03-11 14:21:59;96;26;25;8;5;9;2;3;2;2;0
2020-03-11 14:22:59;96;26;25;8;5;9;2;3;2;2;0
2020-03-11 14:23:58;96;26;25;8;5;9;2;3;2;2;0
2020-03-11 14:24:59;96;26;25;8;5;9;2;3;2;2;0
2020-03-11 14:25:59;96;26;25;8;5;9;2;3;2;2;0
2020-03-11 14:26:58;96;26;25;8;5;9;2;3;2;2;0
2020-03-11 14:27:59;96;26;25;8;5;9;2;3;2;2;0
2020-03-11 14:28:59;96;26;25;8;5;9;2;3;2;2;0
2020-03-11 14:29:58;96;26;25;8;5;9;2;3;2;2;0
2020-03-11 14:30:59;96;26;25;8;5;9;2;3;2;2;0
2020-03-11 14:31:59;97;26;26;8;5;9;3;3;2;2;0
2020-03-11 14:32:58;97;26;26;8;5;9;3;3;2;2;0
2020-03-11 14:33:59;97;26;26;8;5;9;3;3;2;2;0
2020-03-11 14:34:59;97;26;26;8;5;9;3;3;2;2;0
2020-03-11 14:35:59;97;26;26;8;5;9;3;3;2;2;0
2020-03-11 14:37:00;99;27;26;8;5;9;3;3;2;2;0
2020-03-11 14:37:58;100;27;27;8;5;9;3;3;2;2;0
2020-03-11 14:38:59;100;27;27;8;5;9;3;3;2;2;0
2020-03-11 14:39:59;101;28;27;8;5;9;3;3;2;2;0
2020-03-11 14:40:58;101;28;27;8;5;9;3;3;2;2;0
2020-03-11 14:41:59;101;28;27;8;5;9;3;3;2;2;0
2020-03-11 14:42:59;101;28;27;8;5;9;3;3;2;2;0
2020-03-11 14:43:58;101;28;27;8;5;9;3;3;2;2;0
2020-03-11 14:44:59;101;28;27;8;5;9;3;3;2;2;0
2020-03-11 14:45:59;101;28;27;8;5;9;3;3;2;2;0
2020-03-11 14:46:59;101;28;27;8;5;9;3;3;2;2;0
2020-03-11 14:47:58;101;28;27;8;5;9;3;3;2;2;0
2020-03-11 14:48:59;101;28;27;8;5;9;3;3;2;2;0
2020-03-11 14:49:59;102;28;27;9;5;9;3;3;2;2;0
2020-03-11 14:50:58;102;28;27;9;5;9;3;3;2;2;0
2020-03-11 14:51:59;102;28;27;9;5;9;3;3;2;2;0
2020-03-11 14:52:59;102;28;27;9;5;9;3;3;2;2;0
2020-03-11 14:53:59;102;28;27;9;5;9;3;3;2;2;0
2020-03-11 14:54:58;102;28;27;9;5;9;3;3;2;2;0
2020-03-11 14:55:59;102;28;27;9;5;9;3;3;2;2;0
2020-03-11 14:56:59;102;28;27;9;5;9;3;3;2;2;0
2020-03-11 14:57:59;102;28;27;9;5;9;3;3;2;2;0
2020-03-11 14:58:58;102;28;27;9;5;9;3;3;2;2;0
2020-03-11 14:59:59;102;28;27;9;5;9;3;3;2;2;0
2020-03-11 15:00:59;102;28;27;9;5;9;3;3;2;2;0
2020-03-11 15:01:58;103;28;28;9;5;9;3;3;2;2;0
2020-03-11 15:02:59;103;28;28;9;5;9;3;3;2;2;0
2020-03-11 15:03:59;103;28;28;9;5;9;3;3;2;2;0
2020-03-11 15:04:59;103;28;28;9;5;9;3;3;2;2;0
2020-03-11 15:05:58;103;28;28;9;5;9;3;3;2;2;0
2020-03-11 15:06:59;103;28;28;9;5;9;3;3;2;2;0
2020-03-11 15:07:59;104;29;28;9;5;9;3;3;2;2;0
2020-03-11 15:08:59;104;29;28;9;5;9;3;3;2;2;0
2020-03-11 15:09:58;104;29;28;9;5;9;3;3;2;2;0
2020-03-11 15:10:59;105;29;29;9;5;9;3;3;2;2;0
2020-03-11 15:11:59;108;29;31;10;5;9;3;3;2;2;0
2020-03-11 15:12:59;108;29;31;10;5;9;3;3;2;2;0
2020-03-11 15:13:58;108;29;31;10;5;9;3;3;2;2;0
2020-03-11 15:14:59;109;30;31;10;5;9;3;3;2;2;0
2020-03-11 15:15:59;109;30;31;10;5;9;3;3;2;2;0
2020-03-11 15:16:59;109;30;31;10;5;9;3;3;2;2;0
2020-03-11 15:17:59;109;30;31;10;5;9;3;3;2;2;0
2020-03-11 15:18:58;109;30;31;10;5;9;3;3;2;2;0
2020-03-11 15:19:59;110;30;32;10;5;9;3;3;2;2;0
2020-03-11 15:20:59;110;30;32;10;5;9;3;3;2;2;0
2020-03-11 15:21:58;111;30;33;10;5;9;3;3;2;2;0
2020-03-11 15:22:59;111;30;33;10;5;9;3;3;2;2;0
2020-03-11 15:23:59;111;30;33;10;5;9;3;3;2;2;0
2020-03-11 15:25:00;111;30;33;10;5;9;3;3;2;2;0
2020-03-11 15:25:58;111;30;33;10;5;9;3;3;2;2;0
2020-03-11 15:26:59;111;30;33;10;5;9;3;3;2;2;0
2020-03-11 15:27:59;111;30;33;10;5;9;3;3;2;2;0
2020-03-11 15:28:58;111;30;33;10;5;9;3;3;2;2;0
2020-03-11 15:29:59;112;31;33;10;5;9;3;3;2;2;0
2020-03-11 15:30:59;112;31;33;10;5;9;3;3;2;2;0
2020-03-11 15:31:59;113;32;33;10;5;9;3;3;2;2;0
2020-03-11 15:32:58;113;32;33;10;5;9;3;3;2;2;0
2020-03-11 15:33:59;113;32;33;10;5;9;3;3;2;2;0
2020-03-11 15:34:59;113;33;33;10;5;9;3;3;2;2;0
2020-03-11 15:35:58;113;33;33;10;5;9;3;3;2;2;0
2020-03-11 15:36:59;113;33;33;10;5;9;3;3;2;2;0
2020-03-11 15:37:59;114;33;33;10;5;10;3;3;2;2;0
2020-03-11 15:38:59;114;33;33;10;5;10;3;3;2;2;0
2020-03-11 15:39:58;114;33;33;10;5;10;3;3;2;2;0
2020-03-11 15:40:59;115;33;34;10;5;10;3;3;2;2;0
2020-03-11 15:41:59;115;33;34;10;5;10;3;3;2;2;0
2020-03-11 15:42:59;115;33;34;10;5;10;3;3;2;2;0
2020-03-11 15:43:58;115;33;34;10;5;10;3;3;2;2;0
2020-03-11 15:44:59;115;33;34;10;5;10;3;3;2;2;0
2020-03-11 15:45:59;115;33;34;10;5;10;3;3;2;2;0
2020-03-11 15:46:58;115;33;34;10;5;10;3;3;2;2;0
2020-03-11 15:47:59;115;33;34;10;5;10;3;3;2;2;0
2020-03-11 15:48:59;115;33;34;10;5;10;3;3;2;2;0
2020-03-11 15:49:58;116;34;34;10;5;10;3;3;2;2;0
2020-03-11 15:50:59;116;34;34;10;5;10;3;3;2;2;0
2020-03-11 15:51:59;116;34;34;10;5;10;3;3;2;2;0
2020-03-11 15:52:59;116;34;34;10;5;10;3;3;2;2;0
2020-03-11 15:53:58;116;34;34;10;5;10;3;3;2;2;0
2020-03-11 15:54:59;116;34;34;10;5;10;3;3;2;2;0
2020-03-11 15:55:59;117;34;34;10;6;10;3;3;2;2;0
2020-03-11 15:56:58;117;34;34;10;6;10;3;3;2;2;0
2020-03-11 15:57:59;117;34;34;10;6;10;3;3;2;2;0
2020-03-11 15:58:59;117;34;34;10;6;10;3;3;2;2;0
2020-03-11 15:59:59;117;34;34;10;6;10;3;3;2;2;0
2020-03-11 16:00:58;117;34;34;10;6;10;3;3;2;2;0
2020-03-11 16:01:59;118;35;34;10;6;10;3;3;2;2;0
2020-03-11 16:02:59;118;35;34;10;6;10;3;3;2;2;0
2020-03-11 16:03:59;118;35;34;10;6;10;3;3;2;2;0
2020-03-11 16:04:58;118;35;34;10;6;10;3;3;2;2;0
2020-03-11 16:05:59;118;35;34;10;6;10;3;3;2;2;0
2020-03-11 16:06:59;118;35;34;10;6;10;3;3;2;2;0
2020-03-11 16:07:58;118;35;34;10;6;10;3;3;2;2;0
2020-03-11 16:08:59;118;35;34;10;6;10;3;3;2;2;0
2020-03-11 16:09:59;119;36;34;10;6;10;3;3;2;2;0
2020-03-11 16:10:58;120;37;34;10;6;10;3;3;2;2;0
2020-03-11 16:11:59;121;37;35;10;6;10;3;3;2;2;0
2020-03-11 16:12:59;122;37;35;10;6;10;4;3;2;2;0
2020-03-11 16:13:58;123;37;35;10;7;10;4;3;2;2;0
2020-03-11 16:14:59;123;37;35;10;7;10;4;3;2;2;0
2020-03-11 16:15:59;123;37;35;10;7;10;4;3;2;2;0
2020-03-11 16:17:00;123;37;35;10;7;10;4;3;2;2;0
2020-03-11 16:17:58;123;37;35;10;7;10;4;3;2;2;0
2020-03-11 16:18:59;123;37;35;10;7;10;4;3;2;2;0
2020-03-11 16:19:58;123;37;35;10;7;10;4;3;2;2;0
2020-03-11 16:20:59;123;37;35;10;7;10;4;3;2;2;0
2020-03-11 16:21:59;123;37;35;10;7;10;4;3;2;2;0
2020-03-11 16:22:59;123;37;35;10;7;10;4;3;2;2;0
2020-03-11 16:23:58;123;37;35;10;7;10;4;3;2;2;0
2020-03-11 16:24:59;123;37;35;10;7;10;4;3;2;2;0
2020-03-11 16:25:59;123;38;35;10;7;9;4;3;2;2;0
2020-03-11 16:27:00;123;38;35;10;7;9;4;3;2;2;0
2020-03-11 16:27:58;123;38;35;10;7;9;4;3;2;2;0
2020-03-11 16:28:59;123;38;35;10;7;9;4;3;2;2;0
2020-03-11 16:29:59;123;38;35;10;7;9;4;3;2;2;0
2020-03-11 16:30:58;124;38;36;10;7;9;4;3;2;2;0
2020-03-11 16:31:59;124;38;36;10;7;9;4;3;2;2;0
2020-03-11 16:32:59;124;38;36;10;7;9;4;3;2;2;0
2020-03-11 16:33:59;124;38;36;10;7;9;4;3;2;2;0
2020-03-11 16:34:58;124;38;36;10;7;9;4;3;2;2;0
2020-03-11 16:35:59;124;38;36;10;7;9;4;3;2;2;0
2020-03-11 16:36:59;124;38;36;10;7;9;4;3;2;2;0
2020-03-11 16:37:59;124;38;36;10;7;9;4;3;2;2;0
2020-03-11 16:38:58;126;40;36;10;7;9;4;3;2;2;0
2020-03-11 16:39:59;126;40;36;10;7;9;4;3;2;2;0
2020-03-11 16:40:59;126;40;36;10;7;9;4;3;2;2;0
2020-03-11 16:41:58;126;40;36;10;7;9;4;3;2;2;0
2020-03-11 16:42:59;126;40;36;10;7;9;4;3;2;2;0
2020-03-11 16:43:59;126;40;36;10;7;9;4;3;2;2;0
2020-03-11 16:44:59;126;40;36;10;7;9;4;3;2;2;0
2020-03-11 16:45:58;126;40;36;10;7;9;4;3;2;2;0
2020-03-11 16:46:59;126;40;36;10;7;9;4;3;2;2;0
2020-03-11 16:47:59;126;40;36;10;7;9;4;3;2;2;0
2020-03-11 16:49:00;128;42;36;10;7;9;4;3;2;2;0
2020-03-11 16:49:58;128;42;36;10;7;9;4;3;2;2;0
2020-03-11 16:50:59;128;42;36;10;7;9;4;3;2;2;0
2020-03-11 16:51:59;128;42;36;10;7;9;4;3;2;2;0
2020-03-11 16:52:58;128;42;36;10;7;9;4;3;2;2;0
2020-03-11 16:53:59;128;42;36;10;7;9;4;3;2;2;0
2020-03-11 16:54:59;130;44;36;10;7;9;4;3;2;2;0
2020-03-11 16:55:59;130;44;36;10;7;9;4;3;2;2;0
2020-03-11 16:56:58;130;44;36;10;7;9;4;3;2;2;0
2020-03-11 16:57:59;130;44;36;10;7;9;4;3;2;2;0
2020-03-11 16:58:59;131;44;36;10;7;9;4;3;3;2;0
2020-03-11 16:59:59;131;44;36;10;7;9;4;3;3;2;0
2020-03-11 17:00:58;131;44;36;10;7;9;4;3;3;2;0
2020-03-11 17:01:59;131;44;36;10;7;9;4;3;3;2;0
2020-03-11 17:02:59;131;44;36;10;7;9;4;3;3;2;0
2020-03-11 17:03:59;131;44;36;10;7;9;4;3;3;2;0
2020-03-11 17:04:58;131;44;36;10;7;9;4;3;3;2;0
2020-03-11 17:05:59;132;45;36;10;7;9;4;3;3;2;0
2020-03-11 17:06:59;132;45;36;10;7;9;4;3;3;2;0
2020-03-11 17:07:58;133;46;36;10;7;9;4;3;3;2;0
2020-03-11 17:08:59;133;46;36;10;7;9;4;3;3;2;0
2020-03-11 17:09:59;133;46;36;10;7;9;4;3;3;2;0
2020-03-11 17:10:58;133;46;36;10;7;9;4;3;3;2;0
2020-03-11 17:11:59;133;46;36;10;7;9;4;3;3;2;0
2020-03-11 17:12:59;133;46;36;10;7;9;4;3;3;2;0
2020-03-11 17:13:58;133;46;36;10;7;9;4;3;3;2;0
2020-03-11 17:14:59;133;46;36;10;7;9;4;3;3;2;0
2020-03-11 17:15:59;133;46;36;10;7;9;4;3;3;2;0
2020-03-11 17:16:59;133;46;36;10;7;9;4;3;3;2;0
2020-03-11 17:17:58;133;46;36;10;7;9;4;3;3;2;0
2020-03-11 17:18:59;133;46;36;10;7;9;4;3;3;2;0
2020-03-11 17:19:59;133;46;36;10;7;9;4;3;3;2;0
2020-03-11 17:20:58;133;46;36;10;7;9;4;3;3;2;0
2020-03-11 17:21:59;133;46;36;10;7;9;4;3;3;2;0
2020-03-11 17:22:59;134;46;37;10;7;9;4;3;3;2;0
2020-03-11 17:23:58;134;46;37;10;7;9;4;3;3;2;0
2020-03-11 17:24:59;134;46;37;10;7;9;4;3;3;2;0
2020-03-11 17:25:59;134;46;37;10;7;9;4;3;3;2;0
2020-03-11 17:26:59;134;46;37;10;7;9;4;3;3;2;0
2020-03-11 17:27:58;134;46;37;10;7;9;4;3;3;2;0
2020-03-11 17:28:59;134;46;37;10;7;9;4;3;3;2;0
2020-03-11 17:29:59;134;46;37;10;7;9;4;3;3;2;0
2020-03-11 17:30:58;134;46;37;10;7;9;4;3;3;2;0
2020-03-11 17:31:59;134;46;37;10;7;9;4;3;3;2;0
2020-03-11 17:32:59;134;46;37;10;7;9;4;3;3;2;0
2020-03-11 17:33:59;134;46;37;10;7;9;4;3;3;2;0
2020-03-11 17:34:58;135;47;37;10;7;9;4;3;3;2;0
2020-03-11 17:35:59;135;47;37;10;7;9;4;3;3;2;0
2020-03-11 17:36:58;135;47;37;10;7;9;4;3;3;2;0
2020-03-11 17:37:59;135;47;37;10;7;9;4;3;3;2;0
2020-03-11 17:38:59;135;47;37;10;7;9;4;3;3;2;0
2020-03-11 17:40:00;136;47;38;10;7;9;4;3;3;2;0
2020-03-11 17:40:58;136;47;38;10;7;9;4;3;3;2;0
2020-03-11 17:41:59;137;47;39;10;7;9;4;3;3;2;0
2020-03-11 17:42:59;137;47;39;10;7;9;4;3;3;2;0
2020-03-11 17:43:58;137;47;39;10;7;9;4;3;3;2;0
2020-03-11 17:44:59;137;47;39;10;7;9;4;3;3;2;0
2020-03-11 17:45:59;137;47;39;10;7;9;4;3;3;2;0
2020-03-11 17:46:58;138;48;39;10;7;9;4;3;3;2;0
2020-03-11 17:47:59;138;48;39;10;7;9;4;3;3;2;0
2020-03-11 17:48:59;138;48;39;10;7;9;4;3;3;2;0
2020-03-11 17:49:58;138;48;39;10;7;9;4;3;3;2;0
2020-03-11 17:50:59;138;48;39;10;7;9;4;3;3;2;0
2020-03-11 17:51:59;139;48;39;10;7;9;4;3;3;2;0
2020-03-11 17:52:58;139;48;39;10;7;9;4;3;3;2;0
2020-03-11 17:53:59;139;48;39;10;7;9;4;3;3;2;0
2020-03-11 17:54:59;139;48;39;10;7;9;4;3;3;2;0
2020-03-11 17:55:59;140;48;39;11;7;9;4;3;3;2;0
2020-03-11 17:56:58;141;48;40;11;7;9;4;3;3;2;0
2020-03-11 17:57:59;141;48;40;11;7;9;4;3;3;2;0
2020-03-11 17:58:59;142;48;41;11;7;9;4;3;3;2;0
2020-03-11 17:59:58;142;48;41;11;7;9;4;3;3;2;0
2020-03-11 18:00:59;142;48;41;11;7;9;4;3;3;2;0
2020-03-11 18:01:58;142;48;41;11;7;9;4;3;3;2;0
2020-03-11 18:02:59;142;48;41;11;7;9;4;3;3;2;0
2020-03-11 18:03:59;142;48;41;11;7;9;4;3;3;2;0
2020-03-11 18:04:59;142;48;41;11;7;9;4;3;3;2;0
2020-03-11 18:05:58;142;48;41;11;7;9;4;3;3;2;0
2020-03-11 18:06:59;142;48;41;11;7;9;4;3;3;2;0
2020-03-11 18:07:59;143;49;41;11;7;9;4;3;3;2;0
2020-03-11 18:08:58;143;49;41;11;7;9;4;3;3;2;0
2020-03-11 18:09:59;143;49;41;11;7;9;4;3;3;2;0
2020-03-11 18:10:59;144;50;41;11;7;9;4;3;3;2;0
2020-03-11 18:11:59;144;50;41;11;7;9;4;3;3;2;0
2020-03-11 18:12:58;144;50;41;11;7;9;4;3;3;2;0
2020-03-11 18:13:59;144;50;41;11;7;9;4;3;3;2;0
2020-03-11 18:14:59;144;50;41;11;7;9;4;3;3;2;0
2020-03-11 18:15:59;144;50;41;11;7;9;4;3;3;2;0
2020-03-11 18:16:58;144;50;41;11;7;9;4;3;3;2;0
2020-03-11 18:17:59;144;50;41;11;7;9;4;3;3;2;0
2020-03-11 18:18:59;144;50;41;11;7;9;4;3;3;2;0
2020-03-11 18:19:58;145;50;42;11;7;9;4;3;3;2;0
2020-03-11 18:20:59;145;50;42;11;7;9;4;3;3;2;0
2020-03-11 18:21:59;145;50;42;11;7;9;4;3;3;2;0
2020-03-11 18:22:59;145;50;42;11;7;9;4;3;3;2;0
2020-03-11 18:23:58;145;50;42;11;7;9;4;3;3;2;0
2020-03-11 18:24:59;145;50;42;11;7;9;4;3;3;2;0
2020-03-11 18:25:59;146;51;42;11;7;9;4;3;3;2;0
2020-03-11 18:26:58;146;51;42;11;7;9;4;3;3;2;0
2020-03-11 18:27:59;146;51;42;11;7;9;4;3;3;2;0
2020-03-11 18:28:58;146;51;42;11;7;9;4;3;3;2;0
2020-03-11 18:29:59;146;51;42;11;7;9;4;3;3;2;0
2020-03-11 18:30:59;146;51;42;11;7;9;4;3;3;2;0
2020-03-11 18:31:58;146;51;42;11;7;9;4;3;3;2;0
2020-03-11 18:32:59;146;51;42;11;7;9;4;3;3;2;0
2020-03-11 18:33:59;146;51;42;11;7;9;4;3;3;2;0
2020-03-11 18:34:58;146;51;42;11;7;9;4;3;3;2;0
2020-03-11 18:35:59;146;51;42;11;7;9;4;3;3;2;0
2020-03-11 18:36:59;146;51;42;11;7;9;4;3;3;2;0
2020-03-11 18:37:59;146;51;42;11;7;9;4;3;3;2;0
2020-03-11 18:38:58;146;51;42;11;7;9;4;3;3;2;0
2020-03-11 18:39:59;146;51;42;11;7;9;4;3;3;2;0
2020-03-11 18:40:59;146;51;42;11;7;9;4;3;3;2;0
2020-03-11 18:41:58;146;51;42;11;7;9;4;3;3;2;0
2020-03-11 18:42:59;146;51;42;11;7;9;4;3;3;2;0
2020-03-11 18:43:59;148;52;43;11;7;9;4;3;3;2;0
2020-03-11 18:44:59;148;52;43;11;7;9;4;3;3;2;0
2020-03-11 18:45:58;148;52;43;11;7;9;4;3;3;2;0
2020-03-11 18:46:59;150;52;45;11;7;9;4;3;3;2;0
2020-03-11 18:47:59;150;52;45;11;7;9;4;3;3;2;0
2020-03-11 18:48:59;150;52;45;11;7;9;4;3;3;2;0
2020-03-11 18:49:58;150;52;45;11;7;9;4;3;3;2;0
2020-03-11 18:50:59;150;52;45;11;7;9;4;3;3;2;0
2020-03-11 18:51:58;150;52;45;11;7;9;4;3;3;2;0
2020-03-11 18:52:59;150;52;45;11;7;9;4;3;3;2;0
2020-03-11 18:53:59;150;52;45;11;7;9;4;3;3;2;0
2020-03-11 18:54:59;150;52;45;11;7;9;4;3;3;2;0
2020-03-11 18:55:58;150;52;45;11;7;9;4;3;3;2;0
2020-03-11 18:56:59;150;52;45;11;7;9;4;3;3;2;0
2020-03-11 18:57:59;150;52;45;11;7;9;4;3;3;2;0
2020-03-11 18:58:58;150;52;45;11;7;9;4;3;3;2;0
2020-03-11 18:59:59;150;52;45;11;7;9;4;3;3;2;0
2020-03-11 19:00:59;150;52;45;11;7;9;4;3;3;2;0
2020-03-11 19:01:59;150;52;45;11;7;9;4;3;3;2;0
2020-03-11 19:02:58;150;52;45;11;7;9;4;3;3;2;0
2020-03-11 19:03:59;150;52;45;11;7;9;4;3;3;2;0
2020-03-11 19:04:59;150;52;45;11;7;9;4;3;3;2;0
2020-03-11 19:05:59;150;52;45;11;7;9;4;3;3;2;0
2020-03-11 19:06:58;150;52;45;11;7;9;4;3;3;2;0
2020-03-11 19:07:59;150;52;45;11;7;9;4;3;3;2;0
2020-03-11 19:08:59;150;52;45;11;7;9;4;3;3;2;0
2020-03-11 19:09:59;150;52;45;11;7;9;4;3;3;2;0
2020-03-11 19:10:58;150;52;45;11;7;9;4;3;3;2;0
2020-03-11 19:11:59;150;52;45;11;7;9;4;3;3;2;0
2020-03-11 19:12:59;151;52;46;11;7;9;4;3;3;2;0
2020-03-11 19:13:59;151;52;46;11;7;9;4;3;3;2;0
2020-03-11 19:14:58;152;53;46;11;7;9;4;3;3;2;0
2020-03-11 19:15:59;152;53;46;11;7;9;4;3;3;2;0
2020-03-11 19:16:59;152;53;46;11;7;9;4;3;3;2;0
2020-03-11 19:17:58;153;54;46;11;7;9;4;3;3;2;0
2020-03-11 19:18:59;154;54;46;12;7;9;4;3;3;2;0
2020-03-11 19:19:59;155;55;46;12;7;9;4;3;3;2;0
2020-03-11 19:20:59;155;55;46;12;7;9;4;3;3;2;0
2020-03-11 19:21:58;156;56;46;12;7;9;4;3;3;2;0
2020-03-11 19:22:59;156;56;46;12;7;9;4;3;3;2;0
2020-03-11 19:23:59;156;56;46;12;7;9;4;3;3;2;0
2020-03-11 19:24:58;156;56;46;12;7;9;4;3;3;2;0
2020-03-11 19:25:59;156;56;46;12;7;9;4;3;3;2;0
2020-03-11 19:26:59;156;56;46;12;7;9;4;3;3;2;0
2020-03-11 19:27:59;156;56;46;12;7;9;4;3;3;2;0
2020-03-11 19:28:58;156;56;46;12;7;9;4;3;3;2;0
2020-03-11 19:29:59;156;56;46;12;7;9;4;3;3;2;0
2020-03-11 19:30:59;156;56;46;12;7;9;4;3;3;2;0
2020-03-11 19:31:59;156;56;46;12;7;9;4;3;3;2;0
2020-03-11 19:32:58;156;56;46;12;7;9;4;3;3;2;0
2020-03-11 19:33:59;156;56;46;12;7;9;4;3;3;2;0
2020-03-11 19:34:59;156;56;46;12;7;9;4;3;3;2;0
2020-03-11 19:35:58;157;56;46;12;7;9;5;3;3;2;0
2020-03-11 19:36:59;157;56;46;12;7;9;5;3;3;2;0
2020-03-11 19:37:59;157;56;46;12;7;9;5;3;3;2;0
2020-03-11 19:38:59;157;56;46;12;7;9;5;3;3;2;0
2020-03-11 19:39:58;157;56;46;12;7;9;5;3;3;2;0
2020-03-11 19:40:59;157;56;46;12;7;9;5;3;3;2;0
2020-03-11 19:41:59;157;56;46;12;7;9;5;3;3;2;0
2020-03-11 19:42:58;157;56;46;12;7;9;5;3;3;2;0
2020-03-11 19:43:59;157;56;46;12;7;9;5;3;3;2;0
2020-03-11 19:44:59;157;56;46;12;7;9;5;3;3;2;0
2020-03-11 19:45:58;157;56;46;12;7;9;5;3;3;2;0
2020-03-11 19:46:59;157;56;46;12;7;9;5;3;3;2;0
2020-03-11 19:47:59;157;56;46;12;7;9;5;3;3;2;0
2020-03-11 19:48:58;158;56;47;12;7;9;5;3;3;2;0
2020-03-11 19:49:59;158;57;47;12;7;9;5;3;3;2;0
2020-03-11 19:50:59;158;57;47;12;7;9;5;3;3;2;0
2020-03-11 19:51:58;158;57;47;12;7;9;5;3;3;2;0
2020-03-11 19:52:59;158;57;47;12;7;9;5;3;3;2;0
2020-03-11 19:53:59;158;57;47;12;7;9;5;3;3;2;0
2020-03-11 19:54:59;158;57;47;12;7;9;5;3;3;2;0
2020-03-11 19:55:58;158;57;47;12;7;9;5;3;3;2;0
2020-03-11 19:56:59;158;57;47;12;7;9;5;3;3;2;0
2020-03-11 19:57:59;160;58;47;12;7;9;5;3;3;2;0
2020-03-11 19:58:58;160;58;47;12;7;9;5;3;3;2;0
2020-03-11 19:59:59;160;58;47;12;7;9;5;3;3;2;0
2020-03-11 20:00:59;160;58;47;12;7;9;5;3;3;2;0
2020-03-11 20:01:58;160;58;47;12;7;9;5;3;3;2;0
2020-03-11 20:02:59;160;58;47;12;7;9;5;3;3;2;0
2020-03-11 20:03:59;160;58;47;12;7;9;5;3;3;2;0
2020-03-11 20:04:58;160;58;47;12;7;9;5;3;3;2;0
2020-03-11 20:05:59;160;58;47;12;7;9;5;3;3;2;0
2020-03-11 20:06:59;160;58;47;12;7;9;5;3;3;2;0
2020-03-11 20:07:59;160;58;47;12;7;9;5;3;3;2;0
2020-03-11 20:08:58;160;58;47;12;7;9;5;3;3;2;0
2020-03-11 20:09:59;160;58;47;12;7;9;5;3;3;2;0
2020-03-11 20:10:59;160;58;47;12;7;9;5;3;3;2;0
2020-03-11 20:11:58;161;59;47;12;7;9;5;3;3;2;0
2020-03-11 20:12:59;161;59;47;12;7;9;5;3;3;2;0
2020-03-11 20:13:59;161;59;47;12;7;9;5;3;3;2;0
2020-03-11 20:14:59;161;59;47;12;7;9;5;3;3;2;0
2020-03-11 20:15:58;161;59;47;12;7;9;5;3;3;2;0
2020-03-11 20:16:59;161;59;47;12;7;9;5;3;3;2;0
2020-03-11 20:17:59;161;59;47;12;7;9;5;3;3;2;0
2020-03-11 20:18:58;161;59;47;12;7;9;5;3;3;2;0
2020-03-11 20:19:59;161;59;47;12;7;9;5;3;3;2;0
2020-03-11 20:20:59;161;59;47;12;7;9;5;3;3;2;0
2020-03-11 20:21:59;161;59;47;12;7;9;5;3;3;2;0
2020-03-11 20:22:58;161;59;47;12;7;9;5;3;3;2;0
2020-03-11 20:23:59;161;59;47;12;7;9;5;3;3;2;0
2020-03-11 20:24:59;161;59;47;12;7;9;5;3;3;2;0
2020-03-11 20:25:59;161;59;47;12;7;9;5;3;3;2;0
2020-03-11 20:26:58;161;59;47;12;7;9;5;3;3;2;0
2020-03-11 20:27:59;161;59;47;12;7;9;5;3;3;2;0
2020-03-11 20:28:59;161;59;47;12;7;9;5;3;3;2;0
2020-03-11 20:29:59;161;59;47;12;7;9;5;3;3;2;0
2020-03-11 20:30:58;161;59;47;12;7;9;5;3;3;2;0
2020-03-11 20:31:59;161;59;47;12;7;9;5;3;3;2;0
2020-03-11 20:32:59;161;59;47;12;7;9;5;3;3;2;0
2020-03-11 20:33:58;161;59;47;12;7;9;5;3;3;2;0
2020-03-11 20:34:59;161;59;47;12;7;9;5;3;3;2;0
2020-03-11 20:35:58;161;59;47;12;7;9;5;3;3;2;0
2020-03-11 20:36:59;161;59;47;12;7;9;5;3;3;2;0
2020-03-11 20:37:59;161;59;47;12;7;9;5;3;3;2;0
2020-03-11 20:38:58;161;59;47;12;7;9;5;3;3;2;0
2020-03-11 20:39:59;161;59;47;12;7;9;5;3;3;2;0
2020-03-11 20:40:59;161;59;47;12;7;9;5;3;3;2;0
2020-03-11 20:41:59;161;60;46;12;7;9;5;3;3;2;0
2020-03-11 20:42:58;162;60;47;12;7;9;5;3;3;2;0
2020-03-11 20:43:59;162;60;47;12;7;9;5;3;3;2;0
2020-03-11 20:44:59;162;60;47;12;7;9;5;3;3;2;0
2020-03-11 20:45:58;162;60;47;12;7;9;5;3;3;2;0
2020-03-11 20:46:59;163;61;47;12;7;9;5;3;3;2;0
2020-03-11 20:47:59;163;61;47;12;7;9;5;3;3;2;0
2020-03-11 20:48:59;164;61;47;13;7;9;5;3;3;2;0
2020-03-11 20:49:58;164;61;47;13;7;9;5;3;3;2;0
2020-03-11 20:50:59;164;61;47;13;7;9;5;3;3;2;0
2020-03-11 20:51:59;164;61;47;13;7;9;5;3;3;2;0
2020-03-11 20:52:58;164;61;47;13;7;9;5;3;3;2;0
2020-03-11 20:53:59;164;61;47;13;7;9;5;3;3;2;0
2020-03-11 20:54:59;164;61;47;13;7;9;5;3;3;2;0
2020-03-11 20:55:58;164;61;47;13;7;9;5;3;3;2;0
2020-03-11 20:56:59;164;61;47;13;7;9;5;3;3;2;0
2020-03-11 20:57:59;164;61;47;13;7;9;5;3;3;2;0
2020-03-11 20:58:59;165;61;48;13;7;9;5;3;3;2;0
2020-03-11 20:59:58;165;61;48;13;7;9;5;3;3;2;0
2020-03-11 21:00:59;165;61;48;13;7;9;5;3;3;2;0
2020-03-11 21:01:58;165;61;48;13;7;9;5;3;3;2;0
2020-03-11 21:02:59;165;61;48;13;7;9;5;3;3;2;0
2020-03-11 21:03:59;165;61;48;13;7;9;5;3;3;2;0
2020-03-11 21:04:59;165;61;48;13;7;9;5;3;3;2;0
2020-03-11 21:05:58;165;61;48;13;7;9;5;3;3;2;0
2020-03-11 21:06:59;165;61;48;13;7;9;5;3;3;2;0
2020-03-11 21:07:59;165;61;48;13;7;9;5;3;3;2;0
2020-03-11 21:08:58;165;61;48;13;7;9;5;3;3;2;0
2020-03-11 21:09:59;165;61;48;13;7;9;5;3;3;2;0
2020-03-11 21:10:59;166;61;48;13;7;9;5;3;3;2;0
2020-03-11 21:11:58;166;61;48;13;7;9;5;3;3;2;0
2020-03-11 21:12:59;166;61;48;13;7;9;5;3;3;2;0
2020-03-11 21:13:59;166;61;48;13;7;9;5;3;3;2;0
2020-03-11 21:14:58;166;61;48;13;7;9;5;3;3;2;0
2020-03-11 21:15:59;166;61;48;13;7;9;5;3;3;2;0
2020-03-11 21:16:59;167;61;48;14;7;9;5;3;3;2;0
2020-03-11 21:17:59;167;61;48;14;7;9;5;3;3;2;0
2020-03-11 21:18:58;170;63;49;14;7;9;5;3;3;2;0
2020-03-11 21:19:59;170;63;49;14;7;9;5;3;3;2;0
2020-03-11 21:20:58;170;63;49;14;7;9;5;3;3;2;0
2020-03-11 21:21:59;170;63;49;14;7;9;5;3;3;2;0
2020-03-11 21:22:59;170;63;49;14;7;9;5;3;3;2;0
2020-03-11 21:23:58;170;63;49;14;7;9;5;3;3;2;0
2020-03-11 21:24:59;170;63;49;14;7;9;5;3;3;2;0
2020-03-11 21:25:59;171;64;49;14;7;9;5;3;3;2;0
2020-03-11 21:26:58;171;64;49;14;7;9;5;3;3;2;0
2020-03-11 21:27:59;171;64;49;14;7;9;5;3;3;2;0
2020-03-11 21:28:59;173;66;49;14;7;9;5;3;3;2;0
2020-03-11 21:29:59;175;66;50;14;8;9;5;3;4;2;0
2020-03-11 21:30:58;175;66;50;14;8;9;5;3;4;2;0
2020-03-11 21:31:59;175;66;50;14;8;9;5;3;4;2;0
2020-03-11 21:32:59;175;66;50;14;8;9;5;3;4;2;0
2020-03-11 21:33:58;175;66;50;14;8;9;5;3;4;2;0
2020-03-11 21:34:59;175;66;50;14;8;9;5;3;4;2;0
2020-03-11 21:35:59;175;66;50;14;8;9;5;3;4;2;0
2020-03-11 21:36:58;175;66;50;14;8;9;5;3;4;2;0
2020-03-11 21:37:59;175;66;50;14;8;9;5;3;4;2;0
2020-03-11 21:38:59;175;66;50;14;8;9;5;3;4;2;0
2020-03-11 21:39:58;175;66;50;14;8;9;5;3;4;2;0
2020-03-11 21:40:59;175;66;50;14;8;9;5;3;4;2;0
2020-03-11 21:41:59;176;67;50;14;8;9;5;3;4;2;0
2020-03-11 21:42:58;176;67;50;14;8;9;5;3;4;2;0
2020-03-11 21:43:59;177;67;50;14;8;9;6;3;4;2;0
2020-03-11 21:44:59;177;67;50;14;8;9;6;3;4;2;0
2020-03-11 21:45:58;177;67;50;14;8;9;6;3;4;2;0
2020-03-11 21:46:59;177;67;50;14;8;9;6;3;4;2;0
2020-03-11 21:47:59;177;67;50;14;8;9;6;3;4;2;0
2020-03-11 21:48:59;177;67;50;14;8;9;6;3;4;2;0
2020-03-11 21:49:58;178;67;51;14;8;9;6;3;4;2;0
2020-03-11 21:50:59;176;67;49;14;8;9;6;3;4;2;0
2020-03-11 21:51:58;176;67;49;14;8;9;6;3;4;2;0
2020-03-11 21:52:59;176;67;49;14;8;9;6;3;4;2;0
2020-03-11 21:53:59;177;67;49;14;8;9;6;3;4;2;0
2020-03-11 21:54:59;177;67;49;14;8;9;6;3;4;2;0
2020-03-11 21:55:58;177;67;49;14;8;9;6;3;4;2;0
2020-03-11 21:56:59;178;68;49;14;8;9;6;3;4;2;0
2020-03-11 21:57:59;178;68;49;14;8;9;6;3;4;2;0
2020-03-11 21:58:58;178;68;49;14;8;9;6;3;4;2;0
2020-03-11 21:59:59;178;68;49;14;8;9;6;3;4;2;0
2020-03-11 22:00:59;178;68;49;14;8;9;6;3;4;2;0
2020-03-11 22:01:59;178;68;49;14;8;9;6;3;4;2;0
2020-03-11 22:02:58;178;68;49;14;8;9;6;3;4;2;0
2020-03-11 22:03:59;178;68;49;14;8;9;6;3;4;2;0
2020-03-11 22:04:59;178;68;49;14;8;9;6;3;4;2;0
2020-03-11 22:05:58;178;68;49;14;8;9;6;3;4;2;0
2020-03-11 22:06:59;178;68;49;14;8;9;6;3;4;2;0
2020-03-11 22:07:59;178;68;49;14;8;9;6;3;4;2;0
2020-03-11 22:08:59;178;68;49;14;8;9;6;3;4;2;0
2020-03-11 22:09:58;178;68;49;14;8;9;6;3;4;2;0
2020-03-11 22:10:59;178;68;49;14;8;9;6;3;4;2;0
2020-03-11 22:11:59;178;68;49;14;8;9;6;3;4;2;0
2020-03-11 22:12:58;178;68;49;14;8;9;6;3;4;2;0
2020-03-11 22:13:59;178;68;49;14;8;9;6;3;4;2;0
2020-03-11 22:14:59;178;68;49;14;8;9;6;3;4;2;0
2020-03-11 22:15:58;178;68;49;14;8;9;6;3;4;2;0
2020-03-11 22:16:59;178;68;49;14;8;9;6;3;4;2;0
2020-03-11 22:17:59;178;68;49;14;8;9;6;3;4;2;0
2020-03-11 22:18:59;178;68;49;14;8;9;6;3;4;2;0
2020-03-11 22:19:58;178;68;49;14;8;9;6;3;4;2;0
2020-03-11 22:20:59;178;68;49;14;8;9;6;3;4;2;0
2020-03-11 22:21:59;179;68;49;15;8;9;6;3;4;2;0
2020-03-11 22:22:58;179;68;49;15;8;9;6;3;4;2;0
2020-03-11 22:23:59;179;68;49;15;8;9;6;3;4;2;0
2020-03-11 22:24:59;180;68;49;15;8;9;6;4;4;2;0
2020-03-11 22:26:00;180;68;49;15;8;9;6;4;4;2;0
2020-03-11 22:26:58;180;68;49;15;8;9;6;4;4;2;0
2020-03-11 22:27:59;180;68;49;15;8;9;6;4;4;2;0
2020-03-11 22:28:59;180;68;49;15;8;9;6;4;4;2;0
2020-03-11 22:29:58;180;68;49;15;8;9;6;4;4;2;0
2020-03-11 22:30:59;180;68;49;15;8;9;6;4;4;2;0
2020-03-11 22:31:59;180;68;49;15;8;9;6;4;4;2;0
2020-03-11 22:32:59;180;69;48;15;8;9;6;4;4;2;0
2020-03-11 22:33:58;180;69;48;15;8;9;6;4;4;2;0
2020-03-11 22:34:59;180;69;48;15;8;9;6;4;4;2;0
2020-03-11 22:35:59;179;68;48;15;8;9;6;4;4;2;0
2020-03-11 22:36:58;179;68;48;15;8;9;6;4;4;2;0
2020-03-11 22:37:59;179;68;48;15;8;9;6;4;4;2;0
2020-03-11 22:38:59;180;69;48;15;8;9;6;4;4;2;0
2020-03-11 22:39:58;180;69;48;15;8;9;6;4;4;2;0
2020-03-11 22:40:59;180;69;48;15;8;9;6;4;4;2;0
2020-03-11 22:41:59;180;69;48;15;8;9;6;4;4;2;0
2020-03-11 22:42:59;180;69;48;15;8;9;6;4;4;2;0
2020-03-11 22:43:58;180;69;48;15;8;9;6;4;4;2;0
2020-03-11 22:44:59;180;69;48;15;8;9;6;4;4;2;0
2020-03-11 22:45:59;180;69;48;15;8;9;6;4;4;2;0
2020-03-11 22:46:59;180;69;48;15;8;9;6;4;4;2;0
2020-03-11 22:47:58;179;69;48;15;8;8;6;4;4;2;0
2020-03-11 22:48:59;179;69;48;15;8;8;6;4;4;2;0
2020-03-11 22:49:59;179;69;48;15;8;8;6;4;4;2;0
2020-03-11 22:50:59;179;69;48;15;8;8;6;4;4;2;0
2020-03-11 22:51:58;179;69;48;15;8;8;6;4;4;2;0
2020-03-11 22:52:59;178;69;48;15;8;8;6;4;4;2;1
2020-03-11 22:53:59;178;69;48;15;8;8;6;4;4;2;1
2020-03-11 22:54:58;178;69;48;15;8;8;6;4;4;2;1
2020-03-11 22:55:59;178;69;48;15;8;8;6;4;4;2;1
2020-03-11 22:56:59;178;69;48;15;8;8;6;4;4;2;1
2020-03-11 22:57:59;178;69;48;15;8;8;6;4;4;2;1
2020-03-11 22:58:58;178;69;48;15;8;8;6;4;4;2;1
2020-03-11 22:59:59;178;69;48;15;8;8;6;4;4;2;1
2020-03-11 23:00:59;178;69;48;15;8;8;6;4;4;2;1
2020-03-11 23:01:58;178;69;48;15;8;8;6;4;4;2;1
2020-03-11 23:02:59;178;69;48;15;8;8;6;4;4;2;1
2020-03-11 23:03:59;178;69;48;15;8;8;6;4;4;2;1
2020-03-11 23:04:58;178;69;48;15;8;8;6;4;4;2;1
2020-03-11 23:05:59;179;69;48;16;8;8;6;4;4;2;1
2020-03-11 23:06:59;179;69;48;16;8;8;6;4;4;2;1
2020-03-11 23:07:58;179;69;48;16;8;8;6;4;4;2;1
2020-03-11 23:08:59;179;69;48;16;8;8;6;4;4;2;1
2020-03-11 23:09:59;179;69;48;16;8;8;6;4;4;2;1
2020-03-11 23:10:59;179;69;48;16;8;8;6;4;4;2;1
2020-03-11 23:11:58;179;69;48;16;8;8;6;4;4;2;1
2020-03-11 23:12:59;179;69;48;16;8;8;6;4;4;2;1
2020-03-11 23:13:59;179;69;48;16;8;8;6;4;4;2;1
2020-03-11 23:14:58;179;69;48;16;8;8;6;4;4;2;1
2020-03-11 23:15:59;179;69;48;16;8;8;6;4;4;2;1
2020-03-11 23:16:59;179;69;48;16;8;8;6;4;4;2;1
2020-03-11 23:17:58;179;69;48;16;8;8;6;4;4;2;1
2020-03-11 23:18:59;179;69;48;16;8;8;6;4;4;2;1
2020-03-11 23:19:59;179;69;48;16;8;8;6;4;4;2;1
2020-03-11 23:20:58;179;69;48;16;8;8;6;4;4;2;1
2020-03-11 23:21:59;179;69;48;16;8;8;6;4;4;2;1
2020-03-11 23:22:59;179;69;48;16;8;8;6;4;4;2;1
2020-03-11 23:23:58;179;69;48;16;8;8;6;4;4;2;1
2020-03-11 23:24:59;179;69;48;16;8;8;6;4;4;2;1
2020-03-11 23:25:59;179;69;48;16;8;8;6;4;4;2;1
2020-03-11 23:26:58;180;70;48;16;8;8;6;4;4;2;1
2020-03-11 23:27:59;180;70;48;16;8;8;6;4;4;2;1
2020-03-11 23:28:59;180;70;48;16;8;8;6;4;4;2;1
2020-03-11 23:29:58;180;70;48;16;8;8;6;4;4;2;1
2020-03-11 23:30:59;180;70;48;16;8;8;6;4;4;2;1
2020-03-11 23:31:59;180;70;48;16;8;8;6;4;4;2;1
2020-03-11 23:32:58;180;70;48;16;8;8;6;4;4;2;1
2020-03-11 23:33:59;180;70;48;16;8;8;6;4;4;2;1
2020-03-11 23:34:59;180;70;48;16;8;8;6;4;4;2;1
2020-03-11 23:35:59;180;70;48;16;8;8;6;4;4;2;1
2020-03-11 23:36:58;180;70;48;16;8;8;6;4;4;2;1
2020-03-11 23:37:59;180;70;48;16;8;8;6;4;4;2;1
2020-03-11 23:38:59;181;70;49;16;8;8;6;4;4;2;1
2020-03-11 23:39:58;182;70;49;16;9;8;6;4;4;2;1
2020-03-11 23:40:59;182;70;49;16;9;8;6;4;4;2;1
2020-03-11 23:41:59;182;70;49;16;9;8;6;4;4;2;1
2020-03-11 23:42:58;182;70;49;16;9;8;6;4;4;2;1
2020-03-11 23:43:59;182;70;49;16;9;8;6;4;4;2;1
2020-03-11 23:44:59;182;70;49;16;9;8;6;4;4;2;1
2020-03-11 23:45:58;182;70;49;16;9;8;6;4;4;2;1
2020-03-11 23:46:59;182;70;49;16;9;8;6;4;4;2;1
2020-03-11 23:47:59;182;70;49;16;9;8;6;4;4;2;1
2020-03-11 23:48:58;182;70;49;16;9;8;6;4;4;2;1
2020-03-11 23:49:59;182;70;49;16;9;8;6;4;4;2;1
2020-03-11 23:50:59;183;70;50;16;9;8;6;4;4;2;1
2020-03-11 23:51:59;183;70;50;16;9;8;6;4;4;2;1
2020-03-11 23:52:58;183;70;50;16;9;8;6;4;4;2;1
2020-03-11 23:53:59;183;70;50;16;9;8;6;4;4;2;1
2020-03-11 23:54:59;183;70;50;16;9;8;6;4;4;2;1
2020-03-11 23:56:00;183;70;50;16;9;8;6;4;4;2;1
2020-03-11 23:56:58;183;70;50;16;9;8;6;4;4;2;1
2020-03-11 23:57:59;183;70;50;16;9;8;6;4;4;2;1
2020-03-11 23:58:59;182;70;50;16;9;8;5;4;4;2;1
2020-03-11 23:59:58;182;70;50;16;9;8;5;4;4;2;1
