datetime;total_votes;PhaoBao;Есения;bigmouse;Umgewandelt;Trudofobermeins;brammator;Patagonia;kotophalk;bf6;Salt
2020-02-12 00:00:59;0;0;1;0;0;0;0;0;0;0;0
2020-02-12 00:01:59;0;0;1;0;0;0;0;0;0;0;0
2020-02-12 00:02:59;0;0;1;0;0;0;0;0;0;0;0
2020-02-12 00:03:58;0;0;1;0;0;0;0;0;0;0;0
2020-02-12 00:04:59;0;0;1;0;0;0;0;0;0;0;0
2020-02-12 00:05:59;0;0;1;0;0;0;0;0;0;0;0
2020-02-12 00:06:58;2;0;2;0;0;0;0;0;0;0;0
2020-02-12 00:07:59;2;0;2;0;0;0;0;0;0;0;0
2020-02-12 00:08:59;2;0;2;0;0;0;0;0;0;0;0
2020-02-12 00:09:58;2;0;2;0;0;0;0;0;0;0;0
2020-02-12 00:10:59;2;0;2;0;0;0;0;0;0;0;0
2020-02-12 00:11:59;3;1;2;0;0;0;0;0;0;0;0
2020-02-12 00:12:59;3;1;2;0;0;0;0;0;0;0;0
2020-02-12 00:13:58;4;1;2;0;0;0;0;0;0;0;0
2020-02-12 00:14:59;4;1;2;0;0;0;0;0;0;0;0
2020-02-12 00:15:59;4;1;2;0;0;0;0;0;0;0;0
2020-02-12 00:16:58;4;1;2;0;0;0;0;0;0;0;0
2020-02-12 00:17:59;6;2;2;1;0;0;0;0;0;0;0
2020-02-12 00:18:59;9;2;2;2;0;0;1;0;0;0;0
2020-02-12 00:20:00;9;2;2;2;0;0;1;0;0;0;0
2020-02-12 00:20:58;9;2;2;2;0;0;1;0;0;0;0
2020-02-12 00:21:59;9;2;2;2;0;0;1;0;0;0;0
2020-02-12 00:22:59;9;2;2;2;0;0;1;0;0;0;0
2020-02-12 00:23:59;10;3;2;2;0;0;1;0;0;0;0
2020-02-12 00:24:58;10;3;2;2;0;0;1;0;0;0;0
2020-02-12 00:25:59;10;2;2;2;1;0;1;0;0;0;0
2020-02-12 00:26:58;10;2;2;2;1;0;1;0;0;0;0
2020-02-12 00:27:59;11;2;2;2;1;0;1;0;0;0;0
2020-02-12 00:28:59;11;2;2;2;1;0;1;0;0;0;0
2020-02-12 00:29:59;11;2;2;2;1;0;1;0;0;0;0
2020-02-12 00:30:58;12;2;3;2;1;0;1;0;0;0;0
2020-02-12 00:31:59;13;2;3;2;1;0;1;0;0;0;0
2020-02-12 00:32:59;13;2;3;2;1;0;1;0;0;0;0
2020-02-12 00:33:59;13;2;3;2;1;0;2;0;0;0;0
2020-02-12 00:34:58;13;2;3;2;1;0;2;0;0;0;0
2020-02-12 00:35:59;13;2;3;2;1;0;2;0;0;0;0
2020-02-12 00:36:59;13;2;3;2;1;0;2;0;0;0;0
2020-02-12 00:37:58;13;2;3;2;1;0;2;0;0;0;0
2020-02-12 00:38:59;13;2;3;2;1;0;2;0;0;0;0
2020-02-12 00:39:59;13;2;3;2;1;0;2;0;0;0;0
2020-02-12 00:40:58;13;2;3;2;1;0;2;0;0;0;0
2020-02-12 00:41:59;14;2;3;2;1;0;2;0;1;0;0
2020-02-12 00:42:59;14;2;3;2;1;0;2;0;1;0;0
2020-02-12 00:43:58;14;2;3;2;1;0;2;0;1;0;0
2020-02-12 00:44:59;14;2;3;2;1;0;2;0;1;0;0
2020-02-12 00:45:59;14;2;3;2;1;0;2;0;1;0;0
2020-02-12 00:46:58;14;2;3;2;1;0;2;0;1;0;0
2020-02-12 00:47:59;14;2;3;2;1;0;2;0;1;0;0
2020-02-12 00:48:59;14;2;3;2;1;0;2;0;1;0;0
2020-02-12 00:49:59;14;2;3;2;1;0;2;0;1;0;0
2020-02-12 00:50:58;14;2;3;2;1;0;2;0;1;0;0
2020-02-12 00:51:59;14;2;3;2;1;0;2;0;1;0;0
2020-02-12 00:52:59;14;2;3;2;1;0;2;0;1;0;0
2020-02-12 00:53:59;14;2;3;2;1;0;2;0;1;0;0
2020-02-12 00:54:58;14;2;3;2;1;0;2;0;1;0;0
2020-02-12 00:55:59;14;2;3;2;1;0;2;0;1;0;0
2020-02-12 00:57:00;14;2;3;2;1;0;2;0;1;0;0
2020-02-12 00:57:58;14;2;3;2;1;0;2;0;1;0;0
2020-02-12 00:58:59;14;2;3;2;1;0;2;0;1;0;0
2020-02-12 00:59:59;14;2;3;2;1;0;2;0;1;0;0
2020-02-12 01:00:58;15;2;3;2;1;0;2;0;1;0;0
2020-02-12 01:01:59;15;2;3;2;1;0;2;0;1;0;0
2020-02-12 01:02:59;16;2;3;2;1;0;2;0;1;0;0
2020-02-12 01:03:58;16;2;3;2;1;0;2;0;1;0;0
2020-02-12 01:04:59;16;2;3;2;1;0;2;0;1;0;0
2020-02-12 01:05:59;16;2;3;2;1;0;2;0;1;0;0
2020-02-12 01:06:59;16;2;3;2;1;0;2;0;1;0;0
2020-02-12 01:07:58;16;2;3;2;1;0;2;0;1;0;0
2020-02-12 01:08:59;16;2;3;2;1;0;2;0;1;0;0
2020-02-12 01:09:59;16;2;3;2;1;0;2;0;1;0;0
2020-02-12 01:10:58;16;2;3;2;1;0;2;0;1;0;0
2020-02-12 01:11:59;16;2;3;2;1;0;2;0;1;0;0
2020-02-12 01:12:59;16;2;3;2;1;0;2;0;1;0;0
2020-02-12 01:13:59;16;2;3;2;1;0;2;0;1;0;0
2020-02-12 01:14:58;16;2;3;2;1;0;2;0;1;0;0
2020-02-12 01:15:59;16;2;3;2;1;0;2;0;1;0;0
2020-02-12 01:16:59;16;2;3;2;1;0;2;0;1;0;0
2020-02-12 01:17:59;16;2;3;2;1;0;2;0;1;0;0
2020-02-12 01:18:58;17;2;3;2;1;0;2;0;1;0;0
2020-02-12 01:19:59;17;2;3;2;1;0;2;0;1;0;0
2020-02-12 01:20:59;17;2;3;2;1;0;2;0;1;0;0
2020-02-12 01:21:58;18;2;3;2;2;0;2;0;0;0;0
2020-02-12 01:22:59;18;2;3;2;2;0;2;0;0;0;0
2020-02-12 01:23:59;18;2;3;2;2;0;2;0;0;0;0
2020-02-12 01:24:59;18;2;3;2;2;0;2;0;0;0;0
2020-02-12 01:25:58;18;2;3;2;2;0;2;0;0;0;0
2020-02-12 01:26:59;19;2;4;2;2;0;2;0;0;0;0
2020-02-12 01:27:59;19;2;4;2;2;0;2;0;0;0;0
2020-02-12 01:28:58;19;2;4;2;2;0;2;0;0;0;0
2020-02-12 01:29:59;19;2;4;2;2;0;2;0;0;0;0
2020-02-12 01:30:59;20;2;5;2;2;0;2;0;0;0;0
2020-02-12 01:31:58;20;2;5;2;2;0;2;0;0;0;0
2020-02-12 01:32:59;21;2;5;2;2;0;3;0;0;0;0
2020-02-12 01:33:59;21;2;5;2;2;0;3;0;0;0;0
2020-02-12 01:35:00;22;2;5;3;2;0;3;0;1;0;0
2020-02-12 01:35:58;22;2;5;3;2;0;3;0;1;0;0
2020-02-12 01:36:59;22;2;5;3;2;0;3;0;1;0;0
2020-02-12 01:37:59;22;2;5;3;2;0;3;0;1;0;0
2020-02-12 01:38:58;22;2;5;3;2;0;3;0;1;0;0
2020-02-12 01:39:59;22;2;6;3;0;0;3;0;1;0;0
2020-02-12 01:40:59;22;2;6;3;0;0;3;0;1;0;0
2020-02-12 01:41:58;22;2;6;3;0;0;3;0;1;0;0
2020-02-12 01:42:59;22;2;6;3;0;0;3;0;1;0;0
2020-02-12 01:43:59;22;2;6;3;0;0;3;0;1;0;0
2020-02-12 01:44:59;22;2;6;3;0;0;3;0;1;0;0
2020-02-12 01:45:58;22;2;6;3;0;0;3;0;1;0;0
2020-02-12 01:46:59;22;2;6;3;0;0;3;0;1;0;0
2020-02-12 01:47:59;22;2;6;3;0;0;3;0;1;0;0
2020-02-12 01:48:58;22;2;6;3;0;0;3;0;1;0;0
2020-02-12 01:49:59;22;2;6;3;0;0;3;0;1;0;0
2020-02-12 01:50:59;22;2;6;3;0;0;3;0;1;0;0
2020-02-12 01:51:58;22;2;6;3;0;0;3;0;1;0;0
2020-02-12 01:52:59;22;2;6;3;0;0;3;0;1;0;0
2020-02-12 01:53:59;22;2;6;3;0;0;3;0;1;0;0
2020-02-12 01:54:58;22;2;6;3;0;0;3;0;1;0;0
2020-02-12 01:55:59;22;2;6;3;0;0;3;0;1;0;0
2020-02-12 01:56:59;22;2;6;3;0;0;3;0;1;0;0
2020-02-12 01:57:59;23;2;6;3;1;0;3;0;0;0;0
2020-02-12 01:58:58;23;2;6;3;1;0;3;0;0;0;0
2020-02-12 01:59:59;23;2;6;3;1;0;3;0;0;0;0
2020-02-12 02:00:58;23;2;6;3;1;0;3;0;0;0;0
2020-02-12 02:01:59;23;2;6;3;1;0;3;0;0;0;0
2020-02-12 02:02:59;24;2;6;3;1;0;3;0;0;0;0
2020-02-12 02:03:59;24;2;6;3;1;0;3;0;0;0;0
2020-02-12 02:04:58;24;2;6;3;1;0;3;0;0;0;0
2020-02-12 02:05:59;24;2;6;3;1;0;3;0;0;0;0
2020-02-12 02:06:59;24;2;6;3;1;0;3;0;0;0;0
2020-02-12 02:07:58;24;2;6;3;1;0;3;0;0;0;0
2020-02-12 02:08:59;24;2;6;3;1;0;3;0;0;0;0
2020-02-12 02:09:59;24;2;6;3;1;0;3;0;0;0;0
2020-02-12 02:10:59;24;2;6;3;1;0;3;0;0;0;0
2020-02-12 02:11:58;24;2;6;3;1;0;3;0;0;0;0
2020-02-12 02:12:59;24;2;6;3;1;0;3;0;0;0;0
2020-02-12 02:13:59;25;2;6;3;1;1;3;0;0;0;0
2020-02-12 02:14:58;25;2;6;3;1;1;3;0;0;0;0
2020-02-12 02:15:59;25;2;6;3;1;1;3;0;0;0;0
2020-02-12 02:16:59;25;2;6;3;1;1;3;0;0;0;0
2020-02-12 02:17:59;25;2;6;3;1;1;3;0;0;0;0
2020-02-12 02:18:58;25;2;6;3;1;1;3;0;0;0;0
2020-02-12 02:19:59;25;2;6;3;1;1;3;0;0;0;0
2020-02-12 02:20:59;25;2;6;3;1;1;3;0;0;0;0
2020-02-12 02:21:58;25;2;6;3;1;1;3;0;0;0;0
2020-02-12 02:22:59;26;2;7;3;1;1;3;0;0;0;0
2020-02-12 02:23:58;26;2;7;3;1;1;3;0;0;0;0
2020-02-12 02:24:59;26;2;7;3;1;1;3;0;0;0;0
2020-02-12 02:25:59;26;2;7;3;1;1;3;0;0;0;0
2020-02-12 02:26:59;26;2;7;3;1;1;3;0;0;0;0
2020-02-12 02:27:58;26;2;7;3;1;1;3;0;0;0;0
2020-02-12 02:28:59;26;2;7;3;1;1;3;0;0;0;0
2020-02-12 02:29:59;26;2;7;3;1;1;3;0;0;0;0
2020-02-12 02:30:58;26;2;7;3;1;1;3;0;0;0;0
2020-02-12 02:31:59;26;2;7;3;1;1;3;0;0;0;0
2020-02-12 02:32:59;26;2;7;3;1;1;3;0;0;0;0
2020-02-12 02:33:59;26;2;7;3;1;1;3;0;0;0;0
2020-02-12 02:34:58;26;2;7;3;1;1;3;0;0;0;0
2020-02-12 02:35:59;26;2;7;3;1;1;3;0;0;0;0
2020-02-12 02:36:58;26;2;7;3;1;1;3;0;0;0;0
2020-02-12 02:37:59;26;2;7;3;1;1;3;0;0;0;0
2020-02-12 02:38:59;26;2;7;3;1;1;3;0;0;0;0
2020-02-12 02:39:59;26;2;7;3;1;1;3;0;0;0;0
2020-02-12 02:40:58;26;2;7;3;1;1;3;0;0;0;0
2020-02-12 02:41:59;26;2;7;3;1;1;3;0;0;0;0
2020-02-12 02:42:59;26;2;7;3;1;1;3;0;0;0;0
2020-02-12 02:43:58;27;2;7;4;1;1;3;0;0;0;0
2020-02-12 02:44:59;27;2;7;4;1;1;3;0;0;0;0
2020-02-12 02:45:59;27;2;7;4;1;1;3;0;0;0;0
2020-02-12 02:46:59;27;2;7;4;1;1;3;0;0;0;0
2020-02-12 02:47:58;27;2;7;4;1;1;3;0;0;0;0
2020-02-12 02:48:59;27;2;7;4;1;1;3;0;0;0;0
2020-02-12 02:49:59;27;2;7;4;1;1;3;0;0;0;0
2020-02-12 02:50:58;27;2;7;4;1;1;3;0;0;0;0
2020-02-12 02:51:59;27;2;7;4;1;1;3;0;0;0;0
2020-02-12 02:52:59;27;2;7;4;1;1;3;0;0;0;0
2020-02-12 02:53:58;27;2;7;4;1;1;3;0;0;0;0
2020-02-12 02:54:59;27;2;7;4;1;1;3;0;0;0;0
2020-02-12 02:55:59;27;2;7;4;1;1;3;0;0;0;0
2020-02-12 02:56:58;27;2;7;4;1;1;3;0;0;0;0
2020-02-12 02:57:59;27;2;7;4;1;1;3;0;0;0;0
2020-02-12 02:58:59;27;2;7;4;1;1;3;0;0;0;0
2020-02-12 02:59:58;27;2;7;4;1;1;3;0;0;0;0
2020-02-12 03:00:59;27;2;7;4;1;1;3;0;0;0;0
2020-02-12 03:01:59;27;2;7;4;1;1;3;0;0;0;0
2020-02-12 03:02:58;27;2;7;4;1;1;3;0;0;0;0
2020-02-12 03:03:59;27;2;7;4;1;1;3;0;0;0;0
2020-02-12 03:04:59;27;2;7;4;1;1;3;0;0;0;0
2020-02-12 03:06:00;27;2;7;4;1;1;3;0;0;0;0
2020-02-12 03:06:58;27;2;7;4;1;1;3;0;0;0;0
2020-02-12 03:07:59;27;2;7;4;1;1;3;0;0;0;0
2020-02-12 03:08:59;27;2;7;4;1;1;3;0;0;0;0
2020-02-12 03:09:59;27;2;7;4;1;1;3;0;0;0;0
2020-02-12 03:10:58;27;2;7;4;1;1;3;0;0;0;0
2020-02-12 03:11:59;27;2;7;4;1;1;3;0;0;0;0
2020-02-12 03:12:59;27;2;7;4;1;1;3;0;0;0;0
2020-02-12 03:13:58;27;2;7;4;1;1;3;0;0;0;0
2020-02-12 03:14:59;27;2;7;4;1;1;3;0;0;0;0
2020-02-12 03:15:59;27;2;7;4;1;1;3;0;0;0;0
2020-02-12 03:16:59;27;2;7;4;1;1;3;0;0;0;0
2020-02-12 03:17:58;27;2;7;4;1;1;3;0;0;0;0
2020-02-12 03:18:59;27;2;7;4;1;1;3;0;0;0;0
2020-02-12 03:19:59;27;2;7;4;1;1;3;0;0;0;0
2020-02-12 03:20:58;27;2;7;4;1;1;3;0;0;0;0
2020-02-12 03:21:59;27;2;7;4;1;1;3;0;0;0;0
2020-02-12 03:22:59;27;2;7;4;1;1;3;0;0;0;0
2020-02-12 03:23:58;27;2;7;4;1;1;3;0;0;0;0
2020-02-12 03:24:59;27;2;7;4;1;1;3;0;0;0;0
2020-02-12 03:25:59;27;2;7;4;1;1;3;0;0;0;0
2020-02-12 03:26:59;27;2;7;4;1;1;3;0;0;0;0
2020-02-12 03:27:58;27;2;7;4;1;1;3;0;0;0;0
2020-02-12 03:28:59;27;2;7;4;1;1;3;0;0;0;0
2020-02-12 03:29:59;27;2;7;4;1;1;3;0;0;0;0
2020-02-12 03:31:00;27;2;7;4;1;1;3;0;0;0;0
2020-02-12 03:31:58;27;2;7;4;1;1;3;0;0;0;0
2020-02-12 03:32:59;27;2;7;4;1;1;3;0;0;0;0
2020-02-12 03:33:59;27;2;7;4;1;1;3;0;0;0;0
2020-02-12 03:34:58;27;2;7;4;1;1;3;0;0;0;0
2020-02-12 03:35:59;27;2;7;4;1;1;3;0;0;0;0
2020-02-12 03:36:59;28;2;7;4;1;0;3;0;0;0;0
2020-02-12 03:37:59;28;2;7;4;1;0;3;0;0;0;0
2020-02-12 03:38:58;28;2;7;4;1;0;3;0;0;0;0
2020-02-12 03:39:59;28;2;7;4;1;0;3;0;0;0;0
2020-02-12 03:40:59;28;2;7;4;1;0;3;0;0;0;0
2020-02-12 03:41:58;28;2;7;4;1;0;3;0;0;0;0
2020-02-12 03:42:59;28;2;7;4;1;0;3;0;0;0;0
2020-02-12 03:43:59;28;2;7;4;1;0;3;0;0;0;0
2020-02-12 03:44:58;28;2;7;4;1;0;3;0;0;0;0
2020-02-12 03:45:59;28;2;7;4;1;0;3;0;0;0;0
2020-02-12 03:46:59;28;2;7;4;1;0;3;0;0;0;0
2020-02-12 03:47:59;28;2;7;4;1;0;3;0;0;0;0
2020-02-12 03:48:58;28;2;7;4;1;0;3;0;0;0;0
2020-02-12 03:49:59;28;2;7;4;1;0;3;0;0;0;0
2020-02-12 03:50:59;28;2;7;4;1;0;3;0;0;0;0
2020-02-12 03:51:58;28;2;7;4;1;0;3;0;0;0;0
2020-02-12 03:52:59;28;2;7;4;1;0;3;0;0;0;0
2020-02-12 03:53:59;28;2;7;4;1;0;3;0;0;0;0
2020-02-12 03:54:58;28;2;7;4;1;0;3;0;0;0;0
2020-02-12 03:55:59;28;2;7;4;1;0;3;0;0;0;0
2020-02-12 03:56:59;28;2;7;4;1;0;3;0;0;0;0
2020-02-12 03:57:58;28;2;7;4;1;0;3;0;0;0;0
2020-02-12 03:58:59;28;2;7;4;1;0;3;0;0;0;0
2020-02-12 03:59:59;28;2;7;4;1;0;3;0;0;0;0
2020-02-12 04:00:58;28;2;7;4;1;0;3;0;0;0;0
2020-02-12 04:01:59;28;2;7;4;1;0;3;0;0;0;0
2020-02-12 04:02:59;28;2;7;4;1;0;3;0;0;0;0
2020-02-12 04:03:58;28;2;7;4;1;0;3;0;0;0;0
2020-02-12 04:04:59;28;2;7;4;1;0;3;0;0;0;0
2020-02-12 04:05:59;28;2;7;4;1;0;3;0;0;0;0
2020-02-12 04:06:58;28;2;7;4;1;0;3;0;0;0;0
2020-02-12 04:07:59;28;2;7;4;1;0;3;0;0;0;0
2020-02-12 04:08:59;28;2;7;4;1;0;3;0;0;0;0
2020-02-12 04:09:59;28;2;7;4;1;0;3;0;0;0;0
2020-02-12 04:10:58;28;2;7;4;1;0;3;0;0;0;0
2020-02-12 04:11:59;28;2;7;4;1;0;3;0;0;0;0
2020-02-12 04:12:59;28;2;7;4;1;0;3;0;0;0;0
2020-02-12 04:13:58;28;2;7;4;1;0;3;0;0;0;0
2020-02-12 04:14:59;28;2;7;4;1;0;3;0;0;0;0
2020-02-12 04:15:59;28;2;7;4;1;0;3;0;0;0;0
2020-02-12 04:16:59;28;2;7;4;1;0;3;0;0;0;0
2020-02-12 04:17:58;29;3;7;4;0;0;3;0;1;0;0
2020-02-12 04:18:59;29;3;7;4;0;0;3;0;1;0;0
2020-02-12 04:19:59;29;3;7;4;0;0;3;0;1;0;0
2020-02-12 04:20:58;29;3;7;4;0;0;3;0;1;0;0
2020-02-12 04:21:59;29;3;7;4;0;0;3;0;1;0;0
2020-02-12 04:22:59;29;3;7;4;0;0;3;0;1;0;0
2020-02-12 04:23:58;29;3;7;4;0;0;3;0;1;0;0
2020-02-12 04:24:59;29;3;7;4;0;0;3;0;1;0;0
2020-02-12 04:25:59;29;3;7;4;0;0;3;0;1;0;0
2020-02-12 04:26:59;29;3;7;4;0;0;3;0;1;0;0
2020-02-12 04:27:58;29;3;7;4;0;0;3;0;1;0;0
2020-02-12 04:28:59;29;3;7;4;0;0;3;0;1;0;0
2020-02-12 04:29:59;29;3;7;4;0;0;3;0;1;0;0
2020-02-12 04:30:58;29;3;7;4;0;0;3;0;1;0;0
2020-02-12 04:31:59;29;3;7;4;0;0;3;0;1;0;0
2020-02-12 04:32:59;29;3;7;4;0;0;3;0;1;0;0
2020-02-12 04:33:59;29;3;7;4;0;0;3;0;1;0;0
2020-02-12 04:34:58;29;3;7;4;0;0;3;0;1;0;0
2020-02-12 04:35:59;29;3;7;4;0;0;3;0;1;0;0
2020-02-12 04:36:59;29;3;7;4;0;0;3;0;1;0;0
2020-02-12 04:37:58;29;3;7;4;0;0;3;0;1;0;0
2020-02-12 04:38:59;29;3;7;4;0;0;3;0;1;0;0
2020-02-12 04:39:59;29;3;7;4;0;0;3;0;1;0;0
2020-02-12 04:40:58;29;3;7;4;0;0;3;0;1;0;0
2020-02-12 04:41:59;29;3;7;4;0;0;3;0;1;0;0
2020-02-12 04:42:59;29;3;7;4;0;0;3;0;1;0;0
2020-02-12 04:43:59;29;3;7;4;0;0;3;0;1;0;0
2020-02-12 04:44:58;29;3;7;4;0;0;3;0;1;0;0
2020-02-12 04:45:59;29;3;7;4;0;0;3;0;1;0;0
2020-02-12 04:46:59;29;3;7;4;0;0;3;0;1;0;0
2020-02-12 04:47:58;29;3;7;4;0;0;3;0;1;0;0
2020-02-12 04:48:59;29;3;7;4;0;0;3;0;1;0;0
2020-02-12 04:49:58;29;3;7;4;0;0;3;0;1;0;0
2020-02-12 04:50:59;29;3;7;4;0;0;3;0;1;0;0
2020-02-12 04:51:59;29;3;7;4;0;0;3;0;1;0;0
2020-02-12 04:52:58;29;3;7;4;0;0;3;0;1;0;0
2020-02-12 04:53:59;29;3;7;4;0;0;3;0;1;0;0
2020-02-12 04:54:59;29;3;7;4;0;0;3;0;1;0;0
2020-02-12 04:55:58;29;3;7;4;0;0;3;0;1;0;0
2020-02-12 04:56:59;29;3;7;4;0;0;3;0;1;0;0
2020-02-12 04:57:59;29;3;7;4;0;0;3;0;1;0;0
2020-02-12 04:58:59;29;3;7;4;0;0;3;0;1;0;0
2020-02-12 04:59:58;29;3;7;4;0;0;3;0;1;0;0
2020-02-12 05:00:59;29;3;7;4;0;0;3;0;1;0;0
2020-02-12 05:01:59;29;3;7;4;0;0;3;0;1;0;0
2020-02-12 05:02:58;29;3;7;4;0;0;3;0;1;0;0
2020-02-12 05:03:59;29;3;7;4;0;0;3;0;1;0;0
2020-02-12 05:04:58;29;3;7;4;0;0;3;0;1;0;0
2020-02-12 05:05:59;29;3;7;4;0;0;3;0;1;0;0
2020-02-12 05:06:59;29;3;7;4;0;0;3;0;1;0;0
2020-02-12 05:07:59;29;3;7;4;0;0;3;0;1;0;0
2020-02-12 05:08:58;29;3;7;4;0;0;3;0;1;0;0
2020-02-12 05:09:59;29;3;7;4;0;0;3;0;1;0;0
2020-02-12 05:10:59;29;3;7;4;0;0;3;0;1;0;0
2020-02-12 05:11:58;29;3;7;4;0;0;3;0;1;0;0
2020-02-12 05:12:59;29;3;7;4;0;0;3;0;1;0;0
2020-02-12 05:13:59;29;3;7;4;0;0;3;0;1;0;0
2020-02-12 05:14:58;29;3;7;4;0;0;3;0;1;0;0
2020-02-12 05:15:59;29;3;7;4;0;0;3;0;1;0;0
2020-02-12 05:16:59;29;3;7;4;0;0;3;0;1;0;0
2020-02-12 05:17:58;29;3;7;4;0;0;3;0;1;0;0
2020-02-12 05:18:59;29;3;7;4;0;0;3;0;1;0;0
2020-02-12 05:19:59;29;3;7;4;0;0;3;0;1;0;0
2020-02-12 05:20:58;29;3;7;4;0;0;3;0;1;0;0
2020-02-12 05:21:59;29;3;7;4;0;0;3;0;1;0;0
2020-02-12 05:22:58;29;3;7;4;0;0;3;0;1;0;0
2020-02-12 05:23:59;29;3;7;4;0;0;3;0;1;0;0
2020-02-12 05:24:59;29;3;7;4;0;0;3;0;1;0;0
2020-02-12 05:25:58;29;3;7;4;0;0;3;0;1;0;0
2020-02-12 05:26:59;29;3;7;4;0;0;3;0;1;0;0
2020-02-12 05:27:59;29;3;7;4;0;0;3;0;1;0;0
2020-02-12 05:28:59;29;3;7;4;0;0;3;0;1;0;0
2020-02-12 05:29:58;29;3;7;4;0;0;3;0;1;0;0
2020-02-12 05:30:59;29;3;7;4;0;0;3;0;1;0;0
2020-02-12 05:31:59;29;3;7;4;0;0;3;0;1;0;0
2020-02-12 05:32:58;29;3;7;4;0;0;3;0;1;0;0
2020-02-12 05:33:59;29;3;7;4;0;0;3;0;1;0;0
2020-02-12 05:34:59;29;3;7;4;0;0;3;0;1;0;0
2020-02-12 05:36:00;29;3;7;4;0;0;3;0;1;0;0
2020-02-12 05:36:58;30;3;7;4;0;0;3;0;2;0;0
2020-02-12 05:37:59;30;3;7;4;0;0;3;0;2;0;0
2020-02-12 05:38:58;30;3;7;4;0;0;3;0;2;0;0
2020-02-12 05:39:59;30;3;7;4;0;0;3;0;2;0;0
2020-02-12 05:40:59;30;3;7;4;0;0;3;0;2;0;0
2020-02-12 05:41:58;30;3;7;4;0;0;3;0;2;0;0
2020-02-12 05:42:59;30;3;7;4;0;0;3;0;2;0;0
2020-02-12 05:43:59;30;3;7;4;0;0;3;0;2;0;0
2020-02-12 05:44:58;30;3;7;4;0;0;3;0;2;0;0
2020-02-12 05:45:59;30;3;7;4;0;0;3;0;2;0;0
2020-02-12 05:46:59;30;3;7;4;0;0;3;0;2;0;0
2020-02-12 05:47:59;30;3;7;4;0;0;3;0;2;0;0
2020-02-12 05:48:58;30;3;7;4;0;0;3;0;2;0;0
2020-02-12 05:49:59;30;3;7;4;0;0;3;0;2;0;0
2020-02-12 05:50:59;30;3;7;4;0;0;3;0;2;0;0
2020-02-12 05:51:58;30;3;7;4;0;0;3;0;2;0;0
2020-02-12 05:52:59;30;3;7;4;0;0;3;0;2;0;0
2020-02-12 05:53:59;30;3;7;4;0;0;3;0;2;0;0
2020-02-12 05:54:58;30;3;7;4;0;0;3;0;2;0;0
2020-02-12 05:55:59;30;3;7;4;0;0;3;0;2;0;0
2020-02-12 05:56:59;30;3;7;4;0;0;3;0;2;0;0
2020-02-12 05:57:58;30;3;7;4;0;0;3;0;2;0;0
2020-02-12 05:58:59;30;3;7;4;0;0;3;0;2;0;0
2020-02-12 05:59:59;30;3;7;4;0;0;3;0;2;0;0
2020-02-12 06:00:58;30;3;7;4;0;0;3;0;2;0;0
2020-02-12 06:01:59;30;3;7;4;0;0;3;0;2;0;0
2020-02-12 06:02:59;30;3;7;4;0;0;3;0;2;0;0
2020-02-12 06:03:58;30;3;7;4;0;0;3;0;2;0;0
2020-02-12 06:04:59;30;3;7;4;0;0;3;0;2;0;0
2020-02-12 06:05:59;30;3;7;4;0;0;3;0;2;0;0
2020-02-12 06:06:58;30;3;7;4;0;0;3;0;2;0;0
2020-02-12 06:07:59;30;3;7;4;0;0;3;0;2;0;0
2020-02-12 06:08:59;30;3;7;4;0;0;3;0;2;0;0
2020-02-12 06:09:58;30;3;7;4;0;0;3;0;2;0;0
2020-02-12 06:10:59;30;3;7;4;0;0;3;0;2;0;0
2020-02-12 06:11:59;30;3;7;4;0;0;3;0;2;0;0
2020-02-12 06:12:59;30;3;7;4;0;0;3;0;2;0;0
2020-02-12 06:13:58;30;3;7;4;0;0;3;0;2;0;0
2020-02-12 06:14:59;30;3;7;4;0;0;3;0;2;0;0
2020-02-12 06:15:59;30;3;7;4;0;0;3;0;2;0;0
2020-02-12 06:16:58;30;3;7;4;0;0;3;0;2;0;0
2020-02-12 06:17:59;30;3;7;4;0;0;3;0;2;0;0
2020-02-12 06:18:59;30;3;7;4;0;0;3;0;2;0;0
2020-02-12 06:20:00;30;3;7;4;0;0;3;0;2;0;0
2020-02-12 06:20:58;30;3;7;4;0;0;3;0;2;0;0
2020-02-12 06:21:59;30;3;7;4;0;0;3;0;2;0;0
2020-02-12 06:22:59;30;3;7;4;0;0;3;0;2;0;0
2020-02-12 06:23:58;30;3;7;4;0;0;3;0;2;0;0
2020-02-12 06:24:59;30;3;7;4;0;0;3;0;2;0;0
2020-02-12 06:25:59;30;3;7;4;0;0;3;0;2;0;0
2020-02-12 06:26:58;30;3;7;4;0;0;3;0;2;0;0
2020-02-12 06:27:59;30;3;7;4;0;0;3;0;2;0;0
2020-02-12 06:28:59;30;3;7;4;0;0;3;0;2;0;0
2020-02-12 06:29:59;30;3;7;4;0;0;3;0;2;0;0
2020-02-12 06:30:58;30;3;7;4;0;0;3;0;2;0;0
2020-02-12 06:31:59;31;3;8;4;0;0;3;0;2;0;0
2020-02-12 06:32:58;31;3;8;4;0;0;3;0;2;0;0
2020-02-12 06:33:59;31;3;8;4;0;0;3;0;2;0;0
2020-02-12 06:34:58;31;3;8;4;0;0;3;0;2;0;0
2020-02-12 06:35:59;31;3;8;4;0;0;3;0;2;0;0
2020-02-12 06:36:59;31;3;8;4;0;0;3;0;2;0;0
2020-02-12 06:37:58;31;3;8;4;0;0;3;0;2;0;0
2020-02-12 06:38:59;31;3;8;4;0;0;3;0;2;0;0
2020-02-12 06:39:59;31;3;8;4;0;0;3;0;2;0;0
2020-02-12 06:40:58;32;3;8;5;0;0;3;0;2;0;0
2020-02-12 06:41:59;32;3;8;5;0;0;3;0;2;0;0
2020-02-12 06:42:59;32;3;8;5;0;0;3;0;2;0;0
2020-02-12 06:43:59;32;3;8;5;0;0;3;0;2;0;0
2020-02-12 06:44:58;32;3;8;5;0;0;3;0;2;0;0
2020-02-12 06:45:59;32;3;8;5;0;0;3;0;2;0;0
2020-02-12 06:46:59;32;3;8;5;0;0;3;0;2;0;0
2020-02-12 06:47:58;32;3;8;5;0;0;3;0;2;0;0
2020-02-12 06:48:59;32;3;8;5;0;0;3;0;2;0;0
2020-02-12 06:49:59;32;3;8;5;0;0;3;0;2;0;0
2020-02-12 06:50:58;32;3;8;5;0;0;3;0;2;0;0
2020-02-12 06:51:59;32;3;8;5;0;0;3;0;2;0;0
2020-02-12 06:52:59;32;3;8;5;0;0;3;0;2;0;0
2020-02-12 06:53:58;32;3;8;5;0;0;3;0;2;0;0
2020-02-12 06:54:59;32;3;8;5;0;0;3;0;2;0;0
2020-02-12 06:55:59;32;3;8;5;0;0;3;0;2;0;0
2020-02-12 06:56:58;32;3;8;5;0;0;3;0;2;0;0
2020-02-12 06:57:59;32;3;8;5;0;0;3;0;2;0;0
2020-02-12 06:58:59;32;3;8;5;0;0;3;0;2;0;0
2020-02-12 06:59:58;32;3;8;5;0;0;3;0;2;0;0
2020-02-12 07:00:59;32;3;8;5;0;0;3;0;2;0;0
2020-02-12 07:01:59;32;3;8;5;0;0;3;0;2;0;0
2020-02-12 07:02:59;33;3;8;5;1;1;3;0;2;0;0
2020-02-12 07:03:58;33;3;8;5;1;1;3;0;2;0;0
2020-02-12 07:04:59;33;3;8;5;1;1;3;0;2;0;0
2020-02-12 07:05:59;33;3;8;5;1;1;3;0;2;0;0
2020-02-12 07:06:58;33;3;8;5;1;1;3;0;2;0;0
2020-02-12 07:07:59;33;3;8;5;1;1;3;0;2;0;0
2020-02-12 07:08:59;33;3;8;5;1;1;3;0;2;0;0
2020-02-12 07:10:00;33;3;8;5;1;1;3;0;2;0;0
2020-02-12 07:10:58;34;3;9;5;1;1;3;0;2;0;0
2020-02-12 07:11:59;34;3;9;5;1;1;3;0;2;0;0
2020-02-12 07:12:59;34;3;9;5;1;1;3;0;2;0;0
2020-02-12 07:13:58;34;3;9;5;1;1;3;0;2;0;0
2020-02-12 07:14:59;34;3;9;5;1;1;3;0;2;0;0
2020-02-12 07:15:59;34;3;9;5;1;1;3;0;2;0;0
2020-02-12 07:16:58;34;3;9;5;1;1;3;0;2;0;0
2020-02-12 07:17:59;34;3;9;5;1;1;3;0;2;0;0
2020-02-12 07:18:59;34;3;9;5;1;1;3;0;2;0;0
2020-02-12 07:19:58;34;3;9;5;1;1;3;0;2;0;0
2020-02-12 07:20:59;34;3;9;5;1;1;3;0;2;0;0
2020-02-12 07:21:59;34;3;9;5;1;1;3;0;2;0;0
2020-02-12 07:22:59;34;3;9;5;1;1;3;0;2;0;0
2020-02-12 07:23:58;34;3;9;5;1;1;3;0;2;0;0
2020-02-12 07:24:59;34;3;9;5;1;1;3;0;2;0;0
2020-02-12 07:25:59;34;3;9;5;1;1;3;0;2;0;0
2020-02-12 07:26:58;34;3;9;5;1;1;3;0;2;0;0
2020-02-12 07:27:59;34;3;9;5;1;1;3;0;2;0;0
2020-02-12 07:28:59;34;3;9;5;1;1;3;0;2;0;0
2020-02-12 07:29:58;34;3;9;5;1;1;3;0;2;0;0
2020-02-12 07:30:59;34;3;9;5;1;1;3;0;2;0;0
2020-02-12 07:31:59;34;3;9;5;1;1;3;0;2;0;0
2020-02-12 07:32:58;34;3;9;5;1;1;3;0;2;0;0
2020-02-12 07:33:59;34;3;9;5;1;1;3;0;2;0;0
2020-02-12 07:34:59;34;3;9;5;1;1;3;0;2;0;0
2020-02-12 07:35:59;34;3;9;5;1;1;3;0;2;0;0
2020-02-12 07:36:58;34;3;9;5;1;1;3;0;2;0;0
2020-02-12 07:37:59;34;3;9;5;1;1;3;0;2;0;0
2020-02-12 07:38:59;34;3;9;5;1;1;3;0;2;0;0
2020-02-12 07:39:58;34;3;9;5;1;1;3;0;2;0;0
2020-02-12 07:40:59;34;3;9;5;1;1;3;0;2;0;0
2020-02-12 07:41:59;34;3;9;5;1;1;3;0;2;0;0
2020-02-12 07:42:58;34;3;9;5;1;1;3;0;2;0;0
2020-02-12 07:43:59;34;3;9;5;1;1;3;0;2;0;0
2020-02-12 07:44:59;34;3;9;5;1;1;3;0;2;0;0
2020-02-12 07:45:59;34;3;9;5;1;1;3;0;2;0;0
2020-02-12 07:46:58;34;3;9;5;1;1;3;0;2;0;0
2020-02-12 07:47:59;34;3;9;5;1;1;3;0;2;0;0
2020-02-12 07:48:58;34;3;9;5;1;1;3;0;2;0;0
2020-02-12 07:49:59;35;3;10;5;1;1;3;0;2;0;0
2020-02-12 07:50:59;35;3;10;5;1;1;3;0;2;0;0
2020-02-12 07:51:59;35;3;10;5;1;1;3;0;2;0;0
2020-02-12 07:52:58;35;3;10;5;1;1;3;0;2;0;0
2020-02-12 07:53:59;35;3;10;5;1;1;3;0;2;0;0
2020-02-12 07:54:59;35;3;10;5;1;1;3;0;2;0;0
2020-02-12 07:55:58;35;3;10;5;1;1;3;0;2;0;0
2020-02-12 07:56:59;35;3;10;5;1;1;3;0;2;0;0
2020-02-12 07:57:59;35;3;10;5;1;1;3;0;2;0;0
2020-02-12 07:58:58;35;3;10;5;1;1;3;0;2;0;0
2020-02-12 07:59:59;35;3;10;5;1;1;3;0;2;0;0
2020-02-12 08:00:59;35;3;10;5;1;1;3;0;2;0;0
2020-02-12 08:01:59;35;3;10;5;1;1;3;0;2;0;0
2020-02-12 08:02:58;35;3;10;5;1;1;3;0;2;0;0
2020-02-12 08:03:59;35;3;9;5;0;2;3;0;2;0;0
2020-02-12 08:04:59;35;3;9;5;0;2;3;0;2;0;0
2020-02-12 08:05:59;35;3;9;5;0;2;3;0;2;0;0
2020-02-12 08:06:58;35;3;9;5;0;2;3;0;2;0;0
2020-02-12 08:07:59;35;3;9;5;0;2;3;0;2;0;0
2020-02-12 08:08:59;37;3;9;5;3;2;3;0;2;0;0
2020-02-12 08:09:58;37;3;9;5;3;2;3;0;2;0;0
2020-02-12 08:10:59;37;3;9;5;3;2;3;0;2;0;0
2020-02-12 08:11:59;37;3;9;5;3;2;3;0;2;0;0
2020-02-12 08:12:58;37;3;9;5;3;2;3;0;2;0;0
2020-02-12 08:13:59;37;3;9;5;3;2;3;0;2;0;0
2020-02-12 08:14:59;37;3;9;5;3;2;3;0;2;0;0
2020-02-12 08:15:59;37;3;9;5;3;2;3;0;2;0;0
2020-02-12 08:16:58;37;3;9;5;3;2;3;0;2;0;0
2020-02-12 08:17:59;37;3;9;5;3;2;3;0;2;0;0
2020-02-12 08:18:59;37;3;9;5;3;2;3;0;2;0;0
2020-02-12 08:19:58;37;3;9;5;3;2;3;0;2;0;0
2020-02-12 08:20:59;37;3;9;5;3;2;3;0;2;0;0
2020-02-12 08:21:59;37;3;9;5;3;2;3;0;2;0;0
2020-02-12 08:22:58;37;3;9;5;3;2;3;0;2;0;0
2020-02-12 08:23:59;37;3;9;5;3;2;3;0;2;0;0
2020-02-12 08:24:59;37;3;9;5;3;2;3;0;2;0;0
2020-02-12 08:25:58;37;3;9;5;3;2;3;0;2;0;0
2020-02-12 08:26:59;37;3;9;5;3;2;3;0;2;0;0
2020-02-12 08:27:59;37;3;9;5;3;2;3;0;2;0;0
2020-02-12 08:28:58;37;3;9;5;3;2;3;0;2;0;0
2020-02-12 08:29:59;37;3;9;5;3;2;3;0;2;0;0
2020-02-12 08:30:59;38;3;9;6;3;2;3;0;2;0;0
2020-02-12 08:31:59;38;3;9;6;3;2;3;0;2;0;0
2020-02-12 08:32:58;38;3;9;6;3;2;3;0;2;0;0
2020-02-12 08:33:59;38;3;9;6;3;2;3;0;2;0;0
2020-02-12 08:34:59;38;3;9;6;3;2;3;0;2;0;0
2020-02-12 08:35:59;38;3;9;6;3;2;3;0;2;0;0
2020-02-12 08:36:58;38;3;9;6;3;2;3;0;2;0;0
2020-02-12 08:37:59;38;3;9;6;3;2;3;0;2;0;0
2020-02-12 08:38:59;38;3;9;6;3;2;3;0;2;0;0
2020-02-12 08:39:59;38;3;9;6;3;2;3;0;2;0;0
2020-02-12 08:40:58;38;3;9;6;3;2;3;0;2;0;0
2020-02-12 08:41:59;38;3;9;6;3;2;3;0;2;0;0
2020-02-12 08:42:59;38;3;9;6;3;2;3;0;2;0;0
2020-02-12 08:43:58;38;3;9;6;3;2;3;0;2;0;0
2020-02-12 08:44:59;38;3;9;6;3;2;3;0;2;0;0
2020-02-12 08:45:59;38;3;9;6;3;2;3;0;2;0;0
2020-02-12 08:47:00;38;3;9;6;3;2;3;0;2;0;0
2020-02-12 08:47:58;38;3;9;6;3;2;3;0;2;0;0
2020-02-12 08:48:59;38;3;9;6;3;2;3;0;2;0;0
2020-02-12 08:50:00;39;3;9;6;4;2;3;0;2;0;0
2020-02-12 08:50:58;39;3;9;6;4;2;3;0;2;0;0
2020-02-12 08:51:59;39;3;9;6;4;2;3;0;2;0;0
2020-02-12 08:52:59;40;3;9;6;4;2;3;0;2;0;0
2020-02-12 08:53:58;40;3;9;6;4;2;3;0;2;0;0
2020-02-12 08:54:59;40;3;9;6;4;2;3;0;2;0;0
2020-02-12 08:55:59;40;3;9;6;4;2;3;0;2;0;0
2020-02-12 08:56:58;40;3;9;6;4;2;3;0;2;0;0
2020-02-12 08:57:59;40;3;9;6;5;1;3;0;2;0;0
2020-02-12 08:58:59;40;3;9;6;5;1;3;0;2;0;0
2020-02-12 08:59:59;40;3;9;6;5;1;3;0;2;0;0
2020-02-12 09:00:58;40;3;9;6;5;1;3;0;2;0;0
2020-02-12 09:01:59;40;3;9;6;5;1;3;0;2;0;0
2020-02-12 09:02:59;40;3;9;6;5;1;3;0;2;0;0
2020-02-12 09:03:58;40;3;9;6;5;1;3;0;2;0;0
2020-02-12 09:04:59;40;3;9;6;5;1;3;0;2;0;0
2020-02-12 09:05:59;40;3;9;6;5;1;3;0;2;0;0
2020-02-12 09:06:59;40;3;9;6;5;1;3;0;2;0;0
2020-02-12 09:07:58;40;3;9;6;5;1;3;0;2;0;0
2020-02-12 09:08:59;40;3;9;6;5;1;3;0;2;0;0
2020-02-12 09:09:59;40;3;9;6;5;1;3;0;2;0;0
2020-02-12 09:10:58;40;3;9;6;5;1;3;0;2;0;0
2020-02-12 09:11:59;40;3;9;6;5;1;3;0;2;0;0
2020-02-12 09:12:59;40;3;9;6;5;1;3;0;2;0;0
2020-02-12 09:13:58;40;3;9;6;5;1;3;0;2;0;0
2020-02-12 09:14:59;40;3;9;6;5;1;3;0;2;0;0
2020-02-12 09:15:58;40;3;9;6;5;1;3;0;2;0;0
2020-02-12 09:16:59;40;3;9;6;5;1;3;0;2;0;0
2020-02-12 09:17:59;40;3;9;6;5;1;3;0;2;0;0
2020-02-12 09:18:59;40;3;9;6;5;1;3;0;2;0;0
2020-02-12 09:19:58;41;3;10;6;5;1;3;0;2;0;0
2020-02-12 09:20:59;41;3;10;6;5;1;3;0;2;0;0
2020-02-12 09:21:59;41;3;10;6;5;1;3;0;2;0;0
2020-02-12 09:22:58;41;3;10;6;5;1;3;0;2;0;0
2020-02-12 09:23:59;41;3;10;6;5;1;3;0;2;0;0
2020-02-12 09:24:58;41;3;10;6;5;1;3;0;2;0;0
2020-02-12 09:25:59;41;2;11;6;5;1;3;0;2;0;0
2020-02-12 09:26:59;41;2;11;6;5;1;3;0;2;0;0
2020-02-12 09:27:58;42;2;11;6;6;1;3;0;2;0;0
2020-02-12 09:28:59;43;2;11;7;6;1;3;0;2;0;0
2020-02-12 09:29:59;43;2;11;7;6;1;3;0;2;0;0
2020-02-12 09:30:58;44;2;11;7;6;1;3;0;2;0;0
2020-02-12 09:31:59;44;2;11;7;6;1;3;0;2;0;0
2020-02-12 09:32:59;44;2;11;7;6;1;3;0;2;0;0
2020-02-12 09:33:59;44;2;11;7;6;1;3;0;2;0;0
2020-02-12 09:34:58;44;2;11;7;6;1;3;0;2;0;0
2020-02-12 09:35:59;44;2;11;7;6;1;3;0;2;0;0
2020-02-12 09:36:58;44;2;11;7;6;1;3;0;2;0;0
2020-02-12 09:37:59;45;2;11;7;6;2;3;0;2;0;0
2020-02-12 09:38:59;46;2;11;7;6;2;3;0;2;0;0
2020-02-12 09:39:59;47;2;12;7;6;2;3;0;2;0;0
2020-02-12 09:40:58;47;2;12;7;5;3;3;0;2;0;0
2020-02-12 09:41:59;47;2;12;7;5;3;3;0;2;0;0
2020-02-12 09:42:59;48;2;13;7;5;3;3;0;2;0;0
2020-02-12 09:43:58;48;2;13;7;5;3;3;0;2;0;0
2020-02-12 09:44:59;48;2;13;7;5;3;3;0;2;0;0
2020-02-12 09:45:59;48;2;13;7;5;3;3;0;2;0;0
2020-02-12 09:46:58;48;2;13;7;5;3;3;0;2;0;0
2020-02-12 09:47:59;48;2;13;7;5;3;3;0;2;0;0
2020-02-12 09:48:59;48;2;13;7;5;3;3;0;2;0;0
2020-02-12 09:49:58;48;2;13;7;5;3;3;0;2;0;0
2020-02-12 09:50:59;48;2;13;7;5;3;3;0;2;0;0
2020-02-12 09:51:59;48;2;13;7;5;3;3;0;2;0;0
2020-02-12 09:52:58;49;2;14;7;5;3;3;0;2;0;0
2020-02-12 09:53:59;49;2;14;7;5;3;3;0;2;0;0
2020-02-12 09:54:59;49;2;14;7;5;3;3;0;2;0;0
2020-02-12 09:55:58;49;2;14;7;5;3;3;0;2;0;0
2020-02-12 09:56:59;49;2;14;7;5;3;3;0;2;0;0
2020-02-12 09:57:59;49;2;14;7;5;3;3;0;2;0;0
2020-02-12 09:58:58;49;2;14;7;5;3;3;0;2;0;0
2020-02-12 09:59:59;49;2;14;7;5;3;3;0;2;0;0
2020-02-12 10:00:59;49;2;14;7;5;3;3;0;2;0;0
2020-02-12 10:01:58;49;2;14;7;5;3;3;0;2;0;0
2020-02-12 10:02:59;49;2;14;7;5;3;3;0;2;0;0
2020-02-12 10:03:59;49;2;14;7;5;3;3;0;2;0;0
2020-02-12 10:04:58;49;2;14;7;5;3;3;0;2;0;0
2020-02-12 10:05:59;50;2;14;8;5;3;3;0;2;0;0
2020-02-12 10:06:59;50;2;14;8;5;3;3;0;2;0;0
2020-02-12 10:07:59;50;2;14;8;5;3;3;0;2;0;0
2020-02-12 10:08:58;50;2;14;8;5;3;3;0;2;0;0
2020-02-12 10:09:59;50;2;14;8;5;3;3;0;2;0;0
2020-02-12 10:10:59;50;2;14;8;5;3;3;0;2;0;0
2020-02-12 10:11:58;50;2;14;8;5;3;3;0;2;0;0
2020-02-12 10:12:59;51;2;14;8;5;3;3;0;2;0;0
2020-02-12 10:13:59;51;2;14;8;5;3;3;0;2;0;0
2020-02-12 10:14:59;51;2;14;8;5;3;3;0;2;0;0
2020-02-12 10:15:58;51;2;14;8;5;3;3;0;2;0;0
2020-02-12 10:16:59;52;2;14;8;6;3;3;0;2;0;0
2020-02-12 10:17:58;52;2;14;8;6;3;3;0;2;0;0
2020-02-12 10:18:59;52;2;14;8;6;3;3;0;2;0;0
2020-02-12 10:19:59;51;2;14;8;6;3;3;0;2;0;0
2020-02-12 10:20:59;51;2;14;8;6;3;3;0;2;0;0
2020-02-12 10:21:58;51;2;14;8;6;3;3;0;2;0;0
2020-02-12 10:22:59;51;2;14;8;6;3;3;0;2;0;0
2020-02-12 10:23:59;51;2;14;8;6;3;3;0;2;0;0
2020-02-12 10:24:58;51;2;14;8;6;3;3;0;2;0;0
2020-02-12 10:25:59;51;2;14;8;6;3;3;0;2;0;0
2020-02-12 10:26:59;51;2;14;8;6;3;3;0;2;0;0
2020-02-12 10:27:59;51;2;14;8;6;3;3;0;2;0;0
2020-02-12 10:28:58;51;2;14;8;6;3;3;0;2;0;0
2020-02-12 10:29:59;51;2;14;8;6;3;3;0;2;0;0
2020-02-12 10:30:59;51;2;14;8;6;3;3;0;2;0;0
2020-02-12 10:31:59;52;2;14;9;6;3;3;0;2;0;0
2020-02-12 10:32:58;52;2;14;9;6;3;3;0;2;0;0
2020-02-12 10:33:59;52;2;14;9;6;3;3;0;2;0;0
2020-02-12 10:34:59;53;2;14;9;6;3;3;0;2;0;0
2020-02-12 10:35:58;53;2;14;9;6;3;3;0;2;0;0
2020-02-12 10:36:59;53;2;14;9;6;3;3;0;2;0;0
2020-02-12 10:37:59;53;2;14;9;6;3;3;0;2;0;0
2020-02-12 10:38:58;53;2;14;9;6;3;3;0;2;0;0
2020-02-12 10:39:59;53;2;14;9;6;3;3;0;2;0;0
2020-02-12 10:40:59;53;2;14;9;7;2;3;0;2;0;0
2020-02-12 10:41:59;53;2;14;9;7;2;3;0;2;0;0
2020-02-12 10:42:58;53;2;14;9;7;2;3;0;2;0;0
2020-02-12 10:43:59;53;2;14;9;7;2;3;0;2;0;0
2020-02-12 10:44:58;53;2;14;9;7;2;3;0;2;0;0
2020-02-12 10:45:59;53;2;14;9;7;2;3;0;2;0;0
2020-02-12 10:46:59;53;2;14;9;7;2;3;0;2;0;0
2020-02-12 10:47:58;54;2;14;9;7;2;3;0;2;1;0
2020-02-12 10:48:59;54;2;14;9;7;2;3;0;2;1;0
2020-02-12 10:49:59;55;3;14;9;7;2;3;0;2;1;0
2020-02-12 10:50:58;55;3;14;9;7;2;3;0;2;1;0
2020-02-12 10:51:59;55;3;14;9;7;2;3;0;2;1;0
2020-02-12 10:52:59;55;3;14;9;7;2;3;0;2;1;0
2020-02-12 10:53:59;55;3;14;9;7;2;3;0;2;1;0
2020-02-12 10:54:58;55;3;14;9;7;2;3;0;2;1;0
2020-02-12 10:55:59;55;3;14;9;7;2;3;0;2;1;0
2020-02-12 10:56:59;55;3;14;9;7;2;3;0;2;1;0
2020-02-12 10:57:58;55;3;14;9;7;2;3;0;2;1;0
2020-02-12 10:58:59;55;3;14;9;7;2;3;0;2;1;0
2020-02-12 10:59:59;55;3;14;9;7;2;3;0;2;1;0
2020-02-12 11:00:58;55;3;14;9;7;2;3;0;2;1;0
2020-02-12 11:01:59;56;3;14;9;7;2;3;0;2;1;0
2020-02-12 11:02:59;56;3;14;9;7;2;3;0;2;1;0
2020-02-12 11:03:58;57;3;15;9;7;2;3;0;2;1;0
2020-02-12 11:04:59;57;3;15;9;7;2;3;0;2;1;0
2020-02-12 11:05:59;57;3;15;9;7;2;3;0;2;1;0
2020-02-12 11:06:59;57;3;15;9;7;2;3;0;2;1;0
2020-02-12 11:07:58;57;3;15;9;7;2;3;0;2;1;0
2020-02-12 11:08:59;57;3;15;9;7;2;3;0;2;1;0
2020-02-12 11:09:59;57;3;15;9;7;2;3;0;2;1;0
2020-02-12 11:10:58;58;4;15;9;7;2;3;0;2;1;0
2020-02-12 11:11:59;59;4;16;9;7;2;3;0;2;1;0
2020-02-12 11:12:59;59;4;16;9;7;2;3;0;2;1;0
2020-02-12 11:13:59;60;4;16;9;7;2;3;0;2;2;0
2020-02-12 11:14:58;61;5;16;9;7;2;3;0;2;2;0
2020-02-12 11:15:59;61;5;16;9;7;2;3;0;2;2;0
2020-02-12 11:16:59;62;6;16;9;7;2;3;0;2;2;0
2020-02-12 11:17:59;62;6;16;9;7;2;3;0;2;2;0
2020-02-12 11:18:58;62;6;16;9;7;2;3;0;2;2;0
2020-02-12 11:19:59;62;6;16;9;7;2;3;0;2;2;0
2020-02-12 11:20:58;62;6;16;9;7;2;3;0;2;2;0
2020-02-12 11:21:59;63;6;16;10;7;2;3;0;2;2;0
2020-02-12 11:22:59;63;6;16;10;7;2;3;0;2;2;0
2020-02-12 11:23:59;63;6;16;10;7;2;3;0;2;2;0
2020-02-12 11:24:58;63;6;16;10;7;2;3;0;2;2;0
2020-02-12 11:25:59;63;6;16;10;7;2;3;0;2;2;0
2020-02-12 11:26:59;63;6;16;10;7;2;3;0;2;2;0
2020-02-12 11:27:58;63;6;16;10;7;2;3;0;2;2;0
2020-02-12 11:28:59;63;6;16;10;7;2;3;0;2;2;0
2020-02-12 11:29:59;63;6;16;10;7;2;3;0;2;2;0
2020-02-12 11:30:58;65;6;16;10;8;2;4;0;2;2;0
2020-02-12 11:31:59;65;6;16;10;8;2;4;0;2;2;0
2020-02-12 11:32:59;65;6;16;10;8;2;4;0;2;2;0
2020-02-12 11:33:59;65;6;16;10;8;2;4;0;2;2;0
2020-02-12 11:34:58;66;6;17;10;8;2;4;0;2;2;0
2020-02-12 11:35:59;66;6;17;10;8;2;4;0;2;2;0
2020-02-12 11:36:59;66;7;17;10;7;2;4;0;2;2;0
2020-02-12 11:37:58;66;7;17;10;7;2;4;0;2;2;0
2020-02-12 11:38:59;66;7;17;10;7;2;4;0;2;2;0
2020-02-12 11:39:59;65;7;17;10;7;2;4;0;2;2;0
2020-02-12 11:41:00;65;7;17;10;7;2;4;0;2;2;0
2020-02-12 11:41:58;65;7;17;10;7;2;4;0;2;2;0
2020-02-12 11:42:59;65;7;17;10;7;2;4;0;2;2;0
2020-02-12 11:43:59;65;7;17;10;7;2;4;0;2;2;0
2020-02-12 11:44:58;65;7;17;10;7;2;4;0;2;2;0
2020-02-12 11:45:59;65;7;17;10;7;2;4;0;2;2;0
2020-02-12 11:46:59;65;7;17;10;7;2;4;0;2;2;0
2020-02-12 11:47:58;65;7;17;10;7;2;4;0;2;2;0
2020-02-12 11:48:59;65;7;17;10;7;2;4;0;2;2;0
2020-02-12 11:49:59;65;7;17;10;7;2;4;0;2;2;0
2020-02-12 11:50:59;65;7;17;10;7;2;4;0;2;2;0
2020-02-12 11:51:58;65;7;17;10;7;2;4;0;2;2;0
2020-02-12 11:52:59;65;7;17;10;7;2;4;0;2;2;0
2020-02-12 11:53:59;66;7;18;10;7;2;4;0;2;2;0
2020-02-12 11:55:00;66;7;18;10;7;2;4;0;2;2;0
2020-02-12 11:55:58;66;7;18;10;7;2;4;0;2;2;0
2020-02-12 11:56:59;66;7;18;10;7;2;4;0;2;2;0
2020-02-12 11:57:59;66;7;18;10;7;2;4;0;2;2;0
2020-02-12 11:58:58;66;7;18;10;7;2;4;0;2;2;0
2020-02-12 11:59:59;66;7;18;10;7;2;4;0;2;2;0
2020-02-12 12:00:58;66;7;18;10;7;2;4;0;2;2;0
2020-02-12 12:01:59;66;7;18;10;7;2;4;0;2;2;0
2020-02-12 12:02:59;66;7;18;10;7;2;4;0;2;2;0
2020-02-12 12:03:58;67;7;19;10;7;2;4;0;2;2;0
2020-02-12 12:04:59;67;7;19;10;7;2;4;0;2;2;0
2020-02-12 12:05:58;67;7;19;10;7;2;4;0;2;2;0
2020-02-12 12:06:59;67;7;19;10;7;2;4;0;2;2;0
2020-02-12 12:07:59;67;7;19;10;7;2;4;0;2;2;0
2020-02-12 12:08:59;67;7;19;10;7;2;4;0;2;2;0
2020-02-12 12:09:58;67;7;19;10;7;2;4;0;2;2;0
2020-02-12 12:10:59;67;7;19;10;7;2;4;0;2;2;0
2020-02-12 12:11:59;67;7;19;10;7;2;4;0;2;2;0
2020-02-12 12:12:59;68;7;19;10;7;2;4;0;2;2;0
2020-02-12 12:13:58;68;7;19;10;7;2;4;0;2;2;0
2020-02-12 12:14:59;68;7;19;10;7;2;4;0;2;2;0
2020-02-12 12:15:59;68;7;19;10;7;2;4;0;2;2;0
2020-02-12 12:16:58;68;7;19;10;7;2;4;0;2;2;0
2020-02-12 12:17:59;68;7;19;10;7;2;4;0;2;2;0
2020-02-12 12:18:59;68;7;19;10;7;2;4;0;2;2;0
2020-02-12 12:19:59;68;7;19;10;7;2;4;0;2;2;0
2020-02-12 12:20:58;68;7;19;10;7;2;4;0;2;2;0
2020-02-12 12:21:59;68;7;19;10;7;2;4;0;2;2;0
2020-02-12 12:22:59;68;7;19;10;7;2;4;0;2;2;0
2020-02-12 12:23:58;68;7;19;10;7;2;4;0;2;2;0
2020-02-12 12:24:59;68;7;19;10;7;2;4;0;2;2;0
2020-02-12 12:25:59;68;7;19;10;7;2;4;0;2;2;0
2020-02-12 12:26:58;68;8;18;10;7;2;4;0;2;2;0
2020-02-12 12:27:59;69;8;19;10;7;2;4;0;2;2;0
2020-02-12 12:28:59;70;9;19;10;7;2;4;0;2;2;0
2020-02-12 12:29:59;70;9;19;10;7;2;4;0;2;2;0
2020-02-12 12:30:58;70;9;19;10;7;2;4;0;2;2;0
2020-02-12 12:31:59;70;9;19;10;7;2;4;0;2;2;0
2020-02-12 12:32:59;70;9;19;10;7;2;4;0;2;2;0
2020-02-12 12:33:59;70;9;19;10;7;2;4;0;2;2;0
2020-02-12 12:34:58;70;9;19;10;7;2;4;0;2;2;0
2020-02-12 12:35:59;70;9;19;10;7;2;4;0;2;2;0
2020-02-12 12:36:59;70;9;19;10;7;2;4;0;2;2;0
2020-02-12 12:37:58;70;9;19;10;7;2;4;0;2;2;0
2020-02-12 12:38:59;70;9;19;10;7;2;4;0;2;2;0
2020-02-12 12:39:59;70;9;19;10;7;2;4;0;2;2;0
2020-02-12 12:40:58;70;10;18;10;7;2;4;0;2;2;0
2020-02-12 12:41:59;70;10;18;10;7;2;4;0;2;2;0
2020-02-12 12:42:59;71;10;19;10;7;2;4;0;2;2;0
2020-02-12 12:43:59;71;10;19;10;7;2;4;0;2;2;0
2020-02-12 12:44:58;71;10;19;10;7;2;4;0;2;2;0
2020-02-12 12:45:59;71;10;19;10;7;2;4;0;2;2;0
2020-02-12 12:46:59;71;10;19;10;7;2;4;0;2;2;0
2020-02-12 12:47:58;71;10;19;10;7;2;4;0;2;2;0
2020-02-12 12:48:59;73;11;20;10;7;2;4;0;2;2;0
2020-02-12 12:49:59;73;11;20;10;7;2;4;0;2;2;0
2020-02-12 12:50:58;73;11;20;10;7;2;4;0;2;2;0
2020-02-12 12:51:59;73;11;20;10;7;2;4;0;2;2;0
2020-02-12 12:52:59;73;11;20;10;7;2;4;0;2;2;0
2020-02-12 12:53:59;73;11;20;10;7;2;4;0;2;2;0
2020-02-12 12:54:58;73;11;20;10;7;2;4;0;2;2;0
2020-02-12 12:55:59;73;11;20;10;7;2;4;0;2;2;0
2020-02-12 12:57:00;73;11;20;10;7;2;4;0;2;2;0
2020-02-12 12:57:58;73;11;20;10;7;2;4;0;2;2;0
2020-02-12 12:58:59;73;11;20;10;7;2;4;0;2;2;0
2020-02-12 12:59:59;73;11;20;10;7;2;4;0;2;2;0
2020-02-12 13:00:58;73;11;20;10;7;2;4;0;2;2;0
2020-02-12 13:01:59;73;11;20;10;7;2;4;0;2;2;0
2020-02-12 13:02:59;73;11;20;10;7;2;4;0;2;2;0
2020-02-12 13:03:59;73;11;20;10;7;2;4;0;2;2;0
2020-02-12 13:04:58;73;11;20;10;7;2;4;0;2;2;0
2020-02-12 13:05:59;73;11;20;10;7;2;4;0;2;2;0
2020-02-12 13:06:59;73;11;20;10;7;2;4;0;2;2;0
2020-02-12 13:08:00;73;11;20;10;7;2;4;0;2;2;0
2020-02-12 13:08:58;73;11;20;10;7;2;4;0;2;2;0
2020-02-12 13:09:59;73;11;20;10;7;2;4;0;2;2;0
2020-02-12 13:10:59;74;12;20;10;7;2;4;0;2;2;0
2020-02-12 13:11:58;74;12;20;10;7;2;4;0;2;2;0
2020-02-12 13:12:59;74;12;20;10;7;2;4;0;2;2;0
2020-02-12 13:13:59;74;12;20;10;7;2;4;0;2;2;0
2020-02-12 13:14:58;74;12;20;10;7;2;4;0;2;2;0
2020-02-12 13:15:59;74;12;20;10;7;2;4;0;2;2;0
2020-02-12 13:16:59;74;12;20;10;7;2;4;0;2;2;0
2020-02-12 13:17:58;74;12;20;10;7;2;4;0;2;2;0
2020-02-12 13:18:59;74;12;20;10;7;2;4;0;2;2;0
2020-02-12 13:19:59;74;12;20;10;7;2;4;0;2;2;0
2020-02-12 13:20:58;74;12;20;10;7;2;4;0;2;2;0
2020-02-12 13:21:59;74;12;20;10;7;2;4;0;2;2;0
2020-02-12 13:22:59;74;12;20;10;7;2;4;0;2;2;0
2020-02-12 13:23:58;75;12;20;10;7;2;4;0;2;2;0
2020-02-12 13:24:59;75;12;20;10;7;2;4;0;2;2;0
2020-02-12 13:25:59;75;12;20;10;7;2;4;0;2;2;0
2020-02-12 13:26:59;75;12;20;10;7;2;4;0;2;2;0
2020-02-12 13:27:58;75;12;20;10;7;2;4;0;2;2;0
2020-02-12 13:28:59;75;12;20;10;7;2;4;0;2;2;0
2020-02-12 13:29:59;75;12;20;10;7;2;4;0;2;2;0
2020-02-12 13:30:58;75;12;20;10;7;2;4;0;2;2;0
2020-02-12 13:31:59;75;12;20;10;7;2;4;0;2;2;0
2020-02-12 13:32:59;75;12;20;10;7;2;4;0;2;2;0
2020-02-12 13:33:58;75;12;20;10;7;2;4;0;2;2;0
2020-02-12 13:34:59;75;12;20;10;7;2;4;0;2;2;0
2020-02-12 13:35:59;75;12;20;10;7;2;4;0;2;2;0
2020-02-12 13:36:58;75;12;20;10;7;2;4;0;2;2;0
2020-02-12 13:37:59;75;12;20;10;7;2;4;0;2;2;0
2020-02-12 13:38:59;75;12;20;10;7;2;4;0;2;2;0
2020-02-12 13:39:59;76;12;20;10;7;2;4;0;2;2;0
2020-02-12 13:40:58;76;12;20;10;7;2;4;0;2;2;0
2020-02-12 13:41:59;76;12;20;10;7;2;4;0;2;2;0
2020-02-12 13:42:59;76;12;20;10;7;2;4;0;2;2;0
2020-02-12 13:43:58;76;12;20;10;7;2;4;0;2;2;0
2020-02-12 13:44:59;76;12;20;10;7;2;4;0;2;2;0
2020-02-12 13:45:59;76;12;20;10;7;2;4;0;2;2;0
2020-02-12 13:46:58;76;12;20;10;7;2;4;0;2;2;0
2020-02-12 13:47:59;76;12;20;10;7;2;4;0;2;2;0
2020-02-12 13:48:59;76;12;20;10;7;2;4;0;2;2;0
2020-02-12 13:49:58;76;12;20;10;7;2;4;0;2;2;0
2020-02-12 13:50:59;76;12;20;10;7;2;4;0;2;2;0
2020-02-12 13:51:59;76;12;20;10;7;2;4;0;2;2;0
2020-02-12 13:52:59;76;12;20;10;7;2;4;0;2;2;0
2020-02-12 13:53:58;76;13;19;10;7;2;4;0;2;2;0
2020-02-12 13:54:59;76;13;19;10;7;2;4;0;2;2;0
2020-02-12 13:55:59;76;13;19;10;7;2;4;0;2;2;0
2020-02-12 13:56:58;76;13;19;10;7;2;4;0;2;2;0
2020-02-12 13:57:59;76;13;19;10;7;2;4;0;2;2;0
2020-02-12 13:58:59;76;13;19;10;7;2;4;0;2;2;0
2020-02-12 13:59:59;76;13;19;10;7;2;4;0;2;2;0
2020-02-12 14:00:58;76;13;19;10;7;2;4;0;2;2;0
2020-02-12 14:01:59;76;13;19;10;7;2;4;0;2;2;0
2020-02-12 14:02:59;76;13;19;10;7;2;4;0;2;2;0
2020-02-12 14:03:58;76;13;19;10;7;2;4;0;2;2;0
2020-02-12 14:04:59;76;13;19;10;7;2;4;0;2;2;0
2020-02-12 14:05:59;76;13;19;10;7;2;4;0;2;2;0
2020-02-12 14:06:59;77;14;19;10;7;2;4;0;2;2;0
2020-02-12 14:07:58;77;14;19;10;7;2;4;0;2;2;0
2020-02-12 14:08:59;78;14;20;10;7;2;4;0;2;2;0
2020-02-12 14:09:59;78;14;20;10;7;2;4;0;2;2;0
2020-02-12 14:10:58;78;14;20;10;7;2;4;0;2;2;0
2020-02-12 14:11:59;78;14;20;10;7;2;4;0;2;2;0
2020-02-12 14:12:58;78;14;20;10;7;2;4;0;2;2;0
2020-02-12 14:13:59;78;14;20;10;7;2;4;0;2;2;0
2020-02-12 14:14:59;79;14;20;10;8;2;4;0;2;2;0
2020-02-12 14:15:58;79;14;20;10;8;2;4;0;2;2;0
2020-02-12 14:16:59;79;14;20;10;8;2;4;0;2;2;0
2020-02-12 14:17:59;79;14;20;10;8;2;4;0;2;2;0
2020-02-12 14:18:58;79;14;20;10;8;2;4;0;2;2;0
2020-02-12 14:19:59;79;14;20;10;8;2;4;0;2;2;0
2020-02-12 14:20:59;79;14;20;10;8;2;4;0;2;2;0
2020-02-12 14:21:59;79;14;20;10;8;2;4;0;2;2;0
2020-02-12 14:22:58;79;14;20;10;8;2;4;0;2;2;0
2020-02-12 14:23:59;79;14;20;10;8;2;4;0;2;2;0
2020-02-12 14:24:59;79;14;20;10;8;2;4;0;2;2;0
2020-02-12 14:25:58;79;14;20;10;8;2;4;0;2;2;0
2020-02-12 14:26:59;79;14;20;10;8;2;4;0;2;2;0
2020-02-12 14:27:59;79;14;20;10;8;2;4;0;2;2;0
2020-02-12 14:28:59;79;14;20;10;8;2;4;0;2;2;0
2020-02-12 14:29:59;79;14;20;10;8;2;4;0;2;2;0
2020-02-12 14:30:59;79;14;20;10;8;2;4;0;2;2;0
2020-02-12 14:31:59;79;14;20;10;8;2;4;0;2;2;0
2020-02-12 14:32:58;79;14;20;10;8;2;4;0;2;2;0
2020-02-12 14:33:59;79;14;20;10;8;2;4;0;2;2;0
2020-02-12 14:34:59;79;14;20;10;8;2;4;0;2;2;0
2020-02-12 14:35:59;79;14;20;10;8;2;4;0;2;2;0
2020-02-12 14:36:58;79;14;20;10;8;2;4;0;2;2;0
2020-02-12 14:37:59;80;14;21;10;8;2;4;0;2;2;0
2020-02-12 14:38:59;80;14;21;10;8;2;4;0;2;2;0
2020-02-12 14:39:58;80;14;21;10;8;2;4;0;2;2;0
2020-02-12 14:40:59;80;14;21;10;8;2;4;0;2;2;0
2020-02-12 14:41:59;80;14;21;10;8;2;4;0;2;2;0
2020-02-12 14:42:59;80;14;21;10;8;2;4;0;2;2;0
2020-02-12 14:43:58;80;14;21;10;8;2;4;0;2;2;0
2020-02-12 14:44:59;80;14;21;10;8;2;4;0;2;2;0
2020-02-12 14:45:59;80;14;21;10;8;2;4;0;2;2;0
2020-02-12 14:46:58;81;15;21;10;8;2;4;0;2;2;0
2020-02-12 14:47:59;81;15;21;10;8;2;4;0;2;2;0
2020-02-12 14:48:59;81;15;21;10;8;2;4;0;2;2;0
2020-02-12 14:49:59;82;15;22;10;8;2;4;0;2;2;0
2020-02-12 14:50:58;82;15;22;10;8;2;4;0;2;2;0
2020-02-12 14:51:59;82;15;22;10;8;2;4;0;2;2;0
2020-02-12 14:52:59;82;15;22;10;8;2;4;0;2;2;0
2020-02-12 14:53:59;83;15;22;10;9;2;4;0;2;2;0
2020-02-12 14:54:58;83;15;22;10;9;2;4;0;2;2;0
2020-02-12 14:55:59;83;15;22;10;9;2;4;0;2;2;0
2020-02-12 14:56:59;83;15;22;10;9;2;4;0;2;2;0
2020-02-12 14:57:58;83;15;22;10;9;2;4;0;2;2;0
2020-02-12 14:58:59;84;15;22;10;9;2;4;0;2;2;0
2020-02-12 14:59:59;85;15;22;11;8;2;4;2;2;2;0
2020-02-12 15:00:58;85;15;22;11;8;2;4;2;2;2;0
2020-02-12 15:01:59;85;15;22;11;8;2;4;2;2;2;0
2020-02-12 15:02:59;85;15;22;11;8;2;4;2;2;2;0
2020-02-12 15:03:58;85;15;22;11;8;2;4;2;2;2;0
2020-02-12 15:04:59;85;15;22;11;8;2;4;2;2;2;0
2020-02-12 15:05:59;85;15;22;11;8;2;4;2;2;2;0
2020-02-12 15:06:59;85;15;22;11;8;2;4;2;2;2;0
2020-02-12 15:07:58;85;15;22;11;8;2;4;2;2;2;0
2020-02-12 15:08:59;85;15;22;11;8;2;4;2;2;2;0
2020-02-12 15:09:59;85;15;22;11;8;2;4;2;2;2;0
2020-02-12 15:10:58;85;15;22;11;8;2;4;2;2;2;0
2020-02-12 15:11:59;85;15;22;11;8;2;4;2;2;2;0
2020-02-12 15:12:59;85;15;22;11;8;2;4;2;2;2;0
2020-02-12 15:14:00;85;15;22;11;8;2;4;2;2;2;0
2020-02-12 15:14:58;85;15;22;11;8;2;4;2;2;2;0
2020-02-12 15:15:59;85;15;22;11;8;2;4;2;2;2;0
2020-02-12 15:16:59;85;15;22;11;8;2;4;2;2;2;0
2020-02-12 15:17:58;85;15;22;11;8;2;4;2;2;2;0
2020-02-12 15:18:59;85;15;22;11;8;2;4;2;2;2;0
2020-02-12 15:19:59;85;15;22;11;8;2;4;2;2;2;0
2020-02-12 15:20:58;85;15;22;11;8;2;4;2;2;2;0
2020-02-12 15:21:59;85;15;22;11;8;2;4;2;2;2;0
2020-02-12 15:22:59;86;16;22;11;8;2;4;2;2;2;0
2020-02-12 15:23:59;86;16;22;11;8;2;4;2;2;2;0
2020-02-12 15:24:58;86;16;22;11;8;2;4;2;2;2;0
2020-02-12 15:25:59;86;16;22;11;8;2;4;2;2;2;0
2020-02-12 15:26:59;86;16;22;11;8;2;4;2;2;2;0
2020-02-12 15:27:59;86;16;22;11;8;2;4;2;2;2;0
2020-02-12 15:28:58;86;16;22;11;8;2;4;2;2;2;0
2020-02-12 15:29:59;87;16;23;11;8;2;4;2;2;2;0
2020-02-12 15:30:59;87;16;23;11;8;2;4;2;2;2;0
2020-02-12 15:31:58;87;16;23;11;8;2;4;2;2;2;0
2020-02-12 15:32:59;87;16;23;11;8;2;4;2;2;2;0
2020-02-12 15:33:59;88;16;24;11;8;2;4;2;2;2;0
2020-02-12 15:34:58;88;16;24;11;8;2;4;2;2;2;0
2020-02-12 15:35:59;88;16;24;11;8;2;4;2;2;2;0
2020-02-12 15:36:59;88;16;24;11;8;2;4;2;2;2;0
2020-02-12 15:37:58;88;16;24;11;8;2;4;2;2;2;0
2020-02-12 15:38:59;88;16;24;11;8;2;4;2;2;2;0
2020-02-12 15:39:59;88;16;24;11;8;2;4;2;2;2;0
2020-02-12 15:40:59;88;16;24;11;8;2;4;2;2;2;0
2020-02-12 15:41:58;88;16;24;11;8;2;4;2;2;2;0
2020-02-12 15:42:59;88;16;24;11;8;2;4;2;2;2;0
2020-02-12 15:43:59;90;17;24;12;8;2;4;2;2;2;0
2020-02-12 15:44:58;91;17;25;12;8;2;4;2;2;2;0
2020-02-12 15:45:59;91;17;25;12;8;2;4;2;2;2;0
2020-02-12 15:46:59;92;18;25;12;8;2;4;2;2;2;0
2020-02-12 15:47:59;92;18;25;12;8;2;4;2;2;2;0
2020-02-12 15:48:58;92;18;25;12;8;2;4;2;2;2;0
2020-02-12 15:49:59;92;18;25;12;8;2;4;2;2;2;0
2020-02-12 15:50:59;93;18;25;13;8;2;4;2;2;2;0
2020-02-12 15:51:59;93;18;25;13;8;2;4;2;2;2;0
2020-02-12 15:52:59;94;19;25;13;8;2;4;2;2;2;0
2020-02-12 15:53:59;94;19;25;13;8;2;4;2;2;2;0
2020-02-12 15:54:59;94;19;25;13;8;2;4;2;2;2;0
2020-02-12 15:55:59;94;19;25;13;8;2;4;2;2;2;0
2020-02-12 15:56:58;94;19;25;13;8;2;4;2;2;2;0
2020-02-12 15:57:59;94;19;25;13;8;2;4;2;2;2;0
2020-02-12 15:58:59;94;19;25;13;8;2;4;2;2;2;0
2020-02-12 15:59:58;94;19;25;13;8;2;4;2;2;2;0
2020-02-12 16:00:59;94;19;25;13;8;2;4;2;2;2;0
2020-02-12 16:01:59;94;19;25;13;8;2;4;2;2;2;0
2020-02-12 16:02:59;94;19;25;13;8;2;4;2;2;2;0
2020-02-12 16:03:58;94;19;25;13;8;2;4;2;2;2;0
2020-02-12 16:04:59;94;19;25;13;8;2;4;2;2;2;0
2020-02-12 16:05:59;94;19;25;13;8;2;4;2;2;2;0
2020-02-12 16:06:58;94;19;25;13;8;2;4;2;2;2;0
2020-02-12 16:07:59;94;19;25;13;8;2;4;2;2;2;0
2020-02-12 16:08:59;94;19;25;13;8;2;4;2;2;2;0
2020-02-12 16:09:59;94;19;25;13;8;2;4;2;2;2;0
2020-02-12 16:10:58;94;19;25;13;8;2;4;2;2;2;0
2020-02-12 16:11:59;94;19;25;13;8;2;4;2;2;2;0
2020-02-12 16:12:59;94;19;25;13;8;2;4;2;2;2;0
2020-02-12 16:13:58;94;19;25;13;8;2;4;2;2;2;0
2020-02-12 16:14:59;94;19;25;13;8;2;4;2;2;2;0
2020-02-12 16:15:59;94;19;25;13;8;2;4;2;2;2;0
2020-02-12 16:16:59;94;19;25;13;8;2;4;2;2;2;0
2020-02-12 16:17:58;94;19;25;13;8;2;4;2;2;2;0
2020-02-12 16:18:59;94;19;25;13;8;2;4;2;2;2;0
2020-02-12 16:19:59;94;19;25;13;8;2;4;2;2;2;0
2020-02-12 16:20:58;94;19;25;13;8;2;4;2;2;2;0
2020-02-12 16:21:59;94;19;25;13;8;2;4;2;2;2;0
2020-02-12 16:22:59;94;19;25;13;8;2;4;2;2;2;0
2020-02-12 16:23:59;94;19;25;13;8;2;4;2;2;2;0
2020-02-12 16:24:58;94;19;25;13;8;2;4;2;2;2;0
2020-02-12 16:25:59;94;19;25;13;8;2;4;2;2;2;0
2020-02-12 16:26:59;94;19;25;13;8;2;4;2;2;2;0
2020-02-12 16:27:58;94;19;25;13;8;2;4;2;2;2;0
2020-02-12 16:28:59;94;19;25;13;8;2;4;2;2;2;0
2020-02-12 16:29:59;94;19;25;13;8;2;4;2;2;2;0
2020-02-12 16:30:58;94;19;25;13;8;2;4;2;2;2;0
2020-02-12 16:31:59;94;19;25;13;8;2;4;2;2;2;0
2020-02-12 16:32:59;94;19;25;13;8;2;4;2;2;2;0
2020-02-12 16:33:59;94;19;25;13;8;2;4;2;2;2;0
2020-02-12 16:34:58;94;19;25;13;8;2;4;2;2;2;0
2020-02-12 16:35:59;95;19;26;13;8;2;4;2;2;2;0
2020-02-12 16:36:59;95;19;26;13;8;2;4;2;2;2;0
2020-02-12 16:37:58;95;19;26;13;8;2;4;2;2;2;0
2020-02-12 16:38:59;95;19;26;13;8;2;4;2;2;2;0
2020-02-12 16:39:59;96;20;26;13;8;2;4;2;2;2;0
2020-02-12 16:40:58;96;20;26;13;8;2;4;2;2;2;0
2020-02-12 16:41:59;96;20;26;13;8;2;4;2;2;2;0
2020-02-12 16:42:59;96;20;26;13;8;2;4;2;2;2;0
2020-02-12 16:43:59;97;21;26;13;8;2;4;2;2;2;0
2020-02-12 16:44:58;97;21;26;13;8;2;4;2;2;2;0
2020-02-12 16:45:59;97;21;26;13;8;2;4;2;2;2;0
2020-02-12 16:46:59;97;21;26;13;8;2;4;2;2;2;0
2020-02-12 16:47:58;97;21;26;13;8;2;4;2;2;2;0
2020-02-12 16:48:59;97;21;26;13;8;2;4;2;2;2;0
2020-02-12 16:49:59;97;21;26;13;8;2;4;2;2;2;0
2020-02-12 16:50:58;98;21;27;13;8;2;4;2;2;2;0
2020-02-12 16:51:59;98;21;27;13;8;2;4;2;2;2;0
2020-02-12 16:52:59;98;21;27;13;8;2;4;2;2;2;0
2020-02-12 16:53:58;99;22;27;13;8;2;4;2;2;2;0
2020-02-12 16:54:59;99;22;27;13;8;2;4;2;2;2;0
2020-02-12 16:55:59;99;22;27;13;8;2;4;2;2;2;0
2020-02-12 16:56:59;99;22;27;13;8;2;4;2;2;2;0
2020-02-12 16:57:58;99;22;27;13;8;2;4;2;2;2;0
2020-02-12 16:58:59;100;23;27;13;8;2;4;2;2;2;0
2020-02-12 16:59:59;100;23;27;13;8;2;4;2;2;2;0
2020-02-12 17:00:59;100;23;27;13;8;2;4;2;2;2;0
2020-02-12 17:01:58;100;23;27;13;8;2;4;2;2;2;0
2020-02-12 17:02:59;100;23;27;13;8;2;4;2;2;2;0
2020-02-12 17:03:59;100;23;27;13;8;2;4;2;2;2;0
2020-02-12 17:05:00;100;23;27;13;8;2;4;2;2;2;0
2020-02-12 17:05:58;101;23;27;13;9;2;4;2;2;2;0
2020-02-12 17:06:59;101;23;27;13;9;2;4;2;2;2;0
2020-02-12 17:07:58;101;23;27;13;9;2;4;2;2;2;0
2020-02-12 17:08:59;101;23;27;13;9;2;4;2;2;2;0
2020-02-12 17:09:59;101;23;27;13;9;2;4;2;2;2;0
2020-02-12 17:10:59;101;23;27;13;9;2;4;2;2;2;0
2020-02-12 17:11:58;101;23;27;13;9;2;4;2;2;2;0
2020-02-12 17:12:59;101;23;27;13;9;2;4;2;2;2;0
2020-02-12 17:13:59;101;23;27;13;9;2;4;2;2;2;0
2020-02-12 17:14:59;101;24;27;12;9;2;4;2;2;2;0
2020-02-12 17:15:58;102;24;28;12;9;2;4;2;2;2;0
2020-02-12 17:16:59;102;24;28;12;9;2;4;2;2;2;0
2020-02-12 17:17:59;102;24;28;12;9;2;4;2;2;2;0
2020-02-12 17:18:58;102;24;28;12;9;2;4;2;2;2;0
2020-02-12 17:19:59;102;24;28;12;9;2;4;2;2;2;0
2020-02-12 17:20:59;102;24;28;12;9;2;4;2;2;2;0
2020-02-12 17:21:58;102;24;28;12;9;2;4;2;2;2;0
2020-02-12 17:22:59;102;24;28;12;9;2;4;2;2;2;0
2020-02-12 17:23:59;102;24;28;12;9;2;4;2;2;2;0
2020-02-12 17:24:58;102;24;28;12;9;2;4;2;2;2;0
2020-02-12 17:25:59;102;24;28;12;9;2;4;2;2;2;0
2020-02-12 17:26:59;102;24;28;12;9;2;4;2;2;2;0
2020-02-12 17:27:59;102;24;28;12;9;2;4;2;2;2;0
2020-02-12 17:28:58;102;24;28;12;9;2;4;2;2;2;0
2020-02-12 17:29:59;102;24;28;12;9;2;4;2;2;2;0
2020-02-12 17:30:59;102;24;28;12;9;2;4;2;2;2;0
2020-02-12 17:31:58;102;24;28;12;9;2;4;2;2;2;0
2020-02-12 17:32:59;102;24;28;12;9;2;4;2;2;2;0
2020-02-12 17:33:59;102;24;28;12;9;2;4;2;2;2;0
2020-02-12 17:34:59;102;24;28;12;9;2;4;2;2;2;0
2020-02-12 17:35:59;102;24;28;12;9;2;4;2;2;2;0
2020-02-12 17:36:58;102;24;28;12;9;2;4;2;2;2;0
2020-02-12 17:37:59;102;24;28;12;9;2;4;2;2;2;0
2020-02-12 17:38:59;102;24;28;12;9;2;4;2;2;2;0
2020-02-12 17:39:58;102;24;28;12;9;2;4;2;2;2;0
2020-02-12 17:40:59;102;24;28;12;9;2;4;2;2;2;0
2020-02-12 17:41:59;102;24;28;12;9;2;4;2;2;2;0
2020-02-12 17:42:58;102;24;28;12;9;2;4;2;2;2;0
2020-02-12 17:43:59;102;24;28;12;9;2;4;2;2;2;0
2020-02-12 17:44:59;102;24;28;12;9;2;4;2;2;2;0
2020-02-12 17:45:58;102;24;28;12;9;2;4;2;2;2;0
2020-02-12 17:46:59;102;24;28;12;9;2;4;2;2;2;0
2020-02-12 17:47:59;102;24;28;12;9;2;4;2;2;2;0
2020-02-12 17:48:58;102;24;28;12;9;2;4;2;2;2;0
2020-02-12 17:49:59;102;24;28;12;9;2;4;2;2;2;0
2020-02-12 17:50:59;102;24;28;12;9;2;4;2;2;2;0
2020-02-12 17:51:58;102;24;28;12;9;2;4;2;2;2;0
2020-02-12 17:52:59;102;24;28;12;9;2;4;2;2;2;0
2020-02-12 17:53:59;102;24;28;12;9;2;4;2;2;2;0
2020-02-12 17:54:59;102;24;28;12;9;2;4;2;2;2;0
2020-02-12 17:55:58;102;24;28;12;9;2;4;2;2;2;0
2020-02-12 17:56:59;102;24;28;12;9;2;4;2;2;2;0
2020-02-12 17:57:59;102;24;28;12;9;2;4;2;2;2;0
2020-02-12 17:58:58;102;24;28;12;9;2;4;2;2;2;0
2020-02-12 17:59:59;102;24;28;12;9;2;4;2;2;2;0
2020-02-12 18:00:59;102;24;28;12;9;2;4;2;2;2;0
2020-02-12 18:01:59;102;24;28;12;9;2;4;2;2;2;0
2020-02-12 18:02:58;102;24;28;12;9;2;4;2;2;2;0
2020-02-12 18:03:59;102;24;28;12;9;2;4;2;2;2;0
2020-02-12 18:05:00;102;24;28;12;9;2;4;2;2;2;0
2020-02-12 18:05:58;102;24;28;12;9;2;4;2;2;2;0
2020-02-12 18:06:59;102;24;28;12;9;2;4;2;2;2;0
2020-02-12 18:07:59;102;24;28;12;9;2;4;2;2;2;0
2020-02-12 18:08:58;103;24;29;12;9;2;4;2;2;2;0
2020-02-12 18:09:59;103;24;29;12;9;2;4;2;2;2;0
2020-02-12 18:10:59;103;24;29;12;9;2;4;2;2;2;0
2020-02-12 18:11:58;104;24;29;12;9;2;4;2;2;2;0
2020-02-12 18:12:59;104;24;29;12;9;2;4;2;2;2;0
2020-02-12 18:13:59;104;24;29;12;9;2;4;2;2;2;0
2020-02-12 18:14:59;104;24;29;12;9;2;4;2;2;2;0
2020-02-12 18:15:58;104;24;29;13;9;2;4;2;2;2;0
2020-02-12 18:16:59;104;24;29;13;9;2;4;2;2;2;0
2020-02-12 18:17:59;104;24;29;13;9;2;4;2;2;2;0
2020-02-12 18:18:58;104;24;29;13;9;2;4;2;2;2;0
2020-02-12 18:19:59;105;25;29;13;9;2;4;2;2;2;0
2020-02-12 18:20:59;105;25;29;13;9;2;4;2;2;2;0
2020-02-12 18:21:59;105;25;29;13;9;2;4;2;2;2;0
2020-02-12 18:22:58;105;25;29;13;9;2;4;2;2;2;0
2020-02-12 18:23:59;105;25;29;13;9;2;4;2;2;2;0
2020-02-12 18:24:59;105;25;29;13;9;2;4;2;2;2;0
2020-02-12 18:25:58;105;25;29;13;9;2;4;2;2;2;0
2020-02-12 18:26:59;106;26;29;13;9;2;4;2;2;2;0
2020-02-12 18:27:59;107;26;29;13;9;2;4;3;2;2;0
2020-02-12 18:28:59;107;26;29;13;9;2;4;3;2;2;0
2020-02-12 18:29:58;107;26;29;13;9;2;4;3;2;2;0
2020-02-12 18:30:59;107;26;29;13;9;2;4;3;2;2;0
2020-02-12 18:31:59;107;26;29;13;9;2;4;3;2;2;0
2020-02-12 18:32:58;107;26;29;13;9;2;4;3;2;2;0
2020-02-12 18:33:59;107;26;29;13;9;2;4;3;2;2;0
2020-02-12 18:34:59;107;26;29;13;9;2;4;3;2;2;0
2020-02-12 18:35:59;107;26;29;13;9;2;4;3;2;2;0
2020-02-12 18:36:58;107;26;29;13;9;2;4;3;2;2;0
2020-02-12 18:37:59;107;26;29;13;9;2;4;3;2;2;0
2020-02-12 18:38:59;107;26;29;13;9;2;4;3;2;2;0
2020-02-12 18:39:58;107;26;29;13;9;2;4;3;2;2;0
2020-02-12 18:40:59;107;26;29;13;9;2;4;3;2;2;0
2020-02-12 18:41:59;107;26;29;13;9;2;4;3;2;2;0
2020-02-12 18:42:59;107;26;29;13;9;2;4;3;2;2;0
2020-02-12 18:43:58;107;26;29;13;9;2;4;3;2;2;0
2020-02-12 18:44:59;107;26;29;13;9;2;4;3;2;2;0
2020-02-12 18:45:59;107;26;29;13;9;2;4;3;2;2;0
2020-02-12 18:46:58;107;26;29;13;9;2;4;3;2;2;0
2020-02-12 18:47:59;107;26;29;13;9;2;4;3;2;2;0
2020-02-12 18:48:59;107;26;29;13;9;2;4;3;2;2;0
2020-02-12 18:49:59;107;26;29;13;9;2;4;3;2;2;0
2020-02-12 18:50:58;107;26;29;13;9;2;4;3;2;2;0
2020-02-12 18:51:59;107;26;29;13;9;2;4;3;2;2;0
2020-02-12 18:52:59;107;26;29;13;9;2;4;3;2;2;0
2020-02-12 18:53:58;107;26;29;13;9;2;4;3;2;2;0
2020-02-12 18:54:59;107;26;29;13;9;2;4;3;2;2;0
2020-02-12 18:55:59;107;26;29;13;9;2;4;3;2;2;0
2020-02-12 18:56:58;108;26;29;14;9;2;4;3;2;2;0
2020-02-12 18:57:59;108;26;29;14;9;2;4;3;2;2;0
2020-02-12 18:58:59;108;26;29;14;9;2;4;3;2;2;0
2020-02-12 18:59:58;108;26;29;14;9;2;4;3;2;2;0
2020-02-12 19:00:59;108;26;29;14;9;2;4;3;2;2;0
2020-02-12 19:01:59;108;26;29;14;9;2;4;3;2;2;0
2020-02-12 19:02:59;108;26;29;14;9;2;4;3;2;2;0
2020-02-12 19:03:58;108;26;29;14;9;2;4;3;2;2;0
2020-02-12 19:04:59;108;26;29;14;9;2;4;3;2;2;0
2020-02-12 19:05:59;108;26;29;14;9;2;4;3;2;2;0
2020-02-12 19:06:59;108;26;29;14;9;2;4;3;2;2;0
2020-02-12 19:07:58;108;26;29;14;9;2;4;3;2;2;0
2020-02-12 19:08:59;108;26;29;14;9;2;4;3;2;2;0
2020-02-12 19:09:59;108;26;29;14;9;2;4;3;2;2;0
2020-02-12 19:11:00;108;26;29;14;9;2;4;3;2;2;0
2020-02-12 19:11:58;108;26;29;14;9;2;4;3;2;2;0
2020-02-12 19:12:59;108;26;29;14;9;2;4;3;2;2;0
2020-02-12 19:13:59;108;26;29;14;9;2;4;3;2;2;0
2020-02-12 19:14:58;108;26;29;14;9;2;4;3;2;2;0
2020-02-12 19:15:59;108;27;29;14;9;2;4;3;2;2;0
2020-02-12 19:16:59;108;27;29;14;9;2;4;3;2;2;0
2020-02-12 19:17:58;108;27;29;14;9;2;4;3;2;2;0
2020-02-12 19:18:59;108;27;29;14;9;2;4;3;2;2;0
2020-02-12 19:19:59;108;27;29;14;9;2;4;3;2;2;0
2020-02-12 19:20:59;108;27;29;14;9;2;4;3;2;2;0
2020-02-12 19:21:58;108;27;29;14;9;2;4;3;2;2;0
2020-02-12 19:22:59;108;27;29;14;9;2;4;3;2;2;0
2020-02-12 19:23:59;108;27;29;14;9;2;4;3;2;2;0
2020-02-12 19:24:58;108;27;29;14;9;2;4;3;2;2;0
2020-02-12 19:25:59;109;27;30;14;9;2;4;3;2;2;0
2020-02-12 19:26:59;109;27;30;14;9;2;4;3;2;2;0
2020-02-12 19:27:59;109;27;30;14;9;2;4;3;2;2;0
2020-02-12 19:28:58;109;27;30;14;9;2;4;3;2;2;0
2020-02-12 19:29:59;109;27;30;14;9;2;4;3;2;2;0
2020-02-12 19:30:59;109;27;30;14;9;2;4;3;2;2;0
2020-02-12 19:31:59;109;27;30;14;9;2;4;3;2;2;0
2020-02-12 19:32:58;109;27;30;14;9;2;4;3;2;2;0
2020-02-12 19:33:59;109;27;30;14;9;2;4;3;2;2;0
2020-02-12 19:34:59;109;27;30;14;9;2;4;3;2;2;0
2020-02-12 19:35:58;109;27;30;14;9;2;4;3;2;2;0
2020-02-12 19:36:59;109;27;30;14;9;2;4;3;2;2;0
2020-02-12 19:37:59;109;27;30;14;9;2;4;3;2;2;0
2020-02-12 19:38:59;109;27;30;14;9;2;4;3;2;2;0
2020-02-12 19:39:58;109;27;30;14;9;2;4;3;2;2;0
2020-02-12 19:40:59;109;27;30;14;9;2;4;3;2;2;0
2020-02-12 19:41:59;109;27;30;14;9;2;4;3;2;2;0
2020-02-12 19:42:58;109;27;30;14;9;2;4;3;2;2;0
2020-02-12 19:43:59;109;27;30;14;9;2;4;3;2;2;0
2020-02-12 19:44:59;109;27;30;14;9;2;4;3;2;2;0
2020-02-12 19:45:59;109;27;30;14;9;2;4;3;2;2;0
2020-02-12 19:46:58;109;27;30;14;9;2;4;3;2;2;0
2020-02-12 19:47:59;109;27;30;14;9;2;4;3;2;2;0
2020-02-12 19:48:59;109;27;30;14;9;2;4;3;2;2;0
2020-02-12 19:49:58;109;27;30;14;9;2;4;3;2;2;0
2020-02-12 19:50:59;109;27;30;14;9;2;4;3;2;2;0
2020-02-12 19:51:58;109;27;30;14;9;2;4;3;2;2;0
2020-02-12 19:52:59;109;27;30;14;9;2;4;3;2;2;0
2020-02-12 19:53:59;109;27;30;14;9;2;4;3;2;2;0
2020-02-12 19:54:59;109;27;30;14;9;2;4;3;2;2;0
2020-02-12 19:55:58;109;27;30;14;9;2;4;3;2;2;0
2020-02-12 19:56:59;109;27;30;14;9;2;4;3;2;2;0
2020-02-12 19:57:59;109;27;30;14;9;2;4;3;2;2;0
2020-02-12 19:58:58;109;27;30;14;9;2;4;3;2;2;0
2020-02-12 19:59:59;109;27;30;14;9;2;4;3;2;2;0
2020-02-12 20:00:59;109;27;30;14;9;2;4;3;2;2;0
2020-02-12 20:01:58;109;27;30;14;9;2;4;3;2;2;0
2020-02-12 20:02:59;109;27;30;14;9;2;4;3;2;2;0
2020-02-12 20:03:59;109;27;30;14;9;2;4;3;2;2;0
2020-02-12 20:04:58;109;28;30;14;9;2;4;3;2;2;0
2020-02-12 20:05:59;109;28;30;14;9;2;4;3;2;2;0
2020-02-12 20:06:59;109;28;30;14;9;2;4;3;2;2;0
2020-02-12 20:07:59;109;28;30;14;9;2;4;3;2;2;0
2020-02-12 20:08:58;110;28;30;14;9;2;4;3;2;2;0
2020-02-12 20:09:59;110;28;30;14;9;2;4;3;2;2;0
2020-02-12 20:10:59;110;28;30;14;9;2;4;3;2;2;0
2020-02-12 20:11:58;110;28;30;14;9;2;4;3;2;2;0
2020-02-12 20:12:59;110;28;30;14;9;2;4;3;2;2;0
2020-02-12 20:13:59;110;28;30;14;9;2;4;3;2;2;0
2020-02-12 20:14:59;110;28;30;14;9;2;4;3;2;2;0
2020-02-12 20:15:58;110;28;30;14;9;2;4;3;2;2;0
2020-02-12 20:16:59;110;28;30;14;9;2;4;3;2;2;0
2020-02-12 20:17:59;110;28;30;14;9;2;4;3;2;2;0
2020-02-12 20:18:59;110;28;30;14;9;2;4;3;2;2;0
2020-02-12 20:19:58;110;28;30;14;9;2;4;3;2;2;0
2020-02-12 20:20:59;110;28;30;14;9;2;4;3;2;2;0
2020-02-12 20:21:59;110;28;30;14;9;2;4;3;2;2;0
2020-02-12 20:22:58;110;28;30;14;9;2;4;3;2;2;0
2020-02-12 20:23:59;110;28;30;14;9;2;4;3;2;2;0
2020-02-12 20:24:59;110;28;30;14;9;2;4;3;2;2;0
2020-02-12 20:25:58;110;28;30;14;9;2;4;3;2;2;0
2020-02-12 20:26:59;110;28;30;14;9;2;4;3;2;2;0
2020-02-12 20:27:59;110;28;30;14;9;2;4;3;2;2;0
2020-02-12 20:29:00;110;28;30;14;9;2;4;3;2;2;0
2020-02-12 20:29:58;110;28;30;14;9;2;4;3;2;2;0
2020-02-12 20:30:59;110;28;30;14;9;2;4;3;2;2;0
2020-02-12 20:31:59;110;28;30;14;9;2;4;3;2;2;0
2020-02-12 20:32:58;110;28;30;14;9;2;4;3;2;2;0
2020-02-12 20:33:59;110;28;30;14;9;2;4;3;2;2;0
2020-02-12 20:34:59;110;28;30;14;9;2;4;3;2;2;0
2020-02-12 20:35:58;110;28;30;14;9;2;4;3;2;2;0
2020-02-12 20:36:59;111;28;30;14;9;3;4;3;2;2;0
2020-02-12 20:37:59;111;28;30;14;9;3;4;3;2;2;0
2020-02-12 20:38:58;111;28;30;14;9;3;4;3;2;2;0
2020-02-12 20:39:59;111;28;30;14;9;3;4;3;2;2;0
2020-02-12 20:40:59;111;28;30;14;9;3;4;3;2;2;0
2020-02-12 20:41:58;111;28;30;14;9;3;4;3;2;2;0
2020-02-12 20:42:59;112;28;31;14;9;3;4;3;2;2;0
2020-02-12 20:43:59;112;28;31;14;9;3;4;3;2;2;0
2020-02-12 20:44:58;112;28;31;14;9;3;4;3;2;2;0
2020-02-12 20:45:59;112;28;31;14;9;3;4;3;2;2;0
2020-02-12 20:46:59;112;28;31;14;9;3;4;3;2;2;0
2020-02-12 20:47:58;112;28;31;14;9;3;4;3;2;2;0
2020-02-12 20:48:59;112;28;31;14;9;3;4;3;2;2;0
2020-02-12 20:49:59;112;28;31;14;9;3;4;3;2;2;0
2020-02-12 20:50:58;112;28;31;14;9;3;4;3;2;2;0
2020-02-12 20:51:59;112;28;31;14;9;3;4;3;2;2;0
2020-02-12 20:52:59;113;28;32;14;9;3;4;3;2;2;0
2020-02-12 20:53:59;114;28;32;14;9;4;4;3;2;2;0
2020-02-12 20:54:58;114;28;32;14;9;4;4;3;2;2;0
2020-02-12 20:55:59;114;28;32;14;9;4;4;3;2;2;0
2020-02-12 20:56:58;114;28;32;14;9;4;4;3;2;2;0
2020-02-12 20:57:59;114;28;32;14;9;4;4;3;2;2;0
2020-02-12 20:58:59;114;28;32;14;9;4;4;3;2;2;0
2020-02-12 20:59:59;114;28;32;14;9;4;4;3;2;2;0
2020-02-12 21:00:58;115;29;32;14;9;4;4;3;2;2;0
2020-02-12 21:01:59;115;29;33;14;9;4;4;3;2;2;0
2020-02-12 21:02:58;115;29;33;14;9;4;4;3;2;2;0
2020-02-12 21:03:59;116;29;33;15;9;4;4;3;2;2;0
2020-02-12 21:04:59;116;29;33;15;9;4;4;3;2;2;0
2020-02-12 21:05:58;116;29;33;15;9;4;4;3;2;2;0
2020-02-12 21:06:59;116;29;33;15;9;4;4;3;2;2;0
2020-02-12 21:07:59;116;29;34;14;9;4;4;3;2;2;0
2020-02-12 21:08:59;114;29;34;14;7;4;4;3;2;2;0
2020-02-12 21:09:58;114;29;34;14;7;4;4;3;2;2;0
2020-02-12 21:10:59;114;29;34;14;7;4;4;3;2;2;0
2020-02-12 21:11:59;114;29;34;14;7;4;4;3;2;2;0
2020-02-12 21:12:58;114;29;34;14;7;4;4;3;2;2;0
2020-02-12 21:13:59;114;29;34;14;7;4;4;3;2;2;0
2020-02-12 21:14:59;114;29;34;14;7;4;4;3;2;2;0
2020-02-12 21:15:59;114;29;34;14;7;4;4;3;2;2;0
2020-02-12 21:16:58;114;29;34;14;7;4;4;3;2;2;0
2020-02-12 21:17:59;114;29;34;14;7;4;4;3;2;2;0
2020-02-12 21:18:58;114;29;34;14;7;4;4;3;2;2;0
2020-02-12 21:19:59;114;29;34;14;7;4;4;3;2;2;0
2020-02-12 21:20:59;114;29;34;14;7;4;4;3;2;2;0
2020-02-12 21:21:59;114;29;34;14;7;4;4;3;2;2;0
2020-02-12 21:22:58;114;29;34;14;7;4;4;3;2;2;0
2020-02-12 21:23:59;115;29;35;14;7;4;4;3;2;2;0
2020-02-12 21:24:59;116;29;35;14;7;4;5;3;2;2;0
2020-02-12 21:25:58;115;29;35;14;7;4;5;3;2;2;0
2020-02-12 21:26:59;115;29;35;14;7;4;5;3;2;2;0
2020-02-12 21:27:59;115;29;35;14;7;4;5;3;2;2;0
2020-02-12 21:28:59;115;29;35;14;7;4;5;3;2;2;0
2020-02-12 21:29:58;115;29;35;14;7;4;5;3;2;2;0
2020-02-12 21:30:59;115;29;35;14;7;4;5;3;2;2;0
2020-02-12 21:31:59;115;29;35;14;7;4;5;3;2;2;0
2020-02-12 21:32:58;115;29;35;14;7;4;5;3;2;2;0
2020-02-12 21:33:59;115;29;35;14;7;4;5;3;2;2;0
2020-02-12 21:34:59;115;29;35;14;7;4;5;3;2;2;0
2020-02-12 21:35:59;115;29;35;14;7;4;5;3;2;2;0
2020-02-12 21:36:58;114;28;35;14;7;4;5;3;2;2;0
2020-02-12 21:37:59;115;29;35;14;7;4;5;3;2;2;0
2020-02-12 21:38:59;115;29;35;14;7;4;5;3;2;2;0
2020-02-12 21:39:58;115;29;35;14;7;4;5;3;2;2;0
2020-02-12 21:40:59;115;29;35;14;7;4;5;3;2;2;0
2020-02-12 21:41:59;115;29;35;14;7;4;5;3;2;2;0
2020-02-12 21:43:00;115;29;35;14;7;4;5;3;2;2;0
2020-02-12 21:43:58;115;29;35;14;7;4;5;3;2;2;0
2020-02-12 21:44:59;115;29;35;14;7;4;5;3;2;2;0
2020-02-12 21:45:59;115;29;35;14;7;4;5;3;2;2;0
2020-02-12 21:46:58;115;29;35;14;7;4;5;3;2;2;0
2020-02-12 21:47:59;116;30;35;14;7;4;5;3;2;2;0
2020-02-12 21:48:59;116;30;35;14;7;4;5;3;2;2;0
2020-02-12 21:50:00;117;31;35;15;7;4;5;3;2;2;1
2020-02-12 21:50:58;117;31;35;15;7;4;5;3;2;2;1
2020-02-12 21:51:59;118;32;35;15;7;4;5;3;2;2;1
2020-02-12 21:52:59;119;32;35;15;8;4;5;3;2;2;1
2020-02-12 21:53:58;119;32;35;15;8;4;5;3;2;2;1
2020-02-12 21:54:59;119;32;35;15;8;4;5;3;2;2;1
2020-02-12 21:55:59;119;32;35;15;8;4;5;3;2;2;1
2020-02-12 21:56:58;120;32;35;16;8;4;5;3;2;2;1
2020-02-12 21:57:59;120;32;35;16;8;4;5;3;2;2;1
2020-02-12 21:58:59;120;32;35;16;8;4;5;3;2;2;1
2020-02-12 21:59:58;121;33;35;16;8;4;5;3;2;2;1
2020-02-12 22:00:59;121;33;35;16;8;4;5;3;2;2;1
2020-02-12 22:01:59;121;33;35;16;8;4;5;3;2;2;1
2020-02-12 22:02:59;122;33;36;16;8;4;5;3;2;2;1
2020-02-12 22:03:58;122;33;36;16;8;4;5;3;2;2;1
2020-02-12 22:04:59;123;34;36;16;8;4;5;3;2;2;1
2020-02-12 22:05:59;123;34;36;16;8;4;5;3;2;2;1
2020-02-12 22:06:58;123;34;36;16;8;4;5;3;2;2;1
2020-02-12 22:07:59;123;34;36;16;8;4;5;3;2;2;1
2020-02-12 22:08:59;123;34;36;16;8;4;5;3;2;2;1
2020-02-12 22:09:58;123;34;36;16;8;4;5;3;2;2;1
2020-02-12 22:10:59;123;34;36;16;8;4;5;3;2;2;1
2020-02-12 22:11:59;123;34;36;16;8;4;5;3;2;2;1
2020-02-12 22:12:58;123;34;36;16;8;4;5;3;2;2;1
2020-02-12 22:13:59;123;34;36;16;8;4;5;3;2;2;1
2020-02-12 22:14:59;123;34;36;16;8;4;5;3;2;2;1
2020-02-12 22:15:58;123;34;36;16;8;4;5;3;2;2;1
2020-02-12 22:16:59;123;34;36;16;8;4;5;3;2;2;1
2020-02-12 22:17:59;123;34;36;16;8;4;5;3;2;2;1
2020-02-12 22:18:59;123;34;36;16;8;4;5;3;2;2;1
2020-02-12 22:19:58;123;34;36;16;8;4;5;3;2;2;1
2020-02-12 22:20:59;123;34;36;16;8;4;5;3;2;2;1
2020-02-12 22:21:59;123;34;36;16;8;4;5;3;2;2;1
2020-02-12 22:22:58;123;34;36;16;8;4;5;3;2;2;1
2020-02-12 22:23:59;123;34;36;16;8;4;5;3;2;2;1
2020-02-12 22:24:58;123;34;36;16;8;4;5;3;2;2;1
2020-02-12 22:25:59;123;34;36;16;8;4;5;3;2;2;1
2020-02-12 22:26:59;123;34;36;16;8;4;5;3;2;2;1
2020-02-12 22:28:00;123;34;36;16;8;4;5;3;2;2;1
2020-02-12 22:28:58;123;34;36;16;8;4;5;3;2;2;1
2020-02-12 22:29:59;123;34;36;16;8;4;5;3;2;2;1
2020-02-12 22:30:59;123;34;36;16;8;4;5;3;2;2;1
2020-02-12 22:31:58;123;34;36;16;8;4;5;3;2;2;1
2020-02-12 22:32:59;123;34;36;16;8;4;5;3;2;2;1
2020-02-12 22:33:59;123;34;36;16;8;4;5;3;2;2;1
2020-02-12 22:34:59;125;35;37;16;8;4;5;3;2;2;1
2020-02-12 22:35:58;126;35;38;16;8;4;5;3;2;2;1
2020-02-12 22:36:59;126;35;38;16;8;4;5;3;2;2;1
2020-02-12 22:37:59;127;35;39;16;8;4;5;3;2;2;1
2020-02-12 22:38:59;127;35;39;16;8;4;5;3;2;2;1
2020-02-12 22:39:58;126;35;39;15;8;4;5;3;2;2;1
2020-02-12 22:40:59;128;37;39;15;8;4;5;3;2;2;1
2020-02-12 22:41:58;128;37;39;15;8;4;5;3;2;2;1
2020-02-12 22:42:59;128;37;39;15;8;4;5;3;2;2;1
2020-02-12 22:43:59;128;37;39;15;8;4;5;3;2;2;1
2020-02-12 22:44:59;128;37;39;15;8;4;5;3;2;2;1
2020-02-12 22:45:58;129;37;40;15;8;4;5;3;2;2;1
2020-02-12 22:46:59;129;37;40;15;8;4;5;3;2;2;1
2020-02-12 22:47:59;129;37;40;15;8;4;5;3;2;2;1
2020-02-12 22:48:58;129;37;40;15;8;4;5;3;2;2;1
2020-02-12 22:49:59;130;38;40;15;8;4;5;3;2;2;1
2020-02-12 22:50:59;130;38;40;15;8;4;5;3;2;2;1
2020-02-12 22:51:58;130;38;40;15;8;4;5;3;2;2;1
2020-02-12 22:52:59;131;38;40;16;8;4;5;3;2;2;1
2020-02-12 22:53:59;132;38;40;16;8;4;5;4;2;2;1
2020-02-12 22:54:59;132;38;40;16;8;4;5;4;2;2;1
2020-02-12 22:55:58;132;38;40;16;8;4;5;4;2;2;1
2020-02-12 22:56:59;132;38;40;16;8;4;5;4;2;2;1
2020-02-12 22:57:59;132;38;40;16;8;5;4;4;2;2;1
2020-02-12 22:58:58;132;38;40;16;8;5;4;4;2;2;1
2020-02-12 22:59:59;132;38;40;16;8;5;4;4;2;2;1
2020-02-12 23:00:59;132;38;40;16;8;5;4;4;2;2;1
2020-02-12 23:01:58;132;38;40;16;8;5;4;4;2;2;1
2020-02-12 23:02:59;132;38;40;16;8;5;4;4;2;2;1
2020-02-12 23:03:59;132;38;40;16;8;5;4;4;2;2;1
2020-02-12 23:04:59;132;38;40;16;8;5;4;4;2;2;1
2020-02-12 23:05:58;132;38;40;16;8;5;4;4;2;2;1
2020-02-12 23:06:59;132;38;40;16;8;5;4;4;2;2;1
2020-02-12 23:07:59;132;38;40;16;8;5;4;4;2;2;1
2020-02-12 23:08:59;132;38;40;16;8;5;4;4;2;2;1
2020-02-12 23:09:58;132;38;40;16;8;5;4;4;2;2;1
2020-02-12 23:10:59;132;38;40;16;8;5;4;4;2;2;1
2020-02-12 23:11:59;132;38;40;16;8;5;4;4;2;2;1
2020-02-12 23:12:58;132;38;40;16;8;5;4;4;2;2;1
2020-02-12 23:13:59;132;38;40;16;8;5;4;4;2;2;1
2020-02-12 23:14:59;132;38;40;16;8;5;4;4;2;2;1
2020-02-12 23:15:58;132;38;40;16;8;5;4;4;2;2;1
2020-02-12 23:16:59;132;38;40;16;8;5;4;4;2;2;1
2020-02-12 23:17:59;132;38;40;16;8;5;4;4;2;2;1
2020-02-12 23:18:58;132;38;40;16;8;5;4;4;2;2;1
2020-02-12 23:19:59;132;38;40;16;8;5;4;4;2;2;1
2020-02-12 23:20:59;132;38;40;16;8;5;4;4;2;2;1
2020-02-12 23:21:58;132;38;40;16;8;5;4;4;2;2;1
2020-02-12 23:22:59;132;38;40;16;8;5;4;4;2;2;1
2020-02-12 23:23:59;132;38;40;16;8;5;4;4;2;2;1
2020-02-12 23:24:58;132;38;40;16;8;5;4;4;2;2;1
2020-02-12 23:25:59;132;38;40;16;8;5;4;4;2;2;1
2020-02-12 23:26:59;132;38;40;16;8;5;4;4;2;2;1
2020-02-12 23:27:58;132;38;40;16;8;5;4;4;2;2;1
2020-02-12 23:28:59;132;38;40;16;8;5;4;4;2;2;1
2020-02-12 23:29:59;132;38;40;16;8;5;4;4;2;2;1
2020-02-12 23:30:59;132;39;39;16;8;5;4;4;2;2;1
2020-02-12 23:31:58;132;39;39;16;8;5;4;4;2;2;1
2020-02-12 23:32:59;132;39;39;16;8;5;4;4;2;2;1
2020-02-12 23:33:59;132;39;39;16;8;5;4;4;2;2;1
2020-02-12 23:34:59;132;39;39;16;8;5;4;4;2;2;1
2020-02-12 23:35:58;133;40;39;16;8;5;4;4;2;2;1
2020-02-12 23:36:59;133;40;39;16;8;5;4;4;2;2;1
2020-02-12 23:37:59;133;40;39;16;8;5;4;4;2;2;1
2020-02-12 23:38:59;133;40;39;16;8;5;4;4;2;2;1
2020-02-12 23:39:58;133;40;39;16;8;5;4;4;2;2;1
2020-02-12 23:40:59;133;39;40;16;8;5;4;4;2;2;1
2020-02-12 23:41:58;133;39;40;16;8;5;4;4;2;2;1
2020-02-12 23:42:59;133;39;40;16;8;5;4;4;2;2;1
2020-02-12 23:43:59;133;39;40;16;8;5;4;4;2;2;1
2020-02-12 23:44:58;134;39;41;16;8;5;4;4;2;2;1
2020-02-12 23:45:59;134;39;41;16;8;5;4;4;2;2;1
2020-02-12 23:46:59;134;39;41;16;8;5;4;4;2;2;1
2020-02-12 23:48:00;134;40;41;16;8;5;4;4;2;2;1
2020-02-12 23:48:58;135;41;41;16;8;5;4;4;2;2;1
2020-02-12 23:49:59;136;42;41;16;8;5;4;4;2;2;1
2020-02-12 23:50:59;136;41;42;16;8;5;4;4;2;2;1
2020-02-12 23:51:58;136;41;42;16;8;5;4;4;2;2;1
2020-02-12 23:52:59;136;41;42;16;8;5;4;4;2;2;1
2020-02-12 23:53:59;136;41;42;16;8;5;4;4;2;2;1
2020-02-12 23:54:58;137;42;42;16;8;5;4;4;2;2;1
2020-02-12 23:55:59;137;43;41;16;8;5;4;4;2;2;1
2020-02-12 23:56:59;138;43;42;16;8;5;4;4;2;2;1
2020-02-12 23:57:58;137;42;43;16;8;4;4;4;2;2;1
2020-02-12 23:58:59;137;42;43;16;8;4;4;4;2;2;1
2020-02-12 23:59:59;139;44;43;16;8;4;4;4;2;2;1
