datetime;total_votes;redslot;phoenyxxx;navalny;Plancus;FRANNI;jakesnake;Terkin;LumberJack;bf6;isen
2020-06-03 00:00:59;0;0;0;0;0;0;0;0;0;0;0
2020-06-03 00:01:59;0;0;0;0;0;0;0;0;0;0;0
2020-06-03 00:02:58;0;0;0;0;0;0;0;0;0;0;0
2020-06-03 00:03:59;2;1;1;0;0;0;0;0;0;0;0
2020-06-03 00:04:58;3;1;1;0;1;0;0;0;0;0;0
2020-06-03 00:05:59;6;1;2;0;1;0;0;0;0;1;0
2020-06-03 00:06:58;6;1;2;0;1;0;0;0;0;1;0
2020-06-03 00:07:59;8;1;3;0;1;0;0;0;1;1;0
2020-06-03 00:08:59;9;2;3;0;1;0;0;0;1;1;0
2020-06-03 00:09:58;10;2;4;0;1;0;0;0;1;1;0
2020-06-03 00:10:59;11;2;4;0;1;0;0;0;1;1;0
2020-06-03 00:11:58;12;2;5;0;1;0;0;0;1;1;0
2020-06-03 00:12:59;13;2;5;0;1;0;0;0;1;1;0
2020-06-03 00:13:58;14;2;6;0;1;0;0;0;1;1;0
2020-06-03 00:14:59;15;2;6;0;1;0;0;0;1;1;1
2020-06-03 00:15:58;16;2;7;0;1;0;0;0;1;1;1
2020-06-03 00:17:00;16;2;7;0;1;0;0;0;1;1;0
2020-06-03 00:17:58;17;2;8;0;1;0;0;0;1;1;0
2020-06-03 00:18:59;18;2;8;0;1;0;0;0;1;1;0
2020-06-03 00:19:59;19;2;9;0;1;0;0;0;1;1;0
2020-06-03 00:20:58;20;2;9;0;1;0;0;0;1;1;0
2020-06-03 00:21:59;23;2;10;0;2;0;0;0;1;1;0
2020-06-03 00:22:58;24;3;10;0;2;0;0;0;1;1;0
2020-06-03 00:23:59;26;4;11;0;2;0;0;0;1;1;0
2020-06-03 00:24:58;27;4;11;0;2;0;0;0;2;1;0
2020-06-03 00:25:59;28;4;11;0;2;0;0;0;2;1;1
2020-06-03 00:26:59;28;4;11;0;2;0;0;0;2;1;1
2020-06-03 00:27:58;29;4;11;0;2;0;0;0;2;0;0
2020-06-03 00:28:59;30;4;11;0;2;0;0;0;2;1;0
2020-06-03 00:29:59;31;4;11;0;2;0;0;0;2;0;0
2020-06-03 00:30:58;32;4;11;0;2;0;0;0;2;0;2
2020-06-03 00:32:00;33;4;11;0;2;0;0;0;2;1;2
2020-06-03 00:32:58;34;4;11;0;2;0;0;0;2;1;2
2020-06-03 00:34:00;34;4;11;0;2;0;0;0;2;1;2
2020-06-03 00:34:58;36;5;11;0;2;0;0;0;2;0;2
2020-06-03 00:35:59;36;5;11;0;2;0;0;0;2;0;2
2020-06-03 00:36:58;38;6;12;0;2;0;0;0;2;0;2
2020-06-03 00:37:59;39;7;12;0;2;0;0;0;2;0;2
2020-06-03 00:38:59;39;7;12;0;2;0;0;0;2;0;2
2020-06-03 00:39:58;40;8;12;0;2;0;0;0;2;0;2
2020-06-03 00:40:59;40;8;12;0;2;0;0;0;2;0;2
2020-06-03 00:41:58;40;8;12;0;2;0;0;0;2;0;2
2020-06-03 00:42:59;40;8;12;0;2;0;0;0;2;0;2
2020-06-03 00:43:58;41;9;12;0;2;0;0;0;2;0;2
2020-06-03 00:44:59;41;9;12;0;2;0;0;0;2;0;2
2020-06-03 00:45:58;40;9;12;0;2;0;0;0;2;0;2
2020-06-03 00:46:59;41;10;12;0;2;0;0;0;2;0;2
2020-06-03 00:47:58;41;10;12;0;2;0;0;0;2;0;2
2020-06-03 00:48:59;42;10;12;0;2;0;0;0;2;0;2
2020-06-03 00:49:59;42;10;12;0;2;0;0;0;2;0;2
2020-06-03 00:50:58;42;10;12;0;2;0;0;0;2;0;2
2020-06-03 00:52:00;42;10;12;0;2;0;0;0;2;0;2
2020-06-03 00:52:58;42;10;12;0;2;0;0;0;2;0;2
2020-06-03 00:53:59;42;10;12;0;2;0;0;0;2;0;2
2020-06-03 00:54:58;42;10;12;0;2;0;0;0;2;0;2
2020-06-03 00:55:59;42;10;12;0;2;0;0;0;2;0;2
2020-06-03 00:56:59;42;10;12;0;2;0;0;0;2;0;2
2020-06-03 00:57:58;42;10;12;0;2;0;0;0;2;0;2
2020-06-03 00:58:59;42;10;12;0;2;0;0;0;2;0;2
2020-06-03 00:59:58;42;10;12;0;2;0;0;0;2;0;2
2020-06-03 01:01:00;43;10;12;0;2;2;0;0;2;0;2
2020-06-03 01:01:58;43;10;12;0;2;2;0;0;2;0;2
2020-06-03 01:02:59;43;10;12;0;2;2;0;0;2;0;2
2020-06-03 01:03:58;43;10;12;0;2;2;0;0;2;0;2
2020-06-03 01:04:59;43;10;12;0;2;2;0;0;2;0;2
2020-06-03 01:05:58;43;10;12;0;2;2;0;0;2;0;2
2020-06-03 01:06:59;43;10;12;0;2;2;0;0;2;0;2
2020-06-03 01:07:58;43;10;12;0;2;2;0;0;2;0;2
2020-06-03 01:08:59;43;10;12;0;2;2;0;0;2;0;2
2020-06-03 01:09:58;43;10;12;0;2;2;0;0;2;0;2
2020-06-03 01:10:59;43;10;12;0;2;2;0;0;2;0;2
2020-06-03 01:11:58;43;10;12;0;2;2;0;0;2;0;2
2020-06-03 01:12:59;43;10;12;0;2;2;0;0;2;0;2
2020-06-03 01:13:58;43;10;12;0;2;2;0;0;2;0;2
2020-06-03 01:14:59;43;10;12;0;2;2;0;0;2;0;2
2020-06-03 01:15:59;44;10;12;0;2;2;0;0;2;0;2
2020-06-03 01:16:58;44;10;12;0;2;2;0;0;2;0;2
2020-06-03 01:17:59;44;10;12;0;2;2;0;0;2;0;2
2020-06-03 01:18:58;44;10;12;0;2;2;0;0;2;0;2
2020-06-03 01:19:59;44;10;12;0;2;2;0;0;2;0;2
2020-06-03 01:20:59;45;10;12;0;2;2;0;0;2;0;2
2020-06-03 01:21:58;45;10;12;0;2;2;0;0;2;0;2
2020-06-03 01:22:59;45;10;12;0;2;2;0;0;2;0;2
2020-06-03 01:23:58;45;10;12;0;2;2;0;0;2;0;2
2020-06-03 01:24:59;46;11;12;0;2;2;0;0;2;0;2
2020-06-03 01:25:58;46;11;12;0;2;2;0;0;2;0;2
2020-06-03 01:26:59;46;11;12;0;2;2;0;0;2;0;2
2020-06-03 01:27:59;46;11;12;0;2;2;0;0;2;0;2
2020-06-03 01:28:58;46;11;12;0;2;2;0;0;2;0;2
2020-06-03 01:29:59;46;11;12;0;2;2;0;0;2;0;2
2020-06-03 01:30:58;46;11;12;0;2;2;0;0;2;0;2
2020-06-03 01:31:59;47;11;12;0;2;2;0;0;2;0;2
2020-06-03 01:32:59;48;11;13;0;2;2;0;0;2;0;2
2020-06-03 01:33:58;48;11;13;0;2;2;0;0;2;0;2
2020-06-03 01:35:00;48;11;13;0;2;2;0;0;2;0;2
2020-06-03 01:35:58;48;11;13;0;2;2;0;0;2;0;2
2020-06-03 01:36:59;48;11;13;0;2;2;0;0;2;0;2
2020-06-03 01:37:59;48;11;13;0;2;2;0;0;2;0;2
2020-06-03 01:38:58;48;11;13;0;2;2;0;0;2;0;2
2020-06-03 01:39:59;49;11;13;0;2;3;0;0;2;0;2
2020-06-03 01:40:58;49;11;13;0;2;3;0;0;2;0;2
2020-06-03 01:41:59;51;12;13;0;2;4;0;0;2;0;2
2020-06-03 01:42:59;51;12;13;0;2;4;0;0;2;0;2
2020-06-03 01:43:58;51;12;13;0;2;4;0;0;2;0;2
2020-06-03 01:44:59;51;12;13;0;2;4;0;0;2;0;2
2020-06-03 01:45:58;51;12;13;0;2;4;0;0;2;0;2
2020-06-03 01:46:59;51;12;13;0;2;4;0;0;2;0;2
2020-06-03 01:47:58;51;12;13;0;2;4;0;0;2;0;2
2020-06-03 01:48:59;51;12;13;0;2;4;0;0;2;0;2
2020-06-03 01:49:59;51;12;13;0;2;4;0;0;2;0;2
2020-06-03 01:50:58;51;12;13;0;2;4;0;0;2;0;2
2020-06-03 01:51:59;51;12;13;0;2;4;0;0;2;0;2
2020-06-03 01:52:58;51;12;13;0;2;4;0;0;2;0;2
2020-06-03 01:53:59;52;12;13;0;2;5;0;0;2;0;2
2020-06-03 01:54:58;52;12;13;0;2;5;0;0;2;0;2
2020-06-03 01:55:59;52;12;13;0;2;5;0;0;2;0;2
2020-06-03 01:56:59;52;12;13;0;2;5;0;0;2;0;2
2020-06-03 01:57:58;52;12;13;0;2;5;0;0;2;0;2
2020-06-03 01:58:59;52;12;13;0;2;5;0;0;2;0;2
2020-06-03 01:59:58;52;12;13;0;2;5;0;0;2;0;2
2020-06-03 02:00:59;52;12;13;0;2;5;0;0;2;0;2
2020-06-03 02:01:58;52;12;13;0;2;5;0;0;2;0;2
2020-06-03 02:02:59;52;12;13;0;2;5;0;0;2;0;2
2020-06-03 02:03:59;52;12;13;0;2;5;0;0;2;0;2
2020-06-03 02:04:58;52;12;13;0;2;5;0;0;2;0;2
2020-06-03 02:05:59;52;12;13;0;2;5;0;0;2;0;2
2020-06-03 02:06:58;52;12;13;0;2;5;0;0;2;0;2
2020-06-03 02:07:59;52;12;13;0;2;5;0;0;2;0;2
2020-06-03 02:08:59;52;12;13;0;2;5;0;0;2;0;2
2020-06-03 02:09:58;52;12;13;0;2;5;0;0;2;0;2
2020-06-03 02:10:59;52;12;13;0;2;5;0;0;2;0;2
2020-06-03 02:11:58;52;12;13;0;2;5;0;0;2;0;2
2020-06-03 02:12:59;54;12;14;0;3;5;0;0;2;0;2
2020-06-03 02:13:59;55;12;14;0;3;6;0;0;2;0;2
2020-06-03 02:14:58;56;13;14;0;3;6;0;0;2;0;2
2020-06-03 02:15:59;56;13;14;0;3;6;0;0;2;0;2
2020-06-03 02:16:58;56;13;14;0;3;6;0;0;2;0;2
2020-06-03 02:17:59;58;13;15;0;4;6;0;0;2;0;2
2020-06-03 02:18:59;58;13;15;0;4;6;0;0;2;0;2
2020-06-03 02:19:58;59;14;15;0;4;6;0;0;2;0;2
2020-06-03 02:20:59;59;14;15;0;4;6;0;0;2;0;2
2020-06-03 02:21:58;59;14;15;0;4;6;0;0;2;0;2
2020-06-03 02:22:59;60;15;15;0;4;6;0;0;2;0;2
2020-06-03 02:23:59;60;15;15;0;4;6;0;0;2;0;2
2020-06-03 02:24:58;61;15;15;0;4;6;0;0;2;2;2
2020-06-03 02:26:00;62;15;15;0;5;6;0;0;2;2;2
2020-06-03 02:26:58;63;16;15;0;5;6;0;0;2;2;2
2020-06-03 02:27:59;64;17;15;0;5;6;0;0;2;2;2
2020-06-03 02:28:59;64;17;15;0;5;6;0;0;2;2;2
2020-06-03 02:29:58;64;17;15;0;5;6;0;0;2;2;2
2020-06-03 02:30:59;64;17;15;0;5;6;0;0;2;2;2
2020-06-03 02:31:58;64;17;15;0;5;6;0;0;2;2;2
2020-06-03 02:32:59;64;17;15;0;5;6;0;0;2;2;2
2020-06-03 02:33:59;64;17;15;0;5;6;0;0;2;2;2
2020-06-03 02:34:58;64;17;15;0;5;6;0;0;2;2;2
2020-06-03 02:35:59;64;17;15;0;5;6;0;0;2;2;2
2020-06-03 02:36:58;64;17;15;0;5;6;0;0;2;2;2
2020-06-03 02:37:59;64;17;15;0;5;6;0;0;2;2;2
2020-06-03 02:38:58;64;17;15;0;5;6;0;0;2;2;2
2020-06-03 02:39:59;64;17;15;0;5;6;0;0;2;2;2
2020-06-03 02:40:58;64;17;15;0;5;6;0;0;2;2;2
2020-06-03 02:41:59;64;17;15;0;5;6;0;0;2;2;2
2020-06-03 02:42:59;64;17;15;0;5;6;0;0;2;2;2
2020-06-03 02:43:58;64;17;15;0;5;6;0;0;2;2;2
2020-06-03 02:44:59;64;17;15;0;5;6;0;0;2;2;2
2020-06-03 02:45:58;64;17;15;0;5;6;0;0;2;2;2
2020-06-03 02:46:59;64;17;15;0;5;6;0;0;2;2;2
2020-06-03 02:47:59;64;17;15;0;5;6;0;0;2;2;2
2020-06-03 02:48:58;64;17;15;0;5;6;0;0;2;2;2
2020-06-03 02:49:59;64;17;15;0;5;6;0;0;2;2;2
2020-06-03 02:50:58;64;17;15;0;5;6;0;0;2;2;2
2020-06-03 02:51:59;65;17;16;0;5;6;0;0;2;2;2
2020-06-03 02:52:58;65;17;16;0;5;6;0;0;2;2;2
2020-06-03 02:53:59;65;17;16;0;5;6;0;0;2;2;2
2020-06-03 02:54:59;65;17;16;0;5;6;0;0;2;2;2
2020-06-03 02:55:58;65;17;16;0;5;6;0;0;2;2;2
2020-06-03 02:56:59;65;17;16;0;5;6;0;0;2;2;2
2020-06-03 02:57:58;65;17;16;0;5;6;0;0;2;2;2
2020-06-03 02:58:59;66;17;16;0;5;6;0;0;3;2;2
2020-06-03 02:59:59;66;17;16;0;5;6;0;0;3;2;2
2020-06-03 03:00:58;66;17;16;0;5;6;0;0;3;2;2
2020-06-03 03:01:59;66;17;16;0;5;6;0;0;3;2;2
2020-06-03 03:02:58;66;17;16;0;5;6;0;0;3;2;2
2020-06-03 03:03:59;66;17;16;0;5;6;0;0;3;2;2
2020-06-03 03:04:58;67;18;16;0;5;6;0;0;3;2;2
2020-06-03 03:05:59;67;18;16;0;5;6;0;0;3;2;2
2020-06-03 03:06:59;67;18;16;0;5;6;0;0;3;2;2
2020-06-03 03:07:58;67;18;16;0;5;6;0;0;3;2;2
2020-06-03 03:08:59;67;18;16;0;5;6;0;0;3;2;2
2020-06-03 03:09:58;68;18;16;0;5;6;0;0;3;2;2
2020-06-03 03:10:59;68;18;16;0;5;6;0;0;3;2;2
2020-06-03 03:11:59;69;18;17;0;5;6;0;0;3;2;2
2020-06-03 03:12:58;69;18;17;0;5;6;0;0;3;2;2
2020-06-03 03:13:59;69;18;17;0;5;6;0;0;3;2;2
2020-06-03 03:14:59;69;18;17;0;5;6;0;0;3;2;2
2020-06-03 03:15:58;69;18;17;0;5;6;0;0;3;2;2
2020-06-03 03:16:59;69;18;17;0;5;6;0;0;3;2;2
2020-06-03 03:17:58;69;18;17;0;5;6;0;0;3;2;2
2020-06-03 03:18:59;69;18;17;0;5;6;0;0;3;2;2
2020-06-03 03:19:59;69;18;17;0;5;6;0;0;3;2;2
2020-06-03 03:20:58;69;18;17;0;5;6;0;0;3;2;2
2020-06-03 03:21:59;70;18;18;0;5;6;0;0;3;2;2
2020-06-03 03:22:58;70;18;18;0;5;6;0;0;3;2;2
2020-06-03 03:23:59;70;18;18;0;5;6;0;0;3;2;2
2020-06-03 03:24:59;70;18;18;0;5;6;0;0;3;2;2
2020-06-03 03:25:58;70;18;18;0;5;6;0;0;3;2;2
2020-06-03 03:26:59;70;18;18;0;5;6;0;0;3;2;2
2020-06-03 03:27:59;71;18;18;0;5;7;0;0;3;2;2
2020-06-03 03:28:58;71;18;18;0;5;7;0;0;3;2;2
2020-06-03 03:29:59;71;18;18;0;5;7;0;0;3;2;2
2020-06-03 03:30:58;71;18;18;0;5;7;0;0;3;2;2
2020-06-03 03:31:59;71;18;18;0;5;7;0;0;3;2;2
2020-06-03 03:32:59;71;18;18;0;5;7;0;0;3;2;2
2020-06-03 03:33:58;71;18;18;0;5;7;0;0;3;2;2
2020-06-03 03:34:59;71;18;18;0;5;7;0;0;3;2;2
2020-06-03 03:35:59;71;18;18;0;5;7;0;0;3;2;2
2020-06-03 03:36:58;71;18;18;0;5;7;0;0;3;2;2
2020-06-03 03:37:59;72;18;18;0;6;7;0;0;3;2;2
2020-06-03 03:38:58;72;18;18;0;6;7;0;0;3;2;2
2020-06-03 03:39:59;72;18;18;0;6;7;0;0;3;2;2
2020-06-03 03:40:58;72;18;18;0;6;7;0;0;3;2;2
2020-06-03 03:41:59;72;18;18;0;6;7;0;0;3;2;2
2020-06-03 03:42:58;72;18;18;0;6;7;0;0;3;2;2
2020-06-03 03:43:59;72;18;18;0;6;7;0;0;3;2;2
2020-06-03 03:44:58;72;18;18;0;6;7;0;0;3;2;2
2020-06-03 03:45:59;72;18;18;0;6;7;0;0;3;2;2
2020-06-03 03:46:58;72;18;18;0;6;7;0;0;3;2;2
2020-06-03 03:47:59;72;18;18;0;6;7;0;0;3;2;2
2020-06-03 03:48:59;72;18;18;0;6;7;0;0;3;2;2
2020-06-03 03:49:58;72;18;18;0;6;7;0;0;3;2;2
2020-06-03 03:50:59;73;19;18;0;6;7;0;0;3;2;2
2020-06-03 03:51:58;73;19;18;0;6;7;0;0;3;2;2
2020-06-03 03:52:59;73;19;18;0;6;7;0;0;3;2;2
2020-06-03 03:53:58;73;19;18;0;6;7;0;0;3;2;2
2020-06-03 03:54:59;74;20;18;0;6;7;0;0;3;2;2
2020-06-03 03:55:59;73;20;18;0;6;6;0;0;3;2;2
2020-06-03 03:56:58;73;20;18;0;6;6;0;0;3;2;2
2020-06-03 03:57:59;73;20;18;0;6;6;0;0;3;2;2
2020-06-03 03:58:59;73;20;18;0;6;6;0;0;3;2;2
2020-06-03 03:59:58;73;20;18;0;6;6;0;0;3;2;2
2020-06-03 04:00:59;73;20;18;0;6;6;0;0;3;2;2
2020-06-03 04:01:59;73;20;18;0;6;6;0;0;3;2;2
2020-06-03 04:02:58;73;20;18;0;6;6;0;0;3;2;2
2020-06-03 04:03:59;73;20;18;0;6;6;0;0;3;2;2
2020-06-03 04:04:58;73;20;18;0;6;6;0;0;3;2;2
2020-06-03 04:05:59;73;20;18;0;6;6;0;0;3;2;2
2020-06-03 04:06:59;73;20;18;0;6;6;0;0;3;2;2
2020-06-03 04:07:58;73;20;18;0;6;6;0;0;3;2;2
2020-06-03 04:08:59;73;20;18;0;6;6;0;0;3;2;2
2020-06-03 04:09:59;73;20;18;0;6;6;0;0;3;2;2
2020-06-03 04:10:58;73;20;18;0;6;6;0;0;3;2;2
2020-06-03 04:11:59;73;20;18;0;6;6;0;0;3;2;2
2020-06-03 04:12:59;73;20;18;0;6;6;0;0;3;2;2
2020-06-03 04:13:58;73;20;18;0;6;6;0;0;3;2;2
2020-06-03 04:14:59;73;20;18;0;6;6;0;0;3;2;2
2020-06-03 04:15:58;73;20;18;0;6;6;0;0;3;2;2
2020-06-03 04:16:59;73;20;18;0;6;6;0;0;3;2;2
2020-06-03 04:17:58;73;20;18;0;6;6;0;0;3;2;2
2020-06-03 04:18:59;73;20;18;0;6;6;0;0;3;2;2
2020-06-03 04:19:58;73;20;18;0;6;6;0;0;3;2;2
2020-06-03 04:20:59;73;20;18;0;6;6;0;0;3;2;2
2020-06-03 04:21:58;73;20;18;0;6;6;0;0;3;2;2
2020-06-03 04:22:59;73;20;18;0;6;6;0;0;3;2;2
2020-06-03 04:23:59;73;20;18;0;6;6;0;0;3;2;2
2020-06-03 04:24:58;73;20;18;0;6;6;0;0;3;2;2
2020-06-03 04:25:59;73;20;18;0;6;6;0;0;3;2;2
2020-06-03 04:26:58;73;20;18;0;6;6;0;0;3;2;2
2020-06-03 04:27:59;73;20;18;0;6;6;0;0;3;2;2
2020-06-03 04:28:58;73;20;18;0;6;6;0;0;3;2;2
2020-06-03 04:29:59;73;20;18;0;6;6;0;0;3;2;2
2020-06-03 04:30:58;73;20;18;0;6;6;0;0;3;2;2
2020-06-03 04:31:59;73;20;18;0;6;6;0;0;3;2;2
2020-06-03 04:32:59;73;20;18;0;6;6;0;0;3;2;2
2020-06-03 04:33:58;73;20;18;0;6;6;0;0;3;2;2
2020-06-03 04:34:59;73;20;18;0;6;6;0;0;3;2;2
2020-06-03 04:35:58;73;20;18;0;6;6;0;0;3;2;2
2020-06-03 04:36:59;73;20;18;0;6;6;0;0;3;2;2
2020-06-03 04:37:59;73;20;18;0;6;6;0;0;3;2;2
2020-06-03 04:38:58;73;20;18;0;6;6;0;0;3;2;2
2020-06-03 04:39:59;73;20;18;0;6;6;0;0;3;2;2
2020-06-03 04:40:59;73;20;18;0;6;6;0;0;3;2;2
2020-06-03 04:41:58;73;20;18;0;6;6;0;0;3;2;2
2020-06-03 04:42:59;73;20;18;0;6;6;0;0;3;2;2
2020-06-03 04:43:59;73;20;18;0;6;6;0;0;3;2;2
2020-06-03 04:44:58;74;21;18;0;6;6;0;0;3;2;2
2020-06-03 04:45:59;74;21;18;0;6;6;0;0;3;2;2
2020-06-03 04:46:59;74;21;18;0;6;6;0;0;3;2;2
2020-06-03 04:47:58;74;21;18;0;6;6;0;0;3;2;2
2020-06-03 04:48:59;74;21;18;0;6;6;0;0;3;2;2
2020-06-03 04:49:59;74;21;18;0;6;6;0;0;3;2;2
2020-06-03 04:50:58;74;21;18;0;6;6;0;0;3;2;2
2020-06-03 04:51:59;74;21;18;0;6;6;0;0;3;2;2
2020-06-03 04:52:59;74;21;18;0;6;6;0;0;3;2;2
2020-06-03 04:53:58;74;21;18;0;6;6;0;0;3;2;2
2020-06-03 04:54:59;74;21;18;0;6;6;0;0;3;2;2
2020-06-03 04:55:59;74;21;18;0;6;6;0;0;3;2;2
2020-06-03 04:56:58;74;21;18;0;6;6;0;0;3;2;2
2020-06-03 04:57:59;74;21;18;0;6;6;0;0;3;2;2
2020-06-03 04:58:59;74;21;18;0;6;6;0;0;3;2;2
2020-06-03 04:59:58;74;21;18;0;6;6;0;0;3;2;2
2020-06-03 05:00:59;74;21;18;0;6;6;0;0;3;2;2
2020-06-03 05:01:58;74;21;18;0;6;6;0;0;3;2;2
2020-06-03 05:02:59;75;21;18;0;6;6;0;0;3;2;2
2020-06-03 05:03:59;76;21;19;0;6;6;0;0;3;2;2
2020-06-03 05:04:58;77;22;19;0;6;6;0;0;3;2;2
2020-06-03 05:05:59;77;22;19;0;6;6;0;0;3;2;2
2020-06-03 05:06:58;77;22;19;0;6;6;0;0;3;2;2
2020-06-03 05:07:59;77;22;19;0;6;6;0;0;3;2;2
2020-06-03 05:08:59;77;22;19;0;6;6;0;0;3;2;2
2020-06-03 05:09:58;77;22;19;0;6;6;0;0;3;2;2
2020-06-03 05:10:59;77;22;19;0;6;6;0;0;3;2;2
2020-06-03 05:11:58;77;22;19;0;6;6;0;0;3;2;2
2020-06-03 05:12:59;77;22;19;0;6;6;0;0;3;2;2
2020-06-03 05:13:59;77;22;19;0;6;6;0;0;3;2;2
2020-06-03 05:14:58;77;22;19;0;6;6;0;0;3;2;2
2020-06-03 05:15:59;77;22;19;0;6;6;0;0;3;2;2
2020-06-03 05:16:59;78;23;19;0;6;6;0;0;3;2;2
2020-06-03 05:17:58;78;23;19;0;6;6;0;0;3;2;2
2020-06-03 05:18:59;78;23;19;0;6;6;0;0;3;2;2
2020-06-03 05:19:58;78;23;19;0;6;6;0;0;3;2;2
2020-06-03 05:20:59;78;23;19;0;6;6;0;0;3;2;2
2020-06-03 05:21:59;78;23;19;0;6;6;0;0;3;2;2
2020-06-03 05:22:58;78;23;19;0;6;6;0;0;3;2;2
2020-06-03 05:23:59;78;23;19;0;6;6;0;0;3;2;2
2020-06-03 05:24:58;78;23;19;0;6;6;0;0;3;2;2
2020-06-03 05:25:59;78;23;19;0;6;6;0;0;3;2;2
2020-06-03 05:26:59;78;23;19;0;6;6;0;0;3;2;2
2020-06-03 05:27:58;78;23;19;0;6;6;0;0;3;2;2
2020-06-03 05:28:59;78;23;19;0;6;6;0;0;3;2;2
2020-06-03 05:29:58;78;23;19;0;6;6;0;0;3;2;2
2020-06-03 05:30:59;78;23;19;0;6;6;0;0;3;2;2
2020-06-03 05:31:58;78;23;19;0;6;6;0;0;3;2;2
2020-06-03 05:32:59;78;23;19;0;6;6;0;0;3;2;2
2020-06-03 05:33:58;78;23;19;0;6;6;0;0;3;2;2
2020-06-03 05:34:59;79;24;19;0;6;6;0;0;3;2;2
2020-06-03 05:35:59;79;24;19;0;6;6;0;0;3;2;2
2020-06-03 05:36:58;79;24;19;0;6;6;0;0;3;2;2
2020-06-03 05:37:59;79;24;19;0;6;6;0;0;3;2;2
2020-06-03 05:38:59;79;24;19;0;6;6;0;0;3;2;2
2020-06-03 05:39:58;80;24;20;0;6;6;0;0;3;2;2
2020-06-03 05:40:59;80;24;20;0;6;6;0;0;3;2;2
2020-06-03 05:41:58;80;24;20;0;6;6;0;0;3;2;2
2020-06-03 05:42:59;80;24;20;0;6;6;0;0;3;2;2
2020-06-03 05:43:59;80;24;20;0;6;6;0;0;3;2;2
2020-06-03 05:44:58;80;24;20;0;6;6;0;0;3;2;2
2020-06-03 05:45:59;80;24;20;0;6;6;0;0;3;2;2
2020-06-03 05:46:59;80;24;20;0;6;6;0;0;3;2;2
2020-06-03 05:47:58;80;24;20;0;6;6;0;0;3;2;2
2020-06-03 05:48:59;80;24;20;0;6;6;0;0;3;2;2
2020-06-03 05:49:59;80;24;20;0;6;6;0;0;3;2;2
2020-06-03 05:50:58;80;24;20;0;6;6;0;0;3;2;2
2020-06-03 05:51:59;80;24;20;0;6;6;0;0;3;2;2
2020-06-03 05:52:58;80;24;20;0;6;6;0;0;3;2;2
2020-06-03 05:53:59;80;24;20;0;6;6;0;0;3;2;2
2020-06-03 05:54:59;80;24;20;0;6;6;0;0;3;2;2
2020-06-03 05:55:58;80;24;20;0;6;6;0;0;3;2;2
2020-06-03 05:56:59;80;24;20;0;6;6;0;0;3;2;2
2020-06-03 05:57:58;80;24;20;0;6;6;0;0;3;2;2
2020-06-03 05:58:59;80;24;20;0;6;6;0;0;3;2;2
2020-06-03 05:59:59;80;24;20;0;6;6;0;0;3;2;2
2020-06-03 06:00:58;80;24;20;0;6;6;0;0;3;2;2
2020-06-03 06:01:59;80;24;20;0;6;6;0;0;3;2;2
2020-06-03 06:02:59;80;24;20;0;6;6;0;0;3;2;2
2020-06-03 06:03:58;80;24;20;0;6;6;0;0;3;2;2
2020-06-03 06:05:00;80;24;20;0;6;6;0;0;3;2;2
2020-06-03 06:05:58;80;24;20;0;6;6;0;0;3;2;2
2020-06-03 06:06:59;80;24;20;0;6;6;0;0;3;2;2
2020-06-03 06:07:59;80;24;20;0;6;6;0;0;3;2;2
2020-06-03 06:08:58;80;24;20;0;6;6;0;0;3;2;2
2020-06-03 06:09:59;80;24;20;0;6;6;0;0;3;2;2
2020-06-03 06:10:59;81;24;21;0;6;6;0;0;3;2;2
2020-06-03 06:11:58;81;24;21;0;6;6;0;0;3;2;2
2020-06-03 06:13:00;81;24;21;0;6;6;0;0;3;2;2
2020-06-03 06:13:58;81;24;21;0;6;6;0;0;3;2;2
2020-06-03 06:14:59;81;24;21;0;6;6;0;0;3;2;2
2020-06-03 06:15:59;81;24;21;0;6;6;0;0;3;2;2
2020-06-03 06:16:58;81;24;21;0;6;6;0;0;3;2;2
2020-06-03 06:17:59;81;24;21;0;6;6;0;0;3;2;2
2020-06-03 06:18:58;81;24;21;0;6;6;0;0;3;2;2
2020-06-03 06:19:59;81;24;21;0;6;6;0;0;3;2;2
2020-06-03 06:20:58;81;24;21;0;6;6;0;0;3;2;2
2020-06-03 06:21:59;81;24;21;0;6;6;0;0;3;2;2
2020-06-03 06:22:58;81;24;21;0;6;6;0;0;3;2;2
2020-06-03 06:23:59;81;24;21;0;6;6;0;0;3;2;2
2020-06-03 06:24:58;82;25;21;0;6;6;0;0;3;2;2
2020-06-03 06:25:59;82;25;21;0;6;6;0;0;3;2;2
2020-06-03 06:26:58;82;25;21;0;6;6;0;0;3;2;2
2020-06-03 06:27:59;83;26;21;0;6;6;0;0;3;2;2
2020-06-03 06:28:59;83;26;21;0;6;6;0;0;3;2;2
2020-06-03 06:29:58;83;26;21;0;6;6;0;0;3;2;2
2020-06-03 06:30:59;83;26;21;0;6;6;0;0;3;2;2
2020-06-03 06:31:59;83;26;21;0;6;6;0;0;3;2;2
2020-06-03 06:32:58;83;26;21;0;6;6;0;0;3;2;2
2020-06-03 06:33:59;83;26;21;0;6;6;0;0;3;2;2
2020-06-03 06:34:59;83;26;21;0;6;6;0;0;3;2;2
2020-06-03 06:35:58;83;26;21;0;6;6;0;0;3;2;2
2020-06-03 06:37:00;83;26;21;0;6;6;0;0;3;2;2
2020-06-03 06:37:58;83;26;21;0;6;6;0;0;3;2;2
2020-06-03 06:38:59;83;26;21;0;6;6;0;0;3;2;2
2020-06-03 06:39:58;83;26;21;0;6;6;0;0;3;2;2
2020-06-03 06:40:59;83;26;21;0;6;6;0;0;3;2;2
2020-06-03 06:41:58;83;26;21;0;6;6;0;0;3;2;2
2020-06-03 06:42:59;83;26;21;0;6;6;0;0;3;2;2
2020-06-03 06:43:59;83;26;21;0;6;6;0;0;3;2;2
2020-06-03 06:44:58;83;26;21;0;6;6;0;0;3;2;2
2020-06-03 06:45:59;83;26;21;0;6;6;0;0;3;2;2
2020-06-03 06:46:58;83;26;21;0;6;6;0;0;3;2;2
2020-06-03 06:47:59;84;27;21;0;6;6;0;0;3;2;2
2020-06-03 06:48:59;84;27;21;0;6;6;0;0;3;2;2
2020-06-03 06:49:58;84;27;21;0;6;6;0;0;3;2;2
2020-06-03 06:50:59;84;27;21;0;6;6;0;0;3;2;2
2020-06-03 06:52:00;84;27;21;0;6;6;0;0;3;2;2
2020-06-03 06:52:58;84;27;21;0;6;6;0;0;3;2;2
2020-06-03 06:53:59;84;27;21;0;6;6;0;0;3;2;2
2020-06-03 06:54:59;84;27;21;0;6;6;0;0;3;2;2
2020-06-03 06:55:58;84;27;21;0;6;6;0;0;3;2;2
2020-06-03 06:56:59;84;27;21;0;6;6;0;0;3;2;2
2020-06-03 06:57:59;84;27;21;0;6;6;0;0;3;2;2
2020-06-03 06:58:58;84;27;21;0;6;6;0;0;3;2;2
2020-06-03 06:59:59;84;27;21;0;6;6;0;0;3;2;2
2020-06-03 07:00:58;84;27;21;0;6;6;0;0;3;2;2
2020-06-03 07:01:59;84;27;21;0;6;6;0;0;3;2;2
2020-06-03 07:02:58;84;27;21;0;6;6;0;0;3;2;2
2020-06-03 07:03:59;84;27;21;0;6;6;0;0;3;2;2
2020-06-03 07:04:58;84;27;21;0;6;6;0;0;3;2;2
2020-06-03 07:05:59;84;27;21;0;6;6;0;0;3;2;2
2020-06-03 07:06:59;84;27;21;0;6;6;0;0;3;2;2
2020-06-03 07:07:58;84;27;21;0;6;6;0;0;3;2;2
2020-06-03 07:08:59;84;27;21;0;6;6;0;0;3;2;2
2020-06-03 07:09:58;84;27;21;0;6;6;0;0;3;2;2
2020-06-03 07:10:59;84;27;21;0;6;6;0;0;3;2;2
2020-06-03 07:11:58;84;27;21;0;6;6;0;0;3;2;2
2020-06-03 07:12:59;84;27;21;0;6;6;0;0;3;2;2
2020-06-03 07:13:59;84;27;21;0;6;6;0;0;3;2;2
2020-06-03 07:14:58;85;28;21;0;6;6;0;0;3;2;2
2020-06-03 07:15:59;85;28;21;0;6;6;0;0;3;2;2
2020-06-03 07:16:58;85;28;21;0;6;6;0;0;3;2;2
2020-06-03 07:17:59;86;28;22;0;6;6;0;0;3;2;2
2020-06-03 07:18:59;86;28;22;0;6;6;0;0;3;2;2
2020-06-03 07:19:58;86;28;22;0;6;6;0;0;3;2;2
2020-06-03 07:20:59;86;28;22;0;6;6;0;0;3;2;2
2020-06-03 07:21:58;86;28;22;0;6;6;0;0;3;2;2
2020-06-03 07:22:59;86;28;22;0;6;6;0;0;3;2;2
2020-06-03 07:23:59;86;28;22;0;6;6;0;0;3;2;2
2020-06-03 07:24:58;87;28;22;0;6;6;0;0;3;0;2
2020-06-03 07:25:59;87;28;22;0;6;6;0;0;3;0;2
2020-06-03 07:26:58;87;28;22;0;6;6;0;0;3;0;2
2020-06-03 07:27:59;87;28;22;0;6;6;0;0;3;0;2
2020-06-03 07:28:58;87;28;22;0;6;6;0;0;3;0;2
2020-06-03 07:29:59;87;28;22;0;6;6;0;0;3;0;2
2020-06-03 07:30:59;87;28;22;0;6;6;0;0;3;0;2
2020-06-03 07:31:58;87;28;22;0;6;6;0;0;3;0;2
2020-06-03 07:32:59;87;28;22;0;6;6;0;0;3;0;2
2020-06-03 07:33:58;87;28;22;0;6;6;0;0;3;0;2
2020-06-03 07:34:59;87;28;22;0;6;6;0;0;3;0;2
2020-06-03 07:35:59;87;28;22;0;6;6;0;0;3;0;2
2020-06-03 07:36:58;87;28;22;0;6;6;0;0;3;0;2
2020-06-03 07:37:59;87;28;22;0;6;6;0;0;3;0;2
2020-06-03 07:38:58;87;28;22;0;6;6;0;0;3;0;2
2020-06-03 07:39:59;87;28;22;0;6;6;0;0;3;0;2
2020-06-03 07:40:59;87;28;22;0;6;6;0;0;3;0;2
2020-06-03 07:41:58;87;28;22;0;6;6;0;0;3;0;2
2020-06-03 07:42:59;87;28;22;0;6;6;0;0;3;0;2
2020-06-03 07:43:59;87;28;22;0;6;6;0;0;3;0;2
2020-06-03 07:44:58;87;28;22;0;6;6;0;0;3;0;2
2020-06-03 07:45:59;87;28;22;0;6;6;0;0;3;0;2
2020-06-03 07:46:58;87;28;22;0;6;6;0;0;3;0;2
2020-06-03 07:47:59;88;28;23;0;6;6;0;0;3;0;2
2020-06-03 07:48:59;88;28;23;0;6;6;0;0;3;0;2
2020-06-03 07:49:58;88;28;23;0;6;6;0;0;3;0;2
2020-06-03 07:50:59;88;28;23;0;6;6;0;0;3;0;2
2020-06-03 07:51:58;88;28;23;0;6;6;0;0;3;0;2
2020-06-03 07:52:59;88;28;23;0;6;6;0;0;3;0;2
2020-06-03 07:53:58;88;28;23;0;6;6;0;0;3;0;2
2020-06-03 07:55:00;88;28;23;0;6;6;0;0;3;0;2
2020-06-03 07:55:58;88;28;23;0;6;6;0;0;3;0;2
2020-06-03 07:56:59;88;28;23;0;6;6;0;0;3;0;2
2020-06-03 07:57:58;88;28;23;0;6;6;0;0;3;0;2
2020-06-03 07:58:59;88;28;23;0;6;6;0;0;3;0;2
2020-06-03 07:59:58;88;28;23;0;6;6;0;0;3;0;2
2020-06-03 08:00:59;88;28;23;0;6;6;0;0;3;0;2
2020-06-03 08:01:58;88;28;23;0;6;6;0;0;3;0;2
2020-06-03 08:02:59;88;28;23;0;6;6;0;0;3;0;2
2020-06-03 08:03:58;88;28;23;0;6;6;0;0;3;0;2
2020-06-03 08:04:59;89;29;23;0;6;6;0;0;3;0;2
2020-06-03 08:05:58;89;29;23;0;6;6;0;0;3;0;2
2020-06-03 08:06:59;89;29;23;0;6;6;0;0;3;0;2
2020-06-03 08:07:58;89;29;23;0;6;6;0;0;3;0;2
2020-06-03 08:08:59;89;29;23;0;6;6;0;0;3;0;2
2020-06-03 08:09:58;89;29;23;0;6;6;0;0;3;0;2
2020-06-03 08:10:59;89;29;23;0;6;6;0;0;3;0;2
2020-06-03 08:11:58;89;29;23;0;6;6;0;0;3;0;2
2020-06-03 08:12:59;90;30;23;0;6;6;0;0;3;0;2
2020-06-03 08:13:59;90;30;23;0;6;6;0;0;3;0;2
2020-06-03 08:14:58;90;30;23;0;6;6;0;0;3;0;2
2020-06-03 08:15:59;90;30;23;0;6;6;0;0;3;0;2
2020-06-03 08:16:58;90;30;23;0;6;6;0;0;3;0;2
2020-06-03 08:17:59;90;30;23;0;6;6;0;0;3;0;2
2020-06-03 08:18:58;90;30;23;0;6;6;0;0;3;0;2
2020-06-03 08:19:59;90;30;23;0;6;6;0;0;3;0;2
2020-06-03 08:20:59;90;30;23;0;6;6;0;0;3;0;2
2020-06-03 08:21:58;90;30;23;0;6;6;0;0;3;0;2
2020-06-03 08:22:59;90;30;23;0;6;6;0;0;3;0;2
2020-06-03 08:23:59;90;30;23;0;6;6;0;0;3;0;2
2020-06-03 08:24:58;90;30;23;0;6;6;0;0;3;0;2
2020-06-03 08:25:59;90;30;23;0;6;6;0;0;3;0;2
2020-06-03 08:26:58;90;30;23;0;6;6;0;0;3;0;2
2020-06-03 08:27:59;90;30;23;0;6;6;0;0;3;0;2
2020-06-03 08:28:58;90;30;23;0;6;6;0;0;3;0;2
2020-06-03 08:29:59;90;30;23;0;6;6;0;0;3;0;2
2020-06-03 08:30:59;90;30;23;0;6;6;0;0;3;0;2
2020-06-03 08:31:58;90;30;23;0;6;6;0;0;3;0;2
2020-06-03 08:32:59;90;30;23;0;6;6;0;0;3;0;2
2020-06-03 08:33:58;91;30;23;0;6;6;0;0;3;0;2
2020-06-03 08:34:59;91;30;23;0;6;6;0;0;3;0;2
2020-06-03 08:35:59;91;30;23;0;6;6;0;0;3;0;2
2020-06-03 08:36:58;91;30;23;0;6;6;0;0;3;0;2
2020-06-03 08:37:59;91;30;23;0;6;6;0;0;3;0;2
2020-06-03 08:38:59;92;30;23;0;7;6;0;0;3;0;2
2020-06-03 08:39:58;92;30;23;0;7;6;0;0;3;0;2
2020-06-03 08:40:59;92;30;23;0;7;6;0;0;3;0;2
2020-06-03 08:41:59;92;30;23;0;7;6;0;0;3;0;2
2020-06-03 08:42:58;93;30;24;0;7;6;0;0;3;0;2
2020-06-03 08:43:59;93;30;24;0;7;6;0;0;3;0;2
2020-06-03 08:44:58;93;30;24;0;7;6;0;0;3;0;2
2020-06-03 08:45:59;93;30;24;0;7;6;0;0;3;0;2
2020-06-03 08:46:59;94;31;24;0;7;6;0;0;3;0;2
2020-06-03 08:47:58;94;31;24;0;7;6;0;0;3;0;2
2020-06-03 08:48:59;94;31;24;0;7;6;0;0;3;0;2
2020-06-03 08:49:58;94;31;24;0;7;6;0;0;3;0;2
2020-06-03 08:50:59;94;31;24;0;7;6;0;0;3;0;2
2020-06-03 08:51:59;94;31;24;0;7;6;0;0;3;0;2
2020-06-03 08:52:58;95;32;24;0;7;6;0;0;3;0;2
2020-06-03 08:53:59;95;32;24;0;7;6;0;0;3;0;2
2020-06-03 08:54:59;96;33;24;0;7;6;0;0;3;0;2
2020-06-03 08:55:58;96;33;24;0;7;6;0;0;3;0;2
2020-06-03 08:56:59;96;33;24;0;7;6;0;0;3;0;2
2020-06-03 08:57:58;96;33;24;0;7;6;0;0;3;0;2
2020-06-03 08:58:59;96;33;24;0;7;6;0;0;3;0;2
2020-06-03 08:59:58;97;33;24;0;7;6;0;0;3;2;2
2020-06-03 09:00:59;97;33;24;0;7;6;0;0;3;2;2
2020-06-03 09:01:59;97;33;24;0;7;6;0;0;3;2;2
2020-06-03 09:02:58;97;33;24;0;7;6;0;0;3;2;2
2020-06-03 09:03:59;97;33;24;0;7;6;0;0;3;2;2
2020-06-03 09:04:58;97;33;24;0;7;6;0;0;3;2;2
2020-06-03 09:05:59;97;33;24;0;7;6;0;0;3;2;2
2020-06-03 09:06:58;97;33;24;0;7;6;0;0;3;2;2
2020-06-03 09:07:59;97;33;24;0;7;6;0;0;3;2;2
2020-06-03 09:08:58;97;33;24;0;7;6;0;0;3;2;2
2020-06-03 09:09:59;97;33;24;0;7;6;0;0;3;2;2
2020-06-03 09:10:59;97;33;24;0;7;6;0;0;3;2;2
2020-06-03 09:11:58;98;34;24;0;7;6;0;0;3;2;2
2020-06-03 09:12:59;98;34;24;0;7;6;0;0;3;2;2
2020-06-03 09:13:58;98;34;24;0;7;6;0;0;3;2;2
2020-06-03 09:14:59;98;34;24;0;7;6;0;0;3;2;2
2020-06-03 09:15:58;98;34;24;0;7;6;0;0;3;2;2
2020-06-03 09:16:59;98;34;24;0;7;6;0;0;3;2;2
2020-06-03 09:17:58;98;34;24;0;7;6;0;0;3;2;2
2020-06-03 09:18:59;98;34;24;0;7;6;0;0;3;2;2
2020-06-03 09:19:59;98;34;24;0;7;6;0;0;3;2;2
2020-06-03 09:20:58;99;35;24;0;7;6;0;0;3;2;2
2020-06-03 09:21:59;99;35;24;0;7;6;0;0;3;2;2
2020-06-03 09:22:58;99;35;24;0;7;6;0;0;3;2;2
2020-06-03 09:23:59;99;35;24;0;7;6;0;0;3;2;2
2020-06-03 09:24:59;99;35;24;0;7;6;0;0;3;2;2
2020-06-03 09:25:58;99;35;24;0;7;6;0;0;3;2;2
2020-06-03 09:26:59;99;35;24;0;7;6;0;0;3;2;2
2020-06-03 09:27:58;99;35;24;0;7;6;0;0;3;2;2
2020-06-03 09:28:59;99;35;24;0;7;6;0;0;3;2;2
2020-06-03 09:29:58;99;35;24;0;7;6;0;0;3;2;2
2020-06-03 09:30:59;100;36;24;0;7;6;0;0;3;2;2
2020-06-03 09:31:59;100;36;24;0;7;6;0;0;3;2;2
2020-06-03 09:32:58;100;36;24;0;7;6;0;0;3;2;2
2020-06-03 09:33:59;100;36;24;0;7;6;0;0;3;2;2
2020-06-03 09:34:59;100;36;24;0;7;6;0;0;3;2;2
2020-06-03 09:35:58;101;37;24;0;7;6;0;0;3;2;2
2020-06-03 09:36:59;101;37;24;0;7;6;0;0;3;2;2
2020-06-03 09:37:58;101;37;24;0;7;6;0;0;3;2;2
2020-06-03 09:38:59;101;37;24;0;7;6;0;0;3;2;2
2020-06-03 09:39:59;102;37;24;0;7;7;0;0;3;2;2
2020-06-03 09:40:58;102;37;24;0;7;7;0;0;3;2;2
2020-06-03 09:42:00;103;38;24;0;7;7;0;0;3;2;2
2020-06-03 09:42:58;103;38;24;0;7;7;0;0;3;2;2
2020-06-03 09:43:59;103;38;24;0;7;7;0;0;3;2;2
2020-06-03 09:44:58;105;39;25;0;7;7;0;0;3;2;2
2020-06-03 09:46:00;105;39;25;0;7;7;0;0;3;2;2
2020-06-03 09:46:58;105;39;25;0;7;7;0;0;3;2;2
2020-06-03 09:47:59;106;39;25;0;7;7;0;0;3;2;2
2020-06-03 09:48:59;106;39;25;0;7;7;0;0;3;2;2
2020-06-03 09:49:58;106;39;25;0;7;7;0;0;3;2;2
2020-06-03 09:50:59;106;39;25;0;7;7;0;0;3;2;2
2020-06-03 09:51:58;107;40;25;0;7;7;0;0;3;2;2
2020-06-03 09:52:59;107;40;25;0;7;7;0;0;3;2;2
2020-06-03 09:53:58;107;40;25;0;7;7;0;0;3;2;2
2020-06-03 09:54:59;107;40;25;0;7;7;0;0;3;2;2
2020-06-03 09:55:58;107;40;25;0;7;7;0;0;3;2;2
2020-06-03 09:56:59;107;40;25;0;7;7;0;0;3;2;2
2020-06-03 09:57:59;107;40;25;0;7;7;0;0;3;2;2
2020-06-03 09:58:58;107;40;25;0;7;7;0;0;3;2;2
2020-06-03 09:59:59;108;41;25;0;7;7;0;0;3;2;2
2020-06-03 10:00:58;108;41;25;0;7;7;0;0;3;2;2
2020-06-03 10:01:59;108;41;25;0;7;7;0;0;3;2;2
2020-06-03 10:02:58;108;41;25;0;7;7;0;0;3;2;2
2020-06-03 10:03:59;108;41;25;0;7;7;0;0;3;2;2
2020-06-03 10:04:58;108;41;25;0;7;7;0;0;3;2;2
2020-06-03 10:05:59;108;41;25;0;7;7;0;0;3;2;2
2020-06-03 10:06:58;108;41;25;0;7;7;0;0;3;2;2
2020-06-03 10:07:59;108;41;25;0;7;7;0;0;3;2;2
2020-06-03 10:08:59;108;41;25;0;7;7;0;0;3;2;2
2020-06-03 10:09:58;108;41;25;0;7;7;0;0;3;2;2
2020-06-03 10:10:59;108;41;25;0;7;7;0;0;3;2;2
2020-06-03 10:11:59;108;41;25;0;7;7;0;0;3;2;2
2020-06-03 10:12:58;108;41;25;0;7;7;0;0;3;2;2
2020-06-03 10:13:59;108;41;25;0;7;7;0;0;3;2;2
2020-06-03 10:14:58;108;41;25;0;7;7;0;0;3;2;2
2020-06-03 10:15:59;108;41;25;0;7;7;0;0;3;2;2
2020-06-03 10:16:58;108;41;25;0;7;7;0;0;3;2;2
2020-06-03 10:17:59;108;41;25;0;7;7;0;0;3;2;2
2020-06-03 10:18:58;108;41;25;0;7;7;0;0;3;2;2
2020-06-03 10:19:59;108;41;25;0;7;7;0;0;3;2;2
2020-06-03 10:20:58;108;41;25;0;7;7;0;0;3;2;2
2020-06-03 10:21:59;108;41;25;0;7;7;0;0;3;2;2
2020-06-03 10:22:58;108;41;25;0;7;7;0;0;3;2;2
2020-06-03 10:23:59;108;41;25;0;7;7;0;0;3;2;2
2020-06-03 10:24:59;108;41;25;0;7;7;0;0;3;2;2
2020-06-03 10:25:58;108;41;25;0;7;7;0;0;3;2;2
2020-06-03 10:26:59;108;41;25;0;7;7;0;0;3;2;2
2020-06-03 10:27:58;108;41;25;0;7;7;0;0;3;2;2
2020-06-03 10:28:59;108;41;25;0;7;7;0;0;3;2;2
2020-06-03 10:29:58;108;41;25;2;7;7;0;0;3;2;2
2020-06-03 10:30:59;108;41;25;2;7;7;0;0;3;2;2
2020-06-03 10:31:58;108;41;25;2;7;7;0;0;3;2;2
2020-06-03 10:32:59;108;41;25;2;7;7;0;0;3;2;2
2020-06-03 10:33:58;108;41;25;2;7;7;0;0;3;2;2
2020-06-03 10:34:59;109;42;25;2;7;7;0;0;3;2;2
2020-06-03 10:35:58;109;42;25;2;7;7;0;0;3;2;2
2020-06-03 10:36:59;109;42;25;2;7;7;0;0;3;2;2
2020-06-03 10:37:58;109;42;25;2;7;7;0;0;3;2;2
2020-06-03 10:38:59;109;42;25;2;7;7;0;0;3;2;2
2020-06-03 10:39:58;109;42;25;2;7;7;0;0;3;2;2
2020-06-03 10:40:59;109;42;25;2;7;7;0;0;3;2;2
2020-06-03 10:41:59;109;42;25;2;7;7;0;0;3;2;2
2020-06-03 10:42:58;109;42;25;2;7;7;0;0;3;2;2
2020-06-03 10:43:59;109;42;25;2;7;7;0;0;3;2;2
2020-06-03 10:44:58;109;42;25;2;7;7;0;0;3;2;2
2020-06-03 10:45:59;109;42;25;2;7;7;0;0;3;2;2
2020-06-03 10:46:58;109;42;25;2;7;7;0;0;3;2;2
2020-06-03 10:47:59;109;42;25;2;7;7;0;0;3;2;2
2020-06-03 10:48:59;109;42;25;2;7;7;0;0;3;2;2
2020-06-03 10:49:58;109;42;25;2;7;7;0;0;3;2;2
2020-06-03 10:50:59;109;42;25;2;7;7;0;0;3;2;2
2020-06-03 10:51:58;109;42;25;2;7;7;0;0;3;2;2
2020-06-03 10:52:59;110;42;25;2;7;8;0;0;3;2;2
2020-06-03 10:53:58;110;42;25;2;7;8;0;0;3;2;2
2020-06-03 10:54:59;111;42;25;3;7;8;0;0;3;0;2
2020-06-03 10:55:59;111;42;25;3;7;8;0;0;3;0;2
2020-06-03 10:56:58;111;42;25;3;7;8;0;0;3;0;2
2020-06-03 10:57:59;111;42;25;3;7;8;0;0;3;0;2
2020-06-03 10:58:58;111;42;25;3;7;8;0;0;3;0;2
2020-06-03 10:59:59;111;42;25;3;7;8;0;0;3;0;2
2020-06-03 11:00:59;111;42;25;3;7;8;0;0;3;0;2
2020-06-03 11:01:58;111;42;25;3;7;8;0;0;3;0;2
2020-06-03 11:02:59;111;42;25;3;7;8;0;0;3;0;2
2020-06-03 11:03:58;111;42;25;3;7;8;0;0;3;0;2
2020-06-03 11:04:59;112;43;25;3;7;8;0;0;3;0;2
2020-06-03 11:05:58;113;43;26;3;7;8;0;0;3;0;2
2020-06-03 11:06:59;113;43;26;3;7;8;0;0;3;0;2
2020-06-03 11:07:58;113;43;26;3;7;8;0;0;3;0;2
2020-06-03 11:08:59;113;43;26;3;7;8;0;0;3;0;2
2020-06-03 11:09:58;113;43;26;3;7;8;0;0;3;0;2
2020-06-03 11:10:59;114;44;26;3;7;8;0;0;3;0;2
2020-06-03 11:11:58;114;44;26;3;7;8;0;0;3;0;2
2020-06-03 11:12:59;114;44;26;3;7;8;0;0;3;0;2
2020-06-03 11:13:59;114;44;26;3;7;8;0;0;3;0;2
2020-06-03 11:14:58;114;44;26;3;7;8;0;0;3;0;2
2020-06-03 11:15:59;116;45;26;4;7;8;0;0;3;0;2
2020-06-03 11:16:58;116;45;26;4;7;8;0;0;3;0;2
2020-06-03 11:17:59;116;45;26;4;7;8;0;0;3;0;2
2020-06-03 11:18:58;116;45;26;4;7;8;0;0;3;0;2
2020-06-03 11:19:59;116;45;26;4;7;8;0;0;3;0;2
2020-06-03 11:20:59;116;45;26;4;7;8;0;0;3;0;2
2020-06-03 11:21:58;116;45;26;4;7;8;0;0;3;0;2
2020-06-03 11:22:59;117;46;26;4;7;8;0;0;3;0;2
2020-06-03 11:23:58;117;46;26;4;7;8;0;0;3;0;2
2020-06-03 11:24:59;117;46;26;4;7;8;0;0;3;0;2
2020-06-03 11:25:58;117;46;26;4;7;8;0;0;3;0;2
2020-06-03 11:26:59;117;46;26;4;7;8;0;0;3;0;2
2020-06-03 11:27:59;117;46;26;4;7;8;0;0;3;0;2
2020-06-03 11:28:58;118;46;26;4;7;8;0;0;3;2;2
2020-06-03 11:29:59;118;46;26;4;7;8;0;0;3;2;2
2020-06-03 11:30:58;118;46;26;4;7;8;0;0;3;2;2
2020-06-03 11:31:59;118;46;26;4;7;8;0;0;3;2;2
2020-06-03 11:32:59;119;47;26;4;7;8;0;0;3;2;2
2020-06-03 11:33:58;119;47;26;4;7;8;0;0;3;2;2
2020-06-03 11:34:59;119;47;26;4;7;8;0;0;3;2;2
2020-06-03 11:35:58;120;47;27;4;7;8;0;0;3;2;2
2020-06-03 11:36:59;120;47;27;4;7;8;0;0;3;2;2
2020-06-03 11:37:58;120;47;27;4;7;8;0;0;3;2;2
2020-06-03 11:38:59;120;47;27;4;7;8;0;0;3;2;2
2020-06-03 11:39:59;120;47;27;4;7;8;0;0;3;2;2
2020-06-03 11:40:58;120;47;27;4;7;8;0;0;3;2;2
2020-06-03 11:41:59;120;47;27;4;7;8;0;0;3;2;2
2020-06-03 11:42:58;121;48;27;4;7;8;0;0;3;2;2
2020-06-03 11:43:59;121;48;27;4;7;8;0;0;3;2;2
2020-06-03 11:44:58;121;48;27;4;7;8;0;0;3;2;2
2020-06-03 11:45:59;121;48;27;4;7;8;0;0;3;2;2
2020-06-03 11:46:59;121;48;27;4;7;8;0;0;3;2;2
2020-06-03 11:47:58;121;48;27;4;7;8;0;0;3;2;2
2020-06-03 11:48:59;121;48;27;4;7;8;0;0;3;2;2
2020-06-03 11:49:58;122;48;27;4;7;9;0;0;3;2;2
2020-06-03 11:50:59;122;48;27;4;7;9;0;0;3;2;2
2020-06-03 11:51:58;122;48;27;4;7;9;0;0;3;2;2
2020-06-03 11:53:00;122;48;27;4;7;9;0;0;3;2;2
2020-06-03 11:53:58;123;49;27;4;7;9;0;0;3;2;2
2020-06-03 11:54:59;123;49;27;4;7;9;0;0;3;2;2
2020-06-03 11:55:59;123;49;27;4;7;9;0;0;3;2;2
2020-06-03 11:56:58;123;49;27;4;7;9;0;0;3;2;2
2020-06-03 11:57:59;123;49;27;4;7;9;0;0;3;2;2
2020-06-03 11:58:58;123;49;27;4;7;9;0;0;3;2;2
2020-06-03 11:59:59;123;49;27;4;7;9;0;0;3;2;2
2020-06-03 12:00:58;123;49;27;4;7;9;0;0;3;2;2
2020-06-03 12:01:59;124;50;27;4;7;9;0;0;3;2;2
2020-06-03 12:02:59;124;50;27;4;7;9;0;0;3;2;2
2020-06-03 12:03:58;125;51;27;4;7;9;0;0;3;2;2
2020-06-03 12:04:59;125;51;27;4;7;9;0;0;3;2;2
2020-06-03 12:05:58;125;51;27;4;7;9;0;0;3;2;2
2020-06-03 12:06:59;125;51;27;4;7;9;0;0;3;2;2
2020-06-03 12:07:59;125;51;27;4;7;9;0;0;3;2;2
2020-06-03 12:08:58;125;51;27;4;7;9;0;0;3;2;2
2020-06-03 12:09:59;125;51;27;4;7;9;0;0;3;2;2
2020-06-03 12:10:58;125;51;27;4;7;9;0;0;3;2;2
2020-06-03 12:11:59;126;51;27;4;7;10;0;0;3;2;2
2020-06-03 12:12:59;127;52;27;4;7;10;0;0;3;2;2
2020-06-03 12:13:58;128;52;28;4;7;10;0;0;3;2;2
2020-06-03 12:14:59;128;52;28;4;7;10;0;0;3;2;2
2020-06-03 12:15:58;128;52;28;4;7;10;0;0;3;2;2
2020-06-03 12:16:59;128;52;28;4;7;10;0;0;3;2;2
2020-06-03 12:17:58;128;52;28;4;7;10;0;0;3;2;2
2020-06-03 12:18:59;128;52;28;4;7;10;0;0;3;2;2
2020-06-03 12:19:58;128;52;28;4;7;10;0;0;3;2;2
2020-06-03 12:20:59;129;52;29;4;7;10;0;0;3;2;2
2020-06-03 12:21:59;129;52;29;4;7;10;0;0;3;2;2
2020-06-03 12:22:58;129;52;29;4;7;10;0;0;3;2;2
2020-06-03 12:23:59;129;52;29;4;7;10;0;0;3;2;2
2020-06-03 12:24:58;129;52;29;4;7;10;0;0;3;2;2
2020-06-03 12:25:59;129;52;29;4;7;10;0;0;3;2;2
2020-06-03 12:26:59;129;52;29;4;7;10;0;0;3;2;2
2020-06-03 12:27:58;129;52;29;4;7;10;0;0;3;2;2
2020-06-03 12:28:59;130;52;30;4;7;10;0;0;3;2;2
2020-06-03 12:29:58;130;52;30;4;7;10;0;0;3;2;2
2020-06-03 12:30:59;130;52;30;4;7;10;0;0;3;2;2
2020-06-03 12:31:58;131;52;30;4;8;10;0;0;3;2;2
2020-06-03 12:32:59;132;53;30;4;8;10;0;0;3;2;2
2020-06-03 12:33:59;132;53;30;4;8;10;0;0;3;2;2
2020-06-03 12:34:58;132;53;30;4;8;10;0;0;3;2;2
2020-06-03 12:35:59;132;53;30;4;8;10;0;0;3;2;2
2020-06-03 12:36:58;132;53;30;4;8;10;0;0;3;2;2
2020-06-03 12:37:59;133;53;30;4;8;10;0;0;3;2;2
2020-06-03 12:38:58;133;53;30;4;8;10;0;0;3;2;2
2020-06-03 12:39:59;134;53;30;5;8;10;0;0;3;2;2
2020-06-03 12:40:58;135;53;30;5;8;10;0;0;3;2;2
2020-06-03 12:41:59;135;53;30;5;8;10;0;0;3;2;2
2020-06-03 12:42:59;135;53;30;5;8;10;0;0;3;2;2
2020-06-03 12:44:00;135;53;30;5;8;10;0;0;3;2;2
2020-06-03 12:44:58;135;53;30;5;8;10;0;0;3;2;2
2020-06-03 12:45:59;135;53;30;5;8;10;0;0;3;2;2
2020-06-03 12:46:59;135;53;30;5;8;10;0;0;3;2;2
2020-06-03 12:47:58;135;53;30;5;8;10;0;0;3;2;2
2020-06-03 12:48:59;135;53;30;5;8;10;0;0;3;2;2
2020-06-03 12:49:58;135;53;30;5;8;10;0;0;3;2;2
2020-06-03 12:51:00;135;53;30;5;8;10;0;0;3;2;2
2020-06-03 12:51:58;136;54;30;5;8;10;0;0;3;2;2
2020-06-03 12:52:59;136;54;30;5;8;10;0;0;3;2;2
2020-06-03 12:53:59;136;54;30;5;8;10;0;0;3;2;2
2020-06-03 12:54:58;136;54;30;5;8;10;0;0;3;2;2
2020-06-03 12:55:59;136;54;30;5;8;10;0;0;3;2;2
2020-06-03 12:56:58;136;54;30;5;8;10;0;0;3;2;2
2020-06-03 12:57:59;137;54;30;5;8;10;0;0;3;2;2
2020-06-03 12:58:59;138;54;30;6;8;10;0;0;3;2;2
2020-06-03 12:59:58;138;54;30;6;8;10;0;0;3;2;2
2020-06-03 13:00:59;140;56;30;6;8;10;0;0;3;2;2
2020-06-03 13:01:58;140;56;30;6;8;10;0;0;3;2;2
2020-06-03 13:03:00;140;56;30;6;8;10;0;0;3;2;2
2020-06-03 13:03:58;140;56;30;6;8;10;0;0;3;2;2
2020-06-03 13:05:00;140;56;30;6;8;10;0;0;3;2;2
2020-06-03 13:05:58;140;56;30;6;8;10;0;0;3;2;2
2020-06-03 13:06:59;140;56;30;6;8;10;0;0;3;2;2
2020-06-03 13:07:59;142;57;31;6;8;10;0;0;3;2;2
2020-06-03 13:08:58;142;57;31;6;8;10;0;0;3;2;2
2020-06-03 13:09:59;142;57;31;6;8;10;0;0;3;2;2
2020-06-03 13:10:58;142;57;31;6;8;10;0;0;3;2;2
2020-06-03 13:11:59;142;57;31;6;8;10;0;0;3;2;2
2020-06-03 13:12:58;142;57;31;6;8;10;0;0;3;2;2
2020-06-03 13:13:59;142;57;31;6;8;10;0;0;3;2;2
2020-06-03 13:14:58;142;57;31;6;8;10;0;0;3;2;2
2020-06-03 13:16:00;143;58;31;6;8;10;0;0;3;2;2
2020-06-03 13:16:58;144;59;31;6;8;10;0;0;3;2;2
2020-06-03 13:17:59;145;59;31;6;9;10;0;0;3;2;2
2020-06-03 13:18:59;145;59;31;6;9;10;0;0;3;2;2
2020-06-03 13:19:58;145;59;31;6;9;10;0;0;3;2;2
2020-06-03 13:20:59;145;59;31;6;9;10;0;0;3;2;2
2020-06-03 13:21:59;145;59;31;6;9;10;0;0;3;2;2
2020-06-03 13:22:58;145;59;31;6;9;10;0;0;3;2;2
2020-06-03 13:23:59;147;60;31;6;9;10;0;0;3;2;2
2020-06-03 13:24:59;148;60;31;7;9;10;0;0;3;2;2
2020-06-03 13:25:58;148;60;31;7;9;10;0;0;3;2;2
2020-06-03 13:26:59;148;60;31;7;9;10;0;0;3;2;2
2020-06-03 13:27:59;148;60;31;7;9;10;0;0;3;2;2
2020-06-03 13:28:58;148;60;31;7;9;10;0;0;3;2;2
2020-06-03 13:29:59;148;60;31;7;9;10;0;0;3;2;2
2020-06-03 13:30:58;148;60;31;7;9;10;0;0;3;2;2
2020-06-03 13:31:59;148;60;31;7;9;10;0;0;3;2;2
2020-06-03 13:32:59;148;60;31;7;9;10;0;0;3;2;2
2020-06-03 13:33:58;148;60;31;7;9;10;0;0;3;2;2
2020-06-03 13:34:59;148;60;31;7;9;10;0;0;3;2;2
2020-06-03 13:35:58;148;60;31;7;9;10;0;0;3;2;2
2020-06-03 13:36:59;148;60;31;7;9;10;0;0;3;2;2
2020-06-03 13:37:58;148;60;31;7;9;10;0;0;3;2;2
2020-06-03 13:38:59;148;60;31;7;9;10;0;0;3;2;2
2020-06-03 13:39:59;148;60;31;7;9;10;0;0;3;2;2
2020-06-03 13:40:58;148;60;31;7;9;10;0;0;3;2;2
2020-06-03 13:41:59;148;60;31;7;9;10;0;0;3;2;2
2020-06-03 13:42:58;148;60;31;7;9;10;0;0;3;2;2
2020-06-03 13:43:59;148;60;31;7;9;10;0;0;3;2;2
2020-06-03 13:44:58;148;60;31;7;9;10;0;0;3;2;2
2020-06-03 13:45:59;148;60;31;7;9;10;0;0;3;2;2
2020-06-03 13:46:58;149;60;31;8;9;10;0;0;3;2;2
2020-06-03 13:47:59;149;60;31;8;9;10;0;0;3;2;2
2020-06-03 13:48:59;149;60;31;8;9;10;0;0;3;2;2
2020-06-03 13:49:58;149;60;31;8;9;10;0;0;3;2;2
2020-06-03 13:50:59;149;60;31;8;9;10;0;0;3;2;2
2020-06-03 13:51:58;149;60;31;8;9;10;0;0;3;2;2
2020-06-03 13:52:59;149;60;31;8;9;10;0;0;3;2;2
2020-06-03 13:53:58;149;60;31;8;9;10;0;0;3;2;2
2020-06-03 13:54:59;150;61;31;8;9;10;0;0;3;2;2
2020-06-03 13:55:58;150;61;31;8;9;10;0;0;3;2;2
2020-06-03 13:56:59;150;61;31;8;9;10;0;0;3;2;2
2020-06-03 13:57:59;150;61;31;8;9;10;0;0;3;2;2
2020-06-03 13:58:58;150;61;31;8;9;10;0;0;3;2;2
2020-06-03 13:59:59;151;62;31;8;9;10;0;0;3;2;2
2020-06-03 14:00:59;151;62;31;8;9;10;0;0;3;2;2
2020-06-03 14:01:58;151;62;31;8;9;10;0;0;3;2;2
2020-06-03 14:02:59;153;63;32;8;9;10;0;0;3;2;2
2020-06-03 14:03:58;153;63;32;8;9;10;0;0;3;2;2
2020-06-03 14:04:59;153;63;32;8;9;10;0;0;3;2;2
2020-06-03 14:05:58;153;63;32;8;9;10;0;0;3;2;2
2020-06-03 14:06:59;153;63;32;8;9;10;0;0;3;2;2
2020-06-03 14:07:59;153;63;32;8;9;10;0;0;3;2;2
2020-06-03 14:08:58;153;63;32;8;9;10;0;0;3;2;2
2020-06-03 14:09:59;153;63;32;8;9;10;0;0;3;2;2
2020-06-03 14:10:58;153;63;32;8;9;10;0;0;3;2;2
2020-06-03 14:11:59;153;63;32;8;9;10;0;0;3;2;2
2020-06-03 14:12:59;154;63;33;8;9;10;0;0;3;2;2
2020-06-03 14:13:59;154;63;33;8;9;10;0;0;3;2;2
2020-06-03 14:14:58;154;63;33;8;9;10;0;0;3;2;2
2020-06-03 14:15:59;154;63;33;8;9;10;0;0;3;2;2
2020-06-03 14:16:59;154;63;33;8;9;10;0;0;3;2;2
2020-06-03 14:17:58;155;63;33;8;10;10;0;0;3;2;2
2020-06-03 14:18:59;155;63;33;8;10;10;0;0;3;2;2
2020-06-03 14:19:58;155;63;33;8;10;10;0;0;3;2;2
2020-06-03 14:21:00;156;64;33;8;10;10;0;0;3;2;2
2020-06-03 14:21:58;156;64;33;8;10;10;0;0;3;2;2
2020-06-03 14:22:59;156;64;33;8;10;10;0;0;3;2;2
2020-06-03 14:23:59;156;64;33;8;10;10;0;0;3;2;2
2020-06-03 14:24:58;156;64;33;8;10;10;0;0;3;2;2
2020-06-03 14:25:59;157;65;33;8;10;10;0;0;3;2;2
2020-06-03 14:26:58;157;65;33;8;10;10;0;0;3;2;2
2020-06-03 14:27:59;157;65;34;8;10;9;0;0;3;2;2
2020-06-03 14:28:59;157;65;34;8;10;9;0;0;3;2;2
2020-06-03 14:29:58;158;66;34;8;10;9;0;0;3;2;2
2020-06-03 14:30:59;158;66;34;8;10;9;0;0;3;2;2
2020-06-03 14:31:58;158;66;34;8;10;9;0;0;3;2;2
2020-06-03 14:32:59;158;66;34;8;10;9;0;0;3;2;2
2020-06-03 14:33:58;158;66;34;8;10;9;0;0;3;2;2
2020-06-03 14:34:59;158;66;34;8;10;9;0;0;3;2;2
2020-06-03 14:35:59;158;66;34;8;10;9;0;0;3;2;2
2020-06-03 14:36:58;158;66;34;8;10;9;0;0;3;2;2
2020-06-03 14:37:59;158;66;34;8;10;9;0;0;3;2;2
2020-06-03 14:38:59;158;66;34;8;10;9;0;0;3;2;2
2020-06-03 14:39:58;158;66;34;8;10;9;0;0;3;2;2
2020-06-03 14:40:59;159;67;34;8;10;9;0;0;3;2;2
2020-06-03 14:41:58;159;67;34;8;10;9;0;0;3;2;2
2020-06-03 14:42:59;159;67;34;8;10;9;0;0;3;2;2
2020-06-03 14:43:58;159;67;34;8;10;9;0;0;3;2;2
2020-06-03 14:44:59;159;67;34;8;10;9;0;0;3;2;2
2020-06-03 14:45:58;159;67;34;8;10;9;0;0;3;2;2
2020-06-03 14:46:59;159;67;34;8;10;9;0;0;3;2;2
2020-06-03 14:47:58;159;67;34;8;10;9;0;0;3;2;2
2020-06-03 14:48:59;160;67;34;8;10;9;0;0;3;2;2
2020-06-03 14:49:59;160;67;34;8;10;9;0;0;3;2;2
2020-06-03 14:50:58;161;68;34;8;10;9;0;0;3;2;2
2020-06-03 14:51:59;161;68;34;8;10;9;0;0;3;2;2
2020-06-03 14:52:58;161;68;34;8;10;9;0;0;3;2;2
2020-06-03 14:53:59;161;68;34;8;10;9;0;0;3;2;2
2020-06-03 14:54:58;161;68;34;8;10;9;0;0;3;2;2
2020-06-03 14:55:59;162;68;34;8;11;9;0;0;3;2;2
2020-06-03 14:56:59;162;68;34;8;11;9;0;0;3;2;2
2020-06-03 14:57:58;162;68;34;8;11;9;0;0;3;2;2
2020-06-03 14:58:59;162;68;34;8;11;9;0;0;3;2;2
2020-06-03 14:59:58;162;68;34;8;11;9;0;0;3;2;2
2020-06-03 15:00:59;162;68;34;8;11;9;0;0;3;2;2
2020-06-03 15:01:59;163;69;34;8;11;9;0;0;3;2;2
2020-06-03 15:02:58;163;69;34;8;11;9;0;0;3;2;2
2020-06-03 15:03:59;163;69;34;8;11;9;0;0;3;2;2
2020-06-03 15:04:58;163;69;34;8;11;9;0;0;3;2;2
2020-06-03 15:05:59;163;69;34;8;11;9;0;0;3;2;2
2020-06-03 15:06:58;163;69;34;8;11;9;0;0;3;2;2
2020-06-03 15:07:59;163;69;34;8;11;9;0;0;3;2;2
2020-06-03 15:08:58;163;69;34;8;11;9;0;0;3;2;2
2020-06-03 15:09:59;163;69;34;8;11;9;0;0;3;2;2
2020-06-03 15:10:59;163;69;34;8;11;9;0;0;3;2;2
2020-06-03 15:11:58;163;69;34;8;11;9;0;0;3;2;2
2020-06-03 15:12:59;163;69;34;8;11;9;0;0;3;2;2
2020-06-03 15:13:58;164;70;34;8;11;9;0;0;3;2;2
2020-06-03 15:14:59;164;70;34;8;11;9;0;0;3;2;2
2020-06-03 15:15:58;164;70;34;8;11;9;0;0;3;2;2
2020-06-03 15:16:59;164;70;34;8;11;9;0;0;3;2;2
2020-06-03 15:17:58;164;70;34;8;11;9;0;0;3;2;2
2020-06-03 15:19:00;164;70;34;8;11;9;0;0;3;2;2
2020-06-03 15:19:58;166;71;34;8;12;9;0;0;3;2;2
2020-06-03 15:20:59;166;71;34;8;12;9;0;0;3;2;2
2020-06-03 15:21:59;166;71;34;8;12;9;0;0;3;2;2
2020-06-03 15:22:58;167;71;34;9;12;9;0;0;3;2;2
2020-06-03 15:23:59;167;71;34;9;12;9;0;0;3;2;2
2020-06-03 15:24:58;167;71;34;9;12;9;0;0;3;2;2
2020-06-03 15:25:59;167;71;34;9;12;9;0;0;3;2;2
2020-06-03 15:26:58;167;71;34;9;12;9;0;0;3;2;2
2020-06-03 15:27:59;167;71;34;9;12;9;0;0;3;2;2
2020-06-03 15:28:58;167;71;34;9;12;9;0;0;3;2;2
2020-06-03 15:29:59;167;71;34;9;12;9;0;0;3;2;2
2020-06-03 15:30:58;168;72;34;9;12;9;0;0;3;2;2
2020-06-03 15:31:59;168;71;34;9;12;9;0;0;3;2;2
2020-06-03 15:32:59;169;71;34;9;12;9;0;0;3;2;0
2020-06-03 15:33:58;169;71;34;10;12;9;0;0;3;2;2
2020-06-03 15:34:59;169;71;34;10;12;9;0;0;3;2;2
2020-06-03 15:35:58;169;71;34;10;12;9;0;0;3;2;2
2020-06-03 15:36:59;170;72;34;10;12;9;0;0;3;2;2
2020-06-03 15:37:58;170;72;34;10;12;9;0;0;3;2;2
2020-06-03 15:38:59;170;72;34;10;12;9;0;0;3;2;2
2020-06-03 15:39:58;170;72;34;10;12;9;0;0;3;2;2
2020-06-03 15:40:59;170;72;34;10;12;9;0;0;3;2;2
2020-06-03 15:41:59;170;72;34;10;12;9;0;0;3;2;2
2020-06-03 15:42:58;170;72;34;10;12;9;0;0;3;2;2
2020-06-03 15:43:59;170;72;34;10;12;9;0;0;3;2;2
2020-06-03 15:44:58;170;72;34;10;12;9;0;0;3;2;2
2020-06-03 15:45:59;171;73;34;10;12;9;0;0;3;2;2
2020-06-03 15:46:59;171;73;34;10;12;9;0;0;3;2;2
2020-06-03 15:47:58;171;73;34;10;12;9;0;0;3;2;2
2020-06-03 15:48:59;171;73;34;10;12;9;0;0;3;2;2
2020-06-03 15:49:58;171;73;34;10;12;9;0;0;3;2;2
2020-06-03 15:50:59;171;73;34;10;12;9;0;0;3;2;2
2020-06-03 15:51:58;172;73;35;10;12;9;0;0;3;2;2
2020-06-03 15:52:59;173;74;35;10;12;9;0;0;3;2;2
2020-06-03 15:53:58;173;74;35;10;12;9;0;0;3;2;2
2020-06-03 15:54:59;173;74;35;10;12;9;0;0;3;2;2
2020-06-03 15:55:59;173;74;35;10;12;9;0;0;3;2;2
2020-06-03 15:56:58;173;74;35;10;12;9;0;0;3;2;2
2020-06-03 15:57:59;173;74;35;10;12;9;0;0;3;2;2
2020-06-03 15:58:59;173;74;35;10;12;9;0;0;3;2;2
2020-06-03 15:59:58;173;74;35;10;12;9;0;0;3;2;2
2020-06-03 16:00:59;173;74;35;10;12;9;0;0;3;2;2
2020-06-03 16:01:58;173;74;35;10;12;9;0;0;3;2;2
2020-06-03 16:02:59;173;74;35;10;12;9;0;0;3;2;2
2020-06-03 16:03:59;173;74;35;10;12;9;0;0;3;2;2
2020-06-03 16:04:58;173;74;35;10;12;9;0;0;3;2;2
2020-06-03 16:05:59;174;74;35;11;12;9;0;0;3;2;2
2020-06-03 16:06:58;174;74;35;11;12;9;0;0;3;2;2
2020-06-03 16:07:59;175;75;35;11;12;9;0;0;3;2;2
2020-06-03 16:08:58;175;75;35;11;12;9;0;0;3;2;2
2020-06-03 16:09:59;175;75;35;11;12;9;0;0;3;2;2
2020-06-03 16:10:58;175;75;35;11;12;9;0;0;3;2;2
2020-06-03 16:11:59;175;75;35;11;12;9;0;0;3;2;2
2020-06-03 16:12:59;176;75;35;11;12;9;0;0;3;3;2
2020-06-03 16:13:58;176;75;35;11;12;9;0;0;3;3;2
2020-06-03 16:14:59;176;75;35;11;12;9;0;0;3;3;2
2020-06-03 16:15:58;176;75;35;11;12;9;0;0;3;3;2
2020-06-03 16:16:59;176;75;35;11;12;9;0;0;3;3;2
2020-06-03 16:17:58;176;75;35;11;12;9;0;0;3;3;2
2020-06-03 16:18:59;176;75;35;11;12;9;0;0;3;3;2
2020-06-03 16:19:58;176;75;35;11;12;9;0;0;3;3;2
2020-06-03 16:20:59;176;75;35;11;12;9;0;0;3;3;2
2020-06-03 16:21:58;176;75;35;11;12;9;0;0;3;3;2
2020-06-03 16:22:59;176;75;35;11;12;9;0;0;3;3;2
2020-06-03 16:23:59;176;75;35;11;12;9;0;0;3;3;2
2020-06-03 16:24:58;176;75;35;11;12;9;0;0;3;3;2
2020-06-03 16:25:59;176;75;35;11;12;9;0;0;3;3;2
2020-06-03 16:26:58;176;75;35;11;12;9;0;0;3;3;2
2020-06-03 16:27:59;176;75;35;11;12;9;0;0;3;3;2
2020-06-03 16:28:58;176;75;35;11;12;9;0;0;3;3;2
2020-06-03 16:29:59;176;75;35;11;12;9;0;0;3;3;2
2020-06-03 16:30:58;176;75;35;11;12;9;0;0;3;3;2
2020-06-03 16:31:59;176;75;35;11;12;9;0;0;3;3;2
2020-06-03 16:32:59;176;75;35;11;12;9;0;0;3;3;2
2020-06-03 16:33:58;176;75;35;11;12;9;0;0;3;3;2
2020-06-03 16:34:59;176;75;35;11;12;9;0;0;3;3;2
2020-06-03 16:35:59;176;75;35;11;12;9;0;0;3;3;2
2020-06-03 16:36:58;176;75;35;11;12;9;0;0;3;3;2
2020-06-03 16:37:59;177;76;35;11;12;9;0;0;3;3;2
2020-06-03 16:38:58;178;77;35;11;12;9;0;0;3;3;2
2020-06-03 16:39:59;178;77;35;11;12;9;0;0;3;3;2
2020-06-03 16:40:58;178;77;35;11;12;9;0;0;3;3;2
2020-06-03 16:41:59;179;78;35;11;12;9;0;0;3;3;2
2020-06-03 16:42:58;179;78;35;11;12;9;0;0;3;3;2
2020-06-03 16:43:59;179;78;35;11;12;9;0;0;3;3;2
2020-06-03 16:44:59;179;78;35;11;12;9;0;0;3;3;2
2020-06-03 16:45:58;179;78;35;11;12;9;0;0;3;3;2
2020-06-03 16:46:59;179;78;35;11;12;9;0;0;3;3;2
2020-06-03 16:47:58;179;78;35;11;12;9;0;0;3;3;2
2020-06-03 16:48:59;180;79;35;11;12;9;0;0;3;3;2
2020-06-03 16:49:58;180;79;35;11;12;9;0;0;3;3;2
2020-06-03 16:50:59;180;79;35;11;12;9;0;0;3;3;2
2020-06-03 16:51:59;181;79;35;11;12;9;0;0;3;3;3
2020-06-03 16:52:58;181;79;35;11;12;9;0;0;3;3;3
2020-06-03 16:53:59;181;79;35;11;12;9;0;0;3;3;3
2020-06-03 16:54:58;181;79;35;11;12;9;0;0;3;3;3
2020-06-03 16:55:59;181;79;35;11;12;9;0;0;3;3;3
2020-06-03 16:56:58;181;79;35;11;12;9;0;0;3;3;3
2020-06-03 16:57:59;182;79;35;12;12;9;0;0;3;3;3
2020-06-03 16:58:59;183;80;35;12;12;9;0;0;3;3;3
2020-06-03 16:59:58;183;80;35;12;12;9;0;0;3;3;3
2020-06-03 17:00:59;183;80;35;12;12;9;0;0;3;3;3
2020-06-03 17:01:58;183;80;35;12;12;9;0;0;3;3;3
2020-06-03 17:02:59;183;80;35;12;12;9;0;0;3;3;3
2020-06-03 17:03:59;183;80;35;12;12;9;0;0;3;3;3
2020-06-03 17:05:00;184;81;35;12;12;9;0;0;3;3;3
2020-06-03 17:05:58;185;81;35;12;12;9;0;2;3;3;3
2020-06-03 17:06:59;185;81;35;12;12;9;0;2;3;3;3
2020-06-03 17:07:58;185;81;35;12;12;9;0;2;3;3;3
2020-06-03 17:08:59;185;81;35;12;12;9;0;2;3;3;3
2020-06-03 17:09:58;185;81;35;12;12;9;0;2;3;3;3
2020-06-03 17:10:59;185;81;35;12;12;9;0;2;3;3;3
2020-06-03 17:11:59;185;81;35;12;12;9;0;2;3;3;3
2020-06-03 17:12:58;185;81;35;12;12;9;0;2;3;3;3
2020-06-03 17:13:59;186;82;35;12;12;9;0;2;3;3;3
2020-06-03 17:14:58;187;82;36;12;12;9;0;2;3;3;3
2020-06-03 17:15:59;187;82;36;12;12;9;0;2;3;3;3
2020-06-03 17:16:58;187;82;36;12;12;9;0;2;3;3;3
2020-06-03 17:17:59;187;82;36;12;12;9;0;2;3;3;3
2020-06-03 17:18:58;188;83;36;12;12;9;0;2;3;3;3
2020-06-03 17:19:59;188;83;36;12;12;9;0;2;3;3;3
2020-06-03 17:20:58;188;83;36;12;12;9;0;2;3;3;3
2020-06-03 17:21:59;188;83;36;12;12;9;0;2;3;3;3
2020-06-03 17:22:58;188;83;36;12;12;9;0;2;3;3;3
2020-06-03 17:23:59;189;84;36;12;12;9;0;2;3;3;3
2020-06-03 17:24:58;189;84;36;12;12;9;0;2;3;3;3
2020-06-03 17:25:59;189;85;35;12;12;9;0;2;3;3;3
2020-06-03 17:26:59;190;86;35;12;12;9;0;2;3;3;3
2020-06-03 17:27:58;190;86;35;12;12;9;0;2;3;3;3
2020-06-03 17:28:59;191;87;35;12;12;9;0;2;3;3;3
2020-06-03 17:29:59;191;87;35;12;12;9;0;2;3;3;3
2020-06-03 17:30:58;191;87;35;12;12;9;0;2;3;3;3
2020-06-03 17:31:59;191;87;35;12;12;9;0;2;3;3;3
2020-06-03 17:32:58;191;87;35;12;12;9;0;2;3;3;3
2020-06-03 17:33:59;191;87;35;12;12;9;0;2;3;3;3
2020-06-03 17:34:58;191;87;35;12;12;9;0;2;3;3;3
2020-06-03 17:35:59;192;87;36;12;12;9;0;2;3;3;3
2020-06-03 17:36:58;192;87;36;12;12;9;0;2;3;3;3
2020-06-03 17:37:59;192;87;36;12;12;9;0;2;3;3;3
2020-06-03 17:38:58;192;87;36;12;12;9;0;2;3;3;3
2020-06-03 17:39:59;192;87;36;12;12;9;0;2;3;3;3
2020-06-03 17:40:59;192;87;36;12;12;9;0;2;3;3;3
2020-06-03 17:41:58;194;88;36;12;12;9;0;2;3;3;3
2020-06-03 17:42:59;194;88;36;12;12;9;0;2;3;3;3
2020-06-03 17:43:58;194;88;36;12;12;9;0;2;3;3;3
2020-06-03 17:44:59;194;88;36;12;12;9;0;2;3;3;3
2020-06-03 17:45:58;194;88;36;12;12;9;0;2;3;3;3
2020-06-03 17:46:59;194;88;36;12;12;9;0;2;3;3;3
2020-06-03 17:47:59;194;88;36;12;12;9;0;2;3;3;3
2020-06-03 17:48:58;194;88;36;12;12;9;0;2;3;3;3
2020-06-03 17:49:59;194;88;36;12;12;9;0;2;3;3;3
2020-06-03 17:50:59;194;88;36;12;12;9;0;2;3;3;3
2020-06-03 17:51:58;194;88;36;12;12;9;0;2;3;3;3
2020-06-03 17:52:59;194;88;36;12;12;9;0;2;3;3;3
2020-06-03 17:53:58;194;88;36;12;12;9;0;2;3;3;3
2020-06-03 17:54:59;194;88;36;12;12;9;0;2;3;3;3
2020-06-03 17:55:58;194;88;36;12;12;9;0;2;3;3;3
2020-06-03 17:56:59;194;88;36;12;12;9;0;2;3;3;3
2020-06-03 17:57:58;194;88;36;12;12;9;0;2;3;3;3
2020-06-03 17:58:59;195;88;37;12;12;9;0;2;3;3;3
2020-06-03 17:59:59;195;88;37;12;12;9;0;2;3;3;3
2020-06-03 18:00:58;195;88;37;12;12;9;0;2;3;3;3
2020-06-03 18:01:59;195;88;37;12;12;9;0;2;3;3;3
2020-06-03 18:02:58;195;88;37;12;12;9;0;2;3;3;3
2020-06-03 18:03:59;195;88;37;12;12;9;0;2;3;3;3
2020-06-03 18:04:58;195;88;37;12;12;9;0;2;3;3;3
2020-06-03 18:05:59;195;88;37;12;12;9;0;2;3;3;3
2020-06-03 18:06:59;196;88;37;13;12;9;0;2;3;3;3
2020-06-03 18:07:58;196;88;37;13;12;9;0;2;3;3;3
2020-06-03 18:08:59;196;88;37;13;12;9;0;2;3;3;3
2020-06-03 18:09:58;196;88;37;13;12;9;0;2;3;3;3
2020-06-03 18:10:59;196;88;37;13;12;9;0;2;3;3;3
2020-06-03 18:11:58;196;88;37;13;12;9;0;2;3;3;3
2020-06-03 18:12:59;196;88;37;13;12;9;0;2;3;3;3
2020-06-03 18:13:58;197;88;37;13;12;9;0;2;3;3;3
2020-06-03 18:14:59;197;88;37;13;12;9;0;2;3;3;3
2020-06-03 18:15:58;197;88;37;13;12;9;0;2;3;3;3
2020-06-03 18:16:59;197;88;37;13;12;9;0;2;3;3;3
2020-06-03 18:17:58;197;88;37;13;12;9;0;2;3;3;3
2020-06-03 18:18:59;197;88;37;13;12;9;0;2;3;3;3
2020-06-03 18:19:59;197;88;37;13;12;9;0;2;3;3;3
2020-06-03 18:20:58;197;88;37;13;12;9;0;2;3;3;3
2020-06-03 18:21:59;198;88;37;13;12;9;0;3;3;3;3
2020-06-03 18:22:58;198;88;37;13;12;9;0;3;3;3;3
2020-06-03 18:23:59;198;88;37;13;12;9;0;3;3;3;3
2020-06-03 18:24:59;199;88;37;13;12;9;0;3;3;3;3
2020-06-03 18:25:58;199;88;37;13;12;9;0;3;3;3;3
2020-06-03 18:26:59;199;88;37;13;12;9;0;3;3;3;3
2020-06-03 18:27:58;200;88;37;14;12;9;0;3;3;3;3
2020-06-03 18:28:59;200;88;37;14;12;9;0;3;3;3;3
2020-06-03 18:29:59;200;88;37;14;12;9;0;3;3;3;3
2020-06-03 18:30:58;200;88;37;14;12;9;0;3;3;3;3
2020-06-03 18:31:59;201;89;37;14;12;9;0;3;3;3;3
2020-06-03 18:32:58;201;89;37;14;12;9;0;3;3;3;3
2020-06-03 18:33:59;201;89;37;14;12;9;0;3;3;3;3
2020-06-03 18:34:59;201;89;37;14;12;9;0;3;3;3;3
2020-06-03 18:35:58;201;89;37;14;12;9;0;3;3;3;3
2020-06-03 18:36:59;201;89;37;14;12;9;0;3;3;3;3
2020-06-03 18:37:58;201;89;37;14;12;9;0;3;3;3;3
2020-06-03 18:38:59;201;89;37;14;12;9;0;3;3;3;3
2020-06-03 18:39:58;202;90;37;14;12;9;0;3;3;3;3
2020-06-03 18:40:59;203;91;37;14;12;9;0;3;3;3;3
2020-06-03 18:41:58;203;91;37;14;12;9;0;3;3;3;3
2020-06-03 18:42:59;203;91;37;14;12;9;0;3;3;3;3
2020-06-03 18:43:58;203;91;37;14;12;9;0;3;3;3;3
2020-06-03 18:44:59;203;91;37;14;12;9;0;3;3;3;3
2020-06-03 18:45:59;203;91;37;14;12;9;0;3;3;3;3
2020-06-03 18:46:58;203;91;37;14;12;9;0;3;3;3;3
2020-06-03 18:47:59;203;91;37;14;12;9;0;3;3;3;3
2020-06-03 18:48:58;202;90;37;14;12;9;0;3;3;3;3
2020-06-03 18:49:59;202;90;37;14;12;9;0;3;3;3;3
2020-06-03 18:50:58;202;90;37;14;12;9;0;3;3;3;3
2020-06-03 18:51:59;202;90;37;14;12;9;0;3;3;3;3
2020-06-03 18:52:59;202;90;37;14;12;9;0;3;3;3;3
2020-06-03 18:53:58;202;90;37;14;12;9;0;3;3;3;3
2020-06-03 18:54:59;202;90;37;14;12;9;0;3;3;3;3
2020-06-03 18:55:58;202;90;37;14;12;9;0;3;3;3;3
2020-06-03 18:57:00;204;90;37;14;12;10;0;4;3;3;3
2020-06-03 18:57:58;204;90;37;14;12;10;0;4;3;3;3
2020-06-03 18:58:59;206;91;37;14;12;10;0;4;4;3;3
2020-06-03 18:59:59;206;91;37;14;12;10;0;4;4;3;3
2020-06-03 19:00:58;206;91;37;14;12;10;0;4;4;3;3
2020-06-03 19:01:59;207;91;37;14;12;10;3;4;4;3;3
2020-06-03 19:02:58;207;91;37;14;12;10;3;4;4;3;3
2020-06-03 19:03:59;208;91;37;15;12;10;3;4;4;3;3
2020-06-03 19:04:58;208;91;37;15;12;10;3;4;4;3;3
2020-06-03 19:05:59;208;91;37;15;12;10;3;4;4;3;3
2020-06-03 19:06:58;208;91;37;15;12;10;3;4;4;3;3
2020-06-03 19:07:59;208;91;37;15;12;10;3;4;4;3;3
2020-06-03 19:08:58;209;91;37;16;12;10;3;4;4;3;3
2020-06-03 19:09:59;209;91;37;16;12;10;3;4;4;3;3
2020-06-03 19:10:59;209;91;37;16;12;10;3;4;4;3;3
2020-06-03 19:11:58;209;91;37;16;12;10;3;4;4;3;3
2020-06-03 19:12:59;209;91;37;16;12;10;3;4;4;3;3
2020-06-03 19:13:59;209;91;37;16;12;10;3;4;4;3;3
2020-06-03 19:14:58;209;91;37;16;12;10;3;4;4;3;3
2020-06-03 19:15:59;209;91;37;16;12;10;3;4;4;3;3
2020-06-03 19:16:58;209;91;37;16;12;10;3;4;4;3;3
2020-06-03 19:17:59;209;91;37;16;12;10;3;4;4;3;3
2020-06-03 19:18:58;209;91;37;16;12;10;3;4;4;3;3
2020-06-03 19:19:59;209;91;37;16;12;10;3;4;4;3;3
2020-06-03 19:20:58;209;91;37;16;12;10;3;4;4;3;3
2020-06-03 19:21:59;209;91;37;16;12;10;3;4;4;3;3
2020-06-03 19:22:59;209;91;37;16;12;10;3;4;4;3;3
2020-06-03 19:23:58;209;91;37;16;12;10;3;4;4;3;3
2020-06-03 19:24:59;209;91;37;16;12;10;3;4;4;3;3
2020-06-03 19:25:59;210;91;37;17;12;10;3;4;4;3;3
2020-06-03 19:26:58;211;92;37;17;12;10;3;4;4;3;3
2020-06-03 19:27:59;211;92;37;17;12;10;3;4;4;3;3
2020-06-03 19:28:58;211;92;37;17;12;10;3;4;4;3;3
2020-06-03 19:29:59;212;92;37;18;12;10;3;4;4;3;3
2020-06-03 19:30:59;212;92;37;18;12;10;3;4;4;3;3
2020-06-03 19:31:58;212;92;37;18;12;10;3;4;4;3;3
2020-06-03 19:32:59;212;92;37;18;12;10;3;4;4;3;3
2020-06-03 19:33:58;212;92;37;18;12;10;3;4;4;3;3
2020-06-03 19:34:59;212;92;37;18;12;10;3;4;4;3;3
2020-06-03 19:35:58;212;92;37;18;12;10;3;4;4;3;3
2020-06-03 19:36:59;212;92;37;18;12;10;3;4;4;3;3
2020-06-03 19:37:59;213;93;37;18;12;10;3;4;4;3;3
2020-06-03 19:38:58;213;93;37;18;12;10;3;4;4;3;3
2020-06-03 19:39:59;213;93;37;18;12;10;3;4;4;3;3
2020-06-03 19:40:59;213;93;37;18;12;10;3;4;4;3;3
2020-06-03 19:41:58;214;94;37;18;12;10;3;4;4;3;3
2020-06-03 19:42:59;214;94;37;18;12;10;3;4;4;3;3
2020-06-03 19:43:58;214;94;37;18;12;10;3;4;4;3;3
2020-06-03 19:44:59;214;94;37;18;12;10;3;4;4;3;3
2020-06-03 19:45:58;214;94;37;18;12;10;3;4;4;3;3
2020-06-03 19:46:59;214;94;37;18;12;10;3;4;4;3;3
2020-06-03 19:47:58;214;94;37;18;12;10;3;4;4;3;3
2020-06-03 19:48:59;214;94;37;18;12;10;3;4;4;3;3
2020-06-03 19:49:59;214;94;37;18;12;10;3;4;4;3;3
2020-06-03 19:50:58;214;94;37;18;12;10;3;4;4;3;3
2020-06-03 19:51:59;214;94;37;18;12;10;3;4;4;3;3
2020-06-03 19:52:58;214;94;37;18;12;10;3;4;4;3;3
2020-06-03 19:53:59;214;94;37;18;12;10;3;4;4;3;3
2020-06-03 19:54:58;214;94;37;18;12;10;3;4;4;3;3
2020-06-03 19:55:59;215;95;37;18;12;10;3;4;4;3;3
2020-06-03 19:56:58;215;95;37;18;12;10;3;4;4;3;3
2020-06-03 19:57:59;215;95;37;18;12;10;3;4;4;3;3
2020-06-03 19:58:59;215;95;37;18;12;10;3;4;4;3;3
2020-06-03 19:59:58;215;95;37;18;12;10;3;4;4;3;3
2020-06-03 20:00:59;215;95;37;18;12;10;3;4;4;3;3
2020-06-03 20:01:58;215;95;37;18;12;10;3;4;4;3;3
2020-06-03 20:02:59;215;95;37;18;12;10;3;4;4;3;3
2020-06-03 20:03:58;215;95;37;18;12;10;3;4;4;3;3
2020-06-03 20:04:59;215;95;37;18;12;10;3;4;4;3;3
2020-06-03 20:05:58;215;95;37;18;12;10;3;4;4;3;3
2020-06-03 20:06:59;216;96;37;18;12;10;3;4;4;3;3
2020-06-03 20:07:59;217;97;37;18;12;10;3;4;4;3;3
2020-06-03 20:08:58;217;97;37;18;12;10;3;4;4;3;3
2020-06-03 20:09:59;217;97;37;18;12;10;3;4;4;3;3
2020-06-03 20:10:58;217;97;37;18;12;10;3;4;4;3;3
2020-06-03 20:11:59;217;97;37;18;12;10;3;4;4;3;3
2020-06-03 20:12:58;217;97;37;18;12;10;3;4;4;3;3
2020-06-03 20:13:59;217;97;37;18;12;10;3;4;4;3;3
2020-06-03 20:14:58;217;97;37;18;12;10;3;4;4;3;3
2020-06-03 20:15:59;217;97;37;18;12;10;3;4;4;3;3
2020-06-03 20:16:58;217;97;37;18;12;10;3;4;4;3;3
2020-06-03 20:17:59;217;97;37;18;12;10;3;4;4;3;3
2020-06-03 20:18:58;217;97;37;18;12;10;3;4;4;3;3
2020-06-03 20:19:59;217;97;37;18;12;10;3;4;4;3;3
2020-06-03 20:20:58;217;97;37;18;12;10;3;4;4;3;3
2020-06-03 20:21:59;217;97;37;18;12;10;3;4;4;3;3
2020-06-03 20:22:58;218;97;38;18;12;10;3;4;4;3;3
2020-06-03 20:23:59;218;97;38;18;12;10;3;4;4;3;3
2020-06-03 20:24:58;218;97;38;18;12;10;3;4;4;3;3
2020-06-03 20:25:59;218;97;38;18;12;10;3;4;4;3;3
2020-06-03 20:26:59;218;97;38;18;12;10;3;4;4;3;3
2020-06-03 20:27:58;218;97;38;18;12;10;3;4;4;3;3
2020-06-03 20:28:59;218;97;38;18;12;10;3;4;4;3;3
2020-06-03 20:29:58;218;97;38;18;12;10;3;4;4;3;3
2020-06-03 20:30:59;218;97;38;18;12;10;3;4;4;3;3
2020-06-03 20:31:58;218;97;38;18;12;10;3;4;4;3;3
2020-06-03 20:32:59;218;97;38;18;12;10;3;4;4;3;3
2020-06-03 20:33:58;218;97;38;18;12;10;3;4;4;3;3
2020-06-03 20:34:59;218;97;38;18;12;10;3;4;4;3;3
2020-06-03 20:35:59;218;97;38;18;12;10;3;4;4;3;3
2020-06-03 20:36:58;218;97;38;18;12;10;3;4;4;3;3
2020-06-03 20:37:59;218;97;38;18;12;10;3;4;4;3;3
2020-06-03 20:38:58;218;97;38;18;12;10;3;4;4;3;3
2020-06-03 20:39:59;218;97;38;18;12;10;3;4;4;3;3
2020-06-03 20:40:59;218;97;38;18;12;10;3;4;4;3;3
2020-06-03 20:41:58;218;97;38;18;12;10;3;4;4;3;3
2020-06-03 20:42:59;218;97;38;18;12;10;3;4;4;3;3
2020-06-03 20:43:58;218;97;38;18;12;10;3;4;4;3;3
2020-06-03 20:44:59;219;98;38;18;12;10;3;4;4;3;3
2020-06-03 20:45:59;220;98;38;18;12;10;3;5;4;3;3
2020-06-03 20:46:58;220;98;38;18;12;10;3;5;4;3;3
2020-06-03 20:47:59;220;98;38;18;12;10;3;5;4;3;3
2020-06-03 20:48:58;220;98;38;18;12;10;3;5;4;3;3
2020-06-03 20:49:59;219;98;37;18;12;10;3;5;4;3;3
2020-06-03 20:50:58;219;98;37;18;12;10;3;5;4;3;3
2020-06-03 20:51:59;220;99;37;18;12;10;3;5;4;3;3
2020-06-03 20:52:59;220;99;37;18;12;10;3;5;4;3;3
2020-06-03 20:53:58;220;99;37;18;12;10;3;5;4;3;3
2020-06-03 20:54:59;220;99;37;18;12;10;3;5;4;3;3
2020-06-03 20:55:58;220;99;37;18;12;10;3;5;4;3;3
2020-06-03 20:56:59;220;99;37;18;12;10;3;5;4;3;3
2020-06-03 20:57:58;221;99;38;18;12;10;3;5;4;3;3
2020-06-03 20:58:59;221;99;38;18;12;10;3;5;4;3;3
2020-06-03 20:59:59;221;99;38;18;12;10;3;5;4;3;3
2020-06-03 21:00:58;221;99;38;18;12;10;3;5;4;3;3
2020-06-03 21:01:59;221;99;38;18;12;10;3;5;4;3;3
2020-06-03 21:02:59;221;99;38;18;12;10;3;5;4;3;3
2020-06-03 21:03:58;221;99;38;18;12;10;3;5;4;3;3
2020-06-03 21:04:59;221;99;38;18;12;10;3;5;4;3;3
2020-06-03 21:05:58;221;99;38;18;12;10;3;5;4;3;3
2020-06-03 21:06:59;222;100;38;18;12;10;3;5;4;3;3
2020-06-03 21:07:58;222;100;38;18;12;10;3;5;4;3;3
2020-06-03 21:08:59;222;100;38;18;12;10;3;5;4;3;3
2020-06-03 21:09:58;222;101;38;18;12;10;3;5;4;3;3
2020-06-03 21:10:59;223;102;38;18;12;10;3;5;4;3;3
2020-06-03 21:11:58;223;102;38;18;12;10;3;5;4;3;3
2020-06-03 21:12:59;223;102;38;18;12;10;3;5;4;3;3
2020-06-03 21:13:59;223;102;38;18;12;10;3;5;4;3;3
2020-06-03 21:14:58;223;102;38;18;12;10;3;5;4;3;3
2020-06-03 21:15:59;223;102;38;18;12;10;3;5;4;3;3
2020-06-03 21:16:58;223;102;38;18;12;10;3;5;4;3;3
2020-06-03 21:17:59;223;102;38;18;12;10;3;5;4;3;3
2020-06-03 21:18:58;223;102;38;18;12;10;3;5;4;3;3
2020-06-03 21:20:00;223;102;38;18;12;10;3;5;4;3;3
2020-06-03 21:20:58;224;102;38;18;12;10;3;5;4;3;3
2020-06-03 21:21:59;224;102;38;18;12;10;3;5;4;3;3
2020-06-03 21:22:59;224;102;38;18;12;10;3;5;4;3;3
2020-06-03 21:23:58;224;102;38;18;12;10;3;5;4;3;3
2020-06-03 21:24:59;225;102;38;19;12;10;3;5;4;3;3
2020-06-03 21:25:58;225;102;38;18;12;10;4;5;4;3;3
2020-06-03 21:26:59;225;102;38;18;12;10;4;5;4;3;3
2020-06-03 21:27:58;226;103;38;18;12;10;4;5;4;3;3
2020-06-03 21:28:59;226;103;38;18;12;10;4;5;4;3;3
2020-06-03 21:29:58;226;103;38;18;12;10;4;5;4;3;3
2020-06-03 21:30:59;226;103;38;18;12;10;4;5;4;3;3
2020-06-03 21:31:58;226;103;38;18;12;10;4;5;4;3;3
2020-06-03 21:32:59;226;103;38;18;12;10;4;5;4;3;3
2020-06-03 21:33:58;226;103;38;18;12;10;4;5;4;3;3
2020-06-03 21:34:59;226;103;38;18;12;10;4;5;4;3;3
2020-06-03 21:35:59;226;103;38;18;12;10;4;5;4;3;3
2020-06-03 21:36:58;226;103;38;18;12;10;4;5;4;3;3
2020-06-03 21:37:59;228;104;39;18;12;10;4;5;4;3;3
2020-06-03 21:38:58;228;105;38;18;12;10;4;5;4;3;3
2020-06-03 21:39:59;228;105;38;18;12;10;4;5;4;3;3
2020-06-03 21:40:58;228;105;38;18;12;10;4;5;4;3;3
2020-06-03 21:41:59;228;105;38;18;12;10;4;5;4;3;3
2020-06-03 21:42:58;228;105;38;18;12;10;4;5;4;3;3
2020-06-03 21:43:59;228;105;38;18;12;10;4;5;4;3;3
2020-06-03 21:44:58;228;105;38;18;12;10;4;5;4;3;3
2020-06-03 21:45:59;228;104;38;19;12;10;4;5;4;3;3
2020-06-03 21:46:59;228;104;38;19;12;10;4;5;4;3;3
2020-06-03 21:47:58;228;104;38;19;12;10;4;5;4;3;3
2020-06-03 21:48:59;228;104;38;19;12;10;4;5;4;3;3
2020-06-03 21:49:58;228;104;38;19;12;10;4;5;4;3;3
2020-06-03 21:50:59;229;104;38;19;13;10;4;5;4;3;3
2020-06-03 21:51:58;229;104;38;19;13;10;4;5;4;3;3
2020-06-03 21:52:59;229;104;38;19;13;10;4;5;4;3;3
2020-06-03 21:53:58;229;104;38;19;13;10;4;5;4;3;3
2020-06-03 21:55:00;229;104;38;19;13;10;4;5;4;3;3
2020-06-03 21:55:58;229;104;38;19;13;10;4;5;4;3;3
2020-06-03 21:56:59;229;104;38;19;13;10;4;5;4;3;3
2020-06-03 21:57:59;229;104;38;19;13;10;4;5;4;3;3
2020-06-03 21:58:58;229;104;38;19;13;10;4;5;4;3;3
2020-06-03 21:59:59;229;104;38;19;13;10;4;5;4;3;3
2020-06-03 22:00:58;229;104;38;19;13;10;4;5;4;3;3
2020-06-03 22:01:59;230;105;38;19;13;10;4;5;4;3;3
2020-06-03 22:02:58;230;105;38;19;13;10;4;5;4;3;3
2020-06-03 22:03:59;230;105;38;19;13;10;4;5;4;3;3
2020-06-03 22:04:59;230;105;38;19;13;10;4;5;4;3;3
2020-06-03 22:05:58;230;105;38;19;13;10;4;5;4;3;3
2020-06-03 22:06:59;230;105;38;19;13;10;4;5;4;3;3
2020-06-03 22:07:58;230;105;38;19;13;10;4;5;4;3;3
2020-06-03 22:08:59;231;105;38;20;13;10;4;5;4;3;3
2020-06-03 22:09:59;231;105;38;20;13;10;4;5;4;3;3
2020-06-03 22:10:58;231;105;38;20;13;10;4;5;4;3;3
2020-06-03 22:11:59;231;105;38;20;13;10;4;5;4;3;3
2020-06-03 22:12:58;232;105;39;20;13;10;4;5;4;3;3
2020-06-03 22:14:00;233;106;39;20;13;10;4;5;4;3;3
2020-06-03 22:14:58;233;106;39;20;13;10;4;5;4;3;3
2020-06-03 22:15:59;233;106;39;20;13;10;4;5;4;3;3
2020-06-03 22:16:59;233;106;39;20;13;10;4;5;4;3;3
2020-06-03 22:17:58;233;106;39;20;13;10;4;5;4;3;3
2020-06-03 22:18:59;233;106;39;20;13;10;4;5;4;3;3
2020-06-03 22:19:59;233;107;38;20;13;10;4;5;4;3;3
2020-06-03 22:20:58;234;108;38;20;13;10;4;5;4;3;3
2020-06-03 22:21:59;234;108;38;20;13;10;4;5;4;3;3
2020-06-03 22:22:58;234;108;38;20;13;10;4;5;4;3;3
2020-06-03 22:23:59;234;108;38;20;13;10;4;5;4;3;3
2020-06-03 22:24:59;234;108;38;20;13;10;4;5;4;3;3
2020-06-03 22:25:58;234;108;38;20;13;10;4;5;4;3;3
2020-06-03 22:26:59;235;109;38;20;13;10;4;5;4;3;3
2020-06-03 22:27:58;235;109;38;20;13;10;4;5;4;3;3
2020-06-03 22:28:59;236;110;38;20;13;10;4;5;4;3;3
2020-06-03 22:29:58;236;110;38;20;13;10;4;5;4;3;3
2020-06-03 22:30:59;238;111;38;21;13;10;4;5;4;3;3
2020-06-03 22:31:58;238;112;38;21;13;10;4;5;4;3;3
2020-06-03 22:32:59;238;112;38;21;13;10;4;5;4;3;3
2020-06-03 22:33:58;238;112;38;21;13;10;4;5;4;3;3
2020-06-03 22:34:59;238;112;38;21;13;10;4;5;4;3;3
2020-06-03 22:35:58;238;112;38;21;13;10;4;5;4;3;3
2020-06-03 22:37:00;239;112;38;21;13;10;4;5;4;3;3
2020-06-03 22:37:58;239;112;38;21;13;10;4;5;4;3;3
2020-06-03 22:38:59;239;112;38;21;13;10;4;5;4;3;3
2020-06-03 22:39:59;239;112;38;21;13;10;4;5;4;3;3
2020-06-03 22:40:58;239;112;38;21;13;10;4;5;4;3;3
2020-06-03 22:41:59;239;112;38;21;13;10;4;5;4;3;3
2020-06-03 22:42:58;240;112;38;21;13;10;5;5;4;3;3
2020-06-03 22:43:59;240;112;38;21;13;10;5;5;4;3;3
2020-06-03 22:44:58;240;112;38;21;13;10;5;5;4;3;3
2020-06-03 22:45:59;240;112;38;21;13;10;5;5;4;3;3
2020-06-03 22:46:59;240;112;38;21;13;10;5;5;4;3;3
2020-06-03 22:47:58;240;112;38;21;13;10;5;5;4;3;3
2020-06-03 22:48:59;240;112;38;21;13;10;5;5;4;3;3
2020-06-03 22:49:59;240;112;38;21;13;10;5;5;4;3;3
2020-06-03 22:50:59;240;112;38;21;13;10;5;5;4;3;3
2020-06-03 22:51:58;240;112;38;21;13;10;5;5;4;3;3
2020-06-03 22:52:59;240;112;38;21;13;10;5;5;4;3;3
2020-06-03 22:53:58;240;112;38;21;13;10;5;5;4;3;3
2020-06-03 22:54:59;240;112;38;21;13;10;5;5;4;3;3
2020-06-03 22:55:58;240;112;38;21;13;10;5;5;4;3;3
2020-06-03 22:56:59;240;112;38;21;13;10;5;5;4;3;3
2020-06-03 22:57:59;240;112;38;21;13;10;5;5;4;3;3
2020-06-03 22:58:58;240;112;38;21;13;10;5;5;4;3;3
2020-06-03 22:59:59;241;112;38;22;13;10;5;5;4;3;3
2020-06-03 23:00:59;241;112;38;22;13;10;5;5;4;3;3
2020-06-03 23:01:58;242;113;38;22;13;10;5;5;4;3;3
2020-06-03 23:02:59;242;113;38;22;13;10;5;5;4;3;3
2020-06-03 23:03:58;242;113;38;22;13;10;5;5;4;3;3
2020-06-03 23:04:59;242;113;38;22;13;10;5;5;4;3;3
2020-06-03 23:05:58;242;113;38;22;13;10;5;5;4;3;3
2020-06-03 23:06:59;243;114;38;22;13;10;5;5;4;3;3
2020-06-03 23:07:59;243;113;38;23;13;10;5;5;4;3;3
2020-06-03 23:08:58;243;113;38;23;13;10;5;5;4;3;3
2020-06-03 23:09:59;243;113;38;23;13;10;5;5;4;3;3
2020-06-03 23:10:58;243;113;38;23;13;10;5;5;4;3;3
2020-06-03 23:11:59;243;113;38;23;13;10;5;5;4;3;3
2020-06-03 23:12:58;243;113;38;23;13;10;5;5;4;3;3
2020-06-03 23:13:59;243;113;38;23;13;10;5;5;4;3;3
2020-06-03 23:14:59;243;113;38;23;13;10;5;5;4;3;3
2020-06-03 23:15:58;243;113;38;23;13;10;5;5;4;3;3
2020-06-03 23:16:59;243;113;38;23;13;10;5;5;4;3;3
2020-06-03 23:17:58;243;113;38;23;13;10;5;5;4;3;3
2020-06-03 23:18:59;243;113;38;23;13;10;5;5;4;3;3
2020-06-03 23:19:58;243;113;38;23;13;10;5;5;4;3;3
2020-06-03 23:20:59;243;113;38;23;13;10;5;5;4;3;3
2020-06-03 23:21:59;243;113;38;23;13;10;5;5;4;3;3
2020-06-03 23:22:58;243;113;38;23;13;10;5;5;4;3;3
2020-06-03 23:23:58;243;113;38;23;13;10;5;5;4;3;3
2020-06-03 23:24:59;243;113;38;23;13;10;5;5;4;3;3
2020-06-03 23:25:58;243;113;38;23;13;10;5;5;4;3;3
2020-06-03 23:26:59;243;113;38;23;13;10;5;5;4;3;3
2020-06-03 23:27:59;243;113;38;23;13;10;5;5;4;3;3
2020-06-03 23:28:58;243;113;38;23;13;10;5;5;4;3;3
2020-06-03 23:29:59;243;113;38;23;13;10;5;5;4;3;3
2020-06-03 23:30:59;243;113;38;23;13;10;5;5;4;3;3
2020-06-03 23:31:58;243;113;38;23;13;10;5;5;4;3;3
2020-06-03 23:32:59;243;113;38;23;13;10;5;5;4;3;3
2020-06-03 23:33:58;243;113;38;23;13;10;5;5;4;3;3
2020-06-03 23:34:59;243;113;38;23;13;10;5;5;4;3;3
2020-06-03 23:35:59;243;113;38;23;13;10;5;5;4;3;3
2020-06-03 23:36:58;243;113;38;23;13;10;5;5;4;3;3
2020-06-03 23:37:59;243;113;38;23;13;10;5;5;4;3;3
2020-06-03 23:38:58;243;113;38;23;13;10;5;5;4;3;3
2020-06-03 23:39:59;243;113;38;23;13;10;5;5;4;3;3
2020-06-03 23:40:58;243;113;38;23;13;10;5;5;4;3;3
2020-06-03 23:41:59;243;113;38;23;13;10;5;5;4;3;3
2020-06-03 23:42:58;243;113;38;23;13;10;5;5;4;3;3
2020-06-03 23:43:59;244;115;38;23;13;10;5;5;4;3;3
2020-06-03 23:44:58;243;115;37;23;13;10;5;5;4;3;3
2020-06-03 23:45:59;243;115;37;23;13;10;5;5;4;3;3
2020-06-03 23:46:59;243;115;37;23;13;10;5;5;4;3;3
2020-06-03 23:47:58;243;115;37;23;13;10;5;5;4;3;3
2020-06-03 23:48:59;243;115;37;23;13;10;5;5;4;3;3
2020-06-03 23:49:58;243;115;37;23;13;10;5;5;4;3;3
2020-06-03 23:50:59;242;115;36;23;13;10;5;5;4;3;3
2020-06-03 23:51:59;242;115;36;23;13;10;5;5;4;3;3
2020-06-03 23:52:58;243;115;37;23;13;10;5;5;4;3;3
2020-06-03 23:53:59;243;115;37;23;13;10;5;5;4;3;3
2020-06-03 23:54:58;243;115;37;23;13;10;5;5;4;3;3
2020-06-03 23:55:59;243;115;37;23;13;10;5;5;4;3;3
2020-06-03 23:56:59;245;115;37;23;13;10;7;5;4;3;3
2020-06-03 23:57:58;245;115;37;23;13;10;8;5;4;3;3
2020-06-03 23:58:59;246;116;37;23;13;10;8;5;4;3;3
2020-06-03 23:59:58;246;116;37;23;13;10;8;5;4;3;3
