datetime;total_votes;aeroplanchik;KT;shamanka;StFoster;navalny;akuaku;pupsique;Microsoft;Hexadecachoron;Biryuk
2020-04-08 00:00:59;0;0;0;0;0;0;0;0;0;0;0
2020-04-08 00:01:58;0;0;0;0;0;0;0;0;0;0;0
2020-04-08 00:02:59;0;0;0;0;0;0;0;0;0;1;0
2020-04-08 00:03:59;0;0;0;0;0;0;0;0;0;1;0
2020-04-08 00:04:58;0;0;0;0;0;0;0;0;0;1;0
2020-04-08 00:05:59;3;0;0;0;1;0;0;0;0;1;0
2020-04-08 00:06:59;3;0;0;0;1;0;0;0;0;1;0
2020-04-08 00:07:59;3;0;0;0;1;0;0;0;0;1;0
2020-04-08 00:08:58;3;0;0;0;1;0;0;0;0;1;0
2020-04-08 00:09:59;3;0;0;0;1;0;0;0;0;1;0
2020-04-08 00:10:59;3;0;0;0;1;0;0;0;0;1;0
2020-04-08 00:11:58;3;0;0;0;1;0;0;0;0;1;0
2020-04-08 00:12:59;4;0;0;0;1;0;0;0;0;1;0
2020-04-08 00:13:59;5;0;0;0;2;0;0;0;0;1;0
2020-04-08 00:14:59;8;0;1;0;2;0;0;0;0;1;0
2020-04-08 00:15:58;8;0;1;0;2;0;0;0;0;1;0
2020-04-08 00:16:59;9;0;1;0;3;0;0;0;0;1;0
2020-04-08 00:17:59;9;0;1;0;3;0;0;0;0;1;0
2020-04-08 00:18:58;10;0;1;0;3;0;0;0;0;2;0
2020-04-08 00:19:59;10;0;1;0;3;0;0;0;0;2;0
2020-04-08 00:20:59;11;0;1;0;4;0;0;0;0;2;0
2020-04-08 00:21:59;11;0;1;0;4;0;0;0;0;2;0
2020-04-08 00:22:58;11;0;1;0;4;0;0;0;0;2;0
2020-04-08 00:23:59;12;0;1;0;4;1;0;0;0;2;0
2020-04-08 00:24:59;13;0;2;0;4;1;0;0;0;2;0
2020-04-08 00:26:00;13;0;2;0;4;1;0;0;0;2;0
2020-04-08 00:26:58;14;1;2;0;4;1;0;0;0;2;0
2020-04-08 00:27:59;15;1;3;0;4;1;0;0;0;2;0
2020-04-08 00:28:59;15;1;3;0;4;1;0;0;0;2;0
2020-04-08 00:29:58;15;1;3;0;4;1;0;0;0;2;0
2020-04-08 00:30:59;15;1;3;0;4;1;0;0;0;2;0
2020-04-08 00:31:59;16;1;3;0;5;1;0;0;0;2;0
2020-04-08 00:32:58;17;1;3;0;5;1;0;0;0;2;0
2020-04-08 00:33:59;17;1;3;0;5;1;0;0;0;2;0
2020-04-08 00:34:59;19;1;4;0;5;1;0;0;0;2;0
2020-04-08 00:35:58;20;1;4;0;6;1;0;0;0;2;0
2020-04-08 00:36:59;21;1;4;0;6;1;0;0;0;2;0
2020-04-08 00:37:59;23;1;4;0;7;2;0;0;0;2;0
2020-04-08 00:38:58;23;1;4;0;7;2;0;0;0;2;0
2020-04-08 00:39:59;23;1;4;0;7;2;0;0;0;2;0
2020-04-08 00:40:59;24;1;5;0;7;2;0;0;0;2;0
2020-04-08 00:41:58;24;1;5;0;6;2;0;0;0;2;0
2020-04-08 00:42:59;25;1;5;0;6;3;0;0;0;2;0
2020-04-08 00:43:59;26;1;5;0;6;3;0;0;0;2;0
2020-04-08 00:44:58;26;1;5;0;6;3;0;0;0;2;0
2020-04-08 00:45:59;26;1;5;0;6;3;0;0;0;2;0
2020-04-08 00:46:59;26;1;5;0;6;3;0;0;0;2;0
2020-04-08 00:47:59;28;1;6;0;7;3;0;0;0;2;0
2020-04-08 00:48:58;28;1;6;0;7;3;0;0;0;2;0
2020-04-08 00:49:59;29;1;6;0;7;3;0;0;0;2;0
2020-04-08 00:50:59;29;1;6;0;7;3;0;0;0;2;0
2020-04-08 00:51:58;29;1;6;0;7;3;0;0;0;2;0
2020-04-08 00:52:59;29;1;6;0;7;3;0;0;0;2;0
2020-04-08 00:53:59;29;1;6;0;7;3;0;0;0;2;0
2020-04-08 00:54:59;29;1;6;0;7;3;0;0;0;2;0
2020-04-08 00:55:58;29;1;6;0;7;3;0;0;0;2;0
2020-04-08 00:56:59;30;2;6;0;7;3;0;0;0;2;0
2020-04-08 00:57:59;30;2;6;0;7;3;0;0;0;2;0
2020-04-08 00:58:58;30;2;6;0;7;3;0;0;0;2;0
2020-04-08 00:59:59;30;2;6;0;7;3;0;0;0;2;0
2020-04-08 01:00:59;32;2;7;0;8;3;0;0;0;2;0
2020-04-08 01:01:58;32;2;7;0;8;3;0;0;0;2;0
2020-04-08 01:02:59;33;2;7;0;9;3;0;0;0;2;0
2020-04-08 01:03:59;33;2;7;0;9;3;0;0;0;2;0
2020-04-08 01:04:58;34;2;7;0;9;3;1;0;0;2;0
2020-04-08 01:05:59;34;2;7;0;9;3;1;0;0;2;0
2020-04-08 01:06:59;35;3;7;0;9;3;1;0;0;2;0
2020-04-08 01:07:58;35;3;7;0;9;3;1;0;0;2;0
2020-04-08 01:08:59;35;3;7;0;9;3;1;0;0;2;0
2020-04-08 01:09:59;36;3;8;0;9;3;1;0;0;2;0
2020-04-08 01:10:58;36;3;8;0;9;3;1;0;0;2;0
2020-04-08 01:11:59;37;3;8;0;10;3;1;0;0;2;0
2020-04-08 01:12:59;37;3;8;0;10;3;1;0;0;2;0
2020-04-08 01:13:59;38;3;9;0;10;3;1;0;0;2;0
2020-04-08 01:14:58;39;3;9;0;11;3;1;0;0;2;0
2020-04-08 01:15:59;39;3;9;0;11;3;1;0;0;2;0
2020-04-08 01:16:58;39;3;9;0;11;3;1;0;0;2;0
2020-04-08 01:17:59;39;3;9;0;11;3;1;0;0;2;0
2020-04-08 01:18:59;40;4;9;0;11;3;1;0;0;2;0
2020-04-08 01:19:58;40;4;9;0;11;3;1;0;0;2;0
2020-04-08 01:20:59;40;4;9;0;11;3;1;0;0;2;0
2020-04-08 01:21:59;40;4;9;0;11;3;1;0;0;2;0
2020-04-08 01:22:58;40;4;9;0;11;3;1;0;0;2;0
2020-04-08 01:23:59;40;4;9;0;11;3;1;0;0;2;0
2020-04-08 01:24:59;40;4;9;0;11;3;1;0;0;2;0
2020-04-08 01:25:59;40;4;9;0;11;3;1;0;0;2;0
2020-04-08 01:26:58;41;5;9;0;11;3;1;0;0;2;0
2020-04-08 01:27:59;41;5;9;0;11;3;1;0;0;2;0
2020-04-08 01:28:59;41;5;9;0;11;3;1;0;0;2;0
2020-04-08 01:29:58;42;5;10;0;11;3;1;0;0;2;0
2020-04-08 01:30:59;43;5;11;0;11;3;1;0;0;2;0
2020-04-08 01:31:59;44;5;11;0;12;3;1;0;0;2;0
2020-04-08 01:32:59;44;5;11;0;12;3;1;0;0;2;0
2020-04-08 01:33:58;45;5;11;0;13;3;1;0;0;2;0
2020-04-08 01:34:59;45;5;11;0;13;3;1;0;0;2;0
2020-04-08 01:35:59;46;5;11;0;14;3;1;0;0;2;0
2020-04-08 01:36:58;46;5;11;0;14;3;1;0;0;2;0
2020-04-08 01:37:59;47;5;11;0;14;4;1;0;0;2;0
2020-04-08 01:38:58;47;5;11;0;14;4;1;0;0;2;0
2020-04-08 01:39:59;47;5;11;0;14;4;1;0;0;2;0
2020-04-08 01:40:59;47;5;11;0;14;4;1;0;0;2;0
2020-04-08 01:41:59;47;5;11;0;14;4;1;0;0;2;0
2020-04-08 01:42:58;47;5;11;0;14;4;1;0;0;2;0
2020-04-08 01:43:59;47;5;11;0;14;4;1;0;0;2;0
2020-04-08 01:44:59;47;5;11;0;14;4;1;0;0;2;0
2020-04-08 01:45:58;48;5;11;0;15;4;1;0;0;2;0
2020-04-08 01:46:59;48;5;11;0;15;4;1;0;0;2;0
2020-04-08 01:47:59;48;5;11;0;15;4;1;0;0;2;0
2020-04-08 01:48:58;48;5;11;0;15;4;1;0;0;2;0
2020-04-08 01:49:59;48;5;11;0;15;4;1;0;0;2;0
2020-04-08 01:50:59;49;5;12;0;15;4;1;0;0;2;0
2020-04-08 01:51:58;49;5;12;0;15;4;1;0;0;2;0
2020-04-08 01:52:59;49;5;12;0;15;4;1;0;0;2;0
2020-04-08 01:53:59;49;5;12;0;15;4;1;0;0;2;0
2020-04-08 01:54:58;49;5;12;0;15;4;1;0;0;2;0
2020-04-08 01:55:59;49;5;12;0;15;4;1;0;0;2;0
2020-04-08 01:56:59;49;5;12;0;15;4;1;0;0;2;0
2020-04-08 01:57:58;49;5;12;0;15;4;1;0;0;2;0
2020-04-08 01:58:59;49;5;12;0;15;4;1;0;0;2;0
2020-04-08 01:59:58;49;5;12;0;15;4;1;0;0;2;0
2020-04-08 02:00:59;49;5;12;0;15;4;1;0;0;2;0
2020-04-08 02:01:59;49;5;12;0;15;4;1;0;0;2;0
2020-04-08 02:02:58;50;5;12;0;15;4;0;0;0;2;0
2020-04-08 02:03:59;50;5;12;0;15;4;0;0;0;2;0
2020-04-08 02:04:59;50;5;12;0;15;4;0;0;0;2;0
2020-04-08 02:05:58;50;5;12;0;15;4;0;0;0;2;0
2020-04-08 02:06:59;50;5;12;0;15;4;0;0;0;2;0
2020-04-08 02:07:59;50;5;12;0;15;4;0;0;0;2;0
2020-04-08 02:08:59;50;5;12;0;15;4;0;0;0;2;0
2020-04-08 02:09:58;50;5;12;0;15;4;0;0;0;2;0
2020-04-08 02:10:59;50;5;12;0;15;4;0;0;0;2;0
2020-04-08 02:11:59;51;6;12;0;15;4;0;0;0;2;0
2020-04-08 02:12:58;53;7;12;0;15;4;0;0;0;2;0
2020-04-08 02:13:59;53;7;12;0;15;4;0;0;0;2;0
2020-04-08 02:14:59;53;7;12;0;15;4;0;0;0;2;0
2020-04-08 02:15:58;53;7;12;0;15;4;0;0;0;2;0
2020-04-08 02:16:59;54;7;12;0;16;4;0;0;0;2;0
2020-04-08 02:17:59;54;7;12;0;16;4;0;0;0;2;0
2020-04-08 02:18:58;54;7;12;0;16;4;0;0;0;2;0
2020-04-08 02:19:59;54;7;12;0;16;4;0;0;0;2;0
2020-04-08 02:20:58;54;7;12;0;16;4;0;0;0;2;0
2020-04-08 02:21:59;54;7;12;0;16;4;0;0;0;2;0
2020-04-08 02:22:59;55;7;12;0;17;4;0;0;0;2;0
2020-04-08 02:24:00;55;7;12;0;17;4;0;0;0;2;0
2020-04-08 02:24:58;55;7;12;0;17;4;0;0;0;2;0
2020-04-08 02:25:59;55;7;12;0;17;4;0;0;0;2;0
2020-04-08 02:26:59;55;7;12;0;17;4;0;0;0;2;0
2020-04-08 02:27:58;55;7;12;0;17;4;0;0;0;2;0
2020-04-08 02:28:59;55;7;12;0;17;4;0;0;0;2;0
2020-04-08 02:29:59;55;7;12;0;17;4;0;0;0;2;0
2020-04-08 02:30:58;56;8;12;0;17;4;0;0;0;2;0
2020-04-08 02:31:59;56;8;12;0;17;4;0;0;0;2;0
2020-04-08 02:32:59;56;8;13;0;16;4;0;0;0;2;0
2020-04-08 02:33:59;57;8;13;0;16;4;0;0;0;2;0
2020-04-08 02:34:58;58;8;13;0;16;4;0;0;0;2;0
2020-04-08 02:35:59;58;8;13;0;16;4;0;0;0;2;0
2020-04-08 02:36:59;58;8;13;0;16;4;0;0;0;2;0
2020-04-08 02:37:58;58;8;13;0;16;4;0;0;0;2;0
2020-04-08 02:38:59;58;8;13;0;16;4;0;0;0;2;0
2020-04-08 02:39:59;58;8;13;0;16;4;0;0;0;2;0
2020-04-08 02:40:58;58;8;13;0;16;4;0;0;0;2;0
2020-04-08 02:41:59;58;8;13;0;16;4;0;0;0;2;0
2020-04-08 02:42:59;58;8;13;0;16;4;0;0;0;2;0
2020-04-08 02:43:58;58;8;13;0;16;4;0;0;0;2;0
2020-04-08 02:44:59;58;8;13;0;16;4;0;0;0;2;0
2020-04-08 02:45:59;58;8;13;0;16;4;0;0;0;2;0
2020-04-08 02:46:59;58;8;13;0;16;4;0;0;0;2;0
2020-04-08 02:47:58;58;8;13;0;16;4;0;0;0;2;0
2020-04-08 02:48:59;58;8;13;0;16;4;0;0;0;2;0
2020-04-08 02:49:58;58;8;13;0;16;4;0;0;0;2;0
2020-04-08 02:50:59;58;8;13;0;16;4;0;0;0;2;0
2020-04-08 02:51:59;58;8;13;0;16;4;0;0;0;2;0
2020-04-08 02:52:59;58;8;13;0;16;4;0;0;0;2;0
2020-04-08 02:53:58;58;8;13;0;16;4;0;0;0;2;0
2020-04-08 02:54:59;58;8;13;0;16;4;0;0;0;2;0
2020-04-08 02:55:59;58;8;13;0;16;4;0;0;0;2;0
2020-04-08 02:56:58;58;8;13;0;16;4;0;0;0;2;0
2020-04-08 02:57:59;58;8;13;0;16;4;0;0;0;2;0
2020-04-08 02:58:59;58;8;13;0;16;4;0;0;0;2;0
2020-04-08 02:59:58;59;8;13;0;17;4;0;0;0;2;0
2020-04-08 03:00:59;59;8;13;0;17;4;0;0;0;2;0
2020-04-08 03:01:59;59;8;13;0;17;4;0;0;0;2;0
2020-04-08 03:02:59;59;8;13;0;17;4;0;0;0;2;0
2020-04-08 03:03:58;59;8;13;0;17;4;0;0;0;2;0
2020-04-08 03:04:59;59;8;13;0;17;4;0;0;0;2;0
2020-04-08 03:05:59;59;8;13;0;17;4;0;0;0;2;0
2020-04-08 03:06:58;59;8;13;0;17;4;0;0;0;2;0
2020-04-08 03:07:59;59;8;13;0;17;4;0;0;0;2;0
2020-04-08 03:08:59;60;8;14;0;17;4;0;0;0;2;0
2020-04-08 03:09:59;60;8;14;0;17;4;0;0;0;2;0
2020-04-08 03:10:58;60;8;14;0;17;4;0;0;0;2;0
2020-04-08 03:11:59;60;8;14;0;17;4;0;0;0;2;0
2020-04-08 03:12:59;60;8;14;0;17;4;0;0;0;2;0
2020-04-08 03:13:58;60;8;14;0;17;4;0;0;0;2;0
2020-04-08 03:14:59;60;8;14;0;17;4;0;0;0;2;0
2020-04-08 03:15:59;60;8;14;0;17;4;0;0;0;2;0
2020-04-08 03:16:58;60;8;14;0;17;4;0;0;0;2;0
2020-04-08 03:17:59;60;8;14;0;17;4;0;0;0;2;0
2020-04-08 03:18:59;60;8;14;0;17;4;0;0;0;2;0
2020-04-08 03:19:59;60;8;14;0;17;4;0;0;0;2;0
2020-04-08 03:20:58;61;9;14;0;17;4;0;0;0;2;0
2020-04-08 03:21:59;61;9;14;0;17;4;0;0;0;2;0
2020-04-08 03:22:59;61;9;14;0;17;4;0;0;0;2;0
2020-04-08 03:23:58;61;9;14;0;17;4;0;0;0;2;0
2020-04-08 03:24:59;61;9;14;0;17;4;0;0;0;2;0
2020-04-08 03:25:59;61;9;14;0;17;4;0;0;0;2;0
2020-04-08 03:26:58;62;9;14;0;17;4;0;0;0;2;0
2020-04-08 03:27:59;62;9;14;0;17;4;0;0;0;2;0
2020-04-08 03:28:58;62;9;14;0;17;4;0;0;0;2;0
2020-04-08 03:29:59;62;9;14;0;17;4;0;0;0;2;0
2020-04-08 03:30:59;63;9;15;0;18;4;0;0;0;2;0
2020-04-08 03:31:59;63;9;15;0;18;4;0;0;0;2;0
2020-04-08 03:32:58;63;9;15;0;18;4;0;0;0;2;0
2020-04-08 03:33:59;63;9;15;0;18;4;0;0;0;2;0
2020-04-08 03:34:59;63;9;15;0;18;4;0;0;0;2;0
2020-04-08 03:35:58;63;9;15;0;18;4;0;0;0;2;0
2020-04-08 03:36:59;63;9;15;0;18;4;0;0;0;2;0
2020-04-08 03:37:59;63;9;15;0;18;4;0;0;0;2;0
2020-04-08 03:38:58;63;9;15;0;18;4;0;0;0;2;0
2020-04-08 03:39:59;63;9;15;0;18;4;0;0;0;2;0
2020-04-08 03:40:59;63;9;15;0;18;4;0;0;0;2;0
2020-04-08 03:41:58;63;9;15;0;18;4;0;0;0;2;0
2020-04-08 03:42:59;64;9;16;0;18;4;0;0;0;2;0
2020-04-08 03:43:59;64;9;16;0;18;4;0;0;0;2;0
2020-04-08 03:44:59;64;9;16;0;18;4;0;0;0;2;0
2020-04-08 03:45:58;64;9;16;0;18;4;0;0;0;2;0
2020-04-08 03:46:59;64;9;16;0;18;4;0;0;0;2;0
2020-04-08 03:47:59;64;9;16;0;18;4;0;0;0;2;0
2020-04-08 03:48:58;64;9;16;0;18;4;0;0;0;2;0
2020-04-08 03:49:59;66;9;18;0;18;4;0;0;0;2;0
2020-04-08 03:50:59;66;9;18;0;18;4;0;0;0;2;0
2020-04-08 03:51:58;66;9;18;0;18;4;0;0;0;2;0
2020-04-08 03:52:59;66;9;18;0;18;4;0;0;0;2;0
2020-04-08 03:53:59;66;9;18;0;18;4;0;0;0;2;0
2020-04-08 03:54:59;67;9;18;0;19;4;0;0;0;2;0
2020-04-08 03:55:58;67;9;18;0;19;4;0;0;0;2;0
2020-04-08 03:56:59;67;9;18;0;19;4;0;0;0;2;0
2020-04-08 03:57:59;67;9;18;0;19;4;0;0;0;2;0
2020-04-08 03:58:59;67;9;18;0;19;4;0;0;0;2;0
2020-04-08 03:59:58;67;9;18;0;19;4;0;0;0;2;0
2020-04-08 04:00:59;67;9;18;0;19;4;0;0;0;2;0
2020-04-08 04:01:59;68;10;18;0;19;4;0;0;0;2;0
2020-04-08 04:02:58;68;10;18;0;19;4;0;0;0;2;0
2020-04-08 04:03:59;69;10;18;0;19;4;0;0;0;2;0
2020-04-08 04:04:59;69;10;18;0;19;4;0;0;0;2;0
2020-04-08 04:05:58;69;10;18;0;19;4;0;0;0;2;0
2020-04-08 04:06:59;69;10;18;0;19;4;0;0;0;2;0
2020-04-08 04:07:59;69;10;18;0;19;4;0;0;0;2;0
2020-04-08 04:08:58;69;10;18;0;19;4;0;0;0;2;0
2020-04-08 04:09:59;69;10;18;0;19;4;0;0;0;2;0
2020-04-08 04:10:59;69;10;18;0;19;4;0;0;0;2;0
2020-04-08 04:11:59;69;10;18;0;19;4;0;0;0;2;0
2020-04-08 04:12:58;70;11;18;0;19;4;0;0;0;2;0
2020-04-08 04:13:59;70;11;18;0;19;4;0;0;0;2;0
2020-04-08 04:14:59;70;11;18;0;19;4;0;0;0;2;0
2020-04-08 04:15:58;70;11;18;0;19;4;0;0;0;2;0
2020-04-08 04:16:59;70;11;18;0;19;4;0;0;0;2;0
2020-04-08 04:17:59;70;11;18;0;19;4;0;0;0;2;0
2020-04-08 04:18:59;70;11;18;0;19;4;0;0;0;2;0
2020-04-08 04:19:58;71;11;19;0;19;4;0;0;0;2;0
2020-04-08 04:20:59;71;11;19;0;19;4;0;0;0;2;0
2020-04-08 04:21:59;71;11;19;0;19;4;0;0;0;2;0
2020-04-08 04:22:58;71;11;19;0;19;4;0;0;0;2;0
2020-04-08 04:23:59;71;11;19;0;19;4;0;0;0;2;0
2020-04-08 04:24:59;71;11;19;0;19;4;0;0;0;2;0
2020-04-08 04:25:58;71;11;19;0;19;4;0;0;0;2;0
2020-04-08 04:26:59;71;11;19;0;19;4;0;0;0;2;0
2020-04-08 04:27:59;71;11;19;0;19;4;0;0;0;2;0
2020-04-08 04:28:58;71;11;19;0;19;4;0;0;0;2;0
2020-04-08 04:29:59;71;11;19;0;19;4;0;0;0;2;0
2020-04-08 04:30:59;71;11;19;0;19;4;0;0;0;2;0
2020-04-08 04:31:58;71;11;19;0;19;4;0;0;0;2;0
2020-04-08 04:32:59;71;11;19;0;19;4;0;0;0;2;0
2020-04-08 04:33:59;71;11;19;0;19;4;0;0;0;2;0
2020-04-08 04:34:58;71;11;19;0;19;4;0;0;0;2;0
2020-04-08 04:35:59;71;11;19;0;19;4;0;0;0;2;0
2020-04-08 04:36:59;71;11;19;0;19;4;0;0;0;2;0
2020-04-08 04:37:58;71;11;19;0;19;4;0;0;0;2;0
2020-04-08 04:38:59;71;11;19;0;19;4;0;0;0;2;0
2020-04-08 04:39:59;71;11;19;0;19;4;0;0;0;2;0
2020-04-08 04:40:59;71;11;19;0;19;4;0;0;0;2;0
2020-04-08 04:41:58;71;11;19;0;19;4;0;0;0;2;0
2020-04-08 04:42:59;72;11;20;0;19;4;0;0;0;2;0
2020-04-08 04:43:59;72;11;20;0;19;4;0;0;0;2;0
2020-04-08 04:45:00;72;11;20;0;19;4;0;0;0;2;0
2020-04-08 04:45:58;72;11;20;0;19;4;0;0;0;2;0
2020-04-08 04:46:59;72;11;20;0;19;4;0;0;0;2;0
2020-04-08 04:47:59;72;11;20;0;19;4;0;0;0;2;0
2020-04-08 04:48:58;72;11;20;0;19;4;0;0;0;2;0
2020-04-08 04:49:59;72;11;20;0;19;4;0;0;0;2;0
2020-04-08 04:50:59;72;11;20;0;19;4;0;0;0;2;0
2020-04-08 04:51:58;72;11;20;0;19;4;0;0;0;2;0
2020-04-08 04:52:59;72;11;20;0;19;4;0;0;0;2;0
2020-04-08 04:53:59;72;11;20;0;19;4;0;0;0;2;0
2020-04-08 04:54:59;72;11;20;0;19;4;0;0;0;2;0
2020-04-08 04:55:58;72;11;20;0;19;4;0;0;0;2;0
2020-04-08 04:56:59;72;11;20;0;19;4;0;0;0;2;0
2020-04-08 04:57:59;72;11;20;0;19;4;0;0;0;2;0
2020-04-08 04:58:58;72;11;20;0;19;4;0;0;0;2;0
2020-04-08 04:59:59;72;11;20;0;19;4;0;0;0;2;0
2020-04-08 05:00:59;72;11;20;0;19;4;0;0;0;2;0
2020-04-08 05:01:58;72;11;20;0;19;4;0;0;0;2;0
2020-04-08 05:02:59;72;11;20;0;19;4;0;0;0;2;0
2020-04-08 05:03:59;72;11;20;0;19;4;0;0;0;2;0
2020-04-08 05:04:58;72;11;20;0;19;4;0;0;0;2;0
2020-04-08 05:05:59;72;11;20;0;19;4;0;0;0;2;0
2020-04-08 05:06:59;72;11;20;0;19;4;0;0;0;2;0
2020-04-08 05:07:58;72;11;20;0;19;4;0;0;0;2;0
2020-04-08 05:08:59;72;11;20;0;19;4;0;0;0;2;0
2020-04-08 05:09:59;72;11;20;0;19;4;0;0;0;2;0
2020-04-08 05:10:58;72;11;20;0;19;4;0;0;0;2;0
2020-04-08 05:11:59;72;11;20;0;19;4;0;0;0;2;0
2020-04-08 05:12:59;72;11;20;0;19;4;0;0;0;2;0
2020-04-08 05:13:58;72;11;20;0;19;4;0;0;0;2;0
2020-04-08 05:14:59;72;11;20;0;19;4;0;0;0;2;0
2020-04-08 05:15:58;72;11;20;0;19;4;0;0;0;2;0
2020-04-08 05:16:59;72;11;20;0;19;4;0;0;0;2;0
2020-04-08 05:17:59;72;11;20;0;19;4;0;0;0;2;0
2020-04-08 05:18:58;72;11;20;0;19;4;0;0;0;2;0
2020-04-08 05:19:59;72;11;20;0;19;4;0;0;0;2;0
2020-04-08 05:20:59;72;11;20;0;19;4;0;0;0;2;0
2020-04-08 05:21:59;72;11;20;0;19;4;0;0;0;2;0
2020-04-08 05:22:58;72;11;20;0;19;4;0;0;0;2;0
2020-04-08 05:23:59;73;11;21;0;19;4;0;0;0;2;0
2020-04-08 05:24:59;74;11;21;0;19;4;1;1;0;2;0
2020-04-08 05:25:58;74;11;21;0;19;4;1;1;0;2;0
2020-04-08 05:26:59;74;11;21;0;19;4;1;1;0;2;0
2020-04-08 05:27:59;74;11;21;0;19;4;1;1;0;2;0
2020-04-08 05:28:59;74;11;21;0;19;4;1;1;0;2;0
2020-04-08 05:29:58;74;11;21;0;19;4;1;1;0;2;0
2020-04-08 05:30:59;74;11;21;0;19;4;1;1;0;2;0
2020-04-08 05:31:59;74;11;21;0;19;4;1;1;0;2;0
2020-04-08 05:32:58;74;11;21;0;19;4;1;1;0;2;0
2020-04-08 05:33:59;74;11;21;0;19;4;1;1;0;2;0
2020-04-08 05:34:59;74;11;21;0;19;4;1;1;0;2;0
2020-04-08 05:35:58;74;11;21;0;19;4;1;1;0;2;0
2020-04-08 05:36:59;74;11;21;0;19;4;1;1;0;2;0
2020-04-08 05:37:59;74;11;21;0;19;4;1;1;0;2;0
2020-04-08 05:38:58;74;11;21;0;19;4;1;1;0;2;0
2020-04-08 05:39:59;74;11;21;0;19;4;1;1;0;2;0
2020-04-08 05:40:59;74;11;21;0;19;4;1;1;0;2;0
2020-04-08 05:41:58;74;11;21;0;19;4;1;1;0;2;0
2020-04-08 05:42:59;74;11;21;0;19;4;1;1;0;2;0
2020-04-08 05:43:59;74;11;21;0;19;4;1;1;0;2;0
2020-04-08 05:44:58;74;11;21;0;19;4;1;1;0;2;0
2020-04-08 05:45:59;74;11;21;0;19;4;1;1;0;2;0
2020-04-08 05:46:59;74;11;21;0;19;4;1;1;0;2;0
2020-04-08 05:47:58;74;11;21;0;19;4;1;1;0;2;0
2020-04-08 05:48:59;74;11;21;0;19;4;1;1;0;2;0
2020-04-08 05:49:59;74;11;21;0;19;4;1;1;0;2;0
2020-04-08 05:50:58;74;11;21;0;19;4;1;1;0;2;0
2020-04-08 05:51:59;74;11;21;0;19;4;1;1;0;2;0
2020-04-08 05:52:59;74;11;21;0;19;4;1;1;0;2;0
2020-04-08 05:53:58;74;11;21;0;19;4;1;1;0;2;0
2020-04-08 05:54:59;74;11;21;0;19;4;1;1;0;2;0
2020-04-08 05:55:59;74;11;21;0;19;4;1;1;0;2;0
2020-04-08 05:56:58;74;11;21;0;19;4;1;1;0;2;0
2020-04-08 05:57:59;74;11;21;0;19;4;1;1;0;2;0
2020-04-08 05:58:59;74;11;21;0;19;4;1;1;0;2;0
2020-04-08 05:59:58;74;11;21;0;19;4;1;1;0;2;0
2020-04-08 06:00:59;74;11;21;0;19;4;1;1;0;2;0
2020-04-08 06:01:59;74;11;21;0;19;4;1;1;0;2;0
2020-04-08 06:02:58;74;11;21;0;19;4;1;1;0;2;0
2020-04-08 06:03:59;74;11;21;0;19;4;1;1;0;2;0
2020-04-08 06:04:59;74;11;21;0;19;4;1;1;0;2;0
2020-04-08 06:05:58;74;11;21;0;19;4;1;1;0;2;0
2020-04-08 06:06:59;74;11;21;0;19;4;1;1;0;2;0
2020-04-08 06:07:59;74;11;21;0;19;4;1;1;0;2;0
2020-04-08 06:08:58;75;11;22;0;19;4;1;1;0;2;0
2020-04-08 06:09:59;75;11;22;0;19;4;1;1;0;2;0
2020-04-08 06:10:59;75;11;22;0;19;4;1;1;0;2;0
2020-04-08 06:11:58;75;11;22;0;19;4;1;1;0;2;0
2020-04-08 06:12:59;75;11;22;0;19;4;1;1;0;2;0
2020-04-08 06:13:59;75;11;22;0;19;4;1;1;0;2;0
2020-04-08 06:14:59;75;11;22;0;19;4;1;1;0;2;0
2020-04-08 06:15:58;75;11;22;0;19;4;1;1;0;2;0
2020-04-08 06:16:59;75;11;21;0;20;4;1;1;0;2;0
2020-04-08 06:17:59;75;11;21;0;20;4;1;1;0;2;0
2020-04-08 06:18:58;75;11;21;0;20;4;1;1;0;2;0
2020-04-08 06:19:59;75;11;21;0;20;4;1;1;0;2;0
2020-04-08 06:20:59;75;11;21;0;20;4;1;1;0;2;0
2020-04-08 06:21:58;75;11;21;0;20;4;1;1;0;2;0
2020-04-08 06:22:59;75;11;21;0;20;4;1;1;0;2;0
2020-04-08 06:23:59;75;11;21;0;20;4;1;1;0;2;0
2020-04-08 06:24:58;75;11;21;0;20;4;1;1;0;2;0
2020-04-08 06:25:59;75;11;21;0;20;4;1;1;0;2;0
2020-04-08 06:26:59;75;11;21;0;20;4;1;1;0;2;0
2020-04-08 06:27:58;75;11;21;0;20;4;1;1;0;2;0
2020-04-08 06:28:59;75;11;21;0;20;4;1;1;0;2;0
2020-04-08 06:29:59;75;11;21;0;20;4;1;1;0;2;0
2020-04-08 06:30:58;75;11;21;0;20;4;1;1;0;2;0
2020-04-08 06:31:59;75;11;21;0;20;4;1;1;0;2;0
2020-04-08 06:32:59;75;11;21;0;20;4;1;1;0;2;0
2020-04-08 06:33:58;75;11;21;0;20;4;1;1;0;2;0
2020-04-08 06:34:59;75;11;21;0;20;4;1;1;0;2;0
2020-04-08 06:35:59;75;11;21;0;20;4;1;1;0;2;0
2020-04-08 06:36:58;75;11;21;0;20;4;1;1;0;2;0
2020-04-08 06:37:59;75;11;22;0;20;4;1;1;0;2;0
2020-04-08 06:38:59;75;11;22;0;20;4;1;1;0;2;0
2020-04-08 06:39:59;75;11;22;0;20;4;1;1;0;2;0
2020-04-08 06:40:58;75;11;22;0;20;4;1;1;0;2;0
2020-04-08 06:41:59;75;11;22;0;20;4;1;1;0;2;0
2020-04-08 06:42:59;75;11;22;0;20;4;1;1;0;2;0
2020-04-08 06:43:58;75;11;22;0;20;4;1;1;0;2;0
2020-04-08 06:44:59;75;11;22;0;20;4;1;1;0;2;0
2020-04-08 06:45:59;75;11;22;0;20;4;1;1;0;2;0
2020-04-08 06:46:59;75;11;22;0;20;4;1;1;0;2;0
2020-04-08 06:47:58;76;11;23;0;20;4;1;1;0;2;0
2020-04-08 06:48:59;76;11;23;0;20;4;1;1;0;2;0
2020-04-08 06:49:59;76;11;23;0;20;4;1;1;0;2;0
2020-04-08 06:50:58;76;11;23;0;20;4;1;1;0;2;0
2020-04-08 06:51:59;76;11;23;0;20;4;1;1;0;2;0
2020-04-08 06:52:59;76;11;23;0;20;4;1;1;0;2;0
2020-04-08 06:53:59;76;11;23;0;20;4;1;1;0;2;0
2020-04-08 06:54:59;76;11;23;0;20;4;1;1;0;2;0
2020-04-08 06:55:59;76;11;23;0;20;4;1;1;0;2;0
2020-04-08 06:56:59;76;11;23;0;20;4;1;1;0;2;0
2020-04-08 06:57:58;76;11;23;0;20;4;1;1;0;2;0
2020-04-08 06:58:59;76;11;23;0;20;4;1;1;0;2;0
2020-04-08 06:59:59;76;11;23;0;20;4;1;1;0;2;0
2020-04-08 07:00:59;76;11;23;0;20;4;1;1;0;2;0
2020-04-08 07:01:58;76;11;23;0;20;4;1;1;0;2;0
2020-04-08 07:02:59;76;11;23;0;20;4;1;1;0;2;0
2020-04-08 07:03:59;76;11;23;0;20;4;1;1;0;2;0
2020-04-08 07:04:58;77;11;23;0;20;4;2;1;0;2;0
2020-04-08 07:05:59;77;11;23;0;20;4;2;1;0;2;0
2020-04-08 07:06:59;77;11;23;0;20;4;2;1;0;2;0
2020-04-08 07:07:58;77;11;23;0;20;4;2;1;0;2;0
2020-04-08 07:08:59;77;11;23;0;20;4;2;1;0;2;0
2020-04-08 07:09:59;77;11;23;0;20;4;2;1;0;2;0
2020-04-08 07:10:58;77;11;23;0;20;4;2;1;0;2;0
2020-04-08 07:11:59;77;11;23;0;20;4;2;1;0;2;0
2020-04-08 07:12:58;78;11;23;0;21;4;2;1;0;2;0
2020-04-08 07:13:59;78;11;23;0;21;4;2;1;0;2;0
2020-04-08 07:14:59;78;11;23;0;21;4;2;1;0;2;0
2020-04-08 07:15:58;78;11;23;0;21;4;2;1;0;2;0
2020-04-08 07:16:59;78;11;23;0;21;4;2;1;0;2;0
2020-04-08 07:17:59;79;11;23;0;21;4;2;1;0;3;0
2020-04-08 07:18:58;79;11;23;0;21;4;2;1;0;3;0
2020-04-08 07:19:59;79;11;23;0;21;4;2;1;0;3;0
2020-04-08 07:20:59;79;11;23;0;21;4;2;1;0;3;0
2020-04-08 07:21:58;79;11;23;0;21;4;2;1;0;3;0
2020-04-08 07:22:59;79;11;23;0;21;4;2;1;0;3;0
2020-04-08 07:23:58;79;11;23;0;21;4;2;1;0;3;0
2020-04-08 07:24:59;79;11;23;0;21;4;2;1;0;3;0
2020-04-08 07:25:59;79;11;23;0;21;4;2;1;0;3;0
2020-04-08 07:26:58;79;11;23;0;21;4;2;1;0;3;0
2020-04-08 07:27:59;79;11;23;0;21;4;2;1;0;3;0
2020-04-08 07:28:59;79;11;23;0;21;4;2;1;0;3;0
2020-04-08 07:29:59;79;11;23;0;21;4;2;1;0;3;0
2020-04-08 07:30:58;79;11;23;0;21;4;2;1;0;3;0
2020-04-08 07:31:59;80;11;23;0;22;4;2;1;0;3;0
2020-04-08 07:32:59;80;11;23;0;22;4;2;1;0;3;0
2020-04-08 07:33:58;80;11;23;0;22;4;2;1;0;3;0
2020-04-08 07:34:59;80;11;23;0;22;4;2;1;0;3;0
2020-04-08 07:35:59;81;11;23;0;23;4;2;1;0;3;0
2020-04-08 07:36:59;81;11;23;0;23;4;2;1;0;3;0
2020-04-08 07:37:58;81;11;23;0;23;4;2;1;0;3;0
2020-04-08 07:38:59;81;11;23;0;23;4;2;1;0;3;0
2020-04-08 07:39:59;81;11;23;0;23;4;2;1;0;3;0
2020-04-08 07:40:58;81;11;23;0;23;4;2;1;0;3;0
2020-04-08 07:41:59;81;11;23;0;23;4;2;1;0;3;0
2020-04-08 07:42:59;81;11;23;0;23;4;2;1;0;3;0
2020-04-08 07:44:00;81;11;23;0;23;4;2;1;0;3;0
2020-04-08 07:44:58;81;11;23;0;23;4;2;1;0;3;0
2020-04-08 07:45:59;81;11;23;0;23;4;2;1;0;3;0
2020-04-08 07:46:59;81;11;23;0;23;4;2;1;0;3;0
2020-04-08 07:47:58;81;11;23;0;23;4;2;1;0;3;0
2020-04-08 07:48:59;81;11;23;0;23;4;2;1;0;3;0
2020-04-08 07:49:59;81;11;23;0;23;4;2;1;0;3;0
2020-04-08 07:50:58;81;11;23;0;23;4;2;1;0;3;0
2020-04-08 07:51:59;82;11;23;0;23;5;2;1;0;3;0
2020-04-08 07:52:59;82;11;23;0;23;5;2;1;0;3;0
2020-04-08 07:53:58;82;11;23;0;23;5;2;1;0;3;0
2020-04-08 07:54:59;82;11;23;0;23;5;2;1;0;3;0
2020-04-08 07:55:59;83;11;24;0;23;5;2;1;0;3;0
2020-04-08 07:56:59;83;11;24;0;23;5;2;1;0;3;0
2020-04-08 07:57:58;83;11;24;0;23;5;2;1;0;3;0
2020-04-08 07:58:59;83;11;24;0;23;5;2;1;0;3;0
2020-04-08 07:59:59;83;11;24;0;23;5;2;1;0;3;0
2020-04-08 08:00:58;83;11;24;0;23;5;2;1;0;3;0
2020-04-08 08:01:59;83;11;24;0;23;5;2;1;0;3;0
2020-04-08 08:02:59;83;11;24;0;23;5;2;1;0;3;0
2020-04-08 08:03:58;83;11;24;0;23;5;2;1;0;3;0
2020-04-08 08:04:59;83;11;24;0;23;5;2;1;0;3;0
2020-04-08 08:05:59;83;11;24;0;23;5;2;1;0;3;0
2020-04-08 08:06:58;83;11;24;0;23;5;2;1;0;3;0
2020-04-08 08:07:59;83;11;24;0;23;5;2;1;0;3;0
2020-04-08 08:08:59;83;11;24;0;23;5;2;1;0;3;0
2020-04-08 08:09:58;83;11;24;0;23;5;2;1;0;3;0
2020-04-08 08:10:59;83;11;24;0;23;5;2;1;0;3;0
2020-04-08 08:11:59;83;11;24;0;23;5;2;1;0;3;0
2020-04-08 08:12:59;83;11;24;0;23;5;2;1;0;3;0
2020-04-08 08:13:58;83;11;24;0;23;5;2;1;0;3;0
2020-04-08 08:14:59;84;11;25;0;23;5;2;1;0;3;0
2020-04-08 08:15:59;84;11;25;0;23;5;2;1;0;3;0
2020-04-08 08:16:58;84;11;25;0;23;5;2;1;0;3;0
2020-04-08 08:17:59;85;12;25;0;23;5;2;1;0;3;0
2020-04-08 08:18:59;85;12;25;0;23;5;2;1;0;3;0
2020-04-08 08:19:58;85;12;25;0;23;5;2;1;0;3;0
2020-04-08 08:20:59;85;12;25;0;23;5;2;1;0;3;0
2020-04-08 08:21:59;86;12;25;0;23;5;3;1;0;3;0
2020-04-08 08:22:59;86;12;25;0;23;5;3;1;0;3;0
2020-04-08 08:23:58;86;12;25;0;23;5;3;1;0;3;0
2020-04-08 08:24:59;86;12;25;0;23;5;3;1;0;3;0
2020-04-08 08:25:59;86;12;25;0;23;5;3;1;0;3;0
2020-04-08 08:27:00;86;12;25;0;23;5;3;1;0;3;0
2020-04-08 08:27:58;86;12;25;0;23;5;3;1;0;3;0
2020-04-08 08:28:59;86;12;25;0;23;5;3;1;0;3;0
2020-04-08 08:29:59;86;12;25;0;23;5;3;1;0;3;0
2020-04-08 08:30:58;86;12;25;0;23;5;3;1;0;3;0
2020-04-08 08:31:59;87;12;25;0;23;5;3;1;0;3;0
2020-04-08 08:32:59;87;12;25;0;23;5;3;1;0;3;0
2020-04-08 08:34:00;87;12;25;0;23;5;3;1;0;3;0
2020-04-08 08:34:58;87;12;25;0;23;5;3;1;0;3;0
2020-04-08 08:35:59;87;12;25;0;23;5;3;1;0;3;0
2020-04-08 08:36:59;87;12;25;0;23;5;3;1;0;3;0
2020-04-08 08:37:58;87;12;25;0;23;5;3;1;0;3;0
2020-04-08 08:38:59;87;12;25;0;23;5;3;1;0;3;0
2020-04-08 08:40:00;87;12;25;0;23;5;3;1;0;3;0
2020-04-08 08:40:58;87;12;25;0;23;5;3;1;0;3;0
2020-04-08 08:41:59;87;12;25;0;23;5;3;1;0;3;0
2020-04-08 08:42:59;87;12;25;0;23;5;3;1;0;3;0
2020-04-08 08:43:58;88;12;26;0;23;5;3;1;0;3;0
2020-04-08 08:44:59;88;12;26;0;23;5;3;1;0;3;0
2020-04-08 08:45:59;88;12;26;0;23;5;3;1;0;3;0
2020-04-08 08:46:58;89;12;27;0;23;5;3;1;0;3;0
2020-04-08 08:47:59;89;12;27;0;23;5;3;1;0;3;0
2020-04-08 08:48:59;89;12;27;0;23;5;3;1;0;3;0
2020-04-08 08:49:58;89;12;27;0;23;5;3;1;0;3;0
2020-04-08 08:50:59;89;12;27;0;23;5;3;1;0;3;0
2020-04-08 08:51:59;89;12;27;0;23;5;3;1;0;3;0
2020-04-08 08:52:59;89;12;27;0;23;5;3;1;0;3;0
2020-04-08 08:53:58;89;12;27;0;23;5;3;1;0;3;0
2020-04-08 08:54:59;89;12;27;0;23;5;3;1;0;3;0
2020-04-08 08:55:59;89;12;27;0;23;5;3;1;0;3;0
2020-04-08 08:56:58;89;12;27;0;23;5;3;1;0;3;0
2020-04-08 08:57:59;90;12;27;0;24;5;3;1;0;3;0
2020-04-08 08:58:59;90;12;27;0;24;5;3;1;0;3;0
2020-04-08 08:59:58;91;12;27;0;25;5;3;1;0;3;0
2020-04-08 09:00:59;92;12;27;0;25;5;3;1;1;3;0
2020-04-08 09:01:59;93;12;28;0;25;5;3;1;1;3;0
2020-04-08 09:02:58;93;12;28;0;25;5;3;1;1;3;0
2020-04-08 09:03:59;93;12;28;0;25;5;3;1;1;3;0
2020-04-08 09:04:59;93;12;28;0;25;5;3;1;1;3;0
2020-04-08 09:06:00;94;13;28;0;25;5;3;1;1;3;0
2020-04-08 09:06:58;94;13;28;0;25;5;3;1;1;3;0
2020-04-08 09:07:59;94;13;28;0;25;5;3;1;1;3;0
2020-04-08 09:08:59;95;13;29;0;25;5;3;1;1;3;0
2020-04-08 09:09:58;96;14;29;0;25;5;3;1;1;3;0
2020-04-08 09:10:59;96;14;29;0;25;5;3;1;1;3;0
2020-04-08 09:11:59;96;14;29;0;25;5;3;1;1;3;0
2020-04-08 09:12:58;96;14;29;0;25;5;3;1;1;3;0
2020-04-08 09:13:59;97;14;30;0;25;5;3;1;1;3;0
2020-04-08 09:14:59;97;14;30;0;25;5;3;1;1;3;0
2020-04-08 09:15:58;98;15;30;0;25;5;3;1;1;3;0
2020-04-08 09:16:59;98;15;30;0;25;5;3;1;1;3;0
2020-04-08 09:17:59;98;15;30;0;25;5;3;1;1;3;0
2020-04-08 09:18:58;98;15;30;0;25;5;3;1;1;3;0
2020-04-08 09:19:59;98;15;30;0;25;5;3;1;1;3;0
2020-04-08 09:20:59;98;15;30;0;25;5;3;1;1;3;0
2020-04-08 09:21:59;98;15;30;0;25;5;3;1;1;3;0
2020-04-08 09:22:58;99;16;30;0;25;5;3;1;1;3;0
2020-04-08 09:23:59;99;16;30;0;25;5;3;1;1;3;0
2020-04-08 09:24:59;99;16;30;0;25;5;3;1;1;3;0
2020-04-08 09:25:59;99;16;30;0;25;5;3;1;1;3;0
2020-04-08 09:26:58;99;16;30;0;25;5;3;1;1;3;0
2020-04-08 09:27:59;99;16;30;0;25;5;3;1;1;3;0
2020-04-08 09:28:59;99;16;30;0;25;5;3;1;1;3;0
2020-04-08 09:29:59;99;16;30;0;25;5;3;1;1;3;0
2020-04-08 09:30:58;99;16;30;0;25;5;3;1;1;3;0
2020-04-08 09:31:59;99;16;30;0;25;5;3;1;1;3;0
2020-04-08 09:32:59;99;16;30;0;25;5;3;1;1;3;0
2020-04-08 09:33:58;99;16;30;0;25;5;3;1;1;3;0
2020-04-08 09:34:59;99;16;30;0;25;5;3;1;1;3;0
2020-04-08 09:35:59;99;16;30;0;25;5;3;1;1;3;0
2020-04-08 09:37:00;99;16;30;0;25;5;3;1;1;3;0
2020-04-08 09:37:58;99;16;30;0;25;5;3;1;1;3;0
2020-04-08 09:38:59;99;16;30;0;25;5;3;1;1;3;0
2020-04-08 09:39:59;99;16;30;0;25;5;3;1;1;3;0
2020-04-08 09:40:58;99;16;30;0;25;5;3;1;1;3;0
2020-04-08 09:41:59;99;16;30;0;25;5;3;1;1;3;0
2020-04-08 09:42:58;99;16;30;0;25;5;3;1;1;3;0
2020-04-08 09:43:59;99;16;30;0;25;5;3;1;1;3;0
2020-04-08 09:44:59;101;17;30;0;26;5;3;1;1;3;0
2020-04-08 09:45:59;101;17;30;0;26;5;3;1;1;3;0
2020-04-08 09:46:58;101;17;30;0;26;5;3;1;1;3;0
2020-04-08 09:47:59;101;17;30;0;26;5;3;1;1;3;0
2020-04-08 09:48:59;101;17;30;0;26;5;3;1;1;3;0
2020-04-08 09:49:58;101;17;30;0;26;5;3;1;1;3;0
2020-04-08 09:50:59;101;17;30;0;26;5;3;1;1;3;0
2020-04-08 09:51:59;102;17;30;0;26;5;3;1;1;3;0
2020-04-08 09:53:00;102;17;30;0;26;5;3;1;1;3;0
2020-04-08 09:53:58;103;18;30;0;26;5;3;1;1;3;0
2020-04-08 09:54:59;103;18;30;0;26;5;3;1;1;3;0
2020-04-08 09:55:59;103;18;30;0;26;5;3;1;1;3;0
2020-04-08 09:56:58;103;18;30;0;26;5;3;1;1;3;0
2020-04-08 09:57:59;103;18;30;0;26;5;3;1;1;3;0
2020-04-08 09:58:59;104;18;30;0;27;5;3;1;1;3;0
2020-04-08 09:59:58;104;18;30;0;27;5;3;1;1;3;0
2020-04-08 10:00:59;105;18;31;0;27;5;3;1;1;3;0
2020-04-08 10:01:59;106;18;31;0;27;6;3;1;1;3;0
2020-04-08 10:02:58;108;20;31;0;27;6;3;1;1;3;0
2020-04-08 10:03:59;109;21;32;0;26;6;3;1;1;3;0
2020-04-08 10:04:59;110;21;33;0;26;6;3;1;1;3;0
2020-04-08 10:05:58;110;21;33;0;26;6;3;1;1;3;0
2020-04-08 10:06:59;110;21;33;0;26;6;3;1;1;3;0
2020-04-08 10:07:59;111;21;33;0;27;6;3;1;1;3;0
2020-04-08 10:08:58;111;21;33;0;27;6;3;1;1;3;0
2020-04-08 10:09:59;112;21;34;0;27;6;3;1;1;3;0
2020-04-08 10:10:59;112;21;34;0;27;6;3;1;1;3;0
2020-04-08 10:11:58;112;21;34;0;27;6;3;1;1;3;0
2020-04-08 10:12:59;112;21;34;0;27;6;3;1;1;3;0
2020-04-08 10:13:59;112;21;34;0;27;6;3;1;1;3;0
2020-04-08 10:14:59;112;21;34;0;27;6;3;1;1;3;0
2020-04-08 10:15:58;113;22;34;0;27;6;3;1;1;3;0
2020-04-08 10:16:59;114;23;34;0;27;6;3;1;1;3;0
2020-04-08 10:17:59;114;23;34;0;27;6;3;1;1;3;0
2020-04-08 10:18:58;114;23;34;0;28;5;3;1;1;3;0
2020-04-08 10:19:59;114;23;34;0;28;5;3;1;1;3;0
2020-04-08 10:20:59;114;23;34;0;28;5;3;1;1;3;0
2020-04-08 10:21:58;115;23;34;0;29;5;3;1;1;3;0
2020-04-08 10:22:59;116;23;35;0;29;5;3;1;1;3;0
2020-04-08 10:23:58;116;23;35;0;29;5;3;1;1;3;0
2020-04-08 10:24:59;116;23;35;0;29;5;3;1;1;3;0
2020-04-08 10:25:59;116;23;35;0;29;5;3;1;1;3;0
2020-04-08 10:26:59;118;24;36;0;29;5;3;1;1;3;0
2020-04-08 10:28:00;118;24;36;0;29;5;3;1;1;3;0
2020-04-08 10:28:58;119;24;36;0;29;5;3;1;2;3;0
2020-04-08 10:29:59;120;24;36;0;29;5;3;1;2;3;0
2020-04-08 10:30:59;120;24;36;0;29;5;3;1;2;3;0
2020-04-08 10:31:58;121;25;36;0;29;5;3;1;2;3;0
2020-04-08 10:32:59;122;25;36;0;29;5;3;2;2;3;0
2020-04-08 10:33:59;122;25;36;0;29;5;3;2;2;3;0
2020-04-08 10:34:59;122;25;36;0;29;5;3;2;2;3;0
2020-04-08 10:35:58;121;25;35;0;29;5;3;2;2;3;0
2020-04-08 10:36:59;121;25;35;0;29;5;3;2;2;3;0
2020-04-08 10:37:59;121;25;35;0;29;5;3;2;2;3;0
2020-04-08 10:38:59;122;25;35;0;29;5;3;2;2;3;0
2020-04-08 10:39:58;122;25;35;0;29;5;3;2;2;3;0
2020-04-08 10:40:59;122;25;35;0;29;5;3;2;2;3;0
2020-04-08 10:41:59;122;25;35;0;29;5;3;2;2;3;0
2020-04-08 10:42:58;122;25;35;0;29;5;3;2;2;3;0
2020-04-08 10:43:59;122;25;35;0;29;5;3;2;2;3;0
2020-04-08 10:44:59;122;25;35;0;29;5;3;2;2;3;0
2020-04-08 10:45:58;123;25;36;0;29;5;3;2;2;3;0
2020-04-08 10:46:59;125;25;36;0;31;5;3;2;2;3;0
2020-04-08 10:47:59;126;25;36;0;31;5;3;2;2;3;0
2020-04-08 10:48:58;126;25;36;0;31;5;3;2;2;3;0
2020-04-08 10:49:59;127;26;36;0;31;5;3;2;2;3;0
2020-04-08 10:50:59;127;26;36;0;31;5;3;2;2;3;0
2020-04-08 10:51:58;128;26;37;0;31;5;3;2;2;3;0
2020-04-08 10:52:59;128;26;37;0;31;5;3;2;2;3;0
2020-04-08 10:53:59;128;26;37;0;31;5;3;2;2;3;0
2020-04-08 10:54:59;128;26;37;0;31;5;3;2;2;3;0
2020-04-08 10:55:58;129;26;37;0;31;5;3;2;2;3;0
2020-04-08 10:56:59;130;28;37;0;31;5;3;2;2;3;0
2020-04-08 10:57:58;130;28;37;0;31;5;3;2;2;3;0
2020-04-08 10:58:59;130;28;37;0;31;5;3;2;2;3;0
2020-04-08 10:59:59;130;28;37;0;31;5;3;2;2;3;0
2020-04-08 11:00:59;131;29;37;0;31;5;3;2;2;3;0
2020-04-08 11:01:58;132;30;37;0;31;5;3;2;2;3;0
2020-04-08 11:02:59;133;30;37;0;32;5;3;2;2;3;0
2020-04-08 11:03:59;133;30;37;0;32;5;3;2;2;3;0
2020-04-08 11:04:59;133;30;37;0;32;5;3;2;2;3;0
2020-04-08 11:05:58;133;30;37;0;32;5;3;2;2;3;0
2020-04-08 11:06:59;133;30;37;0;32;5;3;2;2;3;0
2020-04-08 11:07:59;133;30;37;0;32;5;3;2;2;3;0
2020-04-08 11:08:58;133;30;37;0;32;5;3;2;2;3;0
2020-04-08 11:09:59;133;30;37;0;32;5;3;2;2;3;0
2020-04-08 11:10:59;133;30;37;0;32;5;3;2;2;3;0
2020-04-08 11:11:58;133;30;37;0;32;5;3;2;2;3;0
2020-04-08 11:12:59;134;30;38;0;32;5;3;2;2;3;0
2020-04-08 11:13:59;134;30;38;0;32;5;3;2;2;3;0
2020-04-08 11:14:58;136;30;38;0;32;5;3;2;3;3;0
2020-04-08 11:15:59;136;30;38;0;32;5;3;2;3;3;0
2020-04-08 11:16:59;136;30;38;0;32;5;3;2;3;3;0
2020-04-08 11:17:58;139;32;39;0;32;5;3;2;3;3;0
2020-04-08 11:18:59;141;34;39;0;32;5;3;2;3;3;0
2020-04-08 11:19:59;141;34;39;0;32;5;3;2;3;3;0
2020-04-08 11:20:59;143;35;39;0;32;5;3;2;3;4;0
2020-04-08 11:21:58;143;35;39;0;32;5;3;2;3;4;0
2020-04-08 11:22:59;143;35;39;0;32;5;3;2;3;4;0
2020-04-08 11:23:59;143;35;39;0;32;5;3;2;3;4;0
2020-04-08 11:24:59;143;35;39;0;32;5;3;2;3;4;0
2020-04-08 11:25:59;143;35;39;0;32;5;3;2;3;4;0
2020-04-08 11:26:59;143;35;39;0;32;5;3;2;3;4;0
2020-04-08 11:27:58;143;35;39;0;32;5;3;2;3;4;0
2020-04-08 11:28:59;144;36;39;0;32;5;3;2;3;4;0
2020-04-08 11:29:59;145;37;39;0;32;5;3;2;3;4;0
2020-04-08 11:30:59;146;37;39;0;32;6;3;2;3;4;0
2020-04-08 11:31:58;147;38;39;0;32;6;3;2;3;4;0
2020-04-08 11:32:59;148;38;40;0;32;6;3;2;3;4;0
2020-04-08 11:33:59;149;39;40;0;32;6;3;2;3;4;0
2020-04-08 11:35:00;149;39;40;0;32;6;3;2;3;4;0
2020-04-08 11:35:58;149;39;40;0;32;6;3;2;3;4;0
2020-04-08 11:36:59;149;39;40;0;32;6;3;2;3;4;0
2020-04-08 11:37:59;149;39;40;0;32;6;3;2;3;4;0
2020-04-08 11:38:58;150;40;40;0;32;6;3;2;3;4;0
2020-04-08 11:39:59;152;41;40;0;32;6;3;2;3;4;0
2020-04-08 11:40:59;152;41;40;0;32;6;3;2;3;4;0
2020-04-08 11:41:58;152;41;40;0;32;6;3;2;3;4;0
2020-04-08 11:42:59;152;41;40;0;32;6;3;2;3;4;0
2020-04-08 11:43:59;152;41;40;0;32;6;3;2;3;4;0
2020-04-08 11:44:58;152;41;40;0;32;6;3;2;3;4;0
2020-04-08 11:45:59;153;42;40;0;32;6;3;2;3;4;0
2020-04-08 11:46:59;154;42;41;0;32;6;3;2;3;4;0
2020-04-08 11:47:59;154;42;41;0;32;6;3;2;3;4;0
2020-04-08 11:48:58;155;42;41;0;32;7;3;2;3;4;0
2020-04-08 11:49:59;156;43;41;0;32;7;3;2;3;4;0
2020-04-08 11:50:59;156;43;41;0;32;7;3;2;3;4;0
2020-04-08 11:51:59;156;43;41;0;32;7;3;2;3;4;0
2020-04-08 11:52:58;156;43;41;0;32;7;3;2;3;4;0
2020-04-08 11:53:59;157;43;41;0;32;7;3;3;3;4;0
2020-04-08 11:54:59;157;43;41;0;32;7;3;3;3;4;0
2020-04-08 11:55:58;158;43;42;0;32;7;3;3;3;4;0
2020-04-08 11:56:59;160;43;43;0;32;8;3;3;3;4;0
2020-04-08 11:57:59;161;44;43;0;32;8;3;3;3;4;0
2020-04-08 11:58:58;161;44;43;0;32;8;3;3;3;4;0
2020-04-08 11:59:59;162;45;43;0;32;8;3;3;3;4;0
2020-04-08 12:00:59;162;45;43;0;32;8;3;3;3;4;0
2020-04-08 12:01:58;162;45;43;0;32;8;3;3;3;4;0
2020-04-08 12:02:59;163;45;43;0;33;8;3;3;3;4;0
2020-04-08 12:03:58;163;45;43;0;33;8;3;3;3;4;0
2020-04-08 12:04:59;163;45;43;0;33;8;3;3;3;4;0
2020-04-08 12:05:59;164;46;43;0;33;8;3;3;3;4;0
2020-04-08 12:06:59;164;46;43;0;33;8;3;3;3;4;0
2020-04-08 12:07:58;164;46;43;0;33;8;3;3;3;4;0
2020-04-08 12:08:59;165;47;43;0;33;8;3;3;3;4;0
2020-04-08 12:09:59;165;47;43;0;33;8;3;3;3;4;0
2020-04-08 12:10:58;165;47;43;0;33;8;3;3;3;4;0
2020-04-08 12:11:59;167;48;43;0;34;8;3;3;3;4;0
2020-04-08 12:12:59;168;48;44;0;34;8;3;3;3;4;0
2020-04-08 12:13:58;170;48;44;0;35;8;3;3;3;4;0
2020-04-08 12:14:59;171;48;44;0;35;8;4;3;3;4;0
2020-04-08 12:15:59;172;48;45;0;35;8;4;3;3;4;0
2020-04-08 12:16:59;174;50;45;0;35;8;4;3;3;4;0
2020-04-08 12:17:58;174;50;45;0;35;8;4;3;3;4;0
2020-04-08 12:18:59;174;50;45;0;35;8;4;3;3;4;0
2020-04-08 12:19:59;174;50;45;0;35;8;4;3;3;4;0
2020-04-08 12:20:58;174;50;45;0;35;8;4;3;3;4;0
2020-04-08 12:21:59;174;50;45;0;35;8;4;3;3;4;0
2020-04-08 12:22:59;174;50;45;0;35;8;4;3;3;4;0
2020-04-08 12:24:00;174;50;45;0;35;8;4;3;3;4;0
2020-04-08 12:24:58;174;50;45;0;35;8;4;3;3;4;0
2020-04-08 12:25:59;174;50;45;0;35;8;4;3;3;4;0
2020-04-08 12:26:59;174;50;45;0;35;8;4;3;3;4;0
2020-04-08 12:27:58;174;50;45;0;35;8;4;3;3;4;0
2020-04-08 12:28:59;174;50;45;0;35;8;4;3;3;4;0
2020-04-08 12:29:59;175;51;45;0;35;8;4;3;3;4;0
2020-04-08 12:30:59;177;53;45;0;35;8;4;3;3;4;0
2020-04-08 12:31:58;177;53;45;0;35;8;4;3;3;4;0
2020-04-08 12:32:59;177;53;45;0;35;8;4;3;3;4;0
2020-04-08 12:33:59;177;53;45;0;35;8;4;3;3;4;0
2020-04-08 12:34:58;177;53;45;0;35;8;4;3;3;4;0
2020-04-08 12:35:59;177;53;45;0;35;8;4;3;3;4;0
2020-04-08 12:36:58;177;53;45;0;35;8;4;3;3;4;0
2020-04-08 12:37:59;177;53;45;0;35;8;4;3;3;4;0
2020-04-08 12:38:59;177;54;45;0;34;8;4;3;3;4;0
2020-04-08 12:39:58;178;54;45;0;35;8;4;3;3;4;0
2020-04-08 12:40:59;178;54;45;0;35;8;4;3;3;4;0
2020-04-08 12:41:59;178;54;45;0;35;8;4;3;3;4;0
2020-04-08 12:42:58;178;54;45;0;35;8;4;3;3;4;0
2020-04-08 12:43:59;179;54;46;0;35;8;4;3;3;4;0
2020-04-08 12:44:59;179;54;46;0;35;8;4;3;3;4;0
2020-04-08 12:45:59;179;54;46;0;35;8;4;3;3;4;0
2020-04-08 12:46:58;179;54;46;0;35;8;4;3;3;4;0
2020-04-08 12:47:59;179;54;46;0;35;8;4;3;3;4;0
2020-04-08 12:48:59;179;54;46;0;35;8;4;3;3;4;0
2020-04-08 12:49:59;179;54;46;0;35;8;4;3;3;4;0
2020-04-08 12:50:58;180;55;46;0;35;8;4;3;3;4;0
2020-04-08 12:51:59;180;55;46;0;35;8;4;3;3;4;0
2020-04-08 12:52:59;180;55;46;0;35;8;4;3;3;4;0
2020-04-08 12:53:58;180;55;46;0;35;8;4;3;3;4;0
2020-04-08 12:54:59;181;56;46;0;35;8;4;3;3;4;0
2020-04-08 12:55:59;181;56;46;0;35;8;4;3;3;4;0
2020-04-08 12:56:58;182;56;46;0;36;8;4;3;3;4;0
2020-04-08 12:57:59;182;56;46;0;36;8;4;3;3;4;0
2020-04-08 12:58:59;182;56;46;0;36;8;4;3;3;4;0
2020-04-08 12:59:58;182;56;46;0;36;8;4;3;3;4;0
2020-04-08 13:00:59;183;57;46;0;36;8;4;3;3;4;0
2020-04-08 13:01:59;183;57;46;0;36;8;4;3;3;4;0
2020-04-08 13:02:58;183;57;46;0;36;8;4;3;3;4;0
2020-04-08 13:03:59;184;58;46;0;36;8;4;3;3;4;0
2020-04-08 13:04:59;185;59;46;0;36;8;4;3;3;4;0
2020-04-08 13:05:59;186;59;47;0;36;8;4;3;3;4;0
2020-04-08 13:06:58;188;60;48;0;36;8;4;3;3;4;0
2020-04-08 13:07:59;188;60;48;0;36;8;4;3;3;4;0
2020-04-08 13:08:59;188;60;48;0;36;8;4;3;3;4;0
2020-04-08 13:09:58;189;60;48;0;37;8;4;3;3;4;0
2020-04-08 13:10:59;189;60;48;0;37;8;4;3;3;4;0
2020-04-08 13:11:59;190;61;48;0;37;8;4;3;3;4;0
2020-04-08 13:12:58;190;61;48;0;37;8;4;3;3;4;0
2020-04-08 13:13:59;190;61;48;0;37;8;4;3;3;4;0
2020-04-08 13:14:59;191;61;48;0;37;9;4;3;3;4;0
2020-04-08 13:15:59;191;61;48;0;37;9;4;3;3;4;0
2020-04-08 13:16:58;191;61;48;0;37;9;4;3;3;4;0
2020-04-08 13:17:59;191;61;48;0;37;9;4;3;3;4;0
2020-04-08 13:18:59;191;61;48;0;37;9;4;3;3;4;0
2020-04-08 13:19:59;191;61;48;0;37;9;4;3;3;4;0
2020-04-08 13:20:58;191;61;48;0;37;9;4;3;3;4;0
2020-04-08 13:21:59;191;62;48;0;37;9;4;3;3;4;0
2020-04-08 13:22:59;191;62;48;0;37;9;4;3;3;4;0
2020-04-08 13:23:58;191;62;48;0;37;9;4;3;3;4;0
2020-04-08 13:24:59;191;62;48;0;37;9;4;3;3;4;0
2020-04-08 13:25:59;191;62;48;0;37;9;4;3;3;4;0
2020-04-08 13:26:59;191;62;48;0;37;9;4;3;3;4;0
2020-04-08 13:27:58;192;63;48;0;37;9;4;3;3;4;0
2020-04-08 13:28:59;192;63;48;0;37;9;4;3;3;4;0
2020-04-08 13:29:59;192;63;48;0;37;9;4;3;3;4;0
2020-04-08 13:30:58;193;63;48;0;37;9;4;3;3;4;0
2020-04-08 13:31:59;194;63;48;0;38;9;4;3;3;4;0
2020-04-08 13:32:59;194;63;48;0;38;9;4;3;3;4;0
2020-04-08 13:33:58;194;63;48;0;38;9;4;3;3;4;0
2020-04-08 13:34:59;194;63;48;0;38;9;4;3;3;4;0
2020-04-08 13:35:59;194;63;48;0;38;9;4;3;3;4;0
2020-04-08 13:36:59;195;63;50;0;37;9;4;3;3;4;0
2020-04-08 13:37:58;196;64;50;0;37;9;4;3;3;4;0
2020-04-08 13:38:59;197;64;51;0;37;9;4;3;3;4;0
2020-04-08 13:39:59;198;65;51;0;37;9;4;4;3;4;0
2020-04-08 13:40:59;199;65;51;0;37;10;4;4;3;4;0
2020-04-08 13:41:58;199;65;51;0;37;10;4;4;3;4;0
2020-04-08 13:42:59;200;66;51;0;37;10;4;4;3;4;0
2020-04-08 13:43:59;200;66;51;0;37;10;4;4;3;4;0
2020-04-08 13:44:58;201;67;51;0;37;10;4;4;3;4;0
2020-04-08 13:45:59;201;67;51;0;37;10;4;4;3;4;0
2020-04-08 13:46:59;201;67;51;0;37;10;4;4;3;4;0
2020-04-08 13:48:00;202;69;51;0;37;10;4;4;3;4;0
2020-04-08 13:48:58;203;69;51;0;38;10;4;4;3;4;0
2020-04-08 13:49:59;204;70;51;0;38;10;4;4;3;4;0
2020-04-08 13:51:00;204;70;51;0;38;10;4;4;3;4;0
2020-04-08 13:51:58;205;71;51;0;38;10;4;4;3;4;0
2020-04-08 13:52:59;205;71;51;0;38;10;4;4;3;4;0
2020-04-08 13:53:59;206;72;51;0;38;10;4;4;3;4;0
2020-04-08 13:54:58;206;73;50;0;38;10;4;4;3;4;0
2020-04-08 13:55:59;208;73;50;2;38;10;4;4;3;4;0
2020-04-08 13:56:59;208;73;50;2;38;10;4;4;3;4;0
2020-04-08 13:57:58;210;74;50;3;38;10;4;4;3;4;0
2020-04-08 13:58:59;212;75;50;4;38;10;4;4;3;4;0
2020-04-08 13:59:59;212;75;50;4;38;10;4;4;3;4;0
2020-04-08 14:00:59;212;75;50;4;38;10;4;4;3;4;0
2020-04-08 14:01:58;211;75;49;4;38;10;4;4;3;4;0
2020-04-08 14:02:59;212;75;49;4;39;10;4;4;3;4;0
2020-04-08 14:03:59;212;75;49;4;39;10;4;4;3;4;0
2020-04-08 14:04:58;213;76;49;4;39;10;4;4;3;4;0
2020-04-08 14:05:59;214;77;49;4;39;10;4;4;3;4;0
2020-04-08 14:06:59;215;77;49;5;39;10;4;4;3;4;0
2020-04-08 14:07:58;215;77;49;5;39;10;4;4;3;4;0
2020-04-08 14:08:59;215;77;49;5;39;10;4;4;3;4;0
2020-04-08 14:09:59;215;77;49;5;39;10;4;4;3;4;0
2020-04-08 14:10:59;216;77;49;6;39;10;4;4;3;4;0
2020-04-08 14:11:58;217;77;49;7;39;10;4;4;3;4;0
2020-04-08 14:12:59;217;77;49;7;39;10;4;4;3;4;0
2020-04-08 14:13:59;217;77;49;7;39;10;4;4;3;4;0
2020-04-08 14:14:58;216;77;49;6;39;10;4;4;3;4;0
2020-04-08 14:15:59;216;77;49;6;39;10;4;4;3;4;0
2020-04-08 14:16:59;218;77;49;6;40;10;4;4;3;4;0
2020-04-08 14:17:59;218;77;49;6;40;10;4;4;3;4;0
2020-04-08 14:18:58;218;77;49;6;40;10;4;4;3;4;0
2020-04-08 14:19:59;219;77;49;6;40;10;4;4;3;4;0
2020-04-08 14:20:59;220;77;49;7;40;10;4;4;3;4;0
2020-04-08 14:21:58;220;77;49;7;40;10;4;4;3;4;0
2020-04-08 14:22:59;220;77;49;7;40;10;4;4;3;4;0
2020-04-08 14:23:59;220;77;49;7;40;10;4;4;3;4;0
2020-04-08 14:24:58;222;79;49;7;40;10;4;4;3;4;0
2020-04-08 14:25:59;222;79;49;7;40;10;4;4;3;4;0
2020-04-08 14:26:59;222;79;49;7;40;10;4;4;3;4;0
2020-04-08 14:28:00;223;79;50;7;40;10;4;4;3;4;0
2020-04-08 14:28:58;223;79;50;7;40;10;4;4;3;4;0
2020-04-08 14:29:59;223;79;50;7;40;10;4;4;3;4;0
2020-04-08 14:30:59;224;80;50;7;40;10;4;4;3;4;0
2020-04-08 14:31:58;225;80;51;7;40;10;4;4;3;4;0
2020-04-08 14:32:59;226;81;51;7;40;10;4;4;3;4;0
2020-04-08 14:33:59;226;81;51;7;40;10;4;4;3;4;0
2020-04-08 14:34:59;227;81;51;8;40;10;4;4;3;4;0
2020-04-08 14:35:58;227;81;51;8;40;10;4;4;3;4;0
2020-04-08 14:36:59;227;81;51;8;40;10;4;4;3;4;0
2020-04-08 14:37:59;228;82;51;8;40;10;4;4;3;4;0
2020-04-08 14:38:58;228;81;51;9;40;10;4;4;3;4;0
2020-04-08 14:39:59;228;81;51;9;40;10;4;4;3;4;0
2020-04-08 14:40:59;228;81;51;9;40;10;4;4;3;4;0
2020-04-08 14:41:59;228;81;51;9;40;10;4;4;3;4;0
2020-04-08 14:42:58;228;81;51;9;40;10;4;4;3;4;0
2020-04-08 14:43:59;229;82;52;9;40;10;4;4;3;4;0
2020-04-08 14:44:59;229;82;52;9;40;10;4;4;3;4;0
2020-04-08 14:45:58;229;82;52;9;40;10;4;4;3;4;0
2020-04-08 14:46:59;229;82;52;9;40;10;4;4;3;4;0
2020-04-08 14:47:59;230;82;52;10;40;10;4;4;3;4;0
2020-04-08 14:48:58;230;82;52;10;40;10;4;4;3;4;0
2020-04-08 14:49:59;230;82;52;10;40;10;4;4;3;4;0
2020-04-08 14:50:59;230;82;52;10;40;10;4;4;3;4;0
2020-04-08 14:51:59;230;82;52;10;40;10;4;4;3;4;0
2020-04-08 14:52:58;231;82;52;11;40;10;4;4;3;4;0
2020-04-08 14:53:59;231;82;52;11;40;10;4;4;3;4;0
2020-04-08 14:54:59;232;83;52;11;40;10;4;4;3;4;0
2020-04-08 14:55:59;232;83;52;11;40;10;4;4;3;4;0
2020-04-08 14:56:58;232;83;52;11;40;10;4;4;3;4;0
2020-04-08 14:57:59;232;83;52;11;40;10;4;4;3;4;0
2020-04-08 14:58:59;233;84;52;11;40;10;4;4;3;4;0
2020-04-08 14:59:58;234;84;52;12;40;10;4;4;3;4;0
2020-04-08 15:00:59;234;84;52;12;40;10;4;4;3;4;0
2020-04-08 15:01:59;235;84;52;12;40;11;4;4;3;4;0
2020-04-08 15:02:58;235;84;52;12;40;11;4;4;3;4;0
2020-04-08 15:03:59;235;84;52;12;40;11;4;4;3;4;0
2020-04-08 15:04:59;235;84;52;12;40;11;4;4;3;4;0
2020-04-08 15:05:58;235;84;52;12;40;11;4;4;3;4;0
2020-04-08 15:06:59;236;84;52;12;40;11;4;4;3;4;0
2020-04-08 15:07:59;237;84;52;12;40;11;4;4;3;4;0
2020-04-08 15:08:59;237;84;52;12;40;11;4;4;3;4;0
2020-04-08 15:09:58;238;84;52;12;41;11;4;4;3;4;0
2020-04-08 15:10:59;239;84;52;13;41;11;4;4;3;4;0
2020-04-08 15:11:59;239;84;52;13;41;11;4;4;3;4;0
2020-04-08 15:12:58;239;84;52;13;41;11;4;4;3;4;0
2020-04-08 15:13:59;240;84;53;13;41;11;4;4;3;4;0
2020-04-08 15:14:59;241;85;53;13;41;11;4;4;3;4;0
2020-04-08 15:15:59;242;86;53;13;41;11;4;4;3;4;0
2020-04-08 15:16:58;243;86;54;13;41;11;4;4;3;4;0
2020-04-08 15:17:59;244;86;55;13;41;11;4;4;3;4;0
2020-04-08 15:18:59;245;86;55;14;41;11;4;4;3;4;0
2020-04-08 15:19:58;245;86;55;14;41;11;4;4;3;4;0
2020-04-08 15:20:59;246;86;55;15;41;11;4;4;3;4;0
2020-04-08 15:21:59;246;86;55;15;41;11;4;4;3;4;0
2020-04-08 15:22:58;246;86;55;15;41;11;4;4;3;4;0
2020-04-08 15:23:59;246;86;55;15;41;11;4;4;3;4;0
2020-04-08 15:24:59;247;87;56;15;41;10;4;4;3;4;0
2020-04-08 15:25:59;248;88;56;15;41;10;4;4;3;4;0
2020-04-08 15:26:58;248;88;56;15;41;10;4;4;3;4;0
2020-04-08 15:27:59;249;89;56;15;41;10;4;4;3;4;0
2020-04-08 15:28:58;250;90;56;15;41;10;4;4;3;4;0
2020-04-08 15:29:59;251;90;56;15;42;10;4;4;3;4;0
2020-04-08 15:30:59;251;90;56;15;42;10;4;4;3;4;0
2020-04-08 15:31:59;252;90;56;16;42;10;4;4;3;4;0
2020-04-08 15:32:58;252;90;56;16;42;10;4;4;3;4;0
2020-04-08 15:33:59;253;90;57;16;42;10;4;4;3;4;0
2020-04-08 15:34:59;253;90;57;16;42;10;4;4;3;4;0
2020-04-08 15:35:58;254;90;57;16;42;10;4;4;3;4;0
2020-04-08 15:36:59;256;91;57;16;43;10;4;4;3;4;0
2020-04-08 15:37:59;256;91;57;16;43;10;4;4;3;4;0
2020-04-08 15:38:59;257;92;57;16;43;10;4;4;3;4;0
2020-04-08 15:39:58;257;92;57;16;43;10;4;4;3;4;0
2020-04-08 15:40:59;257;92;57;16;43;10;4;4;3;4;0
2020-04-08 15:41:58;259;92;57;17;44;10;4;4;3;4;0
2020-04-08 15:42:59;259;92;57;17;44;10;4;4;3;4;0
2020-04-08 15:43:59;259;92;57;17;44;10;4;4;3;4;0
2020-04-08 15:44:58;259;92;57;17;44;10;4;4;3;4;0
2020-04-08 15:45:59;260;92;58;17;44;10;4;4;3;4;0
2020-04-08 15:46:59;261;92;58;17;45;10;4;4;3;4;0
2020-04-08 15:47:59;262;93;58;17;45;10;4;4;3;4;0
2020-04-08 15:48:58;262;93;58;17;45;10;4;4;3;4;0
2020-04-08 15:49:59;262;93;58;17;45;10;4;4;3;4;0
2020-04-08 15:50:59;262;93;58;17;45;10;4;4;3;4;0
2020-04-08 15:51:58;262;93;58;17;45;10;4;4;3;4;0
2020-04-08 15:52:59;262;93;58;17;45;10;4;4;3;4;0
2020-04-08 15:53:59;262;93;58;17;45;10;4;4;3;4;0
2020-04-08 15:54:58;263;94;58;17;45;10;4;4;3;4;0
2020-04-08 15:55:59;264;95;58;17;45;10;4;4;3;4;0
2020-04-08 15:56:59;264;95;58;17;45;10;4;4;3;4;0
2020-04-08 15:57:58;264;95;58;17;45;10;4;4;3;4;0
2020-04-08 15:58:59;264;95;58;17;45;10;4;4;3;4;0
2020-04-08 15:59:59;264;95;59;17;44;10;4;4;3;4;0
2020-04-08 16:00:59;265;95;60;17;44;10;4;4;3;4;0
2020-04-08 16:01:58;266;96;60;17;44;10;4;4;3;4;0
2020-04-08 16:02:59;266;96;60;17;44;10;4;4;3;4;0
2020-04-08 16:03:59;266;96;60;17;44;10;4;4;3;4;0
2020-04-08 16:04:58;267;97;60;17;44;10;4;4;3;4;0
2020-04-08 16:05:59;267;97;60;17;44;10;4;4;3;4;0
2020-04-08 16:06:59;268;97;60;17;45;10;4;4;3;4;0
2020-04-08 16:07:59;271;100;60;17;45;10;4;4;3;4;0
2020-04-08 16:08:58;271;100;60;17;45;10;4;4;3;4;0
2020-04-08 16:09:59;272;100;61;17;45;10;4;4;3;4;0
2020-04-08 16:10:59;273;100;61;18;45;10;4;4;3;4;0
2020-04-08 16:11:58;273;100;61;18;45;10;4;4;3;4;0
2020-04-08 16:12:59;273;100;61;18;45;10;4;4;3;4;0
2020-04-08 16:13:59;274;100;62;18;45;10;4;4;3;4;0
2020-04-08 16:14:59;275;100;63;18;45;10;4;4;3;4;0
2020-04-08 16:15:58;275;100;63;18;45;10;4;4;3;4;0
2020-04-08 16:16:59;275;100;63;18;45;10;4;4;3;4;0
2020-04-08 16:17:58;275;100;63;18;45;10;4;4;3;4;0
2020-04-08 16:18:59;276;100;64;18;45;10;4;4;3;4;0
2020-04-08 16:19:59;276;100;64;18;45;10;4;4;3;4;0
2020-04-08 16:20:58;276;100;64;18;45;10;4;4;3;4;0
2020-04-08 16:21:59;276;100;64;18;45;10;4;4;3;4;0
2020-04-08 16:22:59;278;100;64;18;45;10;4;4;3;4;0
2020-04-08 16:23:58;279;100;64;18;45;11;4;4;3;4;0
2020-04-08 16:24:59;279;100;64;18;45;11;4;4;3;4;0
2020-04-08 16:25:59;280;100;64;18;46;11;4;4;3;4;0
2020-04-08 16:26:58;280;100;64;18;46;11;4;4;3;4;0
2020-04-08 16:27:59;280;100;65;17;46;11;4;4;3;4;0
2020-04-08 16:28:59;280;100;65;17;46;11;4;4;3;4;0
2020-04-08 16:29:58;280;100;65;17;46;11;4;4;3;4;0
2020-04-08 16:30:59;280;100;65;17;46;11;4;4;3;4;0
2020-04-08 16:31:59;280;100;65;17;46;11;4;4;3;4;0
2020-04-08 16:32:58;280;100;65;17;46;11;4;4;3;4;0
2020-04-08 16:33:59;281;100;66;17;46;11;4;4;3;4;0
2020-04-08 16:34:59;281;100;66;17;46;11;4;4;3;4;0
2020-04-08 16:35:58;281;100;66;17;46;11;4;4;3;4;0
2020-04-08 16:36:59;282;100;66;17;46;11;4;5;3;4;0
2020-04-08 16:37:59;284;101;66;18;46;11;4;5;3;4;0
2020-04-08 16:38:58;284;101;66;18;46;11;4;5;3;4;0
2020-04-08 16:39:59;285;102;66;18;46;11;4;5;3;4;0
2020-04-08 16:40:59;285;102;66;18;46;11;4;5;3;4;0
2020-04-08 16:41:58;287;103;67;18;46;11;4;5;3;4;0
2020-04-08 16:42:59;289;103;68;19;46;11;4;5;3;4;0
2020-04-08 16:43:59;289;103;68;19;46;11;4;5;3;4;0
2020-04-08 16:44:59;291;105;68;19;46;11;4;5;3;4;0
2020-04-08 16:45:58;291;105;68;19;46;11;4;5;3;4;0
2020-04-08 16:46:59;291;105;68;19;46;11;4;5;3;4;0
2020-04-08 16:47:59;292;105;68;20;46;11;4;5;3;4;0
2020-04-08 16:48:58;293;105;69;20;46;11;4;5;3;4;0
2020-04-08 16:49:59;293;105;69;20;46;11;4;5;3;4;0
2020-04-08 16:50:59;293;105;69;20;46;11;4;5;3;4;0
2020-04-08 16:51:58;295;106;69;20;46;11;4;6;3;4;0
2020-04-08 16:52:59;297;107;70;20;46;11;4;6;3;4;0
2020-04-08 16:53:59;297;107;70;20;46;11;4;6;3;4;0
2020-04-08 16:54:58;297;107;70;20;46;11;4;6;3;4;0
2020-04-08 16:55:59;300;108;71;21;46;11;4;6;3;4;0
2020-04-08 16:56:59;303;110;72;22;46;11;4;6;3;4;0
2020-04-08 16:57:59;304;110;73;23;46;11;4;6;3;4;0
2020-04-08 16:58:58;305;110;75;22;46;11;4;6;3;4;0
2020-04-08 16:59:59;305;110;75;22;46;11;4;6;3;4;0
2020-04-08 17:00:59;306;111;75;22;46;11;4;6;3;4;0
2020-04-08 17:01:58;307;111;76;22;46;11;4;6;3;4;0
2020-04-08 17:02:59;307;111;76;22;46;11;4;6;3;4;0
2020-04-08 17:03:59;309;112;76;23;46;11;4;6;3;4;0
2020-04-08 17:04:59;310;113;76;23;46;11;4;6;3;4;0
2020-04-08 17:05:58;311;113;76;24;46;11;4;6;3;4;0
2020-04-08 17:06:59;313;113;77;25;46;11;4;6;3;4;0
2020-04-08 17:07:59;313;113;77;25;46;11;4;6;3;4;0
2020-04-08 17:08:59;314;113;78;25;46;11;4;6;3;4;0
2020-04-08 17:09:58;316;113;78;26;46;11;4;6;3;4;0
2020-04-08 17:10:59;316;113;78;26;46;11;4;6;3;4;0
2020-04-08 17:11:59;316;113;78;26;46;11;4;6;3;4;0
2020-04-08 17:12:58;317;114;78;26;46;11;4;6;3;4;0
2020-04-08 17:13:59;318;114;78;26;47;11;4;6;3;4;0
2020-04-08 17:14:59;318;114;78;26;47;11;4;6;3;4;0
2020-04-08 17:15:59;319;115;78;26;47;11;4;6;3;4;0
2020-04-08 17:16:59;320;116;78;26;47;11;4;6;3;4;0
2020-04-08 17:17:59;321;116;78;27;47;11;4;6;3;4;0
2020-04-08 17:18:59;322;117;78;27;47;11;4;6;3;4;0
2020-04-08 17:19:58;322;117;78;27;47;11;4;6;3;4;0
2020-04-08 17:20:59;322;117;78;27;47;11;4;6;3;4;0
2020-04-08 17:21:59;322;117;78;27;47;11;4;6;3;4;0
2020-04-08 17:22:58;323;117;78;28;47;11;4;6;3;4;0
2020-04-08 17:23:59;323;117;78;28;47;11;4;6;3;4;0
2020-04-08 17:24:59;323;117;78;28;47;11;4;6;3;4;0
2020-04-08 17:25:58;323;117;78;28;47;11;4;6;3;4;0
2020-04-08 17:26:59;323;117;78;28;47;11;4;6;3;4;0
2020-04-08 17:27:59;324;118;78;28;47;11;4;6;3;4;0
2020-04-08 17:28:59;324;118;78;28;47;11;4;6;3;4;0
2020-04-08 17:29:59;324;118;78;28;47;11;4;6;3;4;0
2020-04-08 17:30:59;324;118;78;28;47;11;4;6;3;4;0
2020-04-08 17:31:59;324;118;78;28;47;11;4;6;3;4;0
2020-04-08 17:32:59;324;118;78;28;47;11;4;6;3;4;0
2020-04-08 17:33:58;324;118;78;28;47;11;4;6;3;4;0
2020-04-08 17:34:59;325;119;78;28;47;11;4;6;3;4;0
2020-04-08 17:35:59;326;119;78;29;47;11;4;6;3;4;0
2020-04-08 17:37:00;327;119;79;29;47;11;4;6;3;4;0
2020-04-08 17:37:58;327;119;79;29;47;11;4;6;3;4;0
2020-04-08 17:38:59;329;120;79;29;47;12;4;6;3;4;0
2020-04-08 17:39:59;330;120;80;29;47;12;4;6;3;4;0
2020-04-08 17:40:58;331;120;81;29;47;12;4;6;3;4;0
2020-04-08 17:41:59;332;121;81;29;47;12;4;6;3;4;0
2020-04-08 17:42:59;333;122;81;29;47;12;4;6;3;4;0
2020-04-08 17:43:58;334;122;83;28;47;12;4;6;3;4;0
2020-04-08 17:44:59;335;122;84;28;47;12;4;6;3;4;0
2020-04-08 17:45:59;335;122;84;28;47;12;4;6;3;4;0
2020-04-08 17:46:58;335;122;84;28;47;12;4;6;3;4;0
2020-04-08 17:47:59;335;122;84;28;47;12;4;6;3;4;0
2020-04-08 17:48:59;335;122;84;28;47;12;4;6;3;4;0
2020-04-08 17:49:58;335;122;84;28;47;12;4;6;3;4;0
2020-04-08 17:50:59;335;122;84;28;47;12;4;6;3;4;0
2020-04-08 17:51:59;336;123;84;28;47;12;4;6;3;4;0
2020-04-08 17:52:59;336;123;84;28;47;12;4;6;3;4;0
2020-04-08 17:53:58;336;123;84;28;47;12;4;6;3;4;0
2020-04-08 17:54:59;336;123;84;28;47;12;4;6;3;4;0
2020-04-08 17:55:59;337;124;84;28;47;12;4;6;3;4;0
2020-04-08 17:56:58;337;124;84;28;47;12;4;6;3;4;0
2020-04-08 17:57:59;338;124;85;29;47;11;4;6;3;4;0
2020-04-08 17:58:59;340;125;86;29;47;11;4;6;3;4;0
2020-04-08 17:59:58;343;125;88;29;47;11;4;6;3;4;0
2020-04-08 18:00:59;343;125;88;29;47;11;4;6;3;4;0
2020-04-08 18:01:59;343;125;88;29;47;11;4;6;3;4;0
2020-04-08 18:02:59;343;125;88;29;47;11;4;6;3;4;0
2020-04-08 18:03:58;343;125;88;29;47;11;4;6;3;4;0
2020-04-08 18:04:59;344;126;88;29;47;11;4;6;3;4;0
2020-04-08 18:05:58;344;126;88;29;47;11;4;6;3;4;0
2020-04-08 18:06:59;344;126;88;29;47;11;4;6;3;4;0
2020-04-08 18:07:59;344;126;88;29;47;11;4;6;3;4;0
2020-04-08 18:08:59;343;126;88;30;46;11;4;6;3;4;0
2020-04-08 18:09:58;345;126;89;31;46;11;4;6;3;4;0
2020-04-08 18:10:59;346;126;89;31;47;11;4;6;3;4;0
2020-04-08 18:11:59;348;126;90;32;47;11;4;6;3;4;0
2020-04-08 18:12:59;348;126;90;32;47;11;4;6;3;4;0
2020-04-08 18:13:58;348;126;90;32;47;11;4;6;3;4;0
2020-04-08 18:14:59;348;126;90;32;47;11;4;6;3;4;0
2020-04-08 18:15:59;348;126;90;32;47;11;4;6;3;4;0
2020-04-08 18:16:59;348;126;90;32;47;11;4;6;3;4;0
2020-04-08 18:17:58;348;126;90;32;47;11;4;6;3;4;0
2020-04-08 18:18:59;348;126;90;32;47;11;4;6;3;4;0
2020-04-08 18:19:59;349;126;90;32;48;11;4;6;3;4;0
2020-04-08 18:20:58;350;126;90;33;48;11;4;6;3;4;0
2020-04-08 18:21:59;351;126;90;34;48;11;4;6;3;4;0
2020-04-08 18:22:59;351;126;90;34;48;11;4;6;3;4;0
2020-04-08 18:23:58;351;126;90;34;48;11;4;6;3;4;0
2020-04-08 18:24:59;351;126;90;34;48;11;4;6;3;4;0
2020-04-08 18:25:59;351;126;90;34;48;11;4;6;3;4;0
2020-04-08 18:26:58;351;126;90;34;48;11;4;6;3;4;0
2020-04-08 18:27:59;352;127;90;34;48;11;4;6;3;4;0
2020-04-08 18:28:59;353;127;91;34;48;11;4;6;3;4;0
2020-04-08 18:30:00;354;128;91;34;48;11;4;6;3;4;0
2020-04-08 18:30:58;355;128;91;34;49;11;4;6;3;4;0
2020-04-08 18:31:59;358;130;91;35;49;11;4;6;3;4;0
2020-04-08 18:32:59;359;131;91;35;49;11;4;6;3;4;0
2020-04-08 18:33:58;359;131;91;35;49;11;4;6;3;4;0
2020-04-08 18:34:59;359;131;91;35;49;11;4;6;3;4;0
2020-04-08 18:35:59;359;131;91;35;49;11;4;6;3;4;0
2020-04-08 18:36:58;359;131;91;35;49;11;4;6;3;4;0
2020-04-08 18:37:59;360;131;91;36;49;11;4;6;3;4;0
2020-04-08 18:38:59;360;131;91;36;49;11;4;6;3;4;0
2020-04-08 18:39:58;360;131;91;36;49;11;4;6;3;4;0
2020-04-08 18:40:59;360;131;91;36;49;11;4;6;3;4;0
2020-04-08 18:41:59;360;131;92;36;48;11;4;6;3;4;0
2020-04-08 18:42:59;360;131;92;36;48;11;4;6;3;4;0
2020-04-08 18:43:58;360;131;92;36;48;11;4;6;3;4;0
2020-04-08 18:44:59;360;131;92;36;48;11;4;6;3;4;0
2020-04-08 18:45:59;360;131;92;36;48;11;4;6;3;4;0
2020-04-08 18:46:58;361;132;92;36;48;11;4;6;3;4;0
2020-04-08 18:47:59;362;132;93;36;48;11;4;6;3;4;0
2020-04-08 18:48:59;363;132;94;36;48;11;4;6;3;4;0
2020-04-08 18:49:58;365;133;95;36;48;11;4;6;3;4;0
2020-04-08 18:50:59;366;134;95;36;48;11;4;6;3;4;0
2020-04-08 18:51:59;367;134;96;36;48;11;4;6;3;4;0
2020-04-08 18:52:58;367;134;96;36;48;11;4;6;3;4;0
2020-04-08 18:53:59;367;134;96;36;48;11;4;6;3;4;0
2020-04-08 18:54:59;367;134;96;36;48;11;4;6;3;4;0
2020-04-08 18:55:58;367;134;96;36;48;11;4;6;3;4;0
2020-04-08 18:56:59;367;134;96;36;48;11;4;6;3;4;0
2020-04-08 18:58:00;367;134;96;36;48;11;4;6;3;4;0
2020-04-08 18:58:58;367;134;96;36;48;11;4;6;3;4;0
2020-04-08 18:59:59;367;134;96;36;48;11;4;6;3;4;0
2020-04-08 19:00:58;367;134;96;36;48;11;4;6;3;4;0
2020-04-08 19:01:59;367;134;96;36;48;11;4;6;3;4;0
2020-04-08 19:02:59;367;134;97;36;47;11;4;6;3;4;0
2020-04-08 19:03:59;368;135;97;36;47;11;4;6;3;4;0
2020-04-08 19:04:58;370;136;98;36;47;11;4;6;3;4;0
2020-04-08 19:05:59;370;136;98;36;47;11;4;6;3;4;0
2020-04-08 19:06:58;370;136;98;36;47;11;4;6;3;4;0
2020-04-08 19:07:59;370;136;98;36;47;11;4;6;3;4;0
2020-04-08 19:08:59;370;136;98;36;47;11;4;6;3;4;0
2020-04-08 19:09:58;370;136;98;36;47;11;4;6;3;4;0
2020-04-08 19:10:59;370;136;98;36;47;11;4;6;3;4;0
2020-04-08 19:11:59;371;136;99;36;47;11;4;6;3;4;0
2020-04-08 19:12:58;371;136;99;36;47;11;4;6;3;4;0
2020-04-08 19:13:59;371;136;99;36;47;11;4;6;3;4;0
2020-04-08 19:14:59;371;136;99;36;47;11;4;6;3;4;0
2020-04-08 19:15:58;371;136;99;36;47;11;4;6;3;4;0
2020-04-08 19:16:59;371;136;99;36;47;11;4;6;3;4;0
2020-04-08 19:17:59;371;136;99;36;47;11;4;6;3;4;0
2020-04-08 19:18:59;371;136;99;36;47;11;4;6;3;4;0
2020-04-08 19:19:58;371;136;99;36;47;11;4;6;3;4;0
2020-04-08 19:20:59;372;137;99;36;47;11;4;6;3;4;0
2020-04-08 19:21:59;372;137;99;36;47;11;4;6;3;4;0
2020-04-08 19:22:58;373;137;100;36;47;11;4;6;3;4;0
2020-04-08 19:23:59;373;137;100;36;47;11;4;6;3;4;0
2020-04-08 19:24:59;373;137;100;36;47;11;4;6;3;4;0
2020-04-08 19:25:58;373;137;100;36;47;11;4;6;3;4;0
2020-04-08 19:26:59;373;137;100;36;47;11;4;6;3;4;0
2020-04-08 19:27:59;373;137;100;36;47;11;4;6;3;4;0
2020-04-08 19:28:58;373;137;100;36;47;11;4;6;3;4;0
2020-04-08 19:29:59;373;137;100;36;47;11;4;6;3;4;0
2020-04-08 19:30:59;372;137;100;36;46;11;4;6;3;4;0
2020-04-08 19:32:00;372;137;100;36;46;11;4;6;3;4;0
2020-04-08 19:32:58;373;137;100;36;46;12;4;6;3;4;0
2020-04-08 19:33:59;373;137;100;36;46;12;4;6;3;4;0
2020-04-08 19:34:59;374;137;101;36;46;12;4;6;3;4;0
2020-04-08 19:36:00;376;139;101;36;46;12;4;6;3;4;0
2020-04-08 19:36:58;376;139;101;36;46;12;4;6;3;4;0
2020-04-08 19:37:59;376;139;101;36;46;12;4;6;3;4;0
2020-04-08 19:38:59;376;139;101;36;46;12;4;6;3;4;0
2020-04-08 19:39:58;377;139;102;36;46;12;4;6;3;4;0
2020-04-08 19:40:59;378;140;102;36;46;12;4;6;3;4;0
2020-04-08 19:41:59;378;140;102;36;46;12;4;6;3;4;0
2020-04-08 19:42:59;378;140;102;36;46;12;4;6;3;4;0
2020-04-08 19:43:58;378;140;102;36;46;12;4;6;3;4;0
2020-04-08 19:44:59;378;140;102;36;46;12;4;6;3;4;0
2020-04-08 19:45:58;378;139;103;36;46;12;4;6;3;4;0
2020-04-08 19:46:59;378;139;103;36;46;12;4;6;3;4;0
2020-04-08 19:47:59;378;139;103;36;46;12;4;6;3;4;0
2020-04-08 19:48:59;378;139;103;36;46;12;4;6;3;4;0
2020-04-08 19:49:58;378;139;103;36;46;12;4;6;3;4;0
2020-04-08 19:50:59;381;141;105;36;46;12;4;6;3;3;0
2020-04-08 19:51:59;381;141;105;36;46;12;4;6;3;3;0
2020-04-08 19:52:58;381;141;105;36;46;12;4;6;3;3;0
2020-04-08 19:53:59;382;141;106;36;46;12;4;6;3;3;0
2020-04-08 19:54:59;384;141;108;36;46;12;4;6;3;3;0
2020-04-08 19:55:59;385;142;108;36;46;12;4;6;3;3;0
2020-04-08 19:56:58;385;142;108;36;46;12;4;6;3;3;0
2020-04-08 19:57:59;386;142;108;36;47;12;4;6;3;3;0
2020-04-08 19:58:59;386;142;108;36;47;12;4;6;3;3;0
2020-04-08 19:59:58;387;143;108;36;47;12;4;6;3;3;0
2020-04-08 20:00:59;388;144;108;36;47;12;4;6;3;3;0
2020-04-08 20:01:58;389;144;109;36;47;12;4;6;3;3;0
2020-04-08 20:02:59;389;144;109;36;47;12;4;6;3;3;0
2020-04-08 20:03:59;389;144;109;36;47;12;4;6;3;3;0
2020-04-08 20:05:00;389;144;109;36;47;12;4;6;3;3;0
2020-04-08 20:05:58;389;144;109;36;47;12;4;6;3;3;0
2020-04-08 20:06:59;389;144;109;36;47;12;4;6;3;3;0
2020-04-08 20:07:59;389;144;109;36;47;12;4;6;3;3;0
2020-04-08 20:08:58;390;144;109;37;47;12;4;6;3;3;0
2020-04-08 20:09:59;390;144;109;37;47;12;4;6;3;3;0
2020-04-08 20:10:59;390;144;109;37;47;12;4;6;3;3;0
2020-04-08 20:11:58;390;144;109;37;47;12;4;6;3;3;0
2020-04-08 20:12:59;390;144;109;37;47;12;4;6;3;3;0
2020-04-08 20:13:59;393;145;110;37;47;12;5;6;3;3;0
2020-04-08 20:14:59;393;145;110;37;47;12;5;6;3;3;0
2020-04-08 20:15:58;393;145;110;37;47;12;5;6;3;3;0
2020-04-08 20:16:59;393;145;110;37;47;12;5;6;3;3;0
2020-04-08 20:17:59;393;145;110;37;47;12;5;6;3;3;0
2020-04-08 20:18:58;394;145;111;37;47;12;5;6;3;3;0
2020-04-08 20:19:59;394;145;111;37;47;12;5;6;3;3;0
2020-04-08 20:20:59;396;146;111;38;47;12;5;6;3;3;0
2020-04-08 20:21:58;397;146;112;38;47;12;5;6;3;3;0
2020-04-08 20:22:59;398;147;112;38;47;12;5;6;3;3;0
2020-04-08 20:23:59;401;148;114;38;47;12;5;6;3;3;0
2020-04-08 20:25:00;402;149;114;38;47;12;5;6;3;3;0
2020-04-08 20:25:58;403;150;114;38;47;12;5;6;3;3;0
2020-04-08 20:26:59;403;150;114;38;47;12;5;6;3;3;0
2020-04-08 20:27:59;403;150;115;38;46;12;5;6;3;3;0
2020-04-08 20:28:58;404;151;115;38;46;12;5;6;3;3;0
2020-04-08 20:29:59;404;151;115;38;46;12;5;6;3;3;0
2020-04-08 20:30:59;405;151;115;38;46;12;6;6;3;3;0
2020-04-08 20:31:59;405;151;115;38;46;12;6;6;3;3;0
2020-04-08 20:32:58;406;151;116;38;46;12;6;6;3;3;0
2020-04-08 20:33:59;407;151;116;38;46;13;6;6;3;3;0
2020-04-08 20:34:59;407;151;116;38;46;13;6;6;3;3;0
2020-04-08 20:35:58;408;151;116;38;46;14;6;6;3;3;0
2020-04-08 20:36:59;408;151;116;38;46;14;6;6;3;3;0
2020-04-08 20:37:59;410;152;117;38;46;14;6;6;3;3;0
2020-04-08 20:38:59;411;152;118;38;46;14;6;6;3;3;0
2020-04-08 20:39:58;412;152;119;38;46;14;6;6;3;3;0
2020-04-08 20:40:59;414;153;119;39;46;14;6;6;3;3;0
2020-04-08 20:41:59;415;153;120;39;46;14;6;6;3;3;0
2020-04-08 20:42:59;416;153;121;39;46;14;6;6;3;3;0
2020-04-08 20:43:58;417;154;121;39;46;14;6;6;3;3;0
2020-04-08 20:44:59;417;154;121;39;46;14;6;6;3;3;0
2020-04-08 20:45:59;417;154;121;39;46;14;6;6;3;3;0
2020-04-08 20:46:58;417;154;121;39;46;14;6;6;3;3;0
2020-04-08 20:47:59;420;156;121;40;46;14;6;6;3;3;0
2020-04-08 20:48:59;421;156;122;40;46;14;6;6;3;3;0
2020-04-08 20:49:58;423;157;122;40;46;15;6;6;3;3;0
2020-04-08 20:50:59;423;157;122;40;46;15;6;6;3;3;0
2020-04-08 20:51:59;423;157;122;40;46;15;6;6;3;3;0
2020-04-08 20:52:59;425;157;122;42;46;15;6;6;3;3;0
2020-04-08 20:53:58;425;157;122;42;46;15;6;6;3;3;0
2020-04-08 20:54:59;426;157;123;42;46;15;6;6;3;3;0
2020-04-08 20:55:59;427;157;124;42;46;15;6;6;3;3;0
2020-04-08 20:56:58;427;157;124;42;46;15;6;6;3;3;0
2020-04-08 20:57:59;427;157;124;42;46;15;6;6;3;3;0
2020-04-08 20:58:59;428;158;124;42;46;15;6;6;3;3;0
2020-04-08 20:59:59;428;158;124;42;46;15;6;6;3;3;0
2020-04-08 21:00:58;428;158;124;42;46;15;6;6;3;3;0
2020-04-08 21:01:59;429;159;124;42;46;15;6;6;3;3;0
2020-04-08 21:02:59;430;159;125;42;46;15;6;6;3;3;0
2020-04-08 21:03:58;430;159;125;42;46;15;6;6;3;3;0
2020-04-08 21:04:59;431;159;125;42;46;16;6;6;3;3;0
2020-04-08 21:05:59;431;159;125;42;46;16;6;6;3;3;0
2020-04-08 21:06:58;431;159;125;42;46;16;6;6;3;3;0
2020-04-08 21:07:59;431;159;125;42;46;16;6;6;3;3;0
2020-04-08 21:08:59;431;159;125;42;46;16;6;6;3;3;0
2020-04-08 21:09:58;433;159;127;42;46;16;6;6;3;3;0
2020-04-08 21:10:59;434;159;128;42;46;16;6;6;3;3;0
2020-04-08 21:11:59;436;159;129;42;46;17;6;6;3;3;0
2020-04-08 21:12:59;436;159;129;42;46;17;6;6;3;3;0
2020-04-08 21:13:58;437;159;130;42;46;16;6;6;3;3;0
2020-04-08 21:14:59;437;159;130;42;46;16;6;6;3;3;0
2020-04-08 21:15:59;438;159;131;42;46;16;6;6;3;3;0
2020-04-08 21:16:58;439;159;131;42;46;16;6;6;3;3;0
2020-04-08 21:17:59;439;159;131;42;46;16;6;6;3;3;0
2020-04-08 21:18:59;439;159;131;42;46;16;6;6;3;3;0
2020-04-08 21:19:58;439;159;131;42;46;16;6;6;3;3;0
2020-04-08 21:20:59;439;159;131;42;46;16;6;6;3;3;0
2020-04-08 21:21:59;442;160;133;42;46;16;6;6;3;3;0
2020-04-08 21:23:00;442;160;133;42;46;16;6;6;3;3;0
2020-04-08 21:23:58;445;160;135;43;46;16;6;6;3;3;0
2020-04-08 21:24:59;445;160;135;43;46;16;6;6;3;3;0
2020-04-08 21:25:59;445;160;135;43;46;16;6;6;3;3;0
2020-04-08 21:26:58;446;161;135;43;46;16;6;6;3;3;0
2020-04-08 21:27:59;446;161;135;43;46;16;6;6;3;3;0
2020-04-08 21:28:59;447;162;135;43;46;16;6;6;3;3;0
2020-04-08 21:30:00;447;162;135;42;46;16;6;6;3;3;3
2020-04-08 21:30:58;447;162;135;42;46;16;6;6;3;3;3
2020-04-08 21:31:59;447;162;135;42;46;16;6;6;3;3;3
2020-04-08 21:32:59;448;162;136;42;46;16;6;6;3;3;3
2020-04-08 21:33:58;448;162;136;42;46;16;6;6;3;3;3
2020-04-08 21:34:59;450;162;136;42;47;17;6;6;3;3;3
2020-04-08 21:35:59;450;162;136;42;47;17;6;6;3;3;3
2020-04-08 21:36:58;450;162;136;42;47;17;6;6;3;3;3
2020-04-08 21:37:59;450;162;136;42;47;17;6;6;3;3;3
2020-04-08 21:38:59;452;162;138;42;47;17;6;6;3;3;3
2020-04-08 21:39:58;452;162;138;42;47;17;6;6;3;3;3
2020-04-08 21:40:59;453;162;138;42;47;17;7;6;3;3;3
2020-04-08 21:41:59;455;163;140;42;46;17;7;6;3;3;3
2020-04-08 21:42:58;456;163;140;42;46;17;8;6;3;3;3
2020-04-08 21:43:59;457;163;141;43;45;17;8;6;3;3;3
2020-04-08 21:44:59;458;164;141;43;45;17;8;6;3;3;3
2020-04-08 21:46:00;458;164;141;43;45;17;8;6;3;3;3
2020-04-08 21:46:58;458;164;141;43;45;17;8;6;3;3;3
2020-04-08 21:47:59;460;164;142;44;45;17;8;6;3;3;3
2020-04-08 21:48:59;460;164;142;44;45;17;8;6;3;3;3
2020-04-08 21:49:58;460;164;142;44;45;17;8;6;3;3;3
2020-04-08 21:50:59;461;164;142;44;46;17;8;6;3;3;3
2020-04-08 21:51:59;462;164;142;44;47;17;8;6;3;3;3
2020-04-08 21:52:59;464;165;143;44;47;17;8;6;3;3;3
2020-04-08 21:53:58;465;165;144;44;47;17;8;6;3;3;3
2020-04-08 21:54:59;466;166;144;44;47;17;8;6;3;3;3
2020-04-08 21:55:59;467;167;144;44;47;17;8;6;3;3;3
2020-04-08 21:56:58;468;167;145;44;47;17;8;6;3;3;3
2020-04-08 21:57:59;468;167;145;44;47;17;8;6;3;3;3
2020-04-08 21:58:59;471;169;147;44;46;17;8;6;3;3;3
2020-04-08 21:59:58;472;169;147;45;46;17;8;6;3;3;3
2020-04-08 22:00:59;472;169;147;45;46;17;8;6;3;3;3
2020-04-08 22:01:59;472;169;147;45;46;17;8;6;3;3;3
2020-04-08 22:02:58;473;170;147;45;46;17;8;6;3;3;3
2020-04-08 22:03:59;474;169;148;46;46;17;8;6;3;3;3
2020-04-08 22:04:59;475;169;149;46;46;17;8;6;3;3;3
2020-04-08 22:05:59;476;170;149;46;46;17;8;6;3;3;3
2020-04-08 22:06:58;477;171;149;46;46;17;8;6;3;3;3
2020-04-08 22:07:59;478;172;149;46;46;17;8;6;3;3;3
2020-04-08 22:08:59;478;172;149;46;46;17;8;6;3;3;3
2020-04-08 22:09:59;480;173;150;46;46;17;8;6;3;3;3
2020-04-08 22:10:58;482;174;150;47;46;17;8;6;3;3;3
2020-04-08 22:11:59;483;175;150;47;46;17;8;6;3;3;3
2020-04-08 22:12:59;483;175;150;47;46;17;8;6;3;3;3
2020-04-08 22:13:58;486;178;150;47;46;17;8;6;3;3;3
2020-04-08 22:14:59;486;178;150;47;46;17;8;6;3;3;3
2020-04-08 22:15:59;486;178;150;47;46;17;8;6;3;3;3
2020-04-08 22:17:00;486;178;150;47;46;17;8;6;3;3;3
2020-04-08 22:17:58;487;179;150;47;46;17;8;6;3;3;3
2020-04-08 22:18:59;488;179;150;47;46;17;8;6;3;4;3
2020-04-08 22:19:59;489;180;150;47;46;17;8;6;3;4;3
2020-04-08 22:20:58;489;181;149;47;46;17;8;6;3;4;3
2020-04-08 22:21:59;491;181;151;47;46;17;8;6;3;4;3
2020-04-08 22:22:59;491;181;151;47;46;17;8;6;3;4;3
2020-04-08 22:23:59;491;181;151;47;46;17;8;6;3;4;3
2020-04-08 22:24:58;492;181;152;47;46;17;8;6;3;4;3
2020-04-08 22:25:59;492;181;152;47;46;17;8;6;3;4;3
2020-04-08 22:26:59;493;181;152;47;46;17;8;6;3;4;3
2020-04-08 22:27:58;494;182;152;47;46;17;8;6;3;4;3
2020-04-08 22:28:59;494;182;152;47;46;17;8;6;3;4;3
2020-04-08 22:29:59;494;182;152;47;46;17;8;6;3;4;3
2020-04-08 22:30:59;495;182;153;47;46;17;8;6;3;4;3
2020-04-08 22:31:58;495;182;153;47;46;17;8;6;3;4;3
2020-04-08 22:32:59;498;182;155;47;46;17;9;6;3;4;3
2020-04-08 22:33:59;498;182;155;48;45;17;9;6;3;4;3
2020-04-08 22:35:00;500;183;156;48;45;17;9;6;3;4;3
2020-04-08 22:35:58;502;185;156;48;45;17;9;6;3;4;3
2020-04-08 22:36:59;502;185;156;48;45;17;9;6;3;4;3
2020-04-08 22:37:59;502;185;156;48;45;17;9;6;3;4;3
2020-04-08 22:38:58;502;185;156;48;45;17;9;6;3;4;3
2020-04-08 22:39:59;502;185;156;48;45;17;9;6;3;4;3
2020-04-08 22:40:59;504;186;157;48;45;17;9;6;3;4;3
2020-04-08 22:41:59;504;186;157;48;45;17;9;6;3;4;3
2020-04-08 22:42:58;506;187;158;48;45;17;9;6;3;4;3
2020-04-08 22:43:59;506;187;158;48;45;17;9;6;3;4;3
2020-04-08 22:44:59;506;187;158;48;45;17;9;6;3;4;3
2020-04-08 22:45:58;507;189;157;48;45;17;9;6;3;4;3
2020-04-08 22:46:59;506;189;156;48;45;17;9;6;3;4;3
2020-04-08 22:47:58;506;189;157;48;44;17;9;6;3;4;3
2020-04-08 22:48:59;506;189;157;48;44;17;9;6;3;4;3
2020-04-08 22:49:59;507;190;157;48;44;17;9;6;3;4;3
2020-04-08 22:50:59;509;192;157;48;44;17;9;6;3;4;3
2020-04-08 22:51:58;509;192;157;48;44;17;9;6;3;4;3
2020-04-08 22:52:59;510;192;158;48;44;17;9;6;3;4;3
2020-04-08 22:53:59;510;193;157;48;44;17;9;6;3;4;3
2020-04-08 22:54:58;512;194;157;48;44;17;10;6;3;4;3
2020-04-08 22:55:59;515;196;157;48;44;17;11;6;3;4;3
2020-04-08 22:56:59;515;196;157;48;44;17;11;6;3;4;3
2020-04-08 22:57:58;516;197;157;48;44;17;11;6;3;4;3
2020-04-08 22:58:59;517;198;157;48;44;17;11;6;3;4;3
2020-04-08 22:59:59;517;198;157;48;44;17;11;6;3;4;3
2020-04-08 23:00:59;518;199;157;48;44;17;11;6;3;4;3
2020-04-08 23:01:58;518;199;157;48;44;17;11;6;3;4;3
2020-04-08 23:02:59;520;200;157;48;44;17;11;6;4;4;3
2020-04-08 23:03:59;521;200;157;49;44;17;11;6;4;4;3
2020-04-08 23:04:58;523;201;158;49;44;17;11;6;4;4;3
2020-04-08 23:05:59;524;202;158;49;44;17;11;6;4;4;3
2020-04-08 23:06:59;526;202;160;49;44;17;11;6;4;4;3
2020-04-08 23:07:58;527;203;160;49;44;17;11;6;4;4;3
2020-04-08 23:08:59;529;205;160;49;44;17;11;6;4;4;3
2020-04-08 23:09:59;530;206;160;49;44;17;11;6;4;4;3
2020-04-08 23:10:59;531;207;160;49;44;17;11;6;4;4;3
2020-04-08 23:11:58;533;207;161;50;44;17;11;6;4;4;3
2020-04-08 23:12:59;533;208;161;50;43;17;11;6;4;4;3
2020-04-08 23:13:59;534;208;162;50;43;17;11;6;4;4;3
2020-04-08 23:14:58;534;208;162;50;43;17;11;6;4;4;3
2020-04-08 23:15:59;534;208;162;50;43;17;11;6;4;4;3
2020-04-08 23:16:59;534;208;162;50;43;17;11;6;4;4;3
2020-04-08 23:17:58;535;209;162;50;43;17;11;6;4;4;3
2020-04-08 23:18:59;536;209;163;50;43;17;11;6;4;4;3
2020-04-08 23:19:59;536;209;163;50;43;17;11;6;4;4;3
2020-04-08 23:20:58;537;210;163;50;43;17;11;6;4;4;3
2020-04-08 23:21:59;539;210;166;50;43;17;11;5;4;4;3
2020-04-08 23:22:59;539;210;166;50;43;17;11;5;4;4;3
2020-04-08 23:23:59;540;210;167;50;43;17;11;5;4;4;3
2020-04-08 23:24:58;540;210;167;50;43;17;11;5;4;4;3
2020-04-08 23:25:59;542;211;168;50;43;17;11;5;4;4;3
2020-04-08 23:26:59;542;211;168;50;43;17;11;5;4;4;3
2020-04-08 23:27:58;543;212;168;50;43;17;11;5;4;4;3
2020-04-08 23:28:59;543;212;168;50;43;17;11;5;4;4;3
2020-04-08 23:29:59;542;211;168;50;43;17;11;5;4;4;3
2020-04-08 23:30:58;544;211;170;50;43;17;11;5;4;4;3
2020-04-08 23:31:59;545;212;170;50;43;17;11;5;4;4;3
2020-04-08 23:32:59;546;213;170;50;43;17;11;5;4;4;3
2020-04-08 23:33:59;546;213;170;50;43;17;11;5;4;4;3
2020-04-08 23:34:58;546;213;170;50;43;17;11;5;4;4;3
2020-04-08 23:35:59;546;213;170;50;43;17;11;5;4;4;3
2020-04-08 23:36:59;546;213;170;50;43;17;11;5;4;4;3
2020-04-08 23:37:58;545;213;171;50;42;17;11;5;4;4;3
2020-04-08 23:38:59;546;214;171;50;42;17;11;5;4;4;3
2020-04-08 23:39:59;547;215;171;50;42;17;11;5;4;4;3
2020-04-08 23:40:58;548;216;171;50;42;17;11;5;4;4;3
2020-04-08 23:41:59;549;217;171;50;42;17;11;5;4;4;3
2020-04-08 23:42:59;551;220;170;50;42;17;11;5;4;4;3
2020-04-08 23:43:59;551;220;170;50;42;17;11;5;4;4;3
2020-04-08 23:44:58;551;220;170;50;42;17;11;5;4;4;3
2020-04-08 23:45:59;552;220;171;50;42;17;11;5;4;4;3
2020-04-08 23:46:59;553;220;171;51;42;17;11;5;4;4;3
2020-04-08 23:47:58;553;220;171;51;42;17;11;5;4;4;3
2020-04-08 23:48:59;555;222;171;51;42;17;11;5;4;4;3
2020-04-08 23:49:59;555;222;171;51;42;17;11;5;4;4;3
2020-04-08 23:50:58;555;222;171;51;42;17;11;5;4;4;3
2020-04-08 23:51:59;555;222;171;51;42;17;11;5;4;4;3
2020-04-08 23:52:59;555;222;170;52;42;17;11;5;4;4;3
2020-04-08 23:53:59;555;222;170;52;42;17;11;5;4;4;3
2020-04-08 23:54:58;555;222;170;52;42;17;11;5;4;4;3
2020-04-08 23:55:59;555;223;169;52;42;17;11;5;4;4;3
2020-04-08 23:56:59;555;223;169;52;42;17;11;5;4;4;3
2020-04-08 23:57:59;558;226;169;52;42;17;11;5;4;4;3
2020-04-08 23:58:58;560;227;170;52;42;17;11;5;4;4;3
2020-04-08 23:59:59;559;227;170;51;42;17;11;5;4;4;3
