datetime;total_votes;paramed;shamanka;Bf109H;ante;Dzenbuddist;cmapukocmankypum;XASSA;Rumpelstilzchen;navalny;quick_justice
2020-09-02 00:00:59;0;0;0;0;0;0;0;1;0;0;0
2020-09-02 00:01:59;2;0;0;1;0;0;0;1;0;0;0
2020-09-02 00:02:58;3;0;0;1;1;0;0;1;0;0;0
2020-09-02 00:03:59;3;0;0;1;1;0;0;1;0;0;0
2020-09-02 00:04:58;4;0;0;1;1;0;1;1;0;0;0
2020-09-02 00:05:59;6;1;0;1;1;0;1;2;0;0;0
2020-09-02 00:06:59;7;2;0;1;1;0;1;2;0;0;0
2020-09-02 00:07:59;7;2;0;1;1;0;1;2;0;0;0
2020-09-02 00:08:58;8;2;0;1;1;0;1;2;0;0;0
2020-09-02 00:09:59;10;2;0;3;1;0;1;2;0;0;0
2020-09-02 00:10:59;10;2;0;3;1;0;1;2;0;0;0
2020-09-02 00:11:58;10;2;0;3;1;0;1;2;0;0;0
2020-09-02 00:12:59;10;2;0;3;1;0;1;2;0;0;0
2020-09-02 00:13:58;10;2;0;3;1;0;1;2;0;0;0
2020-09-02 00:14:59;11;2;0;3;1;0;2;2;0;0;0
2020-09-02 00:15:59;12;2;0;3;1;0;2;2;0;0;0
2020-09-02 00:16:58;12;2;0;3;1;0;2;2;0;0;0
2020-09-02 00:17:59;12;2;0;3;1;0;2;2;0;0;0
2020-09-02 00:18:59;13;2;0;3;1;0;2;2;0;0;0
2020-09-02 00:19:58;13;2;0;3;1;0;2;2;0;0;0
2020-09-02 00:20:59;13;2;0;3;1;0;2;2;0;0;0
2020-09-02 00:21:59;14;2;1;3;1;0;2;2;0;0;0
2020-09-02 00:22:58;15;2;2;3;1;0;2;2;0;0;0
2020-09-02 00:23:59;15;2;2;3;1;0;2;2;0;0;0
2020-09-02 00:24:59;15;2;2;3;1;0;2;2;0;0;0
2020-09-02 00:25:58;15;2;2;3;1;0;2;2;0;0;0
2020-09-02 00:26:59;16;2;2;3;1;0;2;2;0;0;0
2020-09-02 00:27:58;16;2;2;3;1;0;2;2;0;0;0
2020-09-02 00:28:59;18;2;2;4;1;0;2;2;0;0;1
2020-09-02 00:29:59;19;2;2;4;1;0;3;2;0;0;1
2020-09-02 00:30:58;20;2;2;4;2;0;3;2;0;0;1
2020-09-02 00:31:59;22;3;3;4;2;0;3;2;0;0;1
2020-09-02 00:32:59;24;3;3;4;4;0;3;2;0;0;1
2020-09-02 00:33:58;24;3;3;4;4;0;3;2;0;0;1
2020-09-02 00:34:59;25;3;3;4;4;0;3;2;0;0;0
2020-09-02 00:35:59;25;3;3;4;4;0;3;2;0;0;0
2020-09-02 00:36:58;25;3;3;4;4;0;3;2;0;0;0
2020-09-02 00:37:59;25;3;3;4;4;0;3;2;0;0;0
2020-09-02 00:38:58;25;3;3;4;4;0;3;2;0;0;0
2020-09-02 00:39:59;25;3;3;4;4;0;3;2;0;0;0
2020-09-02 00:40:59;26;3;3;4;4;0;3;3;0;0;1
2020-09-02 00:42:00;26;3;3;4;4;0;3;3;0;0;1
2020-09-02 00:42:58;27;3;3;5;4;0;3;3;0;0;1
2020-09-02 00:43:59;27;3;3;5;4;0;3;3;0;0;1
2020-09-02 00:45:00;27;3;3;5;4;0;3;3;0;0;1
2020-09-02 00:45:58;27;3;3;5;4;0;3;3;0;0;1
2020-09-02 00:46:59;28;3;3;5;4;0;3;3;0;0;0
2020-09-02 00:47:58;28;3;3;5;4;0;3;3;0;0;1
2020-09-02 00:48:59;28;3;3;5;4;0;3;3;0;0;1
2020-09-02 00:49:59;28;3;3;5;4;0;3;3;0;0;1
2020-09-02 00:50:58;28;3;3;5;4;0;3;3;0;0;1
2020-09-02 00:51:59;28;3;3;5;4;0;3;3;0;0;1
2020-09-02 00:52:59;28;3;3;5;4;0;3;3;0;0;1
2020-09-02 00:54:00;28;3;3;5;4;0;3;3;0;0;0
2020-09-02 00:54:58;28;3;3;5;4;0;3;3;0;0;0
2020-09-02 00:55:59;28;3;3;5;4;0;3;3;0;0;0
2020-09-02 00:56:58;28;3;3;5;4;0;3;3;0;0;0
2020-09-02 00:57:59;28;3;3;5;4;0;3;3;0;0;0
2020-09-02 00:58:58;28;3;3;5;4;0;3;3;0;0;0
2020-09-02 00:59:59;28;3;3;5;4;0;3;3;0;0;0
2020-09-02 01:00:59;28;3;3;5;4;0;3;3;0;0;0
2020-09-02 01:01:58;28;3;3;5;4;0;3;3;0;0;0
2020-09-02 01:02:59;28;3;3;5;4;0;3;3;0;0;0
2020-09-02 01:03:59;28;3;3;5;4;0;3;3;0;0;0
2020-09-02 01:04:58;28;3;3;5;4;0;3;3;0;0;0
2020-09-02 01:05:59;28;3;3;5;4;0;3;3;0;0;0
2020-09-02 01:06:59;28;3;3;5;4;0;3;3;0;0;0
2020-09-02 01:07:58;29;4;3;5;4;0;3;3;0;0;0
2020-09-02 01:08:59;29;4;3;5;4;0;3;3;0;0;0
2020-09-02 01:09:59;29;4;3;5;4;0;3;3;0;0;0
2020-09-02 01:10:58;29;4;3;5;4;0;3;3;0;0;0
2020-09-02 01:11:59;29;4;3;5;4;0;3;3;0;0;0
2020-09-02 01:12:59;30;5;3;5;4;0;3;3;0;0;0
2020-09-02 01:13:58;30;5;3;5;4;0;3;3;0;0;0
2020-09-02 01:14:59;30;5;3;5;4;0;3;3;0;0;0
2020-09-02 01:15:59;31;6;3;5;4;0;3;3;0;0;0
2020-09-02 01:16:58;31;6;3;5;4;0;3;3;0;0;0
2020-09-02 01:17:59;31;6;3;5;4;0;3;3;0;0;0
2020-09-02 01:18:58;31;6;3;5;4;0;3;3;0;0;0
2020-09-02 01:19:59;31;6;3;5;4;0;3;3;0;0;0
2020-09-02 01:20:59;31;6;3;5;4;0;3;3;0;0;0
2020-09-02 01:21:58;31;6;3;5;4;0;3;3;0;0;0
2020-09-02 01:22:59;31;6;3;5;4;0;3;3;0;0;0
2020-09-02 01:23:59;31;6;3;5;4;0;3;3;0;0;0
2020-09-02 01:24:58;32;6;3;5;4;0;3;4;0;0;0
2020-09-02 01:25:59;33;6;3;5;4;0;3;4;0;0;0
2020-09-02 01:26:59;33;6;3;5;4;0;3;4;0;0;0
2020-09-02 01:27:58;33;6;3;5;4;0;3;4;0;0;0
2020-09-02 01:28:59;33;6;3;5;4;0;3;4;0;0;0
2020-09-02 01:29:59;33;6;3;5;4;0;3;4;0;0;0
2020-09-02 01:30:58;33;6;3;5;4;0;3;4;0;0;0
2020-09-02 01:31:59;33;6;3;5;4;0;3;4;0;0;0
2020-09-02 01:32:59;33;6;3;5;4;0;3;4;0;0;0
2020-09-02 01:33:58;34;6;3;5;4;0;3;4;0;0;0
2020-09-02 01:34:59;34;6;3;5;4;0;3;4;0;0;0
2020-09-02 01:35:58;34;6;3;5;4;0;3;4;0;0;0
2020-09-02 01:36:59;34;6;3;5;4;0;3;4;0;0;0
2020-09-02 01:37:59;34;6;3;5;4;0;3;4;0;0;0
2020-09-02 01:38:58;34;6;3;5;4;0;3;4;0;0;0
2020-09-02 01:39:59;34;6;3;5;4;0;3;4;0;0;0
2020-09-02 01:40:58;34;6;3;5;4;0;3;4;0;0;0
2020-09-02 01:41:59;34;6;3;5;4;0;3;4;0;0;0
2020-09-02 01:42:59;34;6;3;5;4;0;3;4;0;0;0
2020-09-02 01:43:58;34;6;3;5;4;0;3;4;0;0;0
2020-09-02 01:44:59;34;6;3;5;4;0;3;4;0;0;0
2020-09-02 01:45:58;34;6;3;5;4;0;3;4;0;0;0
2020-09-02 01:46:59;34;6;3;5;4;0;3;4;0;0;0
2020-09-02 01:47:59;34;6;3;5;4;0;3;4;0;0;0
2020-09-02 01:49:00;34;6;3;5;4;0;3;4;0;0;0
2020-09-02 01:49:58;34;6;3;5;4;0;3;4;0;0;0
2020-09-02 01:50:59;34;6;3;5;4;0;3;4;0;0;0
2020-09-02 01:51:58;34;6;3;5;4;0;3;4;0;0;0
2020-09-02 01:52:59;34;6;3;5;4;0;3;4;0;0;0
2020-09-02 01:53:59;34;6;3;5;4;0;3;4;0;0;0
2020-09-02 01:54:58;34;6;3;5;4;0;3;4;0;0;0
2020-09-02 01:55:59;34;6;3;5;4;0;3;4;0;0;0
2020-09-02 01:56:59;35;6;3;5;4;0;3;4;0;0;0
2020-09-02 01:57:58;36;6;4;5;4;0;3;4;0;0;0
2020-09-02 01:58:59;36;6;4;5;4;0;3;4;0;0;0
2020-09-02 01:59:59;36;6;4;5;4;0;3;4;0;0;0
2020-09-02 02:00:58;36;6;4;5;4;0;3;4;0;0;0
2020-09-02 02:01:59;37;6;4;5;4;0;4;4;0;0;0
2020-09-02 02:02:59;37;6;4;5;4;0;4;4;0;0;0
2020-09-02 02:03:58;37;6;4;5;4;0;4;4;0;0;0
2020-09-02 02:04:59;37;6;4;5;4;0;4;4;0;0;0
2020-09-02 02:05:59;37;6;4;5;4;0;4;4;0;0;0
2020-09-02 02:06:58;37;6;4;5;4;0;4;4;0;0;0
2020-09-02 02:07:59;37;6;4;5;4;0;4;4;0;0;0
2020-09-02 02:08:59;37;6;4;5;4;0;4;4;0;0;0
2020-09-02 02:09:58;37;6;4;5;4;0;4;4;0;0;0
2020-09-02 02:10:59;37;6;4;5;4;0;4;4;0;0;0
2020-09-02 02:11:59;37;6;4;5;4;0;4;4;0;0;0
2020-09-02 02:12:58;37;6;4;5;4;0;4;4;0;0;0
2020-09-02 02:13:59;37;6;4;5;4;0;4;4;0;0;0
2020-09-02 02:15:00;37;6;4;5;4;0;4;4;0;0;0
2020-09-02 02:15:58;37;6;4;5;4;0;4;4;0;0;0
2020-09-02 02:16:59;37;6;4;5;4;0;4;4;0;0;0
2020-09-02 02:17:58;37;6;4;5;4;0;4;4;0;0;0
2020-09-02 02:18:59;37;6;4;5;4;0;4;4;0;0;0
2020-09-02 02:19:59;37;6;4;5;4;0;4;4;0;0;0
2020-09-02 02:20:58;37;6;4;5;4;0;4;4;0;0;0
2020-09-02 02:21:59;37;6;4;5;4;0;4;4;0;0;0
2020-09-02 02:22:58;37;6;4;5;4;0;4;4;0;0;0
2020-09-02 02:23:59;37;6;4;5;4;0;4;4;0;0;0
2020-09-02 02:24:59;37;6;4;5;4;0;4;4;0;0;0
2020-09-02 02:25:58;37;6;4;5;4;0;4;4;0;0;0
2020-09-02 02:26:59;37;6;4;5;4;0;4;4;0;0;0
2020-09-02 02:27:59;37;6;4;5;4;0;4;4;0;0;0
2020-09-02 02:29:00;37;6;4;5;4;0;4;4;0;0;0
2020-09-02 02:29:58;37;6;4;5;4;0;4;4;0;0;0
2020-09-02 02:30:59;37;6;4;5;4;0;4;4;0;0;0
2020-09-02 02:31:59;37;6;4;5;4;0;4;4;0;0;0
2020-09-02 02:32:58;37;6;4;5;4;0;4;4;0;0;0
2020-09-02 02:33:59;37;6;4;5;4;0;4;4;0;0;0
2020-09-02 02:34:59;38;6;4;6;4;0;4;4;0;0;0
2020-09-02 02:35:58;38;6;4;6;4;0;4;4;0;0;0
2020-09-02 02:36:59;38;6;4;6;4;0;4;4;0;0;0
2020-09-02 02:37:58;38;6;4;6;4;0;4;4;0;0;0
2020-09-02 02:38:59;38;6;4;6;4;0;4;4;0;0;0
2020-09-02 02:39:59;38;6;4;6;4;0;4;4;0;0;0
2020-09-02 02:40:58;39;6;4;6;4;1;4;4;0;0;0
2020-09-02 02:41:59;39;6;4;6;4;1;4;4;0;0;0
2020-09-02 02:42:59;39;6;4;6;4;1;4;4;0;0;0
2020-09-02 02:43:58;39;6;4;6;4;1;4;4;0;0;0
2020-09-02 02:44:59;39;6;4;6;4;1;4;4;0;0;0
2020-09-02 02:45:59;39;6;4;6;4;1;4;4;0;0;0
2020-09-02 02:46:59;39;6;4;6;4;1;4;4;0;0;0
2020-09-02 02:47:59;39;6;4;6;4;1;4;4;0;0;0
2020-09-02 02:48:59;40;7;4;6;4;1;4;4;0;0;0
2020-09-02 02:49:58;40;7;4;6;4;1;4;4;0;0;0
2020-09-02 02:50:59;40;7;4;6;4;1;4;4;0;0;0
2020-09-02 02:51:59;40;7;4;6;4;1;4;4;0;0;0
2020-09-02 02:52:58;40;7;4;6;4;1;4;4;0;0;0
2020-09-02 02:53:59;40;7;4;6;4;1;4;4;0;0;0
2020-09-02 02:54:59;40;7;4;6;4;1;4;4;0;0;0
2020-09-02 02:55:58;40;7;4;6;4;1;4;4;0;0;0
2020-09-02 02:56:59;40;7;4;6;4;1;4;4;0;0;0
2020-09-02 02:58:00;40;7;4;6;4;1;4;4;0;0;0
2020-09-02 02:58:58;40;7;4;6;4;1;4;4;0;0;0
2020-09-02 02:59:59;41;7;4;7;4;1;4;4;0;0;0
2020-09-02 03:00:58;41;7;4;7;4;1;4;4;0;0;0
2020-09-02 03:01:58;41;7;4;7;4;1;4;4;0;0;0
2020-09-02 03:02:59;41;7;4;7;4;1;4;4;0;0;0
2020-09-02 03:03:58;41;7;4;7;4;1;4;4;0;0;0
2020-09-02 03:04:59;41;7;4;7;4;1;4;4;0;0;0
2020-09-02 03:05:59;41;7;4;7;4;1;4;4;0;0;0
2020-09-02 03:06:58;41;7;4;7;4;1;4;4;0;0;0
2020-09-02 03:07:59;41;7;4;7;4;1;4;4;0;0;0
2020-09-02 03:08:59;41;7;4;7;4;1;4;4;0;0;0
2020-09-02 03:09:58;41;7;4;7;4;1;4;4;0;0;0
2020-09-02 03:10:59;42;7;4;7;4;0;4;4;0;0;0
2020-09-02 03:11:59;42;7;4;7;4;0;4;4;0;0;0
2020-09-02 03:12:58;42;7;4;7;4;0;4;4;0;0;0
2020-09-02 03:13:59;42;7;4;7;4;0;4;4;0;0;0
2020-09-02 03:14:58;42;7;4;7;4;0;4;4;0;0;0
2020-09-02 03:15:59;42;7;4;7;4;0;4;4;0;0;0
2020-09-02 03:16:59;42;7;4;7;4;0;4;4;0;0;0
2020-09-02 03:17:58;42;7;4;7;4;0;4;4;0;0;0
2020-09-02 03:18:59;42;7;4;7;4;0;4;4;0;0;0
2020-09-02 03:19:59;43;7;4;8;4;0;4;4;0;0;0
2020-09-02 03:20:59;43;7;4;8;4;0;4;4;0;0;0
2020-09-02 03:21:58;43;7;4;8;4;0;4;4;0;0;0
2020-09-02 03:22:59;43;7;4;8;4;0;4;4;0;0;0
2020-09-02 03:23:58;45;7;4;8;4;1;4;4;0;0;0
2020-09-02 03:24:59;45;7;4;8;4;1;4;4;0;0;0
2020-09-02 03:25:59;45;7;4;8;4;1;4;4;0;0;0
2020-09-02 03:26:58;45;7;4;8;4;1;4;4;0;0;0
2020-09-02 03:27:59;45;7;4;8;4;1;4;4;0;0;0
2020-09-02 03:28:59;45;7;4;8;4;1;4;4;0;0;0
2020-09-02 03:29:58;45;7;4;8;4;1;4;4;0;0;0
2020-09-02 03:30:59;45;7;4;8;4;1;4;4;0;0;0
2020-09-02 03:31:59;45;7;4;8;4;1;4;4;0;0;0
2020-09-02 03:32:58;45;7;4;8;4;1;4;4;0;0;0
2020-09-02 03:33:59;45;7;4;8;4;1;4;4;0;0;0
2020-09-02 03:34:59;45;7;4;8;4;1;4;4;0;0;0
2020-09-02 03:35:58;45;7;4;8;4;1;4;4;0;0;0
2020-09-02 03:36:59;45;7;4;8;4;1;4;4;0;0;0
2020-09-02 03:37:59;45;7;4;8;4;1;4;4;0;0;0
2020-09-02 03:38:58;45;7;4;8;4;1;4;4;0;0;0
2020-09-02 03:39:59;45;7;4;8;4;1;4;4;0;0;0
2020-09-02 03:40:58;45;7;4;8;4;1;4;4;0;0;0
2020-09-02 03:41:59;45;7;4;8;4;1;4;4;0;0;0
2020-09-02 03:42:59;45;7;4;8;4;1;4;4;0;0;0
2020-09-02 03:43:58;45;7;4;8;4;1;4;4;0;0;0
2020-09-02 03:44:59;45;7;4;8;4;1;4;4;0;0;0
2020-09-02 03:45:59;45;7;4;8;4;1;4;4;0;0;0
2020-09-02 03:46:58;45;7;4;8;4;1;4;4;0;0;0
2020-09-02 03:47:59;45;7;4;8;4;1;4;4;0;0;0
2020-09-02 03:48:59;45;7;4;8;4;1;4;4;0;0;0
2020-09-02 03:49:58;45;7;4;8;4;1;4;4;0;0;0
2020-09-02 03:50:59;45;7;4;8;4;1;4;4;0;0;0
2020-09-02 03:51:59;45;7;4;8;4;1;4;4;0;0;0
2020-09-02 03:52:58;45;7;4;8;4;1;4;4;0;0;0
2020-09-02 03:53:59;45;7;4;8;4;1;4;4;0;0;0
2020-09-02 03:54:58;45;7;4;8;4;1;4;4;0;0;0
2020-09-02 03:55:59;45;7;4;8;4;1;4;4;0;0;0
2020-09-02 03:56:59;45;7;4;8;4;1;4;4;0;0;0
2020-09-02 03:57:58;45;7;4;8;4;1;4;4;0;0;0
2020-09-02 03:58:59;45;7;4;8;4;1;4;4;0;0;0
2020-09-02 03:59:59;45;7;4;8;4;1;4;4;0;0;0
2020-09-02 04:00:58;45;7;4;8;4;1;4;4;0;0;0
2020-09-02 04:01:59;45;7;4;8;4;1;4;4;0;0;0
2020-09-02 04:02:59;45;7;4;8;4;1;4;4;0;0;0
2020-09-02 04:03:58;45;7;4;8;4;1;4;4;0;0;0
2020-09-02 04:04:59;45;7;4;8;4;1;4;4;0;0;0
2020-09-02 04:05:59;45;7;4;8;4;1;4;4;0;0;0
2020-09-02 04:06:58;45;7;4;8;4;1;4;4;0;0;0
2020-09-02 04:07:59;46;7;4;9;4;1;4;4;0;0;0
2020-09-02 04:08:59;46;7;4;9;4;1;4;4;0;0;0
2020-09-02 04:09:58;46;7;4;9;4;1;4;4;0;0;0
2020-09-02 04:10:59;47;7;4;10;4;1;4;4;0;0;0
2020-09-02 04:11:59;47;7;4;10;4;1;4;4;0;0;0
2020-09-02 04:12:58;47;7;4;10;4;1;4;4;0;0;0
2020-09-02 04:13:59;47;7;4;10;4;1;4;4;0;0;0
2020-09-02 04:14:59;47;7;4;10;4;1;4;4;0;0;0
2020-09-02 04:15:58;47;7;4;10;4;1;4;4;0;0;0
2020-09-02 04:16:59;47;7;4;10;4;1;4;4;0;0;0
2020-09-02 04:17:59;47;7;4;10;4;1;4;4;0;0;0
2020-09-02 04:18:58;47;7;4;10;4;1;4;4;0;0;0
2020-09-02 04:19:59;47;7;4;10;4;1;4;4;0;0;0
2020-09-02 04:20:59;47;7;4;10;4;1;4;4;0;0;0
2020-09-02 04:21:58;47;7;4;10;4;1;4;4;0;0;0
2020-09-02 04:22:59;47;7;4;10;4;1;4;4;0;0;0
2020-09-02 04:23:58;47;7;4;10;4;1;4;4;0;0;0
2020-09-02 04:24:59;47;7;4;10;4;1;4;4;0;0;0
2020-09-02 04:25:59;47;7;4;10;4;1;4;4;0;0;0
2020-09-02 04:26:58;47;7;4;10;4;1;4;4;0;0;0
2020-09-02 04:27:59;47;7;4;10;4;1;4;4;0;0;0
2020-09-02 04:28:59;47;7;4;10;4;1;4;4;0;0;0
2020-09-02 04:29:58;47;7;4;10;4;1;4;4;0;0;0
2020-09-02 04:30:59;47;7;4;10;4;1;4;4;0;0;0
2020-09-02 04:31:59;47;7;4;10;4;1;4;4;0;0;0
2020-09-02 04:32:58;47;7;4;10;4;1;4;4;0;0;0
2020-09-02 04:33:59;47;7;4;10;4;1;4;4;0;0;0
2020-09-02 04:35:00;47;7;4;10;4;1;4;4;0;0;0
2020-09-02 04:35:58;47;7;4;10;4;1;4;4;0;0;0
2020-09-02 04:36:59;47;7;4;10;4;1;4;4;0;0;0
2020-09-02 04:37:58;47;7;4;10;4;1;4;4;0;0;0
2020-09-02 04:38:59;47;7;4;10;4;1;4;4;0;0;0
2020-09-02 04:39:59;47;7;4;10;4;1;4;4;0;0;0
2020-09-02 04:40:58;47;7;4;10;4;1;4;4;0;0;0
2020-09-02 04:41:59;47;7;4;10;4;1;4;4;0;0;0
2020-09-02 04:42:59;47;7;4;10;4;1;4;4;0;0;0
2020-09-02 04:43:58;47;7;4;10;4;1;4;4;0;0;0
2020-09-02 04:44:59;47;7;4;10;4;1;4;4;0;0;0
2020-09-02 04:45:59;47;7;4;10;4;1;4;4;0;0;0
2020-09-02 04:46:58;47;7;4;10;4;1;4;4;0;0;0
2020-09-02 04:47:59;47;7;4;10;4;1;4;4;0;0;0
2020-09-02 04:48:59;47;7;4;10;4;1;4;4;0;0;0
2020-09-02 04:49:58;47;7;4;10;4;1;4;4;0;0;0
2020-09-02 04:50:59;48;7;4;10;4;1;4;4;0;0;0
2020-09-02 04:51:59;48;7;4;10;4;1;4;4;0;0;0
2020-09-02 04:52:58;48;7;4;10;4;1;4;4;0;0;0
2020-09-02 04:53:59;48;7;4;10;4;1;4;4;0;0;0
2020-09-02 04:54:58;48;7;4;10;4;1;4;4;0;0;0
2020-09-02 04:55:59;48;7;4;10;4;1;4;4;0;0;0
2020-09-02 04:56:59;48;7;4;10;4;1;4;4;0;0;0
2020-09-02 04:57:58;48;7;4;10;4;1;4;4;0;0;0
2020-09-02 04:58:59;48;7;4;10;4;1;4;4;0;0;0
2020-09-02 04:59:58;48;7;4;10;4;1;4;4;0;0;0
2020-09-02 05:00:59;48;7;4;10;4;1;4;4;0;0;0
2020-09-02 05:01:59;48;7;4;10;4;1;4;4;0;0;0
2020-09-02 05:02:58;48;7;4;10;4;1;4;4;0;0;0
2020-09-02 05:03:59;48;7;4;10;4;1;4;4;0;0;0
2020-09-02 05:04:59;48;7;4;10;4;1;4;4;0;0;0
2020-09-02 05:05:58;48;7;4;10;4;1;4;4;0;0;0
2020-09-02 05:06:59;48;7;4;10;4;1;4;4;0;0;0
2020-09-02 05:08:00;48;7;4;10;4;1;4;4;0;0;0
2020-09-02 05:08:58;48;7;4;10;4;1;4;4;0;0;0
2020-09-02 05:09:59;48;7;4;10;4;1;4;4;0;0;0
2020-09-02 05:10:58;48;7;4;10;4;1;4;4;0;0;0
2020-09-02 05:11:59;48;7;4;10;4;1;4;4;0;0;0
2020-09-02 05:12:58;48;7;4;10;4;1;4;4;0;0;0
2020-09-02 05:13:59;48;7;4;10;4;1;4;4;0;0;0
2020-09-02 05:14:59;48;7;4;10;4;1;4;4;0;0;0
2020-09-02 05:15:58;48;7;4;10;4;1;4;4;0;0;0
2020-09-02 05:16:59;48;7;4;10;4;1;4;4;0;0;0
2020-09-02 05:17:59;48;7;4;10;4;1;4;4;0;0;0
2020-09-02 05:18:58;48;7;4;10;4;1;4;4;0;0;0
2020-09-02 05:19:59;48;7;4;10;4;1;4;4;0;0;0
2020-09-02 05:20:59;48;7;4;10;4;1;4;4;0;0;0
2020-09-02 05:21:58;48;7;4;10;4;1;4;4;0;0;0
2020-09-02 05:22:59;48;7;4;10;4;1;4;4;0;0;0
2020-09-02 05:23:58;48;7;4;10;4;1;4;4;0;0;0
2020-09-02 05:24:59;48;7;4;10;4;1;4;4;0;0;0
2020-09-02 05:25:59;48;7;4;10;4;1;4;4;0;0;0
2020-09-02 05:26:58;48;7;4;10;4;1;4;4;0;0;0
2020-09-02 05:27:59;48;7;4;10;4;1;4;4;0;0;0
2020-09-02 05:28:59;48;7;4;10;4;1;4;4;0;0;0
2020-09-02 05:29:58;48;7;4;10;4;1;4;4;0;0;0
2020-09-02 05:30:59;48;7;4;10;4;1;4;4;0;0;0
2020-09-02 05:31:59;48;7;4;10;4;1;4;4;0;0;0
2020-09-02 05:32:58;48;7;4;10;4;1;4;4;0;0;0
2020-09-02 05:33:59;48;7;4;10;4;1;4;4;0;0;0
2020-09-02 05:34:58;48;7;4;10;4;1;4;4;0;0;0
2020-09-02 05:35:59;48;7;4;10;4;1;4;4;0;0;0
2020-09-02 05:36:59;48;7;4;10;4;1;4;4;0;0;0
2020-09-02 05:37:58;48;7;4;10;4;1;4;4;0;0;0
2020-09-02 05:38:59;48;7;4;10;4;1;4;4;0;0;0
2020-09-02 05:39:59;48;7;4;10;4;1;4;4;0;0;0
2020-09-02 05:40:58;48;7;4;10;4;1;4;4;0;0;0
2020-09-02 05:41:59;48;7;4;10;4;1;4;4;0;0;0
2020-09-02 05:42:59;48;7;4;10;4;1;4;4;0;0;0
2020-09-02 05:43:58;48;7;4;10;4;1;4;4;0;0;0
2020-09-02 05:44:59;48;7;4;10;4;1;4;4;0;0;0
2020-09-02 05:46:00;48;7;4;10;4;1;4;4;0;0;0
2020-09-02 05:46:58;48;7;4;10;4;1;4;4;0;0;0
2020-09-02 05:47:59;48;7;4;10;4;1;4;4;0;0;0
2020-09-02 05:48:58;48;7;4;10;4;1;4;4;0;0;0
2020-09-02 05:49:59;48;7;4;10;4;1;4;4;0;0;0
2020-09-02 05:50:59;48;7;4;10;4;1;4;4;0;0;0
2020-09-02 05:51:58;48;7;4;10;4;1;4;4;0;0;0
2020-09-02 05:52:59;48;7;4;10;4;1;4;4;0;0;0
2020-09-02 05:53:59;48;7;4;10;4;1;4;4;0;0;0
2020-09-02 05:54:58;48;7;4;10;4;1;4;4;0;0;0
2020-09-02 05:55:59;48;7;4;10;4;1;4;4;0;0;0
2020-09-02 05:56:59;48;7;4;10;4;1;4;4;0;0;0
2020-09-02 05:57:58;48;7;4;10;4;1;4;4;0;0;0
2020-09-02 05:58:59;48;7;4;10;4;1;4;4;0;0;0
2020-09-02 05:59:59;48;7;4;10;4;1;4;4;0;0;0
2020-09-02 06:00:58;48;7;4;10;4;1;4;4;0;0;0
2020-09-02 06:01:59;48;7;4;10;4;1;4;4;0;0;0
2020-09-02 06:02:58;48;7;4;10;4;1;4;4;0;0;0
2020-09-02 06:03:59;48;7;4;10;4;1;4;4;0;0;0
2020-09-02 06:04:59;48;7;4;10;4;1;4;4;0;0;0
2020-09-02 06:05:58;48;7;4;10;4;1;4;4;0;0;0
2020-09-02 06:06:59;48;7;4;10;4;1;4;4;0;0;0
2020-09-02 06:07:59;48;7;4;10;4;1;4;4;0;0;0
2020-09-02 06:08:58;49;7;4;10;4;0;4;4;0;0;0
2020-09-02 06:09:59;49;7;4;10;4;0;4;4;0;0;0
2020-09-02 06:10:59;49;7;4;10;4;0;4;4;0;0;0
2020-09-02 06:11:58;50;8;4;10;4;0;4;4;0;0;0
2020-09-02 06:12:59;50;8;4;10;4;0;4;4;0;0;0
2020-09-02 06:13:59;50;8;4;10;4;0;4;4;0;0;0
2020-09-02 06:14:58;50;8;4;10;4;0;4;4;0;0;0
2020-09-02 06:15:59;51;8;4;11;4;0;4;4;0;0;0
2020-09-02 06:16:58;51;8;4;11;4;0;4;4;0;0;0
2020-09-02 06:17:59;52;8;4;11;4;2;4;4;0;0;0
2020-09-02 06:18:59;52;8;4;11;4;2;4;4;0;0;0
2020-09-02 06:19:58;52;8;4;11;4;2;4;4;0;0;0
2020-09-02 06:20:59;52;8;4;11;4;2;4;4;0;0;0
2020-09-02 06:21:59;52;8;4;11;4;2;4;4;0;0;0
2020-09-02 06:22:58;52;8;4;11;4;2;4;4;0;0;0
2020-09-02 06:23:59;52;8;4;11;4;2;4;4;0;0;0
2020-09-02 06:24:59;52;8;4;11;4;2;4;4;0;0;0
2020-09-02 06:25:58;52;8;4;11;4;2;4;4;0;0;0
2020-09-02 06:26:59;52;8;4;11;4;2;4;4;0;0;0
2020-09-02 06:27:59;52;8;4;11;4;2;4;4;0;0;0
2020-09-02 06:28:58;52;8;4;11;4;2;4;4;0;0;0
2020-09-02 06:29:59;52;8;4;11;4;2;4;4;0;0;0
2020-09-02 06:30:59;52;8;4;11;4;2;4;4;0;0;0
2020-09-02 06:31:58;52;8;4;11;4;2;4;4;0;0;0
2020-09-02 06:32:59;53;8;4;11;4;2;4;4;0;0;0
2020-09-02 06:33:59;53;8;4;11;4;2;4;4;0;0;0
2020-09-02 06:34:58;53;8;4;11;4;2;4;4;0;0;0
2020-09-02 06:35:59;53;8;4;11;4;2;4;4;0;0;0
2020-09-02 06:37:00;53;8;4;11;4;2;4;4;0;0;0
2020-09-02 06:37:58;53;8;4;11;4;2;4;4;0;0;0
2020-09-02 06:38:59;53;8;4;11;4;2;4;4;0;0;0
2020-09-02 06:39:58;53;8;4;11;4;2;4;4;0;0;0
2020-09-02 06:40:59;53;8;4;11;4;2;4;4;0;0;0
2020-09-02 06:41:59;53;8;4;11;4;2;4;4;0;0;0
2020-09-02 06:42:58;53;8;4;11;4;2;4;4;0;0;0
2020-09-02 06:43:59;53;8;4;11;4;2;4;4;0;0;0
2020-09-02 06:44:59;53;8;4;11;4;2;4;4;0;0;0
2020-09-02 06:45:58;53;8;4;11;4;2;4;4;0;0;0
2020-09-02 06:46:59;53;8;4;11;4;2;4;4;0;0;0
2020-09-02 06:47:59;53;8;4;11;4;2;4;4;0;0;0
2020-09-02 06:48:58;53;8;4;11;4;2;4;4;0;0;0
2020-09-02 06:49:59;53;8;4;11;4;2;4;4;0;0;0
2020-09-02 06:50:59;53;8;4;11;4;2;4;4;0;0;0
2020-09-02 06:51:58;53;8;4;11;4;2;4;4;0;0;0
2020-09-02 06:52:59;53;8;4;11;4;2;4;4;0;0;0
2020-09-02 06:53:59;54;8;4;12;4;2;4;4;0;0;0
2020-09-02 06:54:58;54;8;4;12;4;2;4;4;0;0;0
2020-09-02 06:55:59;54;8;4;12;4;2;4;4;0;0;0
2020-09-02 06:56:59;55;8;4;12;4;3;4;4;0;0;0
2020-09-02 06:57:58;55;8;4;12;4;3;4;4;0;0;0
2020-09-02 06:58:59;55;8;4;12;4;3;4;4;0;0;0
2020-09-02 06:59:58;55;8;4;12;4;3;4;4;0;0;0
2020-09-02 07:00:59;55;8;4;12;4;3;4;4;0;0;0
2020-09-02 07:01:59;55;8;4;12;4;3;4;4;0;0;0
2020-09-02 07:02:58;55;8;4;12;4;3;4;4;0;0;0
2020-09-02 07:03:59;55;8;4;12;4;3;4;4;0;0;0
2020-09-02 07:05:00;55;8;4;12;4;3;4;4;0;0;0
2020-09-02 07:05:58;55;8;4;12;4;3;4;4;0;0;0
2020-09-02 07:06:59;55;8;4;12;4;3;4;4;0;0;0
2020-09-02 07:07:59;55;8;4;12;4;3;4;4;0;0;0
2020-09-02 07:08:58;55;8;4;12;4;3;4;4;0;0;0
2020-09-02 07:09:59;55;8;4;12;4;3;4;4;0;0;0
2020-09-02 07:10:59;55;8;4;12;4;3;4;4;0;0;0
2020-09-02 07:11:58;56;8;4;12;4;3;5;4;0;0;0
2020-09-02 07:12:59;56;8;4;12;4;3;5;4;0;0;0
2020-09-02 07:13:59;57;8;4;12;4;4;5;4;0;0;0
2020-09-02 07:14:58;57;8;4;12;4;4;5;4;0;0;0
2020-09-02 07:15:59;57;8;4;12;4;4;5;4;0;0;0
2020-09-02 07:16:58;57;8;4;12;4;4;5;4;0;0;0
2020-09-02 07:17:59;57;8;4;12;4;4;5;4;0;0;0
2020-09-02 07:18:59;57;8;4;12;4;4;5;4;0;0;0
2020-09-02 07:19:58;57;8;4;12;4;4;5;4;0;0;0
2020-09-02 07:20:59;57;8;4;12;4;4;5;4;0;0;0
2020-09-02 07:21:59;58;8;4;13;4;4;5;4;0;0;0
2020-09-02 07:22:58;58;8;4;13;4;4;5;4;0;0;0
2020-09-02 07:23:59;58;8;4;13;4;4;5;4;0;0;0
2020-09-02 07:24:58;58;8;4;13;4;4;5;4;0;0;0
2020-09-02 07:25:59;58;8;4;13;4;4;5;4;0;0;0
2020-09-02 07:26:59;58;8;4;13;4;4;5;4;0;0;0
2020-09-02 07:27:58;58;8;4;13;4;4;5;4;0;0;0
2020-09-02 07:28:59;58;8;4;13;4;4;5;4;0;0;0
2020-09-02 07:29:59;58;8;4;13;4;4;5;4;0;0;0
2020-09-02 07:30:58;58;8;4;13;4;4;5;4;0;0;0
2020-09-02 07:31:59;59;9;4;13;4;4;5;4;0;0;0
2020-09-02 07:32:59;59;9;4;13;4;4;5;4;0;0;0
2020-09-02 07:33:58;59;9;4;13;4;4;5;4;0;0;0
2020-09-02 07:34:59;60;9;4;13;4;5;5;4;0;0;0
2020-09-02 07:35:59;60;9;4;13;4;5;5;4;0;0;0
2020-09-02 07:36:58;60;9;4;13;4;5;5;4;0;0;0
2020-09-02 07:37:59;60;9;4;13;4;5;5;4;0;0;0
2020-09-02 07:38:58;60;9;4;13;4;5;5;4;0;0;0
2020-09-02 07:39:59;60;9;4;13;4;5;5;4;0;0;0
2020-09-02 07:40:59;60;9;4;13;4;5;5;4;0;0;0
2020-09-02 07:41:58;60;9;4;13;4;5;5;4;0;0;0
2020-09-02 07:42:59;60;9;4;13;4;5;5;4;0;0;0
2020-09-02 07:43:59;60;9;4;13;4;5;5;4;0;0;0
2020-09-02 07:44:58;61;10;4;13;4;5;5;4;0;0;0
2020-09-02 07:45:59;61;10;4;13;4;5;5;4;0;0;0
2020-09-02 07:46:58;61;10;4;13;4;5;5;4;0;0;0
2020-09-02 07:47:59;62;10;4;14;4;5;5;4;0;0;0
2020-09-02 07:48:59;62;10;4;14;4;5;5;4;0;0;0
2020-09-02 07:49:58;62;10;4;14;4;5;5;4;0;0;0
2020-09-02 07:50:59;62;10;4;14;4;5;5;4;0;0;0
2020-09-02 07:51:59;62;10;4;14;4;5;5;4;0;0;0
2020-09-02 07:52:58;62;10;4;14;4;5;5;4;0;0;0
2020-09-02 07:53:59;62;10;4;14;4;5;5;4;0;0;0
2020-09-02 07:54:59;62;10;4;14;4;5;5;4;0;0;0
2020-09-02 07:55:58;62;10;4;14;4;5;5;4;0;0;0
2020-09-02 07:56:59;62;10;4;14;4;5;5;4;0;0;0
2020-09-02 07:57:58;62;10;4;14;4;5;5;4;0;0;0
2020-09-02 07:58:59;62;10;4;14;4;5;5;4;0;0;0
2020-09-02 07:59:58;62;10;4;14;4;5;5;4;0;0;0
2020-09-02 08:00:59;63;10;4;15;4;5;5;4;0;0;0
2020-09-02 08:01:58;63;10;4;14;4;5;6;4;0;0;0
2020-09-02 08:02:59;63;10;4;14;4;5;6;4;0;0;0
2020-09-02 08:03:59;63;10;4;14;4;5;6;4;0;0;0
2020-09-02 08:04:58;63;10;4;14;4;5;6;4;0;0;0
2020-09-02 08:05:59;63;10;4;14;4;5;6;4;0;0;0
2020-09-02 08:06:59;63;10;4;14;4;5;6;4;0;0;0
2020-09-02 08:07:58;63;10;4;14;4;5;6;4;0;0;0
2020-09-02 08:08:59;63;10;4;14;4;5;6;4;0;0;0
2020-09-02 08:09:59;63;10;4;14;4;5;6;4;0;0;0
2020-09-02 08:10:58;63;10;4;14;4;5;6;4;0;0;0
2020-09-02 08:11:59;63;10;4;14;4;5;6;4;0;0;0
2020-09-02 08:12:59;63;10;4;14;4;5;6;4;0;0;0
2020-09-02 08:13:58;63;10;4;14;4;5;6;4;0;0;0
2020-09-02 08:14:59;63;10;4;14;4;5;6;4;0;0;0
2020-09-02 08:15:58;63;10;4;14;4;5;6;4;0;0;0
2020-09-02 08:16:59;63;10;4;14;4;5;6;4;0;0;0
2020-09-02 08:17:59;64;10;4;14;4;5;7;4;0;0;0
2020-09-02 08:18:58;65;10;5;14;4;5;7;4;0;0;0
2020-09-02 08:19:59;65;10;5;14;4;5;7;4;0;0;0
2020-09-02 08:20:59;65;10;5;14;4;5;7;4;0;0;0
2020-09-02 08:21:58;66;11;5;14;4;5;7;4;0;0;0
2020-09-02 08:22:59;66;11;5;14;4;5;7;4;0;0;0
2020-09-02 08:23:59;66;11;5;14;4;5;7;4;0;0;0
2020-09-02 08:24:58;66;11;5;14;4;5;7;4;0;0;0
2020-09-02 08:25:59;66;11;5;14;4;5;7;4;0;0;0
2020-09-02 08:26:59;66;11;5;14;4;5;7;4;0;0;0
2020-09-02 08:27:58;66;11;5;14;4;5;7;4;0;0;0
2020-09-02 08:28:59;67;11;5;15;4;5;7;4;0;0;0
2020-09-02 08:29:59;67;11;5;15;4;5;7;4;0;0;0
2020-09-02 08:30:58;67;11;5;15;4;5;7;4;0;0;0
2020-09-02 08:31:59;67;11;5;15;4;5;7;4;0;0;0
2020-09-02 08:32:58;67;11;5;15;4;5;7;4;0;0;0
2020-09-02 08:33:59;67;11;5;15;4;5;7;4;0;0;0
2020-09-02 08:34:59;67;11;5;15;4;5;7;4;0;0;0
2020-09-02 08:35:58;67;11;5;15;4;5;7;4;0;0;0
2020-09-02 08:36:59;67;11;5;15;4;5;7;4;0;0;0
2020-09-02 08:37:59;67;11;5;15;4;5;7;4;0;0;0
2020-09-02 08:38:58;68;11;5;15;4;5;7;4;0;0;1
2020-09-02 08:39:59;68;11;5;15;4;5;7;4;0;0;1
2020-09-02 08:40:59;68;11;5;15;4;5;7;4;0;0;1
2020-09-02 08:41:58;68;11;5;15;4;5;7;4;0;0;1
2020-09-02 08:42:59;69;11;5;15;4;6;7;4;0;0;1
2020-09-02 08:43:59;69;11;5;15;4;6;7;4;0;0;1
2020-09-02 08:44:58;69;11;5;15;4;6;7;4;0;0;1
2020-09-02 08:45:59;69;11;5;15;4;6;7;4;0;0;1
2020-09-02 08:46:58;69;11;5;15;4;6;7;4;0;0;1
2020-09-02 08:47:59;69;11;5;15;4;6;7;4;0;0;1
2020-09-02 08:48:59;69;11;5;15;4;6;7;4;0;0;1
2020-09-02 08:50:00;69;11;5;15;4;6;7;4;0;0;1
2020-09-02 08:50:58;70;11;5;15;4;6;8;4;0;0;1
2020-09-02 08:51:59;71;11;6;15;4;6;8;4;0;0;1
2020-09-02 08:52:59;71;11;6;15;4;6;8;4;0;0;1
2020-09-02 08:53:58;71;11;6;15;4;6;8;4;0;0;1
2020-09-02 08:54:59;71;11;6;15;4;6;8;4;0;0;1
2020-09-02 08:55:58;71;11;6;15;4;6;8;4;0;0;1
2020-09-02 08:56:59;73;12;6;15;4;7;8;4;0;0;1
2020-09-02 08:57:59;73;12;6;15;4;7;8;4;0;0;1
2020-09-02 08:58:58;73;12;6;15;4;7;8;4;0;0;1
2020-09-02 08:59:59;73;12;6;15;4;7;8;4;0;0;1
2020-09-02 09:00:58;73;12;6;15;4;7;8;4;0;0;1
2020-09-02 09:01:59;73;12;6;15;4;7;8;4;0;0;1
2020-09-02 09:02:59;73;12;6;15;4;7;8;4;0;0;1
2020-09-02 09:03:58;73;12;6;15;4;7;8;4;0;0;1
2020-09-02 09:04:59;73;12;6;15;4;7;8;4;0;0;1
2020-09-02 09:05:59;74;12;6;16;4;7;8;4;0;0;1
2020-09-02 09:06:58;74;12;6;16;4;7;8;4;0;0;1
2020-09-02 09:07:59;74;12;6;16;4;7;8;4;0;0;1
2020-09-02 09:08:59;74;12;6;16;4;7;8;4;0;0;1
2020-09-02 09:09:58;74;12;6;16;4;7;8;4;0;0;1
2020-09-02 09:10:59;74;12;6;16;4;7;8;4;0;0;1
2020-09-02 09:11:59;75;12;6;16;4;7;8;4;0;0;1
2020-09-02 09:12:58;76;12;6;16;4;8;8;4;0;0;1
2020-09-02 09:13:59;76;12;6;16;4;8;8;4;0;0;1
2020-09-02 09:14:58;77;13;6;16;4;8;8;4;0;0;1
2020-09-02 09:15:59;78;13;6;16;4;8;9;4;0;0;1
2020-09-02 09:16:59;79;13;7;16;4;8;9;4;0;0;1
2020-09-02 09:17:59;79;13;7;16;4;8;9;4;0;0;1
2020-09-02 09:18:58;79;13;7;16;4;8;9;4;0;0;1
2020-09-02 09:19:59;79;13;7;16;4;8;9;4;0;0;1
2020-09-02 09:20:59;79;13;7;16;4;8;9;4;0;0;1
2020-09-02 09:21:58;79;13;7;16;4;8;9;4;0;0;1
2020-09-02 09:22:59;80;13;8;16;4;8;9;4;0;0;1
2020-09-02 09:23:59;80;13;8;16;4;8;9;4;0;0;1
2020-09-02 09:24:58;80;13;8;16;4;8;9;4;0;0;1
2020-09-02 09:25:59;81;13;8;17;4;8;9;4;0;0;1
2020-09-02 09:26:59;83;15;8;17;4;8;9;4;0;0;1
2020-09-02 09:27:58;83;15;8;17;4;8;9;4;0;0;1
2020-09-02 09:28:59;83;15;8;17;4;8;9;4;0;0;1
2020-09-02 09:29:59;83;15;8;17;4;8;9;4;0;0;1
2020-09-02 09:30:58;83;15;8;17;4;8;9;4;0;0;1
2020-09-02 09:31:59;83;15;8;17;4;8;9;4;0;0;1
2020-09-02 09:32:58;84;15;9;17;4;8;9;4;0;0;1
2020-09-02 09:33:59;84;15;9;17;4;8;9;4;0;0;1
2020-09-02 09:34:59;84;15;9;17;4;8;9;4;0;0;1
2020-09-02 09:35:58;84;15;9;17;4;8;9;4;0;0;1
2020-09-02 09:36:59;84;15;9;17;4;8;9;4;0;0;1
2020-09-02 09:37:59;84;15;9;17;4;8;9;4;0;0;1
2020-09-02 09:38:58;84;15;9;17;4;8;9;4;0;0;1
2020-09-02 09:39:59;84;15;9;17;5;8;9;4;0;0;1
2020-09-02 09:40:59;87;16;9;17;5;8;9;4;0;0;1
2020-09-02 09:41:58;88;16;9;18;5;8;9;4;0;0;1
2020-09-02 09:42:59;89;16;9;18;5;8;9;4;2;0;1
2020-09-02 09:43:59;89;16;9;18;5;8;9;4;2;0;1
2020-09-02 09:44:58;89;16;9;18;5;8;9;4;2;0;1
2020-09-02 09:45:59;91;16;9;18;6;8;9;4;2;0;1
2020-09-02 09:46:59;91;16;9;18;6;8;9;4;2;0;1
2020-09-02 09:47:58;91;16;9;18;6;8;9;4;2;0;1
2020-09-02 09:48:59;91;16;9;18;6;8;9;4;2;0;1
2020-09-02 09:49:59;92;17;9;18;6;8;9;4;2;0;1
2020-09-02 09:50:58;92;17;9;18;6;8;9;4;2;0;1
2020-09-02 09:51:59;93;17;9;18;6;8;9;4;2;0;2
2020-09-02 09:52:59;93;17;9;18;6;8;9;4;2;0;2
2020-09-02 09:53:58;93;17;9;18;6;8;9;4;2;0;2
2020-09-02 09:54:59;93;17;9;18;6;8;9;4;2;0;2
2020-09-02 09:55:59;93;17;9;18;6;8;9;4;2;0;2
2020-09-02 09:56:58;93;17;9;18;6;8;9;4;2;0;2
2020-09-02 09:57:59;94;18;9;18;6;8;9;4;2;0;2
2020-09-02 09:58:59;94;18;9;18;6;8;9;4;2;0;2
2020-09-02 09:59:58;95;19;9;18;6;8;9;4;2;0;2
2020-09-02 10:00:59;96;20;9;18;6;8;9;4;2;0;2
2020-09-02 10:01:58;96;20;9;18;6;8;9;4;2;0;2
2020-09-02 10:02:59;96;20;9;18;6;8;9;4;2;0;2
2020-09-02 10:03:59;96;20;9;18;6;8;9;4;2;0;2
2020-09-02 10:04:58;97;20;9;19;6;8;9;4;2;0;2
2020-09-02 10:05:59;97;20;9;19;6;8;9;4;2;0;2
2020-09-02 10:06:59;97;20;9;19;6;8;9;4;2;0;2
2020-09-02 10:07:58;97;20;9;19;6;8;9;4;2;0;2
2020-09-02 10:08:59;97;20;9;19;6;8;9;4;2;0;2
2020-09-02 10:09:59;97;20;9;19;6;8;9;4;2;0;2
2020-09-02 10:10:58;97;20;9;19;6;8;9;4;2;0;2
2020-09-02 10:11:59;97;20;9;19;6;8;9;4;2;0;2
2020-09-02 10:12:59;97;20;9;19;6;8;9;4;2;0;2
2020-09-02 10:13:58;97;20;9;19;6;8;9;4;2;0;2
2020-09-02 10:14:59;98;20;10;19;6;8;9;4;2;0;2
2020-09-02 10:15:59;98;20;10;19;6;8;9;4;2;0;2
2020-09-02 10:16:58;98;20;10;19;6;8;9;4;2;0;2
2020-09-02 10:17:59;98;20;10;19;6;8;9;4;2;0;2
2020-09-02 10:18:58;100;21;11;19;6;8;9;4;2;0;2
2020-09-02 10:19:59;100;21;11;19;6;8;9;4;2;0;2
2020-09-02 10:20:59;100;21;11;19;6;8;9;4;2;0;2
2020-09-02 10:21:58;100;21;11;19;6;8;9;4;2;0;2
2020-09-02 10:22:59;100;21;11;19;6;8;9;4;2;0;2
2020-09-02 10:23:59;100;21;11;19;6;8;9;4;2;0;2
2020-09-02 10:24:58;100;21;11;19;6;8;9;4;2;0;2
2020-09-02 10:25:59;101;21;11;19;6;9;9;4;2;0;2
2020-09-02 10:26:58;101;21;11;19;6;9;9;4;2;0;2
2020-09-02 10:27:59;101;21;11;19;6;9;9;4;2;0;2
2020-09-02 10:28:59;101;21;11;19;6;9;9;4;2;0;2
2020-09-02 10:30:00;101;21;11;19;6;9;9;4;2;0;2
2020-09-02 10:30:58;102;21;11;19;7;9;9;4;2;0;2
2020-09-02 10:31:59;102;21;11;19;7;9;9;4;2;0;2
2020-09-02 10:32:58;102;21;11;19;7;9;9;4;2;0;2
2020-09-02 10:33:59;102;21;11;19;7;9;9;4;2;0;2
2020-09-02 10:34:59;102;21;11;19;7;9;9;4;2;0;2
2020-09-02 10:36:00;103;21;11;19;7;9;9;4;2;0;2
2020-09-02 10:36:58;104;22;11;19;7;9;9;4;2;0;2
2020-09-02 10:37:59;104;22;11;19;7;9;9;4;2;0;2
2020-09-02 10:38:58;105;22;11;20;7;9;9;4;2;0;2
2020-09-02 10:39:59;105;22;11;20;7;9;9;4;2;0;2
2020-09-02 10:40:59;105;22;11;20;7;9;9;4;2;0;2
2020-09-02 10:41:58;105;22;11;20;7;9;9;4;2;0;2
2020-09-02 10:42:59;105;22;11;20;7;9;9;4;2;0;2
2020-09-02 10:43:59;105;22;11;20;7;9;9;4;2;0;2
2020-09-02 10:44:58;105;22;11;20;7;9;9;4;2;0;2
2020-09-02 10:45:59;105;22;11;20;7;9;9;4;2;0;2
2020-09-02 10:46:59;105;22;11;20;7;9;9;4;2;0;2
2020-09-02 10:47:58;106;23;11;20;7;9;9;4;2;0;2
2020-09-02 10:48:59;106;23;11;21;7;9;8;4;2;0;2
2020-09-02 10:49:59;106;23;11;21;7;9;8;4;2;0;2
2020-09-02 10:50:58;106;23;11;21;7;9;8;4;2;0;2
2020-09-02 10:51:59;106;23;11;21;7;9;8;4;2;0;2
2020-09-02 10:52:59;106;23;11;21;7;9;8;4;2;0;2
2020-09-02 10:53:58;106;23;11;21;7;9;8;4;2;0;2
2020-09-02 10:54:59;106;23;11;21;7;9;8;4;2;0;2
2020-09-02 10:55:59;106;23;11;21;7;9;8;4;2;0;2
2020-09-02 10:56:58;107;24;11;21;7;9;8;4;2;0;2
2020-09-02 10:57:59;107;24;11;21;7;9;8;4;2;0;2
2020-09-02 10:58:59;107;24;11;21;7;9;8;4;2;0;2
2020-09-02 10:59:58;108;24;11;21;7;9;8;4;3;0;2
2020-09-02 11:00:59;108;24;11;21;7;9;8;4;3;0;2
2020-09-02 11:01:58;108;24;11;21;7;9;8;4;3;0;2
2020-09-02 11:02:59;108;24;11;21;7;9;8;4;3;0;2
2020-09-02 11:03:59;108;24;11;21;7;9;8;4;3;0;2
2020-09-02 11:04:58;108;24;11;21;7;9;8;4;3;0;2
2020-09-02 11:05:59;109;25;11;21;7;9;8;4;3;0;2
2020-09-02 11:06:59;109;25;11;21;7;9;8;4;3;0;2
2020-09-02 11:07:58;109;25;11;21;7;9;8;4;3;0;2
2020-09-02 11:08:59;109;25;11;21;7;9;8;4;3;0;2
2020-09-02 11:09:59;109;25;11;21;7;9;8;4;3;0;2
2020-09-02 11:10:58;109;25;11;21;7;9;8;4;3;0;2
2020-09-02 11:11:59;110;26;11;21;7;9;8;4;3;0;2
2020-09-02 11:12:59;111;27;11;21;7;9;8;4;3;0;2
2020-09-02 11:13:58;111;27;11;21;7;9;8;4;3;0;2
2020-09-02 11:14:59;111;27;11;21;7;9;8;4;3;0;2
2020-09-02 11:15:59;111;27;11;21;7;9;8;4;3;0;2
2020-09-02 11:16:58;111;27;11;21;7;9;8;4;3;0;2
2020-09-02 11:17:59;111;27;11;21;7;9;8;4;3;0;2
2020-09-02 11:18:59;111;27;11;21;7;9;8;4;3;0;2
2020-09-02 11:20:00;111;27;11;21;7;9;8;4;3;0;2
2020-09-02 11:20:58;112;27;11;21;8;9;8;4;3;0;2
2020-09-02 11:21:59;112;27;11;21;8;9;8;4;3;0;2
2020-09-02 11:22:59;112;27;11;21;8;9;8;4;3;0;2
2020-09-02 11:23:58;112;27;11;21;8;9;8;4;3;0;2
2020-09-02 11:24:59;113;28;11;21;8;9;8;4;3;0;2
2020-09-02 11:25:59;113;28;11;21;8;9;8;4;3;0;2
2020-09-02 11:26:58;115;29;11;21;8;9;8;4;3;0;3
2020-09-02 11:27:59;115;30;11;21;8;9;8;4;3;0;3
2020-09-02 11:28:59;115;30;11;21;8;9;8;4;3;0;3
2020-09-02 11:29:58;115;30;11;21;8;9;8;4;3;0;3
2020-09-02 11:30:59;115;30;11;21;8;9;8;4;3;0;3
2020-09-02 11:31:58;117;31;12;21;8;9;8;4;3;0;3
2020-09-02 11:32:59;117;31;12;21;8;9;8;4;3;0;3
2020-09-02 11:33:59;117;31;12;21;8;9;8;4;3;0;3
2020-09-02 11:34:58;117;31;12;21;8;9;8;4;3;0;3
2020-09-02 11:35:59;117;31;12;21;8;9;8;4;3;0;3
2020-09-02 11:36:59;117;31;12;21;8;9;8;4;3;0;3
2020-09-02 11:37:58;117;31;12;21;8;9;8;4;3;0;3
2020-09-02 11:38:59;117;31;12;21;8;9;8;4;3;0;3
2020-09-02 11:39:59;117;31;12;21;8;9;8;4;3;0;3
2020-09-02 11:40:58;117;31;12;21;8;9;8;4;3;0;3
2020-09-02 11:41:59;117;31;12;22;7;9;8;4;3;0;3
2020-09-02 11:42:59;117;31;12;22;7;9;8;4;3;0;3
2020-09-02 11:43:58;119;31;12;23;7;9;8;4;3;0;3
2020-09-02 11:44:59;120;32;12;23;7;9;8;4;3;0;3
2020-09-02 11:45:59;121;33;12;23;7;9;8;4;3;0;3
2020-09-02 11:46:58;122;34;12;23;7;9;8;4;3;0;3
2020-09-02 11:47:59;123;34;12;23;7;10;8;4;3;0;3
2020-09-02 11:48:59;123;34;12;23;7;10;8;4;3;0;3
2020-09-02 11:49:58;123;34;12;23;7;10;8;4;3;0;3
2020-09-02 11:50:59;124;35;12;23;7;10;8;4;3;0;3
2020-09-02 11:51:59;124;35;12;23;7;10;8;4;3;0;3
2020-09-02 11:52:58;124;35;12;23;7;10;8;4;3;0;3
2020-09-02 11:53:59;124;35;12;23;7;10;8;4;3;0;3
2020-09-02 11:54:59;124;35;12;23;7;10;8;4;3;0;3
2020-09-02 11:55:58;125;36;12;23;7;10;8;4;3;0;3
2020-09-02 11:56:59;125;36;12;23;7;10;8;4;3;0;3
2020-09-02 11:57:59;125;36;12;23;7;10;8;4;3;0;3
2020-09-02 11:58:58;125;36;12;23;7;10;8;4;3;0;3
2020-09-02 11:59:59;125;36;12;23;7;10;8;4;3;0;3
2020-09-02 12:00:58;125;36;12;23;7;10;8;4;3;0;3
2020-09-02 12:01:59;125;36;12;23;7;10;8;4;3;0;3
2020-09-02 12:02:59;126;37;12;23;7;10;8;4;3;0;3
2020-09-02 12:03:58;126;37;12;23;7;10;8;4;3;0;3
2020-09-02 12:04:59;127;37;12;23;7;10;8;5;3;0;3
2020-09-02 12:06:00;127;37;12;23;7;10;8;5;3;0;3
2020-09-02 12:06:58;127;37;12;23;7;10;8;5;3;0;3
2020-09-02 12:07:59;127;37;12;23;7;10;8;5;3;0;3
2020-09-02 12:08:58;127;37;12;23;7;10;8;5;3;0;3
2020-09-02 12:09:59;127;37;12;23;7;10;8;5;3;0;3
2020-09-02 12:10:59;127;37;12;23;7;10;8;5;3;0;3
2020-09-02 12:11:58;128;37;13;23;7;10;8;5;3;0;3
2020-09-02 12:12:59;128;37;13;23;7;10;8;5;3;0;3
2020-09-02 12:13:59;128;37;13;23;7;10;8;5;3;0;3
2020-09-02 12:14:58;129;38;13;23;7;10;8;5;3;0;3
2020-09-02 12:15:59;129;38;13;23;7;10;8;5;3;0;3
2020-09-02 12:16:59;129;38;13;23;7;10;8;5;3;0;3
2020-09-02 12:17:58;129;38;13;23;7;10;8;5;3;0;3
2020-09-02 12:18:59;129;38;13;23;7;10;8;5;3;0;3
2020-09-02 12:19:58;130;38;13;24;7;10;8;5;3;0;3
2020-09-02 12:20:59;130;38;13;24;7;10;8;5;3;0;3
2020-09-02 12:21:59;130;38;13;24;7;10;8;5;3;0;3
2020-09-02 12:22:58;131;38;13;24;7;10;8;5;3;0;3
2020-09-02 12:23:59;131;38;13;24;7;10;8;5;3;0;3
2020-09-02 12:24:59;132;38;13;24;7;10;8;5;3;0;3
2020-09-02 12:25:58;133;38;13;25;7;10;8;5;3;0;3
2020-09-02 12:26:59;133;38;13;25;7;10;8;5;3;0;3
2020-09-02 12:27:59;133;38;13;25;7;10;8;5;3;0;3
2020-09-02 12:28:58;133;38;13;25;7;10;8;5;3;0;3
2020-09-02 12:29:59;134;38;13;26;7;10;8;5;3;0;3
2020-09-02 12:30:59;134;38;13;26;7;10;8;5;3;0;3
2020-09-02 12:31:58;134;38;13;26;7;10;8;5;3;0;3
2020-09-02 12:32:59;134;38;13;26;7;10;8;5;3;0;3
2020-09-02 12:33:59;135;39;13;26;7;10;8;5;3;0;3
2020-09-02 12:34:58;135;39;13;26;7;10;8;5;3;0;3
2020-09-02 12:35:59;135;39;13;26;7;10;8;5;3;0;3
2020-09-02 12:36:59;135;39;13;26;7;10;8;5;3;0;3
2020-09-02 12:37:58;135;39;13;26;7;10;8;5;3;0;3
2020-09-02 12:38:59;135;39;13;26;7;10;8;5;3;0;3
2020-09-02 12:39:59;135;39;13;26;7;10;8;5;3;0;3
2020-09-02 12:40:58;135;39;13;26;7;10;8;5;3;0;3
2020-09-02 12:41:59;135;39;13;26;7;10;8;5;3;0;3
2020-09-02 12:42:59;136;39;13;26;8;10;8;5;3;0;3
2020-09-02 12:43:58;136;39;13;26;8;10;8;5;3;0;3
2020-09-02 12:44:59;136;39;13;26;8;10;8;5;3;0;3
2020-09-02 12:45:59;136;39;13;26;8;10;8;5;3;0;3
2020-09-02 12:46:58;136;39;13;26;8;10;8;5;3;0;3
2020-09-02 12:47:59;136;39;13;26;8;10;8;5;3;0;3
2020-09-02 12:48:59;136;39;13;26;8;10;8;5;3;0;3
2020-09-02 12:49:58;136;39;13;26;8;10;8;5;3;0;3
2020-09-02 12:50:59;136;39;13;26;8;10;8;5;3;0;3
2020-09-02 12:51:59;137;40;13;26;8;10;8;5;3;0;3
2020-09-02 12:52:58;137;40;13;26;8;10;8;5;3;0;3
2020-09-02 12:53:59;137;40;13;26;8;10;8;5;3;0;3
2020-09-02 12:54:59;137;40;13;26;8;10;8;5;3;0;3
2020-09-02 12:55:58;137;40;13;26;8;10;8;5;3;0;3
2020-09-02 12:56:59;137;40;13;26;8;10;8;5;3;0;3
2020-09-02 12:57:59;137;40;13;26;8;10;8;5;3;0;3
2020-09-02 12:58:58;137;40;13;26;8;10;8;5;3;0;3
2020-09-02 12:59:59;137;40;13;26;8;10;8;5;3;0;3
2020-09-02 13:00:58;137;40;13;26;8;10;8;5;3;0;3
2020-09-02 13:01:59;137;40;13;26;8;10;8;5;3;0;3
2020-09-02 13:02:59;138;41;13;26;8;10;8;5;3;0;3
2020-09-02 13:03:58;138;41;13;26;8;10;8;5;3;0;3
2020-09-02 13:04:59;138;41;13;26;8;10;8;5;3;0;3
2020-09-02 13:05:59;138;41;13;26;8;10;8;5;3;0;3
2020-09-02 13:06:58;138;41;13;26;8;10;8;5;3;0;3
2020-09-02 13:07:59;138;41;13;26;8;10;8;5;3;0;3
2020-09-02 13:08:59;138;41;13;26;8;10;8;5;3;0;3
2020-09-02 13:09:58;138;41;13;26;8;10;8;5;3;0;3
2020-09-02 13:10:59;138;41;13;26;8;10;8;5;3;0;3
2020-09-02 13:11:59;138;41;13;26;8;10;8;5;3;0;3
2020-09-02 13:12:58;138;41;13;26;8;10;8;5;3;0;3
2020-09-02 13:13:59;138;41;13;26;8;10;8;5;3;0;3
2020-09-02 13:14:59;138;41;13;26;8;10;8;5;3;0;3
2020-09-02 13:15:58;138;41;13;26;8;10;8;5;3;0;3
2020-09-02 13:16:59;138;41;13;26;8;10;8;5;3;0;3
2020-09-02 13:17:59;138;41;13;26;8;10;8;5;3;0;3
2020-09-02 13:18:58;138;41;13;26;8;10;8;5;3;0;3
2020-09-02 13:19:59;139;42;13;26;8;10;8;5;3;0;3
2020-09-02 13:20:59;139;42;13;26;8;10;8;5;3;0;3
2020-09-02 13:21:58;139;42;13;26;8;10;8;5;3;0;3
2020-09-02 13:22:59;139;42;13;26;8;10;8;5;3;0;3
2020-09-02 13:23:59;139;42;13;26;8;10;8;5;3;0;3
2020-09-02 13:24:58;139;42;13;25;9;10;8;5;3;0;3
2020-09-02 13:25:59;139;42;13;25;9;10;8;5;3;0;3
2020-09-02 13:26:59;139;42;13;25;9;10;8;5;3;0;3
2020-09-02 13:27:58;139;42;13;25;9;10;8;5;3;0;3
2020-09-02 13:28:59;139;42;13;25;9;10;8;5;3;0;3
2020-09-02 13:30:00;139;42;13;25;9;10;8;5;3;0;3
2020-09-02 13:30:58;139;42;13;25;9;10;8;5;3;0;3
2020-09-02 13:31:59;139;42;13;25;9;10;8;5;3;0;3
2020-09-02 13:32:58;139;42;13;25;9;10;8;5;3;0;3
2020-09-02 13:33:59;139;42;13;25;9;10;8;5;3;0;3
2020-09-02 13:34:59;139;42;13;25;9;10;8;5;3;0;3
2020-09-02 13:35:59;139;42;13;25;9;10;8;5;3;0;3
2020-09-02 13:36:59;139;42;13;25;9;10;8;5;3;0;3
2020-09-02 13:37:59;139;42;13;25;9;10;8;5;3;0;3
2020-09-02 13:38:59;140;42;14;25;9;10;8;5;3;0;3
2020-09-02 13:39:58;140;42;14;25;9;10;8;5;3;0;3
2020-09-02 13:40:59;140;42;14;25;9;10;8;5;3;0;3
2020-09-02 13:41:59;140;42;14;25;9;10;8;5;3;0;3
2020-09-02 13:42:58;141;42;14;25;10;10;8;5;3;0;3
2020-09-02 13:43:59;141;42;14;25;10;10;8;5;3;0;3
2020-09-02 13:44:59;141;42;14;25;10;10;8;5;3;0;3
2020-09-02 13:45:58;142;43;14;25;10;10;8;5;3;0;3
2020-09-02 13:46:59;142;43;14;25;10;10;8;5;3;0;3
2020-09-02 13:47:58;142;43;14;25;10;10;8;5;3;0;3
2020-09-02 13:48:59;142;43;14;25;10;10;8;5;3;0;3
2020-09-02 13:49:58;142;43;14;25;10;10;8;5;3;0;3
2020-09-02 13:50:59;142;43;14;25;10;10;8;5;3;0;3
2020-09-02 13:51:58;142;43;14;25;10;10;8;5;3;0;3
2020-09-02 13:52:59;142;43;14;25;10;10;8;5;3;0;3
2020-09-02 13:53:59;142;43;14;25;10;10;8;5;3;0;3
2020-09-02 13:54:58;142;43;14;25;10;10;8;5;3;0;3
2020-09-02 13:55:59;142;43;14;25;10;10;8;5;3;0;3
2020-09-02 13:56:59;142;43;14;25;10;10;8;5;3;0;3
2020-09-02 13:57:58;142;43;14;25;10;10;8;5;3;0;3
2020-09-02 13:58:59;142;43;14;25;10;10;8;5;3;0;3
2020-09-02 13:59:58;143;43;14;26;10;10;8;5;3;0;3
2020-09-02 14:00:59;143;43;14;26;10;10;8;5;3;0;3
2020-09-02 14:01:59;143;43;14;26;10;10;8;5;3;0;3
2020-09-02 14:02:58;143;43;14;26;10;10;8;5;3;0;3
2020-09-02 14:03:59;143;43;14;26;10;10;8;5;3;0;3
2020-09-02 14:04:59;143;43;14;26;10;10;8;5;3;0;3
2020-09-02 14:05:58;143;43;14;26;10;10;8;5;3;0;3
2020-09-02 14:06:59;144;43;14;26;10;11;8;5;3;0;3
2020-09-02 14:07:59;144;43;14;26;10;11;8;5;3;0;3
2020-09-02 14:08:58;144;43;14;26;10;11;8;5;3;0;3
2020-09-02 14:09:59;145;43;14;26;10;11;8;6;3;0;3
2020-09-02 14:10:59;145;43;14;26;10;11;8;6;3;0;3
2020-09-02 14:11:58;145;43;14;26;10;11;8;6;3;0;3
2020-09-02 14:12:59;145;43;14;26;10;11;8;6;3;0;3
2020-09-02 14:13:59;145;43;14;26;10;11;8;6;3;0;3
2020-09-02 14:14:58;146;44;14;26;10;11;8;6;3;0;3
2020-09-02 14:15:59;146;44;14;26;10;11;8;6;3;0;3
2020-09-02 14:16:58;146;44;14;26;10;11;8;6;3;0;3
2020-09-02 14:17:59;147;45;14;26;10;11;8;6;3;0;3
2020-09-02 14:18:59;147;45;14;26;10;11;8;6;3;0;3
2020-09-02 14:19:58;147;45;14;26;10;11;8;6;3;0;3
2020-09-02 14:20:59;147;45;14;26;10;11;8;6;3;0;3
2020-09-02 14:21:59;147;45;14;26;10;11;8;6;3;0;3
2020-09-02 14:22:58;147;45;14;26;10;11;8;6;3;0;3
2020-09-02 14:23:59;147;45;14;26;10;11;8;6;3;0;3
2020-09-02 14:24:59;147;45;14;26;10;11;8;6;3;0;3
2020-09-02 14:25:58;147;45;14;26;10;11;8;6;3;0;3
2020-09-02 14:26:59;147;45;14;25;11;11;8;6;3;0;3
2020-09-02 14:27:59;147;45;14;25;11;11;8;6;3;0;3
2020-09-02 14:28:58;147;45;14;25;11;11;8;6;3;0;3
2020-09-02 14:29:59;149;45;15;25;11;11;8;6;3;0;3
2020-09-02 14:30:59;149;45;15;25;11;11;8;6;3;0;3
2020-09-02 14:31:58;149;45;15;25;11;11;8;6;3;0;3
2020-09-02 14:32:59;149;45;15;25;11;11;8;6;3;0;3
2020-09-02 14:33:58;149;45;15;25;11;11;8;6;3;0;3
2020-09-02 14:34:59;149;45;15;25;11;11;8;6;3;0;3
2020-09-02 14:35:59;149;45;15;25;11;11;8;6;3;0;3
2020-09-02 14:36:58;149;45;15;25;11;11;8;6;3;0;3
2020-09-02 14:37:59;149;45;15;25;11;11;8;6;3;0;3
2020-09-02 14:38:59;149;45;15;25;11;11;8;6;3;0;3
2020-09-02 14:39:58;149;45;15;25;11;11;8;6;3;0;3
2020-09-02 14:40:59;149;45;15;25;11;11;8;6;3;0;3
2020-09-02 14:41:58;150;45;15;25;12;11;8;6;3;0;3
2020-09-02 14:42:59;150;45;15;25;12;11;8;6;3;0;3
2020-09-02 14:43:59;151;46;15;25;12;12;7;6;3;0;3
2020-09-02 14:44:59;151;46;15;25;12;12;7;6;3;0;3
2020-09-02 14:45:58;151;46;15;25;12;12;7;6;3;0;3
2020-09-02 14:46:59;151;46;15;25;12;12;7;6;3;0;3
2020-09-02 14:47:59;151;46;15;25;12;12;7;6;3;0;3
2020-09-02 14:48:58;151;46;15;25;12;12;7;6;3;0;3
2020-09-02 14:49:59;152;47;15;25;12;12;7;6;3;0;3
2020-09-02 14:50:59;152;47;15;25;12;12;7;6;3;0;3
2020-09-02 14:51:58;153;47;15;26;12;12;7;6;3;0;3
2020-09-02 14:52:59;153;47;15;26;12;12;7;6;3;0;3
2020-09-02 14:53:59;153;47;15;26;12;12;7;6;3;0;3
2020-09-02 14:54:58;153;47;15;26;12;12;7;6;3;0;3
2020-09-02 14:55:59;153;47;15;26;12;12;7;6;3;0;3
2020-09-02 14:56:59;153;47;15;26;12;12;7;6;3;0;3
2020-09-02 14:57:58;153;47;15;26;12;12;7;6;3;0;3
2020-09-02 14:58:59;153;47;15;26;12;12;7;6;3;0;3
2020-09-02 14:59:59;153;47;15;26;12;12;7;6;3;0;3
2020-09-02 15:00:58;153;47;15;26;12;12;7;6;3;0;3
2020-09-02 15:01:59;153;47;15;26;12;12;7;6;3;0;3
2020-09-02 15:02:59;153;47;15;26;12;12;7;6;3;0;3
2020-09-02 15:03:58;153;47;15;26;12;12;7;6;3;0;3
2020-09-02 15:04:59;154;47;16;26;12;12;7;6;3;0;3
2020-09-02 15:05:59;154;47;16;26;12;12;7;6;3;0;3
2020-09-02 15:06:58;154;47;16;26;12;12;7;6;3;0;3
2020-09-02 15:07:59;155;47;17;26;12;12;7;6;3;0;3
2020-09-02 15:08:59;155;47;17;26;12;12;7;6;3;0;3
2020-09-02 15:09:58;156;47;17;26;12;12;7;6;3;0;3
2020-09-02 15:10:59;156;47;17;26;12;12;7;6;3;0;3
2020-09-02 15:11:59;156;47;17;26;12;12;7;6;3;0;3
2020-09-02 15:12:58;158;47;18;26;12;12;7;6;3;0;3
2020-09-02 15:13:59;158;47;18;26;12;12;7;6;3;0;3
2020-09-02 15:14:58;158;47;18;26;12;12;7;6;3;0;3
2020-09-02 15:15:59;158;47;18;26;12;12;7;6;3;0;3
2020-09-02 15:16:59;158;47;18;26;12;12;7;6;3;0;3
2020-09-02 15:17:58;158;47;18;26;12;12;7;6;3;0;3
2020-09-02 15:18:59;159;47;18;26;12;12;7;6;3;0;4
2020-09-02 15:19:58;159;47;19;26;12;12;7;6;3;0;3
2020-09-02 15:20:59;159;47;19;26;12;12;7;6;3;0;3
2020-09-02 15:21:59;159;47;19;26;12;12;7;6;3;0;3
2020-09-02 15:22:58;159;47;19;26;12;12;7;6;3;0;3
2020-09-02 15:23:59;160;47;19;26;12;12;7;6;3;0;3
2020-09-02 15:24:59;160;47;19;26;12;12;7;6;3;0;3
2020-09-02 15:25:58;160;47;19;26;12;12;7;6;3;0;3
2020-09-02 15:26:59;160;47;19;26;12;12;7;6;3;0;3
2020-09-02 15:27:59;160;47;19;26;12;12;7;6;3;0;3
2020-09-02 15:28:58;160;47;19;26;12;12;7;6;3;0;3
2020-09-02 15:29:59;160;47;19;26;12;12;7;6;3;0;3
2020-09-02 15:30:59;160;47;19;26;12;12;7;6;3;0;3
2020-09-02 15:31:58;160;47;19;26;12;12;7;6;3;0;3
2020-09-02 15:32:59;160;47;19;26;12;12;7;6;3;0;3
2020-09-02 15:33:59;160;47;19;26;12;12;7;6;3;0;3
2020-09-02 15:34:58;160;47;19;26;12;12;7;6;3;0;3
2020-09-02 15:35:59;160;47;19;26;12;12;7;6;3;0;3
2020-09-02 15:36:59;160;47;19;26;12;12;7;6;3;0;3
2020-09-02 15:37:58;161;48;19;26;12;12;7;6;3;0;3
2020-09-02 15:38:59;163;49;19;27;12;12;7;6;3;0;3
2020-09-02 15:39:59;164;50;19;27;12;12;7;6;3;0;3
2020-09-02 15:40:58;165;51;19;27;12;12;7;6;3;0;3
2020-09-02 15:41:59;165;51;19;27;12;12;7;6;3;0;3
2020-09-02 15:42:59;165;51;19;27;12;12;7;6;3;0;3
2020-09-02 15:43:58;165;51;19;27;12;12;7;6;3;0;3
2020-09-02 15:44:59;165;51;19;27;12;12;7;6;3;0;3
2020-09-02 15:45:59;165;51;19;27;12;12;7;6;3;0;3
2020-09-02 15:46:58;166;52;19;27;12;12;7;6;3;0;3
2020-09-02 15:47:59;166;52;19;27;12;12;7;6;3;0;3
2020-09-02 15:48:59;166;52;19;27;12;12;7;6;3;0;3
2020-09-02 15:49:59;166;52;19;27;12;12;7;6;3;0;3
2020-09-02 15:50:59;166;52;19;27;12;12;7;6;3;0;3
2020-09-02 15:51:58;166;52;19;27;12;12;7;6;3;0;3
2020-09-02 15:52:59;167;53;19;27;12;12;7;6;3;0;3
2020-09-02 15:53:59;167;53;19;27;12;12;7;6;3;0;3
2020-09-02 15:54:58;167;53;19;27;12;12;7;6;3;0;3
2020-09-02 15:55:59;167;53;19;27;12;12;7;6;3;0;3
2020-09-02 15:56:59;167;53;19;27;12;12;7;6;3;0;3
2020-09-02 15:57:58;167;53;19;27;12;12;7;6;3;0;3
2020-09-02 15:58:59;167;53;19;27;12;12;7;6;3;0;3
2020-09-02 16:00:00;167;53;19;27;12;12;7;6;3;0;3
2020-09-02 16:00:58;167;53;19;27;12;12;7;6;3;0;3
2020-09-02 16:01:59;167;53;19;27;12;12;7;6;3;0;3
2020-09-02 16:02:58;167;53;20;27;12;12;7;5;3;0;3
2020-09-02 16:03:59;167;53;20;27;12;12;7;5;3;0;3
2020-09-02 16:04:59;167;53;20;27;12;12;7;5;3;0;3
2020-09-02 16:05:58;167;53;20;27;12;12;7;5;3;0;3
2020-09-02 16:06:59;167;53;20;27;12;12;7;5;3;0;3
2020-09-02 16:07:59;168;53;21;27;12;12;7;5;3;0;3
2020-09-02 16:08:58;168;53;21;27;12;12;7;5;3;0;3
2020-09-02 16:09:59;168;53;21;27;12;12;7;5;3;0;3
2020-09-02 16:10:59;168;53;21;27;12;12;7;5;3;0;3
2020-09-02 16:11:58;169;54;21;27;12;12;7;5;3;0;3
2020-09-02 16:12:59;169;54;21;27;12;12;7;5;3;0;3
2020-09-02 16:13:59;169;54;21;27;12;12;7;5;3;0;3
2020-09-02 16:14:58;169;54;21;27;12;12;7;5;3;0;3
2020-09-02 16:15:59;170;55;21;27;12;12;7;5;3;0;3
2020-09-02 16:16:59;170;55;21;27;12;12;7;5;3;0;3
2020-09-02 16:17:58;170;55;21;27;12;12;7;5;3;0;3
2020-09-02 16:18:59;170;55;21;27;12;12;7;5;3;0;3
2020-09-02 16:19:59;171;55;21;27;12;12;7;5;3;0;3
2020-09-02 16:20:58;172;55;22;27;12;12;7;5;3;0;3
2020-09-02 16:21:59;172;55;22;27;12;12;7;5;3;0;3
2020-09-02 16:22:59;173;56;22;27;12;12;7;5;3;0;3
2020-09-02 16:23:58;173;56;22;27;12;12;7;5;3;0;3
2020-09-02 16:24:59;173;56;22;27;12;12;7;5;3;0;3
2020-09-02 16:25:58;173;56;22;27;12;12;7;5;3;0;3
2020-09-02 16:26:59;173;56;22;27;12;12;7;5;3;0;3
2020-09-02 16:27:59;173;56;22;27;12;12;7;5;3;0;3
2020-09-02 16:28:58;174;57;22;27;12;12;7;5;3;0;3
2020-09-02 16:29:59;175;58;22;27;12;12;7;5;3;0;3
2020-09-02 16:30:59;175;58;22;27;12;12;7;5;3;0;3
2020-09-02 16:31:58;175;58;22;27;12;12;7;5;3;0;3
2020-09-02 16:32:59;175;58;22;27;12;12;7;5;3;0;3
2020-09-02 16:33:58;176;59;22;27;12;12;7;5;3;0;3
2020-09-02 16:34:59;176;59;22;27;12;12;7;5;3;0;3
2020-09-02 16:35:59;176;59;22;27;12;12;7;5;3;0;3
2020-09-02 16:36:58;176;59;22;27;12;12;7;5;3;0;3
2020-09-02 16:37:59;176;59;22;27;12;12;7;5;3;0;3
2020-09-02 16:38:59;176;59;22;27;12;12;7;5;3;0;3
2020-09-02 16:39:58;176;59;22;27;12;12;7;5;3;0;3
2020-09-02 16:40:59;176;59;22;27;12;12;7;5;3;0;3
2020-09-02 16:41:59;176;59;22;27;12;12;7;5;3;0;3
2020-09-02 16:42:58;176;59;22;27;12;12;7;5;3;0;3
2020-09-02 16:43:59;176;59;22;27;12;12;7;5;3;0;3
2020-09-02 16:44:59;176;59;22;27;12;12;7;5;3;0;3
2020-09-02 16:45:58;176;59;22;27;12;12;7;5;3;0;3
2020-09-02 16:46:59;176;59;22;27;12;12;7;5;3;0;3
2020-09-02 16:47:59;176;59;22;27;12;12;7;5;3;0;3
2020-09-02 16:48:58;176;59;22;27;12;12;7;5;3;0;3
2020-09-02 16:49:59;176;59;22;27;12;12;7;5;3;0;3
2020-09-02 16:50:59;176;59;22;27;12;12;7;5;3;0;3
2020-09-02 16:51:58;177;59;22;27;12;12;7;5;3;0;3
2020-09-02 16:52:59;177;59;22;27;12;12;7;5;3;0;3
2020-09-02 16:53:59;177;59;22;27;12;12;7;5;3;0;3
2020-09-02 16:54:58;177;59;22;27;12;12;7;5;3;0;3
2020-09-02 16:55:59;178;59;22;28;12;12;7;5;3;0;3
2020-09-02 16:56:59;178;59;22;28;12;12;7;5;3;0;3
2020-09-02 16:57:58;178;59;22;28;12;12;7;5;3;0;3
2020-09-02 16:58:59;178;59;22;28;12;12;7;5;3;0;3
2020-09-02 16:59:59;180;60;23;28;12;12;7;5;3;0;3
2020-09-02 17:00:58;180;60;23;28;12;12;7;5;3;0;3
2020-09-02 17:01:59;180;60;23;28;12;12;7;5;3;0;3
2020-09-02 17:02:59;181;61;23;28;12;12;7;5;3;0;3
2020-09-02 17:03:59;181;61;23;28;12;12;7;5;3;0;3
2020-09-02 17:04:58;181;61;23;28;12;12;7;5;3;0;3
2020-09-02 17:05:59;182;61;24;28;12;12;7;5;3;0;3
2020-09-02 17:06:59;182;61;24;28;12;12;7;5;3;0;3
2020-09-02 17:07:58;182;61;24;28;12;12;7;5;3;0;3
2020-09-02 17:08:59;182;61;24;28;12;12;7;5;3;0;3
2020-09-02 17:09:59;182;61;24;28;12;12;7;5;3;0;3
2020-09-02 17:10:58;182;61;24;28;12;12;7;5;3;0;3
2020-09-02 17:11:59;182;61;24;28;12;12;7;5;3;0;3
2020-09-02 17:12:59;182;61;24;28;12;12;7;5;3;0;3
2020-09-02 17:13:58;182;61;24;28;12;12;7;5;3;0;3
2020-09-02 17:14:59;182;61;24;28;12;12;7;5;3;0;3
2020-09-02 17:15:59;184;62;24;29;12;12;7;5;3;0;3
2020-09-02 17:16:58;185;62;25;29;12;12;7;5;3;0;3
2020-09-02 17:17:59;185;62;25;29;12;12;7;5;3;0;3
2020-09-02 17:18:59;185;62;25;29;12;12;7;5;3;0;3
2020-09-02 17:19:58;185;62;25;29;12;12;7;5;3;0;3
2020-09-02 17:20:59;185;62;25;29;12;12;7;5;3;0;3
2020-09-02 17:21:59;186;63;25;29;12;12;7;5;3;0;3
2020-09-02 17:22:58;186;63;25;29;12;12;7;5;3;0;3
2020-09-02 17:23:59;187;63;26;29;12;12;7;5;3;0;3
2020-09-02 17:24:58;187;63;26;29;12;12;7;5;3;0;3
2020-09-02 17:25:59;188;64;26;29;12;12;7;5;3;0;3
2020-09-02 17:26:59;188;64;26;29;12;12;7;5;3;0;3
2020-09-02 17:27:58;188;64;26;29;12;12;7;5;3;0;3
2020-09-02 17:28:59;188;64;26;29;12;12;7;5;3;0;3
2020-09-02 17:29:59;188;64;26;29;12;12;7;5;3;0;3
2020-09-02 17:30:58;188;64;26;29;12;12;7;5;3;0;3
2020-09-02 17:31:59;188;64;26;29;12;12;7;5;3;0;3
2020-09-02 17:32:59;188;64;26;29;12;12;7;5;3;0;3
2020-09-02 17:33:59;188;64;26;29;12;12;7;5;3;0;3
2020-09-02 17:34:58;189;64;27;29;12;12;7;5;3;0;3
2020-09-02 17:35:59;189;64;27;29;12;12;7;5;3;0;3
2020-09-02 17:36:59;189;64;27;29;12;12;7;5;3;0;3
2020-09-02 17:37:58;189;64;27;29;12;12;7;5;3;0;3
2020-09-02 17:38:59;189;64;27;29;12;12;7;5;3;0;3
2020-09-02 17:39:59;189;64;27;29;12;12;7;5;3;0;3
2020-09-02 17:40:58;189;64;27;29;12;12;7;5;3;0;3
2020-09-02 17:41:59;189;64;27;29;12;12;7;5;3;0;3
2020-09-02 17:42:59;189;64;27;29;12;12;7;5;3;0;3
2020-09-02 17:44:00;190;64;27;29;12;12;7;5;3;3;3
2020-09-02 17:44:58;190;64;27;29;12;12;7;5;3;3;3
2020-09-02 17:45:59;190;64;27;29;12;12;7;5;3;3;3
2020-09-02 17:46:58;190;64;27;29;12;12;7;5;3;3;3
2020-09-02 17:47:59;191;64;27;30;12;12;7;5;3;3;3
2020-09-02 17:48:59;191;64;27;30;12;12;7;5;3;3;3
2020-09-02 17:49:59;191;64;27;30;12;12;7;5;3;3;3
2020-09-02 17:50:59;191;64;27;30;12;12;7;5;3;3;3
2020-09-02 17:51:58;191;64;27;30;12;12;7;5;3;3;3
2020-09-02 17:52:59;191;64;27;30;12;12;7;5;3;3;3
2020-09-02 17:53:59;191;64;27;30;12;12;7;5;3;3;3
2020-09-02 17:54:58;191;64;27;30;12;12;7;5;3;3;3
2020-09-02 17:55:59;191;64;27;30;12;12;7;5;3;3;3
2020-09-02 17:56:59;191;64;27;30;12;12;7;5;3;3;3
2020-09-02 17:57:58;192;64;27;30;12;12;8;5;3;3;3
2020-09-02 17:58:59;192;64;27;30;12;12;8;5;3;3;3
2020-09-02 17:59:59;192;64;27;30;12;12;8;5;3;3;3
2020-09-02 18:00:58;193;65;27;30;12;12;8;5;3;3;3
2020-09-02 18:01:59;193;65;27;30;12;12;8;5;3;3;3
2020-09-02 18:02:58;193;65;27;30;12;12;8;5;3;3;3
2020-09-02 18:03:59;193;65;27;30;12;12;8;5;3;3;3
2020-09-02 18:04:59;193;65;27;30;12;12;8;5;3;3;3
2020-09-02 18:05:58;194;66;27;30;12;12;8;5;3;3;3
2020-09-02 18:06:59;195;66;27;31;12;12;8;5;3;3;3
2020-09-02 18:07:59;195;66;27;31;12;12;8;5;3;3;3
2020-09-02 18:08:58;195;66;27;31;12;12;8;5;3;3;3
2020-09-02 18:09:59;195;66;27;31;12;12;8;5;3;3;3
2020-09-02 18:10:59;195;66;27;31;12;12;8;5;3;3;3
2020-09-02 18:11:58;195;66;27;31;12;12;8;5;3;3;3
2020-09-02 18:12:59;195;66;27;31;12;12;8;5;3;3;3
2020-09-02 18:13:58;195;66;27;31;12;12;8;5;3;3;3
2020-09-02 18:14:59;195;66;27;31;12;12;8;5;3;3;3
2020-09-02 18:15:59;195;66;27;31;12;12;8;5;3;3;3
2020-09-02 18:16:59;195;66;27;31;12;12;8;5;3;3;3
2020-09-02 18:17:58;195;66;27;31;12;12;8;5;3;3;3
2020-09-02 18:18:59;195;66;27;31;12;12;8;5;3;3;3
2020-09-02 18:19:59;195;66;27;31;12;12;8;5;3;3;3
2020-09-02 18:20:58;195;66;27;31;12;12;8;5;3;3;3
2020-09-02 18:21:59;195;66;27;31;12;12;8;5;3;3;3
2020-09-02 18:23:00;195;66;27;31;12;12;8;5;3;3;3
2020-09-02 18:23:58;195;66;27;31;12;12;8;5;3;3;3
2020-09-02 18:24:59;195;66;27;31;12;12;8;5;3;3;3
2020-09-02 18:26:00;195;66;27;31;12;12;8;5;3;3;3
2020-09-02 18:26:58;195;66;27;31;12;12;8;5;3;3;3
2020-09-02 18:27:59;195;66;27;31;12;12;8;5;3;3;3
2020-09-02 18:28:58;195;66;27;31;12;12;8;5;3;3;3
2020-09-02 18:29:59;195;66;27;31;12;12;8;5;3;3;3
2020-09-02 18:30:59;195;66;27;31;12;12;8;5;3;3;3
2020-09-02 18:31:58;195;66;27;31;12;12;8;5;3;3;3
2020-09-02 18:32:59;196;66;27;32;12;12;8;5;3;3;3
2020-09-02 18:33:59;196;66;27;32;12;12;8;5;3;3;3
2020-09-02 18:34:59;196;66;27;32;12;12;8;5;3;3;3
2020-09-02 18:35:58;196;66;27;32;12;12;8;5;3;3;3
2020-09-02 18:36:59;196;66;27;32;12;12;8;5;3;3;3
2020-09-02 18:37:59;196;66;27;32;12;12;8;5;3;3;3
2020-09-02 18:38:58;197;67;27;32;12;12;8;5;3;3;3
2020-09-02 18:39:59;197;67;27;32;12;12;8;5;3;3;3
2020-09-02 18:40:59;198;67;27;32;13;12;8;5;3;3;3
2020-09-02 18:41:58;198;67;27;32;13;12;8;5;3;3;3
2020-09-02 18:42:59;199;67;27;32;14;12;8;5;3;3;3
2020-09-02 18:43:59;199;67;27;32;14;12;8;5;3;3;3
2020-09-02 18:44:58;200;67;27;32;14;12;8;5;4;3;3
2020-09-02 18:45:59;200;67;27;32;14;12;8;5;4;3;3
2020-09-02 18:46:59;200;67;27;32;14;12;8;5;4;3;3
2020-09-02 18:47:58;200;67;27;32;14;12;8;5;4;3;3
2020-09-02 18:48:59;201;68;27;32;14;12;8;5;4;3;3
2020-09-02 18:49:59;202;69;27;32;14;12;8;5;4;3;3
2020-09-02 18:50:58;202;69;27;32;14;12;8;5;4;3;3
2020-09-02 18:51:59;203;70;27;32;14;12;8;5;4;3;3
2020-09-02 18:52:59;203;70;27;32;14;12;8;5;4;3;3
2020-09-02 18:53:58;203;70;27;32;14;12;8;5;4;3;3
2020-09-02 18:54:59;203;70;27;32;14;12;8;5;4;3;3
2020-09-02 18:55:59;203;70;27;32;14;12;8;5;4;3;3
2020-09-02 18:56:58;203;70;27;32;14;12;8;5;4;3;3
2020-09-02 18:57:59;203;70;27;32;14;12;8;5;4;3;3
2020-09-02 18:58:59;203;70;27;32;14;12;8;5;4;3;3
2020-09-02 18:59:58;203;70;27;32;14;12;8;5;4;3;3
2020-09-02 19:00:59;203;70;27;32;14;12;8;5;4;3;3
2020-09-02 19:01:59;203;70;27;32;14;12;8;5;4;3;3
2020-09-02 19:02:58;203;70;27;32;14;12;8;5;4;3;3
2020-09-02 19:03:59;203;70;27;32;14;12;8;5;4;3;3
2020-09-02 19:04:58;203;70;27;32;14;12;8;5;4;3;3
2020-09-02 19:05:59;203;70;27;32;14;12;8;5;4;3;3
2020-09-02 19:06:59;203;70;27;32;14;12;8;5;4;3;3
2020-09-02 19:07:58;203;70;27;32;14;12;8;5;4;3;3
2020-09-02 19:08:59;203;70;27;32;14;12;8;5;4;3;3
2020-09-02 19:09:59;204;70;27;32;14;12;8;5;4;3;4
2020-09-02 19:10:58;204;70;27;32;14;12;8;5;4;3;4
2020-09-02 19:11:59;204;70;27;32;14;12;8;5;4;3;4
2020-09-02 19:12:59;204;70;27;32;14;12;8;5;4;3;4
2020-09-02 19:13:58;205;71;27;32;14;12;8;5;4;3;4
2020-09-02 19:14:59;205;71;27;32;14;12;8;5;4;3;4
2020-09-02 19:15:59;205;71;27;32;14;12;8;5;4;3;4
2020-09-02 19:16:58;205;71;27;32;14;12;8;5;4;3;4
2020-09-02 19:17:59;205;71;27;32;14;12;8;5;4;3;4
2020-09-02 19:18:59;205;71;27;32;14;12;8;5;4;3;4
2020-09-02 19:19:58;205;71;27;32;14;12;8;5;4;3;4
2020-09-02 19:20:59;205;71;27;32;14;12;8;5;4;3;4
2020-09-02 19:21:58;205;71;27;32;14;12;8;5;4;3;4
2020-09-02 19:22:59;205;71;27;32;14;12;8;5;4;3;4
2020-09-02 19:23:59;205;71;27;32;14;12;8;5;4;3;4
2020-09-02 19:24:59;205;71;27;32;14;12;8;5;4;3;4
2020-09-02 19:25:59;205;71;27;32;14;12;8;5;4;3;4
2020-09-02 19:26:59;205;71;27;32;14;12;8;5;4;3;4
2020-09-02 19:27:58;205;71;27;32;14;12;8;5;4;3;4
2020-09-02 19:28:59;205;71;27;32;14;12;8;5;4;3;4
2020-09-02 19:29:59;205;71;27;32;14;12;8;5;4;3;4
2020-09-02 19:30:58;205;71;27;32;14;12;8;5;4;3;4
2020-09-02 19:31:59;205;71;27;32;14;12;8;5;4;3;4
2020-09-02 19:32:59;205;71;27;32;14;12;8;5;4;3;4
2020-09-02 19:33:58;205;71;27;32;14;12;8;5;4;3;4
2020-09-02 19:34:59;205;71;27;32;14;12;8;5;4;3;4
2020-09-02 19:35:58;205;71;27;32;14;12;8;5;4;3;4
2020-09-02 19:36:59;205;71;27;32;14;12;8;5;4;3;4
2020-09-02 19:37:59;205;71;27;32;14;12;8;5;4;3;4
2020-09-02 19:38:58;205;71;27;32;14;12;8;5;4;3;4
2020-09-02 19:39:59;205;71;27;32;14;12;8;5;4;3;4
2020-09-02 19:40:59;205;71;27;32;14;12;8;5;4;3;4
2020-09-02 19:41:58;205;71;27;32;14;12;8;5;4;3;4
2020-09-02 19:42:59;205;71;27;32;14;12;8;5;4;3;4
2020-09-02 19:43:59;205;71;27;32;14;12;8;5;4;3;4
2020-09-02 19:44:58;205;71;27;32;14;12;8;5;4;3;4
2020-09-02 19:45:59;205;71;27;32;14;12;8;5;4;3;4
2020-09-02 19:46:58;205;71;27;32;14;12;8;5;4;3;4
2020-09-02 19:47:59;205;71;27;32;14;12;8;5;4;3;4
2020-09-02 19:48:59;205;71;27;32;14;12;8;5;4;3;4
2020-09-02 19:49:58;205;71;27;32;14;12;8;5;4;3;4
2020-09-02 19:50:59;205;71;27;32;14;12;8;5;4;3;4
2020-09-02 19:51:59;206;72;27;32;14;12;8;5;4;3;4
2020-09-02 19:52:58;206;72;27;32;14;12;8;5;4;3;4
2020-09-02 19:53:59;206;72;27;32;14;12;8;5;4;3;4
2020-09-02 19:54:58;207;73;27;32;14;12;8;5;4;3;4
2020-09-02 19:55:59;207;73;27;32;14;12;8;5;4;3;4
2020-09-02 19:56:59;207;73;27;32;14;12;8;5;4;3;4
2020-09-02 19:57:58;207;73;27;32;14;12;8;5;4;3;4
2020-09-02 19:58:59;208;74;27;32;14;12;8;5;4;3;4
2020-09-02 20:00:00;208;74;27;32;14;12;8;5;4;3;4
2020-09-02 20:00:58;208;74;27;32;14;12;8;5;4;3;4
2020-09-02 20:01:59;208;74;27;32;14;12;8;5;4;3;4
2020-09-02 20:02:59;208;74;27;32;14;12;8;5;4;3;4
2020-09-02 20:03:58;208;74;27;32;14;12;8;5;4;3;4
2020-09-02 20:04:59;209;75;27;32;14;12;8;5;4;3;4
2020-09-02 20:05:58;209;75;27;32;14;12;8;5;4;3;4
2020-09-02 20:06:59;209;75;27;32;14;12;8;5;4;3;4
2020-09-02 20:08:00;209;75;27;32;14;12;8;5;4;3;4
2020-09-02 20:08:58;209;75;27;32;14;12;8;5;4;3;4
2020-09-02 20:09:59;209;75;27;32;14;12;8;5;4;3;4
2020-09-02 20:10:58;209;75;27;32;14;12;8;5;4;3;4
2020-09-02 20:11:59;209;75;27;32;14;12;8;5;4;3;4
2020-09-02 20:12:59;210;75;27;32;15;12;8;5;4;3;4
2020-09-02 20:14:00;210;75;27;32;15;12;8;5;4;3;4
2020-09-02 20:14:58;210;75;27;32;15;12;8;5;4;3;4
2020-09-02 20:15:59;211;76;27;32;15;12;8;5;4;3;4
2020-09-02 20:16:59;212;76;27;33;15;12;8;5;4;3;4
2020-09-02 20:17:58;213;77;27;33;15;12;8;5;4;3;4
2020-09-02 20:18:59;213;77;27;33;15;12;8;5;4;3;4
2020-09-02 20:19:58;213;77;27;33;15;12;8;5;4;3;4
2020-09-02 20:20:59;213;77;27;33;15;12;8;5;4;3;4
2020-09-02 20:21:59;214;78;27;33;15;12;8;5;4;3;4
2020-09-02 20:22:58;214;78;27;33;15;12;8;5;4;3;4
2020-09-02 20:23:59;214;78;27;33;15;12;8;5;4;3;4
2020-09-02 20:24:59;214;78;27;33;15;12;8;5;4;3;4
2020-09-02 20:25:58;214;78;27;33;15;12;8;5;4;3;4
2020-09-02 20:26:59;214;78;27;33;15;12;8;5;4;3;4
2020-09-02 20:27:59;214;78;27;33;15;12;8;5;4;3;4
2020-09-02 20:28:58;214;78;27;33;15;12;8;5;4;3;4
2020-09-02 20:29:59;214;78;27;33;15;12;8;5;4;3;4
2020-09-02 20:30:59;214;78;27;33;15;12;8;5;4;3;4
2020-09-02 20:31:58;214;78;27;33;15;12;8;5;4;3;4
2020-09-02 20:32:59;214;78;27;33;15;12;8;5;4;3;4
2020-09-02 20:33:58;215;78;27;33;16;12;8;5;4;3;4
2020-09-02 20:34:59;215;78;27;33;16;12;8;5;4;3;4
2020-09-02 20:35:59;215;78;27;33;16;12;8;5;4;3;4
2020-09-02 20:36:58;215;78;27;33;16;12;8;5;4;3;4
2020-09-02 20:37:59;215;78;27;33;16;12;8;5;4;3;4
2020-09-02 20:38:59;215;78;27;33;16;12;8;5;4;3;4
2020-09-02 20:39:58;215;78;27;33;16;12;8;5;4;3;4
2020-09-02 20:40:59;215;78;27;33;16;12;8;5;4;3;4
2020-09-02 20:41:58;216;78;27;33;16;12;9;5;4;3;4
2020-09-02 20:42:59;216;78;27;33;16;12;9;5;4;3;4
2020-09-02 20:43:59;216;78;27;33;16;12;9;5;4;3;4
2020-09-02 20:44:58;216;78;27;33;16;12;9;5;4;3;4
2020-09-02 20:45:59;218;79;27;34;16;12;9;5;4;3;4
2020-09-02 20:46:59;218;79;27;34;16;12;9;5;4;3;4
2020-09-02 20:47:58;218;79;27;34;16;12;9;5;4;3;4
2020-09-02 20:48:59;219;80;27;34;16;12;9;5;4;3;4
2020-09-02 20:49:59;219;80;27;34;16;12;9;5;4;3;4
2020-09-02 20:50:58;219;80;27;34;16;12;9;5;4;3;4
2020-09-02 20:51:59;219;80;27;34;16;12;9;5;4;3;4
2020-09-02 20:52:59;219;80;27;34;16;12;9;5;4;3;4
2020-09-02 20:53:59;219;80;27;34;16;12;9;5;4;3;4
2020-09-02 20:54:58;219;80;27;34;16;12;9;5;4;3;4
2020-09-02 20:55:59;220;81;27;34;16;12;9;5;4;3;4
2020-09-02 20:56:59;220;81;27;34;16;12;9;5;4;3;4
2020-09-02 20:57:58;220;81;27;34;16;12;9;5;4;3;4
2020-09-02 20:58:59;220;81;27;34;16;12;9;5;4;3;4
2020-09-02 20:59:58;220;81;27;34;16;12;9;5;4;3;4
2020-09-02 21:00:59;220;81;27;34;16;12;9;5;4;3;4
2020-09-02 21:01:59;220;81;27;34;16;12;9;5;4;3;4
2020-09-02 21:02:58;220;81;27;34;16;12;9;5;4;3;4
2020-09-02 21:03:59;220;81;27;34;16;12;9;5;4;3;4
2020-09-02 21:04:59;220;81;27;34;16;12;9;5;4;3;4
2020-09-02 21:05:58;220;81;27;34;16;12;9;5;4;3;4
2020-09-02 21:06:59;220;81;27;34;16;12;9;5;4;3;4
2020-09-02 21:07:59;220;81;27;34;16;12;9;5;4;3;4
2020-09-02 21:08:58;220;81;27;34;16;12;9;5;4;3;4
2020-09-02 21:09:59;220;81;27;34;16;12;9;5;4;3;4
2020-09-02 21:10:59;220;81;27;34;16;12;9;5;4;3;4
2020-09-02 21:11:58;221;82;27;34;16;12;9;5;4;3;4
2020-09-02 21:12:59;221;82;27;34;16;12;9;5;4;3;4
2020-09-02 21:13:59;221;82;27;34;16;12;9;5;4;3;4
2020-09-02 21:14:58;222;83;27;34;16;12;9;5;4;3;4
2020-09-02 21:15:59;222;83;27;34;16;12;9;5;4;3;4
2020-09-02 21:16:58;222;83;27;34;16;12;9;5;4;3;4
2020-09-02 21:17:59;222;83;27;34;16;12;9;5;4;3;4
2020-09-02 21:18:59;222;83;27;34;16;12;9;5;4;3;4
2020-09-02 21:19:58;222;83;27;34;16;12;9;5;4;3;4
2020-09-02 21:20:59;222;83;27;34;16;12;9;5;4;3;4
2020-09-02 21:21:59;222;83;27;34;16;12;9;5;4;3;4
2020-09-02 21:22:58;222;83;27;34;16;12;9;5;4;3;4
2020-09-02 21:23:59;222;83;27;34;16;12;9;5;4;3;4
2020-09-02 21:24:59;222;83;27;34;16;12;9;5;4;3;4
2020-09-02 21:25:58;222;83;27;34;16;12;9;5;4;3;4
2020-09-02 21:26:59;222;83;27;34;16;12;9;5;4;3;4
2020-09-02 21:27:59;222;83;27;34;16;12;9;5;4;3;4
2020-09-02 21:28:58;222;83;27;34;16;12;9;5;4;3;4
2020-09-02 21:29:59;222;83;27;34;16;12;9;5;4;3;4
2020-09-02 21:30:59;222;83;27;34;16;12;9;5;4;3;4
2020-09-02 21:31:58;222;83;27;34;16;12;9;5;4;3;4
2020-09-02 21:32:59;223;84;27;34;16;12;9;5;4;3;4
2020-09-02 21:33:59;223;84;27;34;16;12;9;5;4;3;4
2020-09-02 21:34:58;223;84;27;34;16;12;9;5;4;3;4
2020-09-02 21:35:59;223;84;27;34;16;12;9;5;4;3;4
2020-09-02 21:36:59;223;84;27;34;16;12;9;5;4;3;4
2020-09-02 21:37:58;224;86;27;34;16;12;8;5;4;3;4
2020-09-02 21:38:59;224;86;27;34;16;12;8;5;4;3;4
2020-09-02 21:40:00;224;86;27;34;16;12;8;5;4;3;4
2020-09-02 21:40:58;224;86;27;34;16;12;8;5;4;3;4
2020-09-02 21:41:59;224;86;27;34;16;12;8;5;4;3;4
2020-09-02 21:42:58;224;86;27;34;16;12;8;5;4;3;4
2020-09-02 21:43:59;224;86;27;34;16;12;8;5;4;3;4
2020-09-02 21:44:59;224;86;27;34;16;12;8;5;4;3;4
2020-09-02 21:45:58;224;86;27;34;16;12;8;5;4;3;4
2020-09-02 21:46:59;224;86;27;34;16;12;8;5;4;3;4
2020-09-02 21:47:59;224;86;27;34;16;12;8;5;4;3;4
2020-09-02 21:48:58;224;86;27;34;16;12;8;5;4;3;4
2020-09-02 21:49:59;224;86;27;34;16;12;8;5;4;3;4
2020-09-02 21:50:59;224;86;27;34;16;12;8;5;4;3;4
2020-09-02 21:51:59;224;86;27;34;16;12;8;5;4;3;4
2020-09-02 21:52:58;224;86;27;34;16;12;8;5;4;3;4
2020-09-02 21:53:59;224;86;27;34;16;12;8;5;4;3;4
2020-09-02 21:54:59;224;86;27;34;16;12;8;5;4;3;4
2020-09-02 21:55:58;224;86;27;34;16;12;8;5;4;3;4
2020-09-02 21:56:59;224;86;27;34;16;12;8;5;4;3;4
2020-09-02 21:57:58;224;86;27;34;16;12;8;5;4;3;4
2020-09-02 21:58:59;224;86;27;34;16;12;8;5;4;3;4
2020-09-02 21:59:59;224;86;27;34;16;12;8;5;4;3;4
2020-09-02 22:00:58;224;86;27;34;16;12;8;5;4;3;4
2020-09-02 22:01:59;224;86;27;34;16;12;8;5;4;3;4
2020-09-02 22:02:59;225;86;28;34;16;12;8;5;4;3;4
2020-09-02 22:03:58;227;87;28;35;16;12;8;5;4;3;4
2020-09-02 22:04:59;227;87;28;34;17;12;8;5;4;3;4
2020-09-02 22:05:59;227;87;28;34;17;12;8;5;4;3;4
2020-09-02 22:06:58;227;87;28;34;17;12;8;5;4;3;4
2020-09-02 22:07:59;227;87;28;34;17;12;8;5;4;3;4
2020-09-02 22:08:59;229;89;28;34;17;12;8;5;4;3;4
2020-09-02 22:09:58;229;89;28;34;17;12;8;5;4;3;4
2020-09-02 22:10:59;229;89;28;34;17;12;8;5;4;3;4
2020-09-02 22:11:58;229;89;28;34;17;12;8;5;4;3;4
2020-09-02 22:12:59;229;89;28;34;17;12;8;5;4;3;4
2020-09-02 22:13:59;229;89;28;34;17;12;8;5;4;3;4
2020-09-02 22:14:59;229;89;28;34;17;12;8;5;4;3;4
2020-09-02 22:15:58;230;90;28;34;17;12;8;5;4;3;4
2020-09-02 22:16:59;230;90;28;34;17;12;8;5;4;3;4
2020-09-02 22:17:58;230;90;28;34;17;12;8;5;4;3;4
2020-09-02 22:18:59;230;90;28;34;17;12;8;5;4;3;4
2020-09-02 22:19:58;231;90;28;34;17;12;8;6;4;3;4
2020-09-02 22:20:59;231;90;28;34;17;12;8;6;4;3;4
2020-09-02 22:21:59;231;90;28;34;17;12;8;6;4;3;4
2020-09-02 22:22:59;232;91;28;34;17;12;8;6;4;3;4
2020-09-02 22:23:58;232;91;28;34;17;12;8;6;4;3;4
2020-09-02 22:24:59;232;91;28;34;17;12;8;6;4;3;4
2020-09-02 22:25:58;232;91;28;34;17;12;8;6;4;3;4
2020-09-02 22:26:59;232;91;28;34;17;12;8;6;4;3;4
2020-09-02 22:27:59;232;91;28;34;17;12;8;6;4;3;4
2020-09-02 22:28:58;232;91;28;34;17;12;8;6;4;3;4
2020-09-02 22:29:59;232;91;28;34;17;12;8;6;4;3;4
2020-09-02 22:30:59;232;91;28;34;17;12;8;6;4;3;4
2020-09-02 22:31:58;232;91;28;34;17;12;8;6;4;3;4
2020-09-02 22:32:59;232;91;28;34;17;12;8;6;4;3;4
2020-09-02 22:33:58;232;91;28;34;17;12;8;6;4;3;4
2020-09-02 22:34:59;232;91;28;34;17;12;8;6;4;3;4
2020-09-02 22:35:59;233;92;28;34;17;12;8;6;4;3;4
2020-09-02 22:36:58;233;92;28;34;17;12;8;6;4;3;4
2020-09-02 22:37:59;233;92;28;34;17;12;8;6;4;3;4
2020-09-02 22:38:59;233;92;28;34;17;12;8;6;4;3;4
2020-09-02 22:39:58;234;92;28;34;17;12;9;6;4;3;4
2020-09-02 22:40:59;236;94;28;34;17;12;9;6;4;3;4
2020-09-02 22:41:59;238;95;29;34;17;12;9;6;4;3;4
2020-09-02 22:42:58;239;95;30;34;17;12;9;6;4;3;4
2020-09-02 22:43:59;240;95;31;34;17;12;9;6;4;3;4
2020-09-02 22:45:00;240;95;31;34;17;12;9;6;4;3;4
2020-09-02 22:45:58;239;95;30;34;17;12;9;6;4;3;4
2020-09-02 22:46:59;239;95;30;34;17;12;9;6;4;3;4
2020-09-02 22:47:58;239;95;30;34;17;12;9;6;4;3;4
2020-09-02 22:48:59;239;95;30;34;17;12;9;6;4;3;4
2020-09-02 22:49:59;239;95;30;34;17;12;9;6;4;3;4
2020-09-02 22:50:58;239;95;30;34;17;12;9;6;4;3;4
2020-09-02 22:51:59;239;95;30;34;17;12;9;6;4;3;4
2020-09-02 22:52:59;239;95;30;34;17;12;9;6;4;3;4
2020-09-02 22:53:58;239;95;30;34;17;12;9;6;4;3;4
2020-09-02 22:54:59;239;95;30;34;17;12;9;6;4;3;4
2020-09-02 22:55:59;239;95;30;34;17;12;9;6;4;3;4
2020-09-02 22:56:58;239;95;30;34;17;12;9;6;4;3;4
2020-09-02 22:57:59;241;95;31;35;17;12;9;6;4;3;4
2020-09-02 22:58:59;241;95;31;35;17;12;9;6;4;3;4
2020-09-02 22:59:58;241;95;32;35;17;12;9;6;4;3;4
2020-09-02 23:00:59;242;96;32;35;17;12;9;6;4;3;4
2020-09-02 23:01:58;242;96;32;35;17;12;9;6;4;3;4
2020-09-02 23:02:59;242;96;32;35;17;12;9;6;4;3;4
2020-09-02 23:03:59;242;96;32;35;17;12;9;6;4;3;4
2020-09-02 23:04:58;242;96;32;35;17;12;9;6;4;3;4
2020-09-02 23:05:59;242;96;32;35;17;12;9;6;4;3;4
2020-09-02 23:06:58;243;97;32;35;17;12;9;6;4;3;4
2020-09-02 23:07:59;243;97;32;35;17;12;9;6;4;3;4
2020-09-02 23:08:59;243;97;32;35;17;12;9;6;4;3;4
2020-09-02 23:09:58;243;97;32;35;17;12;9;6;4;3;4
2020-09-02 23:10:59;243;97;32;35;17;12;9;6;4;3;4
2020-09-02 23:11:58;243;97;32;35;17;12;9;6;4;3;4
2020-09-02 23:12:59;243;97;32;35;17;12;9;6;4;3;4
2020-09-02 23:13:59;243;97;32;35;17;12;9;6;4;3;4
2020-09-02 23:14:58;243;97;32;35;17;12;9;6;4;3;4
2020-09-02 23:15:59;243;99;32;34;17;12;9;6;4;3;4
2020-09-02 23:16:59;243;99;32;34;17;12;9;6;4;3;4
2020-09-02 23:17:58;243;99;32;34;17;12;9;6;4;3;4
2020-09-02 23:18:59;244;99;32;34;17;12;9;6;5;3;4
2020-09-02 23:19:58;246;99;33;34;17;12;9;6;5;4;4
2020-09-02 23:20:59;246;99;33;34;17;12;9;6;5;4;4
2020-09-02 23:21:59;246;99;33;34;17;12;9;6;5;4;4
2020-09-02 23:22:58;246;99;33;34;17;12;9;6;5;4;4
2020-09-02 23:23:59;246;99;33;34;17;12;9;6;5;4;4
2020-09-02 23:25:00;246;99;33;34;17;12;9;6;5;4;4
2020-09-02 23:25:58;246;99;33;34;17;12;9;6;5;4;4
2020-09-02 23:26:59;246;99;33;34;17;12;9;6;5;4;4
2020-09-02 23:27:58;247;100;33;34;17;12;9;6;5;4;4
2020-09-02 23:28:59;248;101;33;34;17;12;9;6;5;4;4
2020-09-02 23:29:58;248;101;33;34;17;12;9;6;5;4;4
2020-09-02 23:30:59;248;101;33;34;17;12;9;6;5;4;4
2020-09-02 23:31:59;248;101;33;34;17;12;9;6;5;4;4
2020-09-02 23:32:58;248;101;33;34;17;12;9;6;5;4;4
2020-09-02 23:33:59;248;101;33;34;17;12;9;6;5;4;4
2020-09-02 23:34:58;248;101;33;34;17;12;9;6;5;4;4
2020-09-02 23:35:59;248;101;33;34;17;12;9;6;5;4;4
2020-09-02 23:36:59;248;101;33;34;17;12;9;6;5;4;4
2020-09-02 23:37:59;249;101;33;34;18;12;9;6;5;4;4
2020-09-02 23:38:58;249;101;33;34;18;12;9;6;5;4;4
2020-09-02 23:39:59;251;101;35;34;18;12;9;6;5;4;4
2020-09-02 23:40:59;251;101;35;34;18;12;9;6;5;4;4
2020-09-02 23:41:58;251;101;35;34;18;12;9;6;5;4;4
2020-09-02 23:42:59;251;101;35;34;18;12;9;6;5;4;4
2020-09-02 23:43:59;251;101;35;34;18;12;9;6;5;4;4
2020-09-02 23:44:58;251;101;35;34;18;12;9;6;5;4;4
2020-09-02 23:45:59;251;101;35;34;18;12;9;6;5;4;4
2020-09-02 23:46:59;251;101;35;34;18;12;9;6;5;4;4
2020-09-02 23:47:58;251;101;35;34;18;12;9;6;5;4;4
2020-09-02 23:48:59;252;102;35;34;18;12;9;6;5;4;4
2020-09-02 23:49:59;252;102;35;34;18;12;9;6;5;4;4
2020-09-02 23:50:58;252;102;35;34;18;12;9;6;5;4;4
2020-09-02 23:51:59;252;102;35;34;18;12;9;6;5;4;4
2020-09-02 23:52:58;253;102;35;34;18;12;9;6;5;5;4
2020-09-02 23:53:59;253;102;35;34;18;12;9;6;5;5;4
2020-09-02 23:54:59;253;102;35;34;18;12;9;6;5;5;4
2020-09-02 23:55:58;253;102;35;34;18;12;9;6;5;5;4
2020-09-02 23:56:59;253;102;35;34;18;12;9;6;5;5;4
2020-09-02 23:57:58;253;102;35;34;18;12;9;6;5;5;4
2020-09-02 23:58:59;254;103;35;34;18;12;9;6;5;5;4
2020-09-02 23:59:59;254;103;35;34;18;12;9;6;5;5;4
