datetime;total_votes;bullet-wilson;nenastja;brammator;jovan;ante;space_meow;Hexadecachoron;zgushonka;minddiffuzion;Fitzmaurice
2020-03-04 00:00:59;0;0;0;1;0;0;0;0;0;0;0
2020-03-04 00:01:59;2;1;0;1;0;0;0;0;0;0;0
2020-03-04 00:02:59;2;1;0;1;0;0;0;0;0;0;0
2020-03-04 00:03:59;2;1;0;1;0;0;0;0;0;0;0
2020-03-04 00:04:58;2;1;0;1;0;0;0;0;0;0;0
2020-03-04 00:05:59;2;1;0;1;0;0;0;0;0;0;0
2020-03-04 00:06:59;3;1;0;1;0;0;0;0;1;0;0
2020-03-04 00:07:59;3;1;0;1;0;0;0;0;1;0;0
2020-03-04 00:08:58;4;1;0;1;0;0;0;0;1;0;0
2020-03-04 00:09:59;4;1;0;1;0;0;0;0;1;0;0
2020-03-04 00:10:59;5;1;0;1;0;0;0;0;1;0;1
2020-03-04 00:11:59;5;1;0;1;0;0;0;0;1;0;1
2020-03-04 00:12:58;5;1;0;1;0;0;0;0;1;0;1
2020-03-04 00:13:59;5;1;0;1;0;0;0;0;1;0;1
2020-03-04 00:14:59;5;1;0;1;0;0;0;0;1;0;1
2020-03-04 00:15:58;5;1;0;1;0;0;0;0;1;0;1
2020-03-04 00:16:59;5;1;0;1;0;0;0;0;1;0;1
2020-03-04 00:17:59;5;1;0;1;0;0;0;0;1;0;1
2020-03-04 00:18:58;6;2;0;1;0;0;0;0;1;0;1
2020-03-04 00:19:59;7;3;0;1;0;0;0;0;1;0;1
2020-03-04 00:20:59;7;3;0;1;0;0;0;0;1;0;1
2020-03-04 00:22:00;8;3;0;2;0;0;0;0;1;0;1
2020-03-04 00:22:58;8;3;0;2;0;0;0;0;1;0;1
2020-03-04 00:23:59;9;3;0;2;0;0;0;0;1;1;1
2020-03-04 00:24:59;9;3;0;2;0;0;0;0;1;1;1
2020-03-04 00:25:58;11;4;1;2;0;0;0;0;1;1;1
2020-03-04 00:26:59;11;4;1;2;0;0;0;0;1;1;1
2020-03-04 00:27:59;11;4;1;2;0;0;0;0;1;1;1
2020-03-04 00:28:58;11;4;1;2;0;0;0;0;1;1;1
2020-03-04 00:29:59;12;5;1;2;0;0;0;0;1;1;1
2020-03-04 00:30:59;12;5;1;2;0;0;0;0;1;1;1
2020-03-04 00:31:59;13;6;1;2;0;0;0;0;1;1;1
2020-03-04 00:32:58;14;6;1;2;0;0;0;1;1;1;1
2020-03-04 00:33:59;14;6;1;2;0;0;0;1;1;1;1
2020-03-04 00:34:59;14;6;1;2;0;0;0;1;1;1;1
2020-03-04 00:35:58;14;6;1;2;0;0;0;1;1;1;1
2020-03-04 00:36:59;15;6;1;3;0;0;0;1;1;1;1
2020-03-04 00:37:59;15;6;1;3;0;0;0;1;1;1;1
2020-03-04 00:38:58;15;6;1;3;0;0;0;1;1;1;1
2020-03-04 00:39:59;15;6;1;3;0;0;0;1;1;1;1
2020-03-04 00:40:59;15;6;1;3;0;0;0;1;1;1;1
2020-03-04 00:41:59;15;6;1;3;0;0;0;1;1;1;1
2020-03-04 00:42:58;15;6;1;3;0;0;0;1;1;1;1
2020-03-04 00:43:59;16;6;2;3;0;0;0;1;1;1;1
2020-03-04 00:44:59;16;6;2;3;0;0;0;1;1;1;1
2020-03-04 00:45:59;16;6;2;3;0;0;0;1;1;1;1
2020-03-04 00:46:58;16;6;3;3;0;0;0;1;1;1;1
2020-03-04 00:47:59;16;6;3;3;0;0;0;1;1;1;1
2020-03-04 00:48:59;17;7;3;3;0;0;0;1;1;1;1
2020-03-04 00:49:58;19;8;3;3;0;0;0;1;1;1;1
2020-03-04 00:50:59;21;9;3;3;0;0;0;1;1;1;1
2020-03-04 00:51:59;22;10;3;3;0;0;0;1;1;1;1
2020-03-04 00:52:59;22;10;3;3;0;0;0;1;1;1;1
2020-03-04 00:53:58;22;10;3;3;0;0;0;1;1;1;1
2020-03-04 00:54:59;22;10;3;3;0;0;0;1;1;1;1
2020-03-04 00:55:59;22;10;3;3;0;0;0;1;1;1;1
2020-03-04 00:56:58;23;10;4;3;0;0;0;1;1;1;1
2020-03-04 00:57:59;23;10;4;3;0;0;0;1;1;1;1
2020-03-04 00:58:59;23;10;4;3;0;0;0;1;1;1;1
2020-03-04 00:59:58;23;10;4;3;0;0;0;1;1;1;1
2020-03-04 01:00:59;24;11;4;3;0;0;0;1;1;1;1
2020-03-04 01:01:58;24;11;4;3;0;0;0;1;1;1;1
2020-03-04 01:02:59;24;11;4;3;0;0;0;1;1;1;1
2020-03-04 01:03:59;25;12;4;3;0;0;0;1;1;1;1
2020-03-04 01:04:58;25;12;4;3;0;0;0;1;1;1;1
2020-03-04 01:05:59;25;12;4;3;0;0;0;1;1;1;1
2020-03-04 01:06:59;25;12;4;3;0;0;0;1;1;1;1
2020-03-04 01:07:59;25;12;4;3;0;0;0;1;1;1;1
2020-03-04 01:08:58;25;12;4;3;0;0;0;1;1;1;1
2020-03-04 01:09:59;25;12;4;3;0;0;0;1;1;1;1
2020-03-04 01:10:59;26;12;5;3;0;0;0;1;1;1;1
2020-03-04 01:11:58;26;12;5;3;0;0;0;1;1;1;1
2020-03-04 01:12:59;26;12;5;3;0;0;0;1;1;1;1
2020-03-04 01:13:59;26;12;5;3;0;0;0;1;1;1;1
2020-03-04 01:14:58;26;12;5;3;0;0;0;1;1;1;1
2020-03-04 01:15:59;26;12;5;3;0;0;0;1;1;1;1
2020-03-04 01:16:59;26;12;5;3;0;0;0;1;1;1;1
2020-03-04 01:17:58;26;12;5;3;0;0;0;1;1;1;1
2020-03-04 01:18:59;26;12;5;3;0;0;0;1;1;1;1
2020-03-04 01:19:59;26;12;5;3;0;0;0;1;1;1;1
2020-03-04 01:20:58;26;12;5;3;0;0;0;1;1;1;1
2020-03-04 01:21:59;26;12;5;3;0;0;0;1;1;1;1
2020-03-04 01:22:59;26;12;5;3;0;0;0;1;1;1;1
2020-03-04 01:23:58;27;13;5;3;0;0;0;1;1;1;1
2020-03-04 01:24:59;27;13;5;3;0;0;0;1;1;1;1
2020-03-04 01:25:59;27;13;6;3;0;0;0;1;1;1;1
2020-03-04 01:26:58;27;13;6;3;0;0;0;1;1;1;1
2020-03-04 01:27:59;27;13;6;3;0;0;0;1;1;1;1
2020-03-04 01:28:59;27;13;6;3;0;0;0;1;1;1;1
2020-03-04 01:29:59;27;13;6;3;0;0;0;1;1;1;1
2020-03-04 01:30:58;27;13;6;3;0;0;0;1;1;1;1
2020-03-04 01:31:59;27;13;6;3;0;0;0;1;1;1;1
2020-03-04 01:32:59;27;13;6;3;0;0;0;1;1;1;1
2020-03-04 01:33:58;27;13;6;3;0;0;0;1;1;1;1
2020-03-04 01:34:59;27;13;6;3;0;0;0;1;1;1;1
2020-03-04 01:35:59;27;13;6;3;0;0;0;1;1;1;1
2020-03-04 01:36:58;27;13;6;3;0;0;0;1;1;1;1
2020-03-04 01:37:59;27;13;6;3;0;0;0;1;1;1;1
2020-03-04 01:38:59;27;13;6;3;0;0;0;1;1;1;1
2020-03-04 01:40:00;28;14;6;3;0;0;0;1;1;1;1
2020-03-04 01:40:58;28;14;6;3;0;0;0;1;1;1;1
2020-03-04 01:41:59;28;14;6;3;0;0;0;1;1;1;1
2020-03-04 01:42:58;28;14;6;3;0;0;0;1;1;1;1
2020-03-04 01:43:59;28;14;6;3;0;0;0;1;1;1;1
2020-03-04 01:44:59;28;14;6;3;0;0;0;1;1;1;1
2020-03-04 01:45:59;28;14;6;3;0;0;0;1;1;1;1
2020-03-04 01:46:58;28;14;6;3;0;0;0;1;1;1;1
2020-03-04 01:47:59;29;15;6;3;0;0;0;1;1;1;1
2020-03-04 01:48:59;29;15;6;3;0;0;0;1;1;1;1
2020-03-04 01:49:58;29;15;6;3;0;0;0;1;1;1;1
2020-03-04 01:50:59;29;15;6;3;0;0;0;1;1;1;1
2020-03-04 01:51:59;29;15;6;3;0;0;0;1;1;1;1
2020-03-04 01:52:59;29;15;6;3;0;0;0;1;1;1;1
2020-03-04 01:53:58;29;15;6;3;0;0;0;1;1;1;1
2020-03-04 01:54:59;29;15;6;3;0;0;0;1;1;1;1
2020-03-04 01:55:59;29;15;6;3;0;0;0;1;1;1;1
2020-03-04 01:56:58;29;15;6;3;0;0;0;1;1;1;1
2020-03-04 01:57:59;30;15;6;3;0;0;0;1;1;1;1
2020-03-04 01:58:59;30;15;6;3;0;0;0;1;1;1;1
2020-03-04 01:59:58;30;15;6;3;0;0;0;1;1;1;1
2020-03-04 02:00:59;30;15;6;3;0;0;0;1;1;1;1
2020-03-04 02:01:59;30;15;6;3;0;0;0;1;1;1;1
2020-03-04 02:02:58;30;15;6;3;0;0;0;1;1;1;1
2020-03-04 02:03:59;30;15;6;3;0;0;0;1;1;1;1
2020-03-04 02:04:59;30;15;6;3;0;0;0;1;1;1;1
2020-03-04 02:05:58;30;15;6;3;0;0;0;1;1;1;1
2020-03-04 02:06:59;30;15;6;3;0;0;0;1;1;1;1
2020-03-04 02:07:59;30;15;6;3;0;0;0;1;1;1;1
2020-03-04 02:08:59;30;15;6;3;0;0;0;1;1;1;1
2020-03-04 02:09:58;30;15;6;3;0;0;0;1;1;1;1
2020-03-04 02:10:59;30;15;6;3;0;0;0;1;1;1;1
2020-03-04 02:11:59;30;15;6;3;0;0;0;1;1;1;1
2020-03-04 02:12:58;30;15;6;3;0;0;0;1;1;1;1
2020-03-04 02:13:59;30;15;6;3;0;0;0;1;1;1;1
2020-03-04 02:14:59;30;15;6;3;0;0;0;1;1;1;1
2020-03-04 02:15:59;30;15;6;3;0;0;0;1;1;1;1
2020-03-04 02:16:58;30;15;6;3;0;0;0;1;1;1;1
2020-03-04 02:17:59;30;15;6;3;0;0;0;1;1;1;1
2020-03-04 02:18:59;30;15;6;3;0;0;0;1;1;1;1
2020-03-04 02:20:00;30;15;6;3;0;0;0;1;1;1;1
2020-03-04 02:20:58;30;15;6;3;0;0;0;1;1;1;1
2020-03-04 02:21:59;30;15;6;3;0;0;0;1;1;1;1
2020-03-04 02:22:59;30;15;6;3;0;0;0;1;1;1;1
2020-03-04 02:23:58;30;15;6;3;0;0;0;1;1;1;1
2020-03-04 02:24:59;30;15;6;3;0;0;0;1;1;1;1
2020-03-04 02:25:59;30;15;6;3;0;0;0;1;1;1;1
2020-03-04 02:26:58;30;15;6;3;0;0;0;1;1;1;1
2020-03-04 02:27:59;30;15;6;3;0;0;0;1;1;1;1
2020-03-04 02:28:59;30;15;6;3;0;0;0;1;1;1;1
2020-03-04 02:29:59;30;15;6;3;0;0;0;1;1;1;1
2020-03-04 02:30:58;30;15;6;3;0;0;0;1;1;1;1
2020-03-04 02:31:59;30;15;6;3;0;0;0;1;1;1;1
2020-03-04 02:32:59;30;15;6;3;0;0;0;1;1;1;1
2020-03-04 02:33:58;30;15;6;3;0;0;0;1;1;1;1
2020-03-04 02:34:59;30;15;6;3;0;0;0;1;1;1;1
2020-03-04 02:35:59;30;15;6;3;0;0;0;1;1;1;1
2020-03-04 02:36:59;30;15;6;3;0;0;0;1;1;1;1
2020-03-04 02:37:58;30;15;6;3;0;0;0;1;1;1;1
2020-03-04 02:38:59;31;15;7;3;0;0;0;1;1;1;1
2020-03-04 02:39:59;32;15;7;3;0;0;0;2;1;1;1
2020-03-04 02:40:58;32;15;7;3;0;0;0;2;1;1;1
2020-03-04 02:41:59;32;15;7;3;0;0;0;2;1;1;1
2020-03-04 02:42:59;32;15;7;3;0;0;0;2;1;1;1
2020-03-04 02:43:59;32;15;7;3;0;0;0;2;1;1;1
2020-03-04 02:44:58;32;15;7;3;0;0;0;2;1;1;1
2020-03-04 02:45:59;32;15;7;3;0;0;0;2;1;1;1
2020-03-04 02:46:59;32;15;7;3;0;0;0;2;1;1;1
2020-03-04 02:47:58;32;15;7;3;0;0;0;2;1;1;1
2020-03-04 02:48:59;32;15;7;3;0;0;0;2;1;1;1
2020-03-04 02:49:59;32;15;7;3;0;0;0;2;1;1;1
2020-03-04 02:50:58;32;15;7;3;0;0;0;2;1;1;1
2020-03-04 02:51:59;32;15;7;3;0;0;0;2;1;1;1
2020-03-04 02:52:59;32;15;7;3;0;0;0;2;1;1;1
2020-03-04 02:53:58;32;15;7;3;0;0;0;2;1;1;1
2020-03-04 02:54:59;32;15;7;3;0;0;0;2;1;1;1
2020-03-04 02:55:59;32;15;7;3;0;0;0;2;1;1;1
2020-03-04 02:56:58;32;15;7;3;0;0;0;2;1;1;1
2020-03-04 02:57:59;32;15;7;3;0;0;0;2;1;1;1
2020-03-04 02:58:59;32;15;7;3;0;0;0;2;1;1;1
2020-03-04 02:59:59;32;15;7;3;0;0;0;2;1;1;1
2020-03-04 03:00:58;32;15;7;3;0;0;0;2;1;1;1
2020-03-04 03:01:59;32;15;7;3;0;0;0;2;1;1;1
2020-03-04 03:02:59;32;15;7;3;0;0;0;2;1;1;1
2020-03-04 03:03:58;32;15;7;3;0;0;0;2;1;1;1
2020-03-04 03:04:59;32;15;7;3;0;0;0;2;1;1;1
2020-03-04 03:05:59;33;15;7;4;0;0;0;2;1;1;1
2020-03-04 03:06:58;33;15;7;4;0;0;0;2;1;1;1
2020-03-04 03:07:59;33;15;7;4;0;0;0;2;1;1;1
2020-03-04 03:08:59;33;15;7;4;0;0;0;2;1;1;1
2020-03-04 03:09:59;33;15;7;4;0;0;0;2;1;1;1
2020-03-04 03:10:58;33;15;7;4;0;0;0;2;1;1;1
2020-03-04 03:11:59;34;16;7;4;0;0;0;2;1;1;1
2020-03-04 03:12:59;35;16;7;5;0;0;0;2;1;1;1
2020-03-04 03:13:58;35;16;7;5;0;0;0;2;1;1;1
2020-03-04 03:14:59;35;16;7;5;0;0;0;2;1;1;1
2020-03-04 03:15:59;35;16;7;5;0;0;0;2;1;1;1
2020-03-04 03:16:59;35;16;7;5;0;0;0;2;1;1;1
2020-03-04 03:17:58;35;16;7;5;0;0;0;2;1;1;1
2020-03-04 03:18:59;35;16;7;5;0;0;0;2;1;1;1
2020-03-04 03:19:59;35;16;7;5;0;0;0;2;1;1;1
2020-03-04 03:20:58;36;17;7;5;0;0;0;2;1;1;1
2020-03-04 03:21:59;36;17;7;5;0;0;0;2;1;1;1
2020-03-04 03:22:59;36;17;7;5;0;0;0;2;1;1;1
2020-03-04 03:23:58;36;17;7;5;0;0;0;2;1;1;1
2020-03-04 03:24:59;36;17;7;5;0;0;0;2;1;1;1
2020-03-04 03:25:59;36;17;7;5;0;0;0;2;1;1;1
2020-03-04 03:26:59;36;17;7;5;0;0;0;2;1;1;1
2020-03-04 03:27:58;36;17;7;5;0;0;0;2;1;1;1
2020-03-04 03:28:59;36;17;7;5;0;0;0;2;1;1;1
2020-03-04 03:29:59;36;17;7;5;0;0;0;2;1;1;1
2020-03-04 03:30:58;36;17;7;5;0;0;0;2;1;1;1
2020-03-04 03:31:59;36;17;7;5;0;0;0;2;1;1;1
2020-03-04 03:32:59;36;17;7;5;0;0;0;2;1;1;1
2020-03-04 03:33:58;36;17;7;5;0;0;0;2;1;1;1
2020-03-04 03:34:59;36;17;7;5;0;0;0;2;1;1;1
2020-03-04 03:35:59;36;17;7;5;0;0;0;2;1;1;1
2020-03-04 03:36:59;36;17;7;5;0;0;0;2;1;1;1
2020-03-04 03:37:58;36;17;7;5;0;0;0;2;1;1;1
2020-03-04 03:38:59;36;17;7;5;0;0;0;2;1;1;1
2020-03-04 03:39:58;36;17;7;5;0;0;0;2;1;1;1
2020-03-04 03:40:59;36;17;7;5;0;0;0;2;1;1;1
2020-03-04 03:41:59;36;17;7;5;0;0;0;2;1;1;1
2020-03-04 03:42:58;36;17;7;5;0;0;0;2;1;1;1
2020-03-04 03:43:59;36;17;7;5;0;0;0;2;1;1;1
2020-03-04 03:44:58;36;17;7;5;0;0;0;2;1;1;1
2020-03-04 03:45:59;37;18;7;5;0;0;0;2;1;1;1
2020-03-04 03:46:59;37;18;7;5;0;0;0;2;1;1;1
2020-03-04 03:47:58;37;18;7;5;0;0;0;2;1;1;1
2020-03-04 03:48:59;37;18;7;5;0;0;0;2;1;1;1
2020-03-04 03:49:59;37;18;7;5;0;0;0;2;1;1;1
2020-03-04 03:50:59;37;18;7;5;0;0;0;2;1;1;1
2020-03-04 03:51:58;37;18;7;5;0;0;0;2;1;1;1
2020-03-04 03:52:59;38;19;7;5;0;0;0;2;1;1;1
2020-03-04 03:53:59;38;19;7;5;0;0;0;2;1;1;1
2020-03-04 03:54:58;38;19;7;5;0;0;0;2;1;1;1
2020-03-04 03:55:59;38;19;7;5;0;0;0;2;1;1;1
2020-03-04 03:56:59;38;19;7;5;0;0;0;2;1;1;1
2020-03-04 03:57:59;38;19;7;5;0;0;0;2;1;1;1
2020-03-04 03:58:58;38;19;7;5;0;0;0;2;1;1;1
2020-03-04 03:59:59;38;19;7;5;0;0;0;2;1;1;1
2020-03-04 04:00:59;38;19;7;5;0;0;0;2;1;1;1
2020-03-04 04:01:58;38;19;7;5;0;0;0;2;1;1;1
2020-03-04 04:02:59;38;19;7;5;0;0;0;2;1;1;1
2020-03-04 04:03:59;38;19;7;5;0;0;0;2;1;1;1
2020-03-04 04:04:58;38;19;7;5;0;0;0;2;1;1;1
2020-03-04 04:05:59;38;19;7;5;0;0;0;2;1;1;1
2020-03-04 04:06:59;38;19;7;5;0;0;0;2;1;1;1
2020-03-04 04:07:58;38;19;7;5;0;0;0;2;1;1;1
2020-03-04 04:08:59;38;19;7;5;0;0;0;2;1;1;1
2020-03-04 04:09:59;38;19;7;5;0;0;0;2;1;1;1
2020-03-04 04:10:59;38;19;7;5;0;0;0;2;1;1;1
2020-03-04 04:11:58;38;19;7;5;0;0;0;2;1;1;1
2020-03-04 04:12:59;38;19;7;5;0;0;0;2;1;1;1
2020-03-04 04:13:59;38;19;7;5;0;0;0;2;1;1;1
2020-03-04 04:14:58;38;19;7;5;0;0;0;2;1;1;1
2020-03-04 04:15:59;38;19;7;5;0;0;0;2;1;1;1
2020-03-04 04:16:59;38;19;7;5;0;0;0;2;1;1;1
2020-03-04 04:17:59;38;19;7;5;0;0;0;2;1;1;1
2020-03-04 04:18:58;38;19;7;5;0;0;0;2;1;1;1
2020-03-04 04:19:59;38;19;7;5;0;0;0;2;1;1;1
2020-03-04 04:20:59;38;19;7;5;0;0;0;2;1;1;1
2020-03-04 04:21:59;38;19;7;5;0;0;0;2;1;1;1
2020-03-04 04:22:58;38;19;7;5;0;0;0;2;1;1;1
2020-03-04 04:23:59;38;19;7;5;0;0;0;2;1;1;1
2020-03-04 04:24:59;38;19;7;5;0;0;0;2;1;1;1
2020-03-04 04:25:58;38;19;7;5;0;0;0;2;1;1;1
2020-03-04 04:26:59;38;19;7;5;0;0;0;2;1;1;1
2020-03-04 04:27:59;38;19;7;5;0;0;0;2;1;1;1
2020-03-04 04:29:00;38;19;7;5;0;0;0;2;1;1;1
2020-03-04 04:29:58;38;19;7;5;0;0;0;2;1;1;1
2020-03-04 04:30:59;38;19;7;5;0;0;0;2;1;1;1
2020-03-04 04:31:58;38;19;7;5;0;0;0;2;1;1;1
2020-03-04 04:32:59;38;19;7;5;0;0;0;2;1;1;1
2020-03-04 04:33:59;38;19;7;5;0;0;0;2;1;1;1
2020-03-04 04:34:59;38;19;7;5;0;0;0;2;1;1;1
2020-03-04 04:35:58;38;19;7;5;0;0;0;2;1;1;1
2020-03-04 04:36:59;38;19;7;5;0;0;0;2;1;1;1
2020-03-04 04:37:58;38;19;7;5;0;0;0;2;1;1;1
2020-03-04 04:38:59;38;19;7;5;0;0;0;2;1;1;1
2020-03-04 04:39:59;38;19;7;5;0;0;0;2;1;1;1
2020-03-04 04:40:59;38;19;7;5;0;0;0;2;1;1;1
2020-03-04 04:41:58;38;19;7;5;0;0;0;2;1;1;1
2020-03-04 04:42:59;38;19;7;5;0;0;0;2;1;1;1
2020-03-04 04:43:59;38;19;7;5;0;0;0;2;1;1;1
2020-03-04 04:44:58;38;19;7;5;0;0;0;2;1;1;1
2020-03-04 04:45:59;38;19;7;5;0;0;0;2;1;1;1
2020-03-04 04:46:59;38;19;7;5;0;0;0;2;1;1;1
2020-03-04 04:47:58;38;19;7;5;0;0;0;2;1;1;1
2020-03-04 04:48:59;38;19;7;5;0;0;0;2;1;1;1
2020-03-04 04:49:59;38;19;7;5;0;0;0;2;1;1;1
2020-03-04 04:50:58;38;19;7;5;0;0;0;2;1;1;1
2020-03-04 04:51:59;38;19;7;5;0;0;0;2;1;1;1
2020-03-04 04:52:59;38;19;7;5;0;0;0;2;1;1;1
2020-03-04 04:54:00;38;19;7;5;0;0;0;2;1;1;1
2020-03-04 04:54:58;38;19;7;5;0;0;0;2;1;1;1
2020-03-04 04:55:59;38;19;7;5;0;0;0;2;1;1;1
2020-03-04 04:56:58;38;19;7;5;0;0;0;2;1;1;1
2020-03-04 04:57:59;38;19;7;5;0;0;0;2;1;1;1
2020-03-04 04:58:58;38;19;7;5;0;0;0;2;1;1;1
2020-03-04 04:59:59;38;19;7;5;0;0;0;2;1;1;1
2020-03-04 05:00:59;38;19;7;5;0;0;0;2;1;1;1
2020-03-04 05:01:58;38;19;7;5;0;0;0;2;1;1;1
2020-03-04 05:02:59;38;19;7;5;0;0;0;2;1;1;1
2020-03-04 05:03:58;38;19;7;5;0;0;0;2;1;1;1
2020-03-04 05:04:59;38;19;7;5;0;0;0;2;1;1;1
2020-03-04 05:05:59;38;19;7;5;0;0;0;2;1;1;1
2020-03-04 05:06:59;38;19;7;5;0;0;0;2;1;1;1
2020-03-04 05:07:58;38;19;7;5;0;0;0;2;1;1;1
2020-03-04 05:08:59;38;19;7;5;0;0;0;2;1;1;1
2020-03-04 05:09:59;38;19;7;5;0;0;0;2;1;1;1
2020-03-04 05:10:59;38;19;7;5;0;0;0;2;1;1;1
2020-03-04 05:11:59;38;19;7;5;0;0;0;2;1;1;1
2020-03-04 05:12:59;38;19;7;5;0;0;0;2;1;1;1
2020-03-04 05:13:58;38;19;7;5;0;0;0;2;1;1;1
2020-03-04 05:14:59;38;19;7;5;0;0;0;2;1;1;1
2020-03-04 05:15:59;38;19;7;5;0;0;0;2;1;1;1
2020-03-04 05:16:58;38;19;7;5;0;0;0;2;1;1;1
2020-03-04 05:17:59;38;19;7;5;0;0;0;2;1;1;1
2020-03-04 05:18:58;38;19;7;5;0;0;0;2;1;1;1
2020-03-04 05:19:59;38;19;7;5;0;0;0;2;1;1;1
2020-03-04 05:20:58;38;19;7;5;0;0;0;2;1;1;1
2020-03-04 05:21:59;38;19;7;5;0;0;0;2;1;1;1
2020-03-04 05:22:59;38;19;7;5;0;0;0;2;1;1;1
2020-03-04 05:23:58;38;19;7;5;0;0;0;2;1;1;1
2020-03-04 05:24:59;38;19;7;5;0;0;0;2;1;1;1
2020-03-04 05:25:58;38;19;7;5;0;0;0;2;1;1;1
2020-03-04 05:26:59;38;19;7;5;0;0;0;2;1;1;1
2020-03-04 05:27:58;38;19;7;5;0;0;0;2;1;1;1
2020-03-04 05:28:59;38;19;7;5;0;0;0;2;1;1;1
2020-03-04 05:29:59;38;19;7;5;0;0;0;2;1;1;1
2020-03-04 05:30:58;38;19;7;5;0;0;0;2;1;1;1
2020-03-04 05:32:00;38;19;7;5;0;0;0;2;1;1;1
2020-03-04 05:32:58;38;19;7;5;0;0;0;2;1;1;1
2020-03-04 05:33:59;38;19;7;5;0;0;0;2;1;1;1
2020-03-04 05:34:59;38;19;7;5;0;0;0;2;1;1;1
2020-03-04 05:35:59;38;19;7;5;0;0;0;2;1;1;1
2020-03-04 05:36:58;38;19;7;5;0;0;0;2;1;1;1
2020-03-04 05:37:59;38;19;7;5;0;0;0;2;1;1;1
2020-03-04 05:38:59;38;19;7;5;0;0;0;2;1;1;1
2020-03-04 05:39:58;38;19;7;5;0;0;0;2;1;1;1
2020-03-04 05:40:59;38;19;7;5;0;0;0;2;1;1;1
2020-03-04 05:41:59;38;19;7;5;0;0;0;2;1;1;1
2020-03-04 05:42:59;38;19;7;5;0;0;0;2;1;1;1
2020-03-04 05:43:58;38;19;7;5;0;0;0;2;1;1;1
2020-03-04 05:44:59;38;19;7;5;0;0;0;2;1;1;1
2020-03-04 05:45:59;38;19;7;5;0;0;0;2;1;1;1
2020-03-04 05:46:58;38;19;7;5;0;0;0;2;1;1;1
2020-03-04 05:47:59;38;19;7;5;0;0;0;2;1;1;1
2020-03-04 05:48:59;38;19;7;5;0;0;0;2;1;1;1
2020-03-04 05:49:58;38;19;7;5;0;0;0;2;1;1;1
2020-03-04 05:50:59;38;19;7;5;0;0;0;2;1;1;1
2020-03-04 05:51:59;38;19;7;5;0;0;0;2;1;1;1
2020-03-04 05:52:59;38;19;7;5;0;0;0;2;1;1;1
2020-03-04 05:53:58;38;19;7;5;0;0;0;2;1;1;1
2020-03-04 05:54:59;38;19;7;5;0;0;0;2;1;1;1
2020-03-04 05:55:59;38;19;7;5;0;0;0;2;1;1;1
2020-03-04 05:56:58;38;19;7;5;0;0;0;2;1;1;1
2020-03-04 05:57:59;38;19;7;5;0;0;0;2;1;1;1
2020-03-04 05:58:59;38;19;7;5;0;0;0;2;1;1;1
2020-03-04 05:59:58;38;19;7;5;0;0;0;2;1;1;1
2020-03-04 06:00:59;38;19;7;5;0;0;0;2;1;1;1
2020-03-04 06:01:59;38;19;7;5;0;0;0;2;1;1;1
2020-03-04 06:02:58;38;19;7;5;0;0;0;2;1;1;1
2020-03-04 06:03:59;38;19;7;5;0;0;0;2;1;1;1
2020-03-04 06:04:59;38;19;7;5;0;0;0;2;1;1;1
2020-03-04 06:05:59;38;19;7;5;0;0;0;2;1;1;1
2020-03-04 06:06:58;38;19;7;5;0;0;0;2;1;1;1
2020-03-04 06:07:59;38;19;7;5;0;0;0;2;1;1;1
2020-03-04 06:08:59;38;19;7;5;0;0;0;2;1;1;1
2020-03-04 06:09:58;38;19;7;5;0;0;0;2;1;1;1
2020-03-04 06:10:59;38;19;7;5;0;0;0;2;1;1;1
2020-03-04 06:11:59;38;19;7;5;0;0;0;2;1;1;1
2020-03-04 06:12:58;38;19;7;5;0;0;0;2;1;1;1
2020-03-04 06:13:59;38;19;7;5;0;0;0;2;1;1;1
2020-03-04 06:14:59;38;19;7;5;0;0;0;2;1;1;1
2020-03-04 06:15:58;39;20;7;5;0;0;0;2;1;1;1
2020-03-04 06:16:59;40;21;7;5;0;0;0;2;1;1;1
2020-03-04 06:17:59;40;21;7;5;0;0;0;2;1;1;1
2020-03-04 06:18:58;40;21;7;5;0;0;0;2;1;1;1
2020-03-04 06:19:59;40;21;7;5;0;0;0;2;1;1;1
2020-03-04 06:20:59;40;21;7;5;0;0;0;2;1;1;1
2020-03-04 06:21:58;40;21;7;5;0;0;0;2;1;1;1
2020-03-04 06:22:59;40;21;7;5;0;0;0;2;1;1;1
2020-03-04 06:23:59;40;21;7;5;0;0;0;2;1;1;1
2020-03-04 06:24:59;40;21;7;5;0;0;0;2;1;1;1
2020-03-04 06:25:58;40;21;7;5;0;0;0;2;1;1;1
2020-03-04 06:26:59;40;21;7;5;0;0;0;2;1;1;1
2020-03-04 06:27:59;40;21;7;5;0;0;0;2;1;1;1
2020-03-04 06:28:58;40;21;7;5;0;0;0;2;1;1;1
2020-03-04 06:29:59;40;21;7;5;0;0;0;2;1;1;1
2020-03-04 06:30:59;40;21;7;5;0;0;0;2;1;1;1
2020-03-04 06:31:58;40;21;7;5;0;0;0;2;1;1;1
2020-03-04 06:32:59;40;21;7;5;0;0;0;2;1;1;1
2020-03-04 06:33:59;40;21;7;5;0;0;0;2;1;1;1
2020-03-04 06:34:59;40;21;7;5;0;0;0;2;1;1;1
2020-03-04 06:35:58;40;21;7;5;0;0;0;2;1;1;1
2020-03-04 06:36:59;40;21;7;5;0;0;0;2;1;1;1
2020-03-04 06:37:58;40;21;7;5;0;0;0;2;1;1;1
2020-03-04 06:38:59;40;21;7;5;0;0;0;2;1;1;1
2020-03-04 06:39:59;40;21;7;5;0;0;0;2;1;1;1
2020-03-04 06:40:58;40;21;7;5;0;0;0;2;1;1;1
2020-03-04 06:41:59;40;21;7;5;0;0;0;2;1;1;1
2020-03-04 06:42:59;40;21;7;5;0;0;0;2;1;1;1
2020-03-04 06:43:59;40;21;7;5;0;0;0;2;1;1;1
2020-03-04 06:44:58;40;21;7;5;0;0;0;2;1;1;1
2020-03-04 06:45:59;40;21;7;5;0;0;0;2;1;1;1
2020-03-04 06:46:59;40;21;7;5;0;0;0;2;1;1;1
2020-03-04 06:47:58;40;21;7;5;0;0;0;2;1;1;1
2020-03-04 06:48:59;42;21;8;6;0;0;0;2;1;1;1
2020-03-04 06:49:59;42;21;8;6;0;0;0;2;1;1;1
2020-03-04 06:50:59;42;21;8;6;0;0;0;2;1;1;1
2020-03-04 06:51:58;42;21;8;6;0;0;0;2;1;1;1
2020-03-04 06:52:59;43;21;8;7;0;0;0;2;1;1;1
2020-03-04 06:53:59;43;21;8;7;0;0;0;2;1;1;1
2020-03-04 06:54:58;43;21;8;7;0;0;0;2;1;1;1
2020-03-04 06:55:59;43;21;8;7;0;0;0;2;1;1;1
2020-03-04 06:56:59;43;21;8;7;0;0;0;2;1;1;1
2020-03-04 06:57:58;43;21;8;7;0;0;0;2;1;1;1
2020-03-04 06:58:59;43;21;8;7;0;0;0;2;1;1;1
2020-03-04 06:59:59;43;21;8;7;0;0;0;2;1;1;1
2020-03-04 07:00:59;43;21;8;7;0;0;0;2;1;1;1
2020-03-04 07:01:58;43;21;8;7;0;0;0;2;1;1;1
2020-03-04 07:02:59;43;21;8;7;0;0;0;2;1;1;1
2020-03-04 07:03:59;43;21;8;7;0;0;0;2;1;1;1
2020-03-04 07:04:58;43;21;8;7;0;0;0;2;1;1;1
2020-03-04 07:05:59;43;21;8;7;0;0;0;2;1;1;1
2020-03-04 07:06:59;43;21;8;7;0;0;0;2;1;1;1
2020-03-04 07:07:58;44;22;8;7;0;0;0;2;1;1;1
2020-03-04 07:08:59;44;22;8;7;0;0;0;2;1;1;1
2020-03-04 07:09:59;44;22;8;7;0;0;0;2;1;1;1
2020-03-04 07:10:58;44;22;8;7;0;0;0;2;1;1;1
2020-03-04 07:11:59;46;23;9;7;0;0;0;2;1;1;1
2020-03-04 07:12:59;46;23;9;7;0;0;0;2;1;1;1
2020-03-04 07:13:58;46;23;9;7;0;0;0;2;1;1;1
2020-03-04 07:14:59;46;23;9;7;0;0;0;2;1;1;1
2020-03-04 07:15:59;46;23;9;7;0;0;0;2;1;1;1
2020-03-04 07:16:59;46;23;9;7;0;0;0;2;1;1;1
2020-03-04 07:17:58;47;24;9;7;0;0;0;2;1;1;1
2020-03-04 07:18:59;47;24;9;7;0;0;0;2;1;1;1
2020-03-04 07:19:59;47;24;9;7;0;0;0;2;1;1;1
2020-03-04 07:20:58;47;24;9;7;0;0;0;2;1;1;1
2020-03-04 07:21:59;47;24;9;7;0;0;0;2;1;1;1
2020-03-04 07:22:59;47;24;9;7;0;0;0;2;1;1;1
2020-03-04 07:23:58;47;24;9;7;0;0;0;2;1;1;1
2020-03-04 07:24:59;48;24;10;7;0;0;0;2;1;1;1
2020-03-04 07:25:59;48;24;10;7;0;0;0;2;1;1;1
2020-03-04 07:26:58;48;24;10;7;0;0;0;2;1;1;1
2020-03-04 07:27:59;48;24;10;7;0;0;0;2;1;1;1
2020-03-04 07:28:59;48;24;10;7;0;0;0;2;1;1;1
2020-03-04 07:29:58;49;25;10;7;0;0;0;2;1;1;1
2020-03-04 07:30:59;49;25;10;7;0;0;0;2;1;1;1
2020-03-04 07:31:59;49;25;10;7;0;0;0;2;1;1;1
2020-03-04 07:32:59;50;25;10;7;0;0;0;2;1;2;1
2020-03-04 07:33:58;50;25;10;7;0;0;0;2;1;2;1
2020-03-04 07:34:59;50;25;10;7;0;0;0;2;1;2;1
2020-03-04 07:35:59;50;25;10;7;0;0;0;2;1;2;1
2020-03-04 07:37:00;50;25;10;7;0;0;0;2;1;2;1
2020-03-04 07:37:58;50;25;10;7;0;0;0;2;1;2;1
2020-03-04 07:38:59;50;25;10;7;0;0;0;2;1;2;1
2020-03-04 07:39:58;50;25;10;7;0;0;0;2;1;2;1
2020-03-04 07:40:59;50;25;10;7;0;0;0;2;1;2;1
2020-03-04 07:41:59;50;25;10;7;0;0;0;2;1;2;1
2020-03-04 07:42:59;51;26;10;7;0;0;0;2;1;2;1
2020-03-04 07:43:58;52;27;10;7;0;0;0;2;1;2;1
2020-03-04 07:44:59;52;27;10;7;0;0;0;2;1;2;1
2020-03-04 07:45:59;52;27;10;7;0;0;0;2;1;2;1
2020-03-04 07:46:58;52;27;10;7;0;0;0;2;1;2;1
2020-03-04 07:47:59;53;27;11;7;0;0;0;2;1;2;1
2020-03-04 07:48:59;53;27;11;7;0;0;0;2;1;2;1
2020-03-04 07:49:58;54;27;12;7;0;0;0;2;1;2;1
2020-03-04 07:50:59;54;27;12;7;0;0;0;2;1;2;1
2020-03-04 07:51:59;54;27;12;7;0;0;0;2;1;2;1
2020-03-04 07:52:59;54;27;12;7;0;0;0;2;1;2;1
2020-03-04 07:53:58;54;27;12;7;0;0;0;2;1;2;1
2020-03-04 07:54:59;54;27;12;7;0;0;0;2;1;2;1
2020-03-04 07:55:59;54;27;12;7;0;0;0;2;1;2;1
2020-03-04 07:56:58;54;27;12;7;0;0;0;2;1;2;1
2020-03-04 07:57:59;55;28;12;7;0;0;0;2;1;2;1
2020-03-04 07:59:00;55;28;12;7;0;0;0;2;1;2;1
2020-03-04 07:59:58;55;28;12;7;0;0;0;2;1;2;1
2020-03-04 08:00:59;55;28;12;7;0;0;0;2;1;2;1
2020-03-04 08:01:59;55;28;12;7;0;0;0;2;1;2;1
2020-03-04 08:02:58;55;28;12;7;0;0;0;2;1;2;1
2020-03-04 08:03:59;55;27;12;7;0;1;0;2;1;2;1
2020-03-04 08:04:59;55;27;12;7;0;1;0;2;1;2;1
2020-03-04 08:05:58;55;27;12;7;0;1;0;2;1;2;1
2020-03-04 08:06:59;55;27;12;7;0;1;0;2;1;2;1
2020-03-04 08:07:59;55;27;12;7;0;1;0;2;1;2;1
2020-03-04 08:08:58;55;27;12;7;0;1;0;2;1;2;1
2020-03-04 08:09:59;56;27;12;7;0;2;0;2;1;2;1
2020-03-04 08:10:59;56;27;12;7;0;2;0;2;1;2;1
2020-03-04 08:11:58;56;27;12;7;0;2;0;2;1;2;1
2020-03-04 08:12:59;56;27;12;7;0;2;0;2;1;2;1
2020-03-04 08:13:59;56;27;12;7;0;2;0;2;1;2;1
2020-03-04 08:14:59;56;27;12;7;0;2;0;2;1;2;1
2020-03-04 08:15:58;56;27;12;7;0;2;0;2;1;2;1
2020-03-04 08:16:59;56;27;12;7;0;2;0;2;1;2;1
2020-03-04 08:17:59;57;28;12;7;0;2;0;2;1;2;1
2020-03-04 08:18:58;57;28;12;7;0;2;0;2;1;2;1
2020-03-04 08:19:59;57;28;12;7;0;2;0;2;1;2;1
2020-03-04 08:20:59;57;28;12;7;0;2;0;2;1;2;1
2020-03-04 08:21:59;57;28;12;7;0;2;0;2;1;2;1
2020-03-04 08:22:58;57;28;12;7;0;2;0;2;1;2;1
2020-03-04 08:23:59;57;28;12;7;0;2;0;2;1;2;1
2020-03-04 08:24:59;57;28;12;7;0;2;0;2;1;2;1
2020-03-04 08:25:58;58;29;12;7;0;2;0;2;1;2;1
2020-03-04 08:26:59;58;29;12;7;0;2;0;2;1;2;1
2020-03-04 08:27:59;59;30;12;7;0;2;0;2;1;2;1
2020-03-04 08:28:58;59;30;12;7;0;2;0;2;1;2;1
2020-03-04 08:29:59;59;30;12;7;0;2;0;2;1;2;1
2020-03-04 08:30:59;59;30;12;7;0;2;0;2;1;2;1
2020-03-04 08:31:58;60;30;12;7;0;2;0;2;1;2;1
2020-03-04 08:32:59;60;30;12;7;0;2;0;2;1;2;1
2020-03-04 08:33:59;60;30;12;7;0;2;0;2;1;2;1
2020-03-04 08:34:59;60;30;12;7;0;2;0;2;1;2;1
2020-03-04 08:35:58;60;30;12;7;0;2;0;2;1;2;1
2020-03-04 08:36:59;60;30;12;7;0;2;0;2;1;2;1
2020-03-04 08:37:59;61;31;12;7;0;2;0;2;1;2;1
2020-03-04 08:38:58;61;31;12;7;0;2;0;2;1;2;1
2020-03-04 08:39:59;61;31;12;7;0;2;0;2;1;2;1
2020-03-04 08:40:59;61;31;12;7;0;2;0;2;1;2;1
2020-03-04 08:41:58;61;31;12;7;0;2;0;2;1;2;1
2020-03-04 08:42:59;61;31;12;7;0;2;0;2;1;2;1
2020-03-04 08:43:59;61;31;12;7;0;2;0;2;1;2;1
2020-03-04 08:44:58;61;31;12;7;0;2;0;2;1;2;1
2020-03-04 08:45:59;61;31;12;7;0;2;0;2;1;2;1
2020-03-04 08:46:59;61;31;12;7;0;2;0;2;1;2;1
2020-03-04 08:47:58;61;31;12;7;0;2;0;2;1;2;1
2020-03-04 08:48:59;61;31;12;7;0;2;0;2;1;2;1
2020-03-04 08:49:59;62;32;12;7;0;2;0;2;1;2;1
2020-03-04 08:50:59;62;32;12;7;0;2;0;2;1;2;1
2020-03-04 08:51:58;62;32;12;7;0;2;0;2;1;2;1
2020-03-04 08:52:59;62;32;12;7;0;2;0;2;1;2;1
2020-03-04 08:53:59;62;32;12;7;0;2;0;2;1;2;1
2020-03-04 08:54:58;62;32;12;7;0;2;0;2;1;2;1
2020-03-04 08:55:59;62;32;12;7;0;2;0;2;1;2;1
2020-03-04 08:56:59;62;32;12;7;0;2;0;2;1;2;1
2020-03-04 08:57:59;63;33;12;7;0;2;0;2;1;2;1
2020-03-04 08:58:58;63;33;12;7;0;2;0;2;1;2;1
2020-03-04 08:59:59;63;33;12;7;0;2;0;2;1;2;1
2020-03-04 09:00:58;63;33;12;7;0;2;0;2;1;2;1
2020-03-04 09:01:59;64;34;12;7;0;2;0;2;1;2;1
2020-03-04 09:02:59;64;34;12;7;0;2;0;2;1;2;1
2020-03-04 09:03:58;64;34;12;7;0;2;0;2;1;2;1
2020-03-04 09:04:59;64;34;12;7;0;2;0;2;1;2;1
2020-03-04 09:05:59;64;34;12;7;0;2;0;2;1;2;1
2020-03-04 09:06:59;65;35;12;7;0;2;0;2;1;2;1
2020-03-04 09:07:58;66;36;12;7;0;2;0;2;1;2;1
2020-03-04 09:08:59;66;36;12;7;0;2;0;2;1;2;1
2020-03-04 09:09:59;66;36;12;7;0;2;0;2;1;2;1
2020-03-04 09:11:00;66;36;12;7;0;2;0;2;1;2;1
2020-03-04 09:11:58;66;36;12;7;0;2;0;2;1;2;1
2020-03-04 09:12:59;67;37;12;7;0;2;0;2;1;2;1
2020-03-04 09:13:59;67;37;12;7;0;2;0;2;1;2;1
2020-03-04 09:14:58;67;37;12;7;0;2;0;2;1;2;1
2020-03-04 09:15:59;67;37;12;7;0;2;0;2;1;2;1
2020-03-04 09:16:59;67;37;12;7;0;2;0;2;1;2;1
2020-03-04 09:17:58;67;37;12;7;0;2;0;2;1;2;1
2020-03-04 09:18:59;68;38;12;7;0;2;0;2;1;2;1
2020-03-04 09:19:59;68;38;12;7;0;2;0;2;1;2;1
2020-03-04 09:20:58;68;38;12;7;0;2;0;2;1;2;1
2020-03-04 09:21:59;69;39;12;7;0;2;0;2;1;2;1
2020-03-04 09:22:59;69;39;12;7;0;2;0;2;1;2;1
2020-03-04 09:23:59;69;39;12;7;0;2;0;2;1;2;1
2020-03-04 09:24:58;70;39;12;7;0;3;0;2;1;2;1
2020-03-04 09:25:59;70;39;12;7;0;3;0;2;1;2;1
2020-03-04 09:26:59;71;40;12;7;0;3;0;2;1;2;1
2020-03-04 09:27:58;71;40;12;7;0;3;0;2;1;2;1
2020-03-04 09:28:59;71;40;12;7;0;3;0;2;1;2;1
2020-03-04 09:29:59;71;40;12;7;0;3;0;2;1;2;1
2020-03-04 09:30:59;71;40;12;7;0;3;0;2;1;2;1
2020-03-04 09:31:58;71;40;12;7;0;3;0;2;1;2;1
2020-03-04 09:32:59;71;40;12;7;0;3;0;2;1;2;1
2020-03-04 09:33:59;71;40;12;7;0;3;0;2;1;2;1
2020-03-04 09:34:58;71;40;12;7;0;3;0;2;1;2;1
2020-03-04 09:35:59;71;40;12;7;0;3;0;2;1;2;1
2020-03-04 09:36:59;71;40;12;7;0;3;0;2;1;2;1
2020-03-04 09:37:58;71;40;12;7;0;3;0;2;1;2;1
2020-03-04 09:38:59;71;40;12;7;0;3;0;2;1;2;1
2020-03-04 09:39:59;72;41;12;7;0;3;0;2;1;2;1
2020-03-04 09:40:59;72;41;12;7;0;3;0;2;1;2;1
2020-03-04 09:41:58;72;41;12;7;0;3;0;2;1;2;1
2020-03-04 09:42:59;72;41;12;7;0;3;0;2;1;2;1
2020-03-04 09:43:59;72;41;12;7;0;3;0;2;1;2;1
2020-03-04 09:44:59;72;41;12;7;0;3;0;2;1;2;1
2020-03-04 09:45:58;72;41;11;8;0;3;0;2;1;2;1
2020-03-04 09:46:59;72;41;11;8;0;3;0;2;1;2;1
2020-03-04 09:48:00;73;42;11;8;0;3;0;2;1;2;1
2020-03-04 09:48:58;73;42;11;8;0;3;0;2;1;2;1
2020-03-04 09:49:59;73;42;11;8;0;3;0;2;1;2;1
2020-03-04 09:50:59;73;42;11;8;0;3;0;2;1;2;1
2020-03-04 09:51:58;73;42;11;8;0;3;0;2;1;2;1
2020-03-04 09:52:59;74;42;12;8;0;3;0;2;1;2;1
2020-03-04 09:53:59;74;42;12;8;0;3;0;2;1;2;1
2020-03-04 09:54:58;74;42;12;8;0;3;0;2;1;2;1
2020-03-04 09:55:59;75;42;12;8;0;3;0;2;1;2;1
2020-03-04 09:56:59;75;42;12;8;0;3;0;2;1;2;1
2020-03-04 09:57:59;75;42;12;8;0;3;0;2;1;2;1
2020-03-04 09:58:58;75;42;12;8;0;3;0;2;1;2;1
2020-03-04 09:59:59;75;42;12;8;0;3;0;2;1;2;1
2020-03-04 10:00:59;75;42;12;8;0;3;0;2;1;2;1
2020-03-04 10:01:58;75;42;12;8;0;3;0;2;1;2;1
2020-03-04 10:02:59;75;42;12;8;0;3;0;2;1;2;1
2020-03-04 10:03:59;76;43;12;8;0;3;0;2;1;2;1
2020-03-04 10:04:59;76;43;12;8;0;3;0;2;1;2;1
2020-03-04 10:05:58;76;43;12;8;0;3;0;2;1;2;1
2020-03-04 10:06:59;77;44;12;8;0;3;0;2;1;2;1
2020-03-04 10:07:59;77;44;12;8;0;3;0;2;1;2;1
2020-03-04 10:08:58;78;44;12;8;0;4;0;2;1;2;1
2020-03-04 10:09:59;78;43;12;8;1;4;0;2;1;2;1
2020-03-04 10:10:59;78;43;12;8;1;4;0;2;1;2;1
2020-03-04 10:11:58;78;43;12;8;1;4;0;2;1;2;1
2020-03-04 10:12:59;78;43;12;8;1;4;0;2;1;2;1
2020-03-04 10:13:59;78;43;12;8;1;4;0;2;1;2;1
2020-03-04 10:14:59;78;43;12;8;1;4;0;2;1;2;1
2020-03-04 10:15:58;79;43;12;8;1;4;0;2;0;2;1
2020-03-04 10:16:59;79;43;12;8;1;4;0;2;0;2;1
2020-03-04 10:17:59;80;44;12;8;1;4;0;2;0;2;1
2020-03-04 10:19:00;80;44;12;8;1;4;0;2;0;2;1
2020-03-04 10:19:58;80;44;12;8;1;4;0;2;0;2;1
2020-03-04 10:20:59;81;45;12;8;1;4;0;2;0;2;1
2020-03-04 10:21:59;81;45;12;8;1;4;0;2;0;2;1
2020-03-04 10:22:59;82;46;12;8;1;4;0;2;0;2;1
2020-03-04 10:23:58;82;46;12;8;1;4;0;2;0;2;1
2020-03-04 10:24:59;82;46;12;8;1;4;0;2;0;2;1
2020-03-04 10:25:59;84;47;12;8;1;4;0;2;0;2;1
2020-03-04 10:26:58;85;48;12;8;1;4;0;2;0;2;1
2020-03-04 10:27:59;87;50;12;8;1;4;0;2;0;2;1
2020-03-04 10:28:59;88;51;12;8;1;4;0;2;0;2;1
2020-03-04 10:29:59;89;52;11;8;1;4;2;2;0;2;0
2020-03-04 10:30:58;89;52;11;8;1;4;2;2;0;2;0
2020-03-04 10:31:59;89;52;11;8;1;4;2;2;0;2;0
2020-03-04 10:32:59;89;52;11;8;1;4;2;2;0;2;0
2020-03-04 10:33:58;89;52;11;8;1;4;2;2;0;2;0
2020-03-04 10:34:59;89;52;11;8;1;4;2;2;0;2;0
2020-03-04 10:35:59;89;52;11;8;1;4;2;2;0;2;0
2020-03-04 10:36:59;89;52;11;8;1;4;2;2;0;2;0
2020-03-04 10:37:58;89;52;11;8;1;4;2;2;0;2;0
2020-03-04 10:38:59;89;52;11;8;1;4;2;2;0;2;0
2020-03-04 10:39:58;89;52;11;8;1;4;2;2;0;2;0
2020-03-04 10:40:59;89;52;11;8;1;4;2;2;0;2;0
2020-03-04 10:41:59;89;52;11;8;1;4;2;2;0;2;0
2020-03-04 10:42:58;89;52;11;8;1;4;2;2;0;2;0
2020-03-04 10:43:59;90;53;11;8;1;4;2;2;0;2;0
2020-03-04 10:44:59;90;53;11;8;1;4;2;2;0;2;0
2020-03-04 10:45:59;90;53;11;8;1;4;2;2;0;2;0
2020-03-04 10:46:58;90;53;11;8;1;4;2;2;0;2;0
2020-03-04 10:47:59;90;53;11;8;1;4;2;2;0;2;0
2020-03-04 10:48:59;90;53;11;8;1;4;2;2;0;2;0
2020-03-04 10:49:58;91;54;11;8;1;4;2;2;0;2;0
2020-03-04 10:50:59;91;54;11;8;1;4;2;2;0;2;0
2020-03-04 10:51:59;91;54;11;8;1;4;2;2;0;2;0
2020-03-04 10:52:59;91;54;11;8;1;4;2;2;0;2;0
2020-03-04 10:53:58;91;55;11;8;0;4;2;2;1;2;1
2020-03-04 10:54:59;91;55;11;8;0;4;2;2;1;2;1
2020-03-04 10:55:59;91;55;11;8;0;4;2;2;1;2;1
2020-03-04 10:56:58;91;55;11;8;0;4;2;2;1;2;1
2020-03-04 10:57:59;91;55;11;8;0;4;2;2;1;2;1
2020-03-04 10:58:59;91;55;11;8;0;4;2;2;1;2;1
2020-03-04 10:59:58;91;56;10;8;0;4;2;2;1;2;1
2020-03-04 11:00:59;91;56;10;8;0;4;2;2;1;2;1
2020-03-04 11:01:59;91;56;10;8;0;4;2;2;1;2;1
2020-03-04 11:03:00;91;56;10;8;0;4;2;2;1;2;1
2020-03-04 11:03:58;91;56;10;8;0;4;2;2;1;2;1
2020-03-04 11:04:59;92;57;10;8;0;4;2;2;1;2;1
2020-03-04 11:05:59;92;57;10;8;0;4;2;2;1;2;1
2020-03-04 11:06:58;92;57;10;8;0;4;2;2;1;2;1
2020-03-04 11:07:59;92;57;10;8;0;4;2;2;1;2;1
2020-03-04 11:08:59;93;57;11;8;0;4;2;2;1;2;1
2020-03-04 11:09:58;93;57;11;8;0;4;2;2;1;2;1
2020-03-04 11:10:59;93;57;11;8;0;4;2;2;1;2;1
2020-03-04 11:11:59;93;57;11;8;0;4;2;2;1;2;1
2020-03-04 11:12:58;93;57;11;8;0;4;2;2;1;2;1
2020-03-04 11:13:59;93;57;11;8;0;4;2;2;1;2;1
2020-03-04 11:14:59;93;57;11;8;0;4;2;2;1;2;1
2020-03-04 11:15:58;93;57;11;8;0;4;2;2;1;2;1
2020-03-04 11:16:59;93;57;11;8;0;4;2;2;1;2;1
2020-03-04 11:17:59;93;57;11;8;0;4;2;2;1;2;1
2020-03-04 11:18:59;93;57;11;8;0;4;2;2;1;2;1
2020-03-04 11:19:58;93;57;11;8;0;4;2;2;1;2;1
2020-03-04 11:20:59;93;57;11;8;0;4;2;2;1;2;1
2020-03-04 11:21:58;93;57;11;8;0;4;2;2;1;2;1
2020-03-04 11:22:59;93;57;11;8;0;4;2;2;1;2;1
2020-03-04 11:23:59;93;57;11;7;0;4;3;2;1;2;1
2020-03-04 11:24:59;93;57;11;7;0;4;3;2;1;2;1
2020-03-04 11:25:58;93;57;11;7;0;4;3;2;1;2;1
2020-03-04 11:26:59;93;57;11;7;0;4;3;2;1;2;1
2020-03-04 11:27:58;93;57;11;7;0;4;3;2;1;2;1
2020-03-04 11:28:59;93;57;11;7;0;4;3;2;1;2;1
2020-03-04 11:29:59;93;57;11;7;0;4;3;2;1;2;1
2020-03-04 11:30:59;93;57;11;7;0;4;3;2;1;2;1
2020-03-04 11:31:58;93;57;11;7;0;4;3;2;1;2;1
2020-03-04 11:32:59;93;57;11;7;0;4;3;2;1;2;1
2020-03-04 11:33:59;93;57;11;7;0;4;3;2;1;2;1
2020-03-04 11:35:00;94;57;11;7;1;4;3;2;0;2;1
2020-03-04 11:35:58;94;57;11;7;1;4;3;2;0;2;1
2020-03-04 11:36:59;95;58;11;7;1;4;3;2;0;2;1
2020-03-04 11:37:59;95;58;11;7;1;4;3;2;0;2;1
2020-03-04 11:38:58;95;58;11;7;1;4;3;2;0;2;1
2020-03-04 11:39:59;95;58;11;7;1;4;3;2;0;2;1
2020-03-04 11:40:59;95;58;11;7;1;4;3;2;0;2;1
2020-03-04 11:41:59;95;58;11;7;1;4;3;2;0;2;1
2020-03-04 11:42:58;95;58;11;7;1;4;3;2;0;2;1
2020-03-04 11:43:59;95;58;11;7;1;4;3;2;0;2;1
2020-03-04 11:45:00;95;58;11;7;1;4;3;2;0;2;1
2020-03-04 11:45:58;95;58;11;7;1;4;3;2;0;2;1
2020-03-04 11:46:59;95;58;11;7;1;4;3;2;0;2;1
2020-03-04 11:47:59;95;58;11;7;1;4;3;2;0;2;1
2020-03-04 11:48:58;95;58;11;7;1;4;3;2;0;2;1
2020-03-04 11:49:59;96;59;11;7;1;4;3;2;0;2;1
2020-03-04 11:50:59;97;59;11;7;1;4;4;2;0;2;1
2020-03-04 11:51:59;97;59;11;7;1;4;4;2;0;2;1
2020-03-04 11:52:58;97;59;11;7;1;4;4;2;0;2;1
2020-03-04 11:53:59;97;59;11;7;1;4;4;2;0;2;1
2020-03-04 11:54:59;97;59;11;7;1;4;4;2;0;2;1
2020-03-04 11:55:59;98;59;11;7;1;4;4;3;0;2;1
2020-03-04 11:56:58;98;59;11;7;1;4;4;3;0;2;1
2020-03-04 11:57:59;98;59;11;7;1;4;4;3;0;2;1
2020-03-04 11:58:59;98;59;11;7;1;4;4;3;0;2;1
2020-03-04 11:59:59;98;59;11;7;1;4;4;3;0;2;1
2020-03-04 12:00:58;98;59;11;7;1;4;4;3;0;2;1
2020-03-04 12:01:59;98;59;11;7;1;4;4;3;0;2;1
2020-03-04 12:02:59;98;59;11;7;1;4;4;3;0;2;1
2020-03-04 12:03:58;98;59;11;7;1;4;4;3;0;2;1
2020-03-04 12:04:59;98;59;11;7;1;4;4;3;0;2;1
2020-03-04 12:05:59;98;59;11;7;1;4;4;3;0;2;1
2020-03-04 12:06:58;98;59;11;7;1;4;4;3;0;2;1
2020-03-04 12:07:59;98;59;11;7;1;4;4;3;0;2;1
2020-03-04 12:08:59;98;59;11;7;1;4;4;3;0;2;1
2020-03-04 12:09:58;98;59;11;7;1;4;4;3;0;2;1
2020-03-04 12:10:59;98;59;11;7;1;4;4;3;0;2;1
2020-03-04 12:11:59;98;59;11;7;1;4;4;3;0;2;1
2020-03-04 12:12:58;99;60;11;7;1;4;4;3;0;2;1
2020-03-04 12:13:59;99;60;11;7;1;4;4;3;0;2;1
2020-03-04 12:14:59;99;60;11;7;1;4;4;3;0;2;1
2020-03-04 12:15:58;99;60;11;7;1;4;4;3;0;2;1
2020-03-04 12:16:59;99;60;11;7;1;4;4;3;0;2;1
2020-03-04 12:17:59;99;60;11;7;1;4;4;3;0;2;1
2020-03-04 12:19:00;99;60;11;7;1;4;4;3;0;2;1
2020-03-04 12:19:58;99;60;11;7;1;4;4;3;0;2;1
2020-03-04 12:20:59;99;60;11;7;1;4;4;3;0;2;1
2020-03-04 12:21:59;99;60;11;7;1;4;4;3;0;2;1
2020-03-04 12:22:58;100;61;11;7;1;4;4;3;0;2;1
2020-03-04 12:23:59;100;61;11;7;1;4;4;3;0;2;1
2020-03-04 12:24:59;100;61;11;7;1;4;4;3;0;2;1
2020-03-04 12:25:58;101;62;11;7;1;4;4;3;0;2;1
2020-03-04 12:26:59;102;63;11;7;1;4;4;3;0;2;1
2020-03-04 12:27:59;102;63;11;7;1;4;4;3;0;2;1
2020-03-04 12:28:58;103;63;12;7;1;4;4;3;0;2;1
2020-03-04 12:29:59;103;63;12;7;1;4;4;3;0;2;1
2020-03-04 12:30:59;103;63;13;7;1;4;3;3;0;2;1
2020-03-04 12:31:59;103;63;13;7;1;4;3;3;0;2;1
2020-03-04 12:33:00;103;63;13;7;1;4;3;3;0;2;1
2020-03-04 12:33:58;103;63;13;7;1;4;3;3;0;2;1
2020-03-04 12:34:59;103;63;13;7;1;4;3;3;0;2;1
2020-03-04 12:35:59;103;63;13;7;1;4;3;3;0;2;1
2020-03-04 12:36:58;104;63;13;7;1;5;3;3;0;2;1
2020-03-04 12:37:59;104;63;13;7;1;5;3;3;0;2;1
2020-03-04 12:38:59;106;64;13;7;1;5;3;3;0;2;1
2020-03-04 12:39:58;107;65;13;7;1;5;3;3;0;2;1
2020-03-04 12:40:59;108;66;13;7;1;5;3;3;0;2;1
2020-03-04 12:41:59;108;66;13;7;1;5;3;3;0;2;1
2020-03-04 12:42:58;108;66;13;7;1;5;3;3;0;2;1
2020-03-04 12:43:59;108;66;13;7;1;5;3;3;0;2;1
2020-03-04 12:44:59;108;66;13;7;1;5;3;3;0;2;1
2020-03-04 12:45:58;108;66;13;7;1;5;3;3;0;2;1
2020-03-04 12:46:59;108;66;13;7;1;5;3;3;0;2;1
2020-03-04 12:47:59;108;66;13;7;1;5;3;3;0;2;1
2020-03-04 12:48:59;109;66;14;7;1;5;3;3;0;2;1
2020-03-04 12:49:58;109;66;14;7;1;5;3;3;0;2;1
2020-03-04 12:50:59;109;66;14;7;1;5;3;3;0;2;1
2020-03-04 12:51:59;109;66;14;7;1;5;3;3;0;2;1
2020-03-04 12:52:58;109;66;14;7;1;5;3;3;0;2;1
2020-03-04 12:53:59;109;66;14;7;1;5;3;3;0;2;1
2020-03-04 12:54:59;109;66;14;7;1;5;3;3;0;2;1
2020-03-04 12:56:00;109;66;14;7;1;5;3;3;0;2;1
2020-03-04 12:56:58;109;66;14;7;1;5;3;3;0;2;1
2020-03-04 12:57:59;109;66;14;7;1;5;3;3;0;2;1
2020-03-04 12:58:59;109;66;14;7;1;5;3;3;0;2;1
2020-03-04 12:59:58;109;66;14;7;1;5;3;3;0;2;1
2020-03-04 13:00:59;109;66;14;7;1;5;3;3;0;2;1
2020-03-04 13:01:59;110;66;14;7;1;5;3;3;0;2;2
2020-03-04 13:02:58;110;66;14;7;1;5;3;3;0;2;2
2020-03-04 13:03:59;110;66;14;7;1;5;3;3;0;2;2
2020-03-04 13:04:59;110;66;14;7;1;5;3;3;0;2;2
2020-03-04 13:05:59;110;66;14;7;1;5;3;3;0;2;2
2020-03-04 13:06:58;110;66;14;7;1;5;3;3;0;2;2
2020-03-04 13:07:59;111;66;14;7;1;5;3;3;0;2;2
2020-03-04 13:08:59;111;66;14;7;1;5;3;3;0;2;2
2020-03-04 13:09:58;111;66;14;7;1;5;3;3;0;2;2
2020-03-04 13:10:59;112;67;14;7;1;5;3;3;0;2;2
2020-03-04 13:11:59;112;67;14;7;1;5;3;3;0;2;2
2020-03-04 13:12:58;112;67;14;7;1;5;3;3;0;2;2
2020-03-04 13:13:59;112;67;14;7;1;5;3;3;0;2;2
2020-03-04 13:14:59;112;67;14;7;1;5;3;3;0;2;2
2020-03-04 13:15:58;112;67;14;7;1;5;3;3;0;2;2
2020-03-04 13:16:59;112;67;14;7;1;5;3;3;0;2;2
2020-03-04 13:17:59;112;67;14;7;1;5;3;3;0;2;2
2020-03-04 13:18:59;112;67;14;7;1;5;3;3;0;2;2
2020-03-04 13:19:58;112;67;14;7;1;5;3;3;0;2;2
2020-03-04 13:20:59;112;67;14;7;1;5;3;3;0;2;2
2020-03-04 13:21:59;112;67;14;7;1;5;3;3;0;2;2
2020-03-04 13:22:58;112;67;14;7;1;5;3;3;0;2;2
2020-03-04 13:23:59;112;67;14;7;1;5;3;3;0;2;2
2020-03-04 13:24:59;112;67;14;7;1;5;3;3;0;2;2
2020-03-04 13:25:59;113;68;14;7;1;5;3;3;0;2;2
2020-03-04 13:26:58;113;68;14;7;1;5;3;3;0;2;2
2020-03-04 13:27:59;113;68;14;7;1;5;3;3;0;2;2
2020-03-04 13:28:59;113;68;14;7;1;5;3;3;0;2;2
2020-03-04 13:29:59;113;68;14;7;1;5;3;3;0;2;2
2020-03-04 13:30:58;113;68;14;7;1;5;3;3;0;2;2
2020-03-04 13:31:59;113;68;14;7;1;5;3;3;0;2;2
2020-03-04 13:32:58;113;68;14;7;1;5;3;3;0;2;2
2020-03-04 13:33:59;113;68;14;7;1;5;3;3;0;2;2
2020-03-04 13:34:59;113;68;14;7;1;5;3;3;0;2;2
2020-03-04 13:35:58;113;68;14;7;1;5;3;3;0;2;2
2020-03-04 13:36:59;113;68;14;7;1;5;3;3;0;2;2
2020-03-04 13:37:59;113;68;14;7;1;5;3;3;0;2;2
2020-03-04 13:38:59;113;68;14;7;1;5;3;3;0;2;2
2020-03-04 13:39:58;113;68;14;7;1;5;3;3;0;2;2
2020-03-04 13:40:59;113;68;14;7;1;5;3;3;0;2;2
2020-03-04 13:41:59;113;68;14;7;1;5;3;3;0;2;2
2020-03-04 13:42:59;114;68;14;8;1;5;3;3;0;2;2
2020-03-04 13:43:58;114;68;14;8;1;5;3;3;0;2;2
2020-03-04 13:44:59;115;69;14;8;1;5;3;3;0;2;2
2020-03-04 13:45:59;115;69;14;8;1;5;3;3;0;2;2
2020-03-04 13:46:58;115;69;14;8;1;5;3;3;0;2;2
2020-03-04 13:47:59;115;69;14;8;1;5;3;3;0;2;2
2020-03-04 13:48:59;115;69;14;8;1;5;3;3;0;2;2
2020-03-04 13:49:58;115;69;14;8;1;5;3;3;0;2;2
2020-03-04 13:50:59;115;69;14;8;1;5;3;3;0;2;2
2020-03-04 13:51:59;115;69;14;8;1;5;3;3;0;2;2
2020-03-04 13:52:59;115;69;14;8;1;5;3;3;0;2;2
2020-03-04 13:53:58;116;70;14;8;1;5;3;3;0;2;2
2020-03-04 13:54:59;117;70;14;8;2;5;3;3;0;2;2
2020-03-04 13:55:59;118;71;14;8;2;5;3;3;0;2;2
2020-03-04 13:56:59;118;71;14;8;2;5;3;3;0;2;2
2020-03-04 13:57:58;118;71;14;8;2;5;3;3;0;2;2
2020-03-04 13:58:59;118;71;14;8;2;5;3;3;0;2;2
2020-03-04 13:59:59;118;71;14;8;2;5;3;3;0;2;2
2020-03-04 14:00:58;118;71;14;8;2;5;3;3;0;2;2
2020-03-04 14:01:59;119;72;14;8;2;5;3;3;0;2;2
2020-03-04 14:02:59;119;72;14;8;2;5;3;3;0;2;2
2020-03-04 14:03:59;119;72;14;8;2;5;3;3;0;2;2
2020-03-04 14:04:58;120;73;14;8;2;5;3;3;0;2;2
2020-03-04 14:05:59;120;73;14;8;2;5;3;3;0;2;2
2020-03-04 14:06:59;120;73;14;8;2;5;3;3;0;2;2
2020-03-04 14:07:58;120;73;14;8;2;5;3;3;0;2;2
2020-03-04 14:08:59;120;73;14;8;2;5;3;3;0;2;2
2020-03-04 14:09:59;120;73;14;8;2;5;3;3;0;2;2
2020-03-04 14:10:58;120;73;14;8;2;5;3;3;0;2;2
2020-03-04 14:11:59;120;73;14;8;2;5;3;3;0;2;2
2020-03-04 14:12:59;120;73;14;8;2;5;3;3;0;2;2
2020-03-04 14:13:59;120;73;14;8;2;5;3;3;0;2;2
2020-03-04 14:14:58;120;73;14;8;2;5;3;3;0;2;2
2020-03-04 14:15:59;121;74;14;8;2;5;3;3;0;2;2
2020-03-04 14:16:59;122;74;15;8;2;5;3;3;0;2;2
2020-03-04 14:17:58;122;74;15;8;2;5;3;3;0;2;2
2020-03-04 14:18:59;122;74;15;8;2;5;3;3;0;2;2
2020-03-04 14:19:59;122;74;15;8;2;5;3;3;0;2;2
2020-03-04 14:20:59;122;74;15;8;2;5;3;3;0;2;2
2020-03-04 14:21:58;123;75;15;8;2;5;3;3;0;2;2
2020-03-04 14:22:59;123;75;15;8;2;5;3;3;0;2;2
2020-03-04 14:23:59;123;75;15;8;2;5;3;3;0;2;2
2020-03-04 14:24:58;123;75;15;8;2;5;3;3;0;2;2
2020-03-04 14:25:59;123;75;15;8;2;5;3;3;0;2;2
2020-03-04 14:26:59;124;75;15;9;2;5;3;3;0;2;2
2020-03-04 14:27:58;124;75;15;9;2;5;3;3;0;2;2
2020-03-04 14:28:59;124;75;15;9;2;5;3;3;0;2;2
2020-03-04 14:29:59;124;75;15;9;2;5;3;3;0;2;2
2020-03-04 14:30:58;124;75;15;9;2;5;3;3;0;2;2
2020-03-04 14:31:59;124;75;15;9;2;5;3;3;0;2;2
2020-03-04 14:32:59;124;75;15;9;2;5;3;3;0;2;2
2020-03-04 14:33:59;125;75;16;9;2;5;3;3;0;2;2
2020-03-04 14:34:58;125;75;16;9;2;5;3;3;0;2;2
2020-03-04 14:35:59;126;76;16;9;2;5;3;3;0;2;2
2020-03-04 14:36:59;126;76;16;9;2;5;3;3;0;2;2
2020-03-04 14:37:58;126;76;16;9;2;5;3;3;0;2;2
2020-03-04 14:38:59;126;76;16;9;2;5;3;3;0;2;2
2020-03-04 14:39:59;126;76;16;9;2;5;3;3;0;2;2
2020-03-04 14:40:59;127;77;16;9;2;5;3;3;0;2;2
2020-03-04 14:41:58;127;77;16;9;2;5;3;3;0;2;2
2020-03-04 14:42:59;127;77;16;9;2;5;3;3;0;2;2
2020-03-04 14:43:59;127;77;16;9;2;5;3;3;0;2;2
2020-03-04 14:45:00;127;77;16;9;2;5;3;3;0;2;2
2020-03-04 14:45:58;127;77;16;9;2;5;3;3;0;2;2
2020-03-04 14:46:59;128;77;16;9;3;5;3;3;0;2;2
2020-03-04 14:47:59;128;77;16;9;3;5;3;3;0;2;2
2020-03-04 14:48:58;128;77;16;9;3;5;3;3;0;2;2
2020-03-04 14:49:59;128;77;16;9;3;5;3;3;0;2;2
2020-03-04 14:50:59;128;77;16;9;3;5;3;3;0;2;2
2020-03-04 14:51:58;128;77;16;9;3;5;3;3;0;2;2
2020-03-04 14:52:59;128;77;16;9;3;5;3;3;0;2;2
2020-03-04 14:53:59;128;77;16;9;3;5;3;3;0;2;2
2020-03-04 14:54:58;129;78;16;9;3;5;3;3;0;2;2
2020-03-04 14:55:59;129;78;16;9;3;5;3;3;0;2;2
2020-03-04 14:56:59;129;78;16;9;3;5;3;3;0;2;2
2020-03-04 14:58:00;130;78;16;9;3;5;3;3;1;2;2
2020-03-04 14:58:58;130;78;16;9;3;5;3;3;1;2;2
2020-03-04 14:59:59;130;78;16;9;3;5;3;3;1;2;2
2020-03-04 15:00:59;130;78;16;9;3;5;3;3;1;2;2
2020-03-04 15:01:58;131;78;17;9;3;5;3;3;1;2;2
2020-03-04 15:02:59;131;78;17;9;3;5;3;3;1;2;2
2020-03-04 15:03:59;131;78;17;9;3;5;3;3;1;2;2
2020-03-04 15:04:58;131;78;17;9;3;5;3;3;1;2;2
2020-03-04 15:05:59;131;78;17;9;3;5;3;3;1;2;2
2020-03-04 15:06:59;131;78;17;9;3;5;3;3;1;2;2
2020-03-04 15:07:59;131;78;17;9;3;5;3;3;1;2;2
2020-03-04 15:08:58;131;78;17;9;3;5;3;3;1;2;2
2020-03-04 15:09:59;131;78;17;9;3;5;3;3;1;2;2
2020-03-04 15:10:59;131;78;17;9;3;5;3;3;1;2;2
2020-03-04 15:12:00;131;78;17;9;3;5;3;3;1;2;2
2020-03-04 15:12:58;131;78;17;9;3;5;3;3;1;2;2
2020-03-04 15:13:59;131;78;17;9;3;5;3;3;1;2;2
2020-03-04 15:14:59;131;78;17;9;3;5;3;3;1;2;2
2020-03-04 15:16:00;131;78;17;9;3;5;3;3;1;2;2
2020-03-04 15:16:58;131;78;17;9;3;5;3;3;1;2;2
2020-03-04 15:17:59;133;79;18;9;3;5;3;3;1;2;2
2020-03-04 15:18:59;133;79;18;9;3;5;3;3;1;2;2
2020-03-04 15:19:58;133;79;18;9;3;5;3;3;1;2;2
2020-03-04 15:20:59;133;79;18;9;3;5;3;3;1;2;2
2020-03-04 15:21:59;133;79;18;9;3;5;3;3;1;2;2
2020-03-04 15:22:58;133;79;18;9;3;5;3;3;1;2;2
2020-03-04 15:23:59;133;79;18;9;3;5;3;3;1;2;2
2020-03-04 15:24:59;133;79;18;9;3;5;3;3;1;2;2
2020-03-04 15:25:59;133;79;18;9;3;5;3;3;1;2;2
2020-03-04 15:26:58;133;79;18;9;3;5;3;3;1;2;2
2020-03-04 15:27:59;133;79;18;9;3;5;3;3;1;2;2
2020-03-04 15:28:59;133;79;18;9;3;5;3;3;1;2;2
2020-03-04 15:30:00;133;79;18;9;3;5;3;3;1;2;2
2020-03-04 15:30:58;133;79;18;9;3;5;3;3;1;2;2
2020-03-04 15:31:59;133;79;18;9;3;5;3;3;1;2;2
2020-03-04 15:32:59;133;79;18;9;3;5;3;3;1;2;2
2020-03-04 15:33:58;133;79;18;9;3;5;3;3;1;2;2
2020-03-04 15:34:59;133;79;18;9;3;5;3;3;1;2;2
2020-03-04 15:35:59;133;79;18;9;3;5;3;3;1;2;2
2020-03-04 15:36:58;133;79;18;9;3;5;3;3;1;2;2
2020-03-04 15:37:59;133;79;18;9;3;5;3;3;1;2;2
2020-03-04 15:38:59;134;80;18;9;3;5;3;3;1;2;2
2020-03-04 15:39:58;134;80;18;9;3;5;3;3;1;2;2
2020-03-04 15:40:59;134;80;18;9;3;5;3;3;1;2;2
2020-03-04 15:41:59;134;80;18;9;3;5;3;3;1;2;2
2020-03-04 15:43:00;134;80;18;9;3;5;3;3;1;2;2
2020-03-04 15:43:58;134;80;18;9;3;5;3;3;1;2;2
2020-03-04 15:44:59;134;80;18;9;3;5;3;3;1;2;2
2020-03-04 15:45:59;134;80;18;9;3;5;3;3;1;2;2
2020-03-04 15:46:58;134;80;18;9;3;5;3;3;1;2;2
2020-03-04 15:47:59;134;80;18;9;3;5;3;3;1;2;2
2020-03-04 15:48:59;134;80;18;9;3;5;3;3;1;2;2
2020-03-04 15:49:58;134;80;18;9;3;5;3;3;1;2;2
2020-03-04 15:50:59;134;80;18;9;3;5;3;3;1;2;2
2020-03-04 15:51:59;134;80;18;9;3;5;3;3;1;2;2
2020-03-04 15:52:59;134;80;18;9;3;5;3;3;1;2;2
2020-03-04 15:53:58;134;80;18;9;3;5;3;3;1;2;2
2020-03-04 15:54:59;134;80;18;9;3;5;3;3;1;2;2
2020-03-04 15:55:59;134;80;18;9;3;5;3;3;1;2;2
2020-03-04 15:56:58;134;80;18;9;3;5;3;3;1;2;2
2020-03-04 15:57:59;134;80;18;9;3;5;3;3;1;2;2
2020-03-04 15:58:59;134;80;18;9;3;5;3;3;1;2;2
2020-03-04 15:59:58;134;80;18;9;3;5;3;3;1;2;2
2020-03-04 16:00:59;134;80;18;9;3;5;3;3;1;2;2
2020-03-04 16:01:59;134;80;18;9;3;5;3;3;1;2;2
2020-03-04 16:02:58;135;80;18;9;4;5;3;3;0;2;2
2020-03-04 16:03:59;135;80;18;9;4;5;3;3;0;2;2
2020-03-04 16:04:59;135;80;18;9;4;5;3;3;0;2;2
2020-03-04 16:05:58;135;80;18;9;4;5;3;3;0;2;2
2020-03-04 16:06:59;135;80;18;9;4;5;3;3;0;2;2
2020-03-04 16:07:58;136;80;18;9;4;5;3;3;0;2;2
2020-03-04 16:08:59;136;80;18;9;4;5;3;3;0;2;2
2020-03-04 16:09:59;136;80;18;9;4;5;3;3;0;2;2
2020-03-04 16:10:59;136;80;18;9;4;5;3;3;0;2;2
2020-03-04 16:11:58;137;81;18;9;4;5;3;3;0;2;2
2020-03-04 16:12:59;137;81;18;9;4;5;3;3;0;2;2
2020-03-04 16:13:59;137;81;18;9;4;5;3;3;0;2;2
2020-03-04 16:15:00;137;81;18;9;4;5;3;3;0;2;2
2020-03-04 16:15:58;137;81;18;9;4;5;3;3;0;2;2
2020-03-04 16:16:59;137;81;18;9;4;5;3;3;0;2;2
2020-03-04 16:17:59;137;81;18;9;4;5;3;3;0;2;2
2020-03-04 16:18:58;137;81;18;9;4;5;3;3;0;2;2
2020-03-04 16:19:59;137;81;18;9;4;5;3;3;0;2;2
2020-03-04 16:20:59;137;81;18;9;4;5;3;3;0;2;2
2020-03-04 16:21:59;137;81;18;9;4;5;3;3;0;2;2
2020-03-04 16:22:58;137;81;18;9;4;5;3;3;0;2;2
2020-03-04 16:23:59;137;81;18;9;4;5;3;3;0;2;2
2020-03-04 16:24:58;137;81;18;9;4;5;3;3;0;2;2
2020-03-04 16:25:59;137;81;18;9;4;5;3;3;0;2;2
2020-03-04 16:26:59;137;81;18;9;4;5;3;3;0;2;2
2020-03-04 16:27:59;137;81;18;9;4;5;3;3;0;2;2
2020-03-04 16:28:58;137;81;18;9;4;5;3;3;0;2;2
2020-03-04 16:29:59;137;81;18;9;4;5;3;3;0;2;2
2020-03-04 16:30:59;137;81;18;9;4;5;3;3;0;2;2
2020-03-04 16:31:59;137;81;18;9;4;5;3;3;0;2;2
2020-03-04 16:32:58;137;81;18;9;4;5;3;3;0;2;2
2020-03-04 16:33:59;137;81;18;9;4;5;3;3;0;2;2
2020-03-04 16:34:59;137;81;18;9;4;5;3;3;0;2;2
2020-03-04 16:35:59;137;81;18;9;4;5;3;3;0;2;2
2020-03-04 16:36:58;137;81;18;9;4;5;3;3;0;2;2
2020-03-04 16:37:59;136;81;18;8;4;5;3;3;0;2;2
2020-03-04 16:38:59;136;81;18;8;4;5;3;3;0;2;2
2020-03-04 16:39:58;136;81;18;8;4;5;3;3;0;2;2
2020-03-04 16:40:59;136;81;18;8;4;5;3;3;0;2;2
2020-03-04 16:41:59;136;81;18;8;4;5;3;3;0;2;2
2020-03-04 16:42:59;137;82;18;8;4;5;3;3;0;2;2
2020-03-04 16:43:58;137;82;18;8;4;5;3;3;0;2;2
2020-03-04 16:44:59;137;82;18;8;4;5;3;3;0;2;2
2020-03-04 16:45:59;137;82;18;8;4;5;3;3;0;2;2
2020-03-04 16:46:59;137;82;18;8;4;5;3;3;0;2;2
2020-03-04 16:47:58;137;82;18;8;4;5;3;3;0;2;2
2020-03-04 16:48:59;137;82;18;8;4;5;3;3;0;2;2
2020-03-04 16:49:59;138;83;18;8;4;5;3;3;0;2;2
2020-03-04 16:50:58;138;83;18;8;4;5;3;3;0;2;2
2020-03-04 16:51:59;138;83;18;8;4;5;3;3;0;2;2
2020-03-04 16:52:58;138;83;18;8;4;5;3;3;0;2;2
2020-03-04 16:53:59;138;83;18;8;4;5;3;3;0;2;2
2020-03-04 16:54:59;138;83;18;8;4;5;3;3;0;2;2
2020-03-04 16:55:59;138;83;18;8;4;5;3;3;0;2;2
2020-03-04 16:56:58;138;83;18;8;4;5;3;3;0;2;2
2020-03-04 16:57:59;138;83;18;8;4;5;3;3;0;2;2
2020-03-04 16:58:59;138;83;18;8;4;5;3;3;0;2;2
2020-03-04 16:59:58;138;83;18;8;4;5;3;3;0;2;2
2020-03-04 17:00:59;138;83;18;8;4;5;3;3;0;2;2
2020-03-04 17:01:59;138;83;18;8;4;5;3;3;0;2;2
2020-03-04 17:02:58;138;83;18;8;4;5;3;3;0;2;2
2020-03-04 17:03:59;138;83;18;8;4;5;3;3;0;2;2
2020-03-04 17:04:59;138;83;18;8;4;5;3;3;0;2;2
2020-03-04 17:05:59;138;83;18;8;4;5;3;3;0;2;2
2020-03-04 17:06:58;138;83;18;8;4;5;3;3;0;2;2
2020-03-04 17:07:59;138;83;18;8;4;5;3;3;0;2;2
2020-03-04 17:08:58;138;83;18;8;4;5;3;3;0;2;2
2020-03-04 17:09:59;139;83;18;8;5;5;3;3;0;2;2
2020-03-04 17:10:59;139;83;18;8;5;5;3;3;0;2;2
2020-03-04 17:11:58;139;83;18;8;5;5;3;3;0;2;2
2020-03-04 17:12:59;139;83;18;8;5;5;3;3;0;2;2
2020-03-04 17:13:59;139;83;18;8;5;5;3;3;0;2;2
2020-03-04 17:14:59;141;84;18;8;6;5;3;3;0;2;2
2020-03-04 17:15:58;141;84;18;8;6;5;3;3;0;2;2
2020-03-04 17:16:59;142;85;18;8;6;5;3;3;0;2;2
2020-03-04 17:17:59;142;85;18;8;6;5;3;3;0;2;2
2020-03-04 17:18:58;142;85;18;8;6;5;3;3;0;2;2
2020-03-04 17:19:59;142;85;18;8;6;5;3;3;0;2;2
2020-03-04 17:20:59;142;85;18;8;6;5;3;3;0;2;2
2020-03-04 17:21:59;142;85;18;8;6;5;3;3;0;2;2
2020-03-04 17:22:58;142;85;18;8;6;5;3;3;0;2;2
2020-03-04 17:23:59;142;85;18;8;6;5;3;3;0;2;2
2020-03-04 17:25:00;142;85;18;8;6;5;3;3;0;2;2
2020-03-04 17:25:58;142;85;18;8;6;5;3;3;0;2;2
2020-03-04 17:26:59;142;85;18;8;6;5;3;3;0;2;2
2020-03-04 17:27:59;142;85;18;8;6;5;3;3;0;2;2
2020-03-04 17:28:58;142;85;18;8;6;5;3;3;0;2;2
2020-03-04 17:29:59;142;85;18;8;6;5;3;3;0;2;2
2020-03-04 17:30:59;142;85;18;8;6;5;3;3;0;2;2
2020-03-04 17:31:59;142;85;18;8;6;5;3;3;0;2;2
2020-03-04 17:32:58;142;85;18;8;6;5;3;3;0;2;2
2020-03-04 17:33:59;142;85;18;8;6;5;3;3;0;2;2
2020-03-04 17:34:59;142;85;18;8;6;5;3;3;0;2;2
2020-03-04 17:35:58;142;85;18;8;6;5;3;3;0;2;2
2020-03-04 17:36:59;142;85;18;8;6;5;3;3;0;2;2
2020-03-04 17:37:59;142;85;18;8;6;5;3;3;0;2;2
2020-03-04 17:38:59;142;85;18;8;6;5;3;3;0;2;2
2020-03-04 17:39:58;142;85;18;8;6;5;3;3;0;2;2
2020-03-04 17:40:59;142;85;18;8;6;5;3;3;0;2;2
2020-03-04 17:41:59;142;85;18;8;6;5;3;3;0;2;2
2020-03-04 17:42:58;142;85;18;8;6;5;3;3;0;2;2
2020-03-04 17:43:59;142;85;18;8;6;5;3;3;0;2;2
2020-03-04 17:44:59;143;86;18;8;6;5;3;3;0;2;2
2020-03-04 17:45:58;143;86;18;8;6;5;3;3;0;2;2
2020-03-04 17:46:59;143;86;18;8;6;5;3;3;0;2;2
2020-03-04 17:47:59;143;86;18;8;6;5;3;3;0;2;2
2020-03-04 17:48:59;143;86;18;8;6;5;3;3;0;2;2
2020-03-04 17:49:58;144;86;18;9;6;5;3;3;0;2;2
2020-03-04 17:50:59;144;86;18;9;6;5;3;3;0;2;2
2020-03-04 17:51:59;144;86;18;9;6;5;3;3;0;2;2
2020-03-04 17:52:58;144;86;18;9;6;5;3;3;0;2;2
2020-03-04 17:53:59;144;86;18;9;6;5;3;3;0;2;2
2020-03-04 17:54:59;144;86;18;9;6;5;3;3;0;2;2
2020-03-04 17:55:58;144;86;18;9;6;5;3;3;0;2;2
2020-03-04 17:56:59;144;86;18;9;6;5;3;3;0;2;2
2020-03-04 17:57:59;144;86;18;9;6;5;3;3;0;2;2
2020-03-04 17:58:59;144;86;18;9;6;5;3;3;0;2;2
2020-03-04 17:59:58;144;86;18;9;6;5;3;3;0;2;2
2020-03-04 18:00:59;144;86;18;9;6;5;3;3;0;2;2
2020-03-04 18:01:59;144;86;18;9;6;5;3;3;0;2;2
2020-03-04 18:02:58;144;86;18;9;6;5;3;3;0;2;2
2020-03-04 18:03:59;144;86;18;9;6;5;3;3;0;2;2
2020-03-04 18:04:59;144;86;18;9;6;5;3;3;0;2;2
2020-03-04 18:05:59;144;86;18;9;6;5;3;3;0;2;2
2020-03-04 18:06:58;144;86;18;9;6;5;3;3;0;2;2
2020-03-04 18:07:59;144;86;18;9;6;5;3;3;0;2;2
2020-03-04 18:08:59;144;86;18;9;6;5;3;3;0;2;2
2020-03-04 18:09:59;144;86;18;9;6;5;3;3;0;2;2
2020-03-04 18:10:58;144;86;18;9;6;5;3;3;0;2;2
2020-03-04 18:11:59;144;86;18;9;6;5;3;3;0;2;2
2020-03-04 18:12:59;144;86;18;9;6;5;3;3;0;2;2
2020-03-04 18:13:58;144;86;18;9;6;5;3;3;0;2;2
2020-03-04 18:14:59;144;86;18;9;6;5;3;3;0;2;2
2020-03-04 18:15:59;145;86;18;9;6;5;3;3;1;2;2
2020-03-04 18:16:58;145;86;18;9;6;5;3;3;1;2;2
2020-03-04 18:17:59;145;86;18;9;6;5;3;3;1;2;2
2020-03-04 18:18:59;145;86;18;9;6;5;3;3;1;2;2
2020-03-04 18:19:59;145;86;18;9;6;5;3;3;1;2;2
2020-03-04 18:20:58;145;86;18;9;6;5;3;3;1;2;2
2020-03-04 18:21:59;145;86;18;9;6;5;3;3;1;2;2
2020-03-04 18:22:59;145;86;18;9;6;5;3;3;1;2;2
2020-03-04 18:23:58;145;86;18;9;6;5;3;3;1;2;2
2020-03-04 18:24:59;145;86;18;9;6;5;3;3;1;2;2
2020-03-04 18:25:59;145;86;18;9;6;5;3;3;1;2;2
2020-03-04 18:26:59;145;86;18;9;6;5;3;3;1;2;2
2020-03-04 18:27:58;145;86;18;9;6;5;3;3;1;2;2
2020-03-04 18:28:59;145;86;18;9;6;5;3;3;1;2;2
2020-03-04 18:29:58;145;86;18;9;6;5;3;3;1;2;2
2020-03-04 18:30:59;145;86;18;9;6;5;3;3;1;2;2
2020-03-04 18:31:58;145;86;18;9;6;5;3;3;1;2;2
2020-03-04 18:32:59;145;86;18;9;6;5;3;3;1;2;2
2020-03-04 18:33:59;146;87;18;9;6;5;3;3;1;2;2
2020-03-04 18:34:58;146;87;18;9;6;5;3;3;1;2;2
2020-03-04 18:35:59;146;87;18;9;6;5;3;3;1;2;2
2020-03-04 18:36:59;146;87;18;9;6;5;3;3;1;2;2
2020-03-04 18:37:58;146;87;18;9;6;5;3;3;1;2;2
2020-03-04 18:38:59;146;87;18;9;6;5;3;3;1;2;2
2020-03-04 18:39:59;146;87;18;9;6;5;3;3;1;2;2
2020-03-04 18:40:59;146;87;18;9;6;5;3;3;1;2;2
2020-03-04 18:41:58;146;87;18;9;6;5;3;3;1;2;2
2020-03-04 18:42:59;146;87;18;9;6;5;3;3;1;2;2
2020-03-04 18:43:59;146;87;18;9;6;5;3;3;1;2;2
2020-03-04 18:44:59;146;87;18;9;6;5;3;3;1;2;2
2020-03-04 18:45:58;146;87;18;9;6;5;3;3;1;2;2
2020-03-04 18:46:59;146;87;18;9;6;5;3;3;1;2;2
2020-03-04 18:47:59;146;87;18;9;6;5;3;3;1;2;2
2020-03-04 18:48:58;146;87;18;9;6;5;3;3;1;2;2
2020-03-04 18:49:59;146;87;18;9;6;5;3;3;1;2;2
2020-03-04 18:50:59;146;87;18;9;6;5;3;3;1;2;2
2020-03-04 18:51:58;146;87;18;9;6;5;3;3;1;2;2
2020-03-04 18:52:59;147;87;19;9;6;5;3;3;1;2;2
2020-03-04 18:53:59;147;87;19;9;6;5;3;3;1;2;2
2020-03-04 18:54:58;147;87;19;9;6;5;3;3;1;2;2
2020-03-04 18:55:59;147;87;19;9;6;5;3;3;1;2;2
2020-03-04 18:56:59;147;87;19;9;6;5;3;3;1;2;2
2020-03-04 18:57:58;147;87;19;9;6;5;3;3;1;2;2
2020-03-04 18:58:59;147;87;19;9;6;5;3;3;1;2;2
2020-03-04 18:59:59;147;87;19;9;6;5;3;3;1;2;2
2020-03-04 19:00:59;147;87;19;9;6;5;3;3;1;2;2
2020-03-04 19:01:58;147;87;19;9;6;5;3;3;1;2;2
2020-03-04 19:02:59;147;87;19;9;6;5;3;3;1;2;2
2020-03-04 19:03:59;147;87;19;9;6;5;3;3;1;2;2
2020-03-04 19:04:58;147;87;19;9;6;5;3;3;1;2;2
2020-03-04 19:05:59;147;87;19;9;6;5;3;3;1;2;2
2020-03-04 19:06:59;147;87;19;9;6;5;3;3;1;2;2
2020-03-04 19:07:59;147;87;19;9;6;5;3;3;1;2;2
2020-03-04 19:08:58;147;87;19;9;6;5;3;3;1;2;2
2020-03-04 19:09:59;147;87;19;9;6;5;3;3;1;2;2
2020-03-04 19:10:59;147;87;19;9;6;5;3;3;1;2;2
2020-03-04 19:11:59;147;87;19;9;6;5;3;3;1;2;2
2020-03-04 19:12:58;147;87;19;9;6;5;3;3;1;2;2
2020-03-04 19:13:59;147;87;19;9;6;5;3;3;1;2;2
2020-03-04 19:14:59;147;87;19;9;6;5;3;3;1;2;2
2020-03-04 19:15:58;147;87;19;9;6;5;3;3;1;2;2
2020-03-04 19:16:59;147;87;19;9;6;5;3;3;1;2;2
2020-03-04 19:17:59;148;88;19;9;6;5;3;3;1;2;2
2020-03-04 19:18:58;148;88;19;9;6;5;3;3;1;2;2
2020-03-04 19:19:59;148;88;19;9;6;5;3;3;1;2;2
2020-03-04 19:20:59;148;88;19;9;6;5;3;3;1;2;2
2020-03-04 19:21:59;148;88;19;9;6;5;3;3;1;2;2
2020-03-04 19:22:58;148;88;19;9;6;5;3;3;1;2;2
2020-03-04 19:23:59;148;88;19;9;6;5;3;3;1;2;2
2020-03-04 19:24:59;148;88;19;9;6;5;3;3;1;2;2
2020-03-04 19:25:58;149;89;19;9;6;5;3;3;1;2;2
2020-03-04 19:26:59;149;89;19;9;6;5;3;3;1;2;2
2020-03-04 19:27:59;149;89;19;9;6;5;3;3;1;2;2
2020-03-04 19:28:59;149;89;19;9;6;5;3;3;1;2;2
2020-03-04 19:29:58;149;89;19;9;6;5;3;3;1;2;2
2020-03-04 19:30:59;149;89;19;9;6;5;3;3;1;2;2
2020-03-04 19:31:59;149;89;19;9;6;5;3;3;1;2;2
2020-03-04 19:32:58;149;89;19;9;6;5;3;3;1;2;2
2020-03-04 19:33:59;149;89;19;9;6;5;3;3;1;2;2
2020-03-04 19:34:59;149;89;19;9;6;5;3;3;1;2;2
2020-03-04 19:35:58;149;89;19;9;6;5;3;3;1;2;2
2020-03-04 19:36:59;150;90;19;9;6;5;3;3;1;2;2
2020-03-04 19:37:59;150;90;19;9;6;5;3;3;1;2;2
2020-03-04 19:38:58;150;90;19;9;6;5;3;3;1;2;2
2020-03-04 19:39:59;150;90;19;9;6;5;3;3;1;2;2
2020-03-04 19:40:59;150;90;19;9;6;5;3;3;1;2;2
2020-03-04 19:41:59;150;90;19;9;6;5;3;3;1;2;2
2020-03-04 19:42:58;150;90;19;9;6;5;3;3;1;2;2
2020-03-04 19:43:59;150;90;19;9;6;5;3;3;1;2;2
2020-03-04 19:44:59;151;91;19;9;6;5;3;3;1;2;2
2020-03-04 19:45:58;151;91;19;9;6;5;3;3;1;2;2
2020-03-04 19:46:59;152;91;20;9;6;5;3;3;1;2;2
2020-03-04 19:47:59;152;91;20;9;6;5;3;3;1;2;2
2020-03-04 19:48:59;152;91;20;9;6;5;3;3;1;2;2
2020-03-04 19:49:58;152;92;20;9;6;5;3;3;0;2;2
2020-03-04 19:50:59;152;92;20;9;6;5;3;3;0;2;2
2020-03-04 19:51:59;152;92;20;9;6;5;3;3;0;2;2
2020-03-04 19:52:58;152;92;20;9;6;5;3;3;0;2;2
2020-03-04 19:53:59;152;92;20;9;6;5;3;3;0;2;2
2020-03-04 19:54:59;152;92;20;9;6;5;3;3;0;2;2
2020-03-04 19:55:59;152;92;20;9;6;5;3;3;0;2;2
2020-03-04 19:56:58;152;92;20;9;6;5;3;3;0;2;2
2020-03-04 19:57:59;152;92;20;9;6;5;3;3;0;2;2
2020-03-04 19:58:59;152;92;20;9;6;5;3;3;0;2;2
2020-03-04 19:59:58;152;92;20;9;6;5;3;3;0;2;2
2020-03-04 20:00:59;152;92;20;9;6;5;3;3;0;2;2
2020-03-04 20:01:59;152;92;20;9;6;5;3;3;0;2;2
2020-03-04 20:02:59;153;93;20;9;6;5;3;3;0;2;2
2020-03-04 20:03:58;153;93;20;9;6;5;3;3;0;2;2
2020-03-04 20:04:59;153;93;20;9;6;5;3;3;0;2;2
2020-03-04 20:05:58;153;93;20;9;6;5;3;3;0;2;2
2020-03-04 20:06:59;154;94;20;9;6;5;3;3;0;2;2
2020-03-04 20:07:59;155;94;21;9;6;5;3;3;0;2;2
2020-03-04 20:08:59;155;94;21;9;6;5;3;3;0;2;2
2020-03-04 20:09:58;157;95;21;9;6;5;3;3;1;2;2
2020-03-04 20:10:59;157;95;21;9;6;5;3;3;1;2;2
2020-03-04 20:11:59;158;96;21;9;6;5;3;3;1;2;2
2020-03-04 20:12:58;158;96;21;9;6;5;3;3;1;2;2
2020-03-04 20:13:59;158;96;21;9;6;5;3;3;1;2;2
2020-03-04 20:14:59;158;96;21;9;6;5;3;3;1;2;2
2020-03-04 20:15:58;158;96;21;9;6;5;3;3;1;2;2
2020-03-04 20:16:59;158;96;21;9;6;5;3;3;1;2;2
2020-03-04 20:17:59;159;97;21;9;6;5;3;3;1;2;2
2020-03-04 20:18:59;159;97;21;9;6;5;3;3;1;2;2
2020-03-04 20:19:58;159;97;21;9;6;5;3;3;1;2;2
2020-03-04 20:20:59;159;97;21;9;6;5;3;3;1;2;2
2020-03-04 20:21:59;159;97;21;9;6;5;3;3;1;2;2
2020-03-04 20:22:58;159;97;21;9;6;5;3;3;1;2;2
2020-03-04 20:23:59;159;97;21;9;6;5;3;3;1;2;2
2020-03-04 20:24:59;160;98;21;9;6;5;3;3;1;2;2
2020-03-04 20:25:59;161;98;21;9;6;5;3;3;2;2;2
2020-03-04 20:26:58;160;98;20;9;6;5;3;3;2;2;2
2020-03-04 20:27:59;161;98;20;9;6;6;3;3;2;2;2
2020-03-04 20:28:59;161;98;20;9;6;6;3;3;2;2;2
2020-03-04 20:29:58;161;98;20;9;6;6;3;3;2;2;2
2020-03-04 20:30:59;161;98;20;9;6;6;3;3;2;2;2
2020-03-04 20:31:59;161;98;20;9;6;6;3;3;2;2;2
2020-03-04 20:32:59;161;98;20;9;6;6;3;3;2;2;2
2020-03-04 20:33:58;161;97;21;9;6;6;3;3;2;2;2
2020-03-04 20:34:59;162;97;21;9;6;6;4;3;2;2;2
2020-03-04 20:35:59;162;97;21;9;6;6;4;3;2;2;2
2020-03-04 20:36:58;162;97;21;9;6;6;4;3;2;2;2
2020-03-04 20:37:59;163;97;22;9;6;6;4;3;2;2;2
2020-03-04 20:38:59;163;97;22;9;6;6;4;3;2;2;2
2020-03-04 20:39:58;163;97;22;9;6;6;4;3;2;2;2
2020-03-04 20:40:59;163;97;22;9;6;6;4;3;2;2;2
2020-03-04 20:41:59;163;97;22;9;6;6;4;3;2;2;2
2020-03-04 20:42:59;163;97;22;9;6;6;4;3;2;2;2
2020-03-04 20:43:58;163;97;22;9;6;6;4;3;2;2;2
2020-03-04 20:44:59;163;97;22;9;6;6;4;3;2;2;2
2020-03-04 20:45:59;164;98;22;9;6;6;4;3;2;2;2
2020-03-04 20:46:58;164;98;22;9;6;6;4;3;2;2;2
2020-03-04 20:47:59;164;98;22;9;6;6;4;3;2;2;2
2020-03-04 20:48:59;164;98;22;9;6;6;4;3;2;2;2
2020-03-04 20:49:58;164;98;22;9;6;6;4;3;2;2;2
2020-03-04 20:50:59;165;99;22;9;6;6;4;3;2;2;2
2020-03-04 20:51:59;165;99;22;9;6;6;4;3;2;2;2
2020-03-04 20:52:59;165;99;22;9;6;6;4;3;2;2;2
2020-03-04 20:53:58;165;99;22;9;6;6;4;3;2;2;2
2020-03-04 20:54:59;165;99;22;9;6;6;4;3;2;2;2
2020-03-04 20:55:59;165;99;22;9;6;6;4;3;2;2;2
2020-03-04 20:56:58;165;99;22;9;6;6;4;3;2;2;2
2020-03-04 20:57:59;165;99;22;9;6;6;4;3;2;2;2
2020-03-04 20:58:59;165;99;22;9;6;6;4;3;2;2;2
2020-03-04 20:59:58;165;99;22;9;6;6;4;3;2;2;2
2020-03-04 21:00:59;165;99;22;9;6;6;4;3;2;2;2
2020-03-04 21:01:59;165;99;22;9;6;6;4;3;2;2;2
2020-03-04 21:02:59;165;99;22;9;6;6;4;3;2;2;2
2020-03-04 21:03:58;166;100;22;9;6;6;4;3;2;2;2
2020-03-04 21:04:59;167;100;22;9;7;6;4;3;2;2;2
2020-03-04 21:05:59;167;100;22;9;7;6;4;3;2;2;2
2020-03-04 21:06:58;167;100;22;9;7;6;4;3;2;2;2
2020-03-04 21:07:59;167;100;22;9;7;6;4;3;2;2;2
2020-03-04 21:08:59;167;100;22;9;7;6;4;3;2;2;2
2020-03-04 21:09:59;167;100;22;9;7;6;4;3;2;2;2
2020-03-04 21:10:58;167;100;22;9;7;6;4;3;2;2;2
2020-03-04 21:11:59;167;100;22;9;7;6;4;3;2;2;2
2020-03-04 21:12:59;168;100;22;9;7;6;4;3;2;2;2
2020-03-04 21:13:58;168;100;22;9;7;6;4;3;2;2;2
2020-03-04 21:14:59;168;100;22;9;7;6;4;3;2;2;2
2020-03-04 21:15:59;168;100;22;9;7;6;4;3;2;2;2
2020-03-04 21:16:59;168;100;22;9;7;6;4;3;2;2;2
2020-03-04 21:17:58;168;100;22;9;7;6;4;3;2;2;2
2020-03-04 21:18:59;168;100;22;9;7;6;4;3;2;2;2
2020-03-04 21:19:59;168;100;22;9;7;6;4;3;2;2;2
2020-03-04 21:20:58;168;100;22;9;7;6;4;3;2;2;2
2020-03-04 21:21:59;168;100;22;9;7;6;4;3;2;2;2
2020-03-04 21:22:59;168;100;22;9;7;6;4;3;2;2;2
2020-03-04 21:23:59;168;100;22;9;7;6;4;3;2;2;2
2020-03-04 21:24:58;168;100;22;9;7;6;4;3;2;2;2
2020-03-04 21:25:59;168;100;22;9;7;6;4;3;2;2;2
2020-03-04 21:26:59;168;100;22;9;7;6;4;3;2;2;2
2020-03-04 21:27:58;168;100;22;9;7;6;4;3;2;2;2
2020-03-04 21:28:59;168;100;22;9;7;6;4;3;2;2;2
2020-03-04 21:29:59;168;100;22;9;7;6;4;3;2;2;2
2020-03-04 21:30:58;168;100;22;9;7;6;4;3;2;2;2
2020-03-04 21:31:59;168;100;22;9;7;6;4;3;2;2;2
2020-03-04 21:32:59;168;100;22;9;7;6;4;3;2;2;2
2020-03-04 21:33:58;168;100;22;9;7;6;4;3;2;2;2
2020-03-04 21:34:59;168;100;22;9;7;6;4;3;2;2;2
2020-03-04 21:35:59;168;100;22;9;7;6;4;3;2;2;2
2020-03-04 21:36:58;168;100;22;9;7;6;4;3;2;2;2
2020-03-04 21:37:59;168;100;22;9;7;6;4;3;2;2;2
2020-03-04 21:38:59;168;100;22;9;7;6;4;3;2;2;2
2020-03-04 21:39:58;168;100;22;9;7;6;4;3;2;2;2
2020-03-04 21:40:59;168;100;22;9;7;6;4;3;2;2;2
2020-03-04 21:41:58;168;100;22;9;7;6;4;3;2;2;2
2020-03-04 21:42:59;168;100;22;9;7;6;4;3;2;2;2
2020-03-04 21:43:59;168;100;22;9;7;6;4;3;2;2;2
2020-03-04 21:44:59;168;100;22;9;7;6;4;3;2;2;2
2020-03-04 21:45:58;169;101;22;9;7;6;4;3;2;2;2
2020-03-04 21:46:59;169;101;22;9;7;6;4;3;2;2;2
2020-03-04 21:47:59;169;101;22;9;7;6;4;3;2;2;2
2020-03-04 21:48:58;169;101;22;9;7;6;4;3;2;2;2
2020-03-04 21:49:59;169;101;22;9;7;6;4;3;2;2;2
2020-03-04 21:50:59;169;101;22;9;7;6;4;3;2;2;2
2020-03-04 21:51:58;169;101;22;9;7;6;4;3;2;2;2
2020-03-04 21:52:59;170;102;22;9;7;6;4;3;2;2;2
2020-03-04 21:53:59;170;102;22;9;7;6;4;3;2;2;2
2020-03-04 21:55:00;170;102;22;9;7;6;4;3;2;2;2
2020-03-04 21:55:58;170;102;22;9;7;6;4;3;2;2;2
2020-03-04 21:56:59;170;102;22;9;7;6;4;3;2;2;2
2020-03-04 21:57:59;170;102;22;9;7;6;4;3;2;2;2
2020-03-04 21:58:58;170;102;22;9;7;6;4;3;2;2;2
2020-03-04 21:59:59;170;102;22;9;7;6;4;3;2;2;2
2020-03-04 22:00:59;170;102;22;9;7;6;4;3;2;2;2
2020-03-04 22:01:58;170;102;22;9;7;6;4;3;2;2;2
2020-03-04 22:02:59;170;102;22;9;7;6;4;3;2;2;2
2020-03-04 22:03:59;170;102;22;9;7;6;4;3;2;2;2
2020-03-04 22:04:59;170;102;22;9;7;6;4;3;2;2;2
2020-03-04 22:05:58;170;102;22;9;7;6;4;3;2;2;2
2020-03-04 22:06:59;170;102;22;9;7;6;4;3;2;2;2
2020-03-04 22:07:59;170;102;22;9;7;6;4;3;2;2;2
2020-03-04 22:08:58;170;102;22;9;7;6;4;3;2;2;2
2020-03-04 22:09:59;170;102;22;9;7;6;4;3;2;2;2
2020-03-04 22:10:59;170;102;22;9;7;6;4;3;2;2;2
2020-03-04 22:11:58;170;102;22;9;7;6;4;3;2;2;2
2020-03-04 22:12:59;170;102;22;9;7;6;4;3;2;2;2
2020-03-04 22:13:59;170;102;22;9;7;6;4;3;2;2;2
2020-03-04 22:14:59;170;102;22;9;7;6;4;3;2;2;2
2020-03-04 22:15:58;170;102;22;9;7;6;4;3;2;2;2
2020-03-04 22:16:59;170;102;22;9;7;6;4;3;2;2;2
2020-03-04 22:17:59;170;102;22;9;7;6;4;3;2;2;2
2020-03-04 22:18:58;170;102;22;9;7;6;4;3;2;2;2
2020-03-04 22:19:59;170;102;22;9;7;6;4;3;2;2;2
2020-03-04 22:20:59;170;102;22;9;7;6;4;3;2;2;2
2020-03-04 22:21:58;171;102;22;9;7;7;4;3;2;2;2
2020-03-04 22:22:59;171;102;22;9;7;7;4;3;2;2;2
2020-03-04 22:23:59;171;102;22;9;7;7;4;3;2;2;2
2020-03-04 22:24:59;171;102;22;9;7;7;4;3;2;2;2
2020-03-04 22:25:58;171;102;22;9;7;7;4;3;2;2;2
2020-03-04 22:26:59;171;102;22;9;7;7;4;3;2;2;2
2020-03-04 22:27:59;171;102;22;9;7;7;4;3;2;2;2
2020-03-04 22:28:58;171;102;22;9;7;7;4;3;2;2;2
2020-03-04 22:29:59;171;102;22;9;7;7;4;3;2;2;2
2020-03-04 22:30:59;171;102;22;9;7;7;4;3;2;2;2
2020-03-04 22:31:59;172;103;22;9;7;7;4;3;2;2;2
2020-03-04 22:32:58;173;104;22;9;7;7;4;3;2;2;2
2020-03-04 22:33:59;173;104;22;9;7;7;4;3;2;2;2
2020-03-04 22:34:59;173;104;22;9;7;7;4;3;2;2;2
2020-03-04 22:35:58;173;104;22;9;7;7;4;3;2;2;2
2020-03-04 22:36:59;173;104;22;9;7;7;4;3;2;2;2
2020-03-04 22:37:59;173;104;22;9;7;7;4;3;2;2;2
2020-03-04 22:38:59;173;104;22;9;7;7;4;3;2;2;2
2020-03-04 22:39:58;173;104;22;9;7;7;4;3;2;2;2
2020-03-04 22:40:59;173;104;22;9;7;7;4;3;2;2;2
2020-03-04 22:41:59;173;104;22;9;7;7;4;3;2;2;2
2020-03-04 22:42:58;173;104;22;9;7;7;4;3;2;2;2
2020-03-04 22:43:59;173;104;22;9;7;7;4;3;2;2;2
2020-03-04 22:44:59;173;104;22;9;7;7;4;3;2;2;2
2020-03-04 22:45:59;173;104;22;9;7;7;4;3;2;2;2
2020-03-04 22:46:58;173;104;22;9;7;7;4;3;2;2;2
2020-03-04 22:47:59;174;105;22;9;7;7;4;3;2;2;2
2020-03-04 22:48:59;174;105;22;9;7;7;4;3;2;2;2
2020-03-04 22:49:58;174;105;22;9;7;7;4;3;2;2;2
2020-03-04 22:50:59;174;105;22;9;7;7;4;3;2;2;2
2020-03-04 22:51:59;174;105;22;9;7;7;4;3;2;2;2
2020-03-04 22:52:58;174;105;22;9;7;7;4;3;2;2;2
2020-03-04 22:53:59;174;105;22;9;7;7;4;3;2;2;2
2020-03-04 22:54:59;174;105;22;9;7;7;4;3;2;2;2
2020-03-04 22:55:58;174;105;22;9;7;7;4;3;2;2;2
2020-03-04 22:56:59;174;105;22;9;7;7;4;3;2;2;2
2020-03-04 22:57:59;174;105;22;9;7;7;4;3;2;2;2
2020-03-04 22:58:59;174;105;22;9;7;7;4;3;2;2;2
2020-03-04 22:59:58;175;106;22;9;7;7;4;3;2;2;2
2020-03-04 23:00:59;175;106;22;9;7;7;4;3;2;2;2
2020-03-04 23:01:59;175;106;22;9;7;7;4;3;2;2;2
2020-03-04 23:02:59;175;106;22;9;7;7;4;3;2;2;2
2020-03-04 23:03:58;174;106;22;9;7;6;4;3;2;2;2
2020-03-04 23:04:59;174;106;22;9;7;6;4;3;2;2;2
2020-03-04 23:05:58;174;106;22;9;7;6;4;3;2;2;2
2020-03-04 23:06:59;174;106;22;9;7;6;4;3;2;2;2
2020-03-04 23:07:59;174;106;22;9;7;6;4;3;2;2;2
2020-03-04 23:08:58;174;106;22;9;7;6;4;3;2;2;2
2020-03-04 23:09:59;174;106;22;9;7;6;4;3;2;2;2
2020-03-04 23:10:59;174;106;22;9;7;6;4;3;2;2;2
2020-03-04 23:11:59;175;107;22;9;7;6;4;3;2;2;2
2020-03-04 23:12:58;175;107;22;9;7;6;4;3;2;2;2
2020-03-04 23:13:59;175;107;22;9;7;6;4;3;2;2;2
2020-03-04 23:14:59;175;107;22;9;7;6;4;3;2;2;2
2020-03-04 23:15:58;175;107;22;9;7;6;4;3;2;2;2
2020-03-04 23:16:59;175;107;22;9;7;6;4;3;2;2;2
2020-03-04 23:17:59;175;107;22;9;7;6;4;3;2;2;2
2020-03-04 23:18:59;176;108;22;9;7;6;4;3;2;2;2
2020-03-04 23:19:58;176;108;22;9;7;6;4;3;2;2;2
2020-03-04 23:20:59;176;108;22;9;7;6;4;3;2;2;2
2020-03-04 23:21:59;176;108;22;9;7;6;4;3;2;2;2
2020-03-04 23:22:58;176;108;22;9;7;6;4;3;2;2;2
2020-03-04 23:23:59;176;108;22;9;7;6;4;3;2;2;2
2020-03-04 23:24:59;176;108;22;9;7;6;4;3;2;2;2
2020-03-04 23:25:58;176;108;22;9;7;6;4;3;2;2;2
2020-03-04 23:26:59;176;108;22;9;7;6;4;3;2;2;2
2020-03-04 23:27:59;176;108;22;9;7;6;4;3;2;2;2
2020-03-04 23:28:59;176;108;22;9;7;6;4;3;2;2;2
2020-03-04 23:29:58;176;108;22;9;7;6;4;3;2;2;2
2020-03-04 23:30:59;176;108;22;9;7;6;4;3;2;2;2
2020-03-04 23:31:59;176;108;22;9;7;6;4;3;2;2;2
2020-03-04 23:32:58;177;109;22;9;7;6;4;3;2;2;2
2020-03-04 23:33:59;177;109;22;9;7;6;4;3;2;2;2
2020-03-04 23:34:59;178;110;22;9;7;7;3;3;2;2;2
2020-03-04 23:35:59;178;110;22;9;7;7;3;3;2;2;2
2020-03-04 23:36:58;178;110;22;9;7;7;3;3;2;2;2
2020-03-04 23:37:59;178;110;22;9;7;7;3;3;2;2;2
2020-03-04 23:38:59;178;110;22;9;7;7;3;3;2;2;2
2020-03-04 23:39:59;178;110;22;9;7;7;3;3;2;2;2
2020-03-04 23:40:58;178;110;22;9;7;7;3;3;2;2;2
2020-03-04 23:41:59;178;110;22;9;7;7;3;3;2;2;2
2020-03-04 23:42:59;178;110;22;9;7;7;3;3;2;2;2
2020-03-04 23:43:58;178;110;22;9;7;7;3;3;2;2;2
2020-03-04 23:44:59;178;110;22;9;7;7;3;3;2;2;2
2020-03-04 23:45:59;178;110;22;9;7;7;3;3;2;2;2
2020-03-04 23:47:00;179;110;22;10;7;7;3;3;2;2;2
2020-03-04 23:47:58;180;110;22;11;7;7;3;3;2;2;2
2020-03-04 23:48:59;180;110;22;11;7;7;3;3;2;2;2
2020-03-04 23:49:59;180;110;22;11;7;7;3;3;2;2;2
2020-03-04 23:50:58;180;110;22;11;7;7;3;3;2;2;2
2020-03-04 23:51:59;180;110;22;11;7;7;3;3;2;2;2
2020-03-04 23:52:59;180;110;22;11;7;7;3;3;2;2;2
2020-03-04 23:53:58;180;110;22;11;7;7;3;3;2;2;2
2020-03-04 23:54:59;180;110;22;11;7;7;3;3;2;2;2
2020-03-04 23:55:59;180;110;22;11;7;7;3;3;2;2;2
2020-03-04 23:56:59;180;110;22;11;7;7;3;3;2;2;2
2020-03-04 23:57:59;180;110;22;11;7;7;3;3;2;2;2
2020-03-04 23:58:59;180;110;22;11;7;7;3;3;2;2;2
2020-03-04 23:59:59;180;110;22;11;7;7;3;3;2;2;2
