datetime;total_votes;jakesnake;Bf109H;pavelomg;XASSA;Dirtylieutenant;diliago;kotophalk;kaiL;Lavarana;Goinsane
2020-01-01 00:01:00;0;0;0;0;0;0;0;0;0;0;0
2020-01-01 00:01:58;0;0;0;0;0;0;0;0;0;0;0
2020-01-01 00:02:59;2;0;0;1;0;0;0;0;0;0;0
2020-01-01 00:03:58;2;0;0;1;0;0;0;0;0;0;0
2020-01-01 00:04:59;2;0;0;1;0;0;0;0;0;0;0
2020-01-01 00:05:59;2;0;0;1;0;0;0;0;0;0;0
2020-01-01 00:06:58;2;0;0;1;0;0;0;0;0;0;0
2020-01-01 00:07:59;3;0;1;1;0;0;0;0;0;0;0
2020-01-01 00:08:59;3;0;1;1;0;0;0;0;0;0;0
2020-01-01 00:09:59;3;0;1;1;0;0;0;0;0;0;0
2020-01-01 00:10:58;3;0;1;1;0;0;0;0;0;0;0
2020-01-01 00:11:59;3;0;1;1;0;0;0;0;0;0;0
2020-01-01 00:12:59;4;0;1;1;0;0;0;0;0;0;0
2020-01-01 00:13:58;4;0;2;1;0;0;0;0;0;0;0
2020-01-01 00:14:59;4;0;2;1;0;0;0;0;0;0;0
2020-01-01 00:15:59;5;0;2;1;0;0;0;0;0;0;0
2020-01-01 00:16:59;5;0;3;1;0;0;0;0;0;0;0
2020-01-01 00:17:58;5;0;3;1;0;0;0;0;0;0;0
2020-01-01 00:18:59;5;0;3;1;0;0;0;0;0;0;0
2020-01-01 00:19:59;5;0;3;1;0;0;0;0;0;0;0
2020-01-01 00:20:58;5;0;3;1;0;0;0;0;0;0;0
2020-01-01 00:21:59;6;0;3;1;0;0;0;0;0;0;0
2020-01-01 00:22:58;7;0;3;1;0;0;1;0;0;0;0
2020-01-01 00:23:59;7;0;3;1;0;0;1;0;0;0;0
2020-01-01 00:24:59;7;0;3;1;0;0;1;0;0;0;0
2020-01-01 00:25:58;7;0;3;1;0;0;1;0;0;0;0
2020-01-01 00:26:59;7;0;3;1;0;0;1;0;0;0;0
2020-01-01 00:27:59;8;0;3;1;0;0;1;0;1;0;0
2020-01-01 00:28:58;8;0;3;1;0;0;1;0;1;0;0
2020-01-01 00:29:59;8;0;3;1;0;0;1;0;1;0;0
2020-01-01 00:30:59;9;0;3;1;0;0;1;0;1;0;0
2020-01-01 00:31:59;9;0;3;1;0;0;1;0;1;0;0
2020-01-01 00:32:58;9;0;3;1;0;0;1;0;1;0;0
2020-01-01 00:33:59;9;0;3;1;0;0;1;0;1;0;0
2020-01-01 00:34:59;9;0;3;1;0;0;1;0;1;0;0
2020-01-01 00:35:58;10;0;4;1;0;0;1;0;1;0;0
2020-01-01 00:36:59;10;0;4;1;0;0;1;0;1;0;0
2020-01-01 00:37:59;12;0;5;1;0;0;1;0;1;0;0
2020-01-01 00:38:58;12;0;5;1;0;0;1;0;1;0;0
2020-01-01 00:39:59;12;0;5;1;0;0;1;0;1;0;0
2020-01-01 00:40:58;13;0;6;1;0;0;1;0;1;0;0
2020-01-01 00:41:59;13;0;6;1;0;0;1;0;1;0;0
2020-01-01 00:42:59;13;0;6;1;0;0;1;0;1;0;0
2020-01-01 00:43:58;13;0;6;1;0;0;1;0;1;0;0
2020-01-01 00:44:59;14;0;7;1;0;0;1;0;1;0;0
2020-01-01 00:45:59;14;0;7;1;0;0;1;0;1;0;0
2020-01-01 00:46:59;14;0;7;1;0;0;1;0;1;0;0
2020-01-01 00:47:58;14;0;7;1;0;0;1;0;1;0;0
2020-01-01 00:48:59;14;0;7;1;0;0;1;0;1;0;0
2020-01-01 00:49:59;14;0;7;1;0;0;1;0;1;0;0
2020-01-01 00:50:58;15;0;7;1;0;0;2;0;1;0;0
2020-01-01 00:51:59;15;0;7;1;0;0;2;0;1;0;0
2020-01-01 00:52:59;15;0;7;1;0;0;2;0;1;0;0
2020-01-01 00:53:58;15;0;7;1;0;0;2;0;1;0;0
2020-01-01 00:54:59;15;0;7;1;0;0;2;0;1;0;0
2020-01-01 00:55:59;16;0;8;1;0;0;2;0;1;0;0
2020-01-01 00:56:58;16;0;8;1;0;0;2;0;1;0;0
2020-01-01 00:57:59;17;0;8;1;0;0;2;0;2;0;0
2020-01-01 00:58:59;17;0;8;1;0;0;2;0;2;0;0
2020-01-01 00:59:59;17;0;8;1;0;0;2;0;2;0;0
2020-01-01 01:00:58;17;0;8;1;0;0;2;0;2;0;0
2020-01-01 01:01:59;17;0;8;1;0;0;2;0;2;0;0
2020-01-01 01:02:59;17;0;8;1;0;0;2;0;2;0;0
2020-01-01 01:03:59;17;0;8;1;0;0;2;0;2;0;0
2020-01-01 01:04:58;17;0;8;1;0;0;2;0;2;0;0
2020-01-01 01:05:59;17;0;8;1;0;0;2;0;2;0;0
2020-01-01 01:06:59;17;0;8;1;0;0;2;0;2;0;0
2020-01-01 01:07:58;17;0;8;1;0;0;2;0;2;0;0
2020-01-01 01:08:59;17;0;8;1;0;0;2;0;2;0;0
2020-01-01 01:09:59;17;0;8;1;0;0;2;0;2;0;0
2020-01-01 01:10:59;17;0;8;1;0;0;2;0;2;0;0
2020-01-01 01:11:58;17;0;8;1;0;0;2;0;2;0;0
2020-01-01 01:12:59;17;0;8;1;0;0;2;0;2;0;0
2020-01-01 01:13:59;17;0;8;1;0;0;2;0;2;0;0
2020-01-01 01:14:58;17;0;8;1;0;0;2;0;2;0;0
2020-01-01 01:15:59;17;0;8;1;0;0;2;0;2;0;0
2020-01-01 01:16:59;17;0;8;1;0;0;2;0;2;0;0
2020-01-01 01:17:59;17;0;8;1;0;0;2;0;2;0;0
2020-01-01 01:18:58;17;0;8;1;0;0;2;0;2;0;0
2020-01-01 01:19:59;18;0;8;1;0;0;2;0;2;0;0
2020-01-01 01:20:59;19;0;8;1;0;0;3;0;2;0;0
2020-01-01 01:21:58;19;0;8;1;0;0;3;0;2;0;0
2020-01-01 01:22:59;19;0;8;1;0;0;3;0;2;0;0
2020-01-01 01:23:59;19;0;8;1;0;0;3;0;2;0;0
2020-01-01 01:24:59;20;0;8;1;0;0;3;0;2;0;0
2020-01-01 01:25:58;21;0;8;1;0;0;4;0;2;0;0
2020-01-01 01:26:59;21;0;8;1;0;0;4;0;2;0;0
2020-01-01 01:27:59;21;0;8;1;0;0;4;0;2;0;0
2020-01-01 01:28:59;21;0;8;1;0;0;4;0;2;0;0
2020-01-01 01:29:58;21;0;8;1;0;0;4;0;2;0;0
2020-01-01 01:30:59;21;0;8;1;0;0;4;0;2;0;0
2020-01-01 01:31:59;21;0;8;1;0;0;4;0;2;0;0
2020-01-01 01:32:58;21;0;8;1;0;0;4;0;2;0;0
2020-01-01 01:33:59;21;0;8;1;0;0;4;0;2;0;0
2020-01-01 01:34:59;21;0;8;1;0;0;4;0;2;0;0
2020-01-01 01:35:58;22;0;8;1;0;0;4;0;2;0;0
2020-01-01 01:36:59;22;0;8;1;0;0;4;0;2;0;0
2020-01-01 01:37:59;22;0;8;1;0;0;4;0;2;0;0
2020-01-01 01:38:58;22;0;8;1;0;0;4;0;2;0;0
2020-01-01 01:39:59;22;0;8;1;0;0;4;0;2;0;0
2020-01-01 01:40:59;22;0;8;1;0;0;4;0;2;0;0
2020-01-01 01:41:59;22;0;8;1;0;0;4;0;2;0;0
2020-01-01 01:42:58;22;0;8;1;0;0;4;0;2;0;0
2020-01-01 01:43:59;23;0;8;1;0;0;4;0;2;0;0
2020-01-01 01:44:59;23;0;8;1;0;0;4;0;2;0;0
2020-01-01 01:45:58;23;0;8;1;0;0;4;0;2;0;0
2020-01-01 01:46:59;24;0;8;1;0;1;4;0;2;0;0
2020-01-01 01:47:59;27;0;9;1;0;3;4;0;2;0;0
2020-01-01 01:48:59;27;0;9;1;0;3;4;0;2;0;0
2020-01-01 01:49:58;27;0;9;1;0;3;4;0;2;0;0
2020-01-01 01:50:59;27;0;9;1;0;3;4;0;2;0;0
2020-01-01 01:51:58;27;0;9;1;0;3;4;0;2;0;0
2020-01-01 01:52:59;27;0;9;1;0;3;4;0;2;0;0
2020-01-01 01:53:59;27;0;9;1;0;3;4;0;2;0;0
2020-01-01 01:54:59;28;0;10;1;0;3;4;0;2;0;0
2020-01-01 01:55:58;28;0;10;1;0;3;4;0;2;0;0
2020-01-01 01:56:59;29;0;11;1;0;3;4;0;2;0;0
2020-01-01 01:57:59;29;0;11;1;0;3;4;0;2;0;0
2020-01-01 01:58:58;29;0;11;1;0;3;4;0;2;0;0
2020-01-01 01:59:59;29;0;11;1;0;3;4;0;2;0;0
2020-01-01 02:00:59;29;0;11;1;0;3;4;0;2;0;0
2020-01-01 02:01:58;29;0;11;1;0;3;4;0;2;0;0
2020-01-01 02:02:59;29;0;11;1;0;3;4;0;2;0;0
2020-01-01 02:03:59;30;0;11;1;0;3;5;0;2;0;0
2020-01-01 02:04:59;30;0;11;1;0;3;5;0;2;0;0
2020-01-01 02:05:58;30;0;11;1;0;3;5;0;2;0;0
2020-01-01 02:06:59;30;0;11;1;0;3;5;0;2;0;0
2020-01-01 02:07:59;30;0;11;1;0;3;5;0;2;0;0
2020-01-01 02:08:58;30;0;11;1;0;3;5;0;2;0;0
2020-01-01 02:09:59;30;0;11;1;0;3;5;0;2;0;0
2020-01-01 02:10:59;30;0;11;1;0;3;5;0;2;0;0
2020-01-01 02:11:59;30;0;11;1;0;3;5;0;2;0;0
2020-01-01 02:12:58;30;0;11;1;0;3;5;0;2;0;0
2020-01-01 02:13:59;30;0;11;1;0;3;5;0;2;0;0
2020-01-01 02:14:59;30;0;11;1;0;3;5;0;2;0;0
2020-01-01 02:15:59;31;0;11;1;0;3;5;0;2;0;0
2020-01-01 02:16:58;31;0;11;1;0;3;5;0;2;0;0
2020-01-01 02:17:59;31;0;11;1;0;3;5;0;2;0;0
2020-01-01 02:18:59;31;0;11;1;0;3;5;0;2;0;0
2020-01-01 02:19:58;31;0;11;1;0;3;5;0;2;0;0
2020-01-01 02:20:59;31;0;11;1;0;3;5;0;2;0;0
2020-01-01 02:21:59;31;0;11;1;0;3;5;0;2;0;0
2020-01-01 02:22:58;32;0;11;1;0;3;5;0;2;0;0
2020-01-01 02:23:59;32;0;11;1;0;3;5;0;2;0;0
2020-01-01 02:24:59;33;0;11;1;0;3;5;0;2;0;0
2020-01-01 02:25:58;34;0;11;1;0;3;5;0;2;0;0
2020-01-01 02:26:59;34;0;11;1;0;3;5;0;2;0;0
2020-01-01 02:27:59;34;0;11;1;0;3;5;0;2;0;0
2020-01-01 02:28:59;35;0;11;1;0;3;6;0;2;0;0
2020-01-01 02:29:58;35;0;11;1;0;3;6;0;2;0;0
2020-01-01 02:30:59;35;0;11;1;0;3;6;0;2;0;0
2020-01-01 02:31:59;35;0;11;1;0;3;6;0;2;0;0
2020-01-01 02:32:58;35;0;11;1;0;3;6;0;2;0;0
2020-01-01 02:33:59;35;0;11;1;0;3;6;0;2;0;0
2020-01-01 02:34:59;35;0;11;1;0;3;6;0;2;0;0
2020-01-01 02:35:58;35;0;11;1;0;3;6;0;2;0;0
2020-01-01 02:36:59;35;0;11;1;0;3;6;0;2;0;0
2020-01-01 02:37:59;35;0;11;1;0;3;6;0;2;0;0
2020-01-01 02:38:58;35;0;11;1;0;3;6;0;2;0;0
2020-01-01 02:39:59;35;0;11;1;0;3;6;0;2;0;0
2020-01-01 02:40:59;35;0;11;1;0;3;6;0;2;0;0
2020-01-01 02:41:59;35;0;11;1;0;3;6;0;2;0;0
2020-01-01 02:43:00;35;0;11;1;0;3;6;0;2;0;0
2020-01-01 02:43:58;36;0;11;1;0;3;6;0;2;0;1
2020-01-01 02:44:59;36;0;11;1;0;3;6;0;2;0;1
2020-01-01 02:45:59;36;0;11;1;0;3;6;0;2;0;1
2020-01-01 02:46:58;36;0;11;1;0;3;6;0;2;0;1
2020-01-01 02:47:59;36;0;11;1;0;3;6;0;2;0;1
2020-01-01 02:48:59;36;0;11;1;0;3;6;0;2;0;1
2020-01-01 02:49:59;36;0;11;1;0;3;6;0;2;0;1
2020-01-01 02:50:58;36;0;11;1;0;3;6;0;2;0;1
2020-01-01 02:51:59;36;0;11;1;0;3;6;0;2;0;1
2020-01-01 02:52:59;36;0;11;1;0;3;6;0;2;0;1
2020-01-01 02:53:59;36;0;11;1;0;3;6;0;2;0;1
2020-01-01 02:54:58;36;0;11;1;0;3;6;0;2;0;1
2020-01-01 02:55:59;36;0;11;1;0;3;6;0;2;0;1
2020-01-01 02:56:58;36;0;11;1;0;3;6;0;2;0;1
2020-01-01 02:57:59;36;0;11;1;0;3;6;0;2;0;1
2020-01-01 02:58:58;36;0;11;1;0;3;6;0;2;0;1
2020-01-01 02:59:59;36;0;11;1;0;3;6;0;2;0;1
2020-01-01 03:00:59;36;0;11;1;0;3;6;0;2;0;1
2020-01-01 03:01:59;36;0;11;1;0;3;6;0;2;0;1
2020-01-01 03:02:58;36;0;11;1;0;3;6;0;2;0;1
2020-01-01 03:03:59;36;0;11;1;0;3;6;0;2;0;1
2020-01-01 03:04:59;36;0;11;1;0;3;6;0;2;0;1
2020-01-01 03:05:58;36;0;11;1;0;3;6;0;2;0;1
2020-01-01 03:06:59;36;0;11;1;0;3;6;0;2;0;1
2020-01-01 03:07:58;36;0;11;1;0;3;6;0;2;0;1
2020-01-01 03:08:59;36;0;11;1;0;3;6;0;2;0;1
2020-01-01 03:09:59;36;0;11;1;0;3;6;0;2;0;1
2020-01-01 03:10:59;36;0;11;1;0;3;6;0;2;0;1
2020-01-01 03:11:58;37;1;11;1;0;3;6;0;2;0;1
2020-01-01 03:12:59;37;1;11;1;0;3;6;0;2;0;1
2020-01-01 03:13:59;37;1;11;1;0;3;6;0;2;0;1
2020-01-01 03:14:59;37;1;11;1;0;3;6;0;2;0;1
2020-01-01 03:15:58;37;1;11;1;0;3;6;0;2;0;1
2020-01-01 03:16:59;37;1;11;1;0;3;6;0;2;0;1
2020-01-01 03:17:59;37;1;11;1;0;3;6;0;2;0;1
2020-01-01 03:18:58;37;1;11;1;0;3;6;0;2;0;1
2020-01-01 03:19:59;37;1;11;1;0;3;6;0;2;0;1
2020-01-01 03:20:59;37;1;11;1;0;3;6;0;2;0;1
2020-01-01 03:21:59;37;1;11;1;0;3;6;0;2;0;1
2020-01-01 03:22:58;37;1;11;1;0;3;6;0;2;0;1
2020-01-01 03:23:59;37;1;11;1;0;3;6;0;2;0;1
2020-01-01 03:24:59;37;1;11;1;0;3;6;0;2;0;1
2020-01-01 03:25:59;37;1;11;1;0;3;6;0;2;0;1
2020-01-01 03:26:58;37;1;11;1;0;3;6;0;2;0;1
2020-01-01 03:27:59;37;1;11;1;0;3;6;0;2;0;1
2020-01-01 03:28:59;37;1;11;1;0;3;6;0;2;0;1
2020-01-01 03:29:58;37;1;11;1;0;3;6;0;2;0;1
2020-01-01 03:30:59;37;1;11;1;0;3;6;0;2;0;1
2020-01-01 03:31:59;37;1;11;1;0;3;6;0;2;0;1
2020-01-01 03:32:59;37;1;11;1;0;3;6;0;2;0;1
2020-01-01 03:33:58;37;1;11;1;0;3;6;0;2;0;1
2020-01-01 03:34:59;37;1;11;1;0;3;6;0;2;0;1
2020-01-01 03:35:59;37;1;11;1;0;3;6;0;2;0;1
2020-01-01 03:37:00;37;1;11;1;0;3;6;0;2;0;1
2020-01-01 03:37:58;37;1;11;1;0;3;6;0;2;0;1
2020-01-01 03:38:59;37;1;11;1;0;3;6;0;2;0;1
2020-01-01 03:39:59;37;1;11;1;0;3;6;0;2;0;1
2020-01-01 03:40:58;38;2;11;1;0;3;6;0;2;0;0
2020-01-01 03:41:59;38;2;11;1;0;3;6;0;2;0;0
2020-01-01 03:42:59;38;2;11;1;0;3;6;0;2;0;0
2020-01-01 03:43:58;38;2;11;1;0;3;6;0;2;0;0
2020-01-01 03:44:59;38;2;11;1;0;3;6;0;2;0;0
2020-01-01 03:45:59;38;2;11;1;0;3;6;0;2;0;0
2020-01-01 03:46:59;38;2;11;1;0;3;6;0;2;0;0
2020-01-01 03:47:58;38;2;11;1;0;3;6;0;2;0;0
2020-01-01 03:48:59;38;2;11;1;0;3;6;0;2;0;0
2020-01-01 03:49:58;38;2;11;1;0;3;6;0;2;0;0
2020-01-01 03:50:59;38;2;11;1;0;3;6;0;2;0;0
2020-01-01 03:51:59;38;2;11;1;0;3;6;0;2;0;0
2020-01-01 03:52:59;38;2;11;1;0;3;6;0;2;0;0
2020-01-01 03:53:58;38;2;11;1;0;3;6;0;2;0;0
2020-01-01 03:54:59;38;2;11;1;0;3;6;0;2;0;0
2020-01-01 03:55:58;38;2;11;1;0;3;6;0;2;0;0
2020-01-01 03:56:59;38;2;11;1;0;3;6;0;2;0;0
2020-01-01 03:57:59;38;2;11;1;0;3;6;0;2;0;0
2020-01-01 03:59:00;38;2;11;1;0;3;6;0;2;0;0
2020-01-01 03:59:58;38;2;11;1;0;3;6;0;2;0;0
2020-01-01 04:00:59;38;2;11;1;0;3;6;0;2;0;0
2020-01-01 04:02:00;38;2;11;1;0;3;6;0;2;0;0
2020-01-01 04:02:58;38;2;11;1;0;3;6;0;2;0;0
2020-01-01 04:03:59;38;2;11;1;0;3;6;0;2;0;0
2020-01-01 04:04:59;38;2;11;1;0;3;6;0;2;0;0
2020-01-01 04:05:58;38;2;11;1;0;3;6;0;2;0;0
2020-01-01 04:06:59;38;2;11;1;0;3;6;0;2;0;0
2020-01-01 04:07:59;38;2;11;1;0;3;6;0;2;0;0
2020-01-01 04:08:59;38;2;11;1;0;3;6;0;2;0;0
2020-01-01 04:09:58;38;2;11;1;0;3;6;0;2;0;0
2020-01-01 04:10:59;38;2;11;1;0;3;6;0;2;0;0
2020-01-01 04:11:59;38;2;11;1;0;3;6;0;2;0;0
2020-01-01 04:12:58;38;2;11;1;0;3;6;0;2;0;0
2020-01-01 04:13:59;38;2;11;1;0;3;6;0;2;0;0
2020-01-01 04:14:59;38;2;11;1;0;3;6;0;2;0;0
2020-01-01 04:15:59;40;3;12;1;0;3;6;0;2;0;1
2020-01-01 04:16:58;40;3;12;1;0;3;6;0;2;0;1
2020-01-01 04:17:59;40;3;12;1;0;3;6;0;2;0;1
2020-01-01 04:18:59;40;3;12;1;0;3;6;0;2;0;1
2020-01-01 04:19:58;40;3;12;1;0;3;6;0;2;0;1
2020-01-01 04:20:59;40;3;12;1;0;3;6;0;2;0;1
2020-01-01 04:21:59;40;3;12;1;0;3;6;0;2;0;1
2020-01-01 04:22:59;40;3;12;1;0;3;6;0;2;0;1
2020-01-01 04:23:58;40;3;12;1;0;3;6;0;2;0;1
2020-01-01 04:24:59;40;3;12;1;0;3;6;0;2;0;1
2020-01-01 04:25:58;40;3;12;1;0;3;6;0;2;0;1
2020-01-01 04:26:59;40;3;12;1;0;3;6;0;2;0;1
2020-01-01 04:27:58;40;3;12;1;0;3;6;0;2;0;1
2020-01-01 04:28:59;40;3;12;1;0;3;6;0;2;0;1
2020-01-01 04:29:58;40;3;12;1;0;3;6;0;2;0;1
2020-01-01 04:30:59;40;3;12;1;0;3;6;0;2;0;1
2020-01-01 04:31:59;40;3;12;1;0;3;6;0;2;0;1
2020-01-01 04:32:58;40;3;12;1;0;3;6;0;2;0;1
2020-01-01 04:33:59;40;3;12;1;0;3;6;0;2;0;1
2020-01-01 04:34:59;40;3;12;1;0;3;6;0;2;0;1
2020-01-01 04:35:58;40;3;12;1;0;3;6;0;2;0;1
2020-01-01 04:36:59;40;3;12;1;0;3;6;0;2;0;1
2020-01-01 04:37:59;40;3;12;1;0;3;6;0;2;0;1
2020-01-01 04:38:58;40;3;12;1;0;3;6;0;2;0;1
2020-01-01 04:39:59;41;3;12;1;0;3;6;0;2;0;0
2020-01-01 04:40:59;41;3;12;1;0;3;6;0;2;0;0
2020-01-01 04:41:58;41;3;12;1;0;3;6;0;2;0;0
2020-01-01 04:42:59;41;3;12;1;0;3;6;0;2;0;0
2020-01-01 04:43:59;41;3;12;1;0;3;6;0;2;0;0
2020-01-01 04:44:58;42;4;12;1;0;3;6;0;2;0;0
2020-01-01 04:45:59;42;4;12;1;0;3;6;0;2;0;0
2020-01-01 04:46:59;42;4;12;1;0;3;6;0;2;0;0
2020-01-01 04:47:59;42;4;12;1;0;3;6;0;2;0;0
2020-01-01 04:48:58;42;4;12;1;0;3;6;0;2;0;0
2020-01-01 04:49:59;42;4;12;1;0;3;6;0;2;0;0
2020-01-01 04:50:59;42;4;12;1;0;3;6;0;2;0;0
2020-01-01 04:51:59;42;4;12;1;0;3;6;0;2;0;0
2020-01-01 04:52:58;42;4;12;1;0;3;6;0;2;0;0
2020-01-01 04:53:59;42;4;12;1;0;3;6;0;2;0;0
2020-01-01 04:54:59;42;4;12;1;0;3;6;0;2;0;0
2020-01-01 04:55:58;42;4;12;1;0;3;6;0;2;0;0
2020-01-01 04:56:59;42;4;12;1;0;3;6;0;2;0;0
2020-01-01 04:57:59;42;4;12;1;0;3;6;0;2;0;0
2020-01-01 04:58:59;42;4;12;1;0;3;6;0;2;0;0
2020-01-01 04:59:59;42;4;12;1;0;3;6;0;2;0;0
2020-01-01 05:00:58;42;4;12;1;0;3;6;0;2;0;0
2020-01-01 05:01:59;42;4;12;1;0;3;6;0;2;0;0
2020-01-01 05:02:59;43;4;12;2;0;3;6;0;2;0;1
2020-01-01 05:03:58;43;4;12;2;0;3;6;0;2;0;1
2020-01-01 05:04:59;43;4;12;2;0;3;6;0;2;0;1
2020-01-01 05:05:59;43;4;12;2;0;3;6;0;2;0;1
2020-01-01 05:06:59;43;4;12;2;0;3;6;0;2;0;1
2020-01-01 05:07:58;43;4;12;2;0;3;6;0;2;0;1
2020-01-01 05:08:59;43;4;12;2;0;3;6;0;2;0;1
2020-01-01 05:09:59;43;4;12;2;0;3;6;0;2;0;1
2020-01-01 05:10:59;43;4;12;2;0;3;6;0;2;0;1
2020-01-01 05:11:58;43;4;12;2;0;3;6;0;2;0;1
2020-01-01 05:12:59;43;4;12;2;0;3;6;0;2;0;1
2020-01-01 05:13:59;43;4;12;2;0;3;6;0;2;0;1
2020-01-01 05:14:58;43;4;12;2;0;3;6;0;2;0;1
2020-01-01 05:15:59;43;4;12;2;0;3;6;0;2;0;1
2020-01-01 05:16:59;43;4;12;2;0;3;6;0;2;0;1
2020-01-01 05:17:59;44;4;13;2;0;3;6;0;2;0;1
2020-01-01 05:18:58;44;4;13;2;0;3;6;0;2;0;1
2020-01-01 05:19:59;44;4;13;2;0;3;6;0;2;0;1
2020-01-01 05:20:59;45;4;13;2;0;4;6;0;2;0;1
2020-01-01 05:21:58;45;4;13;2;0;4;6;0;2;0;1
2020-01-01 05:22:59;45;4;13;2;0;4;6;0;2;0;1
2020-01-01 05:23:59;45;4;13;2;0;4;6;0;2;0;1
2020-01-01 05:24:59;45;4;13;2;0;4;6;0;2;0;1
2020-01-01 05:25:58;45;4;13;2;0;4;6;0;2;0;1
2020-01-01 05:26:59;45;4;13;2;0;4;6;0;2;0;1
2020-01-01 05:27:59;45;4;13;2;0;4;6;0;2;0;1
2020-01-01 05:28:58;45;4;13;2;0;4;6;0;2;0;1
2020-01-01 05:29:59;45;4;13;2;0;4;6;0;2;0;1
2020-01-01 05:30:59;45;4;13;2;0;4;6;0;2;0;1
2020-01-01 05:31:59;45;4;13;2;0;4;6;0;2;0;1
2020-01-01 05:32:58;45;4;13;2;0;4;6;0;2;0;1
2020-01-01 05:33:59;45;4;13;2;0;4;6;0;2;0;1
2020-01-01 05:34:59;46;4;14;2;0;4;6;0;2;0;1
2020-01-01 05:35:59;46;4;14;2;0;4;6;0;2;0;1
2020-01-01 05:36:58;46;4;14;2;0;4;6;0;2;0;1
2020-01-01 05:37:59;46;4;14;2;0;4;6;0;2;0;1
2020-01-01 05:38:59;46;4;14;2;0;4;6;0;2;0;1
2020-01-01 05:39:58;46;4;14;2;0;4;6;0;2;0;1
2020-01-01 05:40:59;46;4;14;2;0;4;6;0;2;0;1
2020-01-01 05:41:59;46;4;14;2;0;4;6;0;2;0;1
2020-01-01 05:42:58;46;4;14;2;0;4;6;0;2;0;1
2020-01-01 05:43:59;46;4;14;2;0;4;6;0;2;0;1
2020-01-01 05:44:59;46;4;14;2;0;4;6;0;2;0;1
2020-01-01 05:45:58;46;4;14;2;0;4;6;0;2;0;1
2020-01-01 05:46:59;46;4;14;2;0;4;6;0;2;0;1
2020-01-01 05:47:59;46;4;14;2;0;4;6;0;2;0;1
2020-01-01 05:48:58;46;4;14;2;0;4;6;0;2;0;1
2020-01-01 05:49:59;46;4;14;2;0;4;6;0;2;0;1
2020-01-01 05:50:59;46;4;14;2;0;4;6;0;2;0;1
2020-01-01 05:52:00;46;4;14;2;0;4;6;0;2;0;1
2020-01-01 05:52:58;46;4;14;2;0;4;6;0;2;0;1
2020-01-01 05:53:59;46;4;14;2;0;4;6;0;2;0;1
2020-01-01 05:54:59;46;4;14;2;0;4;6;0;2;0;1
2020-01-01 05:55:58;46;4;14;2;0;4;6;0;2;0;1
2020-01-01 05:56:59;47;4;15;2;0;4;6;0;2;0;1
2020-01-01 05:57:59;47;4;15;2;0;4;6;0;2;0;1
2020-01-01 05:58:58;47;4;15;2;0;4;6;0;2;0;1
2020-01-01 05:59:59;47;4;15;2;0;4;6;0;2;0;1
2020-01-01 06:00:59;47;4;15;2;0;4;6;0;2;0;1
2020-01-01 06:01:59;47;4;15;2;0;4;6;0;2;0;1
2020-01-01 06:02:58;47;4;15;2;0;4;6;0;2;0;1
2020-01-01 06:03:59;47;4;15;2;0;4;6;0;2;0;1
2020-01-01 06:04:59;47;4;15;2;0;4;6;0;2;0;1
2020-01-01 06:06:00;47;4;15;2;0;4;6;0;2;0;1
2020-01-01 06:06:58;47;4;15;2;0;4;6;0;2;0;1
2020-01-01 06:07:59;47;4;15;2;0;4;6;0;2;0;1
2020-01-01 06:08:59;47;4;15;2;0;4;6;0;2;0;1
2020-01-01 06:09:58;47;4;15;2;0;4;6;0;2;0;1
2020-01-01 06:10:59;47;4;15;2;0;4;6;0;2;0;1
2020-01-01 06:11:59;47;4;15;2;0;4;6;0;2;0;1
2020-01-01 06:12:59;47;4;15;2;0;4;6;0;2;0;1
2020-01-01 06:13:58;47;4;15;2;0;4;6;0;2;0;1
2020-01-01 06:14:59;47;4;15;2;0;4;6;0;2;0;1
2020-01-01 06:15:59;47;4;15;2;0;4;6;0;2;0;1
2020-01-01 06:16:58;47;4;15;2;0;4;6;0;2;0;1
2020-01-01 06:17:59;47;4;15;2;0;4;6;0;2;0;1
2020-01-01 06:18:59;47;4;15;2;0;4;6;0;2;0;1
2020-01-01 06:19:59;47;4;15;2;0;4;6;0;2;0;1
2020-01-01 06:20:58;47;4;15;2;0;4;6;0;2;0;1
2020-01-01 06:21:59;47;4;15;2;0;4;6;0;2;0;1
2020-01-01 06:22:59;47;4;15;2;0;4;6;0;2;0;1
2020-01-01 06:23:58;47;4;15;2;0;4;6;0;2;0;1
2020-01-01 06:24:59;47;4;15;2;0;4;6;0;2;0;1
2020-01-01 06:25:59;47;4;15;2;0;4;6;0;2;0;1
2020-01-01 06:26:59;47;4;15;2;0;4;6;0;2;0;1
2020-01-01 06:27:58;47;4;15;2;0;4;6;0;2;0;1
2020-01-01 06:28:59;47;4;15;2;0;4;6;0;2;0;1
2020-01-01 06:29:59;47;4;15;2;0;4;6;0;2;0;1
2020-01-01 06:30:58;47;4;15;2;0;4;6;0;2;0;1
2020-01-01 06:31:59;47;4;15;2;0;4;6;0;2;0;1
2020-01-01 06:32:59;47;4;15;2;0;4;6;0;2;0;1
2020-01-01 06:33:58;47;4;15;2;0;4;6;0;2;0;1
2020-01-01 06:34:59;47;4;15;2;0;4;6;0;2;0;1
2020-01-01 06:35:59;47;4;15;2;0;4;6;0;2;0;1
2020-01-01 06:36:59;47;4;15;2;0;4;6;0;2;0;1
2020-01-01 06:37:58;47;4;15;2;0;4;6;0;2;0;1
2020-01-01 06:38:59;47;4;15;2;0;4;6;0;2;0;1
2020-01-01 06:39:59;47;4;15;2;0;4;6;0;2;0;1
2020-01-01 06:40:58;47;4;15;2;0;4;6;0;2;0;1
2020-01-01 06:41:59;47;4;15;2;0;4;6;0;2;0;1
2020-01-01 06:42:59;47;4;15;2;0;4;6;0;2;0;1
2020-01-01 06:43:58;47;4;15;2;0;4;6;0;2;0;1
2020-01-01 06:44:59;47;4;15;2;0;4;6;0;2;0;1
2020-01-01 06:45:59;47;4;15;2;0;4;6;0;2;0;1
2020-01-01 06:46:59;47;4;15;2;0;4;6;0;2;0;1
2020-01-01 06:47:58;47;4;15;2;0;4;6;0;2;0;1
2020-01-01 06:48:59;47;4;15;2;0;4;6;0;2;0;1
2020-01-01 06:49:59;47;4;15;2;0;4;6;0;2;0;1
2020-01-01 06:50:58;47;4;15;2;0;4;6;0;2;0;1
2020-01-01 06:51:59;47;4;15;2;0;4;6;0;2;0;1
2020-01-01 06:52:59;47;4;15;2;0;4;6;0;2;0;1
2020-01-01 06:53:59;47;4;15;2;0;4;6;0;2;0;1
2020-01-01 06:54:58;47;4;15;2;0;4;6;0;2;0;1
2020-01-01 06:55:59;47;4;15;2;0;4;6;0;2;0;1
2020-01-01 06:56:59;47;4;15;2;0;4;6;0;2;0;1
2020-01-01 06:57:58;47;4;15;2;0;4;6;0;2;0;1
2020-01-01 06:58:59;47;4;15;2;0;4;6;0;2;0;1
2020-01-01 06:59:59;47;4;15;2;0;4;6;0;2;0;1
2020-01-01 07:00:59;47;4;15;2;0;4;6;0;2;0;1
2020-01-01 07:01:58;47;4;15;2;0;4;6;0;2;0;1
2020-01-01 07:02:59;47;4;15;2;0;4;6;0;2;0;1
2020-01-01 07:03:59;47;4;15;2;0;4;6;0;2;0;1
2020-01-01 07:04:58;47;4;15;2;0;4;6;0;2;0;1
2020-01-01 07:05:59;47;4;15;2;0;4;6;0;2;0;1
2020-01-01 07:06:59;47;4;15;2;0;4;6;0;2;0;1
2020-01-01 07:07:58;47;4;15;2;0;4;6;0;2;0;1
2020-01-01 07:08:59;47;4;15;2;0;4;6;0;2;0;1
2020-01-01 07:09:59;47;4;15;2;0;4;6;0;2;0;1
2020-01-01 07:10:59;47;4;15;2;0;4;6;0;2;0;1
2020-01-01 07:11:58;47;4;15;2;0;4;6;0;2;0;1
2020-01-01 07:12:59;47;4;15;2;0;4;6;0;2;0;1
2020-01-01 07:13:59;47;4;15;2;0;4;6;0;2;0;1
2020-01-01 07:14:58;47;4;15;2;0;4;6;0;2;0;1
2020-01-01 07:15:59;47;4;15;2;0;4;6;0;2;0;1
2020-01-01 07:16:59;47;4;15;2;0;4;6;0;2;0;1
2020-01-01 07:17:59;47;4;15;2;0;4;6;0;2;0;1
2020-01-01 07:18:58;47;4;15;2;0;4;6;0;2;0;1
2020-01-01 07:19:59;47;4;15;2;0;4;6;0;2;0;1
2020-01-01 07:20:59;47;4;15;2;0;4;6;0;2;0;1
2020-01-01 07:21:58;47;4;15;2;0;4;6;0;2;0;1
2020-01-01 07:22:59;47;4;15;2;0;4;6;0;2;0;1
2020-01-01 07:23:59;47;4;15;2;0;4;6;0;2;0;1
2020-01-01 07:24:58;47;4;15;2;0;4;6;0;2;0;1
2020-01-01 07:25:59;47;4;15;2;0;4;6;0;2;0;1
2020-01-01 07:26:59;47;4;15;2;0;4;6;0;2;0;1
2020-01-01 07:27:58;47;4;15;2;0;4;6;0;2;0;1
2020-01-01 07:28:59;47;4;15;2;0;4;6;0;2;0;1
2020-01-01 07:30:00;47;4;15;2;0;4;6;0;2;0;1
2020-01-01 07:30:58;47;4;15;2;0;4;6;0;2;0;1
2020-01-01 07:31:59;47;4;15;2;0;4;6;0;2;0;1
2020-01-01 07:32:59;47;4;15;2;0;4;6;0;2;0;1
2020-01-01 07:33:58;47;4;15;2;0;4;6;0;2;0;1
2020-01-01 07:34:59;47;4;15;2;0;4;6;0;2;0;1
2020-01-01 07:35:59;47;4;15;2;0;4;6;0;2;0;1
2020-01-01 07:36:58;47;4;15;2;0;4;6;0;2;0;1
2020-01-01 07:37:59;47;4;15;2;0;4;6;0;2;0;1
2020-01-01 07:38:59;47;4;15;2;0;4;6;0;2;0;1
2020-01-01 07:39:59;47;4;15;2;0;4;6;0;2;0;1
2020-01-01 07:40:58;47;4;15;2;0;4;6;0;2;0;1
2020-01-01 07:41:59;47;4;15;2;0;4;6;0;2;0;1
2020-01-01 07:42:59;47;4;15;2;0;4;6;0;2;0;1
2020-01-01 07:43:58;47;4;15;2;0;4;6;0;2;0;1
2020-01-01 07:44:59;47;4;15;2;0;4;6;0;2;0;1
2020-01-01 07:45:58;47;4;15;2;0;4;6;0;2;0;1
2020-01-01 07:46:59;47;4;15;2;0;4;6;0;2;0;1
2020-01-01 07:47:59;47;4;15;2;0;4;6;0;2;0;1
2020-01-01 07:48:59;47;4;15;2;0;4;6;0;2;0;1
2020-01-01 07:49:58;47;4;15;2;0;4;6;0;2;0;1
2020-01-01 07:50:59;47;4;15;2;0;4;6;0;2;0;1
2020-01-01 07:51:59;47;4;15;2;0;4;6;0;2;0;1
2020-01-01 07:52:59;47;4;15;2;0;4;6;0;2;0;1
2020-01-01 07:53:58;47;4;15;2;0;4;6;0;2;0;1
2020-01-01 07:54:59;47;4;15;2;0;4;6;0;2;0;1
2020-01-01 07:55:59;47;4;15;2;0;4;6;0;2;0;1
2020-01-01 07:56:58;47;4;15;2;0;4;6;0;2;0;1
2020-01-01 07:57:59;47;4;15;2;0;4;6;0;2;0;1
2020-01-01 07:58:59;47;4;15;2;0;4;6;0;2;0;1
2020-01-01 07:59:59;47;4;15;2;0;4;6;0;2;0;1
2020-01-01 08:00:58;47;4;15;2;0;4;6;0;2;0;1
2020-01-01 08:01:59;47;4;15;2;0;4;6;0;2;0;1
2020-01-01 08:02:58;47;4;15;2;0;4;6;0;2;0;1
2020-01-01 08:03:59;47;4;15;2;0;4;6;0;2;0;1
2020-01-01 08:04:59;47;4;15;2;0;4;6;0;2;0;1
2020-01-01 08:05:59;47;4;15;2;0;4;6;0;2;0;1
2020-01-01 08:06:58;47;4;15;2;0;4;6;0;2;0;1
2020-01-01 08:07:59;47;4;15;2;0;4;6;0;2;0;1
2020-01-01 08:08:59;47;4;15;2;0;4;6;0;2;0;1
2020-01-01 08:09:58;47;4;15;2;0;4;6;0;2;0;1
2020-01-01 08:10:59;47;4;15;2;0;4;6;0;2;0;1
2020-01-01 08:11:59;47;4;15;2;0;4;6;0;2;0;1
2020-01-01 08:12:58;47;4;15;2;0;4;6;0;2;0;1
2020-01-01 08:13:59;47;4;15;2;0;4;6;0;2;0;1
2020-01-01 08:14:59;47;4;15;2;0;4;6;0;2;0;1
2020-01-01 08:15:58;47;4;15;2;0;4;6;0;2;0;1
2020-01-01 08:16:59;47;4;15;2;0;4;6;0;2;0;1
2020-01-01 08:17:59;47;4;15;2;0;4;6;0;2;0;1
2020-01-01 08:18:59;47;4;15;2;0;4;6;0;2;0;1
2020-01-01 08:19:58;47;4;15;2;0;4;6;0;2;0;1
2020-01-01 08:20:59;47;4;15;2;0;4;6;0;2;0;1
2020-01-01 08:21:59;47;4;15;2;0;4;6;0;2;0;1
2020-01-01 08:22:58;47;4;15;2;0;4;6;0;2;0;1
2020-01-01 08:23:59;47;4;15;2;0;4;6;0;2;0;1
2020-01-01 08:24:59;47;4;15;2;0;4;6;0;2;0;1
2020-01-01 08:25:58;47;4;15;2;0;4;6;0;2;0;1
2020-01-01 08:26:59;47;4;15;2;0;4;6;0;2;0;1
2020-01-01 08:27:59;47;4;15;2;0;4;6;0;2;0;1
2020-01-01 08:28:58;47;4;15;2;0;4;6;0;2;0;1
2020-01-01 08:29:59;47;4;15;2;0;4;6;0;2;0;1
2020-01-01 08:30:59;47;4;15;2;0;4;6;0;2;0;1
2020-01-01 08:31:58;47;4;15;2;0;4;6;0;2;0;1
2020-01-01 08:32:59;47;4;15;2;0;4;6;0;2;0;1
2020-01-01 08:33:59;47;4;15;2;0;4;6;0;2;0;1
2020-01-01 08:34:58;47;4;15;2;0;4;6;0;2;0;1
2020-01-01 08:35:59;47;4;15;2;0;4;6;0;2;0;1
2020-01-01 08:36:59;47;4;15;2;0;4;6;0;2;0;1
2020-01-01 08:37:58;47;4;15;2;0;4;6;0;2;0;1
2020-01-01 08:38:59;47;4;15;2;0;4;6;0;2;0;1
2020-01-01 08:39:59;47;4;15;2;0;4;6;0;2;0;1
2020-01-01 08:41:00;47;4;15;2;0;4;6;0;2;0;1
2020-01-01 08:41:58;47;4;15;2;0;4;6;0;2;0;1
2020-01-01 08:42:59;47;4;15;2;0;4;6;0;2;0;1
2020-01-01 08:43:59;47;4;15;2;0;4;6;0;2;0;1
2020-01-01 08:44:58;47;4;15;2;0;4;6;0;2;0;1
2020-01-01 08:45:59;47;4;15;2;0;4;6;0;2;0;1
2020-01-01 08:46:59;47;4;15;2;0;4;6;0;2;0;1
2020-01-01 08:47:58;47;4;15;2;0;4;6;0;2;0;1
2020-01-01 08:48:59;47;4;15;2;0;4;6;0;2;0;1
2020-01-01 08:49:59;47;4;15;2;0;4;6;0;2;0;1
2020-01-01 08:50:58;47;4;15;2;0;4;6;0;2;0;1
2020-01-01 08:51:59;47;4;15;2;0;4;6;0;2;0;1
2020-01-01 08:52:59;47;4;15;2;0;4;6;0;2;0;1
2020-01-01 08:53:59;47;4;15;2;0;4;6;0;2;0;1
2020-01-01 08:54:58;47;4;15;2;0;4;6;0;2;0;1
2020-01-01 08:55:59;47;4;15;2;0;4;6;0;2;0;1
2020-01-01 08:56:59;47;4;15;2;0;4;6;0;2;0;1
2020-01-01 08:57:58;47;4;15;2;0;4;6;0;2;0;1
2020-01-01 08:58:59;47;4;15;2;0;4;6;0;2;0;1
2020-01-01 08:59:59;47;4;15;2;0;4;6;0;2;0;1
2020-01-01 09:01:00;47;4;15;2;0;4;6;0;2;0;1
2020-01-01 09:01:58;47;4;15;2;0;4;6;0;2;0;1
2020-01-01 09:02:59;47;4;15;2;0;4;6;0;2;0;1
2020-01-01 09:03:59;47;4;15;2;0;4;6;0;2;0;1
2020-01-01 09:04:58;47;4;15;2;0;4;6;0;2;0;1
2020-01-01 09:05:59;47;4;15;2;0;4;6;0;2;0;1
2020-01-01 09:06:59;48;5;15;2;0;4;6;0;2;0;1
2020-01-01 09:07:59;48;5;15;2;0;4;6;0;2;0;1
2020-01-01 09:08:58;48;5;15;2;0;4;6;0;2;0;1
2020-01-01 09:09:59;48;5;15;2;0;4;6;0;2;0;1
2020-01-01 09:10:59;48;5;15;2;0;4;6;0;2;0;1
2020-01-01 09:11:58;48;5;15;2;0;4;6;0;2;0;1
2020-01-01 09:12:59;48;5;15;2;0;4;6;0;2;0;1
2020-01-01 09:13:59;48;5;15;2;0;4;6;0;2;0;1
2020-01-01 09:14:59;48;5;15;2;0;4;6;0;2;0;1
2020-01-01 09:15:58;48;5;15;2;0;4;6;0;2;0;1
2020-01-01 09:16:59;48;5;15;2;0;4;6;0;2;0;1
2020-01-01 09:17:59;48;5;15;2;0;4;6;0;2;0;1
2020-01-01 09:18:58;48;5;15;2;0;4;6;0;2;0;1
2020-01-01 09:19:59;48;5;15;2;0;4;6;0;2;0;1
2020-01-01 09:20:59;48;5;15;2;0;4;6;0;2;0;1
2020-01-01 09:21:59;48;5;15;2;0;4;6;0;2;0;1
2020-01-01 09:22:58;48;5;15;2;0;4;6;0;2;0;1
2020-01-01 09:23:59;48;5;15;2;0;4;6;0;2;0;1
2020-01-01 09:24:58;48;5;15;2;0;4;6;0;2;0;1
2020-01-01 09:25:59;48;5;16;2;0;4;5;0;2;0;1
2020-01-01 09:26:59;47;5;15;2;0;4;5;0;2;0;1
2020-01-01 09:28:00;48;5;16;2;0;4;5;0;2;0;1
2020-01-01 09:28:58;48;5;16;2;0;4;5;0;2;0;1
2020-01-01 09:29:59;48;5;16;2;0;4;5;0;2;0;1
2020-01-01 09:30:59;48;5;16;2;0;4;5;0;2;0;1
2020-01-01 09:31:58;48;5;16;2;0;4;5;0;2;0;1
2020-01-01 09:32:59;48;5;16;2;0;4;5;0;2;0;1
2020-01-01 09:33:59;48;5;16;2;0;4;5;0;2;0;1
2020-01-01 09:35:00;48;5;16;2;0;4;5;0;2;0;1
2020-01-01 09:35:58;48;5;16;2;0;4;5;0;2;0;1
2020-01-01 09:36:59;48;5;16;2;0;4;5;0;2;0;1
2020-01-01 09:37:59;48;5;16;2;0;4;5;0;2;0;1
2020-01-01 09:38:58;48;5;16;2;0;4;5;0;2;0;1
2020-01-01 09:39:59;48;5;16;2;0;4;5;0;2;0;1
2020-01-01 09:40:59;48;5;16;2;0;4;5;0;2;0;1
2020-01-01 09:41:58;48;5;16;2;0;4;5;0;2;0;1
2020-01-01 09:42:59;48;5;16;2;0;4;5;0;2;0;1
2020-01-01 09:43:59;48;5;16;2;0;4;5;0;2;0;1
2020-01-01 09:44:58;48;5;16;2;0;4;5;0;2;0;1
2020-01-01 09:45:59;48;5;16;2;0;4;5;0;2;0;1
2020-01-01 09:46:59;48;5;16;2;0;4;5;0;2;0;1
2020-01-01 09:47:59;48;5;16;2;0;4;5;0;2;0;1
2020-01-01 09:48:58;48;5;16;2;0;4;5;0;2;0;1
2020-01-01 09:49:59;48;5;16;2;0;4;5;0;2;0;1
2020-01-01 09:50:59;49;6;16;2;0;4;5;0;2;0;1
2020-01-01 09:51:58;49;6;16;2;0;4;5;0;2;0;1
2020-01-01 09:52:59;49;6;16;2;0;4;5;0;2;0;1
2020-01-01 09:53:59;49;6;16;2;0;4;5;0;2;0;1
2020-01-01 09:54:59;49;6;16;2;0;4;5;0;2;0;1
2020-01-01 09:55:58;49;6;16;2;0;4;5;0;2;0;1
2020-01-01 09:56:59;49;6;16;2;0;4;5;0;2;0;1
2020-01-01 09:57:58;49;6;16;2;0;4;5;0;2;0;1
2020-01-01 09:58:59;49;6;16;2;0;4;5;0;2;0;1
2020-01-01 09:59:59;49;6;16;2;0;4;5;0;2;0;1
2020-01-01 10:00:59;49;6;16;2;0;4;5;0;2;0;1
2020-01-01 10:01:58;49;6;16;2;0;4;5;0;2;0;1
2020-01-01 10:02:59;49;6;16;2;0;4;5;0;2;0;1
2020-01-01 10:03:59;49;6;16;2;0;4;5;0;2;0;1
2020-01-01 10:04:59;49;6;16;2;0;4;5;0;2;0;1
2020-01-01 10:05:58;49;6;16;2;0;4;5;0;2;0;1
2020-01-01 10:06:59;49;6;16;2;0;4;5;0;2;0;1
2020-01-01 10:07:59;49;6;16;2;0;4;5;0;2;0;1
2020-01-01 10:08:58;49;6;16;2;0;4;5;0;2;0;1
2020-01-01 10:09:59;49;6;16;2;0;4;5;0;2;0;1
2020-01-01 10:10:59;49;6;16;2;0;4;5;0;2;0;1
2020-01-01 10:11:58;49;6;16;2;0;4;5;0;2;0;1
2020-01-01 10:12:59;49;6;16;2;0;4;5;0;2;0;1
2020-01-01 10:13:59;49;6;16;2;0;4;5;0;2;0;1
2020-01-01 10:14:59;49;6;16;2;0;4;5;0;2;0;1
2020-01-01 10:15:58;49;6;16;2;0;4;5;0;2;0;1
2020-01-01 10:16:59;49;6;16;2;0;4;5;0;2;0;1
2020-01-01 10:17:59;49;6;16;2;0;4;5;0;2;0;1
2020-01-01 10:18:59;50;6;17;2;0;4;5;0;2;0;1
2020-01-01 10:19:58;50;6;17;2;0;4;5;0;2;0;1
2020-01-01 10:20:59;50;6;17;2;0;4;5;0;2;0;1
2020-01-01 10:21:59;50;6;17;2;0;4;5;0;2;0;1
2020-01-01 10:22:59;50;6;17;2;0;4;5;0;2;0;1
2020-01-01 10:23:58;50;6;17;2;0;4;5;0;2;0;1
2020-01-01 10:24:59;50;6;17;2;0;4;5;0;2;0;1
2020-01-01 10:25:59;50;6;17;2;0;4;5;0;2;0;1
2020-01-01 10:26:59;50;6;17;2;0;4;5;0;2;0;1
2020-01-01 10:27:58;50;6;17;2;0;4;5;0;2;0;1
2020-01-01 10:28:59;50;6;17;2;0;4;5;0;2;0;1
2020-01-01 10:29:59;50;6;17;2;0;4;5;0;2;0;1
2020-01-01 10:30:59;50;6;17;2;0;4;5;0;2;0;1
2020-01-01 10:31:58;50;6;17;2;0;4;5;0;2;0;1
2020-01-01 10:32:59;50;6;17;2;0;4;5;0;2;0;1
2020-01-01 10:33:59;50;6;17;2;0;4;5;0;2;0;1
2020-01-01 10:34:59;50;6;17;2;0;4;5;0;2;0;1
2020-01-01 10:35:58;50;6;17;2;0;4;5;0;2;0;1
2020-01-01 10:36:59;50;6;17;2;0;4;5;0;2;0;1
2020-01-01 10:37:59;50;6;17;2;0;4;5;0;2;0;1
2020-01-01 10:38:59;50;6;17;2;0;4;5;0;2;0;1
2020-01-01 10:39:58;50;6;17;2;0;4;5;0;2;0;1
2020-01-01 10:40:59;50;6;17;2;0;4;5;0;2;0;1
2020-01-01 10:41:59;51;6;17;2;0;4;5;0;2;0;2
2020-01-01 10:42:59;51;6;17;2;0;4;5;0;2;0;2
2020-01-01 10:43:58;51;6;17;2;0;4;5;0;2;0;2
2020-01-01 10:44:59;52;7;17;2;0;4;5;0;2;0;2
2020-01-01 10:45:59;52;7;17;2;0;4;5;0;2;0;2
2020-01-01 10:46:58;52;7;17;2;0;4;5;0;2;0;2
2020-01-01 10:47:59;52;7;17;2;0;4;5;0;2;0;2
2020-01-01 10:48:59;52;7;17;2;0;4;5;0;2;0;2
2020-01-01 10:49:59;52;7;17;2;0;4;5;0;2;0;2
2020-01-01 10:50:58;53;7;18;2;0;4;5;0;2;0;2
2020-01-01 10:51:59;53;7;18;2;0;4;5;0;2;0;2
2020-01-01 10:52:59;53;7;18;2;0;4;5;0;2;0;2
2020-01-01 10:53:59;53;7;18;2;0;4;5;0;2;0;2
2020-01-01 10:54:59;53;7;18;2;0;4;5;0;2;0;2
2020-01-01 10:55:58;53;7;18;2;0;4;5;0;2;0;2
2020-01-01 10:56:59;53;7;18;2;0;4;5;0;2;0;2
2020-01-01 10:57:59;53;7;18;2;0;4;5;0;2;0;2
2020-01-01 10:58:59;53;7;18;2;0;4;5;0;2;0;2
2020-01-01 10:59:58;53;7;18;2;0;4;5;0;2;0;2
2020-01-01 11:00:59;53;7;18;2;0;4;5;0;2;0;2
2020-01-01 11:01:59;54;7;18;2;0;4;5;0;2;0;2
2020-01-01 11:02:59;54;7;18;2;0;4;5;0;2;0;2
2020-01-01 11:03:58;55;7;18;3;0;4;5;0;2;0;2
2020-01-01 11:04:59;55;7;18;3;0;4;5;0;2;0;2
2020-01-01 11:05:59;55;7;18;3;0;4;5;0;2;0;2
2020-01-01 11:06:59;55;7;18;3;0;4;5;0;2;0;2
2020-01-01 11:07:58;55;7;18;3;0;4;5;0;2;0;2
2020-01-01 11:08:59;55;7;18;3;0;4;5;0;2;0;2
2020-01-01 11:09:59;55;7;18;3;0;4;5;0;2;0;2
2020-01-01 11:10:59;55;7;18;3;0;4;5;0;2;0;2
2020-01-01 11:11:58;56;7;18;3;0;4;5;0;2;0;2
2020-01-01 11:12:59;56;7;18;3;0;4;5;0;2;0;2
2020-01-01 11:13:59;56;7;18;3;0;4;5;0;2;0;2
2020-01-01 11:14:58;56;7;18;3;0;4;5;0;2;0;2
2020-01-01 11:15:59;56;7;18;3;0;4;5;0;2;0;2
2020-01-01 11:16:59;57;8;18;3;0;4;5;0;2;0;2
2020-01-01 11:17:58;57;8;18;3;0;4;5;0;2;0;2
2020-01-01 11:18:59;57;8;18;3;0;4;5;0;2;0;2
2020-01-01 11:19:59;57;8;18;3;0;4;5;0;2;0;2
2020-01-01 11:20:59;58;9;18;3;0;4;5;0;2;0;2
2020-01-01 11:21:58;58;9;18;3;0;4;5;0;2;0;2
2020-01-01 11:22:59;58;9;18;3;0;4;5;0;2;0;2
2020-01-01 11:23:59;58;9;18;3;0;4;5;0;2;0;2
2020-01-01 11:24:59;58;9;18;3;0;4;5;0;2;0;2
2020-01-01 11:25:58;58;9;18;3;0;4;5;0;2;0;2
2020-01-01 11:26:59;58;9;18;3;0;4;5;0;2;0;2
2020-01-01 11:27:59;58;9;18;3;0;4;5;0;2;0;2
2020-01-01 11:28:59;58;9;18;3;0;4;5;0;2;0;2
2020-01-01 11:29:58;58;9;18;3;0;4;5;0;2;0;2
2020-01-01 11:30:59;58;9;18;3;0;4;5;0;2;0;2
2020-01-01 11:31:59;58;9;18;3;0;4;5;0;2;0;2
2020-01-01 11:32:58;58;9;18;3;0;4;5;0;2;0;2
2020-01-01 11:33:59;58;9;18;3;0;4;5;0;2;0;2
2020-01-01 11:34:59;58;9;18;3;0;4;5;0;2;0;2
2020-01-01 11:35:58;58;9;18;3;0;4;5;0;2;0;2
2020-01-01 11:36:59;58;9;18;3;0;4;5;0;2;0;2
2020-01-01 11:37:59;58;10;18;3;0;4;5;0;2;0;2
2020-01-01 11:38:59;58;10;18;3;0;4;5;0;2;0;2
2020-01-01 11:39:59;58;10;18;3;0;4;5;0;2;0;2
2020-01-01 11:40:58;58;11;18;3;0;4;5;0;2;0;2
2020-01-01 11:41:59;58;11;18;3;0;4;5;0;2;0;2
2020-01-01 11:42:59;58;11;18;3;0;4;5;0;2;0;2
2020-01-01 11:43:59;58;11;18;3;0;4;5;0;2;0;2
2020-01-01 11:44:58;58;11;18;3;0;4;5;0;2;0;2
2020-01-01 11:45:59;58;11;18;3;0;4;5;0;2;0;2
2020-01-01 11:46:59;58;11;18;3;0;4;5;0;2;0;2
2020-01-01 11:47:58;58;11;18;3;0;4;5;0;2;0;2
2020-01-01 11:48:59;58;11;18;3;0;4;5;0;2;0;2
2020-01-01 11:49:59;58;11;18;3;0;4;5;0;2;0;2
2020-01-01 11:50:59;58;11;18;3;0;4;5;0;2;0;2
2020-01-01 11:52:00;58;11;18;3;0;4;5;0;2;0;2
2020-01-01 11:52:58;58;11;18;3;0;4;5;0;2;0;2
2020-01-01 11:53:59;58;11;18;3;0;4;5;0;2;0;2
2020-01-01 11:54:59;58;11;18;3;0;4;5;0;2;0;2
2020-01-01 11:55:58;58;11;18;3;0;4;5;0;2;0;2
2020-01-01 11:56:59;58;11;18;3;0;4;5;0;2;0;2
2020-01-01 11:57:59;58;11;18;3;0;4;5;0;2;0;2
2020-01-01 11:58:58;58;11;18;3;0;4;5;0;2;0;2
2020-01-01 11:59:59;58;11;18;3;0;4;5;0;2;0;2
2020-01-01 12:00:59;58;11;18;3;0;4;5;0;2;0;2
2020-01-01 12:01:59;58;11;18;3;0;4;5;0;2;0;2
2020-01-01 12:02:58;58;11;18;3;0;4;5;0;2;0;2
2020-01-01 12:03:59;58;11;18;3;0;4;5;0;2;0;2
2020-01-01 12:04:59;58;11;18;3;0;4;5;0;2;0;2
2020-01-01 12:05:58;58;11;18;3;0;4;5;0;2;0;2
2020-01-01 12:06:59;58;11;18;3;0;4;5;0;2;0;2
2020-01-01 12:07:59;58;11;18;3;0;4;5;0;2;0;2
2020-01-01 12:08:59;58;11;18;3;0;4;5;0;2;0;2
2020-01-01 12:09:58;58;11;18;3;0;4;5;0;2;0;2
2020-01-01 12:10:59;59;11;19;3;0;4;5;0;2;0;2
2020-01-01 12:11:59;59;11;19;3;0;4;5;0;2;0;2
2020-01-01 12:12:58;60;11;19;4;0;4;5;0;2;0;2
2020-01-01 12:13:59;60;11;19;4;0;4;5;0;2;0;2
2020-01-01 12:14:58;60;11;19;4;0;4;5;0;2;0;2
2020-01-01 12:15:59;60;11;19;4;0;4;5;0;2;0;2
2020-01-01 12:16:59;60;11;19;4;0;4;5;0;2;0;2
2020-01-01 12:17:59;60;11;19;4;0;4;5;0;2;0;2
2020-01-01 12:18:59;60;11;19;4;0;4;5;0;2;0;2
2020-01-01 12:19:58;60;11;19;4;0;4;5;0;2;0;2
2020-01-01 12:20:59;60;11;19;4;0;4;5;0;2;0;2
2020-01-01 12:21:59;60;11;19;4;0;4;5;0;2;0;2
2020-01-01 12:22:59;60;11;19;4;0;4;5;0;2;0;2
2020-01-01 12:23:58;60;11;19;4;0;4;5;0;2;0;2
2020-01-01 12:24:59;60;11;19;4;0;4;5;0;2;0;2
2020-01-01 12:25:59;60;11;19;4;0;4;5;0;2;0;2
2020-01-01 12:26:58;60;11;19;4;0;4;5;0;2;0;2
2020-01-01 12:27:59;61;11;19;4;0;4;5;0;2;0;2
2020-01-01 12:28:59;61;11;19;4;0;4;5;0;2;0;2
2020-01-01 12:29:59;61;11;19;4;0;4;5;0;2;0;2
2020-01-01 12:30:58;61;11;19;4;0;4;5;0;2;0;2
2020-01-01 12:31:59;61;11;19;4;0;4;5;0;2;0;2
2020-01-01 12:32:59;61;11;19;4;0;4;5;0;2;0;2
2020-01-01 12:33:59;62;11;20;4;0;4;5;0;2;0;2
2020-01-01 12:34:58;62;11;20;4;0;4;5;0;2;0;2
2020-01-01 12:35:59;62;11;20;4;0;4;5;0;2;0;2
2020-01-01 12:36:59;62;11;20;4;0;4;5;0;2;0;2
2020-01-01 12:37:59;62;11;20;4;0;4;5;0;2;0;2
2020-01-01 12:38:59;63;12;20;4;0;4;5;0;2;0;2
2020-01-01 12:39:58;63;12;20;4;0;4;5;0;2;0;2
2020-01-01 12:40:59;63;12;20;4;0;4;5;0;2;0;2
2020-01-01 12:41:59;63;12;20;4;0;4;5;0;2;0;2
2020-01-01 12:42:59;63;12;20;4;0;4;5;0;2;0;2
2020-01-01 12:43:58;63;12;20;4;0;4;5;0;2;0;2
2020-01-01 12:44:59;63;12;20;4;0;4;5;0;2;0;2
2020-01-01 12:45:59;63;12;20;4;0;4;5;0;2;0;2
2020-01-01 12:46:58;63;12;20;4;0;4;5;0;2;0;2
2020-01-01 12:47:59;63;12;20;4;0;4;5;0;2;0;2
2020-01-01 12:48:59;63;12;20;4;0;4;5;0;2;0;2
2020-01-01 12:49:59;63;12;20;4;0;4;5;0;2;0;2
2020-01-01 12:50:58;64;13;20;4;0;4;5;0;2;0;2
2020-01-01 12:51:59;64;13;20;4;0;4;5;0;2;0;2
2020-01-01 12:52:59;64;13;20;4;0;4;5;0;2;0;2
2020-01-01 12:53:58;64;13;20;4;0;4;5;0;2;0;2
2020-01-01 12:54:59;64;13;20;4;0;4;5;0;2;0;2
2020-01-01 12:55:59;64;13;20;4;0;4;5;0;2;0;2
2020-01-01 12:56:59;64;13;20;4;0;4;5;0;2;0;2
2020-01-01 12:57:58;65;13;21;4;0;4;5;0;2;0;2
2020-01-01 12:58:59;65;13;21;4;0;4;5;0;2;0;2
2020-01-01 12:59:59;65;13;21;4;0;4;5;0;2;0;2
2020-01-01 13:00:59;65;13;21;4;0;4;5;0;2;0;2
2020-01-01 13:01:58;65;13;21;4;0;4;5;0;2;0;2
2020-01-01 13:02:59;65;13;21;4;0;4;5;0;2;0;2
2020-01-01 13:03:59;65;13;21;4;0;4;5;0;2;0;2
2020-01-01 13:04:59;65;13;21;4;0;4;5;0;2;0;2
2020-01-01 13:05:58;65;13;21;4;0;4;5;0;2;0;2
2020-01-01 13:06:59;65;13;21;4;0;4;5;0;2;0;2
2020-01-01 13:07:59;65;13;21;4;0;4;5;0;2;0;2
2020-01-01 13:08:58;65;13;21;4;0;4;5;0;2;0;2
2020-01-01 13:09:59;65;13;21;4;0;4;5;0;2;0;2
2020-01-01 13:10:59;65;13;21;4;0;4;5;0;2;0;2
2020-01-01 13:11:59;65;13;21;4;0;4;5;0;2;0;2
2020-01-01 13:12:58;65;13;21;4;0;4;5;0;2;0;2
2020-01-01 13:13:59;65;13;21;4;0;4;5;0;2;0;2
2020-01-01 13:14:59;65;13;21;4;0;4;5;0;2;0;2
2020-01-01 13:15:59;65;13;21;4;0;4;5;0;2;0;2
2020-01-01 13:16:58;65;13;21;4;0;4;5;0;2;0;2
2020-01-01 13:17:59;65;13;21;4;0;4;5;0;2;0;2
2020-01-01 13:18:59;65;13;21;4;0;4;5;0;2;0;2
2020-01-01 13:19:58;65;13;21;4;0;4;5;0;2;0;2
2020-01-01 13:20:59;65;13;21;4;0;4;5;0;2;0;2
2020-01-01 13:21:59;65;13;21;4;0;4;5;0;2;0;2
2020-01-01 13:22:59;65;13;21;4;0;4;5;0;2;0;2
2020-01-01 13:23:59;65;13;21;4;0;4;5;0;2;0;2
2020-01-01 13:24:58;65;13;21;4;0;4;5;0;2;0;2
2020-01-01 13:25:59;65;13;21;4;0;4;5;0;2;0;2
2020-01-01 13:26:59;65;13;21;4;0;4;5;0;2;0;2
2020-01-01 13:27:59;65;13;21;4;0;4;5;0;2;0;2
2020-01-01 13:28:58;65;13;21;4;0;4;5;0;2;0;2
2020-01-01 13:29:59;65;13;21;4;0;4;5;0;2;0;2
2020-01-01 13:30:59;65;13;21;4;0;4;5;0;2;0;2
2020-01-01 13:31:59;65;13;21;4;0;4;5;0;2;0;2
2020-01-01 13:32:58;65;13;21;4;0;4;5;0;2;0;2
2020-01-01 13:33:59;65;13;21;4;0;4;5;0;2;0;2
2020-01-01 13:34:59;65;13;21;4;0;4;5;0;2;0;2
2020-01-01 13:35:58;65;13;21;4;0;4;5;0;2;0;2
2020-01-01 13:36:59;66;14;21;4;0;4;5;0;2;0;2
2020-01-01 13:37:59;66;14;21;4;0;4;5;0;2;0;2
2020-01-01 13:38:59;66;14;21;4;0;4;5;0;2;0;2
2020-01-01 13:39:58;66;14;21;4;0;4;5;0;2;0;2
2020-01-01 13:40:59;67;14;21;4;1;4;5;0;2;0;2
2020-01-01 13:41:59;67;14;21;4;1;4;5;0;2;0;2
2020-01-01 13:42:58;67;14;21;4;1;4;5;0;2;0;2
2020-01-01 13:43:59;67;14;21;4;1;4;5;0;2;0;2
2020-01-01 13:44:59;67;14;21;4;1;4;5;0;2;0;2
2020-01-01 13:45:59;67;14;21;4;1;4;5;0;2;0;2
2020-01-01 13:46:58;68;15;21;4;1;4;5;0;2;0;2
2020-01-01 13:47:59;68;15;21;4;1;4;5;0;2;0;2
2020-01-01 13:48:59;68;15;21;4;1;4;5;0;2;0;2
2020-01-01 13:50:00;68;15;21;4;1;4;5;0;2;0;2
2020-01-01 13:50:58;68;15;21;4;1;4;5;0;2;0;2
2020-01-01 13:51:59;68;15;21;4;1;4;5;0;2;0;2
2020-01-01 13:52:59;68;15;21;4;1;4;5;0;2;0;2
2020-01-01 13:53:58;68;15;21;4;1;4;5;0;2;0;2
2020-01-01 13:54:59;68;15;21;4;1;4;5;0;2;0;2
2020-01-01 13:55:59;68;15;21;4;1;4;5;0;2;0;2
2020-01-01 13:56:59;68;15;21;4;1;4;5;0;2;0;2
2020-01-01 13:57:58;68;15;21;4;1;4;5;0;2;0;2
2020-01-01 13:58:59;68;15;21;4;1;4;5;0;2;0;2
2020-01-01 13:59:58;69;16;21;4;1;4;5;0;2;0;2
2020-01-01 14:00:59;70;16;22;4;1;4;5;0;2;0;2
2020-01-01 14:01:59;70;16;22;4;1;4;5;0;2;0;2
2020-01-01 14:02:58;70;16;22;4;1;4;5;0;2;0;2
2020-01-01 14:03:59;70;16;22;4;1;4;5;0;2;0;2
2020-01-01 14:04:59;70;16;22;4;1;4;5;0;2;0;2
2020-01-01 14:05:58;70;16;22;4;1;4;5;0;2;0;2
2020-01-01 14:06:59;70;16;22;4;1;4;5;0;2;0;2
2020-01-01 14:07:59;70;16;22;4;1;4;5;0;2;0;2
2020-01-01 14:08:58;70;16;22;4;1;4;5;0;2;0;2
2020-01-01 14:09:59;71;16;23;4;1;4;5;0;2;0;2
2020-01-01 14:10:59;71;16;23;4;1;4;5;0;2;0;2
2020-01-01 14:11:58;71;16;23;4;1;4;5;0;2;0;2
2020-01-01 14:12:59;71;16;23;4;1;4;5;0;2;0;2
2020-01-01 14:13:59;71;16;23;4;1;4;5;0;2;0;2
2020-01-01 14:14:59;71;16;23;4;1;4;5;0;2;0;2
2020-01-01 14:15:58;71;16;23;4;1;4;5;0;2;0;2
2020-01-01 14:16:59;71;16;23;4;1;4;5;0;2;0;2
2020-01-01 14:17:59;71;16;23;4;1;4;5;0;2;0;2
2020-01-01 14:18:58;71;16;23;4;1;4;5;0;2;0;2
2020-01-01 14:19:59;71;16;23;4;1;4;5;0;2;0;2
2020-01-01 14:20:59;71;16;23;4;1;4;5;0;2;0;2
2020-01-01 14:21:59;71;16;23;4;1;4;5;0;2;0;2
2020-01-01 14:22:58;71;16;23;4;1;4;5;0;2;0;2
2020-01-01 14:23:59;71;16;23;4;1;4;5;0;2;0;2
2020-01-01 14:24:58;71;16;23;4;1;4;5;0;2;0;2
2020-01-01 14:25:59;71;16;23;4;1;4;5;0;2;0;2
2020-01-01 14:26:59;71;16;23;4;1;4;5;0;2;0;2
2020-01-01 14:27:59;71;16;23;4;1;4;5;0;2;0;2
2020-01-01 14:28:59;71;16;23;4;1;4;5;0;2;0;2
2020-01-01 14:29:58;71;16;23;4;1;4;5;0;2;0;2
2020-01-01 14:30:59;71;16;23;4;1;4;5;0;2;0;2
2020-01-01 14:31:59;71;16;23;4;1;4;5;0;2;0;2
2020-01-01 14:32:58;71;16;23;4;1;4;5;0;2;0;2
2020-01-01 14:33:59;71;16;23;4;1;4;5;0;2;0;2
2020-01-01 14:34:59;71;16;23;4;1;4;5;0;2;0;2
2020-01-01 14:35:59;71;16;23;4;1;4;5;0;2;0;2
2020-01-01 14:36:58;71;16;23;4;1;4;5;0;2;0;2
2020-01-01 14:37:59;71;16;23;4;1;4;5;0;2;0;2
2020-01-01 14:38:59;72;16;24;4;1;4;5;0;2;0;2
2020-01-01 14:39:59;72;16;24;4;1;4;5;0;2;0;2
2020-01-01 14:40:58;72;16;24;4;1;4;5;0;2;0;2
2020-01-01 14:41:59;72;16;24;4;1;4;5;0;2;0;2
2020-01-01 14:42:59;72;16;24;4;1;4;5;0;2;0;2
2020-01-01 14:43:58;72;16;24;4;1;4;5;0;2;0;2
2020-01-01 14:44:59;72;16;24;4;1;4;5;0;2;0;2
2020-01-01 14:45:59;72;16;24;4;1;4;5;0;2;0;2
2020-01-01 14:46:58;72;16;24;4;1;4;5;0;2;0;2
2020-01-01 14:47:59;72;16;24;4;1;4;5;0;2;0;2
2020-01-01 14:48:59;72;16;24;4;1;4;5;0;2;0;2
2020-01-01 14:49:59;72;16;24;4;1;4;5;0;2;0;2
2020-01-01 14:50:58;72;16;24;4;1;4;5;0;2;0;2
2020-01-01 14:51:59;72;16;24;4;1;4;5;0;2;0;2
2020-01-01 14:52:59;72;16;24;4;1;4;5;0;2;0;2
2020-01-01 14:53:59;72;16;24;4;1;4;5;0;2;0;2
2020-01-01 14:54:58;72;16;24;4;1;4;5;0;2;0;2
2020-01-01 14:55:59;72;16;24;4;1;4;5;0;2;0;2
2020-01-01 14:56:59;72;16;24;4;1;4;5;0;2;0;2
2020-01-01 14:57:58;72;16;24;4;1;4;5;0;2;0;2
2020-01-01 14:58:59;72;16;24;4;1;4;5;0;2;0;2
2020-01-01 14:59:59;72;16;24;4;1;4;5;0;2;0;2
2020-01-01 15:00:59;73;16;25;4;1;4;5;0;2;0;2
2020-01-01 15:01:58;73;16;25;4;1;4;5;0;2;0;2
2020-01-01 15:02:59;73;16;25;4;1;4;5;0;2;0;2
2020-01-01 15:03:59;73;16;25;4;1;4;5;0;2;0;2
2020-01-01 15:04:59;73;16;25;4;1;4;5;0;2;0;2
2020-01-01 15:05:58;73;16;25;4;1;4;5;0;2;0;2
2020-01-01 15:06:59;73;16;25;4;1;4;5;0;2;0;2
2020-01-01 15:07:59;73;16;25;4;1;4;5;0;2;0;2
2020-01-01 15:08:59;73;16;25;4;1;4;5;0;2;0;2
2020-01-01 15:09:58;73;16;25;4;1;4;5;0;2;0;2
2020-01-01 15:10:59;73;16;25;4;1;4;5;0;2;0;2
2020-01-01 15:11:59;73;16;25;4;1;4;5;0;2;0;2
2020-01-01 15:12:58;73;16;25;4;1;4;5;0;2;0;2
2020-01-01 15:13:59;73;17;25;4;1;4;4;0;2;0;2
2020-01-01 15:14:59;74;17;26;4;1;4;4;0;2;0;2
2020-01-01 15:15:59;74;17;26;4;1;4;4;0;2;0;2
2020-01-01 15:16:58;74;17;26;4;1;4;4;0;2;0;2
2020-01-01 15:17:59;74;17;26;4;1;4;4;0;2;0;2
2020-01-01 15:18:59;74;17;26;4;1;4;4;0;2;0;2
2020-01-01 15:19:59;74;17;26;4;1;4;4;0;2;0;2
2020-01-01 15:20:58;74;17;26;4;1;4;4;0;2;0;2
2020-01-01 15:21:59;75;17;26;4;2;4;4;0;2;0;2
2020-01-01 15:22:59;75;17;26;4;2;4;4;0;2;0;2
2020-01-01 15:23:59;75;17;26;4;2;4;4;0;2;0;2
2020-01-01 15:24:58;75;17;26;4;2;4;4;0;2;0;2
2020-01-01 15:25:59;75;17;26;4;2;4;4;0;2;0;2
2020-01-01 15:26:59;75;17;26;4;2;4;4;0;2;0;2
2020-01-01 15:27:59;75;17;26;4;2;4;4;0;2;0;2
2020-01-01 15:28:58;75;17;26;4;2;4;4;0;2;0;2
2020-01-01 15:29:59;75;17;26;4;2;4;4;0;2;0;2
2020-01-01 15:30:59;76;17;26;4;3;4;4;0;2;0;2
2020-01-01 15:31:59;76;17;26;4;3;4;4;0;2;0;2
2020-01-01 15:32:58;76;17;26;4;3;4;4;0;2;0;2
2020-01-01 15:33:59;76;17;26;4;3;4;4;0;2;0;2
2020-01-01 15:34:59;76;17;26;4;3;4;4;0;2;0;2
2020-01-01 15:35:58;76;17;26;4;3;4;4;0;2;0;2
2020-01-01 15:36:59;76;17;26;4;3;4;4;0;2;0;2
2020-01-01 15:37:59;76;17;26;4;3;4;4;0;2;0;2
2020-01-01 15:38:59;76;17;26;4;3;4;4;0;2;0;2
2020-01-01 15:39:58;77;18;26;4;3;4;4;0;2;0;2
2020-01-01 15:40:59;78;18;26;5;3;4;4;0;2;0;2
2020-01-01 15:41:59;78;18;26;5;3;4;4;0;2;0;2
2020-01-01 15:42:58;78;18;26;5;3;4;4;0;2;0;2
2020-01-01 15:43:59;78;18;26;5;3;4;4;0;2;0;2
2020-01-01 15:44:59;78;18;26;5;3;4;4;0;2;0;2
2020-01-01 15:45:59;78;18;26;5;3;4;4;0;2;0;2
2020-01-01 15:46:58;78;18;26;5;3;4;4;0;2;0;2
2020-01-01 15:47:59;78;18;26;5;3;4;4;0;2;0;2
2020-01-01 15:48:59;78;18;26;5;3;4;4;0;2;0;2
2020-01-01 15:49:59;78;18;26;5;3;4;4;0;2;0;2
2020-01-01 15:50:58;78;18;26;5;3;4;4;0;2;0;2
2020-01-01 15:51:59;78;18;26;5;3;4;4;0;2;0;2
2020-01-01 15:52:59;78;18;26;5;3;4;4;0;2;0;2
2020-01-01 15:53:59;78;18;26;5;3;4;4;0;2;0;2
2020-01-01 15:54:58;78;18;26;5;3;4;4;0;2;0;2
2020-01-01 15:55:59;78;18;26;5;3;4;4;0;2;0;2
2020-01-01 15:56:59;78;18;26;5;3;4;4;0;2;0;2
2020-01-01 15:57:58;78;18;26;5;3;4;4;0;2;0;2
2020-01-01 15:58:59;78;18;26;5;3;4;4;0;2;0;2
2020-01-01 15:59:58;78;18;26;5;3;4;4;0;2;0;2
2020-01-01 16:00:59;78;18;26;5;3;4;4;0;2;0;2
2020-01-01 16:01:59;78;18;26;5;3;4;4;0;2;0;2
2020-01-01 16:02:58;78;18;26;5;3;4;4;0;2;0;2
2020-01-01 16:03:59;78;18;26;5;3;4;4;0;2;0;2
2020-01-01 16:04:59;78;18;26;5;3;4;4;0;2;0;2
2020-01-01 16:05:59;78;18;26;5;3;4;4;0;2;0;2
2020-01-01 16:06:58;78;18;26;5;3;4;4;0;2;0;2
2020-01-01 16:07:59;78;18;26;5;3;4;4;0;2;0;2
2020-01-01 16:08:59;78;18;26;5;3;4;4;0;2;0;2
2020-01-01 16:09:59;78;18;26;5;3;4;4;0;2;0;2
2020-01-01 16:10:59;79;18;26;5;3;4;4;0;3;0;2
2020-01-01 16:11:58;79;18;26;5;3;4;4;0;3;0;2
2020-01-01 16:12:59;79;18;26;5;3;4;4;0;3;0;2
2020-01-01 16:13:58;79;18;26;5;3;4;4;0;3;0;2
2020-01-01 16:14:59;79;18;26;5;3;4;4;0;3;0;2
2020-01-01 16:15:59;79;18;26;5;3;4;4;0;3;0;2
2020-01-01 16:16:58;79;18;26;5;3;4;4;0;3;0;2
2020-01-01 16:17:59;79;18;26;5;3;4;4;0;3;0;2
2020-01-01 16:18:59;80;19;26;5;3;4;4;0;3;0;2
2020-01-01 16:19:59;80;19;26;5;3;4;4;0;3;0;2
2020-01-01 16:21:00;80;20;26;6;3;4;4;0;3;0;2
2020-01-01 16:21:58;80;20;26;6;3;4;4;0;3;0;2
2020-01-01 16:22:59;80;20;26;6;3;4;4;0;3;0;2
2020-01-01 16:23:59;80;20;26;6;3;4;4;0;3;0;2
2020-01-01 16:24:58;80;20;26;6;3;4;4;0;3;0;2
2020-01-01 16:25:59;80;20;26;6;3;4;4;0;3;0;2
2020-01-01 16:26:59;80;20;26;6;3;4;4;0;3;0;2
2020-01-01 16:27:58;80;20;26;6;3;4;4;0;3;0;2
2020-01-01 16:28:59;80;20;26;6;3;4;4;0;3;0;2
2020-01-01 16:29:59;80;20;26;6;3;4;4;0;3;0;2
2020-01-01 16:30:59;80;20;26;6;3;4;4;0;3;0;2
2020-01-01 16:31:58;80;20;26;6;3;4;4;0;3;0;2
2020-01-01 16:32:59;81;20;27;6;3;4;4;0;3;0;2
2020-01-01 16:33:59;81;20;27;6;3;4;4;0;3;0;2
2020-01-01 16:34:59;81;20;27;6;3;4;4;0;3;0;2
2020-01-01 16:35:59;81;20;27;6;3;4;4;0;3;0;2
2020-01-01 16:36:58;81;20;27;6;3;4;4;0;3;0;2
2020-01-01 16:37:59;81;20;27;6;3;4;4;0;3;0;2
2020-01-01 16:38:59;81;20;27;6;3;4;4;0;3;0;2
2020-01-01 16:39:59;81;20;27;6;3;4;4;0;3;0;2
2020-01-01 16:40:58;81;20;27;6;3;4;4;0;3;0;2
2020-01-01 16:41:59;81;20;27;6;3;4;4;0;3;0;2
2020-01-01 16:42:59;81;20;27;6;3;4;4;0;3;0;2
2020-01-01 16:43:59;81;20;27;6;3;4;4;0;3;0;2
2020-01-01 16:44:58;82;20;28;6;3;4;4;0;3;0;2
2020-01-01 16:45:59;82;20;28;6;3;4;4;0;3;0;2
2020-01-01 16:46:59;82;20;28;6;3;4;4;0;3;0;2
2020-01-01 16:47:59;82;20;28;6;3;4;4;0;3;0;2
2020-01-01 16:48:58;82;20;28;6;3;4;4;0;3;0;2
2020-01-01 16:49:59;82;20;28;6;3;4;4;0;3;0;2
2020-01-01 16:50:59;82;20;28;6;3;4;4;0;3;0;2
2020-01-01 16:51:59;82;20;28;6;3;4;4;0;3;0;2
2020-01-01 16:52:58;82;20;28;6;3;4;4;0;3;0;2
2020-01-01 16:53:59;82;20;28;6;3;4;4;0;3;0;2
2020-01-01 16:54:59;82;20;28;6;3;4;4;0;3;0;2
2020-01-01 16:55:58;82;20;28;6;3;4;4;0;3;0;2
2020-01-01 16:56:59;82;20;28;6;3;4;4;0;3;0;2
2020-01-01 16:57:59;82;20;28;6;3;4;4;0;3;0;2
2020-01-01 16:58:58;82;20;28;6;3;4;4;0;3;0;2
2020-01-01 16:59:59;82;20;28;6;3;4;4;0;3;0;2
2020-01-01 17:00:59;82;20;28;6;3;4;4;0;3;0;2
2020-01-01 17:01:58;82;20;28;6;3;4;4;0;3;0;2
2020-01-01 17:02:59;82;20;28;6;3;4;4;0;3;0;2
2020-01-01 17:03:59;82;20;28;6;3;4;4;0;3;0;2
2020-01-01 17:04:59;82;20;28;6;3;4;4;0;3;0;2
2020-01-01 17:05:58;82;20;28;6;3;4;4;0;3;0;2
2020-01-01 17:06:59;82;20;28;6;3;4;4;0;3;0;2
2020-01-01 17:08:00;82;20;28;6;3;4;4;0;3;0;2
2020-01-01 17:08:58;82;20;28;6;3;4;4;0;3;0;2
2020-01-01 17:09:59;82;20;28;6;3;4;4;0;3;0;2
2020-01-01 17:10:59;82;20;28;6;3;4;4;0;3;0;2
2020-01-01 17:11:58;82;20;28;6;3;4;4;0;3;0;2
2020-01-01 17:12:59;82;20;28;6;3;4;4;0;3;0;2
2020-01-01 17:13:59;82;20;28;6;3;4;4;0;3;0;2
2020-01-01 17:14:59;82;20;28;6;3;4;4;0;3;0;2
2020-01-01 17:15:58;82;20;28;6;3;4;4;0;3;0;2
2020-01-01 17:16:59;82;20;28;6;3;4;4;0;3;0;2
2020-01-01 17:17:59;82;20;28;6;3;4;4;0;3;0;2
2020-01-01 17:18:59;82;20;28;6;3;4;4;0;3;0;2
2020-01-01 17:19:58;82;20;28;6;3;4;4;0;3;0;2
2020-01-01 17:20:59;82;20;28;6;3;4;4;0;3;0;2
2020-01-01 17:21:59;82;20;28;6;3;4;4;0;3;0;2
2020-01-01 17:22:58;82;20;28;6;3;4;4;0;3;0;2
2020-01-01 17:23:59;82;20;28;6;3;4;4;0;3;0;2
2020-01-01 17:24:59;82;20;28;6;3;4;4;0;3;0;2
2020-01-01 17:25:58;82;20;28;6;3;4;4;0;3;0;2
2020-01-01 17:26:59;82;20;28;6;3;4;4;0;3;0;2
2020-01-01 17:27:59;82;20;28;6;3;4;4;0;3;0;2
2020-01-01 17:28:58;82;20;28;6;3;4;4;0;3;0;2
2020-01-01 17:29:59;82;20;28;6;3;4;4;0;3;0;2
2020-01-01 17:30:59;82;20;28;6;3;4;4;0;3;0;2
2020-01-01 17:31:59;82;20;28;6;3;4;4;0;3;0;2
2020-01-01 17:32:58;82;20;28;6;3;4;4;0;3;0;2
2020-01-01 17:33:59;82;20;28;6;3;4;4;0;3;0;2
2020-01-01 17:34:59;82;20;28;6;3;4;4;0;3;0;2
2020-01-01 17:36:00;82;20;28;6;3;4;4;0;3;0;2
2020-01-01 17:36:58;82;20;28;6;3;4;4;0;3;0;2
2020-01-01 17:37:59;82;20;28;6;3;4;4;0;3;0;2
2020-01-01 17:38:59;82;20;28;6;3;4;4;0;3;0;2
2020-01-01 17:39:59;82;20;28;6;3;4;4;0;3;0;2
2020-01-01 17:40:58;82;20;28;6;3;4;4;0;3;0;2
2020-01-01 17:41:59;82;20;28;6;3;4;4;0;3;0;2
2020-01-01 17:42:59;82;20;28;6;3;4;4;0;3;0;2
2020-01-01 17:43:59;82;20;28;6;3;4;4;0;3;0;2
2020-01-01 17:44:58;82;20;28;6;3;4;4;0;3;0;2
2020-01-01 17:45:59;82;20;28;6;3;4;4;0;3;0;2
2020-01-01 17:46:59;83;20;29;6;3;4;4;0;3;0;2
2020-01-01 17:47:58;83;20;29;6;3;4;4;0;3;0;2
2020-01-01 17:48:59;83;20;29;6;3;4;4;0;3;0;2
2020-01-01 17:49:59;83;20;29;6;3;4;4;0;3;0;2
2020-01-01 17:50:59;83;20;29;6;3;4;4;0;3;0;2
2020-01-01 17:51:58;84;20;30;6;3;4;4;0;3;0;2
2020-01-01 17:52:59;84;20;30;6;3;4;4;0;3;0;2
2020-01-01 17:53:59;84;20;30;6;3;4;4;0;3;0;2
2020-01-01 17:54:58;84;20;30;6;3;4;4;0;3;0;2
2020-01-01 17:55:59;84;20;30;6;3;4;4;0;3;0;2
2020-01-01 17:56:59;84;20;30;6;3;4;4;0;3;0;2
2020-01-01 17:57:59;84;20;30;6;3;4;4;0;3;0;2
2020-01-01 17:58:58;84;20;30;6;3;4;4;0;3;0;2
2020-01-01 17:59:59;84;20;30;6;3;4;4;0;3;0;2
2020-01-01 18:00:59;84;20;30;6;3;4;4;0;3;0;2
2020-01-01 18:01:58;84;20;30;6;3;4;4;0;3;0;2
2020-01-01 18:02:59;84;20;30;6;3;4;4;0;3;0;2
2020-01-01 18:03:58;84;20;30;6;3;4;4;0;3;0;2
2020-01-01 18:04:59;84;20;30;6;3;4;4;0;3;0;2
2020-01-01 18:05:59;84;20;30;6;3;4;4;0;3;0;2
2020-01-01 18:06:58;84;20;30;6;3;4;4;0;3;0;2
2020-01-01 18:07:59;84;20;30;6;3;4;4;0;3;0;2
2020-01-01 18:08:59;84;20;30;6;3;4;4;0;3;0;2
2020-01-01 18:09:58;84;20;30;6;3;4;4;0;3;0;2
2020-01-01 18:10:59;84;20;30;6;3;4;4;0;3;0;2
2020-01-01 18:11:59;84;20;30;6;3;4;4;0;3;0;2
2020-01-01 18:12:59;84;20;30;6;3;4;4;0;3;0;2
2020-01-01 18:13:58;84;20;30;6;3;4;4;0;3;0;2
2020-01-01 18:14:59;84;20;30;6;3;4;4;0;3;0;2
2020-01-01 18:15:59;84;20;30;6;3;4;4;0;3;0;2
2020-01-01 18:16:58;84;20;30;6;3;4;4;0;3;0;2
2020-01-01 18:17:59;84;20;30;6;3;4;4;0;3;0;2
2020-01-01 18:18:59;85;20;30;6;3;4;4;0;3;1;2
2020-01-01 18:19:58;85;20;30;6;3;4;4;0;3;1;2
2020-01-01 18:20:59;85;20;30;6;3;4;4;0;3;1;2
2020-01-01 18:21:59;85;20;30;6;3;4;4;0;3;1;2
2020-01-01 18:22:59;85;20;30;6;3;4;4;0;3;1;2
2020-01-01 18:23:58;85;20;30;6;3;4;4;0;3;1;2
2020-01-01 18:24:59;85;20;30;6;3;4;4;0;3;1;2
2020-01-01 18:25:59;85;20;30;6;3;4;4;0;3;1;2
2020-01-01 18:26:58;85;20;30;6;3;4;4;0;3;1;2
2020-01-01 18:27:59;85;20;30;6;3;4;4;0;3;1;2
2020-01-01 18:28:59;85;20;30;6;3;4;4;0;3;1;2
2020-01-01 18:29:58;85;20;30;6;3;4;4;0;3;1;2
2020-01-01 18:30:59;85;20;30;6;3;4;4;0;3;1;2
2020-01-01 18:31:59;85;20;30;6;3;4;4;0;3;1;2
2020-01-01 18:32:58;86;21;30;6;3;4;4;0;3;1;2
2020-01-01 18:33:59;86;21;30;6;3;4;4;0;3;1;2
2020-01-01 18:34:59;86;21;30;6;3;4;4;0;3;1;2
2020-01-01 18:35:58;86;21;30;6;3;4;4;0;3;1;2
2020-01-01 18:36:59;86;21;30;6;3;4;4;0;3;1;2
2020-01-01 18:38:00;86;21;30;6;3;4;4;0;3;1;2
2020-01-01 18:38:58;86;21;30;6;3;4;4;0;3;1;2
2020-01-01 18:39:59;86;21;30;6;3;4;4;0;3;1;2
2020-01-01 18:40:59;86;21;30;6;3;4;4;0;3;1;2
2020-01-01 18:41:58;86;21;30;6;3;4;4;0;3;1;2
2020-01-01 18:42:59;86;21;30;6;3;4;4;0;3;1;2
2020-01-01 18:43:58;86;21;30;6;3;4;4;0;3;1;2
2020-01-01 18:44:59;86;21;30;6;3;4;4;0;3;1;2
2020-01-01 18:45:59;86;21;30;6;3;4;4;0;3;1;2
2020-01-01 18:46:58;86;21;30;6;3;4;4;0;3;1;2
2020-01-01 18:47:59;86;21;30;6;3;4;4;0;3;1;2
2020-01-01 18:48:59;86;21;30;6;3;4;4;0;3;1;2
2020-01-01 18:49:59;86;21;30;6;3;4;4;0;3;1;2
2020-01-01 18:50:58;86;21;30;6;3;4;4;0;3;1;2
2020-01-01 18:51:59;86;21;30;6;3;4;4;0;3;1;2
2020-01-01 18:52:59;86;21;30;6;3;4;4;0;3;1;2
2020-01-01 18:53:59;86;21;30;6;3;4;4;0;3;1;2
2020-01-01 18:54:58;86;21;30;6;3;4;4;0;3;1;2
2020-01-01 18:55:59;86;21;30;6;3;4;4;0;3;1;2
2020-01-01 18:56:59;86;21;30;6;3;4;4;0;3;1;2
2020-01-01 18:57:58;86;21;30;6;3;4;4;0;3;1;2
2020-01-01 18:58:59;86;21;30;6;3;4;4;0;3;1;2
2020-01-01 18:59:59;86;21;30;6;3;4;4;0;3;1;2
2020-01-01 19:00:58;86;21;30;6;3;4;4;0;3;1;2
2020-01-01 19:01:59;87;22;30;6;3;4;4;0;3;1;2
2020-01-01 19:02:59;87;22;30;6;3;4;4;0;3;1;2
2020-01-01 19:03:58;87;22;30;6;3;4;4;0;3;1;2
2020-01-01 19:04:59;87;22;30;6;3;4;4;0;3;1;2
2020-01-01 19:05:59;87;22;30;6;3;4;4;0;3;1;2
2020-01-01 19:06:58;87;22;30;6;3;4;4;0;3;1;2
2020-01-01 19:07:59;87;22;30;6;3;4;4;0;3;1;2
2020-01-01 19:08:59;87;22;30;6;3;4;4;0;3;1;2
2020-01-01 19:09:59;87;22;30;6;3;4;4;0;3;1;2
2020-01-01 19:10:58;87;22;30;6;3;4;4;0;3;1;2
2020-01-01 19:11:59;87;22;30;6;3;4;4;0;3;1;2
2020-01-01 19:12:59;87;22;30;6;3;4;4;0;3;1;2
2020-01-01 19:13:58;87;22;30;6;3;4;4;0;3;1;2
2020-01-01 19:14:59;87;22;30;6;3;4;4;0;3;1;2
2020-01-01 19:15:59;87;22;30;6;3;4;4;0;3;1;2
2020-01-01 19:16:58;87;22;30;6;3;4;4;0;3;1;2
2020-01-01 19:17:59;87;22;30;6;3;4;4;0;3;1;2
2020-01-01 19:18:59;87;22;30;6;3;4;4;0;3;1;2
2020-01-01 19:19:58;87;22;30;6;3;4;4;0;3;1;2
2020-01-01 19:20:59;87;22;30;6;3;4;4;0;3;1;2
2020-01-01 19:21:59;87;22;30;6;3;4;4;0;3;1;2
2020-01-01 19:22:58;87;22;30;6;3;4;4;0;3;1;2
2020-01-01 19:23:59;87;22;30;6;3;4;4;0;3;1;2
2020-01-01 19:24:59;87;22;30;6;3;4;4;0;3;1;2
2020-01-01 19:25:58;87;22;30;6;3;4;4;0;3;1;2
2020-01-01 19:26:59;87;22;30;6;3;4;4;0;3;1;2
2020-01-01 19:27:59;87;22;30;6;3;4;4;0;3;1;2
2020-01-01 19:28:58;87;22;30;6;3;4;4;0;3;1;2
2020-01-01 19:29:59;87;22;30;6;3;4;4;0;3;1;2
2020-01-01 19:30:59;87;22;30;6;3;4;4;0;3;1;2
2020-01-01 19:31:59;87;22;30;6;3;4;4;0;3;1;2
2020-01-01 19:32:58;87;22;30;6;3;4;4;0;3;1;2
2020-01-01 19:33:59;89;23;31;6;3;4;4;0;3;1;2
2020-01-01 19:34:59;89;23;31;6;3;4;4;0;3;1;2
2020-01-01 19:35:58;89;23;31;6;3;4;4;0;3;1;2
2020-01-01 19:36:59;89;23;31;6;3;4;4;0;3;1;2
2020-01-01 19:37:59;89;23;31;6;3;4;4;0;3;1;2
2020-01-01 19:38:58;89;23;31;6;3;4;4;0;3;1;2
2020-01-01 19:39:59;89;23;31;6;3;4;4;0;3;1;2
2020-01-01 19:40:59;89;23;31;6;3;4;4;0;3;1;2
2020-01-01 19:41:58;89;23;31;6;3;4;4;0;3;1;2
2020-01-01 19:42:59;89;23;31;6;3;4;4;0;3;1;2
2020-01-01 19:43:59;89;23;31;6;3;4;4;0;3;1;2
2020-01-01 19:44:58;89;23;31;6;3;4;4;0;3;1;2
2020-01-01 19:45:59;89;23;31;6;3;4;4;0;3;1;2
2020-01-01 19:46:59;89;23;31;6;3;4;4;0;3;1;2
2020-01-01 19:47:58;89;23;31;6;3;4;4;0;3;1;2
2020-01-01 19:48:59;89;23;31;6;3;4;4;0;3;1;2
2020-01-01 19:49:58;89;23;31;6;3;4;4;0;3;1;2
2020-01-01 19:50:59;89;23;31;6;3;4;4;0;3;1;2
2020-01-01 19:51:58;89;23;31;6;3;4;4;0;3;1;2
2020-01-01 19:52:59;90;23;31;6;3;4;4;1;3;0;2
2020-01-01 19:53:59;90;23;31;6;3;4;4;1;3;0;2
2020-01-01 19:54:58;90;23;31;6;3;4;4;1;3;0;2
2020-01-01 19:55:59;90;23;31;6;3;4;4;1;3;0;2
2020-01-01 19:56:58;90;23;31;6;3;4;4;1;3;0;2
2020-01-01 19:57:59;90;23;31;6;3;4;4;1;3;0;2
2020-01-01 19:58:59;90;23;31;6;3;4;4;1;3;0;2
2020-01-01 19:59:58;90;23;31;6;3;4;4;1;3;0;2
2020-01-01 20:00:59;90;23;31;6;3;4;4;1;3;0;2
2020-01-01 20:01:59;90;23;31;6;3;4;4;1;3;0;2
2020-01-01 20:02:58;90;23;31;6;3;4;4;1;3;0;2
2020-01-01 20:03:59;90;23;31;6;3;4;4;1;3;0;2
2020-01-01 20:04:59;90;23;31;6;3;4;4;1;3;0;2
2020-01-01 20:05:58;91;23;32;6;3;4;4;1;3;0;2
2020-01-01 20:06:59;91;23;32;6;3;4;4;1;3;0;2
2020-01-01 20:07:59;92;24;32;6;3;4;4;1;3;0;2
2020-01-01 20:08:58;92;24;32;6;3;4;4;1;3;0;2
2020-01-01 20:09:59;92;24;32;6;3;4;4;1;3;0;2
2020-01-01 20:10:59;92;24;32;6;3;4;4;1;3;0;2
2020-01-01 20:11:58;92;24;32;6;3;4;4;1;3;0;2
2020-01-01 20:12:59;92;24;32;6;3;4;4;1;3;0;2
2020-01-01 20:13:59;92;24;32;6;3;4;4;1;3;0;2
2020-01-01 20:14:59;92;24;32;6;3;4;4;1;3;0;2
2020-01-01 20:15:59;92;24;32;6;3;4;4;1;3;0;2
2020-01-01 20:16:59;92;24;32;6;3;4;4;1;3;0;2
2020-01-01 20:17:58;92;24;32;6;3;4;4;1;3;0;2
2020-01-01 20:18:59;92;24;32;6;3;4;4;1;3;0;2
2020-01-01 20:19:59;94;25;33;6;3;4;4;1;3;0;2
2020-01-01 20:20:58;94;25;33;6;3;4;4;1;3;0;2
2020-01-01 20:21:59;94;25;33;6;3;4;4;1;3;0;2
2020-01-01 20:22:59;94;25;33;6;3;4;4;1;3;0;2
2020-01-01 20:23:58;94;25;33;6;3;4;4;1;3;0;2
2020-01-01 20:24:59;94;25;33;6;3;4;4;1;3;0;2
2020-01-01 20:25:58;94;25;33;6;3;4;4;1;3;0;2
2020-01-01 20:26:59;94;25;33;6;3;4;4;1;3;0;2
2020-01-01 20:27:59;94;25;33;6;3;4;4;1;3;0;2
2020-01-01 20:28:58;94;25;33;6;3;4;4;1;3;0;2
2020-01-01 20:29:59;94;25;33;6;3;4;4;1;3;0;2
2020-01-01 20:30:59;94;25;33;6;3;4;4;1;3;0;2
2020-01-01 20:31:58;94;25;33;6;3;4;4;1;3;0;2
2020-01-01 20:32:59;94;25;33;6;3;4;4;1;3;0;2
2020-01-01 20:33:58;94;25;33;6;3;4;4;1;3;0;2
2020-01-01 20:34:59;94;25;33;6;3;4;4;1;3;0;2
2020-01-01 20:35:58;94;25;33;6;3;4;4;1;3;0;2
2020-01-01 20:36:59;94;25;33;6;3;4;4;1;3;0;2
2020-01-01 20:37:59;94;25;33;6;3;4;4;1;3;0;2
2020-01-01 20:38:58;94;25;34;5;3;4;4;1;3;0;2
2020-01-01 20:39:59;94;25;34;5;3;4;4;1;3;0;2
2020-01-01 20:40:59;94;25;34;5;3;4;4;1;3;0;2
2020-01-01 20:41:58;94;25;34;5;3;4;4;1;3;0;2
2020-01-01 20:42:59;94;25;34;5;3;4;4;1;3;0;2
2020-01-01 20:43:58;94;25;34;5;3;4;4;1;3;0;2
2020-01-01 20:44:59;94;25;34;5;3;4;4;1;3;0;2
2020-01-01 20:45:58;94;25;34;5;3;4;4;1;3;0;2
2020-01-01 20:46:59;95;26;34;5;3;4;4;1;3;0;2
2020-01-01 20:48:00;96;27;34;5;3;4;4;1;3;0;2
2020-01-01 20:48:58;96;27;34;5;3;4;4;1;3;0;2
2020-01-01 20:49:59;96;27;34;5;3;4;4;1;3;0;2
2020-01-01 20:50:58;96;27;34;5;3;4;4;1;3;0;2
2020-01-01 20:51:59;96;27;34;5;3;4;4;1;3;0;2
2020-01-01 20:52:58;96;27;34;5;3;4;4;1;3;0;2
2020-01-01 20:53:59;96;27;34;5;3;4;4;1;3;0;2
2020-01-01 20:54:59;96;27;34;5;3;4;4;1;3;0;2
2020-01-01 20:55:58;96;27;34;5;3;4;4;1;3;0;2
2020-01-01 20:56:59;96;27;34;5;3;4;4;1;3;0;2
2020-01-01 20:57:58;96;27;34;5;3;4;4;1;3;0;2
2020-01-01 20:58:59;96;27;34;5;3;4;4;1;3;0;2
2020-01-01 20:59:59;96;27;34;5;3;4;4;1;3;0;2
2020-01-01 21:00:58;96;27;34;5;3;4;4;1;3;0;2
2020-01-01 21:01:59;96;27;34;5;3;4;4;1;3;0;2
2020-01-01 21:02:58;96;27;34;5;3;4;4;1;3;0;2
2020-01-01 21:03:59;96;27;34;5;3;4;4;1;3;0;2
2020-01-01 21:05:00;96;27;34;5;3;4;4;1;3;0;2
2020-01-01 21:05:58;96;27;34;5;3;4;4;1;3;0;2
2020-01-01 21:06:59;96;27;34;5;3;4;4;1;3;0;2
2020-01-01 21:07:58;96;27;34;5;3;4;4;1;3;0;2
2020-01-01 21:08:59;96;27;34;5;3;4;4;1;3;0;2
2020-01-01 21:09:59;96;27;34;5;3;4;4;1;3;0;2
2020-01-01 21:10:58;96;27;34;5;3;4;4;1;3;0;2
2020-01-01 21:11:59;96;27;34;5;3;4;4;1;3;0;2
2020-01-01 21:12:59;96;27;34;5;3;4;4;1;3;0;2
2020-01-01 21:13:58;96;27;34;5;3;4;4;1;3;0;2
2020-01-01 21:14:59;96;27;34;5;3;4;4;1;3;0;2
2020-01-01 21:15:59;97;27;35;5;3;4;4;1;3;0;2
2020-01-01 21:16:59;97;27;35;5;3;4;4;1;3;0;2
2020-01-01 21:17:58;97;27;35;5;3;4;4;1;3;0;2
2020-01-01 21:18:59;97;27;35;5;3;4;4;1;3;0;2
2020-01-01 21:19:59;97;27;35;5;3;4;4;1;3;0;2
2020-01-01 21:21:00;97;27;35;5;3;4;4;1;3;0;2
2020-01-01 21:21:58;97;27;35;5;3;4;4;1;3;0;2
2020-01-01 21:22:59;97;27;35;5;3;4;4;1;3;0;2
2020-01-01 21:23:59;98;28;35;5;3;4;4;1;3;0;2
2020-01-01 21:24:58;98;28;35;5;3;4;4;1;3;0;2
2020-01-01 21:25:59;98;28;35;5;3;4;4;1;3;0;2
2020-01-01 21:26:59;98;28;35;5;3;4;4;1;3;0;2
2020-01-01 21:27:59;98;28;35;5;3;4;4;1;3;0;2
2020-01-01 21:28:58;99;28;35;5;4;4;4;2;3;0;2
2020-01-01 21:29:59;99;28;35;5;4;4;4;2;3;0;2
2020-01-01 21:30:59;99;28;35;5;4;4;4;2;3;0;2
2020-01-01 21:31:58;100;28;35;6;4;4;4;2;3;0;2
2020-01-01 21:32:59;100;28;35;6;4;4;4;2;3;0;2
2020-01-01 21:33:58;100;28;35;6;4;4;4;2;3;0;2
2020-01-01 21:34:59;100;28;35;6;4;4;4;2;3;0;2
2020-01-01 21:35:59;100;28;35;6;4;4;4;2;3;0;2
2020-01-01 21:36:58;100;29;35;6;4;4;4;2;3;0;2
2020-01-01 21:37:59;101;30;35;6;4;4;4;2;3;0;2
2020-01-01 21:38:59;101;30;35;6;4;4;4;2;3;0;2
2020-01-01 21:39:59;101;30;35;6;4;4;4;2;3;0;2
2020-01-01 21:40:59;101;30;35;6;4;4;4;2;3;0;2
2020-01-01 21:41:58;101;30;35;6;4;4;4;2;3;0;2
2020-01-01 21:42:59;101;30;35;6;4;4;4;2;3;0;2
2020-01-01 21:43:58;101;30;35;6;4;4;4;2;3;0;2
2020-01-01 21:44:59;101;30;35;6;4;4;4;2;3;0;2
2020-01-01 21:45:59;102;30;36;6;4;4;4;2;3;0;2
2020-01-01 21:46:59;102;30;36;6;4;4;4;2;3;0;2
2020-01-01 21:47:58;103;31;36;6;4;4;4;2;3;0;2
2020-01-01 21:48:59;104;32;36;6;4;4;4;2;3;0;2
2020-01-01 21:49:59;104;32;36;6;4;4;4;2;3;0;2
2020-01-01 21:50:59;104;32;36;6;4;4;4;2;3;0;2
2020-01-01 21:51:58;104;32;36;6;4;4;4;2;3;0;2
2020-01-01 21:52:59;105;32;37;6;4;4;4;2;3;0;2
2020-01-01 21:53:58;105;32;37;6;4;4;4;2;3;0;2
2020-01-01 21:54:59;105;32;37;6;4;4;4;2;3;0;2
2020-01-01 21:55:59;105;32;37;6;4;4;4;2;3;0;2
2020-01-01 21:56:59;105;32;37;6;4;4;4;2;3;0;2
2020-01-01 21:57:58;105;32;37;6;4;4;4;2;3;0;2
2020-01-01 21:58:59;105;32;37;6;4;4;4;2;3;0;2
2020-01-01 21:59:59;105;32;37;6;4;4;4;2;3;0;2
2020-01-01 22:00:59;105;32;37;6;4;4;4;2;3;0;2
2020-01-01 22:01:59;105;32;37;6;4;4;4;2;3;0;2
2020-01-01 22:02:58;105;32;37;6;4;4;4;2;3;0;2
2020-01-01 22:03:59;105;32;37;6;4;4;4;2;3;0;2
2020-01-01 22:04:59;105;32;37;6;4;4;4;2;3;0;2
2020-01-01 22:05:58;105;32;37;6;4;4;4;2;3;0;2
2020-01-01 22:06:59;105;32;37;6;4;4;4;2;3;0;2
2020-01-01 22:07:59;105;32;37;6;4;4;4;2;3;0;2
2020-01-01 22:08:58;105;32;37;6;4;4;4;2;3;0;2
2020-01-01 22:09:59;106;32;37;6;4;4;5;2;3;0;2
2020-01-01 22:10:58;106;32;37;6;4;4;5;2;3;0;2
2020-01-01 22:11:59;106;32;37;6;4;5;5;2;2;0;2
2020-01-01 22:12:59;106;32;37;6;4;5;5;2;2;0;2
2020-01-01 22:13:58;106;32;37;6;4;5;5;2;2;0;2
2020-01-01 22:14:59;106;32;37;6;4;5;5;2;2;0;2
2020-01-01 22:15:59;106;32;37;6;4;5;5;2;2;0;2
2020-01-01 22:16:58;106;32;37;6;4;5;5;2;2;0;2
2020-01-01 22:17:59;107;32;37;6;5;5;5;2;2;0;2
2020-01-01 22:18:59;107;32;37;6;5;5;5;2;2;0;2
2020-01-01 22:19:58;107;32;37;6;5;5;5;2;2;0;2
2020-01-01 22:20:59;107;32;37;6;5;5;5;2;2;0;2
2020-01-01 22:21:59;107;32;37;6;5;5;5;2;2;0;2
2020-01-01 22:22:58;107;32;37;6;5;5;5;2;2;0;2
2020-01-01 22:23:59;108;33;37;6;5;5;5;2;2;0;2
2020-01-01 22:25:00;108;33;37;6;5;5;5;2;2;0;2
2020-01-01 22:25:58;108;33;37;6;5;5;5;2;2;0;2
2020-01-01 22:26:59;108;33;37;6;5;5;5;2;2;0;2
2020-01-01 22:27:58;108;33;37;6;5;5;5;2;2;0;2
2020-01-01 22:28:59;108;33;37;6;5;5;5;2;2;0;2
2020-01-01 22:29:58;108;33;37;6;5;5;5;2;2;0;2
2020-01-01 22:30:59;108;33;37;6;5;5;5;2;2;0;2
2020-01-01 22:31:58;108;33;37;6;5;5;5;2;2;0;2
2020-01-01 22:32:59;108;33;37;6;5;5;5;2;2;0;2
2020-01-01 22:33:59;109;34;37;6;5;5;5;2;2;0;2
2020-01-01 22:34:58;109;34;37;6;5;5;5;2;2;0;2
2020-01-01 22:35:59;109;34;37;6;5;5;5;2;2;0;2
2020-01-01 22:36:59;109;34;37;6;5;5;5;2;2;0;2
2020-01-01 22:37:58;110;35;37;6;5;5;5;2;2;0;2
2020-01-01 22:38:59;111;36;37;6;5;5;5;2;2;0;2
2020-01-01 22:39:59;111;36;37;6;5;5;5;2;2;0;2
2020-01-01 22:40:58;112;37;37;6;5;5;5;2;2;0;2
2020-01-01 22:41:59;112;37;37;6;5;5;5;2;2;0;2
2020-01-01 22:42:59;112;37;37;6;5;5;5;2;2;0;2
2020-01-01 22:43:58;112;37;37;6;5;5;5;2;2;0;2
2020-01-01 22:44:59;112;37;38;6;5;5;4;2;2;0;2
2020-01-01 22:45:59;112;37;38;6;5;5;4;2;2;0;2
2020-01-01 22:46:59;112;37;38;6;5;5;4;2;2;0;2
2020-01-01 22:47:58;112;37;38;6;5;5;4;2;2;0;2
2020-01-01 22:48:59;112;37;38;6;5;5;4;2;2;0;2
2020-01-01 22:49:59;112;37;38;6;5;5;4;2;2;0;2
2020-01-01 22:50:58;113;38;38;6;5;5;4;2;2;0;2
2020-01-01 22:51:59;113;38;38;6;5;5;4;2;2;0;2
2020-01-01 22:52:58;113;38;38;6;5;5;4;2;2;0;2
2020-01-01 22:53:59;113;38;38;6;5;5;4;2;2;0;2
2020-01-01 22:54:58;113;38;38;6;5;5;4;2;2;0;2
2020-01-01 22:55:59;113;38;38;6;5;5;4;2;2;0;2
2020-01-01 22:56:59;114;39;38;6;5;5;4;2;2;0;2
2020-01-01 22:57:59;114;39;38;6;5;5;4;2;2;0;2
2020-01-01 22:58:58;114;39;38;6;5;5;4;2;2;0;2
2020-01-01 22:59:59;115;40;38;6;5;5;4;2;2;0;2
2020-01-01 23:00:59;115;40;38;6;5;5;4;2;2;0;2
2020-01-01 23:01:58;115;40;38;6;5;5;4;2;2;0;2
2020-01-01 23:02:59;115;40;38;6;5;5;4;2;2;0;2
2020-01-01 23:03:59;115;40;38;6;5;5;4;2;2;0;2
2020-01-01 23:04:59;115;40;38;6;5;5;4;2;2;0;2
2020-01-01 23:05:59;115;40;38;6;5;5;4;2;2;0;2
2020-01-01 23:06:58;115;40;38;6;5;5;4;2;2;0;2
2020-01-01 23:07:59;115;41;38;6;5;5;3;2;2;0;2
2020-01-01 23:08:59;115;41;38;6;5;5;3;2;2;0;2
2020-01-01 23:09:59;116;42;38;6;5;5;3;2;2;0;2
2020-01-01 23:10:58;116;42;38;6;5;5;3;2;2;0;2
2020-01-01 23:11:59;116;42;38;6;5;5;3;2;2;0;2
2020-01-01 23:12:59;116;42;38;6;5;5;3;2;2;0;2
2020-01-01 23:13:59;116;42;38;6;5;5;3;2;2;0;2
2020-01-01 23:14:58;116;43;37;6;5;5;3;2;2;0;2
2020-01-01 23:15:59;116;43;37;6;5;5;3;2;2;0;2
2020-01-01 23:16:58;116;43;37;6;5;5;3;2;2;0;2
2020-01-01 23:17:59;116;43;37;6;5;5;3;2;2;0;2
2020-01-01 23:18:59;116;43;37;6;5;5;3;2;2;0;2
2020-01-01 23:19:58;116;43;37;6;5;5;3;2;2;0;2
2020-01-01 23:20:59;116;43;37;6;5;5;3;2;2;0;2
2020-01-01 23:21:59;116;43;37;6;5;5;3;2;2;0;2
2020-01-01 23:22:58;116;43;37;6;5;5;3;2;2;0;2
2020-01-01 23:23:59;116;43;37;6;5;5;3;2;2;0;2
2020-01-01 23:24:58;116;43;37;6;5;5;3;2;2;0;2
2020-01-01 23:25:59;116;43;37;6;5;5;3;2;2;0;2
2020-01-01 23:26:58;116;43;37;6;5;5;3;2;2;0;2
2020-01-01 23:27:59;116;43;37;6;5;5;3;2;2;0;2
2020-01-01 23:28:59;116;43;37;6;5;5;3;2;2;0;2
2020-01-01 23:29:59;116;43;37;6;5;5;3;2;2;0;2
2020-01-01 23:30:58;116;43;37;6;5;5;3;2;2;0;2
2020-01-01 23:31:59;116;43;37;6;5;5;3;2;2;0;2
2020-01-01 23:32:59;116;43;37;6;5;5;3;2;2;0;2
2020-01-01 23:33:58;116;43;37;6;5;5;3;2;2;0;2
2020-01-01 23:34:59;116;43;37;6;5;5;3;2;2;0;2
2020-01-01 23:35:59;116;45;36;6;5;5;3;2;2;1;1
2020-01-01 23:36:58;116;45;36;6;5;5;3;2;2;1;1
2020-01-01 23:37:59;116;45;36;6;5;5;3;2;2;1;1
2020-01-01 23:38:59;117;45;37;6;5;5;3;2;2;1;1
2020-01-01 23:39:58;117;45;37;6;5;5;3;2;2;1;1
2020-01-01 23:40:59;117;45;37;6;5;5;3;2;2;1;1
2020-01-01 23:41:58;117;45;37;6;5;5;3;2;2;1;1
2020-01-01 23:42:59;117;45;37;6;5;5;3;2;2;1;1
2020-01-01 23:43:58;117;45;37;6;5;5;3;2;2;1;1
2020-01-01 23:44:59;117;45;37;6;5;5;3;2;2;1;1
2020-01-01 23:45:59;117;45;37;6;5;5;3;2;2;1;1
2020-01-01 23:46:58;117;45;37;6;5;5;3;2;2;1;1
2020-01-01 23:47:59;118;46;37;6;5;5;3;2;2;1;1
2020-01-01 23:48:59;118;46;37;6;5;5;3;2;2;1;1
2020-01-01 23:49:58;118;46;37;6;5;5;3;2;2;1;1
2020-01-01 23:50:59;118;46;37;6;5;5;3;2;2;1;1
2020-01-01 23:51:59;119;47;37;6;5;5;3;2;2;1;1
2020-01-01 23:52:58;120;47;37;7;5;5;3;2;2;1;1
2020-01-01 23:53:59;120;47;37;7;5;5;3;2;2;1;1
2020-01-01 23:54:58;120;47;37;7;5;5;3;2;2;1;1
2020-01-01 23:55:59;120;47;37;7;5;5;3;2;2;1;1
2020-01-01 23:56:59;121;48;37;7;5;5;3;2;2;1;1
2020-01-01 23:57:58;121;48;37;7;5;5;3;2;2;1;1
2020-01-01 23:58:59;121;48;37;7;5;5;3;2;2;1;1
2020-01-01 23:59:59;120;48;36;7;5;5;3;2;2;1;1
