datetime;total_votes;norpo;shamanka2_0;pavelomg;Есения;Bf109H;navalny;Rumpelstilzchen;Norbert Bebrueze;UndeadMoroz;Митяй
2020-09-30 00:01:00;0;0;0;0;0;0;0;0;0;0;0
2020-09-30 00:01:58;0;1;0;0;0;0;0;0;0;0;0
2020-09-30 00:02:59;2;2;0;0;0;0;0;0;0;0;0
2020-09-30 00:03:58;2;2;0;0;0;0;0;0;0;0;0
2020-09-30 00:04:59;5;2;0;1;0;0;0;0;0;0;0
2020-09-30 00:05:59;6;2;0;1;0;0;0;0;0;0;0
2020-09-30 00:06:58;6;2;0;1;0;0;0;0;0;0;0
2020-09-30 00:07:59;6;2;0;1;0;0;0;0;0;0;0
2020-09-30 00:08:59;7;2;0;1;0;0;0;1;0;0;0
2020-09-30 00:09:58;7;2;0;1;0;0;0;1;0;0;0
2020-09-30 00:10:59;8;2;0;1;0;0;0;2;0;0;0
2020-09-30 00:11:59;8;2;0;1;0;0;0;2;0;0;0
2020-09-30 00:13:00;8;2;0;1;0;0;0;2;0;0;0
2020-09-30 00:13:58;8;2;0;1;0;0;0;2;0;0;0
2020-09-30 00:14:59;10;2;0;1;0;0;0;3;0;0;0
2020-09-30 00:15:58;11;2;0;1;0;0;0;3;0;0;0
2020-09-30 00:16:59;11;2;0;1;0;0;0;3;0;0;0
2020-09-30 00:17:58;12;2;0;1;1;0;0;3;0;0;0
2020-09-30 00:18:59;12;2;0;1;1;0;0;3;0;0;0
2020-09-30 00:19:58;13;2;0;1;1;0;0;3;0;1;0
2020-09-30 00:20:59;14;2;0;1;2;0;0;3;0;1;0
2020-09-30 00:22:00;14;2;0;1;2;0;0;3;0;1;0
2020-09-30 00:22:58;15;2;0;1;2;0;0;3;1;1;0
2020-09-30 00:23:59;16;2;0;1;2;0;0;3;1;2;0
2020-09-30 00:24:59;16;2;0;1;2;0;0;3;1;2;0
2020-09-30 00:25:58;17;3;0;1;2;0;0;3;1;2;0
2020-09-30 00:26:59;17;3;0;1;2;0;0;3;1;2;0
2020-09-30 00:27:58;17;3;0;1;2;0;0;3;1;2;0
2020-09-30 00:28:59;17;3;0;1;2;0;0;3;1;2;0
2020-09-30 00:29:59;18;3;0;1;2;0;0;3;1;2;0
2020-09-30 00:30:58;18;3;0;1;2;0;0;3;1;2;0
2020-09-30 00:31:59;18;3;0;1;2;0;0;3;1;2;0
2020-09-30 00:32:59;18;3;0;1;2;0;0;3;1;2;0
2020-09-30 00:33:58;18;3;0;1;2;0;0;3;1;2;0
2020-09-30 00:34:59;18;3;0;1;2;0;0;3;1;2;0
2020-09-30 00:35:59;18;3;0;1;2;0;0;3;1;2;0
2020-09-30 00:36:58;18;3;0;1;2;0;0;3;1;2;0
2020-09-30 00:37:59;18;3;0;1;2;0;0;3;1;2;0
2020-09-30 00:38:59;19;3;0;2;2;0;0;3;1;2;0
2020-09-30 00:39:58;19;3;0;2;2;0;0;3;1;2;0
2020-09-30 00:40:59;19;3;0;2;2;0;0;3;1;2;0
2020-09-30 00:41:59;19;3;0;2;2;0;0;3;1;2;0
2020-09-30 00:42:58;19;3;0;2;2;0;0;3;1;2;0
2020-09-30 00:43:59;20;3;0;2;3;0;0;3;1;2;0
2020-09-30 00:44:59;20;3;0;2;3;0;0;3;1;2;0
2020-09-30 00:45:58;20;3;0;2;3;0;0;3;1;2;0
2020-09-30 00:46:59;20;3;0;2;3;0;0;3;1;2;0
2020-09-30 00:47:58;21;3;0;2;3;1;0;3;1;2;0
2020-09-30 00:48:59;21;3;0;2;3;1;0;3;1;2;0
2020-09-30 00:49:59;21;3;0;2;3;1;0;3;1;2;0
2020-09-30 00:50:58;21;3;0;2;3;1;0;3;1;2;0
2020-09-30 00:51:59;21;3;0;2;3;1;0;3;1;2;0
2020-09-30 00:52:59;21;3;0;2;3;1;0;3;1;2;0
2020-09-30 00:53:58;21;3;0;2;3;1;0;3;1;2;0
2020-09-30 00:54:59;21;3;0;2;3;1;0;3;1;2;0
2020-09-30 00:55:58;21;3;0;2;3;1;0;3;1;2;0
2020-09-30 00:56:59;21;3;0;2;3;1;0;3;1;2;0
2020-09-30 00:57:59;21;3;0;2;3;1;0;3;1;2;0
2020-09-30 00:58:58;21;3;0;2;3;1;0;3;1;2;0
2020-09-30 00:59:59;22;3;0;2;4;1;0;3;1;2;0
2020-09-30 01:00:59;22;3;0;2;4;1;0;3;1;2;0
2020-09-30 01:01:58;23;3;0;2;4;0;0;3;1;2;0
2020-09-30 01:02:59;23;3;0;2;4;0;0;3;1;2;0
2020-09-30 01:03:59;23;3;0;2;4;0;0;3;1;2;0
2020-09-30 01:04:58;23;3;0;2;4;0;0;3;1;2;0
2020-09-30 01:05:59;24;3;0;2;4;0;0;3;1;2;0
2020-09-30 01:06:59;24;3;0;2;4;0;0;3;1;2;0
2020-09-30 01:07:58;24;3;0;2;4;0;0;3;1;2;0
2020-09-30 01:08:59;24;3;0;2;4;0;0;3;1;2;0
2020-09-30 01:09:59;24;3;0;2;4;0;0;3;1;2;0
2020-09-30 01:10:58;24;3;0;2;4;0;0;3;1;2;0
2020-09-30 01:11:59;25;3;0;2;4;1;0;3;0;2;0
2020-09-30 01:12:59;25;3;0;2;4;1;0;3;0;2;0
2020-09-30 01:13:58;26;3;0;2;4;1;0;3;0;2;0
2020-09-30 01:14:59;26;3;0;2;4;1;0;3;0;2;0
2020-09-30 01:15:59;26;3;0;2;4;1;0;3;0;2;0
2020-09-30 01:16:58;26;3;0;2;4;1;0;3;0;2;0
2020-09-30 01:17:59;26;3;0;2;4;1;0;3;0;2;0
2020-09-30 01:18:58;26;3;0;2;4;1;0;3;0;2;0
2020-09-30 01:19:59;26;3;0;2;4;1;0;3;0;2;0
2020-09-30 01:20:59;26;3;0;2;4;1;0;3;0;2;0
2020-09-30 01:21:58;26;3;0;2;4;1;0;3;0;2;0
2020-09-30 01:22:59;26;3;0;2;4;1;0;3;0;2;0
2020-09-30 01:23:59;26;3;0;2;4;1;0;3;0;2;0
2020-09-30 01:24:59;26;3;0;2;4;1;0;3;0;2;0
2020-09-30 01:25:58;26;3;0;2;4;1;0;3;0;2;0
2020-09-30 01:26:59;26;3;0;2;4;1;0;3;0;2;0
2020-09-30 01:27:59;26;3;0;2;4;1;0;3;0;2;0
2020-09-30 01:28:58;26;3;0;2;4;1;0;3;0;2;0
2020-09-30 01:29:59;26;3;0;2;4;1;0;3;0;2;0
2020-09-30 01:30:59;26;3;0;2;4;1;0;3;0;2;0
2020-09-30 01:31:58;26;3;0;2;4;1;0;3;0;2;0
2020-09-30 01:32:59;27;3;0;2;4;1;0;3;0;2;0
2020-09-30 01:33:59;27;3;0;2;4;1;0;3;0;2;0
2020-09-30 01:34:58;27;3;0;2;4;1;0;3;0;2;0
2020-09-30 01:35:59;27;3;0;2;4;1;0;3;0;2;0
2020-09-30 01:36:59;28;3;0;2;4;1;0;3;0;2;0
2020-09-30 01:37:58;28;3;0;2;4;1;0;3;0;2;0
2020-09-30 01:38:59;29;3;0;2;4;1;0;3;0;2;0
2020-09-30 01:39:58;29;3;0;2;4;1;0;3;0;2;0
2020-09-30 01:40:59;29;3;0;2;4;1;0;3;0;2;0
2020-09-30 01:41:59;29;3;0;2;4;1;0;3;0;2;0
2020-09-30 01:42:58;29;3;0;2;4;1;0;3;0;2;0
2020-09-30 01:43:59;29;3;0;2;4;1;0;3;0;2;0
2020-09-30 01:44:59;29;3;0;2;4;1;0;3;0;2;0
2020-09-30 01:45:58;29;3;0;2;4;1;0;3;0;2;0
2020-09-30 01:46:59;29;3;0;2;4;1;0;3;0;2;0
2020-09-30 01:47:59;29;3;0;2;4;1;0;3;0;2;0
2020-09-30 01:49:00;29;3;0;2;4;1;0;3;0;2;0
2020-09-30 01:49:58;29;3;0;2;4;1;0;3;0;2;0
2020-09-30 01:50:59;29;3;0;2;4;1;0;3;0;2;0
2020-09-30 01:51:58;29;3;0;2;4;1;0;3;0;2;0
2020-09-30 01:52:59;29;3;0;2;4;1;0;3;0;2;0
2020-09-30 01:53:59;29;3;0;2;4;1;0;3;0;2;0
2020-09-30 01:54:58;29;3;0;2;4;1;0;3;0;2;0
2020-09-30 01:55:59;29;3;0;2;4;1;0;3;0;2;0
2020-09-30 01:56:59;30;3;0;2;4;1;0;3;0;2;0
2020-09-30 01:57:58;30;3;0;2;4;1;0;3;0;2;0
2020-09-30 01:58:59;30;3;0;2;4;1;0;3;0;2;0
2020-09-30 01:59:58;30;3;0;2;4;1;0;3;0;2;0
2020-09-30 02:00:59;30;3;0;2;4;1;0;3;0;2;0
2020-09-30 02:01:59;30;3;0;2;4;1;0;3;0;2;0
2020-09-30 02:02:58;30;3;0;2;4;1;0;3;0;2;0
2020-09-30 02:03:59;30;3;0;2;4;1;0;3;0;2;0
2020-09-30 02:04:59;30;3;0;2;4;1;0;3;0;2;0
2020-09-30 02:05:58;30;3;0;2;4;1;0;3;0;2;0
2020-09-30 02:06:59;30;3;0;2;4;1;0;3;0;2;0
2020-09-30 02:07:58;30;3;0;2;4;1;0;3;0;2;0
2020-09-30 02:08:59;30;3;0;2;4;1;0;3;0;2;0
2020-09-30 02:09:59;30;3;0;2;4;1;0;3;0;2;0
2020-09-30 02:10:58;30;3;0;2;4;1;0;3;0;2;0
2020-09-30 02:11:59;30;3;0;2;4;1;0;3;0;2;0
2020-09-30 02:12:59;30;3;0;2;4;1;0;3;0;2;0
2020-09-30 02:13:58;30;3;0;2;4;1;0;3;0;2;0
2020-09-30 02:14:59;30;3;0;2;4;1;0;3;0;2;0
2020-09-30 02:15:59;31;3;0;2;5;1;0;3;0;2;0
2020-09-30 02:16:58;31;3;0;2;5;1;0;3;0;2;0
2020-09-30 02:17:59;31;3;0;2;5;1;0;3;0;2;0
2020-09-30 02:18:59;31;3;0;2;5;1;0;3;0;2;0
2020-09-30 02:19:58;31;3;0;2;5;1;0;3;0;2;0
2020-09-30 02:20:59;31;3;0;2;5;1;0;3;0;2;0
2020-09-30 02:21:59;31;3;0;2;5;1;0;3;0;2;0
2020-09-30 02:22:58;31;3;0;2;5;1;0;3;0;2;0
2020-09-30 02:23:59;31;3;0;2;5;1;0;3;0;2;0
2020-09-30 02:24:59;31;3;0;2;5;1;0;3;0;2;0
2020-09-30 02:25:58;31;3;0;2;5;1;0;3;0;2;0
2020-09-30 02:26:59;31;3;0;2;5;1;0;3;0;2;0
2020-09-30 02:27:59;31;3;0;2;5;1;0;3;0;2;0
2020-09-30 02:28:58;31;3;0;2;5;1;0;3;0;2;0
2020-09-30 02:29:59;31;3;0;2;5;1;0;3;0;2;0
2020-09-30 02:30:58;31;3;0;2;5;1;0;3;0;2;0
2020-09-30 02:31:59;31;3;0;2;5;1;0;3;0;2;0
2020-09-30 02:32:59;31;3;0;2;5;1;0;3;0;2;0
2020-09-30 02:33:58;31;3;0;2;5;1;0;3;0;2;0
2020-09-30 02:34:59;31;3;0;2;5;1;0;3;0;2;0
2020-09-30 02:35:59;31;3;0;2;5;1;0;3;0;2;0
2020-09-30 02:36:58;31;3;0;2;5;1;0;3;0;2;0
2020-09-30 02:37:59;31;3;0;2;5;1;0;3;0;2;0
2020-09-30 02:38:59;31;3;0;2;5;1;0;3;0;2;0
2020-09-30 02:39:58;31;3;0;2;5;1;0;3;0;2;0
2020-09-30 02:40:59;31;3;0;2;5;1;0;3;0;2;0
2020-09-30 02:41:59;31;3;0;2;5;1;0;3;0;2;0
2020-09-30 02:42:58;31;3;0;2;5;1;0;3;0;2;0
2020-09-30 02:43:59;31;3;0;2;5;1;0;3;0;2;0
2020-09-30 02:44:59;31;3;0;2;5;1;0;3;0;2;0
2020-09-30 02:45:58;31;3;0;2;5;1;0;3;0;2;0
2020-09-30 02:46:59;31;3;0;2;5;1;0;3;0;2;0
2020-09-30 02:47:59;31;3;0;2;5;1;0;3;0;2;0
2020-09-30 02:48:58;31;3;0;2;5;1;0;3;0;2;0
2020-09-30 02:49:59;31;3;0;2;5;1;0;3;0;2;0
2020-09-30 02:50:59;31;3;0;2;5;1;0;3;0;2;0
2020-09-30 02:51:58;31;3;0;2;5;1;0;3;0;2;0
2020-09-30 02:52:59;31;3;0;2;5;1;0;3;0;2;0
2020-09-30 02:53:59;31;3;0;2;5;1;0;3;0;2;0
2020-09-30 02:54:58;31;3;0;2;5;1;0;3;0;2;0
2020-09-30 02:55:59;32;4;0;2;5;1;0;3;0;2;0
2020-09-30 02:56:59;32;4;0;2;5;1;0;3;0;2;0
2020-09-30 02:57:58;32;4;0;2;5;1;0;3;0;2;0
2020-09-30 02:58:59;32;4;0;2;5;1;0;3;0;2;0
2020-09-30 02:59:58;32;4;0;2;5;1;0;3;0;2;0
2020-09-30 03:00:59;32;4;0;2;5;1;0;3;0;2;0
2020-09-30 03:01:59;33;4;0;2;5;0;0;3;0;2;0
2020-09-30 03:02:59;33;4;0;2;5;0;0;3;0;2;0
2020-09-30 03:03:58;33;4;0;2;5;0;0;3;0;2;0
2020-09-30 03:04:59;33;4;0;2;5;0;0;3;0;2;0
2020-09-30 03:05:59;33;4;0;2;5;0;0;3;0;2;0
2020-09-30 03:06:58;33;4;0;2;5;0;0;3;0;2;0
2020-09-30 03:07:59;33;4;0;2;5;0;0;3;0;2;0
2020-09-30 03:08:59;33;4;0;2;5;0;0;3;0;2;0
2020-09-30 03:09:58;33;4;0;2;5;0;0;3;0;2;0
2020-09-30 03:10:59;33;4;0;2;5;0;0;3;0;2;0
2020-09-30 03:11:58;33;4;0;2;5;0;0;3;0;2;0
2020-09-30 03:12:59;33;4;0;2;5;0;0;3;0;2;0
2020-09-30 03:13:59;33;4;0;2;5;0;0;3;0;2;0
2020-09-30 03:15:00;33;4;0;2;5;0;0;3;0;2;0
2020-09-30 03:15:58;33;4;0;2;5;0;0;3;0;2;0
2020-09-30 03:16:59;33;4;0;2;5;0;0;3;0;2;0
2020-09-30 03:17:58;33;4;0;2;5;0;0;3;0;2;0
2020-09-30 03:18:59;33;4;0;2;5;0;0;3;0;2;0
2020-09-30 03:19:59;33;4;0;2;5;0;0;3;0;2;0
2020-09-30 03:20:58;33;4;0;2;5;0;0;3;0;2;0
2020-09-30 03:21:59;33;4;0;2;5;0;0;3;0;2;0
2020-09-30 03:22:59;33;4;0;2;5;0;0;3;0;2;0
2020-09-30 03:23:58;33;4;0;2;5;0;0;3;0;2;0
2020-09-30 03:24:59;34;4;0;2;5;0;0;3;1;2;0
2020-09-30 03:25:58;35;4;0;2;5;0;0;3;1;2;0
2020-09-30 03:26:59;35;4;0;2;5;0;0;3;1;2;0
2020-09-30 03:27:59;35;4;0;2;5;0;0;3;1;2;0
2020-09-30 03:29:00;35;4;0;2;5;0;0;3;1;2;0
2020-09-30 03:29:58;35;4;0;2;5;0;0;3;1;2;0
2020-09-30 03:30:59;35;4;0;2;5;0;0;3;1;2;0
2020-09-30 03:31:59;35;4;0;2;5;0;0;3;1;2;0
2020-09-30 03:32:58;35;4;0;2;5;0;0;3;1;2;0
2020-09-30 03:33:59;35;4;0;2;5;0;0;3;1;2;0
2020-09-30 03:34:58;35;4;0;2;5;0;0;3;1;2;0
2020-09-30 03:35:59;35;4;0;2;5;0;0;3;1;2;0
2020-09-30 03:36:59;35;4;0;2;5;0;0;3;1;2;0
2020-09-30 03:37:58;35;4;0;2;5;0;0;3;1;2;0
2020-09-30 03:38:59;35;4;0;2;5;0;0;3;1;2;0
2020-09-30 03:39:59;35;4;0;2;5;0;0;3;1;2;0
2020-09-30 03:40:58;35;4;0;2;5;0;0;3;1;2;0
2020-09-30 03:41:59;35;4;0;2;5;0;0;3;1;2;0
2020-09-30 03:42:58;35;4;0;2;5;0;0;3;1;2;0
2020-09-30 03:43:59;35;4;0;2;5;0;0;3;1;2;0
2020-09-30 03:44:59;35;4;0;2;5;0;0;3;1;2;0
2020-09-30 03:45:58;35;4;0;2;5;0;0;3;1;2;0
2020-09-30 03:46:59;35;4;0;2;5;0;0;3;1;2;0
2020-09-30 03:47:59;35;4;0;2;5;0;0;3;1;2;0
2020-09-30 03:48:58;35;4;0;2;5;0;0;3;1;2;0
2020-09-30 03:49:59;35;4;0;2;5;0;0;3;1;2;0
2020-09-30 03:50:59;35;4;0;2;5;0;0;3;1;2;0
2020-09-30 03:51:58;35;4;0;2;5;0;0;3;1;2;0
2020-09-30 03:52:59;35;4;0;2;5;0;0;3;1;2;0
2020-09-30 03:53:59;35;4;0;2;5;0;0;3;1;2;0
2020-09-30 03:54:58;35;4;0;2;5;0;0;3;1;2;0
2020-09-30 03:55:59;35;4;0;2;5;0;0;3;1;2;0
2020-09-30 03:56:59;35;4;0;2;5;0;0;3;1;2;0
2020-09-30 03:57:58;35;4;0;2;5;0;0;3;1;2;0
2020-09-30 03:58:59;35;4;0;2;5;0;0;3;1;2;0
2020-09-30 03:59:59;35;4;0;2;5;0;0;3;1;2;0
2020-09-30 04:00:58;35;4;0;2;5;0;0;3;1;2;0
2020-09-30 04:01:59;36;4;0;2;5;0;0;3;1;2;0
2020-09-30 04:02:58;36;4;0;2;5;0;0;3;1;2;0
2020-09-30 04:03:59;36;4;0;2;5;0;0;3;1;2;0
2020-09-30 04:04:58;36;4;0;2;5;0;0;3;1;2;0
2020-09-30 04:05:59;36;4;0;2;5;0;0;3;1;2;0
2020-09-30 04:06:59;36;4;0;2;5;0;0;3;1;2;0
2020-09-30 04:07:59;36;4;0;2;5;0;0;3;1;2;0
2020-09-30 04:08:58;36;4;0;2;5;0;0;3;1;2;0
2020-09-30 04:09:59;36;4;0;2;5;0;0;3;1;2;0
2020-09-30 04:11:00;36;4;0;2;5;0;0;3;1;2;0
2020-09-30 04:11:58;36;4;0;2;5;0;0;3;1;2;0
2020-09-30 04:13:00;36;4;0;2;5;0;0;3;1;2;0
2020-09-30 04:13:58;36;4;0;2;5;0;0;3;1;2;0
2020-09-30 04:14:59;36;4;0;2;5;0;0;3;1;2;0
2020-09-30 04:15:58;36;4;0;2;5;0;0;3;1;2;0
2020-09-30 04:16:59;36;4;0;2;5;0;0;3;1;2;0
2020-09-30 04:17:58;36;4;0;2;5;0;0;3;1;2;0
2020-09-30 04:18:59;36;4;0;2;5;0;0;3;1;2;0
2020-09-30 04:19:59;36;4;0;2;5;0;0;3;1;2;0
2020-09-30 04:20:58;36;4;0;2;5;0;0;3;1;2;0
2020-09-30 04:21:59;36;4;0;2;5;0;0;3;1;2;0
2020-09-30 04:22:58;36;4;0;2;5;0;0;3;1;2;0
2020-09-30 04:23:59;36;4;0;2;5;0;0;3;1;2;0
2020-09-30 04:24:59;36;4;0;2;5;0;0;3;1;2;0
2020-09-30 04:26:00;36;4;0;2;5;0;0;3;1;2;0
2020-09-30 04:26:58;36;4;0;2;5;0;0;3;1;2;0
2020-09-30 04:27:59;36;4;0;2;5;0;0;3;1;2;0
2020-09-30 04:28:58;36;4;0;2;5;0;0;3;1;2;0
2020-09-30 04:29:59;36;4;0;2;5;0;0;3;1;2;0
2020-09-30 04:31:00;36;4;0;2;5;0;0;3;1;2;0
2020-09-30 04:31:58;36;4;0;2;5;0;0;3;1;2;0
2020-09-30 04:32:59;36;4;0;2;5;0;0;3;1;2;0
2020-09-30 04:33:58;36;4;0;2;5;0;0;3;1;2;0
2020-09-30 04:34:59;36;4;0;2;5;0;0;3;1;2;0
2020-09-30 04:35:59;36;4;0;2;5;0;0;3;1;2;0
2020-09-30 04:36:58;36;4;0;2;5;0;0;3;1;2;0
2020-09-30 04:37:59;36;4;0;2;5;0;0;3;1;2;0
2020-09-30 04:38:59;36;4;0;2;5;0;0;3;1;2;0
2020-09-30 04:39:58;36;4;0;2;5;0;0;3;1;2;0
2020-09-30 04:40:59;36;4;0;2;5;0;0;3;1;2;0
2020-09-30 04:41:59;36;4;0;2;5;0;0;3;1;2;0
2020-09-30 04:42:58;36;4;0;2;5;0;0;3;1;2;0
2020-09-30 04:43:59;36;4;0;2;5;0;0;3;1;2;0
2020-09-30 04:44:58;36;4;0;2;5;0;0;3;1;2;0
2020-09-30 04:45:59;36;4;0;2;5;0;0;3;1;2;0
2020-09-30 04:46:59;36;4;0;2;5;0;0;3;1;2;0
2020-09-30 04:47:58;36;4;0;2;5;0;0;3;1;2;0
2020-09-30 04:48:59;36;4;0;2;5;0;0;3;1;2;0
2020-09-30 04:50:00;36;4;0;2;5;0;0;3;1;2;0
2020-09-30 04:50:58;36;4;0;2;5;0;0;3;1;2;0
2020-09-30 04:51:59;36;4;0;2;5;0;0;3;1;2;0
2020-09-30 04:52:58;36;4;0;2;5;0;0;3;1;2;0
2020-09-30 04:53:59;36;4;0;2;5;0;0;3;1;2;0
2020-09-30 04:54:59;36;4;0;2;5;0;0;3;1;2;0
2020-09-30 04:55:58;36;4;0;2;5;0;0;3;1;2;0
2020-09-30 04:56:59;36;4;0;2;5;0;0;3;1;2;0
2020-09-30 04:57:58;36;4;0;2;5;0;0;3;1;2;0
2020-09-30 04:58:59;36;4;0;2;5;0;0;3;1;2;0
2020-09-30 04:59:59;36;4;0;2;5;0;0;3;1;2;0
2020-09-30 05:00:58;36;4;0;2;5;0;0;3;1;2;0
2020-09-30 05:01:59;36;4;0;2;5;0;0;3;1;2;0
2020-09-30 05:02:58;36;4;0;2;5;0;0;3;1;2;0
2020-09-30 05:03:59;36;4;0;2;5;0;0;3;1;2;0
2020-09-30 05:04:59;36;4;0;2;5;0;0;3;1;2;0
2020-09-30 05:05:58;36;4;0;2;5;0;0;3;1;2;0
2020-09-30 05:06:59;36;4;0;2;5;0;0;3;1;2;0
2020-09-30 05:07:59;36;4;0;2;5;0;0;3;1;2;0
2020-09-30 05:08:58;36;4;0;2;5;0;0;3;1;2;0
2020-09-30 05:09:59;36;4;0;2;5;0;0;3;1;2;0
2020-09-30 05:10:58;36;4;0;2;5;0;0;3;1;2;0
2020-09-30 05:11:59;36;4;0;2;5;0;0;3;1;2;0
2020-09-30 05:12:59;36;4;0;2;5;0;0;3;1;2;0
2020-09-30 05:13:58;36;4;0;2;5;0;0;3;1;2;0
2020-09-30 05:14:59;36;4;0;2;5;0;0;3;1;2;0
2020-09-30 05:15:59;36;4;0;2;5;0;0;3;1;2;0
2020-09-30 05:16:58;36;4;0;2;5;0;0;3;1;2;0
2020-09-30 05:17:59;36;4;0;2;5;0;0;3;1;2;0
2020-09-30 05:18:58;36;4;0;2;5;0;0;3;1;2;0
2020-09-30 05:19:59;36;4;0;2;5;0;0;3;1;2;0
2020-09-30 05:20:59;36;4;0;2;5;0;0;3;1;2;0
2020-09-30 05:21:58;36;4;0;2;5;0;0;3;1;2;0
2020-09-30 05:22:59;36;4;0;2;5;0;0;3;1;2;0
2020-09-30 05:23:59;36;4;0;2;5;0;0;3;1;2;0
2020-09-30 05:24:58;36;4;0;2;5;0;0;3;1;2;0
2020-09-30 05:25:59;36;4;0;2;5;0;0;3;1;2;0
2020-09-30 05:26:59;36;4;0;2;5;0;0;3;1;2;0
2020-09-30 05:27:58;36;4;0;2;5;0;0;3;1;2;0
2020-09-30 05:28:59;36;4;0;2;5;0;0;3;1;2;0
2020-09-30 05:29:59;36;4;0;2;5;0;0;3;1;2;0
2020-09-30 05:30:58;36;4;0;2;5;0;0;3;1;2;0
2020-09-30 05:31:59;36;4;0;2;5;0;0;3;1;2;0
2020-09-30 05:32:59;36;4;0;2;5;0;0;3;1;2;0
2020-09-30 05:33:58;36;4;0;2;5;0;0;3;1;2;0
2020-09-30 05:34:59;36;4;0;2;5;0;0;3;1;2;0
2020-09-30 05:35:58;36;4;0;2;5;0;0;3;1;2;0
2020-09-30 05:36:59;36;4;0;2;5;0;0;3;1;2;0
2020-09-30 05:37:58;37;5;0;2;5;0;0;3;1;2;0
2020-09-30 05:38:59;37;5;0;2;5;0;0;3;1;2;0
2020-09-30 05:39:59;37;5;0;2;5;0;0;3;1;2;0
2020-09-30 05:40:58;37;5;0;2;5;0;0;3;1;2;0
2020-09-30 05:41:59;37;5;0;2;5;0;0;3;1;2;0
2020-09-30 05:42:59;37;5;0;2;5;0;0;3;1;2;0
2020-09-30 05:43:58;37;5;0;2;5;0;0;3;1;2;0
2020-09-30 05:44:59;37;5;0;2;5;0;0;3;1;2;0
2020-09-30 05:45:59;37;5;0;2;5;0;0;3;1;2;0
2020-09-30 05:46:58;37;5;0;2;5;0;0;3;1;2;0
2020-09-30 05:47:59;37;5;0;2;5;0;0;3;1;2;0
2020-09-30 05:48:58;37;5;0;2;5;0;0;3;1;2;0
2020-09-30 05:49:59;37;5;0;2;5;0;0;3;1;2;0
2020-09-30 05:50:59;37;5;0;2;5;0;0;3;1;2;0
2020-09-30 05:51:58;37;5;0;2;5;0;0;3;1;2;0
2020-09-30 05:52:59;37;5;0;2;5;0;0;3;1;2;0
2020-09-30 05:53:59;37;5;0;2;5;0;0;3;1;2;0
2020-09-30 05:54:58;37;5;0;2;5;0;0;3;1;2;0
2020-09-30 05:55:59;37;5;0;2;5;0;0;3;1;2;0
2020-09-30 05:56:58;37;5;0;2;5;0;0;3;1;2;0
2020-09-30 05:57:59;37;5;0;2;5;0;0;3;1;2;0
2020-09-30 05:58:59;38;5;0;2;5;0;0;3;1;2;0
2020-09-30 05:59:58;38;5;0;2;5;0;0;3;1;2;0
2020-09-30 06:00:59;38;5;0;2;5;0;0;3;1;2;0
2020-09-30 06:01:59;38;5;0;2;5;0;0;3;1;2;0
2020-09-30 06:02:58;38;5;0;2;5;0;0;3;1;2;0
2020-09-30 06:03:59;38;5;0;2;5;0;0;3;1;2;0
2020-09-30 06:04:58;38;5;0;2;5;0;0;3;1;2;0
2020-09-30 06:05:59;38;5;0;2;5;0;0;3;1;2;0
2020-09-30 06:06:59;38;5;0;2;5;0;0;3;1;2;0
2020-09-30 06:07:58;38;5;0;2;5;0;0;3;1;2;0
2020-09-30 06:08:59;38;5;0;2;5;0;0;3;1;2;0
2020-09-30 06:09:58;38;5;0;2;5;0;0;3;1;2;0
2020-09-30 06:10:59;38;5;0;2;5;0;0;3;1;2;0
2020-09-30 06:11:59;38;5;0;2;5;0;0;3;1;2;0
2020-09-30 06:12:58;38;5;0;2;5;0;0;3;1;2;0
2020-09-30 06:13:59;38;5;0;2;5;0;0;3;1;2;0
2020-09-30 06:15:00;38;5;0;2;5;0;0;3;1;2;0
2020-09-30 06:15:58;38;5;0;2;5;0;0;3;1;2;0
2020-09-30 06:16:59;38;5;0;2;5;0;0;3;1;2;0
2020-09-30 06:17:58;38;5;0;2;5;0;0;3;1;2;0
2020-09-30 06:18:59;38;5;0;2;5;0;0;3;1;2;0
2020-09-30 06:19:58;38;5;0;2;5;0;0;3;1;2;0
2020-09-30 06:20:59;38;5;0;2;5;0;0;3;1;2;0
2020-09-30 06:21:59;38;5;0;2;5;0;0;3;1;2;0
2020-09-30 06:22:58;38;5;0;2;5;0;0;3;1;2;0
2020-09-30 06:23:59;38;5;0;2;5;0;0;3;1;2;0
2020-09-30 06:24:59;38;5;0;2;5;0;0;3;1;2;0
2020-09-30 06:25:58;39;5;0;2;5;0;0;3;1;2;0
2020-09-30 06:26:59;39;5;0;2;5;0;0;3;1;2;0
2020-09-30 06:27:59;39;5;0;2;5;0;0;3;1;2;0
2020-09-30 06:28:58;40;6;0;2;5;0;0;3;1;2;0
2020-09-30 06:29:59;41;7;0;2;5;0;0;3;1;2;0
2020-09-30 06:30:59;41;7;0;2;5;0;0;3;1;2;0
2020-09-30 06:31:58;41;8;0;2;4;0;0;3;1;2;0
2020-09-30 06:32:59;41;8;0;2;4;0;0;3;1;2;0
2020-09-30 06:33:59;41;7;0;2;4;0;0;3;1;2;0
2020-09-30 06:34:58;41;7;0;2;4;0;0;3;1;2;0
2020-09-30 06:35:59;41;7;0;2;4;0;0;3;1;2;0
2020-09-30 06:36:58;41;7;0;2;4;0;0;3;1;2;0
2020-09-30 06:37:59;42;7;0;2;5;0;0;3;1;2;0
2020-09-30 06:38:59;42;7;0;2;5;0;0;3;1;2;0
2020-09-30 06:39:58;42;7;0;2;5;0;0;3;1;2;0
2020-09-30 06:40:59;42;7;0;2;5;0;0;3;1;2;0
2020-09-30 06:41:59;42;7;0;2;5;0;0;3;1;2;0
2020-09-30 06:42:58;42;7;0;2;5;0;0;3;1;2;0
2020-09-30 06:43:59;42;7;0;2;5;0;0;3;1;2;0
2020-09-30 06:44:59;42;7;0;2;5;0;0;3;1;2;0
2020-09-30 06:45:58;43;8;0;2;5;0;0;3;1;2;0
2020-09-30 06:46:59;43;8;0;2;5;0;0;3;1;2;0
2020-09-30 06:47:59;43;8;0;2;5;0;0;3;1;2;0
2020-09-30 06:48:58;43;8;0;2;5;0;0;3;1;2;0
2020-09-30 06:49:59;43;8;0;2;5;0;0;3;1;2;0
2020-09-30 06:50:59;43;8;0;2;5;0;0;3;1;2;0
2020-09-30 06:51:58;43;8;0;2;5;0;0;3;1;2;0
2020-09-30 06:52:59;45;9;0;2;6;0;0;3;1;2;0
2020-09-30 06:53:59;46;9;0;2;6;0;0;3;1;2;0
2020-09-30 06:54:58;46;9;0;2;6;0;0;3;1;2;0
2020-09-30 06:55:59;46;9;0;2;6;0;0;3;1;2;0
2020-09-30 06:56:59;46;9;0;2;6;0;0;3;1;2;0
2020-09-30 06:57:58;46;9;0;2;6;0;0;3;1;2;0
2020-09-30 06:58:59;47;10;0;2;6;0;0;3;1;2;0
2020-09-30 06:59:59;47;10;0;2;6;0;0;3;1;2;0
2020-09-30 07:00:58;47;10;0;2;6;0;0;3;1;2;0
2020-09-30 07:01:59;47;10;0;2;6;0;0;3;1;2;0
2020-09-30 07:02:59;47;10;0;2;6;0;0;3;1;2;0
2020-09-30 07:03:58;47;10;0;2;6;0;0;3;1;2;0
2020-09-30 07:04:59;47;10;0;2;6;0;0;3;1;2;0
2020-09-30 07:05:59;47;10;0;2;6;0;0;3;1;2;0
2020-09-30 07:06:58;47;10;0;2;6;0;0;3;1;2;0
2020-09-30 07:07:59;47;10;0;2;6;0;0;3;1;2;0
2020-09-30 07:08:59;47;10;0;2;6;0;0;3;1;2;0
2020-09-30 07:09:58;48;10;0;2;6;0;0;3;1;2;0
2020-09-30 07:10:59;48;10;0;2;6;0;0;3;1;2;0
2020-09-30 07:11:59;48;10;0;2;6;0;0;3;1;2;0
2020-09-30 07:12:58;48;10;0;2;6;0;0;3;1;2;0
2020-09-30 07:13:59;48;10;0;2;6;0;0;3;1;2;0
2020-09-30 07:14:59;48;10;0;2;6;0;0;3;1;2;0
2020-09-30 07:15:58;49;11;0;2;6;0;0;3;1;2;0
2020-09-30 07:16:59;49;11;0;2;6;0;0;3;1;2;0
2020-09-30 07:17:58;49;11;0;2;6;0;0;3;1;2;0
2020-09-30 07:18:59;49;11;0;2;6;0;0;3;1;2;0
2020-09-30 07:19:59;49;11;0;2;6;0;0;3;1;2;0
2020-09-30 07:20:58;49;11;0;2;6;0;0;3;1;2;0
2020-09-30 07:21:59;49;11;0;2;6;0;0;3;1;2;0
2020-09-30 07:22:59;49;11;0;2;6;0;0;3;1;2;0
2020-09-30 07:23:58;50;11;0;2;6;0;0;3;1;3;0
2020-09-30 07:24:59;50;11;0;2;6;0;0;3;1;3;0
2020-09-30 07:25:59;50;11;0;2;6;0;0;3;1;3;0
2020-09-30 07:26:58;50;11;0;2;6;0;0;3;1;3;0
2020-09-30 07:27:59;50;11;0;2;6;0;0;3;1;3;0
2020-09-30 07:28:59;50;11;0;2;6;0;0;3;1;3;0
2020-09-30 07:29:58;50;11;0;2;6;0;0;3;1;3;0
2020-09-30 07:30:59;51;12;0;2;6;0;0;3;1;3;0
2020-09-30 07:31:59;51;12;0;2;6;0;0;3;1;3;0
2020-09-30 07:32:58;53;13;0;2;6;0;0;3;1;3;0
2020-09-30 07:33:59;54;14;0;2;6;0;0;3;1;3;0
2020-09-30 07:34:59;54;14;0;2;6;0;0;3;1;3;0
2020-09-30 07:35:58;54;14;0;2;6;0;0;3;1;3;0
2020-09-30 07:36:59;55;14;0;2;6;0;0;3;1;3;0
2020-09-30 07:37:58;55;14;0;2;6;0;0;3;1;3;0
2020-09-30 07:38:59;55;14;0;2;6;0;0;3;1;3;0
2020-09-30 07:39:59;55;14;0;2;6;0;0;3;1;3;0
2020-09-30 07:40:58;55;14;0;2;6;0;0;3;1;3;0
2020-09-30 07:41:59;55;14;0;2;6;0;0;3;1;3;0
2020-09-30 07:42:59;55;14;0;2;6;0;0;3;1;3;0
2020-09-30 07:43:58;55;14;0;2;6;0;0;3;1;3;0
2020-09-30 07:44:59;55;14;0;2;6;0;0;3;1;3;0
2020-09-30 07:45:58;55;14;0;2;6;0;0;3;1;3;0
2020-09-30 07:46:59;56;14;0;2;6;0;0;3;1;3;0
2020-09-30 07:47:59;56;14;0;2;6;0;0;3;1;3;0
2020-09-30 07:48:58;56;14;0;2;6;0;0;3;1;3;0
2020-09-30 07:49:59;57;14;0;2;6;0;0;3;1;3;0
2020-09-30 07:50:59;57;14;0;2;6;0;0;3;1;3;0
2020-09-30 07:51:58;57;14;0;2;6;0;0;3;1;3;0
2020-09-30 07:52:59;57;14;0;2;6;0;0;3;1;3;0
2020-09-30 07:53:59;57;14;0;2;6;0;0;3;1;3;0
2020-09-30 07:55:00;58;14;0;2;6;0;0;3;0;3;0
2020-09-30 07:55:58;58;14;0;2;6;0;0;3;0;3;0
2020-09-30 07:56:59;58;14;0;2;6;0;0;3;0;3;0
2020-09-30 07:57:58;58;14;0;2;6;0;0;3;0;3;0
2020-09-30 07:58:59;58;14;0;2;6;0;0;3;0;3;0
2020-09-30 07:59:59;58;14;0;2;6;0;0;3;0;3;0
2020-09-30 08:00:58;58;14;0;2;6;0;0;3;0;3;0
2020-09-30 08:01:59;58;14;0;2;6;0;0;3;0;3;0
2020-09-30 08:02:59;58;14;0;2;6;0;0;3;0;3;0
2020-09-30 08:03:58;58;14;0;2;6;0;0;3;0;3;0
2020-09-30 08:04:59;58;14;0;2;6;0;0;3;0;3;0
2020-09-30 08:05:58;58;14;0;2;6;0;0;3;0;3;0
2020-09-30 08:06:59;58;14;0;2;6;0;0;3;0;3;0
2020-09-30 08:07:58;58;14;0;2;6;0;0;3;0;3;0
2020-09-30 08:08:59;58;14;0;2;6;0;0;3;0;3;0
2020-09-30 08:09:59;58;14;0;2;6;0;0;3;0;3;0
2020-09-30 08:10:58;58;14;0;2;6;0;0;3;0;3;0
2020-09-30 08:11:59;58;14;0;2;6;0;0;3;0;3;0
2020-09-30 08:12:59;58;14;0;2;6;0;0;3;0;3;0
2020-09-30 08:13:58;58;14;0;2;6;0;0;3;0;3;0
2020-09-30 08:14:59;58;14;0;2;6;0;0;3;0;3;0
2020-09-30 08:15:59;58;14;0;2;6;0;0;3;0;3;0
2020-09-30 08:16:58;58;14;0;2;6;0;0;3;0;3;0
2020-09-30 08:17:59;58;14;0;2;6;0;0;3;0;3;0
2020-09-30 08:18:59;58;14;0;2;6;0;0;3;0;3;0
2020-09-30 08:19:58;58;14;0;2;6;0;0;3;0;3;0
2020-09-30 08:20:59;59;15;0;2;6;0;0;3;0;3;0
2020-09-30 08:21:59;59;15;0;2;6;0;0;3;0;3;0
2020-09-30 08:22:58;59;15;0;2;6;0;0;3;0;3;0
2020-09-30 08:23:59;59;15;0;2;6;0;0;3;0;3;0
2020-09-30 08:24:59;59;15;0;2;6;0;0;3;0;3;0
2020-09-30 08:25:58;59;15;0;2;6;0;0;3;0;3;0
2020-09-30 08:26:59;59;15;0;2;6;0;0;3;0;3;0
2020-09-30 08:27:59;59;15;0;2;6;0;0;3;0;3;0
2020-09-30 08:28:58;61;17;0;2;6;0;0;3;0;3;0
2020-09-30 08:29:59;61;17;0;2;6;0;0;3;0;3;0
2020-09-30 08:30:58;61;17;0;2;6;0;0;3;0;3;0
2020-09-30 08:31:59;61;17;0;2;6;0;0;3;0;3;0
2020-09-30 08:32:59;61;17;0;2;6;0;0;3;0;3;0
2020-09-30 08:33:58;61;17;0;2;6;0;0;3;0;3;0
2020-09-30 08:34:59;62;17;0;2;6;0;0;3;0;3;0
2020-09-30 08:35:58;62;17;0;2;6;0;0;3;0;3;0
2020-09-30 08:36:59;62;17;0;2;6;0;0;3;0;3;0
2020-09-30 08:37:59;63;17;0;2;7;0;0;3;0;3;0
2020-09-30 08:38:58;63;17;0;2;7;0;0;3;0;3;0
2020-09-30 08:39:59;64;17;0;2;7;0;0;3;0;3;0
2020-09-30 08:40:58;64;17;0;2;7;0;0;3;0;3;0
2020-09-30 08:41:59;65;17;0;2;7;0;0;3;0;3;0
2020-09-30 08:42:59;65;17;0;2;7;0;0;3;0;3;0
2020-09-30 08:43:58;66;17;0;2;7;0;0;3;0;3;0
2020-09-30 08:44:59;67;17;0;2;7;0;0;3;0;3;0
2020-09-30 08:45:59;67;17;0;2;7;0;0;3;0;3;0
2020-09-30 08:46:58;67;17;0;2;7;0;0;3;0;3;0
2020-09-30 08:47:59;67;17;0;2;7;0;0;3;0;3;0
2020-09-30 08:48:59;68;17;0;2;7;0;0;3;0;3;0
2020-09-30 08:49:58;68;17;0;2;7;0;0;3;0;3;0
2020-09-30 08:50:59;68;17;0;2;7;0;0;3;0;3;0
2020-09-30 08:51:59;68;17;0;2;7;0;0;3;0;3;0
2020-09-30 08:52:58;68;17;0;2;7;0;0;3;0;3;0
2020-09-30 08:53:59;68;17;0;2;7;0;0;3;0;3;0
2020-09-30 08:54:59;68;17;0;2;7;0;0;3;0;3;0
2020-09-30 08:55:58;70;17;0;2;7;0;0;3;0;3;0
2020-09-30 08:56:59;70;17;0;2;7;0;0;3;0;3;0
2020-09-30 08:57:59;70;17;0;2;7;0;0;3;0;3;0
2020-09-30 08:58:59;70;17;0;2;7;0;0;3;0;3;0
2020-09-30 08:59:58;70;17;0;2;7;0;0;3;0;3;0
2020-09-30 09:00:59;71;18;0;2;7;0;0;3;0;3;0
2020-09-30 09:01:58;71;18;0;2;7;0;0;3;0;3;0
2020-09-30 09:02:59;71;18;0;2;7;0;0;3;0;3;0
2020-09-30 09:03:59;72;18;0;2;8;0;0;3;0;3;0
2020-09-30 09:04:58;73;19;0;2;8;0;0;3;0;3;0
2020-09-30 09:05:59;73;19;0;2;8;0;0;3;0;3;0
2020-09-30 09:06:59;74;19;0;2;8;0;0;3;0;3;0
2020-09-30 09:07:58;74;19;0;2;8;0;0;3;0;3;0
2020-09-30 09:08:59;76;20;0;2;8;0;0;3;0;3;0
2020-09-30 09:09:58;78;21;0;2;8;0;0;3;0;3;0
2020-09-30 09:10:59;78;21;0;2;8;0;0;3;0;3;0
2020-09-30 09:11:58;79;21;0;2;8;0;0;3;0;3;0
2020-09-30 09:12:59;80;22;0;2;8;0;0;3;0;3;0
2020-09-30 09:13:59;80;22;0;2;8;0;0;3;0;3;0
2020-09-30 09:14:58;80;22;0;2;8;0;0;3;0;3;0
2020-09-30 09:15:59;80;22;0;2;8;0;0;3;0;3;0
2020-09-30 09:16:59;80;22;0;2;8;0;0;3;0;3;0
2020-09-30 09:17:58;81;22;0;2;8;1;0;3;0;3;0
2020-09-30 09:18:59;81;22;0;2;8;1;0;3;0;3;0
2020-09-30 09:19:59;82;23;0;2;8;1;0;3;0;3;0
2020-09-30 09:20:58;83;23;0;2;8;1;0;3;0;3;0
2020-09-30 09:21:59;83;23;0;2;8;1;0;3;0;3;0
2020-09-30 09:22:59;83;23;0;2;8;1;0;3;0;3;0
2020-09-30 09:23:59;84;23;0;2;8;1;0;3;0;3;0
2020-09-30 09:24:58;84;23;0;2;8;1;0;3;0;3;0
2020-09-30 09:25:59;84;23;0;2;8;1;0;3;0;3;0
2020-09-30 09:26:59;84;23;0;2;8;1;0;3;0;3;0
2020-09-30 09:27:58;84;23;0;2;8;1;0;3;0;3;0
2020-09-30 09:28:59;84;23;0;2;8;1;0;3;0;3;0
2020-09-30 09:29:59;85;23;0;2;8;1;0;3;0;4;0
2020-09-30 09:30:58;85;23;0;2;8;1;0;3;0;4;0
2020-09-30 09:31:59;86;24;0;2;8;1;0;3;0;4;0
2020-09-30 09:32:58;87;24;0;2;8;1;0;3;0;4;1
2020-09-30 09:33:59;87;24;0;2;8;1;0;3;0;4;1
2020-09-30 09:34:59;87;24;0;2;8;1;0;3;0;4;1
2020-09-30 09:35:58;87;24;0;2;8;1;0;3;0;4;1
2020-09-30 09:36:59;87;24;0;2;8;1;0;3;0;4;1
2020-09-30 09:37:59;89;24;0;2;8;1;0;4;0;4;1
2020-09-30 09:38:58;89;24;0;2;8;1;0;4;0;4;1
2020-09-30 09:39:59;89;24;0;2;8;1;0;4;0;4;1
2020-09-30 09:40:59;89;24;0;2;8;1;0;4;0;4;1
2020-09-30 09:41:58;89;24;0;2;8;1;0;4;0;4;1
2020-09-30 09:42:59;89;24;0;2;8;1;0;4;0;4;1
2020-09-30 09:43:59;89;24;0;2;8;1;0;4;0;4;1
2020-09-30 09:44:58;89;24;0;2;8;1;0;4;0;4;1
2020-09-30 09:45:59;90;24;0;2;8;1;0;4;0;4;1
2020-09-30 09:46:59;91;24;0;2;8;1;0;4;0;4;1
2020-09-30 09:47:58;91;24;0;2;8;1;0;4;0;4;1
2020-09-30 09:48:59;91;24;0;2;8;1;0;4;0;4;1
2020-09-30 09:49:58;91;24;0;2;8;1;0;4;0;4;1
2020-09-30 09:50:59;91;24;0;2;8;1;0;4;0;4;1
2020-09-30 09:51:59;91;24;0;2;8;1;0;4;0;4;1
2020-09-30 09:52:58;91;24;0;2;8;1;0;4;0;4;1
2020-09-30 09:53:59;91;24;0;2;8;1;0;4;0;4;1
2020-09-30 09:54:59;91;24;0;2;8;1;0;4;0;4;1
2020-09-30 09:55:58;91;24;0;2;8;1;0;4;0;4;1
2020-09-30 09:56:59;91;24;0;2;8;1;0;4;0;4;1
2020-09-30 09:57:59;91;24;0;2;8;1;0;4;0;4;1
2020-09-30 09:58:58;92;24;0;2;9;1;0;4;0;4;1
2020-09-30 09:59:59;92;24;0;2;9;1;0;4;0;4;1
2020-09-30 10:00:58;92;24;0;2;9;1;0;4;0;4;1
2020-09-30 10:01:59;92;24;0;2;9;1;0;4;0;4;1
2020-09-30 10:02:59;92;24;0;2;9;1;0;4;0;4;1
2020-09-30 10:03:58;94;24;0;3;10;1;0;4;0;4;1
2020-09-30 10:04:59;95;25;0;3;10;1;0;4;0;4;1
2020-09-30 10:05:59;95;25;0;3;10;1;0;4;0;4;1
2020-09-30 10:06:58;95;25;0;3;10;1;0;4;0;4;1
2020-09-30 10:07:59;95;24;0;3;10;1;0;4;0;5;1
2020-09-30 10:08:59;96;24;0;3;10;1;0;4;0;5;1
2020-09-30 10:09:58;96;24;0;3;10;1;0;4;0;5;1
2020-09-30 10:10:59;96;24;0;3;10;1;0;4;0;5;1
2020-09-30 10:11:59;96;24;0;3;10;1;0;4;0;5;1
2020-09-30 10:12:58;97;24;0;3;10;1;0;4;0;5;1
2020-09-30 10:13:59;97;24;0;3;10;1;0;4;0;5;1
2020-09-30 10:14:59;97;24;0;3;10;1;0;4;0;5;1
2020-09-30 10:15:58;98;24;0;3;10;1;0;4;0;6;1
2020-09-30 10:16:59;98;24;0;3;10;1;0;4;0;6;1
2020-09-30 10:17:59;98;24;0;3;10;1;0;4;0;6;1
2020-09-30 10:18:58;99;24;0;3;10;1;0;4;0;6;1
2020-09-30 10:19:59;99;24;0;3;10;1;0;4;0;6;1
2020-09-30 10:20:59;99;24;0;3;10;1;0;4;0;6;1
2020-09-30 10:21:58;99;24;0;3;10;1;0;4;0;6;1
2020-09-30 10:22:59;99;24;0;3;10;1;0;4;0;6;1
2020-09-30 10:23:59;100;24;0;3;10;2;0;4;0;6;1
2020-09-30 10:24:58;100;24;0;3;10;2;0;4;0;6;1
2020-09-30 10:25:59;100;24;0;3;10;2;0;4;0;6;1
2020-09-30 10:26:59;100;24;0;3;10;2;0;4;0;6;1
2020-09-30 10:27:58;101;24;0;3;11;2;0;4;0;6;1
2020-09-30 10:28:59;101;24;0;3;11;2;0;4;0;6;1
2020-09-30 10:30:00;101;24;0;3;11;2;0;4;0;6;1
2020-09-30 10:30:58;102;24;0;3;11;2;0;4;0;6;1
2020-09-30 10:31:59;102;24;0;3;11;2;0;4;0;6;1
2020-09-30 10:32:58;102;24;0;3;11;2;0;4;0;6;1
2020-09-30 10:33:59;102;24;0;3;11;2;0;4;0;6;1
2020-09-30 10:34:59;102;24;0;3;11;2;0;4;0;6;1
2020-09-30 10:35:58;102;24;0;3;11;2;0;4;0;6;1
2020-09-30 10:36:59;103;24;0;3;11;2;0;4;0;6;1
2020-09-30 10:37:59;103;24;0;3;11;2;0;4;0;6;1
2020-09-30 10:38:58;103;24;0;3;11;2;0;4;0;6;1
2020-09-30 10:39:59;104;25;0;3;11;2;0;4;0;6;1
2020-09-30 10:40:58;105;25;0;3;11;2;0;4;0;6;1
2020-09-30 10:41:59;105;25;0;3;11;2;0;4;0;6;1
2020-09-30 10:42:59;105;25;0;3;11;2;0;4;0;6;1
2020-09-30 10:43:58;105;25;0;3;11;2;0;4;0;6;1
2020-09-30 10:44:59;105;25;0;3;11;2;0;4;0;6;1
2020-09-30 10:45:59;105;25;0;3;11;2;0;4;0;6;1
2020-09-30 10:46:58;105;25;0;3;11;2;0;4;0;6;1
2020-09-30 10:47:59;105;25;0;3;11;2;0;4;0;6;1
2020-09-30 10:48:59;105;25;0;3;11;2;0;4;0;6;1
2020-09-30 10:49:58;106;26;0;3;11;2;0;4;0;6;1
2020-09-30 10:50:59;106;26;0;3;11;2;0;4;0;6;1
2020-09-30 10:51:59;106;26;0;3;11;2;0;4;0;6;1
2020-09-30 10:52:58;106;26;0;3;11;2;0;4;0;6;1
2020-09-30 10:53:59;107;27;0;3;11;2;0;4;0;6;1
2020-09-30 10:54:59;108;27;0;4;11;2;0;4;0;6;1
2020-09-30 10:55:58;108;27;0;4;11;2;0;4;0;6;1
2020-09-30 10:56:59;108;27;0;4;11;2;0;4;0;6;1
2020-09-30 10:57:59;109;28;0;4;11;2;0;4;0;6;1
2020-09-30 10:58:58;109;28;0;4;11;2;0;4;0;6;1
2020-09-30 10:59:59;109;28;0;4;11;2;0;4;0;6;1
2020-09-30 11:00:59;109;28;0;4;11;2;0;4;0;6;1
2020-09-30 11:01:58;110;29;0;4;11;2;0;4;0;6;1
2020-09-30 11:02:59;110;29;0;4;11;2;0;4;0;6;1
2020-09-30 11:03:59;111;30;0;4;11;2;0;4;0;6;1
2020-09-30 11:04:58;111;30;0;4;11;2;0;4;0;6;1
2020-09-30 11:05:59;111;30;0;4;11;2;0;4;0;6;1
2020-09-30 11:06:59;111;30;0;4;11;2;0;4;0;6;1
2020-09-30 11:07:58;111;30;0;4;11;2;0;4;0;6;1
2020-09-30 11:08:59;111;30;0;4;11;2;0;4;0;6;1
2020-09-30 11:09:59;111;31;0;4;10;2;0;4;0;6;1
2020-09-30 11:10:58;111;31;0;4;10;2;0;4;0;6;1
2020-09-30 11:11:59;111;31;0;4;10;2;0;4;0;6;1
2020-09-30 11:12:59;111;31;0;4;10;2;0;4;0;6;1
2020-09-30 11:13:58;112;32;0;4;10;2;0;4;0;6;1
2020-09-30 11:14:59;112;32;0;4;10;2;0;4;0;6;1
2020-09-30 11:15:59;112;32;0;4;10;2;0;4;0;6;1
2020-09-30 11:17:00;113;32;0;4;10;2;0;4;0;6;1
2020-09-30 11:17:58;113;32;0;4;10;2;0;4;0;6;1
2020-09-30 11:18:59;114;33;0;4;10;2;0;4;0;6;1
2020-09-30 11:19:58;114;33;0;4;10;2;0;4;0;6;1
2020-09-30 11:20:59;115;34;0;4;10;2;0;4;0;6;1
2020-09-30 11:21:59;115;34;0;4;10;2;0;4;0;6;1
2020-09-30 11:22:58;115;34;0;4;10;2;0;4;0;6;1
2020-09-30 11:23:59;115;34;0;4;10;2;0;4;0;6;1
2020-09-30 11:24:59;115;34;0;4;10;2;0;4;0;6;1
2020-09-30 11:25:58;115;34;0;4;10;2;0;4;0;6;1
2020-09-30 11:26:59;115;34;0;4;10;2;0;4;0;6;1
2020-09-30 11:27:59;117;34;0;4;10;2;0;4;0;6;1
2020-09-30 11:28:59;117;34;0;4;10;2;0;4;0;6;1
2020-09-30 11:29:58;117;34;0;4;10;2;0;4;0;6;1
2020-09-30 11:30:59;117;34;0;4;10;2;0;4;0;6;1
2020-09-30 11:31:59;117;34;0;4;10;2;0;4;0;6;1
2020-09-30 11:32:58;117;34;0;4;10;2;0;4;0;6;1
2020-09-30 11:33:59;118;35;0;4;10;2;0;4;0;6;1
2020-09-30 11:34:59;118;35;0;4;10;2;0;4;0;6;1
2020-09-30 11:35:58;118;35;0;4;10;2;0;4;0;6;1
2020-09-30 11:36:59;119;35;0;5;10;2;0;4;0;6;1
2020-09-30 11:37:59;119;35;0;5;10;2;0;4;0;6;1
2020-09-30 11:38:58;120;35;0;5;10;2;0;4;0;6;1
2020-09-30 11:39:59;120;35;0;5;10;2;0;4;0;6;1
2020-09-30 11:40:58;120;35;0;5;10;2;0;4;0;6;1
2020-09-30 11:41:59;123;36;0;5;10;2;0;4;0;6;1
2020-09-30 11:42:59;123;36;0;5;10;2;0;4;0;6;1
2020-09-30 11:43:58;125;36;0;5;10;2;0;4;0;6;1
2020-09-30 11:44:59;125;36;0;5;10;2;0;4;0;6;1
2020-09-30 11:45:59;125;36;0;5;10;2;0;4;0;6;1
2020-09-30 11:46:58;125;36;0;5;10;2;0;4;0;6;1
2020-09-30 11:47:59;125;36;0;5;10;2;0;4;0;6;1
2020-09-30 11:48:59;125;36;0;5;10;2;0;4;0;6;1
2020-09-30 11:49:58;125;36;0;5;10;2;0;4;0;6;1
2020-09-30 11:50:59;125;36;0;5;10;2;0;4;0;6;1
2020-09-30 11:51:59;125;36;0;5;10;2;0;4;0;6;1
2020-09-30 11:52:58;126;37;0;5;10;2;0;4;0;6;1
2020-09-30 11:53:59;126;37;0;5;10;2;0;4;0;6;1
2020-09-30 11:54:59;126;37;0;5;10;2;0;4;0;6;1
2020-09-30 11:55:59;126;37;0;5;10;2;0;4;0;6;1
2020-09-30 11:56:58;126;37;0;5;10;2;0;4;0;6;1
2020-09-30 11:57:59;126;37;0;5;10;2;0;4;0;6;1
2020-09-30 11:58:59;126;37;0;5;10;2;0;4;0;6;1
2020-09-30 11:59:58;126;37;0;5;10;2;0;4;0;6;1
2020-09-30 12:00:59;126;37;0;5;10;2;0;4;0;6;1
2020-09-30 12:01:58;126;37;0;5;10;2;0;4;0;6;1
2020-09-30 12:02:59;127;38;0;5;10;2;0;4;0;6;1
2020-09-30 12:03:59;128;40;0;5;10;2;0;4;0;5;1
2020-09-30 12:04:58;128;40;0;5;10;2;0;4;0;5;1
2020-09-30 12:05:59;128;40;0;5;10;2;0;4;0;5;1
2020-09-30 12:06:59;129;40;0;5;10;2;0;4;0;5;1
2020-09-30 12:07:58;129;40;0;5;10;2;0;4;0;5;1
2020-09-30 12:08:59;129;40;0;5;10;2;0;4;0;5;1
2020-09-30 12:09:59;129;40;0;5;10;2;0;4;0;5;1
2020-09-30 12:10:58;130;41;0;5;10;2;0;4;0;5;1
2020-09-30 12:11:59;130;41;0;5;10;2;0;4;0;5;1
2020-09-30 12:12:59;130;41;0;5;10;2;0;4;0;5;1
2020-09-30 12:13:59;130;41;0;5;10;2;0;4;0;5;1
2020-09-30 12:14:58;130;41;0;5;10;2;0;4;0;5;1
2020-09-30 12:15:59;130;41;0;5;10;2;0;4;0;5;1
2020-09-30 12:16:59;130;41;0;5;10;2;0;4;0;5;1
2020-09-30 12:17:58;130;41;0;5;10;2;0;4;0;5;1
2020-09-30 12:18:59;131;42;0;5;10;2;0;4;0;5;1
2020-09-30 12:19:58;131;42;0;5;10;2;0;4;0;5;1
2020-09-30 12:20:59;131;42;0;5;10;2;0;4;0;5;1
2020-09-30 12:21:59;131;42;0;5;10;2;0;4;0;5;1
2020-09-30 12:22:58;132;42;0;5;10;2;0;4;0;5;1
2020-09-30 12:23:59;132;42;0;5;10;2;0;4;0;5;1
2020-09-30 12:24:59;132;42;0;5;10;2;0;4;0;5;1
2020-09-30 12:25:58;132;42;0;5;10;2;0;4;0;5;1
2020-09-30 12:26:59;133;43;0;5;10;2;0;4;0;5;1
2020-09-30 12:27:59;133;43;0;5;10;2;0;4;0;5;1
2020-09-30 12:28:58;133;43;0;5;10;2;0;4;0;5;1
2020-09-30 12:29:59;134;44;0;5;10;2;0;4;0;5;1
2020-09-30 12:30:59;134;44;0;5;10;2;0;4;0;5;1
2020-09-30 12:31:58;134;44;0;5;10;2;0;4;0;5;1
2020-09-30 12:32:59;135;44;0;5;10;2;2;4;0;5;0
2020-09-30 12:33:59;135;44;0;5;10;2;2;4;0;5;0
2020-09-30 12:34:58;135;44;0;5;10;2;2;4;0;5;0
2020-09-30 12:35:59;135;44;0;5;10;2;2;4;0;5;0
2020-09-30 12:36:59;136;45;0;5;10;2;2;4;0;5;0
2020-09-30 12:37:58;136;46;0;5;10;2;2;4;0;5;0
2020-09-30 12:38:59;136;46;0;5;10;2;2;4;0;5;0
2020-09-30 12:39:59;137;46;0;6;10;2;2;4;0;5;0
2020-09-30 12:40:58;137;46;0;6;10;2;2;4;0;5;0
2020-09-30 12:41:59;138;46;0;6;10;2;2;4;0;5;0
2020-09-30 12:42:59;139;46;0;6;10;2;2;4;0;5;0
2020-09-30 12:43:58;140;46;0;6;10;2;2;4;0;5;0
2020-09-30 12:44:59;140;46;0;6;10;2;2;4;0;5;0
2020-09-30 12:45:59;140;46;0;6;10;2;2;4;0;5;0
2020-09-30 12:46:58;140;46;0;6;10;2;2;4;0;5;0
2020-09-30 12:47:59;140;46;0;6;10;2;2;4;0;5;0
2020-09-30 12:48:59;141;46;0;6;10;2;2;4;0;5;0
2020-09-30 12:49:58;141;46;0;6;10;2;2;4;0;5;0
2020-09-30 12:50:59;141;46;0;6;10;2;2;4;0;5;0
2020-09-30 12:51:58;140;46;0;6;10;2;2;4;0;4;0
2020-09-30 12:52:59;140;46;0;6;10;2;2;4;0;4;0
2020-09-30 12:53:59;141;47;0;6;10;2;2;4;0;4;0
2020-09-30 12:54:58;142;47;0;6;10;2;2;4;0;4;0
2020-09-30 12:55:59;142;47;0;6;10;2;2;4;0;4;0
2020-09-30 12:56:59;142;47;0;6;10;2;2;4;0;4;0
2020-09-30 12:57:58;142;47;0;6;10;2;2;4;0;4;0
2020-09-30 12:58:59;142;47;0;6;10;2;2;4;0;4;0
2020-09-30 12:59:59;142;47;0;6;10;2;2;4;0;4;0
2020-09-30 13:00:58;142;47;0;6;10;2;2;4;0;4;0
2020-09-30 13:01:59;142;47;0;6;10;2;2;4;0;4;0
2020-09-30 13:02:58;142;47;0;6;10;2;2;4;0;4;0
2020-09-30 13:03:59;142;47;0;6;10;2;2;4;0;4;1
2020-09-30 13:05:00;142;47;0;6;10;2;2;4;0;4;1
2020-09-30 13:05:58;142;47;0;6;10;2;2;4;0;4;1
2020-09-30 13:06:59;142;47;0;6;10;2;2;4;0;4;1
2020-09-30 13:07:58;142;47;0;6;10;2;2;4;0;4;1
2020-09-30 13:08:59;142;47;0;6;10;2;2;4;0;4;1
2020-09-30 13:09:59;142;47;0;6;10;2;2;4;0;4;1
2020-09-30 13:10:58;142;47;0;6;10;2;2;4;0;4;1
2020-09-30 13:11:59;142;47;0;6;10;2;2;4;0;4;1
2020-09-30 13:12:59;142;47;0;6;10;2;2;4;0;4;1
2020-09-30 13:13:58;141;47;0;6;10;2;2;4;0;4;1
2020-09-30 13:14:59;141;47;0;6;10;2;2;4;0;4;1
2020-09-30 13:15:58;141;47;0;6;10;2;2;4;0;4;1
2020-09-30 13:16:59;141;47;0;6;10;2;2;4;0;4;1
2020-09-30 13:17:59;141;47;0;6;10;2;2;4;0;4;1
2020-09-30 13:18:58;141;47;0;6;10;2;2;4;0;4;1
2020-09-30 13:19:59;141;47;0;6;10;2;2;4;0;4;1
2020-09-30 13:20:59;141;47;0;6;10;2;2;4;0;4;1
2020-09-30 13:21:58;141;47;0;6;10;2;2;4;0;4;1
2020-09-30 13:22:59;141;47;0;6;10;2;2;4;0;4;1
2020-09-30 13:23:59;142;47;0;6;10;2;2;4;0;4;1
2020-09-30 13:24:58;142;47;0;6;10;2;2;4;0;4;1
2020-09-30 13:25:59;142;47;0;6;10;2;2;4;0;4;1
2020-09-30 13:26:59;144;47;0;6;10;3;2;4;0;4;1
2020-09-30 13:27:58;144;47;0;6;10;3;2;4;0;4;1
2020-09-30 13:28:59;145;48;0;6;10;3;2;4;0;4;1
2020-09-30 13:29:59;146;48;0;6;10;3;2;4;0;4;1
2020-09-30 13:30:58;146;48;0;6;10;3;2;4;0;4;1
2020-09-30 13:31:59;146;48;0;6;10;3;2;4;0;4;1
2020-09-30 13:32:59;146;48;0;6;10;3;2;4;0;4;1
2020-09-30 13:33:58;146;48;0;6;10;3;2;4;0;4;1
2020-09-30 13:34:59;146;48;0;6;10;3;2;4;0;4;1
2020-09-30 13:35:59;146;48;0;6;10;3;2;4;0;4;1
2020-09-30 13:36:58;146;48;0;6;10;3;2;4;0;4;1
2020-09-30 13:37:59;146;48;0;6;10;3;2;4;0;4;1
2020-09-30 13:38:59;146;48;0;6;10;3;2;4;0;4;1
2020-09-30 13:39:58;147;49;0;6;10;3;2;4;0;4;1
2020-09-30 13:40:59;147;49;0;6;10;3;2;4;0;4;1
2020-09-30 13:41:58;147;49;0;6;10;3;2;4;0;4;1
2020-09-30 13:42:59;148;50;0;6;10;3;2;4;0;4;1
2020-09-30 13:43:59;149;50;0;6;10;3;2;4;0;4;1
2020-09-30 13:44:58;149;50;0;6;10;3;2;4;0;4;1
2020-09-30 13:45:59;150;50;0;6;10;3;2;4;0;4;1
2020-09-30 13:46:59;150;50;0;6;10;3;2;4;0;4;1
2020-09-30 13:47:58;150;50;0;6;10;3;2;4;0;4;1
2020-09-30 13:48:59;150;50;0;6;10;3;2;4;0;4;1
2020-09-30 13:49:58;151;50;0;6;10;3;2;4;0;4;2
2020-09-30 13:50:59;152;50;0;6;10;3;2;4;0;4;2
2020-09-30 13:51:59;153;51;0;6;10;3;2;4;0;4;2
2020-09-30 13:52:58;153;51;0;6;10;3;2;4;0;4;2
2020-09-30 13:53:59;153;51;0;6;10;3;2;4;0;4;2
2020-09-30 13:54:59;155;51;0;6;10;3;2;4;0;4;2
2020-09-30 13:55:58;156;52;0;6;10;3;2;4;0;4;2
2020-09-30 13:56:59;156;52;0;6;10;3;2;4;0;4;2
2020-09-30 13:57:59;156;52;0;6;10;3;2;4;0;4;2
2020-09-30 13:58:58;157;52;0;6;10;3;2;4;0;5;2
2020-09-30 13:59:59;157;52;0;6;10;3;2;4;0;5;2
2020-09-30 14:01:00;159;54;0;6;10;3;2;4;0;5;2
2020-09-30 14:01:58;159;54;0;6;10;3;2;4;0;5;2
2020-09-30 14:02:59;160;55;0;6;10;3;2;4;0;5;2
2020-09-30 14:03:58;161;55;0;6;10;3;2;4;0;5;2
2020-09-30 14:04:59;161;55;0;6;10;3;2;4;0;5;2
2020-09-30 14:05:59;161;55;0;6;10;3;2;4;0;5;2
2020-09-30 14:06:58;161;55;0;6;10;3;2;4;0;5;2
2020-09-30 14:07:59;162;55;0;6;10;3;2;4;0;5;2
2020-09-30 14:08:59;163;55;0;6;10;3;2;4;0;5;2
2020-09-30 14:09:58;163;55;0;6;10;3;2;4;0;5;2
2020-09-30 14:10:59;163;55;0;6;10;3;2;4;0;5;2
2020-09-30 14:11:59;163;55;0;6;10;3;2;4;0;5;2
2020-09-30 14:12:58;163;55;0;6;10;3;2;4;0;5;2
2020-09-30 14:13:59;164;55;0;6;10;3;2;4;0;5;2
2020-09-30 14:14:59;164;55;0;6;10;3;2;4;0;5;2
2020-09-30 14:15:58;164;55;0;6;10;3;2;4;0;5;2
2020-09-30 14:16:59;166;56;0;6;10;3;2;4;0;5;2
2020-09-30 14:17:59;169;57;0;6;10;3;2;4;0;5;2
2020-09-30 14:18:58;169;57;0;6;10;3;2;4;0;5;2
2020-09-30 14:19:59;173;58;0;6;10;3;2;4;0;5;2
2020-09-30 14:20:58;177;58;0;6;10;3;2;4;0;5;2
2020-09-30 14:21:59;177;58;0;6;10;3;2;4;0;5;2
2020-09-30 14:22:59;177;58;0;6;10;3;2;4;0;5;2
2020-09-30 14:23:58;177;58;0;6;10;3;2;4;0;5;2
2020-09-30 14:24:59;178;59;0;6;10;3;2;4;0;5;2
2020-09-30 14:25:59;179;59;0;6;10;3;2;4;0;5;2
2020-09-30 14:26:58;179;58;0;6;11;3;2;4;0;5;2
2020-09-30 14:27:59;179;58;0;6;11;3;2;4;0;5;2
2020-09-30 14:28:59;179;58;0;6;11;3;2;4;0;5;2
2020-09-30 14:29:58;179;58;0;6;11;3;2;4;0;5;2
2020-09-30 14:30:59;180;57;0;6;11;3;2;4;0;5;2
2020-09-30 14:31:59;180;57;0;6;11;3;2;4;0;5;2
2020-09-30 14:32:58;181;57;0;6;11;3;2;4;0;5;2
2020-09-30 14:33:59;181;57;0;6;11;3;2;4;0;5;2
2020-09-30 14:34:58;181;57;0;6;11;3;2;4;0;5;2
2020-09-30 14:35:59;183;58;0;6;11;3;2;4;0;5;2
2020-09-30 14:36:59;184;58;0;6;11;3;2;4;0;5;2
2020-09-30 14:37:58;185;59;0;6;11;3;2;4;0;5;2
2020-09-30 14:38:59;186;59;0;6;11;3;2;4;0;5;2
2020-09-30 14:39:58;186;59;0;6;11;3;2;4;0;5;2
2020-09-30 14:40:59;186;59;0;6;11;3;2;4;0;5;2
2020-09-30 14:41:59;186;59;0;6;11;3;2;4;0;5;2
2020-09-30 14:42:58;187;60;0;6;11;3;2;4;0;5;2
2020-09-30 14:43:59;187;60;0;6;11;3;2;4;0;5;2
2020-09-30 14:44:59;187;60;0;6;11;3;2;4;0;5;2
2020-09-30 14:45:58;188;61;0;6;11;3;2;4;0;5;2
2020-09-30 14:46:59;188;61;0;6;11;3;2;4;0;5;2
2020-09-30 14:47:58;188;61;0;6;11;3;2;4;0;5;2
2020-09-30 14:48:59;189;61;0;6;11;3;2;4;0;5;2
2020-09-30 14:49:59;190;61;0;6;11;3;2;4;0;5;2
2020-09-30 14:50:58;190;61;0;6;11;3;2;4;0;5;2
2020-09-30 14:51:59;190;61;0;6;11;3;2;4;0;5;2
2020-09-30 14:52:59;190;61;0;6;11;3;2;4;0;5;2
2020-09-30 14:53:58;191;62;0;6;11;3;2;4;0;5;2
2020-09-30 14:54:59;191;62;0;6;11;3;2;4;0;5;2
2020-09-30 14:55:59;191;62;0;6;11;3;2;4;0;5;2
2020-09-30 14:56:58;192;63;0;6;11;3;2;4;0;5;2
2020-09-30 14:57:59;192;63;0;6;11;3;2;4;0;5;2
2020-09-30 14:58:59;194;64;0;7;11;3;2;4;0;5;2
2020-09-30 14:59:58;195;64;0;8;11;3;2;4;0;5;2
2020-09-30 15:00:59;195;64;0;8;11;3;2;4;0;5;2
2020-09-30 15:01:59;196;64;0;8;11;3;2;4;0;5;2
2020-09-30 15:02:58;196;64;0;8;11;3;2;4;0;5;2
2020-09-30 15:03:59;196;64;0;8;11;3;2;4;0;5;2
2020-09-30 15:04:59;198;64;0;8;11;3;2;4;0;5;2
2020-09-30 15:05:58;199;64;0;8;11;4;2;4;0;5;2
2020-09-30 15:06:59;200;65;0;8;11;4;2;4;0;5;2
2020-09-30 15:07:59;200;65;0;8;11;4;2;4;0;5;2
2020-09-30 15:08:58;200;65;0;8;11;4;2;4;0;5;2
2020-09-30 15:09:59;201;66;0;8;11;4;2;4;0;5;2
2020-09-30 15:10:59;202;67;0;8;11;4;2;4;0;5;2
2020-09-30 15:11:58;202;67;0;8;11;4;2;4;0;5;2
2020-09-30 15:12:59;202;67;0;8;11;4;2;4;0;5;2
2020-09-30 15:13:59;203;67;0;8;11;4;2;4;0;5;2
2020-09-30 15:14:58;203;67;0;8;11;4;2;4;0;5;2
2020-09-30 15:15:59;203;67;0;8;11;4;2;4;0;5;2
2020-09-30 15:16:59;205;67;0;8;11;4;2;4;0;5;2
2020-09-30 15:17:58;205;67;0;8;11;4;2;4;0;5;2
2020-09-30 15:18:59;205;67;0;8;11;4;2;4;0;5;2
2020-09-30 15:19:58;206;67;0;8;11;5;2;4;0;5;2
2020-09-30 15:20:59;207;68;0;8;11;5;2;4;0;5;2
2020-09-30 15:21:59;208;69;0;8;11;5;2;4;0;5;2
2020-09-30 15:22:58;210;69;0;8;11;5;2;4;0;5;2
2020-09-30 15:23:59;210;69;0;8;11;5;2;4;0;5;2
2020-09-30 15:24:59;213;70;0;8;11;5;2;4;0;5;2
2020-09-30 15:25:58;215;72;0;8;11;5;2;4;0;5;2
2020-09-30 15:26:59;217;72;0;8;11;5;2;4;0;5;2
2020-09-30 15:27:58;217;72;0;8;11;5;2;4;0;5;2
2020-09-30 15:28:59;217;72;0;8;11;5;2;4;0;5;2
2020-09-30 15:29:59;217;72;0;8;11;5;2;4;0;5;2
2020-09-30 15:30:59;218;73;0;8;11;5;2;4;0;5;2
2020-09-30 15:31:58;219;74;0;8;11;5;2;4;0;5;2
2020-09-30 15:32:59;219;74;0;8;11;5;2;4;0;5;2
2020-09-30 15:33:59;219;74;0;8;11;5;2;4;0;5;2
2020-09-30 15:34:58;219;74;0;8;11;5;2;4;0;5;2
2020-09-30 15:35:59;219;74;0;8;11;5;2;4;0;5;2
2020-09-30 15:36:58;219;74;0;8;11;5;2;4;0;5;2
2020-09-30 15:37:59;220;75;0;8;11;5;2;4;0;5;2
2020-09-30 15:38:59;221;75;0;8;11;5;2;4;0;5;2
2020-09-30 15:39:58;222;76;0;8;11;5;2;4;0;5;2
2020-09-30 15:40:59;222;76;0;8;11;5;2;4;0;5;2
2020-09-30 15:41:59;222;76;0;8;11;5;2;4;0;5;2
2020-09-30 15:42:58;222;76;0;8;11;5;2;4;0;5;2
2020-09-30 15:43:59;222;76;0;8;11;5;2;4;0;5;2
2020-09-30 15:44:59;222;76;0;8;11;5;2;4;0;5;2
2020-09-30 15:45:58;222;76;0;8;11;5;2;4;0;5;2
2020-09-30 15:46:59;223;77;0;8;11;5;2;4;0;5;2
2020-09-30 15:47:59;223;77;0;8;11;5;2;4;0;5;2
2020-09-30 15:48:58;223;77;0;8;11;5;2;4;0;5;2
2020-09-30 15:49:59;222;77;0;8;10;5;2;4;0;5;2
2020-09-30 15:50:59;222;77;0;8;10;5;2;4;0;5;2
2020-09-30 15:51:58;223;77;0;8;10;5;2;4;0;5;2
2020-09-30 15:52:59;223;77;0;8;10;5;2;4;0;5;2
2020-09-30 15:53:58;224;78;0;8;10;5;2;4;0;5;2
2020-09-30 15:54:59;224;78;0;8;10;5;2;4;0;5;2
2020-09-30 15:55:59;225;79;0;8;10;5;2;4;0;5;2
2020-09-30 15:56:58;225;79;0;8;10;5;2;4;0;5;2
2020-09-30 15:57:59;225;79;0;8;10;5;2;4;0;5;2
2020-09-30 15:58:59;225;79;0;8;10;5;2;4;0;5;2
2020-09-30 15:59:58;225;79;0;8;10;5;2;4;0;5;2
2020-09-30 16:00:59;225;79;0;8;10;5;2;4;0;5;2
2020-09-30 16:01:58;226;79;0;8;10;5;2;4;0;5;2
2020-09-30 16:02:59;226;79;0;8;10;5;2;4;0;5;2
2020-09-30 16:03:59;227;80;0;8;10;5;2;4;0;5;2
2020-09-30 16:04:58;227;80;0;8;10;5;2;4;0;5;2
2020-09-30 16:05:59;230;80;0;8;10;5;3;4;0;6;2
2020-09-30 16:06:59;230;80;0;8;10;5;3;4;0;6;2
2020-09-30 16:07:58;231;81;0;8;10;5;3;4;0;6;2
2020-09-30 16:08:59;231;81;0;8;10;5;3;4;0;6;2
2020-09-30 16:09:59;232;82;0;8;10;5;3;4;0;6;2
2020-09-30 16:10:58;232;82;0;8;10;5;3;4;0;6;2
2020-09-30 16:11:59;232;82;0;8;10;5;3;4;0;6;2
2020-09-30 16:12:59;233;83;0;8;10;5;3;4;0;6;2
2020-09-30 16:13:58;233;83;0;8;10;5;3;4;0;6;2
2020-09-30 16:14:59;233;83;0;8;10;5;3;4;0;6;2
2020-09-30 16:15:59;233;83;0;8;10;5;3;4;0;6;2
2020-09-30 16:16:58;234;84;0;8;10;5;3;4;0;6;2
2020-09-30 16:17:59;234;84;0;8;10;5;3;4;0;6;2
2020-09-30 16:18:59;234;84;0;8;10;5;3;4;0;6;2
2020-09-30 16:19:58;234;84;0;8;10;5;3;4;0;6;2
2020-09-30 16:20:59;234;84;0;8;10;5;3;4;0;6;2
2020-09-30 16:21:59;234;83;0;8;10;5;3;4;0;6;2
2020-09-30 16:22:58;234;83;0;8;10;5;3;4;0;6;2
2020-09-30 16:23:59;235;83;0;8;10;5;3;4;0;6;2
2020-09-30 16:24:58;236;84;0;8;10;5;3;4;0;6;2
2020-09-30 16:25:59;236;84;0;8;10;5;3;4;0;6;2
2020-09-30 16:26:59;236;85;0;7;10;5;3;4;0;6;2
2020-09-30 16:27:58;236;85;0;7;10;5;3;4;0;6;2
2020-09-30 16:28:59;237;86;0;7;10;5;3;4;0;6;2
2020-09-30 16:29:59;238;86;0;7;10;5;3;4;0;6;2
2020-09-30 16:30:58;238;86;0;7;10;5;3;4;0;6;2
2020-09-30 16:31:59;239;87;0;7;10;5;3;4;0;6;2
2020-09-30 16:32:59;241;88;0;7;10;5;4;4;0;6;2
2020-09-30 16:33:58;241;88;0;7;10;5;4;4;0;6;2
2020-09-30 16:34:59;241;88;0;7;10;5;4;4;0;6;2
2020-09-30 16:35:59;242;88;0;7;10;5;4;4;0;6;2
2020-09-30 16:36:58;242;88;0;7;10;5;4;4;0;6;2
2020-09-30 16:37:59;242;88;0;7;10;5;4;4;0;6;2
2020-09-30 16:38:59;242;88;0;7;10;5;4;4;0;6;2
2020-09-30 16:39:58;244;90;0;7;10;5;4;4;0;6;2
2020-09-30 16:40:59;245;91;0;7;10;5;4;4;0;6;2
2020-09-30 16:41:59;245;91;0;7;10;5;4;4;0;6;2
2020-09-30 16:42:58;245;91;0;7;10;5;4;4;0;6;2
2020-09-30 16:43:59;247;93;0;7;10;5;4;4;0;6;2
2020-09-30 16:44:59;247;93;0;7;10;5;4;4;0;6;2
2020-09-30 16:45:58;247;93;0;7;10;5;4;4;0;6;2
2020-09-30 16:46:59;247;93;0;7;10;5;4;4;0;6;2
2020-09-30 16:47:59;247;93;0;7;10;5;4;4;0;6;2
2020-09-30 16:48:58;250;96;0;7;10;5;4;4;0;6;2
2020-09-30 16:49:59;252;98;0;7;10;5;4;4;0;6;2
2020-09-30 16:50:59;253;98;0;7;10;5;4;4;0;6;2
2020-09-30 16:51:58;253;98;0;7;10;5;4;4;0;6;2
2020-09-30 16:52:59;253;98;0;7;10;5;4;4;0;6;2
2020-09-30 16:53:59;253;98;0;7;10;5;4;4;0;6;2
2020-09-30 16:54:58;253;98;0;7;10;5;4;4;0;6;2
2020-09-30 16:55:59;254;99;0;7;10;5;4;4;0;6;2
2020-09-30 16:56:59;255;99;0;7;10;5;4;4;0;6;2
2020-09-30 16:57:58;255;99;0;7;10;5;4;4;0;6;2
2020-09-30 16:58:59;256;99;0;7;10;5;4;4;0;6;2
2020-09-30 16:59:58;257;99;0;7;10;5;4;4;0;6;2
2020-09-30 17:00:59;257;99;0;7;10;5;4;4;0;6;2
2020-09-30 17:01:59;257;99;0;7;10;5;4;4;0;6;2
2020-09-30 17:02:58;257;99;0;7;10;5;4;4;0;6;2
2020-09-30 17:03:59;257;99;0;7;10;5;4;4;0;6;2
2020-09-30 17:04:59;257;99;0;7;10;5;4;4;0;6;2
2020-09-30 17:05:59;257;99;0;7;10;5;4;4;0;6;2
2020-09-30 17:06:58;257;99;0;7;10;5;4;4;0;6;2
2020-09-30 17:07:59;257;99;0;7;10;5;4;4;0;6;2
2020-09-30 17:08:59;257;99;0;7;10;5;4;4;0;6;2
2020-09-30 17:09:58;257;99;0;7;10;5;4;4;0;6;2
2020-09-30 17:10:59;258;99;0;7;10;5;4;4;0;6;2
2020-09-30 17:11:59;259;100;0;7;10;5;4;4;0;6;2
2020-09-30 17:12:58;262;101;0;7;10;5;4;4;0;6;2
2020-09-30 17:13:59;262;101;0;7;10;5;4;4;0;6;2
2020-09-30 17:14:58;262;101;0;7;10;5;4;4;0;6;2
2020-09-30 17:15:59;262;101;0;7;10;5;4;4;0;6;2
2020-09-30 17:16:59;262;101;0;7;10;5;4;4;0;6;2
2020-09-30 17:17:58;262;101;0;7;10;5;4;4;0;6;2
2020-09-30 17:18:59;263;101;0;7;10;5;4;4;0;6;2
2020-09-30 17:19:58;263;101;0;7;10;5;4;4;0;6;2
2020-09-30 17:20:59;263;101;0;7;10;5;4;4;0;6;2
2020-09-30 17:21:59;263;101;0;7;10;5;4;4;0;6;2
2020-09-30 17:22:58;263;101;0;7;10;5;4;4;0;6;2
2020-09-30 17:23:59;264;102;0;7;10;5;4;4;0;6;2
2020-09-30 17:24:59;264;102;0;7;10;5;4;4;0;6;2
2020-09-30 17:25:58;265;103;0;7;10;5;4;4;0;6;2
2020-09-30 17:26:59;265;103;0;7;10;5;4;4;0;6;2
2020-09-30 17:27:59;265;103;0;7;10;5;4;4;0;6;2
2020-09-30 17:28:58;265;103;0;7;10;5;4;4;0;6;2
2020-09-30 17:29:59;266;103;0;7;10;5;4;4;0;6;2
2020-09-30 17:30:59;268;104;0;7;10;5;4;4;0;6;2
2020-09-30 17:31:58;269;104;0;7;10;5;4;4;0;6;2
2020-09-30 17:32:59;270;105;0;7;10;5;4;4;0;6;2
2020-09-30 17:33:58;271;106;0;7;10;5;4;4;0;6;2
2020-09-30 17:34:59;271;106;0;7;10;5;4;4;0;6;2
2020-09-30 17:35:59;271;106;0;7;10;5;4;4;0;6;2
2020-09-30 17:36:58;272;106;0;7;10;6;4;4;0;6;2
2020-09-30 17:37:59;273;107;0;7;10;6;4;4;0;6;2
2020-09-30 17:38:59;273;107;0;7;10;6;4;4;0;6;2
2020-09-30 17:40:00;273;107;0;7;10;6;4;4;0;6;2
2020-09-30 17:40:58;274;107;0;7;10;6;4;4;0;6;2
2020-09-30 17:41:59;276;107;0;7;10;6;5;4;0;6;2
2020-09-30 17:42:58;276;107;0;7;10;6;5;4;0;6;2
2020-09-30 17:43:59;276;107;0;7;10;6;5;4;0;6;2
2020-09-30 17:44:59;277;108;0;7;10;6;5;4;0;6;2
2020-09-30 17:45:59;278;108;0;7;10;6;5;4;0;6;2
2020-09-30 17:46:58;278;108;0;7;10;6;5;4;0;6;2
2020-09-30 17:47:59;279;108;0;7;10;6;5;4;0;6;2
2020-09-30 17:48:58;280;108;0;7;10;6;5;4;0;6;2
2020-09-30 17:49:59;281;108;0;7;10;6;5;4;0;6;2
2020-09-30 17:50:59;281;108;0;7;10;6;5;4;0;6;2
2020-09-30 17:51:58;282;108;0;7;10;6;5;4;0;6;2
2020-09-30 17:52:59;282;108;0;7;10;6;5;4;0;6;2
2020-09-30 17:53:59;282;108;0;7;10;6;5;4;0;6;2
2020-09-30 17:54:58;282;108;0;7;10;6;5;4;0;6;2
2020-09-30 17:55:59;282;108;0;7;10;6;5;4;0;6;2
2020-09-30 17:56:59;282;108;0;7;10;6;5;4;0;6;2
2020-09-30 17:57:58;283;109;0;7;10;6;5;4;0;6;2
2020-09-30 17:58:59;283;109;0;7;10;6;5;4;0;6;2
2020-09-30 17:59:59;283;109;0;7;10;6;5;4;0;6;2
2020-09-30 18:00:58;283;109;0;7;10;6;5;4;0;6;2
2020-09-30 18:01:59;283;109;0;7;10;6;5;4;0;6;2
2020-09-30 18:02:59;284;110;0;7;10;6;5;4;0;6;2
2020-09-30 18:03:58;284;110;0;7;10;6;5;4;0;6;2
2020-09-30 18:04:59;284;110;0;7;10;6;5;4;0;6;2
2020-09-30 18:05:59;286;110;0;7;10;6;5;4;0;6;2
2020-09-30 18:06:58;288;111;0;7;10;6;5;4;0;6;2
2020-09-30 18:07:59;288;112;0;7;10;6;5;4;0;6;2
2020-09-30 18:08:59;289;113;0;7;10;6;5;4;0;6;2
2020-09-30 18:09:58;291;114;0;7;10;6;5;4;0;6;2
2020-09-30 18:10:59;291;114;0;7;10;6;5;4;0;6;2
2020-09-30 18:11:59;291;114;0;7;10;6;5;4;0;6;2
2020-09-30 18:12:59;291;114;0;7;10;6;5;4;0;6;2
2020-09-30 18:13:58;292;115;0;7;10;6;5;4;0;6;2
2020-09-30 18:14:59;293;115;0;7;10;6;5;4;0;6;2
2020-09-30 18:16:00;295;116;0;7;10;6;5;4;0;6;2
2020-09-30 18:16:58;295;116;0;7;10;6;5;4;0;6;2
2020-09-30 18:17:59;295;116;0;7;10;6;5;4;0;6;2
2020-09-30 18:18:58;295;116;0;7;10;6;5;4;0;6;2
2020-09-30 18:19:59;296;117;0;7;10;6;5;4;0;6;2
2020-09-30 18:20:59;296;117;0;7;10;6;5;4;0;6;2
2020-09-30 18:21:58;296;117;0;7;10;6;5;4;0;6;2
2020-09-30 18:22:59;296;117;0;7;10;6;5;4;0;6;2
2020-09-30 18:23:59;296;117;0;7;10;6;5;4;0;6;2
2020-09-30 18:24:59;296;117;0;7;10;6;5;4;0;6;2
2020-09-30 18:25:58;296;117;0;7;10;6;5;4;0;6;2
2020-09-30 18:26:59;296;117;0;7;10;6;5;4;0;6;2
2020-09-30 18:27:59;297;117;0;7;10;6;5;4;0;6;2
2020-09-30 18:28:58;298;118;0;7;10;6;5;4;0;6;2
2020-09-30 18:29:59;298;118;0;7;10;6;5;4;0;6;2
2020-09-30 18:30:59;298;118;0;7;10;6;5;4;0;6;2
2020-09-30 18:31:58;298;118;0;7;10;6;5;4;0;6;2
2020-09-30 18:32:59;300;119;0;7;10;6;5;4;0;6;2
2020-09-30 18:33:59;300;119;0;7;10;6;5;4;0;6;2
2020-09-30 18:34:58;300;120;0;7;9;6;5;4;0;6;2
2020-09-30 18:35:59;300;120;0;7;9;6;5;4;0;6;2
2020-09-30 18:36:59;301;120;0;7;10;6;5;4;0;6;2
2020-09-30 18:37:58;301;120;0;7;10;6;5;4;0;6;2
2020-09-30 18:38:59;301;120;0;7;10;6;5;4;0;6;2
2020-09-30 18:39:58;301;120;0;7;10;6;5;4;0;6;2
2020-09-30 18:40:59;302;120;0;7;10;6;5;4;0;6;2
2020-09-30 18:41:59;302;120;0;7;10;6;5;4;0;6;2
2020-09-30 18:43:00;303;120;0;7;10;6;5;4;0;6;2
2020-09-30 18:43:58;303;120;0;7;10;6;5;4;0;6;2
2020-09-30 18:44:59;304;120;0;7;10;6;5;4;0;6;2
2020-09-30 18:45:59;305;121;0;7;10;6;5;4;0;6;2
2020-09-30 18:46:58;305;121;0;7;10;6;5;4;0;6;2
2020-09-30 18:47:59;305;121;0;7;10;6;5;4;0;6;2
2020-09-30 18:48:59;305;121;0;7;10;6;5;4;0;6;2
2020-09-30 18:49:58;305;121;0;7;10;6;5;4;0;6;2
2020-09-30 18:50:59;307;121;0;7;10;6;5;4;0;6;2
2020-09-30 18:51:58;308;122;0;7;10;6;5;4;0;6;2
2020-09-30 18:52:59;308;122;0;7;10;6;5;4;0;6;2
2020-09-30 18:53:59;309;123;0;7;10;6;5;4;0;6;2
2020-09-30 18:54:58;309;123;0;7;10;6;5;4;0;6;2
2020-09-30 18:55:59;309;123;0;7;10;6;5;4;0;6;2
2020-09-30 18:56:59;309;123;0;7;10;6;5;4;0;6;2
2020-09-30 18:57:58;309;123;0;7;10;6;5;4;0;6;2
2020-09-30 18:58:59;309;123;0;7;10;6;5;4;0;6;2
2020-09-30 18:59:59;309;123;0;7;10;6;5;4;0;6;2
2020-09-30 19:00:58;309;123;0;7;10;6;5;4;0;6;2
2020-09-30 19:01:59;309;123;0;7;10;6;5;4;0;6;2
2020-09-30 19:02:59;309;124;0;7;9;6;5;4;0;6;2
2020-09-30 19:03:58;309;124;0;7;9;6;5;4;0;6;2
2020-09-30 19:04:59;310;124;0;7;9;6;5;4;0;6;2
2020-09-30 19:05:59;311;124;0;7;9;6;5;4;0;6;2
2020-09-30 19:06:58;311;124;0;7;9;6;5;4;0;6;2
2020-09-30 19:07:59;311;124;0;7;9;6;5;4;0;6;2
2020-09-30 19:08:59;311;124;0;7;9;6;5;4;0;6;2
2020-09-30 19:09:58;312;124;0;7;9;7;5;4;0;6;2
2020-09-30 19:10:59;313;124;0;7;9;7;5;4;0;6;2
2020-09-30 19:11:59;314;124;0;7;9;7;5;4;0;6;2
2020-09-30 19:12:58;314;124;0;7;9;7;5;4;0;6;2
2020-09-30 19:13:59;315;126;0;7;9;7;5;4;0;6;2
2020-09-30 19:14:58;317;126;0;7;9;7;5;4;0;6;2
2020-09-30 19:15:59;317;125;0;7;9;7;5;4;0;6;2
2020-09-30 19:16:59;320;128;0;7;9;7;5;4;0;5;2
2020-09-30 19:17:58;320;128;0;7;9;7;5;4;0;5;2
2020-09-30 19:18:59;320;128;0;7;9;7;5;4;0;5;2
2020-09-30 19:19:59;320;128;0;7;9;7;5;4;0;5;2
2020-09-30 19:20:58;320;128;0;7;9;7;5;4;0;5;2
2020-09-30 19:21:59;320;128;0;7;9;7;5;4;0;5;2
2020-09-30 19:22:59;321;128;0;7;9;7;5;4;0;5;2
2020-09-30 19:23:58;323;128;0;7;9;7;5;4;0;5;2
2020-09-30 19:24:59;323;128;0;7;9;7;5;4;0;5;2
2020-09-30 19:25:59;324;129;0;7;9;7;5;4;0;5;2
2020-09-30 19:26:58;325;129;0;7;9;7;5;4;0;5;2
2020-09-30 19:27:59;328;131;0;7;9;7;5;4;0;5;2
2020-09-30 19:28:59;328;131;0;7;9;7;5;4;0;5;2
2020-09-30 19:29:59;329;132;0;7;9;7;5;4;0;5;2
2020-09-30 19:30:58;329;132;0;7;9;7;5;4;0;5;2
2020-09-30 19:31:59;329;132;0;7;9;7;5;4;0;5;2
2020-09-30 19:32:59;332;132;0;7;9;7;5;4;0;5;2
2020-09-30 19:33:58;335;132;0;7;9;7;5;4;0;5;2
2020-09-30 19:34:59;334;132;0;7;9;7;5;4;0;5;2
2020-09-30 19:35:58;336;133;0;7;9;7;5;4;0;5;2
2020-09-30 19:36:59;336;133;0;7;9;7;5;4;0;5;2
2020-09-30 19:37:58;336;133;0;7;9;7;5;4;0;5;2
2020-09-30 19:38:59;336;133;0;7;9;7;5;4;0;5;2
2020-09-30 19:39:59;337;133;0;7;9;7;5;4;0;5;2
2020-09-30 19:40:58;337;133;0;7;9;7;5;4;0;5;2
2020-09-30 19:41:59;338;133;0;7;9;7;5;4;0;5;2
2020-09-30 19:42:59;338;134;0;7;9;7;4;4;0;5;2
2020-09-30 19:43:58;338;134;0;7;9;7;4;4;0;5;2
2020-09-30 19:44:59;340;134;0;7;9;7;4;4;0;5;2
2020-09-30 19:45:59;340;134;0;7;9;7;4;4;0;5;2
2020-09-30 19:46:58;341;135;0;7;9;7;4;4;0;5;2
2020-09-30 19:47:59;341;135;0;7;9;7;4;4;0;5;2
2020-09-30 19:48:59;341;135;0;7;9;7;4;4;0;5;2
2020-09-30 19:49:58;341;135;0;7;9;7;4;4;0;5;2
2020-09-30 19:50:59;341;135;0;7;9;7;4;4;0;5;2
2020-09-30 19:51:59;341;135;0;7;9;7;4;4;0;5;2
2020-09-30 19:52:58;341;135;0;7;9;7;4;4;0;5;2
2020-09-30 19:53:59;342;135;0;7;9;7;4;4;0;5;2
2020-09-30 19:54:59;342;135;0;7;9;7;4;4;0;5;2
2020-09-30 19:55:58;342;135;0;7;9;7;4;4;0;5;2
2020-09-30 19:56:59;342;135;0;7;9;7;4;4;0;5;2
2020-09-30 19:57:59;343;135;0;7;9;7;4;4;0;5;2
2020-09-30 19:58:58;343;135;0;7;9;7;4;4;0;5;2
2020-09-30 19:59:59;344;136;0;7;9;7;4;4;0;5;2
2020-09-30 20:00:59;344;136;0;7;9;7;4;4;0;5;2
2020-09-30 20:01:58;344;136;0;7;9;6;4;4;0;5;2
2020-09-30 20:02:59;344;136;0;7;9;6;4;4;0;5;2
2020-09-30 20:03:59;344;136;0;7;9;6;4;4;0;5;2
2020-09-30 20:04:58;345;137;0;7;9;6;4;4;0;5;2
2020-09-30 20:05:59;345;137;0;7;9;6;4;4;0;5;2
2020-09-30 20:06:58;345;137;0;7;9;6;4;4;0;5;2
2020-09-30 20:07:59;345;137;0;7;9;6;4;4;0;5;2
2020-09-30 20:08:58;345;137;0;7;9;6;4;4;0;5;2
2020-09-30 20:09:59;345;137;0;7;9;6;4;4;0;5;2
2020-09-30 20:10:59;345;137;0;7;9;6;4;4;0;5;2
2020-09-30 20:11:58;345;137;0;7;9;6;4;4;0;5;2
2020-09-30 20:12:59;346;138;0;7;9;6;4;4;0;5;2
2020-09-30 20:13:59;346;138;0;7;9;6;4;4;0;5;2
2020-09-30 20:14:58;346;138;0;7;9;6;4;4;0;5;2
2020-09-30 20:15:59;346;138;0;7;9;6;4;4;0;5;2
2020-09-30 20:16:59;346;138;0;7;9;6;4;4;0;5;2
2020-09-30 20:17:58;346;138;0;7;9;6;4;4;0;5;2
2020-09-30 20:18:59;346;138;0;7;9;6;4;4;0;5;2
2020-09-30 20:19:59;346;138;0;7;9;6;4;4;0;5;2
2020-09-30 20:20:58;346;138;0;7;9;6;4;4;0;5;2
2020-09-30 20:21:59;346;138;0;7;9;6;4;4;0;5;2
2020-09-30 20:22:59;346;138;0;7;9;6;4;4;0;5;2
2020-09-30 20:23:59;347;139;0;7;9;6;4;4;0;5;2
2020-09-30 20:24:59;347;139;0;7;9;6;4;4;0;5;2
2020-09-30 20:25:58;347;139;0;7;9;6;4;4;0;5;2
2020-09-30 20:26:59;347;139;0;7;9;6;4;4;0;5;2
2020-09-30 20:27:59;348;139;0;7;9;6;4;4;0;5;2
2020-09-30 20:28:59;348;139;0;7;9;6;4;4;0;5;2
2020-09-30 20:29:59;348;139;0;7;9;6;4;4;0;5;2
2020-09-30 20:30:58;348;139;0;7;9;6;4;4;0;5;2
2020-09-30 20:31:59;348;139;0;7;9;6;4;4;0;5;2
2020-09-30 20:32:58;348;139;0;7;9;6;4;4;0;5;2
2020-09-30 20:33:59;348;139;0;7;9;6;4;4;0;5;2
2020-09-30 20:34:59;348;139;0;7;9;6;4;4;0;5;2
2020-09-30 20:35:58;349;139;0;7;9;6;4;4;0;5;2
2020-09-30 20:36:59;349;139;0;7;9;6;4;4;0;5;2
2020-09-30 20:37:59;349;139;0;7;9;6;4;4;0;5;2
2020-09-30 20:38:58;349;139;0;7;9;6;4;4;0;5;2
2020-09-30 20:39:59;351;140;0;7;9;6;4;4;0;5;2
2020-09-30 20:40:58;351;140;0;7;9;6;4;4;0;5;2
2020-09-30 20:41:59;351;140;0;7;9;6;4;4;0;5;2
2020-09-30 20:42:59;351;140;0;7;9;6;4;4;0;5;2
2020-09-30 20:43:58;351;140;0;7;9;6;4;4;0;5;2
2020-09-30 20:44:59;351;140;0;7;9;6;4;4;0;5;2
2020-09-30 20:45:59;353;141;0;8;9;6;4;4;0;5;2
2020-09-30 20:46:58;353;141;0;8;9;6;4;4;0;5;2
2020-09-30 20:47:59;353;141;0;8;9;6;4;4;0;5;2
2020-09-30 20:48:59;352;141;0;8;9;5;4;4;0;5;2
2020-09-30 20:49:58;352;141;0;8;9;5;4;4;0;5;2
2020-09-30 20:50:59;352;141;0;8;9;5;4;4;0;5;2
2020-09-30 20:51:59;352;141;0;8;9;5;4;4;0;5;2
2020-09-30 20:52:58;352;141;0;8;9;5;4;4;0;5;2
2020-09-30 20:53:59;353;141;0;8;9;5;4;4;0;5;2
2020-09-30 20:54:59;353;141;0;8;9;5;4;4;0;5;2
2020-09-30 20:55:58;353;141;0;8;9;5;4;4;0;5;2
2020-09-30 20:56:59;353;141;0;8;9;5;4;4;0;5;2
2020-09-30 20:57:58;353;141;0;8;9;5;4;4;0;5;2
2020-09-30 20:58:59;353;141;0;8;9;5;4;4;0;5;2
2020-09-30 20:59:59;354;142;0;8;9;5;4;4;0;5;2
2020-09-30 21:00:58;354;142;0;8;9;5;4;4;0;5;2
2020-09-30 21:01:59;354;142;0;8;9;5;4;4;0;5;2
2020-09-30 21:02:59;354;142;0;8;9;5;4;4;0;5;2
2020-09-30 21:03:58;355;142;0;8;9;5;4;4;0;5;2
2020-09-30 21:04:59;355;142;0;8;9;5;4;4;0;5;2
2020-09-30 21:05:59;356;142;0;8;9;5;4;4;0;5;2
2020-09-30 21:06:58;357;143;0;8;9;5;4;4;0;5;2
2020-09-30 21:07:59;357;143;0;8;9;5;4;4;0;5;2
2020-09-30 21:08:59;357;143;0;8;9;5;4;4;0;5;2
2020-09-30 21:09:58;357;143;0;8;9;5;4;4;0;5;2
2020-09-30 21:10:59;357;143;0;8;9;5;4;4;0;5;2
2020-09-30 21:11:58;357;143;0;8;9;5;4;4;0;5;2
2020-09-30 21:12:59;357;143;0;8;9;5;4;4;0;5;2
2020-09-30 21:13:59;357;143;0;8;9;5;4;4;0;5;2
2020-09-30 21:14:58;357;143;0;8;9;5;4;4;0;5;2
2020-09-30 21:15:59;358;143;0;8;9;5;4;4;0;5;2
2020-09-30 21:16:59;359;144;0;8;9;5;4;4;0;5;2
2020-09-30 21:17:58;360;145;0;8;9;5;4;4;0;5;2
2020-09-30 21:18:59;360;145;0;8;9;5;4;4;0;5;2
2020-09-30 21:19:59;360;145;0;8;9;5;4;4;0;5;2
2020-09-30 21:20:59;360;145;0;8;9;5;4;4;0;5;2
2020-09-30 21:21:59;361;145;0;8;9;5;4;4;0;5;2
2020-09-30 21:22:59;361;145;0;8;9;5;4;4;0;5;2
2020-09-30 21:23:58;361;145;0;8;9;5;4;4;0;5;2
2020-09-30 21:24:59;361;145;0;8;9;5;4;4;0;5;2
2020-09-30 21:25:59;361;145;0;8;9;5;4;4;0;5;2
2020-09-30 21:26:58;361;145;0;8;9;5;4;4;0;5;2
2020-09-30 21:27:59;362;146;0;8;9;5;4;4;0;5;2
2020-09-30 21:28:59;362;146;0;8;9;5;4;4;0;5;2
2020-09-30 21:29:58;362;146;0;8;9;5;4;4;0;5;2
2020-09-30 21:30:59;362;146;0;8;9;5;4;4;0;5;2
2020-09-30 21:31:59;362;146;0;8;9;5;4;4;0;5;2
2020-09-30 21:32:58;362;146;0;8;9;5;4;4;0;5;2
2020-09-30 21:33:59;363;146;0;8;9;5;4;4;0;5;2
2020-09-30 21:34:58;363;146;0;8;9;5;4;4;0;5;2
2020-09-30 21:35:59;363;146;0;8;9;5;4;4;0;5;2
2020-09-30 21:36:59;363;146;0;8;9;5;4;4;0;5;2
2020-09-30 21:38:00;363;146;0;8;9;5;4;4;0;5;2
2020-09-30 21:38:58;363;146;0;8;9;5;4;4;0;5;2
2020-09-30 21:39:59;363;146;0;8;9;5;4;4;0;5;2
2020-09-30 21:40:58;362;146;0;8;9;5;4;4;0;5;2
2020-09-30 21:41:59;362;146;0;8;9;5;4;4;0;5;2
2020-09-30 21:42:59;362;146;0;8;9;5;4;4;0;5;2
2020-09-30 21:43:58;362;146;0;8;9;5;4;4;0;5;2
2020-09-30 21:44:59;362;146;0;8;9;5;4;4;0;5;2
2020-09-30 21:45:59;362;146;0;8;9;5;4;4;0;5;2
2020-09-30 21:46:59;362;147;0;8;8;5;4;4;0;5;2
2020-09-30 21:47:58;362;147;0;8;8;5;4;4;0;5;2
2020-09-30 21:48:59;362;147;0;8;8;5;4;4;0;5;2
2020-09-30 21:49:59;362;147;0;8;8;5;4;4;0;5;2
2020-09-30 21:50:58;362;147;0;8;8;5;4;4;0;5;2
2020-09-30 21:51:59;362;147;0;8;8;5;4;4;0;5;2
2020-09-30 21:52:59;362;147;0;8;8;5;4;4;0;5;2
2020-09-30 21:53:58;362;147;0;8;8;5;4;4;0;5;2
2020-09-30 21:54:59;363;147;0;8;8;5;4;4;0;5;2
2020-09-30 21:55:59;363;147;0;8;8;5;4;4;0;5;2
2020-09-30 21:56:58;364;147;0;8;9;5;4;4;0;5;2
2020-09-30 21:57:59;364;147;0;8;9;5;4;4;0;5;2
2020-09-30 21:58:59;364;147;0;8;9;5;4;4;0;5;2
2020-09-30 21:59:58;364;147;0;8;9;5;4;4;0;5;2
2020-09-30 22:00:59;364;147;0;8;9;5;4;4;0;5;2
2020-09-30 22:02:00;364;147;0;8;9;5;4;4;0;5;2
2020-09-30 22:02:58;364;147;0;8;9;5;4;4;0;5;2
2020-09-30 22:03:59;364;147;0;8;9;5;4;4;0;5;2
2020-09-30 22:04:58;364;147;0;8;9;5;4;4;0;5;2
2020-09-30 22:05:59;364;146;0;8;9;5;4;4;0;5;2
2020-09-30 22:06:59;364;146;0;8;9;5;4;4;0;5;2
2020-09-30 22:07:58;364;146;0;8;9;5;4;4;0;5;2
2020-09-30 22:08:59;366;147;0;8;9;5;4;4;0;5;2
2020-09-30 22:09:59;366;147;0;8;9;5;4;4;0;5;2
2020-09-30 22:10:58;366;147;0;8;9;5;4;4;0;5;2
2020-09-30 22:11:59;367;148;0;8;9;5;4;4;0;5;2
2020-09-30 22:12:59;369;149;0;8;9;5;4;4;0;5;2
2020-09-30 22:13:58;369;149;0;8;9;5;4;4;0;5;2
2020-09-30 22:14:59;370;149;0;8;9;5;4;4;0;5;2
2020-09-30 22:15:59;370;149;0;8;9;5;4;4;0;5;2
2020-09-30 22:16:58;370;149;0;8;9;5;4;4;0;5;2
2020-09-30 22:17:59;370;149;0;8;9;5;4;4;0;5;2
2020-09-30 22:18:59;370;149;0;8;9;5;4;4;0;5;2
2020-09-30 22:19:58;370;149;0;8;9;5;4;4;0;5;2
2020-09-30 22:20:59;370;149;0;8;9;5;4;4;0;5;2
2020-09-30 22:21:59;371;150;0;8;9;5;4;4;0;5;2
2020-09-30 22:22:58;371;150;0;8;9;5;4;4;0;5;2
2020-09-30 22:23:59;371;150;0;8;9;5;4;4;0;5;2
2020-09-30 22:24:59;371;150;0;8;9;5;4;4;0;5;2
2020-09-30 22:25:58;371;150;0;8;9;5;4;4;0;5;2
2020-09-30 22:26:59;371;150;0;8;9;5;4;4;0;5;2
2020-09-30 22:27:59;371;150;0;8;9;5;4;4;0;5;2
2020-09-30 22:28:58;371;150;0;8;9;5;4;4;0;5;2
2020-09-30 22:29:59;371;150;0;8;9;5;4;4;0;5;2
2020-09-30 22:30:59;371;150;0;8;9;5;4;4;0;5;2
2020-09-30 22:31:58;372;150;0;8;9;6;4;4;0;5;2
2020-09-30 22:32:59;375;152;0;8;9;6;4;4;0;5;2
2020-09-30 22:33:59;375;152;0;8;9;6;4;4;0;5;2
2020-09-30 22:34:58;377;154;0;9;9;5;4;4;0;5;2
2020-09-30 22:35:59;377;153;0;9;9;5;4;4;0;5;2
2020-09-30 22:36:58;377;153;0;9;9;5;4;4;0;5;2
2020-09-30 22:37:59;377;153;0;9;9;5;4;4;0;5;2
2020-09-30 22:38:59;377;153;0;9;9;5;4;4;0;5;2
2020-09-30 22:39:58;377;153;0;9;9;5;4;4;0;5;2
2020-09-30 22:40:59;377;153;0;9;9;5;4;4;0;5;2
2020-09-30 22:41:59;377;153;0;9;9;5;4;4;0;5;2
2020-09-30 22:42:58;376;153;0;9;9;5;4;4;0;5;2
2020-09-30 22:43:59;376;153;0;9;9;5;4;4;0;5;2
2020-09-30 22:44:58;376;153;0;9;9;5;4;4;0;5;2
2020-09-30 22:45:59;376;153;0;9;9;5;4;4;0;5;2
2020-09-30 22:46:59;377;154;0;9;9;5;4;4;0;5;2
2020-09-30 22:47:58;377;154;0;9;9;5;4;4;0;5;2
2020-09-30 22:48:59;377;154;0;9;9;5;4;4;0;5;2
2020-09-30 22:49:58;377;154;0;9;9;5;4;4;0;5;2
2020-09-30 22:50:59;377;154;0;9;9;5;4;4;0;5;2
2020-09-30 22:51:58;377;154;0;9;9;5;4;4;0;5;2
2020-09-30 22:52:59;377;154;0;9;9;5;4;4;0;5;2
2020-09-30 22:53:59;377;154;0;9;9;5;4;4;0;5;2
2020-09-30 22:54:58;377;154;0;9;9;5;4;4;0;5;2
2020-09-30 22:55:59;377;154;0;9;9;5;4;4;0;5;2
2020-09-30 22:56:59;377;154;0;9;9;5;4;4;0;5;2
2020-09-30 22:57:59;377;154;0;9;9;5;4;4;0;5;2
2020-09-30 22:58:58;377;154;0;9;9;5;4;4;0;5;2
2020-09-30 22:59:59;377;154;0;9;9;5;4;4;0;5;2
2020-09-30 23:00:58;378;155;0;9;9;5;4;4;0;5;2
2020-09-30 23:01:59;378;155;0;9;9;5;4;4;0;5;2
2020-09-30 23:02:59;378;155;0;9;9;5;4;4;0;5;2
2020-09-30 23:03:58;379;156;0;9;9;5;4;4;0;5;2
2020-09-30 23:04:59;380;156;0;9;9;5;4;4;0;5;2
2020-09-30 23:05:58;380;156;0;9;9;5;4;4;0;5;2
2020-09-30 23:06:59;380;156;0;9;9;5;4;4;0;5;2
2020-09-30 23:07:59;380;156;0;9;9;5;4;4;0;5;2
2020-09-30 23:08:58;381;157;0;9;9;5;4;4;0;5;2
2020-09-30 23:09:59;381;157;0;9;9;5;4;4;0;5;2
2020-09-30 23:10:59;382;157;0;9;9;5;4;4;0;5;2
2020-09-30 23:11:58;382;157;0;9;9;5;4;4;0;5;2
2020-09-30 23:12:59;382;157;0;9;9;5;4;4;0;5;2
2020-09-30 23:13:59;383;157;0;9;9;5;4;4;0;5;2
2020-09-30 23:14:58;383;157;0;9;9;5;4;4;0;5;2
2020-09-30 23:15:59;383;157;0;9;9;5;4;4;0;5;2
2020-09-30 23:16:58;384;157;0;9;9;5;5;4;0;5;2
2020-09-30 23:17:59;385;157;0;9;9;5;5;4;0;5;2
2020-09-30 23:18:59;387;158;0;9;9;5;5;4;0;5;2
2020-09-30 23:19:58;388;158;0;9;9;5;5;4;0;5;2
2020-09-30 23:20:59;389;158;0;9;9;5;5;4;2;5;2
2020-09-30 23:21:59;390;158;0;9;9;5;5;4;2;5;2
2020-09-30 23:22:58;390;158;0;9;9;5;5;4;2;5;2
2020-09-30 23:23:59;390;160;0;9;9;5;5;4;2;4;2
2020-09-30 23:24:58;390;160;0;9;9;5;5;4;2;4;2
2020-09-30 23:25:59;390;160;0;9;9;5;5;4;2;4;2
2020-09-30 23:26:59;390;160;0;9;9;5;5;4;2;4;2
2020-09-30 23:27:58;390;160;0;9;9;5;5;4;2;4;2
2020-09-30 23:28:59;390;160;0;9;9;5;5;4;2;4;2
2020-09-30 23:29:58;390;160;0;9;9;5;5;4;2;4;2
2020-09-30 23:30:59;393;163;0;9;9;5;5;4;2;4;2
2020-09-30 23:31:58;393;163;0;9;8;5;5;4;2;4;2
2020-09-30 23:32:59;393;163;0;9;8;5;5;4;2;4;2
2020-09-30 23:33:59;394;164;0;9;8;5;5;4;2;4;2
2020-09-30 23:35:00;394;164;0;9;8;5;5;4;2;4;2
2020-09-30 23:35:58;394;164;0;9;8;5;5;4;2;4;2
2020-09-30 23:36:59;394;164;0;9;8;5;5;4;2;4;2
2020-09-30 23:37:58;394;164;0;9;8;5;5;4;2;4;2
2020-09-30 23:38:59;394;164;0;9;8;5;5;4;2;4;2
2020-09-30 23:39:59;395;166;0;9;8;5;5;4;2;3;2
2020-09-30 23:40:58;396;167;0;9;8;5;5;4;2;3;2
2020-09-30 23:41:59;398;167;0;9;8;5;5;4;3;3;2
2020-09-30 23:42:59;399;168;0;9;8;5;5;4;3;3;2
2020-09-30 23:43:58;399;168;0;9;8;5;5;4;3;3;2
2020-09-30 23:45:00;401;169;0;9;8;5;5;4;3;3;2
2020-09-30 23:45:58;405;171;170;9;8;5;5;4;3;3;2
2020-09-30 23:46:59;405;171;170;9;8;5;5;4;3;3;2
2020-09-30 23:47:58;404;173;167;9;8;5;5;4;3;3;2
2020-09-30 23:48:59;406;171;171;9;8;5;5;4;3;3;2
2020-09-30 23:49:59;408;173;171;9;8;5;5;4;3;3;2
2020-09-30 23:50:58;409;174;171;9;8;5;5;4;3;3;2
2020-09-30 23:51:59;409;174;171;9;8;5;5;4;3;3;2
2020-09-30 23:52:59;411;174;173;9;8;5;5;4;3;3;2
2020-09-30 23:53:58;413;175;174;9;8;5;5;4;3;3;2
2020-09-30 23:54:59;414;176;174;9;8;5;5;4;3;3;2
2020-09-30 23:55:59;416;177;175;9;8;5;5;4;3;3;2
2020-09-30 23:56:58;416;177;175;9;8;5;5;4;3;3;2
2020-09-30 23:57:59;418;178;176;9;8;5;5;4;3;3;2
2020-09-30 23:58:59;417;180;173;9;8;5;5;4;3;3;2
2020-09-30 23:59:58;417;180;174;9;7;5;5;4;3;3;2
