datetime;total_votes;mahinaci9;Hactar;Volodya_FM;Yardrey;dennou;navalny;quick_justice;shamanka2_0;Mindsplitter;Haktar
2020-11-04 00:00:59;0;0;0;0;0;0;0;0;0;0;0
2020-11-04 00:01:58;2;0;0;0;0;0;0;0;0;0;0
2020-11-04 00:02:59;2;0;0;0;0;0;0;0;0;0;0
2020-11-04 00:03:59;3;1;0;0;0;0;0;0;0;0;0
2020-11-04 00:04:58;4;2;0;0;0;0;0;0;0;0;0
2020-11-04 00:05:59;6;2;0;1;0;0;0;0;0;0;0
2020-11-04 00:06:59;6;2;0;1;0;0;0;0;0;0;0
2020-11-04 00:07:58;7;2;0;2;0;0;0;0;0;0;0
2020-11-04 00:08:59;7;2;0;2;0;0;0;0;0;0;0
2020-11-04 00:09:59;7;2;0;2;0;0;0;0;0;0;0
2020-11-04 00:10:58;7;2;0;2;0;0;0;0;0;0;0
2020-11-04 00:11:59;8;3;0;2;0;0;0;0;0;0;0
2020-11-04 00:12:59;9;3;0;2;0;0;0;0;0;0;0
2020-11-04 00:13:58;9;3;0;2;0;0;0;0;0;0;0
2020-11-04 00:14:59;9;3;0;2;0;0;0;0;0;0;0
2020-11-04 00:15:59;9;3;0;2;0;0;0;0;0;0;0
2020-11-04 00:16:58;9;3;0;2;0;0;0;0;0;0;0
2020-11-04 00:17:59;9;3;0;2;0;0;0;0;0;0;0
2020-11-04 00:19:00;10;3;0;2;1;0;0;0;0;0;0
2020-11-04 00:19:58;10;3;0;2;1;0;0;0;0;0;0
2020-11-04 00:20:59;11;3;1;2;1;0;0;0;0;0;0
2020-11-04 00:21:59;13;3;1;2;1;2;0;0;0;0;0
2020-11-04 00:22:58;13;3;1;2;1;2;0;0;0;0;0
2020-11-04 00:23:59;15;4;1;2;2;2;0;0;0;0;0
2020-11-04 00:24:59;15;4;1;2;2;2;0;0;0;0;0
2020-11-04 00:25:58;15;4;1;2;2;2;0;0;0;0;0
2020-11-04 00:26:59;15;4;1;2;2;2;0;0;0;0;0
2020-11-04 00:27:59;15;4;1;2;2;2;0;0;0;0;0
2020-11-04 00:28:59;17;4;1;4;2;2;0;0;0;0;0
2020-11-04 00:29:58;17;4;1;4;2;2;0;0;0;0;0
2020-11-04 00:30:59;17;5;1;3;2;2;0;0;0;0;0
2020-11-04 00:31:58;17;5;1;3;2;2;0;0;0;0;0
2020-11-04 00:32:59;18;6;1;3;2;2;0;0;0;0;0
2020-11-04 00:33:59;19;6;1;3;2;2;0;1;0;0;0
2020-11-04 00:34:58;20;7;1;3;2;2;0;1;0;0;0
2020-11-04 00:35:59;20;7;1;3;2;2;0;1;0;0;0
2020-11-04 00:36:59;20;7;1;3;2;2;0;1;0;0;0
2020-11-04 00:37:58;21;7;1;3;2;2;0;0;0;1;0
2020-11-04 00:38:59;21;7;1;3;2;2;0;0;0;1;0
2020-11-04 00:39:59;22;7;2;3;2;2;0;1;0;0;0
2020-11-04 00:40:58;22;7;2;3;2;2;0;1;0;0;0
2020-11-04 00:41:59;22;7;2;3;2;2;0;1;0;0;0
2020-11-04 00:42:59;23;7;2;3;2;2;0;0;0;1;0
2020-11-04 00:43:58;23;7;2;3;2;2;0;0;0;1;0
2020-11-04 00:44:59;24;7;2;3;2;2;1;1;0;1;0
2020-11-04 00:45:59;25;8;2;3;2;2;1;1;0;1;0
2020-11-04 00:46:59;26;8;2;4;2;2;1;1;0;1;0
2020-11-04 00:47:59;26;8;2;4;2;2;1;1;0;1;0
2020-11-04 00:49:00;27;8;3;4;2;2;1;1;0;1;0
2020-11-04 00:50:00;27;8;3;4;2;2;1;1;0;1;0
2020-11-04 00:50:58;27;8;3;4;2;2;1;1;0;1;0
2020-11-04 00:51:59;28;8;4;4;2;2;1;1;0;1;0
2020-11-04 00:52:58;28;8;4;4;2;2;1;1;0;1;0
2020-11-04 00:53:59;28;8;4;4;2;2;1;1;0;1;0
2020-11-04 00:54:59;29;8;4;4;3;2;1;1;0;1;0
2020-11-04 00:55:58;29;8;4;4;3;2;1;1;0;1;0
2020-11-04 00:56:59;30;8;4;5;3;2;1;1;0;1;0
2020-11-04 00:57:58;31;8;4;5;3;2;0;0;0;1;0
2020-11-04 00:58:59;32;8;4;5;3;2;0;1;0;1;0
2020-11-04 00:59:59;34;8;5;6;3;2;0;1;0;1;0
2020-11-04 01:00:59;34;8;5;6;3;2;0;1;0;1;0
2020-11-04 01:01:58;37;8;5;6;3;2;0;1;0;2;0
2020-11-04 01:02:59;37;8;5;6;3;2;0;1;0;2;0
2020-11-04 01:03:58;38;9;5;6;3;2;0;1;0;2;0
2020-11-04 01:04:59;38;9;5;6;3;2;0;1;0;2;0
2020-11-04 01:05:59;38;9;5;6;3;2;0;1;0;2;0
2020-11-04 01:06:58;38;9;5;6;3;2;0;1;0;2;0
2020-11-04 01:07:59;40;9;5;8;3;2;0;1;0;2;0
2020-11-04 01:08:59;40;9;5;8;3;2;0;1;0;2;0
2020-11-04 01:09:58;40;9;5;8;3;2;0;1;0;2;0
2020-11-04 01:10:59;40;9;5;8;3;2;0;1;0;2;0
2020-11-04 01:11:59;40;9;5;9;2;2;0;1;0;2;0
2020-11-04 01:13:00;40;9;5;9;2;2;0;1;0;2;0
2020-11-04 01:13:58;40;9;5;9;2;2;0;1;0;2;0
2020-11-04 01:14:59;40;9;5;9;2;2;0;1;0;2;0
2020-11-04 01:15:58;41;9;5;9;3;2;0;1;0;2;0
2020-11-04 01:16:59;42;9;5;9;3;2;0;1;0;3;0
2020-11-04 01:17:59;42;9;5;9;3;2;0;1;0;3;0
2020-11-04 01:18:58;42;9;5;9;3;2;0;1;0;3;0
2020-11-04 01:19:59;42;9;5;9;3;2;0;1;0;3;0
2020-11-04 01:21:00;43;9;5;9;3;2;0;1;0;4;0
2020-11-04 01:21:58;45;9;5;10;3;2;0;2;0;4;0
2020-11-04 01:22:59;45;9;5;10;3;2;0;2;0;4;0
2020-11-04 01:23:59;45;9;5;10;3;2;0;2;0;4;0
2020-11-04 01:24:58;45;9;5;10;3;2;0;2;0;4;0
2020-11-04 01:25:59;45;9;5;10;3;2;0;2;0;4;0
2020-11-04 01:26:58;45;9;5;10;3;2;0;2;0;4;0
2020-11-04 01:27:59;45;9;5;10;3;2;0;2;0;4;0
2020-11-04 01:28:59;46;10;5;10;3;2;0;2;0;4;0
2020-11-04 01:30:00;46;10;5;10;3;2;0;2;0;4;0
2020-11-04 01:30:58;46;10;5;10;3;2;0;2;0;4;0
2020-11-04 01:31:59;46;10;5;10;3;2;0;2;0;4;0
2020-11-04 01:32:59;46;10;5;10;3;2;0;2;0;4;0
2020-11-04 01:33:59;47;10;5;10;3;2;0;2;0;4;0
2020-11-04 01:34:58;47;10;5;10;3;2;0;2;0;4;0
2020-11-04 01:35:59;47;10;5;10;3;2;0;2;0;4;0
2020-11-04 01:36:59;47;10;5;10;3;2;0;2;0;4;0
2020-11-04 01:37:58;48;10;5;10;3;2;0;2;0;4;0
2020-11-04 01:38:59;48;10;5;10;3;2;0;2;0;4;0
2020-11-04 01:39:58;48;10;5;10;3;2;0;2;0;4;0
2020-11-04 01:40:59;49;10;6;10;3;2;0;2;0;4;0
2020-11-04 01:41:59;50;10;6;10;3;3;0;2;0;4;0
2020-11-04 01:42:59;50;10;6;10;3;3;0;2;0;4;0
2020-11-04 01:43:58;50;10;6;10;3;3;0;2;0;4;0
2020-11-04 01:44:59;50;10;6;10;3;3;0;2;0;4;0
2020-11-04 01:45:59;51;10;7;10;3;3;0;2;0;4;0
2020-11-04 01:46:58;53;10;7;12;3;3;0;2;0;4;0
2020-11-04 01:47:59;53;10;7;12;3;3;0;2;0;4;0
2020-11-04 01:48:58;53;10;7;12;3;3;0;2;0;4;0
2020-11-04 01:49:59;53;10;7;12;3;3;0;2;0;4;0
2020-11-04 01:50:59;54;11;7;12;3;3;0;2;0;4;0
2020-11-04 01:51:58;54;11;7;12;3;3;0;2;0;4;0
2020-11-04 01:52:59;54;11;7;12;3;3;0;2;0;4;0
2020-11-04 01:53:59;54;11;7;12;3;3;0;2;0;4;0
2020-11-04 01:54:58;54;11;7;12;3;3;0;2;0;4;0
2020-11-04 01:55:59;54;11;7;12;3;3;0;2;0;4;0
2020-11-04 01:56:59;54;11;7;12;3;3;0;2;0;4;0
2020-11-04 01:57:58;54;11;7;12;3;3;0;2;0;4;0
2020-11-04 01:58:59;55;12;7;12;3;3;0;2;0;4;0
2020-11-04 01:59:58;55;12;7;12;3;3;0;2;0;4;0
2020-11-04 02:00:59;57;14;7;12;3;3;0;2;0;4;0
2020-11-04 02:02:00;57;14;7;12;3;3;0;2;0;4;0
2020-11-04 02:02:58;57;14;7;12;3;3;0;2;0;4;0
2020-11-04 02:03:59;58;14;7;12;3;3;2;2;0;4;0
2020-11-04 02:04:59;58;14;7;12;3;3;2;2;0;4;0
2020-11-04 02:05:58;58;14;7;12;3;3;2;2;0;4;0
2020-11-04 02:06:59;59;15;7;12;3;3;2;2;0;4;0
2020-11-04 02:07:59;59;15;7;12;3;3;2;2;0;4;0
2020-11-04 02:08:58;60;16;7;12;3;3;2;2;0;4;0
2020-11-04 02:09:59;61;16;8;12;3;3;2;2;0;4;0
2020-11-04 02:10:59;61;16;8;12;3;3;2;2;0;4;0
2020-11-04 02:11:58;61;16;8;12;3;3;2;2;0;4;0
2020-11-04 02:12:59;62;16;8;12;3;3;3;2;0;4;0
2020-11-04 02:13:59;62;16;8;12;3;3;3;2;0;4;0
2020-11-04 02:14:58;62;16;8;12;3;3;3;2;0;4;0
2020-11-04 02:15:59;62;16;8;12;3;3;3;2;0;4;0
2020-11-04 02:16:58;63;17;8;12;3;3;3;2;0;4;0
2020-11-04 02:17:59;64;18;8;12;3;3;3;2;0;4;0
2020-11-04 02:18:59;64;18;8;12;3;3;3;2;0;4;0
2020-11-04 02:19:58;65;19;8;12;3;3;3;2;0;4;0
2020-11-04 02:20:59;65;19;8;12;3;3;3;2;0;4;0
2020-11-04 02:21:58;66;20;8;12;3;3;3;2;0;4;0
2020-11-04 02:22:59;66;20;8;12;3;3;3;2;0;4;0
2020-11-04 02:23:59;67;21;8;12;3;3;3;2;0;4;0
2020-11-04 02:24:58;67;21;8;12;3;3;3;2;0;4;0
2020-11-04 02:25:59;67;21;8;12;3;3;3;2;0;4;0
2020-11-04 02:26:59;68;22;8;12;3;3;3;2;0;4;0
2020-11-04 02:27:58;68;22;8;12;3;3;3;2;0;4;0
2020-11-04 02:28:59;69;22;8;13;3;3;3;2;0;4;0
2020-11-04 02:29:59;69;22;8;13;3;3;3;2;0;4;0
2020-11-04 02:30:58;70;23;8;13;3;3;3;2;0;4;0
2020-11-04 02:31:59;70;23;8;13;3;3;3;2;0;4;0
2020-11-04 02:32:59;70;23;8;13;3;3;3;2;0;4;0
2020-11-04 02:33:58;70;23;8;13;3;3;3;2;0;4;0
2020-11-04 02:34:59;71;24;8;13;3;3;3;2;0;4;0
2020-11-04 02:35:58;71;24;8;13;3;3;3;2;0;4;0
2020-11-04 02:36:59;71;24;8;13;3;3;3;2;0;4;0
2020-11-04 02:37:59;71;24;8;13;3;3;3;2;0;4;0
2020-11-04 02:38:58;71;24;8;13;3;3;3;2;0;4;0
2020-11-04 02:39:59;71;24;8;13;3;3;3;2;0;4;0
2020-11-04 02:40:59;71;24;8;13;3;3;3;2;0;4;0
2020-11-04 02:41:58;71;24;8;13;3;3;3;2;0;4;0
2020-11-04 02:42:59;72;25;8;13;3;3;3;2;0;4;0
2020-11-04 02:43:59;74;26;8;13;3;4;3;2;0;4;0
2020-11-04 02:44:58;74;26;8;13;3;4;3;2;0;4;0
2020-11-04 02:45:59;74;26;8;13;3;4;3;2;0;4;0
2020-11-04 02:47:00;74;26;8;13;3;4;3;2;0;4;0
2020-11-04 02:47:58;74;26;8;13;3;4;3;2;0;4;0
2020-11-04 02:48:59;74;26;8;13;3;4;3;2;0;4;0
2020-11-04 02:49:59;74;26;8;13;3;4;3;2;0;4;0
2020-11-04 02:50:58;74;26;8;13;3;4;3;2;0;4;0
2020-11-04 02:51:59;74;26;8;13;3;4;3;2;0;4;0
2020-11-04 02:52:59;74;26;8;13;3;4;3;2;0;4;0
2020-11-04 02:53:58;74;26;8;13;3;4;3;2;0;4;0
2020-11-04 02:54:59;74;26;8;13;3;4;3;2;0;4;0
2020-11-04 02:55:58;74;26;8;13;3;4;3;2;0;4;0
2020-11-04 02:56:59;74;26;8;13;3;4;3;2;0;4;0
2020-11-04 02:57:59;74;26;8;13;3;4;3;2;0;4;0
2020-11-04 02:58:58;74;26;8;13;3;4;3;2;0;4;0
2020-11-04 02:59:59;74;26;8;13;3;4;3;2;0;4;0
2020-11-04 03:00:59;76;27;8;13;3;4;3;2;0;4;0
2020-11-04 03:01:58;76;27;8;13;3;4;3;2;0;4;0
2020-11-04 03:02:59;76;27;8;13;3;4;3;2;0;4;0
2020-11-04 03:03:58;76;27;8;13;3;4;3;2;0;4;0
2020-11-04 03:04:59;76;27;8;13;3;4;3;2;0;4;0
2020-11-04 03:05:59;76;27;8;13;3;4;3;2;0;4;0
2020-11-04 03:06:58;76;27;8;13;3;4;3;2;0;4;0
2020-11-04 03:07:59;76;27;8;13;3;4;3;2;0;4;0
2020-11-04 03:08:59;76;27;8;13;3;4;3;2;0;4;0
2020-11-04 03:09:58;76;27;8;13;3;4;3;2;0;4;0
2020-11-04 03:10:59;76;27;8;13;3;4;3;2;0;4;0
2020-11-04 03:11:59;76;27;8;13;3;4;3;2;0;4;0
2020-11-04 03:12:58;76;27;8;13;3;4;3;2;0;4;0
2020-11-04 03:13:59;76;27;8;13;3;4;3;2;0;4;0
2020-11-04 03:14:59;77;28;8;13;3;4;3;2;0;4;0
2020-11-04 03:15:58;77;28;8;13;3;4;3;2;0;4;0
2020-11-04 03:16:59;78;29;8;13;3;4;3;2;0;4;0
2020-11-04 03:17:58;78;29;8;13;3;4;3;2;0;4;0
2020-11-04 03:18:59;78;29;8;13;3;4;3;2;0;4;0
2020-11-04 03:19:59;78;29;8;13;3;4;3;2;0;4;0
2020-11-04 03:20:58;78;29;8;13;3;4;3;2;0;4;0
2020-11-04 03:21:59;79;30;8;13;3;4;3;2;0;4;0
2020-11-04 03:22:59;79;30;8;13;3;4;3;2;0;4;0
2020-11-04 03:23:58;79;30;8;13;3;4;3;2;0;4;0
2020-11-04 03:24:59;79;30;8;13;3;4;3;2;0;4;0
2020-11-04 03:25:58;80;30;8;13;3;4;3;2;0;4;0
2020-11-04 03:26:59;81;31;8;13;3;4;3;2;0;4;0
2020-11-04 03:27:59;81;31;8;13;3;4;3;2;0;4;0
2020-11-04 03:28:58;81;31;8;13;3;4;3;2;0;4;0
2020-11-04 03:29:59;81;31;8;13;3;4;3;2;0;4;0
2020-11-04 03:30:59;81;31;8;13;3;4;3;2;0;4;0
2020-11-04 03:31:58;81;31;8;13;3;4;3;2;0;4;0
2020-11-04 03:32:59;83;31;9;13;3;4;3;2;0;4;0
2020-11-04 03:33:59;83;31;9;13;3;4;3;2;0;4;0
2020-11-04 03:34:58;83;31;9;13;3;4;3;2;0;4;0
2020-11-04 03:35:59;83;31;9;13;3;4;3;2;0;4;0
2020-11-04 03:36:59;83;31;9;13;3;4;3;2;0;4;0
2020-11-04 03:37:58;83;31;9;13;3;4;3;2;0;4;0
2020-11-04 03:38:59;83;31;9;13;3;4;3;2;0;4;0
2020-11-04 03:39:59;83;31;9;13;3;4;3;2;0;4;0
2020-11-04 03:40:58;83;31;9;13;3;4;3;2;0;4;0
2020-11-04 03:41:59;83;31;9;13;3;4;3;2;0;4;0
2020-11-04 03:42:59;83;31;9;13;3;4;3;2;0;4;0
2020-11-04 03:43:58;83;31;9;13;3;4;3;2;0;4;0
2020-11-04 03:44:59;83;31;9;13;3;4;3;2;0;4;0
2020-11-04 03:45:59;83;31;9;13;3;4;3;2;0;4;0
2020-11-04 03:46:58;83;31;9;13;3;4;3;2;0;4;0
2020-11-04 03:47:59;83;31;9;13;3;4;3;2;0;4;0
2020-11-04 03:48:59;83;31;9;13;3;4;3;2;0;4;0
2020-11-04 03:49:58;83;31;9;13;3;4;3;2;0;4;0
2020-11-04 03:50:59;83;31;9;13;3;4;3;2;0;4;0
2020-11-04 03:51:59;83;31;9;13;3;4;3;2;0;4;0
2020-11-04 03:52:58;83;31;9;13;3;4;3;2;0;4;0
2020-11-04 03:53:59;83;31;9;13;3;4;3;2;0;4;0
2020-11-04 03:54:59;83;31;9;13;3;4;3;2;0;4;0
2020-11-04 03:55:58;83;31;9;13;3;4;3;2;0;4;0
2020-11-04 03:56:59;83;31;9;13;3;4;3;2;0;4;0
2020-11-04 03:57:58;84;31;9;13;3;4;3;0;0;4;2
2020-11-04 03:58:59;84;31;9;13;3;4;3;0;0;4;2
2020-11-04 03:59:59;84;31;9;13;3;4;3;0;0;4;2
2020-11-04 04:00:58;84;31;9;13;3;4;3;0;0;4;2
2020-11-04 04:01:59;84;31;9;13;3;4;3;0;0;4;2
2020-11-04 04:02:59;84;31;9;13;3;4;3;0;0;4;2
2020-11-04 04:03:58;84;31;9;13;3;4;3;0;0;4;2
2020-11-04 04:04:59;85;32;9;13;3;4;3;0;0;4;2
2020-11-04 04:05:59;85;32;9;13;3;4;3;0;0;4;2
2020-11-04 04:06:58;85;32;9;13;3;4;3;0;0;4;2
2020-11-04 04:07:59;85;32;9;13;3;4;3;0;0;4;2
2020-11-04 04:08:58;85;32;9;13;3;4;3;0;0;4;2
2020-11-04 04:09:59;85;32;9;13;3;4;3;0;0;4;2
2020-11-04 04:10:59;85;32;9;13;3;4;3;0;0;4;2
2020-11-04 04:11:58;85;32;9;13;3;4;3;0;0;4;2
2020-11-04 04:12:59;85;32;9;13;3;4;3;0;0;4;2
2020-11-04 04:13:59;85;32;9;13;3;4;3;0;0;4;2
2020-11-04 04:14:58;85;32;9;13;3;4;3;0;0;4;2
2020-11-04 04:15:59;86;32;9;14;3;4;3;0;0;4;2
2020-11-04 04:16:59;87;33;9;14;3;4;3;0;0;4;2
2020-11-04 04:17:58;88;34;9;14;3;4;3;0;0;4;2
2020-11-04 04:18:59;88;34;9;14;3;4;3;0;0;4;2
2020-11-04 04:19:59;88;34;9;14;3;4;3;0;0;4;2
2020-11-04 04:20:58;88;34;9;14;3;4;3;0;0;4;2
2020-11-04 04:21:59;88;34;9;14;3;4;3;0;0;4;2
2020-11-04 04:22:59;88;34;9;14;3;4;3;0;0;4;2
2020-11-04 04:23:58;88;34;9;14;3;4;3;0;0;4;2
2020-11-04 04:24:59;88;34;9;14;3;4;3;0;0;4;2
2020-11-04 04:25:59;88;34;9;14;3;4;3;0;0;4;2
2020-11-04 04:26:58;88;34;9;14;3;4;3;0;0;4;2
2020-11-04 04:27:59;88;34;9;14;3;4;3;0;0;4;2
2020-11-04 04:28:59;88;34;9;14;3;4;3;0;0;4;2
2020-11-04 04:29:58;88;34;9;14;3;4;3;0;0;4;2
2020-11-04 04:30:59;88;34;9;14;3;4;3;0;0;4;2
2020-11-04 04:31:59;88;34;9;14;3;4;3;0;0;4;2
2020-11-04 04:32:58;88;34;9;14;3;4;3;0;0;4;2
2020-11-04 04:33:59;88;34;9;14;3;4;3;0;0;4;2
2020-11-04 04:34:59;88;34;9;14;3;4;3;0;0;4;2
2020-11-04 04:35:58;88;34;9;14;3;4;3;0;0;4;2
2020-11-04 04:36:59;88;34;9;14;3;4;3;0;0;4;2
2020-11-04 04:37:59;88;34;9;14;3;4;3;0;0;4;2
2020-11-04 04:38:58;88;34;9;14;3;4;3;0;0;4;2
2020-11-04 04:39:59;88;34;9;14;3;4;3;0;0;4;2
2020-11-04 04:40:59;88;34;9;14;3;4;3;0;0;4;2
2020-11-04 04:41:58;88;34;9;14;3;4;3;0;0;4;2
2020-11-04 04:42:59;88;34;9;14;3;4;3;0;0;4;2
2020-11-04 04:43:59;88;34;9;14;3;4;3;0;0;4;2
2020-11-04 04:44:58;88;34;9;14;3;4;3;0;0;4;2
2020-11-04 04:45:59;88;34;9;14;3;4;3;0;0;4;2
2020-11-04 04:46:59;88;34;9;14;3;4;3;0;0;4;2
2020-11-04 04:47:58;88;34;9;14;3;4;3;0;0;4;2
2020-11-04 04:48:59;88;34;9;14;3;4;3;0;0;4;2
2020-11-04 04:49:59;88;34;9;14;3;4;3;0;0;4;2
2020-11-04 04:50:58;88;34;9;14;3;4;3;0;0;4;2
2020-11-04 04:51:59;88;34;9;14;3;4;3;0;0;4;2
2020-11-04 04:52:58;88;34;9;14;3;4;3;0;0;4;2
2020-11-04 04:53:59;88;34;9;14;3;4;3;0;0;4;2
2020-11-04 04:54:59;88;34;9;14;3;4;3;0;0;4;2
2020-11-04 04:55:58;88;34;9;14;3;4;3;0;0;4;2
2020-11-04 04:56:59;88;34;9;14;3;4;3;0;0;4;2
2020-11-04 04:57:59;88;34;9;14;3;4;3;0;0;4;2
2020-11-04 04:58:58;88;34;9;14;3;4;3;0;0;4;2
2020-11-04 04:59:59;88;34;9;14;3;4;3;0;0;4;2
2020-11-04 05:00:59;88;34;9;14;3;4;3;0;0;4;2
2020-11-04 05:01:58;88;34;9;14;3;4;3;0;0;4;2
2020-11-04 05:02:59;88;34;9;14;3;4;3;0;0;4;2
2020-11-04 05:03:59;88;34;9;14;3;4;3;0;0;4;2
2020-11-04 05:04:58;88;34;9;14;3;4;3;0;0;4;2
2020-11-04 05:05:59;88;34;9;14;3;4;3;0;0;4;2
2020-11-04 05:06:59;88;34;9;14;3;4;3;0;0;4;2
2020-11-04 05:07:58;88;34;9;14;3;4;3;0;0;4;2
2020-11-04 05:08:59;88;34;9;14;3;4;3;0;0;4;2
2020-11-04 05:09:59;88;34;9;14;3;4;3;0;0;4;2
2020-11-04 05:10:58;88;34;9;14;3;4;3;0;0;4;2
2020-11-04 05:11:59;88;34;9;14;3;4;3;0;0;4;2
2020-11-04 05:12:59;88;34;9;14;3;4;3;0;0;4;2
2020-11-04 05:13:58;88;34;9;14;3;4;3;0;0;4;2
2020-11-04 05:14:59;88;34;9;14;3;4;3;0;0;4;2
2020-11-04 05:15:58;88;34;9;14;3;4;3;0;0;4;2
2020-11-04 05:16:59;88;34;9;14;3;4;3;0;0;4;2
2020-11-04 05:17:59;88;34;9;14;3;4;3;0;0;4;2
2020-11-04 05:18:58;89;35;9;14;3;4;3;0;0;4;2
2020-11-04 05:19:59;89;35;9;14;3;4;3;0;0;4;2
2020-11-04 05:20:59;89;35;9;14;3;4;3;0;0;4;2
2020-11-04 05:21:58;89;35;9;14;3;4;3;0;0;4;2
2020-11-04 05:22:59;89;35;9;14;3;4;3;0;0;4;2
2020-11-04 05:23:58;89;35;9;14;3;4;3;0;0;4;2
2020-11-04 05:24:59;89;35;9;14;3;4;3;0;0;4;2
2020-11-04 05:25:59;89;35;9;14;3;4;3;0;0;4;2
2020-11-04 05:26:58;89;35;9;14;3;4;3;0;0;4;2
2020-11-04 05:27:59;89;35;9;14;3;4;3;0;0;4;2
2020-11-04 05:28:59;89;35;9;14;3;4;3;0;0;4;2
2020-11-04 05:29:58;89;35;9;14;3;4;3;0;0;4;2
2020-11-04 05:30:59;89;35;9;14;3;4;3;0;0;4;2
2020-11-04 05:31:59;89;35;9;14;3;4;3;0;0;4;2
2020-11-04 05:32:58;89;35;9;14;3;4;3;0;0;4;2
2020-11-04 05:33:59;89;35;9;14;3;4;3;0;0;4;2
2020-11-04 05:34:59;89;35;9;14;3;4;3;0;0;4;2
2020-11-04 05:35:58;89;35;9;14;3;4;3;0;0;4;2
2020-11-04 05:36:59;89;35;9;14;3;4;3;0;0;4;2
2020-11-04 05:37:58;89;35;9;14;3;4;3;0;0;4;2
2020-11-04 05:38:59;89;35;9;14;3;4;3;0;0;4;2
2020-11-04 05:39:59;89;35;9;14;3;4;3;0;0;4;2
2020-11-04 05:40:58;89;35;9;14;3;4;3;0;0;4;2
2020-11-04 05:41:59;89;35;9;14;3;4;3;0;0;4;2
2020-11-04 05:42:59;89;35;9;14;3;4;3;0;0;4;2
2020-11-04 05:43:58;89;35;9;14;3;4;3;0;0;4;2
2020-11-04 05:44:59;89;35;9;14;3;4;3;0;0;4;2
2020-11-04 05:45:59;89;35;9;14;3;4;3;0;0;4;2
2020-11-04 05:46:58;89;35;9;14;3;4;3;0;0;4;2
2020-11-04 05:47:59;89;35;9;14;3;4;3;0;0;4;2
2020-11-04 05:48:59;89;35;9;14;3;4;3;0;0;4;2
2020-11-04 05:49:58;89;35;9;14;3;4;3;0;0;4;2
2020-11-04 05:50:59;89;35;9;14;3;4;3;0;0;4;2
2020-11-04 05:51:59;89;35;9;14;3;4;3;0;0;4;2
2020-11-04 05:52:58;89;35;9;14;3;4;3;0;0;4;2
2020-11-04 05:53:59;89;35;9;14;3;4;3;0;0;4;2
2020-11-04 05:54:59;89;35;9;14;3;4;3;0;0;4;2
2020-11-04 05:55:58;89;35;9;14;3;4;3;0;0;4;2
2020-11-04 05:56:59;89;35;9;14;3;4;3;0;0;4;2
2020-11-04 05:57:59;89;35;9;14;3;4;3;0;0;4;2
2020-11-04 05:58:58;89;35;9;14;3;4;3;0;0;4;2
2020-11-04 05:59:59;89;35;9;14;3;4;3;0;0;4;2
2020-11-04 06:00:58;89;35;9;14;3;4;3;0;0;4;2
2020-11-04 06:01:59;89;35;9;14;3;4;3;0;0;4;2
2020-11-04 06:02:59;89;35;9;14;3;4;3;0;0;4;2
2020-11-04 06:03:58;90;36;9;14;3;4;3;0;0;4;2
2020-11-04 06:04:59;90;36;9;14;3;4;3;0;0;4;2
2020-11-04 06:05:59;90;36;9;14;3;4;3;0;0;4;2
2020-11-04 06:06:58;90;36;9;14;3;4;3;0;0;4;2
2020-11-04 06:07:59;90;36;9;14;3;4;3;0;0;4;2
2020-11-04 06:08:59;90;36;9;14;3;4;3;0;0;4;2
2020-11-04 06:09:58;90;36;9;14;3;4;3;0;0;4;2
2020-11-04 06:10:59;90;36;9;14;3;4;3;0;0;4;2
2020-11-04 06:11:59;90;36;9;14;3;4;3;0;0;4;2
2020-11-04 06:12:58;90;36;9;14;3;4;3;0;0;4;2
2020-11-04 06:13:59;90;36;9;14;3;4;3;0;0;4;2
2020-11-04 06:14:59;90;36;9;14;3;4;3;0;0;4;2
2020-11-04 06:15:58;90;36;9;14;3;4;3;0;0;4;2
2020-11-04 06:16:59;90;36;9;14;3;4;3;0;0;4;2
2020-11-04 06:17:59;90;36;9;14;3;4;3;0;0;4;2
2020-11-04 06:18:58;90;36;9;14;3;4;3;0;0;4;2
2020-11-04 06:19:59;91;36;9;14;3;4;3;0;0;4;3
2020-11-04 06:20:58;91;36;9;14;3;4;3;0;0;4;3
2020-11-04 06:21:59;91;36;9;14;3;4;3;0;0;4;3
2020-11-04 06:22:59;91;36;9;14;3;4;3;0;0;4;3
2020-11-04 06:23:58;91;36;9;14;3;4;3;0;0;4;3
2020-11-04 06:24:59;91;36;9;14;3;4;3;0;0;4;3
2020-11-04 06:25:59;91;36;9;14;3;4;3;0;0;4;3
2020-11-04 06:26:58;91;36;9;14;3;4;3;0;0;4;3
2020-11-04 06:27:59;91;36;9;14;3;4;3;0;0;4;3
2020-11-04 06:28:59;91;36;9;14;3;4;3;0;0;4;3
2020-11-04 06:29:58;91;36;9;14;3;4;3;0;0;4;3
2020-11-04 06:30:59;91;36;9;14;3;4;3;0;0;4;3
2020-11-04 06:31:59;91;36;9;14;3;4;3;0;0;4;3
2020-11-04 06:32:58;91;36;9;14;3;4;3;0;0;4;3
2020-11-04 06:33:59;91;36;9;14;3;4;3;0;0;4;3
2020-11-04 06:35:00;92;36;9;14;3;4;3;0;0;4;4
2020-11-04 06:35:58;92;36;9;14;3;4;3;0;0;4;4
2020-11-04 06:36:59;92;36;9;14;3;4;3;0;0;4;4
2020-11-04 06:37:58;92;36;9;14;3;4;3;0;0;4;4
2020-11-04 06:38:59;92;36;9;14;3;4;3;0;0;4;4
2020-11-04 06:39:58;92;36;9;14;3;4;3;0;0;4;4
2020-11-04 06:40:59;92;36;9;14;3;4;3;0;0;4;4
2020-11-04 06:41:59;92;36;9;14;3;4;3;0;0;4;4
2020-11-04 06:42:58;92;36;9;14;3;4;3;0;0;4;4
2020-11-04 06:43:59;92;36;9;14;3;4;3;0;0;4;4
2020-11-04 06:44:59;92;36;9;14;3;4;3;0;0;4;4
2020-11-04 06:45:58;92;36;9;14;3;4;3;0;0;4;4
2020-11-04 06:46:59;92;36;9;14;3;4;3;0;0;4;4
2020-11-04 06:47:59;92;36;9;14;3;4;3;0;0;4;4
2020-11-04 06:48:58;92;36;9;14;3;4;3;0;0;4;4
2020-11-04 06:49:59;92;36;9;14;3;4;3;0;0;4;4
2020-11-04 06:50:59;92;36;9;14;3;4;3;0;0;4;4
2020-11-04 06:51:58;92;36;9;14;3;4;3;0;0;4;4
2020-11-04 06:52:59;92;36;9;14;3;4;3;0;0;4;4
2020-11-04 06:53:59;92;36;9;14;3;4;3;0;0;4;4
2020-11-04 06:54:58;92;36;9;14;3;4;3;0;0;4;4
2020-11-04 06:55:59;92;36;9;14;3;4;3;0;0;4;4
2020-11-04 06:56:58;92;36;9;14;3;4;3;0;0;4;4
2020-11-04 06:57:59;92;36;9;14;3;4;3;0;0;4;4
2020-11-04 06:58:59;92;36;9;14;3;4;3;0;0;4;4
2020-11-04 06:59:58;92;36;9;14;3;4;3;0;0;4;4
2020-11-04 07:00:59;92;36;9;14;3;4;3;0;0;4;4
2020-11-04 07:01:59;92;36;9;14;3;4;3;0;0;4;4
2020-11-04 07:02:58;92;36;9;14;3;4;3;0;0;4;4
2020-11-04 07:03:59;92;36;9;14;3;4;3;0;0;4;4
2020-11-04 07:04:59;92;36;9;14;3;4;3;0;0;4;4
2020-11-04 07:05:58;92;36;9;14;3;4;3;0;0;4;4
2020-11-04 07:06:59;92;36;9;14;3;4;3;0;0;4;4
2020-11-04 07:07:58;92;36;9;14;3;4;3;0;0;4;4
2020-11-04 07:08:59;92;36;9;14;3;4;3;0;0;4;4
2020-11-04 07:09:59;93;36;9;14;3;4;3;0;0;4;4
2020-11-04 07:10:59;93;36;9;14;3;4;3;0;0;4;4
2020-11-04 07:11:58;93;36;9;14;3;4;3;0;0;4;4
2020-11-04 07:12:59;93;36;9;14;3;4;3;0;0;4;4
2020-11-04 07:13:59;94;36;10;14;3;4;3;0;0;4;4
2020-11-04 07:14:58;94;36;10;14;3;4;3;0;0;4;4
2020-11-04 07:15:59;94;36;10;14;3;4;3;0;0;4;4
2020-11-04 07:16:59;94;36;10;14;3;4;3;0;0;4;4
2020-11-04 07:17:58;94;36;10;14;3;4;3;0;0;4;4
2020-11-04 07:18:59;95;36;10;14;3;4;4;0;0;4;4
2020-11-04 07:19:59;95;36;10;14;3;4;4;0;0;4;4
2020-11-04 07:20:58;95;36;10;14;3;4;4;0;0;4;4
2020-11-04 07:21:59;96;36;10;15;3;4;4;0;0;4;4
2020-11-04 07:22:59;96;36;10;15;3;4;4;0;0;4;4
2020-11-04 07:23:58;96;36;10;15;3;4;4;0;0;4;4
2020-11-04 07:24:59;96;36;10;15;3;4;4;0;0;4;4
2020-11-04 07:25:59;96;36;10;15;3;4;4;0;0;4;4
2020-11-04 07:26:58;96;36;10;15;3;4;4;0;0;4;4
2020-11-04 07:27:59;96;36;10;15;3;4;4;0;0;4;4
2020-11-04 07:28:59;96;36;10;15;3;4;4;0;0;4;4
2020-11-04 07:29:58;96;36;10;15;3;4;4;0;0;4;4
2020-11-04 07:30:59;96;36;10;15;3;4;4;0;0;4;4
2020-11-04 07:31:59;96;36;10;15;3;4;4;0;0;4;4
2020-11-04 07:32:58;96;36;10;15;3;4;4;0;0;4;4
2020-11-04 07:33:59;96;36;10;15;3;4;4;0;0;4;4
2020-11-04 07:34:59;96;36;10;15;3;4;4;0;0;4;4
2020-11-04 07:35:59;96;36;10;15;3;4;4;0;0;4;4
2020-11-04 07:36:58;96;36;10;15;3;4;4;0;0;4;4
2020-11-04 07:37:59;96;36;10;15;3;4;4;0;0;4;4
2020-11-04 07:38:58;96;36;10;15;3;4;4;0;0;4;4
2020-11-04 07:39:59;96;36;10;15;3;4;4;0;0;4;4
2020-11-04 07:40:59;96;36;10;15;3;4;4;0;0;4;4
2020-11-04 07:41:58;96;36;10;15;3;4;4;0;0;4;4
2020-11-04 07:42:59;96;36;10;15;3;4;4;0;0;4;4
2020-11-04 07:44:00;96;36;10;15;3;4;4;0;0;4;4
2020-11-04 07:44:58;96;36;10;15;3;4;4;0;0;4;4
2020-11-04 07:45:59;96;36;10;15;3;4;4;0;0;4;4
2020-11-04 07:46:59;96;36;10;15;3;4;4;0;0;4;4
2020-11-04 07:47:58;96;36;10;15;3;4;4;0;0;4;4
2020-11-04 07:48:59;96;36;10;15;3;4;4;0;0;4;4
2020-11-04 07:49:59;96;36;10;15;3;4;4;0;0;4;4
2020-11-04 07:50:58;96;36;10;15;3;4;4;0;0;4;4
2020-11-04 07:51:59;97;37;10;15;3;4;4;0;0;4;4
2020-11-04 07:52:59;97;37;10;15;3;4;4;0;0;4;4
2020-11-04 07:53:58;97;37;10;15;3;4;4;0;0;4;4
2020-11-04 07:54:59;97;37;10;15;3;4;4;0;0;4;4
2020-11-04 07:56:00;97;37;10;15;3;4;4;0;0;4;4
2020-11-04 07:56:58;97;37;10;15;3;4;4;0;0;4;4
2020-11-04 07:57:59;97;37;10;15;3;4;4;0;0;4;4
2020-11-04 07:58:58;97;37;10;15;3;4;4;0;0;4;4
2020-11-04 07:59:59;97;37;10;15;3;4;4;0;0;4;4
2020-11-04 08:00:59;97;37;10;15;3;4;4;0;0;4;4
2020-11-04 08:01:58;97;37;10;15;3;4;4;0;0;4;4
2020-11-04 08:02:59;97;37;10;15;3;4;4;0;0;4;4
2020-11-04 08:03:59;97;37;10;15;3;4;4;0;0;4;4
2020-11-04 08:04:58;97;37;10;15;3;4;4;0;0;4;4
2020-11-04 08:05:59;97;37;10;15;3;4;4;0;0;4;4
2020-11-04 08:06:58;97;37;10;15;3;4;4;0;0;4;4
2020-11-04 08:07:59;97;37;10;15;3;4;4;0;0;4;4
2020-11-04 08:08:59;97;37;10;15;3;4;4;0;0;4;4
2020-11-04 08:09:58;98;37;11;15;3;4;4;0;0;4;4
2020-11-04 08:10:59;98;37;11;15;3;4;4;0;0;4;4
2020-11-04 08:11:59;98;37;11;15;3;4;4;0;0;4;4
2020-11-04 08:12:58;98;37;11;15;3;4;4;0;0;4;4
2020-11-04 08:13:59;98;37;11;15;3;4;4;0;0;4;4
2020-11-04 08:14:59;98;37;11;15;3;4;4;0;0;4;4
2020-11-04 08:15:58;98;37;11;15;3;4;4;0;0;4;4
2020-11-04 08:16:59;98;37;11;15;3;4;4;0;0;4;4
2020-11-04 08:17:59;98;37;11;15;3;4;4;0;0;4;4
2020-11-04 08:18:59;98;37;11;15;3;4;4;0;0;4;4
2020-11-04 08:19:58;98;37;11;15;3;4;4;0;0;4;4
2020-11-04 08:20:59;98;37;11;15;3;4;4;0;0;4;4
2020-11-04 08:21:59;98;37;11;15;3;4;4;0;0;4;4
2020-11-04 08:22:58;98;37;11;15;3;4;4;0;0;4;4
2020-11-04 08:23:59;98;37;11;15;3;4;4;0;0;4;4
2020-11-04 08:24:58;98;37;11;15;3;4;4;0;0;4;4
2020-11-04 08:25:59;99;37;11;16;3;4;4;0;0;4;4
2020-11-04 08:26:59;100;37;11;16;3;4;4;0;0;4;5
2020-11-04 08:27:59;100;37;11;16;3;4;4;0;0;4;5
2020-11-04 08:28:58;100;37;11;16;3;4;4;0;0;4;5
2020-11-04 08:29:59;100;37;11;16;3;4;4;0;0;4;5
2020-11-04 08:30:59;101;37;11;17;3;4;4;0;0;4;5
2020-11-04 08:31:58;101;37;11;17;3;4;4;0;0;4;5
2020-11-04 08:32:59;101;37;11;17;3;4;4;0;0;4;5
2020-11-04 08:33:59;101;37;11;17;3;4;4;0;0;4;5
2020-11-04 08:34:58;101;37;11;17;3;4;4;0;0;4;5
2020-11-04 08:35:59;101;37;11;17;3;4;4;0;0;4;5
2020-11-04 08:36:59;101;37;12;17;3;4;4;0;0;4;4
2020-11-04 08:37:58;101;37;12;17;3;4;4;0;0;4;4
2020-11-04 08:38:59;101;37;12;17;3;4;4;0;0;4;4
2020-11-04 08:40:00;102;37;12;18;3;4;4;0;0;4;4
2020-11-04 08:40:58;102;37;12;18;3;4;4;0;0;4;4
2020-11-04 08:41:59;102;37;12;18;3;4;4;0;0;4;4
2020-11-04 08:42:58;101;37;12;18;3;4;4;2;0;4;4
2020-11-04 08:43:59;101;37;12;18;3;4;4;2;0;4;4
2020-11-04 08:44:59;102;37;13;18;3;4;4;2;0;4;4
2020-11-04 08:46:00;102;37;13;18;3;4;4;2;0;4;4
2020-11-04 08:46:58;102;37;13;18;3;4;4;2;0;4;4
2020-11-04 08:47:59;102;37;13;18;3;4;4;2;0;4;4
2020-11-04 08:48:58;102;37;13;18;3;4;4;2;0;4;4
2020-11-04 08:49:59;102;37;13;18;3;4;4;2;0;4;4
2020-11-04 08:50:59;102;37;13;18;3;4;4;2;0;4;4
2020-11-04 08:51:58;102;37;13;18;3;4;4;2;0;4;4
2020-11-04 08:52:59;102;37;13;18;3;4;4;2;0;4;4
2020-11-04 08:53:59;102;37;13;18;3;4;4;2;0;4;4
2020-11-04 08:54:58;102;37;13;18;3;4;4;2;0;4;4
2020-11-04 08:55:59;102;37;13;18;3;4;4;2;0;4;4
2020-11-04 08:56:59;102;37;13;18;3;4;4;2;0;4;4
2020-11-04 08:57:58;102;37;13;18;3;4;4;2;0;4;4
2020-11-04 08:58:59;103;38;13;18;3;4;4;2;0;4;4
2020-11-04 08:59:59;103;38;13;18;3;4;4;2;0;4;4
2020-11-04 09:00:58;103;38;13;18;3;4;4;2;0;4;4
2020-11-04 09:01:59;103;38;13;18;3;4;4;2;0;4;4
2020-11-04 09:02:59;103;38;13;18;3;4;4;2;0;4;4
2020-11-04 09:03:58;104;38;13;19;3;4;4;2;0;4;4
2020-11-04 09:04:59;104;38;13;19;3;4;4;2;0;4;4
2020-11-04 09:05:59;104;38;13;19;3;4;4;2;0;4;4
2020-11-04 09:06:58;104;38;13;19;3;4;4;2;0;4;4
2020-11-04 09:07:59;105;38;13;19;3;5;4;2;0;4;4
2020-11-04 09:08:59;105;38;13;19;3;5;4;2;0;4;4
2020-11-04 09:09:58;105;38;13;19;3;5;4;2;0;4;4
2020-11-04 09:10:59;105;38;13;19;3;5;4;2;0;4;4
2020-11-04 09:11:59;105;38;13;19;3;5;4;2;0;4;4
2020-11-04 09:12:58;105;38;13;19;3;5;4;2;0;4;4
2020-11-04 09:13:59;106;39;13;19;3;5;4;2;0;4;4
2020-11-04 09:14:59;106;39;13;19;3;5;4;2;0;4;4
2020-11-04 09:15:58;106;39;13;19;3;5;4;2;0;4;4
2020-11-04 09:16:59;107;39;14;19;3;5;4;2;0;4;4
2020-11-04 09:17:59;109;40;15;19;3;5;4;2;0;4;4
2020-11-04 09:18:58;109;40;15;19;3;5;4;2;0;4;4
2020-11-04 09:19:59;110;41;15;19;3;5;4;2;0;4;4
2020-11-04 09:20:59;111;41;15;19;4;5;4;0;0;4;4
2020-11-04 09:21:58;111;41;15;19;4;5;4;0;0;4;4
2020-11-04 09:22:59;111;41;15;19;4;5;4;0;0;4;4
2020-11-04 09:23:59;111;41;15;19;4;5;4;0;0;4;4
2020-11-04 09:25:00;111;41;15;19;4;5;4;0;0;4;4
2020-11-04 09:25:58;111;41;15;19;4;5;4;0;0;4;4
2020-11-04 09:26:59;111;41;15;19;4;5;4;0;0;4;4
2020-11-04 09:27:58;112;41;15;19;4;5;4;0;0;4;5
2020-11-04 09:28:59;112;41;15;19;4;5;4;0;0;4;5
2020-11-04 09:29:59;112;41;15;19;4;5;4;0;0;4;5
2020-11-04 09:30:58;113;42;15;19;4;5;4;0;0;4;5
2020-11-04 09:31:59;113;42;15;19;4;5;4;0;0;4;5
2020-11-04 09:32:59;113;42;15;19;4;5;4;0;0;4;5
2020-11-04 09:33:58;113;42;15;19;4;5;4;0;0;4;5
2020-11-04 09:34:59;113;42;15;19;4;5;4;0;0;4;5
2020-11-04 09:35:59;113;42;15;19;4;5;4;0;0;4;5
2020-11-04 09:36:58;113;42;15;19;4;5;4;0;0;4;5
2020-11-04 09:37:59;113;42;15;19;4;5;4;0;0;4;5
2020-11-04 09:38:59;114;42;15;19;4;5;4;2;0;4;5
2020-11-04 09:39:58;114;42;15;19;4;5;4;2;0;4;5
2020-11-04 09:40:59;114;42;15;19;4;5;4;2;0;4;5
2020-11-04 09:41:59;115;42;16;19;4;5;4;2;0;4;5
2020-11-04 09:42:58;115;42;16;19;4;5;4;2;0;4;5
2020-11-04 09:43:59;115;42;16;19;4;5;4;2;0;4;5
2020-11-04 09:44:58;115;42;16;19;4;5;4;2;0;4;5
2020-11-04 09:45:59;115;42;16;19;4;5;4;2;0;4;5
2020-11-04 09:46:59;115;42;16;19;4;5;4;2;0;4;5
2020-11-04 09:47:59;115;42;16;19;4;5;4;2;0;4;5
2020-11-04 09:48:58;116;42;16;20;4;5;4;2;0;4;5
2020-11-04 09:49:59;116;42;16;20;4;5;4;2;0;4;5
2020-11-04 09:50:58;116;42;16;20;4;5;4;2;0;4;5
2020-11-04 09:51:59;117;42;16;20;4;5;4;2;0;4;5
2020-11-04 09:52:59;117;42;16;20;4;5;4;2;0;4;5
2020-11-04 09:53:58;117;42;16;20;4;5;4;2;0;4;5
2020-11-04 09:54:59;117;42;16;20;4;5;4;2;0;4;5
2020-11-04 09:55:59;117;42;16;20;4;5;4;2;0;4;5
2020-11-04 09:56:58;117;42;16;20;4;5;4;2;0;4;5
2020-11-04 09:57:59;118;43;16;20;4;5;4;2;0;4;5
2020-11-04 09:58:59;118;43;16;20;4;5;4;2;0;4;5
2020-11-04 09:59:58;118;43;16;20;4;5;4;2;0;4;5
2020-11-04 10:00:59;118;43;16;20;4;5;4;2;0;4;5
2020-11-04 10:01:59;118;43;16;20;4;5;4;2;0;4;5
2020-11-04 10:02:58;119;43;16;20;4;5;4;3;0;4;5
2020-11-04 10:03:59;119;43;16;20;4;5;4;3;0;4;5
2020-11-04 10:04:59;120;44;16;20;4;5;4;3;0;4;5
2020-11-04 10:05:58;122;45;16;21;4;5;4;3;0;4;5
2020-11-04 10:06:59;122;45;16;21;4;5;4;3;0;4;5
2020-11-04 10:07:59;123;45;16;21;4;5;5;3;0;4;5
2020-11-04 10:08:58;123;45;16;21;4;5;5;3;0;4;5
2020-11-04 10:09:59;123;45;16;21;4;5;5;3;0;4;5
2020-11-04 10:10:59;123;45;16;21;4;5;5;3;0;4;5
2020-11-04 10:11:58;123;45;16;21;4;5;5;3;0;4;5
2020-11-04 10:12:59;123;45;16;21;4;5;5;3;0;4;5
2020-11-04 10:13:59;124;46;16;21;4;5;5;3;0;4;5
2020-11-04 10:14:58;124;46;16;21;4;5;5;3;0;4;5
2020-11-04 10:15:59;125;47;16;21;4;5;5;3;0;4;5
2020-11-04 10:16:59;125;47;16;21;4;5;5;3;0;4;5
2020-11-04 10:17:58;126;47;16;21;4;5;5;3;0;5;5
2020-11-04 10:18:59;127;47;16;22;4;5;5;3;0;5;5
2020-11-04 10:19:58;127;47;16;22;4;5;5;3;0;5;5
2020-11-04 10:21:00;127;47;16;22;4;5;5;3;0;5;5
2020-11-04 10:21:58;127;47;16;22;4;5;5;3;0;5;5
2020-11-04 10:22:59;127;47;16;22;4;5;5;3;0;5;5
2020-11-04 10:23:59;128;48;16;22;4;5;5;3;0;5;5
2020-11-04 10:24:58;128;48;16;22;4;5;5;3;0;5;5
2020-11-04 10:25:59;128;48;16;22;4;5;5;3;0;5;5
2020-11-04 10:26:59;128;48;16;22;4;5;5;3;0;5;5
2020-11-04 10:27:58;128;48;16;22;4;5;5;3;0;5;5
2020-11-04 10:28:59;128;48;16;22;4;5;5;3;0;5;5
2020-11-04 10:30:00;128;48;16;22;4;5;5;3;0;5;5
2020-11-04 10:30:58;129;48;16;22;4;5;6;3;0;5;5
2020-11-04 10:31:59;129;48;16;22;4;5;6;3;0;5;5
2020-11-04 10:32:58;129;48;16;22;4;5;6;3;0;5;5
2020-11-04 10:33:59;129;48;16;22;4;5;6;3;0;5;5
2020-11-04 10:34:59;129;48;16;22;4;5;6;3;0;5;5
2020-11-04 10:35:59;130;48;17;22;4;5;6;3;0;5;5
2020-11-04 10:36:58;131;48;17;22;4;6;6;3;0;5;5
2020-11-04 10:37:59;131;47;17;23;4;6;6;3;0;5;5
2020-11-04 10:38:58;131;47;17;23;4;6;6;3;0;5;5
2020-11-04 10:39:59;131;47;17;23;4;6;6;3;0;5;5
2020-11-04 10:40:59;131;47;17;23;4;6;6;3;0;5;5
2020-11-04 10:41:58;132;48;17;23;4;6;6;3;0;5;5
2020-11-04 10:42:59;133;48;17;23;5;6;6;3;0;5;5
2020-11-04 10:43:59;133;48;17;23;5;6;6;3;0;5;5
2020-11-04 10:44:58;134;48;17;23;6;6;6;3;0;5;5
2020-11-04 10:45:59;134;48;17;23;6;6;6;3;0;5;5
2020-11-04 10:46:59;134;48;17;23;6;6;6;3;0;5;5
2020-11-04 10:47:58;134;48;17;23;6;6;6;3;0;5;5
2020-11-04 10:48:59;134;48;17;23;6;6;6;3;0;5;5
2020-11-04 10:49:59;134;48;17;23;6;6;6;3;0;5;5
2020-11-04 10:50:58;134;48;17;23;6;6;6;3;0;5;5
2020-11-04 10:51:59;135;48;17;23;6;6;6;3;0;5;5
2020-11-04 10:52:59;135;48;17;23;6;6;6;3;0;5;5
2020-11-04 10:53:58;135;48;17;23;6;6;6;3;0;5;5
2020-11-04 10:54:59;135;48;17;23;6;6;6;3;0;5;5
2020-11-04 10:55:58;135;48;17;23;6;6;6;3;0;5;5
2020-11-04 10:56:59;136;48;17;23;7;6;6;3;0;5;5
2020-11-04 10:57:59;137;48;17;24;7;6;6;3;0;5;5
2020-11-04 10:58:58;138;49;17;24;7;6;6;3;0;5;5
2020-11-04 10:59:59;138;49;17;24;7;6;6;3;0;5;5
2020-11-04 11:00:58;138;49;17;24;7;6;6;3;0;5;5
2020-11-04 11:01:59;138;49;17;24;7;6;6;3;0;5;5
2020-11-04 11:02:59;138;49;17;24;7;6;6;3;0;5;5
2020-11-04 11:03:59;139;50;17;24;7;6;6;3;0;5;5
2020-11-04 11:04:58;140;50;18;24;7;6;6;3;0;5;5
2020-11-04 11:05:59;140;50;18;24;7;6;6;3;0;5;5
2020-11-04 11:06:59;140;50;18;24;7;6;6;3;0;5;5
2020-11-04 11:07:58;140;50;18;24;7;6;6;3;0;5;5
2020-11-04 11:08:59;140;50;18;24;7;6;6;3;0;5;5
2020-11-04 11:09:59;140;50;18;24;7;6;6;3;0;5;5
2020-11-04 11:10:58;140;50;18;24;7;6;6;3;0;5;5
2020-11-04 11:11:59;140;50;18;24;7;6;6;3;0;5;5
2020-11-04 11:12:59;140;50;18;24;7;6;6;3;0;5;5
2020-11-04 11:13:59;140;50;18;24;7;6;6;3;0;5;5
2020-11-04 11:14:58;141;50;18;24;8;6;6;3;0;5;5
2020-11-04 11:15:59;141;50;18;24;8;6;6;3;0;5;5
2020-11-04 11:16:59;141;50;18;24;8;6;6;3;0;5;5
2020-11-04 11:17:58;141;50;18;24;8;6;6;3;0;5;5
2020-11-04 11:18:59;142;50;18;24;9;6;6;3;0;5;5
2020-11-04 11:19:59;142;50;18;24;9;6;6;3;0;5;5
2020-11-04 11:20:58;142;50;18;24;9;6;6;3;0;5;5
2020-11-04 11:21:59;142;50;18;24;9;6;6;3;0;5;5
2020-11-04 11:22:59;142;50;18;24;9;6;6;3;0;5;5
2020-11-04 11:23:58;142;50;18;24;9;6;6;3;0;5;5
2020-11-04 11:24:59;143;50;19;24;9;6;6;3;0;5;5
2020-11-04 11:25:59;143;50;19;24;9;6;6;3;0;5;5
2020-11-04 11:26:58;143;50;19;24;9;6;6;3;0;5;5
2020-11-04 11:27:59;143;50;19;24;9;6;6;3;0;5;5
2020-11-04 11:28:58;143;50;19;24;9;6;6;3;0;5;5
2020-11-04 11:29:59;143;50;19;24;9;6;6;3;0;5;5
2020-11-04 11:30:59;144;51;19;24;9;6;6;3;0;5;5
2020-11-04 11:31:58;144;51;19;24;9;6;6;3;0;5;5
2020-11-04 11:32:59;144;51;19;24;9;6;6;3;0;5;5
2020-11-04 11:33:59;144;51;19;24;9;6;6;3;0;5;5
2020-11-04 11:34:58;144;51;19;24;9;6;6;3;0;5;5
2020-11-04 11:35:59;144;51;19;24;9;6;6;3;0;5;5
2020-11-04 11:36:59;145;51;19;24;10;6;6;3;0;5;5
2020-11-04 11:37:58;145;51;19;24;10;6;6;3;0;5;5
2020-11-04 11:38:59;145;52;19;24;10;6;6;3;0;5;5
2020-11-04 11:39:59;145;52;19;24;10;6;6;3;0;5;5
2020-11-04 11:41:00;145;52;19;24;10;6;6;3;0;5;5
2020-11-04 11:41:58;145;52;19;24;10;6;6;3;0;5;5
2020-11-04 11:42:59;146;53;19;24;10;6;6;3;0;5;5
2020-11-04 11:43:59;146;53;19;24;10;6;6;3;0;5;5
2020-11-04 11:44:58;146;53;19;24;10;6;6;3;0;5;5
2020-11-04 11:45:59;146;53;19;24;10;6;6;3;0;5;5
2020-11-04 11:46:59;146;53;19;24;10;6;6;3;0;5;5
2020-11-04 11:47:58;146;53;19;24;10;6;6;3;0;5;5
2020-11-04 11:48:59;146;53;19;24;10;6;6;3;0;5;5
2020-11-04 11:49:59;146;53;19;24;10;6;6;3;0;5;5
2020-11-04 11:50:58;146;53;19;24;10;6;6;3;0;5;5
2020-11-04 11:51:59;146;53;19;24;10;6;6;3;0;5;5
2020-11-04 11:52:59;146;53;19;23;10;6;6;3;0;5;6
2020-11-04 11:53:58;146;53;19;23;10;6;6;3;0;5;6
2020-11-04 11:54:59;146;53;19;23;10;6;6;3;0;5;6
2020-11-04 11:55:59;146;53;19;23;10;6;6;3;0;5;6
2020-11-04 11:56:58;147;54;19;23;10;6;6;3;0;5;6
2020-11-04 11:57:59;147;54;19;23;10;6;6;3;0;5;6
2020-11-04 11:58:59;147;54;19;23;10;6;6;3;0;5;6
2020-11-04 11:59:58;147;54;19;23;10;6;6;3;0;5;6
2020-11-04 12:00:59;147;54;19;23;10;6;6;3;0;5;6
2020-11-04 12:01:59;148;54;19;24;10;6;6;3;0;5;6
2020-11-04 12:02:58;148;54;19;24;10;6;6;3;0;5;6
2020-11-04 12:03:59;149;54;20;24;10;6;6;3;0;5;6
2020-11-04 12:04:58;149;54;20;24;10;6;6;3;0;5;6
2020-11-04 12:05:59;150;56;20;24;9;6;6;3;0;5;6
2020-11-04 12:06:59;150;56;20;24;9;6;6;3;0;5;6
2020-11-04 12:07:59;150;56;20;24;9;6;6;3;0;5;6
2020-11-04 12:08:58;151;56;20;24;10;6;6;3;0;5;6
2020-11-04 12:09:59;154;57;20;26;10;6;6;3;0;5;6
2020-11-04 12:11:00;154;57;20;26;10;6;6;3;0;5;6
2020-11-04 12:11:58;157;60;20;26;10;6;6;3;0;5;6
2020-11-04 12:12:59;157;60;20;26;10;6;6;3;0;5;6
2020-11-04 12:13:58;157;60;20;26;10;6;6;3;0;5;6
2020-11-04 12:14:59;158;61;20;26;10;6;6;3;0;5;6
2020-11-04 12:15:59;158;61;20;26;10;6;6;3;0;5;6
2020-11-04 12:16:58;158;61;20;26;10;6;6;3;0;5;6
2020-11-04 12:17:59;158;61;20;26;10;6;6;3;0;5;6
2020-11-04 12:18:59;158;61;20;26;10;6;6;3;0;5;6
2020-11-04 12:19:58;158;61;20;26;10;6;6;3;0;5;6
2020-11-04 12:20:59;158;61;20;26;10;6;6;3;0;5;6
2020-11-04 12:21:59;158;61;20;26;10;6;6;3;0;5;6
2020-11-04 12:22:58;158;61;20;26;10;6;6;3;0;5;6
2020-11-04 12:23:59;159;62;20;26;10;6;6;3;0;5;6
2020-11-04 12:24:59;159;62;20;26;10;6;6;3;0;5;6
2020-11-04 12:25:58;159;62;20;26;10;6;6;3;0;5;6
2020-11-04 12:26:59;160;62;20;26;10;7;6;3;0;5;6
2020-11-04 12:27:59;160;62;20;26;10;7;6;3;0;5;6
2020-11-04 12:28:58;160;62;20;26;10;7;6;3;0;5;6
2020-11-04 12:29:59;160;62;20;26;10;7;6;3;0;5;6
2020-11-04 12:30:59;160;62;20;26;10;7;6;3;0;5;6
2020-11-04 12:31:58;160;62;20;26;10;7;6;3;0;5;6
2020-11-04 12:32:59;160;62;20;26;10;7;6;3;0;5;6
2020-11-04 12:33:59;160;62;20;26;10;7;6;3;0;5;6
2020-11-04 12:34:58;160;62;20;26;10;7;6;3;0;5;6
2020-11-04 12:35:59;160;62;20;26;10;7;6;3;0;5;6
2020-11-04 12:36:59;160;62;20;26;10;7;6;3;0;5;6
2020-11-04 12:37:58;160;62;20;26;10;7;6;3;0;5;6
2020-11-04 12:38:59;160;62;20;26;10;7;6;3;0;5;6
2020-11-04 12:39:59;160;62;20;26;10;7;6;3;0;5;6
2020-11-04 12:40:58;161;62;20;26;11;7;6;3;0;5;6
2020-11-04 12:41:59;161;62;20;26;11;7;6;3;0;5;6
2020-11-04 12:42:59;162;62;20;27;11;7;6;3;0;5;6
2020-11-04 12:43:58;162;62;20;27;11;7;6;3;0;5;6
2020-11-04 12:44:59;162;62;20;27;11;7;6;3;0;5;6
2020-11-04 12:45:59;162;62;20;27;11;7;6;3;0;5;6
2020-11-04 12:46:58;163;62;21;27;11;7;6;3;0;5;6
2020-11-04 12:47:59;163;62;21;27;11;7;6;3;0;5;6
2020-11-04 12:48:59;163;62;21;27;11;7;6;3;0;5;6
2020-11-04 12:49:58;163;62;21;27;11;7;6;3;0;5;6
2020-11-04 12:50:59;163;62;21;27;11;7;6;3;0;5;6
2020-11-04 12:51:59;163;62;21;27;11;7;6;3;0;5;6
2020-11-04 12:52:58;163;62;21;27;11;7;6;3;0;5;6
2020-11-04 12:53:59;163;62;21;27;11;7;6;3;0;5;6
2020-11-04 12:54:59;163;62;21;27;11;7;6;3;0;5;6
2020-11-04 12:55:58;163;62;21;27;11;7;6;3;0;5;6
2020-11-04 12:56:59;163;62;21;27;11;7;6;3;0;5;6
2020-11-04 12:57:59;163;62;21;27;11;7;6;3;0;5;6
2020-11-04 12:58:58;163;62;21;27;11;7;6;3;0;5;6
2020-11-04 12:59:59;163;62;21;27;11;7;6;3;0;5;6
2020-11-04 13:00:59;163;62;21;27;11;7;6;3;0;5;6
2020-11-04 13:01:58;163;62;21;27;11;7;6;3;0;5;6
2020-11-04 13:02:59;164;62;22;27;11;7;6;3;0;5;6
2020-11-04 13:03:59;164;62;22;27;11;7;6;3;0;5;6
2020-11-04 13:04:58;165;62;22;27;11;8;6;3;0;5;6
2020-11-04 13:05:59;165;62;22;27;11;8;6;3;0;5;6
2020-11-04 13:06:59;165;62;22;27;11;8;6;3;0;5;6
2020-11-04 13:07:58;165;62;22;27;11;8;6;3;0;5;6
2020-11-04 13:08:59;165;62;22;27;11;8;6;3;0;5;6
2020-11-04 13:09:59;165;62;22;27;11;8;6;3;0;5;6
2020-11-04 13:10:58;165;62;22;27;11;8;6;3;0;5;6
2020-11-04 13:11:59;165;62;22;27;11;8;6;3;0;5;6
2020-11-04 13:12:59;165;62;22;27;11;8;6;3;0;5;6
2020-11-04 13:13:58;166;62;23;27;11;8;6;3;0;5;6
2020-11-04 13:14:59;166;62;23;27;11;8;6;3;0;5;6
2020-11-04 13:15:59;166;62;23;27;11;8;6;3;0;5;6
2020-11-04 13:16:58;166;62;23;27;11;8;6;3;0;5;6
2020-11-04 13:17:59;166;62;23;27;11;8;6;3;0;5;6
2020-11-04 13:18:59;166;62;23;27;11;8;6;3;0;5;6
2020-11-04 13:19:58;166;62;23;27;11;8;6;3;0;5;6
2020-11-04 13:20:59;166;62;23;27;11;8;6;3;0;5;6
2020-11-04 13:21:59;166;62;23;27;11;8;6;3;0;5;6
2020-11-04 13:22:58;167;62;23;27;11;9;6;3;0;5;6
2020-11-04 13:23:59;167;62;23;27;11;9;6;3;0;5;6
2020-11-04 13:24:59;168;62;24;27;11;9;6;3;0;5;6
2020-11-04 13:25:58;168;62;24;27;11;9;6;3;0;5;6
2020-11-04 13:26:59;170;63;24;27;11;9;7;3;0;5;6
2020-11-04 13:27:59;170;63;24;27;11;9;7;3;0;5;6
2020-11-04 13:28:58;171;63;25;27;11;9;7;3;0;5;6
2020-11-04 13:29:59;172;64;25;27;11;9;7;3;0;5;6
2020-11-04 13:30:59;172;64;25;27;11;9;7;3;0;5;6
2020-11-04 13:31:58;172;64;25;27;11;9;7;3;0;5;6
2020-11-04 13:32:59;172;64;25;27;11;9;7;3;0;5;6
2020-11-04 13:33:59;172;64;25;27;11;9;7;3;0;5;6
2020-11-04 13:34:58;172;64;25;27;11;9;7;3;0;5;6
2020-11-04 13:35:59;172;64;25;27;11;9;7;3;0;5;6
2020-11-04 13:36:59;172;64;25;27;11;9;7;3;0;5;6
2020-11-04 13:37:58;172;64;25;27;11;9;7;3;0;5;6
2020-11-04 13:38:59;172;64;25;27;11;9;7;3;0;5;6
2020-11-04 13:39:59;173;64;25;27;11;9;7;3;0;5;6
2020-11-04 13:40:59;173;64;25;27;11;9;7;3;0;5;6
2020-11-04 13:41:59;173;64;25;27;11;9;7;3;0;5;6
2020-11-04 13:42:59;174;64;25;28;11;9;7;3;0;5;6
2020-11-04 13:43:58;175;65;25;28;11;9;7;3;0;5;6
2020-11-04 13:44:59;175;65;25;28;11;9;7;3;0;5;6
2020-11-04 13:45:59;175;65;25;28;11;9;7;3;0;5;6
2020-11-04 13:46:58;175;65;25;28;11;9;7;3;0;5;6
2020-11-04 13:47:59;175;65;25;28;11;9;7;3;0;5;6
2020-11-04 13:48:59;175;65;25;28;11;9;7;3;0;5;6
2020-11-04 13:49:58;175;65;25;28;11;9;7;3;0;5;6
2020-11-04 13:50:59;175;65;25;29;11;9;7;3;0;5;6
2020-11-04 13:51:58;175;65;25;29;11;9;7;3;0;5;6
2020-11-04 13:52:59;175;65;25;29;11;9;7;3;0;5;6
2020-11-04 13:53:59;175;65;25;29;11;9;7;3;0;5;6
2020-11-04 13:54:58;175;65;25;29;11;9;7;3;0;5;6
2020-11-04 13:55:59;176;66;25;29;11;9;7;3;0;5;6
2020-11-04 13:56:59;176;66;25;29;11;9;7;3;0;5;6
2020-11-04 13:57:58;176;66;25;29;11;9;7;3;0;5;6
2020-11-04 13:58:59;176;66;25;29;11;9;7;3;0;5;6
2020-11-04 13:59:59;176;66;25;29;11;9;7;3;0;5;6
2020-11-04 14:00:59;176;66;25;29;11;9;7;3;0;5;6
2020-11-04 14:01:58;176;66;25;29;11;9;7;3;0;5;6
2020-11-04 14:02:59;176;66;25;29;11;9;7;3;0;5;6
2020-11-04 14:03:59;177;67;25;29;11;9;7;3;0;5;6
2020-11-04 14:04:58;177;67;25;29;11;9;7;3;0;5;6
2020-11-04 14:05:59;177;67;25;29;11;9;7;3;0;5;6
2020-11-04 14:06:59;177;67;25;29;11;9;7;3;0;5;6
2020-11-04 14:07:58;177;67;25;29;11;9;7;3;0;5;6
2020-11-04 14:08:59;177;67;25;29;11;9;7;3;0;5;6
2020-11-04 14:09:59;177;67;25;29;11;9;7;3;0;5;6
2020-11-04 14:10:58;177;67;25;29;11;9;7;3;0;5;6
2020-11-04 14:11:59;177;67;25;29;11;9;7;3;0;5;6
2020-11-04 14:12:59;177;67;25;29;11;9;7;3;0;5;6
2020-11-04 14:13:59;177;67;25;29;11;9;7;3;0;5;6
2020-11-04 14:14:58;177;68;25;28;11;9;7;3;0;5;6
2020-11-04 14:15:59;177;68;25;28;11;9;7;3;0;5;6
2020-11-04 14:16:59;177;68;25;28;11;9;7;3;0;5;6
2020-11-04 14:17:58;177;68;25;28;11;9;7;3;0;5;6
2020-11-04 14:18:59;177;68;25;28;11;9;7;3;0;5;6
2020-11-04 14:19:59;177;68;25;28;11;9;7;3;0;5;6
2020-11-04 14:20:59;178;69;25;28;11;9;7;3;0;5;6
2020-11-04 14:21:58;178;69;25;28;11;9;7;3;0;5;6
2020-11-04 14:22:59;178;69;25;28;11;9;7;3;0;5;6
2020-11-04 14:23:59;179;69;25;28;11;9;7;4;0;5;6
2020-11-04 14:24:58;180;69;25;28;11;9;7;4;0;5;6
2020-11-04 14:25:59;181;70;25;28;11;9;7;4;0;5;6
2020-11-04 14:26:58;181;70;25;28;11;9;7;4;0;5;6
2020-11-04 14:27:59;181;70;25;28;11;9;7;4;0;5;6
2020-11-04 14:28:59;181;71;25;27;11;9;7;4;0;5;6
2020-11-04 14:29:59;181;71;25;27;11;9;7;4;0;5;6
2020-11-04 14:30:58;181;71;25;27;11;9;7;4;0;5;6
2020-11-04 14:31:59;181;71;25;27;11;9;7;4;0;5;6
2020-11-04 14:32:59;181;71;25;27;11;9;7;4;0;5;6
2020-11-04 14:33:58;183;72;25;27;11;9;8;4;0;5;6
2020-11-04 14:34:59;183;72;25;27;11;9;8;4;0;5;6
2020-11-04 14:35:59;183;72;25;27;11;9;8;4;0;5;6
2020-11-04 14:36:58;183;72;25;27;11;9;8;4;0;5;6
2020-11-04 14:37:59;183;72;25;27;11;9;8;4;0;5;6
2020-11-04 14:38:58;183;72;25;27;11;9;8;4;0;5;6
2020-11-04 14:39:59;183;72;25;27;11;9;8;4;0;5;6
2020-11-04 14:40:59;183;72;25;27;11;9;8;4;0;5;6
2020-11-04 14:41:58;183;72;25;27;11;9;8;4;0;5;6
2020-11-04 14:42:59;183;72;25;27;11;9;8;4;0;5;6
2020-11-04 14:43:59;185;73;26;27;11;9;8;4;0;5;6
2020-11-04 14:44:58;185;73;26;27;11;9;8;4;0;5;6
2020-11-04 14:45:59;185;73;26;27;11;9;8;4;0;5;6
2020-11-04 14:46:59;185;73;26;27;11;9;8;4;0;5;6
2020-11-04 14:47:59;185;73;26;27;11;9;8;4;0;5;6
2020-11-04 14:48:58;185;73;26;27;11;9;8;4;0;5;6
2020-11-04 14:49:59;185;73;26;27;11;9;8;4;0;5;6
2020-11-04 14:50:58;185;73;26;27;11;9;8;4;0;5;6
2020-11-04 14:51:59;185;73;26;27;11;9;8;4;0;5;6
2020-11-04 14:52:59;185;73;26;27;11;9;8;4;0;5;6
2020-11-04 14:53:58;185;73;26;27;11;9;8;4;0;5;6
2020-11-04 14:54:59;186;73;26;27;11;9;8;4;0;5;7
2020-11-04 14:55:59;186;73;26;27;11;9;8;4;0;5;7
2020-11-04 14:56:59;187;73;27;27;11;9;8;4;0;5;7
2020-11-04 14:57:58;189;74;28;27;11;9;8;4;0;5;7
2020-11-04 14:58:59;189;74;29;27;11;9;8;4;0;5;6
2020-11-04 14:59:59;189;74;29;27;11;9;8;4;0;5;6
2020-11-04 15:00:58;189;74;29;27;11;9;8;4;0;5;6
2020-11-04 15:01:59;189;74;29;27;11;9;8;4;0;5;6
2020-11-04 15:02:59;189;74;29;27;11;9;8;4;0;5;6
2020-11-04 15:03:58;189;74;29;27;11;9;8;4;0;5;6
2020-11-04 15:04:59;189;74;29;27;11;9;8;4;0;5;6
2020-11-04 15:05:59;189;74;29;27;11;9;8;4;0;5;6
2020-11-04 15:06:58;189;74;29;27;11;9;8;4;0;5;6
2020-11-04 15:07:59;189;74;29;27;11;9;8;4;0;5;6
2020-11-04 15:08:59;189;74;29;27;11;9;8;4;0;5;6
2020-11-04 15:10:00;189;74;29;27;11;9;8;4;0;5;6
2020-11-04 15:10:58;191;74;31;27;11;9;8;4;0;5;6
2020-11-04 15:11:59;192;74;31;27;11;9;8;4;0;5;7
2020-11-04 15:13:00;192;74;32;27;11;9;8;4;0;5;6
2020-11-04 15:13:58;192;74;32;27;11;9;8;4;0;5;6
2020-11-04 15:14:59;193;74;32;27;12;9;8;4;0;5;6
2020-11-04 15:16:00;193;74;32;27;12;9;8;4;0;5;6
2020-11-04 15:16:58;193;74;32;27;12;9;8;4;0;5;6
2020-11-04 15:17:59;193;74;32;27;12;9;8;4;0;5;6
2020-11-04 15:18:58;193;74;32;27;12;9;8;4;0;5;6
2020-11-04 15:19:59;193;74;32;27;12;9;8;4;0;5;6
2020-11-04 15:20:59;193;74;32;27;12;9;8;4;0;5;6
2020-11-04 15:21:58;193;74;32;27;12;9;8;4;0;5;6
2020-11-04 15:22:59;193;74;32;27;12;9;8;4;0;5;6
2020-11-04 15:23:59;193;74;32;27;12;9;8;4;0;5;6
2020-11-04 15:24:58;193;74;32;27;12;9;8;4;0;5;6
2020-11-04 15:25:59;193;74;32;27;12;9;8;4;0;5;6
2020-11-04 15:26:59;193;74;32;27;12;9;8;4;0;5;6
2020-11-04 15:27:58;193;74;32;27;12;9;8;4;0;5;6
2020-11-04 15:28:59;193;74;32;27;12;9;8;4;0;5;6
2020-11-04 15:29:59;193;74;32;27;12;9;8;4;0;5;6
2020-11-04 15:30:58;193;74;32;27;12;9;8;4;0;5;6
2020-11-04 15:31:59;194;74;32;27;12;9;8;4;0;5;6
2020-11-04 15:32:59;194;74;32;27;12;9;8;4;0;5;6
2020-11-04 15:33:58;194;74;32;27;12;9;8;4;0;5;6
2020-11-04 15:34:59;194;74;32;27;12;9;8;4;0;5;6
2020-11-04 15:35:59;194;74;32;27;12;9;8;4;0;5;6
2020-11-04 15:36:58;194;74;32;27;12;9;8;4;0;5;6
2020-11-04 15:37:59;194;74;32;27;12;9;8;4;0;5;6
2020-11-04 15:38:59;194;74;32;27;12;9;8;4;0;5;6
2020-11-04 15:39:59;194;74;32;27;12;9;8;4;0;5;6
2020-11-04 15:40:58;194;74;32;27;12;9;8;4;0;5;6
2020-11-04 15:41:59;194;74;32;27;12;9;8;4;0;5;6
2020-11-04 15:42:59;195;74;32;28;12;9;8;4;0;5;6
2020-11-04 15:43:58;195;74;32;28;12;9;8;4;0;5;6
2020-11-04 15:44:59;195;74;32;28;12;9;8;4;0;5;6
2020-11-04 15:45:59;195;74;32;28;12;9;8;4;0;5;6
2020-11-04 15:46:58;195;74;32;28;12;9;8;4;0;5;6
2020-11-04 15:47:59;195;74;32;28;12;9;8;4;0;5;6
2020-11-04 15:48:59;195;74;32;28;12;9;8;4;0;5;6
2020-11-04 15:49:58;195;74;32;28;12;9;8;4;0;5;6
2020-11-04 15:50:59;195;74;32;28;12;9;8;4;0;5;6
2020-11-04 15:51:59;195;74;32;28;12;9;8;4;0;5;6
2020-11-04 15:52:58;196;74;33;28;12;9;8;4;0;5;6
2020-11-04 15:53:59;196;74;33;28;12;9;8;4;0;5;6
2020-11-04 15:54:59;196;74;33;28;12;9;8;4;0;5;6
2020-11-04 15:55:58;196;74;33;28;12;9;8;4;0;5;6
2020-11-04 15:56:59;196;73;34;28;12;9;8;4;0;5;6
2020-11-04 15:57:59;196;73;34;28;12;9;8;4;0;5;6
2020-11-04 15:58:58;196;73;34;28;12;9;8;4;0;5;6
2020-11-04 15:59:59;197;73;34;28;12;9;8;5;0;5;6
2020-11-04 16:00:58;197;73;34;28;12;9;8;5;0;5;6
2020-11-04 16:01:59;197;73;34;28;12;9;8;5;0;5;6
2020-11-04 16:02:59;197;73;34;28;12;9;8;5;0;5;6
2020-11-04 16:03:58;197;73;34;28;12;9;8;5;0;5;6
2020-11-04 16:04:59;197;73;34;28;12;9;8;5;0;5;6
2020-11-04 16:05:59;197;73;34;28;12;9;8;5;0;5;6
2020-11-04 16:06:58;198;73;34;28;12;9;8;5;0;5;6
2020-11-04 16:07:59;198;73;34;28;12;9;8;5;0;5;6
2020-11-04 16:08:59;198;73;34;28;12;9;8;5;0;5;6
2020-11-04 16:09:58;198;73;34;28;12;9;8;5;0;5;6
2020-11-04 16:10:59;198;73;34;28;12;9;8;5;0;5;6
2020-11-04 16:11:59;198;73;34;28;12;9;8;5;0;5;6
2020-11-04 16:12:58;198;73;34;28;12;9;8;5;0;5;6
2020-11-04 16:13:59;198;73;34;28;12;9;8;5;0;5;6
2020-11-04 16:14:59;199;73;35;28;12;9;8;5;0;5;6
2020-11-04 16:15:58;199;73;35;28;12;9;8;5;0;5;6
2020-11-04 16:16:59;199;73;35;28;12;9;8;5;0;5;6
2020-11-04 16:17:59;199;73;35;28;12;9;8;5;0;5;6
2020-11-04 16:18:58;200;74;35;28;12;9;8;5;0;5;6
2020-11-04 16:19:59;200;74;35;28;12;9;8;5;0;5;6
2020-11-04 16:20:59;200;74;35;28;12;9;8;5;0;5;6
2020-11-04 16:21:58;200;74;35;28;12;9;8;5;0;5;6
2020-11-04 16:22:59;200;74;35;28;12;9;8;5;0;5;6
2020-11-04 16:23:59;200;74;35;28;12;9;8;5;0;5;6
2020-11-04 16:24:58;200;74;35;28;12;9;8;5;0;5;6
2020-11-04 16:25:59;200;74;35;28;12;9;8;5;0;5;6
2020-11-04 16:26:59;200;74;35;28;12;9;8;5;0;5;6
2020-11-04 16:28:00;200;74;35;28;12;9;8;5;0;5;6
2020-11-04 16:28:58;200;74;35;28;12;9;8;5;0;5;6
2020-11-04 16:29:59;200;74;35;28;12;9;8;5;0;5;6
2020-11-04 16:30:58;200;74;35;28;12;9;8;5;0;5;6
2020-11-04 16:31:59;200;74;35;28;12;9;8;5;0;5;6
2020-11-04 16:32:59;200;74;35;28;12;9;8;5;0;5;6
2020-11-04 16:33:58;200;74;35;28;12;9;8;5;0;5;6
2020-11-04 16:34:59;200;74;35;28;12;9;8;5;0;5;6
2020-11-04 16:35:59;200;74;35;28;12;9;8;5;0;5;6
2020-11-04 16:36:58;200;74;35;28;12;9;8;5;0;5;6
2020-11-04 16:37:59;200;74;35;28;12;9;8;5;0;5;6
2020-11-04 16:38:59;200;74;35;28;12;9;8;5;0;5;6
2020-11-04 16:39:58;200;74;35;28;12;9;8;5;0;5;6
2020-11-04 16:40:59;201;74;35;28;13;9;8;5;0;5;6
2020-11-04 16:41:59;201;74;35;28;13;9;8;5;0;5;6
2020-11-04 16:42:59;202;74;35;28;14;9;8;5;0;5;6
2020-11-04 16:43:58;202;74;35;28;14;9;8;5;0;5;6
2020-11-04 16:44:59;202;74;35;28;14;9;8;5;0;5;6
2020-11-04 16:45:59;202;74;35;28;14;9;8;5;0;5;6
2020-11-04 16:46:58;202;74;35;28;14;9;8;5;0;5;6
2020-11-04 16:47:59;202;74;35;28;14;9;8;5;0;5;6
2020-11-04 16:48:58;202;74;35;28;14;9;8;5;0;5;6
2020-11-04 16:49:59;202;74;35;28;14;9;8;5;0;5;6
2020-11-04 16:50:59;202;74;35;28;14;9;8;5;0;5;6
2020-11-04 16:51:59;202;74;35;28;14;9;8;5;0;5;6
2020-11-04 16:52:58;202;74;35;28;14;9;8;5;0;5;6
2020-11-04 16:53:59;202;74;35;28;14;9;8;5;0;5;6
2020-11-04 16:54:59;203;75;35;28;14;9;8;5;0;5;6
2020-11-04 16:55:58;204;76;35;28;15;9;8;5;0;5;6
2020-11-04 16:56:59;204;76;35;28;15;9;8;5;0;5;6
2020-11-04 16:57:59;203;76;35;28;15;9;8;5;0;4;6
2020-11-04 16:58:58;203;76;35;28;15;9;8;5;0;4;6
2020-11-04 16:59:59;203;76;35;28;15;9;8;5;0;4;6
2020-11-04 17:00:59;203;76;35;28;15;9;8;5;0;4;6
2020-11-04 17:01:58;203;76;35;28;15;9;8;5;0;4;6
2020-11-04 17:02:59;203;76;35;28;15;9;8;5;0;4;6
2020-11-04 17:03:58;203;76;35;28;15;9;8;5;0;4;6
2020-11-04 17:04:59;203;76;35;28;15;9;8;5;0;4;6
2020-11-04 17:05:59;204;76;35;29;15;9;8;5;0;4;6
2020-11-04 17:06:58;204;76;35;29;15;9;8;5;0;4;6
2020-11-04 17:07:59;205;76;36;29;15;9;8;5;0;4;6
2020-11-04 17:08:59;206;76;37;29;15;9;8;5;0;4;6
2020-11-04 17:09:59;206;76;37;29;15;9;8;5;0;4;6
2020-11-04 17:10:58;206;76;37;29;15;9;8;5;0;4;6
2020-11-04 17:11:59;206;76;37;29;15;9;8;5;0;4;6
2020-11-04 17:12:58;206;76;37;29;15;9;8;5;0;4;6
2020-11-04 17:13:59;206;76;37;29;15;9;8;5;0;4;6
2020-11-04 17:14:59;206;76;37;29;15;9;8;5;0;4;6
2020-11-04 17:15:58;206;76;37;29;15;9;8;5;0;4;6
2020-11-04 17:16:59;206;76;37;29;15;9;8;5;0;4;6
2020-11-04 17:17:58;206;76;37;29;15;9;8;5;0;4;6
2020-11-04 17:18:59;206;76;37;29;15;9;8;5;0;4;5
2020-11-04 17:19:59;206;76;37;29;15;9;8;5;0;4;5
2020-11-04 17:20:58;206;76;37;29;15;9;8;5;0;4;5
2020-11-04 17:21:59;206;76;37;29;15;9;8;5;0;4;5
2020-11-04 17:22:59;206;76;37;29;15;9;8;5;0;4;5
2020-11-04 17:23:58;207;77;37;29;15;9;8;5;0;4;5
2020-11-04 17:24:59;207;77;37;29;15;9;8;5;0;4;5
2020-11-04 17:25:58;208;77;37;30;15;9;8;5;0;4;5
2020-11-04 17:26:59;208;77;37;30;15;9;8;5;0;4;5
2020-11-04 17:27:59;208;77;37;30;15;9;8;5;0;4;5
2020-11-04 17:28:58;209;77;37;30;15;10;8;5;0;4;5
2020-11-04 17:29:59;209;77;37;30;15;10;8;5;0;4;5
2020-11-04 17:30:59;209;77;38;30;15;10;8;5;0;4;4
2020-11-04 17:31:58;209;77;38;30;15;10;8;5;0;4;4
2020-11-04 17:32:59;209;77;38;30;15;10;8;5;0;4;4
2020-11-04 17:33:58;209;77;38;30;15;10;8;5;0;4;4
2020-11-04 17:34:59;209;77;38;30;15;10;8;5;0;4;4
2020-11-04 17:35:59;209;77;38;30;15;10;8;5;0;4;4
2020-11-04 17:36:58;209;77;38;30;15;10;8;5;0;4;4
2020-11-04 17:37:59;209;77;38;30;15;10;8;5;0;4;4
2020-11-04 17:38:59;210;77;39;30;15;10;8;5;0;4;4
2020-11-04 17:39:58;210;77;39;30;15;10;8;5;0;4;4
2020-11-04 17:41:00;210;77;39;30;15;10;8;5;0;4;4
2020-11-04 17:41:58;210;77;39;30;15;10;8;5;0;4;4
2020-11-04 17:42:59;211;77;40;30;15;10;8;5;0;4;4
2020-11-04 17:43:59;213;77;41;30;15;10;8;5;0;4;4
2020-11-04 17:44:58;213;77;41;30;15;10;8;5;0;4;4
2020-11-04 17:45:59;214;78;41;30;15;10;8;5;0;4;4
2020-11-04 17:46:59;214;78;41;30;15;10;8;5;0;4;4
2020-11-04 17:47:58;215;78;42;30;15;10;8;5;0;4;4
2020-11-04 17:48:59;215;78;42;30;15;10;8;5;0;4;4
2020-11-04 17:49:59;215;78;42;30;15;10;8;5;0;4;4
2020-11-04 17:50:58;215;78;42;30;15;10;8;5;0;4;4
2020-11-04 17:51:59;215;78;42;30;15;10;8;5;0;4;4
2020-11-04 17:52:59;215;78;42;30;15;10;8;5;0;4;4
2020-11-04 17:53:58;216;78;42;30;15;11;8;5;0;4;4
2020-11-04 17:54:59;216;78;42;30;15;11;8;5;0;4;4
2020-11-04 17:55:59;216;78;42;30;15;11;8;5;0;4;4
2020-11-04 17:56:59;217;78;42;31;15;11;8;5;0;4;4
2020-11-04 17:57:58;217;78;42;31;15;11;8;5;0;4;4
2020-11-04 17:58:59;217;78;42;31;15;11;8;5;0;4;4
2020-11-04 17:59:59;217;78;42;31;15;11;8;5;0;4;4
2020-11-04 18:00:58;218;78;42;31;15;11;9;5;0;4;4
2020-11-04 18:01:59;218;78;42;31;15;11;9;5;0;4;4
2020-11-04 18:02:59;218;78;42;31;15;11;9;5;0;4;4
2020-11-04 18:03:58;218;78;42;31;15;11;9;5;0;4;4
2020-11-04 18:04:59;218;78;42;31;15;11;9;5;0;4;4
2020-11-04 18:05:59;218;78;42;31;15;11;9;5;0;4;4
2020-11-04 18:06:58;219;78;42;32;15;11;9;5;0;4;4
2020-11-04 18:07:59;219;78;42;32;15;11;9;5;0;4;4
2020-11-04 18:08:59;220;79;42;32;15;11;9;5;0;4;4
2020-11-04 18:09:58;220;79;42;32;15;11;9;5;0;4;4
2020-11-04 18:10:59;220;79;42;32;15;11;9;5;0;4;4
2020-11-04 18:11:59;220;79;42;32;15;11;9;5;0;4;4
2020-11-04 18:13:00;220;79;42;32;15;11;9;5;0;4;4
2020-11-04 18:13:58;220;79;42;32;15;11;9;5;0;4;4
2020-11-04 18:14:59;220;79;42;32;15;11;9;5;0;4;4
2020-11-04 18:15:58;220;79;42;32;15;11;9;5;0;4;4
2020-11-04 18:16:59;220;79;42;32;15;11;9;5;0;4;4
2020-11-04 18:17:59;220;79;42;32;15;11;9;5;0;4;4
2020-11-04 18:18:58;220;79;42;32;15;11;9;5;0;4;4
2020-11-04 18:19:59;220;79;42;32;15;11;9;5;0;4;4
2020-11-04 18:20:58;220;79;42;32;15;11;9;5;0;4;4
2020-11-04 18:21:59;220;79;42;32;15;11;9;5;0;4;4
2020-11-04 18:22:59;220;79;42;32;15;11;9;5;0;4;4
2020-11-04 18:23:58;221;80;42;32;15;11;9;5;0;4;4
2020-11-04 18:24:59;221;80;42;32;15;11;9;5;0;4;4
2020-11-04 18:25:58;221;80;42;32;15;11;9;5;0;4;4
2020-11-04 18:26:59;221;80;42;32;15;11;9;5;0;4;4
2020-11-04 18:27:59;221;80;42;32;15;11;9;5;0;4;4
2020-11-04 18:28:58;221;80;42;32;15;11;9;5;0;4;4
2020-11-04 18:29:59;221;80;42;32;15;11;9;5;0;4;4
2020-11-04 18:30:58;221;80;42;32;15;11;9;5;0;4;4
2020-11-04 18:31:59;221;80;42;32;15;11;9;5;0;4;4
2020-11-04 18:32:59;221;80;42;32;15;11;9;5;0;4;4
2020-11-04 18:33:58;222;80;42;33;15;11;9;5;0;4;4
2020-11-04 18:34:59;222;80;42;33;15;11;9;5;0;4;4
2020-11-04 18:35:58;222;80;42;33;15;11;9;5;0;4;4
2020-11-04 18:36:59;222;80;42;33;15;11;9;5;0;4;4
2020-11-04 18:37:59;222;80;42;33;15;11;9;5;0;4;4
2020-11-04 18:38:58;222;80;42;33;15;11;9;5;0;4;4
2020-11-04 18:39:59;222;80;42;33;15;11;9;5;0;4;4
2020-11-04 18:40:58;222;80;42;33;15;11;9;5;0;4;4
2020-11-04 18:41:59;222;80;42;33;15;11;9;5;0;4;4
2020-11-04 18:42:59;222;80;42;33;15;11;9;5;0;4;4
2020-11-04 18:43:59;222;80;42;33;15;11;9;5;0;4;4
2020-11-04 18:44:58;222;80;42;33;15;11;9;5;0;4;4
2020-11-04 18:45:59;222;80;42;33;15;11;9;5;0;4;4
2020-11-04 18:46:59;222;80;43;32;15;11;9;5;0;4;4
2020-11-04 18:47:58;222;79;44;32;15;11;9;5;0;4;4
2020-11-04 18:48:59;222;79;44;32;15;11;9;5;0;4;4
2020-11-04 18:49:58;222;79;44;32;15;11;9;5;0;4;4
2020-11-04 18:50:59;222;79;44;32;15;11;9;5;0;4;4
2020-11-04 18:51:58;222;79;44;32;15;11;9;5;0;4;4
2020-11-04 18:52:59;222;79;44;32;15;11;9;5;0;4;4
2020-11-04 18:53:59;222;79;44;32;15;11;9;5;0;4;4
2020-11-04 18:54:58;222;79;44;32;15;11;9;5;0;4;4
2020-11-04 18:55:59;222;79;44;32;15;11;9;5;0;4;4
2020-11-04 18:56:59;222;79;44;32;15;11;9;5;0;4;4
2020-11-04 18:57:58;222;79;44;32;15;11;9;5;0;4;4
2020-11-04 18:58:59;222;79;44;32;15;11;9;5;0;4;4
2020-11-04 18:59:59;223;79;44;32;16;11;9;5;0;4;4
2020-11-04 19:00:58;223;79;44;32;16;11;9;5;0;4;4
2020-11-04 19:01:59;223;79;44;32;16;11;9;5;0;4;4
2020-11-04 19:02:59;223;79;44;32;16;11;9;5;0;4;4
2020-11-04 19:04:00;223;79;44;32;16;11;9;5;0;4;4
2020-11-04 19:04:59;223;79;44;32;16;11;9;5;0;4;4
2020-11-04 19:05:59;223;79;44;32;16;11;9;5;0;4;4
2020-11-04 19:06:59;223;79;44;32;16;11;9;5;0;4;4
2020-11-04 19:07:58;223;79;44;32;16;11;9;5;0;4;4
2020-11-04 19:08:59;223;79;44;32;16;11;9;5;0;4;4
2020-11-04 19:09:59;223;79;44;32;16;11;9;5;0;4;4
2020-11-04 19:10:58;223;79;44;32;16;11;9;5;0;4;4
2020-11-04 19:11:59;223;79;44;32;16;11;9;5;0;4;4
2020-11-04 19:12:59;223;79;44;32;16;11;9;5;0;4;4
2020-11-04 19:14:00;223;79;44;32;16;11;9;5;0;4;4
2020-11-04 19:14:58;225;81;44;32;16;11;9;5;0;4;4
2020-11-04 19:15:59;226;81;44;32;16;11;9;5;0;4;4
2020-11-04 19:16:58;226;81;44;32;16;11;9;5;0;4;4
2020-11-04 19:17:59;226;81;44;32;16;11;9;5;0;4;4
2020-11-04 19:18:59;226;81;44;32;16;11;9;5;0;4;4
2020-11-04 19:19:58;226;81;44;32;16;11;9;5;0;4;4
2020-11-04 19:20:59;226;81;44;32;16;11;9;5;0;4;4
2020-11-04 19:21:59;226;81;44;32;16;11;9;5;0;4;4
2020-11-04 19:22:58;227;82;44;32;16;11;9;5;0;4;4
2020-11-04 19:23:59;227;82;44;32;16;11;9;5;0;4;4
2020-11-04 19:24:59;227;82;44;32;16;11;9;5;0;4;4
2020-11-04 19:25:58;227;82;44;32;16;11;9;5;0;4;4
2020-11-04 19:26:59;227;82;44;32;16;11;9;5;0;4;4
2020-11-04 19:27:58;227;82;44;32;16;11;9;5;0;4;4
2020-11-04 19:28:59;228;82;44;32;16;11;9;5;0;4;4
2020-11-04 19:29:59;228;82;44;32;16;11;9;5;0;4;4
2020-11-04 19:30:59;229;82;45;32;16;11;9;5;0;4;4
2020-11-04 19:31:58;229;82;45;32;16;11;9;5;0;4;4
2020-11-04 19:32:59;229;82;45;32;16;11;9;5;0;4;4
2020-11-04 19:33:58;229;82;45;32;16;11;9;5;0;4;4
2020-11-04 19:34:59;229;82;45;32;16;11;9;5;0;4;4
2020-11-04 19:35:59;229;82;45;32;16;11;9;5;0;4;4
2020-11-04 19:36:58;229;82;45;32;16;11;9;5;0;4;4
2020-11-04 19:37:59;229;82;45;32;16;11;9;5;0;4;4
2020-11-04 19:38:59;230;82;46;32;16;11;9;5;0;4;4
2020-11-04 19:40:00;230;82;46;32;16;11;9;5;0;4;4
2020-11-04 19:40:58;230;82;46;32;16;11;9;5;0;4;4
2020-11-04 19:41:59;230;82;46;32;16;11;9;5;0;4;4
2020-11-04 19:42:59;230;82;46;32;16;11;9;5;0;4;4
2020-11-04 19:43:58;230;82;46;32;16;11;9;5;0;4;4
2020-11-04 19:44:59;230;82;46;32;16;11;9;5;0;4;4
2020-11-04 19:45:59;230;82;46;32;16;11;9;5;0;4;4
2020-11-04 19:46:59;230;82;46;32;16;11;9;5;0;4;4
2020-11-04 19:47:58;230;82;46;32;16;11;9;5;0;4;4
2020-11-04 19:48:59;231;82;46;32;16;11;10;5;0;4;4
2020-11-04 19:49:59;232;82;47;32;16;11;10;5;0;4;4
2020-11-04 19:50:58;232;82;47;32;16;11;10;5;0;4;4
2020-11-04 19:51:59;232;82;47;32;16;11;10;5;0;4;4
2020-11-04 19:52:58;233;82;48;32;16;11;10;5;0;4;4
2020-11-04 19:53:59;233;82;48;32;16;11;10;5;0;4;4
2020-11-04 19:54:59;234;82;48;32;16;11;10;5;0;5;4
2020-11-04 19:55:58;234;82;48;32;16;11;10;5;0;5;4
2020-11-04 19:56:59;234;82;48;32;16;11;10;5;0;5;4
2020-11-04 19:57:59;235;82;49;33;16;11;10;5;0;5;3
2020-11-04 19:58:58;235;82;49;33;16;11;10;5;0;5;3
2020-11-04 19:59:59;235;82;49;33;16;11;10;5;0;5;3
2020-11-04 20:00:59;236;83;49;33;16;11;10;5;0;5;3
2020-11-04 20:01:58;237;84;49;33;16;11;10;5;0;5;3
2020-11-04 20:02:59;237;84;49;33;16;11;10;5;0;5;3
2020-11-04 20:03:59;237;84;49;33;16;11;10;5;0;5;3
2020-11-04 20:04:58;237;84;49;33;16;11;10;5;0;5;3
2020-11-04 20:05:59;237;84;49;33;16;11;10;5;0;5;3
2020-11-04 20:06:58;237;84;49;33;16;11;10;5;0;5;3
2020-11-04 20:07:59;237;84;49;33;16;11;10;5;0;5;3
2020-11-04 20:08:59;237;84;49;33;16;11;10;5;0;5;3
2020-11-04 20:09:58;237;84;49;33;16;11;10;5;0;5;3
2020-11-04 20:10:59;237;84;49;33;16;11;10;5;0;5;3
2020-11-04 20:11:59;237;84;49;33;16;11;10;5;0;5;3
2020-11-04 20:12:58;238;84;50;33;16;11;10;5;0;5;3
2020-11-04 20:13:59;238;84;50;33;16;11;10;5;0;5;3
2020-11-04 20:14:59;238;84;50;33;16;11;10;5;0;5;3
2020-11-04 20:15:58;239;84;50;34;16;11;10;5;0;5;3
2020-11-04 20:16:59;240;84;51;34;16;11;10;5;0;5;3
2020-11-04 20:17:59;241;84;51;34;17;11;10;5;0;5;3
2020-11-04 20:18:58;241;84;52;34;17;11;10;5;0;5;3
2020-11-04 20:19:59;241;83;53;34;17;11;10;5;0;5;3
2020-11-04 20:20:59;241;83;53;34;17;11;10;5;0;5;3
2020-11-04 20:21:59;242;83;54;34;17;11;10;5;0;5;3
2020-11-04 20:22:58;242;83;54;34;17;11;10;5;0;5;3
2020-11-04 20:23:59;243;83;54;34;17;11;10;5;0;6;3
2020-11-04 20:24:59;243;83;54;34;17;11;10;5;0;6;3
2020-11-04 20:25:58;243;83;54;34;17;11;10;5;0;6;3
2020-11-04 20:26:59;243;83;54;34;17;11;10;5;0;6;3
2020-11-04 20:27:58;243;83;54;34;17;11;10;5;0;6;3
2020-11-04 20:28:59;243;83;54;34;17;11;10;5;0;6;3
2020-11-04 20:29:59;243;83;54;34;17;11;10;5;0;6;3
2020-11-04 20:30:58;243;83;54;34;17;11;10;5;0;6;3
2020-11-04 20:31:59;243;83;54;34;17;11;10;5;0;6;3
2020-11-04 20:32:59;243;83;54;34;17;11;10;5;0;6;3
2020-11-04 20:33:58;243;82;55;34;17;11;10;5;0;6;3
2020-11-04 20:34:59;244;82;55;34;17;11;10;5;0;6;3
2020-11-04 20:35:59;245;82;55;34;17;11;10;5;3;6;0
2020-11-04 20:36:58;245;82;55;34;17;11;10;5;3;6;0
2020-11-04 20:37:59;245;82;55;34;17;11;10;5;3;6;0
2020-11-04 20:38:59;246;82;56;34;17;11;10;5;3;6;0
2020-11-04 20:39:58;246;82;56;34;17;11;10;5;3;6;0
2020-11-04 20:40:59;246;82;56;34;17;11;10;5;3;6;0
2020-11-04 20:41:59;247;82;57;34;17;11;10;5;3;6;0
2020-11-04 20:42:58;247;82;57;34;17;11;10;5;3;6;0
2020-11-04 20:43:59;247;82;57;34;17;11;10;5;3;6;0
2020-11-04 20:44:59;247;82;57;34;17;11;10;5;3;6;0
2020-11-04 20:45:58;248;82;57;34;17;11;10;5;4;6;0
2020-11-04 20:46:59;248;82;57;34;17;11;10;5;4;6;0
2020-11-04 20:47:59;248;82;57;34;17;11;10;5;4;6;0
2020-11-04 20:48:58;248;82;57;34;17;11;10;5;4;6;0
2020-11-04 20:49:59;248;82;57;34;17;11;10;5;4;6;0
2020-11-04 20:50:59;248;82;57;34;17;11;10;5;4;6;0
2020-11-04 20:51:58;248;82;57;34;17;11;10;5;4;6;0
2020-11-04 20:52:59;248;81;58;34;17;11;10;5;4;6;0
2020-11-04 20:53:59;248;81;58;34;17;11;10;5;4;6;0
2020-11-04 20:54:58;248;81;58;34;17;11;10;5;4;6;0
2020-11-04 20:55:59;248;81;58;34;17;11;10;5;4;6;0
2020-11-04 20:56:59;248;81;58;34;17;11;10;5;4;6;0
2020-11-04 20:57:58;249;81;58;34;18;11;10;5;4;6;0
2020-11-04 20:58:59;249;81;58;34;18;11;10;5;4;6;0
2020-11-04 20:59:59;249;81;58;34;18;11;10;5;4;6;0
2020-11-04 21:00:58;249;81;58;34;18;11;10;5;4;6;0
2020-11-04 21:01:59;249;81;58;34;18;11;10;5;4;6;0
2020-11-04 21:02:59;250;81;59;34;18;11;10;5;4;6;0
2020-11-04 21:03:58;250;81;59;34;18;11;10;5;4;6;0
2020-11-04 21:04:59;250;81;59;34;18;11;10;5;4;6;0
2020-11-04 21:05:59;250;81;59;34;18;11;10;5;4;6;0
2020-11-04 21:06:58;251;81;59;35;18;11;10;5;4;6;0
2020-11-04 21:07:59;251;81;59;35;18;11;10;5;4;6;0
2020-11-04 21:08:59;251;81;59;35;18;11;10;5;4;6;0
2020-11-04 21:09:58;251;81;59;35;18;11;10;5;4;6;0
2020-11-04 21:10:59;252;82;59;35;18;11;10;5;4;6;0
2020-11-04 21:11:59;252;82;59;35;18;11;10;5;4;6;0
2020-11-04 21:12:58;252;82;59;35;18;11;10;5;4;6;0
2020-11-04 21:13:59;252;82;59;35;18;11;10;5;4;6;0
2020-11-04 21:14:59;252;82;59;35;18;11;10;5;4;6;0
2020-11-04 21:15:58;252;82;59;35;18;11;10;5;4;6;0
2020-11-04 21:16:59;252;82;59;35;18;11;10;5;4;6;0
2020-11-04 21:17:59;252;82;59;35;18;11;10;5;4;6;0
2020-11-04 21:18:58;252;82;59;35;18;11;10;5;4;6;0
2020-11-04 21:19:59;252;82;59;35;18;11;10;5;4;6;0
2020-11-04 21:20:59;252;82;59;35;18;11;10;5;4;6;0
2020-11-04 21:21:58;252;82;59;35;18;11;10;5;4;6;0
2020-11-04 21:22:59;252;82;59;35;18;11;10;5;4;6;0
2020-11-04 21:23:59;252;82;59;35;18;11;10;5;4;6;0
2020-11-04 21:24:58;252;82;59;35;18;11;10;5;4;6;0
2020-11-04 21:25:59;252;82;59;35;18;11;10;5;4;6;0
2020-11-04 21:26:59;252;81;60;35;18;11;10;5;4;6;0
2020-11-04 21:27:58;252;81;60;35;18;11;10;5;4;6;0
2020-11-04 21:28:59;253;81;61;35;18;11;10;5;4;6;0
2020-11-04 21:29:59;253;81;61;35;18;11;10;5;4;6;0
2020-11-04 21:30:58;253;81;61;35;18;11;10;5;4;6;0
2020-11-04 21:31:59;253;81;61;35;18;11;10;5;4;6;0
2020-11-04 21:32:58;252;81;61;35;18;11;10;5;4;6;0
2020-11-04 21:33:59;252;81;61;35;18;11;10;5;4;6;0
2020-11-04 21:34:59;252;81;61;35;18;11;10;5;4;6;0
2020-11-04 21:35:58;252;81;61;35;18;11;10;5;4;6;0
2020-11-04 21:36:59;252;81;61;35;18;11;10;5;4;6;0
2020-11-04 21:37:59;252;81;61;35;18;11;10;5;4;6;0
2020-11-04 21:38:58;252;81;61;35;18;11;10;5;4;6;0
2020-11-04 21:39:59;253;81;61;35;18;11;10;5;4;6;0
2020-11-04 21:40:59;253;81;61;35;18;11;10;5;4;6;0
2020-11-04 21:41:58;253;81;61;35;18;11;10;5;4;6;0
2020-11-04 21:42:59;253;81;61;35;18;11;10;5;4;6;0
2020-11-04 21:43:59;253;81;61;35;18;11;10;5;4;6;0
2020-11-04 21:44:58;253;81;63;35;18;11;10;5;4;6;3
2020-11-04 21:45:59;253;81;63;35;18;11;10;5;4;6;3
2020-11-04 21:46:59;253;81;63;35;18;11;10;5;4;6;3
2020-11-04 21:47:58;253;81;63;35;18;11;10;5;4;6;3
2020-11-04 21:48:59;253;81;63;35;18;11;10;5;4;6;3
2020-11-04 21:49:59;253;81;63;35;18;11;10;5;4;6;3
2020-11-04 21:50:58;253;81;63;35;18;11;10;5;4;6;3
2020-11-04 21:51:59;254;82;63;35;18;11;10;5;4;6;3
2020-11-04 21:52:59;254;82;63;35;18;11;10;5;4;6;3
2020-11-04 21:53:59;254;82;63;35;18;11;10;5;4;6;3
2020-11-04 21:54:58;254;82;63;35;18;11;10;5;4;6;3
2020-11-04 21:55:59;254;82;63;35;18;11;10;5;4;6;3
2020-11-04 21:56:58;254;82;63;35;18;11;10;5;4;6;3
2020-11-04 21:57:59;254;82;63;35;18;11;10;5;4;6;3
2020-11-04 21:58:59;254;82;63;35;18;11;10;5;4;6;3
2020-11-04 21:59:58;254;81;64;35;18;11;10;5;4;6;3
2020-11-04 22:00:59;254;81;64;35;18;11;10;5;4;6;3
2020-11-04 22:01:59;254;81;64;35;18;11;10;5;4;6;3
2020-11-04 22:02:58;254;81;64;35;18;11;10;5;4;6;3
2020-11-04 22:03:59;254;81;64;35;18;11;10;5;4;6;3
2020-11-04 22:04:59;254;81;64;35;18;11;10;5;4;6;3
2020-11-04 22:05:58;254;81;64;35;18;11;10;5;4;6;3
2020-11-04 22:06:59;254;81;64;35;18;11;10;5;4;6;3
2020-11-04 22:07:59;254;81;64;35;18;11;10;5;4;6;3
2020-11-04 22:08:58;254;81;64;35;18;11;10;5;4;6;3
2020-11-04 22:09:59;254;81;64;35;18;11;10;5;4;6;3
2020-11-04 22:10:59;254;81;64;35;18;11;10;5;4;6;3
2020-11-04 22:11:58;254;80;66;35;18;11;10;5;4;5;3
2020-11-04 22:12:59;254;80;66;35;18;11;10;5;4;5;3
2020-11-04 22:13:58;254;80;66;35;18;11;10;5;4;5;3
2020-11-04 22:14:59;254;80;66;35;18;11;10;5;4;5;3
2020-11-04 22:15:59;254;81;66;34;18;11;10;5;4;5;3
2020-11-04 22:16:58;255;81;67;34;18;11;10;5;4;5;3
2020-11-04 22:17:59;255;81;67;34;18;11;10;5;4;5;3
2020-11-04 22:18:59;255;81;67;34;18;11;10;5;4;5;3
2020-11-04 22:19:58;256;82;67;34;18;11;10;5;4;5;3
2020-11-04 22:20:59;256;82;67;34;18;11;10;5;4;5;3
2020-11-04 22:21:59;256;82;67;34;18;11;10;5;4;5;3
2020-11-04 22:22:58;257;83;67;34;18;11;10;5;4;5;3
2020-11-04 22:23:59;257;83;67;34;18;11;10;5;4;5;3
2020-11-04 22:24:59;257;83;67;34;18;11;10;5;4;5;3
2020-11-04 22:25:58;257;83;67;34;18;11;10;5;4;5;3
2020-11-04 22:26:59;258;83;67;34;18;11;10;6;4;5;3
2020-11-04 22:27:59;258;83;67;34;18;11;10;6;4;5;3
2020-11-04 22:28:58;258;83;67;34;18;11;10;6;4;5;3
2020-11-04 22:29:59;258;83;67;34;18;11;10;6;4;5;3
2020-11-04 22:30:59;258;83;67;34;18;11;10;6;4;5;3
2020-11-04 22:31:58;259;84;67;34;18;11;10;6;4;5;3
2020-11-04 22:32:59;259;84;67;34;18;11;10;6;4;5;3
2020-11-04 22:33:58;259;84;67;34;18;11;10;6;4;5;3
2020-11-04 22:34:59;259;84;67;34;18;11;10;6;4;5;3
2020-11-04 22:35:59;260;84;67;35;18;11;10;6;4;5;3
2020-11-04 22:36:58;260;84;67;35;18;11;10;6;4;5;3
2020-11-04 22:37:59;260;84;67;35;18;11;10;6;4;5;3
2020-11-04 22:38:59;260;84;67;35;18;11;10;6;4;5;3
2020-11-04 22:39:58;260;84;67;35;18;11;10;6;4;5;3
2020-11-04 22:40:59;260;84;67;35;18;11;10;6;4;5;3
2020-11-04 22:41:59;260;85;67;35;18;11;9;6;4;5;3
2020-11-04 22:42:58;260;85;67;35;18;11;9;6;4;5;3
2020-11-04 22:43:59;260;85;67;35;18;11;9;6;4;5;3
2020-11-04 22:44:59;260;85;67;35;18;11;9;6;4;5;3
2020-11-04 22:45:58;260;85;67;35;18;11;9;6;4;5;3
2020-11-04 22:46:59;260;85;67;35;18;11;9;6;4;5;3
2020-11-04 22:47:59;260;85;67;35;18;11;9;6;4;5;3
2020-11-04 22:48:58;260;84;68;35;18;11;9;6;4;5;3
2020-11-04 22:49:59;261;84;69;35;18;11;9;6;4;5;3
2020-11-04 22:50:59;261;84;69;35;18;11;9;6;4;5;3
2020-11-04 22:51:58;261;84;69;35;18;11;9;6;4;5;3
2020-11-04 22:52:59;261;84;69;35;18;11;9;6;4;5;3
2020-11-04 22:53:59;261;84;69;35;18;11;9;6;4;5;3
2020-11-04 22:54:58;262;85;69;35;18;11;9;6;4;5;3
2020-11-04 22:55:59;262;85;69;35;18;11;9;6;4;5;3
2020-11-04 22:56:59;262;85;69;35;18;11;9;6;4;5;3
2020-11-04 22:57:58;262;85;69;35;18;11;9;6;4;5;3
2020-11-04 22:58:59;262;85;69;35;18;11;9;6;4;5;3
2020-11-04 22:59:59;263;85;69;35;18;11;9;6;4;5;3
2020-11-04 23:00:58;263;85;69;35;18;11;9;6;4;5;3
2020-11-04 23:01:59;263;85;69;35;18;11;9;6;4;5;3
2020-11-04 23:03:00;263;85;69;35;18;11;9;6;4;5;3
2020-11-04 23:03:58;263;85;69;35;18;11;9;6;4;5;3
2020-11-04 23:04:59;263;85;69;35;18;11;9;6;4;5;3
2020-11-04 23:05:58;264;85;70;35;18;11;9;6;4;5;3
2020-11-04 23:06:59;264;85;70;35;18;11;9;6;4;5;3
2020-11-04 23:07:58;264;85;70;35;18;11;9;6;4;5;3
2020-11-04 23:08:59;264;85;70;35;18;11;9;6;4;5;3
2020-11-04 23:09:59;264;85;70;35;18;11;9;6;4;5;3
2020-11-04 23:10:58;264;85;70;35;18;11;9;6;4;5;3
2020-11-04 23:11:59;264;85;70;35;18;11;9;6;4;5;3
2020-11-04 23:12:59;265;85;70;36;18;11;9;6;4;5;3
2020-11-04 23:13:58;266;85;71;36;18;11;9;6;4;5;3
2020-11-04 23:14:59;267;85;72;36;18;11;9;6;4;5;3
2020-11-04 23:15:59;267;85;72;36;18;11;9;6;4;5;3
2020-11-04 23:16:58;267;85;72;36;18;11;9;6;4;5;3
2020-11-04 23:17:59;268;86;72;36;18;11;9;6;4;5;3
2020-11-04 23:18:58;268;86;72;36;18;11;9;6;4;5;3
2020-11-04 23:19:59;268;86;72;36;18;11;9;6;4;5;3
2020-11-04 23:20:59;270;88;72;36;18;11;9;6;4;5;3
2020-11-04 23:21:58;270;88;72;36;18;11;9;6;4;5;3
2020-11-04 23:22:59;270;88;72;36;18;11;9;6;4;5;3
2020-11-04 23:23:58;270;88;72;36;18;11;9;6;4;5;3
2020-11-04 23:24:59;270;88;72;36;18;11;9;6;4;5;3
2020-11-04 23:25:59;270;88;72;36;18;11;9;6;4;5;3
2020-11-04 23:26:58;270;88;72;36;18;11;9;6;4;5;3
2020-11-04 23:27:59;270;88;72;36;18;11;9;6;4;5;3
2020-11-04 23:28:59;270;88;72;36;18;11;9;6;4;5;3
2020-11-04 23:29:58;270;88;72;36;18;11;9;6;4;5;3
2020-11-04 23:30:59;270;88;72;36;18;11;9;6;4;5;3
2020-11-04 23:31:58;269;88;72;35;18;11;9;6;4;5;3
2020-11-04 23:32:59;269;88;72;35;18;11;9;6;4;5;3
2020-11-04 23:33:59;269;88;72;35;18;11;9;6;4;5;3
2020-11-04 23:34:58;269;88;72;35;18;11;9;6;4;5;3
2020-11-04 23:35:59;269;88;72;35;18;11;9;6;4;5;3
2020-11-04 23:36:59;269;88;72;35;18;11;9;6;4;5;3
2020-11-04 23:37:58;269;88;72;35;18;11;9;6;4;5;3
2020-11-04 23:38:59;269;88;72;35;18;11;9;6;4;5;3
2020-11-04 23:39:58;269;88;72;35;18;11;9;6;4;5;3
2020-11-04 23:40:59;269;88;72;35;18;11;9;6;4;5;3
2020-11-04 23:41:59;270;88;72;36;18;11;9;6;4;5;3
2020-11-04 23:43:00;272;88;73;37;18;11;9;6;4;5;3
2020-11-04 23:43:58;272;88;73;37;18;11;9;6;4;5;3
2020-11-04 23:44:59;272;88;73;37;18;11;9;6;4;5;3
2020-11-04 23:45:58;273;88;74;37;18;11;9;6;4;5;3
2020-11-04 23:46:59;273;88;74;37;18;11;9;6;4;5;3
2020-11-04 23:47:59;273;88;74;37;18;11;9;6;4;5;3
2020-11-04 23:48:58;273;88;74;37;18;11;9;6;4;5;3
2020-11-04 23:49:59;273;88;74;37;18;11;9;6;4;5;3
2020-11-04 23:51:00;274;88;74;37;18;11;9;6;5;5;3
2020-11-04 23:51:58;274;88;74;37;18;11;9;6;5;5;3
2020-11-04 23:52:59;274;88;74;37;18;11;9;6;5;5;3
2020-11-04 23:53:59;274;88;74;37;18;11;9;6;5;5;3
2020-11-04 23:54:58;274;88;74;37;18;11;9;6;5;5;3
2020-11-04 23:55:59;274;88;74;37;18;11;9;6;5;5;3
2020-11-04 23:56:59;274;87;75;37;18;11;9;6;5;5;3
2020-11-04 23:57:58;274;86;76;37;18;11;9;6;5;5;3
2020-11-04 23:58:59;275;86;77;37;18;11;9;6;5;5;3
2020-11-04 23:59:59;275;85;78;37;18;11;9;6;5;5;3
