datetime;total_votes;Oleum;Grit;KOCTOPE3;Dirtylieutenant;UndeadMoroz;Bruja_;a5urbanipa1;raaxiom;napa3um;1917
2020-12-30 00:00:59;0;0;0;0;0;0;0;0;0;0;0
2020-12-30 00:01:58;0;0;0;0;0;0;0;0;0;0;0
2020-12-30 00:02:59;3;0;1;0;0;0;0;0;0;0;0
2020-12-30 00:03:59;4;0;2;0;0;0;0;0;0;0;0
2020-12-30 00:04:59;4;0;2;0;0;0;0;0;0;0;0
2020-12-30 00:05:58;4;0;2;0;0;0;0;0;0;0;0
2020-12-30 00:06:59;5;0;2;0;0;0;0;0;0;0;0
2020-12-30 00:07:59;7;0;2;0;0;0;1;0;0;0;1
2020-12-30 00:08:58;8;0;2;1;0;0;1;0;0;0;1
2020-12-30 00:09:59;8;0;2;1;0;0;1;0;0;0;1
2020-12-30 00:10:58;8;0;2;1;0;0;1;0;0;0;1
2020-12-30 00:11:59;9;0;2;1;0;0;1;0;0;0;1
2020-12-30 00:12:59;9;0;2;1;0;0;1;0;0;0;1
2020-12-30 00:13:58;10;0;3;1;0;0;1;0;0;0;1
2020-12-30 00:14:59;10;0;3;1;0;0;1;0;0;0;1
2020-12-30 00:15:59;10;0;3;1;0;0;1;0;0;0;1
2020-12-30 00:16:58;10;0;3;1;0;0;1;0;0;0;1
2020-12-30 00:17:59;10;0;3;1;0;0;1;0;0;0;1
2020-12-30 00:18:59;12;1;3;1;0;0;1;0;0;0;1
2020-12-30 00:19:58;13;1;4;1;0;0;1;0;0;0;1
2020-12-30 00:20:59;14;1;4;1;0;0;1;0;0;0;1
2020-12-30 00:21:59;14;1;4;1;0;0;1;0;0;0;1
2020-12-30 00:22:58;14;1;4;1;0;0;1;0;0;0;1
2020-12-30 00:23:59;15;1;5;1;0;0;1;0;0;0;1
2020-12-30 00:24:59;16;1;6;1;0;0;1;0;0;0;1
2020-12-30 00:25:58;16;1;6;1;0;0;1;0;0;0;1
2020-12-30 00:26:59;16;1;6;1;0;0;1;0;0;0;1
2020-12-30 00:27:59;17;1;6;1;0;0;1;0;0;0;1
2020-12-30 00:28:58;17;1;6;1;0;0;1;0;0;0;1
2020-12-30 00:29:59;17;1;6;1;0;0;1;0;0;0;1
2020-12-30 00:30:59;17;1;6;1;0;0;1;0;0;0;1
2020-12-30 00:31:58;17;1;6;1;0;0;1;0;0;0;1
2020-12-30 00:32:59;17;1;6;1;0;0;1;0;0;0;1
2020-12-30 00:33:59;17;1;6;1;0;0;1;0;0;0;1
2020-12-30 00:34:58;18;1;6;1;0;0;1;0;0;0;1
2020-12-30 00:35:59;18;1;6;1;0;0;1;0;0;0;1
2020-12-30 00:36:59;18;1;6;1;0;0;1;0;0;0;1
2020-12-30 00:37:58;18;1;6;1;0;0;1;0;0;0;1
2020-12-30 00:38:59;19;2;6;1;0;0;1;0;0;0;1
2020-12-30 00:39:59;19;2;6;1;0;0;1;0;0;0;1
2020-12-30 00:40:58;19;2;6;1;0;0;1;0;0;0;1
2020-12-30 00:41:59;20;3;6;1;0;0;1;0;0;0;1
2020-12-30 00:42:59;20;3;6;1;0;0;1;0;0;0;1
2020-12-30 00:43:59;20;3;6;1;0;0;1;0;0;0;1
2020-12-30 00:44:58;20;3;6;1;0;0;1;0;0;0;1
2020-12-30 00:45:59;21;3;6;1;0;0;1;0;0;0;1
2020-12-30 00:46:58;22;4;6;1;0;0;1;0;0;0;1
2020-12-30 00:47:59;22;4;6;1;0;0;1;0;0;0;1
2020-12-30 00:48:59;22;4;6;1;0;0;1;0;0;0;1
2020-12-30 00:50:00;24;4;7;1;0;0;1;0;0;0;2
2020-12-30 00:50:58;25;4;7;1;0;1;1;0;0;0;2
2020-12-30 00:51:59;25;4;7;1;0;1;1;0;0;0;2
2020-12-30 00:52:59;25;4;7;1;0;1;1;0;0;0;2
2020-12-30 00:53:58;25;4;7;1;0;1;1;0;0;0;2
2020-12-30 00:54:59;25;4;7;1;0;1;1;0;0;0;2
2020-12-30 00:55:59;25;4;7;1;0;1;1;0;0;0;2
2020-12-30 00:56:58;25;4;7;1;0;1;1;0;0;0;2
2020-12-30 00:57:59;27;4;8;1;0;2;1;0;0;0;2
2020-12-30 00:58:58;27;4;8;1;0;2;1;0;0;0;2
2020-12-30 00:59:59;27;4;8;1;0;2;1;0;0;0;2
2020-12-30 01:00:59;27;4;8;1;0;2;1;0;0;0;2
2020-12-30 01:01:59;27;4;8;1;0;2;1;0;0;0;2
2020-12-30 01:02:58;27;4;8;1;0;2;1;0;0;0;2
2020-12-30 01:03:59;27;4;8;1;0;2;1;0;0;0;2
2020-12-30 01:04:58;27;4;8;1;0;2;1;0;0;0;2
2020-12-30 01:05:59;27;4;8;1;0;2;1;0;0;0;2
2020-12-30 01:06:58;27;4;8;1;0;2;1;0;0;0;2
2020-12-30 01:07:59;28;5;8;1;0;2;1;0;0;0;2
2020-12-30 01:08:59;28;5;8;1;0;2;1;0;0;0;2
2020-12-30 01:09:58;28;5;8;1;0;2;1;0;0;0;2
2020-12-30 01:10:59;29;5;8;1;0;2;1;0;0;0;2
2020-12-30 01:11:59;29;5;8;1;0;2;1;0;0;0;2
2020-12-30 01:12:58;29;5;8;1;0;2;1;0;0;0;2
2020-12-30 01:13:59;29;5;8;1;0;2;1;0;0;0;2
2020-12-30 01:15:00;29;5;8;1;0;2;1;0;0;0;2
2020-12-30 01:15:58;30;6;8;1;0;2;1;0;0;0;2
2020-12-30 01:16:59;31;6;8;1;0;2;1;0;0;0;2
2020-12-30 01:17:59;31;6;8;1;0;2;1;0;0;0;2
2020-12-30 01:18:58;31;6;8;1;0;2;1;0;0;0;2
2020-12-30 01:19:59;31;6;8;1;0;2;1;0;0;0;2
2020-12-30 01:20:58;32;7;8;1;0;2;1;0;0;0;2
2020-12-30 01:21:59;32;7;8;1;0;2;1;0;0;0;2
2020-12-30 01:22:58;32;7;8;1;0;2;1;0;0;0;2
2020-12-30 01:23:59;33;7;8;1;0;2;1;0;0;0;2
2020-12-30 01:24:59;34;7;8;0;2;2;1;0;0;0;2
2020-12-30 01:26:00;35;7;8;0;2;2;1;0;0;0;2
2020-12-30 01:26:58;35;7;8;0;2;2;1;0;0;0;2
2020-12-30 01:27:59;35;7;8;0;2;2;1;0;0;0;2
2020-12-30 01:28:58;35;7;8;0;2;2;1;0;0;0;2
2020-12-30 01:29:59;36;7;8;0;2;2;1;0;0;0;2
2020-12-30 01:30:59;36;7;8;0;2;2;1;0;0;0;2
2020-12-30 01:31:58;38;8;8;0;2;2;1;0;0;0;2
2020-12-30 01:32:59;41;8;10;0;2;2;1;0;2;0;2
2020-12-30 01:33:59;41;8;10;0;2;2;1;0;2;0;2
2020-12-30 01:34:59;41;8;10;0;2;2;1;0;2;0;2
2020-12-30 01:35:58;41;8;9;0;2;2;2;0;2;0;2
2020-12-30 01:36:59;41;8;8;0;2;2;3;0;2;0;2
2020-12-30 01:37:58;41;8;8;0;2;2;3;0;2;0;2
2020-12-30 01:38:59;41;8;8;0;2;2;3;0;2;0;2
2020-12-30 01:39:58;41;8;8;0;2;2;3;0;2;0;2
2020-12-30 01:40:59;42;8;9;0;2;2;3;0;2;0;2
2020-12-30 01:41:59;43;8;10;0;2;2;3;0;2;0;2
2020-12-30 01:42:59;43;8;10;0;2;2;3;0;2;0;2
2020-12-30 01:43:58;43;8;10;0;2;2;3;0;2;0;2
2020-12-30 01:44:59;43;8;10;0;2;2;3;0;2;0;2
2020-12-30 01:45:59;43;8;10;0;2;2;3;0;2;0;2
2020-12-30 01:46:58;43;8;10;0;2;2;3;0;2;0;2
2020-12-30 01:47:59;43;8;10;0;2;2;3;0;2;0;2
2020-12-30 01:48:59;43;8;10;0;2;2;3;0;2;0;2
2020-12-30 01:49:58;43;9;10;0;2;2;3;0;2;0;2
2020-12-30 01:50:59;43;9;10;0;2;2;3;0;2;0;2
2020-12-30 01:51:58;43;9;10;0;2;2;3;0;2;0;2
2020-12-30 01:52:59;43;9;10;0;2;2;3;0;2;0;2
2020-12-30 01:54:00;43;9;10;0;2;2;3;0;2;0;2
2020-12-30 01:54:58;43;9;10;0;2;2;3;0;2;0;2
2020-12-30 01:55:59;43;9;10;0;2;2;3;0;2;0;2
2020-12-30 01:56:58;43;9;10;0;2;2;3;0;2;0;2
2020-12-30 01:57:59;43;9;10;0;2;2;3;0;2;0;2
2020-12-30 01:58:59;43;9;10;0;2;2;3;0;2;0;2
2020-12-30 01:59:58;43;9;10;0;2;2;3;0;2;0;2
2020-12-30 02:00:59;43;9;10;0;2;2;3;0;2;0;2
2020-12-30 02:01:59;42;9;10;0;2;2;3;0;2;0;2
2020-12-30 02:02:58;42;9;10;0;2;2;3;0;2;0;2
2020-12-30 02:03:59;42;9;10;0;2;2;3;0;2;0;2
2020-12-30 02:04:58;42;9;10;0;2;2;3;0;2;0;2
2020-12-30 02:05:59;42;9;10;0;2;2;3;0;2;0;2
2020-12-30 02:06:59;42;9;10;0;2;2;3;0;2;0;2
2020-12-30 02:07:58;42;9;10;0;2;2;3;0;2;0;2
2020-12-30 02:08:59;42;9;10;0;2;2;3;0;2;0;2
2020-12-30 02:09:59;42;9;10;0;2;2;3;0;2;0;2
2020-12-30 02:10:58;42;9;10;0;2;2;3;0;2;0;2
2020-12-30 02:11:59;42;9;10;0;2;2;3;0;2;0;2
2020-12-30 02:12:59;42;9;10;0;2;2;3;0;2;0;2
2020-12-30 02:13:58;42;9;10;0;2;2;3;0;2;0;2
2020-12-30 02:14:59;42;9;10;0;2;2;3;0;2;0;2
2020-12-30 02:15:59;42;9;10;0;2;2;3;0;2;0;2
2020-12-30 02:16:58;42;9;10;0;2;2;3;0;2;0;2
2020-12-30 02:17:59;43;8;11;0;2;2;3;0;2;0;2
2020-12-30 02:18:59;43;8;11;0;2;2;3;0;2;0;2
2020-12-30 02:19:59;43;8;11;0;2;2;3;0;2;0;2
2020-12-30 02:20:58;43;8;11;0;2;2;3;0;2;0;2
2020-12-30 02:21:59;43;8;11;0;2;2;3;0;2;0;2
2020-12-30 02:22:59;43;8;11;0;2;2;3;0;2;0;2
2020-12-30 02:23:58;43;8;11;0;2;2;3;0;2;0;2
2020-12-30 02:24:59;43;8;11;0;2;2;3;0;2;0;2
2020-12-30 02:25:59;43;8;11;0;2;2;3;0;2;0;2
2020-12-30 02:26:58;43;8;11;0;2;2;3;0;2;0;2
2020-12-30 02:27:59;43;8;11;0;2;2;3;0;2;0;2
2020-12-30 02:28:59;44;9;11;0;2;2;3;0;2;0;2
2020-12-30 02:29:58;44;9;11;0;2;2;3;0;2;0;2
2020-12-30 02:30:59;44;9;11;0;2;2;3;0;2;0;2
2020-12-30 02:31:59;44;9;11;0;2;2;3;0;2;0;2
2020-12-30 02:32:58;44;8;11;0;2;2;3;0;2;0;2
2020-12-30 02:33:59;44;8;11;0;2;2;3;0;2;0;2
2020-12-30 02:34:58;44;8;11;0;2;2;3;0;2;0;2
2020-12-30 02:35:59;44;8;11;0;2;2;3;0;2;0;2
2020-12-30 02:36:58;44;8;11;0;2;2;3;0;2;0;2
2020-12-30 02:37:59;44;8;11;0;2;2;3;0;2;0;2
2020-12-30 02:38:58;45;8;12;0;2;2;3;0;2;0;2
2020-12-30 02:39:59;45;8;12;0;2;2;3;0;2;0;2
2020-12-30 02:40:59;47;9;12;1;2;2;3;0;2;0;2
2020-12-30 02:41:58;47;9;12;1;2;2;3;0;2;0;2
2020-12-30 02:42:59;47;9;12;1;2;2;3;0;2;0;2
2020-12-30 02:43:58;47;9;12;1;2;2;3;0;2;0;2
2020-12-30 02:44:59;47;9;12;1;2;2;3;0;2;0;2
2020-12-30 02:45:59;47;9;12;1;2;2;3;0;2;0;2
2020-12-30 02:46:58;47;9;12;1;2;2;3;0;2;0;2
2020-12-30 02:47:59;47;9;12;1;2;2;3;0;2;0;2
2020-12-30 02:48:59;47;9;12;1;2;2;3;0;2;0;2
2020-12-30 02:49:58;47;9;12;1;2;2;3;0;2;0;2
2020-12-30 02:50:59;47;9;12;1;2;2;3;0;2;0;2
2020-12-30 02:51:59;47;9;12;1;2;2;3;0;2;0;2
2020-12-30 02:52:58;47;9;12;1;2;2;3;0;2;0;2
2020-12-30 02:53:59;47;9;12;1;2;2;3;0;2;0;2
2020-12-30 02:54:59;47;9;12;1;2;2;3;0;2;0;2
2020-12-30 02:55:58;47;9;12;1;2;2;3;0;2;0;2
2020-12-30 02:56:59;47;9;12;1;2;2;3;0;2;0;2
2020-12-30 02:57:59;47;9;12;1;2;2;3;0;2;0;2
2020-12-30 02:58:58;47;9;12;1;2;2;3;0;2;0;2
2020-12-30 02:59:59;47;9;12;1;2;2;3;0;2;0;2
2020-12-30 03:00:59;47;9;12;1;2;2;3;0;2;0;2
2020-12-30 03:01:58;48;9;13;1;2;2;3;0;2;0;2
2020-12-30 03:02:59;48;9;13;1;2;2;3;0;2;0;2
2020-12-30 03:03:59;48;9;13;1;2;2;3;0;2;0;2
2020-12-30 03:04:58;48;9;13;1;2;2;3;0;2;0;2
2020-12-30 03:05:59;49;9;14;1;2;2;3;0;2;0;2
2020-12-30 03:06:59;49;9;14;1;2;2;3;0;2;0;2
2020-12-30 03:07:59;50;9;15;1;2;2;3;0;2;0;2
2020-12-30 03:08:58;50;9;15;1;2;2;3;0;2;0;2
2020-12-30 03:09:59;50;9;15;1;2;2;3;0;2;0;2
2020-12-30 03:10:58;50;9;15;1;2;2;3;0;2;0;2
2020-12-30 03:11:59;50;9;15;1;2;2;3;0;2;0;2
2020-12-30 03:12:58;50;9;15;1;2;2;3;0;2;0;2
2020-12-30 03:13:59;50;9;15;1;2;2;3;0;2;0;2
2020-12-30 03:14:59;50;9;15;1;2;2;3;0;2;0;2
2020-12-30 03:15:58;50;9;15;1;2;2;3;0;2;0;2
2020-12-30 03:16:59;50;9;15;1;2;2;3;0;2;0;2
2020-12-30 03:17:59;50;9;15;1;2;2;3;0;2;0;2
2020-12-30 03:18:58;50;9;15;1;2;2;3;0;2;0;2
2020-12-30 03:19:59;50;9;15;1;2;2;3;0;2;0;2
2020-12-30 03:20:58;50;9;15;1;2;2;3;0;2;0;2
2020-12-30 03:21:59;50;9;15;1;2;2;3;0;2;0;2
2020-12-30 03:22:58;50;9;15;1;2;2;3;0;2;0;2
2020-12-30 03:23:59;50;9;15;1;2;2;3;0;2;0;2
2020-12-30 03:24:58;51;9;15;1;2;2;3;0;2;0;3
2020-12-30 03:25:59;51;9;15;1;2;2;3;0;2;0;3
2020-12-30 03:26:59;51;9;15;1;2;2;3;0;2;0;3
2020-12-30 03:27:58;52;10;15;1;2;2;3;0;2;0;3
2020-12-30 03:28:59;52;10;15;1;2;2;3;0;2;0;3
2020-12-30 03:29:58;52;10;15;1;2;2;3;0;2;0;3
2020-12-30 03:30:59;52;10;15;1;2;2;3;0;2;0;3
2020-12-30 03:31:59;52;10;15;1;2;2;3;0;2;0;3
2020-12-30 03:32:58;52;10;15;1;2;2;3;0;2;0;3
2020-12-30 03:33:59;52;10;15;1;2;2;3;0;2;0;3
2020-12-30 03:34:59;52;10;15;1;2;2;3;0;2;0;3
2020-12-30 03:35:58;52;10;15;1;2;2;3;0;2;0;3
2020-12-30 03:36:59;52;10;15;1;2;2;3;0;2;0;3
2020-12-30 03:37:59;52;10;15;1;2;2;3;0;2;0;3
2020-12-30 03:38:58;52;10;15;1;2;2;3;0;2;0;3
2020-12-30 03:39:59;52;10;15;1;2;2;3;0;2;0;3
2020-12-30 03:40:59;53;11;15;1;2;2;3;0;2;0;3
2020-12-30 03:41:58;53;11;15;1;2;2;3;0;2;0;3
2020-12-30 03:42:59;53;11;15;1;2;2;3;0;2;0;3
2020-12-30 03:43:58;53;11;15;1;2;2;3;0;2;0;3
2020-12-30 03:44:59;53;11;15;1;2;2;3;0;2;0;3
2020-12-30 03:45:59;53;11;15;1;2;2;3;0;2;0;3
2020-12-30 03:46:58;53;11;15;1;2;2;3;0;2;0;3
2020-12-30 03:47:59;53;11;15;1;2;2;3;0;2;0;3
2020-12-30 03:48:59;53;11;15;1;2;2;3;0;2;0;3
2020-12-30 03:49:58;53;11;15;1;2;2;3;0;2;0;3
2020-12-30 03:50:59;53;12;15;1;2;2;3;0;2;0;2
2020-12-30 03:51:59;53;12;15;1;2;2;3;0;2;0;2
2020-12-30 03:52:58;53;12;15;1;2;2;3;0;2;0;2
2020-12-30 03:53:59;53;12;15;1;2;2;3;0;2;0;2
2020-12-30 03:54:59;53;12;15;1;2;2;3;0;2;0;2
2020-12-30 03:55:58;53;12;15;1;2;2;3;0;2;0;2
2020-12-30 03:56:59;53;12;15;1;2;2;3;0;2;0;2
2020-12-30 03:57:59;53;12;15;1;2;2;3;0;2;0;2
2020-12-30 03:58:58;54;12;16;1;2;2;3;0;2;0;2
2020-12-30 03:59:59;54;12;16;1;2;2;3;0;2;0;2
2020-12-30 04:00:58;54;12;16;1;2;2;3;0;2;0;2
2020-12-30 04:01:59;54;12;16;1;2;2;3;0;2;0;2
2020-12-30 04:02:59;54;12;16;1;2;2;3;0;2;0;2
2020-12-30 04:03:58;54;12;16;1;2;2;3;0;2;0;2
2020-12-30 04:04:59;54;12;16;1;2;2;3;0;2;0;2
2020-12-30 04:05:58;54;12;16;1;2;2;3;0;2;0;2
2020-12-30 04:06:59;54;12;16;1;2;2;3;0;2;0;2
2020-12-30 04:07:59;54;12;16;1;2;2;3;0;2;0;2
2020-12-30 04:09:00;54;13;15;1;2;2;3;0;2;0;2
2020-12-30 04:09:58;54;13;15;1;2;2;3;0;2;0;2
2020-12-30 04:10:59;54;13;15;1;2;2;3;0;2;0;2
2020-12-30 04:11:58;54;13;15;1;2;2;3;0;2;0;2
2020-12-30 04:12:59;54;13;15;1;2;2;3;0;2;0;2
2020-12-30 04:13:59;54;13;15;1;2;2;3;0;2;0;2
2020-12-30 04:15:00;54;13;15;1;2;2;3;0;2;0;2
2020-12-30 04:15:58;54;13;15;1;2;2;3;0;2;0;2
2020-12-30 04:16:59;54;13;15;1;2;2;3;0;2;0;2
2020-12-30 04:17:58;54;13;15;1;2;2;3;0;2;0;2
2020-12-30 04:18:59;54;13;15;1;2;2;3;0;2;0;2
2020-12-30 04:19:58;54;13;15;1;2;2;3;0;2;0;2
2020-12-30 04:20:59;54;13;15;1;2;2;3;0;2;0;2
2020-12-30 04:21:59;54;13;15;1;2;2;3;0;2;0;2
2020-12-30 04:22:58;54;13;15;1;2;2;3;0;2;0;2
2020-12-30 04:23:59;54;13;15;1;2;2;3;0;2;0;2
2020-12-30 04:24:59;54;13;15;1;2;2;3;0;2;0;2
2020-12-30 04:25:58;54;13;15;1;2;2;3;0;2;0;2
2020-12-30 04:26:59;54;13;15;1;2;2;3;0;2;0;2
2020-12-30 04:27:59;54;13;15;1;2;2;3;0;2;0;2
2020-12-30 04:28:58;54;13;15;1;2;2;3;0;2;0;2
2020-12-30 04:29:59;54;13;15;1;2;2;3;0;2;0;2
2020-12-30 04:30:58;54;13;15;1;2;2;3;0;2;0;2
2020-12-30 04:31:59;54;13;15;1;2;2;3;0;2;0;2
2020-12-30 04:32:58;54;13;15;1;2;2;3;0;2;0;2
2020-12-30 04:33:59;54;13;15;1;2;2;3;0;2;0;2
2020-12-30 04:34:59;54;13;15;1;2;2;3;0;2;0;2
2020-12-30 04:35:58;54;13;15;1;2;2;3;0;2;0;2
2020-12-30 04:36:59;54;13;15;1;2;2;3;0;2;0;2
2020-12-30 04:37:59;54;13;15;1;2;2;3;0;2;0;2
2020-12-30 04:38:58;54;13;15;1;2;2;3;0;2;0;2
2020-12-30 04:39:59;54;13;15;1;2;2;3;0;2;0;2
2020-12-30 04:40:58;54;13;15;1;2;2;3;0;2;0;2
2020-12-30 04:41:59;54;13;15;1;2;2;3;0;2;0;2
2020-12-30 04:42:59;54;13;15;1;2;2;3;0;2;0;2
2020-12-30 04:44:00;55;13;15;1;2;3;3;0;2;0;2
2020-12-30 04:44:58;55;13;15;1;2;3;3;0;2;0;2
2020-12-30 04:45:59;55;13;15;1;2;3;3;0;2;0;2
2020-12-30 04:46:58;55;13;15;1;2;3;3;0;2;0;2
2020-12-30 04:47:59;55;13;15;1;2;3;3;0;2;0;2
2020-12-30 04:48:59;55;13;15;1;2;3;3;0;2;0;2
2020-12-30 04:49:58;55;13;15;1;2;3;3;0;2;0;2
2020-12-30 04:50:59;55;13;15;1;2;3;3;0;2;0;2
2020-12-30 04:51:59;56;14;15;1;2;3;3;0;2;0;2
2020-12-30 04:52:58;56;14;15;1;2;3;3;0;2;0;2
2020-12-30 04:53:59;56;14;15;1;2;3;3;0;2;0;2
2020-12-30 04:54:58;56;14;15;1;2;3;3;0;2;0;2
2020-12-30 04:55:59;56;14;15;1;2;3;3;0;2;0;2
2020-12-30 04:56:58;56;14;15;1;2;3;3;0;2;0;2
2020-12-30 04:57:59;57;14;16;1;2;3;3;0;2;0;2
2020-12-30 04:58:59;57;14;16;1;2;3;3;0;2;0;2
2020-12-30 04:59:58;57;14;16;1;2;3;3;0;2;0;2
2020-12-30 05:00:59;57;14;16;1;2;3;3;0;2;0;2
2020-12-30 05:01:59;57;14;16;1;2;3;3;0;2;0;2
2020-12-30 05:02:58;57;14;16;1;2;3;3;0;2;0;2
2020-12-30 05:03:59;57;14;16;1;2;3;3;0;2;0;2
2020-12-30 05:04:59;57;14;16;1;2;3;3;0;2;0;2
2020-12-30 05:05:58;57;14;16;1;2;3;3;0;2;0;2
2020-12-30 05:06:59;57;14;16;1;2;3;3;0;2;0;2
2020-12-30 05:07:59;57;14;16;1;2;3;3;0;2;0;2
2020-12-30 05:08:58;57;14;16;1;2;3;3;0;2;0;2
2020-12-30 05:09:59;58;14;17;1;2;3;3;0;2;0;2
2020-12-30 05:10:58;58;14;17;1;2;3;3;0;2;0;2
2020-12-30 05:11:59;58;14;17;1;2;3;3;0;2;0;2
2020-12-30 05:12:59;58;14;17;1;2;3;3;0;2;0;2
2020-12-30 05:13:58;58;14;17;1;2;3;3;0;2;0;2
2020-12-30 05:14:59;58;14;17;1;2;3;3;0;2;0;2
2020-12-30 05:15:58;58;14;17;1;2;3;3;0;2;0;2
2020-12-30 05:16:59;58;14;17;1;2;3;3;0;2;0;2
2020-12-30 05:17:59;58;14;17;1;2;3;3;0;2;0;2
2020-12-30 05:18:58;58;14;17;1;2;3;3;0;2;0;2
2020-12-30 05:19:59;58;14;17;1;2;3;3;0;2;0;2
2020-12-30 05:20:59;58;14;17;1;2;3;3;0;2;0;2
2020-12-30 05:21:58;58;14;17;1;2;3;3;0;2;0;2
2020-12-30 05:22:59;58;14;17;1;2;3;3;0;2;0;2
2020-12-30 05:23:59;58;14;17;1;2;3;3;0;2;0;2
2020-12-30 05:24:58;58;14;17;1;2;3;3;0;2;0;2
2020-12-30 05:25:59;58;14;17;1;2;3;3;0;2;0;2
2020-12-30 05:26:59;58;14;17;1;2;3;3;0;2;0;2
2020-12-30 05:27:58;58;14;17;1;2;3;3;0;2;0;2
2020-12-30 05:28:59;58;14;17;1;2;3;3;0;2;0;2
2020-12-30 05:29:59;58;14;17;1;2;3;3;0;2;0;2
2020-12-30 05:30:58;58;14;17;1;2;3;3;0;2;0;2
2020-12-30 05:31:59;58;14;17;1;2;3;3;0;2;0;2
2020-12-30 05:32:59;58;14;17;1;2;3;3;0;2;0;2
2020-12-30 05:33:58;58;14;17;1;2;3;3;0;2;0;2
2020-12-30 05:34:59;58;14;17;1;2;3;3;0;2;0;2
2020-12-30 05:35:59;58;14;17;1;2;3;3;0;2;0;2
2020-12-30 05:36:58;58;14;17;1;2;3;3;0;2;0;2
2020-12-30 05:37:59;58;14;17;1;2;3;3;0;2;0;2
2020-12-30 05:38:59;58;14;17;1;2;3;3;0;2;0;2
2020-12-30 05:39:58;58;14;17;1;2;3;3;0;2;0;2
2020-12-30 05:40:59;58;14;17;1;2;3;3;0;2;0;2
2020-12-30 05:41:58;58;14;17;1;2;3;3;0;2;0;2
2020-12-30 05:42:59;58;14;17;1;2;3;3;0;2;0;2
2020-12-30 05:43:59;58;14;17;1;2;3;3;0;2;0;2
2020-12-30 05:44:58;59;14;18;1;2;3;3;0;2;0;2
2020-12-30 05:45:59;60;14;19;1;2;3;3;0;2;0;2
2020-12-30 05:46:59;60;14;19;1;2;3;3;0;2;0;2
2020-12-30 05:47:58;60;14;19;1;2;3;3;0;2;0;2
2020-12-30 05:48:59;60;14;19;1;2;3;3;0;2;0;2
2020-12-30 05:49:59;60;14;19;1;2;3;3;0;2;0;2
2020-12-30 05:50:58;61;14;20;1;2;3;3;0;2;0;2
2020-12-30 05:51:59;61;14;20;1;2;3;3;0;2;0;2
2020-12-30 05:52:58;61;14;20;1;2;3;3;0;2;0;2
2020-12-30 05:53:59;61;14;20;1;2;3;3;0;2;0;2
2020-12-30 05:54:58;61;14;20;1;2;3;3;0;2;0;2
2020-12-30 05:55:59;61;14;20;1;2;3;3;0;2;0;2
2020-12-30 05:56:58;61;14;20;1;2;3;3;0;2;0;2
2020-12-30 05:57:59;62;14;21;1;2;3;3;0;2;0;2
2020-12-30 05:58:59;62;14;21;1;2;3;3;0;2;0;2
2020-12-30 05:59:58;62;14;21;1;2;3;3;0;2;0;2
2020-12-30 06:00:59;62;14;21;1;2;3;3;0;2;0;2
2020-12-30 06:01:59;64;14;22;1;3;3;3;0;2;0;2
2020-12-30 06:02:58;64;14;22;1;3;3;3;0;2;0;2
2020-12-30 06:03:59;64;14;22;1;3;3;3;0;2;0;2
2020-12-30 06:04:58;64;14;22;1;3;3;3;0;2;0;2
2020-12-30 06:05:59;64;14;22;1;3;3;3;0;2;0;2
2020-12-30 06:06:59;64;14;22;1;3;3;3;0;2;0;2
2020-12-30 06:07:58;64;14;22;1;3;3;3;0;2;0;2
2020-12-30 06:08:59;64;14;22;1;3;3;3;0;2;0;2
2020-12-30 06:09:59;64;14;22;1;3;3;3;0;2;0;2
2020-12-30 06:10:59;64;14;22;1;3;3;3;0;2;0;2
2020-12-30 06:11:58;64;14;22;1;3;3;3;0;2;0;2
2020-12-30 06:12:59;64;14;22;1;3;3;3;0;2;0;2
2020-12-30 06:13:58;64;14;22;1;3;3;3;0;2;0;2
2020-12-30 06:14:59;64;14;22;1;3;3;3;0;2;0;2
2020-12-30 06:15:59;64;14;22;1;3;3;3;0;2;0;2
2020-12-30 06:16:58;64;14;22;1;3;3;3;0;2;0;2
2020-12-30 06:17:59;64;14;22;1;3;3;3;0;2;0;2
2020-12-30 06:18:59;64;14;22;1;3;3;3;0;2;0;2
2020-12-30 06:19:58;64;14;22;1;3;3;3;0;2;0;2
2020-12-30 06:20:59;64;14;22;1;3;3;3;0;2;0;2
2020-12-30 06:21:59;64;14;22;1;3;3;3;0;2;0;2
2020-12-30 06:22:58;64;14;22;1;3;3;3;0;2;0;2
2020-12-30 06:23:59;64;14;22;1;3;3;3;0;2;0;2
2020-12-30 06:24:58;64;14;22;1;3;3;3;0;2;0;2
2020-12-30 06:25:59;64;14;22;1;3;3;3;0;2;0;2
2020-12-30 06:26:58;64;14;22;1;3;3;3;0;2;0;2
2020-12-30 06:27:59;65;15;22;1;3;3;3;0;2;0;2
2020-12-30 06:28:58;65;15;22;1;3;3;3;0;2;0;2
2020-12-30 06:29:59;65;15;22;1;3;3;3;0;2;0;2
2020-12-30 06:30:59;66;16;22;1;3;3;3;0;2;0;2
2020-12-30 06:31:58;66;16;22;1;3;3;3;0;2;0;2
2020-12-30 06:32:59;66;16;22;1;3;3;3;0;2;0;2
2020-12-30 06:33:59;66;16;22;1;3;3;3;0;2;0;2
2020-12-30 06:34:58;66;16;22;1;3;3;3;0;2;0;2
2020-12-30 06:35:59;66;15;22;1;3;3;3;0;2;0;2
2020-12-30 06:36:58;66;15;22;1;3;3;3;0;2;0;2
2020-12-30 06:37:59;66;15;22;1;3;3;3;0;2;0;2
2020-12-30 06:38:59;66;15;22;1;3;3;3;0;2;0;2
2020-12-30 06:39:58;66;15;22;1;3;3;3;0;2;0;2
2020-12-30 06:40:59;66;15;22;1;3;3;3;0;2;0;2
2020-12-30 06:41:59;66;15;22;1;3;3;3;0;2;0;2
2020-12-30 06:42:58;66;15;22;1;3;3;3;0;2;0;2
2020-12-30 06:43:59;66;15;22;1;3;3;3;0;2;0;2
2020-12-30 06:44:58;66;15;22;1;3;3;3;0;2;0;2
2020-12-30 06:45:59;66;15;22;1;3;3;3;0;2;0;2
2020-12-30 06:46:59;66;15;22;1;3;3;3;0;2;0;2
2020-12-30 06:47:58;66;15;22;1;3;3;3;0;2;0;2
2020-12-30 06:48:59;66;16;22;1;3;3;3;0;2;0;2
2020-12-30 06:49:59;66;16;22;1;3;3;3;0;2;0;2
2020-12-30 06:50:58;66;16;22;1;3;3;3;0;2;0;2
2020-12-30 06:51:59;66;16;22;1;3;3;3;0;2;0;2
2020-12-30 06:52:59;66;16;22;1;3;3;3;0;2;0;2
2020-12-30 06:53:58;66;16;22;1;3;3;3;0;2;0;2
2020-12-30 06:54:59;68;16;24;1;3;3;3;0;2;0;2
2020-12-30 06:55:58;68;16;24;1;3;3;3;0;2;0;2
2020-12-30 06:56:59;68;16;24;1;3;3;3;0;2;0;2
2020-12-30 06:57:59;68;16;24;1;3;3;3;0;2;0;2
2020-12-30 06:58:58;69;16;24;1;4;3;3;0;2;0;2
2020-12-30 06:59:59;69;16;24;1;4;3;3;0;2;0;2
2020-12-30 07:00:59;69;16;24;1;4;3;3;0;2;0;2
2020-12-30 07:01:58;69;16;24;1;4;3;3;0;2;0;2
2020-12-30 07:02:59;69;16;24;1;4;3;3;0;2;0;2
2020-12-30 07:03:59;69;16;24;1;4;3;3;0;2;0;2
2020-12-30 07:04:58;70;16;24;1;4;4;3;0;2;0;2
2020-12-30 07:05:59;70;16;24;1;4;4;3;0;2;0;2
2020-12-30 07:06:59;70;16;24;1;4;4;3;0;2;0;2
2020-12-30 07:07:58;70;16;24;1;4;4;3;0;2;0;2
2020-12-30 07:08:59;70;16;24;1;4;4;3;0;2;0;2
2020-12-30 07:09:59;70;16;24;1;4;4;3;0;2;0;2
2020-12-30 07:10:58;70;16;24;1;4;4;3;0;2;0;2
2020-12-30 07:11:59;70;16;24;1;4;4;3;0;2;0;2
2020-12-30 07:12:59;70;16;24;1;4;4;3;0;2;0;2
2020-12-30 07:13:58;70;16;24;1;4;4;3;0;2;0;2
2020-12-30 07:14:59;70;16;24;1;4;4;3;0;2;0;2
2020-12-30 07:15:59;70;16;24;1;4;4;3;0;2;0;2
2020-12-30 07:16:58;70;16;24;1;4;4;3;0;2;0;2
2020-12-30 07:17:59;70;16;24;1;4;4;3;0;2;0;2
2020-12-30 07:18:58;70;16;24;1;4;4;3;0;2;0;2
2020-12-30 07:19:59;70;16;24;1;4;4;3;0;2;0;2
2020-12-30 07:20:59;70;16;24;1;4;4;3;0;2;0;2
2020-12-30 07:21:58;70;16;24;1;4;4;3;0;2;0;2
2020-12-30 07:22:59;70;16;24;1;4;4;3;0;2;0;2
2020-12-30 07:23:59;70;16;24;1;4;4;3;0;2;0;2
2020-12-30 07:24:58;70;16;24;1;4;4;3;0;2;0;2
2020-12-30 07:25:59;70;16;24;1;4;4;3;0;2;0;2
2020-12-30 07:26:59;70;16;24;1;4;4;3;0;2;0;2
2020-12-30 07:27:58;70;16;24;1;4;4;3;0;2;0;2
2020-12-30 07:28:59;70;16;24;1;4;4;3;0;2;0;2
2020-12-30 07:29:58;71;17;24;1;4;4;3;0;2;0;2
2020-12-30 07:30:59;71;17;24;1;4;4;3;0;2;0;2
2020-12-30 07:31:59;71;17;24;1;4;4;3;0;2;0;2
2020-12-30 07:32:59;71;17;24;1;4;4;3;0;2;0;2
2020-12-30 07:33:58;71;17;24;1;4;4;3;0;2;0;2
2020-12-30 07:34:59;72;17;25;1;4;4;3;0;2;0;2
2020-12-30 07:35:58;72;17;25;1;4;4;3;0;2;0;2
2020-12-30 07:36:59;72;17;25;1;4;4;3;0;2;0;2
2020-12-30 07:37:59;72;17;25;1;4;4;3;0;2;0;2
2020-12-30 07:38:58;72;17;25;1;4;4;3;0;2;0;2
2020-12-30 07:39:59;72;17;25;1;4;4;3;0;2;0;2
2020-12-30 07:40:59;72;17;25;1;4;4;3;0;2;0;2
2020-12-30 07:41:58;72;17;25;1;4;4;3;0;2;0;2
2020-12-30 07:42:59;73;17;26;1;4;4;3;0;2;0;2
2020-12-30 07:43:59;74;17;26;1;5;4;3;0;2;0;2
2020-12-30 07:44:58;74;17;26;1;5;4;3;0;2;0;2
2020-12-30 07:45:59;74;17;26;1;5;4;3;0;2;0;2
2020-12-30 07:46:58;74;17;26;1;5;4;3;0;2;0;2
2020-12-30 07:47:59;74;17;26;1;5;4;3;0;2;0;2
2020-12-30 07:48:59;74;17;26;1;5;4;3;0;2;0;2
2020-12-30 07:49:58;74;17;26;1;5;4;3;0;2;0;2
2020-12-30 07:50:59;74;17;26;1;5;4;3;0;2;0;2
2020-12-30 07:51:59;74;17;26;1;5;4;3;0;2;0;2
2020-12-30 07:52:58;75;17;27;1;5;4;3;0;2;0;2
2020-12-30 07:53:59;75;17;27;1;5;4;3;0;2;0;2
2020-12-30 07:54:58;76;17;27;1;5;4;4;0;2;0;2
2020-12-30 07:55:59;76;17;27;1;5;4;4;0;2;0;2
2020-12-30 07:56:59;76;17;27;1;5;4;4;0;2;0;2
2020-12-30 07:57:58;76;17;27;1;5;4;4;0;2;0;2
2020-12-30 07:58:59;76;17;27;1;5;4;4;0;2;0;2
2020-12-30 07:59:59;76;17;27;1;5;4;4;0;2;0;2
2020-12-30 08:00:58;76;17;27;1;5;4;4;0;2;0;2
2020-12-30 08:01:59;76;17;27;1;5;4;4;0;2;0;2
2020-12-30 08:02:59;76;17;27;1;5;4;4;0;2;0;2
2020-12-30 08:03:58;76;17;27;1;5;4;4;0;2;0;2
2020-12-30 08:04:59;76;17;27;1;5;4;4;0;2;0;2
2020-12-30 08:05:58;76;17;27;1;5;4;4;0;2;0;2
2020-12-30 08:06:59;76;17;27;1;5;4;4;0;2;0;2
2020-12-30 08:07:59;76;17;27;1;5;4;4;0;2;0;2
2020-12-30 08:08:58;76;17;27;1;5;4;4;0;2;0;2
2020-12-30 08:09:59;76;17;27;1;5;4;4;0;2;0;2
2020-12-30 08:10:59;76;17;27;1;5;4;4;0;2;0;2
2020-12-30 08:11:58;77;17;27;1;5;5;4;0;2;0;2
2020-12-30 08:12:59;77;17;27;1;5;4;4;0;3;0;2
2020-12-30 08:13:59;77;17;27;1;5;4;4;0;3;0;2
2020-12-30 08:14:58;77;17;27;1;5;4;4;0;3;0;2
2020-12-30 08:15:59;77;17;27;1;5;4;4;0;3;0;2
2020-12-30 08:16:59;77;17;27;1;5;4;4;0;3;0;2
2020-12-30 08:17:58;77;17;27;1;5;4;4;0;3;0;2
2020-12-30 08:18:59;77;17;27;1;5;4;4;0;3;0;2
2020-12-30 08:19:58;77;17;27;1;5;4;4;0;3;0;2
2020-12-30 08:20:59;77;17;27;1;5;4;4;0;3;0;2
2020-12-30 08:21:59;77;17;27;1;5;4;4;0;3;0;2
2020-12-30 08:22:58;77;17;27;1;5;4;4;0;3;0;2
2020-12-30 08:23:59;77;17;27;1;5;4;4;0;3;0;2
2020-12-30 08:24:59;77;17;27;1;5;4;4;0;3;0;2
2020-12-30 08:25:58;77;17;27;1;5;4;4;0;3;0;2
2020-12-30 08:26:59;77;17;27;1;5;4;4;0;3;0;2
2020-12-30 08:27:59;77;17;27;1;5;4;4;0;3;0;2
2020-12-30 08:28:59;77;17;27;1;5;4;4;0;3;0;2
2020-12-30 08:29:58;78;17;27;1;5;4;4;0;3;0;2
2020-12-30 08:30:59;78;17;27;1;5;4;4;0;3;0;2
2020-12-30 08:32:00;78;17;27;1;5;4;4;0;3;0;2
2020-12-30 08:32:58;79;18;27;1;5;4;4;0;3;0;2
2020-12-30 08:33:59;80;18;28;1;5;4;4;0;3;0;2
2020-12-30 08:34:58;80;18;28;1;5;4;4;0;3;0;2
2020-12-30 08:35:59;80;18;28;1;5;4;4;0;3;0;2
2020-12-30 08:36:59;80;18;28;1;5;4;4;0;3;0;2
2020-12-30 08:37:58;80;18;28;1;5;4;4;0;3;0;2
2020-12-30 08:38:59;80;18;28;1;5;4;4;0;3;0;2
2020-12-30 08:40:00;80;18;28;1;5;4;4;0;3;0;2
2020-12-30 08:40:58;80;18;28;1;5;4;4;0;3;0;2
2020-12-30 08:41:59;80;18;28;1;5;4;4;0;3;0;2
2020-12-30 08:42:59;80;18;28;1;5;4;4;0;3;0;2
2020-12-30 08:43:58;80;18;28;1;5;4;4;0;3;0;2
2020-12-30 08:44:59;80;18;28;1;5;4;4;0;3;0;2
2020-12-30 08:45:58;80;18;28;1;5;4;4;0;3;0;2
2020-12-30 08:46:59;80;18;28;1;5;4;4;0;3;0;2
2020-12-30 08:47:59;80;18;28;1;5;4;4;0;3;0;2
2020-12-30 08:48:58;80;18;28;1;5;4;4;0;3;0;2
2020-12-30 08:49:59;80;18;28;1;5;4;4;0;3;0;2
2020-12-30 08:50:59;80;18;28;1;5;4;4;0;3;0;2
2020-12-30 08:51:58;80;18;28;1;5;4;4;0;3;0;2
2020-12-30 08:52:59;80;18;28;1;5;4;4;0;3;0;2
2020-12-30 08:53:59;80;18;28;1;5;4;4;0;3;0;2
2020-12-30 08:54:58;80;18;28;1;5;4;4;0;3;0;2
2020-12-30 08:55:59;80;18;28;1;5;4;4;0;3;0;2
2020-12-30 08:56:59;80;18;28;1;5;4;4;0;3;0;2
2020-12-30 08:57:58;80;18;28;1;5;4;4;0;3;0;2
2020-12-30 08:58:59;80;18;28;1;5;4;4;0;3;0;2
2020-12-30 08:59:59;80;18;28;1;5;4;4;0;3;0;2
2020-12-30 09:00:58;80;18;28;1;5;4;4;0;3;0;2
2020-12-30 09:01:59;80;18;28;1;5;4;4;0;3;0;2
2020-12-30 09:02:59;80;18;28;1;5;4;4;0;3;0;2
2020-12-30 09:03:58;80;18;28;1;5;4;4;0;3;0;2
2020-12-30 09:04:59;80;18;28;1;5;4;4;0;3;0;2
2020-12-30 09:05:59;80;18;28;1;5;4;4;0;3;0;2
2020-12-30 09:06:58;80;18;28;1;5;4;4;0;3;0;2
2020-12-30 09:07:59;80;18;28;1;5;4;4;0;3;0;2
2020-12-30 09:08:59;80;18;28;1;5;4;4;0;3;0;2
2020-12-30 09:09:58;80;18;28;1;5;4;4;0;3;0;2
2020-12-30 09:10:59;80;18;28;1;5;4;4;0;3;0;2
2020-12-30 09:11:59;80;18;28;1;5;4;4;0;3;0;2
2020-12-30 09:12:58;80;18;28;1;5;4;4;0;3;0;2
2020-12-30 09:13:59;80;18;28;1;5;4;4;0;3;0;2
2020-12-30 09:14:59;82;18;29;2;5;4;4;0;3;0;2
2020-12-30 09:15:58;82;18;29;2;5;4;4;0;3;0;2
2020-12-30 09:16:59;82;18;29;2;5;4;4;0;3;0;2
2020-12-30 09:17:59;82;18;29;2;5;4;4;0;3;0;2
2020-12-30 09:18:58;82;18;29;2;5;4;4;0;3;0;2
2020-12-30 09:19:59;82;18;29;2;5;4;4;0;3;0;2
2020-12-30 09:20:59;82;18;29;2;5;4;4;0;3;0;2
2020-12-30 09:21:58;82;18;29;2;5;4;4;0;3;0;2
2020-12-30 09:22:59;82;18;29;2;5;4;4;0;3;0;2
2020-12-30 09:23:59;82;18;29;2;5;4;4;0;3;0;2
2020-12-30 09:24:58;82;18;29;2;5;4;4;0;3;0;2
2020-12-30 09:25:59;83;19;29;2;5;4;4;0;3;0;2
2020-12-30 09:26:58;83;19;29;2;5;4;4;0;3;0;2
2020-12-30 09:27:59;83;19;29;2;5;4;4;0;3;0;2
2020-12-30 09:28:59;83;19;29;2;5;4;4;0;3;0;2
2020-12-30 09:29:58;83;19;29;2;5;4;4;0;3;0;2
2020-12-30 09:30:59;83;19;29;2;5;4;4;0;3;0;2
2020-12-30 09:31:59;83;19;29;2;5;4;4;0;3;0;2
2020-12-30 09:32:58;83;19;29;2;5;4;4;0;3;0;2
2020-12-30 09:33:59;83;19;29;2;5;4;4;0;3;0;2
2020-12-30 09:34:59;85;20;29;3;5;4;4;0;3;0;2
2020-12-30 09:35:58;85;20;29;3;5;4;4;0;3;0;2
2020-12-30 09:36:59;85;20;29;3;5;4;4;0;3;0;2
2020-12-30 09:37:58;85;20;29;3;5;4;4;0;3;0;2
2020-12-30 09:38:59;85;20;29;3;5;4;4;0;3;0;2
2020-12-30 09:39:59;85;20;29;3;5;4;4;0;3;0;2
2020-12-30 09:40:59;85;20;29;3;5;4;4;0;3;0;2
2020-12-30 09:41:58;85;20;29;3;5;4;4;0;3;0;2
2020-12-30 09:42:59;85;20;29;3;5;4;4;0;3;0;2
2020-12-30 09:43:58;85;20;29;3;5;4;4;0;3;0;2
2020-12-30 09:44:59;85;20;29;3;5;4;4;0;3;0;2
2020-12-30 09:45:59;85;20;29;3;5;4;4;0;3;0;2
2020-12-30 09:46:58;85;20;30;3;5;4;4;0;2;0;2
2020-12-30 09:47:59;85;20;30;3;5;4;4;0;2;0;2
2020-12-30 09:48:59;85;20;30;3;5;4;4;0;2;0;2
2020-12-30 09:49:58;85;20;30;3;5;4;4;0;2;0;2
2020-12-30 09:50:59;85;20;30;3;5;4;4;0;2;0;2
2020-12-30 09:51:59;85;20;30;3;5;4;4;0;2;0;2
2020-12-30 09:52:58;85;20;30;3;5;4;4;0;2;0;2
2020-12-30 09:53:59;85;20;30;3;5;4;4;0;2;0;2
2020-12-30 09:54:59;85;20;30;3;5;4;4;0;2;0;2
2020-12-30 09:55:58;86;20;30;3;5;4;4;0;2;0;2
2020-12-30 09:56:59;86;20;30;3;5;4;4;0;2;0;2
2020-12-30 09:57:59;86;20;30;3;5;4;4;0;2;0;2
2020-12-30 09:58:58;86;20;30;3;5;4;4;0;2;0;2
2020-12-30 09:59:59;86;20;30;3;5;4;4;0;2;0;2
2020-12-30 10:00:59;86;20;30;3;5;4;4;0;2;0;2
2020-12-30 10:01:58;86;20;30;3;5;4;4;0;2;0;2
2020-12-30 10:02:59;86;20;30;3;5;4;4;0;2;0;2
2020-12-30 10:03:58;86;20;30;3;5;4;4;0;2;0;2
2020-12-30 10:04:59;87;20;31;3;5;4;4;0;2;0;2
2020-12-30 10:05:59;87;20;31;3;5;4;4;0;2;0;2
2020-12-30 10:06:59;88;20;31;3;5;4;4;0;2;0;2
2020-12-30 10:07:58;88;20;31;3;5;4;4;0;2;0;2
2020-12-30 10:08:59;88;20;31;3;5;4;4;0;2;0;2
2020-12-30 10:09:59;88;20;31;3;5;4;4;0;2;0;2
2020-12-30 10:10:58;88;20;31;3;5;4;4;0;2;0;2
2020-12-30 10:11:59;88;20;31;3;5;4;4;0;2;0;2
2020-12-30 10:12:58;89;21;31;3;5;4;4;0;2;0;2
2020-12-30 10:13:59;89;21;31;3;5;4;4;0;2;0;2
2020-12-30 10:14:59;90;21;31;3;5;4;4;0;2;0;2
2020-12-30 10:15:58;90;21;31;3;5;4;4;0;2;0;2
2020-12-30 10:16:59;91;21;32;3;5;4;4;0;2;0;2
2020-12-30 10:17:59;91;21;32;3;5;4;4;0;2;0;2
2020-12-30 10:18:58;91;21;32;3;5;4;4;0;2;0;2
2020-12-30 10:19:59;91;21;32;3;5;4;4;0;2;0;2
2020-12-30 10:20:59;92;21;32;3;5;5;4;0;2;0;2
2020-12-30 10:21:58;92;21;32;3;5;5;4;0;2;0;2
2020-12-30 10:22:59;92;21;32;3;5;5;4;0;2;0;2
2020-12-30 10:23:58;92;21;32;3;5;5;4;0;2;0;2
2020-12-30 10:24:59;92;21;32;3;5;5;4;0;2;0;2
2020-12-30 10:25:59;92;21;32;3;5;5;4;0;2;0;2
2020-12-30 10:26:58;92;21;32;3;5;6;4;0;2;0;2
2020-12-30 10:27:59;92;21;32;3;5;6;4;0;2;0;2
2020-12-30 10:28:59;92;21;32;3;5;6;4;0;2;0;2
2020-12-30 10:29:58;92;21;32;3;5;6;4;0;2;0;2
2020-12-30 10:30:59;92;21;32;3;5;6;4;0;2;0;2
2020-12-30 10:31:59;92;21;32;3;5;6;4;0;2;0;2
2020-12-30 10:32:58;92;21;32;3;5;6;4;0;2;0;2
2020-12-30 10:33:59;92;21;32;3;5;6;4;0;2;0;2
2020-12-30 10:34:59;92;21;32;3;5;6;4;0;2;0;2
2020-12-30 10:35:58;92;21;32;3;5;6;4;0;2;0;2
2020-12-30 10:36:59;92;21;32;3;5;6;4;0;2;0;2
2020-12-30 10:37:59;92;21;32;3;5;6;4;0;2;0;2
2020-12-30 10:38:58;92;21;32;3;5;6;4;0;2;0;2
2020-12-30 10:39:59;93;21;32;3;5;6;5;0;2;0;2
2020-12-30 10:40:58;93;21;32;3;5;6;5;0;2;0;2
2020-12-30 10:41:59;93;21;32;3;5;6;5;0;2;0;2
2020-12-30 10:42:58;93;21;32;3;5;6;5;0;2;0;2
2020-12-30 10:43:59;93;21;32;3;5;6;5;0;2;0;2
2020-12-30 10:44:59;93;21;32;3;5;6;5;0;2;0;2
2020-12-30 10:45:58;93;21;32;3;5;6;5;0;2;0;2
2020-12-30 10:46:59;93;21;32;3;5;6;5;0;2;0;2
2020-12-30 10:47:59;93;21;32;3;5;6;5;0;2;0;2
2020-12-30 10:48:58;93;21;32;3;5;6;5;0;2;0;2
2020-12-30 10:49:59;93;21;32;3;5;6;5;0;2;0;2
2020-12-30 10:50:59;93;21;32;3;5;6;5;0;2;0;2
2020-12-30 10:51:58;93;21;32;3;5;6;5;0;2;0;2
2020-12-30 10:52:59;93;21;32;3;5;6;5;0;2;0;2
2020-12-30 10:53:59;93;21;32;3;5;6;5;0;2;0;2
2020-12-30 10:54:58;93;21;32;3;5;6;5;0;2;0;2
2020-12-30 10:55:59;93;21;32;3;5;6;5;0;2;0;2
2020-12-30 10:56:59;93;21;32;3;5;6;5;0;2;0;2
2020-12-30 10:57:58;93;21;32;3;5;6;5;0;2;0;2
2020-12-30 10:58:59;94;21;32;3;5;6;5;0;2;0;2
2020-12-30 10:59:59;95;21;32;3;5;6;5;0;2;0;2
2020-12-30 11:00:58;95;21;32;3;5;6;5;0;2;0;2
2020-12-30 11:01:59;96;22;32;3;5;6;5;0;2;0;2
2020-12-30 11:02:59;96;22;32;3;5;6;5;0;2;0;2
2020-12-30 11:03:58;96;22;32;3;5;6;5;0;2;0;2
2020-12-30 11:04:59;99;24;33;3;5;6;5;0;2;0;2
2020-12-30 11:05:59;99;24;33;3;5;6;5;0;2;0;2
2020-12-30 11:07:00;99;24;33;3;5;6;5;0;2;0;2
2020-12-30 11:07:58;99;24;33;3;5;6;5;0;2;0;2
2020-12-30 11:08:59;99;24;33;3;5;6;5;0;2;0;2
2020-12-30 11:09:59;99;24;33;3;5;6;5;0;2;0;2
2020-12-30 11:10:58;99;24;33;3;5;6;5;0;2;0;2
2020-12-30 11:11:59;100;24;33;3;5;6;5;0;2;0;2
2020-12-30 11:12:59;100;24;33;3;5;6;5;0;2;0;2
2020-12-30 11:13:58;100;24;33;3;5;6;5;0;2;0;2
2020-12-30 11:14:59;100;24;33;3;5;6;5;0;2;0;2
2020-12-30 11:15:58;100;24;33;3;5;6;5;0;2;0;2
2020-12-30 11:16:59;100;24;33;3;5;6;5;0;2;0;2
2020-12-30 11:18:00;101;24;33;3;6;6;5;0;2;0;2
2020-12-30 11:18:58;101;24;33;3;6;6;5;0;2;0;2
2020-12-30 11:19:59;101;24;33;3;6;6;5;0;2;0;2
2020-12-30 11:20:58;101;24;33;3;6;6;5;0;2;0;2
2020-12-30 11:21:59;101;24;33;3;6;6;5;0;2;0;2
2020-12-30 11:22:59;101;24;33;3;6;6;5;0;2;0;2
2020-12-30 11:23:58;102;25;33;3;6;6;5;0;2;0;2
2020-12-30 11:24:59;102;25;33;3;6;6;5;0;2;0;2
2020-12-30 11:25:58;102;25;33;3;6;6;5;0;2;0;2
2020-12-30 11:26:59;102;25;33;3;6;6;5;0;2;0;2
2020-12-30 11:27:59;103;25;33;3;6;7;5;0;2;0;2
2020-12-30 11:28:58;103;25;33;3;6;7;5;0;2;0;2
2020-12-30 11:29:59;103;25;33;3;6;7;5;0;2;0;2
2020-12-30 11:30:59;103;25;33;3;6;7;5;0;2;0;2
2020-12-30 11:31:58;103;25;33;3;6;7;5;0;2;0;2
2020-12-30 11:32:59;104;26;33;3;6;7;5;0;2;0;2
2020-12-30 11:33:59;104;26;33;3;6;7;5;0;2;0;2
2020-12-30 11:34:58;105;26;34;3;6;7;5;0;2;0;2
2020-12-30 11:35:59;106;26;34;3;6;7;5;0;2;0;2
2020-12-30 11:36:59;106;26;34;3;6;7;5;0;2;0;2
2020-12-30 11:37:59;106;26;34;3;6;7;5;0;2;0;2
2020-12-30 11:38:58;106;26;34;3;6;7;5;0;2;0;2
2020-12-30 11:39:59;106;26;34;3;6;7;5;0;2;0;2
2020-12-30 11:40:58;106;26;34;3;6;7;5;0;2;0;2
2020-12-30 11:41:59;106;26;34;3;6;7;5;0;2;0;2
2020-12-30 11:42:59;107;26;34;3;7;7;5;0;2;0;2
2020-12-30 11:43:58;108;26;35;3;7;7;5;0;2;0;2
2020-12-30 11:44:59;110;27;35;4;7;7;5;0;2;0;2
2020-12-30 11:45:59;110;27;35;4;7;7;5;0;2;0;2
2020-12-30 11:46:58;110;27;35;4;7;7;5;0;2;0;2
2020-12-30 11:47:59;111;27;36;4;7;7;5;0;2;0;2
2020-12-30 11:49:00;111;27;36;4;7;7;5;0;2;0;2
2020-12-30 11:49:58;111;27;36;4;7;7;5;0;2;0;2
2020-12-30 11:50:59;111;27;36;4;7;7;5;0;2;0;2
2020-12-30 11:51:58;112;28;36;4;7;7;5;0;2;0;2
2020-12-30 11:52:59;112;28;36;4;7;7;5;0;2;0;2
2020-12-30 11:53:59;112;28;36;4;7;7;5;0;2;0;2
2020-12-30 11:54:58;112;28;36;4;7;7;5;0;2;0;2
2020-12-30 11:55:59;113;28;37;4;7;7;5;0;2;0;2
2020-12-30 11:56:59;113;28;37;4;7;7;5;0;2;0;2
2020-12-30 11:57:58;113;28;37;4;7;7;5;0;2;0;2
2020-12-30 11:58:59;113;28;37;4;7;7;5;0;2;0;2
2020-12-30 11:59:59;113;28;37;4;7;7;5;0;2;0;2
2020-12-30 12:00:58;113;28;37;4;7;7;5;0;2;0;2
2020-12-30 12:01:59;113;28;37;4;7;7;5;0;2;0;2
2020-12-30 12:02:58;113;28;37;4;7;7;5;0;2;0;2
2020-12-30 12:03:59;113;28;37;4;7;7;5;0;2;0;2
2020-12-30 12:04:59;113;28;37;4;7;7;5;0;2;0;2
2020-12-30 12:05:58;113;28;37;4;7;7;5;0;2;0;2
2020-12-30 12:06:59;113;28;37;4;7;7;5;0;2;0;2
2020-12-30 12:07:59;113;28;37;4;7;7;5;0;2;0;2
2020-12-30 12:08:58;113;28;37;4;7;7;5;0;2;0;2
2020-12-30 12:09:59;113;28;37;4;7;7;5;0;2;0;2
2020-12-30 12:11:00;113;28;37;4;7;7;5;0;2;0;2
2020-12-30 12:11:58;113;28;37;4;7;7;5;0;2;0;2
2020-12-30 12:12:59;113;28;37;4;7;7;5;0;2;0;2
2020-12-30 12:14:00;113;28;37;4;7;7;5;0;2;0;2
2020-12-30 12:14:58;113;28;37;4;7;7;5;0;2;0;2
2020-12-30 12:15:59;113;28;37;4;7;7;5;0;2;0;2
2020-12-30 12:16:58;114;28;37;4;7;7;5;2;2;0;0
2020-12-30 12:17:59;116;29;37;5;7;7;5;2;2;0;0
2020-12-30 12:18:59;116;29;37;5;7;7;5;2;2;0;0
2020-12-30 12:19:59;116;29;37;5;7;7;5;2;2;0;0
2020-12-30 12:20:58;116;29;37;5;7;7;5;2;2;0;0
2020-12-30 12:21:59;117;29;38;5;7;7;5;2;2;0;0
2020-12-30 12:22:58;117;29;38;5;7;7;5;2;2;0;0
2020-12-30 12:23:59;117;29;38;5;7;7;5;2;2;0;0
2020-12-30 12:24:59;117;29;38;5;7;7;5;2;2;0;0
2020-12-30 12:25:58;117;29;38;5;7;7;5;2;2;0;0
2020-12-30 12:26:59;118;30;38;5;7;7;5;2;2;0;0
2020-12-30 12:27:59;119;30;38;5;7;8;5;2;2;0;0
2020-12-30 12:28:58;120;31;38;5;7;8;5;2;2;0;0
2020-12-30 12:29:59;120;31;38;5;7;8;5;2;2;0;0
2020-12-30 12:30:59;120;31;38;5;7;8;5;2;2;0;0
2020-12-30 12:31:58;120;31;38;5;7;8;5;2;2;0;0
2020-12-30 12:32:59;120;31;38;5;7;8;5;2;2;0;0
2020-12-30 12:33:58;121;31;38;5;8;8;5;2;2;0;0
2020-12-30 12:34:59;121;31;38;5;8;8;5;2;2;0;0
2020-12-30 12:35:59;121;31;38;5;8;8;5;2;2;0;0
2020-12-30 12:36:59;121;31;38;5;8;8;5;2;2;0;0
2020-12-30 12:37:58;121;31;38;5;8;8;5;2;2;0;0
2020-12-30 12:38:59;122;31;39;5;8;8;5;2;2;0;0
2020-12-30 12:40:00;122;31;39;5;8;8;5;2;2;0;0
2020-12-30 12:40:58;122;31;39;5;8;8;5;2;2;0;0
2020-12-30 12:41:59;122;31;39;5;8;8;5;2;2;0;0
2020-12-30 12:42:58;122;31;39;5;8;8;5;2;2;0;0
2020-12-30 12:43:59;122;31;39;5;8;8;5;2;2;0;0
2020-12-30 12:44:58;122;31;39;5;8;8;5;2;2;0;0
2020-12-30 12:45:59;122;31;39;5;8;8;5;2;2;0;0
2020-12-30 12:46:59;123;31;40;5;8;8;5;2;2;0;0
2020-12-30 12:48:00;124;31;40;5;9;8;5;2;2;0;0
2020-12-30 12:48:58;125;32;40;5;9;8;5;2;2;0;0
2020-12-30 12:49:59;125;32;40;5;9;8;5;2;2;0;0
2020-12-30 12:50:58;125;32;40;5;9;8;5;2;2;0;0
2020-12-30 12:51:59;126;32;40;5;9;8;5;2;2;0;0
2020-12-30 12:52:58;127;33;40;5;9;8;5;2;2;0;0
2020-12-30 12:53:59;127;33;40;5;9;8;5;2;2;0;0
2020-12-30 12:54:59;127;33;40;5;9;8;5;2;2;0;0
2020-12-30 12:55:58;127;33;40;5;9;8;5;2;2;0;0
2020-12-30 12:56:59;128;33;41;5;9;8;5;2;2;0;0
2020-12-30 12:57:58;130;35;41;5;9;8;5;2;2;0;0
2020-12-30 12:58:59;130;35;41;5;9;8;5;2;2;0;0
2020-12-30 12:59:59;130;35;41;5;9;8;5;2;2;0;0
2020-12-30 13:00:58;131;35;42;5;9;8;5;2;2;0;0
2020-12-30 13:01:59;131;35;42;5;9;8;5;2;2;0;0
2020-12-30 13:02:59;132;35;43;5;9;8;5;2;2;0;0
2020-12-30 13:03:58;133;35;44;5;9;8;5;2;2;0;0
2020-12-30 13:04:59;133;35;44;5;9;8;5;2;2;0;0
2020-12-30 13:05:59;133;35;44;5;9;8;5;2;2;0;0
2020-12-30 13:06:58;133;35;44;5;9;8;5;2;2;0;0
2020-12-30 13:07:59;133;35;44;5;9;8;5;2;2;0;0
2020-12-30 13:08:59;134;36;44;5;9;8;5;2;2;0;0
2020-12-30 13:09:58;134;36;44;5;9;8;5;2;2;0;0
2020-12-30 13:10:59;134;36;44;5;9;8;5;2;2;0;0
2020-12-30 13:11:59;134;36;44;5;9;8;5;2;2;0;0
2020-12-30 13:12:58;134;36;44;5;9;8;5;2;2;0;0
2020-12-30 13:13:59;134;36;44;5;9;8;5;2;2;0;0
2020-12-30 13:14:58;134;36;44;5;9;8;5;2;2;0;0
2020-12-30 13:15:59;134;36;44;5;9;8;5;2;2;0;0
2020-12-30 13:16:59;134;36;44;5;9;8;5;2;2;0;0
2020-12-30 13:17:58;134;36;44;5;9;8;5;2;2;0;0
2020-12-30 13:18:59;134;36;44;5;9;8;5;2;2;0;0
2020-12-30 13:19:59;136;36;45;5;10;8;5;2;2;0;0
2020-12-30 13:20:58;136;36;45;5;10;8;5;2;2;0;0
2020-12-30 13:21:59;136;36;45;5;10;8;5;2;2;0;0
2020-12-30 13:22:59;136;36;45;5;10;8;5;2;2;0;0
2020-12-30 13:23:58;136;36;45;5;10;8;5;2;2;0;0
2020-12-30 13:24:59;136;36;45;5;10;8;5;2;2;0;0
2020-12-30 13:26:00;136;36;45;5;10;8;5;2;2;0;0
2020-12-30 13:26:58;136;36;45;5;10;8;5;2;2;0;0
2020-12-30 13:27:59;136;36;45;5;10;8;5;2;2;0;0
2020-12-30 13:28:58;136;36;45;5;10;8;5;2;2;0;0
2020-12-30 13:29:59;136;36;45;5;10;8;5;2;2;0;0
2020-12-30 13:30:59;136;36;45;5;10;8;5;2;2;0;0
2020-12-30 13:31:58;136;36;45;5;10;8;5;2;2;0;0
2020-12-30 13:32:59;136;36;45;5;10;8;5;2;2;0;0
2020-12-30 13:33:59;136;36;45;5;10;8;5;2;2;0;0
2020-12-30 13:34:58;136;36;45;5;10;8;5;2;2;0;0
2020-12-30 13:35:59;137;36;45;5;10;8;5;2;2;0;0
2020-12-30 13:36:59;137;36;45;5;10;8;5;2;2;0;0
2020-12-30 13:37:58;137;36;45;5;10;8;5;2;2;0;0
2020-12-30 13:38:59;137;36;45;5;10;8;5;2;2;0;0
2020-12-30 13:39:58;137;36;45;5;10;8;5;2;2;0;0
2020-12-30 13:40:59;137;36;45;5;10;8;5;2;2;0;0
2020-12-30 13:41:59;137;36;45;5;10;8;5;2;2;0;0
2020-12-30 13:42:59;137;36;45;5;10;8;5;2;2;0;0
2020-12-30 13:43:58;137;36;45;5;10;8;5;2;2;0;0
2020-12-30 13:44:59;137;36;45;5;10;8;5;2;2;0;0
2020-12-30 13:45:59;137;36;45;5;10;8;5;2;2;0;0
2020-12-30 13:46:58;137;36;45;5;10;8;5;2;2;0;0
2020-12-30 13:47:59;137;36;45;5;10;8;5;2;2;0;0
2020-12-30 13:48:59;137;36;45;5;10;8;5;2;2;0;0
2020-12-30 13:49:58;137;36;45;5;10;8;5;2;2;0;0
2020-12-30 13:50:59;137;36;45;5;10;8;5;2;2;0;0
2020-12-30 13:51:59;137;36;45;5;10;8;5;2;2;0;0
2020-12-30 13:52:58;137;36;45;5;10;8;5;2;2;0;0
2020-12-30 13:53:59;137;36;45;5;10;8;5;2;2;0;0
2020-12-30 13:54:59;137;36;45;5;10;8;5;2;2;0;0
2020-12-30 13:55:58;138;36;45;5;10;8;5;2;2;0;0
2020-12-30 13:56:59;138;36;45;5;10;8;5;2;2;0;0
2020-12-30 13:57:59;138;36;45;5;10;8;5;2;2;0;0
2020-12-30 13:58:58;139;37;45;5;10;8;5;2;2;0;0
2020-12-30 13:59:59;139;37;45;5;10;8;5;2;2;0;0
2020-12-30 14:00:58;139;37;45;5;10;8;5;2;2;0;0
2020-12-30 14:01:59;139;37;45;5;10;8;5;2;2;0;0
2020-12-30 14:02:58;140;37;46;5;10;8;5;2;2;0;0
2020-12-30 14:03:59;140;37;46;5;10;8;5;2;2;0;0
2020-12-30 14:04:59;140;37;46;5;10;8;5;2;2;0;0
2020-12-30 14:05:59;140;37;46;5;10;8;5;2;2;0;0
2020-12-30 14:06:58;140;37;46;5;10;8;5;2;2;0;0
2020-12-30 14:07:59;140;37;46;5;10;8;5;2;2;0;0
2020-12-30 14:08:59;141;38;46;5;10;8;5;2;2;0;0
2020-12-30 14:09:58;141;38;46;5;10;8;5;2;2;0;0
2020-12-30 14:10:59;141;38;46;5;10;8;5;2;2;0;0
2020-12-30 14:11:58;142;38;46;6;10;8;5;2;2;0;0
2020-12-30 14:12:59;142;38;46;6;10;8;5;2;2;0;0
2020-12-30 14:13:59;142;38;46;6;10;8;5;2;2;0;0
2020-12-30 14:15:00;142;38;46;6;10;8;5;2;2;0;0
2020-12-30 14:15:58;143;38;47;6;10;8;5;2;2;0;0
2020-12-30 14:16:59;143;38;47;6;10;8;5;2;2;0;0
2020-12-30 14:17:58;143;38;47;6;10;8;5;2;2;0;0
2020-12-30 14:18:59;143;38;47;6;10;8;5;2;2;0;0
2020-12-30 14:19:59;143;38;47;6;10;8;5;2;2;0;0
2020-12-30 14:20:58;143;38;47;6;10;8;5;2;2;0;0
2020-12-30 14:21:59;143;38;47;6;10;8;5;2;2;0;0
2020-12-30 14:22:59;143;38;47;6;10;8;5;2;2;0;0
2020-12-30 14:23:58;143;38;47;6;10;8;5;2;2;0;0
2020-12-30 14:24:59;143;38;47;6;10;8;5;2;2;0;0
2020-12-30 14:25:58;143;38;47;6;10;8;5;2;2;0;0
2020-12-30 14:26:59;143;38;47;6;10;8;5;2;2;0;0
2020-12-30 14:27:59;143;38;47;6;10;8;5;2;2;0;0
2020-12-30 14:28:59;143;38;47;6;10;8;5;2;2;0;0
2020-12-30 14:29:58;143;38;47;6;10;8;5;2;2;0;0
2020-12-30 14:30:59;144;38;48;6;10;8;5;2;2;0;0
2020-12-30 14:31:59;144;38;48;6;10;8;5;2;2;0;0
2020-12-30 14:32:58;144;39;47;6;10;8;5;2;2;0;0
2020-12-30 14:33:59;144;39;47;6;10;8;5;2;2;0;0
2020-12-30 14:34:59;144;39;47;6;10;8;5;2;2;0;2
2020-12-30 14:35:58;144;39;47;6;10;8;5;2;2;0;2
2020-12-30 14:36:59;144;39;47;6;10;8;5;2;2;0;2
2020-12-30 14:37:59;144;39;47;6;10;8;5;2;2;0;2
2020-12-30 14:38:58;144;39;47;6;10;8;5;2;2;0;2
2020-12-30 14:39:59;144;39;47;6;10;8;5;2;2;0;2
2020-12-30 14:40:59;144;39;47;6;10;8;5;2;2;0;2
2020-12-30 14:41:58;144;39;47;6;10;8;5;2;2;0;2
2020-12-30 14:42:59;144;39;47;6;10;8;5;2;2;0;2
2020-12-30 14:43:59;143;39;47;6;10;8;4;2;2;0;2
2020-12-30 14:44:58;143;39;47;6;10;8;4;2;2;0;2
2020-12-30 14:45:59;143;39;47;6;10;8;4;2;2;0;2
2020-12-30 14:46:59;143;39;47;6;10;8;4;2;2;0;2
2020-12-30 14:47:58;143;39;47;6;10;8;4;2;2;0;2
2020-12-30 14:48:59;144;39;48;6;10;8;4;2;2;0;2
2020-12-30 14:49:59;144;39;48;6;10;8;4;2;2;0;2
2020-12-30 14:50:58;144;39;48;6;10;8;4;2;2;0;2
2020-12-30 14:51:59;144;39;48;6;10;8;4;2;2;0;2
2020-12-30 14:52:59;144;39;48;6;10;8;4;2;2;0;2
2020-12-30 14:53:58;145;39;48;7;10;8;4;2;2;0;2
2020-12-30 14:54:59;145;39;48;7;10;8;4;2;2;0;2
2020-12-30 14:55:59;145;39;48;7;10;8;4;2;2;0;2
2020-12-30 14:56:58;145;39;48;7;10;8;4;2;2;0;2
2020-12-30 14:57:59;145;39;48;7;10;8;4;2;2;0;2
2020-12-30 14:58:59;145;39;48;7;10;8;4;2;2;0;2
2020-12-30 14:59:58;145;39;48;7;10;8;4;2;2;0;2
2020-12-30 15:00:59;145;39;48;7;10;8;4;2;2;0;2
2020-12-30 15:01:59;147;39;50;7;10;8;4;2;2;0;2
2020-12-30 15:02:58;147;39;50;7;10;8;4;2;2;0;2
2020-12-30 15:03:59;147;39;50;7;10;8;4;2;2;0;2
2020-12-30 15:04:59;147;39;50;7;10;8;4;2;2;0;2
2020-12-30 15:05:58;149;39;51;8;10;8;4;2;2;0;2
2020-12-30 15:06:59;149;39;51;8;10;8;4;2;2;0;2
2020-12-30 15:07:59;149;39;51;8;10;8;4;2;2;0;2
2020-12-30 15:08:58;149;39;51;8;10;8;4;2;2;0;2
2020-12-30 15:09:59;149;39;51;8;10;8;4;2;2;0;2
2020-12-30 15:10:58;149;39;51;8;10;8;4;2;2;0;2
2020-12-30 15:11:59;149;39;51;8;10;8;4;2;2;0;2
2020-12-30 15:12:58;150;39;51;8;10;8;4;3;2;0;2
2020-12-30 15:13:59;150;39;51;8;10;8;4;3;2;0;2
2020-12-30 15:14:58;150;39;51;8;10;8;4;3;2;0;2
2020-12-30 15:15:59;150;39;51;8;10;8;4;3;2;0;2
2020-12-30 15:16:59;151;40;51;8;10;8;4;3;2;0;2
2020-12-30 15:17:58;152;40;51;9;10;8;4;3;2;0;2
2020-12-30 15:18:59;152;40;51;9;10;8;4;3;2;0;2
2020-12-30 15:19:59;153;41;51;9;10;8;4;3;2;0;2
2020-12-30 15:20:58;154;41;51;9;10;8;4;3;2;0;2
2020-12-30 15:21:59;155;42;51;9;10;8;4;3;2;0;2
2020-12-30 15:22:58;155;42;51;9;10;8;4;3;2;0;2
2020-12-30 15:23:59;155;42;51;9;10;8;4;3;2;0;2
2020-12-30 15:24:59;155;42;51;9;10;8;4;3;2;0;2
2020-12-30 15:25:59;155;42;51;9;10;8;4;3;2;0;2
2020-12-30 15:26:58;155;42;51;9;10;8;4;3;2;0;2
2020-12-30 15:27:59;155;42;51;9;10;8;4;3;2;0;2
2020-12-30 15:28:58;155;42;51;9;10;8;4;3;2;0;2
2020-12-30 15:29:59;155;42;51;9;10;8;4;3;2;0;2
2020-12-30 15:30:59;155;42;51;9;10;8;4;3;2;0;2
2020-12-30 15:31:58;155;42;51;9;10;8;4;3;2;0;2
2020-12-30 15:32:59;155;42;51;9;10;8;4;3;2;0;2
2020-12-30 15:33:59;155;42;51;9;10;8;4;3;2;0;2
2020-12-30 15:34:59;155;42;51;9;10;8;4;3;2;0;2
2020-12-30 15:35:58;155;42;51;9;10;8;4;3;2;0;2
2020-12-30 15:36:59;155;42;51;9;10;8;4;3;2;0;2
2020-12-30 15:37:59;155;42;51;9;10;8;4;3;2;0;2
2020-12-30 15:38:59;155;42;51;9;10;8;4;3;2;0;2
2020-12-30 15:39:58;155;42;51;9;10;8;4;3;2;0;2
2020-12-30 15:40:59;155;42;51;9;10;8;4;3;2;0;2
2020-12-30 15:41:59;155;42;51;9;10;8;4;3;2;0;2
2020-12-30 15:42:58;155;42;51;9;10;8;4;3;2;0;2
2020-12-30 15:43:59;155;42;51;9;10;8;4;3;2;0;2
2020-12-30 15:44:59;155;42;51;9;10;8;4;3;2;0;2
2020-12-30 15:45:58;155;42;51;9;10;8;4;3;2;0;2
2020-12-30 15:46:59;155;42;51;9;10;8;4;3;2;0;2
2020-12-30 15:47:59;156;43;51;9;10;8;4;3;2;0;2
2020-12-30 15:48:58;156;43;51;9;10;8;4;3;2;0;2
2020-12-30 15:49:59;156;43;51;9;10;8;4;3;2;0;2
2020-12-30 15:50:59;156;43;51;9;10;8;4;3;2;0;2
2020-12-30 15:51:58;156;43;51;9;10;8;4;3;2;0;2
2020-12-30 15:52:59;157;44;51;9;10;8;4;3;2;0;2
2020-12-30 15:53:58;157;44;51;9;10;8;4;3;2;0;2
2020-12-30 15:54:59;157;44;51;9;10;8;4;3;2;0;2
2020-12-30 15:55:59;157;44;51;9;10;8;4;3;2;0;2
2020-12-30 15:56:58;158;45;51;9;10;8;4;3;2;0;2
2020-12-30 15:57:59;158;45;51;9;10;8;4;3;2;0;2
2020-12-30 15:58:58;158;45;51;9;10;8;4;3;2;0;2
2020-12-30 15:59:59;158;45;51;9;10;8;4;3;2;0;2
2020-12-30 16:00:59;158;45;51;9;10;8;4;3;2;0;2
2020-12-30 16:01:58;158;45;51;9;10;8;4;3;2;0;2
2020-12-30 16:02:59;158;45;51;9;10;8;4;3;2;0;2
2020-12-30 16:03:58;158;45;51;9;10;8;4;3;2;0;2
2020-12-30 16:04:59;158;45;51;9;10;8;4;3;2;0;2
2020-12-30 16:05:59;158;45;51;9;10;8;4;3;2;0;2
2020-12-30 16:06:58;158;45;51;9;10;8;4;3;2;0;2
2020-12-30 16:07:59;158;45;51;9;10;8;4;3;2;0;2
2020-12-30 16:08:59;158;45;51;9;10;8;4;3;2;0;2
2020-12-30 16:09:58;158;45;51;9;10;8;4;3;2;0;2
2020-12-30 16:10:59;158;45;51;9;10;8;4;3;2;0;2
2020-12-30 16:11:59;158;45;51;9;10;8;4;3;2;0;2
2020-12-30 16:12:58;158;45;51;9;10;8;4;3;2;0;2
2020-12-30 16:13:59;158;45;51;9;10;8;4;3;2;0;2
2020-12-30 16:14:59;158;45;51;9;10;8;4;3;2;0;2
2020-12-30 16:15:58;158;45;51;9;10;8;4;3;2;0;2
2020-12-30 16:16:59;158;45;51;9;10;8;4;3;2;0;2
2020-12-30 16:17:59;159;45;51;9;10;8;4;4;2;0;2
2020-12-30 16:18:58;159;45;51;9;10;8;4;4;2;0;2
2020-12-30 16:19:59;160;45;51;9;10;8;5;4;2;0;2
2020-12-30 16:20:59;160;45;51;9;10;8;5;4;2;0;2
2020-12-30 16:21:58;160;45;51;9;10;8;5;4;2;0;2
2020-12-30 16:22:59;160;45;51;9;10;8;5;4;2;0;2
2020-12-30 16:23:58;161;45;51;9;10;8;5;4;2;0;3
2020-12-30 16:24:59;161;45;51;9;10;8;5;4;2;0;3
2020-12-30 16:25:59;161;45;51;9;10;8;5;4;2;0;3
2020-12-30 16:26:58;161;45;51;9;10;8;5;4;2;0;3
2020-12-30 16:27:59;161;45;51;9;10;8;5;4;2;0;3
2020-12-30 16:28:59;161;45;51;9;10;8;5;4;2;0;3
2020-12-30 16:29:59;161;45;51;9;10;8;5;4;2;0;3
2020-12-30 16:30:59;161;45;51;9;10;8;5;4;2;0;3
2020-12-30 16:31:59;161;45;51;9;10;8;5;4;2;0;3
2020-12-30 16:32:58;161;45;51;9;10;8;5;4;2;0;3
2020-12-30 16:33:59;162;45;52;9;10;8;5;4;2;0;3
2020-12-30 16:34:59;162;45;52;9;10;8;5;4;2;0;3
2020-12-30 16:35:59;162;45;52;9;10;8;5;4;2;0;3
2020-12-30 16:36:58;162;45;52;9;10;8;5;4;2;0;3
2020-12-30 16:37:59;163;45;53;9;10;8;5;4;2;0;3
2020-12-30 16:38:59;163;45;53;9;10;8;5;4;2;0;3
2020-12-30 16:40:00;163;45;53;9;10;8;5;4;2;0;3
2020-12-30 16:40:58;163;45;53;9;10;8;5;4;2;0;3
2020-12-30 16:41:59;163;45;53;9;10;8;5;4;2;0;3
2020-12-30 16:42:59;164;46;53;9;10;8;5;4;2;0;3
2020-12-30 16:43:58;164;46;53;9;10;8;5;4;2;0;3
2020-12-30 16:44:59;164;46;53;9;10;8;5;4;2;0;3
2020-12-30 16:45:59;164;46;53;9;10;8;5;4;2;0;3
2020-12-30 16:46:58;164;46;53;9;10;8;5;4;2;0;3
2020-12-30 16:47:59;164;46;53;9;10;8;5;4;2;0;3
2020-12-30 16:48:59;164;46;53;9;10;8;5;4;2;0;3
2020-12-30 16:49:58;164;46;53;9;10;8;5;4;2;0;3
2020-12-30 16:50:59;164;46;53;9;10;8;5;4;2;0;3
2020-12-30 16:51:59;164;46;53;9;10;8;5;4;2;0;3
2020-12-30 16:52:59;164;46;53;9;10;8;5;4;2;0;3
2020-12-30 16:53:58;164;46;53;9;10;8;5;4;2;0;3
2020-12-30 16:54:59;164;46;53;9;10;8;5;4;2;0;3
2020-12-30 16:55:58;164;46;53;9;10;8;5;4;2;0;3
2020-12-30 16:56:59;164;46;53;9;10;8;5;4;2;0;3
2020-12-30 16:57:58;164;46;53;9;10;8;5;4;2;0;3
2020-12-30 16:58:59;164;46;53;9;10;8;5;4;2;0;3
2020-12-30 16:59:59;164;46;53;9;10;8;5;4;2;0;3
2020-12-30 17:00:58;164;46;53;9;10;8;5;4;2;0;3
2020-12-30 17:01:59;164;46;53;9;10;8;5;4;2;0;3
2020-12-30 17:02:59;166;48;53;9;10;8;5;4;2;0;3
2020-12-30 17:03:58;166;48;53;9;10;8;5;4;2;0;3
2020-12-30 17:04:59;166;48;53;9;10;8;5;4;2;0;3
2020-12-30 17:05:59;166;48;53;9;10;8;5;4;2;0;3
2020-12-30 17:06:58;167;48;54;9;10;8;5;4;2;0;3
2020-12-30 17:07:59;167;48;54;9;10;8;5;4;2;0;3
2020-12-30 17:08:59;167;48;54;9;10;8;5;4;2;0;3
2020-12-30 17:09:58;167;48;54;9;10;8;5;4;2;0;3
2020-12-30 17:10:59;167;48;54;9;10;8;5;4;2;0;3
2020-12-30 17:11:59;167;48;54;9;10;8;5;4;2;0;3
2020-12-30 17:12:58;167;48;54;9;10;8;5;4;2;0;3
2020-12-30 17:13:59;167;48;54;9;10;8;5;4;2;0;3
2020-12-30 17:14:59;167;48;54;9;10;8;5;4;2;0;3
2020-12-30 17:15:58;167;48;54;9;10;8;5;4;2;0;3
2020-12-30 17:16:59;167;48;54;9;10;8;5;4;2;0;3
2020-12-30 17:17:59;167;48;54;9;10;8;5;4;2;0;3
2020-12-30 17:18:58;168;48;55;9;10;8;5;4;2;0;3
2020-12-30 17:19:59;168;48;55;9;10;8;5;4;2;0;3
2020-12-30 17:20:59;168;48;55;9;10;8;5;4;2;0;3
2020-12-30 17:21:58;169;48;55;10;10;8;5;4;2;0;3
2020-12-30 17:22:59;169;48;55;10;10;8;5;4;2;0;3
2020-12-30 17:23:59;169;48;55;10;10;8;5;4;2;0;3
2020-12-30 17:24:58;170;48;56;10;10;8;5;4;2;0;3
2020-12-30 17:25:59;170;48;56;10;10;8;5;4;2;0;3
2020-12-30 17:26:59;170;48;56;10;10;8;5;4;2;0;3
2020-12-30 17:28:00;171;48;56;10;10;8;5;4;2;0;3
2020-12-30 17:28:58;171;48;56;10;10;8;5;4;2;0;3
2020-12-30 17:29:59;171;48;56;10;10;8;5;4;2;0;3
2020-12-30 17:30:59;171;48;56;10;10;8;5;4;2;0;3
2020-12-30 17:31:58;171;48;56;10;10;8;5;4;2;0;3
2020-12-30 17:32:59;171;48;56;10;10;8;5;4;2;0;3
2020-12-30 17:33:59;171;48;56;10;10;8;5;4;2;0;3
2020-12-30 17:34:58;171;48;56;10;10;8;5;4;2;0;3
2020-12-30 17:35:59;171;48;56;10;10;8;5;4;2;0;3
2020-12-30 17:36:59;171;48;56;10;10;8;5;4;2;0;3
2020-12-30 17:37:58;171;48;56;10;10;8;5;4;2;0;3
2020-12-30 17:38:59;171;48;56;10;10;8;5;4;2;0;3
2020-12-30 17:39:59;171;48;56;10;10;8;5;4;2;0;3
2020-12-30 17:41:00;171;48;56;10;10;8;5;4;2;0;3
2020-12-30 17:41:58;171;48;56;10;10;8;5;4;2;0;3
2020-12-30 17:42:59;171;48;56;10;10;8;5;4;2;0;3
2020-12-30 17:43:58;171;48;56;10;10;8;5;4;2;0;3
2020-12-30 17:44:59;171;48;56;10;10;8;5;4;2;0;3
2020-12-30 17:45:59;171;48;56;10;10;8;5;4;2;0;3
2020-12-30 17:46:58;171;48;56;10;10;8;5;4;2;0;3
2020-12-30 17:47:59;171;48;56;10;10;8;5;4;2;0;3
2020-12-30 17:48:59;171;48;56;10;10;8;5;4;2;0;3
2020-12-30 17:49:58;171;48;56;10;10;8;5;4;2;0;3
2020-12-30 17:50:59;171;48;56;10;10;8;5;4;2;0;3
2020-12-30 17:51:58;171;48;56;10;10;8;5;4;2;0;3
2020-12-30 17:52:59;171;48;56;10;10;8;5;4;2;0;3
2020-12-30 17:53:59;171;48;56;10;10;8;5;4;2;0;3
2020-12-30 17:54:58;171;48;56;10;10;8;5;4;2;0;3
2020-12-30 17:55:59;171;48;56;10;10;8;5;4;2;0;3
2020-12-30 17:56:58;171;48;56;10;10;8;5;4;2;0;3
2020-12-30 17:57:59;171;48;56;10;10;8;5;4;2;0;3
2020-12-30 17:58:58;173;49;57;10;10;8;5;4;2;0;3
2020-12-30 17:59:59;174;49;58;10;10;8;5;4;2;0;3
2020-12-30 18:00:59;174;49;58;10;10;8;5;4;2;0;3
2020-12-30 18:01:58;174;49;58;10;10;8;5;4;2;0;3
2020-12-30 18:02:59;174;49;58;10;10;8;5;4;2;0;3
2020-12-30 18:03:59;174;49;58;10;10;8;5;4;2;0;3
2020-12-30 18:05:00;174;49;58;10;10;8;5;4;2;0;3
2020-12-30 18:05:58;174;49;58;10;10;8;5;4;2;0;3
2020-12-30 18:06:59;174;49;58;10;10;8;5;4;2;0;3
2020-12-30 18:07:59;174;49;58;10;10;8;5;4;2;0;3
2020-12-30 18:08:58;175;50;58;10;10;8;5;4;2;0;3
2020-12-30 18:09:59;175;50;58;10;10;8;5;4;2;0;3
2020-12-30 18:10:59;175;50;58;10;10;8;5;4;2;0;3
2020-12-30 18:11:58;177;50;59;10;11;8;5;4;2;0;3
2020-12-30 18:12:59;177;50;59;10;11;8;5;4;2;0;3
2020-12-30 18:13:59;177;50;59;10;11;8;5;4;2;0;3
2020-12-30 18:14:58;177;50;59;10;11;8;5;4;2;0;3
2020-12-30 18:15:59;177;50;59;10;11;8;5;4;2;0;3
2020-12-30 18:16:58;177;50;59;10;11;8;5;4;2;0;3
2020-12-30 18:17:59;177;50;59;10;11;8;5;4;2;0;3
2020-12-30 18:18:59;177;50;59;10;11;8;5;4;2;0;3
2020-12-30 18:19:58;177;50;59;10;11;8;5;4;2;0;3
2020-12-30 18:20:59;177;50;59;10;11;8;5;4;2;0;3
2020-12-30 18:21:59;177;50;59;10;11;8;5;4;2;0;3
2020-12-30 18:22:58;177;50;59;10;11;8;5;4;2;0;3
2020-12-30 18:23:59;177;50;59;10;11;8;5;4;2;0;3
2020-12-30 18:24:59;177;50;59;10;11;8;5;4;2;0;3
2020-12-30 18:25:59;177;50;59;10;11;8;5;4;2;0;3
2020-12-30 18:26:58;177;50;59;10;11;8;5;4;2;0;3
2020-12-30 18:27:59;177;50;59;10;11;8;5;4;2;0;3
2020-12-30 18:28:59;178;50;59;10;11;8;5;4;2;0;3
2020-12-30 18:29:58;178;50;59;10;11;8;5;4;2;0;3
2020-12-30 18:30:59;179;50;59;10;11;8;5;4;2;0;3
2020-12-30 18:31:59;180;50;60;10;11;8;5;4;2;0;3
2020-12-30 18:32:58;180;50;60;10;11;8;5;4;2;0;3
2020-12-30 18:33:59;180;50;60;10;11;8;5;4;2;0;3
2020-12-30 18:34:58;180;50;60;10;11;8;5;4;2;0;3
2020-12-30 18:35:59;181;50;60;11;11;8;5;4;2;0;3
2020-12-30 18:36:59;181;50;60;11;11;8;5;4;2;0;3
2020-12-30 18:37:58;182;51;60;11;11;8;5;4;2;0;3
2020-12-30 18:38:59;183;51;60;11;12;8;5;4;2;0;3
2020-12-30 18:39:58;183;51;60;11;12;8;5;4;2;0;3
2020-12-30 18:40:59;183;51;60;11;12;8;5;4;2;0;3
2020-12-30 18:41:59;183;51;60;11;12;8;5;4;2;0;3
2020-12-30 18:42:58;183;51;60;11;12;8;5;4;2;0;3
2020-12-30 18:43:59;183;51;60;11;12;8;5;4;2;0;3
2020-12-30 18:44:59;183;51;60;11;12;8;5;4;2;0;3
2020-12-30 18:45:58;183;51;60;11;12;8;5;4;2;0;3
2020-12-30 18:46:59;183;51;60;11;12;8;5;4;2;0;3
2020-12-30 18:47:59;183;51;60;11;12;8;5;4;2;0;3
2020-12-30 18:48:58;183;51;60;11;12;8;5;4;2;0;3
2020-12-30 18:49:59;183;51;60;11;12;8;5;4;2;0;3
2020-12-30 18:50:59;183;51;60;11;12;8;5;4;2;0;3
2020-12-30 18:51:58;183;51;60;11;12;8;5;4;2;0;3
2020-12-30 18:52:59;183;51;60;11;12;8;5;4;2;0;3
2020-12-30 18:53:59;183;51;60;11;12;8;5;4;2;0;3
2020-12-30 18:54:58;183;51;60;11;12;8;5;4;2;0;3
2020-12-30 18:55:59;183;51;60;11;12;8;5;4;2;0;3
2020-12-30 18:56:59;184;51;60;11;13;8;5;4;2;0;3
2020-12-30 18:57:58;184;51;60;11;13;8;5;4;2;0;3
2020-12-30 18:58:59;185;52;60;11;13;8;5;4;2;0;3
2020-12-30 18:59:59;185;52;60;11;13;8;5;4;2;0;3
2020-12-30 19:00:58;185;52;60;11;13;8;5;4;2;0;3
2020-12-30 19:01:59;185;52;60;11;13;8;5;4;2;0;3
2020-12-30 19:02:58;185;52;60;11;13;8;5;4;2;0;3
2020-12-30 19:03:59;185;52;60;11;13;8;5;4;2;0;3
2020-12-30 19:04:59;185;52;60;11;13;8;5;4;2;0;3
2020-12-30 19:05:58;185;52;60;11;13;8;5;4;2;0;3
2020-12-30 19:06:59;185;52;60;11;13;8;5;4;2;0;3
2020-12-30 19:07:58;185;52;60;11;13;8;5;4;2;0;3
2020-12-30 19:08:59;185;52;60;11;13;8;5;4;2;0;3
2020-12-30 19:09:59;186;53;60;11;13;8;5;4;2;0;3
2020-12-30 19:10:58;186;53;60;11;13;8;5;4;2;0;3
2020-12-30 19:11:59;187;53;61;11;13;8;5;4;2;0;3
2020-12-30 19:12:59;187;53;61;11;13;8;5;4;2;0;3
2020-12-30 19:13:58;189;54;61;12;13;8;5;4;2;0;3
2020-12-30 19:14:59;189;54;61;12;13;8;5;4;2;0;3
2020-12-30 19:15:58;189;54;61;12;13;8;5;4;2;0;3
2020-12-30 19:16:59;189;54;61;12;13;8;5;4;2;0;3
2020-12-30 19:17:59;189;55;60;12;13;8;5;4;2;0;3
2020-12-30 19:18:58;189;54;61;12;13;8;5;4;2;0;3
2020-12-30 19:19:59;189;54;61;12;13;8;5;4;2;0;3
2020-12-30 19:20:59;189;54;61;12;13;8;5;4;2;0;3
2020-12-30 19:21:58;189;54;61;12;13;8;5;4;2;0;3
2020-12-30 19:22:59;190;55;61;12;13;8;5;4;2;0;3
2020-12-30 19:23:59;190;55;61;12;13;8;5;4;2;0;3
2020-12-30 19:24:58;190;55;61;12;13;8;5;4;2;0;3
2020-12-30 19:25:59;190;55;61;12;13;8;5;4;2;0;3
2020-12-30 19:26:59;190;55;61;12;13;8;5;4;2;0;3
2020-12-30 19:27:58;190;55;61;12;13;8;5;4;2;0;3
2020-12-30 19:28:59;190;55;61;12;13;8;5;4;2;0;3
2020-12-30 19:29:59;190;55;61;12;13;8;5;4;2;0;3
2020-12-30 19:30:58;190;55;61;12;13;8;5;4;2;0;3
2020-12-30 19:31:59;191;55;62;12;13;8;5;4;2;0;3
2020-12-30 19:32:59;191;55;62;12;13;8;5;4;2;0;3
2020-12-30 19:33:58;191;55;62;12;13;8;5;4;2;0;3
2020-12-30 19:34:59;191;55;62;12;13;8;5;4;2;0;3
2020-12-30 19:35:58;191;55;62;12;13;8;5;4;2;0;3
2020-12-30 19:36:59;191;55;62;12;13;8;5;4;2;0;3
2020-12-30 19:37:59;191;55;62;12;13;8;5;4;2;0;3
2020-12-30 19:38:58;191;55;62;12;13;8;5;4;2;0;3
2020-12-30 19:39:59;192;56;62;12;13;8;5;4;2;0;3
2020-12-30 19:40:59;192;56;62;12;13;8;5;4;2;0;3
2020-12-30 19:41:58;192;56;62;12;13;8;5;4;2;0;3
2020-12-30 19:42:59;192;56;62;12;13;8;5;4;2;0;3
2020-12-30 19:43:59;192;56;62;12;13;8;5;4;2;0;3
2020-12-30 19:44:58;192;56;62;12;13;8;5;4;2;0;3
2020-12-30 19:45:59;193;57;62;12;13;8;5;4;2;0;3
2020-12-30 19:46:59;193;57;62;12;13;8;5;4;2;0;3
2020-12-30 19:47:58;193;57;62;12;13;8;5;4;2;0;3
2020-12-30 19:48:59;193;57;62;12;13;8;5;4;2;0;3
2020-12-30 19:49:59;193;57;62;12;13;8;5;4;2;0;3
2020-12-30 19:50:58;193;57;62;12;13;8;5;4;2;0;3
2020-12-30 19:51:59;193;57;62;12;13;8;5;4;2;0;3
2020-12-30 19:52:59;193;57;62;12;13;8;5;4;2;0;3
2020-12-30 19:53:58;193;57;62;12;13;8;5;4;2;0;3
2020-12-30 19:54:59;194;58;62;12;13;8;5;4;2;0;3
2020-12-30 19:55:58;195;59;62;12;13;8;5;4;2;0;3
2020-12-30 19:56:59;195;59;62;12;13;8;5;4;2;0;3
2020-12-30 19:57:59;195;59;62;12;13;8;5;4;2;0;3
2020-12-30 19:58:58;195;59;62;12;13;8;5;4;2;0;3
2020-12-30 19:59:59;195;59;62;12;13;8;5;4;2;0;3
2020-12-30 20:00:58;195;59;62;12;13;8;5;4;2;0;3
2020-12-30 20:01:59;195;59;62;12;13;8;5;4;2;0;3
2020-12-30 20:02:59;195;59;62;12;13;8;5;4;2;0;3
2020-12-30 20:03:58;196;60;62;12;13;8;5;4;2;0;3
2020-12-30 20:04:59;196;60;62;12;13;8;5;4;2;0;3
2020-12-30 20:05:59;196;60;62;12;13;8;5;4;2;0;3
2020-12-30 20:06:58;197;61;62;12;13;8;5;4;2;0;3
2020-12-30 20:07:59;197;61;62;12;13;8;5;4;2;0;3
2020-12-30 20:08:58;197;61;62;12;13;8;5;4;2;0;3
2020-12-30 20:09:59;197;61;62;12;13;8;5;4;2;0;3
2020-12-30 20:10:59;197;61;62;12;13;8;5;4;2;0;3
2020-12-30 20:11:59;198;62;62;12;13;8;5;4;2;0;3
2020-12-30 20:12:58;198;62;62;12;13;8;5;4;2;0;3
2020-12-30 20:13:59;198;62;62;12;13;8;5;4;2;0;3
2020-12-30 20:14:59;198;62;62;12;13;8;5;4;2;0;3
2020-12-30 20:15:58;198;62;62;12;13;8;5;4;2;0;3
2020-12-30 20:16:59;198;62;62;12;13;8;5;4;2;0;3
2020-12-30 20:17:58;198;62;62;12;13;8;5;4;2;0;3
2020-12-30 20:18:59;199;63;62;12;13;8;5;4;2;0;3
2020-12-30 20:19:59;199;63;62;12;13;8;5;4;2;0;3
2020-12-30 20:20:58;199;63;62;12;13;8;5;4;2;0;3
2020-12-30 20:21:59;199;63;62;12;13;8;5;4;2;0;3
2020-12-30 20:22:59;199;63;62;12;13;8;5;4;2;0;3
2020-12-30 20:23:58;200;63;63;12;13;8;5;4;2;0;3
2020-12-30 20:24:59;200;63;63;12;13;8;5;4;2;0;3
2020-12-30 20:25:59;200;63;63;12;13;8;5;4;2;0;3
2020-12-30 20:26:58;202;64;64;12;13;8;5;4;2;0;3
2020-12-30 20:27:59;202;64;64;12;13;8;5;4;2;0;3
2020-12-30 20:28:58;203;65;64;12;13;8;5;4;2;0;3
2020-12-30 20:29:59;204;65;65;12;13;8;5;4;2;0;3
2020-12-30 20:30:58;204;65;65;12;13;8;5;4;2;0;3
2020-12-30 20:31:59;204;65;65;12;13;8;5;4;2;0;3
2020-12-30 20:32:59;204;65;65;12;13;8;5;4;2;0;3
2020-12-30 20:33:58;204;65;65;12;13;8;5;4;2;0;3
2020-12-30 20:34:59;204;65;65;12;13;8;5;4;2;0;3
2020-12-30 20:35:59;204;65;65;12;13;8;5;4;2;0;3
2020-12-30 20:36:59;204;65;65;12;13;8;5;4;2;0;3
2020-12-30 20:37:58;204;65;65;12;13;8;5;4;2;0;3
2020-12-30 20:38:59;204;65;65;12;13;8;5;4;2;0;3
2020-12-30 20:39:59;204;65;65;12;13;8;5;4;2;0;3
2020-12-30 20:40:58;204;65;65;12;13;8;5;4;2;0;3
2020-12-30 20:41:59;206;66;65;13;13;8;5;4;2;0;3
2020-12-30 20:42:58;207;66;66;13;13;8;5;4;2;0;3
2020-12-30 20:43:59;207;66;66;13;13;8;5;4;2;0;3
2020-12-30 20:44:59;207;66;66;13;13;8;5;4;2;0;3
2020-12-30 20:45:59;207;66;66;13;13;8;5;4;2;0;3
2020-12-30 20:46:59;207;66;66;13;13;8;5;4;2;0;3
2020-12-30 20:47:59;207;66;66;13;13;8;5;4;2;0;3
2020-12-30 20:48:58;209;66;67;13;13;8;5;4;3;0;3
2020-12-30 20:49:59;209;66;67;13;13;8;5;4;3;0;3
2020-12-30 20:50:59;209;66;67;13;13;8;5;4;3;0;3
2020-12-30 20:51:58;209;66;67;13;13;8;5;4;3;0;3
2020-12-30 20:52:59;210;66;68;13;13;8;5;4;3;0;3
2020-12-30 20:53:58;211;67;68;13;13;8;5;4;3;0;3
2020-12-30 20:54:59;211;67;68;13;13;8;5;4;3;0;3
2020-12-30 20:55:59;211;67;68;13;13;8;5;4;3;0;3
2020-12-30 20:56:59;212;67;68;13;13;8;5;4;3;0;3
2020-12-30 20:57:58;212;67;68;13;13;8;5;4;3;0;3
2020-12-30 20:58:59;213;68;68;13;13;8;5;4;3;0;3
2020-12-30 20:59:59;213;68;68;13;13;8;5;4;3;0;3
2020-12-30 21:00:58;213;68;68;13;13;8;5;4;3;0;3
2020-12-30 21:01:59;213;68;68;13;13;8;5;4;3;0;3
2020-12-30 21:02:59;213;68;68;13;13;8;5;4;3;0;3
2020-12-30 21:03:58;213;68;68;13;13;8;5;4;3;0;3
2020-12-30 21:04:59;213;68;68;13;13;8;5;4;3;0;3
2020-12-30 21:05:59;213;68;68;13;13;8;5;4;3;0;3
2020-12-30 21:06:58;213;68;68;13;13;8;5;4;3;0;3
2020-12-30 21:07:59;213;68;68;13;13;8;5;4;3;0;3
2020-12-30 21:08:59;214;69;68;13;13;8;5;4;3;0;3
2020-12-30 21:09:58;215;70;68;13;13;8;5;4;3;0;3
2020-12-30 21:10:59;215;70;68;13;13;8;5;4;3;0;3
2020-12-30 21:11:59;215;70;68;13;13;8;5;4;3;0;3
2020-12-30 21:12:58;216;70;68;14;13;8;5;4;3;0;3
2020-12-30 21:13:59;216;70;68;14;13;8;5;4;3;0;3
2020-12-30 21:14:58;217;70;68;14;13;8;5;4;3;0;3
2020-12-30 21:15:59;217;70;68;14;13;8;5;4;3;0;3
2020-12-30 21:16:59;217;70;68;14;13;8;5;4;3;0;3
2020-12-30 21:17:58;217;70;68;14;13;8;5;4;3;0;3
2020-12-30 21:18:59;217;70;68;14;13;8;5;4;3;0;3
2020-12-30 21:19:59;217;70;68;14;13;8;5;4;3;0;3
2020-12-30 21:20:58;218;70;69;14;13;8;5;4;3;0;3
2020-12-30 21:21:59;218;70;69;14;13;8;5;4;3;0;3
2020-12-30 21:22:59;218;70;69;14;13;8;5;4;3;0;3
2020-12-30 21:23:58;218;70;69;14;13;8;5;4;3;0;3
2020-12-30 21:24:59;218;69;70;14;13;8;5;4;3;0;3
2020-12-30 21:25:59;219;70;70;14;13;8;5;4;3;0;3
2020-12-30 21:26:58;219;70;70;14;13;8;5;4;3;0;3
2020-12-30 21:27:59;219;70;70;14;13;8;5;4;3;0;3
2020-12-30 21:28:58;219;70;70;14;13;8;5;4;3;0;3
2020-12-30 21:29:59;219;70;70;14;13;8;5;4;3;0;3
2020-12-30 21:30:59;219;70;70;14;13;8;5;4;3;0;3
2020-12-30 21:31:58;220;71;70;14;13;8;5;4;3;0;3
2020-12-30 21:32:59;220;71;70;14;13;8;5;4;3;0;3
2020-12-30 21:33:59;220;71;70;14;13;8;5;4;3;0;3
2020-12-30 21:34:58;220;71;70;14;13;8;5;4;3;0;3
2020-12-30 21:35:59;220;71;70;14;13;8;5;4;3;0;3
2020-12-30 21:36:59;220;71;70;14;13;8;5;4;3;0;3
2020-12-30 21:37:58;221;72;70;14;13;8;5;4;3;0;3
2020-12-30 21:38:59;221;72;70;14;13;8;5;4;3;0;3
2020-12-30 21:39:58;222;72;71;14;13;8;5;4;3;0;3
2020-12-30 21:40:59;222;72;71;14;13;8;5;4;3;0;3
2020-12-30 21:41:59;222;72;71;14;13;8;5;4;3;0;3
2020-12-30 21:42:58;223;72;71;15;13;8;5;4;3;0;3
2020-12-30 21:43:59;223;72;71;15;13;8;5;4;3;0;3
2020-12-30 21:44:59;223;72;71;15;13;8;5;4;3;0;3
2020-12-30 21:45:58;223;72;71;15;13;8;5;4;3;0;3
2020-12-30 21:46:59;223;72;71;15;13;8;5;4;3;0;3
2020-12-30 21:47:59;223;72;71;15;13;8;5;4;3;0;3
2020-12-30 21:48:58;224;72;71;15;13;9;5;4;3;0;3
2020-12-30 21:49:59;224;72;71;15;13;9;5;4;3;0;3
2020-12-30 21:50:59;224;72;71;15;13;9;5;4;3;0;3
2020-12-30 21:51:58;224;72;71;15;13;9;5;4;3;0;3
2020-12-30 21:52:59;224;72;71;15;13;9;5;4;3;0;3
2020-12-30 21:53:59;224;72;71;15;13;9;5;4;3;0;3
2020-12-30 21:54:58;224;72;71;15;13;9;5;4;3;0;3
2020-12-30 21:55:59;224;72;71;15;13;9;5;4;3;0;3
2020-12-30 21:56:59;224;72;71;15;13;9;5;4;3;0;3
2020-12-30 21:57:58;224;72;71;15;13;9;5;4;3;0;3
2020-12-30 21:58:59;224;72;71;15;13;9;5;4;3;0;3
2020-12-30 21:59:59;224;72;71;15;13;9;5;4;3;0;3
2020-12-30 22:00:58;225;72;72;15;13;9;5;4;3;0;3
2020-12-30 22:01:59;225;72;72;15;13;9;5;4;3;0;3
2020-12-30 22:02:58;226;72;73;15;13;9;5;4;3;0;3
2020-12-30 22:03:59;227;72;74;15;13;9;5;4;3;0;3
2020-12-30 22:04:58;227;72;74;15;13;9;5;4;3;0;3
2020-12-30 22:05:59;227;72;74;15;13;9;5;4;3;0;3
2020-12-30 22:06:59;227;72;74;15;13;9;5;4;3;0;3
2020-12-30 22:07:58;227;72;74;15;13;9;5;4;3;0;3
2020-12-30 22:08:59;227;72;74;15;13;9;5;4;3;0;3
2020-12-30 22:09:59;227;72;74;15;13;9;5;4;3;0;3
2020-12-30 22:10:58;227;72;74;15;13;9;5;4;3;0;3
2020-12-30 22:11:59;227;72;74;15;13;9;5;4;3;0;3
2020-12-30 22:12:59;227;72;74;15;13;9;5;4;3;0;3
2020-12-30 22:13:58;227;72;74;15;13;9;5;4;3;0;3
2020-12-30 22:14:59;229;72;74;15;13;9;5;4;3;0;3
2020-12-30 22:15:59;230;72;74;15;13;9;5;4;3;0;3
2020-12-30 22:16:58;231;72;74;15;13;9;5;4;3;3;3
2020-12-30 22:17:59;231;72;74;15;13;9;5;4;3;3;3
2020-12-30 22:18:58;232;72;74;15;13;9;5;4;3;3;3
2020-12-30 22:19:59;232;72;74;15;13;9;5;4;3;3;3
2020-12-30 22:20:59;232;72;74;15;13;9;5;4;3;3;3
2020-12-30 22:21:58;232;72;74;15;13;9;5;4;3;3;3
2020-12-30 22:22:59;233;72;74;15;13;9;5;4;3;4;3
2020-12-30 22:23:59;233;72;74;15;13;9;5;4;3;4;3
2020-12-30 22:24:58;233;72;74;15;13;9;5;4;3;4;3
2020-12-30 22:25:59;233;72;74;15;13;9;5;4;3;4;3
2020-12-30 22:26:59;233;72;74;15;13;9;5;4;3;4;3
2020-12-30 22:27:58;234;72;75;15;13;9;5;4;3;4;3
2020-12-30 22:28:59;234;72;75;15;13;9;5;4;3;4;3
2020-12-30 22:29:58;234;72;75;15;13;9;5;4;3;4;3
2020-12-30 22:30:59;234;72;75;15;13;9;5;4;3;4;3
2020-12-30 22:31:58;235;73;75;15;13;9;5;4;3;4;3
2020-12-30 22:32:59;235;73;75;15;13;9;5;4;3;4;3
2020-12-30 22:33:58;235;73;75;15;13;9;5;4;3;4;3
2020-12-30 22:34:59;235;73;75;15;13;9;5;4;3;4;3
2020-12-30 22:35:58;235;73;75;15;13;9;5;4;3;4;3
2020-12-30 22:36:59;238;75;76;15;13;9;5;4;3;4;3
2020-12-30 22:37:58;238;75;76;15;13;9;5;4;3;4;3
2020-12-30 22:38:59;238;75;76;15;13;9;5;4;3;4;3
2020-12-30 22:39:58;238;75;76;15;13;9;5;4;3;4;3
2020-12-30 22:40:59;238;75;76;15;13;9;5;4;3;4;3
2020-12-30 22:41:59;238;75;76;15;13;9;5;4;3;4;3
2020-12-30 22:42:59;238;75;76;15;13;9;5;4;3;4;3
2020-12-30 22:43:58;238;75;76;15;13;9;5;4;3;4;3
2020-12-30 22:44:59;238;75;76;15;13;9;5;4;3;4;3
2020-12-30 22:45:59;238;75;76;15;13;9;5;4;3;4;3
2020-12-30 22:46:58;238;75;76;15;13;9;5;4;3;4;3
2020-12-30 22:47:59;238;75;76;15;13;9;5;4;3;4;3
2020-12-30 22:48:59;238;75;76;15;13;9;5;4;3;4;3
2020-12-30 22:49:58;239;76;76;15;13;9;5;4;3;4;3
2020-12-30 22:50:59;239;76;76;15;13;9;5;4;3;4;3
2020-12-30 22:51:59;239;76;76;15;13;9;5;4;3;4;3
2020-12-30 22:52:58;239;76;76;15;13;9;5;4;3;4;3
2020-12-30 22:53:59;239;76;76;15;13;9;5;4;3;4;3
2020-12-30 22:54:59;240;77;76;15;13;9;5;4;3;4;3
2020-12-30 22:55:58;240;77;76;15;13;9;5;4;3;4;3
2020-12-30 22:56:59;240;77;76;15;13;9;5;4;3;4;3
2020-12-30 22:57:59;241;77;77;15;13;9;5;4;3;4;3
2020-12-30 22:58:58;241;77;77;15;13;9;5;4;3;4;3
2020-12-30 22:59:59;241;77;77;15;13;9;5;4;3;4;3
2020-12-30 23:00:59;241;77;78;15;13;9;5;4;3;3;3
2020-12-30 23:01:58;242;77;79;15;13;9;5;4;3;3;3
2020-12-30 23:02:59;242;78;79;15;13;8;5;4;3;3;3
2020-12-30 23:03:58;242;78;79;15;13;8;5;4;3;3;3
2020-12-30 23:04:59;242;78;79;15;13;8;5;4;3;3;3
2020-12-30 23:05:58;242;78;79;15;13;8;5;4;3;3;3
2020-12-30 23:06:59;242;78;79;15;13;8;5;4;3;3;3
2020-12-30 23:07:59;243;78;79;16;13;8;5;4;3;3;3
2020-12-30 23:08:58;243;78;79;16;13;8;5;4;3;3;3
2020-12-30 23:09:59;243;78;79;16;13;8;5;4;3;3;3
2020-12-30 23:11:00;243;79;78;16;13;8;5;4;3;3;3
2020-12-30 23:11:59;243;79;78;16;13;8;5;4;3;3;3
2020-12-30 23:12:58;243;79;78;16;13;8;5;4;3;3;3
2020-12-30 23:13:59;243;79;78;16;13;8;5;4;3;3;3
2020-12-30 23:14:58;243;79;78;16;13;8;5;4;3;3;3
2020-12-30 23:15:59;243;79;78;16;13;8;5;4;3;3;3
2020-12-30 23:16:59;243;79;78;16;13;8;5;4;3;3;3
2020-12-30 23:17:58;243;79;78;16;13;8;5;4;3;3;3
2020-12-30 23:18:59;243;79;78;16;13;8;5;4;3;3;3
2020-12-30 23:19:58;243;79;78;16;13;8;5;4;3;3;3
2020-12-30 23:20:59;243;79;78;16;13;8;5;4;3;3;3
2020-12-30 23:21:59;243;79;78;16;13;8;5;4;3;3;3
2020-12-30 23:22:58;243;79;78;16;13;8;5;4;3;3;3
2020-12-30 23:23:59;243;79;78;16;13;8;5;4;3;3;3
2020-12-30 23:24:58;243;79;78;16;13;8;5;4;3;3;3
2020-12-30 23:25:59;243;79;78;16;13;8;5;4;3;3;3
2020-12-30 23:26:59;244;80;78;16;13;8;5;4;3;3;3
2020-12-30 23:27:58;244;80;78;16;13;8;5;4;3;3;3
2020-12-30 23:28:59;245;80;79;16;13;8;5;4;3;3;3
2020-12-30 23:29:58;245;80;79;16;13;8;5;4;3;3;3
2020-12-30 23:30:59;245;80;79;16;13;8;5;4;3;3;3
2020-12-30 23:31:58;245;81;79;16;13;8;5;4;3;3;3
2020-12-30 23:32:59;246;81;80;16;13;8;5;4;3;3;3
2020-12-30 23:33:59;247;82;80;16;13;8;5;4;3;3;3
2020-12-30 23:34:58;249;84;80;16;13;8;5;4;3;3;3
2020-12-30 23:35:59;249;84;80;16;13;8;5;4;3;3;3
2020-12-30 23:36:58;251;85;80;16;13;8;5;4;3;3;3
2020-12-30 23:37:59;251;85;80;16;13;8;5;4;3;3;3
2020-12-30 23:38:58;251;85;80;16;13;8;5;4;3;3;3
2020-12-30 23:39:59;251;85;80;16;13;8;5;4;3;3;3
2020-12-30 23:40:58;251;85;80;16;13;8;5;4;3;3;3
2020-12-30 23:41:59;251;85;80;16;13;8;5;4;3;3;3
2020-12-30 23:42:58;251;85;80;16;13;8;5;4;3;3;3
2020-12-30 23:43:59;252;85;81;16;13;8;5;4;3;3;3
2020-12-30 23:44:59;252;85;81;16;13;8;5;4;3;3;3
2020-12-30 23:45:58;252;85;81;16;13;8;5;4;3;3;3
2020-12-30 23:46:59;252;85;81;16;13;8;5;4;3;3;3
2020-12-30 23:47:58;253;85;82;16;13;8;5;4;3;3;3
2020-12-30 23:48:59;254;85;83;16;13;8;5;4;3;3;3
2020-12-30 23:49:59;254;85;83;16;13;8;5;4;3;3;3
2020-12-30 23:50:58;256;87;83;16;13;8;5;4;3;3;3
2020-12-30 23:51:59;256;87;83;16;13;8;5;4;3;3;3
2020-12-30 23:52:58;256;87;83;16;13;8;5;4;3;3;3
2020-12-30 23:53:59;256;87;83;16;13;8;5;4;3;3;3
2020-12-30 23:54:59;256;87;83;16;13;8;5;4;3;3;3
2020-12-30 23:55:58;257;88;83;16;13;8;5;4;3;3;3
2020-12-30 23:56:59;258;90;82;16;13;8;5;4;3;3;3
2020-12-30 23:57:59;258;90;82;16;13;8;5;4;3;3;3
2020-12-30 23:58:58;257;90;81;16;13;8;5;4;3;3;3
2020-12-30 23:59:59;256;90;80;16;13;8;5;4;3;3;3
