datetime;total_votes;kross;ruweb;cofee;Kolbasevich;navalny;KOCTOPE3;romanvzromanvz;mrvg;quick_justice;Mindsplitter
2020-07-29 00:00:59;0;0;0;0;0;0;0;0;0;0;0
2020-07-29 00:01:59;0;1;0;0;0;0;0;0;0;0;0
2020-07-29 00:02:58;0;1;0;0;0;0;0;0;0;0;0
2020-07-29 00:03:59;0;1;0;0;0;0;0;0;0;0;0
2020-07-29 00:04:58;0;1;0;0;0;0;0;0;0;0;0
2020-07-29 00:05:59;0;1;0;0;0;0;0;0;0;0;0
2020-07-29 00:06:59;3;1;1;0;0;0;0;0;0;0;0
2020-07-29 00:07:58;3;1;1;0;0;0;0;0;0;0;0
2020-07-29 00:08:59;3;1;1;0;0;0;0;0;0;0;0
2020-07-29 00:09:58;4;2;1;0;0;0;0;0;0;0;0
2020-07-29 00:10:59;4;2;1;0;0;0;0;0;0;0;0
2020-07-29 00:11:58;4;2;1;0;0;0;0;0;0;0;0
2020-07-29 00:12:59;4;2;1;0;0;0;0;0;0;0;0
2020-07-29 00:13:59;5;2;2;0;0;0;0;0;0;0;0
2020-07-29 00:14:58;5;2;2;0;0;0;0;0;0;0;0
2020-07-29 00:15:59;5;2;2;0;0;0;0;0;0;0;0
2020-07-29 00:16:58;5;2;2;0;0;0;0;0;0;0;0
2020-07-29 00:18:00;5;2;2;0;0;0;0;0;0;0;0
2020-07-29 00:18:58;5;2;2;0;0;0;0;0;0;0;0
2020-07-29 00:19:59;5;2;2;0;0;0;0;0;0;0;0
2020-07-29 00:20:59;5;2;2;0;0;0;0;0;0;0;0
2020-07-29 00:21:58;5;2;2;0;0;0;0;0;0;0;0
2020-07-29 00:22:59;5;2;2;0;0;0;0;0;0;0;0
2020-07-29 00:23:58;5;2;2;0;0;0;0;0;0;0;0
2020-07-29 00:24:59;6;2;2;0;0;0;0;0;0;0;0
2020-07-29 00:25:58;7;2;2;0;1;0;0;0;0;0;0
2020-07-29 00:26:59;7;2;2;0;1;0;0;0;0;0;0
2020-07-29 00:27:59;7;2;2;0;1;0;0;0;0;0;0
2020-07-29 00:28:58;8;2;3;0;1;0;0;0;0;0;0
2020-07-29 00:29:59;8;2;3;0;1;0;0;0;0;0;0
2020-07-29 00:30:58;8;2;3;0;1;0;0;0;0;0;0
2020-07-29 00:31:59;9;3;3;0;1;0;0;0;0;0;0
2020-07-29 00:32:58;9;3;3;0;1;0;0;0;0;0;0
2020-07-29 00:33:59;9;3;3;0;1;0;0;0;0;0;0
2020-07-29 00:34:58;9;3;3;0;1;0;0;0;0;0;0
2020-07-29 00:35:59;9;3;3;0;1;0;0;0;0;0;0
2020-07-29 00:36:58;9;3;3;0;1;0;0;0;0;0;0
2020-07-29 00:37:59;9;3;3;0;1;0;0;0;0;0;0
2020-07-29 00:38:59;9;3;3;0;1;0;0;0;0;0;0
2020-07-29 00:39:58;10;3;3;0;1;0;0;0;0;0;0
2020-07-29 00:40:59;10;3;3;0;1;0;0;0;0;0;0
2020-07-29 00:41:59;10;3;3;0;1;0;0;0;0;0;0
2020-07-29 00:42:58;10;3;3;0;1;0;0;0;0;0;0
2020-07-29 00:43:59;10;3;3;0;1;0;0;0;0;0;0
2020-07-29 00:44:58;10;3;3;0;1;0;0;0;0;0;0
2020-07-29 00:45:59;10;3;3;0;1;0;0;0;0;0;0
2020-07-29 00:46:58;12;3;3;0;2;0;0;0;0;0;0
2020-07-29 00:47:59;12;3;3;0;2;0;0;0;0;0;0
2020-07-29 00:48:58;12;3;3;0;2;0;0;0;0;0;0
2020-07-29 00:49:59;13;3;3;0;2;0;0;0;0;0;0
2020-07-29 00:50:59;13;3;3;0;2;0;0;0;0;0;0
2020-07-29 00:51:58;13;3;3;0;2;0;0;0;0;0;0
2020-07-29 00:52:59;13;3;3;0;2;0;0;0;0;0;0
2020-07-29 00:53:58;14;3;3;0;2;0;0;0;0;0;0
2020-07-29 00:54:59;14;3;3;0;2;0;0;0;0;0;0
2020-07-29 00:55:58;14;3;3;0;2;0;0;0;0;0;0
2020-07-29 00:56:59;14;3;3;0;2;0;0;0;0;0;0
2020-07-29 00:57:58;14;3;3;0;2;0;0;0;0;0;0
2020-07-29 00:58:59;14;3;3;0;2;0;0;0;0;0;0
2020-07-29 00:59:59;14;3;3;0;2;0;0;0;0;0;0
2020-07-29 01:00:58;14;3;3;0;2;0;0;0;0;0;0
2020-07-29 01:01:59;14;3;3;0;2;0;0;0;0;0;0
2020-07-29 01:02:58;15;3;4;0;2;0;0;0;0;0;0
2020-07-29 01:03:59;15;3;4;0;2;0;0;0;0;0;0
2020-07-29 01:04:58;17;3;4;0;2;0;0;0;0;0;0
2020-07-29 01:05:59;17;3;4;0;2;0;0;0;0;0;0
2020-07-29 01:06:59;18;4;4;0;2;0;0;0;0;0;0
2020-07-29 01:07:58;18;4;4;0;2;0;0;0;0;0;0
2020-07-29 01:08:59;18;4;4;0;2;0;0;0;0;0;0
2020-07-29 01:09:58;19;4;4;0;2;0;0;0;0;0;0
2020-07-29 01:10:59;19;4;4;0;2;0;0;0;0;0;0
2020-07-29 01:11:58;20;4;4;1;2;0;0;0;0;0;0
2020-07-29 01:12:59;20;4;4;1;2;0;0;0;0;0;0
2020-07-29 01:13:59;21;4;4;1;3;0;0;0;0;0;0
2020-07-29 01:14:58;22;4;4;2;3;0;0;0;0;0;0
2020-07-29 01:15:59;22;4;4;2;3;0;0;0;0;0;0
2020-07-29 01:16:59;23;4;4;3;3;0;0;0;0;0;0
2020-07-29 01:17:58;23;4;4;3;3;0;0;0;0;0;0
2020-07-29 01:18:59;23;4;4;3;3;0;0;0;0;0;0
2020-07-29 01:19:58;23;4;4;3;3;0;0;0;0;0;0
2020-07-29 01:20:59;24;4;5;3;3;0;0;0;0;0;0
2020-07-29 01:21:59;24;4;5;3;3;0;0;0;0;0;0
2020-07-29 01:22:58;24;4;5;3;3;0;0;0;0;0;0
2020-07-29 01:23:59;24;4;5;3;3;0;0;0;0;0;0
2020-07-29 01:24:59;24;4;5;3;3;0;0;0;0;0;0
2020-07-29 01:25:58;24;4;5;3;3;0;0;0;0;0;0
2020-07-29 01:26:59;24;4;5;3;3;0;0;0;0;0;0
2020-07-29 01:27:58;24;4;5;3;3;0;0;0;0;0;0
2020-07-29 01:28:59;24;4;5;3;3;0;0;0;0;0;0
2020-07-29 01:29:58;24;4;5;3;3;0;0;0;0;0;0
2020-07-29 01:30:59;24;4;5;3;3;0;0;0;0;0;0
2020-07-29 01:31:58;24;4;5;3;3;0;0;0;0;0;0
2020-07-29 01:32:59;24;4;5;3;3;0;0;0;0;0;0
2020-07-29 01:33:58;24;4;5;3;3;0;0;0;0;0;0
2020-07-29 01:34:59;24;4;5;3;3;0;0;0;0;0;0
2020-07-29 01:35:59;24;4;5;3;3;0;0;0;0;0;0
2020-07-29 01:36:58;24;4;5;3;3;0;0;0;0;0;0
2020-07-29 01:37:59;24;4;5;3;3;0;0;0;0;0;0
2020-07-29 01:38:58;24;4;5;3;3;0;0;0;0;0;0
2020-07-29 01:39:59;24;4;5;3;3;0;0;0;0;0;0
2020-07-29 01:40:58;25;5;5;3;3;0;0;0;0;0;0
2020-07-29 01:41:59;25;5;5;3;3;0;0;0;0;0;0
2020-07-29 01:42:59;25;5;5;3;3;0;0;0;0;0;0
2020-07-29 01:43:58;25;5;5;3;3;0;0;0;0;0;0
2020-07-29 01:44:59;25;5;5;3;3;0;0;0;0;0;0
2020-07-29 01:45:58;25;5;5;3;3;0;0;0;0;0;0
2020-07-29 01:46:59;25;5;5;3;3;0;0;0;0;0;0
2020-07-29 01:47:58;25;5;5;3;3;0;0;0;0;0;0
2020-07-29 01:48:59;25;5;5;3;3;0;0;0;0;0;0
2020-07-29 01:49:59;25;5;5;3;3;0;0;0;0;0;0
2020-07-29 01:50:58;25;5;5;3;3;0;0;0;0;0;0
2020-07-29 01:51:59;25;5;5;3;3;0;0;0;0;0;0
2020-07-29 01:52:59;25;5;5;3;3;0;0;0;0;0;0
2020-07-29 01:53:58;26;6;5;3;3;0;0;0;0;0;0
2020-07-29 01:54:59;27;6;5;3;3;0;0;0;0;0;0
2020-07-29 01:55:59;30;6;6;3;3;1;0;0;0;0;0
2020-07-29 01:56:58;30;6;6;3;3;1;0;0;0;0;0
2020-07-29 01:57:59;30;6;6;3;3;1;0;0;0;0;0
2020-07-29 01:58:59;30;6;6;3;3;1;0;0;0;0;0
2020-07-29 01:59:58;30;6;6;3;3;1;0;0;0;0;0
2020-07-29 02:00:59;30;6;6;3;3;1;0;0;0;0;0
2020-07-29 02:01:58;30;6;6;3;3;1;0;0;0;0;0
2020-07-29 02:02:59;30;6;6;3;3;1;0;0;0;0;0
2020-07-29 02:03:59;30;6;6;3;3;1;0;0;0;0;0
2020-07-29 02:04:58;30;6;6;3;3;1;0;0;0;0;0
2020-07-29 02:06:00;30;6;6;3;3;1;0;0;0;0;0
2020-07-29 02:06:58;30;6;6;3;3;1;0;0;0;0;0
2020-07-29 02:07:59;30;6;6;3;3;1;0;0;0;0;0
2020-07-29 02:08:59;30;6;6;3;3;1;0;0;0;0;0
2020-07-29 02:09:58;31;6;6;4;3;1;0;0;0;0;0
2020-07-29 02:10:59;31;6;6;4;3;1;0;0;0;0;0
2020-07-29 02:11:59;32;6;7;4;3;1;0;0;0;0;0
2020-07-29 02:12:58;32;6;7;4;3;1;0;0;0;0;0
2020-07-29 02:13:59;32;6;7;4;3;1;0;0;0;0;0
2020-07-29 02:14:58;32;6;7;4;3;1;0;0;0;0;0
2020-07-29 02:15:59;32;6;7;4;3;1;0;0;0;0;0
2020-07-29 02:16:59;32;6;7;4;3;1;0;0;0;0;0
2020-07-29 02:17:58;32;6;7;4;3;1;0;0;0;0;0
2020-07-29 02:18:59;33;6;8;4;3;1;0;0;0;0;0
2020-07-29 02:19:58;33;6;8;4;3;1;0;0;0;0;0
2020-07-29 02:20:59;33;6;8;4;3;1;0;0;0;0;0
2020-07-29 02:21:59;33;6;8;4;3;1;0;0;0;0;0
2020-07-29 02:22:58;33;6;8;4;3;1;0;0;0;0;0
2020-07-29 02:23:59;33;6;8;4;3;1;0;0;0;0;0
2020-07-29 02:24:59;33;6;8;4;3;1;0;0;0;0;0
2020-07-29 02:25:58;33;6;8;4;3;1;0;0;0;0;0
2020-07-29 02:26:59;33;6;8;4;3;1;0;0;0;0;0
2020-07-29 02:27:58;33;6;8;4;3;1;0;0;0;0;0
2020-07-29 02:28:59;33;6;8;4;3;1;0;0;0;0;0
2020-07-29 02:29:59;33;6;8;4;3;1;0;0;0;0;0
2020-07-29 02:30:58;33;6;8;4;3;1;0;0;0;0;0
2020-07-29 02:31:59;33;6;8;4;3;1;0;0;0;0;0
2020-07-29 02:32:58;34;6;8;4;3;1;0;1;0;1;0
2020-07-29 02:33:59;34;6;8;4;3;1;0;1;0;1;0
2020-07-29 02:34:59;34;6;8;4;3;1;0;1;0;1;0
2020-07-29 02:35:58;34;6;8;4;3;1;0;1;0;1;0
2020-07-29 02:36:59;34;6;8;4;3;1;0;1;0;1;0
2020-07-29 02:37:59;34;6;8;4;3;1;0;1;0;1;0
2020-07-29 02:38:58;34;6;8;4;3;1;0;1;0;1;0
2020-07-29 02:39:59;34;6;8;4;3;1;0;1;0;1;0
2020-07-29 02:40:58;34;6;8;4;3;1;0;1;0;1;0
2020-07-29 02:41:59;34;6;8;4;3;1;0;1;0;1;0
2020-07-29 02:42:59;34;6;8;4;3;1;0;1;0;1;0
2020-07-29 02:43:58;34;6;8;4;3;1;0;1;0;1;0
2020-07-29 02:44:59;34;6;8;4;3;1;0;1;0;1;0
2020-07-29 02:45:58;34;6;8;4;3;1;0;1;0;1;0
2020-07-29 02:46:59;34;6;8;4;3;1;0;1;0;1;0
2020-07-29 02:47:59;34;6;8;4;3;1;0;1;0;1;0
2020-07-29 02:48:58;34;6;8;4;3;1;0;1;0;1;0
2020-07-29 02:49:59;34;6;8;4;3;1;0;1;0;1;0
2020-07-29 02:50:59;35;6;8;4;4;1;0;0;0;1;0
2020-07-29 02:51:58;35;6;8;4;4;1;0;0;0;1;0
2020-07-29 02:52:59;35;6;8;4;4;1;0;0;0;1;0
2020-07-29 02:53:59;35;6;8;4;4;1;0;0;0;1;0
2020-07-29 02:54:58;35;6;8;4;4;1;0;0;0;1;0
2020-07-29 02:55:59;35;6;8;4;4;1;0;0;0;1;0
2020-07-29 02:56:59;35;6;8;4;4;1;0;0;0;1;0
2020-07-29 02:57:58;35;6;8;4;4;1;0;0;0;1;0
2020-07-29 02:58:59;35;6;8;4;4;1;0;0;0;1;0
2020-07-29 02:59:59;35;6;8;4;4;1;0;0;0;1;0
2020-07-29 03:00:58;35;6;8;4;4;1;0;0;0;1;0
2020-07-29 03:01:59;35;6;8;4;4;1;0;0;0;1;0
2020-07-29 03:02:59;35;6;8;4;4;1;0;0;0;1;0
2020-07-29 03:03:58;35;6;8;4;4;1;0;0;0;1;0
2020-07-29 03:04:59;35;6;8;4;4;1;0;0;0;1;0
2020-07-29 03:05:58;35;6;8;4;4;1;0;0;0;1;0
2020-07-29 03:06:59;35;6;8;4;4;1;0;0;0;1;0
2020-07-29 03:07:59;35;6;8;4;4;1;0;0;0;1;0
2020-07-29 03:08:58;36;6;8;4;4;1;0;0;0;1;0
2020-07-29 03:09:59;36;6;8;4;4;1;0;0;0;1;0
2020-07-29 03:10:58;36;6;8;4;4;1;0;0;0;1;0
2020-07-29 03:11:59;36;6;8;4;4;1;0;0;0;1;0
2020-07-29 03:12:58;36;6;8;4;4;1;0;0;0;1;0
2020-07-29 03:13:59;36;6;8;4;4;1;0;0;0;1;0
2020-07-29 03:14:58;36;6;8;4;4;1;0;0;0;1;0
2020-07-29 03:15:59;36;6;8;4;4;1;0;0;0;1;0
2020-07-29 03:16:59;36;6;8;4;4;1;0;0;0;1;0
2020-07-29 03:17:58;36;6;8;4;4;1;0;0;0;1;0
2020-07-29 03:18:59;37;6;8;4;4;1;0;0;0;1;1
2020-07-29 03:19:59;37;6;8;4;4;1;0;0;0;1;1
2020-07-29 03:20:58;37;6;8;4;4;1;0;0;0;1;1
2020-07-29 03:21:59;37;6;8;4;4;1;0;0;0;1;1
2020-07-29 03:22:59;38;6;8;4;4;1;0;0;0;1;1
2020-07-29 03:23:58;38;6;8;4;4;1;0;0;0;1;1
2020-07-29 03:24:59;38;6;8;4;4;1;0;0;0;1;1
2020-07-29 03:25:59;38;6;8;4;4;1;0;0;0;1;1
2020-07-29 03:26:58;38;6;8;4;4;1;0;0;0;1;1
2020-07-29 03:27:59;38;6;8;4;4;1;0;0;0;1;1
2020-07-29 03:28:58;38;6;8;4;4;1;0;0;0;1;1
2020-07-29 03:29:59;38;6;8;4;4;1;0;0;0;1;1
2020-07-29 03:30:59;38;6;8;4;4;1;0;0;0;1;1
2020-07-29 03:31:58;38;6;8;4;4;1;0;0;0;1;1
2020-07-29 03:32:59;38;6;8;4;4;1;0;0;0;1;1
2020-07-29 03:33:59;38;6;8;4;4;1;0;0;0;1;1
2020-07-29 03:34:58;38;6;8;4;4;1;0;0;0;1;1
2020-07-29 03:35:59;38;6;8;4;4;1;0;0;0;1;1
2020-07-29 03:36:58;38;6;8;4;4;1;0;0;0;1;1
2020-07-29 03:37:59;38;6;8;4;4;1;0;0;0;1;1
2020-07-29 03:38:58;38;6;8;4;4;1;0;0;0;1;1
2020-07-29 03:39:59;38;6;8;4;4;1;0;0;0;1;1
2020-07-29 03:40:59;38;6;8;4;4;1;0;0;0;1;1
2020-07-29 03:41:58;38;6;8;4;4;1;0;0;0;1;1
2020-07-29 03:42:59;38;6;8;4;4;1;0;0;0;1;1
2020-07-29 03:43:58;38;6;8;4;4;1;0;0;0;1;1
2020-07-29 03:44:59;38;6;8;4;4;1;0;0;0;1;1
2020-07-29 03:45:59;38;6;8;4;4;1;0;0;0;1;1
2020-07-29 03:46:58;38;6;8;4;4;1;0;0;0;1;1
2020-07-29 03:47:59;38;6;8;4;4;1;0;0;0;1;1
2020-07-29 03:48:58;38;6;8;4;4;1;0;0;0;1;1
2020-07-29 03:49:59;38;6;8;4;4;1;0;0;0;1;1
2020-07-29 03:50:58;38;6;8;4;4;1;0;0;0;1;1
2020-07-29 03:51:59;38;6;8;4;4;1;0;0;0;1;1
2020-07-29 03:52:59;38;6;8;4;4;1;0;0;0;1;1
2020-07-29 03:53:58;38;6;8;4;4;1;0;0;0;1;1
2020-07-29 03:54:59;38;6;8;4;4;1;0;0;0;1;1
2020-07-29 03:55:58;38;6;8;4;4;1;0;0;0;1;1
2020-07-29 03:56:59;38;6;8;4;4;1;0;0;0;1;1
2020-07-29 03:57:59;38;6;8;4;4;1;0;0;0;1;1
2020-07-29 03:58:58;38;6;8;4;4;1;0;0;0;1;1
2020-07-29 03:59:59;38;6;8;4;4;1;0;0;0;1;1
2020-07-29 04:00:59;38;6;8;4;4;1;0;0;0;1;1
2020-07-29 04:01:58;38;6;8;4;4;1;0;0;0;1;1
2020-07-29 04:02:59;38;6;8;4;4;1;0;0;0;1;1
2020-07-29 04:03:59;38;6;8;4;4;1;0;0;0;1;1
2020-07-29 04:04:58;38;6;8;4;4;1;0;0;0;1;1
2020-07-29 04:05:59;38;6;8;4;4;1;0;0;0;1;1
2020-07-29 04:06:59;38;6;8;4;4;1;0;0;0;1;1
2020-07-29 04:07:59;38;6;8;4;4;1;0;0;0;1;1
2020-07-29 04:08:58;38;6;8;4;4;1;0;0;0;1;1
2020-07-29 04:09:59;38;6;8;4;4;1;0;0;0;1;1
2020-07-29 04:10:58;38;6;8;4;4;1;0;0;0;1;1
2020-07-29 04:11:59;38;6;8;4;4;1;0;0;0;1;1
2020-07-29 04:12:59;38;6;8;4;4;1;0;0;0;1;1
2020-07-29 04:13:58;38;6;8;4;4;1;0;0;0;1;1
2020-07-29 04:14:59;38;6;8;4;4;1;0;0;0;1;1
2020-07-29 04:15:59;38;6;8;4;4;1;0;0;0;1;1
2020-07-29 04:16:58;38;6;8;4;4;1;0;0;0;1;1
2020-07-29 04:17:59;38;6;8;4;4;1;0;0;0;1;1
2020-07-29 04:18:58;38;6;8;4;4;1;0;0;0;1;1
2020-07-29 04:19:59;38;6;8;4;4;1;0;0;0;1;1
2020-07-29 04:20:59;38;6;8;4;4;1;0;0;0;1;1
2020-07-29 04:21:58;38;6;8;4;4;1;0;0;0;1;1
2020-07-29 04:22:59;38;6;8;4;4;1;0;0;0;1;1
2020-07-29 04:23:59;38;6;8;4;4;1;0;0;0;1;1
2020-07-29 04:24:58;38;6;8;4;4;1;0;0;0;1;1
2020-07-29 04:25:59;38;6;8;4;4;1;0;0;0;1;1
2020-07-29 04:26:58;38;6;8;4;4;1;0;0;0;1;1
2020-07-29 04:27:59;38;6;8;4;4;1;0;0;0;1;1
2020-07-29 04:28:59;38;6;8;4;4;1;0;0;0;1;1
2020-07-29 04:29:58;38;6;8;4;4;1;0;0;0;1;1
2020-07-29 04:30:59;38;6;8;4;4;1;0;0;0;1;1
2020-07-29 04:31:58;38;6;8;4;4;1;0;0;0;1;1
2020-07-29 04:32:59;38;6;8;4;4;1;0;0;0;1;1
2020-07-29 04:33:58;38;6;8;4;4;1;0;0;0;1;1
2020-07-29 04:34:59;38;6;8;4;4;1;0;0;0;1;1
2020-07-29 04:35:58;38;6;8;4;4;1;0;0;0;1;1
2020-07-29 04:36:59;38;6;8;4;4;1;0;0;0;1;1
2020-07-29 04:37:58;38;6;8;4;4;1;0;0;0;1;1
2020-07-29 04:38:59;38;6;8;4;4;1;0;0;0;1;1
2020-07-29 04:39:59;38;6;8;4;4;1;0;0;0;1;1
2020-07-29 04:40:58;38;6;8;4;4;1;0;0;0;1;1
2020-07-29 04:41:59;40;6;8;5;4;1;0;2;0;0;1
2020-07-29 04:42:59;40;6;8;5;4;1;0;2;0;0;1
2020-07-29 04:43:58;40;6;8;5;4;1;0;2;0;0;1
2020-07-29 04:44:59;40;6;8;5;4;1;0;2;0;0;1
2020-07-29 04:45:59;40;6;8;5;4;1;0;2;0;0;1
2020-07-29 04:46:58;40;6;8;5;4;1;0;2;0;0;1
2020-07-29 04:48:00;40;6;8;5;4;1;0;2;0;0;1
2020-07-29 04:48:58;40;6;8;5;4;1;0;2;0;0;1
2020-07-29 04:49:59;40;6;8;5;4;1;0;2;0;0;1
2020-07-29 04:50:59;40;6;8;5;4;1;0;2;0;0;1
2020-07-29 04:51:58;40;6;8;5;4;1;0;2;0;0;1
2020-07-29 04:52:59;40;6;8;5;4;1;0;2;0;0;1
2020-07-29 04:53:59;40;6;8;5;4;1;0;2;0;0;1
2020-07-29 04:54:58;40;6;8;5;4;1;0;2;0;0;1
2020-07-29 04:55:59;40;6;8;5;4;1;0;2;0;0;1
2020-07-29 04:56:58;40;6;8;5;4;1;0;2;0;0;1
2020-07-29 04:57:59;40;6;8;5;4;1;0;2;0;0;1
2020-07-29 04:58:59;40;6;8;5;4;1;0;2;0;0;1
2020-07-29 04:59:58;40;6;8;5;4;1;0;2;0;0;1
2020-07-29 05:00:59;40;6;8;5;4;1;0;2;0;0;1
2020-07-29 05:01:59;40;6;8;5;4;1;0;2;0;0;1
2020-07-29 05:02:58;40;6;8;5;4;1;0;2;0;0;1
2020-07-29 05:03:59;40;6;8;5;4;1;0;2;0;0;1
2020-07-29 05:04:58;40;6;8;5;4;1;0;2;0;0;1
2020-07-29 05:05:59;40;6;8;5;4;1;0;2;0;0;1
2020-07-29 05:06:59;40;6;8;5;4;1;0;2;0;0;1
2020-07-29 05:07:58;40;6;8;5;4;1;0;2;0;0;1
2020-07-29 05:08:59;40;6;8;5;4;1;0;2;0;0;1
2020-07-29 05:09:58;40;6;8;5;4;1;0;2;0;0;1
2020-07-29 05:10:59;40;6;8;5;4;1;0;2;0;0;1
2020-07-29 05:11:59;40;6;8;5;4;1;0;2;0;0;1
2020-07-29 05:12:58;40;6;8;5;4;1;0;2;0;0;1
2020-07-29 05:14:00;40;6;8;5;4;1;0;2;0;0;1
2020-07-29 05:14:58;40;6;8;5;4;1;0;2;0;0;1
2020-07-29 05:15:59;40;6;8;5;4;1;0;2;0;0;1
2020-07-29 05:16:59;40;6;8;5;4;1;0;2;0;0;1
2020-07-29 05:17:58;40;6;8;5;4;1;0;2;0;0;1
2020-07-29 05:18:59;41;6;8;5;5;1;0;2;0;0;1
2020-07-29 05:19:59;41;6;8;5;5;1;0;2;0;0;1
2020-07-29 05:20:58;41;6;8;5;5;1;0;2;0;0;1
2020-07-29 05:21:59;41;6;8;5;5;1;0;2;0;0;1
2020-07-29 05:22:59;41;6;8;5;5;1;0;2;0;0;1
2020-07-29 05:23:58;42;7;8;5;5;1;0;2;0;0;1
2020-07-29 05:24:59;43;7;9;5;5;1;0;2;0;0;1
2020-07-29 05:25:59;43;7;9;5;5;1;0;2;0;0;1
2020-07-29 05:26:58;43;7;9;5;5;1;0;2;0;0;1
2020-07-29 05:27:59;43;7;9;5;5;1;0;2;0;0;1
2020-07-29 05:28:59;43;7;9;5;5;1;0;2;0;0;1
2020-07-29 05:29:58;43;7;9;5;5;1;0;2;0;0;1
2020-07-29 05:30:59;43;7;9;5;5;1;0;2;0;0;1
2020-07-29 05:31:58;43;7;9;5;5;1;0;2;0;0;1
2020-07-29 05:32:59;43;7;9;5;5;1;0;2;0;0;1
2020-07-29 05:33:58;43;7;9;5;5;1;0;2;0;0;1
2020-07-29 05:34:59;43;7;9;5;5;1;0;2;0;0;1
2020-07-29 05:35:59;43;7;9;5;5;1;0;2;0;0;1
2020-07-29 05:36:58;44;8;9;5;5;1;0;2;0;0;1
2020-07-29 05:37:59;44;8;9;5;5;1;0;2;0;0;1
2020-07-29 05:38:58;44;8;9;5;5;1;0;2;0;0;1
2020-07-29 05:39:59;44;8;9;5;5;1;0;2;0;0;1
2020-07-29 05:40:58;44;8;9;5;5;1;0;2;0;0;1
2020-07-29 05:41:59;44;8;9;5;5;1;0;2;0;0;1
2020-07-29 05:42:58;44;8;9;5;5;1;0;2;0;0;1
2020-07-29 05:43:59;44;8;9;5;5;1;0;2;0;0;1
2020-07-29 05:44:58;44;8;9;5;5;1;0;2;0;0;1
2020-07-29 05:45:59;44;8;9;5;5;1;0;2;0;0;1
2020-07-29 05:46:59;44;8;9;5;5;1;0;2;0;0;1
2020-07-29 05:47:58;44;8;9;5;5;1;0;2;0;0;1
2020-07-29 05:48:59;44;8;9;5;5;1;0;2;0;0;1
2020-07-29 05:49:59;44;8;9;5;5;1;0;2;0;0;1
2020-07-29 05:50:58;44;8;9;5;5;1;0;2;0;0;1
2020-07-29 05:51:59;45;8;10;5;5;1;0;2;0;0;1
2020-07-29 05:52:58;45;8;10;5;5;1;0;2;0;0;1
2020-07-29 05:53:58;45;8;10;5;5;1;0;2;0;0;1
2020-07-29 05:54:59;45;8;10;5;5;1;0;2;0;0;1
2020-07-29 05:55:58;45;8;10;5;5;1;0;2;0;0;1
2020-07-29 05:56:59;45;8;10;5;5;1;0;2;0;0;1
2020-07-29 05:57:58;45;8;10;5;5;1;0;2;0;0;1
2020-07-29 05:58:59;45;8;10;5;5;1;0;2;0;0;1
2020-07-29 05:59:59;45;8;10;5;5;1;0;2;0;0;1
2020-07-29 06:00:58;46;9;10;5;5;1;0;2;0;0;1
2020-07-29 06:01:59;46;9;10;5;5;1;0;2;0;0;1
2020-07-29 06:02:58;46;9;10;5;5;1;0;2;0;0;1
2020-07-29 06:03:59;46;9;10;5;5;1;0;2;0;0;1
2020-07-29 06:04:58;46;9;10;5;5;1;0;2;0;0;1
2020-07-29 06:05:59;46;9;10;5;5;1;0;2;0;0;1
2020-07-29 06:06:58;46;9;10;5;5;1;0;2;0;0;1
2020-07-29 06:07:59;46;9;10;5;5;1;0;2;0;0;1
2020-07-29 06:08:59;46;9;10;5;5;1;0;2;0;0;1
2020-07-29 06:09:58;46;9;10;5;5;1;0;2;0;0;1
2020-07-29 06:10:59;46;9;10;5;5;1;0;2;0;0;1
2020-07-29 06:11:59;46;9;10;5;5;1;0;2;0;0;1
2020-07-29 06:12:58;46;9;10;5;5;1;0;2;0;0;1
2020-07-29 06:13:59;46;9;10;5;5;1;0;2;0;0;1
2020-07-29 06:14:58;46;9;10;5;5;1;0;2;0;0;1
2020-07-29 06:15:59;46;9;10;5;5;1;0;2;0;0;1
2020-07-29 06:16:58;46;9;10;5;5;1;0;2;0;0;1
2020-07-29 06:17:59;46;9;10;5;5;1;0;2;0;0;1
2020-07-29 06:18:59;46;9;10;5;5;1;0;2;0;0;1
2020-07-29 06:19:58;46;9;10;5;5;1;0;2;0;0;1
2020-07-29 06:20:59;46;9;10;5;5;1;0;2;0;0;1
2020-07-29 06:21:58;46;9;10;5;5;1;0;2;0;0;1
2020-07-29 06:22:59;48;9;11;5;5;2;0;2;0;0;1
2020-07-29 06:23:58;48;9;11;5;5;2;0;2;0;0;1
2020-07-29 06:24:59;49;9;11;5;6;2;0;2;0;0;1
2020-07-29 06:25:59;49;9;11;5;6;2;0;2;0;0;1
2020-07-29 06:26:58;49;9;11;5;6;2;0;2;0;0;1
2020-07-29 06:27:59;49;9;11;5;6;2;0;2;0;0;1
2020-07-29 06:28:58;49;9;11;5;6;2;0;2;0;0;1
2020-07-29 06:29:59;49;9;11;5;6;2;0;2;0;0;1
2020-07-29 06:30:59;51;9;12;5;6;2;0;2;0;0;0
2020-07-29 06:31:58;51;9;12;5;6;2;0;2;0;0;0
2020-07-29 06:32:59;51;9;12;5;6;2;0;2;0;0;0
2020-07-29 06:33:58;51;9;12;5;6;2;0;2;0;0;0
2020-07-29 06:34:59;51;9;12;5;6;2;0;2;0;0;0
2020-07-29 06:35:59;51;9;12;5;6;2;0;2;0;0;0
2020-07-29 06:36:58;51;9;12;5;6;2;0;2;0;0;0
2020-07-29 06:37:59;51;9;12;5;6;2;0;2;0;0;0
2020-07-29 06:38:58;51;9;12;5;6;2;0;2;0;0;0
2020-07-29 06:39:59;51;9;12;5;6;2;0;2;0;0;0
2020-07-29 06:40:59;51;9;12;5;6;2;0;2;0;0;0
2020-07-29 06:41:58;51;9;12;5;6;2;0;2;0;0;0
2020-07-29 06:42:59;51;9;12;5;6;2;0;2;0;0;0
2020-07-29 06:43:59;51;9;12;5;6;2;0;2;0;0;0
2020-07-29 06:44:58;51;9;12;5;6;2;0;2;0;0;0
2020-07-29 06:45:59;51;9;12;5;6;2;0;2;0;0;0
2020-07-29 06:46:58;52;10;12;5;6;2;0;2;0;0;0
2020-07-29 06:47:59;52;10;12;5;6;2;0;2;0;0;0
2020-07-29 06:48:59;52;10;12;5;6;2;0;2;0;0;0
2020-07-29 06:49:58;52;10;12;5;6;2;0;2;0;0;0
2020-07-29 06:50:59;52;10;12;5;6;2;0;2;0;0;0
2020-07-29 06:51:59;52;10;12;5;6;2;0;2;0;0;0
2020-07-29 06:52:58;52;10;12;5;6;2;0;2;0;0;0
2020-07-29 06:53:59;52;10;12;5;6;2;0;2;0;0;0
2020-07-29 06:54:58;52;10;12;5;6;2;0;2;0;0;0
2020-07-29 06:55:59;52;10;12;5;6;2;0;2;0;0;0
2020-07-29 06:56:58;53;10;12;5;6;2;0;2;0;0;0
2020-07-29 06:57:59;53;10;12;5;6;2;0;2;0;0;0
2020-07-29 06:58:58;53;10;12;5;6;2;0;2;0;0;0
2020-07-29 06:59:59;53;10;12;5;6;2;0;2;0;0;0
2020-07-29 07:00:59;53;10;12;5;6;2;0;2;0;0;0
2020-07-29 07:01:58;53;10;12;5;6;2;0;2;0;0;0
2020-07-29 07:02:59;54;11;12;5;6;2;0;2;0;0;0
2020-07-29 07:03:58;54;11;12;5;6;2;0;2;0;0;0
2020-07-29 07:04:59;54;11;12;5;6;2;0;2;0;0;0
2020-07-29 07:05:59;54;11;12;5;6;2;0;2;0;0;0
2020-07-29 07:06:58;54;11;12;5;6;2;0;2;0;0;0
2020-07-29 07:07:59;54;11;12;5;6;2;0;2;0;0;0
2020-07-29 07:08:59;55;11;12;5;6;2;1;2;0;0;0
2020-07-29 07:09:58;55;11;12;5;6;2;1;2;0;0;0
2020-07-29 07:10:59;56;11;12;5;6;2;2;2;0;0;0
2020-07-29 07:11:59;56;11;12;5;6;2;2;2;0;0;0
2020-07-29 07:12:58;56;11;12;5;6;2;2;2;0;0;0
2020-07-29 07:13:59;56;11;12;5;6;2;2;2;0;0;0
2020-07-29 07:14:58;56;11;12;5;6;2;2;2;0;0;0
2020-07-29 07:15:59;56;11;12;5;6;2;2;2;0;0;0
2020-07-29 07:16:59;57;12;12;5;6;2;2;2;0;0;0
2020-07-29 07:17:58;57;12;12;5;6;2;2;2;0;0;0
2020-07-29 07:18:59;58;13;12;5;6;2;2;2;0;0;0
2020-07-29 07:19:59;58;13;12;5;6;2;2;2;0;0;0
2020-07-29 07:20:58;58;13;12;5;6;2;2;2;0;0;0
2020-07-29 07:21:59;58;13;12;5;6;2;2;2;0;0;0
2020-07-29 07:22:59;58;13;12;5;6;2;2;2;0;0;0
2020-07-29 07:23:58;58;13;12;5;6;2;2;2;0;0;0
2020-07-29 07:24:59;58;13;12;5;6;2;2;2;0;0;0
2020-07-29 07:25:59;58;13;12;5;6;2;2;2;0;0;0
2020-07-29 07:26:58;58;13;12;5;6;2;2;2;0;0;0
2020-07-29 07:27:59;58;13;12;5;6;2;2;2;0;0;0
2020-07-29 07:28:58;58;13;12;5;6;2;2;2;0;0;0
2020-07-29 07:29:59;58;13;12;5;6;2;2;2;0;0;0
2020-07-29 07:30:59;58;13;12;5;6;2;2;2;0;0;0
2020-07-29 07:31:58;59;14;12;5;6;2;2;2;0;0;0
2020-07-29 07:32:59;59;14;12;5;6;2;2;2;0;0;0
2020-07-29 07:33:58;59;14;12;5;6;2;2;2;0;0;0
2020-07-29 07:34:59;60;14;13;5;6;2;2;2;0;0;0
2020-07-29 07:35:58;60;14;13;5;6;2;2;2;0;0;0
2020-07-29 07:36:59;60;14;13;5;6;2;2;2;0;0;0
2020-07-29 07:37:58;60;14;13;5;6;2;2;2;0;0;0
2020-07-29 07:38:59;60;14;13;5;6;2;2;2;0;0;0
2020-07-29 07:39:59;60;14;13;5;6;2;2;2;0;0;0
2020-07-29 07:40:58;60;14;13;5;6;2;2;2;0;0;0
2020-07-29 07:41:59;60;14;13;5;6;2;2;2;0;0;0
2020-07-29 07:42:59;60;14;13;5;6;2;2;2;0;0;0
2020-07-29 07:43:58;61;14;14;5;6;2;2;2;0;0;0
2020-07-29 07:44:59;61;14;14;5;6;2;2;2;0;0;0
2020-07-29 07:45:58;61;14;14;5;6;2;2;2;0;0;0
2020-07-29 07:47:00;61;14;14;5;6;2;2;2;0;0;0
2020-07-29 07:47:58;61;14;14;5;6;2;2;2;0;0;0
2020-07-29 07:48:59;61;14;14;5;6;2;2;2;0;0;0
2020-07-29 07:49:59;63;15;14;5;6;2;2;2;0;0;0
2020-07-29 07:50:58;63;15;14;5;6;2;2;2;0;0;0
2020-07-29 07:52:00;63;15;14;5;6;2;2;2;0;0;0
2020-07-29 07:52:58;63;15;14;5;6;2;2;2;0;0;0
2020-07-29 07:53:59;63;15;14;5;6;2;2;2;0;0;0
2020-07-29 07:54:59;63;15;14;5;6;2;2;2;0;0;0
2020-07-29 07:55:58;63;15;14;5;6;2;2;2;0;0;0
2020-07-29 07:56:59;63;15;14;5;6;2;2;2;0;0;0
2020-07-29 07:57:59;63;15;14;5;6;2;2;2;0;0;0
2020-07-29 07:58:58;63;15;14;5;6;2;2;2;0;0;0
2020-07-29 07:59:59;63;15;14;5;6;2;2;2;0;0;0
2020-07-29 08:00:58;63;15;14;5;6;2;2;2;0;0;0
2020-07-29 08:01:59;63;15;14;5;6;2;2;2;0;0;0
2020-07-29 08:02:59;63;15;14;5;6;2;2;2;0;0;0
2020-07-29 08:03:58;64;15;14;5;6;2;3;2;0;0;0
2020-07-29 08:04:59;64;15;14;5;6;2;3;2;0;0;0
2020-07-29 08:05:58;64;15;14;5;6;2;3;2;0;0;0
2020-07-29 08:06:59;64;15;14;5;6;2;3;2;0;0;0
2020-07-29 08:07:58;65;15;14;6;6;2;3;2;0;0;0
2020-07-29 08:08:59;65;15;14;6;6;2;3;2;0;0;0
2020-07-29 08:09:59;65;15;14;6;6;2;3;2;0;0;0
2020-07-29 08:10:58;65;15;14;6;6;2;3;2;0;0;0
2020-07-29 08:11:59;66;15;14;6;7;2;3;2;0;0;0
2020-07-29 08:12:59;66;15;14;6;7;2;3;2;0;0;0
2020-07-29 08:13:58;68;16;15;6;7;2;3;2;0;0;0
2020-07-29 08:14:59;68;16;15;6;7;2;3;2;0;0;0
2020-07-29 08:15:58;68;16;15;6;7;2;3;2;0;0;0
2020-07-29 08:16:59;68;16;15;6;7;2;3;2;0;0;0
2020-07-29 08:17:58;68;16;15;6;7;2;3;2;0;0;0
2020-07-29 08:18:59;68;16;15;6;7;2;3;2;0;0;0
2020-07-29 08:19:59;68;16;15;6;7;2;3;2;0;0;0
2020-07-29 08:20:58;68;16;15;6;7;2;3;2;0;0;0
2020-07-29 08:21:59;68;16;15;6;7;2;3;2;0;0;0
2020-07-29 08:22:58;68;16;15;6;7;2;3;2;0;0;0
2020-07-29 08:23:59;68;16;15;6;7;2;3;2;0;0;0
2020-07-29 08:24:59;68;16;15;6;7;2;3;2;0;0;0
2020-07-29 08:25:58;69;16;15;6;7;2;4;2;0;0;0
2020-07-29 08:26:59;69;16;15;6;7;2;4;2;0;0;0
2020-07-29 08:27:58;69;16;15;6;7;2;4;2;0;0;0
2020-07-29 08:28:59;69;16;15;6;7;2;4;2;0;0;0
2020-07-29 08:29:59;69;16;15;6;7;2;4;2;0;0;0
2020-07-29 08:30:58;70;17;15;6;7;2;4;2;0;0;0
2020-07-29 08:31:59;70;17;15;6;7;2;4;2;0;0;0
2020-07-29 08:32:59;70;17;15;6;7;2;4;2;0;0;0
2020-07-29 08:33:58;70;17;15;6;7;2;4;2;0;0;0
2020-07-29 08:34:59;71;17;16;6;7;2;4;2;0;0;0
2020-07-29 08:35:59;71;17;16;6;7;2;4;2;0;0;0
2020-07-29 08:36:58;72;18;16;6;7;2;4;2;0;0;0
2020-07-29 08:37:59;72;18;16;6;7;2;4;2;0;0;0
2020-07-29 08:38:59;72;18;16;6;7;2;4;2;0;0;0
2020-07-29 08:39:58;72;18;16;6;7;2;4;2;0;0;0
2020-07-29 08:40:59;72;18;16;6;7;2;4;2;0;0;0
2020-07-29 08:41:58;72;18;16;6;7;2;4;2;0;0;0
2020-07-29 08:42:59;72;18;16;6;7;2;4;2;0;0;0
2020-07-29 08:43:58;72;18;16;6;7;2;4;2;0;0;0
2020-07-29 08:44:59;72;18;16;6;7;2;4;2;0;0;0
2020-07-29 08:45:59;72;18;16;6;7;2;4;2;0;0;0
2020-07-29 08:46:58;72;18;16;6;7;2;4;2;0;0;0
2020-07-29 08:47:59;72;18;16;6;7;2;4;2;0;0;0
2020-07-29 08:48:58;72;18;16;6;7;2;4;2;0;0;0
2020-07-29 08:49:59;72;18;16;6;7;2;4;2;0;0;0
2020-07-29 08:50:58;72;18;16;6;7;2;4;2;0;0;0
2020-07-29 08:51:59;72;18;16;6;7;2;4;2;0;0;0
2020-07-29 08:52:58;72;18;16;6;7;2;4;2;0;0;0
2020-07-29 08:53:59;72;18;16;6;7;2;4;2;0;0;0
2020-07-29 08:54:58;73;18;16;6;7;2;5;2;0;0;0
2020-07-29 08:55:59;74;19;16;6;7;2;5;2;0;0;0
2020-07-29 08:56:59;74;19;16;6;7;2;5;2;0;0;0
2020-07-29 08:57:58;74;19;16;6;7;2;5;2;0;0;0
2020-07-29 08:58:59;74;19;16;6;7;2;5;2;0;0;0
2020-07-29 08:59:58;74;19;16;6;7;2;5;2;0;0;0
2020-07-29 09:00:59;74;19;16;6;7;2;5;2;0;0;0
2020-07-29 09:01:59;74;19;16;6;7;2;5;2;0;0;0
2020-07-29 09:02:58;75;19;16;6;8;2;5;2;0;0;0
2020-07-29 09:03:59;76;20;16;6;8;2;5;2;0;0;0
2020-07-29 09:04:58;76;20;16;6;8;2;5;2;0;0;0
2020-07-29 09:05:59;76;20;16;6;8;2;5;2;0;0;0
2020-07-29 09:06:59;76;20;16;6;8;2;5;2;0;0;0
2020-07-29 09:07:58;77;20;16;6;8;2;5;2;0;0;0
2020-07-29 09:08:59;78;20;16;7;8;2;5;2;0;0;0
2020-07-29 09:09:58;78;20;16;7;8;2;5;2;0;0;0
2020-07-29 09:10:59;79;20;16;8;8;2;5;2;0;0;0
2020-07-29 09:11:58;80;20;17;8;8;2;5;2;0;0;0
2020-07-29 09:12:59;80;20;17;8;8;2;5;2;0;0;0
2020-07-29 09:13:58;80;20;17;8;8;2;5;2;0;0;0
2020-07-29 09:14:59;81;20;17;8;8;2;5;2;0;0;0
2020-07-29 09:15:58;82;20;17;9;8;2;5;2;0;0;0
2020-07-29 09:16:59;82;20;17;9;8;2;5;2;0;0;0
2020-07-29 09:17:59;82;20;17;9;8;2;5;2;0;0;0
2020-07-29 09:18:58;83;20;17;9;8;2;6;2;0;0;0
2020-07-29 09:20:00;83;20;17;9;8;2;6;2;0;0;0
2020-07-29 09:20:58;84;20;18;9;8;2;6;2;0;0;0
2020-07-29 09:21:59;84;20;18;9;8;2;6;2;0;0;0
2020-07-29 09:22:59;84;20;18;9;8;2;6;2;0;0;0
2020-07-29 09:23:58;85;21;18;9;8;2;6;2;0;0;0
2020-07-29 09:24:59;84;21;18;9;8;2;6;2;0;0;0
2020-07-29 09:25:58;84;21;18;9;8;2;6;2;0;0;0
2020-07-29 09:26:59;84;21;18;9;8;2;6;2;0;0;0
2020-07-29 09:27:58;85;22;18;9;8;2;6;2;0;0;0
2020-07-29 09:28:59;85;22;18;9;8;2;6;2;0;0;0
2020-07-29 09:29:58;85;22;18;9;8;2;6;2;0;0;0
2020-07-29 09:30:59;85;22;18;9;8;2;6;2;0;0;0
2020-07-29 09:31:59;85;22;18;9;8;2;6;2;0;0;0
2020-07-29 09:32:58;85;22;18;9;8;2;6;2;0;0;0
2020-07-29 09:33:59;85;23;17;9;8;2;6;2;0;0;0
2020-07-29 09:34:58;85;23;17;9;8;2;6;2;0;0;0
2020-07-29 09:35:59;85;23;17;9;8;2;6;2;0;0;0
2020-07-29 09:36:58;85;23;17;9;8;2;6;2;0;0;0
2020-07-29 09:37:59;85;23;17;9;8;2;6;2;0;0;0
2020-07-29 09:38:58;85;23;17;9;8;2;6;2;0;0;0
2020-07-29 09:39:59;85;23;17;9;8;2;6;2;0;0;0
2020-07-29 09:40:59;85;23;17;9;8;2;6;2;0;0;0
2020-07-29 09:41:58;85;23;17;9;8;2;6;2;0;0;0
2020-07-29 09:42:59;85;23;17;9;8;2;6;2;0;0;0
2020-07-29 09:43:59;85;23;17;9;8;2;6;2;0;0;0
2020-07-29 09:44:58;86;23;17;10;8;2;6;2;0;0;0
2020-07-29 09:45:59;86;23;17;10;8;2;6;2;0;0;0
2020-07-29 09:46:58;87;23;18;10;8;2;6;2;0;0;0
2020-07-29 09:47:59;88;23;18;10;8;2;6;3;0;0;0
2020-07-29 09:48:58;88;23;18;10;8;2;6;3;0;0;0
2020-07-29 09:49:59;88;23;18;10;8;2;6;3;0;0;0
2020-07-29 09:50:58;89;23;18;10;8;2;7;3;0;0;0
2020-07-29 09:51:59;89;23;18;10;8;2;7;3;0;0;0
2020-07-29 09:52:59;89;23;18;10;8;2;7;3;0;0;0
2020-07-29 09:53:58;89;23;18;10;8;2;7;3;0;0;0
2020-07-29 09:54:59;89;23;18;10;8;2;7;3;0;0;0
2020-07-29 09:55:58;89;23;18;10;8;2;7;3;0;0;0
2020-07-29 09:56:59;89;23;18;10;8;2;7;3;0;0;0
2020-07-29 09:57:59;89;23;18;10;8;2;7;3;0;0;0
2020-07-29 09:58:58;90;24;17;11;8;2;7;3;0;0;0
2020-07-29 09:59:59;90;24;17;11;8;2;7;3;0;0;0
2020-07-29 10:00:58;90;24;17;11;8;2;7;3;0;0;0
2020-07-29 10:01:59;90;24;17;11;8;2;7;3;0;0;0
2020-07-29 10:02:59;90;24;17;11;8;2;7;3;0;0;0
2020-07-29 10:03:58;92;24;17;11;8;2;7;4;0;1;0
2020-07-29 10:04:59;92;24;17;11;8;2;7;4;0;1;0
2020-07-29 10:05:58;92;24;17;11;8;2;7;4;0;1;0
2020-07-29 10:06:59;93;25;17;11;8;2;7;4;0;1;0
2020-07-29 10:07:59;93;25;17;11;8;2;7;4;0;1;0
2020-07-29 10:08:58;93;25;17;11;8;2;7;4;0;1;0
2020-07-29 10:09:59;93;25;17;11;8;2;7;4;0;1;0
2020-07-29 10:10:59;93;25;17;11;8;2;7;4;0;1;0
2020-07-29 10:11:58;93;25;17;11;8;2;7;4;0;1;0
2020-07-29 10:12:59;93;25;17;11;8;2;7;4;0;1;0
2020-07-29 10:13:58;93;25;17;11;8;2;7;4;0;1;0
2020-07-29 10:14:59;93;25;17;11;8;2;7;4;0;1;0
2020-07-29 10:15:59;93;25;17;11;8;2;7;4;0;1;0
2020-07-29 10:16:58;93;25;17;11;8;2;7;4;0;1;0
2020-07-29 10:17:59;93;25;17;11;8;2;7;4;0;1;0
2020-07-29 10:18:58;94;25;18;11;8;2;7;4;0;1;0
2020-07-29 10:19:59;94;25;18;11;8;2;7;4;0;1;0
2020-07-29 10:20:58;94;25;18;11;8;2;7;4;0;1;0
2020-07-29 10:21:59;94;25;18;11;8;2;7;4;0;1;0
2020-07-29 10:22:59;95;25;18;11;8;2;7;5;0;1;0
2020-07-29 10:23:58;95;25;18;11;8;2;7;5;0;1;0
2020-07-29 10:25:00;96;25;18;11;8;2;7;6;0;1;0
2020-07-29 10:25:58;96;25;18;11;8;2;7;6;0;1;0
2020-07-29 10:26:59;96;25;18;11;8;2;7;6;0;1;0
2020-07-29 10:27:59;96;25;18;11;8;2;7;6;0;1;0
2020-07-29 10:28:58;96;25;18;11;8;2;7;6;0;1;0
2020-07-29 10:29:59;96;25;18;11;8;2;7;6;0;1;0
2020-07-29 10:30:59;96;25;18;11;8;2;7;6;0;1;0
2020-07-29 10:31:58;96;25;18;11;8;2;7;6;0;1;0
2020-07-29 10:32:59;97;26;18;11;8;2;7;6;0;1;0
2020-07-29 10:33:58;97;26;18;11;8;2;7;6;0;1;0
2020-07-29 10:34:59;97;26;18;11;8;2;7;6;0;1;0
2020-07-29 10:35:59;97;26;18;11;8;2;7;6;0;1;0
2020-07-29 10:36:58;97;26;18;11;8;2;7;6;0;1;0
2020-07-29 10:37:59;97;26;18;11;8;2;7;6;0;1;0
2020-07-29 10:38:58;97;26;18;11;8;2;7;6;0;1;0
2020-07-29 10:39:59;97;25;18;11;8;2;7;6;0;1;0
2020-07-29 10:40:59;98;25;18;11;8;2;7;6;0;1;0
2020-07-29 10:41:58;99;25;18;11;8;3;7;6;0;1;0
2020-07-29 10:42:59;100;25;18;11;9;3;7;6;0;1;0
2020-07-29 10:43:58;102;25;18;11;9;3;7;7;0;2;0
2020-07-29 10:44:59;102;25;18;11;9;3;7;7;0;2;0
2020-07-29 10:45:59;102;25;18;11;9;3;7;7;0;2;0
2020-07-29 10:46:58;102;25;18;11;9;3;7;7;0;2;0
2020-07-29 10:47:59;102;25;18;11;9;3;7;7;0;2;0
2020-07-29 10:48:58;102;25;18;11;9;3;7;7;0;2;0
2020-07-29 10:49:59;102;25;18;11;9;3;7;7;0;2;0
2020-07-29 10:50:59;102;25;18;11;9;3;7;7;0;2;0
2020-07-29 10:51:58;102;25;18;11;9;3;7;7;0;2;0
2020-07-29 10:52:59;102;25;18;11;9;3;7;7;0;2;0
2020-07-29 10:53:58;102;25;18;11;9;3;7;7;0;2;0
2020-07-29 10:54:59;102;25;18;11;9;3;7;7;0;2;0
2020-07-29 10:55:58;102;25;18;11;9;3;7;7;0;2;0
2020-07-29 10:56:59;102;25;18;11;9;3;7;7;0;2;0
2020-07-29 10:57:58;102;25;18;11;9;3;7;7;0;2;0
2020-07-29 10:58:59;103;25;18;11;9;4;7;7;0;2;0
2020-07-29 10:59:58;103;25;18;11;9;4;7;7;0;2;0
2020-07-29 11:00:59;103;25;18;11;9;4;7;7;0;2;0
2020-07-29 11:01:58;103;25;18;11;9;4;7;7;0;2;0
2020-07-29 11:02:59;104;25;18;11;9;4;7;7;2;2;0
2020-07-29 11:03:58;104;25;18;11;9;4;7;7;2;2;0
2020-07-29 11:04:59;104;25;18;11;9;4;7;7;2;2;0
2020-07-29 11:05:59;105;25;18;11;9;4;7;7;3;2;0
2020-07-29 11:06:58;105;25;18;11;9;4;7;7;3;2;0
2020-07-29 11:07:59;105;25;18;11;9;4;7;7;3;2;0
2020-07-29 11:08:59;105;25;18;11;9;4;7;7;3;2;0
2020-07-29 11:09:58;106;25;18;11;10;4;7;7;3;2;0
2020-07-29 11:10:59;106;25;18;11;10;4;7;7;3;2;0
2020-07-29 11:11:58;106;25;18;11;10;4;7;7;3;2;0
2020-07-29 11:12:59;107;25;18;11;10;4;7;7;4;2;0
2020-07-29 11:13:59;108;25;18;11;10;4;7;7;4;3;0
2020-07-29 11:14:58;108;25;18;11;10;4;7;7;4;3;0
2020-07-29 11:15:59;108;25;18;11;10;4;7;7;4;3;0
2020-07-29 11:16:59;109;25;18;11;10;4;7;7;5;3;0
2020-07-29 11:17:58;109;25;18;11;10;4;7;7;5;3;0
2020-07-29 11:18:59;109;25;18;11;10;4;7;7;5;3;0
2020-07-29 11:19:58;109;25;18;11;10;4;7;7;5;3;0
2020-07-29 11:20:59;109;25;18;11;10;4;7;7;5;3;0
2020-07-29 11:21:58;109;25;18;11;10;4;7;7;5;3;0
2020-07-29 11:22:59;109;25;18;11;10;4;7;7;5;3;0
2020-07-29 11:23:59;109;25;18;11;10;4;7;7;5;3;0
2020-07-29 11:24:58;109;25;18;11;10;4;7;7;5;3;0
2020-07-29 11:25:59;110;25;18;12;10;4;7;7;5;3;0
2020-07-29 11:26:58;110;25;18;12;10;4;7;7;5;3;0
2020-07-29 11:27:59;110;25;18;12;10;4;7;7;5;3;0
2020-07-29 11:28:58;110;25;18;12;10;4;7;7;5;3;0
2020-07-29 11:29:59;110;25;18;12;10;4;7;7;5;3;0
2020-07-29 11:30:58;110;25;18;12;10;4;7;7;5;3;0
2020-07-29 11:31:59;111;25;18;12;11;4;7;7;5;3;0
2020-07-29 11:32:58;112;25;18;12;11;4;7;7;5;3;2
2020-07-29 11:33:59;113;25;18;12;11;4;7;7;6;3;2
2020-07-29 11:34:58;113;25;18;12;11;4;7;7;6;3;2
2020-07-29 11:35:59;113;25;18;12;11;4;7;7;6;3;2
2020-07-29 11:36:59;114;25;18;13;11;4;7;7;6;3;2
2020-07-29 11:37:58;114;25;18;13;11;4;7;7;6;3;2
2020-07-29 11:38:59;114;25;18;13;11;4;7;7;6;3;2
2020-07-29 11:39:58;114;25;18;13;11;4;7;7;6;3;2
2020-07-29 11:40:59;114;25;18;13;11;4;7;7;6;3;2
2020-07-29 11:41:58;114;25;18;13;11;4;7;7;6;3;2
2020-07-29 11:42:59;115;25;18;13;11;4;7;8;6;3;2
2020-07-29 11:43:58;115;25;18;13;11;4;7;8;6;3;2
2020-07-29 11:44:59;115;25;18;13;11;4;7;8;6;3;2
2020-07-29 11:45:59;115;25;18;13;11;4;7;8;6;3;2
2020-07-29 11:46:58;116;26;18;13;11;4;7;8;6;3;2
2020-07-29 11:47:59;117;26;18;13;12;4;7;8;6;3;2
2020-07-29 11:48:58;117;26;18;13;12;4;7;8;6;3;2
2020-07-29 11:49:59;117;26;18;13;12;4;7;8;6;3;2
2020-07-29 11:50:58;118;26;18;13;12;4;7;8;7;3;2
2020-07-29 11:51:59;118;26;18;13;12;4;7;8;7;3;2
2020-07-29 11:52:58;118;26;18;13;12;4;7;8;7;3;2
2020-07-29 11:53:59;119;26;18;13;12;4;7;8;7;3;3
2020-07-29 11:54:58;119;26;18;13;12;4;7;8;7;3;3
2020-07-29 11:55:59;119;26;18;13;12;4;7;8;7;3;3
2020-07-29 11:56:58;120;27;18;13;12;4;7;8;7;3;3
2020-07-29 11:57:59;120;27;18;13;12;4;7;8;7;3;3
2020-07-29 11:58:58;120;27;18;13;12;4;7;8;7;3;3
2020-07-29 12:00:00;120;27;18;13;12;4;7;8;7;3;3
2020-07-29 12:00:58;120;27;18;13;12;4;7;8;7;3;3
2020-07-29 12:01:59;120;27;18;13;12;4;7;8;7;3;3
2020-07-29 12:02:59;120;27;18;13;12;4;7;8;7;3;3
2020-07-29 12:03:58;120;27;18;13;12;4;7;8;7;3;3
2020-07-29 12:04:59;121;27;18;13;12;5;7;8;7;3;3
2020-07-29 12:05:58;121;27;18;13;12;5;7;8;7;3;3
2020-07-29 12:06:59;121;27;18;13;12;5;7;8;7;3;3
2020-07-29 12:07:58;121;27;18;13;12;5;7;8;7;3;3
2020-07-29 12:08:59;121;27;18;13;12;5;7;8;7;3;3
2020-07-29 12:09:59;121;27;18;13;12;5;7;8;7;3;3
2020-07-29 12:10:58;122;28;18;13;12;5;7;8;7;3;3
2020-07-29 12:11:59;122;28;18;13;12;5;7;8;7;3;3
2020-07-29 12:12:58;122;28;18;13;12;5;7;8;7;3;3
2020-07-29 12:13:59;122;28;18;13;12;5;7;8;7;3;3
2020-07-29 12:14:58;122;28;18;13;12;5;7;8;7;3;3
2020-07-29 12:15:59;123;28;18;13;13;5;7;8;7;3;3
2020-07-29 12:16:58;123;28;18;13;13;5;7;8;7;3;3
2020-07-29 12:18:00;123;28;18;13;13;5;7;8;7;3;3
2020-07-29 12:18:58;123;28;18;13;13;5;7;8;7;3;3
2020-07-29 12:19:59;123;28;18;13;13;5;7;8;7;3;3
2020-07-29 12:20:59;123;28;18;13;13;5;7;8;7;3;3
2020-07-29 12:21:58;123;28;18;13;13;5;7;8;7;3;3
2020-07-29 12:22:59;123;28;18;13;13;5;7;8;7;3;3
2020-07-29 12:23:59;123;28;18;13;13;5;7;8;7;3;3
2020-07-29 12:24:58;124;28;18;13;13;5;8;8;7;3;3
2020-07-29 12:25:59;124;28;18;13;13;5;8;8;7;3;3
2020-07-29 12:26:58;124;28;18;13;13;5;8;8;7;3;3
2020-07-29 12:27:59;124;28;18;13;13;5;8;8;7;3;3
2020-07-29 12:28:59;124;28;18;13;13;5;8;8;7;3;3
2020-07-29 12:29:58;125;28;18;13;13;5;8;8;8;3;3
2020-07-29 12:30:59;125;28;18;13;13;5;8;8;8;3;3
2020-07-29 12:31:58;125;27;18;13;13;5;8;8;9;3;3
2020-07-29 12:32:59;125;27;18;13;13;5;8;8;9;3;3
2020-07-29 12:33:58;125;27;18;13;13;5;8;8;9;3;3
2020-07-29 12:34:59;125;27;18;13;13;5;8;8;9;3;3
2020-07-29 12:35:58;126;27;18;14;13;5;8;8;9;3;3
2020-07-29 12:36:59;126;27;18;14;13;5;8;8;9;3;3
2020-07-29 12:37:59;126;27;18;14;13;5;8;8;9;3;3
2020-07-29 12:38:58;127;27;18;14;13;5;8;8;9;4;3
2020-07-29 12:39:59;127;27;18;14;13;5;8;8;9;4;3
2020-07-29 12:40:58;127;27;18;14;13;5;8;8;9;4;3
2020-07-29 12:41:59;127;27;18;14;13;5;8;8;9;4;3
2020-07-29 12:42:58;129;28;19;14;13;5;8;8;9;4;3
2020-07-29 12:43:59;129;28;19;14;13;5;8;8;9;4;3
2020-07-29 12:44:58;130;29;19;14;13;5;8;8;9;4;3
2020-07-29 12:46:00;130;29;19;14;13;5;8;8;9;4;3
2020-07-29 12:46:58;130;29;19;14;13;5;8;8;9;4;3
2020-07-29 12:47:59;130;29;19;14;13;5;8;8;9;4;3
2020-07-29 12:48:59;130;29;19;14;13;5;8;8;9;4;3
2020-07-29 12:49:58;132;29;20;14;13;5;8;9;9;4;3
2020-07-29 12:50:59;132;29;20;14;13;5;8;9;9;4;3
2020-07-29 12:51:59;133;29;20;14;13;5;8;9;9;4;3
2020-07-29 12:52:58;133;29;20;14;13;5;8;9;9;4;3
2020-07-29 12:53:59;133;29;20;14;13;5;8;9;9;4;3
2020-07-29 12:54:58;133;29;20;14;13;5;8;9;9;4;3
2020-07-29 12:55:59;134;29;20;15;13;5;8;9;9;4;3
2020-07-29 12:56:58;134;29;20;15;13;5;8;9;9;4;3
2020-07-29 12:57:59;134;29;20;15;13;5;8;9;9;4;3
2020-07-29 12:58:58;134;29;20;15;13;5;8;9;9;4;3
2020-07-29 12:59:59;134;29;20;15;13;5;8;9;9;4;3
2020-07-29 13:00:59;135;30;20;15;13;5;8;9;9;4;3
2020-07-29 13:01:58;135;30;20;15;13;5;8;9;9;4;3
2020-07-29 13:02:59;136;31;20;15;13;5;8;9;9;4;3
2020-07-29 13:03:58;136;31;20;15;13;5;8;9;9;4;3
2020-07-29 13:04:59;136;31;20;15;13;5;8;9;9;4;3
2020-07-29 13:05:59;137;32;20;15;13;5;8;9;9;4;3
2020-07-29 13:06:58;138;32;20;15;13;5;8;9;9;4;3
2020-07-29 13:07:59;138;32;20;15;13;5;8;9;9;4;3
2020-07-29 13:08:58;138;32;20;15;13;5;8;9;9;4;3
2020-07-29 13:09:59;138;32;20;15;13;5;8;9;9;4;3
2020-07-29 13:10:58;138;32;20;15;13;5;8;9;9;4;3
2020-07-29 13:12:00;138;32;20;15;13;5;8;9;9;4;3
2020-07-29 13:12:58;138;32;20;15;13;5;8;9;9;4;3
2020-07-29 13:13:59;138;32;20;15;13;5;8;9;9;4;3
2020-07-29 13:14:58;138;32;20;15;13;5;8;9;9;4;3
2020-07-29 13:15:59;138;32;20;15;13;5;8;9;9;4;3
2020-07-29 13:16:59;139;33;20;15;13;5;8;9;9;4;3
2020-07-29 13:17:58;139;33;20;15;13;5;8;9;9;4;3
2020-07-29 13:18:59;139;33;20;15;13;5;8;9;9;4;3
2020-07-29 13:19:58;139;33;20;15;13;5;8;9;9;4;3
2020-07-29 13:20:59;139;33;20;15;13;5;8;9;9;4;3
2020-07-29 13:21:59;139;33;20;15;13;5;8;9;9;4;3
2020-07-29 13:22:58;139;33;20;15;13;5;8;9;9;4;3
2020-07-29 13:23:59;140;33;20;16;13;5;8;9;9;4;3
2020-07-29 13:24:59;140;33;20;16;13;5;8;9;9;4;3
2020-07-29 13:25:58;140;33;20;16;13;5;8;9;9;4;3
2020-07-29 13:26:59;140;33;20;16;13;5;8;9;9;4;3
2020-07-29 13:27:58;140;33;20;16;13;5;8;9;9;4;3
2020-07-29 13:28:59;140;33;20;16;13;5;8;9;9;4;3
2020-07-29 13:29:58;141;34;20;16;13;5;8;9;9;4;3
2020-07-29 13:30:59;141;34;20;16;13;5;8;9;9;4;3
2020-07-29 13:31:58;142;35;20;16;13;5;8;9;9;4;3
2020-07-29 13:32:59;142;35;20;16;13;5;8;9;9;4;3
2020-07-29 13:33:58;142;35;20;16;13;5;8;9;9;4;3
2020-07-29 13:34:59;142;35;20;16;13;5;8;9;9;4;3
2020-07-29 13:35:59;142;35;20;16;13;5;8;9;9;4;3
2020-07-29 13:36:58;142;35;20;16;13;5;8;9;9;4;3
2020-07-29 13:37:59;142;35;20;16;13;5;8;9;9;4;3
2020-07-29 13:38:58;142;35;20;16;13;5;8;9;9;4;3
2020-07-29 13:39:59;142;35;20;16;13;5;8;9;9;4;3
2020-07-29 13:40:59;142;35;20;16;13;5;8;9;9;4;3
2020-07-29 13:41:58;143;36;20;16;13;5;8;9;9;4;3
2020-07-29 13:42:59;143;36;20;16;13;5;8;9;9;4;3
2020-07-29 13:43:58;144;36;20;16;14;5;8;9;9;4;3
2020-07-29 13:44:59;144;36;20;16;14;5;8;9;9;4;3
2020-07-29 13:45:58;144;36;20;16;14;5;8;9;9;4;3
2020-07-29 13:46:59;145;38;20;16;14;5;8;9;9;4;3
2020-07-29 13:47:59;145;38;20;16;14;5;8;9;9;4;3
2020-07-29 13:48:58;145;38;20;16;14;5;8;9;9;4;3
2020-07-29 13:49:59;145;38;20;16;14;5;8;9;9;4;3
2020-07-29 13:50:58;145;38;20;16;14;5;8;9;9;4;3
2020-07-29 13:51:59;145;38;20;16;14;5;8;9;9;4;3
2020-07-29 13:52:58;145;38;20;16;14;5;8;9;9;4;3
2020-07-29 13:53:59;145;38;20;16;14;5;8;9;9;4;3
2020-07-29 13:54:59;145;38;20;16;14;5;8;9;9;4;3
2020-07-29 13:55:58;145;38;20;16;14;5;8;9;9;4;3
2020-07-29 13:56:59;145;38;20;16;14;5;8;9;9;4;3
2020-07-29 13:57:58;145;38;20;16;14;5;8;9;9;4;3
2020-07-29 13:58:59;145;38;20;16;14;5;8;9;9;4;3
2020-07-29 13:59:59;145;38;20;16;14;5;8;9;9;4;3
2020-07-29 14:00:58;145;38;20;16;14;5;8;9;9;4;3
2020-07-29 14:01:59;145;38;20;16;14;5;8;9;9;4;3
2020-07-29 14:02:59;145;38;20;16;14;5;8;9;9;4;3
2020-07-29 14:03:58;145;38;20;16;14;5;8;9;9;4;3
2020-07-29 14:04:59;145;38;20;16;14;5;8;9;9;4;3
2020-07-29 14:05:58;145;38;20;16;14;5;8;9;9;4;3
2020-07-29 14:06:59;145;38;20;16;14;5;8;9;9;4;3
2020-07-29 14:07:59;145;38;20;16;14;5;8;9;9;4;3
2020-07-29 14:08:58;145;38;20;16;14;5;8;9;9;4;3
2020-07-29 14:09:59;145;38;20;16;14;5;8;9;9;4;3
2020-07-29 14:10:58;145;38;20;16;14;5;8;9;9;4;3
2020-07-29 14:11:59;145;38;20;16;14;5;8;9;9;4;3
2020-07-29 14:12:59;146;38;20;16;14;5;8;9;9;4;3
2020-07-29 14:13:58;146;38;20;16;14;5;8;9;9;4;3
2020-07-29 14:14:59;146;38;20;16;14;5;8;9;9;4;3
2020-07-29 14:15:58;146;38;20;16;14;5;8;9;9;4;3
2020-07-29 14:16:59;146;38;20;16;14;5;8;9;9;4;3
2020-07-29 14:17:59;147;38;20;16;14;5;8;9;9;5;3
2020-07-29 14:18:58;147;38;20;16;14;5;8;9;9;5;3
2020-07-29 14:19:59;147;38;20;16;14;5;8;9;9;5;3
2020-07-29 14:20:58;147;38;20;16;14;5;8;9;9;5;3
2020-07-29 14:21:59;147;38;20;16;14;5;8;9;9;5;3
2020-07-29 14:22:58;148;38;20;17;14;5;8;9;9;5;3
2020-07-29 14:23:59;149;38;21;17;14;5;8;9;9;5;3
2020-07-29 14:24:58;149;38;21;17;14;5;8;9;9;5;3
2020-07-29 14:25:59;149;38;21;17;14;5;8;9;9;5;3
2020-07-29 14:26:58;149;38;21;17;14;5;8;9;9;5;3
2020-07-29 14:28:00;149;38;21;17;14;5;8;9;9;5;3
2020-07-29 14:28:58;149;38;21;17;14;5;8;9;9;5;3
2020-07-29 14:29:59;149;38;21;17;14;5;8;9;9;5;3
2020-07-29 14:30:59;149;38;21;17;14;5;8;9;9;5;3
2020-07-29 14:31:58;150;38;21;17;15;5;8;9;9;5;3
2020-07-29 14:32:59;150;38;21;17;15;5;8;9;9;5;3
2020-07-29 14:33:58;150;38;21;17;15;5;8;9;9;5;3
2020-07-29 14:34:59;150;38;21;17;15;5;8;9;9;5;3
2020-07-29 14:35:59;150;38;21;17;15;5;8;9;9;5;3
2020-07-29 14:36:58;150;38;21;17;15;5;8;9;9;5;3
2020-07-29 14:37:59;150;38;21;17;15;5;8;9;9;5;3
2020-07-29 14:38:58;150;38;21;17;15;5;8;9;9;5;3
2020-07-29 14:40:00;151;38;22;17;15;5;8;9;9;5;3
2020-07-29 14:40:58;151;38;22;17;15;5;8;9;9;5;3
2020-07-29 14:41:59;151;38;22;17;15;5;8;9;9;5;3
2020-07-29 14:42:59;151;38;22;17;15;5;8;9;9;5;3
2020-07-29 14:43:58;151;38;22;17;15;5;8;9;9;5;3
2020-07-29 14:44:59;151;38;22;17;15;5;8;9;9;5;3
2020-07-29 14:45:59;151;38;22;17;15;5;8;9;9;5;3
2020-07-29 14:46:58;151;38;22;17;15;5;8;9;9;5;3
2020-07-29 14:48:00;151;38;22;17;15;5;8;9;9;5;3
2020-07-29 14:48:58;151;38;22;17;15;5;8;9;9;5;3
2020-07-29 14:49:59;152;38;23;17;15;5;8;9;9;5;3
2020-07-29 14:50:59;153;38;23;17;15;5;8;10;9;5;3
2020-07-29 14:51:58;153;38;23;17;15;5;8;10;9;5;3
2020-07-29 14:52:59;154;38;23;17;16;5;8;10;9;5;3
2020-07-29 14:53:58;154;38;23;17;16;5;8;10;9;5;3
2020-07-29 14:54:59;154;38;23;17;16;5;8;10;9;5;3
2020-07-29 14:55:59;154;38;23;17;16;5;8;10;9;5;3
2020-07-29 14:56:58;154;38;23;17;16;5;8;10;9;5;3
2020-07-29 14:57:59;154;38;23;17;16;5;8;10;9;5;3
2020-07-29 14:58:58;154;38;23;17;16;5;8;10;9;5;3
2020-07-29 14:59:59;154;38;23;17;16;5;8;10;9;5;3
2020-07-29 15:00:59;154;38;23;17;16;5;8;10;9;5;3
2020-07-29 15:01:58;154;38;23;17;16;5;8;10;9;5;3
2020-07-29 15:02:59;154;38;23;17;16;5;8;10;9;5;3
2020-07-29 15:03:59;154;38;23;17;16;5;8;10;9;5;3
2020-07-29 15:04:58;154;38;23;17;16;5;8;10;9;5;3
2020-07-29 15:05:59;154;38;23;17;16;5;8;10;9;5;3
2020-07-29 15:06:58;154;38;23;17;16;5;8;10;9;5;3
2020-07-29 15:07:59;154;38;23;17;16;5;8;10;9;5;3
2020-07-29 15:08:58;155;39;23;17;16;5;8;10;9;5;3
2020-07-29 15:09:59;155;39;23;17;16;5;8;10;9;5;3
2020-07-29 15:10:58;155;39;23;17;16;5;8;10;9;5;3
2020-07-29 15:11:59;155;39;23;17;16;5;8;10;9;5;3
2020-07-29 15:12:59;155;39;23;17;16;5;8;10;9;5;3
2020-07-29 15:13:58;156;40;23;17;16;5;8;10;9;5;3
2020-07-29 15:14:59;156;40;23;17;16;5;8;10;9;5;3
2020-07-29 15:15:59;156;40;23;17;16;5;8;10;9;5;3
2020-07-29 15:16:58;156;40;23;17;16;5;8;10;9;5;3
2020-07-29 15:17:59;156;40;23;17;16;5;8;10;9;5;3
2020-07-29 15:18:58;156;40;23;17;16;5;8;10;9;5;3
2020-07-29 15:19:59;156;40;23;17;16;5;8;10;9;5;3
2020-07-29 15:20:58;156;40;23;17;16;5;8;10;9;5;3
2020-07-29 15:21:59;156;40;23;17;16;5;8;10;9;5;3
2020-07-29 15:22:59;157;40;23;17;16;6;8;10;9;5;3
2020-07-29 15:23:58;157;40;23;17;16;6;8;10;9;5;3
2020-07-29 15:24:59;157;40;23;17;16;6;8;10;9;5;3
2020-07-29 15:25:58;157;40;23;17;16;6;8;10;9;5;3
2020-07-29 15:26:59;157;40;23;17;16;6;8;10;9;5;3
2020-07-29 15:27:58;157;40;23;17;16;6;8;10;9;5;3
2020-07-29 15:29:00;157;40;23;17;16;6;8;10;9;5;3
2020-07-29 15:29:58;157;40;23;17;16;6;8;10;9;5;3
2020-07-29 15:30:59;157;40;23;17;16;6;8;10;9;5;3
2020-07-29 15:31:59;157;40;23;17;16;6;8;10;9;5;3
2020-07-29 15:32:58;157;40;23;17;16;6;8;10;9;5;3
2020-07-29 15:33:59;157;40;23;17;16;6;8;10;9;5;3
2020-07-29 15:34:58;157;40;23;17;16;6;8;10;9;5;3
2020-07-29 15:35:59;157;40;23;17;16;6;8;10;9;5;3
2020-07-29 15:36:59;158;41;23;17;16;6;8;10;9;5;3
2020-07-29 15:37:58;158;41;23;17;16;6;8;10;9;5;3
2020-07-29 15:38:59;159;41;24;17;16;6;8;10;9;5;3
2020-07-29 15:39:59;159;41;24;17;16;6;8;10;9;5;3
2020-07-29 15:40:58;160;41;24;17;16;6;8;10;9;6;3
2020-07-29 15:41:59;160;41;24;17;16;6;8;10;9;6;3
2020-07-29 15:42:59;160;41;24;17;16;6;8;10;9;6;3
2020-07-29 15:43:58;160;41;24;17;16;6;8;10;9;6;3
2020-07-29 15:44:59;160;41;24;17;16;6;8;10;9;6;3
2020-07-29 15:45:58;160;41;24;17;16;6;8;10;9;6;3
2020-07-29 15:46:59;160;41;24;17;16;6;8;10;9;6;3
2020-07-29 15:47:58;160;41;24;17;16;6;8;10;9;6;3
2020-07-29 15:48:59;160;41;24;17;16;6;8;10;9;6;3
2020-07-29 15:49:58;160;41;24;17;16;6;8;10;9;6;3
2020-07-29 15:50:59;160;41;24;17;16;6;8;10;9;6;3
2020-07-29 15:51:59;160;41;24;17;16;6;8;10;9;6;3
2020-07-29 15:52:58;160;41;24;17;16;6;8;10;9;6;3
2020-07-29 15:53:59;160;41;24;17;16;6;8;10;9;6;3
2020-07-29 15:54:59;161;41;24;18;16;6;8;10;9;6;3
2020-07-29 15:55:58;161;41;24;18;16;6;8;10;9;6;3
2020-07-29 15:56:59;162;42;24;18;16;6;8;10;9;6;3
2020-07-29 15:57:58;162;42;24;18;16;6;8;10;9;6;3
2020-07-29 15:58:59;163;43;24;18;16;6;8;10;9;6;3
2020-07-29 15:59:58;162;42;24;18;16;6;8;10;9;6;3
2020-07-29 16:00:59;162;42;24;18;16;6;8;10;9;6;3
2020-07-29 16:01:59;162;42;24;18;16;6;8;10;9;6;3
2020-07-29 16:02:58;162;42;24;18;16;6;8;10;9;6;3
2020-07-29 16:03:59;162;42;24;18;16;6;8;10;9;6;3
2020-07-29 16:04:59;162;42;24;18;16;6;8;10;9;6;3
2020-07-29 16:05:58;162;42;24;18;16;6;8;10;9;6;3
2020-07-29 16:06:59;162;42;24;18;16;6;8;10;9;6;3
2020-07-29 16:07:58;162;42;24;18;16;6;8;10;9;6;3
2020-07-29 16:08:59;162;42;24;18;16;6;8;10;9;6;3
2020-07-29 16:09:58;162;42;24;18;16;6;8;10;9;6;3
2020-07-29 16:10:59;163;42;24;18;16;6;8;10;9;6;3
2020-07-29 16:11:58;163;42;24;18;16;6;8;10;9;6;3
2020-07-29 16:12:59;164;42;25;18;16;6;8;10;9;6;3
2020-07-29 16:13:59;165;42;25;18;16;7;8;10;9;6;3
2020-07-29 16:14:58;165;42;25;18;16;7;8;10;9;6;3
2020-07-29 16:15:59;165;42;25;18;16;7;8;10;9;6;3
2020-07-29 16:16:58;165;42;25;18;16;7;8;10;9;6;3
2020-07-29 16:17:59;166;42;26;18;16;7;8;10;9;6;3
2020-07-29 16:18:59;166;42;26;18;16;7;8;10;9;6;3
2020-07-29 16:19:58;166;42;26;18;16;7;8;10;9;6;3
2020-07-29 16:20:59;167;42;26;18;16;7;9;10;9;6;3
2020-07-29 16:21:58;167;42;26;18;16;7;9;10;9;6;3
2020-07-29 16:22:59;167;42;26;18;16;7;9;10;9;6;3
2020-07-29 16:23:59;167;42;26;18;16;7;9;10;9;6;3
2020-07-29 16:24:58;167;42;26;18;16;7;9;10;9;6;3
2020-07-29 16:25:59;167;42;26;18;16;7;9;10;9;6;3
2020-07-29 16:26:58;167;42;26;18;16;7;9;10;9;6;3
2020-07-29 16:27:59;167;42;26;18;16;7;9;10;9;6;3
2020-07-29 16:28:59;167;42;26;18;16;7;9;10;9;6;3
2020-07-29 16:29:58;167;42;26;18;16;7;9;10;9;6;3
2020-07-29 16:30:59;167;43;26;18;16;7;9;10;9;6;3
2020-07-29 16:31:58;168;43;27;18;16;7;9;10;9;6;3
2020-07-29 16:32:59;168;43;27;18;16;7;9;10;9;6;3
2020-07-29 16:33:59;168;43;27;18;16;7;9;10;9;6;3
2020-07-29 16:34:58;169;44;27;18;16;7;9;10;9;6;3
2020-07-29 16:35:59;169;44;27;18;16;7;9;10;9;6;3
2020-07-29 16:36:58;169;44;27;18;16;7;9;10;9;6;3
2020-07-29 16:37:59;169;44;27;18;16;7;9;10;9;6;3
2020-07-29 16:38:58;169;44;27;18;16;7;9;10;9;6;3
2020-07-29 16:39:59;169;44;27;18;16;7;9;10;9;6;3
2020-07-29 16:40:59;169;44;27;18;16;7;9;10;9;6;3
2020-07-29 16:41:58;169;44;27;18;16;7;9;10;9;6;3
2020-07-29 16:42:59;169;45;26;18;16;7;9;10;9;6;3
2020-07-29 16:43:59;169;45;26;18;16;7;9;10;9;6;3
2020-07-29 16:44:58;169;45;26;18;16;7;9;10;9;6;3
2020-07-29 16:45:59;169;45;26;18;16;7;9;10;9;6;3
2020-07-29 16:46:58;170;45;26;18;16;7;10;10;9;6;3
2020-07-29 16:47:59;170;45;26;18;16;7;10;10;9;6;3
2020-07-29 16:48:59;170;45;26;18;16;7;10;10;9;6;3
2020-07-29 16:49:58;171;45;26;19;16;7;10;10;9;6;3
2020-07-29 16:50:59;171;45;26;19;16;7;10;10;9;6;3
2020-07-29 16:51:59;171;45;26;19;16;7;10;10;9;6;3
2020-07-29 16:52:59;171;45;26;19;16;7;10;10;9;6;3
2020-07-29 16:53:58;171;45;26;19;16;7;10;10;9;6;3
2020-07-29 16:54:59;171;45;26;19;16;7;10;10;9;6;3
2020-07-29 16:55:59;171;45;26;19;16;7;10;10;9;6;3
2020-07-29 16:56:58;171;45;26;19;16;7;10;10;9;6;3
2020-07-29 16:57:59;171;45;26;19;16;7;10;10;9;6;3
2020-07-29 16:58:58;172;45;26;20;16;7;10;10;9;6;3
2020-07-29 16:59:59;172;45;26;20;16;7;10;10;9;6;3
2020-07-29 17:00:58;172;45;26;20;16;7;10;10;9;6;3
2020-07-29 17:01:59;172;45;26;20;16;7;10;10;9;6;3
2020-07-29 17:02:58;172;45;26;20;16;7;10;10;9;6;3
2020-07-29 17:03:59;172;45;26;20;16;7;10;10;9;6;3
2020-07-29 17:04:59;172;45;26;20;16;7;10;10;9;6;3
2020-07-29 17:05:58;172;45;26;20;16;7;10;10;9;6;3
2020-07-29 17:06:59;172;45;26;20;16;7;10;10;9;6;3
2020-07-29 17:07:58;172;45;26;20;16;7;10;10;9;6;3
2020-07-29 17:08:59;172;45;26;20;16;7;10;10;9;6;3
2020-07-29 17:09:59;172;45;26;20;16;7;10;10;9;6;3
2020-07-29 17:10:58;172;45;26;20;16;7;10;10;9;6;3
2020-07-29 17:11:59;172;45;26;20;16;7;10;10;9;6;3
2020-07-29 17:12:58;172;45;26;20;16;7;10;10;9;6;3
2020-07-29 17:13:59;172;45;26;20;16;7;10;10;9;6;3
2020-07-29 17:14:59;172;45;26;20;16;7;10;10;9;6;3
2020-07-29 17:15:58;172;45;26;20;16;7;10;10;9;6;3
2020-07-29 17:16:59;172;45;26;20;16;7;10;10;9;6;3
2020-07-29 17:17:59;172;45;26;20;16;7;10;10;9;6;3
2020-07-29 17:18:58;172;45;26;20;16;7;10;10;9;6;3
2020-07-29 17:19:59;172;45;26;20;16;7;10;10;9;6;3
2020-07-29 17:20:58;172;45;26;20;16;7;10;10;9;6;3
2020-07-29 17:21:59;173;46;26;20;16;7;10;10;9;6;3
2020-07-29 17:22:58;173;46;26;20;16;7;10;10;9;6;3
2020-07-29 17:23:59;174;46;26;21;16;7;10;10;9;6;3
2020-07-29 17:24:58;174;47;26;20;16;7;10;10;9;6;3
2020-07-29 17:25:59;174;47;26;20;16;7;10;10;9;6;3
2020-07-29 17:26:59;174;47;26;20;16;7;10;10;9;6;3
2020-07-29 17:27:58;174;47;26;20;16;7;10;10;9;6;3
2020-07-29 17:28:59;174;47;26;20;16;7;10;10;9;6;3
2020-07-29 17:29:58;174;47;26;20;16;7;10;10;9;6;3
2020-07-29 17:30:59;174;47;26;20;16;7;10;10;9;6;3
2020-07-29 17:31:59;174;47;26;20;16;7;10;10;9;6;3
2020-07-29 17:32:58;174;47;26;20;16;7;10;10;9;6;3
2020-07-29 17:33:59;174;47;26;20;16;7;10;10;9;6;3
2020-07-29 17:34:58;174;47;26;20;16;7;10;10;9;6;3
2020-07-29 17:35:59;174;47;26;20;16;7;10;10;9;6;3
2020-07-29 17:36:58;174;47;26;20;16;7;10;10;9;6;3
2020-07-29 17:37:59;174;47;26;20;16;7;10;10;9;6;3
2020-07-29 17:38:58;175;47;26;21;16;7;10;10;9;6;3
2020-07-29 17:39:59;175;47;26;21;16;7;10;10;9;6;3
2020-07-29 17:40:59;175;47;26;21;16;7;10;10;9;6;3
2020-07-29 17:41:58;175;47;26;21;16;7;10;10;9;6;3
2020-07-29 17:42:59;175;47;26;21;16;7;10;10;9;6;3
2020-07-29 17:43:58;175;47;26;21;16;7;10;10;9;6;3
2020-07-29 17:44:59;175;47;26;21;16;7;10;10;9;6;3
2020-07-29 17:45:58;175;47;26;21;16;7;10;10;9;6;3
2020-07-29 17:46:59;176;47;26;21;16;8;10;10;9;6;3
2020-07-29 17:47:59;176;47;26;21;16;8;10;10;9;6;3
2020-07-29 17:48:58;176;47;26;21;16;8;10;10;9;6;3
2020-07-29 17:49:59;177;48;26;21;16;8;10;10;9;6;3
2020-07-29 17:50:58;177;48;26;21;16;8;10;10;9;6;3
2020-07-29 17:51:59;177;48;26;21;16;8;10;10;9;6;3
2020-07-29 17:52:58;177;48;26;21;16;8;10;10;9;6;3
2020-07-29 17:53:59;177;48;26;21;16;8;10;10;9;6;3
2020-07-29 17:54:58;177;48;26;21;16;8;10;10;9;6;3
2020-07-29 17:55:59;177;48;26;21;16;8;10;10;9;6;3
2020-07-29 17:56:58;177;48;26;21;16;8;10;10;9;6;3
2020-07-29 17:57:59;177;48;26;21;16;8;10;10;9;6;3
2020-07-29 17:58:58;177;48;26;21;16;8;10;10;9;6;3
2020-07-29 17:59:59;177;48;26;21;16;8;10;10;9;6;3
2020-07-29 18:00:58;177;48;26;21;16;8;10;10;9;6;3
2020-07-29 18:01:59;177;48;26;21;16;8;10;10;9;6;3
2020-07-29 18:02:58;177;48;26;21;16;8;10;10;9;6;3
2020-07-29 18:03:59;177;48;26;21;16;8;10;10;9;6;3
2020-07-29 18:04:58;177;48;26;21;16;8;10;10;9;6;3
2020-07-29 18:05:59;177;48;26;21;16;8;10;10;9;6;3
2020-07-29 18:06:59;177;48;26;21;16;8;10;10;9;6;3
2020-07-29 18:07:58;177;48;26;21;16;8;10;10;9;6;3
2020-07-29 18:08:59;177;48;26;21;16;8;10;10;9;6;3
2020-07-29 18:09:58;177;48;26;21;16;8;10;10;9;6;3
2020-07-29 18:10:59;178;48;26;21;16;8;11;10;9;6;3
2020-07-29 18:11:59;178;48;26;21;16;8;11;10;9;6;3
2020-07-29 18:12:58;178;48;26;21;16;8;11;10;9;6;3
2020-07-29 18:13:59;178;48;26;21;16;8;11;10;9;6;3
2020-07-29 18:14:59;178;48;26;21;16;8;11;10;9;6;3
2020-07-29 18:15:58;178;48;26;21;16;8;11;10;9;6;3
2020-07-29 18:16:59;178;48;26;21;16;8;11;10;9;6;3
2020-07-29 18:17:58;178;48;26;21;16;8;11;10;9;6;3
2020-07-29 18:18:59;178;48;26;21;16;8;11;10;9;6;3
2020-07-29 18:19:59;178;48;26;21;16;8;11;10;9;6;3
2020-07-29 18:20:58;179;49;26;21;16;8;11;10;9;6;3
2020-07-29 18:21:59;179;49;26;21;16;8;11;10;9;6;3
2020-07-29 18:22:58;179;49;26;21;16;8;11;10;9;6;3
2020-07-29 18:23:59;179;49;26;21;16;8;11;10;9;6;3
2020-07-29 18:24:58;179;49;26;21;16;8;11;10;9;6;3
2020-07-29 18:26:00;179;49;26;21;16;8;11;10;9;6;3
2020-07-29 18:26:58;179;49;26;21;16;8;11;10;9;6;3
2020-07-29 18:28:00;179;49;26;21;16;8;11;10;9;6;3
2020-07-29 18:28:58;179;49;26;21;16;8;11;10;9;6;3
2020-07-29 18:29:59;179;49;26;21;16;8;11;10;9;6;3
2020-07-29 18:30:59;179;49;26;21;16;8;11;10;9;6;3
2020-07-29 18:31:58;179;49;26;21;16;8;11;10;9;6;3
2020-07-29 18:32:59;179;49;26;21;16;8;11;10;9;6;3
2020-07-29 18:33:58;180;50;26;21;16;8;11;10;9;6;3
2020-07-29 18:34:59;180;50;26;21;16;8;11;10;9;6;3
2020-07-29 18:35:59;180;50;26;21;16;8;11;10;9;6;3
2020-07-29 18:36:58;180;50;26;21;16;8;11;10;9;6;3
2020-07-29 18:37:59;180;50;26;21;16;8;11;10;9;6;3
2020-07-29 18:38:58;179;50;26;20;16;8;11;10;9;6;3
2020-07-29 18:39:59;179;50;26;20;16;8;11;10;9;6;3
2020-07-29 18:40:58;180;50;26;20;16;9;11;10;9;6;3
2020-07-29 18:41:59;181;50;26;20;16;9;11;11;9;6;3
2020-07-29 18:42:59;181;50;26;20;16;9;11;11;9;6;3
2020-07-29 18:43:58;181;50;26;20;16;9;11;11;9;6;3
2020-07-29 18:44:59;181;50;26;20;16;9;11;11;9;6;3
2020-07-29 18:45:59;181;50;26;20;16;9;11;11;9;6;3
2020-07-29 18:46:58;181;50;26;20;16;9;11;11;9;6;3
2020-07-29 18:47:59;182;50;26;20;16;9;12;11;9;6;3
2020-07-29 18:48:58;182;50;26;20;16;9;12;11;9;6;3
2020-07-29 18:49:59;182;50;26;20;16;9;12;11;9;6;3
2020-07-29 18:50:58;182;50;26;20;16;9;12;11;9;6;3
2020-07-29 18:51:59;182;50;26;20;16;9;12;11;9;6;3
2020-07-29 18:52:58;182;50;26;20;16;9;12;11;9;6;3
2020-07-29 18:53:59;182;50;26;20;16;9;12;11;9;6;3
2020-07-29 18:54:59;182;50;26;20;16;9;12;11;9;6;3
2020-07-29 18:55:58;182;50;26;20;16;9;12;11;9;6;3
2020-07-29 18:56:59;183;50;26;21;16;9;12;11;9;6;3
2020-07-29 18:57:59;183;50;26;21;16;9;12;11;9;6;3
2020-07-29 18:58:58;183;50;26;21;16;9;12;11;9;6;3
2020-07-29 18:59:59;183;50;26;21;16;9;12;11;9;6;3
2020-07-29 19:00:58;183;50;26;21;16;9;12;11;9;6;3
2020-07-29 19:01:59;183;50;26;21;16;9;12;11;9;6;3
2020-07-29 19:02:58;183;50;26;21;16;9;12;11;9;6;3
2020-07-29 19:03:59;183;50;26;21;16;9;12;11;9;6;3
2020-07-29 19:04:59;183;50;26;21;16;9;12;11;9;6;3
2020-07-29 19:05:58;183;50;26;21;16;9;12;11;9;6;3
2020-07-29 19:06:59;183;50;26;21;16;9;12;11;9;6;3
2020-07-29 19:07:59;183;50;26;21;16;9;12;11;9;6;3
2020-07-29 19:08:58;183;50;26;21;16;9;12;11;9;6;3
2020-07-29 19:09:59;183;50;26;21;16;9;12;11;9;6;3
2020-07-29 19:10:58;183;50;26;21;16;9;12;11;9;6;3
2020-07-29 19:11:59;183;50;26;21;16;9;12;11;9;6;3
2020-07-29 19:12:58;183;50;26;21;16;9;12;11;9;6;3
2020-07-29 19:13:59;183;50;26;21;16;9;12;11;9;6;3
2020-07-29 19:14:58;183;50;26;21;16;9;12;11;9;6;3
2020-07-29 19:15:59;183;50;26;21;16;9;12;11;9;6;3
2020-07-29 19:16:59;183;50;26;21;16;9;12;11;9;6;3
2020-07-29 19:17:58;183;50;26;21;16;9;12;11;9;6;3
2020-07-29 19:18:59;183;50;26;21;16;9;12;11;9;6;3
2020-07-29 19:19:58;183;50;26;21;16;9;12;11;9;6;3
2020-07-29 19:20:59;183;50;26;21;16;9;12;11;9;6;3
2020-07-29 19:21:59;184;50;26;21;16;9;13;11;9;6;3
2020-07-29 19:22:58;184;50;26;21;16;9;13;11;9;6;3
2020-07-29 19:23:59;184;50;26;21;16;9;13;11;9;6;3
2020-07-29 19:24:59;185;50;27;21;16;9;13;11;9;6;3
2020-07-29 19:25:58;186;51;27;21;16;9;13;11;9;6;3
2020-07-29 19:26:59;186;51;27;21;16;9;13;11;9;6;3
2020-07-29 19:27:58;187;51;27;21;17;9;13;11;9;6;3
2020-07-29 19:28:59;187;51;27;21;17;9;13;11;9;6;3
2020-07-29 19:29:58;187;51;27;21;17;9;13;11;9;6;3
2020-07-29 19:30:59;188;52;27;21;17;9;13;11;9;6;3
2020-07-29 19:31:58;188;52;27;21;17;9;13;11;9;6;3
2020-07-29 19:32:59;188;52;27;21;17;9;13;11;9;6;3
2020-07-29 19:33:59;188;52;27;21;17;9;13;11;9;6;3
2020-07-29 19:34:58;188;52;27;21;17;9;13;11;9;6;3
2020-07-29 19:35:59;188;52;27;21;17;9;13;11;9;6;3
2020-07-29 19:36:58;188;52;27;21;17;9;13;11;9;6;3
2020-07-29 19:37:59;188;52;27;21;17;9;13;11;9;6;3
2020-07-29 19:38:58;188;52;27;21;17;9;13;11;9;6;3
2020-07-29 19:39:59;188;52;27;21;17;9;13;11;9;6;3
2020-07-29 19:40:59;188;52;27;21;17;9;13;11;9;6;3
2020-07-29 19:41:58;188;52;27;21;17;9;13;11;9;6;3
2020-07-29 19:42:59;188;52;27;21;17;9;13;11;9;6;3
2020-07-29 19:43:58;188;52;27;21;17;9;13;11;9;6;3
2020-07-29 19:44:59;188;52;27;21;17;9;13;11;9;6;3
2020-07-29 19:45:58;188;52;27;21;17;9;13;11;9;6;3
2020-07-29 19:46:59;188;52;27;21;17;9;13;11;9;6;3
2020-07-29 19:47:58;188;52;27;21;17;9;13;11;9;6;3
2020-07-29 19:48:59;187;52;26;21;17;9;13;11;9;6;3
2020-07-29 19:49:59;187;52;26;21;17;9;13;11;9;6;3
2020-07-29 19:50:58;187;52;26;21;17;9;13;11;9;6;3
2020-07-29 19:51:59;188;52;26;21;17;10;13;11;9;6;3
2020-07-29 19:52:58;188;52;26;21;17;10;13;11;9;6;3
2020-07-29 19:53:59;188;52;26;21;17;10;13;11;9;6;3
2020-07-29 19:54:59;189;53;26;21;17;10;13;11;9;6;3
2020-07-29 19:55:58;189;53;26;21;17;10;13;11;9;6;3
2020-07-29 19:56:59;189;53;26;21;17;10;13;11;9;6;3
2020-07-29 19:57:58;189;53;26;21;17;10;13;11;9;6;3
2020-07-29 19:58:59;189;53;26;21;17;10;13;11;9;6;3
2020-07-29 19:59:58;189;53;26;21;17;10;13;11;9;6;3
2020-07-29 20:00:59;189;53;26;21;17;10;13;11;9;6;3
2020-07-29 20:01:59;189;53;26;21;17;10;13;11;9;6;3
2020-07-29 20:02:58;189;53;26;21;17;10;13;11;9;6;3
2020-07-29 20:03:59;189;53;26;21;17;10;13;11;9;6;3
2020-07-29 20:04:59;189;53;26;21;17;10;13;11;9;6;3
2020-07-29 20:05:58;190;53;26;22;17;10;13;11;9;6;3
2020-07-29 20:06:59;190;53;26;22;17;10;13;11;9;6;3
2020-07-29 20:07:58;190;53;26;22;17;10;13;11;9;6;3
2020-07-29 20:08:59;190;53;26;22;17;10;13;11;9;6;3
2020-07-29 20:09:59;190;53;26;22;17;10;13;11;9;6;3
2020-07-29 20:10:58;190;53;26;22;17;10;13;11;9;6;3
2020-07-29 20:11:59;190;53;26;22;17;10;13;11;9;6;3
2020-07-29 20:12:59;190;53;26;22;17;10;13;11;9;6;3
2020-07-29 20:13:58;190;53;26;22;17;10;13;11;9;6;3
2020-07-29 20:14:59;190;53;26;22;17;10;13;11;9;6;3
2020-07-29 20:15:58;190;53;26;22;17;10;13;11;9;6;3
2020-07-29 20:16:59;190;53;26;22;17;10;13;11;9;6;3
2020-07-29 20:17:59;191;53;26;22;17;10;13;11;9;6;3
2020-07-29 20:18:58;192;53;27;22;17;10;13;11;9;6;3
2020-07-29 20:19:59;193;54;27;22;17;10;13;11;9;6;3
2020-07-29 20:20:59;193;54;27;22;17;10;13;11;9;6;3
2020-07-29 20:21:58;193;54;27;22;17;10;13;11;9;6;3
2020-07-29 20:22:59;193;54;27;22;17;10;13;11;9;6;3
2020-07-29 20:23:59;193;54;27;22;17;10;13;11;9;6;3
2020-07-29 20:24:58;193;54;27;22;17;10;13;11;9;6;3
2020-07-29 20:25:59;193;54;27;22;17;10;13;11;9;6;3
2020-07-29 20:26:58;193;54;27;22;17;10;13;11;9;6;3
2020-07-29 20:27:59;193;54;27;22;17;10;13;11;9;6;3
2020-07-29 20:28:59;193;54;27;22;17;10;13;11;9;6;3
2020-07-29 20:29:58;193;54;27;22;17;10;13;11;9;6;3
2020-07-29 20:30:59;193;54;27;22;17;10;13;11;9;6;3
2020-07-29 20:31:59;193;54;27;22;17;10;13;11;9;6;3
2020-07-29 20:32:58;193;54;27;22;17;10;13;11;9;6;3
2020-07-29 20:33:59;193;54;27;22;17;10;13;11;9;6;3
2020-07-29 20:34:58;193;54;27;22;17;10;13;11;9;6;3
2020-07-29 20:35:59;193;54;27;22;17;10;13;11;9;6;3
2020-07-29 20:36:58;193;54;27;22;17;10;13;11;9;6;3
2020-07-29 20:37:59;194;55;27;22;17;10;13;11;9;6;3
2020-07-29 20:38:59;194;55;27;22;17;10;13;11;9;6;3
2020-07-29 20:39:58;194;55;27;22;17;10;13;11;9;6;3
2020-07-29 20:41:00;194;55;27;22;17;10;13;11;9;6;3
2020-07-29 20:41:58;194;55;27;22;17;10;13;11;9;6;3
2020-07-29 20:42:59;194;55;27;22;17;10;13;11;9;6;3
2020-07-29 20:43:59;194;55;27;22;17;10;13;11;9;6;3
2020-07-29 20:44:58;194;55;27;22;17;10;13;11;9;6;3
2020-07-29 20:45:59;194;55;27;22;17;10;13;11;9;6;3
2020-07-29 20:46:59;194;55;27;22;17;10;13;11;9;6;3
2020-07-29 20:47:58;194;55;27;22;17;10;13;11;9;6;3
2020-07-29 20:48:59;194;55;27;22;17;10;13;11;9;6;3
2020-07-29 20:49:58;194;55;27;22;17;10;13;11;9;6;3
2020-07-29 20:50:59;194;55;27;22;17;10;13;11;9;6;3
2020-07-29 20:51:58;194;55;27;22;17;10;13;11;9;6;3
2020-07-29 20:52:59;194;55;27;22;17;10;13;11;9;6;3
2020-07-29 20:53:59;195;55;28;22;17;10;13;11;9;6;3
2020-07-29 20:54:58;195;55;28;22;17;10;13;11;9;6;3
2020-07-29 20:55:59;196;55;29;22;17;10;13;11;9;6;3
2020-07-29 20:56:58;196;55;29;22;17;10;13;11;9;6;3
2020-07-29 20:57:59;196;55;29;22;17;10;13;11;9;6;3
2020-07-29 20:58:59;196;55;29;22;17;10;13;11;9;6;3
2020-07-29 20:59:58;196;55;29;22;17;10;13;11;9;6;3
2020-07-29 21:00:59;196;55;29;22;17;10;13;11;9;6;3
2020-07-29 21:01:58;196;55;29;22;17;10;13;11;9;6;3
2020-07-29 21:02:59;195;55;28;22;17;10;13;11;9;6;3
2020-07-29 21:03:58;195;55;28;22;17;10;13;11;9;6;3
2020-07-29 21:04:59;195;55;28;22;17;10;13;11;9;6;3
2020-07-29 21:05:59;195;55;28;22;17;10;13;11;9;6;3
2020-07-29 21:06:58;195;55;28;22;17;10;13;11;9;6;3
2020-07-29 21:07:59;195;55;28;22;17;10;13;11;9;6;3
2020-07-29 21:08:58;195;55;28;22;17;10;13;11;9;6;3
2020-07-29 21:09:59;195;55;28;22;17;10;13;11;9;6;3
2020-07-29 21:10:58;195;55;28;22;17;10;13;11;9;6;3
2020-07-29 21:11:59;195;55;28;22;17;10;13;11;9;6;3
2020-07-29 21:12:58;195;55;28;22;17;10;13;11;9;6;3
2020-07-29 21:13:59;196;55;28;22;18;10;13;11;9;6;3
2020-07-29 21:14:59;197;55;28;22;18;10;13;11;9;6;3
2020-07-29 21:15:58;198;55;28;22;18;10;13;11;9;7;3
2020-07-29 21:16:59;198;55;28;22;18;10;13;11;9;7;3
2020-07-29 21:17:58;199;56;28;22;18;10;13;11;9;7;3
2020-07-29 21:18:59;200;56;28;22;18;11;13;11;9;7;3
2020-07-29 21:19:58;200;56;28;22;18;11;13;11;9;7;3
2020-07-29 21:20:59;200;56;28;22;18;11;13;11;9;7;3
2020-07-29 21:21:59;200;56;28;22;18;11;13;11;9;7;3
2020-07-29 21:22:58;200;56;28;22;18;11;13;11;9;7;3
2020-07-29 21:23:59;200;56;28;22;18;11;13;11;9;7;3
2020-07-29 21:24:58;200;56;28;22;18;11;13;11;9;7;3
2020-07-29 21:25:59;200;56;28;22;18;11;13;11;9;7;3
2020-07-29 21:26:58;200;56;28;22;18;11;13;11;9;7;3
2020-07-29 21:27:59;200;56;28;22;18;11;13;11;9;7;3
2020-07-29 21:28:59;200;56;28;22;18;11;13;11;9;7;3
2020-07-29 21:29:58;200;56;28;22;18;11;13;11;9;7;3
2020-07-29 21:30:59;200;56;28;22;18;11;13;11;9;7;3
2020-07-29 21:31:58;201;56;28;22;18;12;13;11;9;7;3
2020-07-29 21:32:59;201;56;28;22;18;12;13;11;9;7;3
2020-07-29 21:33:58;201;56;28;22;18;12;13;11;9;7;3
2020-07-29 21:35:00;201;56;28;22;18;12;13;11;9;7;3
2020-07-29 21:35:58;201;56;28;22;18;12;13;11;9;7;3
2020-07-29 21:36:59;202;57;28;22;18;12;13;11;9;7;3
2020-07-29 21:37:59;202;57;28;22;18;12;13;11;9;7;3
2020-07-29 21:38:58;202;56;28;22;18;12;13;11;9;7;3
2020-07-29 21:39:59;203;57;28;22;18;12;13;11;9;7;3
2020-07-29 21:40:58;203;57;28;22;18;12;13;11;9;7;3
2020-07-29 21:41:59;203;57;28;22;18;12;13;11;9;7;3
2020-07-29 21:42:59;203;57;28;22;18;12;13;11;9;7;3
2020-07-29 21:43:58;203;57;28;22;18;12;13;11;9;7;3
2020-07-29 21:44:59;203;57;28;22;18;12;13;11;9;7;3
2020-07-29 21:45:58;203;57;28;22;18;12;13;11;9;7;3
2020-07-29 21:46:59;203;57;28;22;18;12;13;11;9;7;3
2020-07-29 21:47:59;203;57;28;22;18;12;13;11;9;7;3
2020-07-29 21:48:58;203;57;28;22;18;12;13;11;9;7;3
2020-07-29 21:49:59;203;57;28;22;18;12;13;11;9;7;3
2020-07-29 21:50:58;204;57;28;23;18;12;13;11;9;7;3
2020-07-29 21:51:59;204;57;28;23;18;12;13;11;9;7;3
2020-07-29 21:52:58;204;57;28;23;18;12;13;11;9;7;3
2020-07-29 21:53:59;204;57;28;23;18;12;13;11;9;7;3
2020-07-29 21:54:58;204;57;28;23;18;12;13;11;9;7;3
2020-07-29 21:55:59;204;57;28;23;18;12;13;11;9;7;3
2020-07-29 21:56:59;204;57;28;23;18;12;13;11;9;7;3
2020-07-29 21:57:58;204;57;28;23;18;12;13;11;9;7;3
2020-07-29 21:58:59;204;57;28;23;18;12;13;11;9;7;3
2020-07-29 21:59:58;204;57;28;23;18;12;13;11;9;7;3
2020-07-29 22:00:59;204;57;28;23;18;12;13;11;9;7;3
2020-07-29 22:01:59;204;57;28;23;18;12;13;11;9;7;3
2020-07-29 22:02:58;204;57;28;23;18;12;13;11;9;7;3
2020-07-29 22:03:59;204;57;28;23;18;12;13;11;9;7;3
2020-07-29 22:04:58;204;57;28;23;18;12;13;11;9;7;3
2020-07-29 22:05:59;204;57;28;23;18;12;13;11;9;7;3
2020-07-29 22:06:58;204;57;28;23;18;12;13;11;9;7;3
2020-07-29 22:07:59;204;57;28;23;18;12;13;11;9;7;3
2020-07-29 22:08:58;204;57;28;23;18;12;13;11;9;7;3
2020-07-29 22:09:59;204;57;28;23;18;12;13;11;9;7;3
2020-07-29 22:10:59;204;57;28;23;18;12;13;11;9;7;3
2020-07-29 22:11:58;204;57;28;23;18;12;13;11;9;7;3
2020-07-29 22:12:59;205;58;28;23;18;12;13;11;9;7;3
2020-07-29 22:13:59;205;58;28;23;18;12;13;11;9;7;3
2020-07-29 22:14:58;205;58;28;23;18;12;13;11;9;7;3
2020-07-29 22:15:59;205;58;28;23;18;12;13;11;9;7;3
2020-07-29 22:16:58;205;58;28;23;18;12;13;11;9;7;3
2020-07-29 22:17:59;206;59;28;23;18;12;13;11;9;7;3
2020-07-29 22:18:58;207;60;28;23;18;12;13;11;9;7;3
2020-07-29 22:19:59;207;60;28;23;18;12;13;11;9;7;3
2020-07-29 22:20:59;207;60;28;23;18;12;13;11;9;7;3
2020-07-29 22:21:58;207;60;28;23;18;12;13;11;9;7;3
2020-07-29 22:22:59;207;60;28;23;18;12;13;11;9;7;3
2020-07-29 22:23:58;207;60;28;23;18;12;13;11;9;7;3
2020-07-29 22:24:59;207;60;28;23;18;12;13;11;9;7;3
2020-07-29 22:25:58;207;60;28;23;18;12;13;11;9;7;3
2020-07-29 22:26:59;207;60;28;23;18;12;13;11;9;7;3
2020-07-29 22:27:58;207;60;28;23;18;12;13;11;9;7;3
2020-07-29 22:28:59;207;60;28;23;18;12;13;11;9;7;3
2020-07-29 22:29:59;207;60;28;23;18;12;13;11;9;7;3
2020-07-29 22:30:58;207;60;28;23;18;12;13;11;9;7;3
2020-07-29 22:31:59;207;60;28;23;18;12;13;11;9;7;3
2020-07-29 22:32:58;207;60;28;23;18;12;13;11;9;7;3
2020-07-29 22:33:59;207;60;28;23;18;12;13;11;9;7;3
2020-07-29 22:34:59;207;60;28;23;18;12;13;11;9;7;3
2020-07-29 22:35:58;207;60;28;23;18;12;13;11;9;7;3
2020-07-29 22:36:59;207;60;28;23;18;12;13;11;9;7;3
2020-07-29 22:37:59;207;60;28;23;18;12;13;11;9;7;3
2020-07-29 22:38:58;207;60;28;23;18;12;13;11;9;7;3
2020-07-29 22:39:59;207;60;28;23;18;12;13;11;9;7;3
2020-07-29 22:40:59;207;60;28;23;18;12;13;11;9;7;3
2020-07-29 22:41:58;207;60;28;23;18;12;13;11;9;7;3
2020-07-29 22:42:59;207;60;28;23;18;12;13;11;9;7;3
2020-07-29 22:43:58;207;60;28;23;18;12;13;11;9;7;3
2020-07-29 22:44:59;207;60;28;23;18;12;13;11;9;7;3
2020-07-29 22:45:59;207;60;28;23;18;12;13;11;9;7;3
2020-07-29 22:46:58;207;61;28;23;17;12;13;11;9;7;3
2020-07-29 22:47:59;207;60;29;23;17;12;13;11;9;7;3
2020-07-29 22:48:58;207;60;29;23;17;12;13;11;9;7;3
2020-07-29 22:49:59;207;60;29;23;17;12;13;11;9;7;3
2020-07-29 22:50:59;207;60;29;23;17;12;13;11;9;7;3
2020-07-29 22:51:58;207;60;29;23;17;12;13;11;9;7;3
2020-07-29 22:52:59;207;60;29;23;17;12;13;11;9;7;3
2020-07-29 22:53:58;207;60;29;23;17;12;13;11;9;7;3
2020-07-29 22:54:59;207;60;29;23;17;12;13;11;9;7;3
2020-07-29 22:55:59;207;60;29;23;17;12;13;11;9;7;3
2020-07-29 22:56:58;207;60;29;23;17;12;13;11;9;7;3
2020-07-29 22:57:59;207;60;29;23;17;12;13;11;9;7;3
2020-07-29 22:58:58;207;60;29;23;17;12;13;11;9;7;3
2020-07-29 22:59:59;207;60;29;23;17;12;13;11;9;7;3
2020-07-29 23:00:58;208;60;29;24;17;12;13;11;9;7;3
2020-07-29 23:01:59;208;60;29;24;17;12;13;11;9;7;3
2020-07-29 23:02:59;208;60;29;24;17;12;13;11;9;7;3
2020-07-29 23:03:58;208;60;29;24;17;12;13;11;9;7;3
2020-07-29 23:04:59;208;60;29;24;17;12;13;11;9;7;3
2020-07-29 23:05:59;208;60;29;24;17;12;13;11;9;7;3
2020-07-29 23:06:58;208;60;29;24;17;12;13;11;9;7;3
2020-07-29 23:07:59;208;60;29;24;17;12;13;11;9;7;3
2020-07-29 23:08:58;208;60;29;24;17;12;13;11;9;7;3
2020-07-29 23:09:59;208;60;29;24;17;12;13;11;9;7;3
2020-07-29 23:10:59;208;60;29;24;17;12;13;11;9;7;3
2020-07-29 23:11:58;208;60;29;24;17;12;13;11;9;7;3
2020-07-29 23:12:59;208;60;29;24;17;12;13;11;9;7;3
2020-07-29 23:13:58;208;60;29;24;17;12;13;11;9;7;3
2020-07-29 23:14:59;208;60;29;24;17;12;13;11;9;7;3
2020-07-29 23:15:58;208;60;29;24;17;12;13;11;9;7;3
2020-07-29 23:16:59;208;60;29;24;17;12;13;11;9;7;3
2020-07-29 23:17:58;208;60;29;24;17;12;13;11;9;7;3
2020-07-29 23:18:59;208;60;29;24;17;12;13;11;9;7;3
2020-07-29 23:19:59;208;60;29;24;17;12;13;11;9;7;3
2020-07-29 23:20:58;208;60;29;24;17;12;13;11;9;7;3
2020-07-29 23:21:59;208;60;29;24;17;12;13;11;9;7;3
2020-07-29 23:22:59;208;60;29;24;17;12;13;11;9;7;3
2020-07-29 23:23:58;209;61;29;24;17;12;13;11;9;7;3
2020-07-29 23:24:59;209;61;29;24;17;12;13;11;9;7;3
2020-07-29 23:25:58;209;61;29;24;17;12;13;11;9;7;3
2020-07-29 23:26:59;209;61;29;24;17;12;13;11;9;7;3
2020-07-29 23:27:59;209;61;29;24;17;12;13;11;9;7;3
2020-07-29 23:28:58;209;61;29;24;17;12;13;11;9;7;3
2020-07-29 23:29:59;209;61;29;24;17;12;13;11;9;7;3
2020-07-29 23:30:59;209;61;29;24;17;12;13;11;9;7;3
2020-07-29 23:31:58;210;61;29;24;17;13;13;11;9;7;3
2020-07-29 23:32:59;210;61;29;24;17;13;13;11;9;7;3
2020-07-29 23:33:58;210;61;29;24;17;13;13;11;9;7;3
2020-07-29 23:34:59;211;62;29;24;17;13;13;11;9;7;3
2020-07-29 23:35:58;211;61;29;24;17;14;13;11;9;7;3
2020-07-29 23:36:59;211;61;29;24;17;14;13;11;9;7;3
2020-07-29 23:37:59;211;61;29;24;17;14;13;11;9;7;3
2020-07-29 23:38:58;211;61;29;24;17;14;13;11;9;7;3
2020-07-29 23:39:59;211;61;29;24;17;14;13;11;9;7;3
2020-07-29 23:40:58;211;61;29;24;17;14;13;11;9;7;3
2020-07-29 23:41:59;211;61;29;24;17;14;13;11;9;7;3
2020-07-29 23:42:58;211;61;29;24;17;14;13;11;9;7;3
2020-07-29 23:44:00;211;61;29;24;17;14;13;11;9;7;3
2020-07-29 23:44:58;211;61;29;24;17;14;13;11;9;7;3
2020-07-29 23:45:59;211;61;29;24;17;14;13;11;9;7;3
2020-07-29 23:46:59;211;61;29;24;17;14;13;11;9;7;3
2020-07-29 23:47:58;211;61;29;24;17;14;13;11;9;7;3
2020-07-29 23:48:59;211;61;29;24;17;14;13;11;9;7;3
2020-07-29 23:49:58;211;61;29;24;17;14;13;11;9;7;3
2020-07-29 23:50:59;211;61;29;24;17;14;13;11;9;7;3
2020-07-29 23:51:58;211;61;29;24;17;14;13;11;9;7;3
2020-07-29 23:52:59;211;61;29;24;17;14;13;11;9;7;3
2020-07-29 23:53:58;211;61;29;24;17;14;13;11;9;7;3
2020-07-29 23:54:59;211;61;29;24;17;14;13;11;9;7;3
2020-07-29 23:55:58;211;61;29;24;17;14;13;11;9;7;3
2020-07-29 23:56:59;211;61;29;24;17;14;13;11;9;7;3
2020-07-29 23:57:59;211;61;29;24;17;14;13;11;9;7;3
2020-07-29 23:58:58;211;61;29;24;17;14;13;11;9;7;3
2020-07-29 23:59:59;211;61;29;24;17;14;13;11;9;7;3
