datetime;total_votes;Jareth;Bf109H;navalny;mahinaci9;shamanka;Yo;megaslowpoke;Rumpelstilzchen;axxl;Есения
2020-09-09 00:00:59;2;1;0;0;0;0;0;0;0;0;0
2020-09-09 00:01:58;2;1;0;0;0;0;0;0;0;0;0
2020-09-09 00:02:59;3;1;0;0;1;0;0;0;0;0;0
2020-09-09 00:03:59;4;1;1;0;1;0;0;0;0;0;0
2020-09-09 00:04:58;6;1;1;0;1;0;0;0;0;0;0
2020-09-09 00:05:59;7;1;1;0;1;0;1;0;0;0;0
2020-09-09 00:06:58;7;1;1;0;1;0;1;0;0;0;0
2020-09-09 00:07:59;8;1;1;0;1;0;1;0;1;0;0
2020-09-09 00:08:58;9;1;1;0;1;0;1;0;2;0;0
2020-09-09 00:09:59;10;2;1;0;1;0;1;0;2;0;0
2020-09-09 00:10:59;10;2;1;0;1;0;1;0;2;0;0
2020-09-09 00:12:00;11;2;1;0;1;0;1;0;2;0;0
2020-09-09 00:12:58;11;2;1;0;1;0;1;0;2;0;0
2020-09-09 00:13:59;16;2;2;0;1;0;3;0;3;1;0
2020-09-09 00:14:58;17;2;2;0;1;0;3;0;3;1;0
2020-09-09 00:15:59;18;2;2;0;1;1;3;0;3;1;0
2020-09-09 00:16:59;19;2;2;0;1;2;3;0;3;1;0
2020-09-09 00:17:58;20;2;2;0;1;2;4;0;3;1;0
2020-09-09 00:18:59;21;3;2;0;1;2;4;0;3;1;0
2020-09-09 00:19:59;21;3;2;0;1;2;4;0;3;1;0
2020-09-09 00:20:58;21;3;2;0;1;2;4;0;3;1;0
2020-09-09 00:21:59;22;4;2;0;1;2;4;0;3;1;0
2020-09-09 00:22:58;22;4;2;0;1;2;4;0;3;1;0
2020-09-09 00:23:59;23;4;2;1;1;2;4;0;3;1;0
2020-09-09 00:24:59;25;4;2;1;1;3;4;0;3;1;0
2020-09-09 00:25:58;26;4;3;1;1;3;4;0;3;1;0
2020-09-09 00:26:59;26;4;3;1;1;3;4;0;3;1;0
2020-09-09 00:27:59;26;4;3;1;1;3;4;0;3;1;0
2020-09-09 00:28:58;26;4;3;1;1;3;4;0;3;1;0
2020-09-09 00:29:59;27;4;3;2;1;3;4;0;3;1;0
2020-09-09 00:30:59;27;4;3;2;1;3;4;0;3;1;0
2020-09-09 00:31:58;27;4;3;2;1;3;4;0;3;1;0
2020-09-09 00:32:59;28;4;4;2;1;3;4;0;3;1;0
2020-09-09 00:33:59;28;4;4;2;1;3;4;0;3;1;0
2020-09-09 00:34:58;28;4;4;2;1;3;4;0;3;1;0
2020-09-09 00:35:59;28;4;4;2;1;3;4;0;3;1;0
2020-09-09 00:36:59;28;4;4;2;1;3;4;0;3;1;0
2020-09-09 00:37:58;28;4;4;2;1;3;4;0;3;1;0
2020-09-09 00:38:59;28;4;4;2;1;3;4;0;3;1;0
2020-09-09 00:39:59;28;4;4;2;1;3;4;0;3;1;0
2020-09-09 00:40:58;28;4;4;2;1;3;4;0;3;1;0
2020-09-09 00:41:59;28;4;4;2;1;3;4;0;3;1;0
2020-09-09 00:42:58;28;4;4;2;1;3;4;0;3;1;0
2020-09-09 00:43:59;28;4;4;2;1;3;4;0;3;1;0
2020-09-09 00:44:59;28;4;4;2;1;3;4;0;3;1;0
2020-09-09 00:45:58;29;5;4;2;1;3;4;0;3;1;0
2020-09-09 00:46:59;30;5;4;2;1;3;4;0;3;1;0
2020-09-09 00:47:58;30;5;4;2;1;3;4;0;3;1;0
2020-09-09 00:48:59;31;5;4;2;1;4;4;0;3;1;0
2020-09-09 00:49:58;32;5;4;2;2;4;4;0;3;0;0
2020-09-09 00:50:59;32;5;4;2;2;4;4;0;3;0;0
2020-09-09 00:51:59;32;5;4;2;2;4;4;0;3;0;0
2020-09-09 00:52:59;32;5;4;2;2;4;4;0;3;0;0
2020-09-09 00:53:58;32;5;4;2;2;4;4;0;3;0;0
2020-09-09 00:54:59;32;5;4;2;2;4;4;0;3;0;0
2020-09-09 00:56:00;32;5;4;2;2;4;4;0;3;0;0
2020-09-09 00:56:58;32;5;4;2;2;4;4;0;3;0;0
2020-09-09 00:57:59;32;5;4;2;2;4;4;0;3;0;0
2020-09-09 00:58:58;33;5;4;2;2;4;4;0;3;1;0
2020-09-09 00:59:59;33;5;4;2;2;4;4;0;3;1;0
2020-09-09 01:00:59;33;5;4;2;2;4;4;0;3;1;0
2020-09-09 01:01:58;33;5;4;2;2;4;4;0;3;1;0
2020-09-09 01:02:59;34;5;4;2;2;4;4;0;3;1;0
2020-09-09 01:03:59;35;5;4;2;2;5;4;0;3;1;0
2020-09-09 01:04:58;35;5;4;2;2;5;4;0;3;1;0
2020-09-09 01:05:59;36;5;5;2;2;5;4;0;3;1;0
2020-09-09 01:06:59;36;5;5;2;2;5;4;0;3;1;0
2020-09-09 01:07:58;36;5;5;2;2;5;4;0;3;1;0
2020-09-09 01:08:59;36;5;5;2;2;5;4;0;3;1;0
2020-09-09 01:09:59;36;5;5;2;2;5;4;0;3;1;0
2020-09-09 01:10:58;36;5;5;2;2;5;4;0;3;1;0
2020-09-09 01:11:59;36;5;5;2;2;5;4;0;3;1;0
2020-09-09 01:13:00;38;6;6;2;2;5;4;0;3;1;0
2020-09-09 01:13:58;38;6;6;2;2;5;4;0;3;1;0
2020-09-09 01:14:59;38;6;6;2;2;5;4;0;3;1;0
2020-09-09 01:15:59;38;6;6;2;2;5;4;0;3;1;0
2020-09-09 01:16:58;38;6;6;2;2;5;4;0;3;1;0
2020-09-09 01:17:59;38;6;6;2;2;5;4;0;3;1;0
2020-09-09 01:18:59;39;6;6;3;2;5;4;0;3;1;0
2020-09-09 01:19:58;39;6;6;3;2;5;4;0;3;1;0
2020-09-09 01:20:59;40;6;7;3;2;5;4;0;3;1;0
2020-09-09 01:21:58;40;6;7;3;2;5;4;0;3;1;0
2020-09-09 01:22:59;40;6;7;3;2;5;4;0;3;1;0
2020-09-09 01:23:59;41;7;7;3;2;5;4;0;3;1;0
2020-09-09 01:24:58;41;7;7;3;2;5;4;0;3;1;0
2020-09-09 01:25:59;41;7;7;3;2;5;4;0;3;1;0
2020-09-09 01:26:59;42;7;7;3;3;5;4;0;3;1;0
2020-09-09 01:27:58;43;7;7;3;4;5;4;0;3;1;0
2020-09-09 01:28:59;43;7;7;3;4;5;4;0;3;1;0
2020-09-09 01:29:59;44;7;7;3;5;5;4;0;3;1;0
2020-09-09 01:30:58;44;7;7;3;5;5;4;0;3;1;0
2020-09-09 01:31:59;44;7;7;3;5;5;4;0;3;1;0
2020-09-09 01:32:59;45;7;8;3;5;5;4;0;3;1;0
2020-09-09 01:33:58;45;7;8;3;5;5;4;0;3;1;0
2020-09-09 01:34:59;45;7;8;3;5;5;4;0;3;1;0
2020-09-09 01:35:59;45;7;8;3;5;5;4;0;3;1;0
2020-09-09 01:36:58;46;8;8;3;5;5;4;0;3;1;0
2020-09-09 01:37:59;46;8;8;3;5;5;4;0;3;1;0
2020-09-09 01:39:00;46;8;8;3;5;5;4;0;3;1;0
2020-09-09 01:39:58;46;8;8;3;5;5;4;0;3;1;0
2020-09-09 01:40:59;47;8;8;3;5;5;4;0;3;1;0
2020-09-09 01:41:58;47;8;8;3;5;5;4;0;3;1;0
2020-09-09 01:42:59;47;8;8;3;5;5;4;0;3;1;0
2020-09-09 01:43:59;47;8;8;3;5;5;4;0;3;1;0
2020-09-09 01:44:58;47;8;8;3;5;5;4;0;3;1;0
2020-09-09 01:45:59;47;8;8;3;5;5;4;0;3;1;0
2020-09-09 01:46:59;47;8;8;3;5;5;4;0;3;1;0
2020-09-09 01:47:58;47;8;8;3;5;5;4;0;3;1;0
2020-09-09 01:48:59;47;8;8;3;5;5;4;0;3;1;0
2020-09-09 01:49:59;47;8;8;3;5;5;4;0;3;1;0
2020-09-09 01:50:58;47;8;8;3;5;5;4;0;3;1;0
2020-09-09 01:51:59;47;8;8;3;5;5;4;0;3;1;0
2020-09-09 01:52:59;47;8;8;3;5;5;4;0;3;1;0
2020-09-09 01:53:58;47;8;8;3;5;5;4;0;3;1;0
2020-09-09 01:54:59;47;8;8;3;5;5;4;0;3;1;0
2020-09-09 01:55:59;48;8;8;3;5;5;4;0;3;0;0
2020-09-09 01:56:58;48;8;8;3;5;5;4;0;3;0;0
2020-09-09 01:57:59;48;8;8;3;5;5;4;0;3;0;0
2020-09-09 01:58:59;48;8;8;3;5;5;4;0;3;0;0
2020-09-09 01:59:58;48;8;8;3;5;5;4;0;3;0;0
2020-09-09 02:00:59;49;9;8;3;5;5;4;0;3;0;0
2020-09-09 02:01:59;49;9;8;3;5;5;4;0;3;0;0
2020-09-09 02:02:58;49;9;8;3;5;5;4;0;3;0;0
2020-09-09 02:03:59;49;9;8;3;5;5;4;0;3;0;0
2020-09-09 02:04:59;49;9;8;3;5;5;4;0;3;0;0
2020-09-09 02:05:58;49;9;8;3;5;5;4;0;3;0;0
2020-09-09 02:06:59;49;9;8;3;5;5;4;0;3;0;0
2020-09-09 02:07:58;49;9;8;3;5;5;4;0;3;0;0
2020-09-09 02:08:59;49;9;8;3;5;5;4;0;3;0;0
2020-09-09 02:09:59;49;9;8;3;5;5;4;0;3;0;0
2020-09-09 02:10:58;49;9;8;3;5;5;4;0;3;0;0
2020-09-09 02:11:59;50;9;8;3;5;5;5;0;3;1;0
2020-09-09 02:12:59;50;9;8;3;5;5;5;0;3;1;0
2020-09-09 02:13:58;50;9;8;3;5;5;5;0;3;1;0
2020-09-09 02:14:59;50;9;8;3;5;5;5;0;3;1;0
2020-09-09 02:15:59;50;9;8;3;5;5;5;0;3;1;0
2020-09-09 02:16:58;50;9;8;3;5;5;5;0;3;1;0
2020-09-09 02:17:59;50;9;8;3;5;5;5;0;3;1;0
2020-09-09 02:18:59;50;9;8;3;5;5;5;0;3;1;0
2020-09-09 02:19:58;50;9;8;3;5;5;5;0;3;1;0
2020-09-09 02:20:59;50;9;8;3;5;5;5;0;3;1;0
2020-09-09 02:21:59;50;9;8;3;5;5;5;0;3;1;0
2020-09-09 02:22:58;50;9;8;3;5;5;5;0;3;1;0
2020-09-09 02:23:59;50;9;8;3;5;5;5;0;3;1;0
2020-09-09 02:24:59;50;9;8;3;5;5;5;0;3;1;0
2020-09-09 02:25:58;50;9;8;3;5;5;5;0;3;1;0
2020-09-09 02:26:59;50;9;8;3;5;5;5;0;3;1;0
2020-09-09 02:27:59;50;9;8;3;5;5;5;0;3;1;0
2020-09-09 02:28:58;50;9;8;3;5;5;5;0;3;1;0
2020-09-09 02:29:59;50;9;8;3;5;5;5;0;3;1;0
2020-09-09 02:30:59;50;9;8;3;5;5;5;0;3;1;0
2020-09-09 02:31:58;50;9;8;3;5;5;5;0;3;1;0
2020-09-09 02:32:59;50;9;8;3;5;5;5;0;3;1;0
2020-09-09 02:33:59;51;9;9;3;5;5;5;0;3;1;0
2020-09-09 02:34:58;51;9;9;3;5;5;5;0;3;1;0
2020-09-09 02:35:59;51;9;9;3;5;5;5;0;3;1;0
2020-09-09 02:37:00;51;9;9;3;5;5;5;0;3;1;0
2020-09-09 02:37:58;51;9;9;3;5;5;5;0;3;1;0
2020-09-09 02:38:59;51;9;9;3;5;5;5;0;3;1;0
2020-09-09 02:39:58;52;10;9;3;5;5;5;0;3;1;0
2020-09-09 02:40:59;52;10;9;3;5;5;5;0;3;1;0
2020-09-09 02:41:59;52;10;9;3;5;5;5;0;3;1;0
2020-09-09 02:42:58;52;10;9;3;5;5;5;0;3;1;0
2020-09-09 02:43:59;52;10;9;3;5;5;5;0;3;1;0
2020-09-09 02:44:58;52;10;9;3;5;5;5;0;3;1;0
2020-09-09 02:45:59;52;10;9;3;5;5;5;0;3;1;0
2020-09-09 02:46:59;52;10;9;3;5;5;5;0;3;1;0
2020-09-09 02:47:58;52;10;9;3;5;5;5;0;3;1;0
2020-09-09 02:48:59;52;10;9;3;5;5;5;0;3;1;0
2020-09-09 02:49:59;52;10;9;3;5;5;5;0;3;1;0
2020-09-09 02:50:58;52;10;9;3;5;5;5;0;3;1;0
2020-09-09 02:51:59;53;10;10;3;5;5;5;0;3;1;0
2020-09-09 02:52:59;53;10;10;3;5;5;5;0;3;1;0
2020-09-09 02:53:58;53;10;10;3;5;5;5;0;3;1;0
2020-09-09 02:54:59;53;10;10;3;5;5;5;0;3;1;0
2020-09-09 02:55:59;53;10;10;3;5;5;5;0;3;1;0
2020-09-09 02:56:58;53;10;10;3;5;5;5;0;3;1;0
2020-09-09 02:57:59;53;10;10;3;5;5;5;0;3;1;0
2020-09-09 02:58:59;53;10;10;3;5;5;5;0;3;1;0
2020-09-09 02:59:58;53;10;10;3;5;5;5;0;3;1;0
2020-09-09 03:00:59;53;10;10;3;5;5;5;0;3;1;0
2020-09-09 03:01:59;53;10;10;3;5;5;5;0;3;1;0
2020-09-09 03:02:58;53;10;10;3;5;5;5;0;3;1;0
2020-09-09 03:03:59;53;10;10;3;5;5;5;0;3;1;0
2020-09-09 03:04:59;53;10;10;3;5;5;5;0;3;1;0
2020-09-09 03:05:58;53;10;10;3;5;5;5;0;3;1;0
2020-09-09 03:06:59;53;10;10;3;5;5;5;0;3;1;0
2020-09-09 03:07:59;53;10;10;3;5;5;5;0;3;1;0
2020-09-09 03:08:58;53;10;10;3;5;5;5;0;3;1;0
2020-09-09 03:09:59;53;10;10;3;5;5;5;0;3;1;0
2020-09-09 03:10:59;53;10;10;3;5;5;5;0;3;1;0
2020-09-09 03:11:58;53;10;10;3;5;5;5;0;3;1;0
2020-09-09 03:12:59;53;10;10;3;5;5;5;0;3;1;0
2020-09-09 03:13:58;53;10;10;3;5;5;5;0;3;1;0
2020-09-09 03:14:59;53;10;10;3;5;5;5;0;3;1;0
2020-09-09 03:15:59;53;10;10;3;5;5;5;0;3;1;0
2020-09-09 03:16:58;53;10;10;3;5;5;5;0;3;1;0
2020-09-09 03:17:59;53;10;10;3;5;5;5;0;3;1;0
2020-09-09 03:18:59;53;10;10;3;5;5;5;0;3;1;0
2020-09-09 03:19:59;53;10;10;3;5;5;5;0;3;1;0
2020-09-09 03:20:59;53;10;10;3;5;5;5;0;3;1;0
2020-09-09 03:21:58;53;10;10;3;5;5;5;0;3;1;0
2020-09-09 03:22:59;54;10;11;3;5;5;5;0;3;1;0
2020-09-09 03:24:00;54;10;11;3;5;5;5;0;3;1;0
2020-09-09 03:24:58;54;10;11;3;5;5;5;0;3;1;0
2020-09-09 03:25:59;54;10;11;3;5;5;5;0;3;1;0
2020-09-09 03:26:58;54;10;11;3;5;5;5;0;3;1;0
2020-09-09 03:27:59;54;10;11;3;5;5;5;0;3;1;0
2020-09-09 03:28:59;54;10;11;3;5;5;5;0;3;1;0
2020-09-09 03:29:58;54;10;11;3;5;5;5;0;3;1;0
2020-09-09 03:30:59;54;10;11;3;5;5;5;0;3;1;0
2020-09-09 03:31:59;54;10;11;3;5;5;5;0;3;1;0
2020-09-09 03:32:58;54;10;11;3;5;5;5;0;3;1;0
2020-09-09 03:33:59;54;10;11;3;5;5;5;0;3;1;0
2020-09-09 03:34:58;54;10;11;3;5;5;5;0;3;1;0
2020-09-09 03:35:59;54;10;11;3;5;5;5;0;3;1;0
2020-09-09 03:36:59;54;10;11;3;5;5;5;0;3;1;0
2020-09-09 03:37:58;54;10;11;3;5;5;5;0;3;1;0
2020-09-09 03:38:59;54;10;11;3;5;5;5;0;3;1;0
2020-09-09 03:39:59;54;10;11;3;5;5;5;0;3;1;0
2020-09-09 03:40:58;54;10;11;3;5;5;5;0;3;1;0
2020-09-09 03:41:59;54;10;11;3;5;5;5;0;3;1;0
2020-09-09 03:42:59;55;10;11;3;5;5;6;0;3;0;1
2020-09-09 03:43:58;55;10;11;3;5;5;6;0;3;0;1
2020-09-09 03:44:59;55;10;11;3;5;5;6;0;3;0;1
2020-09-09 03:45:58;55;10;11;3;5;5;6;0;3;0;1
2020-09-09 03:46:59;55;10;11;3;5;5;6;0;3;0;1
2020-09-09 03:47:59;55;10;11;3;5;5;6;0;3;0;1
2020-09-09 03:48:58;55;10;11;3;5;5;6;0;3;0;1
2020-09-09 03:49:59;55;10;11;3;5;5;6;0;3;0;1
2020-09-09 03:50:59;55;10;11;3;5;5;6;0;3;0;1
2020-09-09 03:51:58;55;10;11;3;5;5;6;0;3;0;1
2020-09-09 03:52:59;55;10;11;3;5;5;6;0;3;0;1
2020-09-09 03:53:59;55;10;11;3;5;5;6;0;3;0;1
2020-09-09 03:54:58;55;10;11;3;5;5;6;0;3;0;1
2020-09-09 03:55:59;55;10;11;3;5;5;6;0;3;0;1
2020-09-09 03:56:59;55;10;11;3;5;5;6;0;3;0;1
2020-09-09 03:57:58;55;10;11;3;5;5;6;0;3;0;1
2020-09-09 03:58:59;55;10;11;3;5;5;6;0;3;0;1
2020-09-09 03:59:58;55;10;11;3;5;5;6;0;3;0;1
2020-09-09 04:00:59;55;10;11;3;5;5;6;0;3;0;1
2020-09-09 04:01:59;55;10;11;3;5;5;6;0;3;0;1
2020-09-09 04:02:58;55;10;11;3;5;5;6;0;3;0;1
2020-09-09 04:03:59;55;10;11;3;5;5;6;0;3;0;1
2020-09-09 04:04:58;55;10;11;3;5;5;6;0;3;0;1
2020-09-09 04:05:59;55;10;11;3;5;5;6;0;3;0;1
2020-09-09 04:06:59;55;10;11;3;5;5;6;0;3;0;1
2020-09-09 04:07:58;55;10;11;3;5;5;6;0;3;0;1
2020-09-09 04:08:59;55;10;11;3;5;5;6;0;3;0;1
2020-09-09 04:09:59;55;10;11;3;5;5;6;0;3;0;1
2020-09-09 04:10:58;55;10;11;3;5;5;6;0;3;0;1
2020-09-09 04:11:59;55;10;11;3;5;5;6;0;3;0;1
2020-09-09 04:12:59;56;10;11;4;5;5;6;0;3;0;1
2020-09-09 04:13:58;56;10;11;4;5;5;6;0;3;0;1
2020-09-09 04:14:59;56;10;11;4;5;5;6;0;3;0;1
2020-09-09 04:15:58;56;10;11;4;5;5;6;0;3;0;1
2020-09-09 04:16:59;56;10;11;4;5;5;6;0;3;0;1
2020-09-09 04:17:58;56;10;11;4;5;5;6;0;3;0;1
2020-09-09 04:18:59;56;10;11;4;5;5;6;0;3;0;1
2020-09-09 04:19:59;56;10;11;4;5;5;6;0;3;0;1
2020-09-09 04:20:58;56;10;11;4;5;5;6;0;3;0;1
2020-09-09 04:21:59;56;10;11;4;5;5;6;0;3;0;1
2020-09-09 04:22:58;56;10;11;4;5;5;6;0;3;0;1
2020-09-09 04:23:59;56;10;11;4;5;5;6;0;3;0;1
2020-09-09 04:24:59;56;10;11;4;5;5;6;0;3;0;1
2020-09-09 04:25:58;56;10;11;4;5;5;6;0;3;0;1
2020-09-09 04:26:59;56;10;11;4;5;5;6;0;3;0;1
2020-09-09 04:27:59;56;10;11;4;5;5;6;0;3;0;1
2020-09-09 04:28:58;56;10;11;4;5;5;6;0;3;0;1
2020-09-09 04:29:59;56;10;11;4;5;5;6;0;3;0;1
2020-09-09 04:30:59;56;10;11;4;5;5;6;0;3;0;1
2020-09-09 04:31:58;56;10;11;4;5;5;6;0;3;0;1
2020-09-09 04:32:59;56;10;11;4;5;5;6;0;3;0;1
2020-09-09 04:33:58;56;10;11;4;5;5;6;0;3;0;1
2020-09-09 04:34:59;56;10;11;4;5;5;6;0;3;0;1
2020-09-09 04:35:59;56;10;11;4;5;5;6;0;3;0;1
2020-09-09 04:36:58;56;10;11;4;5;5;6;0;3;0;1
2020-09-09 04:37:59;56;10;11;4;5;5;6;0;3;0;1
2020-09-09 04:39:00;56;10;11;4;5;5;6;0;3;0;1
2020-09-09 04:39:58;56;10;11;4;5;5;6;0;3;0;1
2020-09-09 04:40:59;56;10;11;4;5;5;6;0;3;0;1
2020-09-09 04:41:58;56;10;11;4;5;5;6;0;3;0;1
2020-09-09 04:42:59;56;10;11;4;5;5;6;0;3;0;1
2020-09-09 04:43:59;56;10;11;4;5;5;6;0;3;0;1
2020-09-09 04:44:58;56;10;11;4;5;5;6;0;3;0;1
2020-09-09 04:45:59;56;10;11;4;5;5;6;0;3;0;1
2020-09-09 04:46:58;56;10;11;4;5;5;6;0;3;0;1
2020-09-09 04:47:59;56;10;11;4;5;5;6;0;3;0;1
2020-09-09 04:48:59;56;10;11;4;5;5;6;0;3;0;1
2020-09-09 04:49:58;56;10;11;4;5;5;6;0;3;0;1
2020-09-09 04:50:59;56;10;11;4;5;5;6;0;3;0;1
2020-09-09 04:51:59;56;10;11;4;5;5;6;0;3;0;1
2020-09-09 04:52:58;56;10;11;4;5;5;6;0;3;0;1
2020-09-09 04:53:59;56;10;11;4;5;5;6;0;3;0;1
2020-09-09 04:54:58;56;10;11;4;5;5;6;0;3;0;1
2020-09-09 04:55:59;56;10;11;4;5;5;6;0;3;0;1
2020-09-09 04:56:59;56;10;11;4;5;5;6;0;3;0;1
2020-09-09 04:57:58;56;10;11;4;5;5;6;0;3;0;1
2020-09-09 04:58:59;56;10;11;4;5;5;6;0;3;0;1
2020-09-09 04:59:58;56;10;11;4;5;5;6;0;3;0;1
2020-09-09 05:00:59;56;10;11;4;5;5;6;0;3;0;1
2020-09-09 05:01:59;56;10;11;4;5;5;6;0;3;0;1
2020-09-09 05:02:58;56;10;11;4;5;5;6;0;3;0;1
2020-09-09 05:03:59;56;10;11;4;5;5;6;0;3;0;1
2020-09-09 05:04:58;56;10;11;4;5;5;6;0;3;0;1
2020-09-09 05:05:59;56;10;11;4;5;5;6;0;3;0;1
2020-09-09 05:06:59;56;10;11;4;5;5;6;0;3;0;1
2020-09-09 05:07:58;56;10;11;4;5;5;6;0;3;0;1
2020-09-09 05:08:59;56;10;11;4;5;5;6;0;3;0;1
2020-09-09 05:09:59;56;10;11;4;5;5;6;0;3;0;1
2020-09-09 05:10:58;56;10;11;4;5;5;6;0;3;0;1
2020-09-09 05:11:59;56;10;11;4;5;5;6;0;3;0;1
2020-09-09 05:12:59;57;10;12;4;5;5;6;0;3;0;1
2020-09-09 05:13:58;57;10;12;4;5;5;6;0;3;0;1
2020-09-09 05:14:59;57;10;12;4;5;5;6;0;3;0;1
2020-09-09 05:15:58;57;10;12;4;5;5;6;0;3;0;1
2020-09-09 05:16:59;57;10;12;4;5;5;6;0;3;0;1
2020-09-09 05:17:59;57;10;12;4;5;5;6;0;3;0;1
2020-09-09 05:18:58;58;11;12;4;5;5;6;0;3;0;1
2020-09-09 05:19:59;58;11;12;4;5;5;6;0;3;0;1
2020-09-09 05:20:58;58;11;12;4;5;5;6;0;3;0;1
2020-09-09 05:21:59;58;11;12;4;5;5;6;0;3;0;1
2020-09-09 05:22:59;58;11;12;4;5;5;6;0;3;0;1
2020-09-09 05:23:58;58;11;12;4;5;5;6;0;3;0;1
2020-09-09 05:24:59;59;11;12;4;5;5;6;0;3;2;1
2020-09-09 05:25:59;59;11;12;4;5;5;6;0;3;2;1
2020-09-09 05:26:58;59;11;12;4;5;5;6;0;3;2;1
2020-09-09 05:27:59;59;11;12;4;5;5;6;0;3;2;1
2020-09-09 05:28:58;59;11;12;4;5;5;6;0;3;2;1
2020-09-09 05:29:59;59;11;12;4;5;5;6;0;3;2;1
2020-09-09 05:30:59;59;11;12;4;5;5;6;0;3;2;1
2020-09-09 05:31:58;59;11;12;4;5;5;6;0;3;2;1
2020-09-09 05:32:59;59;11;12;4;5;5;6;0;3;2;1
2020-09-09 05:33:59;59;12;12;4;5;5;5;0;3;2;0
2020-09-09 05:34:58;59;12;12;4;5;5;5;0;3;2;0
2020-09-09 05:35:59;59;12;12;4;5;5;5;0;3;2;0
2020-09-09 05:37:00;59;12;12;4;5;5;5;0;3;2;0
2020-09-09 05:37:58;59;12;12;4;5;5;5;0;3;2;0
2020-09-09 05:38:59;59;12;12;4;5;5;5;0;3;2;0
2020-09-09 05:39:58;59;12;12;4;5;5;5;0;3;2;0
2020-09-09 05:40:59;59;12;12;4;5;5;5;0;3;2;0
2020-09-09 05:41:58;59;12;12;4;5;5;5;0;3;2;0
2020-09-09 05:42:59;59;12;12;4;5;5;5;0;3;2;0
2020-09-09 05:43:59;59;12;12;4;5;5;5;0;3;2;0
2020-09-09 05:44:58;59;12;12;4;5;5;5;0;3;2;0
2020-09-09 05:45:59;59;12;12;4;5;5;5;0;3;2;0
2020-09-09 05:46:59;59;12;12;4;5;5;5;0;3;2;0
2020-09-09 05:47:58;59;12;12;4;5;5;5;0;3;2;0
2020-09-09 05:48:59;59;12;12;4;5;5;5;0;3;2;0
2020-09-09 05:49:59;59;12;12;4;5;5;5;0;3;2;0
2020-09-09 05:50:58;59;12;12;4;5;5;5;0;3;2;0
2020-09-09 05:51:59;59;12;12;4;5;5;5;0;3;2;0
2020-09-09 05:52:59;59;12;12;4;5;5;5;0;3;2;0
2020-09-09 05:53:58;59;12;12;4;5;5;5;0;3;2;0
2020-09-09 05:54:59;59;12;12;4;5;5;5;0;3;2;0
2020-09-09 05:56:00;59;12;12;4;5;5;5;0;3;2;0
2020-09-09 05:56:58;59;12;12;4;5;5;5;0;3;2;0
2020-09-09 05:57:59;59;12;12;4;5;5;5;0;3;2;0
2020-09-09 05:58:58;59;12;12;4;5;5;5;0;3;2;0
2020-09-09 05:59:59;59;12;12;4;5;5;5;0;3;2;0
2020-09-09 06:00:59;59;12;12;4;5;5;5;0;3;2;0
2020-09-09 06:01:58;59;12;12;4;5;5;5;0;3;2;0
2020-09-09 06:02:59;59;12;12;4;5;5;5;0;3;2;0
2020-09-09 06:03:59;59;12;12;4;5;5;5;0;3;2;0
2020-09-09 06:04:58;60;12;13;4;5;5;5;0;3;2;0
2020-09-09 06:05:59;60;12;13;4;5;5;5;0;3;2;0
2020-09-09 06:06:59;60;12;13;4;5;5;5;0;3;2;0
2020-09-09 06:07:58;60;12;13;4;5;5;5;0;3;2;0
2020-09-09 06:08:59;60;12;13;4;5;5;5;0;3;2;0
2020-09-09 06:09:59;60;12;13;4;5;5;5;0;3;2;0
2020-09-09 06:10:58;60;12;13;4;5;5;5;0;3;2;0
2020-09-09 06:11:59;60;12;13;4;5;5;5;0;3;2;0
2020-09-09 06:12:59;60;12;13;4;5;5;5;0;3;2;0
2020-09-09 06:13:58;60;12;13;4;5;5;5;0;3;2;0
2020-09-09 06:14:59;60;12;13;4;5;5;5;0;3;2;0
2020-09-09 06:15:59;60;12;13;4;5;5;5;0;3;2;0
2020-09-09 06:16:58;60;12;13;4;5;5;5;0;3;2;0
2020-09-09 06:17:59;60;12;13;4;5;5;5;0;3;2;0
2020-09-09 06:18:58;60;12;13;4;5;5;5;0;3;2;0
2020-09-09 06:19:59;61;12;14;4;5;5;5;0;3;2;0
2020-09-09 06:20:59;61;12;14;4;5;5;5;0;3;2;0
2020-09-09 06:21:58;61;12;14;4;5;5;5;0;3;2;0
2020-09-09 06:22:59;61;12;14;4;5;5;5;0;3;2;0
2020-09-09 06:23:59;62;13;14;4;5;5;5;0;3;2;0
2020-09-09 06:24:58;62;13;14;4;5;5;5;0;3;2;0
2020-09-09 06:25:59;62;13;14;4;5;5;5;0;3;2;0
2020-09-09 06:26:59;62;13;14;4;5;5;5;0;3;2;0
2020-09-09 06:27:58;62;13;14;4;5;5;5;0;3;2;0
2020-09-09 06:28:59;62;13;14;4;5;5;5;0;3;2;0
2020-09-09 06:29:59;62;13;14;4;5;5;5;0;3;2;0
2020-09-09 06:30:58;62;13;14;4;5;5;5;0;3;2;0
2020-09-09 06:31:59;63;14;14;4;5;5;5;0;3;2;0
2020-09-09 06:32:59;63;14;14;4;5;5;5;0;3;2;0
2020-09-09 06:33:58;63;14;14;4;5;5;5;0;3;2;0
2020-09-09 06:34:59;63;14;14;4;5;5;5;0;3;2;0
2020-09-09 06:35:59;63;14;14;4;5;5;5;0;3;2;0
2020-09-09 06:36:58;63;14;14;4;5;5;5;0;3;2;0
2020-09-09 06:37:59;63;14;14;4;5;5;5;0;3;2;0
2020-09-09 06:38:58;64;14;15;4;5;5;5;0;3;2;0
2020-09-09 06:39:59;64;14;15;4;5;5;5;0;3;2;0
2020-09-09 06:40:59;64;14;15;4;5;5;5;0;3;2;0
2020-09-09 06:41:58;64;14;15;4;5;5;5;0;3;2;0
2020-09-09 06:42:59;64;14;15;4;5;5;5;0;3;2;0
2020-09-09 06:43:59;64;14;15;4;5;5;5;0;3;2;0
2020-09-09 06:44:58;64;14;15;4;5;5;5;0;3;2;0
2020-09-09 06:45:59;64;14;15;4;5;5;5;0;3;2;0
2020-09-09 06:46:58;64;14;15;4;5;5;5;0;3;2;0
2020-09-09 06:47:59;64;14;15;4;5;5;5;0;3;2;0
2020-09-09 06:48:59;66;15;16;4;5;5;5;0;3;2;0
2020-09-09 06:49:59;66;15;16;4;5;5;5;0;3;2;0
2020-09-09 06:50:58;66;15;16;4;5;5;5;0;3;2;0
2020-09-09 06:51:59;66;15;16;4;5;5;5;0;3;2;0
2020-09-09 06:52:59;66;15;16;4;5;5;5;0;3;2;0
2020-09-09 06:53:58;66;15;16;4;5;5;5;0;3;2;0
2020-09-09 06:54:59;66;15;16;4;5;5;5;0;3;2;0
2020-09-09 06:55:59;67;15;17;4;5;5;5;0;3;2;0
2020-09-09 06:56:58;67;15;17;4;5;5;5;0;3;2;0
2020-09-09 06:57:59;68;15;17;5;5;5;5;0;3;2;1
2020-09-09 06:58:58;68;15;17;5;5;5;5;0;3;2;1
2020-09-09 06:59:59;70;15;18;5;6;5;5;0;3;2;0
2020-09-09 07:00:59;70;15;18;5;6;5;5;0;3;2;0
2020-09-09 07:01:58;70;15;18;5;6;5;5;0;3;2;0
2020-09-09 07:02:59;70;15;18;5;6;5;5;0;3;2;0
2020-09-09 07:03:59;70;15;18;5;6;5;5;0;3;2;0
2020-09-09 07:04:58;70;15;18;5;6;5;5;0;3;2;0
2020-09-09 07:05:59;70;15;18;5;6;5;5;0;3;2;0
2020-09-09 07:06:59;70;15;18;5;6;5;5;0;3;2;0
2020-09-09 07:07:58;70;15;18;5;6;5;5;0;3;2;0
2020-09-09 07:08:59;70;15;18;5;6;5;5;0;3;2;0
2020-09-09 07:09:59;70;15;18;5;6;5;5;0;3;2;0
2020-09-09 07:10:59;70;15;18;5;6;5;5;0;3;2;0
2020-09-09 07:11:59;70;15;18;5;6;5;5;0;3;2;0
2020-09-09 07:12:58;70;15;18;5;6;5;5;0;3;2;0
2020-09-09 07:13:59;70;15;18;5;6;5;5;0;3;2;0
2020-09-09 07:15:00;70;15;18;5;6;5;5;0;3;2;0
2020-09-09 07:15:58;70;15;18;5;6;5;5;0;3;2;0
2020-09-09 07:16:59;70;15;18;5;6;5;5;0;3;2;0
2020-09-09 07:17:59;70;15;18;5;6;5;5;0;3;2;0
2020-09-09 07:18:58;71;15;18;5;6;6;5;0;3;2;0
2020-09-09 07:19:59;71;15;18;5;6;6;5;0;3;2;0
2020-09-09 07:20:59;71;15;18;5;6;6;5;0;3;2;0
2020-09-09 07:21:58;71;15;18;5;6;6;5;0;3;2;0
2020-09-09 07:22:59;71;15;18;5;6;6;5;0;3;2;0
2020-09-09 07:23:59;71;15;18;5;6;6;5;0;3;2;0
2020-09-09 07:24:58;72;15;18;5;6;7;5;0;3;2;0
2020-09-09 07:25:59;72;15;18;5;6;7;5;0;3;2;0
2020-09-09 07:26:59;72;15;18;5;6;7;5;0;3;2;0
2020-09-09 07:27:59;73;15;18;5;6;8;5;0;3;2;0
2020-09-09 07:28:59;73;15;18;5;6;7;5;0;3;2;0
2020-09-09 07:29:58;73;15;18;5;6;7;5;0;3;2;0
2020-09-09 07:30:59;73;15;18;5;6;7;5;0;3;2;0
2020-09-09 07:31:59;74;16;18;5;6;7;5;0;3;2;0
2020-09-09 07:32:58;75;16;18;6;6;7;5;0;3;2;0
2020-09-09 07:33:59;75;16;18;6;6;7;5;0;3;2;0
2020-09-09 07:34:59;75;16;18;6;6;7;5;0;3;2;0
2020-09-09 07:35:58;75;16;18;6;6;7;5;0;3;2;0
2020-09-09 07:36:59;75;16;18;6;6;7;5;0;3;2;0
2020-09-09 07:37:59;75;16;18;6;6;7;5;0;3;2;0
2020-09-09 07:38:58;75;16;18;6;6;7;5;0;3;2;0
2020-09-09 07:39:59;75;16;18;6;7;6;5;0;3;2;0
2020-09-09 07:40:59;75;16;18;6;7;6;5;0;3;2;0
2020-09-09 07:41:58;75;16;18;6;7;6;5;0;3;2;0
2020-09-09 07:42:59;75;16;18;6;7;6;5;0;3;2;0
2020-09-09 07:43:59;75;16;18;6;7;6;5;0;3;2;0
2020-09-09 07:44:58;75;16;18;6;7;6;5;0;3;2;0
2020-09-09 07:45:59;75;16;18;6;7;6;5;0;3;2;0
2020-09-09 07:46:59;75;16;18;6;7;6;5;0;3;2;0
2020-09-09 07:47:58;76;16;18;6;7;6;5;0;3;2;0
2020-09-09 07:48:59;77;16;18;6;7;6;6;0;3;2;0
2020-09-09 07:49:59;77;16;18;6;7;6;6;0;3;2;0
2020-09-09 07:50:58;77;16;18;6;7;6;6;0;3;2;0
2020-09-09 07:51:59;77;16;18;6;7;6;6;0;3;2;0
2020-09-09 07:52:59;77;16;18;6;7;6;6;0;3;2;0
2020-09-09 07:53:58;77;16;18;6;7;6;6;0;3;2;0
2020-09-09 07:54:59;77;16;18;6;7;6;6;0;3;2;0
2020-09-09 07:55:58;77;16;18;6;7;6;6;0;3;2;0
2020-09-09 07:56:59;77;16;18;6;7;6;6;0;3;2;0
2020-09-09 07:57:59;78;16;18;6;8;6;6;0;3;2;0
2020-09-09 07:58:58;78;16;18;6;8;6;6;0;3;2;0
2020-09-09 07:59:59;78;16;18;6;8;6;6;0;3;2;0
2020-09-09 08:00:58;78;16;18;6;8;6;6;0;3;2;0
2020-09-09 08:01:59;78;16;18;6;8;6;6;0;3;2;0
2020-09-09 08:02:59;78;16;18;6;8;6;6;0;3;2;0
2020-09-09 08:03:58;78;16;18;6;8;6;6;0;3;2;0
2020-09-09 08:04:59;78;16;18;6;8;6;6;0;3;2;0
2020-09-09 08:05:59;78;16;18;6;8;6;6;0;3;2;0
2020-09-09 08:06:58;78;16;18;6;8;6;6;0;3;2;0
2020-09-09 08:07:59;78;16;18;6;8;6;6;0;3;2;0
2020-09-09 08:08:59;78;16;18;6;8;6;6;0;3;2;0
2020-09-09 08:09:58;78;16;18;6;8;6;6;0;3;2;0
2020-09-09 08:10:59;79;16;18;6;8;7;6;0;3;2;0
2020-09-09 08:11:59;79;16;18;6;8;7;6;0;3;2;0
2020-09-09 08:12:58;79;16;18;6;8;7;6;0;3;2;0
2020-09-09 08:13:59;79;16;18;6;8;7;6;0;3;2;0
2020-09-09 08:14:58;80;17;18;6;8;7;6;0;3;2;0
2020-09-09 08:15:59;81;18;18;6;8;7;6;0;3;2;0
2020-09-09 08:16:58;81;18;18;6;8;7;6;0;3;2;0
2020-09-09 08:17:59;81;18;18;6;8;7;6;0;3;2;0
2020-09-09 08:18:59;82;19;18;6;8;7;6;0;3;2;0
2020-09-09 08:19:58;82;19;18;6;8;7;6;0;3;2;0
2020-09-09 08:20:59;82;19;18;6;8;7;6;0;3;2;0
2020-09-09 08:21:59;82;19;18;6;8;7;6;0;3;2;0
2020-09-09 08:22:58;82;19;18;6;8;7;6;0;3;2;0
2020-09-09 08:23:59;82;19;18;6;8;7;6;0;3;2;0
2020-09-09 08:24:59;82;19;18;6;8;7;6;0;3;2;0
2020-09-09 08:25:58;82;19;18;6;8;7;6;0;3;2;0
2020-09-09 08:26:59;82;19;18;6;8;7;6;0;3;2;0
2020-09-09 08:27:58;82;19;18;6;8;7;6;0;3;2;0
2020-09-09 08:28:59;82;19;18;6;8;7;6;0;3;2;0
2020-09-09 08:29:59;82;19;18;6;8;7;6;0;3;2;0
2020-09-09 08:30:58;82;19;18;6;8;7;6;0;3;2;0
2020-09-09 08:31:59;82;19;18;6;8;7;6;0;3;2;0
2020-09-09 08:32:59;82;19;18;6;8;7;6;0;3;2;0
2020-09-09 08:33:58;82;19;18;6;8;7;6;0;3;2;0
2020-09-09 08:34:59;82;19;18;6;8;7;6;0;3;2;0
2020-09-09 08:35:59;82;19;18;6;8;7;6;0;3;2;0
2020-09-09 08:36:58;83;19;19;6;8;7;6;0;3;2;0
2020-09-09 08:37:59;83;19;19;6;8;7;6;0;3;2;0
2020-09-09 08:38:59;82;19;19;6;8;6;6;0;3;2;0
2020-09-09 08:39:58;82;19;19;6;8;6;6;0;3;2;0
2020-09-09 08:40:59;82;19;19;6;8;6;6;0;3;2;0
2020-09-09 08:41:58;84;20;20;6;8;6;6;0;3;2;0
2020-09-09 08:42:59;84;20;20;6;8;6;6;0;3;2;0
2020-09-09 08:43:59;84;20;20;6;8;6;6;0;3;2;0
2020-09-09 08:44:58;84;20;20;6;8;6;6;0;3;2;0
2020-09-09 08:45:59;85;21;20;6;8;6;6;0;3;2;0
2020-09-09 08:46:58;85;21;20;6;8;6;6;0;3;2;0
2020-09-09 08:47:59;85;21;20;6;8;6;6;0;3;2;0
2020-09-09 08:48:59;85;21;20;6;8;6;6;0;3;2;0
2020-09-09 08:50:00;85;21;20;6;8;6;6;0;3;2;0
2020-09-09 08:50:58;85;21;20;6;8;6;6;0;3;2;0
2020-09-09 08:51:58;85;21;20;6;8;6;6;0;3;2;0
2020-09-09 08:52:59;86;22;20;6;8;6;6;0;3;2;0
2020-09-09 08:53:58;87;23;20;6;8;6;6;0;3;2;0
2020-09-09 08:54:59;87;23;20;6;8;6;6;0;3;2;0
2020-09-09 08:55:59;87;23;20;6;8;6;6;0;3;2;0
2020-09-09 08:56:58;87;23;20;6;8;6;6;0;3;2;0
2020-09-09 08:57:59;87;23;20;6;8;6;6;0;3;2;0
2020-09-09 08:58:59;87;23;20;6;8;6;6;0;3;2;0
2020-09-09 08:59:58;87;23;20;6;8;6;6;0;3;2;0
2020-09-09 09:00:59;88;23;20;6;8;6;6;0;3;2;0
2020-09-09 09:01:59;88;23;20;6;8;6;6;0;3;2;0
2020-09-09 09:02:58;88;23;20;6;8;6;6;0;3;2;0
2020-09-09 09:03:59;88;23;20;6;8;6;6;0;3;2;0
2020-09-09 09:04:59;88;23;20;6;8;6;6;0;3;2;0
2020-09-09 09:05:58;88;23;20;6;8;6;6;0;3;2;0
2020-09-09 09:06:59;88;23;20;6;8;6;6;0;3;2;0
2020-09-09 09:07:58;88;23;20;6;8;6;6;0;3;2;0
2020-09-09 09:08:59;89;23;21;6;8;6;6;0;3;2;0
2020-09-09 09:09:59;89;23;21;6;8;6;6;0;3;2;0
2020-09-09 09:11:00;89;23;21;6;8;6;6;0;3;2;0
2020-09-09 09:11:58;89;23;21;6;8;6;6;0;3;2;0
2020-09-09 09:12:59;89;23;21;6;8;6;6;0;3;2;0
2020-09-09 09:13:58;89;23;21;6;8;6;6;0;3;2;0
2020-09-09 09:14:59;90;24;21;6;8;6;6;0;3;2;0
2020-09-09 09:15:59;90;24;21;6;8;6;6;0;3;2;0
2020-09-09 09:16:58;90;24;21;6;8;6;6;0;3;2;0
2020-09-09 09:17:59;90;24;21;6;8;6;6;0;3;2;0
2020-09-09 09:18:59;90;24;21;6;8;6;6;0;3;2;0
2020-09-09 09:19:58;90;24;21;6;8;6;6;0;3;2;0
2020-09-09 09:20:59;90;24;21;6;8;6;6;0;3;2;0
2020-09-09 09:21:59;90;24;21;6;8;6;6;0;3;2;0
2020-09-09 09:22:58;90;24;21;6;8;6;6;0;3;2;0
2020-09-09 09:23:59;90;24;21;6;8;6;6;0;3;2;0
2020-09-09 09:24:58;90;24;21;6;8;6;6;0;3;2;0
2020-09-09 09:25:59;90;24;21;6;8;6;6;0;3;2;0
2020-09-09 09:26:59;90;24;21;6;8;6;6;0;3;2;0
2020-09-09 09:27:58;90;24;21;6;8;6;6;0;3;2;0
2020-09-09 09:28:59;90;24;21;6;8;6;6;0;3;2;0
2020-09-09 09:29:59;90;24;21;6;8;6;6;0;3;2;0
2020-09-09 09:30:58;90;24;21;6;8;6;6;0;3;2;0
2020-09-09 09:31:59;90;24;21;6;8;6;6;0;3;2;0
2020-09-09 09:32:59;90;24;21;6;8;6;6;0;3;2;0
2020-09-09 09:33:58;90;24;21;6;8;6;6;0;3;2;0
2020-09-09 09:34:59;90;24;21;6;8;6;6;0;3;2;0
2020-09-09 09:35:59;90;24;21;6;8;6;6;0;3;2;0
2020-09-09 09:36:58;90;24;21;6;8;6;6;0;3;2;0
2020-09-09 09:37:59;91;25;21;6;8;6;6;0;3;2;0
2020-09-09 09:38:59;91;25;21;6;8;6;6;0;3;2;0
2020-09-09 09:39:58;92;25;22;6;8;6;6;0;3;2;0
2020-09-09 09:40:59;92;25;22;6;8;6;6;0;3;2;0
2020-09-09 09:41:59;92;25;22;6;8;6;6;0;3;2;0
2020-09-09 09:42:58;92;25;22;6;8;6;6;0;3;2;0
2020-09-09 09:43:59;92;25;22;6;8;6;6;0;3;2;0
2020-09-09 09:44:59;93;25;22;6;8;7;6;0;3;2;0
2020-09-09 09:45:58;93;25;22;6;8;7;6;0;3;2;0
2020-09-09 09:46:59;93;24;23;6;8;7;6;0;3;2;0
2020-09-09 09:47:58;93;24;23;6;8;7;6;0;3;2;0
2020-09-09 09:48:59;93;24;23;6;8;7;6;0;3;2;0
2020-09-09 09:49:59;94;25;23;6;8;7;6;0;3;2;0
2020-09-09 09:50:58;94;25;23;6;8;7;6;0;3;2;0
2020-09-09 09:51:59;95;25;23;7;8;7;6;0;3;2;0
2020-09-09 09:52:59;95;25;23;7;8;7;6;0;3;2;0
2020-09-09 09:53:58;95;25;23;7;8;7;6;0;3;2;0
2020-09-09 09:54:59;96;26;23;7;8;7;6;0;3;2;0
2020-09-09 09:55:59;96;26;23;7;8;7;6;0;3;2;0
2020-09-09 09:56:58;96;26;23;7;8;7;6;0;3;2;0
2020-09-09 09:57:59;96;26;23;7;8;7;6;0;3;2;0
2020-09-09 09:58:59;96;26;23;7;8;7;6;0;3;2;0
2020-09-09 09:59:58;96;26;23;7;8;7;6;0;3;2;0
2020-09-09 10:00:59;96;26;23;7;8;7;6;0;3;2;0
2020-09-09 10:01:59;96;26;23;7;8;7;6;0;3;2;0
2020-09-09 10:02:58;96;26;23;7;8;7;6;0;3;2;0
2020-09-09 10:03:59;96;26;23;7;8;7;6;0;3;2;0
2020-09-09 10:04:59;96;26;23;7;8;7;6;0;3;2;0
2020-09-09 10:05:58;96;26;23;7;8;7;6;0;3;2;0
2020-09-09 10:06:59;98;27;23;7;8;7;6;0;3;2;0
2020-09-09 10:07:58;100;27;23;7;9;7;6;0;3;2;0
2020-09-09 10:08:59;100;27;23;7;9;7;6;0;3;2;0
2020-09-09 10:09:58;100;27;23;7;9;7;6;0;3;2;0
2020-09-09 10:10:59;100;27;23;7;9;7;6;0;3;2;0
2020-09-09 10:11:59;100;27;23;7;9;7;6;0;3;2;0
2020-09-09 10:12:59;100;27;23;7;9;7;6;0;3;2;0
2020-09-09 10:13:58;100;27;23;7;9;7;6;0;3;2;0
2020-09-09 10:14:59;101;27;23;7;10;7;6;0;3;2;0
2020-09-09 10:15:58;101;27;23;7;10;7;6;0;3;2;0
2020-09-09 10:16:59;101;27;23;7;10;7;6;0;3;2;0
2020-09-09 10:17:58;102;27;23;7;10;7;7;0;3;2;0
2020-09-09 10:18:59;101;27;23;7;10;7;6;0;3;2;0
2020-09-09 10:19:59;101;27;23;7;10;7;6;0;3;2;0
2020-09-09 10:20:59;105;28;24;7;10;8;7;0;3;2;0
2020-09-09 10:21:58;105;28;24;7;10;8;7;0;3;2;0
2020-09-09 10:22:59;105;28;24;7;10;8;7;0;3;2;0
2020-09-09 10:23:59;105;28;24;7;10;8;7;0;3;2;0
2020-09-09 10:24:58;105;28;24;7;10;8;7;0;3;2;0
2020-09-09 10:25:59;105;28;24;7;10;8;7;0;3;2;0
2020-09-09 10:26:59;107;28;24;7;11;8;7;0;3;2;0
2020-09-09 10:27:58;107;28;24;7;11;8;7;0;3;2;0
2020-09-09 10:28:59;107;28;24;7;11;8;7;0;3;2;0
2020-09-09 10:29:58;107;28;24;7;11;8;7;0;3;2;0
2020-09-09 10:30:59;108;28;24;8;11;8;7;0;3;2;0
2020-09-09 10:31:59;108;28;24;8;11;8;7;0;3;2;0
2020-09-09 10:32:58;108;28;24;8;11;8;7;0;3;2;0
2020-09-09 10:33:59;108;28;24;8;11;8;7;0;3;2;0
2020-09-09 10:34:59;108;28;24;8;11;8;7;0;3;2;0
2020-09-09 10:35:58;109;29;24;8;11;8;7;0;3;2;0
2020-09-09 10:36:59;110;29;24;8;12;8;7;0;3;2;0
2020-09-09 10:37:59;110;29;24;8;12;8;7;0;3;2;0
2020-09-09 10:38:58;110;29;24;8;12;8;7;0;3;2;0
2020-09-09 10:39:59;110;29;24;8;12;8;7;0;3;2;0
2020-09-09 10:40:58;110;29;24;8;12;8;7;0;3;2;0
2020-09-09 10:41:59;110;29;24;8;12;8;7;0;3;2;0
2020-09-09 10:42:59;110;29;24;8;12;8;7;0;3;2;0
2020-09-09 10:43:58;110;29;24;8;12;8;7;0;3;2;0
2020-09-09 10:44:59;110;29;24;8;12;8;7;0;3;2;0
2020-09-09 10:45:59;110;29;24;8;12;8;7;0;3;2;0
2020-09-09 10:46:58;110;29;24;8;12;8;7;0;3;2;0
2020-09-09 10:47:59;110;29;24;8;12;8;7;0;3;2;0
2020-09-09 10:48:59;110;29;24;8;12;8;7;0;3;2;0
2020-09-09 10:49:58;110;29;24;8;12;8;7;0;3;2;0
2020-09-09 10:50:59;110;29;24;8;12;8;7;0;3;2;0
2020-09-09 10:51:59;111;29;25;8;13;8;6;0;3;2;0
2020-09-09 10:52:58;111;29;25;8;13;8;6;0;3;2;0
2020-09-09 10:53:59;111;29;25;8;13;8;6;0;3;2;0
2020-09-09 10:54:59;113;30;25;8;14;8;6;0;3;2;0
2020-09-09 10:55:58;113;30;25;8;14;8;6;0;3;2;0
2020-09-09 10:56:59;114;30;25;8;15;8;6;0;3;2;0
2020-09-09 10:57:59;115;30;26;8;15;8;6;0;3;2;0
2020-09-09 10:58:58;115;30;26;8;15;8;6;0;3;2;0
2020-09-09 10:59:59;115;30;26;8;15;8;6;0;3;2;0
2020-09-09 11:00:59;115;30;26;8;15;8;6;0;3;2;0
2020-09-09 11:01:58;115;30;26;8;15;8;6;0;3;2;0
2020-09-09 11:02:59;115;30;26;8;15;8;6;0;3;2;0
2020-09-09 11:03:58;115;30;26;8;15;8;6;0;3;2;0
2020-09-09 11:04:59;116;30;26;8;15;8;6;0;4;2;0
2020-09-09 11:05:59;116;30;26;8;15;8;6;0;4;2;0
2020-09-09 11:06:58;116;30;26;8;15;8;6;0;4;2;0
2020-09-09 11:07:59;116;30;26;8;15;8;6;0;4;2;0
2020-09-09 11:08:59;116;30;26;8;15;8;6;0;4;2;0
2020-09-09 11:09:58;116;30;26;8;15;8;6;0;4;2;0
2020-09-09 11:10:59;117;30;26;9;15;8;6;0;4;2;0
2020-09-09 11:11:58;118;30;26;9;15;8;6;0;4;2;0
2020-09-09 11:12:59;118;30;26;9;15;8;6;0;4;2;0
2020-09-09 11:13:59;118;30;26;9;15;8;6;0;4;2;0
2020-09-09 11:14:58;118;30;26;9;15;8;6;0;4;2;0
2020-09-09 11:15:59;118;30;26;9;15;8;6;0;4;2;0
2020-09-09 11:16:59;118;30;26;9;15;8;6;0;4;2;0
2020-09-09 11:17:58;118;30;26;9;15;8;6;0;4;2;0
2020-09-09 11:18:59;118;30;26;9;15;8;6;0;4;2;0
2020-09-09 11:19:59;118;30;26;9;15;8;6;0;4;2;0
2020-09-09 11:20:58;118;30;26;9;15;8;6;0;4;2;0
2020-09-09 11:21:59;118;30;26;9;15;8;6;0;4;2;0
2020-09-09 11:22:59;118;30;26;9;15;8;6;0;4;2;0
2020-09-09 11:23:58;118;30;26;9;15;8;6;0;4;2;0
2020-09-09 11:24:59;119;30;27;9;15;8;6;0;4;2;0
2020-09-09 11:25:59;119;30;27;9;15;8;6;0;4;2;0
2020-09-09 11:26:58;119;30;27;9;15;8;6;0;4;2;0
2020-09-09 11:27:59;119;30;27;9;15;8;6;0;4;2;0
2020-09-09 11:28:58;119;30;27;9;15;8;6;0;4;2;0
2020-09-09 11:29:59;119;30;27;9;15;8;6;0;4;2;0
2020-09-09 11:30:59;119;30;27;9;15;8;6;0;4;2;0
2020-09-09 11:31:58;120;30;28;9;15;8;6;0;4;2;0
2020-09-09 11:32:59;120;30;28;9;15;8;6;0;4;2;0
2020-09-09 11:33:59;120;30;28;9;15;8;6;0;4;2;0
2020-09-09 11:34:58;120;30;28;9;15;8;6;0;4;2;0
2020-09-09 11:35:59;120;30;28;9;15;8;6;0;4;2;0
2020-09-09 11:36:58;121;30;28;9;15;8;6;0;4;2;0
2020-09-09 11:37:59;121;30;28;9;15;8;6;0;4;2;0
2020-09-09 11:38:59;121;30;28;9;15;8;6;0;4;2;0
2020-09-09 11:39:58;121;30;28;9;15;8;6;0;4;2;0
2020-09-09 11:40:59;121;30;28;9;15;8;6;0;4;2;0
2020-09-09 11:41:59;121;30;28;9;15;8;6;0;4;2;0
2020-09-09 11:42:58;121;30;28;9;15;8;6;0;4;2;0
2020-09-09 11:43:59;121;30;28;9;15;8;6;0;4;2;0
2020-09-09 11:44:59;121;30;28;9;15;8;6;0;4;2;0
2020-09-09 11:45:58;121;30;28;9;15;8;6;0;4;2;0
2020-09-09 11:46:59;122;31;28;9;15;8;6;0;4;2;0
2020-09-09 11:47:58;122;31;28;9;15;8;6;0;4;2;0
2020-09-09 11:48:59;122;31;28;9;15;8;6;0;4;2;0
2020-09-09 11:49:59;123;31;29;9;15;8;6;0;4;2;0
2020-09-09 11:50:59;125;31;30;9;15;8;6;0;4;3;0
2020-09-09 11:51:58;125;31;30;9;15;8;6;0;4;3;0
2020-09-09 11:52:59;126;31;30;9;15;8;6;0;4;3;0
2020-09-09 11:53:59;127;32;30;9;15;8;6;0;4;3;0
2020-09-09 11:54:58;127;32;30;9;15;8;6;0;4;3;0
2020-09-09 11:55:59;127;32;30;9;15;8;6;0;4;3;0
2020-09-09 11:56:59;127;32;30;9;15;8;6;0;4;3;0
2020-09-09 11:57:58;127;32;30;9;15;8;6;0;4;3;0
2020-09-09 11:58:59;128;32;30;9;15;8;6;0;4;3;0
2020-09-09 11:59:59;128;32;30;9;15;8;6;0;4;3;0
2020-09-09 12:00:58;128;32;30;9;15;8;6;0;4;3;0
2020-09-09 12:01:59;129;32;30;9;15;9;6;0;4;3;0
2020-09-09 12:02:59;129;32;30;9;15;9;6;0;4;3;0
2020-09-09 12:03:58;129;32;30;9;15;9;6;0;4;3;0
2020-09-09 12:04:59;129;32;30;9;15;9;6;0;4;3;0
2020-09-09 12:05:58;129;32;30;9;15;9;6;0;4;3;0
2020-09-09 12:06:59;129;32;30;9;15;9;6;0;4;3;0
2020-09-09 12:07:59;130;33;30;9;15;9;6;0;4;3;0
2020-09-09 12:08:58;130;33;30;9;15;9;6;0;4;3;0
2020-09-09 12:09:59;130;33;30;9;15;9;6;0;4;3;0
2020-09-09 12:10:59;130;33;30;9;15;9;6;0;4;3;0
2020-09-09 12:11:58;131;33;30;9;15;10;6;0;4;3;0
2020-09-09 12:12:59;131;33;30;9;15;10;6;0;4;3;0
2020-09-09 12:13:59;131;33;30;9;15;10;6;0;4;3;0
2020-09-09 12:14:58;131;33;30;9;15;10;6;0;4;3;0
2020-09-09 12:15:59;131;33;30;9;15;10;6;0;4;3;0
2020-09-09 12:16:59;131;33;30;9;15;10;6;0;4;3;0
2020-09-09 12:17:58;131;33;30;9;15;10;6;0;4;3;0
2020-09-09 12:18:59;131;33;30;9;15;10;6;0;4;3;0
2020-09-09 12:19:59;131;33;30;9;15;10;6;0;4;3;0
2020-09-09 12:20:58;131;33;30;9;15;10;6;0;4;3;0
2020-09-09 12:21:59;131;33;30;9;15;10;6;0;4;3;0
2020-09-09 12:22:59;131;33;30;9;15;10;6;0;4;3;0
2020-09-09 12:23:58;131;33;30;9;15;10;6;0;4;3;0
2020-09-09 12:24:59;131;33;30;9;15;10;6;0;4;3;0
2020-09-09 12:25:58;131;33;30;9;15;10;6;0;4;3;0
2020-09-09 12:26:59;131;33;30;9;15;10;6;0;4;3;0
2020-09-09 12:27:59;131;33;30;9;15;10;6;0;4;3;0
2020-09-09 12:28:58;132;34;30;9;15;10;6;0;4;3;0
2020-09-09 12:29:59;132;34;30;9;15;10;6;0;4;3;0
2020-09-09 12:30:58;132;34;30;9;15;10;6;0;4;3;0
2020-09-09 12:31:59;132;34;30;9;15;10;6;0;4;3;0
2020-09-09 12:32:59;132;34;30;9;15;10;6;0;4;3;0
2020-09-09 12:33:58;132;34;30;9;15;10;6;0;4;3;0
2020-09-09 12:34:59;132;34;30;9;15;10;6;0;4;3;0
2020-09-09 12:35:59;132;34;30;9;15;10;6;0;4;3;0
2020-09-09 12:36:58;132;34;30;9;15;10;6;0;4;3;0
2020-09-09 12:37:59;133;34;30;9;15;10;6;0;4;3;0
2020-09-09 12:38:59;133;34;30;9;15;10;6;0;4;3;0
2020-09-09 12:39:58;134;35;30;9;15;10;6;0;4;3;0
2020-09-09 12:40:59;134;35;30;9;15;10;6;0;4;3;0
2020-09-09 12:41:59;134;35;30;9;15;10;6;0;4;3;0
2020-09-09 12:42:58;135;35;31;9;15;10;6;0;4;3;0
2020-09-09 12:43:59;135;35;31;9;15;10;6;0;4;3;0
2020-09-09 12:44:59;135;35;31;9;15;10;6;0;4;3;0
2020-09-09 12:45:58;135;35;31;9;15;10;6;0;4;3;0
2020-09-09 12:46:59;135;35;31;9;15;10;6;0;4;3;0
2020-09-09 12:47:59;135;35;31;9;15;10;6;0;4;3;0
2020-09-09 12:48:58;137;36;31;10;15;10;6;0;4;3;0
2020-09-09 12:49:59;137;36;31;10;15;10;6;0;4;3;0
2020-09-09 12:50:59;137;36;31;10;15;10;6;0;4;3;0
2020-09-09 12:51:58;137;36;31;10;15;10;6;0;4;3;0
2020-09-09 12:52:59;139;36;33;10;15;10;6;0;4;3;0
2020-09-09 12:53:58;139;36;33;10;15;10;6;0;4;3;0
2020-09-09 12:54:59;139;36;33;10;15;10;6;0;4;3;0
2020-09-09 12:55:59;139;36;33;10;15;10;6;0;4;3;0
2020-09-09 12:56:58;139;36;33;10;15;10;6;0;4;3;0
2020-09-09 12:57:59;139;36;33;10;15;10;6;0;4;3;0
2020-09-09 12:59:00;140;36;34;10;15;10;6;0;4;3;0
2020-09-09 12:59:58;140;37;34;10;15;9;6;0;4;3;0
2020-09-09 13:00:59;140;37;34;10;15;9;6;0;4;3;0
2020-09-09 13:01:58;140;37;34;10;15;9;6;0;4;3;0
2020-09-09 13:02:59;140;37;34;10;15;9;6;0;4;3;0
2020-09-09 13:03:59;140;37;34;10;15;9;6;0;4;3;0
2020-09-09 13:04:58;142;38;34;10;15;9;7;0;4;3;0
2020-09-09 13:05:59;142;38;34;10;15;9;7;0;4;3;0
2020-09-09 13:06:58;143;38;34;10;15;9;7;0;4;3;0
2020-09-09 13:07:59;143;38;34;10;15;9;7;0;4;3;0
2020-09-09 13:08:59;143;38;34;10;15;9;7;0;4;3;0
2020-09-09 13:09:58;143;38;34;10;15;9;7;0;4;3;0
2020-09-09 13:10:59;143;38;34;10;15;9;7;0;4;3;0
2020-09-09 13:11:59;143;38;34;10;15;9;7;0;4;3;0
2020-09-09 13:12:58;143;38;34;10;15;9;7;0;4;3;0
2020-09-09 13:13:59;144;39;34;10;15;9;7;0;4;3;0
2020-09-09 13:14:59;144;39;34;10;15;9;7;0;4;3;0
2020-09-09 13:15:58;144;39;34;10;15;9;7;0;4;3;0
2020-09-09 13:16:59;144;39;34;10;15;9;7;0;4;3;0
2020-09-09 13:17:59;144;39;34;10;15;9;7;0;4;3;0
2020-09-09 13:18:58;144;39;34;10;15;9;7;0;4;3;0
2020-09-09 13:19:59;144;39;34;10;15;9;7;0;4;3;0
2020-09-09 13:20:59;144;39;34;10;15;9;7;0;4;3;0
2020-09-09 13:21:58;144;39;34;10;15;9;7;0;4;3;0
2020-09-09 13:22:59;144;39;34;10;15;9;7;0;4;3;0
2020-09-09 13:23:58;144;39;34;10;15;9;7;0;4;3;0
2020-09-09 13:24:59;145;39;35;10;15;9;7;0;4;3;0
2020-09-09 13:25:59;145;39;35;10;15;9;7;0;4;3;0
2020-09-09 13:26:59;145;39;35;10;15;9;7;0;4;3;0
2020-09-09 13:27:58;145;39;35;10;15;9;7;0;4;3;0
2020-09-09 13:28:59;145;39;35;10;15;9;7;0;4;3;0
2020-09-09 13:29:59;145;39;35;10;15;9;7;0;4;3;0
2020-09-09 13:30:58;145;39;35;10;15;9;7;0;4;3;0
2020-09-09 13:31:59;145;39;35;10;15;9;7;0;4;3;0
2020-09-09 13:32:59;145;39;35;10;15;9;7;0;4;3;0
2020-09-09 13:33:58;145;39;35;10;15;9;7;0;4;3;0
2020-09-09 13:34:59;145;39;35;10;15;9;7;0;4;3;0
2020-09-09 13:35:58;145;39;35;10;15;9;7;0;4;3;0
2020-09-09 13:36:59;145;39;35;10;15;9;7;0;4;3;0
2020-09-09 13:37:59;145;39;35;10;15;9;7;0;4;3;0
2020-09-09 13:38:58;145;39;35;10;15;9;7;0;4;3;0
2020-09-09 13:39:59;145;39;35;10;15;9;7;0;4;3;0
2020-09-09 13:41:00;145;39;35;10;15;9;7;0;4;3;0
2020-09-09 13:41:58;145;39;35;10;15;9;7;0;4;3;0
2020-09-09 13:42:59;145;39;35;10;15;9;7;0;4;3;0
2020-09-09 13:43:59;145;39;35;10;15;9;7;0;4;3;0
2020-09-09 13:44:58;145;39;35;10;15;9;7;0;4;3;0
2020-09-09 13:45:59;145;39;35;10;15;9;7;0;4;3;0
2020-09-09 13:46:58;145;39;35;10;15;9;7;0;4;3;0
2020-09-09 13:47:59;145;39;35;10;15;9;7;0;4;3;0
2020-09-09 13:48:59;145;39;35;10;15;9;7;0;4;3;0
2020-09-09 13:49:58;145;39;35;10;15;9;7;0;4;3;0
2020-09-09 13:50:59;145;39;35;10;15;9;7;0;4;3;0
2020-09-09 13:52:00;146;39;35;10;15;9;7;0;4;3;0
2020-09-09 13:52:58;146;39;35;10;15;9;7;0;4;3;0
2020-09-09 13:53:59;146;39;35;10;15;9;7;0;4;3;0
2020-09-09 13:54:58;146;39;35;10;15;9;7;0;4;3;0
2020-09-09 13:55:59;148;39;37;10;15;9;7;0;4;3;0
2020-09-09 13:56:59;148;39;37;10;15;9;7;0;4;3;0
2020-09-09 13:57:58;149;39;37;10;15;9;7;0;5;3;0
2020-09-09 13:58:59;149;39;37;10;15;9;7;0;5;3;0
2020-09-09 13:59:59;150;39;38;10;15;9;7;0;5;3;0
2020-09-09 14:00:58;150;39;38;10;15;9;7;0;5;3;0
2020-09-09 14:01:59;151;40;38;10;15;9;7;0;5;3;0
2020-09-09 14:02:58;151;40;38;10;15;9;7;0;5;3;0
2020-09-09 14:03:59;151;40;38;10;15;9;7;0;5;3;0
2020-09-09 14:04:59;151;40;38;10;15;9;7;0;5;3;0
2020-09-09 14:05:58;152;40;38;11;15;9;7;0;5;3;0
2020-09-09 14:06:59;152;40;38;11;15;9;7;0;5;3;0
2020-09-09 14:07:59;152;40;38;11;15;9;7;0;5;3;0
2020-09-09 14:08:58;152;40;38;11;15;9;7;0;5;3;0
2020-09-09 14:09:59;152;40;38;11;15;9;7;0;5;3;0
2020-09-09 14:10:59;152;40;38;11;15;9;7;0;5;3;0
2020-09-09 14:11:58;153;40;38;11;15;9;7;0;5;3;0
2020-09-09 14:12:59;154;40;38;12;15;9;7;0;5;3;0
2020-09-09 14:13:59;154;40;38;12;15;9;7;0;5;3;0
2020-09-09 14:14:58;155;40;38;12;15;9;7;0;5;3;0
2020-09-09 14:15:59;156;40;39;12;15;9;7;0;5;3;0
2020-09-09 14:16:59;156;40;39;12;15;9;7;0;5;3;0
2020-09-09 14:17:58;156;40;39;12;15;9;7;0;5;3;0
2020-09-09 14:18:59;156;40;39;12;15;9;7;0;5;3;0
2020-09-09 14:19:58;156;40;39;12;15;9;7;0;5;3;0
2020-09-09 14:20:59;157;41;39;12;15;9;7;0;5;3;0
2020-09-09 14:21:59;157;41;39;12;15;9;7;0;5;3;0
2020-09-09 14:22:58;159;42;40;12;15;9;7;0;5;3;0
2020-09-09 14:23:59;159;42;40;12;15;9;7;0;5;3;0
2020-09-09 14:25:00;159;42;40;12;15;9;7;0;5;3;0
2020-09-09 14:25:58;159;42;40;12;15;9;7;0;5;3;0
2020-09-09 14:26:59;161;43;40;12;16;9;7;0;5;3;0
2020-09-09 14:27:59;161;43;40;12;16;9;7;0;5;3;0
2020-09-09 14:28:58;161;43;40;12;16;9;7;0;5;3;0
2020-09-09 14:29:59;161;43;40;12;16;9;7;0;5;3;0
2020-09-09 14:30:58;161;43;40;12;16;9;7;0;5;3;0
2020-09-09 14:31:59;161;43;40;12;16;9;7;0;5;3;0
2020-09-09 14:32:59;161;43;40;12;16;9;7;0;5;3;0
2020-09-09 14:33:58;162;43;40;13;16;9;7;0;5;3;0
2020-09-09 14:34:59;162;43;40;13;16;9;7;0;5;3;0
2020-09-09 14:35:59;163;43;40;13;16;10;7;0;5;3;0
2020-09-09 14:36:58;163;43;40;13;16;10;7;0;5;3;0
2020-09-09 14:37:59;164;43;41;13;16;10;7;0;5;3;0
2020-09-09 14:38:59;165;43;41;13;17;10;7;0;5;3;0
2020-09-09 14:39:58;165;43;41;13;17;10;7;0;5;3;0
2020-09-09 14:40:59;166;43;41;13;18;10;7;0;5;3;0
2020-09-09 14:41:59;166;43;41;13;18;10;7;0;5;3;0
2020-09-09 14:42:58;166;43;41;13;18;10;7;0;5;3;0
2020-09-09 14:43:59;167;44;41;13;18;10;7;0;5;3;0
2020-09-09 14:44:59;167;44;41;13;18;10;7;0;5;3;0
2020-09-09 14:45:58;167;44;41;13;18;10;7;0;5;3;0
2020-09-09 14:46:59;167;44;41;13;18;10;7;0;5;3;0
2020-09-09 14:47:59;167;44;41;13;18;10;7;0;5;3;0
2020-09-09 14:48:58;167;44;41;13;18;10;7;0;5;3;0
2020-09-09 14:49:59;168;44;41;13;18;10;7;0;5;3;0
2020-09-09 14:50:59;168;44;41;13;18;10;7;0;5;3;0
2020-09-09 14:51:58;168;44;42;13;18;10;7;0;5;3;0
2020-09-09 14:52:59;168;44;42;13;18;10;7;0;5;3;0
2020-09-09 14:53:59;168;44;42;13;18;10;7;0;5;3;0
2020-09-09 14:54:58;168;44;42;13;18;10;7;0;5;3;0
2020-09-09 14:55:59;168;44;42;13;18;10;7;0;5;3;0
2020-09-09 14:56:59;170;45;42;14;18;10;7;0;5;3;0
2020-09-09 14:57:58;170;45;42;14;18;10;7;0;5;3;0
2020-09-09 14:58:59;170;45;42;14;18;10;7;0;5;3;0
2020-09-09 14:59:59;170;45;42;14;18;10;7;0;5;3;0
2020-09-09 15:00:58;170;45;42;14;18;10;7;0;5;3;0
2020-09-09 15:01:59;170;45;42;14;18;10;7;0;5;3;0
2020-09-09 15:03:00;171;46;42;14;18;10;7;0;5;3;0
2020-09-09 15:03:58;171;46;42;14;18;10;7;0;5;3;0
2020-09-09 15:04:59;171;46;42;14;18;10;7;0;5;3;0
2020-09-09 15:05:58;171;46;42;14;18;10;7;0;5;3;0
2020-09-09 15:06:59;171;46;42;14;18;10;7;0;5;3;0
2020-09-09 15:07:59;171;46;42;14;18;10;7;0;5;3;0
2020-09-09 15:08:58;171;46;42;14;18;10;7;0;5;3;0
2020-09-09 15:09:59;171;46;42;14;18;10;7;0;5;3;0
2020-09-09 15:11:00;171;46;42;14;18;10;7;0;5;3;0
2020-09-09 15:11:58;171;46;42;14;18;10;7;0;5;3;0
2020-09-09 15:12:59;171;46;42;14;18;10;7;0;5;3;0
2020-09-09 15:13:59;172;46;42;14;19;10;7;0;5;3;0
2020-09-09 15:14:58;172;46;42;14;19;10;7;0;5;3;0
2020-09-09 15:15:59;173;46;42;15;19;10;7;0;5;3;0
2020-09-09 15:16:59;173;46;42;15;19;10;7;0;5;3;0
2020-09-09 15:17:59;173;45;43;15;19;10;7;0;5;3;0
2020-09-09 15:18:59;173;45;43;15;19;10;7;0;5;3;0
2020-09-09 15:19:58;173;45;43;15;19;10;7;0;5;3;0
2020-09-09 15:20:59;173;45;43;15;19;10;7;0;5;3;0
2020-09-09 15:21:59;174;45;44;15;19;10;7;0;5;3;0
2020-09-09 15:22:58;175;46;44;15;19;10;7;0;5;3;0
2020-09-09 15:23:59;175;46;44;15;19;10;7;0;5;3;0
2020-09-09 15:24:59;175;46;44;15;19;10;7;0;5;3;0
2020-09-09 15:25:58;175;46;44;15;19;10;7;0;5;3;0
2020-09-09 15:26:59;175;46;44;15;19;10;7;0;5;3;0
2020-09-09 15:28:00;175;46;44;15;19;10;7;0;5;3;0
2020-09-09 15:28:58;175;46;44;15;19;10;7;0;5;3;0
2020-09-09 15:29:59;175;46;44;15;19;10;7;0;5;3;0
2020-09-09 15:30:59;175;46;44;15;19;10;7;0;5;3;0
2020-09-09 15:31:59;175;46;44;15;19;10;7;0;5;3;0
2020-09-09 15:32:59;175;46;44;15;19;10;7;0;5;3;0
2020-09-09 15:33:58;176;46;45;15;19;10;7;0;5;3;0
2020-09-09 15:34:59;176;46;45;15;19;10;7;0;5;3;0
2020-09-09 15:35:59;176;46;45;15;19;10;7;0;5;3;0
2020-09-09 15:36:58;176;46;45;15;19;10;7;0;5;3;0
2020-09-09 15:37:59;176;46;45;15;19;10;7;0;5;3;0
2020-09-09 15:38:59;176;46;45;15;19;10;7;0;5;3;0
2020-09-09 15:39:58;177;46;45;15;19;10;8;0;5;3;0
2020-09-09 15:40:59;177;46;45;15;19;10;8;0;5;3;0
2020-09-09 15:41:59;177;46;45;15;19;10;8;0;5;3;0
2020-09-09 15:42:58;177;46;45;15;19;10;8;0;5;3;0
2020-09-09 15:43:59;177;46;45;15;19;10;8;0;5;3;0
2020-09-09 15:44:58;179;46;45;15;19;10;8;2;5;3;0
2020-09-09 15:45:59;179;46;45;15;19;10;8;2;5;3;0
2020-09-09 15:46:58;179;46;45;15;19;10;8;2;5;3;0
2020-09-09 15:47:59;179;46;45;15;19;10;8;2;5;3;0
2020-09-09 15:48:59;179;46;45;15;19;10;8;2;5;3;0
2020-09-09 15:50:00;179;46;45;15;19;10;8;2;5;3;0
2020-09-09 15:50:58;179;46;45;15;19;10;8;2;5;3;0
2020-09-09 15:51:59;179;46;45;15;19;10;8;2;5;3;0
2020-09-09 15:52:59;179;46;45;15;19;10;8;2;5;3;0
2020-09-09 15:53:58;179;46;45;15;19;10;8;2;5;3;0
2020-09-09 15:54:59;179;46;45;15;19;10;8;2;5;3;0
2020-09-09 15:55:59;179;46;45;15;19;10;8;2;5;3;0
2020-09-09 15:56:58;179;46;45;15;19;10;8;2;5;3;0
2020-09-09 15:57:59;180;46;45;15;19;11;8;2;5;3;0
2020-09-09 15:58:58;180;46;45;15;19;11;8;2;5;3;0
2020-09-09 15:59:59;180;46;45;15;19;11;8;2;5;3;0
2020-09-09 16:00:59;180;46;45;15;19;11;8;2;5;3;0
2020-09-09 16:01:58;180;46;45;15;19;11;8;2;5;3;0
2020-09-09 16:02:59;180;46;45;15;19;11;8;2;5;3;0
2020-09-09 16:03:59;180;46;45;15;19;11;8;2;5;3;0
2020-09-09 16:04:59;180;46;45;15;19;11;8;2;5;3;0
2020-09-09 16:05:58;180;46;45;15;19;11;8;2;5;3;0
2020-09-09 16:06:59;180;46;45;15;19;11;8;2;5;3;0
2020-09-09 16:07:58;180;46;45;15;19;11;8;2;5;3;0
2020-09-09 16:08:59;181;47;45;15;19;11;8;2;5;3;0
2020-09-09 16:09:59;181;47;45;15;19;11;8;2;5;3;0
2020-09-09 16:10:58;182;47;46;15;19;11;8;2;5;3;0
2020-09-09 16:11:59;182;47;46;15;19;11;8;2;5;3;0
2020-09-09 16:12:58;182;47;46;15;19;11;8;2;5;3;0
2020-09-09 16:13:59;182;47;46;15;19;11;8;2;5;3;0
2020-09-09 16:14:59;182;47;46;15;19;11;8;2;5;3;0
2020-09-09 16:15:58;182;47;46;15;19;11;8;2;5;3;0
2020-09-09 16:16:59;182;47;46;15;19;11;8;2;5;3;0
2020-09-09 16:17:59;182;47;46;15;19;11;8;2;5;3;0
2020-09-09 16:19:00;182;47;46;15;19;11;8;2;5;3;0
2020-09-09 16:19:58;182;47;46;15;19;11;8;2;5;3;0
2020-09-09 16:20:59;182;47;46;15;19;11;8;2;5;3;0
2020-09-09 16:21:58;182;47;46;15;19;11;8;2;5;3;0
2020-09-09 16:22:59;183;47;46;15;19;11;8;2;5;3;0
2020-09-09 16:23:59;183;47;46;15;19;11;8;2;5;3;0
2020-09-09 16:24:58;183;47;46;16;19;11;8;2;5;3;0
2020-09-09 16:25:59;183;47;46;16;19;11;8;2;5;3;0
2020-09-09 16:26:59;184;47;46;16;19;11;8;3;5;3;0
2020-09-09 16:27:58;184;47;46;16;19;11;8;3;5;3;0
2020-09-09 16:28:59;184;47;46;16;19;11;8;3;5;3;0
2020-09-09 16:29:59;185;47;46;16;19;12;8;3;5;3;0
2020-09-09 16:30:58;186;47;47;16;19;12;8;3;5;3;0
2020-09-09 16:31:59;186;47;47;16;19;12;8;3;5;3;0
2020-09-09 16:32:59;186;47;47;16;19;12;8;3;5;3;0
2020-09-09 16:33:58;186;47;47;16;19;12;8;3;5;3;0
2020-09-09 16:34:59;186;47;47;16;19;12;8;3;5;3;0
2020-09-09 16:35:59;186;47;47;16;19;12;8;3;5;3;0
2020-09-09 16:36:58;186;47;47;16;19;12;8;3;5;3;0
2020-09-09 16:37:59;186;47;47;16;19;12;8;3;5;3;0
2020-09-09 16:38:59;186;47;47;16;19;12;8;3;5;3;0
2020-09-09 16:39:58;186;47;47;16;19;12;8;3;5;3;0
2020-09-09 16:40:59;186;47;47;16;19;12;8;3;5;3;0
2020-09-09 16:41:58;186;47;47;16;19;12;8;3;5;3;0
2020-09-09 16:42:59;186;47;47;16;19;12;8;3;5;3;0
2020-09-09 16:43:58;186;47;47;16;19;12;8;3;5;3;0
2020-09-09 16:44:59;186;47;47;16;19;12;8;3;5;3;0
2020-09-09 16:45:59;186;47;47;16;19;12;8;3;5;3;0
2020-09-09 16:46:58;186;47;47;16;19;12;8;3;5;3;0
2020-09-09 16:47:59;186;47;47;16;19;12;8;3;5;3;0
2020-09-09 16:48:58;186;47;47;16;19;12;8;3;5;3;0
2020-09-09 16:49:59;186;47;47;16;19;12;8;3;5;3;0
2020-09-09 16:50:59;186;47;47;16;19;12;8;3;5;3;0
2020-09-09 16:51:58;186;47;47;16;19;12;8;3;5;3;0
2020-09-09 16:52:59;186;47;47;16;19;12;8;3;5;3;0
2020-09-09 16:53:59;186;47;47;16;19;12;8;3;5;3;0
2020-09-09 16:54:58;186;47;47;16;19;12;8;3;5;3;0
2020-09-09 16:55:59;186;47;47;16;19;12;8;3;5;3;0
2020-09-09 16:56:59;187;48;47;16;19;12;8;3;5;3;0
2020-09-09 16:57:58;187;48;47;16;19;12;8;3;5;3;0
2020-09-09 16:58:59;187;48;47;16;19;12;8;3;5;3;0
2020-09-09 16:59:59;189;50;47;16;19;12;8;3;5;3;0
2020-09-09 17:00:58;190;50;47;17;19;12;8;3;5;3;0
2020-09-09 17:01:59;190;50;47;17;19;12;8;3;5;3;0
2020-09-09 17:02:58;190;50;47;17;19;12;8;3;5;3;0
2020-09-09 17:03:59;190;50;47;17;19;12;8;3;5;3;0
2020-09-09 17:04:59;190;50;47;17;19;12;8;3;5;3;0
2020-09-09 17:05:58;190;50;47;17;19;12;8;3;5;3;0
2020-09-09 17:06:59;190;50;47;17;19;12;8;3;5;3;0
2020-09-09 17:07:59;190;50;47;17;19;12;8;3;5;3;0
2020-09-09 17:08:58;190;50;47;17;19;12;8;3;5;3;0
2020-09-09 17:09:59;190;50;47;17;19;12;8;3;5;3;0
2020-09-09 17:10:58;190;50;47;17;19;12;8;3;5;3;0
2020-09-09 17:11:59;190;50;47;17;19;12;8;3;5;3;0
2020-09-09 17:12:59;190;50;47;17;19;12;8;3;5;3;0
2020-09-09 17:13:58;190;50;47;17;19;12;8;3;5;3;0
2020-09-09 17:14:59;190;50;47;17;19;12;8;3;5;3;0
2020-09-09 17:15:59;191;51;47;17;19;12;8;3;5;3;0
2020-09-09 17:16:58;191;51;47;17;19;12;8;3;5;3;0
2020-09-09 17:17:59;191;51;47;17;19;12;8;3;5;3;0
2020-09-09 17:18:58;191;51;47;17;19;12;8;3;5;3;0
2020-09-09 17:19:59;191;51;47;17;19;12;8;3;5;3;0
2020-09-09 17:20:59;191;51;47;17;19;12;8;3;5;3;0
2020-09-09 17:21:58;191;51;47;17;19;12;8;3;5;3;0
2020-09-09 17:22:59;191;51;47;17;19;12;8;3;5;3;0
2020-09-09 17:23:59;191;51;47;17;19;12;8;3;5;3;0
2020-09-09 17:24:58;191;51;47;17;19;12;8;3;5;3;0
2020-09-09 17:25:59;191;51;47;17;19;12;8;3;5;3;0
2020-09-09 17:27:00;191;51;47;17;19;12;8;3;5;3;0
2020-09-09 17:27:58;191;51;47;17;19;12;8;3;5;3;0
2020-09-09 17:28:59;193;51;48;18;19;12;8;3;5;3;0
2020-09-09 17:29:58;194;52;48;18;19;12;8;3;5;3;0
2020-09-09 17:30:59;194;52;48;18;19;12;8;3;5;3;0
2020-09-09 17:31:59;194;52;48;18;19;12;8;3;5;3;0
2020-09-09 17:32:58;194;52;48;18;19;12;8;3;5;3;0
2020-09-09 17:33:59;194;52;48;18;19;12;8;3;5;3;0
2020-09-09 17:34:59;194;52;48;18;19;12;8;3;5;3;0
2020-09-09 17:35:59;194;52;48;18;19;12;8;3;5;3;0
2020-09-09 17:36:59;194;52;48;18;19;12;8;3;5;3;0
2020-09-09 17:37:58;194;52;48;18;19;12;8;3;5;3;0
2020-09-09 17:38:59;194;52;48;18;19;12;8;3;5;3;0
2020-09-09 17:39:58;194;52;48;18;19;12;8;3;5;3;0
2020-09-09 17:40:59;194;52;48;18;19;12;8;3;5;3;0
2020-09-09 17:41:59;194;52;48;18;19;12;8;3;5;3;0
2020-09-09 17:42:58;194;52;48;18;19;12;8;3;5;3;0
2020-09-09 17:43:59;194;52;48;18;19;12;8;3;5;3;0
2020-09-09 17:44:58;194;52;48;18;19;12;8;3;5;3;0
2020-09-09 17:45:59;194;52;48;18;19;12;8;3;5;3;0
2020-09-09 17:46:59;194;52;48;18;19;12;8;3;5;3;0
2020-09-09 17:47:58;194;52;48;18;19;12;8;3;5;3;0
2020-09-09 17:48:59;195;52;49;18;19;12;8;3;5;3;0
2020-09-09 17:49:59;196;52;50;18;19;12;8;3;5;3;0
2020-09-09 17:50:58;196;52;50;18;19;12;8;3;5;3;0
2020-09-09 17:51:59;196;52;50;18;19;12;8;3;5;3;0
2020-09-09 17:52:59;197;52;50;18;19;12;8;4;5;3;0
2020-09-09 17:53:58;198;53;50;18;19;12;8;4;5;3;0
2020-09-09 17:54:59;198;53;50;18;19;12;8;4;5;3;0
2020-09-09 17:56:00;198;53;50;18;19;12;8;4;5;3;0
2020-09-09 17:56:58;199;53;50;18;19;12;8;4;5;4;0
2020-09-09 17:57:59;199;53;50;18;19;12;8;4;5;4;0
2020-09-09 17:58:58;199;53;50;18;19;12;8;4;5;4;0
2020-09-09 17:59:59;200;53;51;18;19;12;8;4;5;4;0
2020-09-09 18:00:59;200;53;51;18;19;12;8;4;5;4;0
2020-09-09 18:02:00;200;53;51;18;19;12;8;4;5;4;0
2020-09-09 18:02:58;200;53;51;18;19;12;8;4;5;4;0
2020-09-09 18:03:59;201;53;52;18;19;12;8;4;5;4;0
2020-09-09 18:05:00;201;53;52;18;19;12;8;4;5;4;0
2020-09-09 18:05:58;201;53;52;18;19;12;8;4;5;4;0
2020-09-09 18:06:59;201;53;52;18;19;12;8;4;5;4;0
2020-09-09 18:07:59;201;53;52;18;19;12;8;4;5;4;0
2020-09-09 18:08:58;201;53;52;18;19;12;8;4;5;4;0
2020-09-09 18:09:59;201;53;52;18;19;12;8;4;5;4;0
2020-09-09 18:10:59;202;53;53;18;19;12;8;4;5;4;0
2020-09-09 18:11:58;202;53;53;18;19;12;8;4;5;4;0
2020-09-09 18:12:59;202;53;53;18;19;12;8;4;5;4;0
2020-09-09 18:13:59;202;53;53;18;19;12;8;4;5;4;0
2020-09-09 18:14:58;202;53;53;18;19;12;8;4;5;4;0
2020-09-09 18:15:59;202;53;53;18;19;12;8;4;5;4;0
2020-09-09 18:16:58;202;53;53;18;19;12;8;4;5;4;0
2020-09-09 18:17:59;202;53;53;18;19;12;8;4;5;4;0
2020-09-09 18:18:59;202;53;53;18;19;12;8;4;5;4;0
2020-09-09 18:19:58;202;53;53;18;19;12;8;4;5;4;0
2020-09-09 18:20:59;202;53;53;18;19;12;8;4;5;4;0
2020-09-09 18:21:58;202;53;53;18;19;12;8;4;5;4;0
2020-09-09 18:22:59;203;54;53;18;19;12;8;4;5;4;0
2020-09-09 18:23:59;203;54;53;18;19;12;8;4;5;4;0
2020-09-09 18:24:58;204;55;54;18;19;11;8;4;5;4;0
2020-09-09 18:25:59;204;55;54;18;19;11;8;4;5;4;0
2020-09-09 18:26:59;204;55;54;18;19;11;8;4;5;4;0
2020-09-09 18:27:58;205;55;54;18;19;11;8;4;5;5;0
2020-09-09 18:28:59;206;55;54;18;19;12;8;4;5;5;0
2020-09-09 18:29:59;208;55;54;19;19;13;8;4;5;5;0
2020-09-09 18:30:58;208;55;54;19;19;13;8;4;5;5;0
2020-09-09 18:31:59;208;55;54;19;19;13;8;4;5;5;0
2020-09-09 18:32:59;209;56;54;19;19;13;8;4;5;5;0
2020-09-09 18:33:58;209;56;54;19;19;13;8;4;5;5;0
2020-09-09 18:34:59;209;56;54;19;19;13;8;4;5;5;0
2020-09-09 18:35:59;210;56;55;19;19;13;8;4;5;5;0
2020-09-09 18:36:58;210;56;55;19;19;13;8;4;5;5;0
2020-09-09 18:37:59;210;56;55;19;19;13;8;4;5;5;0
2020-09-09 18:38:58;210;56;55;19;19;13;8;4;5;5;0
2020-09-09 18:39:59;210;56;55;19;19;13;8;4;5;5;0
2020-09-09 18:40:59;210;56;55;19;19;13;8;4;5;5;0
2020-09-09 18:41:58;211;56;55;20;19;13;8;4;5;5;0
2020-09-09 18:42:59;211;56;55;20;19;13;8;4;5;5;0
2020-09-09 18:43:59;212;56;56;20;19;13;8;4;5;5;0
2020-09-09 18:44:58;212;56;56;20;19;13;8;4;5;5;0
2020-09-09 18:45:59;213;57;56;20;19;13;8;4;5;5;0
2020-09-09 18:46:59;214;57;56;20;19;13;8;5;5;5;0
2020-09-09 18:47:58;214;57;56;20;19;13;8;5;5;5;0
2020-09-09 18:48:59;214;57;56;20;19;13;8;5;5;5;0
2020-09-09 18:49:58;215;57;56;20;19;14;8;5;5;5;0
2020-09-09 18:50:59;215;57;56;20;19;14;8;5;5;5;0
2020-09-09 18:51:58;216;57;56;20;19;14;8;5;5;5;0
2020-09-09 18:52:59;216;57;56;20;19;14;8;5;5;5;0
2020-09-09 18:53:59;216;57;56;20;19;14;8;5;5;5;0
2020-09-09 18:54:58;216;57;56;20;19;14;8;5;5;5;0
2020-09-09 18:55:59;216;57;56;20;19;14;8;5;5;5;0
2020-09-09 18:56:59;216;57;56;20;19;14;8;5;5;5;0
2020-09-09 18:57:58;216;57;56;20;19;14;8;5;5;5;0
2020-09-09 18:58:59;216;57;56;20;19;14;8;5;5;5;0
2020-09-09 18:59:59;216;57;56;20;19;14;8;5;5;5;0
2020-09-09 19:00:58;217;57;56;21;19;14;8;5;5;5;0
2020-09-09 19:01:59;218;58;56;21;19;14;8;5;5;5;0
2020-09-09 19:03:00;218;58;56;21;19;14;8;5;5;5;0
2020-09-09 19:03:58;219;58;56;21;19;15;8;5;5;5;0
2020-09-09 19:04:59;220;58;56;22;19;15;8;5;5;5;0
2020-09-09 19:05:58;220;58;56;22;19;15;8;5;5;5;0
2020-09-09 19:06:59;220;58;56;22;19;15;8;5;5;5;0
2020-09-09 19:07:59;221;58;56;22;19;16;8;5;5;5;0
2020-09-09 19:09:00;221;58;56;22;19;16;8;5;5;5;0
2020-09-09 19:09:58;222;58;56;22;19;16;8;5;5;5;0
2020-09-09 19:10:59;222;58;56;22;19;16;8;5;5;5;0
2020-09-09 19:11:58;222;58;56;22;19;16;8;5;5;5;0
2020-09-09 19:12:59;222;58;56;22;19;16;8;5;5;5;0
2020-09-09 19:13:58;222;58;56;22;19;16;8;5;5;5;0
2020-09-09 19:14:59;222;58;56;22;19;16;8;5;5;5;0
2020-09-09 19:15:59;222;58;56;22;19;16;8;5;5;5;0
2020-09-09 19:16:58;222;58;56;22;19;16;8;5;5;5;0
2020-09-09 19:17:59;222;58;56;22;19;16;8;5;5;5;0
2020-09-09 19:18:58;222;58;56;22;19;16;8;5;5;5;0
2020-09-09 19:19:59;222;58;56;22;19;16;8;5;5;5;0
2020-09-09 19:20:59;222;58;56;22;19;16;8;5;5;5;0
2020-09-09 19:22:00;222;58;56;22;19;16;8;5;5;5;0
2020-09-09 19:22:58;222;58;56;22;19;16;8;5;5;5;0
2020-09-09 19:23:59;222;58;56;22;19;16;8;5;5;5;0
2020-09-09 19:24:59;222;58;56;22;19;16;8;5;5;5;0
2020-09-09 19:25:58;222;58;56;22;19;16;8;5;5;5;0
2020-09-09 19:26:59;222;58;56;22;19;16;8;5;5;5;0
2020-09-09 19:27:58;222;58;56;22;19;16;8;5;5;5;0
2020-09-09 19:28:59;222;58;56;22;19;16;8;5;5;5;0
2020-09-09 19:29:58;222;58;56;22;19;16;8;5;5;5;0
2020-09-09 19:30:59;223;58;57;22;19;16;8;5;5;5;0
2020-09-09 19:31:59;223;58;57;22;19;16;8;5;5;5;0
2020-09-09 19:32:58;223;58;57;22;19;16;8;5;5;5;0
2020-09-09 19:33:59;223;58;57;22;19;16;8;5;5;5;0
2020-09-09 19:34:59;223;58;57;22;19;16;8;5;5;5;0
2020-09-09 19:35:58;223;58;57;22;19;16;8;5;5;5;0
2020-09-09 19:36:59;223;58;57;22;19;16;8;5;5;5;0
2020-09-09 19:37:59;223;58;57;22;19;16;8;5;5;5;0
2020-09-09 19:38:58;223;58;57;22;19;16;8;5;5;5;0
2020-09-09 19:39:59;223;58;58;22;19;16;8;5;5;5;0
2020-09-09 19:40:59;223;58;58;22;19;16;8;5;5;5;0
2020-09-09 19:41:58;223;58;58;22;19;16;8;5;5;5;0
2020-09-09 19:42:59;223;58;58;22;19;16;8;5;5;5;0
2020-09-09 19:43:58;223;58;58;22;19;16;8;5;5;5;0
2020-09-09 19:44:59;223;58;58;22;19;16;8;5;5;5;0
2020-09-09 19:45:59;223;58;58;22;19;16;8;5;5;5;0
2020-09-09 19:46:59;223;58;58;22;19;16;8;5;5;5;0
2020-09-09 19:47:58;223;58;58;22;19;16;8;5;5;5;0
2020-09-09 19:48:59;224;58;58;23;19;16;8;5;5;5;0
2020-09-09 19:49:59;224;58;58;23;19;16;8;5;5;5;0
2020-09-09 19:50:58;224;58;58;23;19;16;8;5;5;5;0
2020-09-09 19:51:59;224;58;58;23;19;16;8;5;5;5;0
2020-09-09 19:52:59;224;58;58;23;19;16;8;5;5;5;0
2020-09-09 19:53:58;224;59;58;23;19;15;8;5;5;5;0
2020-09-09 19:54:59;224;59;58;23;19;15;8;5;5;5;0
2020-09-09 19:55:59;225;59;58;23;19;15;8;5;5;6;0
2020-09-09 19:56:58;225;59;58;23;19;15;8;5;5;6;0
2020-09-09 19:57:59;225;59;58;23;19;15;8;5;5;6;0
2020-09-09 19:58:58;226;59;59;23;19;15;8;5;5;6;0
2020-09-09 19:59:59;226;59;59;23;19;15;8;5;5;6;0
2020-09-09 20:00:58;226;59;59;23;19;15;8;5;5;6;0
2020-09-09 20:01:59;226;59;59;23;19;15;8;5;5;6;0
2020-09-09 20:02:59;226;59;59;23;19;15;8;5;5;6;0
2020-09-09 20:03:58;226;59;59;23;19;15;8;5;5;6;0
2020-09-09 20:04:59;226;59;59;23;19;15;8;5;5;6;0
2020-09-09 20:05:59;226;59;59;23;19;15;8;5;5;6;0
2020-09-09 20:06:58;226;59;59;23;19;15;8;5;5;6;0
2020-09-09 20:07:59;226;59;59;23;19;15;8;5;5;6;0
2020-09-09 20:08:59;226;59;59;23;19;15;8;5;5;6;0
2020-09-09 20:09:58;227;59;60;23;19;15;8;5;5;6;0
2020-09-09 20:10:59;228;59;61;23;19;15;8;5;5;6;0
2020-09-09 20:12:00;228;59;61;23;19;15;8;5;5;6;0
2020-09-09 20:12:58;228;59;61;23;19;15;8;5;5;6;0
2020-09-09 20:13:59;228;59;61;23;19;15;8;5;5;6;0
2020-09-09 20:14:59;228;59;61;23;19;15;8;5;5;6;0
2020-09-09 20:15:58;228;59;61;23;19;15;8;5;5;6;0
2020-09-09 20:16:59;228;59;61;23;19;15;8;5;5;6;0
2020-09-09 20:17:59;228;59;61;23;19;15;8;5;5;6;0
2020-09-09 20:18:58;228;59;61;23;19;15;8;5;5;6;0
2020-09-09 20:19:59;228;60;60;23;19;15;8;5;5;6;0
2020-09-09 20:20:58;229;60;60;23;19;15;9;5;5;6;0
2020-09-09 20:21:59;229;60;61;23;19;15;8;5;5;6;0
2020-09-09 20:22:59;229;60;61;23;19;15;8;5;5;6;0
2020-09-09 20:23:58;229;60;61;23;19;15;8;5;5;6;0
2020-09-09 20:24:59;229;60;61;23;19;15;8;5;5;6;0
2020-09-09 20:25:59;229;60;61;23;19;15;8;5;5;6;0
2020-09-09 20:26:58;229;60;61;23;19;15;8;5;5;6;0
2020-09-09 20:27:59;229;60;61;23;19;15;8;5;5;6;0
2020-09-09 20:28:59;229;60;61;23;19;15;8;5;5;6;0
2020-09-09 20:29:58;230;61;61;23;19;15;8;5;5;6;0
2020-09-09 20:30:59;230;61;61;23;19;15;8;5;5;6;0
2020-09-09 20:31:59;231;62;61;23;19;15;8;5;5;6;0
2020-09-09 20:32:58;232;62;62;23;19;15;8;5;5;6;0
2020-09-09 20:33:59;232;62;62;23;19;15;8;5;5;6;0
2020-09-09 20:34:59;232;62;62;23;19;15;8;5;5;6;0
2020-09-09 20:35:58;232;62;62;23;19;15;8;5;5;6;0
2020-09-09 20:36:59;232;62;62;23;19;15;8;5;5;6;0
2020-09-09 20:37:59;232;62;62;23;19;15;8;5;5;6;0
2020-09-09 20:38:58;232;62;62;23;19;15;8;5;5;6;0
2020-09-09 20:39:59;232;62;62;23;19;15;8;5;5;6;0
2020-09-09 20:40:59;232;62;62;23;19;15;8;5;5;6;0
2020-09-09 20:41:58;232;62;62;23;19;15;8;5;5;6;0
2020-09-09 20:42:59;232;62;62;23;19;15;8;5;5;6;0
2020-09-09 20:43:59;232;62;62;23;19;15;8;5;5;6;0
2020-09-09 20:44:58;232;62;62;23;19;15;8;5;5;6;0
2020-09-09 20:45:59;232;62;62;23;19;15;8;5;5;6;0
2020-09-09 20:47:00;232;62;62;23;19;15;8;5;5;6;0
2020-09-09 20:47:58;232;62;62;23;19;15;8;5;5;6;0
2020-09-09 20:48:59;232;62;62;23;19;15;8;5;5;6;0
2020-09-09 20:50:00;232;62;62;23;19;15;8;5;5;6;0
2020-09-09 20:50:58;232;62;62;23;19;15;8;5;5;6;0
2020-09-09 20:51:59;232;62;62;23;19;15;8;5;5;6;0
2020-09-09 20:53:00;232;62;62;23;19;15;8;5;5;6;0
2020-09-09 20:53:58;233;62;63;23;19;15;8;5;5;6;0
2020-09-09 20:54:59;233;63;62;24;19;15;7;5;5;6;0
2020-09-09 20:55:59;233;63;62;24;19;15;7;5;5;6;0
2020-09-09 20:56:58;233;63;62;24;19;15;7;5;5;6;0
2020-09-09 20:57:59;233;63;62;24;19;15;7;5;5;6;0
2020-09-09 20:58:59;233;63;62;24;19;15;7;5;5;6;0
2020-09-09 20:59:58;234;63;63;24;19;15;7;5;5;6;0
2020-09-09 21:00:59;234;63;63;24;19;15;7;5;5;6;0
2020-09-09 21:01:59;233;63;62;24;19;15;7;5;5;6;0
2020-09-09 21:02:58;233;63;62;24;19;15;7;5;5;6;0
2020-09-09 21:03:59;233;63;62;24;19;15;7;5;5;6;0
2020-09-09 21:04:59;233;63;62;24;19;15;7;5;5;6;0
2020-09-09 21:05:58;233;63;62;24;19;15;7;5;5;6;0
2020-09-09 21:06:59;233;63;62;24;19;15;7;5;5;6;0
2020-09-09 21:07:58;233;63;62;24;19;15;7;5;5;6;0
2020-09-09 21:08:59;233;63;62;24;19;15;7;5;5;6;0
2020-09-09 21:09:59;233;63;62;24;19;15;7;5;5;6;0
2020-09-09 21:10:58;233;63;62;24;19;15;7;5;5;6;0
2020-09-09 21:11:59;233;63;62;24;19;15;7;5;5;6;0
2020-09-09 21:12:59;233;63;62;24;19;15;7;5;5;6;0
2020-09-09 21:13:58;234;64;62;24;19;15;7;5;5;6;0
2020-09-09 21:14:59;235;65;62;24;19;15;7;5;5;6;0
2020-09-09 21:15:58;236;65;63;24;19;15;7;5;5;6;0
2020-09-09 21:16:59;236;65;63;24;19;15;7;5;5;6;0
2020-09-09 21:17:59;236;65;63;25;19;15;7;5;5;5;0
2020-09-09 21:18:58;236;65;63;25;19;15;7;5;5;5;0
2020-09-09 21:19:59;236;65;63;25;19;15;7;5;5;5;0
2020-09-09 21:20:58;236;65;63;25;19;15;7;5;5;5;0
2020-09-09 21:21:59;237;66;63;25;19;15;7;5;5;5;0
2020-09-09 21:22:59;237;66;63;25;19;15;7;5;5;5;0
2020-09-09 21:23:58;236;66;62;25;19;15;7;5;5;5;0
2020-09-09 21:24:59;237;66;63;25;19;15;7;5;5;5;0
2020-09-09 21:25:59;237;66;63;25;19;15;7;5;5;5;0
2020-09-09 21:26:58;237;66;63;25;19;15;7;5;5;5;0
2020-09-09 21:27:59;239;68;63;25;19;15;7;5;5;5;0
2020-09-09 21:28:58;241;69;64;25;19;15;7;5;5;5;0
2020-09-09 21:29:59;242;69;65;25;19;15;7;5;5;5;0
2020-09-09 21:30:59;242;69;65;25;19;15;7;5;5;5;0
2020-09-09 21:31:59;243;70;65;25;19;15;7;5;5;5;0
2020-09-09 21:32:58;243;70;65;25;19;15;7;5;5;5;0
2020-09-09 21:33:59;243;70;65;25;19;15;7;5;5;5;0
2020-09-09 21:34:59;244;71;65;25;19;15;7;5;5;5;0
2020-09-09 21:35:58;244;71;65;25;19;15;7;5;5;5;0
2020-09-09 21:36:59;245;71;65;26;19;15;7;5;5;5;0
2020-09-09 21:37:59;245;71;65;26;19;15;7;5;5;5;0
2020-09-09 21:38:58;245;71;65;26;19;15;7;5;5;5;0
2020-09-09 21:39:59;245;71;65;26;19;15;7;5;5;5;0
2020-09-09 21:40:59;245;71;65;26;19;15;7;5;5;5;0
2020-09-09 21:41:58;245;71;65;26;19;15;7;5;5;5;0
2020-09-09 21:42:59;245;71;65;26;19;15;7;5;5;5;0
2020-09-09 21:43:59;246;72;65;26;19;15;7;5;5;5;0
2020-09-09 21:44:58;246;72;65;26;19;15;7;5;5;5;0
2020-09-09 21:45:59;246;72;65;26;19;15;7;5;5;5;0
2020-09-09 21:46:59;248;73;65;27;19;15;7;5;5;5;0
2020-09-09 21:48:00;248;73;65;27;19;15;7;5;5;5;0
2020-09-09 21:48:58;248;73;65;27;19;15;7;5;5;5;0
2020-09-09 21:49:59;248;72;66;27;19;15;7;5;5;5;0
2020-09-09 21:50:58;249;73;66;27;19;15;7;5;5;5;0
2020-09-09 21:51:59;249;73;66;27;19;15;7;5;5;5;0
2020-09-09 21:52:59;249;73;66;27;19;15;7;5;5;5;0
2020-09-09 21:53:58;249;73;66;27;19;15;7;5;5;5;0
2020-09-09 21:54:59;249;73;66;27;19;15;7;5;5;5;0
2020-09-09 21:55:59;249;73;66;27;19;15;7;5;5;5;0
2020-09-09 21:56:58;249;73;66;27;19;15;7;5;5;5;0
2020-09-09 21:57:59;249;73;66;27;19;15;7;5;5;5;0
2020-09-09 21:58:59;249;73;66;27;19;15;7;5;5;5;0
2020-09-09 21:59:58;249;73;66;27;19;15;7;5;5;5;0
2020-09-09 22:00:59;249;73;66;27;19;15;7;5;5;5;0
2020-09-09 22:01:59;249;73;66;27;19;15;7;5;5;5;0
2020-09-09 22:02:58;250;74;66;27;19;15;7;5;5;5;0
2020-09-09 22:03:59;250;74;66;27;19;15;7;5;5;5;0
2020-09-09 22:04:59;250;75;66;26;19;15;7;5;5;5;0
2020-09-09 22:05:58;250;75;66;26;19;15;7;5;5;5;0
2020-09-09 22:06:59;250;75;66;26;19;15;7;5;5;5;0
2020-09-09 22:08:00;250;75;66;26;19;15;7;5;5;5;0
2020-09-09 22:08:58;250;75;66;26;19;15;7;5;5;5;0
2020-09-09 22:09:59;250;75;66;26;19;15;7;5;5;5;0
2020-09-09 22:10:59;251;75;66;26;19;15;7;5;5;5;0
2020-09-09 22:11:58;251;76;65;26;19;15;7;5;5;5;0
2020-09-09 22:12:59;251;76;65;26;19;15;7;5;5;5;0
2020-09-09 22:13:58;251;76;65;26;19;15;7;5;5;5;0
2020-09-09 22:14:59;251;76;65;26;19;15;7;5;5;5;0
2020-09-09 22:15:59;251;76;65;26;19;15;7;5;5;5;0
2020-09-09 22:16:58;251;76;65;26;19;15;7;5;5;5;0
2020-09-09 22:17:59;251;76;65;26;19;15;7;5;5;5;0
2020-09-09 22:18:59;251;76;65;26;19;15;7;5;5;5;0
2020-09-09 22:19:58;251;77;64;26;19;15;7;5;5;5;0
2020-09-09 22:20:59;251;77;64;26;19;15;7;5;5;5;0
2020-09-09 22:21:59;251;77;64;26;19;15;7;5;5;5;0
2020-09-09 22:22:58;251;77;64;26;19;15;7;5;5;5;0
2020-09-09 22:23:59;251;77;64;26;19;15;7;5;5;5;0
2020-09-09 22:25:00;251;77;64;26;19;15;7;5;5;5;0
2020-09-09 22:25:58;252;77;64;26;19;16;7;5;5;5;0
2020-09-09 22:26:59;252;77;64;26;19;16;7;5;5;5;0
2020-09-09 22:27:58;253;77;64;26;19;16;7;6;5;5;0
2020-09-09 22:28:59;253;77;64;26;19;16;7;6;5;5;0
2020-09-09 22:29:59;253;77;64;26;19;16;7;6;5;5;0
2020-09-09 22:30:58;254;78;64;26;19;16;7;6;5;5;0
2020-09-09 22:31:59;254;78;64;26;19;16;7;6;5;5;0
2020-09-09 22:32:59;254;78;64;26;19;16;7;6;5;5;0
2020-09-09 22:33:59;255;78;65;26;19;16;7;6;5;5;0
2020-09-09 22:34:58;255;78;65;26;19;16;7;6;5;5;0
2020-09-09 22:35:59;255;78;65;26;19;16;7;6;5;5;0
2020-09-09 22:36:59;255;78;65;26;19;16;7;6;5;5;0
2020-09-09 22:37:58;255;78;65;26;19;16;7;6;5;5;0
2020-09-09 22:38:59;256;78;65;27;19;16;7;6;5;5;0
2020-09-09 22:39:59;257;78;65;28;19;16;7;6;5;5;0
2020-09-09 22:40:58;257;78;65;28;19;16;7;6;5;5;0
2020-09-09 22:41:59;257;78;65;28;19;16;7;6;5;5;0
2020-09-09 22:42:59;257;78;65;28;19;16;7;6;5;5;0
2020-09-09 22:43:58;257;78;65;28;19;16;7;6;5;5;0
2020-09-09 22:44:59;257;78;65;28;19;16;7;6;5;5;0
2020-09-09 22:45:59;257;78;65;28;19;16;7;6;5;5;0
2020-09-09 22:46:58;258;79;65;28;19;16;7;6;5;5;0
2020-09-09 22:47:59;258;80;64;28;19;16;7;6;5;5;0
2020-09-09 22:48:59;258;80;64;28;19;16;7;6;5;5;0
2020-09-09 22:49:58;258;80;64;28;19;16;7;6;5;5;0
2020-09-09 22:50:59;258;80;64;28;19;16;7;6;5;5;0
2020-09-09 22:51:59;258;80;64;28;19;16;7;6;5;5;0
2020-09-09 22:52:58;258;80;64;28;19;16;7;6;5;5;0
2020-09-09 22:53:59;258;80;64;28;19;16;7;6;5;5;0
2020-09-09 22:54:59;258;80;64;28;19;16;7;6;5;5;0
2020-09-09 22:55:58;258;80;64;28;19;16;7;6;5;5;0
2020-09-09 22:56:59;258;80;64;28;19;16;7;6;5;5;0
2020-09-09 22:57:59;258;80;64;28;19;16;7;6;5;5;0
2020-09-09 22:58:58;258;80;64;28;19;16;7;6;5;5;0
2020-09-09 22:59:59;258;80;64;28;19;16;7;6;5;5;0
2020-09-09 23:00:59;259;80;64;29;19;16;7;6;5;5;0
2020-09-09 23:01:58;259;80;64;29;19;16;7;6;5;5;0
2020-09-09 23:02:59;259;80;64;29;19;16;7;6;5;5;0
2020-09-09 23:03:58;259;80;64;29;19;16;7;6;5;5;0
2020-09-09 23:04:59;259;80;64;29;19;16;7;6;5;5;0
2020-09-09 23:05:59;259;80;64;29;19;16;7;6;5;5;0
2020-09-09 23:06:58;259;80;64;29;19;16;7;6;5;5;0
2020-09-09 23:07:59;260;80;65;29;19;16;7;6;5;5;0
2020-09-09 23:08:59;261;81;65;29;19;16;7;6;5;5;0
2020-09-09 23:09:58;261;81;65;29;19;16;7;6;5;5;0
2020-09-09 23:10:59;262;81;65;29;19;17;7;6;5;5;0
2020-09-09 23:11:59;262;81;65;29;19;17;7;6;5;5;0
2020-09-09 23:12:58;262;81;65;29;19;17;7;6;5;5;0
2020-09-09 23:13:59;262;81;65;29;19;17;7;6;5;5;0
2020-09-09 23:14:58;262;81;65;29;19;17;7;6;5;5;0
2020-09-09 23:15:59;262;81;65;29;19;17;7;6;5;5;0
2020-09-09 23:16:59;262;81;65;29;19;17;7;6;5;5;0
2020-09-09 23:17:58;262;81;65;29;19;17;7;6;5;5;0
2020-09-09 23:18:59;262;81;65;29;19;17;7;6;5;5;0
2020-09-09 23:19:59;262;81;65;29;19;17;7;6;5;5;0
2020-09-09 23:20:58;263;81;65;29;20;17;7;6;5;5;0
2020-09-09 23:21:59;264;81;65;29;20;17;7;6;5;5;0
2020-09-09 23:22:58;264;81;65;29;20;17;7;6;5;5;0
2020-09-09 23:23:59;266;82;66;29;20;17;7;6;5;5;0
2020-09-09 23:24:58;266;82;66;29;20;17;7;6;5;5;0
2020-09-09 23:25:59;266;82;66;29;20;17;7;6;5;5;0
2020-09-09 23:26:59;266;82;66;29;20;17;7;6;5;5;0
2020-09-09 23:27:58;266;81;67;29;20;17;7;6;5;5;0
2020-09-09 23:28:59;266;81;67;29;20;17;7;6;5;5;0
2020-09-09 23:29:59;267;82;67;29;20;17;7;6;5;5;0
2020-09-09 23:30:58;267;82;67;29;21;17;7;6;5;5;0
2020-09-09 23:31:59;267;82;67;29;21;17;7;6;5;5;0
2020-09-09 23:32:59;267;82;67;29;21;17;7;6;5;5;0
2020-09-09 23:33:58;267;82;67;29;21;17;7;6;5;5;0
2020-09-09 23:34:59;267;82;67;29;21;17;7;6;5;5;0
2020-09-09 23:35:59;270;83;68;29;21;17;7;6;5;5;2
2020-09-09 23:36:58;270;83;68;29;21;17;7;6;5;5;2
2020-09-09 23:37:59;270;83;68;29;21;17;7;6;5;5;2
2020-09-09 23:38:59;270;83;68;29;21;17;7;6;5;5;2
2020-09-09 23:39:58;270;83;68;29;21;17;7;6;5;5;2
2020-09-09 23:40:59;270;83;68;29;21;17;7;6;5;5;2
2020-09-09 23:41:59;270;83;68;29;21;17;7;6;5;5;2
2020-09-09 23:42:58;270;83;68;29;21;17;7;6;5;5;2
2020-09-09 23:43:59;270;83;68;29;21;17;7;6;5;5;2
2020-09-09 23:44:58;270;83;68;29;21;17;7;6;5;5;2
2020-09-09 23:45:59;270;83;68;29;21;17;7;6;5;5;2
2020-09-09 23:46:59;268;83;66;29;21;17;7;6;5;5;2
2020-09-09 23:47:58;268;83;66;29;21;17;7;6;5;5;2
2020-09-09 23:48:59;268;83;66;29;21;17;7;6;5;5;2
2020-09-09 23:49:59;268;83;66;29;21;17;7;6;5;5;2
2020-09-09 23:50:58;268;83;66;29;21;17;7;6;5;5;2
2020-09-09 23:51:59;268;83;66;29;21;17;7;6;5;5;2
2020-09-09 23:52:58;268;83;66;29;21;17;7;6;5;5;2
2020-09-09 23:53:59;268;83;66;29;21;17;7;6;5;5;2
2020-09-09 23:54:59;269;84;66;29;21;17;7;6;5;5;2
2020-09-09 23:55:58;270;84;66;29;22;17;7;6;5;5;2
2020-09-09 23:56:59;270;84;66;29;22;17;7;6;5;5;2
2020-09-09 23:57:58;270;84;66;29;22;17;7;6;5;5;2
2020-09-09 23:58:59;270;84;66;29;22;17;7;6;5;5;2
2020-09-09 23:59:59;270;84;66;29;22;17;7;6;5;5;2
