datetime;total_votes;Private_Ryan;Bf109H;axxl;xtal;Есения;navalny;Noforhamsters;megaslowpoke;Vikvalan;pupsique
2020-08-12 00:00:59;0;0;0;0;0;0;0;0;0;0;0
2020-08-12 00:01:59;0;0;0;0;0;0;0;0;1;0;0
2020-08-12 00:02:58;2;0;1;0;0;0;0;0;1;0;0
2020-08-12 00:03:59;2;0;1;0;0;0;0;0;1;0;0
2020-08-12 00:04:59;2;0;1;0;0;0;0;0;1;0;0
2020-08-12 00:05:58;2;0;1;0;0;0;0;0;1;0;0
2020-08-12 00:06:59;2;0;1;0;0;0;0;0;1;0;0
2020-08-12 00:07:59;2;0;1;0;0;0;0;0;1;0;0
2020-08-12 00:08:58;2;0;1;0;0;0;0;0;1;0;0
2020-08-12 00:09:59;4;0;2;0;0;1;0;0;1;0;0
2020-08-12 00:10:59;5;0;2;0;0;1;0;0;1;0;0
2020-08-12 00:11:58;6;0;2;0;1;1;0;0;1;0;0
2020-08-12 00:12:59;6;0;2;0;1;1;0;0;1;0;0
2020-08-12 00:13:59;6;0;2;0;1;1;0;0;1;0;0
2020-08-12 00:14:58;6;0;2;0;1;1;0;0;1;0;0
2020-08-12 00:15:59;6;0;2;0;1;1;0;0;1;0;0
2020-08-12 00:16:59;6;0;2;0;1;1;0;0;1;0;0
2020-08-12 00:17:59;6;0;2;0;1;1;0;0;1;0;0
2020-08-12 00:18:58;7;0;2;0;1;1;0;0;1;0;0
2020-08-12 00:19:59;7;0;2;0;1;1;0;0;1;0;0
2020-08-12 00:20:59;7;0;2;0;1;1;0;0;1;0;0
2020-08-12 00:21:58;7;0;2;0;1;1;0;0;1;0;0
2020-08-12 00:22:59;8;0;3;0;1;1;0;0;1;0;0
2020-08-12 00:23:59;8;0;3;0;1;1;0;0;1;0;0
2020-08-12 00:24:58;8;0;3;0;1;1;0;0;1;0;0
2020-08-12 00:25:59;9;0;3;0;1;1;0;0;1;0;0
2020-08-12 00:26:58;10;0;3;0;1;1;0;0;1;0;0
2020-08-12 00:27:59;11;0;4;0;1;1;0;0;1;0;0
2020-08-12 00:28:59;11;0;4;0;1;1;0;0;1;0;0
2020-08-12 00:29:58;11;0;4;0;1;1;0;0;1;0;0
2020-08-12 00:30:59;12;0;5;0;1;1;0;0;1;0;0
2020-08-12 00:31:59;12;0;5;0;1;1;0;0;1;0;0
2020-08-12 00:32:58;12;0;5;0;1;1;0;0;1;0;0
2020-08-12 00:33:59;13;0;5;0;1;1;0;0;1;0;0
2020-08-12 00:34:59;13;0;5;0;1;1;0;0;1;0;0
2020-08-12 00:35:58;14;1;5;0;1;1;0;0;1;0;0
2020-08-12 00:36:59;14;1;5;0;1;1;0;0;1;0;0
2020-08-12 00:37:58;14;1;5;0;1;1;0;0;1;0;0
2020-08-12 00:38:59;15;1;5;0;2;1;0;0;1;0;0
2020-08-12 00:39:58;15;1;5;0;2;1;0;0;1;0;0
2020-08-12 00:40:59;15;1;5;0;2;1;0;0;1;0;0
2020-08-12 00:41:58;16;1;5;0;2;1;0;0;1;0;0
2020-08-12 00:42:59;16;1;5;0;2;1;0;0;1;0;0
2020-08-12 00:43:58;18;1;6;0;3;1;0;0;1;0;0
2020-08-12 00:44:59;18;1;6;0;3;1;0;0;1;0;0
2020-08-12 00:45:59;18;1;6;0;3;1;0;0;1;0;0
2020-08-12 00:46:58;19;1;6;1;3;1;0;0;1;0;0
2020-08-12 00:47:59;20;1;7;1;3;1;0;0;1;0;0
2020-08-12 00:48:58;20;1;7;1;3;1;0;0;1;0;0
2020-08-12 00:49:59;20;1;7;1;3;1;0;0;1;0;0
2020-08-12 00:50:59;21;1;7;2;3;1;0;0;1;0;0
2020-08-12 00:51:58;21;1;7;2;3;1;0;0;1;0;0
2020-08-12 00:52:59;21;1;7;2;3;1;0;0;1;0;0
2020-08-12 00:53:59;21;1;7;2;3;1;0;0;1;0;0
2020-08-12 00:54:58;21;1;7;2;3;1;0;0;1;0;0
2020-08-12 00:55:59;21;1;7;2;3;1;0;0;1;0;0
2020-08-12 00:56:58;21;1;7;2;3;1;0;0;1;0;0
2020-08-12 00:57:59;22;1;7;2;3;1;0;0;1;0;0
2020-08-12 00:58:59;22;1;7;2;3;1;0;0;1;0;0
2020-08-12 00:59:58;22;1;7;2;3;1;0;0;1;0;0
2020-08-12 01:00:59;22;1;7;2;3;1;0;0;1;0;0
2020-08-12 01:01:59;23;1;7;2;3;1;0;0;2;0;0
2020-08-12 01:02:58;23;1;7;2;3;1;0;0;2;0;0
2020-08-12 01:03:59;24;1;7;2;3;1;1;0;2;0;0
2020-08-12 01:04:59;25;2;7;2;3;1;0;0;2;0;0
2020-08-12 01:05:58;25;2;7;2;3;1;0;0;2;0;0
2020-08-12 01:06:59;25;3;7;2;3;1;0;0;2;0;0
2020-08-12 01:07:58;25;3;7;2;3;1;0;0;2;0;0
2020-08-12 01:08:59;25;3;7;2;3;1;0;0;2;0;0
2020-08-12 01:09:59;25;3;7;2;3;1;0;0;2;0;0
2020-08-12 01:10:58;25;3;7;2;3;1;0;0;2;0;0
2020-08-12 01:11:59;26;4;7;2;3;1;0;0;2;0;0
2020-08-12 01:12:58;26;4;7;2;3;1;0;0;2;0;0
2020-08-12 01:13:59;26;4;7;2;3;1;0;0;2;0;0
2020-08-12 01:14:59;26;4;7;2;3;1;0;0;2;0;0
2020-08-12 01:15:58;26;4;7;2;3;1;0;0;2;0;0
2020-08-12 01:16:59;26;4;7;2;3;1;0;0;2;0;0
2020-08-12 01:17:58;26;4;7;2;3;1;0;0;2;0;0
2020-08-12 01:18:59;26;4;7;2;3;1;0;0;2;0;0
2020-08-12 01:19:58;26;4;7;2;3;1;0;0;2;0;0
2020-08-12 01:20:59;26;4;7;2;3;1;0;0;2;0;0
2020-08-12 01:21:59;26;4;7;2;3;1;0;0;2;0;0
2020-08-12 01:22:58;26;4;7;2;3;1;0;0;2;0;0
2020-08-12 01:23:59;26;4;7;2;3;1;0;0;2;0;0
2020-08-12 01:24:59;26;4;7;2;3;1;0;0;2;0;0
2020-08-12 01:25:58;28;4;8;2;4;1;0;0;2;0;0
2020-08-12 01:26:59;28;4;8;2;4;1;0;0;2;0;0
2020-08-12 01:27:59;28;4;8;2;4;1;0;0;2;0;0
2020-08-12 01:28:58;28;4;8;2;4;1;0;0;2;0;0
2020-08-12 01:29:59;28;4;8;2;4;1;0;0;2;0;0
2020-08-12 01:30:59;28;4;8;2;4;1;0;0;2;0;0
2020-08-12 01:31:58;28;4;8;2;4;1;0;0;2;0;0
2020-08-12 01:32:59;28;4;8;2;4;1;0;0;2;0;0
2020-08-12 01:33:59;28;4;8;2;4;1;0;0;2;0;0
2020-08-12 01:34:58;28;4;8;2;4;1;0;0;2;0;0
2020-08-12 01:35:59;28;4;8;2;4;1;0;0;2;0;0
2020-08-12 01:37:00;29;4;9;2;4;1;0;0;2;0;0
2020-08-12 01:37:58;29;4;9;2;4;1;0;0;2;0;0
2020-08-12 01:38:59;29;4;9;2;4;1;0;0;2;0;0
2020-08-12 01:39:58;29;4;9;2;4;1;0;0;2;0;0
2020-08-12 01:40:59;29;4;9;2;4;1;0;0;2;0;0
2020-08-12 01:41:58;29;4;9;2;4;1;0;0;2;0;0
2020-08-12 01:42:59;29;4;9;2;4;1;0;0;2;0;0
2020-08-12 01:43:59;29;4;9;2;4;1;0;0;2;0;0
2020-08-12 01:44:58;29;4;9;2;4;1;0;0;2;0;0
2020-08-12 01:45:59;29;4;9;2;4;1;0;0;2;0;0
2020-08-12 01:46:58;29;4;9;2;4;1;0;0;2;0;0
2020-08-12 01:47:59;29;4;9;2;4;1;0;0;2;0;0
2020-08-12 01:48:59;29;4;9;2;4;1;0;0;2;0;0
2020-08-12 01:49:58;29;4;9;2;4;1;0;0;2;0;0
2020-08-12 01:50:59;29;4;9;2;4;1;0;0;2;0;0
2020-08-12 01:51:59;29;4;9;2;4;1;0;0;2;0;0
2020-08-12 01:52:58;29;4;9;2;4;1;0;0;2;0;0
2020-08-12 01:53:59;29;4;9;2;4;1;0;0;2;0;0
2020-08-12 01:54:58;29;4;9;2;4;1;0;0;2;0;0
2020-08-12 01:55:59;29;4;9;2;4;1;0;0;2;0;0
2020-08-12 01:56:59;29;4;9;2;4;1;0;0;2;0;0
2020-08-12 01:57:58;29;4;9;2;4;1;0;0;2;0;0
2020-08-12 01:58:59;29;4;9;2;4;1;0;0;2;0;0
2020-08-12 02:00:00;29;4;9;2;4;1;0;0;2;0;0
2020-08-12 02:00:58;29;4;9;2;4;1;0;0;2;0;0
2020-08-12 02:01:59;29;4;9;2;4;1;0;0;2;0;0
2020-08-12 02:02:58;29;4;9;2;4;1;0;0;2;0;0
2020-08-12 02:03:59;29;4;9;2;4;1;0;0;2;0;0
2020-08-12 02:04:59;29;4;9;2;4;1;0;0;2;0;0
2020-08-12 02:05:58;29;4;9;2;4;1;0;0;2;0;0
2020-08-12 02:06:59;29;4;9;2;4;1;0;0;2;0;0
2020-08-12 02:07:59;29;4;9;2;4;1;0;0;2;0;0
2020-08-12 02:08:58;29;4;9;2;4;1;0;0;2;0;0
2020-08-12 02:09:59;29;4;9;2;4;1;0;0;2;0;0
2020-08-12 02:11:00;29;4;9;2;4;1;0;0;2;0;0
2020-08-12 02:11:58;29;4;9;2;4;1;0;0;2;0;0
2020-08-12 02:12:59;29;4;9;2;4;1;0;0;2;0;0
2020-08-12 02:13:58;29;4;9;2;4;1;0;0;2;0;0
2020-08-12 02:14:59;29;4;9;2;4;1;0;0;2;0;0
2020-08-12 02:15:59;29;4;9;2;4;1;0;0;2;0;0
2020-08-12 02:16:58;29;4;9;2;4;1;0;0;2;0;0
2020-08-12 02:17:59;29;4;9;2;4;1;0;0;2;0;0
2020-08-12 02:18:58;29;4;9;2;4;1;0;0;2;0;0
2020-08-12 02:19:59;29;4;9;2;4;1;0;0;2;0;0
2020-08-12 02:20:59;29;4;9;2;4;1;0;0;2;0;0
2020-08-12 02:21:58;29;4;9;2;4;1;0;0;2;0;0
2020-08-12 02:22:59;29;4;9;2;4;1;0;0;2;0;0
2020-08-12 02:23:58;29;4;9;2;4;1;0;0;2;0;0
2020-08-12 02:24:59;29;4;9;2;4;1;0;0;2;0;0
2020-08-12 02:25:58;29;4;9;2;4;1;0;0;2;0;0
2020-08-12 02:26:59;30;4;9;2;4;2;0;0;2;0;0
2020-08-12 02:27:59;30;4;9;2;4;2;0;0;2;0;0
2020-08-12 02:28:58;31;4;9;2;4;2;0;0;2;0;0
2020-08-12 02:29:59;31;4;9;2;4;2;0;0;2;0;0
2020-08-12 02:30:58;31;4;9;2;4;2;0;0;2;0;0
2020-08-12 02:31:59;31;4;9;2;4;2;0;0;2;0;0
2020-08-12 02:32:59;31;4;9;2;4;2;0;0;2;0;0
2020-08-12 02:33:58;31;4;9;2;4;2;0;0;2;0;0
2020-08-12 02:34:59;31;4;9;2;4;2;0;0;2;0;0
2020-08-12 02:35:58;31;4;9;2;4;2;0;0;2;0;0
2020-08-12 02:36:59;31;4;9;2;4;2;0;0;2;0;0
2020-08-12 02:37:59;31;4;9;2;4;2;0;0;2;0;0
2020-08-12 02:38:58;31;4;9;2;4;2;0;0;2;0;0
2020-08-12 02:39:59;31;4;9;2;4;2;0;0;2;0;0
2020-08-12 02:40:59;31;4;9;2;4;2;0;0;2;0;0
2020-08-12 02:41:58;31;4;9;2;4;2;0;0;2;0;0
2020-08-12 02:42:59;31;4;9;2;4;2;0;0;2;0;0
2020-08-12 02:43:58;31;4;9;2;4;2;0;0;2;0;0
2020-08-12 02:44:59;31;4;9;2;4;2;0;0;2;0;0
2020-08-12 02:45:59;31;4;9;2;4;2;0;0;2;0;0
2020-08-12 02:46:58;31;4;9;2;4;2;0;0;2;0;0
2020-08-12 02:47:59;31;4;9;2;4;2;0;0;2;0;0
2020-08-12 02:48:58;31;4;9;2;4;2;0;0;2;0;0
2020-08-12 02:49:59;31;4;9;2;4;2;0;0;2;0;0
2020-08-12 02:50:59;32;4;9;2;4;2;1;0;2;0;0
2020-08-12 02:51:58;33;4;9;2;4;2;0;0;2;0;0
2020-08-12 02:52:59;33;4;9;2;4;2;0;0;2;0;0
2020-08-12 02:53:58;33;4;9;2;4;2;0;0;2;0;0
2020-08-12 02:54:59;34;4;9;2;4;2;0;0;2;0;0
2020-08-12 02:55:58;34;4;9;2;4;2;0;0;2;0;0
2020-08-12 02:56:59;34;4;9;2;4;2;0;0;2;0;0
2020-08-12 02:57:59;34;4;9;2;4;2;0;0;2;0;0
2020-08-12 02:58:58;34;4;9;2;4;2;0;0;2;0;0
2020-08-12 02:59:59;34;4;9;2;4;2;0;0;2;0;0
2020-08-12 03:00:58;34;4;9;2;4;2;0;0;2;0;0
2020-08-12 03:01:59;34;4;9;2;4;2;0;0;2;0;0
2020-08-12 03:02:59;36;6;9;2;4;2;0;0;2;0;0
2020-08-12 03:03:58;37;6;10;2;4;2;0;0;2;0;0
2020-08-12 03:04:59;38;7;10;2;4;2;0;0;2;0;0
2020-08-12 03:05:58;38;7;10;2;4;2;0;0;2;0;0
2020-08-12 03:06:59;38;7;10;2;4;2;0;0;2;0;0
2020-08-12 03:07:59;38;7;10;2;4;2;0;0;2;0;0
2020-08-12 03:08:58;38;7;10;2;4;2;0;0;2;0;0
2020-08-12 03:09:59;38;7;10;2;4;2;0;0;2;0;0
2020-08-12 03:10:58;38;7;10;2;4;2;0;0;2;0;0
2020-08-12 03:11:59;38;7;10;2;4;2;0;0;2;0;0
2020-08-12 03:12:59;38;7;10;2;4;2;0;0;2;0;0
2020-08-12 03:13:58;38;7;10;2;4;2;0;0;2;0;0
2020-08-12 03:14:59;38;7;10;2;4;2;0;0;2;0;0
2020-08-12 03:15:58;38;7;10;2;4;2;0;0;2;0;0
2020-08-12 03:16:59;38;7;10;2;4;2;0;0;2;0;0
2020-08-12 03:17:59;38;7;10;2;4;2;0;0;2;0;0
2020-08-12 03:18:58;38;7;10;2;4;2;0;0;2;0;0
2020-08-12 03:19:59;38;7;10;2;4;2;0;0;2;0;0
2020-08-12 03:20:59;38;7;10;2;4;2;0;0;2;0;0
2020-08-12 03:21:58;38;7;10;2;4;2;0;0;2;0;0
2020-08-12 03:22:59;38;7;10;2;4;2;0;0;2;0;0
2020-08-12 03:23:58;38;7;10;2;4;2;0;0;2;0;0
2020-08-12 03:24:59;38;7;10;2;4;2;0;0;2;0;0
2020-08-12 03:25:58;38;7;10;2;4;2;0;0;2;0;0
2020-08-12 03:26:59;38;7;10;2;4;2;0;0;2;0;0
2020-08-12 03:27:59;38;7;10;2;4;2;0;0;2;0;0
2020-08-12 03:28:58;38;7;10;2;4;2;0;0;2;0;0
2020-08-12 03:29:59;38;7;10;2;4;2;0;0;2;0;0
2020-08-12 03:30:59;38;7;10;2;4;2;0;0;2;0;0
2020-08-12 03:31:58;38;7;10;2;4;2;0;0;2;0;0
2020-08-12 03:32:59;38;7;10;2;4;2;0;0;2;0;0
2020-08-12 03:33:59;38;7;10;2;4;2;0;0;2;0;0
2020-08-12 03:34:58;38;7;10;2;4;2;0;0;2;0;0
2020-08-12 03:35:59;38;7;10;2;4;2;0;0;2;0;0
2020-08-12 03:36:58;38;7;10;2;4;2;0;0;2;0;0
2020-08-12 03:37:59;38;7;10;2;4;2;0;0;2;0;0
2020-08-12 03:38:58;38;7;10;2;4;2;0;0;2;0;0
2020-08-12 03:39:59;38;7;10;2;4;2;0;0;2;0;0
2020-08-12 03:40:59;38;7;10;2;4;2;0;0;2;0;0
2020-08-12 03:41:58;38;7;10;2;4;2;0;0;2;0;0
2020-08-12 03:42:59;38;7;10;2;4;2;0;0;2;0;0
2020-08-12 03:43:58;38;7;10;2;4;2;0;0;2;0;0
2020-08-12 03:44:59;38;7;10;2;4;2;0;0;2;0;0
2020-08-12 03:45:59;38;7;10;2;4;2;0;0;2;0;0
2020-08-12 03:46:58;38;7;10;2;4;2;0;0;2;0;0
2020-08-12 03:47:59;38;7;10;2;4;2;0;0;2;0;0
2020-08-12 03:48:58;38;7;10;2;4;2;0;0;2;0;0
2020-08-12 03:49:59;38;7;10;2;4;2;0;0;2;0;0
2020-08-12 03:51:00;38;7;10;2;4;2;0;0;2;0;0
2020-08-12 03:51:58;38;7;10;2;4;2;0;0;2;0;0
2020-08-12 03:52:59;38;7;10;2;4;2;0;0;2;0;0
2020-08-12 03:53:59;38;7;10;2;4;2;0;0;2;0;0
2020-08-12 03:54:58;38;7;10;2;4;2;0;0;2;0;0
2020-08-12 03:55:59;38;7;10;2;4;2;0;0;2;0;0
2020-08-12 03:56:58;38;7;10;2;4;2;0;0;2;0;0
2020-08-12 03:57:59;38;7;10;2;4;2;0;0;2;0;0
2020-08-12 03:58:59;38;7;10;2;4;2;0;0;2;0;0
2020-08-12 03:59:58;38;7;10;2;4;2;0;0;2;0;0
2020-08-12 04:00:59;38;7;10;2;4;2;0;0;2;0;0
2020-08-12 04:01:58;38;7;10;2;4;2;0;0;2;0;0
2020-08-12 04:02:59;38;7;10;2;4;2;0;0;2;0;0
2020-08-12 04:03:59;38;7;10;2;4;2;0;0;2;0;0
2020-08-12 04:04:58;38;7;10;2;4;2;0;0;2;0;0
2020-08-12 04:05:59;38;7;10;2;4;2;0;0;2;0;0
2020-08-12 04:06:59;38;7;10;2;4;2;0;0;2;0;0
2020-08-12 04:07:58;38;7;10;2;4;2;0;0;2;0;0
2020-08-12 04:08:59;38;7;10;2;4;2;0;0;2;0;0
2020-08-12 04:09:58;38;7;10;2;4;2;0;0;2;0;0
2020-08-12 04:10:59;38;7;10;2;4;2;0;0;2;0;0
2020-08-12 04:11:59;38;7;10;2;4;2;0;0;2;0;0
2020-08-12 04:12:58;38;7;10;2;4;2;0;0;2;0;0
2020-08-12 04:13:59;38;7;10;2;4;2;0;0;2;0;0
2020-08-12 04:14:58;38;7;10;2;4;2;0;0;2;0;0
2020-08-12 04:15:59;38;7;10;2;4;2;0;0;2;0;0
2020-08-12 04:16:59;38;7;10;2;4;2;0;0;2;0;0
2020-08-12 04:17:58;38;7;10;2;4;2;0;0;2;0;0
2020-08-12 04:18:59;38;7;10;2;4;2;0;0;2;0;0
2020-08-12 04:19:58;38;7;10;2;4;2;0;0;2;0;0
2020-08-12 04:20:59;38;7;10;2;4;2;0;0;2;0;0
2020-08-12 04:21:59;38;7;10;2;4;2;0;0;2;0;0
2020-08-12 04:22:58;38;7;10;2;4;2;0;0;2;0;0
2020-08-12 04:23:59;38;7;10;2;4;2;0;0;2;0;0
2020-08-12 04:24:58;38;7;10;2;4;2;0;0;2;0;0
2020-08-12 04:25:59;38;7;10;2;4;2;0;0;2;0;0
2020-08-12 04:26:59;38;7;10;2;4;2;0;0;2;0;0
2020-08-12 04:27:58;38;7;10;2;4;2;0;0;2;0;0
2020-08-12 04:28:59;38;7;10;2;4;2;0;0;2;0;0
2020-08-12 04:29:59;38;7;10;2;4;2;0;0;2;0;0
2020-08-12 04:30:58;38;7;10;2;4;2;0;0;2;0;0
2020-08-12 04:31:59;38;7;10;2;4;2;0;0;2;0;0
2020-08-12 04:32:58;38;7;10;2;4;2;0;0;2;0;0
2020-08-12 04:33:59;38;7;10;2;4;2;0;0;2;0;0
2020-08-12 04:34:59;38;7;10;2;4;2;0;0;2;0;0
2020-08-12 04:35:58;38;7;10;2;4;2;0;0;2;0;0
2020-08-12 04:36:59;38;7;10;2;4;2;0;0;2;0;0
2020-08-12 04:37:58;38;7;10;2;4;2;0;0;2;0;0
2020-08-12 04:38:59;38;7;10;2;4;2;0;0;2;0;0
2020-08-12 04:39:59;38;7;10;2;4;2;0;0;2;0;0
2020-08-12 04:40:58;38;7;10;2;4;2;0;0;2;0;0
2020-08-12 04:41:59;38;7;10;2;4;2;0;0;2;0;0
2020-08-12 04:42:59;38;7;10;2;4;2;0;0;2;0;0
2020-08-12 04:43:58;38;7;10;2;4;2;0;0;2;0;0
2020-08-12 04:44:59;38;7;10;2;4;2;0;0;2;0;0
2020-08-12 04:45:58;38;7;10;2;4;2;0;0;2;0;0
2020-08-12 04:46:59;38;7;10;2;4;2;0;0;2;0;0
2020-08-12 04:47:59;38;7;10;2;4;2;0;0;2;0;0
2020-08-12 04:48:58;38;7;10;2;4;2;0;0;2;0;0
2020-08-12 04:49:59;38;7;10;2;4;2;0;0;2;0;0
2020-08-12 04:50:59;38;7;10;2;4;2;0;0;2;0;0
2020-08-12 04:51:58;38;7;10;2;4;2;0;0;2;0;0
2020-08-12 04:52:59;38;7;10;2;4;2;0;0;2;0;0
2020-08-12 04:53:58;38;7;10;2;4;2;0;0;2;0;0
2020-08-12 04:54:59;38;7;10;2;4;2;0;0;2;0;0
2020-08-12 04:55:59;38;7;10;2;4;2;0;0;2;0;0
2020-08-12 04:56:58;38;7;10;2;4;2;0;0;2;0;0
2020-08-12 04:57:59;38;7;10;2;4;2;0;0;2;0;0
2020-08-12 04:58:58;38;7;10;2;4;2;0;0;2;0;0
2020-08-12 04:59:59;38;7;10;2;4;2;0;0;2;0;0
2020-08-12 05:00:59;38;7;10;2;4;2;0;0;2;0;0
2020-08-12 05:01:58;38;7;10;2;4;2;0;0;2;0;0
2020-08-12 05:02:59;38;7;10;2;4;2;0;0;2;0;0
2020-08-12 05:03:59;38;7;10;2;4;2;0;0;2;0;0
2020-08-12 05:04:58;38;7;10;2;4;2;0;0;2;0;0
2020-08-12 05:05:59;38;7;10;2;4;2;0;0;2;0;0
2020-08-12 05:06:58;38;7;10;2;4;2;0;0;2;0;0
2020-08-12 05:07:59;38;7;10;2;4;2;0;0;2;0;0
2020-08-12 05:08:59;38;7;10;2;4;2;0;0;2;0;0
2020-08-12 05:09:58;39;7;11;2;4;2;0;0;2;0;0
2020-08-12 05:10:59;39;8;10;2;4;2;0;0;2;0;0
2020-08-12 05:11:59;39;8;10;2;4;2;0;0;2;0;0
2020-08-12 05:12:58;39;8;10;2;4;2;0;0;2;0;0
2020-08-12 05:13:59;39;8;10;2;4;2;0;0;2;0;0
2020-08-12 05:15:00;39;8;10;2;4;2;0;0;2;0;0
2020-08-12 05:15:58;39;8;10;2;4;2;0;0;2;0;0
2020-08-12 05:16:59;39;8;10;2;4;2;0;0;2;0;0
2020-08-12 05:17:58;39;8;10;2;4;2;0;0;2;0;0
2020-08-12 05:18:59;39;8;10;2;4;2;0;0;2;0;0
2020-08-12 05:19:59;39;8;10;2;4;2;0;0;2;0;0
2020-08-12 05:20:58;39;8;10;2;4;2;0;0;2;0;0
2020-08-12 05:21:59;40;8;10;2;4;2;0;1;2;0;0
2020-08-12 05:22:59;40;8;10;2;4;2;0;1;2;0;0
2020-08-12 05:23:58;40;8;10;2;4;2;0;1;2;0;0
2020-08-12 05:24:59;40;8;10;2;4;2;0;1;2;0;0
2020-08-12 05:26:00;40;8;10;2;4;2;0;1;2;0;0
2020-08-12 05:26:58;40;8;10;2;4;2;0;1;2;0;0
2020-08-12 05:27:59;40;8;10;2;4;2;0;1;2;0;0
2020-08-12 05:28:58;40;8;10;2;4;2;0;1;2;0;0
2020-08-12 05:29:59;40;8;10;2;4;2;0;1;2;0;0
2020-08-12 05:30:59;40;8;10;2;4;2;0;1;2;0;0
2020-08-12 05:31:58;40;8;10;2;4;2;0;1;2;0;0
2020-08-12 05:32:59;41;9;10;2;4;2;0;1;2;0;0
2020-08-12 05:33:59;41;9;10;2;4;2;0;1;2;0;0
2020-08-12 05:34:58;42;9;11;2;4;2;0;1;2;0;0
2020-08-12 05:35:59;42;9;11;2;4;2;0;1;2;0;0
2020-08-12 05:36:58;42;9;11;2;4;2;0;1;2;0;0
2020-08-12 05:37:59;42;9;11;2;4;2;0;1;2;0;0
2020-08-12 05:38:59;42;9;11;2;4;2;0;1;2;0;0
2020-08-12 05:39:58;42;9;11;2;4;2;0;1;2;0;0
2020-08-12 05:40:59;42;9;11;2;4;2;0;1;2;0;0
2020-08-12 05:41:58;42;9;11;2;4;2;0;1;2;0;0
2020-08-12 05:42:59;42;9;11;2;4;2;0;1;2;0;0
2020-08-12 05:43:59;42;9;11;2;4;2;0;1;2;0;0
2020-08-12 05:44:58;42;9;11;2;4;2;0;1;2;0;0
2020-08-12 05:45:59;42;9;11;2;4;2;0;1;2;0;0
2020-08-12 05:46:59;42;9;11;2;4;2;0;1;2;0;0
2020-08-12 05:47:58;42;9;11;2;4;2;0;1;2;0;0
2020-08-12 05:48:59;42;9;11;2;4;2;0;1;2;0;0
2020-08-12 05:49:58;42;9;11;2;4;2;0;1;2;0;0
2020-08-12 05:50:59;42;9;11;2;4;2;0;1;2;0;0
2020-08-12 05:51:59;42;9;11;2;4;2;0;1;2;0;0
2020-08-12 05:52:58;42;9;11;2;4;2;0;1;2;0;0
2020-08-12 05:53:59;42;9;11;2;4;2;0;1;2;0;0
2020-08-12 05:54:58;42;9;11;2;4;2;0;1;2;0;0
2020-08-12 05:55:59;42;9;11;2;4;2;0;1;2;0;0
2020-08-12 05:56:59;42;9;11;2;4;2;0;1;2;0;0
2020-08-12 05:57:58;42;9;11;2;4;2;0;1;2;0;0
2020-08-12 05:58:59;42;9;11;2;4;2;0;1;2;0;0
2020-08-12 05:59:58;42;9;11;2;4;2;0;1;2;0;0
2020-08-12 06:00:59;42;9;11;2;4;2;0;1;2;0;0
2020-08-12 06:01:59;42;9;11;2;4;2;0;1;2;0;0
2020-08-12 06:02:58;42;9;11;2;4;2;0;1;2;0;0
2020-08-12 06:03:59;42;9;11;2;4;2;0;1;2;0;0
2020-08-12 06:04:59;42;9;11;2;4;2;0;1;2;0;0
2020-08-12 06:05:58;42;9;11;2;4;2;0;1;2;0;0
2020-08-12 06:06:59;42;9;11;2;4;2;0;1;2;0;0
2020-08-12 06:07:58;42;9;11;2;4;2;0;1;2;0;0
2020-08-12 06:08:59;42;9;11;2;4;2;0;1;2;0;0
2020-08-12 06:09:59;42;9;11;2;4;2;0;1;2;0;0
2020-08-12 06:10:58;42;9;11;2;4;2;0;1;2;0;0
2020-08-12 06:11:59;42;9;11;2;4;2;0;1;2;0;0
2020-08-12 06:12:59;42;9;11;2;4;2;0;1;2;0;0
2020-08-12 06:13:58;42;9;11;2;4;2;0;1;2;0;0
2020-08-12 06:14:59;42;9;11;2;4;2;0;1;2;0;0
2020-08-12 06:16:00;42;9;11;2;4;2;0;1;2;0;0
2020-08-12 06:16:58;42;9;11;2;4;2;0;1;2;0;0
2020-08-12 06:17:59;42;9;11;2;4;2;0;1;2;0;0
2020-08-12 06:18:58;42;9;11;2;4;2;0;1;2;0;0
2020-08-12 06:19:59;42;9;11;2;4;2;0;1;2;0;0
2020-08-12 06:20:58;42;9;11;2;4;2;0;1;2;0;0
2020-08-12 06:21:59;42;9;11;2;4;2;0;1;2;0;0
2020-08-12 06:22:59;42;9;11;2;4;2;0;1;2;0;0
2020-08-12 06:23:58;43;9;11;2;4;2;0;1;2;0;0
2020-08-12 06:24:59;43;9;11;2;4;2;0;1;2;0;0
2020-08-12 06:25:59;43;9;11;2;4;2;0;1;2;0;0
2020-08-12 06:26:58;43;9;11;2;4;2;0;1;2;0;0
2020-08-12 06:27:59;43;9;11;2;4;2;0;1;2;0;0
2020-08-12 06:28:58;43;9;11;2;4;2;0;1;2;0;0
2020-08-12 06:29:59;43;9;11;2;4;2;0;1;2;0;0
2020-08-12 06:30:58;43;9;11;2;4;2;0;1;2;0;0
2020-08-12 06:31:59;43;9;11;2;4;2;0;1;2;0;0
2020-08-12 06:32:59;43;9;11;2;4;2;0;1;2;0;0
2020-08-12 06:33:58;43;9;11;2;4;2;0;1;2;0;0
2020-08-12 06:34:59;43;9;11;2;4;2;0;1;2;0;0
2020-08-12 06:35:59;43;9;11;2;4;2;0;1;2;0;0
2020-08-12 06:36:58;43;9;11;2;4;2;0;1;2;0;0
2020-08-12 06:37:59;43;9;11;2;4;2;0;1;2;0;0
2020-08-12 06:38:59;43;9;11;2;4;2;0;1;2;0;0
2020-08-12 06:39:58;43;9;11;2;4;2;0;1;2;0;0
2020-08-12 06:40:59;43;9;11;2;4;2;0;1;2;0;0
2020-08-12 06:41:58;43;9;11;2;4;2;0;1;2;0;0
2020-08-12 06:42:59;44;9;11;2;4;2;0;1;2;0;0
2020-08-12 06:43:59;44;9;11;2;4;2;0;1;2;0;0
2020-08-12 06:44:58;44;9;11;2;4;2;0;1;2;0;0
2020-08-12 06:45:59;44;9;11;2;4;2;0;1;2;0;0
2020-08-12 06:46:58;44;9;11;2;4;2;0;1;2;0;0
2020-08-12 06:47:59;44;9;11;2;4;2;0;1;2;0;0
2020-08-12 06:48:58;44;9;11;2;4;2;0;1;2;0;0
2020-08-12 06:49:59;44;9;11;2;4;2;0;1;2;0;0
2020-08-12 06:50:58;44;9;11;2;4;2;0;1;2;0;0
2020-08-12 06:51:59;45;9;11;2;4;3;0;1;2;0;0
2020-08-12 06:52:59;45;9;11;2;4;3;0;1;2;0;0
2020-08-12 06:53:58;45;9;11;2;4;3;0;1;2;0;0
2020-08-12 06:54:59;45;9;11;2;4;3;0;1;2;0;0
2020-08-12 06:55:59;45;9;11;2;4;3;0;1;2;0;0
2020-08-12 06:56:58;45;9;11;2;4;3;0;1;2;0;0
2020-08-12 06:57:59;45;9;11;2;4;3;0;1;2;0;0
2020-08-12 06:58:58;45;9;11;2;4;3;0;1;2;0;0
2020-08-12 06:59:59;45;9;11;2;4;3;0;1;2;0;0
2020-08-12 07:00:59;45;9;11;2;4;3;0;1;2;0;0
2020-08-12 07:01:58;45;9;11;2;4;3;0;1;2;0;0
2020-08-12 07:02:59;45;9;11;2;4;3;0;1;2;0;0
2020-08-12 07:03:59;45;9;11;2;4;3;0;1;2;0;0
2020-08-12 07:04:58;45;9;11;2;4;3;0;1;2;0;0
2020-08-12 07:05:59;45;9;11;2;4;3;0;1;2;0;0
2020-08-12 07:06:58;45;9;11;2;4;3;0;1;2;0;0
2020-08-12 07:07:59;45;9;11;2;4;3;0;1;2;0;0
2020-08-12 07:08:58;45;9;11;2;4;3;0;1;2;0;0
2020-08-12 07:09:59;45;9;11;2;4;3;0;1;2;0;0
2020-08-12 07:10:59;45;9;11;2;4;3;0;1;2;0;0
2020-08-12 07:11:58;45;9;11;2;4;3;0;1;2;0;0
2020-08-12 07:12:59;45;9;11;2;4;3;0;1;2;0;0
2020-08-12 07:13:58;45;9;11;2;4;3;0;1;2;0;0
2020-08-12 07:14:59;46;9;12;2;4;3;0;1;2;0;0
2020-08-12 07:15:59;46;9;12;2;4;3;0;1;2;0;0
2020-08-12 07:16:58;46;9;12;2;4;3;0;1;2;0;0
2020-08-12 07:17:59;46;9;12;2;4;3;0;1;2;0;0
2020-08-12 07:18:58;46;9;12;2;4;3;0;1;2;0;0
2020-08-12 07:19:59;46;9;12;2;4;3;0;1;2;0;0
2020-08-12 07:20:59;46;9;12;2;4;3;0;1;2;0;0
2020-08-12 07:21:58;46;9;12;2;4;3;0;1;2;0;0
2020-08-12 07:22:59;46;9;12;2;4;3;0;1;2;0;0
2020-08-12 07:23:59;47;9;13;2;4;3;0;1;2;0;0
2020-08-12 07:24:58;47;9;13;2;4;3;0;1;2;0;0
2020-08-12 07:25:59;47;9;13;2;4;3;0;1;2;0;0
2020-08-12 07:26:59;47;9;13;2;4;3;0;1;2;0;0
2020-08-12 07:27:58;47;9;13;2;4;3;0;1;2;0;0
2020-08-12 07:28:59;47;9;13;2;4;3;0;1;2;0;0
2020-08-12 07:29:58;47;9;13;2;4;3;0;1;2;0;0
2020-08-12 07:30:59;47;9;13;2;4;3;0;1;2;0;0
2020-08-12 07:31:58;47;9;13;2;4;3;0;1;2;0;0
2020-08-12 07:32:59;47;9;13;2;4;3;0;1;2;0;0
2020-08-12 07:33:59;47;9;13;2;4;3;0;1;2;0;0
2020-08-12 07:34:58;47;9;13;2;4;3;0;1;2;0;0
2020-08-12 07:35:59;47;9;13;2;4;3;0;1;2;0;0
2020-08-12 07:36:58;47;9;13;2;4;3;0;1;2;0;0
2020-08-12 07:37:59;47;9;13;2;4;3;0;1;2;0;0
2020-08-12 07:38:59;47;9;13;2;4;3;0;1;2;0;0
2020-08-12 07:39:58;47;9;13;2;4;3;0;1;2;0;0
2020-08-12 07:40:59;47;9;13;2;4;3;0;1;2;0;0
2020-08-12 07:41:58;47;9;13;2;4;3;0;1;2;0;0
2020-08-12 07:42:59;47;9;13;2;4;3;0;1;2;0;0
2020-08-12 07:43:59;47;9;13;2;4;3;0;1;2;0;0
2020-08-12 07:44:58;47;9;13;2;4;3;0;1;2;0;0
2020-08-12 07:45:59;47;9;13;2;4;3;0;1;2;0;0
2020-08-12 07:46:58;47;9;13;2;4;3;0;1;2;0;0
2020-08-12 07:47:59;48;10;13;2;4;3;0;1;2;0;0
2020-08-12 07:48:59;49;11;13;2;4;3;0;1;2;0;0
2020-08-12 07:49:58;49;11;13;2;4;3;0;1;2;0;0
2020-08-12 07:50:59;49;11;13;2;4;3;0;1;2;0;0
2020-08-12 07:51:59;49;11;13;2;4;3;0;1;2;0;0
2020-08-12 07:52:59;49;11;13;2;4;3;0;1;2;0;0
2020-08-12 07:53:58;50;11;13;2;4;3;1;0;2;0;0
2020-08-12 07:54:59;50;11;13;2;4;3;1;0;2;0;0
2020-08-12 07:55:58;50;11;13;2;4;3;1;0;2;0;0
2020-08-12 07:56:59;50;11;13;2;4;3;1;0;2;0;0
2020-08-12 07:57:59;50;11;13;2;4;3;1;0;2;0;0
2020-08-12 07:58:58;50;11;13;2;4;3;1;0;2;0;0
2020-08-12 07:59:59;50;11;13;2;4;3;1;0;2;0;0
2020-08-12 08:00:59;50;11;13;2;4;3;1;0;2;0;0
2020-08-12 08:01:58;50;11;13;2;4;3;1;0;2;0;0
2020-08-12 08:02:59;50;11;13;2;4;3;1;0;2;0;0
2020-08-12 08:03:59;50;11;13;2;4;3;1;0;2;0;0
2020-08-12 08:04:58;51;11;14;2;4;3;1;0;2;0;0
2020-08-12 08:05:59;51;11;14;2;4;3;1;0;2;0;0
2020-08-12 08:06:59;51;11;14;2;4;3;1;0;2;0;0
2020-08-12 08:07:58;51;11;14;2;4;3;1;0;2;0;0
2020-08-12 08:08:59;51;11;14;2;4;3;1;0;2;0;0
2020-08-12 08:09:59;51;11;14;2;4;3;1;0;2;0;0
2020-08-12 08:10:58;51;11;14;2;4;3;1;0;2;0;0
2020-08-12 08:11:59;51;11;14;2;4;3;1;0;2;0;0
2020-08-12 08:12:59;51;11;14;2;4;3;1;0;2;0;0
2020-08-12 08:13:58;51;11;14;2;4;3;1;0;2;0;0
2020-08-12 08:14:59;51;11;14;2;4;3;1;0;2;0;0
2020-08-12 08:15:58;51;11;14;2;4;3;1;0;2;0;0
2020-08-12 08:16:59;52;11;14;2;4;4;1;0;2;0;0
2020-08-12 08:17:59;52;11;14;2;4;4;1;0;2;0;0
2020-08-12 08:18:58;53;11;14;2;4;4;2;0;2;0;0
2020-08-12 08:19:59;53;11;14;2;4;4;2;0;2;0;0
2020-08-12 08:20:59;53;11;14;2;4;4;2;0;2;0;0
2020-08-12 08:21:58;53;11;14;2;4;4;2;0;2;0;0
2020-08-12 08:22:59;53;11;14;2;4;4;2;0;2;0;0
2020-08-12 08:23:58;53;11;14;2;4;4;2;0;2;0;0
2020-08-12 08:24:59;53;11;14;2;4;4;2;0;2;0;0
2020-08-12 08:25:59;53;11;14;2;4;4;2;0;2;0;0
2020-08-12 08:26:58;53;11;14;2;4;4;2;0;2;0;0
2020-08-12 08:27:59;53;11;14;2;4;4;2;0;2;0;0
2020-08-12 08:28:58;53;11;14;2;4;4;2;0;2;0;0
2020-08-12 08:29:59;53;11;14;2;4;4;2;0;2;0;0
2020-08-12 08:30:58;53;11;14;2;4;4;2;0;2;0;0
2020-08-12 08:31:59;53;11;14;2;4;4;2;0;2;0;0
2020-08-12 08:32:59;53;11;14;2;4;4;2;0;2;0;0
2020-08-12 08:33:58;53;11;14;2;4;4;2;0;2;0;0
2020-08-12 08:34:59;53;11;14;2;4;4;2;0;2;0;0
2020-08-12 08:35:59;53;11;14;2;4;4;2;0;2;0;0
2020-08-12 08:36:58;53;11;14;2;4;4;2;0;2;0;0
2020-08-12 08:37:59;53;11;14;2;4;4;2;0;2;0;0
2020-08-12 08:38:59;54;11;14;3;4;4;2;0;2;0;0
2020-08-12 08:39:58;54;11;14;3;4;4;2;0;2;0;0
2020-08-12 08:40:59;54;11;14;3;4;4;2;0;2;0;0
2020-08-12 08:41:59;54;11;14;3;4;4;2;0;2;0;0
2020-08-12 08:42:58;54;11;14;3;4;4;2;0;2;0;0
2020-08-12 08:43:59;54;11;14;3;4;4;2;0;2;0;0
2020-08-12 08:44:59;54;11;14;3;4;4;2;0;2;0;0
2020-08-12 08:45:58;55;11;14;3;4;5;2;0;2;0;0
2020-08-12 08:46:59;55;11;14;3;4;5;2;0;2;0;0
2020-08-12 08:47:59;55;11;14;3;4;5;2;0;2;0;0
2020-08-12 08:48:58;55;11;14;3;4;5;2;0;2;0;0
2020-08-12 08:49:59;55;11;14;3;4;5;2;0;2;0;0
2020-08-12 08:50:59;55;11;14;3;4;5;2;0;2;0;0
2020-08-12 08:51:58;55;11;14;3;4;5;2;0;2;0;0
2020-08-12 08:52:59;55;11;14;3;4;5;2;0;2;0;0
2020-08-12 08:53:59;55;11;14;3;4;5;2;0;2;0;0
2020-08-12 08:54:58;55;11;14;3;4;5;2;0;2;0;0
2020-08-12 08:55:59;58;11;16;3;4;5;2;1;2;0;0
2020-08-12 08:56:59;58;11;16;3;4;5;2;1;2;0;0
2020-08-12 08:57:58;58;11;16;3;4;5;2;1;2;0;0
2020-08-12 08:58:59;58;11;16;3;4;5;2;1;2;0;0
2020-08-12 08:59:59;58;11;16;3;4;5;2;1;2;0;0
2020-08-12 09:00:58;58;11;16;3;4;5;2;1;2;0;0
2020-08-12 09:01:59;58;11;16;3;4;5;2;1;2;0;0
2020-08-12 09:02:59;59;11;17;3;4;5;2;1;2;0;0
2020-08-12 09:03:58;59;11;17;3;4;5;2;1;2;0;0
2020-08-12 09:04:59;59;11;17;3;4;5;2;1;2;0;0
2020-08-12 09:05:59;59;11;17;3;4;5;2;1;2;0;0
2020-08-12 09:06:58;59;11;17;3;4;5;2;1;2;0;0
2020-08-12 09:07:59;59;11;17;3;4;5;2;1;2;0;0
2020-08-12 09:09:00;60;12;17;3;4;5;2;1;2;0;0
2020-08-12 09:09:58;60;12;17;3;4;5;2;1;2;0;0
2020-08-12 09:10:59;60;12;17;3;4;5;2;1;2;0;0
2020-08-12 09:11:58;60;12;17;3;4;5;2;1;2;0;0
2020-08-12 09:12:59;61;12;18;3;4;5;2;1;2;0;0
2020-08-12 09:13:59;61;12;18;3;4;5;2;1;2;0;0
2020-08-12 09:14:58;62;12;18;3;4;5;2;2;2;0;0
2020-08-12 09:15:59;62;12;18;3;4;5;2;2;2;0;0
2020-08-12 09:16:59;62;12;18;3;4;5;2;2;2;0;0
2020-08-12 09:17:58;62;12;18;3;4;5;2;2;2;0;0
2020-08-12 09:18:59;62;12;18;3;4;5;2;2;2;0;0
2020-08-12 09:20:00;62;12;18;3;4;5;2;2;2;0;0
2020-08-12 09:20:58;62;12;18;3;4;5;2;2;2;0;0
2020-08-12 09:21:59;62;12;18;3;4;5;2;2;2;0;0
2020-08-12 09:22:58;62;12;18;3;4;5;2;2;2;0;0
2020-08-12 09:23:59;62;12;18;3;4;5;2;2;2;0;0
2020-08-12 09:24:59;62;12;18;3;4;5;2;2;2;0;0
2020-08-12 09:25:58;62;12;18;3;4;5;2;2;2;0;0
2020-08-12 09:26:59;62;12;18;3;4;5;2;2;2;0;0
2020-08-12 09:27:59;62;12;18;3;4;5;2;2;2;0;0
2020-08-12 09:28:58;62;12;18;3;4;5;2;2;2;0;0
2020-08-12 09:29:59;62;12;18;3;4;5;2;2;2;0;0
2020-08-12 09:30:59;63;12;18;3;4;6;2;2;2;0;0
2020-08-12 09:31:58;64;12;19;3;4;6;2;2;2;0;0
2020-08-12 09:32:59;64;12;19;3;4;6;2;2;2;0;0
2020-08-12 09:33:59;65;12;19;3;4;6;3;2;2;0;0
2020-08-12 09:34:58;66;12;20;3;4;6;3;2;2;0;0
2020-08-12 09:35:59;67;12;21;3;4;6;3;2;2;0;0
2020-08-12 09:36:59;67;12;21;3;4;6;3;2;2;0;0
2020-08-12 09:37:59;69;14;21;3;4;6;3;2;2;0;0
2020-08-12 09:38:58;69;14;21;3;4;6;3;2;2;0;0
2020-08-12 09:39:59;69;14;21;3;4;6;3;2;2;0;0
2020-08-12 09:40:59;69;14;21;3;4;6;3;2;2;0;0
2020-08-12 09:41:58;70;15;21;3;4;6;3;2;2;0;0
2020-08-12 09:42:59;70;15;21;3;4;6;3;2;2;0;0
2020-08-12 09:43:59;70;15;21;3;4;6;3;2;2;0;0
2020-08-12 09:44:58;71;16;21;3;4;6;3;2;2;0;0
2020-08-12 09:45:59;72;16;22;3;4;6;3;2;2;0;0
2020-08-12 09:47:00;73;16;23;3;4;6;3;2;2;0;0
2020-08-12 09:47:58;73;16;23;3;4;6;3;2;2;0;0
2020-08-12 09:48:59;73;16;23;3;4;6;3;2;2;0;0
2020-08-12 09:49:59;73;16;23;3;4;6;3;2;2;0;0
2020-08-12 09:50:58;73;16;23;3;4;6;3;2;2;0;0
2020-08-12 09:51:59;73;16;23;3;4;6;3;2;2;0;0
2020-08-12 09:52:59;73;16;23;3;4;6;3;2;2;0;0
2020-08-12 09:53:58;73;16;23;3;4;6;3;2;2;0;0
2020-08-12 09:54:59;73;16;23;3;4;6;3;2;2;0;0
2020-08-12 09:56:00;73;16;23;3;4;6;3;2;2;0;0
2020-08-12 09:56:58;73;16;23;3;4;6;3;2;2;0;0
2020-08-12 09:57:59;73;16;23;3;4;6;3;2;2;0;0
2020-08-12 09:58:58;73;16;23;3;4;6;3;2;2;0;0
2020-08-12 09:59:59;73;16;23;3;4;6;3;2;2;0;0
2020-08-12 10:00:59;73;16;23;3;4;6;3;2;2;0;0
2020-08-12 10:01:58;73;16;23;3;4;6;3;2;2;0;0
2020-08-12 10:02:59;73;16;23;3;4;6;3;2;2;0;0
2020-08-12 10:03:59;73;16;23;3;4;6;3;2;2;0;0
2020-08-12 10:04:58;73;16;23;3;4;6;3;2;2;0;0
2020-08-12 10:05:59;73;16;23;3;4;6;3;2;2;0;0
2020-08-12 10:06:59;73;16;23;3;4;6;3;2;2;0;0
2020-08-12 10:07:58;74;16;24;3;4;6;3;2;2;0;0
2020-08-12 10:08:59;74;16;24;3;4;6;3;2;2;0;0
2020-08-12 10:09:59;74;16;24;3;4;6;3;2;2;0;0
2020-08-12 10:10:58;74;16;24;3;4;6;3;2;2;0;0
2020-08-12 10:11:59;74;16;24;3;4;6;3;2;2;0;0
2020-08-12 10:12:59;74;16;24;3;4;6;3;2;2;0;0
2020-08-12 10:13:58;74;16;24;3;4;6;3;2;2;0;0
2020-08-12 10:14:59;74;16;24;3;4;6;3;2;2;0;0
2020-08-12 10:15:58;74;16;24;3;4;6;3;2;2;0;0
2020-08-12 10:16:59;74;16;24;3;4;6;3;2;2;0;0
2020-08-12 10:17:59;74;16;24;3;4;6;3;2;2;0;0
2020-08-12 10:18:58;74;16;24;3;4;6;3;2;2;0;0
2020-08-12 10:19:59;74;16;24;3;4;6;3;2;2;0;0
2020-08-12 10:20:59;74;16;24;3;4;6;3;2;2;0;0
2020-08-12 10:21:58;75;16;25;3;4;6;3;2;2;0;0
2020-08-12 10:22:59;75;16;25;3;4;6;3;2;2;0;0
2020-08-12 10:23:59;76;16;26;3;4;6;3;2;2;0;0
2020-08-12 10:24:58;76;16;26;3;4;6;3;2;2;0;0
2020-08-12 10:25:59;76;16;26;3;4;6;3;2;2;0;0
2020-08-12 10:26:59;76;16;26;3;4;6;3;2;2;0;0
2020-08-12 10:27:58;76;16;26;3;4;6;3;2;2;0;0
2020-08-12 10:28:59;76;16;26;3;4;6;3;2;2;0;0
2020-08-12 10:29:59;76;16;26;3;4;6;3;2;2;0;0
2020-08-12 10:30:58;76;16;26;3;4;6;3;2;2;0;0
2020-08-12 10:31:59;76;16;26;3;4;6;3;2;2;0;0
2020-08-12 10:32:59;76;16;26;3;4;6;3;2;2;0;0
2020-08-12 10:33:58;77;17;26;3;4;6;3;2;2;0;0
2020-08-12 10:34:59;77;17;26;3;4;6;3;2;2;0;0
2020-08-12 10:35:59;78;17;27;3;4;6;3;2;2;0;0
2020-08-12 10:36:58;79;17;27;4;4;6;3;2;2;0;0
2020-08-12 10:37:59;79;17;27;4;4;6;3;2;2;0;0
2020-08-12 10:38:59;80;18;27;4;4;6;3;2;2;0;0
2020-08-12 10:39:58;80;18;27;4;4;6;3;2;2;0;0
2020-08-12 10:40:59;81;19;27;4;4;6;3;2;2;0;0
2020-08-12 10:41:59;82;19;27;4;4;7;3;2;2;0;0
2020-08-12 10:42:58;82;19;27;4;4;7;3;2;2;0;0
2020-08-12 10:43:59;82;19;27;4;4;7;3;2;2;0;0
2020-08-12 10:44:58;82;19;27;4;4;7;3;2;2;0;0
2020-08-12 10:45:59;82;19;27;4;4;7;3;2;2;0;0
2020-08-12 10:46:59;82;19;27;4;4;7;3;2;2;0;0
2020-08-12 10:47:58;84;20;28;4;4;7;3;2;2;0;0
2020-08-12 10:48:59;84;20;28;4;4;7;3;2;2;0;0
2020-08-12 10:50:00;84;20;28;4;4;7;3;2;2;0;0
2020-08-12 10:50:58;84;20;28;4;4;7;3;2;2;0;0
2020-08-12 10:51:59;85;20;29;4;4;7;3;2;2;0;0
2020-08-12 10:52:58;85;20;29;4;4;7;3;2;2;0;0
2020-08-12 10:53:59;85;20;29;4;4;7;3;2;2;0;0
2020-08-12 10:54:59;86;20;30;4;4;7;3;2;2;0;0
2020-08-12 10:55:58;86;20;30;4;4;7;3;2;2;0;0
2020-08-12 10:56:59;86;20;30;4;4;7;3;2;2;0;0
2020-08-12 10:57:59;86;20;30;4;4;7;3;2;2;0;0
2020-08-12 10:58:58;86;21;30;3;4;7;3;2;2;0;0
2020-08-12 10:59:59;86;21;30;3;4;7;3;2;2;0;0
2020-08-12 11:00:59;86;21;30;3;4;7;3;2;2;0;0
2020-08-12 11:01:58;86;21;30;3;4;7;3;2;2;0;0
2020-08-12 11:02:59;86;21;30;3;4;7;3;2;2;0;0
2020-08-12 11:03:59;86;21;30;3;4;7;3;2;2;0;0
2020-08-12 11:04:58;87;22;30;3;4;7;3;2;2;0;0
2020-08-12 11:05:59;88;22;30;3;4;7;3;2;2;0;0
2020-08-12 11:06:58;88;22;30;3;4;7;3;2;2;0;0
2020-08-12 11:07:59;88;22;30;3;4;7;3;2;2;0;0
2020-08-12 11:08:59;90;22;31;3;4;7;3;2;2;0;0
2020-08-12 11:09:58;90;22;31;3;4;7;3;2;2;0;0
2020-08-12 11:10:59;90;22;31;3;4;7;3;2;2;0;0
2020-08-12 11:11:59;90;22;31;3;4;7;3;2;2;0;0
2020-08-12 11:12:58;90;22;31;3;4;7;3;2;2;0;0
2020-08-12 11:13:59;90;22;31;3;4;7;3;2;2;0;0
2020-08-12 11:14:58;90;22;31;3;4;7;3;2;2;0;0
2020-08-12 11:15:59;90;22;31;3;4;7;3;2;2;0;0
2020-08-12 11:16:59;90;22;31;3;4;7;3;2;2;0;0
2020-08-12 11:17:58;90;22;31;3;4;7;3;2;2;0;0
2020-08-12 11:18:59;90;22;31;3;4;7;3;2;2;0;0
2020-08-12 11:19:59;90;22;31;3;4;7;3;2;2;0;0
2020-08-12 11:20:58;90;22;31;3;4;7;3;2;2;0;0
2020-08-12 11:21:59;90;22;31;3;4;7;3;2;2;0;0
2020-08-12 11:22:58;90;22;31;3;4;7;3;2;2;0;0
2020-08-12 11:23:59;90;22;31;3;4;7;3;2;2;0;0
2020-08-12 11:24:59;90;22;31;3;4;7;3;2;2;0;0
2020-08-12 11:25:58;90;22;31;3;4;7;3;2;2;0;0
2020-08-12 11:26:59;90;22;31;3;4;7;3;2;2;0;0
2020-08-12 11:27:58;90;22;31;3;4;7;3;2;2;0;0
2020-08-12 11:28:59;90;22;31;3;4;7;3;2;2;0;0
2020-08-12 11:29:59;90;22;31;3;4;7;3;2;2;0;0
2020-08-12 11:30:58;90;22;31;3;4;7;3;2;2;0;0
2020-08-12 11:31:59;90;22;31;3;4;7;3;2;2;0;0
2020-08-12 11:32:58;90;22;31;3;4;7;3;2;2;0;0
2020-08-12 11:33:59;90;22;31;3;4;7;3;2;2;0;0
2020-08-12 11:34:59;90;22;31;3;4;7;3;2;2;0;0
2020-08-12 11:35:58;93;22;32;3;4;7;3;2;2;2;0
2020-08-12 11:36:59;93;22;32;3;4;7;3;2;2;2;0
2020-08-12 11:37:59;93;22;32;3;4;7;3;2;2;2;0
2020-08-12 11:38:58;93;22;32;3;4;7;3;2;2;2;0
2020-08-12 11:39:59;93;22;32;3;4;7;3;2;2;2;0
2020-08-12 11:40:59;94;22;33;3;4;7;3;2;2;2;0
2020-08-12 11:41:58;95;22;33;3;4;7;3;2;2;2;0
2020-08-12 11:42:59;95;22;33;3;4;7;3;2;2;2;0
2020-08-12 11:43:58;95;22;33;3;4;7;3;2;2;2;0
2020-08-12 11:44:59;95;22;33;3;4;7;3;2;2;2;0
2020-08-12 11:45:59;95;22;33;3;4;7;3;2;2;2;0
2020-08-12 11:47:00;95;22;33;3;4;7;3;2;2;2;0
2020-08-12 11:47:58;95;22;33;3;4;7;3;2;2;2;0
2020-08-12 11:48:59;95;22;33;3;4;7;3;2;2;2;0
2020-08-12 11:50:00;95;22;33;3;4;7;3;2;2;2;0
2020-08-12 11:50:58;95;22;33;3;4;7;3;2;2;2;0
2020-08-12 11:51:59;95;22;33;3;4;7;3;2;2;2;0
2020-08-12 11:52:58;95;22;33;3;4;7;3;2;2;2;0
2020-08-12 11:53:59;95;22;33;3;4;7;3;2;2;2;0
2020-08-12 11:54:59;95;22;33;3;4;7;3;2;2;2;0
2020-08-12 11:55:58;96;22;34;3;4;7;3;2;2;2;0
2020-08-12 11:56:59;98;23;34;4;4;7;3;2;2;2;0
2020-08-12 11:57:59;99;24;34;3;4;7;3;2;2;2;0
2020-08-12 11:58:58;99;24;34;3;4;7;3;2;2;2;0
2020-08-12 11:59:59;99;24;34;3;4;7;3;2;2;2;0
2020-08-12 12:00:58;99;24;34;3;4;7;3;2;2;2;0
2020-08-12 12:01:59;99;24;34;3;4;7;3;2;2;2;0
2020-08-12 12:02:58;99;24;34;3;4;7;3;2;2;2;0
2020-08-12 12:03:59;100;24;34;3;4;7;3;2;2;3;0
2020-08-12 12:04:59;100;24;34;3;4;7;3;2;2;3;0
2020-08-12 12:05:58;100;24;34;3;4;7;3;2;2;3;0
2020-08-12 12:06:59;100;24;34;3;4;7;3;2;2;3;0
2020-08-12 12:07:59;100;24;34;3;4;7;3;2;2;3;0
2020-08-12 12:08:58;100;24;34;3;4;7;3;2;2;3;0
2020-08-12 12:09:59;100;24;34;3;4;7;3;2;2;3;0
2020-08-12 12:10:59;100;24;34;3;4;7;3;2;2;3;0
2020-08-12 12:11:58;100;24;34;3;4;7;3;2;2;3;0
2020-08-12 12:12:59;100;24;34;3;4;7;3;2;2;3;0
2020-08-12 12:13:58;100;24;34;3;4;7;3;2;2;3;0
2020-08-12 12:14:59;100;24;34;3;4;7;3;2;2;3;0
2020-08-12 12:15:59;100;24;34;3;4;7;3;2;2;3;0
2020-08-12 12:16:58;100;24;34;3;4;7;3;2;2;3;0
2020-08-12 12:17:59;100;24;34;3;4;7;3;2;2;3;0
2020-08-12 12:18:58;101;24;35;3;4;7;3;2;2;3;0
2020-08-12 12:19:59;101;24;35;3;4;7;3;2;2;3;0
2020-08-12 12:20:59;101;24;35;3;4;7;3;2;2;3;0
2020-08-12 12:21:58;101;24;35;3;4;7;3;2;2;3;0
2020-08-12 12:22:59;101;24;35;3;4;7;3;2;2;3;0
2020-08-12 12:23:59;102;24;36;3;4;7;3;2;2;3;0
2020-08-12 12:24:58;102;24;36;3;4;7;3;2;2;3;0
2020-08-12 12:25:59;102;24;36;3;4;7;3;2;2;3;0
2020-08-12 12:26:59;102;24;36;3;4;7;3;2;2;3;0
2020-08-12 12:27:58;102;24;36;3;4;7;3;2;2;3;0
2020-08-12 12:28:59;103;24;36;3;4;7;3;2;2;3;0
2020-08-12 12:29:59;103;24;36;3;4;7;3;2;2;3;0
2020-08-12 12:30:58;103;24;36;3;4;7;3;2;2;3;0
2020-08-12 12:31:59;103;24;36;3;4;7;3;2;2;3;0
2020-08-12 12:33:00;103;24;36;3;4;7;3;2;2;3;0
2020-08-12 12:33:58;104;24;36;3;5;7;3;2;2;3;0
2020-08-12 12:34:59;105;24;37;3;5;7;3;2;2;3;0
2020-08-12 12:35:58;106;24;38;3;5;7;3;2;2;3;0
2020-08-12 12:36:59;107;25;38;3;5;7;3;2;2;3;0
2020-08-12 12:37:59;108;26;38;3;5;7;3;2;2;3;0
2020-08-12 12:38:58;108;26;38;3;5;7;3;2;2;3;0
2020-08-12 12:39:59;108;26;38;3;5;7;3;2;2;3;0
2020-08-12 12:40:59;108;26;38;3;5;7;3;2;2;3;0
2020-08-12 12:41:58;108;26;38;3;5;7;3;2;2;3;0
2020-08-12 12:42:59;110;27;39;3;5;7;3;2;2;3;0
2020-08-12 12:43:58;110;27;39;3;5;7;3;2;2;3;0
2020-08-12 12:44:59;112;27;40;3;5;7;3;2;3;3;0
2020-08-12 12:45:59;113;28;40;3;5;7;3;2;3;3;0
2020-08-12 12:46:58;113;28;40;3;5;7;3;2;3;3;0
2020-08-12 12:47:59;114;28;40;3;5;7;3;2;3;3;0
2020-08-12 12:48:59;115;29;40;3;5;7;3;2;3;3;0
2020-08-12 12:49:58;116;30;40;3;5;7;3;2;3;3;0
2020-08-12 12:50:59;116;30;40;3;5;7;3;2;3;3;0
2020-08-12 12:51:58;117;30;41;3;5;7;3;2;3;3;0
2020-08-12 12:52:59;117;30;41;3;5;7;3;2;3;3;0
2020-08-12 12:53:58;117;30;41;3;5;7;3;2;3;3;0
2020-08-12 12:54:59;119;31;41;3;5;7;3;3;3;3;0
2020-08-12 12:55:59;119;31;41;3;5;7;3;3;3;3;0
2020-08-12 12:56:58;119;31;41;3;5;7;3;3;3;3;0
2020-08-12 12:57:59;119;31;41;3;5;7;3;3;3;3;0
2020-08-12 12:58:58;119;31;41;3;5;7;3;3;3;3;0
2020-08-12 12:59:59;119;31;41;3;5;7;3;3;3;3;0
2020-08-12 13:00:58;119;31;41;3;5;7;3;3;3;3;0
2020-08-12 13:01:59;119;31;41;3;5;7;3;3;3;3;0
2020-08-12 13:02:59;119;31;41;3;5;7;3;3;3;3;0
2020-08-12 13:03:58;119;31;41;3;5;7;3;3;3;3;0
2020-08-12 13:04:59;119;31;41;3;5;7;3;3;3;3;0
2020-08-12 13:05:58;119;31;41;3;5;7;3;3;3;3;0
2020-08-12 13:06:59;119;31;41;3;5;7;3;3;3;3;0
2020-08-12 13:07:58;119;31;41;3;5;7;3;3;3;3;0
2020-08-12 13:08:59;119;31;41;3;5;7;3;3;3;3;0
2020-08-12 13:09:59;119;31;41;3;5;7;3;3;3;3;0
2020-08-12 13:10:59;120;32;41;3;5;7;3;3;3;3;0
2020-08-12 13:11:58;120;32;41;3;5;7;3;3;3;3;0
2020-08-12 13:12:59;120;32;41;3;5;7;3;3;3;3;0
2020-08-12 13:13:58;121;33;41;3;5;7;3;3;3;3;0
2020-08-12 13:14:59;121;33;41;3;5;7;3;3;3;3;0
2020-08-12 13:15:59;121;33;41;3;5;7;3;3;3;3;0
2020-08-12 13:16:59;122;34;42;2;5;7;3;3;3;3;0
2020-08-12 13:17:58;123;34;43;2;5;7;3;3;3;3;0
2020-08-12 13:18:59;125;34;44;2;5;7;3;3;3;3;0
2020-08-12 13:19:59;125;34;44;2;5;7;3;3;3;3;0
2020-08-12 13:20:58;125;34;45;2;5;7;3;3;3;3;0
2020-08-12 13:21:59;128;36;45;2;6;7;3;3;3;3;0
2020-08-12 13:22:59;128;36;45;2;6;7;3;3;3;3;0
2020-08-12 13:23:58;129;36;45;3;6;7;3;3;3;3;0
2020-08-12 13:24:59;129;36;45;3;6;7;3;3;3;3;0
2020-08-12 13:25:59;130;37;45;3;6;7;3;3;3;3;0
2020-08-12 13:26:58;130;37;45;3;6;7;3;3;3;3;0
2020-08-12 13:27:59;130;37;45;3;6;7;3;3;3;3;0
2020-08-12 13:28:58;132;38;46;3;6;7;3;3;3;3;0
2020-08-12 13:29:59;133;38;47;3;6;7;3;3;3;3;0
2020-08-12 13:30:59;135;42;46;3;6;7;3;3;3;3;0
2020-08-12 13:31:58;137;44;47;3;6;7;3;3;2;3;0
2020-08-12 13:32:59;138;44;48;3;6;7;3;3;2;3;0
2020-08-12 13:33:59;138;45;47;3;6;7;3;3;2;3;0
2020-08-12 13:34:58;138;45;47;3;6;7;3;3;2;3;0
2020-08-12 13:35:59;140;47;47;3;6;7;3;3;2;3;0
2020-08-12 13:36:59;144;51;47;3;6;7;3;3;2;3;0
2020-08-12 13:37:58;144;51;47;3;6;7;3;3;2;3;0
2020-08-12 13:38:59;145;52;47;3;6;7;3;3;2;3;0
2020-08-12 13:39:59;145;52;47;3;6;7;3;3;2;3;0
2020-08-12 13:40:58;145;52;47;3;6;7;3;3;2;3;0
2020-08-12 13:41:59;145;52;47;3;6;7;3;3;2;3;0
2020-08-12 13:42:58;145;52;47;3;6;7;3;3;2;3;0
2020-08-12 13:43:59;145;52;47;3;6;7;3;3;2;3;0
2020-08-12 13:44:58;147;54;47;4;6;7;3;3;2;3;0
2020-08-12 13:45:59;149;56;47;4;6;7;3;3;2;3;0
2020-08-12 13:46:58;149;56;47;4;6;7;3;3;2;3;0
2020-08-12 13:47:59;149;56;47;4;6;7;3;3;2;3;0
2020-08-12 13:48:59;150;57;47;4;6;7;3;3;2;3;0
2020-08-12 13:49:58;152;59;47;4;6;7;3;3;2;3;0
2020-08-12 13:50:59;152;59;47;4;6;7;3;3;2;3;0
2020-08-12 13:51:59;153;59;48;4;6;7;3;3;2;3;0
2020-08-12 13:52:58;155;61;48;4;6;7;3;3;2;3;0
2020-08-12 13:53:59;155;61;48;4;6;7;3;3;2;3;0
2020-08-12 13:55:00;156;63;47;4;6;7;3;3;2;3;0
2020-08-12 13:55:58;156;63;47;4;6;7;3;3;2;3;0
2020-08-12 13:56:59;156;63;47;4;6;7;3;3;2;3;0
2020-08-12 13:57:58;156;63;47;4;6;7;3;3;2;3;0
2020-08-12 13:58:59;156;63;47;4;6;7;3;3;2;3;0
2020-08-12 13:59:59;156;63;47;4;6;7;3;3;2;3;0
2020-08-12 14:00:58;158;64;48;4;6;7;3;3;2;3;0
2020-08-12 14:01:59;158;64;48;4;6;7;3;3;2;3;0
2020-08-12 14:03:00;158;65;47;4;6;7;3;3;2;3;0
2020-08-12 14:03:58;158;65;47;4;6;7;3;3;2;3;0
2020-08-12 14:04:59;158;65;47;4;6;7;3;3;2;3;0
2020-08-12 14:06:00;158;65;47;4;6;7;3;3;2;3;0
2020-08-12 14:06:58;159;66;47;4;6;7;3;3;2;3;0
2020-08-12 14:07:59;160;67;47;4;6;7;3;3;2;3;0
2020-08-12 14:08:58;160;67;47;4;6;7;3;3;2;3;0
2020-08-12 14:09:59;160;67;47;4;6;7;3;3;2;3;0
2020-08-12 14:10:59;161;68;47;4;6;7;3;3;2;3;0
2020-08-12 14:11:58;163;69;48;4;6;7;3;3;2;3;0
2020-08-12 14:12:59;164;69;49;4;6;7;3;3;2;3;0
2020-08-12 14:13:59;164;69;49;4;6;7;3;3;2;3;0
2020-08-12 14:14:58;164;69;49;4;6;7;3;3;2;3;0
2020-08-12 14:15:59;164;69;49;4;6;7;3;3;2;3;0
2020-08-12 14:16:59;164;69;49;4;6;7;3;3;2;3;0
2020-08-12 14:17:58;164;69;49;4;6;7;3;3;2;3;0
2020-08-12 14:18:59;165;70;49;4;6;7;3;3;2;3;0
2020-08-12 14:19:59;165;70;49;4;6;7;3;3;2;3;0
2020-08-12 14:20:58;165;70;49;4;6;7;3;3;2;3;0
2020-08-12 14:21:59;166;70;50;4;6;7;3;3;2;3;0
2020-08-12 14:22:59;166;70;50;4;6;7;3;3;2;3;0
2020-08-12 14:23:58;166;71;49;4;6;7;3;3;2;3;0
2020-08-12 14:24:59;166;71;49;4;6;7;3;3;2;3;0
2020-08-12 14:25:59;167;72;49;4;6;7;3;3;2;3;0
2020-08-12 14:26:59;167;72;49;4;6;7;3;3;2;3;0
2020-08-12 14:27:58;168;73;49;4;6;7;3;3;2;3;0
2020-08-12 14:28:59;168;74;48;4;6;7;3;3;2;3;0
2020-08-12 14:29:58;168;74;48;4;6;7;3;3;2;3;0
2020-08-12 14:30:59;168;74;48;4;6;7;3;3;2;3;0
2020-08-12 14:31:58;168;74;48;4;6;7;3;3;2;3;0
2020-08-12 14:32:59;168;74;48;4;6;7;3;3;2;3;0
2020-08-12 14:33:59;169;75;48;4;6;7;3;3;2;3;0
2020-08-12 14:34:58;169;75;48;4;6;7;3;3;2;3;0
2020-08-12 14:35:59;169;75;48;4;6;7;3;3;2;3;0
2020-08-12 14:36:59;170;75;49;4;6;7;3;3;2;3;0
2020-08-12 14:37:58;170;75;49;4;6;7;3;3;2;3;0
2020-08-12 14:38:59;171;76;49;4;6;7;3;3;2;3;0
2020-08-12 14:39:59;171;76;49;4;6;7;3;3;2;3;0
2020-08-12 14:40:59;171;76;49;4;6;7;3;3;2;3;0
2020-08-12 14:41:59;171;76;49;4;6;7;3;3;2;3;0
2020-08-12 14:42:58;171;76;49;4;6;7;3;3;2;3;0
2020-08-12 14:43:59;171;76;49;4;6;7;3;3;2;3;0
2020-08-12 14:44:59;171;76;49;4;6;7;3;3;2;3;0
2020-08-12 14:45:58;171;77;48;4;6;7;3;3;2;3;0
2020-08-12 14:46:59;171;77;48;4;6;7;3;3;2;3;0
2020-08-12 14:47:59;172;78;48;4;6;7;3;3;2;3;0
2020-08-12 14:48:58;172;78;48;4;6;7;3;3;2;3;0
2020-08-12 14:49:59;172;78;48;4;6;7;3;3;2;3;0
2020-08-12 14:50:59;172;78;48;4;6;7;3;3;2;3;0
2020-08-12 14:51:58;173;79;48;4;6;7;3;3;2;3;0
2020-08-12 14:52:59;173;79;48;4;6;7;3;3;2;3;0
2020-08-12 14:53:59;173;79;48;4;6;7;3;3;2;3;0
2020-08-12 14:54:58;173;79;48;4;6;7;3;3;2;3;0
2020-08-12 14:55:59;173;79;48;4;6;7;3;3;2;3;0
2020-08-12 14:56:59;173;79;48;4;6;7;3;3;2;3;0
2020-08-12 14:57:58;175;80;48;5;6;7;3;3;2;3;0
2020-08-12 14:58:59;176;81;48;5;6;7;3;3;2;3;0
2020-08-12 14:59:59;176;81;48;5;6;7;3;3;2;3;0
2020-08-12 15:00:58;176;81;48;5;6;7;3;3;2;3;0
2020-08-12 15:01:59;176;81;48;5;6;7;3;3;2;3;0
2020-08-12 15:02:59;176;82;47;5;6;7;3;3;2;3;0
2020-08-12 15:03:58;177;83;47;5;6;7;3;3;2;3;0
2020-08-12 15:04:59;179;85;47;5;6;7;3;3;2;3;0
2020-08-12 15:05:59;180;85;48;5;6;7;3;3;2;3;0
2020-08-12 15:06:58;179;85;47;5;6;7;3;3;2;3;0
2020-08-12 15:07:59;179;85;47;5;6;7;3;3;2;3;0
2020-08-12 15:09:00;180;85;48;5;6;7;3;3;2;3;0
2020-08-12 15:09:58;181;86;48;5;6;7;3;3;2;3;0
2020-08-12 15:10:59;182;87;48;5;6;7;3;3;2;3;0
2020-08-12 15:11:58;182;87;48;5;6;7;3;3;2;3;0
2020-08-12 15:12:59;182;87;48;5;6;7;3;3;2;3;0
2020-08-12 15:13:59;182;87;48;5;6;7;3;3;2;3;0
2020-08-12 15:14:58;183;88;48;5;6;7;3;3;2;3;0
2020-08-12 15:15:59;185;90;48;5;6;7;3;3;2;3;0
2020-08-12 15:16:59;185;90;48;5;6;7;3;3;2;3;0
2020-08-12 15:17:58;185;90;48;5;6;7;3;3;2;3;0
2020-08-12 15:18:59;185;90;48;5;6;7;3;3;2;3;0
2020-08-12 15:19:59;186;90;49;5;6;7;3;3;2;3;0
2020-08-12 15:20:58;186;90;49;5;6;7;3;3;2;3;0
2020-08-12 15:21:59;187;91;49;5;6;7;3;3;2;3;0
2020-08-12 15:22:59;188;92;49;5;6;7;3;3;2;3;0
2020-08-12 15:23:58;189;93;49;5;6;7;3;3;2;3;0
2020-08-12 15:24:59;189;93;49;5;6;7;3;3;2;3;0
2020-08-12 15:25:59;189;93;49;5;6;7;3;3;2;3;0
2020-08-12 15:26:58;190;94;49;5;6;7;3;3;2;3;0
2020-08-12 15:27:59;190;94;49;5;6;7;3;3;2;3;0
2020-08-12 15:28:59;192;96;49;5;6;7;3;3;2;3;0
2020-08-12 15:29:58;193;97;49;5;6;7;3;3;2;3;0
2020-08-12 15:30:59;193;97;49;5;6;7;3;3;2;3;0
2020-08-12 15:31:59;193;97;49;5;6;7;3;3;2;3;0
2020-08-12 15:32:58;193;97;49;5;6;7;3;3;2;3;0
2020-08-12 15:33:59;193;97;49;5;6;7;3;3;2;3;0
2020-08-12 15:34:58;196;99;49;5;6;7;3;3;2;3;0
2020-08-12 15:35:59;197;100;49;5;6;7;3;3;2;3;0
2020-08-12 15:36:59;197;100;49;5;6;7;3;3;2;3;0
2020-08-12 15:37:58;197;100;49;5;6;7;3;3;2;3;0
2020-08-12 15:38:59;197;100;49;5;6;7;3;3;2;3;0
2020-08-12 15:39:59;197;100;49;5;6;7;3;3;2;3;0
2020-08-12 15:40:58;199;101;49;5;7;7;3;3;2;3;0
2020-08-12 15:41:59;201;103;49;5;7;7;3;3;2;3;0
2020-08-12 15:42:58;204;105;49;5;7;8;3;3;2;3;0
2020-08-12 15:43:59;206;107;49;5;7;8;3;3;2;3;0
2020-08-12 15:44:59;206;107;49;5;7;8;3;3;2;3;0
2020-08-12 15:45:58;206;107;49;5;7;8;3;3;2;3;0
2020-08-12 15:46:59;207;108;49;5;7;8;3;3;2;3;0
2020-08-12 15:47:59;209;110;49;5;7;8;3;3;2;3;0
2020-08-12 15:48:58;210;111;49;5;7;8;3;3;2;3;0
2020-08-12 15:49:59;211;112;49;5;7;8;3;3;2;3;0
2020-08-12 15:50:59;214;115;49;5;7;8;3;3;2;3;0
2020-08-12 15:51:58;214;115;49;5;7;8;3;3;2;3;0
2020-08-12 15:52:59;216;117;49;5;7;8;3;3;2;3;0
2020-08-12 15:53:59;217;118;49;5;7;8;3;3;2;3;0
2020-08-12 15:54:58;217;118;49;5;7;8;3;3;2;3;0
2020-08-12 15:55:59;218;119;49;5;7;8;3;3;2;3;0
2020-08-12 15:56:59;219;120;49;5;7;8;3;3;2;3;0
2020-08-12 15:57:58;219;120;49;5;7;8;3;3;2;3;0
2020-08-12 15:58:59;220;121;49;5;7;8;3;3;2;3;0
2020-08-12 15:59:59;222;123;49;5;7;8;3;3;2;3;0
2020-08-12 16:00:58;221;123;47;6;7;8;3;3;2;3;0
2020-08-12 16:01:59;222;124;47;6;7;8;3;3;2;3;0
2020-08-12 16:02:58;222;124;47;6;7;8;3;3;2;3;0
2020-08-12 16:03:59;223;124;48;6;7;8;3;3;2;3;0
2020-08-12 16:04:58;223;124;48;6;7;8;3;3;2;3;0
2020-08-12 16:05:59;224;125;48;6;7;8;3;3;2;3;0
2020-08-12 16:06:58;224;125;48;6;7;8;3;3;2;3;0
2020-08-12 16:07:59;224;125;48;6;7;8;3;3;2;3;0
2020-08-12 16:08:59;224;125;48;6;7;8;3;3;2;3;0
2020-08-12 16:09:58;226;127;48;6;7;8;3;3;2;3;0
2020-08-12 16:10:59;226;127;48;6;7;8;3;3;2;3;0
2020-08-12 16:11:59;226;127;48;6;7;8;3;3;2;3;0
2020-08-12 16:12:58;226;127;48;6;7;8;3;3;2;3;0
2020-08-12 16:13:59;226;127;48;6;7;8;3;3;2;3;0
2020-08-12 16:14:59;226;127;48;6;7;8;3;3;2;3;0
2020-08-12 16:15:58;227;128;48;6;7;8;3;3;2;3;0
2020-08-12 16:16:59;227;128;48;6;7;8;3;3;2;3;0
2020-08-12 16:17:58;228;129;49;6;7;8;3;3;2;3;0
2020-08-12 16:18:59;227;129;49;5;7;8;3;3;2;3;0
2020-08-12 16:19:58;228;129;49;6;7;8;3;3;2;3;0
2020-08-12 16:20:59;229;130;49;6;7;8;3;3;2;3;0
2020-08-12 16:21:59;229;130;49;6;7;8;3;3;2;3;0
2020-08-12 16:22:59;229;130;49;6;7;8;3;3;2;3;0
2020-08-12 16:23:58;229;130;49;6;7;8;3;3;2;3;0
2020-08-12 16:24:59;229;130;49;6;7;8;3;3;2;3;0
2020-08-12 16:25:59;229;130;49;6;7;8;3;3;2;3;0
2020-08-12 16:26:59;229;130;49;6;7;8;3;3;2;3;0
2020-08-12 16:27:58;229;130;49;6;7;8;3;3;2;3;0
2020-08-12 16:28:59;231;132;49;6;7;8;3;3;2;3;0
2020-08-12 16:29:59;232;133;49;6;7;8;3;3;2;3;0
2020-08-12 16:30:58;232;133;49;6;7;8;3;3;2;3;0
2020-08-12 16:31:59;233;134;49;6;7;8;3;3;2;3;0
2020-08-12 16:32:59;233;134;49;6;7;8;3;3;2;3;0
2020-08-12 16:33:58;233;134;49;6;7;8;3;3;2;3;0
2020-08-12 16:34:59;235;135;49;6;7;8;3;3;2;3;0
2020-08-12 16:35:58;235;135;49;6;7;8;3;3;2;3;0
2020-08-12 16:36:59;235;135;49;6;7;8;3;3;2;3;0
2020-08-12 16:37:59;235;135;49;6;7;8;3;3;2;3;0
2020-08-12 16:38:58;236;135;50;6;7;8;3;3;2;3;0
2020-08-12 16:39:59;237;136;50;6;7;8;3;3;2;3;0
2020-08-12 16:40:59;237;136;50;6;7;8;3;3;2;3;0
2020-08-12 16:41:58;238;137;50;6;7;8;3;3;2;3;0
2020-08-12 16:42:59;238;137;50;6;7;8;3;3;2;3;0
2020-08-12 16:43:59;240;139;50;6;7;8;3;3;2;3;0
2020-08-12 16:44:58;240;139;50;6;7;8;3;3;2;3;0
2020-08-12 16:45:59;240;139;50;6;7;8;3;3;2;3;0
2020-08-12 16:46:58;241;140;50;6;7;8;3;3;2;3;0
2020-08-12 16:47:59;241;140;50;6;7;8;3;3;2;3;0
2020-08-12 16:48:59;241;140;50;6;7;8;3;3;2;3;0
2020-08-12 16:50:00;242;141;50;6;7;8;3;3;2;3;0
2020-08-12 16:50:58;242;142;50;6;6;8;3;3;2;3;0
2020-08-12 16:51:59;242;142;50;6;6;8;3;3;2;3;0
2020-08-12 16:52:58;242;142;50;6;6;8;3;3;2;3;0
2020-08-12 16:53:59;242;142;50;6;6;8;3;3;2;3;0
2020-08-12 16:54:58;242;142;50;6;6;8;3;3;2;3;0
2020-08-12 16:56:00;244;144;50;6;6;8;3;3;2;3;0
2020-08-12 16:56:58;245;145;50;6;6;8;3;3;2;3;0
2020-08-12 16:57:59;246;146;50;6;6;8;3;3;2;3;0
2020-08-12 16:58:59;246;146;50;6;6;8;3;3;2;3;0
2020-08-12 16:59:59;246;146;50;6;6;8;3;3;2;3;0
2020-08-12 17:00:59;246;146;50;6;6;8;3;3;2;3;0
2020-08-12 17:01:58;246;146;50;6;6;8;3;3;2;3;0
2020-08-12 17:02:59;247;147;50;6;6;8;3;3;2;3;0
2020-08-12 17:03:58;247;147;50;6;6;8;3;3;2;3;0
2020-08-12 17:04:59;247;147;50;6;6;8;3;3;2;3;0
2020-08-12 17:05:59;247;147;50;6;6;8;3;3;2;3;0
2020-08-12 17:06:58;248;148;50;6;6;8;3;3;2;3;0
2020-08-12 17:07:59;248;148;50;6;6;8;3;3;2;3;0
2020-08-12 17:08:59;248;148;50;6;6;8;3;3;2;3;0
2020-08-12 17:09:58;248;148;50;6;6;8;3;3;2;3;0
2020-08-12 17:10:59;248;148;50;6;6;8;3;3;2;3;0
2020-08-12 17:11:59;248;148;50;6;6;8;3;3;2;3;0
2020-08-12 17:12:58;249;149;50;6;6;8;3;3;2;3;0
2020-08-12 17:13:59;249;149;50;6;6;8;3;3;2;3;0
2020-08-12 17:14:59;249;149;50;6;6;8;3;3;2;3;0
2020-08-12 17:15:58;251;151;50;6;6;8;3;3;2;3;0
2020-08-12 17:16:59;251;151;50;6;6;8;3;3;2;3;0
2020-08-12 17:17:59;251;151;50;6;6;8;3;3;2;3;0
2020-08-12 17:18:58;251;151;50;6;6;8;3;3;2;3;0
2020-08-12 17:19:59;251;151;50;6;6;8;3;3;2;3;0
2020-08-12 17:21:00;251;151;50;6;6;8;3;3;2;3;0
2020-08-12 17:21:58;252;151;51;6;6;8;3;3;2;3;0
2020-08-12 17:22:59;254;153;51;6;6;8;3;3;2;3;0
2020-08-12 17:23:58;255;154;51;6;6;8;3;3;2;3;0
2020-08-12 17:24:59;257;156;51;6;6;8;3;3;2;3;0
2020-08-12 17:25:59;258;156;51;7;6;8;3;3;2;3;0
2020-08-12 17:26:58;258;156;51;7;6;8;3;3;2;3;0
2020-08-12 17:27:59;258;156;51;7;6;8;3;3;2;3;0
2020-08-12 17:28:59;258;156;51;7;6;8;3;3;2;3;0
2020-08-12 17:29:58;259;157;51;7;6;8;3;3;2;3;0
2020-08-12 17:30:59;260;157;51;8;6;8;3;3;2;3;0
2020-08-12 17:32:00;261;158;51;8;6;8;3;3;2;3;0
2020-08-12 17:32:58;262;159;51;8;6;8;3;3;2;3;0
2020-08-12 17:33:59;262;159;51;8;6;8;3;3;2;3;0
2020-08-12 17:34:58;262;159;51;8;6;8;3;3;2;3;0
2020-08-12 17:35:59;262;159;51;8;6;8;3;3;2;3;0
2020-08-12 17:36:59;262;159;51;8;6;8;3;3;2;3;0
2020-08-12 17:37:58;263;159;51;8;6;8;3;3;0;3;2
2020-08-12 17:38:59;263;159;51;8;6;8;3;3;0;3;2
2020-08-12 17:39:59;264;160;51;8;6;8;3;3;0;3;2
2020-08-12 17:40:58;264;160;51;8;6;8;3;3;0;3;2
2020-08-12 17:41:59;264;160;51;8;6;8;3;3;0;3;2
2020-08-12 17:42:59;264;160;51;8;6;8;3;3;0;3;2
2020-08-12 17:43:58;265;161;51;8;6;8;3;3;0;3;2
2020-08-12 17:44:59;265;161;51;8;6;8;3;3;0;3;2
2020-08-12 17:45:58;266;162;51;8;6;8;3;3;0;3;2
2020-08-12 17:46:59;266;162;51;8;6;8;3;3;0;3;2
2020-08-12 17:47:59;268;164;51;8;6;8;3;3;0;3;2
2020-08-12 17:48:58;268;164;51;8;6;8;3;3;0;3;2
2020-08-12 17:49:59;268;164;51;8;6;8;3;3;0;3;2
2020-08-12 17:50:58;268;164;51;8;6;8;3;3;0;3;2
2020-08-12 17:51:59;268;164;51;8;6;8;3;3;0;3;2
2020-08-12 17:52:59;268;164;51;8;6;8;3;3;0;3;2
2020-08-12 17:53:58;268;164;51;8;6;8;3;3;0;3;2
2020-08-12 17:54:59;268;164;51;8;6;8;3;3;0;3;2
2020-08-12 17:55:59;268;164;51;8;6;8;3;3;0;3;2
2020-08-12 17:56:58;268;163;51;9;6;8;3;3;0;3;2
2020-08-12 17:57:59;268;163;51;9;6;8;3;3;0;3;2
2020-08-12 17:58:58;269;164;51;9;6;8;3;3;0;3;2
2020-08-12 17:59:59;269;164;51;9;6;8;3;3;0;3;2
2020-08-12 18:00:59;270;165;51;9;6;8;3;3;0;3;2
2020-08-12 18:01:59;271;166;51;9;6;8;3;3;0;3;2
2020-08-12 18:02:58;271;166;51;9;6;8;3;3;0;3;2
2020-08-12 18:03:59;271;166;51;9;6;8;3;3;0;3;2
2020-08-12 18:04:58;271;166;51;9;6;8;3;3;0;3;2
2020-08-12 18:05:59;272;167;51;9;6;8;3;3;0;3;2
2020-08-12 18:06:58;272;167;51;9;6;8;3;3;0;3;2
2020-08-12 18:07:59;272;167;50;10;6;8;3;3;0;3;2
2020-08-12 18:08:58;272;167;50;10;6;8;3;3;0;3;2
2020-08-12 18:09:59;272;167;50;10;6;8;3;3;0;3;2
2020-08-12 18:10:59;272;167;50;10;6;8;3;3;0;3;2
2020-08-12 18:11:58;274;169;50;10;6;8;3;3;0;3;2
2020-08-12 18:12:59;274;169;50;10;6;8;3;3;0;3;2
2020-08-12 18:13:58;274;169;50;10;6;8;3;3;0;3;2
2020-08-12 18:14:59;275;170;50;10;6;8;3;3;0;3;2
2020-08-12 18:15:59;277;172;50;10;6;8;3;3;0;3;2
2020-08-12 18:16:58;278;173;50;10;6;8;3;3;0;3;2
2020-08-12 18:17:59;278;173;50;10;6;8;3;3;0;3;2
2020-08-12 18:18:59;278;173;50;10;6;8;3;3;0;3;2
2020-08-12 18:19:58;278;173;50;10;6;8;3;3;0;3;2
2020-08-12 18:20:59;278;173;50;10;6;8;3;3;0;3;2
2020-08-12 18:21:59;279;174;50;10;6;8;3;3;0;3;2
2020-08-12 18:22:58;279;174;50;10;6;8;3;3;0;3;2
2020-08-12 18:23:59;279;174;50;10;6;8;3;3;0;3;2
2020-08-12 18:24:58;279;174;50;10;6;8;3;3;0;3;2
2020-08-12 18:25:59;280;175;50;10;6;8;3;3;0;3;2
2020-08-12 18:26:59;280;175;50;10;6;8;3;3;0;3;2
2020-08-12 18:27:58;280;175;50;10;6;8;3;3;0;3;2
2020-08-12 18:28:59;280;175;50;10;6;8;3;3;0;3;2
2020-08-12 18:29:59;280;175;50;10;6;8;3;3;0;3;2
2020-08-12 18:30:58;280;175;50;10;6;8;3;3;0;3;2
2020-08-12 18:31:59;280;175;50;10;6;8;3;3;0;3;2
2020-08-12 18:32:59;281;175;50;11;6;8;3;3;0;3;2
2020-08-12 18:33:58;281;175;50;11;6;8;3;3;0;3;2
2020-08-12 18:34:59;281;175;50;11;6;8;3;3;0;3;2
2020-08-12 18:35:58;281;175;50;11;6;8;3;3;0;3;2
2020-08-12 18:36:59;282;176;50;11;6;8;3;3;0;3;2
2020-08-12 18:37:59;282;176;50;11;6;8;3;3;0;3;2
2020-08-12 18:38:58;282;176;50;11;6;8;3;3;0;3;2
2020-08-12 18:39:59;282;176;50;11;6;8;3;3;0;3;2
2020-08-12 18:41:00;282;176;50;11;6;8;3;3;0;3;2
2020-08-12 18:41:58;282;176;50;11;6;8;3;3;0;3;2
2020-08-12 18:42:59;283;177;50;11;6;8;3;3;0;3;2
2020-08-12 18:43:58;283;177;50;11;6;8;3;3;0;3;2
2020-08-12 18:44:59;283;178;49;11;6;8;3;3;0;3;2
2020-08-12 18:45:59;284;179;49;11;6;8;3;3;0;3;2
2020-08-12 18:46:58;284;179;49;11;6;8;3;3;0;3;2
2020-08-12 18:47:59;285;180;49;11;6;8;3;3;0;3;2
2020-08-12 18:48:59;285;180;49;11;6;8;3;3;0;3;2
2020-08-12 18:49:59;286;181;49;11;6;8;3;3;0;3;2
2020-08-12 18:50:58;286;182;48;11;6;8;3;3;0;3;2
2020-08-12 18:51:59;287;183;48;11;6;8;3;3;0;3;2
2020-08-12 18:52:59;288;183;49;11;6;8;3;3;0;3;2
2020-08-12 18:53:58;288;183;49;11;6;8;3;3;0;3;2
2020-08-12 18:54:59;288;183;49;11;6;8;3;3;0;3;2
2020-08-12 18:56:00;288;183;49;11;6;8;3;3;0;3;2
2020-08-12 18:56:58;289;184;49;11;6;8;3;3;0;3;2
2020-08-12 18:57:59;290;184;49;12;6;8;3;3;0;3;2
2020-08-12 18:58:59;290;184;49;12;6;8;3;3;0;3;2
2020-08-12 18:59:58;290;184;49;12;6;8;3;3;0;3;2
2020-08-12 19:00:59;290;184;49;12;6;8;3;3;0;3;2
2020-08-12 19:02:00;290;184;49;12;6;8;3;3;0;3;2
2020-08-12 19:02:58;291;185;49;12;6;8;3;3;0;3;2
2020-08-12 19:03:59;291;185;49;12;6;8;3;3;0;3;2
2020-08-12 19:04:59;292;185;49;12;6;8;3;3;0;3;2
2020-08-12 19:05:58;292;185;49;12;6;8;3;3;0;3;2
2020-08-12 19:06:59;292;185;49;12;6;8;3;3;0;3;2
2020-08-12 19:07:58;292;185;49;12;6;8;3;3;0;3;2
2020-08-12 19:08:59;292;185;49;12;6;8;3;3;0;3;2
2020-08-12 19:09:58;293;185;49;12;6;8;4;3;0;3;2
2020-08-12 19:10:59;293;185;49;12;6;8;4;3;0;3;2
2020-08-12 19:11:58;293;185;49;12;6;8;4;3;0;3;2
2020-08-12 19:12:59;293;185;49;12;6;8;4;3;0;3;2
2020-08-12 19:13:59;294;186;49;12;6;8;4;3;0;3;2
2020-08-12 19:14:59;294;186;49;12;6;8;4;3;0;3;2
2020-08-12 19:15:58;294;187;48;12;6;8;4;3;0;3;2
2020-08-12 19:16:59;294;187;48;12;6;8;4;3;0;3;2
2020-08-12 19:17:59;294;187;48;12;6;8;4;3;0;3;2
2020-08-12 19:18:58;295;188;48;12;6;8;4;3;0;3;2
2020-08-12 19:19:59;295;188;48;12;6;8;4;3;0;3;2
2020-08-12 19:20:59;297;189;49;12;6;8;4;3;0;3;2
2020-08-12 19:21:58;297;189;49;12;6;8;4;3;0;3;2
2020-08-12 19:22:59;297;189;49;12;6;8;4;3;0;3;2
2020-08-12 19:23:58;297;189;49;12;6;8;4;3;0;3;2
2020-08-12 19:24:59;297;189;49;12;6;8;4;3;0;3;2
2020-08-12 19:25:59;297;189;49;12;6;8;4;3;0;3;2
2020-08-12 19:26:58;297;189;49;12;6;8;4;3;0;3;2
2020-08-12 19:27:59;297;189;49;12;6;8;4;3;0;3;2
2020-08-12 19:28:59;297;189;49;12;6;8;4;3;0;3;2
2020-08-12 19:29:58;297;189;49;12;6;8;4;3;0;3;2
2020-08-12 19:30:59;297;189;49;12;6;8;4;3;0;3;2
2020-08-12 19:31:58;297;189;49;12;6;8;4;3;0;3;2
2020-08-12 19:32:59;296;189;48;12;6;8;4;3;0;3;2
2020-08-12 19:33:59;295;189;48;12;6;8;4;3;2;3;2
2020-08-12 19:34:59;295;189;48;12;6;8;4;3;2;3;2
2020-08-12 19:35:58;295;189;48;12;6;8;4;3;2;3;2
2020-08-12 19:36:59;295;189;48;12;6;8;4;3;2;3;2
2020-08-12 19:37:59;295;189;48;12;6;8;4;3;2;3;2
2020-08-12 19:38:58;294;189;47;12;6;8;4;3;2;3;2
2020-08-12 19:39:59;294;189;47;12;6;8;4;3;2;3;2
2020-08-12 19:40:58;295;189;47;12;6;8;5;3;2;3;2
2020-08-12 19:41:59;297;190;47;13;6;8;5;3;2;3;2
2020-08-12 19:42:59;297;190;47;13;6;8;5;3;2;3;2
2020-08-12 19:43:58;297;190;47;13;6;8;5;3;2;3;2
2020-08-12 19:44:59;299;191;47;13;6;8;5;3;2;3;2
2020-08-12 19:45:59;299;191;47;13;6;8;5;3;2;3;2
2020-08-12 19:46:59;299;191;47;13;6;8;5;3;2;3;2
2020-08-12 19:47:58;299;191;47;13;6;8;5;3;2;3;2
2020-08-12 19:48:59;299;191;47;13;6;8;5;3;2;3;2
2020-08-12 19:49:59;299;191;47;13;6;8;5;3;2;3;2
2020-08-12 19:50:58;300;192;47;13;6;8;5;3;2;3;2
2020-08-12 19:51:59;301;193;47;13;6;8;5;3;2;3;2
2020-08-12 19:52:59;302;193;48;13;6;8;5;3;2;3;2
2020-08-12 19:53:58;302;193;48;13;6;8;5;3;2;3;2
2020-08-12 19:54:59;302;193;48;13;6;8;5;3;2;3;2
2020-08-12 19:55:59;302;193;48;13;6;8;5;3;2;3;2
2020-08-12 19:56:58;302;193;48;13;6;8;5;3;2;3;2
2020-08-12 19:57:59;302;193;48;13;6;8;5;3;2;3;2
2020-08-12 19:58:59;302;193;48;13;6;8;5;3;2;3;2
2020-08-12 19:59:58;302;193;48;13;6;8;5;3;2;3;2
2020-08-12 20:00:59;302;193;48;13;6;8;5;3;2;3;2
2020-08-12 20:01:59;302;193;48;13;6;8;5;3;2;3;2
2020-08-12 20:02:58;302;193;48;13;6;8;5;3;2;3;2
2020-08-12 20:03:59;303;194;48;13;6;8;5;3;2;3;2
2020-08-12 20:05:00;303;194;48;13;6;8;5;3;2;3;2
2020-08-12 20:05:58;303;194;48;13;6;8;5;3;2;3;2
2020-08-12 20:06:59;304;195;48;13;6;8;5;3;2;3;2
2020-08-12 20:07:59;304;195;48;13;6;8;5;3;2;3;2
2020-08-12 20:08:58;304;195;48;14;6;8;5;3;2;3;2
2020-08-12 20:09:59;305;195;49;14;6;8;5;3;2;3;2
2020-08-12 20:10:58;305;195;49;14;6;8;5;3;2;3;2
2020-08-12 20:11:59;305;195;49;14;6;8;5;3;2;3;2
2020-08-12 20:12:59;305;195;49;14;6;8;5;3;2;3;2
2020-08-12 20:13:58;305;195;49;14;6;8;5;3;2;3;2
2020-08-12 20:14:59;305;195;49;14;6;8;5;3;2;3;2
2020-08-12 20:15:59;305;195;49;14;6;8;5;3;2;3;2
2020-08-12 20:16:59;306;196;49;14;6;8;5;3;2;3;2
2020-08-12 20:17:58;306;196;49;14;6;8;5;3;2;3;2
2020-08-12 20:18:59;307;197;49;14;6;8;5;3;2;3;2
2020-08-12 20:20:00;307;197;49;14;6;8;5;3;2;3;2
2020-08-12 20:20:58;307;197;49;14;6;8;5;3;2;3;2
2020-08-12 20:21:59;308;198;49;14;6;8;5;3;2;3;2
2020-08-12 20:22:59;309;199;49;14;6;8;5;3;2;3;2
2020-08-12 20:23:58;310;200;49;14;6;8;5;3;2;3;2
2020-08-12 20:24:59;310;200;49;14;6;8;5;3;2;3;2
2020-08-12 20:25:59;310;200;49;14;6;8;5;3;2;3;2
2020-08-12 20:26:58;312;202;49;14;6;8;5;3;2;3;2
2020-08-12 20:27:59;312;202;49;14;6;8;5;3;2;3;2
2020-08-12 20:28:58;313;203;49;14;6;8;5;3;2;3;2
2020-08-12 20:29:59;314;203;49;14;6;8;5;3;3;3;2
2020-08-12 20:30:59;315;204;49;14;6;8;5;3;3;3;2
2020-08-12 20:31:58;315;204;49;14;6;8;5;3;3;3;2
2020-08-12 20:32:59;316;205;49;14;6;8;5;3;3;3;2
2020-08-12 20:33:59;316;205;49;14;6;8;5;3;3;3;2
2020-08-12 20:34:58;316;205;49;14;6;8;5;3;3;3;2
2020-08-12 20:35:59;316;205;49;14;6;8;5;3;3;3;2
2020-08-12 20:36:59;316;205;49;14;6;8;5;3;3;3;2
2020-08-12 20:37:58;316;205;49;14;6;8;5;3;3;3;2
2020-08-12 20:38:59;316;205;49;14;6;8;5;3;3;3;2
2020-08-12 20:39:59;316;205;49;14;6;8;5;3;3;3;2
2020-08-12 20:40:58;318;207;49;14;6;8;5;3;3;3;2
2020-08-12 20:41:59;318;207;49;14;6;8;5;3;3;3;2
2020-08-12 20:42:59;319;208;49;14;6;8;5;3;3;3;2
2020-08-12 20:43:58;320;209;49;14;6;8;5;3;3;3;2
2020-08-12 20:44:59;320;209;49;14;6;8;5;3;3;3;2
2020-08-12 20:45:59;320;209;49;14;6;8;5;3;3;3;2
2020-08-12 20:46:58;321;210;49;14;6;8;5;3;3;3;2
2020-08-12 20:47:59;321;210;49;14;6;8;5;3;3;3;2
2020-08-12 20:48:59;321;210;49;14;6;8;5;3;3;3;2
2020-08-12 20:49:58;321;210;49;14;6;8;5;3;3;3;2
2020-08-12 20:50:59;322;211;49;14;6;8;5;3;3;3;2
2020-08-12 20:51:59;322;211;49;14;6;8;5;3;3;3;2
2020-08-12 20:52:58;322;211;49;14;6;8;5;3;3;3;2
2020-08-12 20:53:59;321;211;48;14;6;8;5;3;3;3;2
2020-08-12 20:54:59;322;212;48;14;6;8;5;3;3;3;2
2020-08-12 20:55:58;322;212;48;14;6;8;5;3;3;3;2
2020-08-12 20:56:59;322;212;48;14;6;8;5;3;3;3;2
2020-08-12 20:57:58;322;212;48;14;6;8;5;3;3;3;2
2020-08-12 20:58:59;322;212;48;14;6;8;5;3;3;3;2
2020-08-12 20:59:59;323;213;48;14;6;8;5;3;3;3;2
2020-08-12 21:00:58;326;215;49;14;6;8;5;3;3;3;2
2020-08-12 21:01:59;327;216;49;14;6;8;5;3;3;3;2
2020-08-12 21:02:59;328;217;49;14;6;8;5;3;3;3;2
2020-08-12 21:03:58;328;217;49;14;6;8;5;3;3;3;2
2020-08-12 21:04:59;328;217;49;14;6;8;5;3;3;3;2
2020-08-12 21:05:59;328;217;49;14;6;8;5;3;3;3;2
2020-08-12 21:06:58;328;217;49;14;6;8;5;3;3;3;2
2020-08-12 21:07:59;328;217;49;14;6;8;5;3;3;3;2
2020-08-12 21:08:59;328;217;49;14;6;8;5;3;3;3;2
2020-08-12 21:09:58;328;217;49;14;6;8;5;3;3;3;2
2020-08-12 21:10:59;329;217;49;14;6;8;5;3;3;3;2
2020-08-12 21:11:59;330;218;49;14;6;8;5;3;3;3;2
2020-08-12 21:12:58;331;219;49;14;6;8;5;3;3;3;2
2020-08-12 21:13:59;331;219;49;14;6;8;5;3;3;3;2
2020-08-12 21:14:59;333;221;49;14;6;8;5;3;3;3;2
2020-08-12 21:15:58;333;221;49;14;6;8;5;3;3;3;2
2020-08-12 21:16:59;333;221;49;14;6;8;5;3;3;3;2
2020-08-12 21:17:59;333;221;49;14;6;8;5;3;3;3;2
2020-08-12 21:18:58;333;221;49;14;6;8;5;3;3;3;2
2020-08-12 21:19:59;333;221;49;14;6;8;5;3;3;3;2
2020-08-12 21:20:59;333;221;49;14;6;8;5;3;3;3;2
2020-08-12 21:21:58;334;222;49;14;6;8;5;3;3;3;2
2020-08-12 21:22:59;334;222;49;14;6;8;5;3;3;3;2
2020-08-12 21:23:59;334;222;49;14;6;8;5;3;3;3;2
2020-08-12 21:24:58;335;223;49;14;6;8;5;3;3;3;2
2020-08-12 21:25:59;335;223;49;14;6;8;5;3;3;3;2
2020-08-12 21:26:59;335;223;49;14;6;8;5;3;3;3;2
2020-08-12 21:27:58;335;223;49;14;6;8;5;3;3;3;2
2020-08-12 21:28:59;336;223;50;14;6;8;5;3;3;3;2
2020-08-12 21:29:58;339;224;51;13;6;9;5;3;3;3;2
2020-08-12 21:30:59;339;224;51;13;6;9;5;3;3;3;2
2020-08-12 21:31:59;339;224;51;13;6;9;5;3;3;3;2
2020-08-12 21:32:59;342;228;51;13;6;9;5;3;3;3;2
2020-08-12 21:33:59;342;228;51;13;6;9;5;3;3;3;2
2020-08-12 21:34:58;342;228;51;13;6;9;5;3;3;3;2
2020-08-12 21:35:59;342;228;51;13;6;9;5;3;3;3;2
2020-08-12 21:36:58;342;228;51;13;6;9;5;3;3;3;2
2020-08-12 21:37:59;342;228;51;13;6;9;5;3;3;3;2
2020-08-12 21:38:59;343;230;51;13;6;8;5;3;3;3;2
2020-08-12 21:39:59;343;230;51;13;6;8;5;3;3;3;2
2020-08-12 21:40:58;344;231;51;13;6;8;5;3;3;3;2
2020-08-12 21:41:59;344;231;51;13;6;8;5;3;3;3;2
2020-08-12 21:42:59;344;231;51;13;6;8;5;3;3;3;2
2020-08-12 21:43:58;344;231;51;13;6;8;5;3;3;3;2
2020-08-12 21:44:59;344;231;51;13;6;8;5;3;3;3;2
2020-08-12 21:45:58;344;231;51;13;6;8;5;3;3;3;2
2020-08-12 21:46:59;345;232;51;13;6;8;5;3;3;3;2
2020-08-12 21:47:59;345;232;51;13;6;8;5;3;3;3;2
2020-08-12 21:48:58;345;232;51;13;6;8;5;3;3;3;2
2020-08-12 21:49:59;345;232;51;13;6;8;5;3;3;3;2
2020-08-12 21:50:59;345;232;51;13;6;8;5;3;3;3;2
2020-08-12 21:51:58;345;232;51;13;6;8;5;3;3;3;2
2020-08-12 21:52:59;345;232;51;13;6;8;5;3;3;3;2
2020-08-12 21:53:59;345;232;51;13;6;8;5;3;3;3;2
2020-08-12 21:54:58;345;232;51;13;6;8;5;3;3;3;2
2020-08-12 21:55:59;348;234;52;13;6;8;5;3;3;3;2
2020-08-12 21:56:59;349;235;52;13;6;8;5;3;3;3;2
2020-08-12 21:57:58;349;235;52;13;6;8;5;3;3;3;2
2020-08-12 21:58:59;351;237;52;13;6;8;5;3;3;3;2
2020-08-12 21:59:59;351;237;52;13;6;8;5;3;3;3;2
2020-08-12 22:00:58;351;237;52;13;6;8;5;3;3;3;2
2020-08-12 22:01:59;353;239;52;13;6;8;5;3;3;3;2
2020-08-12 22:02:58;353;239;52;13;6;8;5;3;3;3;2
2020-08-12 22:03:59;353;239;52;13;6;8;5;3;3;3;2
2020-08-12 22:04:59;353;239;52;13;6;8;5;3;3;3;2
2020-08-12 22:05:58;353;239;52;13;6;8;5;3;3;3;2
2020-08-12 22:06:59;353;239;52;13;6;8;5;3;3;3;2
2020-08-12 22:07:59;353;239;52;13;6;8;5;3;3;3;2
2020-08-12 22:08:58;353;239;52;13;6;8;5;3;3;3;2
2020-08-12 22:09:59;353;239;52;13;6;8;5;3;3;3;2
2020-08-12 22:10:59;353;239;52;13;6;8;5;3;3;3;2
2020-08-12 22:11:58;354;240;52;13;6;8;5;3;3;3;2
2020-08-12 22:12:59;355;241;52;13;6;8;5;3;3;3;2
2020-08-12 22:13:59;355;241;52;13;6;8;5;3;3;3;2
2020-08-12 22:14:58;355;241;52;13;6;8;5;3;3;3;2
2020-08-12 22:15:59;355;241;52;13;6;8;5;3;3;3;2
2020-08-12 22:16:59;355;241;52;13;6;8;5;3;3;3;2
2020-08-12 22:17:58;355;241;52;13;6;8;5;3;3;3;2
2020-08-12 22:18:59;355;241;52;13;6;8;5;3;3;3;2
2020-08-12 22:19:58;356;242;52;13;6;8;5;3;3;3;2
2020-08-12 22:20:59;356;242;52;13;6;8;5;3;3;3;2
2020-08-12 22:21:59;356;242;52;13;6;8;5;3;3;3;2
2020-08-12 22:22:58;356;242;52;13;6;8;5;3;3;3;2
2020-08-12 22:23:59;356;242;52;13;6;8;5;3;3;3;2
2020-08-12 22:24:59;356;242;52;13;6;8;5;3;3;3;2
2020-08-12 22:25:58;357;243;52;13;6;8;5;3;3;3;2
2020-08-12 22:26:59;357;243;52;13;6;8;5;3;3;3;2
2020-08-12 22:27:59;358;244;52;13;6;8;5;3;3;3;2
2020-08-12 22:28:58;358;244;52;13;6;8;5;3;3;3;2
2020-08-12 22:29:59;358;244;52;13;6;8;5;3;3;3;2
2020-08-12 22:30:59;358;244;52;13;6;8;5;3;3;3;2
2020-08-12 22:31:58;358;244;52;13;6;8;5;3;3;3;2
2020-08-12 22:32:59;358;244;52;13;6;8;5;3;3;3;2
2020-08-12 22:33:59;358;244;52;13;6;8;5;3;3;3;2
2020-08-12 22:34:58;358;244;52;13;6;8;5;3;3;3;2
2020-08-12 22:35:59;359;245;52;13;6;8;5;3;3;3;2
2020-08-12 22:36:58;359;245;52;13;6;8;5;3;3;3;2
2020-08-12 22:37:59;359;245;52;13;6;8;5;3;3;3;2
2020-08-12 22:38:59;359;245;52;13;6;8;5;3;3;3;2
2020-08-12 22:39:58;360;245;52;13;6;8;6;3;3;3;2
2020-08-12 22:40:59;360;245;52;13;6;8;6;3;3;3;2
2020-08-12 22:41:58;360;245;52;13;6;8;6;3;3;3;2
2020-08-12 22:42:59;361;246;52;13;6;8;6;3;3;3;2
2020-08-12 22:43:59;362;246;53;13;6;8;6;3;3;3;2
2020-08-12 22:44:58;362;246;53;13;6;8;6;3;3;3;2
2020-08-12 22:45:59;363;246;54;13;6;8;6;3;3;3;2
2020-08-12 22:46:59;363;246;54;13;6;8;6;3;3;3;2
2020-08-12 22:47:58;363;246;54;13;6;8;6;3;3;3;2
2020-08-12 22:48:59;363;246;54;13;6;8;6;3;3;3;2
2020-08-12 22:49:59;364;247;54;13;6;8;6;3;3;3;2
2020-08-12 22:50:58;365;248;54;13;6;8;6;3;3;3;2
2020-08-12 22:51:59;365;248;54;13;6;8;6;3;3;3;2
2020-08-12 22:52:58;365;248;54;13;6;8;6;3;3;3;2
2020-08-12 22:53:59;366;248;54;14;6;8;6;3;3;3;2
2020-08-12 22:54:59;366;248;54;14;6;8;6;3;3;3;2
2020-08-12 22:55:59;366;248;54;14;6;8;6;3;3;3;2
2020-08-12 22:56:58;366;249;53;14;6;8;6;3;3;3;2
2020-08-12 22:57:59;366;249;53;14;6;8;6;3;3;3;2
2020-08-12 22:58:59;366;249;53;14;6;8;6;3;3;3;2
2020-08-12 22:59:58;366;249;53;14;6;8;6;3;3;3;2
2020-08-12 23:00:59;366;249;53;14;6;8;6;3;3;3;2
2020-08-12 23:01:59;366;249;53;14;6;8;6;3;3;3;2
2020-08-12 23:02:58;366;249;53;14;6;8;6;3;3;3;2
2020-08-12 23:03:59;366;249;53;14;6;8;6;3;3;3;2
2020-08-12 23:04:58;366;249;53;14;6;8;6;3;3;3;2
2020-08-12 23:05:59;366;249;53;14;6;8;6;3;3;3;2
2020-08-12 23:06:59;366;249;53;14;6;8;6;3;3;3;2
2020-08-12 23:07:58;366;250;53;14;6;8;6;3;3;3;2
2020-08-12 23:08:59;366;250;53;14;6;8;6;3;3;3;2
2020-08-12 23:09:59;366;250;53;14;6;8;6;3;3;3;2
2020-08-12 23:10:58;366;250;53;14;6;8;6;3;3;3;2
2020-08-12 23:11:59;367;251;53;14;6;8;6;3;3;3;2
2020-08-12 23:12:58;366;250;53;14;6;8;6;3;3;3;2
2020-08-12 23:13:59;368;251;54;14;6;8;6;3;3;3;2
2020-08-12 23:14:59;368;251;54;14;6;8;6;3;3;3;2
2020-08-12 23:15:58;368;251;54;14;6;8;6;3;3;3;2
2020-08-12 23:16:59;369;252;54;14;6;8;6;3;3;3;2
2020-08-12 23:17:58;369;252;54;14;6;8;6;3;3;3;2
2020-08-12 23:18:59;369;251;54;14;7;8;6;3;3;3;2
2020-08-12 23:19:58;370;251;54;14;8;8;6;3;3;3;2
2020-08-12 23:20:59;370;251;54;14;8;8;6;3;3;3;2
2020-08-12 23:22:00;370;251;54;14;8;8;6;3;3;3;2
2020-08-12 23:22:58;370;251;54;14;8;8;6;3;3;3;2
2020-08-12 23:23:59;370;251;54;14;8;8;6;3;3;3;2
2020-08-12 23:24:58;370;251;54;14;8;8;6;3;3;3;2
2020-08-12 23:25:59;370;251;54;14;8;8;6;3;3;3;2
2020-08-12 23:26:59;370;251;54;14;8;8;6;3;3;3;2
2020-08-12 23:27:59;370;251;54;14;8;8;6;3;3;3;2
2020-08-12 23:28:58;370;251;54;14;8;8;6;3;3;3;2
2020-08-12 23:29:59;370;251;54;14;8;8;6;3;3;3;2
2020-08-12 23:30:59;370;251;54;14;8;8;6;3;3;3;2
2020-08-12 23:31:58;370;251;54;14;8;8;6;3;3;3;2
2020-08-12 23:32:59;370;251;54;14;8;8;6;3;3;3;2
2020-08-12 23:33:58;370;251;54;14;8;8;6;3;3;3;2
2020-08-12 23:34:59;370;251;54;14;8;8;6;3;3;3;2
2020-08-12 23:35:59;370;251;54;14;8;8;6;3;3;3;2
2020-08-12 23:36:58;370;251;54;14;8;8;6;3;3;3;2
2020-08-12 23:37:59;370;251;54;14;8;8;6;3;3;3;2
2020-08-12 23:38:59;372;252;55;14;8;8;6;3;3;3;2
2020-08-12 23:39:58;373;253;55;14;8;8;6;3;3;3;2
2020-08-12 23:40:59;373;253;55;14;8;8;6;3;3;3;2
2020-08-12 23:41:59;373;253;55;14;8;8;6;3;3;3;2
2020-08-12 23:42:58;373;253;55;14;8;8;6;3;3;3;2
2020-08-12 23:43:59;373;253;55;14;8;8;6;3;3;3;2
2020-08-12 23:44:58;374;254;55;14;8;8;6;3;3;3;2
2020-08-12 23:45:59;374;254;55;14;8;8;6;3;3;3;2
2020-08-12 23:46:59;374;254;55;14;8;8;6;3;3;3;2
2020-08-12 23:47:58;374;254;55;14;8;8;6;3;3;3;2
2020-08-12 23:48:59;374;254;55;14;8;8;6;3;3;3;2
2020-08-12 23:49:59;374;254;55;14;8;8;6;3;3;3;2
2020-08-12 23:50:58;374;254;55;14;8;8;6;3;3;3;2
2020-08-12 23:51:59;374;254;55;14;8;8;6;3;3;3;2
2020-08-12 23:52:59;374;254;55;14;8;8;6;3;3;3;2
2020-08-12 23:53:58;375;256;55;14;8;8;6;3;3;3;2
2020-08-12 23:54:59;375;256;55;14;8;8;6;3;3;3;2
2020-08-12 23:55:58;375;256;55;14;8;8;6;3;3;3;2
2020-08-12 23:56:59;377;257;56;14;8;8;6;3;3;3;2
2020-08-12 23:57:59;377;257;56;14;8;8;6;3;3;3;2
2020-08-12 23:58:58;377;257;56;14;8;8;6;3;3;3;2
2020-08-12 23:59:59;379;259;56;14;8;8;6;3;3;3;2
