datetime;total_votes;Zippymax;nenastja;shamanka2_0;navalny;megalomaniac;1917;Private_Ryan;Volodya_FM;xtend;shturn
2020-10-21 00:00:59;0;0;0;1;0;0;0;0;0;0;0
2020-10-21 00:01:58;3;2;0;1;0;0;0;0;0;0;0
2020-10-21 00:02:59;3;2;0;1;0;0;0;0;0;0;0
2020-10-21 00:03:59;4;2;0;1;0;0;0;0;0;0;0
2020-10-21 00:04:58;4;2;0;1;0;0;0;0;0;0;0
2020-10-21 00:05:59;4;2;0;1;0;0;0;0;0;0;0
2020-10-21 00:06:59;4;2;0;1;0;0;0;0;0;0;0
2020-10-21 00:07:58;4;2;0;1;0;0;0;0;0;0;0
2020-10-21 00:08:59;4;2;0;1;0;0;0;0;0;0;0
2020-10-21 00:09:59;4;2;0;1;0;0;0;0;0;0;0
2020-10-21 00:10:58;7;2;0;1;0;1;0;0;0;0;0
2020-10-21 00:11:59;7;2;0;1;0;1;0;0;0;0;0
2020-10-21 00:12:59;8;2;0;1;0;1;1;0;0;0;0
2020-10-21 00:13:58;10;2;0;2;0;1;1;0;0;0;0
2020-10-21 00:14:59;10;2;0;2;0;1;1;0;0;0;0
2020-10-21 00:15:59;11;2;0;2;0;1;1;1;0;0;0
2020-10-21 00:16:58;11;2;0;2;0;1;1;1;0;0;0
2020-10-21 00:17:59;11;2;0;2;0;1;1;1;0;0;0
2020-10-21 00:18:59;11;2;0;2;0;1;1;1;0;0;0
2020-10-21 00:19:58;11;2;0;2;0;1;1;1;0;0;0
2020-10-21 00:20:59;11;2;0;2;0;1;1;1;0;0;0
2020-10-21 00:21:59;12;2;0;2;0;2;1;1;0;0;0
2020-10-21 00:22:58;12;2;0;2;0;2;1;1;0;0;0
2020-10-21 00:23:59;13;2;0;2;0;2;2;1;0;0;0
2020-10-21 00:24:59;13;2;0;2;0;2;2;1;0;0;0
2020-10-21 00:25:58;14;2;0;2;0;2;3;1;0;0;0
2020-10-21 00:26:59;15;2;0;2;0;3;3;1;0;0;0
2020-10-21 00:27:59;15;2;0;2;0;3;3;1;0;0;0
2020-10-21 00:28:58;15;2;0;2;0;3;3;1;0;0;0
2020-10-21 00:29:59;16;2;1;2;0;3;3;1;0;0;0
2020-10-21 00:30:59;16;2;1;2;0;3;3;1;0;0;0
2020-10-21 00:31:58;17;3;1;2;0;3;3;1;0;0;0
2020-10-21 00:32:59;17;3;1;2;0;3;3;1;0;0;0
2020-10-21 00:33:59;18;3;1;2;0;4;3;1;0;0;0
2020-10-21 00:34:58;19;3;1;2;0;5;3;1;0;0;0
2020-10-21 00:35:59;20;3;1;2;0;6;3;1;0;0;0
2020-10-21 00:36:59;20;3;1;2;0;6;3;1;0;0;0
2020-10-21 00:37:58;21;3;1;2;0;6;4;1;0;0;0
2020-10-21 00:38:59;21;3;1;2;0;6;4;1;0;0;0
2020-10-21 00:40:00;21;3;1;2;0;6;4;1;0;0;0
2020-10-21 00:40:58;21;3;1;2;0;6;4;1;0;0;0
2020-10-21 00:41:59;21;3;1;2;0;6;4;1;0;0;0
2020-10-21 00:42:59;21;3;1;2;0;6;4;1;0;0;0
2020-10-21 00:43:58;21;3;1;2;0;6;4;1;0;0;0
2020-10-21 00:44:59;21;3;1;2;0;6;4;1;0;0;0
2020-10-21 00:45:59;21;3;1;2;0;6;4;1;0;0;0
2020-10-21 00:46:58;21;3;1;2;0;6;4;1;0;0;0
2020-10-21 00:47:59;21;3;1;2;0;6;4;1;0;0;0
2020-10-21 00:48:59;21;3;1;2;0;6;4;1;0;0;0
2020-10-21 00:49:58;21;3;1;2;0;6;4;1;0;0;0
2020-10-21 00:50:59;21;3;1;2;0;6;4;1;0;0;0
2020-10-21 00:51:58;21;3;1;2;0;6;4;1;0;0;0
2020-10-21 00:52:59;21;3;1;2;0;6;4;1;0;0;0
2020-10-21 00:53:59;21;3;1;2;0;6;4;1;0;0;0
2020-10-21 00:54:58;21;3;1;2;0;6;4;1;0;0;0
2020-10-21 00:55:59;21;3;1;2;0;6;4;1;0;0;0
2020-10-21 00:56:59;22;3;2;2;0;6;4;1;0;0;0
2020-10-21 00:57:58;22;3;2;2;0;6;4;1;0;0;0
2020-10-21 00:58:59;23;3;2;2;0;6;4;1;0;0;0
2020-10-21 00:59:59;23;3;2;2;0;6;4;1;0;0;0
2020-10-21 01:00:58;23;3;2;2;0;6;4;1;0;0;0
2020-10-21 01:01:59;23;3;2;2;0;6;4;1;0;0;0
2020-10-21 01:02:59;23;3;2;2;0;6;4;1;0;0;0
2020-10-21 01:03:58;23;3;2;2;0;6;4;1;0;0;0
2020-10-21 01:04:59;23;3;2;2;0;6;4;1;0;0;0
2020-10-21 01:05:59;23;3;2;2;0;6;4;1;0;0;0
2020-10-21 01:06:58;23;3;2;2;0;6;4;1;0;0;0
2020-10-21 01:07:59;23;3;2;2;0;6;4;1;0;0;0
2020-10-21 01:08:58;23;3;2;2;0;6;4;1;0;0;0
2020-10-21 01:09:59;23;3;2;2;0;6;4;1;0;0;0
2020-10-21 01:10:59;24;3;2;2;0;7;4;1;0;0;0
2020-10-21 01:11:59;25;4;2;2;0;7;4;1;0;0;0
2020-10-21 01:12:58;25;4;2;2;0;7;4;1;0;0;0
2020-10-21 01:13:59;25;4;2;2;0;7;4;1;0;0;0
2020-10-21 01:14:59;25;4;2;2;0;7;4;1;0;0;0
2020-10-21 01:15:58;26;4;2;2;0;7;4;1;0;0;0
2020-10-21 01:16:59;26;4;2;2;0;7;4;1;0;0;0
2020-10-21 01:17:59;27;4;2;3;0;7;4;1;0;0;0
2020-10-21 01:18:58;27;4;2;3;0;7;4;1;0;0;0
2020-10-21 01:19:59;27;4;2;3;0;7;4;1;0;0;0
2020-10-21 01:20:59;29;5;2;4;0;7;4;1;0;0;0
2020-10-21 01:21:58;29;5;2;4;0;7;4;1;0;0;0
2020-10-21 01:22:59;29;5;2;4;0;7;4;1;0;0;0
2020-10-21 01:23:59;29;5;2;4;0;7;4;1;0;0;0
2020-10-21 01:24:58;29;5;2;4;0;7;4;1;0;0;0
2020-10-21 01:25:59;29;5;2;4;0;7;4;1;0;0;0
2020-10-21 01:27:00;29;5;2;4;0;7;4;1;0;0;0
2020-10-21 01:27:58;29;5;2;4;0;7;4;1;0;0;0
2020-10-21 01:28:59;29;5;2;4;0;7;4;1;0;0;0
2020-10-21 01:29:58;29;5;2;4;0;7;4;1;0;0;0
2020-10-21 01:30:59;29;5;2;4;0;7;4;1;0;0;0
2020-10-21 01:31:59;29;5;2;4;0;7;4;1;0;0;0
2020-10-21 01:32:59;29;5;2;4;0;7;4;1;0;0;0
2020-10-21 01:33:58;29;5;2;4;0;7;4;1;0;0;0
2020-10-21 01:34:59;29;5;2;4;0;7;4;1;0;0;0
2020-10-21 01:35:59;29;5;2;4;0;7;4;1;0;0;0
2020-10-21 01:36:58;29;5;2;4;0;7;4;1;0;0;0
2020-10-21 01:37:59;29;5;2;4;0;7;4;1;0;0;0
2020-10-21 01:38:59;29;5;2;4;0;7;4;1;0;0;0
2020-10-21 01:39:58;30;5;3;4;0;7;4;1;0;0;0
2020-10-21 01:40:59;30;5;3;4;0;7;4;1;0;0;0
2020-10-21 01:41:58;31;5;3;4;0;7;4;2;0;0;0
2020-10-21 01:42:59;32;5;3;5;0;7;4;2;0;0;0
2020-10-21 01:43:59;32;5;3;5;0;7;4;2;0;0;0
2020-10-21 01:44:58;33;5;3;5;0;7;4;3;0;0;0
2020-10-21 01:45:59;33;5;3;5;0;7;4;3;0;0;0
2020-10-21 01:46:59;33;5;3;5;0;7;4;3;0;0;0
2020-10-21 01:47:58;33;5;3;5;0;7;4;3;0;0;0
2020-10-21 01:48:59;33;5;3;5;0;7;4;3;0;0;0
2020-10-21 01:49:59;33;5;3;5;0;7;4;3;0;0;0
2020-10-21 01:50:58;33;5;3;5;0;7;4;3;0;0;0
2020-10-21 01:51:59;33;5;3;5;0;7;4;3;0;0;0
2020-10-21 01:52:59;33;5;3;5;0;7;4;3;0;0;0
2020-10-21 01:53:58;33;5;3;5;0;7;4;3;0;0;0
2020-10-21 01:54:59;33;5;3;5;0;7;4;3;0;0;0
2020-10-21 01:55:59;34;6;3;5;0;7;4;3;0;0;0
2020-10-21 01:56:58;34;6;3;5;0;7;4;3;0;0;0
2020-10-21 01:57:59;35;6;3;5;0;7;5;3;0;0;0
2020-10-21 01:58:59;36;6;3;5;0;7;5;3;0;0;0
2020-10-21 01:59:58;36;6;3;5;0;7;5;3;0;0;0
2020-10-21 02:00:59;36;6;3;5;0;7;5;3;0;0;0
2020-10-21 02:01:59;36;6;3;5;0;7;5;3;0;0;0
2020-10-21 02:02:58;36;6;3;5;0;7;5;3;0;0;0
2020-10-21 02:03:59;36;6;3;5;0;7;5;3;0;0;0
2020-10-21 02:04:59;36;6;3;5;0;7;5;3;0;0;0
2020-10-21 02:05:58;36;6;3;5;0;7;5;3;0;0;0
2020-10-21 02:06:59;36;6;3;5;0;7;5;3;0;0;0
2020-10-21 02:07:59;36;6;3;5;0;7;5;3;0;0;0
2020-10-21 02:08:58;36;6;3;5;0;7;5;3;0;0;0
2020-10-21 02:09:59;36;6;3;5;0;7;5;3;0;0;0
2020-10-21 02:10:59;36;6;3;5;0;7;5;3;0;0;0
2020-10-21 02:11:58;36;6;3;5;0;7;5;3;0;0;0
2020-10-21 02:12:59;36;6;3;5;0;7;5;3;0;0;0
2020-10-21 02:13:59;36;6;3;5;0;7;5;3;0;0;0
2020-10-21 02:14:58;36;6;3;5;0;7;5;3;0;0;0
2020-10-21 02:15:59;36;6;3;5;0;7;5;3;0;0;0
2020-10-21 02:16:59;36;6;3;5;0;7;5;3;0;0;0
2020-10-21 02:17:58;36;6;3;5;0;7;5;3;0;0;0
2020-10-21 02:18:59;36;6;3;5;0;7;5;3;0;0;0
2020-10-21 02:19:59;36;6;3;5;0;7;5;3;0;0;0
2020-10-21 02:20:58;36;6;3;5;0;7;5;3;0;0;0
2020-10-21 02:21:59;36;6;3;5;0;7;5;3;0;0;0
2020-10-21 02:22:58;36;6;3;5;0;7;5;3;0;0;0
2020-10-21 02:23:59;36;6;3;5;0;7;5;3;0;0;0
2020-10-21 02:24:59;36;6;3;5;0;7;5;3;0;0;0
2020-10-21 02:25:58;36;6;3;5;0;7;5;3;0;0;0
2020-10-21 02:26:59;36;6;3;5;0;7;5;3;0;0;0
2020-10-21 02:27:59;37;7;3;5;0;7;5;3;0;0;0
2020-10-21 02:28:58;37;7;3;5;0;7;5;3;0;0;0
2020-10-21 02:29:59;37;7;3;5;0;7;5;3;0;0;0
2020-10-21 02:30:59;37;7;3;5;0;7;5;3;0;0;0
2020-10-21 02:31:58;37;7;3;5;0;7;5;3;0;0;0
2020-10-21 02:32:59;37;7;3;5;0;7;5;3;0;0;0
2020-10-21 02:33:59;37;7;3;5;0;7;5;3;0;0;0
2020-10-21 02:34:58;37;7;3;5;0;7;5;3;0;0;0
2020-10-21 02:35:59;37;7;3;5;0;7;5;3;0;0;0
2020-10-21 02:36:59;37;7;3;5;0;7;5;3;0;0;0
2020-10-21 02:37:58;37;7;3;5;0;7;5;3;0;0;0
2020-10-21 02:38:59;37;7;3;5;0;7;5;3;0;0;0
2020-10-21 02:39:58;37;7;3;5;0;7;5;3;0;0;0
2020-10-21 02:40:59;37;7;3;5;0;7;5;3;0;0;0
2020-10-21 02:41:59;37;7;3;5;0;7;5;3;0;0;0
2020-10-21 02:42:58;37;7;3;5;0;7;5;3;0;0;0
2020-10-21 02:43:59;37;7;3;5;0;7;5;3;0;0;0
2020-10-21 02:44:59;37;7;3;5;0;7;5;3;0;0;0
2020-10-21 02:45:58;37;7;3;5;0;7;5;3;0;0;0
2020-10-21 02:46:59;37;7;3;5;0;7;5;3;0;0;0
2020-10-21 02:47:58;37;7;3;5;0;7;5;3;0;0;0
2020-10-21 02:48:59;37;7;3;5;0;7;5;3;0;0;0
2020-10-21 02:49:59;37;7;3;5;0;7;5;3;0;0;0
2020-10-21 02:50:58;37;7;3;5;0;7;5;3;0;0;0
2020-10-21 02:51:59;38;7;4;5;0;7;5;3;0;0;0
2020-10-21 02:52:59;39;8;4;5;0;7;5;3;0;0;0
2020-10-21 02:53:58;39;8;4;5;0;7;5;3;0;0;0
2020-10-21 02:54:59;40;8;4;5;0;7;5;4;0;0;0
2020-10-21 02:55:59;40;8;4;5;0;7;5;4;0;0;0
2020-10-21 02:56:58;40;8;4;5;0;7;5;4;0;0;0
2020-10-21 02:57:59;40;8;4;5;0;7;5;4;0;0;0
2020-10-21 02:58:58;40;8;4;5;0;7;5;4;0;0;0
2020-10-21 02:59:59;40;8;4;5;0;7;5;4;0;0;0
2020-10-21 03:00:59;40;8;4;5;0;7;5;4;0;0;0
2020-10-21 03:01:58;40;8;4;5;0;7;5;4;0;0;0
2020-10-21 03:02:59;40;8;4;5;0;7;5;4;0;0;0
2020-10-21 03:03:59;40;8;4;5;0;7;5;4;0;0;0
2020-10-21 03:04:58;40;8;4;5;0;7;5;4;0;0;0
2020-10-21 03:05:59;40;8;4;5;0;7;5;4;0;0;0
2020-10-21 03:06:59;40;8;4;5;0;7;5;4;0;0;0
2020-10-21 03:07:58;40;8;4;5;0;7;5;4;0;0;0
2020-10-21 03:08:59;41;8;4;5;0;7;5;4;0;0;0
2020-10-21 03:09:59;41;8;4;5;0;7;5;4;0;0;0
2020-10-21 03:10:58;41;8;4;5;0;7;5;4;0;0;0
2020-10-21 03:11:59;41;8;4;5;0;7;5;4;0;0;0
2020-10-21 03:12:59;41;8;4;5;0;7;5;4;0;0;0
2020-10-21 03:13:58;41;8;4;5;0;7;5;4;0;0;0
2020-10-21 03:14:59;41;8;4;5;0;7;5;4;0;0;0
2020-10-21 03:15:59;41;8;4;5;0;7;5;4;0;0;0
2020-10-21 03:16:58;41;8;4;5;0;7;5;4;0;0;0
2020-10-21 03:17:59;41;8;4;5;0;7;5;4;0;0;0
2020-10-21 03:18:59;41;8;4;5;0;7;5;4;0;0;0
2020-10-21 03:19:58;41;8;4;5;0;7;5;4;0;0;0
2020-10-21 03:20:59;41;8;4;5;0;7;5;4;0;0;0
2020-10-21 03:21:59;41;8;4;5;0;7;5;4;0;0;0
2020-10-21 03:22:58;41;8;4;5;0;7;5;4;0;0;0
2020-10-21 03:23:59;41;8;4;5;0;7;5;4;0;0;0
2020-10-21 03:24:59;41;8;4;5;0;7;5;4;0;0;0
2020-10-21 03:25:58;41;8;4;5;0;7;5;4;0;0;0
2020-10-21 03:26:59;41;8;4;5;0;7;5;4;0;0;0
2020-10-21 03:27:58;41;8;4;5;0;7;5;4;0;0;0
2020-10-21 03:28:59;41;8;4;5;0;7;5;4;0;0;0
2020-10-21 03:29:59;42;8;4;5;0;8;5;4;0;0;0
2020-10-21 03:30:58;42;8;4;5;0;8;5;4;0;0;0
2020-10-21 03:31:59;42;8;4;5;0;8;5;4;0;0;0
2020-10-21 03:32:59;42;8;4;5;0;8;5;4;0;0;0
2020-10-21 03:33:58;42;8;4;5;0;8;5;4;0;0;0
2020-10-21 03:34:59;42;8;4;5;0;8;5;4;0;0;0
2020-10-21 03:35:59;42;8;4;5;0;8;5;4;0;0;0
2020-10-21 03:36:58;42;8;4;5;0;8;5;4;0;0;0
2020-10-21 03:37:59;42;8;4;5;0;8;5;4;0;0;0
2020-10-21 03:38:59;42;8;4;5;0;8;5;4;0;0;0
2020-10-21 03:39:58;42;8;4;5;0;8;5;4;0;0;0
2020-10-21 03:40:59;42;8;4;5;0;8;5;4;0;0;0
2020-10-21 03:41:59;42;8;4;5;0;8;5;4;0;0;0
2020-10-21 03:43:00;42;8;4;5;0;8;5;4;0;0;0
2020-10-21 03:43:58;42;8;4;5;0;8;5;4;0;0;0
2020-10-21 03:44:59;42;8;4;5;0;8;5;4;0;0;0
2020-10-21 03:45:58;42;8;4;5;0;8;5;4;0;0;0
2020-10-21 03:46:59;42;8;4;5;0;8;5;4;0;0;0
2020-10-21 03:47:59;42;8;4;5;0;8;5;4;0;0;0
2020-10-21 03:48:58;42;8;4;5;0;8;5;4;0;0;0
2020-10-21 03:49:59;42;8;4;5;0;8;5;4;0;0;0
2020-10-21 03:50:59;42;8;4;5;0;8;5;4;0;0;0
2020-10-21 03:51:58;42;8;4;5;0;8;5;4;0;0;0
2020-10-21 03:52:59;42;8;4;5;0;8;5;4;0;0;0
2020-10-21 03:53:59;42;8;4;5;0;8;5;4;0;0;0
2020-10-21 03:54:58;42;8;4;5;0;8;5;4;0;0;0
2020-10-21 03:55:59;42;8;4;5;0;8;5;4;0;0;0
2020-10-21 03:56:59;42;8;4;5;0;8;5;4;0;0;0
2020-10-21 03:57:59;42;8;4;5;0;8;5;4;0;0;0
2020-10-21 03:58:58;42;8;4;5;0;8;5;4;0;0;0
2020-10-21 03:59:59;42;8;4;5;0;8;5;4;0;0;0
2020-10-21 04:00:58;42;8;4;5;0;8;5;4;0;0;0
2020-10-21 04:01:59;42;8;4;5;0;8;5;4;0;0;0
2020-10-21 04:02:59;42;8;4;5;0;8;5;4;0;0;0
2020-10-21 04:03:59;42;8;4;5;0;8;5;4;0;0;0
2020-10-21 04:04:58;42;8;4;5;0;8;5;4;0;0;0
2020-10-21 04:05:59;42;8;4;5;0;8;5;4;0;0;0
2020-10-21 04:06:58;42;8;4;5;0;8;5;4;0;0;0
2020-10-21 04:07:59;42;8;4;5;0;8;5;4;0;0;0
2020-10-21 04:08:59;42;8;4;5;0;8;5;4;0;0;0
2020-10-21 04:09:58;42;8;4;5;0;8;5;4;0;0;0
2020-10-21 04:10:59;42;8;4;5;0;8;5;4;0;0;0
2020-10-21 04:11:59;42;8;4;5;0;8;5;4;0;0;0
2020-10-21 04:12:58;42;8;4;5;0;8;5;4;0;0;0
2020-10-21 04:13:59;42;8;4;5;0;8;5;4;0;0;0
2020-10-21 04:14:59;42;8;4;5;0;8;5;4;0;0;0
2020-10-21 04:15:58;42;8;4;5;0;8;5;4;0;0;0
2020-10-21 04:16:59;42;8;4;5;0;8;5;4;0;0;0
2020-10-21 04:17:59;42;8;4;5;0;8;5;4;0;0;0
2020-10-21 04:18:58;42;8;4;5;0;8;5;4;0;0;0
2020-10-21 04:19:59;42;8;4;5;0;8;5;4;0;0;0
2020-10-21 04:20:59;42;8;4;5;0;8;5;4;0;0;0
2020-10-21 04:21:58;42;8;4;5;0;8;5;4;0;0;0
2020-10-21 04:22:59;42;8;4;5;0;8;5;4;0;0;0
2020-10-21 04:23:59;42;8;4;5;0;8;5;4;0;0;0
2020-10-21 04:24:58;42;8;4;5;0;8;5;4;0;0;0
2020-10-21 04:25:59;43;8;5;5;0;8;5;4;0;0;0
2020-10-21 04:26:59;43;8;5;5;0;8;5;4;0;0;0
2020-10-21 04:27:58;43;8;5;5;0;8;5;4;0;0;0
2020-10-21 04:28:59;43;8;5;5;0;8;5;4;0;0;0
2020-10-21 04:30:00;44;8;5;5;0;8;5;5;0;0;0
2020-10-21 04:30:58;44;8;5;5;0;8;5;5;0;0;0
2020-10-21 04:31:59;44;8;5;5;0;8;5;5;0;0;0
2020-10-21 04:32:58;44;8;5;5;0;8;5;5;0;0;0
2020-10-21 04:33:59;44;8;5;5;0;8;5;5;0;0;0
2020-10-21 04:34:59;44;8;5;5;0;8;5;5;0;0;0
2020-10-21 04:35:58;44;8;5;5;0;8;5;5;0;0;0
2020-10-21 04:36:59;44;8;5;5;0;8;5;5;0;0;0
2020-10-21 04:37:58;44;8;5;5;0;8;5;5;0;0;0
2020-10-21 04:38:59;44;8;5;5;0;8;5;5;0;0;0
2020-10-21 04:39:58;44;8;5;5;0;8;5;5;0;0;0
2020-10-21 04:40:59;44;8;5;5;0;8;5;5;0;0;0
2020-10-21 04:41:59;44;8;5;5;0;8;5;5;0;0;0
2020-10-21 04:42:58;44;8;5;5;0;8;5;5;0;0;0
2020-10-21 04:43:59;44;8;5;5;0;8;5;5;0;0;0
2020-10-21 04:44:59;44;8;5;5;0;8;5;5;0;0;0
2020-10-21 04:45:58;44;8;5;5;0;8;5;5;0;0;0
2020-10-21 04:46:59;44;8;5;5;0;8;5;5;0;0;0
2020-10-21 04:47:59;44;8;5;5;0;8;5;5;0;0;0
2020-10-21 04:49:00;44;8;5;5;0;8;5;5;0;0;0
2020-10-21 04:49:58;44;8;5;5;0;8;5;5;0;0;0
2020-10-21 04:50:59;44;8;5;5;0;8;5;5;0;0;0
2020-10-21 04:51:59;44;8;5;5;0;8;5;5;0;0;0
2020-10-21 04:52:58;44;8;5;5;0;8;5;5;0;0;0
2020-10-21 04:53:59;44;8;5;5;0;8;5;5;0;0;0
2020-10-21 04:54:59;44;8;5;5;0;8;5;5;0;0;0
2020-10-21 04:55:58;44;8;5;5;0;8;5;5;0;0;0
2020-10-21 04:56:59;44;8;5;5;0;8;5;5;0;0;0
2020-10-21 04:57:59;44;8;5;5;0;8;5;5;0;0;0
2020-10-21 04:58:58;44;8;5;5;0;8;5;5;0;0;0
2020-10-21 04:59:59;45;8;5;6;0;8;5;5;0;0;0
2020-10-21 05:00:58;45;8;5;6;0;8;5;5;0;0;0
2020-10-21 05:01:59;45;8;5;6;0;8;5;5;0;0;0
2020-10-21 05:02:59;45;8;5;6;0;8;5;5;0;0;0
2020-10-21 05:03:58;45;8;5;6;0;8;5;5;0;0;0
2020-10-21 05:04:59;45;8;5;6;0;8;5;5;0;0;0
2020-10-21 05:05:58;45;8;5;6;0;8;5;5;0;0;0
2020-10-21 05:06:59;45;8;5;6;0;8;5;5;0;0;0
2020-10-21 05:07:59;45;8;5;6;0;8;5;5;0;0;0
2020-10-21 05:08:59;45;8;5;6;0;8;5;5;0;0;0
2020-10-21 05:09:58;45;8;5;6;0;8;5;5;0;0;0
2020-10-21 05:10:59;46;9;5;6;0;8;5;5;0;0;0
2020-10-21 05:11:59;46;9;5;6;0;8;5;5;0;0;0
2020-10-21 05:12:58;46;9;5;6;0;8;5;5;0;0;0
2020-10-21 05:13:59;46;9;5;6;0;8;5;5;0;0;0
2020-10-21 05:14:58;46;9;5;6;0;8;5;5;0;0;0
2020-10-21 05:15:59;46;9;5;6;0;8;5;5;0;0;0
2020-10-21 05:16:58;46;9;5;6;0;8;5;5;0;0;0
2020-10-21 05:17:59;46;9;5;6;0;8;5;5;0;0;0
2020-10-21 05:18:59;46;9;5;6;0;8;5;5;0;0;0
2020-10-21 05:19:58;46;9;5;6;0;8;5;5;0;0;0
2020-10-21 05:20:59;46;9;5;6;0;8;5;5;0;0;0
2020-10-21 05:21:59;47;9;5;6;0;8;5;5;0;1;0
2020-10-21 05:22:58;47;9;5;6;0;8;5;5;0;1;0
2020-10-21 05:23:59;47;9;5;6;0;8;5;5;0;1;0
2020-10-21 05:24:59;47;9;5;6;0;8;5;5;0;1;0
2020-10-21 05:26:00;47;9;5;6;0;8;5;5;0;1;0
2020-10-21 05:26:58;47;9;5;6;0;8;5;5;0;1;0
2020-10-21 05:27:59;47;9;5;6;0;8;5;5;0;1;0
2020-10-21 05:28:58;47;9;5;6;0;8;5;5;0;1;0
2020-10-21 05:29:59;47;9;5;6;0;8;5;5;0;1;0
2020-10-21 05:30:59;47;9;5;6;0;8;5;5;0;1;0
2020-10-21 05:31:59;47;9;5;6;0;8;5;5;0;1;0
2020-10-21 05:32:58;47;9;5;6;0;8;5;5;0;1;0
2020-10-21 05:33:59;47;9;5;6;0;8;5;5;0;1;0
2020-10-21 05:34:59;47;9;5;6;0;8;5;5;0;1;0
2020-10-21 05:35:58;47;9;5;6;0;8;5;5;0;1;0
2020-10-21 05:36:59;47;9;5;6;0;8;5;5;0;1;0
2020-10-21 05:37:59;47;9;5;6;0;8;5;5;0;1;0
2020-10-21 05:38:58;47;9;5;6;0;8;5;5;0;1;0
2020-10-21 05:39:59;47;9;5;6;0;8;5;5;0;1;0
2020-10-21 05:40:59;47;9;5;6;0;8;5;5;0;1;0
2020-10-21 05:41:58;47;9;5;6;0;8;5;5;0;1;0
2020-10-21 05:42:59;47;9;5;6;0;8;5;5;0;1;0
2020-10-21 05:43:58;47;9;5;6;0;8;5;5;0;1;0
2020-10-21 05:44:59;47;9;5;6;0;8;5;5;0;1;0
2020-10-21 05:45:59;47;9;5;6;0;8;5;5;0;1;0
2020-10-21 05:46:58;47;9;5;6;0;8;5;5;0;1;0
2020-10-21 05:47:59;47;9;5;6;0;8;5;5;0;1;0
2020-10-21 05:48:59;47;9;5;6;0;8;5;5;0;1;0
2020-10-21 05:49:58;48;9;5;6;0;9;5;5;0;1;0
2020-10-21 05:50:59;48;9;5;6;0;9;5;5;0;1;0
2020-10-21 05:51:59;48;9;5;6;0;9;5;5;0;1;0
2020-10-21 05:52:58;48;9;5;6;0;9;5;5;0;1;0
2020-10-21 05:53:59;49;9;5;6;0;9;5;5;0;2;0
2020-10-21 05:54:59;49;9;5;6;0;9;5;5;0;2;0
2020-10-21 05:55:59;49;9;5;6;0;9;5;5;0;2;0
2020-10-21 05:56:58;49;9;5;6;0;9;5;5;0;2;0
2020-10-21 05:57:59;49;9;5;6;0;9;5;5;0;2;0
2020-10-21 05:58:59;49;9;5;6;0;9;5;5;0;2;0
2020-10-21 05:59:58;50;9;6;6;0;9;5;5;0;2;0
2020-10-21 06:00:59;50;9;6;6;0;9;5;5;0;2;0
2020-10-21 06:01:59;50;9;6;6;0;9;5;5;0;2;0
2020-10-21 06:02:58;50;9;6;6;0;9;5;5;0;2;0
2020-10-21 06:03:59;50;9;6;6;0;9;5;5;0;2;0
2020-10-21 06:04:58;50;9;6;6;0;9;5;5;0;2;0
2020-10-21 06:05:59;50;9;6;6;0;9;5;5;0;2;0
2020-10-21 06:06:59;50;9;6;6;0;9;5;5;0;2;0
2020-10-21 06:07:58;50;9;6;6;0;9;5;5;0;2;0
2020-10-21 06:08:59;50;9;6;6;0;9;5;5;0;2;0
2020-10-21 06:09:59;50;9;6;6;0;9;5;5;0;2;0
2020-10-21 06:10:58;50;9;6;6;0;9;5;5;0;2;0
2020-10-21 06:11:59;50;9;6;6;0;9;5;5;0;2;0
2020-10-21 06:12:59;50;9;6;6;0;9;5;5;0;2;0
2020-10-21 06:13:58;50;9;6;6;0;9;5;5;0;2;0
2020-10-21 06:14:59;50;9;6;6;0;9;5;5;0;2;0
2020-10-21 06:15:59;51;10;6;6;0;9;5;5;0;2;0
2020-10-21 06:16:58;51;10;6;6;0;9;5;5;0;2;0
2020-10-21 06:17:59;51;10;6;6;0;9;5;5;0;2;0
2020-10-21 06:18:59;51;10;6;6;0;9;5;5;0;2;0
2020-10-21 06:19:58;51;10;6;6;0;9;5;5;0;2;0
2020-10-21 06:20:59;51;10;6;6;0;9;5;5;0;2;0
2020-10-21 06:21:58;52;10;6;6;0;9;5;5;0;2;0
2020-10-21 06:22:59;52;10;6;6;0;9;5;5;0;2;0
2020-10-21 06:23:59;52;10;6;6;0;9;5;5;0;2;0
2020-10-21 06:24:58;53;10;6;7;0;9;5;5;0;2;0
2020-10-21 06:25:59;53;10;6;7;0;9;5;5;0;2;0
2020-10-21 06:26:59;53;10;6;7;0;9;5;5;0;2;0
2020-10-21 06:27:58;53;10;6;7;0;9;5;5;0;2;0
2020-10-21 06:28:59;53;10;6;7;0;9;5;5;0;2;0
2020-10-21 06:29:59;53;10;6;7;0;9;5;5;0;2;0
2020-10-21 06:30:58;53;10;6;7;0;9;5;5;0;2;0
2020-10-21 06:31:59;53;10;6;7;0;9;5;5;0;2;0
2020-10-21 06:32:59;53;10;6;7;0;9;5;5;0;2;0
2020-10-21 06:33:58;53;10;6;7;0;9;5;5;0;2;0
2020-10-21 06:34:59;53;10;6;7;0;9;5;5;0;2;0
2020-10-21 06:35:59;53;10;6;7;0;9;5;5;0;2;0
2020-10-21 06:36:58;53;10;6;7;0;9;5;5;0;2;0
2020-10-21 06:37:59;53;10;6;7;0;9;5;5;0;2;0
2020-10-21 06:39:00;54;11;6;7;0;9;5;5;0;2;0
2020-10-21 06:39:58;54;11;6;7;0;9;5;5;0;2;0
2020-10-21 06:40:59;54;11;6;7;0;9;5;5;0;2;0
2020-10-21 06:41:58;54;11;6;7;0;9;5;5;0;2;0
2020-10-21 06:42:59;54;11;6;7;0;9;5;5;0;2;0
2020-10-21 06:43:59;54;11;6;7;0;9;5;5;0;2;0
2020-10-21 06:44:59;54;11;6;7;0;9;5;5;0;2;0
2020-10-21 06:45:58;54;11;6;7;0;9;5;5;0;2;0
2020-10-21 06:46:59;54;11;6;7;0;9;5;5;0;2;0
2020-10-21 06:47:58;54;11;6;7;0;9;5;5;0;2;0
2020-10-21 06:48:59;54;11;6;7;0;9;5;5;0;2;0
2020-10-21 06:49:59;54;11;6;7;0;9;5;5;0;2;0
2020-10-21 06:50:58;54;11;6;7;0;9;5;5;0;2;0
2020-10-21 06:51:59;54;11;6;7;0;9;5;5;0;2;0
2020-10-21 06:52:58;54;11;6;7;0;9;5;5;0;2;0
2020-10-21 06:53:59;54;11;6;7;0;9;5;5;0;2;0
2020-10-21 06:54:59;54;11;6;7;0;9;5;5;0;2;0
2020-10-21 06:55:58;54;11;6;7;0;9;5;5;0;2;0
2020-10-21 06:56:59;54;11;6;7;0;9;5;5;0;2;0
2020-10-21 06:57:59;54;11;6;7;0;9;5;5;0;2;0
2020-10-21 06:58:58;54;11;6;7;0;9;5;5;0;2;0
2020-10-21 06:59:59;54;11;6;7;0;9;5;5;0;2;0
2020-10-21 07:00:59;54;11;6;7;0;9;5;5;0;2;0
2020-10-21 07:01:58;54;11;6;7;0;9;5;5;0;2;0
2020-10-21 07:02:59;54;11;6;7;0;9;5;5;0;2;0
2020-10-21 07:03:58;54;11;6;7;0;9;5;5;0;2;0
2020-10-21 07:04:59;54;11;6;7;0;9;5;5;0;2;0
2020-10-21 07:05:59;54;11;6;7;0;9;5;5;0;2;0
2020-10-21 07:06:58;54;11;6;7;0;9;5;5;0;2;0
2020-10-21 07:07:59;54;11;6;7;0;9;5;5;0;2;0
2020-10-21 07:08:58;54;11;6;7;0;9;5;5;0;2;0
2020-10-21 07:09:59;54;11;6;7;0;9;5;5;0;2;0
2020-10-21 07:10:59;54;11;6;7;0;9;5;5;0;2;0
2020-10-21 07:11:59;54;11;6;7;0;9;5;5;0;2;0
2020-10-21 07:12:58;55;12;6;7;0;9;5;5;0;2;0
2020-10-21 07:13:59;55;12;6;7;0;9;5;5;0;2;0
2020-10-21 07:15:00;55;12;6;7;0;9;5;5;0;2;0
2020-10-21 07:15:58;55;12;6;7;0;9;5;5;0;2;0
2020-10-21 07:16:59;56;12;6;8;0;9;5;5;0;2;0
2020-10-21 07:17:58;56;12;6;8;0;9;5;5;0;2;0
2020-10-21 07:18:59;56;12;6;8;0;9;5;5;0;2;0
2020-10-21 07:19:59;56;12;6;8;0;9;5;5;0;2;0
2020-10-21 07:20:58;56;12;6;8;0;9;5;5;0;2;0
2020-10-21 07:21:59;56;12;6;8;0;9;5;5;0;2;0
2020-10-21 07:22:59;56;12;6;8;0;9;5;5;0;2;0
2020-10-21 07:23:58;56;12;6;8;0;9;5;5;0;2;0
2020-10-21 07:24:59;56;12;6;8;0;9;5;5;0;2;0
2020-10-21 07:25:59;56;12;6;8;0;9;5;5;0;2;0
2020-10-21 07:26:58;56;12;6;8;0;9;5;5;0;2;0
2020-10-21 07:27:59;56;12;6;8;0;9;5;5;0;2;0
2020-10-21 07:28:59;56;12;6;8;0;9;5;5;0;2;0
2020-10-21 07:29:58;56;12;6;8;0;9;5;5;0;2;0
2020-10-21 07:30:59;56;12;6;8;0;9;5;5;0;2;0
2020-10-21 07:31:59;56;12;6;8;0;9;5;5;0;2;0
2020-10-21 07:32:58;56;12;6;8;0;9;5;5;0;2;0
2020-10-21 07:33:59;56;12;6;8;0;9;5;5;0;2;0
2020-10-21 07:34:58;56;12;6;8;0;9;5;5;0;2;0
2020-10-21 07:35:59;56;12;6;8;0;9;5;5;0;2;0
2020-10-21 07:36:59;56;12;6;8;0;9;5;5;0;2;0
2020-10-21 07:37:58;56;12;6;8;0;9;5;5;0;2;0
2020-10-21 07:38:59;56;12;6;8;0;9;5;5;0;2;0
2020-10-21 07:39:58;57;12;6;8;0;10;5;5;0;2;0
2020-10-21 07:40:59;57;12;6;8;0;10;5;5;0;2;0
2020-10-21 07:41:59;57;12;6;8;0;10;5;5;0;2;0
2020-10-21 07:42:58;57;12;6;8;0;10;5;5;0;2;0
2020-10-21 07:43:59;57;12;6;8;0;10;5;5;0;2;0
2020-10-21 07:44:58;57;12;6;8;0;10;5;5;0;2;0
2020-10-21 07:45:59;57;12;6;8;0;10;5;5;0;2;0
2020-10-21 07:46:59;57;12;6;8;0;10;5;5;0;2;0
2020-10-21 07:47:58;57;12;6;8;0;10;5;5;0;2;0
2020-10-21 07:48:59;57;12;6;8;0;10;5;5;0;2;0
2020-10-21 07:49:59;57;12;6;8;0;10;5;5;0;2;0
2020-10-21 07:50:58;58;12;6;8;0;10;5;5;0;2;0
2020-10-21 07:51:59;58;12;6;8;0;10;5;5;0;2;0
2020-10-21 07:52:59;58;12;6;8;0;10;5;5;0;2;0
2020-10-21 07:53:58;58;12;6;8;0;10;5;5;0;2;0
2020-10-21 07:54:59;59;12;6;8;0;10;5;6;0;2;0
2020-10-21 07:56:00;59;12;6;8;0;10;5;6;0;2;0
2020-10-21 07:56:58;59;12;6;8;0;10;5;6;0;2;0
2020-10-21 07:57:59;59;12;6;8;0;10;5;6;0;2;0
2020-10-21 07:58:58;59;12;6;8;0;10;5;6;0;2;0
2020-10-21 07:59:59;59;12;6;8;0;10;5;6;0;2;0
2020-10-21 08:00:59;60;12;6;8;0;10;5;6;0;2;0
2020-10-21 08:01:58;60;12;6;8;0;10;5;6;0;2;0
2020-10-21 08:02:59;61;12;6;8;0;11;5;6;0;2;0
2020-10-21 08:03:59;61;12;6;8;0;11;5;6;0;2;0
2020-10-21 08:04:58;61;12;6;8;0;11;5;6;0;2;0
2020-10-21 08:05:59;61;12;6;8;0;11;5;6;0;2;0
2020-10-21 08:06:59;61;12;6;8;0;11;5;6;0;2;0
2020-10-21 08:07:58;61;12;6;8;0;11;5;6;0;2;0
2020-10-21 08:08:59;61;12;6;8;0;11;5;6;0;2;0
2020-10-21 08:09:59;61;12;6;8;0;11;5;6;0;2;0
2020-10-21 08:10:58;61;12;6;8;0;11;5;6;0;2;0
2020-10-21 08:11:59;61;12;6;8;0;11;5;6;0;2;0
2020-10-21 08:12:59;61;12;6;8;0;11;5;6;0;2;0
2020-10-21 08:13:58;61;12;6;8;0;11;5;6;0;2;0
2020-10-21 08:14:59;61;12;6;8;0;11;5;6;0;2;0
2020-10-21 08:15:59;61;12;6;8;0;11;5;6;0;2;0
2020-10-21 08:16:59;62;13;6;8;0;11;5;6;0;2;0
2020-10-21 08:17:58;62;13;6;8;0;11;5;6;0;2;0
2020-10-21 08:18:59;62;13;6;8;0;11;5;6;0;2;0
2020-10-21 08:19:59;62;13;6;8;0;11;5;6;0;2;0
2020-10-21 08:20:58;62;13;6;8;0;11;5;6;0;2;0
2020-10-21 08:21:59;62;13;6;8;0;11;5;6;0;2;0
2020-10-21 08:22:59;63;13;6;9;0;11;5;6;0;2;0
2020-10-21 08:23:58;64;13;6;10;0;11;5;6;0;2;0
2020-10-21 08:24:59;64;13;6;10;0;11;5;6;0;2;0
2020-10-21 08:25:59;64;13;6;10;0;11;5;6;0;2;0
2020-10-21 08:26:58;64;13;6;10;0;11;5;6;0;2;0
2020-10-21 08:27:59;64;13;6;10;0;11;5;6;0;2;0
2020-10-21 08:28:58;64;13;6;10;0;11;5;6;0;2;0
2020-10-21 08:29:59;64;13;6;10;0;11;5;6;0;2;0
2020-10-21 08:30:58;64;13;6;10;0;11;5;6;0;2;0
2020-10-21 08:31:59;64;13;6;10;0;11;5;6;0;2;0
2020-10-21 08:32:59;64;13;6;10;0;11;5;6;0;2;0
2020-10-21 08:33:58;64;13;6;10;0;11;5;6;0;2;0
2020-10-21 08:34:59;64;13;6;10;0;11;5;6;0;2;0
2020-10-21 08:35:59;64;13;6;10;0;11;5;6;0;2;0
2020-10-21 08:36:58;64;13;6;10;0;11;5;6;0;2;0
2020-10-21 08:37:59;64;13;6;10;0;11;5;6;0;2;0
2020-10-21 08:38:59;64;13;6;10;0;11;5;6;0;2;0
2020-10-21 08:39:58;64;13;6;10;0;11;5;6;0;2;0
2020-10-21 08:40:59;64;13;6;10;0;11;5;6;0;2;0
2020-10-21 08:41:59;64;13;6;10;0;11;5;6;0;2;0
2020-10-21 08:42:58;64;13;6;10;0;11;5;6;0;2;0
2020-10-21 08:43:59;64;13;6;10;0;11;5;6;0;2;0
2020-10-21 08:44:59;64;13;7;10;0;11;5;6;0;2;0
2020-10-21 08:45:58;65;13;7;10;0;11;5;6;0;2;0
2020-10-21 08:46:59;66;13;7;10;0;12;5;6;0;2;0
2020-10-21 08:47:59;66;13;7;10;0;12;5;6;0;2;0
2020-10-21 08:48:58;66;13;7;10;0;12;5;6;0;2;0
2020-10-21 08:49:59;66;13;7;10;0;12;5;6;0;2;0
2020-10-21 08:50:59;66;13;7;10;0;12;5;6;0;2;0
2020-10-21 08:51:58;67;13;8;10;0;12;5;6;0;2;0
2020-10-21 08:52:59;67;13;8;10;0;12;5;6;0;2;0
2020-10-21 08:53:59;67;13;8;10;0;12;5;6;0;2;0
2020-10-21 08:54:58;67;13;8;10;0;12;5;6;0;2;0
2020-10-21 08:55:59;67;13;8;10;0;12;5;6;0;2;0
2020-10-21 08:56:59;67;13;8;10;0;12;5;6;0;2;0
2020-10-21 08:57:58;67;13;8;10;0;12;5;6;0;2;0
2020-10-21 08:58:59;67;13;8;10;0;12;5;6;0;2;0
2020-10-21 08:59:58;68;14;8;10;0;12;5;6;0;2;0
2020-10-21 09:00:59;68;14;8;10;0;12;5;6;0;2;0
2020-10-21 09:01:59;69;14;9;10;0;12;5;6;0;2;0
2020-10-21 09:03:00;69;14;9;10;0;12;5;6;0;2;0
2020-10-21 09:03:58;69;14;9;10;0;12;5;6;0;2;0
2020-10-21 09:04:59;69;14;9;10;0;12;5;6;0;2;0
2020-10-21 09:06:00;69;14;9;10;0;12;5;6;0;2;0
2020-10-21 09:06:58;69;14;9;10;0;12;5;6;0;2;0
2020-10-21 09:07:59;69;14;9;10;0;12;5;6;0;2;0
2020-10-21 09:08:59;69;14;9;10;0;12;5;6;0;2;0
2020-10-21 09:09:58;69;14;9;10;0;12;5;6;0;2;0
2020-10-21 09:10:59;69;14;9;10;0;12;5;6;0;2;0
2020-10-21 09:11:59;69;14;9;10;0;12;5;6;0;2;0
2020-10-21 09:12:58;69;14;9;10;0;12;5;6;0;2;0
2020-10-21 09:13:59;69;14;9;10;0;12;5;6;0;2;0
2020-10-21 09:14:58;69;14;9;10;0;12;5;6;0;2;0
2020-10-21 09:15:59;69;14;9;10;0;12;5;6;0;2;0
2020-10-21 09:16:59;69;14;9;10;0;12;5;6;0;2;0
2020-10-21 09:17:58;69;14;9;10;0;12;5;6;0;2;0
2020-10-21 09:18:59;69;14;9;10;0;12;5;6;0;2;0
2020-10-21 09:19:59;69;14;9;10;0;12;5;6;0;2;0
2020-10-21 09:20:58;69;14;9;10;0;12;5;6;0;2;0
2020-10-21 09:21:59;69;14;9;10;0;12;5;6;0;2;0
2020-10-21 09:22:58;69;14;9;10;0;12;5;6;0;2;0
2020-10-21 09:23:59;69;14;9;10;0;12;5;6;0;2;0
2020-10-21 09:24:59;70;15;9;10;0;12;5;6;0;2;0
2020-10-21 09:25:58;70;15;9;10;0;12;5;6;0;2;0
2020-10-21 09:26:59;70;15;9;10;0;12;5;6;0;2;0
2020-10-21 09:27:59;71;15;9;10;0;12;5;6;1;2;0
2020-10-21 09:28:58;71;15;9;10;0;12;5;6;1;2;0
2020-10-21 09:29:59;71;15;9;10;0;12;5;6;1;2;0
2020-10-21 09:30:59;71;15;9;10;0;12;5;6;1;2;0
2020-10-21 09:31:58;71;15;9;10;0;12;5;6;1;2;0
2020-10-21 09:32:59;71;15;9;10;0;12;5;6;1;2;0
2020-10-21 09:33:58;71;15;9;10;0;12;5;6;1;2;0
2020-10-21 09:34:59;72;15;9;10;0;12;5;6;2;2;0
2020-10-21 09:35:59;72;15;9;10;0;12;5;6;2;2;0
2020-10-21 09:36:58;72;15;9;10;0;12;5;6;2;2;0
2020-10-21 09:37:59;72;15;9;10;0;12;5;6;2;2;0
2020-10-21 09:38:59;72;15;9;10;0;12;5;6;2;2;0
2020-10-21 09:39:58;73;16;9;10;0;12;5;6;2;2;0
2020-10-21 09:40:59;73;16;9;10;0;12;5;6;2;2;0
2020-10-21 09:41:59;73;16;9;10;0;12;5;6;2;2;0
2020-10-21 09:42:58;73;16;9;10;0;12;5;6;2;2;0
2020-10-21 09:43:59;74;17;9;10;0;12;5;6;2;2;0
2020-10-21 09:44:59;74;17;9;10;0;12;5;6;2;2;0
2020-10-21 09:45:58;74;17;9;10;0;12;5;6;2;2;0
2020-10-21 09:46:59;74;17;9;10;0;12;5;6;2;2;0
2020-10-21 09:47:59;74;17;9;10;0;12;5;6;2;2;0
2020-10-21 09:48:58;74;17;9;10;0;12;5;6;2;2;0
2020-10-21 09:49:59;74;17;9;10;0;12;5;6;2;2;0
2020-10-21 09:50:59;74;17;9;10;0;12;5;6;2;2;0
2020-10-21 09:51:58;74;17;9;10;0;12;5;6;2;2;0
2020-10-21 09:52:59;74;17;9;10;0;12;5;6;2;2;0
2020-10-21 09:53:59;74;17;9;10;0;12;5;6;2;2;0
2020-10-21 09:54:58;76;18;9;11;0;12;5;6;2;2;0
2020-10-21 09:55:59;76;18;9;11;0;12;5;6;2;2;0
2020-10-21 09:56:59;77;18;10;11;0;12;5;6;2;2;0
2020-10-21 09:57:58;77;18;10;11;0;12;5;6;2;2;0
2020-10-21 09:58:59;77;18;10;11;0;12;5;6;2;2;0
2020-10-21 09:59:59;77;18;10;11;0;12;5;6;2;2;0
2020-10-21 10:00:58;77;18;10;11;0;12;5;6;2;2;0
2020-10-21 10:01:59;77;18;10;11;0;12;5;6;2;2;0
2020-10-21 10:02:59;77;18;10;11;0;12;5;6;2;2;0
2020-10-21 10:03:58;77;18;10;11;0;12;5;6;2;2;0
2020-10-21 10:04:59;77;18;10;11;0;12;5;6;2;2;0
2020-10-21 10:05:59;77;18;10;11;0;12;5;6;2;2;0
2020-10-21 10:06:58;77;18;10;11;0;12;5;6;2;2;0
2020-10-21 10:07:59;78;18;10;11;0;12;5;6;3;2;0
2020-10-21 10:08:59;78;18;10;11;0;12;5;6;3;2;0
2020-10-21 10:09:58;78;18;10;11;0;12;5;6;3;2;0
2020-10-21 10:10:59;79;18;10;11;0;12;6;6;3;2;0
2020-10-21 10:11:59;79;18;10;11;0;12;6;6;3;2;0
2020-10-21 10:12:58;79;18;10;11;0;12;6;6;3;2;0
2020-10-21 10:13:59;79;18;10;11;0;12;6;6;3;2;0
2020-10-21 10:14:59;79;18;10;11;0;12;6;6;3;2;0
2020-10-21 10:15:58;79;18;10;11;0;12;6;6;3;2;0
2020-10-21 10:16:59;80;18;10;12;0;12;6;6;3;2;0
2020-10-21 10:17:59;80;18;10;12;0;12;6;6;3;2;0
2020-10-21 10:18:58;80;18;10;12;0;12;6;6;3;2;0
2020-10-21 10:19:59;81;19;10;12;0;12;6;6;3;2;0
2020-10-21 10:20:58;81;19;10;12;0;12;6;6;3;2;0
2020-10-21 10:21:59;82;20;10;12;0;12;6;6;3;2;0
2020-10-21 10:22:59;83;20;10;13;0;12;6;6;3;2;0
2020-10-21 10:24:00;83;20;10;13;0;12;6;6;3;2;0
2020-10-21 10:24:58;83;20;10;13;0;12;6;6;3;2;0
2020-10-21 10:25:59;83;20;10;13;0;12;6;6;3;2;0
2020-10-21 10:26:59;83;20;10;13;0;12;6;6;3;2;0
2020-10-21 10:27:58;83;20;10;13;0;12;6;6;3;2;0
2020-10-21 10:28:59;83;20;10;13;0;12;6;6;3;2;0
2020-10-21 10:29:58;83;20;10;13;0;12;6;6;3;2;0
2020-10-21 10:30:59;83;20;10;13;0;12;6;6;3;2;0
2020-10-21 10:31:59;83;20;10;13;0;12;6;6;3;2;0
2020-10-21 10:32:58;83;20;10;13;0;12;6;6;3;2;0
2020-10-21 10:33:59;84;20;11;13;0;12;6;6;3;2;0
2020-10-21 10:34:59;84;20;11;13;0;12;6;6;3;2;0
2020-10-21 10:35:58;84;20;11;13;0;12;6;6;3;2;0
2020-10-21 10:36:59;84;20;11;13;0;12;6;6;3;2;0
2020-10-21 10:37:59;84;20;11;13;0;12;6;6;3;2;0
2020-10-21 10:38:58;84;20;11;13;0;12;6;6;3;2;0
2020-10-21 10:39:59;84;20;11;13;0;12;6;6;3;2;0
2020-10-21 10:40:59;84;20;11;13;0;12;6;6;3;2;0
2020-10-21 10:41:58;84;20;11;13;0;12;6;6;3;2;0
2020-10-21 10:42:59;84;20;11;13;0;12;6;6;3;2;0
2020-10-21 10:43:59;85;21;11;13;0;12;6;6;3;2;0
2020-10-21 10:44:58;85;21;11;13;0;12;6;6;3;2;0
2020-10-21 10:45:59;86;22;11;13;0;12;6;6;3;2;0
2020-10-21 10:46:59;86;22;11;13;0;12;6;6;3;2;0
2020-10-21 10:47:58;87;23;11;13;0;12;6;6;3;2;0
2020-10-21 10:48:59;88;23;11;13;0;12;6;6;3;2;0
2020-10-21 10:49:58;88;23;11;13;0;12;6;6;3;2;0
2020-10-21 10:50:59;89;23;11;13;0;13;6;6;3;2;0
2020-10-21 10:51:59;89;23;11;13;0;13;6;6;3;2;0
2020-10-21 10:52:58;89;23;11;13;0;13;6;6;3;2;0
2020-10-21 10:53:59;90;24;11;13;0;13;6;6;3;2;0
2020-10-21 10:54:59;92;24;12;13;0;13;6;6;3;2;0
2020-10-21 10:56:00;92;24;12;13;0;13;6;6;3;2;0
2020-10-21 10:56:58;92;24;12;13;0;13;6;6;3;2;0
2020-10-21 10:57:59;92;24;12;13;0;13;6;6;3;2;0
2020-10-21 10:58:59;92;24;12;13;0;13;6;6;3;2;0
2020-10-21 10:59:58;93;24;12;13;0;13;6;6;3;2;0
2020-10-21 11:00:59;93;24;12;13;0;13;6;6;3;2;0
2020-10-21 11:01:58;93;24;12;13;0;13;6;6;3;3;0
2020-10-21 11:02:59;93;24;12;13;0;13;6;6;3;3;0
2020-10-21 11:03:59;93;24;12;13;0;13;6;6;3;3;0
2020-10-21 11:04:58;93;24;12;13;0;13;6;6;3;3;0
2020-10-21 11:05:59;93;24;12;13;0;13;6;6;3;3;0
2020-10-21 11:06:59;93;24;12;13;0;13;6;6;3;3;0
2020-10-21 11:07:58;93;24;12;13;0;13;6;6;3;3;0
2020-10-21 11:08:59;93;24;12;13;0;13;6;6;3;3;0
2020-10-21 11:09:59;94;25;12;13;0;13;6;6;3;3;0
2020-10-21 11:10:58;94;25;12;13;0;13;6;6;3;3;0
2020-10-21 11:11:59;95;26;12;13;0;13;6;6;3;3;0
2020-10-21 11:12:59;95;26;12;13;0;13;6;6;3;3;0
2020-10-21 11:13:58;95;26;12;13;0;13;6;6;3;3;0
2020-10-21 11:14:59;95;26;12;13;0;13;6;6;3;3;0
2020-10-21 11:15:58;96;27;12;13;0;13;6;6;3;3;0
2020-10-21 11:16:59;97;27;12;13;0;14;6;6;3;3;0
2020-10-21 11:17:59;97;27;12;13;0;14;6;6;3;3;0
2020-10-21 11:18:58;97;27;12;13;0;14;6;6;3;3;0
2020-10-21 11:19:59;97;27;12;13;0;14;6;6;3;3;0
2020-10-21 11:20:58;97;27;12;13;0;14;6;6;3;3;0
2020-10-21 11:21:59;97;27;12;13;0;14;6;6;3;3;0
2020-10-21 11:22:59;97;27;12;13;0;14;6;6;3;3;0
2020-10-21 11:23:58;97;27;12;13;0;14;6;6;3;3;0
2020-10-21 11:24:59;97;27;12;13;0;14;6;6;3;3;0
2020-10-21 11:25:59;98;28;12;13;0;14;6;6;3;3;0
2020-10-21 11:27:00;98;28;12;13;0;14;6;6;3;3;0
2020-10-21 11:27:58;98;28;12;13;0;14;6;6;3;3;0
2020-10-21 11:28:59;98;28;12;13;0;14;6;6;3;3;0
2020-10-21 11:29:59;98;28;12;13;0;14;6;6;3;3;0
2020-10-21 11:30:58;98;28;12;14;0;14;5;6;3;3;0
2020-10-21 11:31:59;98;28;12;14;0;14;5;6;3;3;0
2020-10-21 11:33:00;99;29;12;14;0;14;5;6;3;3;0
2020-10-21 11:33:58;99;29;12;14;0;14;5;6;3;3;0
2020-10-21 11:34:59;99;29;12;14;0;14;5;6;3;3;0
2020-10-21 11:35:59;99;29;12;13;0;14;6;6;3;3;0
2020-10-21 11:36:58;100;30;12;13;0;14;6;6;3;3;0
2020-10-21 11:37:59;100;30;12;13;0;14;6;6;3;3;0
2020-10-21 11:38:59;100;30;12;13;0;14;6;6;3;3;0
2020-10-21 11:39:58;100;30;12;13;0;14;6;6;3;3;0
2020-10-21 11:40:59;100;30;12;13;0;14;6;6;3;3;0
2020-10-21 11:41:59;100;30;12;13;0;14;6;6;3;3;0
2020-10-21 11:42:58;100;30;12;13;0;14;6;6;3;3;0
2020-10-21 11:43:59;102;31;13;13;0;14;6;6;3;3;0
2020-10-21 11:45:00;102;31;13;13;0;14;6;6;3;3;0
2020-10-21 11:45:58;102;31;13;13;0;14;6;6;3;3;0
2020-10-21 11:46:59;102;31;13;13;0;14;6;6;3;3;0
2020-10-21 11:47:58;102;31;13;13;0;14;6;6;3;3;0
2020-10-21 11:48:59;103;32;13;13;0;14;6;6;3;3;0
2020-10-21 11:49:59;103;32;13;13;0;14;6;6;3;3;0
2020-10-21 11:50:58;103;32;13;13;0;14;6;6;3;3;0
2020-10-21 11:51:59;103;32;13;13;0;14;6;6;3;3;0
2020-10-21 11:52:59;103;32;13;13;0;14;6;6;3;3;0
2020-10-21 11:53:59;103;32;13;13;0;14;6;6;3;3;0
2020-10-21 11:54:58;102;32;13;12;0;14;6;6;3;3;0
2020-10-21 11:55:59;103;33;13;12;0;14;6;6;3;3;0
2020-10-21 11:56:58;103;33;13;12;0;14;6;6;3;3;0
2020-10-21 11:57:59;103;33;13;12;0;14;6;6;3;3;0
2020-10-21 11:58:59;103;33;13;12;0;14;6;6;3;3;0
2020-10-21 11:59:58;103;33;13;12;0;14;6;6;3;3;0
2020-10-21 12:00:59;103;33;13;12;0;14;6;6;3;3;0
2020-10-21 12:01:59;103;33;13;12;0;14;6;6;3;3;0
2020-10-21 12:02:58;103;33;13;12;0;14;6;6;3;3;0
2020-10-21 12:03:59;104;34;13;12;0;14;6;6;3;3;0
2020-10-21 12:04:59;104;34;13;12;0;14;6;6;3;3;0
2020-10-21 12:05:58;104;34;13;12;0;14;6;6;3;3;0
2020-10-21 12:06:59;105;34;13;12;0;14;6;6;3;3;0
2020-10-21 12:07:59;106;35;13;12;0;14;6;6;3;3;0
2020-10-21 12:08:59;106;35;13;12;0;14;6;6;3;3;0
2020-10-21 12:09:58;106;35;13;12;0;14;6;6;3;3;0
2020-10-21 12:10:59;106;35;13;12;0;14;6;6;3;3;0
2020-10-21 12:11:59;106;35;13;12;0;14;6;6;3;3;0
2020-10-21 12:12:58;106;35;13;12;0;14;6;6;3;3;0
2020-10-21 12:13:59;106;35;13;12;0;14;6;6;3;3;0
2020-10-21 12:14:58;106;35;13;12;0;14;6;6;3;3;0
2020-10-21 12:15:59;106;35;13;12;0;14;6;6;3;3;0
2020-10-21 12:16:59;106;35;13;12;0;14;6;6;3;3;0
2020-10-21 12:18:00;106;35;13;12;0;14;6;6;3;3;0
2020-10-21 12:18:58;108;37;13;12;0;14;6;6;3;3;0
2020-10-21 12:19:59;108;37;13;12;0;14;6;6;3;3;0
2020-10-21 12:21:00;108;37;13;12;0;14;6;6;3;3;0
2020-10-21 12:21:58;108;37;13;12;0;14;6;6;3;3;0
2020-10-21 12:22:59;108;37;13;12;0;14;6;6;3;3;0
2020-10-21 12:23:59;108;37;13;12;0;14;6;6;3;3;0
2020-10-21 12:24:58;109;37;13;12;0;14;6;6;3;3;0
2020-10-21 12:25:59;109;37;13;12;0;14;6;6;3;3;0
2020-10-21 12:26:59;109;37;13;12;0;14;6;6;3;3;0
2020-10-21 12:27:58;109;37;13;12;0;14;6;6;3;3;0
2020-10-21 12:28:59;109;37;13;12;0;14;6;6;3;3;0
2020-10-21 12:29:59;109;37;13;12;0;14;6;6;3;3;0
2020-10-21 12:30:58;109;37;13;12;0;14;6;6;3;3;0
2020-10-21 12:31:59;109;37;13;12;0;14;6;6;3;3;0
2020-10-21 12:32:59;109;37;13;12;0;14;6;6;3;3;0
2020-10-21 12:33:59;109;37;13;12;0;14;6;6;3;3;0
2020-10-21 12:34:59;109;37;13;12;0;14;6;6;3;3;0
2020-10-21 12:35:58;110;38;13;12;0;14;6;6;3;3;0
2020-10-21 12:36:59;110;38;13;12;0;14;6;6;3;3;0
2020-10-21 12:37:58;110;38;13;12;0;14;6;6;3;3;0
2020-10-21 12:38:59;110;38;13;12;0;14;6;6;3;3;0
2020-10-21 12:39:59;110;38;13;12;0;14;6;6;3;3;0
2020-10-21 12:40:58;110;38;13;12;0;14;6;6;3;3;0
2020-10-21 12:41:59;110;38;13;12;0;14;6;6;3;3;0
2020-10-21 12:42:59;110;38;13;12;0;14;6;6;3;3;0
2020-10-21 12:43:58;110;38;13;12;0;14;6;6;3;3;0
2020-10-21 12:44:59;110;38;13;12;0;14;6;6;3;3;0
2020-10-21 12:45:59;110;38;13;12;0;14;6;6;3;3;0
2020-10-21 12:46:58;110;38;13;12;0;14;6;6;3;3;0
2020-10-21 12:47:59;110;38;13;12;0;14;6;6;3;3;0
2020-10-21 12:48:59;110;38;13;12;0;14;6;6;3;3;0
2020-10-21 12:49:58;110;38;13;12;0;14;6;6;3;3;0
2020-10-21 12:50:59;110;38;13;12;0;14;6;6;3;3;0
2020-10-21 12:51:59;110;38;13;12;0;14;6;6;3;3;0
2020-10-21 12:52:58;110;38;13;12;0;14;6;6;3;3;0
2020-10-21 12:53:59;110;38;13;12;0;14;6;6;3;3;0
2020-10-21 12:54:59;110;38;13;12;0;14;6;6;3;3;0
2020-10-21 12:55:58;110;38;13;12;0;14;6;6;3;3;0
2020-10-21 12:56:59;110;38;13;12;0;14;6;6;3;3;0
2020-10-21 12:57:59;110;38;13;12;0;14;6;6;3;3;0
2020-10-21 12:58:58;110;38;13;12;0;14;6;6;3;3;0
2020-10-21 12:59:59;110;38;13;12;0;14;6;6;3;3;0
2020-10-21 13:00:59;110;38;13;12;0;14;6;6;3;3;0
2020-10-21 13:01:58;110;38;13;12;0;14;6;6;3;3;0
2020-10-21 13:02:59;110;38;13;12;0;14;6;6;3;3;0
2020-10-21 13:03:59;110;38;13;12;0;14;6;6;3;3;0
2020-10-21 13:04:58;110;38;13;12;0;14;6;6;3;3;0
2020-10-21 13:05:59;110;38;13;12;0;14;6;6;3;3;0
2020-10-21 13:06:59;111;38;13;12;0;14;7;6;3;3;0
2020-10-21 13:07:58;112;39;13;12;0;14;7;6;3;3;0
2020-10-21 13:08:59;112;39;13;12;0;14;7;6;3;3;0
2020-10-21 13:09:59;112;39;13;12;0;14;7;6;3;3;0
2020-10-21 13:10:58;112;39;13;12;0;14;7;6;3;3;0
2020-10-21 13:11:59;112;39;13;12;0;14;7;6;3;3;0
2020-10-21 13:12:58;112;39;13;12;0;14;7;6;3;3;0
2020-10-21 13:13:59;113;39;13;12;2;14;7;6;3;3;0
2020-10-21 13:14:59;113;39;13;12;2;14;7;6;3;3;0
2020-10-21 13:15:58;114;39;14;12;2;14;7;6;3;3;0
2020-10-21 13:16:59;114;39;14;12;2;14;7;6;3;3;0
2020-10-21 13:17:59;114;39;14;12;2;14;7;6;3;3;0
2020-10-21 13:18:58;114;39;14;12;2;14;7;6;3;3;0
2020-10-21 13:19:59;114;39;14;12;2;14;7;6;3;3;0
2020-10-21 13:20:59;115;39;15;12;2;14;7;6;3;3;0
2020-10-21 13:21:58;117;39;16;13;2;14;7;6;3;3;0
2020-10-21 13:22:59;118;39;17;13;2;14;7;6;3;3;0
2020-10-21 13:23:59;118;39;17;13;2;14;7;6;3;3;0
2020-10-21 13:24:58;119;39;17;14;2;14;7;6;3;3;0
2020-10-21 13:25:59;120;40;17;14;2;14;7;6;3;3;0
2020-10-21 13:26:59;122;40;17;14;2;14;8;6;4;3;0
2020-10-21 13:27:59;122;40;17;14;2;14;8;6;4;3;0
2020-10-21 13:28:58;122;40;17;14;2;14;8;6;4;3;0
2020-10-21 13:29:59;122;40;17;14;2;14;8;6;4;3;0
2020-10-21 13:30:59;122;40;17;14;2;14;8;6;4;3;0
2020-10-21 13:31:58;122;40;17;14;2;14;8;6;4;3;0
2020-10-21 13:32:59;122;40;17;14;2;14;8;6;4;3;0
2020-10-21 13:33:59;122;40;17;14;2;14;8;6;4;3;0
2020-10-21 13:34:58;122;40;17;14;2;14;8;6;4;3;0
2020-10-21 13:35:59;123;40;17;14;3;14;8;6;4;3;0
2020-10-21 13:36:58;123;40;17;14;3;14;8;6;4;3;0
2020-10-21 13:37:59;123;40;17;14;3;14;8;6;4;3;0
2020-10-21 13:38:59;124;40;17;14;4;14;8;6;4;3;0
2020-10-21 13:39:58;124;40;17;14;4;14;8;6;4;3;0
2020-10-21 13:40:59;124;40;17;14;4;14;8;6;4;3;0
2020-10-21 13:41:59;124;40;17;14;4;14;8;6;4;3;0
2020-10-21 13:42:58;124;40;17;14;4;14;8;6;4;3;0
2020-10-21 13:43:59;124;40;17;14;4;14;8;6;4;3;0
2020-10-21 13:44:59;124;40;17;14;4;14;8;6;4;3;0
2020-10-21 13:45:58;124;40;17;14;4;14;8;6;4;3;0
2020-10-21 13:46:59;125;41;17;14;4;14;8;6;4;3;0
2020-10-21 13:47:59;125;41;17;14;4;14;8;6;4;3;0
2020-10-21 13:48:58;125;41;17;14;4;14;8;6;4;3;0
2020-10-21 13:49:59;125;41;17;14;4;14;8;6;4;3;0
2020-10-21 13:50:59;125;41;17;14;4;14;8;6;4;3;0
2020-10-21 13:51:59;125;41;17;14;4;14;8;6;4;3;0
2020-10-21 13:52:58;125;41;17;14;4;14;8;6;4;3;0
2020-10-21 13:53:59;125;41;17;14;4;14;8;6;4;3;0
2020-10-21 13:54:58;125;41;17;14;4;14;8;6;4;3;0
2020-10-21 13:55:59;125;42;17;14;4;14;8;6;4;3;0
2020-10-21 13:56:59;125;42;17;14;4;14;8;6;4;3;0
2020-10-21 13:57:58;125;42;17;14;4;14;8;6;4;3;0
2020-10-21 13:58:59;125;42;17;14;4;14;8;6;4;3;0
2020-10-21 13:59:59;125;42;17;14;4;14;8;6;4;3;0
2020-10-21 14:00:58;126;43;17;14;4;14;8;6;4;3;0
2020-10-21 14:01:59;126;43;17;14;4;14;8;6;4;3;0
2020-10-21 14:02:59;126;43;17;14;4;14;8;6;4;3;0
2020-10-21 14:03:58;126;43;17;14;4;14;8;6;4;3;0
2020-10-21 14:04:59;126;43;17;14;4;14;8;6;4;3;0
2020-10-21 14:05:59;126;43;17;14;4;14;8;6;4;3;0
2020-10-21 14:07:00;127;44;17;14;4;14;8;6;4;3;0
2020-10-21 14:07:58;127;44;17;14;4;14;8;6;4;3;0
2020-10-21 14:08:59;127;44;17;14;4;14;8;6;4;3;0
2020-10-21 14:09:59;127;44;17;14;4;14;8;6;4;3;0
2020-10-21 14:10:58;127;44;17;14;4;14;8;6;4;3;0
2020-10-21 14:11:59;127;44;17;14;4;14;8;6;4;3;0
2020-10-21 14:12:59;127;44;17;14;4;14;8;6;4;3;0
2020-10-21 14:13:58;127;44;17;14;4;14;8;6;4;3;0
2020-10-21 14:14:59;127;44;17;14;4;14;8;6;4;3;0
2020-10-21 14:15:58;127;44;17;14;4;14;8;6;4;3;0
2020-10-21 14:16:59;127;44;17;14;4;14;8;6;4;3;0
2020-10-21 14:17:59;127;44;17;14;4;14;8;6;4;3;0
2020-10-21 14:18:58;127;44;17;14;4;14;8;6;4;3;0
2020-10-21 14:19:59;127;44;17;14;4;14;8;6;4;3;0
2020-10-21 14:20:58;127;44;17;14;4;14;8;6;4;3;0
2020-10-21 14:21:59;127;44;17;14;4;14;8;6;4;3;0
2020-10-21 14:22:58;127;44;17;14;4;14;8;6;4;3;0
2020-10-21 14:23:59;127;44;17;14;4;14;8;6;4;3;0
2020-10-21 14:24:59;127;44;17;14;4;14;8;6;4;3;0
2020-10-21 14:25:59;129;45;17;14;5;14;8;6;4;3;0
2020-10-21 14:26:58;129;45;17;14;5;14;8;6;4;3;0
2020-10-21 14:27:59;129;45;17;14;5;14;8;6;4;3;0
2020-10-21 14:28:58;129;45;17;14;5;14;8;6;4;3;0
2020-10-21 14:29:59;129;45;17;14;5;14;8;6;4;3;0
2020-10-21 14:30:59;130;45;18;14;5;14;8;6;4;3;0
2020-10-21 14:31:59;130;45;18;14;5;14;8;6;4;3;0
2020-10-21 14:32:58;130;45;18;14;5;14;8;6;4;3;0
2020-10-21 14:33:59;130;45;18;14;5;14;8;6;4;3;0
2020-10-21 14:34:59;130;45;18;14;5;14;8;6;4;3;0
2020-10-21 14:35:58;130;45;18;14;5;14;8;6;4;3;0
2020-10-21 14:36:59;130;45;18;14;5;14;8;6;4;3;0
2020-10-21 14:37:58;130;45;18;14;5;14;8;6;4;3;0
2020-10-21 14:38:59;130;45;18;14;5;14;8;6;4;3;0
2020-10-21 14:39:59;132;45;18;15;5;15;8;6;4;3;0
2020-10-21 14:40:59;133;45;18;15;6;15;8;6;4;3;0
2020-10-21 14:41:59;133;45;18;15;6;15;8;6;4;3;0
2020-10-21 14:42:58;133;45;18;15;6;15;8;6;4;3;0
2020-10-21 14:43:59;132;45;18;15;6;15;7;6;4;3;0
2020-10-21 14:44:59;132;45;18;15;6;15;7;6;4;3;0
2020-10-21 14:45:58;132;45;18;15;6;15;7;6;4;3;0
2020-10-21 14:46:59;132;45;18;15;6;15;7;6;4;3;0
2020-10-21 14:47:59;132;45;18;15;6;15;7;6;4;3;0
2020-10-21 14:48:58;132;45;18;15;6;15;7;6;4;3;0
2020-10-21 14:49:59;132;45;18;15;6;15;7;6;4;3;0
2020-10-21 14:50:59;132;45;18;15;6;15;7;6;4;3;0
2020-10-21 14:51:58;132;45;18;15;6;15;7;6;4;3;0
2020-10-21 14:52:59;132;45;18;15;6;15;7;6;4;3;0
2020-10-21 14:53:59;132;45;18;15;6;15;7;6;4;3;0
2020-10-21 14:54:58;132;45;18;15;6;15;7;6;4;3;0
2020-10-21 14:55:59;132;45;18;15;6;15;7;6;4;3;0
2020-10-21 14:56:59;132;45;18;15;6;15;7;6;4;3;0
2020-10-21 14:57:58;133;45;18;16;6;15;7;6;4;3;0
2020-10-21 14:58:59;134;45;19;16;6;15;7;6;4;3;0
2020-10-21 14:59:59;136;46;20;16;6;15;7;6;4;3;0
2020-10-21 15:00:58;136;46;20;16;6;15;7;6;4;3;0
2020-10-21 15:01:59;137;46;21;16;6;15;7;6;4;3;0
2020-10-21 15:02:59;137;46;21;16;6;15;7;6;4;3;0
2020-10-21 15:03:58;137;46;21;16;6;15;7;6;4;3;0
2020-10-21 15:04:59;138;46;21;17;6;15;7;6;4;3;0
2020-10-21 15:05:59;138;46;21;17;6;15;7;6;4;3;0
2020-10-21 15:06:58;139;46;21;18;6;15;7;6;4;3;0
2020-10-21 15:07:59;140;46;21;18;6;16;7;6;4;3;0
2020-10-21 15:08:59;140;46;21;18;6;16;7;6;4;3;0
2020-10-21 15:09:58;140;46;21;18;6;16;7;6;4;3;0
2020-10-21 15:10:59;141;46;21;19;6;16;7;6;4;3;0
2020-10-21 15:11:59;141;46;21;19;6;16;7;6;4;3;0
2020-10-21 15:12:58;141;46;21;19;6;16;7;6;4;3;0
2020-10-21 15:13:59;141;46;21;19;6;16;7;6;4;3;0
2020-10-21 15:14:58;141;46;21;19;6;16;7;6;4;3;0
2020-10-21 15:15:59;141;46;21;19;6;16;7;6;4;3;0
2020-10-21 15:16:59;141;46;21;19;6;16;7;6;4;3;0
2020-10-21 15:17:58;141;46;21;19;6;16;7;6;4;3;0
2020-10-21 15:18:59;141;46;21;19;6;16;7;6;4;3;0
2020-10-21 15:19:59;141;46;21;19;6;16;7;6;4;3;0
2020-10-21 15:20:58;141;46;21;19;6;16;7;6;4;3;0
2020-10-21 15:21:59;142;47;21;19;6;16;7;6;4;3;0
2020-10-21 15:22:59;142;47;21;19;6;16;7;6;4;3;0
2020-10-21 15:23:58;142;47;21;19;6;16;7;6;4;3;0
2020-10-21 15:24:59;142;47;21;19;6;16;7;6;4;3;0
2020-10-21 15:25:59;142;47;21;19;6;16;7;6;4;3;0
2020-10-21 15:26:58;142;47;21;19;6;16;7;6;4;3;0
2020-10-21 15:27:59;142;47;21;19;6;16;7;6;4;3;0
2020-10-21 15:28:59;143;47;21;19;6;16;7;6;4;4;0
2020-10-21 15:29:59;143;47;21;19;6;16;7;6;4;4;0
2020-10-21 15:30:58;143;47;21;19;6;16;7;6;4;4;0
2020-10-21 15:31:59;143;47;21;19;6;16;7;6;4;4;0
2020-10-21 15:33:00;143;47;21;19;6;16;7;6;4;4;0
2020-10-21 15:33:58;143;47;22;19;6;16;6;6;4;4;0
2020-10-21 15:34:59;143;47;22;19;6;16;6;6;4;4;0
2020-10-21 15:35:58;143;47;22;19;6;16;6;6;4;4;0
2020-10-21 15:36:59;143;47;22;19;6;16;6;6;4;4;0
2020-10-21 15:37:59;143;47;22;19;6;16;6;6;4;4;0
2020-10-21 15:38:58;144;48;22;19;6;16;6;6;4;4;0
2020-10-21 15:39:59;144;48;22;19;6;16;6;6;4;4;0
2020-10-21 15:40:59;144;48;22;19;6;16;6;6;4;4;0
2020-10-21 15:41:58;144;48;22;19;6;16;6;6;4;4;0
2020-10-21 15:42:59;144;48;22;19;6;16;6;6;4;4;0
2020-10-21 15:43:59;144;48;22;19;6;16;6;6;4;4;0
2020-10-21 15:44:58;144;48;22;19;6;16;6;6;4;4;0
2020-10-21 15:45:59;144;48;22;19;6;16;6;6;4;4;0
2020-10-21 15:46:59;144;48;22;19;6;16;6;6;4;4;0
2020-10-21 15:47:58;144;48;22;19;6;16;6;6;4;4;0
2020-10-21 15:48:59;144;48;22;19;6;16;6;6;4;4;0
2020-10-21 15:49:59;144;48;22;19;7;16;6;6;4;3;0
2020-10-21 15:51:00;144;48;22;19;7;16;6;6;4;3;0
2020-10-21 15:51:58;145;48;23;19;7;16;6;6;4;3;0
2020-10-21 15:52:59;145;48;23;19;7;16;6;6;4;3;0
2020-10-21 15:53:59;145;48;23;19;7;16;6;6;4;3;0
2020-10-21 15:54:58;145;48;23;19;7;16;6;6;4;3;0
2020-10-21 15:55:59;146;49;23;19;7;16;6;6;4;3;0
2020-10-21 15:56:59;146;49;23;19;7;16;6;6;4;3;0
2020-10-21 15:57:58;146;49;23;19;7;16;6;6;4;3;0
2020-10-21 15:58:59;146;49;23;19;7;16;6;6;4;3;0
2020-10-21 15:59:59;146;49;23;19;7;16;6;6;4;3;0
2020-10-21 16:00:58;146;49;23;19;7;16;6;6;4;3;0
2020-10-21 16:01:59;146;49;23;19;7;16;6;6;4;3;0
2020-10-21 16:02:59;146;49;23;19;7;16;6;6;4;3;0
2020-10-21 16:03:59;146;49;23;19;7;16;6;6;4;3;0
2020-10-21 16:04:58;147;50;23;19;7;16;6;6;4;3;0
2020-10-21 16:05:59;148;51;23;19;7;16;6;6;4;3;0
2020-10-21 16:06:58;149;52;23;19;7;16;6;6;4;3;0
2020-10-21 16:07:59;149;52;23;19;7;16;6;6;4;3;0
2020-10-21 16:08:59;149;52;23;19;7;16;6;6;4;3;0
2020-10-21 16:10:00;149;52;23;19;7;16;6;6;4;3;0
2020-10-21 16:10:58;149;52;23;19;7;16;6;6;4;3;0
2020-10-21 16:11:59;149;52;23;19;7;16;6;6;4;3;0
2020-10-21 16:12:59;151;53;24;19;7;16;6;6;4;3;0
2020-10-21 16:13:58;151;53;24;19;7;16;6;6;4;3;0
2020-10-21 16:14:59;151;53;24;19;7;16;6;6;4;3;0
2020-10-21 16:15:59;151;53;24;19;7;16;6;6;4;3;0
2020-10-21 16:16:58;151;53;24;19;7;16;6;6;4;3;0
2020-10-21 16:17:59;152;54;24;19;7;16;6;6;4;3;0
2020-10-21 16:18:59;152;54;24;19;7;16;6;6;4;3;0
2020-10-21 16:19:58;153;55;24;19;7;16;6;6;4;3;0
2020-10-21 16:20:59;154;55;24;19;8;16;6;6;4;3;0
2020-10-21 16:21:59;154;55;24;19;8;16;6;6;4;3;0
2020-10-21 16:22:59;154;55;24;19;8;16;6;6;4;3;0
2020-10-21 16:23:58;154;55;24;19;8;16;6;6;4;3;0
2020-10-21 16:24:59;156;55;24;19;9;16;6;6;4;4;0
2020-10-21 16:25:59;157;55;24;19;10;16;6;6;4;4;0
2020-10-21 16:26:58;159;56;24;19;11;16;6;6;4;4;0
2020-10-21 16:27:59;159;56;24;19;11;16;6;6;4;4;0
2020-10-21 16:28:59;159;56;24;19;11;16;6;6;4;4;0
2020-10-21 16:29:59;159;56;24;19;11;16;6;6;4;4;0
2020-10-21 16:30:58;160;56;24;19;12;16;6;6;4;4;0
2020-10-21 16:31:59;160;56;24;19;12;16;6;6;4;4;0
2020-10-21 16:32:59;161;57;24;19;12;16;6;6;4;4;0
2020-10-21 16:33:58;161;57;24;19;12;16;6;6;4;4;0
2020-10-21 16:34:59;161;57;24;19;12;16;6;6;4;4;0
2020-10-21 16:35:58;162;57;25;19;12;16;6;6;4;4;0
2020-10-21 16:36:59;162;57;25;19;12;16;6;6;4;4;0
2020-10-21 16:37:59;162;57;25;19;12;16;6;6;4;4;0
2020-10-21 16:38:58;162;57;25;19;12;16;6;6;4;4;0
2020-10-21 16:39:59;163;57;26;19;12;16;6;6;4;4;0
2020-10-21 16:40:59;163;57;26;19;12;16;6;6;4;4;0
2020-10-21 16:41:58;163;57;26;19;12;16;6;6;4;4;0
2020-10-21 16:42:59;163;57;26;19;12;16;6;6;4;4;0
2020-10-21 16:43:59;163;57;26;19;12;16;6;6;4;4;0
2020-10-21 16:44:58;163;57;26;19;12;16;6;6;4;4;0
2020-10-21 16:45:59;164;57;27;19;12;16;6;6;4;4;0
2020-10-21 16:46:58;164;58;27;19;12;15;6;6;4;4;0
2020-10-21 16:47:58;164;58;27;19;12;15;6;6;4;4;0
2020-10-21 16:48:59;164;58;27;19;12;15;6;6;4;4;0
2020-10-21 16:49:58;164;58;27;19;12;15;6;6;4;4;0
2020-10-21 16:50:59;164;58;27;19;12;15;6;6;4;4;0
2020-10-21 16:51:59;165;58;27;19;13;15;6;6;4;4;0
2020-10-21 16:52:58;167;59;27;19;13;15;7;6;4;4;0
2020-10-21 16:53:59;167;59;28;18;13;15;7;6;4;4;0
2020-10-21 16:54:59;168;59;28;18;13;15;7;6;4;4;0
2020-10-21 16:55:58;168;59;28;18;13;15;7;6;4;4;0
2020-10-21 16:56:59;168;59;28;18;13;15;7;6;4;4;0
2020-10-21 16:57:59;168;59;28;18;13;15;7;6;4;4;0
2020-10-21 16:58:58;169;59;28;18;13;15;7;6;4;4;0
2020-10-21 16:59:59;170;59;28;18;13;15;8;6;4;4;0
2020-10-21 17:00:59;170;59;28;18;13;15;8;6;4;4;0
2020-10-21 17:01:58;170;59;28;18;13;15;8;6;4;4;0
2020-10-21 17:02:59;170;59;28;18;13;15;8;6;4;4;0
2020-10-21 17:03:59;170;59;28;18;13;15;8;6;4;4;0
2020-10-21 17:04:58;172;60;28;18;13;15;8;6;4;4;0
2020-10-21 17:05:59;172;60;28;18;13;15;8;6;4;4;0
2020-10-21 17:06:59;172;60;28;18;13;15;8;6;4;4;0
2020-10-21 17:07:59;173;60;29;18;13;15;8;6;4;4;0
2020-10-21 17:08:58;173;60;29;18;13;15;8;6;4;4;0
2020-10-21 17:09:59;173;60;29;18;13;15;8;6;4;4;0
2020-10-21 17:10:59;173;60;29;18;13;15;8;6;4;4;0
2020-10-21 17:11:58;174;60;30;18;13;15;8;6;4;4;0
2020-10-21 17:12:59;175;60;30;18;14;15;8;6;4;4;0
2020-10-21 17:13:58;175;60;30;18;14;15;8;6;4;4;0
2020-10-21 17:14:59;175;60;30;18;14;15;8;6;4;4;0
2020-10-21 17:15:59;177;62;30;18;14;15;8;6;4;4;0
2020-10-21 17:16:58;178;62;30;19;14;15;8;6;4;4;0
2020-10-21 17:17:59;178;62;30;18;15;15;8;6;4;4;0
2020-10-21 17:18:59;178;62;30;18;15;15;8;6;4;4;0
2020-10-21 17:19:59;179;63;30;18;15;15;8;6;4;4;0
2020-10-21 17:20:58;179;63;30;18;15;15;8;6;4;4;0
2020-10-21 17:21:59;179;63;30;18;15;15;8;6;4;4;0
2020-10-21 17:22:58;179;63;30;18;15;15;8;6;4;4;0
2020-10-21 17:23:59;179;63;30;18;15;15;8;6;4;4;0
2020-10-21 17:24:58;179;63;30;18;15;15;8;6;4;4;0
2020-10-21 17:25:59;179;63;30;18;15;15;8;6;4;4;0
2020-10-21 17:26:59;179;63;30;18;15;15;8;6;4;4;0
2020-10-21 17:27:58;179;63;30;18;15;15;8;6;4;4;0
2020-10-21 17:28:59;179;63;30;18;15;15;8;6;4;4;0
2020-10-21 17:29:59;179;63;30;18;15;15;8;6;4;4;0
2020-10-21 17:31:00;179;63;30;18;15;15;8;6;4;4;0
2020-10-21 17:31:58;180;63;30;18;15;15;8;6;4;4;0
2020-10-21 17:32:59;180;63;30;18;15;15;8;6;4;4;0
2020-10-21 17:33:58;180;63;30;18;15;15;8;6;4;4;0
2020-10-21 17:34:59;181;63;30;18;15;15;8;7;4;4;0
2020-10-21 17:35:59;181;63;30;18;15;15;8;7;4;4;0
2020-10-21 17:37:00;181;63;30;18;15;15;8;7;4;4;0
2020-10-21 17:37:58;181;63;30;18;15;15;8;7;4;4;0
2020-10-21 17:38:59;182;63;31;18;15;15;8;7;4;4;0
2020-10-21 17:39:58;182;63;31;18;15;15;8;7;4;4;0
2020-10-21 17:40:59;182;63;31;18;15;15;8;7;4;4;0
2020-10-21 17:41:59;182;63;31;18;15;15;8;7;4;4;0
2020-10-21 17:42:58;183;63;31;18;16;15;8;7;4;4;0
2020-10-21 17:43:59;184;63;31;18;16;15;9;7;4;4;0
2020-10-21 17:44:59;184;63;31;18;16;15;9;7;4;4;0
2020-10-21 17:45:58;185;63;31;18;17;15;9;7;4;4;0
2020-10-21 17:46:59;186;63;32;18;17;15;9;7;4;4;0
2020-10-21 17:47:58;186;63;32;18;17;15;9;7;4;4;0
2020-10-21 17:48:59;186;63;32;18;17;15;9;7;4;4;0
2020-10-21 17:49:59;187;64;32;18;17;15;9;7;4;4;0
2020-10-21 17:50:58;187;64;32;18;17;15;9;7;4;4;0
2020-10-21 17:51:59;189;64;33;19;17;15;9;7;4;4;0
2020-10-21 17:52:59;189;64;32;19;17;16;9;7;4;4;0
2020-10-21 17:53:59;189;64;32;19;17;16;9;7;4;4;0
2020-10-21 17:54:58;189;64;32;19;17;16;9;7;4;4;0
2020-10-21 17:55:59;189;64;32;19;17;16;9;7;4;4;0
2020-10-21 17:56:58;189;64;32;19;17;16;9;7;4;4;0
2020-10-21 17:57:59;189;64;32;19;17;16;9;7;4;4;0
2020-10-21 17:58:59;189;64;32;19;17;16;9;7;4;4;0
2020-10-21 17:59:58;189;64;32;19;17;16;9;7;4;4;0
2020-10-21 18:00:59;189;64;32;19;17;16;9;7;4;4;0
2020-10-21 18:01:59;189;64;32;19;17;16;9;7;4;4;0
2020-10-21 18:02:58;190;64;33;19;17;16;9;7;4;4;0
2020-10-21 18:03:59;190;64;33;19;17;16;9;7;4;4;0
2020-10-21 18:04:59;190;64;33;19;17;16;9;7;4;4;0
2020-10-21 18:05:58;191;64;34;19;17;16;9;7;4;4;0
2020-10-21 18:06:59;191;64;34;19;17;16;9;7;4;4;0
2020-10-21 18:07:59;192;65;34;19;17;16;9;7;4;4;0
2020-10-21 18:08:58;192;65;34;19;17;16;9;7;4;4;0
2020-10-21 18:09:59;192;65;34;19;17;16;9;7;4;4;0
2020-10-21 18:11:00;192;65;34;19;17;16;9;7;4;4;0
2020-10-21 18:11:58;192;65;34;19;17;16;9;7;4;4;0
2020-10-21 18:12:59;192;65;34;19;17;16;9;7;4;4;0
2020-10-21 18:13:58;192;65;34;19;17;16;9;7;4;4;0
2020-10-21 18:14:59;193;65;34;19;18;16;9;7;4;4;0
2020-10-21 18:15:59;193;65;34;19;18;16;9;7;4;4;0
2020-10-21 18:16:58;193;65;34;19;18;16;9;7;4;4;0
2020-10-21 18:17:59;194;66;34;19;18;16;9;7;4;4;0
2020-10-21 18:18:59;194;66;34;19;18;16;9;7;4;4;0
2020-10-21 18:19:58;194;66;34;19;18;16;9;7;4;4;0
2020-10-21 18:20:59;195;67;34;19;18;16;9;7;4;4;0
2020-10-21 18:21:58;195;67;34;19;18;16;9;7;4;4;0
2020-10-21 18:22:59;195;67;34;19;18;16;9;7;4;4;0
2020-10-21 18:23:59;195;67;34;19;18;16;9;7;4;4;0
2020-10-21 18:24:58;195;67;34;19;18;16;9;7;4;4;0
2020-10-21 18:25:59;195;67;34;19;18;16;9;7;4;4;0
2020-10-21 18:26:59;195;67;34;19;18;16;9;7;4;4;0
2020-10-21 18:27:58;195;67;34;19;18;16;9;7;4;4;0
2020-10-21 18:28:59;195;67;34;19;18;16;9;7;4;4;0
2020-10-21 18:29:59;195;67;34;19;18;16;9;7;4;4;0
2020-10-21 18:30:58;195;67;34;19;18;16;9;7;4;4;0
2020-10-21 18:31:59;195;67;34;19;18;16;9;7;4;4;0
2020-10-21 18:32:59;195;67;34;19;18;16;9;7;4;4;0
2020-10-21 18:33:58;195;67;34;19;18;16;9;7;4;4;0
2020-10-21 18:34:59;195;67;34;19;18;16;9;7;4;4;0
2020-10-21 18:35:58;195;67;34;19;18;16;9;7;4;4;0
2020-10-21 18:36:59;195;67;34;19;18;16;9;7;4;4;0
2020-10-21 18:37:58;195;67;34;19;18;16;9;7;4;4;0
2020-10-21 18:38:59;196;68;34;19;18;16;9;7;4;4;0
2020-10-21 18:39:59;196;68;34;19;18;16;9;7;4;4;0
2020-10-21 18:40:58;197;68;35;19;18;16;9;7;4;4;0
2020-10-21 18:41:59;197;68;35;19;18;16;9;7;4;4;0
2020-10-21 18:42:58;197;68;35;19;18;16;9;7;4;4;0
2020-10-21 18:43:59;197;68;35;19;18;16;9;7;4;4;0
2020-10-21 18:44:59;197;68;35;19;18;16;9;7;4;4;0
2020-10-21 18:45:58;198;68;35;20;18;16;9;7;4;4;0
2020-10-21 18:46:59;199;69;35;20;18;16;9;7;4;4;0
2020-10-21 18:47:59;199;69;35;20;18;16;9;7;4;4;0
2020-10-21 18:48:58;199;69;35;20;18;16;9;7;4;4;0
2020-10-21 18:49:59;199;69;35;20;18;16;9;7;4;4;0
2020-10-21 18:50:59;199;69;35;20;18;16;9;7;4;4;0
2020-10-21 18:51:58;200;69;35;20;18;16;10;7;4;4;0
2020-10-21 18:52:59;200;69;35;20;18;16;10;7;4;4;0
2020-10-21 18:53:59;200;69;35;20;18;16;10;7;4;4;0
2020-10-21 18:54:58;200;69;35;20;18;16;10;7;4;4;0
2020-10-21 18:55:59;200;69;35;20;18;16;10;7;4;4;0
2020-10-21 18:56:59;200;69;35;20;18;16;10;7;4;4;0
2020-10-21 18:57:58;200;69;35;20;18;16;10;7;4;4;0
2020-10-21 18:58:59;200;69;35;20;18;16;10;7;4;4;0
2020-10-21 18:59:59;200;69;35;20;18;16;10;7;4;4;0
2020-10-21 19:00:58;201;69;35;20;18;16;10;7;5;4;0
2020-10-21 19:01:59;201;69;35;20;18;16;10;7;5;4;0
2020-10-21 19:02:58;201;69;35;20;18;16;10;7;5;4;0
2020-10-21 19:03:59;201;69;35;20;18;16;10;7;5;4;0
2020-10-21 19:04:59;201;69;35;20;18;16;10;7;5;4;0
2020-10-21 19:05:58;201;69;36;20;18;16;10;7;5;4;0
2020-10-21 19:06:59;201;69;36;20;18;16;10;7;5;4;0
2020-10-21 19:07:59;201;69;36;20;18;16;10;7;5;4;0
2020-10-21 19:08:58;203;69;37;21;18;16;10;7;5;4;0
2020-10-21 19:09:59;204;69;37;21;18;16;10;7;5;4;0
2020-10-21 19:10:59;204;69;37;21;18;16;10;7;5;4;0
2020-10-21 19:11:58;204;69;37;21;18;16;10;7;5;4;0
2020-10-21 19:12:59;204;69;37;21;18;16;10;7;5;4;0
2020-10-21 19:13:59;204;69;37;21;18;16;10;7;5;4;0
2020-10-21 19:14:58;205;69;37;21;19;16;10;7;5;4;0
2020-10-21 19:15:59;205;69;37;21;19;16;10;7;5;4;0
2020-10-21 19:16:59;205;69;37;21;19;16;10;7;5;4;0
2020-10-21 19:17:58;205;69;37;21;19;16;10;7;5;4;0
2020-10-21 19:18:59;205;69;37;21;19;16;10;7;5;4;0
2020-10-21 19:19:59;205;69;37;21;19;16;10;7;5;4;0
2020-10-21 19:20:58;205;69;37;21;19;16;10;7;5;4;0
2020-10-21 19:21:59;205;69;37;21;19;16;10;7;5;4;0
2020-10-21 19:22:59;205;69;37;21;19;16;10;7;5;4;0
2020-10-21 19:23:58;205;69;37;21;19;16;10;7;5;4;0
2020-10-21 19:24:59;205;69;37;21;19;16;10;7;5;4;0
2020-10-21 19:25:59;205;69;37;21;19;16;10;7;5;4;0
2020-10-21 19:26:58;205;69;37;21;19;16;10;7;5;4;0
2020-10-21 19:27:59;205;69;37;21;19;16;10;7;5;4;0
2020-10-21 19:28:59;205;69;37;21;19;16;10;7;5;4;0
2020-10-21 19:29:58;205;69;37;21;19;16;10;7;5;4;0
2020-10-21 19:30:59;205;69;37;21;19;16;10;7;5;4;0
2020-10-21 19:31:58;205;69;37;21;19;16;10;7;5;4;0
2020-10-21 19:32:59;205;69;37;21;19;16;10;7;5;4;0
2020-10-21 19:33:58;205;69;37;21;19;16;10;7;5;4;0
2020-10-21 19:34:59;205;69;37;21;19;16;10;7;5;4;0
2020-10-21 19:35:58;205;69;37;21;19;16;10;7;5;4;0
2020-10-21 19:36:59;205;69;37;21;19;16;10;7;5;4;0
2020-10-21 19:37:59;205;69;37;21;19;16;10;7;5;4;0
2020-10-21 19:39:00;205;69;37;21;19;16;10;7;5;4;0
2020-10-21 19:39:58;205;69;37;21;19;16;10;7;5;4;0
2020-10-21 19:40:59;205;69;37;21;19;16;10;7;5;4;0
2020-10-21 19:41:59;205;69;37;21;19;16;10;7;5;4;0
2020-10-21 19:42:58;205;69;37;21;19;16;10;7;5;4;0
2020-10-21 19:43:59;205;69;37;21;19;16;10;7;5;4;0
2020-10-21 19:44:59;206;70;37;20;19;16;10;7;5;5;0
2020-10-21 19:45:58;207;71;37;20;19;16;10;7;5;5;0
2020-10-21 19:46:59;207;71;37;20;19;16;10;7;5;5;0
2020-10-21 19:47:59;207;71;37;20;19;16;10;7;5;5;0
2020-10-21 19:48:58;207;71;37;20;19;16;10;7;5;5;0
2020-10-21 19:49:59;207;71;37;20;19;16;10;7;5;5;0
2020-10-21 19:50:59;207;71;38;20;19;15;10;7;5;5;0
2020-10-21 19:51:58;208;72;38;20;19;15;10;7;5;5;0
2020-10-21 19:52:59;208;72;38;20;19;15;10;7;5;5;0
2020-10-21 19:53:59;208;72;38;20;19;15;10;7;5;5;0
2020-10-21 19:54:58;209;73;38;20;19;15;10;7;5;5;0
2020-10-21 19:55:59;209;73;38;20;19;15;10;7;5;5;0
2020-10-21 19:56:58;209;73;38;20;19;15;10;7;5;5;0
2020-10-21 19:57:59;209;73;38;20;19;15;10;7;5;5;0
2020-10-21 19:58:59;209;73;38;20;19;15;10;7;5;5;0
2020-10-21 19:59:58;209;73;38;20;19;15;10;7;5;5;0
2020-10-21 20:00:59;209;73;38;20;19;15;10;7;5;5;0
2020-10-21 20:01:59;209;73;38;20;19;15;10;7;5;5;0
2020-10-21 20:02:58;209;73;38;20;19;15;10;7;5;5;0
2020-10-21 20:03:59;209;73;38;20;19;15;10;7;5;5;0
2020-10-21 20:04:59;209;73;38;20;19;15;10;7;5;5;0
2020-10-21 20:05:59;209;73;38;20;19;15;10;7;5;5;0
2020-10-21 20:06:58;209;73;38;20;19;15;10;7;5;5;0
2020-10-21 20:07:59;209;73;38;20;19;15;10;7;5;5;0
2020-10-21 20:08:59;209;73;38;20;19;15;10;7;5;5;0
2020-10-21 20:09:59;209;73;38;20;19;15;10;7;5;5;0
2020-10-21 20:10:58;209;73;38;20;19;15;10;7;5;5;0
2020-10-21 20:11:59;209;73;38;20;19;15;10;7;5;5;0
2020-10-21 20:12:58;209;73;38;20;19;15;10;7;5;5;0
2020-10-21 20:13:59;209;73;38;20;19;15;10;7;5;5;0
2020-10-21 20:14:59;209;73;38;20;19;15;10;7;5;5;0
2020-10-21 20:15:59;209;73;38;20;19;15;10;7;5;5;0
2020-10-21 20:16:58;210;73;38;21;19;15;10;7;5;5;0
2020-10-21 20:17:59;210;73;38;21;19;15;10;7;5;5;0
2020-10-21 20:18:58;210;73;38;21;19;15;10;7;5;5;0
2020-10-21 20:19:59;210;73;38;21;19;15;10;7;5;5;0
2020-10-21 20:20:59;210;73;38;21;19;15;10;7;5;5;0
2020-10-21 20:21:58;210;73;38;21;19;15;10;7;5;5;0
2020-10-21 20:22:59;210;73;38;21;19;15;10;7;5;5;0
2020-10-21 20:23:59;210;73;38;21;19;15;10;7;5;5;0
2020-10-21 20:24:58;211;73;39;21;19;15;10;7;5;5;0
2020-10-21 20:25:59;211;73;39;21;19;15;10;7;5;5;0
2020-10-21 20:26:59;211;73;39;21;19;15;10;7;5;5;0
2020-10-21 20:27:58;211;73;39;21;19;15;10;7;5;5;0
2020-10-21 20:28:59;211;73;39;21;19;15;10;7;5;5;0
2020-10-21 20:29:59;211;73;39;21;19;15;10;7;5;5;0
2020-10-21 20:30:58;211;73;39;21;19;15;10;7;5;5;0
2020-10-21 20:31:59;211;73;39;21;19;15;10;7;5;5;0
2020-10-21 20:32:59;211;73;39;21;19;15;10;7;5;5;0
2020-10-21 20:33:58;211;73;39;21;19;15;10;7;5;5;0
2020-10-21 20:34:59;211;73;39;21;19;15;10;7;5;5;0
2020-10-21 20:35:59;211;73;39;21;19;15;10;7;5;5;0
2020-10-21 20:36:58;211;73;39;21;19;15;10;7;5;5;0
2020-10-21 20:37:59;211;73;39;21;19;15;10;7;5;5;0
2020-10-21 20:38:59;211;73;39;21;19;15;10;7;5;5;0
2020-10-21 20:39:59;211;73;39;21;19;15;10;7;5;5;0
2020-10-21 20:40:58;211;73;39;21;19;15;10;7;5;5;0
2020-10-21 20:41:59;211;73;39;21;19;15;10;7;5;5;0
2020-10-21 20:42:59;211;73;39;21;19;15;10;7;5;5;0
2020-10-21 20:43:58;211;73;39;21;19;15;10;7;5;5;0
2020-10-21 20:44:59;210;72;39;21;19;15;10;7;5;5;0
2020-10-21 20:45:59;210;72;39;21;19;15;10;7;5;5;0
2020-10-21 20:46:58;210;72;39;21;19;15;10;7;5;5;0
2020-10-21 20:47:59;210;72;39;21;19;15;10;7;5;5;0
2020-10-21 20:48:59;210;72;39;21;19;15;10;7;5;5;0
2020-10-21 20:49:58;210;72;39;21;19;15;10;7;5;5;0
2020-10-21 20:50:59;210;72;39;21;19;15;10;7;5;5;0
2020-10-21 20:51:59;211;72;39;22;19;15;10;7;5;5;0
2020-10-21 20:52:58;212;72;39;23;19;15;10;7;5;5;0
2020-10-21 20:53:59;214;72;40;23;19;15;11;7;5;5;0
2020-10-21 20:54:59;215;72;41;23;19;15;11;7;5;5;0
2020-10-21 20:55:58;215;72;41;23;19;15;11;7;5;5;0
2020-10-21 20:56:59;215;72;41;23;19;15;11;7;5;5;0
2020-10-21 20:57:59;216;72;41;23;19;15;11;7;5;5;0
2020-10-21 20:58:58;216;72;41;23;19;15;11;7;5;5;0
2020-10-21 20:59:59;216;72;41;23;19;15;11;7;5;5;0
2020-10-21 21:00:59;216;72;41;23;19;15;11;7;5;5;0
2020-10-21 21:01:58;216;72;41;23;19;15;11;7;5;5;0
2020-10-21 21:02:59;217;73;41;23;19;15;11;7;5;5;0
2020-10-21 21:03:59;217;73;41;23;19;15;11;7;5;5;0
2020-10-21 21:04:58;217;73;41;23;19;15;11;7;5;5;0
2020-10-21 21:05:59;217;73;41;23;19;15;11;7;5;5;0
2020-10-21 21:06:59;217;73;41;23;19;15;11;7;5;5;0
2020-10-21 21:07:59;217;72;42;23;19;15;11;7;5;5;0
2020-10-21 21:08:58;217;72;42;23;19;15;11;7;5;5;0
2020-10-21 21:09:59;217;72;42;23;19;15;11;7;5;5;0
2020-10-21 21:10:59;217;72;42;23;19;15;11;7;5;5;0
2020-10-21 21:11:58;217;72;42;23;19;15;11;7;5;5;0
2020-10-21 21:12:59;217;72;42;23;19;15;11;7;5;5;0
2020-10-21 21:13:59;217;72;42;23;19;15;11;7;5;5;0
2020-10-21 21:14:58;218;72;42;23;19;15;11;7;6;5;0
2020-10-21 21:15:59;218;72;42;23;19;15;11;7;6;5;0
2020-10-21 21:16:59;218;72;42;23;19;15;11;7;6;5;0
2020-10-21 21:17:58;218;72;42;23;19;15;11;7;6;5;0
2020-10-21 21:18:59;218;72;42;23;19;15;11;7;6;5;0
2020-10-21 21:19:59;218;72;42;23;19;15;11;7;6;5;0
2020-10-21 21:20:58;218;72;42;23;19;15;11;7;6;5;0
2020-10-21 21:21:59;218;72;42;23;19;15;11;7;6;5;0
2020-10-21 21:22:59;218;72;42;23;19;15;11;7;6;5;0
2020-10-21 21:23:58;218;72;42;23;19;15;11;7;6;5;0
2020-10-21 21:24:59;218;72;42;23;19;15;11;7;6;5;0
2020-10-21 21:25:59;218;72;42;23;19;15;11;7;6;5;0
2020-10-21 21:26:58;218;72;42;23;19;15;11;7;6;5;0
2020-10-21 21:27:59;218;72;42;23;19;15;11;7;6;5;0
2020-10-21 21:28:59;219;73;42;23;19;15;11;7;6;5;0
2020-10-21 21:29:58;219;73;42;23;19;15;11;7;6;5;0
2020-10-21 21:30:59;219;73;42;23;19;15;11;7;6;5;0
2020-10-21 21:31:59;219;73;42;23;19;15;11;7;6;5;0
2020-10-21 21:33:00;219;73;42;23;19;15;11;7;6;5;0
2020-10-21 21:33:58;219;73;42;23;19;15;11;7;6;5;0
2020-10-21 21:34:59;220;73;43;23;19;15;11;7;6;5;0
2020-10-21 21:35:58;221;74;43;23;19;15;11;7;6;5;0
2020-10-21 21:36:59;221;73;43;23;19;15;11;7;6;5;0
2020-10-21 21:37:59;222;74;43;23;19;15;11;7;6;5;0
2020-10-21 21:38:58;222;74;43;23;19;15;11;7;6;5;0
2020-10-21 21:39:59;222;74;43;23;19;15;11;7;6;5;0
2020-10-21 21:40:59;222;74;43;23;19;15;11;7;6;5;0
2020-10-21 21:41:58;222;74;43;23;19;15;11;7;6;5;0
2020-10-21 21:42:59;223;74;43;23;19;15;11;8;6;5;0
2020-10-21 21:43:59;223;74;43;23;19;15;11;8;6;5;0
2020-10-21 21:44:58;223;74;43;23;19;15;11;8;6;5;0
2020-10-21 21:45:59;224;74;43;24;19;15;11;8;6;5;0
2020-10-21 21:46:59;225;74;43;24;20;15;11;8;6;5;0
2020-10-21 21:47:58;225;74;43;24;20;15;11;8;6;5;0
2020-10-21 21:48:59;225;74;43;24;20;15;11;8;6;5;0
2020-10-21 21:49:59;225;74;43;24;20;15;11;8;6;5;0
2020-10-21 21:50:58;226;74;43;24;21;15;11;8;6;5;0
2020-10-21 21:51:59;226;74;43;24;21;15;11;8;6;5;0
2020-10-21 21:52:58;226;74;43;24;21;15;11;8;6;5;0
2020-10-21 21:53:59;226;74;43;24;21;15;11;8;6;5;0
2020-10-21 21:54:59;226;74;43;24;21;15;11;8;6;5;0
2020-10-21 21:55:58;226;74;43;24;21;15;11;8;6;5;0
2020-10-21 21:56:59;226;74;43;24;21;15;11;8;6;5;0
2020-10-21 21:57:59;226;74;43;24;21;15;11;8;6;5;0
2020-10-21 21:58:58;226;74;43;24;21;15;11;8;6;5;0
2020-10-21 21:59:59;226;74;43;24;21;15;11;8;6;5;0
2020-10-21 22:00:58;226;74;43;24;21;15;11;8;6;5;0
2020-10-21 22:01:59;226;74;43;24;21;15;11;8;6;5;0
2020-10-21 22:02:59;226;74;43;24;21;15;11;8;6;5;0
2020-10-21 22:03:58;226;74;43;24;21;15;11;8;6;5;0
2020-10-21 22:04:59;226;74;43;24;21;15;11;8;6;5;0
2020-10-21 22:06:00;226;74;43;24;21;15;11;8;6;5;0
2020-10-21 22:06:58;226;74;43;24;21;15;11;8;6;5;0
2020-10-21 22:07:59;227;74;44;24;21;15;11;8;6;5;0
2020-10-21 22:08:58;227;74;44;24;21;15;11;8;6;5;0
2020-10-21 22:09:59;227;74;44;24;21;15;11;8;6;5;0
2020-10-21 22:10:59;227;74;44;24;21;15;11;8;6;5;0
2020-10-21 22:11:58;227;74;44;24;21;15;11;8;6;5;0
2020-10-21 22:12:59;227;74;44;24;21;15;11;8;6;5;0
2020-10-21 22:13:58;227;74;44;24;21;15;11;8;6;5;0
2020-10-21 22:14:59;228;74;44;24;21;15;11;8;6;5;0
2020-10-21 22:15:59;228;74;44;24;21;15;11;8;6;5;0
2020-10-21 22:16:58;228;74;44;24;21;15;11;8;6;5;0
2020-10-21 22:17:59;228;74;44;24;21;15;11;8;6;5;0
2020-10-21 22:18:59;228;74;44;24;21;15;11;8;6;5;0
2020-10-21 22:19:59;229;75;44;24;21;15;11;8;6;5;0
2020-10-21 22:20:58;229;75;44;24;21;15;11;8;6;5;0
2020-10-21 22:21:59;229;75;44;24;21;15;11;8;6;5;0
2020-10-21 22:22:59;230;75;44;24;21;15;11;8;7;5;0
2020-10-21 22:23:59;230;75;44;24;21;15;11;8;7;5;0
2020-10-21 22:24:58;231;75;44;25;21;15;11;8;7;5;0
2020-10-21 22:25:59;232;75;44;26;21;15;11;8;7;5;0
2020-10-21 22:26:58;232;75;44;26;21;15;11;8;7;5;0
2020-10-21 22:27:59;232;75;44;26;21;15;11;8;7;5;0
2020-10-21 22:28:59;232;75;44;26;21;15;11;8;7;5;0
2020-10-21 22:29:58;232;75;44;26;21;15;11;8;7;5;0
2020-10-21 22:30:59;232;75;44;26;21;15;11;8;7;5;0
2020-10-21 22:31:59;232;75;44;26;21;15;11;8;7;5;0
2020-10-21 22:32:58;232;75;44;26;21;15;11;8;7;5;0
2020-10-21 22:33:59;232;75;44;26;21;15;11;8;7;5;0
2020-10-21 22:34:59;232;75;44;26;21;15;11;8;7;5;0
2020-10-21 22:35:58;232;75;44;26;21;15;11;8;7;5;0
2020-10-21 22:36:59;232;75;44;26;21;15;11;8;7;5;0
2020-10-21 22:37:59;232;75;44;26;21;15;11;8;7;5;0
2020-10-21 22:38:59;233;75;44;26;21;15;11;8;7;5;0
2020-10-21 22:39:58;233;75;44;26;21;15;11;8;7;5;0
2020-10-21 22:40:59;233;75;44;26;21;15;11;8;7;5;0
2020-10-21 22:41:59;233;75;44;26;21;15;11;8;7;5;0
2020-10-21 22:42:58;233;75;44;26;21;15;11;8;7;5;0
2020-10-21 22:43:59;233;75;44;26;21;15;11;8;7;5;0
2020-10-21 22:44:59;234;75;45;26;21;15;11;8;7;5;0
2020-10-21 22:45:58;235;75;45;26;21;15;11;8;7;5;0
2020-10-21 22:46:59;235;75;45;26;21;15;11;8;7;5;0
2020-10-21 22:48:00;235;75;45;26;21;15;11;8;7;5;0
2020-10-21 22:48:58;237;75;45;26;21;15;11;8;7;5;0
2020-10-21 22:49:59;237;75;45;26;21;15;11;8;7;5;0
2020-10-21 22:50:59;237;75;45;26;22;15;11;8;7;5;0
2020-10-21 22:51:58;238;76;45;26;22;15;11;8;7;5;0
2020-10-21 22:52:59;238;76;45;26;22;15;11;8;7;5;0
2020-10-21 22:53:58;238;76;45;26;22;15;11;8;7;5;0
2020-10-21 22:54:59;238;76;45;26;22;15;11;8;7;5;0
2020-10-21 22:55:59;238;76;45;26;22;15;11;8;7;5;0
2020-10-21 22:56:58;238;76;45;26;22;15;11;8;7;5;0
2020-10-21 22:57:59;238;76;45;26;22;15;11;8;7;5;0
2020-10-21 22:58:59;238;76;45;26;22;15;11;8;7;5;0
2020-10-21 22:59:59;238;76;45;26;22;15;11;8;7;5;0
2020-10-21 23:00:58;238;76;45;26;22;15;11;8;7;5;0
2020-10-21 23:01:59;238;76;45;26;22;15;11;8;7;5;0
2020-10-21 23:02:58;238;76;45;26;22;15;11;8;7;5;0
2020-10-21 23:03:59;238;76;45;26;22;15;11;8;7;5;0
2020-10-21 23:04:59;238;76;45;26;22;15;11;8;7;5;0
2020-10-21 23:05:58;238;76;45;26;22;15;11;8;7;5;0
2020-10-21 23:06:59;238;75;45;26;22;15;11;8;7;5;3
2020-10-21 23:07:58;238;75;45;26;22;15;11;8;7;5;3
2020-10-21 23:08:59;238;75;45;26;22;15;11;8;7;5;3
2020-10-21 23:09:59;238;75;45;26;22;15;11;8;7;5;3
2020-10-21 23:10:58;238;75;45;26;22;15;11;8;7;5;3
2020-10-21 23:11:59;238;75;45;26;22;15;11;8;7;5;3
2020-10-21 23:12:58;238;75;45;26;22;15;11;8;7;5;3
2020-10-21 23:13:59;238;75;45;26;22;15;11;8;7;5;3
2020-10-21 23:14:59;238;75;45;26;22;15;11;8;7;5;3
2020-10-21 23:15:58;238;75;45;26;22;15;11;8;7;5;3
2020-10-21 23:16:59;238;75;45;26;22;15;11;8;7;5;3
2020-10-21 23:17:58;238;75;45;26;22;15;11;8;7;5;3
2020-10-21 23:18:59;240;77;45;26;22;15;11;8;7;5;3
2020-10-21 23:19:58;240;77;45;26;22;15;11;8;7;5;3
2020-10-21 23:20:59;240;77;45;26;21;15;11;8;7;5;4
2020-10-21 23:21:59;240;77;45;26;21;15;11;8;7;5;4
2020-10-21 23:22:58;240;77;45;26;21;15;11;8;7;5;4
2020-10-21 23:24:00;240;77;45;26;21;15;11;8;7;5;4
2020-10-21 23:24:58;240;77;45;26;21;15;11;8;7;5;4
2020-10-21 23:25:59;240;77;45;26;21;15;11;8;7;5;4
2020-10-21 23:26:58;240;77;45;26;21;15;11;8;7;5;4
2020-10-21 23:27:59;240;77;45;26;21;15;11;8;7;5;4
2020-10-21 23:28:59;241;78;45;26;21;15;11;8;7;5;4
2020-10-21 23:29:59;241;78;45;25;21;15;11;8;7;5;5
2020-10-21 23:30:58;241;78;45;25;21;15;11;8;7;5;5
2020-10-21 23:31:59;241;78;45;25;21;15;11;8;7;5;5
2020-10-21 23:32:59;241;78;45;25;21;15;11;8;7;5;5
2020-10-21 23:33:59;240;78;44;25;21;15;11;8;7;5;5
2020-10-21 23:34:58;241;78;44;23;22;15;11;8;7;5;5
2020-10-21 23:35:59;242;78;44;23;22;15;11;8;7;5;5
2020-10-21 23:36:59;242;78;44;24;22;15;11;8;7;5;5
2020-10-21 23:37:58;241;78;44;24;22;15;11;8;7;5;5
2020-10-21 23:38:59;241;78;44;24;22;15;11;8;7;5;5
2020-10-21 23:39:59;241;78;44;24;22;15;11;8;7;5;5
2020-10-21 23:41:00;241;78;44;24;22;15;11;8;7;5;5
2020-10-21 23:41:58;242;79;44;24;22;15;11;8;7;5;5
2020-10-21 23:42:59;243;79;44;25;22;15;11;8;7;5;5
2020-10-21 23:43:59;244;79;44;26;22;15;11;8;7;5;5
2020-10-21 23:44:58;244;79;44;26;22;15;11;8;7;5;5
2020-10-21 23:45:59;244;79;44;26;22;15;11;8;7;5;5
2020-10-21 23:46:59;244;79;44;26;22;15;11;8;7;5;5
2020-10-21 23:47:58;244;79;44;26;22;15;11;8;7;5;5
2020-10-21 23:48:59;244;79;44;26;22;15;11;8;7;5;5
2020-10-21 23:49:59;244;79;44;26;22;15;11;8;7;5;5
2020-10-21 23:50:58;244;79;44;26;22;15;11;8;7;5;5
2020-10-21 23:51:59;244;79;44;26;22;15;11;8;7;5;5
2020-10-21 23:52:58;244;79;44;26;22;15;11;8;7;5;5
2020-10-21 23:53:59;246;80;45;26;22;15;11;8;7;5;5
2020-10-21 23:54:59;246;80;45;26;22;15;11;8;7;5;5
2020-10-21 23:55:58;245;80;45;26;22;15;11;8;7;5;4
2020-10-21 23:56:59;245;80;45;26;22;15;11;8;7;5;4
2020-10-21 23:57:59;245;80;45;26;22;15;11;8;7;5;4
2020-10-21 23:58:58;245;80;45;26;22;15;11;8;7;5;4
2020-10-21 23:59:59;245;80;45;26;22;15;11;8;7;5;4
