datetime;total_votes;TheWho;Grit;transistor;navalny;EMAILWARENFABRIK;megaslowpoke;tutabrain;quick_justice;Есения;a5urbanipa1
2020-09-16 00:00:59;0;0;0;0;0;0;0;0;0;0;0
2020-09-16 00:01:58;0;0;1;0;0;0;0;0;0;0;0
2020-09-16 00:02:59;0;0;1;0;0;0;0;0;0;0;0
2020-09-16 00:03:59;0;0;1;0;0;0;0;0;0;0;0
2020-09-16 00:04:58;0;0;1;0;0;0;0;0;0;0;0
2020-09-16 00:05:59;0;0;1;0;0;0;0;0;0;0;0
2020-09-16 00:06:59;0;0;1;0;0;0;0;0;0;0;0
2020-09-16 00:07:58;0;0;1;0;0;0;0;0;0;0;0
2020-09-16 00:08:59;0;0;1;0;0;0;0;0;0;0;0
2020-09-16 00:09:59;2;1;1;0;0;0;0;0;0;0;0
2020-09-16 00:10:58;3;1;1;0;0;0;0;0;0;0;0
2020-09-16 00:11:59;3;1;1;0;0;0;0;0;0;0;0
2020-09-16 00:12:59;3;1;1;0;0;0;0;0;0;0;0
2020-09-16 00:13:58;5;1;1;0;0;1;0;0;0;0;0
2020-09-16 00:14:59;7;1;1;0;0;2;0;0;0;0;0
2020-09-16 00:15:59;7;1;1;0;0;2;0;0;0;0;0
2020-09-16 00:16:58;8;1;1;0;0;3;0;0;0;0;0
2020-09-16 00:17:59;8;1;1;0;0;3;0;0;0;0;0
2020-09-16 00:18:59;8;1;1;0;0;3;0;0;0;0;0
2020-09-16 00:19:58;10;2;1;0;0;3;0;0;0;0;0
2020-09-16 00:20:59;10;2;1;0;0;3;0;0;0;0;0
2020-09-16 00:21:58;12;2;2;1;0;3;0;0;0;0;0
2020-09-16 00:22:59;12;2;2;1;0;3;0;0;0;0;0
2020-09-16 00:23:59;14;3;2;2;0;3;0;0;0;0;0
2020-09-16 00:24:58;14;3;2;2;0;3;0;0;0;0;0
2020-09-16 00:25:59;14;3;2;2;0;3;0;0;0;0;0
2020-09-16 00:26:59;16;4;2;3;0;3;0;0;0;0;0
2020-09-16 00:27:58;17;4;2;3;0;3;0;0;0;0;0
2020-09-16 00:28:59;18;4;2;3;0;3;0;0;1;0;0
2020-09-16 00:29:59;19;4;2;4;0;3;0;0;1;0;0
2020-09-16 00:30:58;19;4;2;4;0;3;0;0;1;0;0
2020-09-16 00:31:59;19;4;2;4;0;3;0;0;1;0;0
2020-09-16 00:32:59;19;4;2;4;0;3;0;0;1;0;0
2020-09-16 00:33:58;19;4;2;4;0;3;0;0;1;0;0
2020-09-16 00:34:59;19;4;2;4;0;3;0;0;1;0;0
2020-09-16 00:35:59;20;4;2;4;0;3;0;0;0;0;0
2020-09-16 00:36:58;20;4;2;4;0;3;0;0;0;0;0
2020-09-16 00:37:59;20;4;2;4;0;3;0;0;0;0;0
2020-09-16 00:38:59;20;4;2;4;0;3;0;0;0;0;0
2020-09-16 00:39:58;22;4;2;5;0;3;0;0;1;0;0
2020-09-16 00:40:59;23;5;2;5;0;3;0;0;1;0;0
2020-09-16 00:41:58;24;5;2;5;0;3;0;0;1;0;0
2020-09-16 00:42:59;24;5;2;5;0;3;0;0;1;0;0
2020-09-16 00:43:59;25;5;3;5;0;3;0;0;1;0;0
2020-09-16 00:44:58;25;5;3;5;0;3;0;0;1;0;0
2020-09-16 00:45:59;25;5;3;5;0;3;0;0;1;0;0
2020-09-16 00:46:59;26;6;3;5;0;3;0;0;1;0;0
2020-09-16 00:47:58;27;6;3;5;0;3;0;0;2;0;0
2020-09-16 00:48:59;27;6;3;5;0;3;0;0;2;0;0
2020-09-16 00:50:00;27;6;3;5;0;3;0;0;2;0;0
2020-09-16 00:50:58;27;6;3;5;0;3;0;0;2;0;0
2020-09-16 00:51:59;27;6;3;5;0;3;0;0;2;0;0
2020-09-16 00:52:58;28;7;3;5;0;3;0;0;2;0;0
2020-09-16 00:53:59;29;8;3;5;0;3;0;0;2;0;0
2020-09-16 00:54:59;30;8;3;5;0;3;0;0;2;0;0
2020-09-16 00:55:58;30;8;3;5;0;3;0;0;2;0;0
2020-09-16 00:56:59;30;8;3;5;0;3;0;0;2;0;0
2020-09-16 00:57:59;31;9;3;5;0;3;0;0;2;0;0
2020-09-16 00:58:58;31;9;3;5;0;3;0;0;2;0;0
2020-09-16 00:59:59;31;9;3;5;0;3;0;0;2;0;0
2020-09-16 01:00:59;31;9;3;5;0;3;0;0;2;0;0
2020-09-16 01:01:58;31;9;3;5;0;3;0;0;2;0;0
2020-09-16 01:02:59;32;9;3;5;0;3;0;0;2;0;0
2020-09-16 01:03:59;33;10;3;5;0;3;0;0;2;0;0
2020-09-16 01:04:58;33;10;3;5;0;3;0;0;2;0;0
2020-09-16 01:05:59;33;10;3;5;0;3;0;0;2;0;0
2020-09-16 01:06:59;33;10;3;5;0;3;0;0;2;0;0
2020-09-16 01:07:58;33;10;3;5;0;3;0;0;2;0;0
2020-09-16 01:08:59;33;10;3;5;0;3;0;0;2;0;0
2020-09-16 01:09:59;33;10;3;5;0;3;0;0;2;0;0
2020-09-16 01:10:58;32;10;3;5;0;3;0;0;2;0;0
2020-09-16 01:11:59;32;10;3;5;0;3;0;0;2;0;0
2020-09-16 01:12:59;32;10;3;5;0;3;0;0;2;0;0
2020-09-16 01:13:58;32;10;3;5;0;3;0;0;2;0;0
2020-09-16 01:14:59;32;10;3;5;0;3;0;0;2;0;0
2020-09-16 01:15:59;32;10;3;5;0;3;0;0;2;0;0
2020-09-16 01:16:58;32;10;3;5;0;3;0;0;2;0;0
2020-09-16 01:17:59;33;11;3;5;0;3;0;0;2;0;0
2020-09-16 01:18:59;33;11;3;5;0;3;0;0;2;0;0
2020-09-16 01:19:58;33;11;3;5;0;3;0;0;2;0;0
2020-09-16 01:20:59;33;11;3;5;0;3;0;0;2;0;0
2020-09-16 01:21:59;33;11;3;5;0;3;0;0;2;0;0
2020-09-16 01:22:58;33;11;3;5;0;3;0;0;2;0;0
2020-09-16 01:23:59;33;11;3;5;0;3;0;0;2;0;0
2020-09-16 01:24:58;33;11;3;5;0;3;0;0;2;0;0
2020-09-16 01:25:59;33;11;3;5;0;3;0;0;2;0;0
2020-09-16 01:26:59;35;11;3;5;0;3;2;0;2;0;0
2020-09-16 01:27:58;35;11;3;5;0;3;2;0;2;0;0
2020-09-16 01:28:59;36;11;3;5;0;3;2;0;2;0;0
2020-09-16 01:29:59;36;11;3;5;0;3;2;0;2;0;0
2020-09-16 01:30:58;36;11;3;5;0;3;2;0;2;0;0
2020-09-16 01:31:59;36;11;3;5;0;3;2;0;2;0;0
2020-09-16 01:32:59;36;11;3;5;0;3;2;0;2;0;0
2020-09-16 01:33:58;36;11;3;5;0;3;2;0;2;0;0
2020-09-16 01:34:59;37;11;3;6;0;3;2;0;2;0;0
2020-09-16 01:35:59;37;11;3;6;0;3;2;0;2;0;0
2020-09-16 01:36:58;37;11;3;6;0;3;2;0;2;0;0
2020-09-16 01:37:59;37;11;3;6;0;3;2;0;2;0;0
2020-09-16 01:38:58;37;11;3;6;0;3;2;0;2;0;0
2020-09-16 01:39:59;37;11;3;6;0;3;2;0;2;0;0
2020-09-16 01:40:59;37;11;3;6;0;3;2;0;2;0;0
2020-09-16 01:41:58;37;11;3;6;0;3;2;0;2;0;0
2020-09-16 01:42:59;37;11;3;6;0;3;2;0;2;0;0
2020-09-16 01:44:00;37;11;3;6;0;3;2;0;2;0;0
2020-09-16 01:44:58;37;11;3;6;0;3;2;0;2;0;0
2020-09-16 01:45:59;37;11;3;6;0;3;2;0;2;0;0
2020-09-16 01:47:00;37;11;3;6;0;3;2;0;2;0;0
2020-09-16 01:47:58;37;11;3;6;0;3;2;0;2;0;0
2020-09-16 01:48:59;37;11;3;6;0;3;2;0;2;0;0
2020-09-16 01:49:58;37;11;3;6;0;3;2;0;2;0;0
2020-09-16 01:50:59;37;11;3;6;0;3;2;0;2;0;0
2020-09-16 01:51:59;37;11;3;6;0;3;2;0;2;0;0
2020-09-16 01:52:58;37;11;3;6;0;3;2;0;2;0;0
2020-09-16 01:53:59;37;11;3;6;0;3;2;0;2;0;0
2020-09-16 01:55:00;37;11;3;6;0;3;2;0;2;0;0
2020-09-16 01:55:58;37;11;3;6;0;3;2;0;2;0;0
2020-09-16 01:56:59;37;11;3;6;0;3;2;0;2;0;0
2020-09-16 01:57:58;37;11;3;6;0;3;2;0;2;0;0
2020-09-16 01:58:59;37;11;3;6;0;3;2;0;2;0;0
2020-09-16 01:59:59;37;11;3;6;0;3;2;0;2;0;0
2020-09-16 02:00:58;37;11;3;6;0;3;2;0;2;0;0
2020-09-16 02:01:59;37;11;3;6;0;3;2;0;2;0;0
2020-09-16 02:02:59;37;11;3;6;0;3;2;0;2;0;0
2020-09-16 02:03:58;37;11;3;6;0;3;2;0;2;0;0
2020-09-16 02:04:59;37;11;3;6;0;3;2;0;2;0;0
2020-09-16 02:05:59;37;11;3;6;0;3;2;0;2;0;0
2020-09-16 02:06:58;37;11;3;6;0;3;2;0;2;0;0
2020-09-16 02:07:59;37;11;3;6;0;3;2;0;2;0;0
2020-09-16 02:08:59;37;11;3;6;0;3;2;0;2;0;0
2020-09-16 02:09:58;37;11;3;6;0;3;2;0;2;0;0
2020-09-16 02:10:59;37;11;3;6;0;3;2;0;2;0;0
2020-09-16 02:11:59;37;11;3;6;0;3;2;0;2;0;0
2020-09-16 02:12:58;38;12;3;6;0;3;2;0;2;0;0
2020-09-16 02:13:59;38;12;3;6;0;3;2;0;2;0;0
2020-09-16 02:14:59;38;12;3;6;0;3;2;0;2;0;0
2020-09-16 02:15:58;38;12;3;6;0;3;2;0;2;0;0
2020-09-16 02:16:59;38;12;3;6;0;3;2;0;2;0;0
2020-09-16 02:17:59;38;12;3;6;0;3;2;0;2;0;0
2020-09-16 02:18:58;38;12;3;6;0;3;2;0;2;0;0
2020-09-16 02:19:59;38;12;3;6;0;3;2;0;2;0;0
2020-09-16 02:20:59;38;12;3;6;0;3;2;0;2;0;0
2020-09-16 02:21:58;38;12;3;6;0;3;2;0;2;0;0
2020-09-16 02:22:59;38;12;3;6;0;3;2;0;2;0;0
2020-09-16 02:23:59;38;12;3;6;0;3;2;0;2;0;0
2020-09-16 02:24:58;38;12;3;6;0;3;2;0;2;0;0
2020-09-16 02:25:59;38;12;3;6;0;3;2;0;2;0;0
2020-09-16 02:26:59;38;12;3;6;0;3;2;0;2;0;0
2020-09-16 02:27:58;38;12;3;6;0;3;2;0;2;0;0
2020-09-16 02:28:59;38;12;3;6;0;3;2;0;2;0;0
2020-09-16 02:29:59;38;12;3;6;0;3;2;0;2;0;0
2020-09-16 02:30:58;38;12;3;6;0;3;2;0;2;0;0
2020-09-16 02:31:59;39;13;3;6;0;3;2;0;2;0;0
2020-09-16 02:32:58;39;13;3;6;0;3;2;0;2;0;0
2020-09-16 02:33:59;39;13;3;6;0;3;2;0;2;0;0
2020-09-16 02:34:59;39;13;3;6;0;3;2;0;2;0;0
2020-09-16 02:35:58;39;13;3;6;0;3;2;0;2;0;0
2020-09-16 02:36:59;39;13;3;6;0;3;2;0;2;0;0
2020-09-16 02:37:59;40;13;3;6;0;3;2;0;2;0;0
2020-09-16 02:38:58;40;13;3;6;0;3;2;0;2;0;0
2020-09-16 02:39:59;40;13;3;6;0;3;2;0;2;0;0
2020-09-16 02:41:00;40;13;3;6;0;3;2;0;2;0;0
2020-09-16 02:41:58;40;13;3;6;0;3;2;0;2;0;0
2020-09-16 02:42:59;40;13;3;6;0;3;2;0;2;0;0
2020-09-16 02:43:58;40;13;3;6;0;3;2;0;2;0;0
2020-09-16 02:44:59;40;13;3;6;0;3;2;0;2;0;0
2020-09-16 02:45:59;40;13;3;6;0;3;2;0;2;0;0
2020-09-16 02:46:58;40;13;3;6;0;3;2;0;2;0;0
2020-09-16 02:47:59;40;13;3;6;0;3;2;0;2;0;0
2020-09-16 02:48:59;40;13;3;6;0;3;2;0;2;0;0
2020-09-16 02:49:58;40;13;3;6;0;3;2;0;2;0;0
2020-09-16 02:50:59;40;13;3;6;0;3;2;0;2;0;0
2020-09-16 02:51:59;40;13;3;6;0;3;2;0;2;0;0
2020-09-16 02:52:58;40;13;3;6;0;3;2;0;2;0;0
2020-09-16 02:53:59;40;13;3;6;0;3;2;0;2;0;0
2020-09-16 02:55:00;40;13;3;6;0;3;2;0;2;0;0
2020-09-16 02:55:58;40;13;3;6;0;3;2;0;2;0;0
2020-09-16 02:56:59;40;13;3;6;0;3;2;0;2;0;0
2020-09-16 02:57:58;40;13;3;6;0;3;2;0;2;0;0
2020-09-16 02:58:59;40;13;3;6;0;3;2;0;2;0;0
2020-09-16 02:59:59;40;13;3;6;0;3;2;0;2;0;0
2020-09-16 03:00:58;41;14;3;6;0;3;2;0;2;0;0
2020-09-16 03:01:59;41;14;3;6;0;3;2;0;2;0;0
2020-09-16 03:02:59;41;14;3;6;0;3;2;0;2;0;0
2020-09-16 03:03:58;41;14;3;6;0;3;2;0;2;0;0
2020-09-16 03:04:59;41;14;3;6;0;3;2;0;2;0;0
2020-09-16 03:05:59;41;14;3;6;0;3;2;0;2;0;0
2020-09-16 03:06:58;41;14;3;6;0;3;2;0;2;0;0
2020-09-16 03:07:59;41;14;3;6;0;3;2;0;2;0;0
2020-09-16 03:08:59;41;14;3;6;0;3;2;0;2;0;0
2020-09-16 03:09:58;41;14;3;6;0;3;2;0;2;0;0
2020-09-16 03:10:59;41;14;3;6;0;3;2;0;2;0;0
2020-09-16 03:11:58;41;14;3;6;0;3;2;0;2;0;0
2020-09-16 03:12:59;41;14;3;6;0;3;2;0;2;0;0
2020-09-16 03:13:59;41;14;3;6;0;3;2;0;2;0;0
2020-09-16 03:14:58;41;14;3;6;0;3;2;0;2;0;0
2020-09-16 03:15:59;41;14;3;6;0;3;2;0;2;0;0
2020-09-16 03:16:59;41;14;3;6;0;3;2;0;2;0;0
2020-09-16 03:17:58;41;14;3;6;0;3;2;0;2;0;0
2020-09-16 03:18:59;42;14;3;7;0;3;2;0;2;0;0
2020-09-16 03:19:59;43;15;3;7;0;3;2;0;2;0;0
2020-09-16 03:20:58;43;15;3;7;0;3;2;0;2;0;0
2020-09-16 03:21:59;43;15;3;7;0;3;2;0;2;0;0
2020-09-16 03:22:59;43;15;3;7;0;3;2;0;2;0;0
2020-09-16 03:23:58;43;15;3;7;0;3;2;0;2;0;0
2020-09-16 03:24:59;43;15;3;7;0;3;2;0;2;0;0
2020-09-16 03:25:59;43;15;3;7;0;3;2;0;2;0;0
2020-09-16 03:26:58;43;15;3;7;0;3;2;0;2;0;0
2020-09-16 03:27:59;43;15;3;7;0;3;2;0;2;0;0
2020-09-16 03:28:59;43;15;3;7;0;3;2;0;2;0;0
2020-09-16 03:29:58;43;15;3;7;0;3;2;0;2;0;0
2020-09-16 03:30:59;43;15;3;7;0;3;2;0;2;0;0
2020-09-16 03:31:59;43;15;3;7;0;3;2;0;2;0;0
2020-09-16 03:32:58;43;15;3;7;0;3;2;0;2;0;0
2020-09-16 03:33:59;43;15;3;7;0;3;2;0;2;0;0
2020-09-16 03:34:59;44;16;3;7;0;3;2;0;2;0;0
2020-09-16 03:35:58;44;16;3;7;0;3;2;0;2;0;0
2020-09-16 03:36:59;44;16;3;7;0;3;2;0;2;0;0
2020-09-16 03:37:59;44;16;3;7;0;3;2;0;2;0;0
2020-09-16 03:38:58;44;16;3;7;0;3;2;0;2;0;0
2020-09-16 03:39:59;44;16;3;7;0;3;2;0;2;0;0
2020-09-16 03:40:58;44;16;3;7;0;3;2;0;2;0;0
2020-09-16 03:41:59;44;16;3;7;0;3;2;0;2;0;0
2020-09-16 03:42:59;44;16;3;7;0;3;2;0;2;0;0
2020-09-16 03:43:58;44;16;3;7;0;3;2;0;2;0;0
2020-09-16 03:44:59;44;16;3;7;0;3;2;0;2;0;0
2020-09-16 03:45:59;44;16;3;7;0;3;2;0;2;0;0
2020-09-16 03:46:58;44;16;3;7;0;3;2;0;2;0;0
2020-09-16 03:47:59;44;16;3;7;0;3;2;0;2;0;0
2020-09-16 03:48:59;44;16;3;7;0;3;2;0;2;0;0
2020-09-16 03:49:58;44;16;3;7;0;3;2;0;2;0;0
2020-09-16 03:50:59;44;16;3;7;0;3;2;0;2;0;0
2020-09-16 03:51:59;44;16;3;7;0;3;2;0;2;0;0
2020-09-16 03:52:58;44;16;3;7;0;3;2;0;2;0;0
2020-09-16 03:53:59;44;16;3;7;0;3;2;0;2;0;0
2020-09-16 03:54:59;44;16;3;7;0;3;2;0;2;0;0
2020-09-16 03:55:58;44;16;3;7;0;3;2;0;2;0;0
2020-09-16 03:56:59;44;16;3;7;0;3;2;0;2;0;0
2020-09-16 03:57:58;44;16;3;7;0;3;2;0;2;0;0
2020-09-16 03:58:59;44;16;3;7;0;3;2;0;2;0;0
2020-09-16 03:59:59;44;16;3;7;0;3;2;0;2;0;0
2020-09-16 04:00:58;44;16;3;7;0;3;2;0;2;0;0
2020-09-16 04:01:59;44;16;3;7;0;3;2;0;2;0;0
2020-09-16 04:02:58;44;16;3;7;0;3;2;0;2;0;0
2020-09-16 04:03:59;44;16;3;7;0;3;2;0;2;0;0
2020-09-16 04:04:59;44;16;3;7;0;3;2;0;2;0;0
2020-09-16 04:05:58;44;16;3;7;0;3;2;0;2;0;0
2020-09-16 04:06:59;44;16;3;7;0;3;2;0;2;0;0
2020-09-16 04:08:00;44;16;3;7;0;3;2;0;2;0;0
2020-09-16 04:08:58;44;16;3;7;0;3;2;0;2;0;0
2020-09-16 04:09:59;45;16;4;7;0;3;2;0;2;0;0
2020-09-16 04:10:58;45;16;4;7;0;3;2;0;2;0;0
2020-09-16 04:11:59;45;16;4;7;0;3;2;0;2;0;0
2020-09-16 04:12:59;45;16;4;7;0;3;2;0;2;0;0
2020-09-16 04:13:58;45;16;4;7;0;3;2;0;2;0;0
2020-09-16 04:14:59;45;16;4;7;0;3;2;0;2;0;0
2020-09-16 04:15:59;45;16;4;7;0;3;2;0;2;0;0
2020-09-16 04:16:58;45;16;4;7;0;3;2;0;2;0;0
2020-09-16 04:17:59;45;16;4;7;0;3;2;0;2;0;0
2020-09-16 04:18:59;45;16;4;7;0;3;2;0;2;0;0
2020-09-16 04:19:58;45;16;4;7;0;3;2;0;2;0;0
2020-09-16 04:20:59;45;16;4;7;0;3;2;0;2;0;0
2020-09-16 04:21:59;45;16;4;7;0;3;2;0;2;0;0
2020-09-16 04:22:58;45;16;4;7;0;3;2;0;2;0;0
2020-09-16 04:23:59;45;16;4;7;0;3;2;0;2;0;0
2020-09-16 04:24:59;45;16;4;7;0;3;2;0;2;0;0
2020-09-16 04:25:58;45;16;4;7;0;3;2;0;2;0;0
2020-09-16 04:26:59;45;16;4;7;0;3;2;0;2;0;0
2020-09-16 04:27:58;45;16;4;7;0;3;2;0;2;0;0
2020-09-16 04:28:59;45;16;4;7;0;3;2;0;2;0;0
2020-09-16 04:29:59;45;16;4;7;0;3;2;0;2;0;0
2020-09-16 04:30:58;45;16;4;7;0;3;2;0;2;0;0
2020-09-16 04:31:59;45;16;4;7;0;3;2;0;2;0;0
2020-09-16 04:32:59;45;16;4;7;0;3;2;0;2;0;0
2020-09-16 04:33:58;45;16;4;7;0;3;2;0;2;0;0
2020-09-16 04:34:59;45;16;4;7;0;3;2;0;2;0;0
2020-09-16 04:35:59;45;16;4;7;0;3;2;0;2;0;0
2020-09-16 04:36:58;45;16;4;7;0;3;2;0;2;0;0
2020-09-16 04:37:59;45;16;4;7;0;3;2;0;2;0;0
2020-09-16 04:38:59;45;16;4;7;0;3;2;0;2;0;0
2020-09-16 04:39:58;45;16;4;7;0;3;2;0;2;0;0
2020-09-16 04:40:59;45;16;4;7;0;3;2;0;2;0;0
2020-09-16 04:41:59;45;16;4;7;0;3;2;0;2;0;0
2020-09-16 04:42:58;45;16;4;7;0;3;2;0;2;0;0
2020-09-16 04:43:59;45;16;4;7;0;3;2;0;2;0;0
2020-09-16 04:44:59;45;16;4;7;0;3;2;0;2;0;0
2020-09-16 04:45:58;45;16;4;7;0;3;2;0;2;0;0
2020-09-16 04:46:59;45;16;4;7;0;3;2;0;2;0;0
2020-09-16 04:47:58;45;16;4;7;0;3;2;0;2;0;0
2020-09-16 04:48:59;45;16;4;7;0;3;2;0;2;0;0
2020-09-16 04:49:59;45;16;4;7;0;3;2;0;2;0;0
2020-09-16 04:50:58;45;16;4;7;0;3;2;0;2;0;0
2020-09-16 04:51:59;45;16;4;7;0;3;2;0;2;0;0
2020-09-16 04:52:59;45;16;4;7;0;3;2;0;2;0;0
2020-09-16 04:53:58;45;16;4;7;0;3;2;0;2;0;0
2020-09-16 04:54:59;45;16;4;7;0;3;2;0;2;0;0
2020-09-16 04:55:59;45;16;4;7;0;3;2;0;2;0;0
2020-09-16 04:56:58;45;16;4;7;0;3;2;0;2;0;0
2020-09-16 04:57:59;45;16;4;7;0;3;2;0;2;0;0
2020-09-16 04:58:58;45;16;4;7;0;3;2;0;2;0;0
2020-09-16 05:00:00;45;16;4;7;0;3;2;0;2;0;0
2020-09-16 05:00:58;45;16;4;7;0;3;2;0;2;0;0
2020-09-16 05:01:59;45;16;4;7;0;3;2;0;2;0;0
2020-09-16 05:02:58;45;16;4;7;0;3;2;0;2;0;0
2020-09-16 05:03:59;45;16;4;7;0;3;2;0;2;0;0
2020-09-16 05:04:59;45;16;4;7;0;3;2;0;2;0;0
2020-09-16 05:05:58;45;16;4;7;0;3;2;0;2;0;0
2020-09-16 05:06:59;45;16;4;7;0;3;2;0;2;0;0
2020-09-16 05:07:59;45;16;4;7;0;3;2;0;2;0;0
2020-09-16 05:08:58;45;16;4;7;0;3;2;0;2;0;0
2020-09-16 05:09:59;45;16;4;7;0;3;2;0;2;0;0
2020-09-16 05:10:59;45;16;4;7;0;3;2;0;2;0;0
2020-09-16 05:11:58;45;16;4;7;0;3;2;0;2;0;0
2020-09-16 05:12:59;45;16;4;7;0;3;2;0;2;0;0
2020-09-16 05:13:59;45;16;4;7;0;3;2;0;2;0;0
2020-09-16 05:14:58;46;16;5;7;0;3;2;0;2;0;0
2020-09-16 05:15:59;46;16;5;7;0;3;2;0;2;0;0
2020-09-16 05:16:58;46;16;5;7;0;3;2;0;2;0;0
2020-09-16 05:17:59;46;16;5;7;0;3;2;0;2;0;0
2020-09-16 05:18:58;46;16;5;7;0;3;2;0;2;0;0
2020-09-16 05:19:59;46;16;5;7;0;3;2;0;2;0;0
2020-09-16 05:20:59;46;16;5;7;0;3;2;0;2;0;0
2020-09-16 05:21:58;46;16;5;7;0;3;2;0;2;0;0
2020-09-16 05:22:59;47;17;5;7;0;3;2;0;2;0;0
2020-09-16 05:23:59;47;17;5;7;0;3;2;0;2;0;0
2020-09-16 05:24:58;47;17;5;7;0;3;2;0;2;0;0
2020-09-16 05:25:59;47;17;5;7;0;3;2;0;2;0;0
2020-09-16 05:26:58;47;17;5;7;0;3;2;0;2;0;0
2020-09-16 05:27:59;47;17;5;7;0;3;2;0;2;0;0
2020-09-16 05:28:59;47;17;5;7;0;3;2;0;2;0;0
2020-09-16 05:30:00;47;17;5;7;0;3;2;0;2;0;0
2020-09-16 05:30:58;47;17;5;7;0;3;2;0;2;0;0
2020-09-16 05:31:59;47;17;5;7;0;3;2;0;2;0;0
2020-09-16 05:32:58;47;17;5;7;0;3;2;0;2;0;0
2020-09-16 05:33:59;47;17;5;7;0;3;2;0;2;0;0
2020-09-16 05:34:59;47;17;5;7;0;3;2;0;2;0;0
2020-09-16 05:35:58;47;17;5;7;0;3;2;0;2;0;0
2020-09-16 05:36:59;47;17;5;7;0;3;2;0;2;0;0
2020-09-16 05:37:59;47;17;5;7;0;3;2;0;2;0;0
2020-09-16 05:38:58;47;17;5;7;0;3;2;0;2;0;0
2020-09-16 05:39:59;49;17;7;7;0;3;2;0;2;0;0
2020-09-16 05:40:59;50;17;8;7;0;3;2;0;2;0;0
2020-09-16 05:41:58;51;17;9;7;0;3;2;0;2;0;0
2020-09-16 05:42:59;51;17;9;7;0;3;2;0;2;0;0
2020-09-16 05:43:59;52;17;10;7;0;3;2;0;2;0;0
2020-09-16 05:44:58;52;17;10;7;0;3;2;0;2;0;0
2020-09-16 05:45:59;52;17;10;7;0;3;2;0;2;0;0
2020-09-16 05:46:58;52;17;10;7;0;3;2;0;2;0;0
2020-09-16 05:47:59;52;17;10;7;0;3;2;0;2;0;0
2020-09-16 05:48:59;52;17;10;7;0;3;2;0;2;0;0
2020-09-16 05:49:58;52;17;10;7;0;3;2;0;2;0;0
2020-09-16 05:50:59;52;17;10;7;0;3;2;0;2;0;0
2020-09-16 05:51:59;52;17;10;7;0;3;2;0;2;0;0
2020-09-16 05:52:59;52;17;10;7;0;3;2;0;2;0;0
2020-09-16 05:53:58;52;17;10;7;0;3;2;0;2;0;0
2020-09-16 05:54:59;52;17;10;7;0;3;2;0;2;0;0
2020-09-16 05:55:59;52;17;10;7;0;3;2;0;2;0;0
2020-09-16 05:56:58;52;17;10;7;0;3;2;0;2;0;0
2020-09-16 05:57:59;52;17;10;7;0;3;2;0;2;0;0
2020-09-16 05:58:59;52;17;10;7;0;3;2;0;2;0;0
2020-09-16 05:59:58;52;17;10;7;0;3;2;0;2;0;0
2020-09-16 06:00:59;52;17;10;7;0;3;2;0;2;0;0
2020-09-16 06:01:59;52;17;10;7;0;3;2;0;2;0;0
2020-09-16 06:02:58;52;17;10;7;0;3;2;0;2;0;0
2020-09-16 06:03:59;52;17;10;7;0;3;2;0;2;0;0
2020-09-16 06:04:59;52;17;10;7;0;3;2;0;2;0;0
2020-09-16 06:05:58;52;17;10;7;0;3;2;0;2;0;0
2020-09-16 06:06:59;52;17;10;7;0;3;2;0;2;0;0
2020-09-16 06:07:58;52;17;10;7;0;3;2;0;2;0;0
2020-09-16 06:08:59;52;17;10;7;0;3;2;0;2;0;0
2020-09-16 06:09:59;52;17;10;7;0;3;2;0;2;0;0
2020-09-16 06:10:58;54;17;12;7;0;3;2;0;2;0;0
2020-09-16 06:11:59;54;17;12;7;0;3;2;0;2;0;0
2020-09-16 06:12:59;54;17;12;7;0;3;2;0;2;0;0
2020-09-16 06:13:58;54;17;12;7;0;3;2;0;2;0;0
2020-09-16 06:14:59;54;17;12;7;0;3;2;0;2;0;0
2020-09-16 06:15:58;54;17;12;7;0;3;2;0;2;0;0
2020-09-16 06:16:59;54;17;12;7;0;3;2;0;2;0;0
2020-09-16 06:17:59;54;17;12;7;0;3;2;0;2;0;0
2020-09-16 06:18:58;54;17;12;7;0;3;2;0;2;0;0
2020-09-16 06:19:59;54;17;12;7;0;3;2;0;2;0;0
2020-09-16 06:20:59;54;17;12;7;0;3;2;0;2;0;0
2020-09-16 06:21:58;54;17;12;7;0;3;2;0;2;0;0
2020-09-16 06:22:59;54;17;12;7;0;3;2;0;2;0;0
2020-09-16 06:23:59;54;17;12;7;0;3;2;0;2;0;0
2020-09-16 06:24:58;54;17;12;7;0;3;2;0;2;0;0
2020-09-16 06:25:59;54;17;12;7;0;3;2;0;2;0;0
2020-09-16 06:26:58;54;17;12;7;0;3;2;0;2;0;0
2020-09-16 06:27:59;54;17;12;7;0;3;2;0;2;0;0
2020-09-16 06:28:59;54;17;12;7;0;3;2;0;2;0;0
2020-09-16 06:29:58;54;17;12;7;0;3;2;0;2;0;0
2020-09-16 06:30:59;54;17;12;7;0;3;2;0;2;0;0
2020-09-16 06:31:59;54;17;12;7;0;3;2;0;2;0;0
2020-09-16 06:32:58;54;17;12;7;0;3;2;0;2;0;0
2020-09-16 06:33:59;54;17;12;7;0;3;2;0;2;0;0
2020-09-16 06:34:58;54;17;12;7;0;3;2;0;2;0;0
2020-09-16 06:35:59;54;17;12;7;0;3;2;0;2;0;0
2020-09-16 06:36:59;54;17;12;7;0;3;2;0;2;0;0
2020-09-16 06:37:58;54;17;12;7;0;3;2;0;2;0;0
2020-09-16 06:38:59;54;17;12;7;0;3;2;0;2;0;0
2020-09-16 06:40:00;54;17;12;7;0;3;2;0;2;0;0
2020-09-16 06:40:58;54;17;12;7;0;3;2;0;2;0;0
2020-09-16 06:41:59;54;17;12;7;0;3;2;0;2;0;0
2020-09-16 06:42:59;55;18;12;7;0;3;2;0;2;0;0
2020-09-16 06:43:58;55;18;12;7;0;3;2;0;2;0;0
2020-09-16 06:44:59;55;18;12;7;0;3;2;0;2;0;0
2020-09-16 06:45:58;55;18;12;7;0;3;2;0;2;0;0
2020-09-16 06:46:59;55;18;12;7;0;3;2;0;2;0;0
2020-09-16 06:47:59;55;18;12;7;0;3;2;0;2;0;0
2020-09-16 06:48:58;55;18;12;7;0;3;2;0;2;0;0
2020-09-16 06:49:59;55;18;12;7;0;3;2;0;2;0;0
2020-09-16 06:50:59;55;18;12;7;0;3;2;0;2;0;0
2020-09-16 06:51:58;55;18;12;7;0;3;2;0;2;0;0
2020-09-16 06:52:59;55;18;12;7;0;3;2;0;2;0;0
2020-09-16 06:53:59;55;18;12;7;0;3;2;0;2;0;0
2020-09-16 06:54:58;55;18;12;7;0;3;2;0;2;0;0
2020-09-16 06:55:59;55;18;12;7;0;3;2;0;2;0;0
2020-09-16 06:56:58;56;19;13;6;0;3;2;0;2;0;0
2020-09-16 06:57:59;56;19;13;6;0;3;2;0;2;0;0
2020-09-16 06:58:59;56;19;13;6;0;3;2;0;2;0;0
2020-09-16 06:59:58;57;20;13;6;0;3;2;0;2;0;0
2020-09-16 07:00:59;57;20;13;6;0;3;2;0;2;0;0
2020-09-16 07:01:59;57;20;13;6;0;3;2;0;2;0;0
2020-09-16 07:02:58;58;20;14;6;0;3;2;0;2;0;0
2020-09-16 07:03:59;58;20;14;6;0;3;2;0;2;0;0
2020-09-16 07:04:58;58;20;14;6;0;3;2;0;2;0;0
2020-09-16 07:05:59;58;20;14;6;0;3;2;0;2;0;0
2020-09-16 07:06:59;58;20;14;6;0;3;2;0;2;0;0
2020-09-16 07:07:58;58;20;14;6;0;3;2;0;2;0;0
2020-09-16 07:08:59;58;20;14;6;0;3;2;0;2;0;0
2020-09-16 07:09:59;58;20;14;6;0;3;2;0;2;0;0
2020-09-16 07:10:58;58;20;14;6;0;3;2;0;2;0;0
2020-09-16 07:11:59;59;20;14;6;0;3;2;0;2;0;0
2020-09-16 07:12:59;59;20;14;6;0;3;2;0;2;0;0
2020-09-16 07:13:58;59;20;14;6;0;3;2;0;2;0;0
2020-09-16 07:14:59;59;20;14;6;0;3;2;0;2;0;0
2020-09-16 07:15:59;59;20;14;6;0;3;2;0;2;0;0
2020-09-16 07:16:59;59;20;14;6;0;3;2;0;2;0;0
2020-09-16 07:17:58;59;20;14;6;0;3;2;0;2;0;0
2020-09-16 07:18:59;59;20;14;6;0;3;2;0;2;0;0
2020-09-16 07:19:59;59;20;14;6;0;3;2;0;2;0;0
2020-09-16 07:20:58;60;20;14;6;0;3;2;0;2;0;0
2020-09-16 07:21:59;60;20;14;6;0;3;2;0;2;0;0
2020-09-16 07:22:59;60;20;14;6;0;3;2;0;2;0;0
2020-09-16 07:23:58;60;20;14;6;0;3;2;0;2;0;0
2020-09-16 07:24:59;60;20;14;6;0;3;2;0;2;0;0
2020-09-16 07:25:58;60;20;14;6;0;3;2;0;2;0;0
2020-09-16 07:26:59;60;20;14;6;0;3;2;0;2;0;0
2020-09-16 07:27:59;60;20;14;6;0;3;2;0;2;0;0
2020-09-16 07:28:58;61;20;15;6;0;3;2;0;2;0;0
2020-09-16 07:29:59;61;20;15;6;0;3;2;0;2;0;0
2020-09-16 07:30:59;61;20;15;6;0;3;2;0;2;0;0
2020-09-16 07:31:58;61;20;15;6;0;3;2;0;2;0;0
2020-09-16 07:32:59;61;20;15;6;0;3;2;0;2;0;0
2020-09-16 07:33:59;61;20;15;6;0;3;2;0;2;0;0
2020-09-16 07:34:58;61;20;15;6;0;3;2;0;2;0;0
2020-09-16 07:35:59;61;20;15;6;0;3;2;0;2;0;0
2020-09-16 07:36:58;61;20;15;6;0;3;2;0;2;0;0
2020-09-16 07:37:59;62;20;16;6;0;3;2;0;2;0;0
2020-09-16 07:38:59;62;20;16;6;0;3;2;0;2;0;0
2020-09-16 07:39:58;62;20;16;6;0;3;2;0;2;0;0
2020-09-16 07:40:59;63;21;16;6;0;3;2;0;2;0;0
2020-09-16 07:41:59;63;21;16;6;0;3;2;0;2;0;0
2020-09-16 07:42:58;63;21;16;6;0;3;2;0;2;0;0
2020-09-16 07:43:59;63;21;16;6;0;3;2;0;2;0;0
2020-09-16 07:44:58;63;21;16;6;0;3;2;0;2;0;0
2020-09-16 07:45:59;63;21;16;6;0;3;2;0;2;0;0
2020-09-16 07:46:59;63;21;16;6;0;3;2;0;2;0;0
2020-09-16 07:47:58;63;21;16;6;0;3;2;0;2;0;0
2020-09-16 07:48:59;63;21;16;6;0;3;2;0;2;0;0
2020-09-16 07:49:59;63;21;16;6;0;3;2;0;2;0;0
2020-09-16 07:50:59;63;21;16;6;0;3;2;0;2;0;0
2020-09-16 07:51:58;63;21;16;6;0;3;2;0;2;0;0
2020-09-16 07:52:59;63;21;16;6;0;3;2;0;2;0;0
2020-09-16 07:53:59;63;21;16;6;0;3;2;0;2;0;0
2020-09-16 07:54:58;63;21;16;6;0;3;2;0;2;0;0
2020-09-16 07:55:59;63;21;16;6;0;3;2;0;2;0;0
2020-09-16 07:56:59;64;21;17;6;0;3;2;0;2;0;0
2020-09-16 07:57:58;65;22;17;6;0;3;2;0;2;0;0
2020-09-16 07:58:59;65;22;17;6;0;3;2;0;2;0;0
2020-09-16 07:59:58;65;22;17;6;0;3;2;0;2;0;0
2020-09-16 08:00:59;65;22;17;6;0;3;2;0;2;0;0
2020-09-16 08:01:59;65;22;17;6;0;3;2;0;2;0;0
2020-09-16 08:02:58;65;22;17;6;0;3;2;0;2;0;0
2020-09-16 08:03:59;65;22;17;6;0;3;2;0;2;0;0
2020-09-16 08:04:59;65;22;17;6;0;3;2;0;2;0;0
2020-09-16 08:05:58;65;22;17;6;0;3;2;0;2;0;0
2020-09-16 08:06:59;65;22;17;6;0;3;2;0;2;0;0
2020-09-16 08:07:59;66;22;18;6;0;3;2;0;2;0;0
2020-09-16 08:08:58;67;22;19;6;0;3;2;0;2;0;0
2020-09-16 08:09:59;68;23;19;6;0;3;2;0;2;0;0
2020-09-16 08:10:58;68;23;19;6;0;3;2;0;2;0;0
2020-09-16 08:11:59;68;23;19;6;0;3;2;0;2;0;0
2020-09-16 08:12:59;68;23;19;6;0;3;2;0;2;0;0
2020-09-16 08:13:58;68;23;19;6;0;3;2;0;2;0;0
2020-09-16 08:14:59;68;23;19;6;0;3;2;0;2;0;0
2020-09-16 08:15:59;68;23;19;6;0;3;2;0;2;0;0
2020-09-16 08:16:58;68;23;19;6;0;3;2;0;2;0;0
2020-09-16 08:17:59;68;23;19;6;0;3;2;0;2;0;0
2020-09-16 08:18:59;68;23;19;6;0;3;2;0;2;0;0
2020-09-16 08:19:58;68;23;19;6;0;3;2;0;2;0;0
2020-09-16 08:20:59;68;23;19;6;0;3;2;0;2;0;0
2020-09-16 08:21:59;68;23;19;6;0;3;2;0;2;0;0
2020-09-16 08:22:58;68;23;19;6;0;3;2;0;2;0;0
2020-09-16 08:23:59;68;23;19;6;0;3;2;0;2;0;0
2020-09-16 08:24:59;68;23;19;6;0;3;2;0;2;0;0
2020-09-16 08:25:58;68;23;19;6;0;3;2;0;2;0;0
2020-09-16 08:26:59;69;23;19;6;0;3;2;0;2;0;0
2020-09-16 08:27:59;69;23;19;6;0;3;2;0;2;0;0
2020-09-16 08:28:58;69;23;19;6;0;3;2;0;2;0;0
2020-09-16 08:29:59;69;23;19;6;0;3;2;0;2;0;0
2020-09-16 08:30:59;69;23;19;6;0;3;2;0;2;0;0
2020-09-16 08:31:58;69;23;19;6;0;3;2;0;2;0;0
2020-09-16 08:32:59;69;23;19;6;0;3;2;0;2;0;0
2020-09-16 08:33:59;69;23;19;6;0;3;2;0;2;0;0
2020-09-16 08:34:58;69;23;19;6;0;3;2;0;2;0;0
2020-09-16 08:35:59;69;23;19;6;0;3;2;0;2;0;0
2020-09-16 08:36:58;70;24;19;6;0;3;2;0;2;0;0
2020-09-16 08:37:59;72;24;20;6;1;3;2;0;2;0;0
2020-09-16 08:38:59;72;24;20;6;1;3;2;0;2;0;0
2020-09-16 08:39:58;72;24;20;6;1;3;2;0;2;0;0
2020-09-16 08:40:59;72;24;20;6;1;3;2;0;2;0;0
2020-09-16 08:41:59;73;24;21;6;1;3;2;0;2;0;0
2020-09-16 08:42:58;73;24;21;6;1;3;2;0;2;0;0
2020-09-16 08:43:59;74;25;21;6;1;3;2;0;2;0;0
2020-09-16 08:44:59;74;25;21;6;1;3;2;0;2;0;0
2020-09-16 08:45:58;74;25;21;6;1;3;2;0;2;0;0
2020-09-16 08:46:59;74;25;21;6;1;3;2;0;2;0;0
2020-09-16 08:47:58;74;25;21;6;1;3;2;0;2;0;0
2020-09-16 08:48:59;74;25;21;6;1;3;2;0;2;0;0
2020-09-16 08:49:59;74;25;21;6;1;3;2;0;2;0;0
2020-09-16 08:50:58;74;25;21;6;1;3;2;0;2;0;0
2020-09-16 08:51:59;74;25;21;6;1;3;2;0;2;0;0
2020-09-16 08:52:59;74;25;21;6;1;3;2;0;2;0;0
2020-09-16 08:53:58;74;25;21;6;1;3;2;0;2;0;0
2020-09-16 08:54:59;75;26;21;6;1;3;2;0;2;0;0
2020-09-16 08:55:59;75;26;21;6;1;3;2;0;2;0;0
2020-09-16 08:56:58;75;26;21;6;1;3;2;0;2;0;0
2020-09-16 08:57:59;76;26;21;6;0;3;2;1;2;0;0
2020-09-16 08:58:59;76;26;21;6;0;3;2;1;2;0;0
2020-09-16 08:59:58;76;26;21;6;0;3;2;1;2;0;0
2020-09-16 09:00:59;76;26;21;6;0;3;2;1;2;0;0
2020-09-16 09:01:59;76;26;21;6;0;3;2;1;2;0;0
2020-09-16 09:02:58;76;26;21;6;0;3;2;1;2;0;0
2020-09-16 09:03:59;76;26;21;6;0;3;2;1;2;0;0
2020-09-16 09:04:59;76;26;21;6;0;3;2;1;2;0;0
2020-09-16 09:05:58;76;26;21;6;0;3;2;1;2;0;0
2020-09-16 09:06:59;76;26;21;6;0;3;2;1;2;0;0
2020-09-16 09:08:00;76;26;21;6;0;3;2;1;2;0;0
2020-09-16 09:08:58;76;26;21;6;0;3;2;1;2;0;0
2020-09-16 09:09:59;76;26;21;6;0;3;2;1;2;0;0
2020-09-16 09:10:59;76;26;21;6;0;3;2;1;2;0;0
2020-09-16 09:11:58;76;26;21;6;0;3;2;1;2;0;0
2020-09-16 09:12:59;76;26;21;6;0;3;2;1;2;0;0
2020-09-16 09:13:58;76;26;21;6;0;3;2;1;2;0;0
2020-09-16 09:14:59;76;26;21;6;0;3;2;1;2;0;0
2020-09-16 09:15:59;76;26;21;6;0;3;2;1;2;0;0
2020-09-16 09:16:58;77;27;21;6;0;3;2;1;2;0;0
2020-09-16 09:17:59;77;27;21;6;0;3;2;1;2;0;0
2020-09-16 09:18:59;78;27;21;6;0;3;3;1;2;0;0
2020-09-16 09:19:58;78;27;21;6;0;3;3;1;2;0;0
2020-09-16 09:20:59;78;27;21;6;0;3;3;1;2;0;0
2020-09-16 09:21:58;78;27;21;6;0;3;3;1;2;0;0
2020-09-16 09:22:59;78;27;21;6;0;3;3;1;2;0;0
2020-09-16 09:23:59;78;27;21;6;0;3;3;1;2;0;0
2020-09-16 09:24:58;78;27;21;6;0;3;3;1;2;0;0
2020-09-16 09:25:59;79;27;22;6;0;3;3;1;2;0;0
2020-09-16 09:26:59;79;27;22;6;0;3;3;1;2;0;0
2020-09-16 09:27:58;80;28;22;6;0;3;3;1;2;0;0
2020-09-16 09:28:59;80;28;22;6;0;3;3;1;2;0;0
2020-09-16 09:30:00;80;28;22;6;0;3;3;1;2;0;0
2020-09-16 09:30:58;80;28;22;6;0;3;3;1;2;0;0
2020-09-16 09:31:59;80;28;22;6;0;3;3;1;2;0;0
2020-09-16 09:32:58;80;28;22;6;0;3;3;1;2;0;0
2020-09-16 09:33:59;80;28;22;6;0;3;3;1;2;0;0
2020-09-16 09:34:59;81;28;22;6;0;3;3;1;2;0;0
2020-09-16 09:35:58;81;28;22;6;0;3;3;1;2;0;0
2020-09-16 09:36:59;81;28;22;6;0;3;3;1;2;0;0
2020-09-16 09:37:59;81;28;22;6;0;3;3;1;2;0;0
2020-09-16 09:38:58;82;28;22;6;0;3;3;0;2;0;0
2020-09-16 09:39:59;82;28;22;6;0;3;3;0;2;0;0
2020-09-16 09:41:00;82;28;22;6;0;3;3;0;2;0;0
2020-09-16 09:41:58;82;28;22;6;0;3;3;0;2;0;0
2020-09-16 09:42:59;82;28;22;6;0;3;3;0;2;0;0
2020-09-16 09:43:58;82;28;22;6;0;3;3;0;2;0;0
2020-09-16 09:44:59;82;28;22;6;0;3;3;0;2;0;0
2020-09-16 09:45:59;83;28;22;6;0;3;3;0;2;0;0
2020-09-16 09:46:58;83;28;22;6;0;3;3;0;2;0;0
2020-09-16 09:47:59;83;28;22;6;0;3;3;0;2;0;0
2020-09-16 09:48:59;84;28;22;6;0;3;3;0;2;0;0
2020-09-16 09:49:58;84;28;22;6;0;3;3;0;2;0;0
2020-09-16 09:50:59;84;28;22;6;0;3;3;0;2;0;0
2020-09-16 09:51:59;84;28;22;6;0;3;3;0;2;0;0
2020-09-16 09:52:58;85;28;22;6;0;4;3;0;2;0;0
2020-09-16 09:53:59;87;28;23;6;0;4;3;0;2;0;0
2020-09-16 09:54:59;87;28;23;6;0;4;3;0;2;0;0
2020-09-16 09:55:58;87;28;23;6;0;4;3;0;2;0;0
2020-09-16 09:56:59;87;28;23;6;0;4;3;0;2;0;0
2020-09-16 09:57:59;87;28;23;6;0;4;3;0;2;0;0
2020-09-16 09:58:58;88;28;23;7;0;4;3;0;2;0;0
2020-09-16 09:59:59;88;28;23;7;0;4;3;0;2;0;0
2020-09-16 10:00:59;89;29;23;7;0;4;3;0;2;0;0
2020-09-16 10:01:58;91;30;23;7;0;4;3;0;2;0;0
2020-09-16 10:02:59;92;31;23;7;0;4;3;0;2;0;0
2020-09-16 10:03:58;92;31;23;7;0;4;3;0;2;0;0
2020-09-16 10:04:59;92;31;23;7;0;4;3;0;2;0;0
2020-09-16 10:05:59;92;31;23;7;0;4;3;0;2;0;0
2020-09-16 10:06:58;92;31;23;7;0;4;3;0;2;0;0
2020-09-16 10:07:59;92;31;23;7;0;4;3;0;2;0;0
2020-09-16 10:08:59;92;31;23;7;0;4;3;0;2;0;0
2020-09-16 10:09:58;92;31;23;7;0;4;3;0;2;0;0
2020-09-16 10:10:59;92;31;23;7;0;4;3;0;2;0;0
2020-09-16 10:11:59;92;31;23;7;0;4;3;0;2;0;0
2020-09-16 10:12:58;93;32;23;7;0;4;3;0;2;0;0
2020-09-16 10:13:59;93;32;23;7;0;4;3;0;2;0;0
2020-09-16 10:14:59;93;32;23;7;0;4;3;0;2;0;0
2020-09-16 10:15:58;94;32;23;7;0;4;4;0;2;0;0
2020-09-16 10:16:59;94;32;23;7;0;4;4;0;2;0;0
2020-09-16 10:17:59;94;32;23;7;0;4;4;0;2;0;0
2020-09-16 10:18:58;94;32;23;7;0;4;4;0;2;0;0
2020-09-16 10:19:59;94;32;23;7;0;4;4;0;2;0;0
2020-09-16 10:20:58;94;32;23;7;0;4;4;0;2;0;0
2020-09-16 10:21:59;96;32;24;7;0;4;4;0;2;0;0
2020-09-16 10:22:59;96;32;24;7;0;4;4;0;2;0;0
2020-09-16 10:23:58;96;32;24;7;0;4;4;0;2;0;0
2020-09-16 10:24:59;96;32;24;7;0;4;4;0;2;0;0
2020-09-16 10:25:59;96;32;24;7;0;4;4;0;2;0;0
2020-09-16 10:26:58;96;32;24;7;0;4;4;0;2;0;0
2020-09-16 10:27:59;96;32;24;7;0;4;4;0;2;0;0
2020-09-16 10:28:59;97;33;24;7;0;4;4;0;2;0;0
2020-09-16 10:29:58;97;33;24;7;0;4;4;0;2;0;0
2020-09-16 10:30:59;97;33;24;7;0;4;4;0;2;0;0
2020-09-16 10:31:59;97;33;24;7;0;4;4;0;2;0;0
2020-09-16 10:32:58;98;33;25;7;0;4;4;0;2;0;0
2020-09-16 10:33:59;98;33;25;7;0;4;4;0;2;0;0
2020-09-16 10:34:58;98;33;25;7;0;4;4;0;2;0;0
2020-09-16 10:35:59;98;33;25;7;0;4;4;0;2;0;0
2020-09-16 10:36:59;98;33;25;7;0;4;4;0;2;0;0
2020-09-16 10:37:58;98;33;25;7;0;4;4;0;2;0;0
2020-09-16 10:38:59;99;34;25;7;0;4;4;0;2;0;0
2020-09-16 10:39:58;99;34;25;7;0;4;4;0;2;0;0
2020-09-16 10:40:59;100;34;25;8;0;4;4;0;2;0;0
2020-09-16 10:41:59;100;34;25;8;0;4;4;0;2;0;0
2020-09-16 10:42:58;101;35;25;8;0;4;4;0;2;0;0
2020-09-16 10:43:59;101;35;25;8;0;4;4;0;2;0;0
2020-09-16 10:44:59;101;35;25;8;0;4;4;0;2;0;0
2020-09-16 10:45:58;102;36;25;8;0;4;4;0;2;0;0
2020-09-16 10:46:59;102;36;25;8;0;4;4;0;2;0;0
2020-09-16 10:47:58;103;36;25;9;0;4;4;0;2;0;0
2020-09-16 10:48:59;104;36;26;9;0;4;4;0;2;0;0
2020-09-16 10:49:59;105;37;26;9;0;4;4;0;2;0;0
2020-09-16 10:51:00;105;37;26;9;0;4;4;0;2;0;0
2020-09-16 10:51:58;105;37;26;9;0;4;4;0;2;0;0
2020-09-16 10:52:59;106;38;26;9;0;4;4;0;2;0;0
2020-09-16 10:53:58;106;38;26;9;0;4;4;0;2;0;0
2020-09-16 10:54:59;106;38;26;9;0;4;4;0;2;0;0
2020-09-16 10:55:59;106;38;26;9;0;4;4;0;2;0;0
2020-09-16 10:56:58;107;38;26;10;0;4;4;0;2;0;0
2020-09-16 10:57:59;107;38;26;10;0;4;4;0;2;0;0
2020-09-16 10:58:59;107;38;26;10;0;4;4;0;2;0;0
2020-09-16 10:59:58;107;38;26;10;0;4;4;0;2;0;0
2020-09-16 11:00:59;107;38;26;10;0;4;4;0;2;0;0
2020-09-16 11:01:59;107;38;26;10;0;4;4;0;2;0;0
2020-09-16 11:02:58;107;38;26;10;0;4;4;0;2;0;0
2020-09-16 11:03:59;107;38;26;10;0;4;4;0;2;0;0
2020-09-16 11:04:59;108;38;27;10;0;4;4;0;2;0;0
2020-09-16 11:05:58;108;38;27;10;0;4;4;0;2;0;0
2020-09-16 11:06:59;108;38;27;10;0;4;4;0;2;0;0
2020-09-16 11:07:58;109;38;28;10;0;4;4;0;2;0;0
2020-09-16 11:08:59;109;38;28;10;0;4;4;0;2;0;0
2020-09-16 11:09:58;109;38;28;10;0;4;4;0;2;0;0
2020-09-16 11:10:59;109;38;28;10;0;4;4;0;2;0;0
2020-09-16 11:11:59;109;38;28;10;0;4;4;0;2;0;0
2020-09-16 11:12:58;110;39;28;10;0;4;4;0;2;0;0
2020-09-16 11:13:59;110;39;28;10;0;4;4;0;2;0;0
2020-09-16 11:14:58;110;39;28;10;0;4;4;0;2;0;0
2020-09-16 11:15:59;110;39;28;10;0;4;4;0;2;0;0
2020-09-16 11:16:59;110;39;28;10;0;4;4;0;2;0;0
2020-09-16 11:17:58;110;39;28;10;0;4;4;0;2;0;0
2020-09-16 11:18:59;110;39;28;10;0;4;4;0;2;0;0
2020-09-16 11:19:59;110;39;28;10;0;4;4;0;2;0;0
2020-09-16 11:20:58;110;39;28;10;0;4;4;0;2;0;0
2020-09-16 11:21:59;110;39;28;10;0;4;4;0;2;0;0
2020-09-16 11:22:59;110;39;28;11;0;4;4;0;2;0;0
2020-09-16 11:23:58;110;39;28;11;0;4;4;0;2;0;0
2020-09-16 11:24:59;110;39;28;11;0;4;4;0;2;0;0
2020-09-16 11:25:59;112;41;28;11;0;4;4;0;2;0;0
2020-09-16 11:26:58;112;41;28;11;0;4;4;0;2;0;0
2020-09-16 11:27:59;112;41;28;11;0;4;4;0;2;0;0
2020-09-16 11:28:59;112;41;28;11;0;4;4;0;2;0;0
2020-09-16 11:29:58;113;41;29;11;0;4;4;0;2;0;0
2020-09-16 11:30:59;114;42;29;11;0;4;4;0;2;0;0
2020-09-16 11:31:59;114;42;29;11;0;4;4;0;2;0;0
2020-09-16 11:32:58;115;43;29;11;0;4;4;0;2;0;0
2020-09-16 11:33:59;116;43;29;12;0;4;4;0;2;0;0
2020-09-16 11:34:59;116;43;29;12;0;4;4;0;2;0;0
2020-09-16 11:35:58;116;43;29;12;0;4;4;0;2;0;0
2020-09-16 11:36:59;116;43;29;12;0;4;4;0;2;0;0
2020-09-16 11:37:58;116;43;29;12;0;4;4;0;2;0;0
2020-09-16 11:38:59;116;43;29;12;0;4;4;0;2;0;0
2020-09-16 11:39:59;116;43;29;12;0;4;4;0;2;0;0
2020-09-16 11:40:59;116;43;29;12;0;4;4;0;2;0;0
2020-09-16 11:41:58;116;43;29;12;0;4;4;0;2;0;0
2020-09-16 11:42:59;116;43;29;12;0;4;4;0;2;0;0
2020-09-16 11:43:58;116;43;29;12;0;4;4;0;2;0;0
2020-09-16 11:44:59;116;43;29;12;0;4;4;0;2;0;0
2020-09-16 11:45:59;116;43;29;12;0;4;4;0;2;0;0
2020-09-16 11:46:58;116;43;29;12;0;4;4;0;2;0;0
2020-09-16 11:47:59;116;43;29;12;0;4;4;0;2;0;0
2020-09-16 11:48:59;116;43;29;12;0;4;4;0;2;0;0
2020-09-16 11:49:59;116;43;29;12;0;4;4;0;2;0;0
2020-09-16 11:50:58;116;43;29;12;0;4;4;0;2;0;0
2020-09-16 11:51:59;116;43;29;12;0;4;4;0;2;0;0
2020-09-16 11:52:59;116;43;29;12;0;4;4;0;2;0;0
2020-09-16 11:53:58;116;43;29;12;0;4;4;0;2;0;0
2020-09-16 11:54:59;116;44;29;12;0;4;4;0;2;0;0
2020-09-16 11:55:59;117;44;30;12;0;4;4;0;2;0;0
2020-09-16 11:56:58;117;44;30;12;0;4;4;0;2;0;0
2020-09-16 11:57:59;117;44;30;12;0;4;4;0;2;0;0
2020-09-16 11:58:59;117;44;30;12;0;4;4;0;2;0;0
2020-09-16 11:59:58;117;44;30;12;0;4;4;0;2;0;0
2020-09-16 12:00:59;118;44;31;12;0;4;4;0;2;0;0
2020-09-16 12:01:59;118;44;31;12;0;4;4;0;2;0;0
2020-09-16 12:02:58;118;44;31;12;0;4;4;0;2;0;0
2020-09-16 12:03:59;118;44;31;12;0;4;4;0;2;0;0
2020-09-16 12:04:58;118;44;31;12;0;4;4;0;2;0;0
2020-09-16 12:05:59;118;44;31;12;0;4;4;0;2;0;0
2020-09-16 12:06:59;119;45;31;12;0;4;4;0;2;0;0
2020-09-16 12:07:59;119;45;31;12;0;4;4;0;2;0;0
2020-09-16 12:08:58;119;45;31;12;0;4;4;0;2;0;0
2020-09-16 12:09:59;119;45;31;12;0;4;4;0;2;0;0
2020-09-16 12:10:58;119;45;31;12;0;4;4;0;2;0;0
2020-09-16 12:11:59;119;45;31;12;0;4;4;0;2;0;0
2020-09-16 12:12:59;119;45;31;12;0;4;4;0;2;0;0
2020-09-16 12:14:00;119;45;31;12;0;4;4;0;2;0;0
2020-09-16 12:14:58;119;45;31;12;0;4;4;0;2;0;0
2020-09-16 12:15:59;119;45;31;12;0;4;4;0;2;0;0
2020-09-16 12:17:00;119;45;31;12;0;4;4;0;2;0;0
2020-09-16 12:17:58;119;45;31;12;0;4;4;0;2;0;0
2020-09-16 12:18:59;119;45;31;12;0;4;4;0;2;0;0
2020-09-16 12:19:58;118;45;30;12;0;4;4;0;2;0;0
2020-09-16 12:20:59;118;45;30;12;0;4;4;0;2;0;0
2020-09-16 12:21:59;118;45;30;12;0;4;4;0;2;0;0
2020-09-16 12:22:58;119;45;30;12;0;4;4;0;2;0;0
2020-09-16 12:23:59;120;45;31;12;0;4;4;0;2;0;0
2020-09-16 12:24:58;121;46;31;12;0;4;4;0;2;0;0
2020-09-16 12:25:59;123;47;32;12;0;4;4;0;2;0;0
2020-09-16 12:26:59;123;46;33;12;0;4;4;0;2;0;0
2020-09-16 12:27:58;123;46;33;12;0;4;4;0;2;0;0
2020-09-16 12:28:59;123;46;33;12;0;4;4;0;2;0;0
2020-09-16 12:29:58;123;46;33;12;0;4;4;0;2;0;0
2020-09-16 12:30:59;123;46;33;12;0;4;4;0;2;0;0
2020-09-16 12:31:59;123;46;33;12;0;4;4;0;2;0;0
2020-09-16 12:32:58;123;46;33;12;0;4;4;0;2;0;0
2020-09-16 12:33:59;123;46;33;12;0;4;4;0;2;0;0
2020-09-16 12:34:59;124;46;33;12;0;4;4;0;2;0;0
2020-09-16 12:35:58;124;46;33;12;0;4;4;0;2;0;0
2020-09-16 12:36:59;124;46;33;12;0;4;4;0;2;0;0
2020-09-16 12:37:59;124;46;33;12;0;4;4;0;2;0;0
2020-09-16 12:38:58;124;46;33;12;0;4;4;0;2;0;0
2020-09-16 12:39:59;124;46;33;12;0;4;4;0;2;0;0
2020-09-16 12:40:59;124;46;33;12;0;4;4;0;2;0;0
2020-09-16 12:41:58;125;46;34;12;0;4;4;0;2;0;0
2020-09-16 12:42:59;125;46;34;12;0;4;4;0;2;0;0
2020-09-16 12:43:59;125;46;34;12;0;4;4;0;2;0;0
2020-09-16 12:44:58;126;46;34;12;0;4;4;1;2;0;0
2020-09-16 12:45:59;127;46;35;12;0;4;4;1;2;0;0
2020-09-16 12:46:59;127;46;35;12;0;4;4;1;2;0;0
2020-09-16 12:47:58;128;46;35;12;0;5;4;1;2;0;0
2020-09-16 12:48:59;129;47;35;12;0;5;4;1;2;0;0
2020-09-16 12:50:00;131;47;37;12;0;5;4;1;2;0;0
2020-09-16 12:50:58;131;47;37;12;0;5;4;1;2;0;0
2020-09-16 12:51:59;132;47;37;12;0;5;4;1;2;1;0
2020-09-16 12:52:59;132;47;37;12;0;5;4;1;2;1;0
2020-09-16 12:53:58;133;47;38;12;0;5;4;1;2;1;0
2020-09-16 12:54:59;133;47;38;12;0;5;4;1;2;1;0
2020-09-16 12:55:59;133;47;38;12;0;5;4;1;2;1;0
2020-09-16 12:56:58;133;47;38;12;0;5;4;1;2;1;0
2020-09-16 12:57:59;135;47;40;12;0;5;4;1;2;1;0
2020-09-16 12:58:59;135;47;40;12;0;5;4;1;2;1;0
2020-09-16 12:59:58;135;47;40;12;0;5;4;1;2;1;0
2020-09-16 13:00:59;135;47;40;12;0;5;4;1;2;1;0
2020-09-16 13:01:58;135;47;40;12;0;5;4;1;2;1;0
2020-09-16 13:02:59;135;47;40;12;0;5;4;1;2;1;0
2020-09-16 13:03:59;135;47;40;12;0;5;4;1;2;1;0
2020-09-16 13:04:58;135;47;40;12;0;5;4;1;2;1;0
2020-09-16 13:05:59;135;47;40;12;0;5;4;1;2;1;0
2020-09-16 13:06:59;135;47;40;12;0;5;4;1;2;1;0
2020-09-16 13:07:58;135;47;40;12;0;5;4;1;2;1;0
2020-09-16 13:08:59;135;47;40;12;0;5;5;1;2;1;0
2020-09-16 13:09:59;135;47;40;12;0;5;5;1;2;1;0
2020-09-16 13:10:58;136;47;41;12;0;5;5;1;2;1;0
2020-09-16 13:11:59;136;47;41;12;0;5;5;1;2;1;0
2020-09-16 13:12:59;136;47;41;12;0;5;5;1;2;1;0
2020-09-16 13:13:58;136;47;41;12;0;5;5;1;2;1;0
2020-09-16 13:14:59;136;47;41;12;0;5;5;1;2;1;0
2020-09-16 13:16:00;137;47;43;12;0;5;5;1;2;1;0
2020-09-16 13:16:58;138;47;43;12;0;5;5;2;2;1;0
2020-09-16 13:17:59;138;47;43;12;0;5;5;2;2;1;0
2020-09-16 13:18:58;138;47;43;12;0;5;5;2;2;1;0
2020-09-16 13:19:59;138;47;43;12;0;5;5;2;2;1;0
2020-09-16 13:20:59;139;47;43;12;2;5;5;2;2;0;0
2020-09-16 13:21:58;140;47;43;12;2;5;5;2;2;0;0
2020-09-16 13:22:59;140;47;43;12;2;5;5;2;2;0;0
2020-09-16 13:23:59;140;47;43;12;2;5;5;2;2;0;0
2020-09-16 13:24:58;140;47;43;12;2;5;5;2;2;0;0
2020-09-16 13:25:59;142;48;44;12;2;5;5;2;2;0;0
2020-09-16 13:26:59;144;49;44;12;2;5;5;2;2;0;0
2020-09-16 13:27:58;144;49;44;12;2;5;5;2;2;0;0
2020-09-16 13:28:59;145;50;44;12;2;5;5;2;2;0;0
2020-09-16 13:29:58;145;50;44;12;2;5;5;2;2;0;0
2020-09-16 13:30:59;146;50;44;12;2;5;5;2;2;0;2
2020-09-16 13:31:59;147;50;44;12;2;5;5;2;2;0;2
2020-09-16 13:32:58;147;50;44;12;2;5;5;2;2;0;2
2020-09-16 13:33:59;147;50;44;12;2;5;5;2;2;0;2
2020-09-16 13:34:59;147;50;44;12;2;5;5;2;2;0;2
2020-09-16 13:35:58;147;50;44;12;2;5;5;2;2;0;2
2020-09-16 13:36:59;147;50;44;12;2;5;5;2;2;0;2
2020-09-16 13:37:58;147;50;44;12;2;5;5;2;2;0;2
2020-09-16 13:38:59;147;50;44;12;2;5;5;2;2;0;2
2020-09-16 13:39:59;147;50;44;12;2;5;5;2;2;0;2
2020-09-16 13:40:58;147;50;44;12;2;5;5;2;2;0;2
2020-09-16 13:41:59;147;50;44;12;2;5;5;2;2;0;2
2020-09-16 13:42:59;147;50;44;12;2;5;5;2;2;0;2
2020-09-16 13:43:58;147;50;44;12;2;5;5;2;2;0;2
2020-09-16 13:44:59;148;51;44;12;2;5;5;2;2;0;2
2020-09-16 13:45:58;148;51;44;12;2;5;5;2;2;0;2
2020-09-16 13:46:59;148;51;44;12;2;5;5;2;2;0;2
2020-09-16 13:47:59;148;51;44;12;2;5;5;2;2;0;2
2020-09-16 13:48:58;148;51;44;12;2;5;5;2;2;0;2
2020-09-16 13:49:59;148;51;44;12;2;5;5;2;2;0;2
2020-09-16 13:50:59;148;51;44;12;2;5;5;2;2;0;2
2020-09-16 13:51:58;148;51;44;12;2;5;5;2;2;0;2
2020-09-16 13:52:59;148;51;44;12;2;5;5;2;2;0;2
2020-09-16 13:53:59;148;51;44;12;2;5;5;2;2;0;2
2020-09-16 13:54:58;148;51;44;12;2;5;5;2;2;0;2
2020-09-16 13:55:59;148;51;44;12;2;5;5;2;2;0;2
2020-09-16 13:56:59;148;51;43;12;2;5;5;2;2;0;2
2020-09-16 13:57:58;148;51;43;12;2;5;5;2;2;0;2
2020-09-16 13:58:59;148;51;43;12;2;5;5;2;2;0;2
2020-09-16 13:59:59;148;51;43;12;2;5;5;2;2;0;2
2020-09-16 14:00:58;148;51;43;12;2;5;5;2;2;0;2
2020-09-16 14:01:59;148;51;43;12;2;5;5;2;2;0;2
2020-09-16 14:02:59;148;51;43;12;2;5;5;2;2;0;2
2020-09-16 14:03:58;148;51;43;12;2;5;5;2;2;0;2
2020-09-16 14:04:59;148;51;43;12;2;5;5;2;2;0;2
2020-09-16 14:05:59;148;51;43;12;2;5;5;2;2;0;2
2020-09-16 14:06:58;148;51;43;12;2;5;5;2;2;0;2
2020-09-16 14:07:59;148;51;43;12;2;5;5;2;2;0;2
2020-09-16 14:08:59;148;51;43;12;2;5;5;2;2;0;2
2020-09-16 14:09:58;148;51;43;12;2;5;5;2;2;0;2
2020-09-16 14:10:59;148;51;43;12;2;5;5;2;2;0;2
2020-09-16 14:11:58;149;52;43;12;2;5;5;2;2;0;2
2020-09-16 14:12:59;149;52;43;12;2;5;5;2;2;0;2
2020-09-16 14:13:58;150;53;43;12;2;5;5;2;2;0;2
2020-09-16 14:14:59;151;53;44;12;2;5;5;2;2;0;2
2020-09-16 14:15:59;151;53;44;12;2;5;5;2;2;0;2
2020-09-16 14:16:59;151;53;44;12;2;5;5;2;2;0;2
2020-09-16 14:17:58;151;53;44;12;2;5;5;2;2;0;2
2020-09-16 14:18:59;151;53;44;12;2;5;5;2;2;0;2
2020-09-16 14:19:59;151;53;44;12;2;5;5;2;2;0;2
2020-09-16 14:20:58;153;54;44;12;2;5;5;2;2;2;2
2020-09-16 14:21:59;153;54;44;12;2;5;5;2;2;2;2
2020-09-16 14:22:59;153;54;44;12;2;5;5;2;2;2;2
2020-09-16 14:23:58;153;54;44;12;2;5;5;2;2;2;2
2020-09-16 14:24:59;153;54;44;12;2;5;5;2;2;2;2
2020-09-16 14:26:00;153;54;44;12;2;5;5;2;2;2;2
2020-09-16 14:26:58;153;54;44;12;2;5;5;2;2;2;2
2020-09-16 14:27:59;153;54;44;12;2;5;5;2;2;2;2
2020-09-16 14:28:58;153;54;44;12;2;5;5;2;2;2;2
2020-09-16 14:29:59;153;54;44;12;2;5;5;2;2;2;2
2020-09-16 14:30:59;153;54;44;12;2;5;5;2;2;2;2
2020-09-16 14:31:58;153;54;44;12;2;5;5;2;2;2;2
2020-09-16 14:32:59;153;54;44;12;2;5;5;2;2;2;2
2020-09-16 14:33:59;153;54;44;12;2;5;5;2;2;2;2
2020-09-16 14:34:58;153;54;44;12;2;5;5;2;2;2;2
2020-09-16 14:35:59;153;54;44;12;2;5;5;2;2;2;2
2020-09-16 14:36:59;153;54;44;12;2;5;5;2;2;2;2
2020-09-16 14:37:58;153;54;44;12;2;5;5;2;2;2;2
2020-09-16 14:38:59;153;54;44;12;2;5;5;2;2;2;2
2020-09-16 14:39:59;154;54;45;12;2;5;5;2;2;2;2
2020-09-16 14:40:58;155;55;45;12;2;5;5;2;2;2;2
2020-09-16 14:41:59;155;55;45;12;2;5;5;2;2;2;2
2020-09-16 14:42:59;156;55;45;12;2;5;5;2;2;2;3
2020-09-16 14:43:58;156;55;45;12;2;5;5;2;2;2;3
2020-09-16 14:44:59;156;55;45;12;2;5;5;2;2;2;3
2020-09-16 14:45:58;156;55;45;12;2;5;5;2;2;2;3
2020-09-16 14:46:59;156;55;45;12;2;5;5;2;2;2;3
2020-09-16 14:47:58;156;55;45;12;2;5;5;2;2;2;3
2020-09-16 14:48:59;156;55;45;12;2;5;5;2;2;2;3
2020-09-16 14:49:59;156;55;45;12;2;5;5;2;2;2;3
2020-09-16 14:51:00;156;55;45;12;2;5;5;2;2;2;3
2020-09-16 14:51:58;156;55;45;12;2;5;5;2;2;2;3
2020-09-16 14:52:59;157;56;45;12;2;5;5;2;2;2;3
2020-09-16 14:53:59;158;57;45;12;2;5;5;2;2;2;3
2020-09-16 14:54:58;158;57;45;12;2;5;5;2;2;2;3
2020-09-16 14:55:59;158;57;45;12;2;5;5;2;2;2;3
2020-09-16 14:56:59;158;57;45;12;2;5;5;2;2;2;3
2020-09-16 14:57:58;159;58;45;12;2;5;5;2;2;2;3
2020-09-16 14:58:59;159;58;45;12;2;5;5;2;2;2;3
2020-09-16 14:59:59;159;58;45;12;2;5;5;2;2;2;3
2020-09-16 15:00:58;159;58;45;12;2;5;5;2;2;2;3
2020-09-16 15:01:59;159;58;45;12;2;5;5;2;2;2;3
2020-09-16 15:02:58;159;58;45;12;2;5;5;2;2;2;3
2020-09-16 15:03:59;159;58;45;12;2;5;5;2;2;2;3
2020-09-16 15:04:59;160;58;46;12;2;5;5;2;2;2;3
2020-09-16 15:05:58;160;58;46;12;2;5;5;2;2;2;3
2020-09-16 15:06:59;160;58;46;12;2;5;5;2;2;2;3
2020-09-16 15:07:59;160;58;46;12;2;5;5;2;2;2;3
2020-09-16 15:08:58;160;58;46;12;2;5;5;2;2;2;3
2020-09-16 15:09:59;160;58;46;12;2;5;5;2;2;2;3
2020-09-16 15:10:59;160;58;46;12;2;5;5;2;2;2;3
2020-09-16 15:11:58;160;58;46;12;2;5;5;2;2;2;3
2020-09-16 15:12:59;160;58;46;12;2;5;5;2;2;2;3
2020-09-16 15:13:59;160;58;46;12;2;5;5;2;2;2;3
2020-09-16 15:14:58;161;58;46;12;2;5;6;2;2;2;3
2020-09-16 15:15:59;161;58;46;12;2;5;6;2;2;2;3
2020-09-16 15:16:59;161;58;46;12;2;5;6;2;2;2;3
2020-09-16 15:17:58;161;58;46;12;2;5;6;2;2;2;3
2020-09-16 15:18:59;161;58;46;12;2;5;6;2;2;2;3
2020-09-16 15:19:58;161;58;46;12;2;5;6;2;2;2;3
2020-09-16 15:20:59;161;58;46;12;2;5;6;2;2;2;3
2020-09-16 15:21:59;161;58;46;12;2;5;6;2;2;2;3
2020-09-16 15:22:58;161;58;46;12;2;5;6;2;2;2;3
2020-09-16 15:23:59;161;58;46;12;2;5;6;2;2;2;3
2020-09-16 15:24:58;162;59;46;12;2;5;6;2;2;2;3
2020-09-16 15:25:59;162;59;46;12;2;5;6;2;2;2;3
2020-09-16 15:26:59;162;59;46;12;2;5;6;2;2;2;3
2020-09-16 15:27:59;162;59;46;12;2;5;6;2;2;2;3
2020-09-16 15:28:58;162;59;46;12;2;5;6;2;2;2;3
2020-09-16 15:29:59;162;59;46;12;2;5;6;2;2;2;3
2020-09-16 15:30:59;162;59;46;12;2;5;6;2;2;2;3
2020-09-16 15:31:58;163;59;47;12;2;5;6;2;2;2;3
2020-09-16 15:32:59;163;59;47;12;2;5;6;2;2;2;3
2020-09-16 15:34:00;163;59;47;12;2;5;6;2;2;2;3
2020-09-16 15:34:58;164;60;47;12;2;5;6;2;2;2;3
2020-09-16 15:35:59;165;61;47;12;2;5;6;2;2;2;3
2020-09-16 15:36:58;166;61;48;12;2;5;6;2;2;2;3
2020-09-16 15:37:59;167;61;48;12;2;5;6;2;2;3;3
2020-09-16 15:38:59;168;61;49;12;2;5;6;2;2;3;3
2020-09-16 15:39:58;169;61;49;13;2;5;6;2;2;3;3
2020-09-16 15:40:59;169;61;49;13;2;5;6;2;2;3;3
2020-09-16 15:41:59;169;61;49;13;2;5;6;2;2;3;3
2020-09-16 15:42:59;169;61;49;13;2;5;6;2;2;3;3
2020-09-16 15:43:58;170;62;49;13;2;5;6;2;2;3;3
2020-09-16 15:44:59;170;62;49;13;2;5;6;2;2;3;3
2020-09-16 15:45:59;170;62;49;13;2;5;6;2;2;3;3
2020-09-16 15:46:58;170;62;49;13;2;5;6;2;2;3;3
2020-09-16 15:47:59;170;62;49;13;2;5;6;2;2;3;3
2020-09-16 15:48:59;170;62;49;13;2;5;6;2;2;3;3
2020-09-16 15:49:59;170;62;49;13;2;5;6;2;2;3;3
2020-09-16 15:50:58;170;62;49;13;2;5;6;2;2;3;3
2020-09-16 15:51:59;170;62;49;13;2;5;6;2;2;3;3
2020-09-16 15:52:59;170;62;49;13;2;5;6;2;2;3;3
2020-09-16 15:53:58;170;62;49;13;2;5;6;2;2;3;3
2020-09-16 15:54:59;170;62;49;13;2;5;6;2;2;3;3
2020-09-16 15:56:00;170;62;49;13;2;5;6;2;2;3;3
2020-09-16 15:56:58;170;62;49;13;2;5;6;2;2;3;3
2020-09-16 15:57:59;170;62;49;13;2;5;6;2;2;3;3
2020-09-16 15:58:58;170;62;49;13;2;5;6;2;2;3;3
2020-09-16 15:59:59;170;62;49;13;2;5;6;2;2;3;3
2020-09-16 16:00:59;170;62;49;13;2;5;6;2;2;3;3
2020-09-16 16:01:58;170;62;49;13;2;5;6;2;2;3;3
2020-09-16 16:02:59;170;62;49;13;2;5;6;2;2;3;3
2020-09-16 16:03:59;170;62;49;13;2;5;6;2;2;3;3
2020-09-16 16:04:58;170;62;49;13;2;5;6;2;2;3;3
2020-09-16 16:05:59;170;62;49;13;2;5;6;2;2;3;3
2020-09-16 16:06:59;170;62;49;13;2;5;6;2;2;3;3
2020-09-16 16:07:58;171;62;49;13;2;5;6;2;2;4;3
2020-09-16 16:08:59;171;62;49;13;2;5;6;2;2;4;3
2020-09-16 16:09:59;171;62;49;13;2;5;6;2;2;4;3
2020-09-16 16:10:58;171;62;49;13;2;5;6;2;2;4;3
2020-09-16 16:11:59;171;62;49;13;2;5;6;2;2;4;3
2020-09-16 16:12:59;171;62;49;13;2;5;6;2;2;4;3
2020-09-16 16:13:58;171;62;49;13;2;5;6;2;2;4;3
2020-09-16 16:14:59;171;62;49;13;2;5;6;2;2;4;3
2020-09-16 16:15:59;171;62;49;13;2;5;6;2;2;4;3
2020-09-16 16:16:58;171;62;49;13;2;5;6;2;2;4;3
2020-09-16 16:17:59;171;62;49;13;2;5;6;2;2;4;3
2020-09-16 16:18:58;171;62;49;13;2;5;6;2;2;4;3
2020-09-16 16:19:59;171;62;49;13;2;5;6;2;2;4;3
2020-09-16 16:20:59;171;62;49;13;2;5;6;2;2;4;3
2020-09-16 16:21:58;171;62;49;13;2;5;6;2;2;4;3
2020-09-16 16:22:59;171;62;49;13;2;5;6;2;2;4;3
2020-09-16 16:23:59;171;62;49;13;2;5;6;2;2;4;3
2020-09-16 16:24:58;172;63;49;13;2;5;6;2;2;4;3
2020-09-16 16:25:59;173;63;49;13;2;5;6;2;2;4;3
2020-09-16 16:26:59;173;63;49;13;2;5;6;2;2;4;3
2020-09-16 16:27:58;173;63;49;13;2;5;6;2;2;4;3
2020-09-16 16:28:59;173;63;49;13;2;5;6;2;2;4;3
2020-09-16 16:29:58;173;63;49;13;2;5;6;2;2;4;3
2020-09-16 16:30:59;173;63;49;13;2;5;6;2;2;4;3
2020-09-16 16:31:59;173;63;49;13;2;5;6;2;2;4;3
2020-09-16 16:32:58;173;63;49;13;2;5;6;2;2;4;3
2020-09-16 16:33:59;173;63;49;13;2;5;6;2;2;4;3
2020-09-16 16:34:59;173;63;49;13;2;5;6;2;2;4;3
2020-09-16 16:35:58;173;63;49;13;2;5;6;2;2;4;3
2020-09-16 16:36:59;173;63;49;13;2;5;6;2;2;4;3
2020-09-16 16:37:59;173;63;49;13;2;5;6;2;2;4;3
2020-09-16 16:38:58;173;63;49;13;2;5;6;2;2;4;3
2020-09-16 16:39:59;173;63;49;13;2;5;6;2;2;4;3
2020-09-16 16:40:58;174;63;49;13;3;5;6;2;2;4;3
2020-09-16 16:41:59;174;63;49;13;3;5;6;2;2;4;3
2020-09-16 16:42:59;174;63;49;13;3;5;6;2;2;4;3
2020-09-16 16:43:58;174;63;49;13;3;5;6;2;2;4;3
2020-09-16 16:44:59;174;63;49;13;3;5;6;2;2;4;3
2020-09-16 16:45:59;176;64;50;13;3;5;6;2;2;4;3
2020-09-16 16:46:58;176;64;50;13;3;5;6;2;2;4;3
2020-09-16 16:47:59;178;64;50;13;3;5;6;2;3;4;3
2020-09-16 16:48:59;178;64;50;13;3;5;6;2;3;4;3
2020-09-16 16:49:58;178;63;51;13;3;5;6;2;3;4;3
2020-09-16 16:50:59;178;63;51;13;3;5;6;2;3;4;3
2020-09-16 16:51:58;178;63;51;13;3;5;6;2;3;4;3
2020-09-16 16:52:59;178;63;51;13;3;5;6;2;3;4;3
2020-09-16 16:53:59;178;63;51;13;3;5;6;2;3;4;3
2020-09-16 16:54:58;178;63;51;13;3;5;6;2;3;4;3
2020-09-16 16:55:59;178;63;51;13;3;5;6;2;3;4;3
2020-09-16 16:56:58;178;63;51;13;3;5;6;2;3;4;3
2020-09-16 16:57:59;178;63;51;13;3;5;6;2;3;4;3
2020-09-16 16:58:59;179;63;52;13;3;5;6;2;3;4;3
2020-09-16 16:59:58;179;63;52;13;3;5;6;2;3;4;3
2020-09-16 17:00:59;180;64;52;13;3;5;6;2;3;4;3
2020-09-16 17:01:59;180;64;52;13;3;5;6;2;3;4;3
2020-09-16 17:02:58;180;64;52;13;3;5;6;2;3;4;3
2020-09-16 17:03:59;180;64;52;13;3;5;6;2;3;4;3
2020-09-16 17:04:59;181;65;52;13;3;5;6;2;3;4;3
2020-09-16 17:05:58;181;65;52;13;3;5;6;2;3;4;3
2020-09-16 17:06:59;181;65;52;13;3;5;6;2;3;4;3
2020-09-16 17:07:59;181;65;52;13;3;5;6;2;3;4;3
2020-09-16 17:08:58;181;65;52;13;3;5;6;2;3;4;3
2020-09-16 17:09:59;182;65;53;13;3;5;6;2;3;4;3
2020-09-16 17:10:59;183;66;53;13;3;5;6;2;3;4;3
2020-09-16 17:11:58;183;66;53;13;3;5;6;2;3;4;3
2020-09-16 17:12:59;183;66;53;13;3;5;6;2;3;4;3
2020-09-16 17:13:59;183;66;53;13;3;5;6;2;3;4;3
2020-09-16 17:14:58;183;66;53;13;3;5;6;2;3;4;3
2020-09-16 17:15:59;183;66;53;13;3;5;6;2;3;4;3
2020-09-16 17:16:59;183;66;53;13;3;5;6;2;3;4;3
2020-09-16 17:17:58;184;67;53;13;3;5;6;2;3;4;3
2020-09-16 17:18:59;184;67;53;13;3;5;6;2;3;4;3
2020-09-16 17:19:59;185;67;54;13;3;5;6;2;3;4;3
2020-09-16 17:20:58;185;67;54;13;3;5;6;2;3;4;3
2020-09-16 17:21:59;185;67;54;13;3;5;6;2;3;4;3
2020-09-16 17:22:59;185;68;53;13;3;5;6;2;3;4;3
2020-09-16 17:23:58;185;68;53;13;3;5;6;2;3;4;3
2020-09-16 17:24:59;185;68;53;13;3;5;6;2;3;4;3
2020-09-16 17:25:58;185;68;53;13;3;5;6;2;3;4;3
2020-09-16 17:26:59;185;68;53;13;3;5;6;2;3;4;3
2020-09-16 17:27:59;185;68;53;13;3;5;6;2;3;4;3
2020-09-16 17:28:58;185;68;53;13;3;5;6;2;3;4;3
2020-09-16 17:29:59;185;68;53;13;3;5;6;2;3;4;3
2020-09-16 17:30:59;185;68;53;13;3;5;6;2;3;4;3
2020-09-16 17:31:58;186;68;54;13;3;5;6;2;3;4;3
2020-09-16 17:32:59;186;68;54;13;3;5;6;2;3;4;3
2020-09-16 17:33:59;186;68;54;13;3;5;6;2;3;4;3
2020-09-16 17:34:58;186;68;54;13;3;5;6;2;3;4;3
2020-09-16 17:35:59;186;68;54;13;3;5;6;2;3;4;3
2020-09-16 17:36:58;186;68;54;13;3;5;6;2;3;4;3
2020-09-16 17:37:59;186;68;54;13;3;5;6;2;3;4;3
2020-09-16 17:38:59;186;68;54;13;3;5;6;2;3;4;3
2020-09-16 17:39:58;186;68;55;13;3;5;6;2;3;4;3
2020-09-16 17:40:59;187;68;56;13;3;5;6;2;3;4;3
2020-09-16 17:41:59;187;68;56;13;3;5;6;2;3;4;3
2020-09-16 17:42:58;187;68;56;13;3;5;6;2;3;4;3
2020-09-16 17:43:59;187;68;56;13;3;5;6;2;3;4;3
2020-09-16 17:44:59;187;68;56;13;3;5;6;2;3;4;3
2020-09-16 17:45:58;187;68;56;13;3;5;6;2;3;4;3
2020-09-16 17:46:59;187;68;56;13;3;5;6;2;3;4;3
2020-09-16 17:47:59;187;68;56;13;3;5;6;2;3;4;3
2020-09-16 17:48:58;187;68;56;13;3;5;6;2;3;4;3
2020-09-16 17:49:59;187;68;56;13;3;5;6;2;3;4;3
2020-09-16 17:50:59;187;68;56;13;3;5;6;2;3;4;3
2020-09-16 17:51:58;187;68;56;13;3;5;6;2;3;4;3
2020-09-16 17:52:59;187;68;56;13;3;5;6;2;3;4;3
2020-09-16 17:53:59;187;68;56;13;3;5;6;2;3;4;3
2020-09-16 17:54:58;187;68;56;13;3;5;6;2;3;4;3
2020-09-16 17:55:59;188;69;56;13;3;5;6;2;3;4;3
2020-09-16 17:56:59;188;69;56;13;3;5;6;2;3;4;3
2020-09-16 17:57:58;188;69;56;13;3;5;6;2;3;4;3
2020-09-16 17:58:59;188;69;56;13;3;5;6;2;3;4;3
2020-09-16 17:59:58;188;69;56;13;3;5;6;2;3;4;3
2020-09-16 18:00:59;188;69;56;13;3;5;6;2;3;4;3
2020-09-16 18:01:59;188;69;56;13;3;5;6;2;3;4;3
2020-09-16 18:02:58;188;69;56;13;3;5;6;2;3;4;3
2020-09-16 18:03:59;189;69;56;13;3;5;6;2;3;4;4
2020-09-16 18:04:59;189;69;56;13;3;5;6;2;3;4;4
2020-09-16 18:05:58;189;69;56;13;3;5;6;2;3;4;4
2020-09-16 18:06:59;189;69;56;13;3;5;6;2;3;4;4
2020-09-16 18:07:59;189;69;56;13;3;5;6;2;3;4;4
2020-09-16 18:08:58;189;69;56;13;3;5;6;2;3;4;4
2020-09-16 18:09:59;189;69;56;13;3;5;6;2;3;4;4
2020-09-16 18:10:59;189;70;55;13;3;5;6;2;3;4;4
2020-09-16 18:11:58;189;70;55;13;3;5;6;2;3;4;4
2020-09-16 18:12:59;189;70;55;13;3;5;6;2;3;4;4
2020-09-16 18:13:59;189;70;55;13;3;5;6;2;3;4;4
2020-09-16 18:14:58;189;70;55;13;3;5;6;2;3;4;4
2020-09-16 18:15:59;189;70;55;13;3;5;6;2;3;4;4
2020-09-16 18:16:59;190;70;55;13;3;5;6;3;3;4;4
2020-09-16 18:17:58;190;70;55;13;3;5;6;3;3;4;4
2020-09-16 18:18:59;190;70;55;13;3;5;6;3;3;4;4
2020-09-16 18:19:58;190;70;55;13;3;5;6;3;3;4;4
2020-09-16 18:20:59;190;70;55;13;3;5;6;3;3;4;4
2020-09-16 18:21:59;190;70;55;13;3;5;6;3;3;4;4
2020-09-16 18:22:58;190;70;55;13;3;5;6;3;3;4;4
2020-09-16 18:23:59;190;70;55;13;3;5;6;3;3;4;4
2020-09-16 18:24:59;190;70;55;13;3;5;6;3;3;4;4
2020-09-16 18:25:58;190;70;55;13;3;5;6;3;3;4;4
2020-09-16 18:26:59;190;70;55;13;3;5;6;3;3;4;4
2020-09-16 18:27:59;190;70;55;13;3;5;6;3;3;4;4
2020-09-16 18:28:58;190;70;55;13;3;5;6;3;3;4;4
2020-09-16 18:29:59;190;70;55;13;3;5;6;3;3;4;4
2020-09-16 18:30:59;190;70;55;13;3;5;6;3;3;4;4
2020-09-16 18:31:58;190;70;55;13;3;5;6;3;3;4;4
2020-09-16 18:32:59;190;70;55;13;3;5;6;3;3;4;4
2020-09-16 18:33:59;190;70;55;13;3;5;6;3;3;4;4
2020-09-16 18:34:58;190;70;55;13;3;5;6;3;3;4;4
2020-09-16 18:35:59;190;70;55;13;3;5;6;3;3;4;4
2020-09-16 18:36:59;190;70;55;13;3;5;6;3;3;4;4
2020-09-16 18:37:59;190;70;55;13;3;5;6;3;3;4;4
2020-09-16 18:38:58;190;70;55;13;3;5;6;3;3;4;4
2020-09-16 18:39:59;190;70;55;13;3;5;6;3;3;4;4
2020-09-16 18:41:00;190;70;55;13;3;5;6;3;3;4;4
2020-09-16 18:41:58;190;70;55;13;3;5;6;3;3;4;4
2020-09-16 18:42:59;190;70;55;13;3;5;6;3;3;4;4
2020-09-16 18:43:58;190;70;55;13;3;5;6;3;3;4;4
2020-09-16 18:44:59;190;70;55;13;3;5;6;3;3;4;4
2020-09-16 18:45:58;191;70;56;13;3;5;6;3;3;4;4
2020-09-16 18:46:59;191;70;56;13;3;5;6;3;3;4;4
2020-09-16 18:47:59;191;70;56;13;3;5;6;3;3;4;4
2020-09-16 18:48:58;191;70;56;13;3;5;6;3;3;4;4
2020-09-16 18:49:59;191;70;56;13;3;5;6;3;3;4;4
2020-09-16 18:50:59;191;70;56;13;3;5;6;3;3;4;4
2020-09-16 18:51:58;191;70;56;13;3;5;6;3;3;4;4
2020-09-16 18:52:59;191;70;56;13;3;5;6;3;3;4;4
2020-09-16 18:53:59;191;70;56;13;3;5;6;3;3;4;4
2020-09-16 18:54:58;191;70;56;13;3;5;6;3;3;4;4
2020-09-16 18:55:59;191;70;56;13;3;5;6;3;3;4;4
2020-09-16 18:56:59;191;70;56;13;3;5;6;3;3;4;4
2020-09-16 18:57:58;192;71;56;13;3;5;6;3;3;4;4
2020-09-16 18:58:59;193;71;57;13;3;5;6;3;3;4;4
2020-09-16 18:59:59;193;71;57;13;3;5;6;3;3;4;4
2020-09-16 19:00:58;193;71;57;13;3;5;6;3;3;4;4
2020-09-16 19:01:59;193;71;57;13;3;5;6;3;3;4;4
2020-09-16 19:02:58;193;71;57;13;3;5;6;3;3;4;4
2020-09-16 19:03:59;193;71;57;13;3;5;6;3;3;4;4
2020-09-16 19:04:59;193;71;57;13;3;5;6;3;3;4;4
2020-09-16 19:05:58;193;71;57;13;3;5;6;3;3;4;4
2020-09-16 19:06:59;193;71;57;13;3;5;6;3;3;4;4
2020-09-16 19:07:59;194;71;57;13;3;5;6;3;3;4;4
2020-09-16 19:08:58;194;71;57;13;3;5;6;3;3;4;4
2020-09-16 19:09:59;194;71;57;13;3;5;6;3;3;4;4
2020-09-16 19:11:00;194;71;57;13;3;5;6;3;3;4;4
2020-09-16 19:11:58;194;71;57;13;3;5;6;3;3;4;4
2020-09-16 19:12:59;194;71;57;13;3;5;6;3;3;4;4
2020-09-16 19:13:59;194;71;57;13;3;5;6;3;3;4;4
2020-09-16 19:14:58;194;71;57;13;3;5;6;3;3;4;4
2020-09-16 19:15:59;194;71;57;13;3;5;6;3;3;4;4
2020-09-16 19:16:59;194;71;57;13;3;5;6;3;3;4;4
2020-09-16 19:17:58;194;71;57;13;3;5;6;3;3;4;4
2020-09-16 19:18:59;194;71;57;13;3;5;6;3;3;4;4
2020-09-16 19:19:58;194;71;57;13;3;5;6;3;3;4;4
2020-09-16 19:20:59;194;71;57;13;3;5;6;3;3;4;4
2020-09-16 19:21:59;194;71;57;13;3;5;6;3;3;4;4
2020-09-16 19:22:58;194;71;57;13;3;5;6;3;3;4;4
2020-09-16 19:23:59;194;71;57;13;3;5;6;3;3;4;4
2020-09-16 19:24:59;195;72;57;13;3;5;6;3;3;4;4
2020-09-16 19:25:58;195;72;57;13;3;5;6;3;3;4;4
2020-09-16 19:26:59;195;72;57;13;3;5;6;3;3;4;4
2020-09-16 19:27:59;195;72;57;13;3;5;6;3;3;4;4
2020-09-16 19:28:58;195;72;57;13;3;5;6;3;3;4;4
2020-09-16 19:29:59;196;73;57;13;3;5;6;3;3;4;4
2020-09-16 19:31:00;196;73;57;13;3;5;6;3;3;4;4
2020-09-16 19:31:58;196;73;57;13;3;5;6;3;3;4;4
2020-09-16 19:32:59;196;73;57;13;3;5;6;3;3;4;4
2020-09-16 19:33:58;196;73;57;13;3;5;6;3;3;4;4
2020-09-16 19:34:59;196;73;57;13;3;5;6;3;3;4;4
2020-09-16 19:36:00;196;73;57;13;3;5;6;3;3;4;4
2020-09-16 19:36:58;196;73;57;13;3;5;6;3;3;4;4
2020-09-16 19:37:59;196;73;57;13;3;5;6;3;3;4;4
2020-09-16 19:38:58;197;73;57;13;3;5;6;3;3;4;4
2020-09-16 19:39:59;197;73;57;13;3;5;6;3;3;4;4
2020-09-16 19:40:59;197;73;57;13;3;5;6;3;3;4;4
2020-09-16 19:41:58;197;73;57;13;3;5;6;3;3;4;4
2020-09-16 19:42:59;197;73;57;13;3;5;6;3;3;4;4
2020-09-16 19:43:59;197;73;57;13;3;5;6;3;3;4;4
2020-09-16 19:44:58;197;73;57;13;3;5;6;3;3;4;4
2020-09-16 19:45:59;197;73;57;13;3;5;6;3;3;4;4
2020-09-16 19:46:59;197;73;57;13;3;5;6;3;3;4;4
2020-09-16 19:47:58;197;73;57;13;3;5;6;3;3;4;4
2020-09-16 19:48:59;197;73;57;13;3;5;6;3;3;4;4
2020-09-16 19:49:59;197;73;57;13;3;5;6;3;3;4;4
2020-09-16 19:50:58;197;73;57;13;3;5;6;3;3;4;4
2020-09-16 19:51:59;197;73;57;13;3;5;6;3;3;4;4
2020-09-16 19:52:59;198;73;58;13;3;5;6;3;3;4;4
2020-09-16 19:53:58;198;73;58;13;3;5;6;3;3;4;4
2020-09-16 19:54:59;198;73;58;13;3;5;6;3;3;4;4
2020-09-16 19:55:59;199;73;58;13;4;5;6;3;3;4;4
2020-09-16 19:56:59;199;73;58;13;4;5;6;3;3;4;4
2020-09-16 19:57:58;199;73;58;13;4;5;6;3;3;4;4
2020-09-16 19:58:59;199;73;58;13;4;5;6;3;3;4;4
2020-09-16 19:59:58;199;73;58;13;4;5;6;3;3;4;4
2020-09-16 20:00:59;199;73;58;13;4;5;6;3;3;4;4
2020-09-16 20:01:59;199;73;58;13;4;5;6;3;3;4;4
2020-09-16 20:02:58;199;73;58;13;4;5;6;3;3;4;4
2020-09-16 20:03:59;199;73;58;13;4;5;6;3;3;4;4
2020-09-16 20:04:59;199;73;58;13;4;5;6;3;3;4;4
2020-09-16 20:05:58;199;73;58;13;4;5;6;3;3;4;4
2020-09-16 20:06:59;199;73;58;13;4;5;6;3;3;4;4
2020-09-16 20:07:59;199;73;58;13;4;5;6;3;3;4;4
2020-09-16 20:08:58;199;73;58;13;4;5;6;3;3;4;4
2020-09-16 20:09:59;199;73;58;13;4;5;6;3;3;4;4
2020-09-16 20:10:59;199;73;58;13;4;5;6;3;3;4;4
2020-09-16 20:11:58;199;73;58;13;4;5;6;3;3;4;4
2020-09-16 20:12:59;200;73;59;13;4;5;6;3;3;4;4
2020-09-16 20:13:58;200;73;59;13;4;5;6;3;3;4;4
2020-09-16 20:14:59;200;73;59;13;4;5;6;3;3;4;4
2020-09-16 20:15:59;200;73;59;13;4;5;6;3;3;4;4
2020-09-16 20:16:58;200;73;59;13;4;5;6;3;3;4;4
2020-09-16 20:17:59;200;73;59;13;4;5;6;3;3;4;4
2020-09-16 20:18:58;200;73;59;13;4;5;6;3;3;4;4
2020-09-16 20:19:59;200;73;59;13;4;5;6;3;3;4;4
2020-09-16 20:20:59;200;73;59;13;4;5;6;3;3;4;4
2020-09-16 20:21:58;200;73;59;13;4;5;6;3;3;4;4
2020-09-16 20:22:59;200;73;59;13;4;5;6;3;3;4;4
2020-09-16 20:23:59;200;73;59;13;4;5;6;3;3;4;4
2020-09-16 20:24:58;200;73;59;13;4;5;6;3;3;4;4
2020-09-16 20:25:59;200;73;59;13;4;5;6;3;3;4;4
2020-09-16 20:26:59;200;73;59;13;4;5;6;3;3;4;4
2020-09-16 20:27:58;200;73;59;13;4;5;6;3;3;4;4
2020-09-16 20:28:59;200;73;59;13;4;5;6;3;3;4;4
2020-09-16 20:29:59;200;73;59;13;4;5;6;3;3;4;4
2020-09-16 20:30:58;200;74;59;13;4;5;5;3;3;4;4
2020-09-16 20:31:59;201;75;59;13;4;5;5;3;3;4;4
2020-09-16 20:32:59;202;75;59;13;4;6;5;3;3;4;4
2020-09-16 20:33:58;202;75;59;13;4;6;5;3;3;4;4
2020-09-16 20:34:59;202;75;59;13;4;6;5;3;3;4;4
2020-09-16 20:35:59;202;75;59;13;4;6;5;3;3;4;4
2020-09-16 20:36:58;202;75;59;13;4;6;5;3;3;4;4
2020-09-16 20:37:59;203;75;59;13;4;6;5;3;3;4;4
2020-09-16 20:38:59;203;75;59;13;4;6;5;3;3;4;4
2020-09-16 20:39:58;203;75;59;13;4;6;5;3;3;4;4
2020-09-16 20:40:59;203;75;59;13;4;6;5;3;3;4;4
2020-09-16 20:41:59;203;75;59;13;4;6;5;3;3;4;4
2020-09-16 20:42:58;203;75;59;13;4;6;5;3;3;4;4
2020-09-16 20:43:59;203;75;59;13;4;6;5;3;3;4;4
2020-09-16 20:44:58;203;75;59;13;4;6;5;3;3;4;4
2020-09-16 20:45:59;203;75;59;13;4;6;5;3;3;4;4
2020-09-16 20:46:59;204;75;59;13;4;6;5;3;3;4;5
2020-09-16 20:47:58;204;75;59;13;4;6;5;3;3;4;5
2020-09-16 20:48:59;204;75;59;13;4;6;5;3;3;4;5
2020-09-16 20:49:59;204;75;59;13;4;6;5;3;3;4;5
2020-09-16 20:50:58;204;75;59;13;4;6;5;3;3;4;5
2020-09-16 20:51:59;204;75;59;13;4;6;5;3;3;4;5
2020-09-16 20:52:58;204;75;59;13;4;6;5;3;3;4;5
2020-09-16 20:53:59;205;75;59;14;4;6;5;3;3;4;5
2020-09-16 20:54:59;205;75;59;14;4;6;5;3;3;4;5
2020-09-16 20:55:58;205;75;59;14;4;6;5;3;3;4;5
2020-09-16 20:56:59;205;75;59;14;4;6;5;3;3;4;5
2020-09-16 20:57:59;205;75;59;14;4;6;5;3;3;4;5
2020-09-16 20:58:58;206;76;59;14;4;6;5;3;3;4;5
2020-09-16 20:59:59;206;76;59;14;4;6;5;3;3;4;5
2020-09-16 21:00:58;206;76;59;14;4;6;5;3;3;4;5
2020-09-16 21:01:59;206;76;59;14;4;6;5;3;3;4;5
2020-09-16 21:02:59;207;77;59;14;4;6;5;3;3;4;5
2020-09-16 21:03:58;207;77;59;14;4;6;5;3;3;4;5
2020-09-16 21:04:59;208;78;59;14;4;6;5;3;3;4;5
2020-09-16 21:05:59;208;78;59;14;4;6;5;3;3;4;5
2020-09-16 21:06:58;208;78;59;14;4;6;5;3;3;4;5
2020-09-16 21:07:59;208;78;59;14;4;6;5;3;3;4;5
2020-09-16 21:08:59;208;78;59;14;4;6;5;3;3;4;5
2020-09-16 21:09:58;208;78;59;14;4;6;5;3;3;4;5
2020-09-16 21:10:59;208;78;59;14;4;6;5;3;3;4;5
2020-09-16 21:11:59;208;78;59;14;4;6;5;3;3;4;5
2020-09-16 21:12:58;208;78;59;14;4;6;5;3;3;4;5
2020-09-16 21:13:59;208;78;59;14;4;6;5;3;3;4;5
2020-09-16 21:14:58;208;78;59;14;4;6;5;3;3;4;5
2020-09-16 21:15:59;208;78;59;14;4;6;5;3;3;4;5
2020-09-16 21:16:59;208;78;59;14;4;6;5;3;3;4;5
2020-09-16 21:17:58;208;78;59;14;4;6;5;3;3;4;5
2020-09-16 21:18:59;208;78;59;14;4;6;5;3;3;4;5
2020-09-16 21:19:58;208;78;59;14;4;6;5;3;3;4;5
2020-09-16 21:20:59;209;78;60;14;4;6;5;3;3;4;5
2020-09-16 21:21:58;209;78;60;14;4;6;5;3;3;4;5
2020-09-16 21:22:59;209;78;60;14;4;6;5;3;3;4;5
2020-09-16 21:23:58;209;78;60;14;4;6;5;3;3;4;5
2020-09-16 21:24:59;209;78;60;14;4;6;5;3;3;4;5
2020-09-16 21:25:59;209;78;60;14;4;6;5;3;3;4;5
2020-09-16 21:27:00;209;78;60;14;4;6;5;3;3;4;5
2020-09-16 21:27:58;209;78;60;14;4;6;5;3;3;4;5
2020-09-16 21:28:59;209;78;60;14;4;6;5;3;3;4;5
2020-09-16 21:29:58;209;78;60;14;4;6;5;3;3;4;5
2020-09-16 21:30:59;209;78;60;14;4;6;5;3;3;4;5
2020-09-16 21:31:59;210;78;61;14;4;6;5;3;3;4;5
2020-09-16 21:32:58;210;78;61;14;4;6;5;3;3;4;5
2020-09-16 21:33:59;211;79;61;14;4;6;5;3;3;4;5
2020-09-16 21:34:59;211;79;61;14;4;6;5;3;3;4;5
2020-09-16 21:35:58;211;79;61;14;4;6;5;3;3;4;5
2020-09-16 21:36:59;211;79;61;14;4;6;5;3;3;4;5
2020-09-16 21:37:59;211;79;61;14;4;6;5;3;3;4;5
2020-09-16 21:38:58;211;79;61;14;4;6;5;3;3;4;5
2020-09-16 21:39:59;211;79;61;14;4;6;5;3;3;4;5
2020-09-16 21:40:58;211;79;61;14;4;6;5;3;3;4;5
2020-09-16 21:41:59;211;79;61;14;4;6;5;3;3;4;5
2020-09-16 21:42:59;211;79;61;14;4;6;5;3;3;4;5
2020-09-16 21:43:58;211;79;61;14;4;6;5;3;3;4;5
2020-09-16 21:44:59;211;79;61;14;4;6;5;3;3;4;5
2020-09-16 21:45:59;211;79;61;14;4;6;5;3;3;4;5
2020-09-16 21:46:59;211;79;61;14;4;6;5;3;3;4;5
2020-09-16 21:47:58;211;79;61;14;4;6;5;3;3;4;5
2020-09-16 21:48:59;211;79;61;14;4;6;5;3;3;4;5
2020-09-16 21:49:59;211;79;61;14;4;6;5;3;3;4;5
2020-09-16 21:50:58;211;79;61;14;4;6;5;3;3;4;5
2020-09-16 21:52:00;211;79;61;14;4;6;5;3;3;4;5
2020-09-16 21:52:58;211;79;61;14;4;6;5;3;3;4;5
2020-09-16 21:53:59;211;79;61;14;4;6;5;3;3;4;5
2020-09-16 21:54:58;211;79;61;14;4;6;5;3;3;4;5
2020-09-16 21:55:59;211;79;61;14;4;6;5;3;3;4;5
2020-09-16 21:56:59;211;79;61;14;4;6;5;3;3;4;5
2020-09-16 21:57:58;211;79;61;14;4;6;5;3;3;4;5
2020-09-16 21:58:59;211;79;61;14;4;6;5;3;3;4;5
2020-09-16 21:59:58;212;79;61;14;4;6;5;3;3;4;5
2020-09-16 22:00:59;212;79;61;14;5;6;5;3;3;4;5
2020-09-16 22:01:59;212;79;61;14;5;6;5;3;3;4;5
2020-09-16 22:02:58;212;79;61;14;5;6;5;3;3;4;5
2020-09-16 22:03:59;212;79;61;14;5;6;5;3;3;4;5
2020-09-16 22:04:58;212;79;61;14;5;6;5;3;3;4;5
2020-09-16 22:05:59;213;79;62;14;5;6;5;3;3;4;5
2020-09-16 22:06:59;214;79;63;14;5;6;5;3;3;4;5
2020-09-16 22:07:58;214;79;63;14;5;6;5;3;3;4;5
2020-09-16 22:08:59;214;79;63;14;5;6;5;3;3;4;5
2020-09-16 22:09:59;215;80;63;14;5;6;5;3;3;4;5
2020-09-16 22:10:58;215;79;63;14;5;6;5;3;4;4;5
2020-09-16 22:11:59;215;79;63;14;5;6;5;3;4;4;5
2020-09-16 22:12:59;215;79;63;14;5;6;5;3;4;4;5
2020-09-16 22:13:58;215;79;63;14;5;6;5;3;4;4;5
2020-09-16 22:14:59;215;79;63;14;5;6;5;3;4;4;5
2020-09-16 22:15:58;215;79;63;14;5;6;5;3;4;4;5
2020-09-16 22:16:59;215;79;63;14;5;6;5;3;4;4;5
2020-09-16 22:17:59;215;79;63;14;5;6;5;3;4;4;5
2020-09-16 22:18:58;215;79;63;14;5;6;5;3;4;4;5
2020-09-16 22:19:59;216;80;63;14;5;6;5;3;4;4;5
2020-09-16 22:20:59;216;80;63;14;5;6;5;3;4;4;5
2020-09-16 22:21:58;216;80;63;14;5;6;5;3;4;4;5
2020-09-16 22:22:59;216;80;63;14;5;6;5;3;4;4;5
2020-09-16 22:23:59;216;80;63;14;5;6;5;3;4;4;5
2020-09-16 22:24:58;216;80;63;14;5;6;5;3;4;4;5
2020-09-16 22:25:59;216;80;63;14;5;6;5;3;4;4;5
2020-09-16 22:26:59;216;80;63;14;5;6;5;3;4;4;5
2020-09-16 22:27:58;217;80;64;14;5;6;5;3;4;4;5
2020-09-16 22:28:59;219;82;64;14;5;6;5;3;4;4;5
2020-09-16 22:29:59;220;82;65;14;5;6;5;3;4;4;5
2020-09-16 22:30:58;221;82;66;14;5;6;5;3;4;4;5
2020-09-16 22:31:59;221;82;66;14;5;6;5;3;4;4;5
2020-09-16 22:32:59;221;82;66;14;5;6;5;3;4;4;5
2020-09-16 22:33:58;222;82;67;14;5;6;5;3;4;4;5
2020-09-16 22:34:59;223;83;67;14;5;6;5;3;4;4;5
2020-09-16 22:35:59;223;83;67;14;5;6;5;3;4;4;5
2020-09-16 22:36:58;224;83;68;14;5;6;5;3;4;4;5
2020-09-16 22:37:59;225;84;68;14;5;6;5;3;4;4;5
2020-09-16 22:38:59;225;84;68;14;5;6;5;3;4;4;5
2020-09-16 22:39:58;225;84;68;14;5;6;5;3;4;4;5
2020-09-16 22:40:59;225;84;68;14;5;6;5;3;4;4;5
2020-09-16 22:41:59;225;84;68;14;5;6;5;3;4;4;5
2020-09-16 22:42:58;226;84;68;15;5;6;5;3;4;4;5
2020-09-16 22:43:59;226;84;68;15;5;6;5;3;4;4;5
2020-09-16 22:44:58;226;84;68;15;5;6;5;3;4;4;5
2020-09-16 22:45:59;226;84;68;15;5;6;5;3;4;4;5
2020-09-16 22:46:59;226;84;68;15;5;6;5;3;4;4;5
2020-09-16 22:47:58;226;84;68;15;5;6;5;3;4;4;5
2020-09-16 22:48:59;226;84;68;15;5;6;5;3;4;4;5
2020-09-16 22:49:59;227;85;68;15;5;6;5;3;4;4;5
2020-09-16 22:50:58;227;85;68;15;5;6;5;3;4;4;5
2020-09-16 22:51:59;228;85;69;15;5;6;5;3;4;4;5
2020-09-16 22:52:59;228;85;69;15;5;6;5;3;4;4;5
2020-09-16 22:53:58;228;85;69;15;5;6;5;3;4;4;5
2020-09-16 22:54:59;228;85;69;15;5;6;5;3;4;4;5
2020-09-16 22:55:59;229;85;70;15;5;6;5;3;4;4;5
2020-09-16 22:56:58;230;85;70;15;6;6;5;3;4;4;5
2020-09-16 22:57:59;230;85;70;15;6;6;5;3;4;4;5
2020-09-16 22:58:59;231;85;70;15;7;6;5;3;4;4;5
2020-09-16 22:59:58;231;85;70;15;7;6;5;3;4;4;5
2020-09-16 23:00:59;231;85;70;15;7;6;5;3;4;4;5
2020-09-16 23:01:59;231;85;70;15;7;6;5;3;4;4;5
2020-09-16 23:02:58;231;85;70;15;7;6;5;3;4;4;5
2020-09-16 23:03:59;232;85;70;15;7;6;5;3;4;4;5
2020-09-16 23:04:59;232;85;71;15;7;6;5;3;4;4;4
2020-09-16 23:05:58;232;85;71;15;7;6;5;3;4;4;4
2020-09-16 23:06:59;233;85;71;16;7;6;5;3;4;4;4
2020-09-16 23:07:59;233;85;71;16;7;6;5;3;4;4;4
2020-09-16 23:08:58;233;85;71;16;7;6;5;3;4;4;4
2020-09-16 23:09:59;233;85;71;16;7;6;5;3;4;4;4
2020-09-16 23:10:59;233;85;71;16;7;6;5;3;4;4;4
2020-09-16 23:11:58;234;86;71;16;7;6;5;3;4;4;4
2020-09-16 23:12:59;235;86;72;16;7;6;5;3;4;4;4
2020-09-16 23:13:58;235;86;72;16;7;6;5;3;4;4;4
2020-09-16 23:14:59;235;86;72;16;7;6;5;3;4;4;4
2020-09-16 23:15:59;237;87;73;16;7;6;5;3;4;4;4
2020-09-16 23:16:58;237;87;73;16;7;6;5;3;4;4;4
2020-09-16 23:17:59;238;87;74;16;7;6;5;3;4;4;4
2020-09-16 23:18:59;238;87;74;16;7;6;5;3;4;4;4
2020-09-16 23:19:58;238;87;74;16;7;6;5;3;4;4;4
2020-09-16 23:20:59;238;87;74;16;7;6;5;3;4;4;4
2020-09-16 23:21:59;238;87;74;16;7;6;5;3;4;4;4
2020-09-16 23:22:58;238;87;74;16;7;6;5;3;4;4;4
2020-09-16 23:23:59;238;87;74;16;7;6;5;3;4;4;4
2020-09-16 23:24:59;238;87;74;16;7;6;5;3;4;4;4
2020-09-16 23:25:58;239;88;74;16;7;6;5;3;4;4;4
2020-09-16 23:26:59;239;89;73;16;7;6;5;3;4;4;4
2020-09-16 23:27:58;239;89;73;16;7;6;5;3;4;4;4
2020-09-16 23:28:59;239;89;73;16;7;6;5;3;4;4;4
2020-09-16 23:29:59;239;89;73;16;7;6;5;3;4;4;4
2020-09-16 23:30:58;239;89;73;16;7;6;5;3;4;4;4
2020-09-16 23:31:59;239;89;73;16;7;6;5;3;4;4;4
2020-09-16 23:32:58;239;89;73;16;7;6;5;3;4;4;4
2020-09-16 23:33:59;240;90;73;16;7;6;5;3;4;4;4
2020-09-16 23:34:59;239;90;72;16;7;6;5;3;4;4;4
2020-09-16 23:35:59;239;90;72;16;7;6;5;3;4;4;4
2020-09-16 23:36:58;239;90;72;16;7;6;5;3;4;4;4
2020-09-16 23:37:59;239;90;72;16;7;6;5;3;4;4;4
2020-09-16 23:38:58;239;90;72;16;7;6;5;3;4;4;4
2020-09-16 23:39:59;240;91;72;16;7;6;5;3;4;4;4
2020-09-16 23:40:59;240;91;72;16;7;6;5;3;4;4;4
2020-09-16 23:41:58;240;91;72;16;7;6;5;3;4;4;4
2020-09-16 23:42:59;240;91;72;16;7;6;5;3;4;4;4
2020-09-16 23:43:59;240;91;72;16;7;6;5;3;4;4;4
2020-09-16 23:45:00;240;91;72;16;7;6;5;3;4;4;4
2020-09-16 23:45:58;240;91;72;16;7;6;5;3;4;4;4
2020-09-16 23:46:59;240;91;72;16;7;6;5;3;4;4;4
2020-09-16 23:47:58;240;91;72;16;7;6;5;3;4;4;4
2020-09-16 23:48:59;240;91;72;16;7;6;5;3;4;4;4
2020-09-16 23:49:59;240;91;72;16;7;6;5;3;4;4;4
2020-09-16 23:50:58;241;91;72;16;7;6;5;4;4;4;4
2020-09-16 23:51:59;241;91;72;16;7;6;5;4;4;4;4
2020-09-16 23:52:59;241;91;72;16;7;6;5;4;4;4;4
2020-09-16 23:53:58;241;91;72;16;7;6;5;4;4;4;4
2020-09-16 23:54:59;242;91;72;16;7;6;5;4;4;4;4
2020-09-16 23:55:58;242;91;72;16;7;6;5;4;4;4;4
2020-09-16 23:56:59;242;91;72;16;7;6;5;4;4;4;4
2020-09-16 23:57:59;242;91;72;16;7;6;5;4;4;4;4
2020-09-16 23:58:59;242;91;72;16;7;6;5;4;4;4;4
2020-09-16 23:59:58;242;91;72;16;7;6;5;4;4;4;4
