datetime;total_votes;pavelomg;navalny;shamanka2_0;KOCTOPE3;Terkin;xtal;xtend;Shady;vjik;UndeadMoroz
2020-10-28 00:00:59;0;0;0;0;0;0;0;0;0;0;0
2020-10-28 00:01:59;0;0;0;0;0;0;0;0;0;0;0
2020-10-28 00:02:59;0;0;0;0;0;0;0;0;0;0;0
2020-10-28 00:03:59;0;0;0;0;0;0;0;0;1;0;0
2020-10-28 00:04:58;0;0;0;0;0;0;0;0;1;0;0
2020-10-28 00:05:59;0;0;0;0;0;0;0;0;1;0;0
2020-10-28 00:06:59;3;0;0;0;0;0;0;0;1;0;0
2020-10-28 00:07:58;3;0;0;0;0;0;0;0;1;0;0
2020-10-28 00:08:59;4;0;0;0;0;0;0;0;1;0;0
2020-10-28 00:09:59;5;1;0;0;0;0;0;0;1;0;0
2020-10-28 00:10:58;8;3;0;0;0;0;0;0;1;1;0
2020-10-28 00:11:59;8;3;0;0;0;0;0;0;1;1;0
2020-10-28 00:12:59;9;3;0;0;0;0;0;0;1;1;0
2020-10-28 00:14:00;10;4;0;0;0;0;0;0;1;1;0
2020-10-28 00:14:58;10;4;0;0;0;0;0;0;1;1;0
2020-10-28 00:15:59;10;4;0;0;0;0;0;0;1;1;0
2020-10-28 00:16:58;11;4;1;0;0;0;0;0;1;1;0
2020-10-28 00:17:59;12;4;1;0;0;1;0;0;1;1;0
2020-10-28 00:18:59;13;5;1;0;0;1;0;0;1;1;0
2020-10-28 00:19:58;13;5;1;0;0;1;0;0;1;1;0
2020-10-28 00:20:59;13;5;1;0;0;1;0;0;1;1;0
2020-10-28 00:21:59;14;6;1;0;0;1;0;0;1;1;0
2020-10-28 00:22:59;15;6;1;0;0;1;0;0;1;1;0
2020-10-28 00:23:59;16;7;1;0;0;1;0;0;1;1;0
2020-10-28 00:24:58;16;7;1;0;0;1;0;0;1;1;0
2020-10-28 00:25:59;16;7;1;0;0;1;0;0;1;1;0
2020-10-28 00:26:59;16;7;1;0;0;1;0;0;1;1;0
2020-10-28 00:27:58;16;7;1;0;0;1;0;0;1;1;0
2020-10-28 00:28:59;16;7;1;0;0;1;0;0;1;1;0
2020-10-28 00:29:59;16;7;1;0;0;1;0;0;1;1;0
2020-10-28 00:30:58;16;7;1;0;0;1;0;0;1;1;0
2020-10-28 00:31:59;16;7;1;0;0;1;0;0;1;1;0
2020-10-28 00:32:59;17;7;1;0;0;1;0;0;1;1;0
2020-10-28 00:33:58;17;7;1;0;0;1;0;0;1;1;0
2020-10-28 00:34:59;18;7;2;0;0;0;0;0;1;1;0
2020-10-28 00:35:59;18;7;2;0;0;0;0;0;1;1;0
2020-10-28 00:36:58;18;7;2;0;0;0;0;0;1;1;0
2020-10-28 00:37:59;19;7;3;0;0;0;0;0;1;1;0
2020-10-28 00:38:59;20;7;4;0;0;0;0;0;1;1;0
2020-10-28 00:39:58;20;7;4;0;0;0;0;0;1;1;0
2020-10-28 00:40:59;20;7;4;0;0;0;0;0;1;1;0
2020-10-28 00:41:58;21;7;4;0;0;1;0;0;2;1;0
2020-10-28 00:42:59;21;7;4;0;0;1;0;0;2;1;0
2020-10-28 00:43:59;22;7;5;0;0;1;0;0;2;1;0
2020-10-28 00:44:59;22;7;5;0;0;1;0;0;2;1;0
2020-10-28 00:45:58;23;7;5;1;0;0;0;0;2;1;0
2020-10-28 00:46:59;23;7;5;1;0;0;0;0;2;1;0
2020-10-28 00:47:59;23;7;5;1;0;0;0;0;2;1;0
2020-10-28 00:48:58;23;7;5;1;0;0;0;0;2;1;0
2020-10-28 00:49:59;24;7;5;1;0;0;0;0;2;1;0
2020-10-28 00:50:59;24;7;5;1;0;0;0;0;2;1;0
2020-10-28 00:51:58;25;7;5;1;0;0;0;0;3;1;0
2020-10-28 00:52:59;25;7;5;1;0;0;0;0;3;1;0
2020-10-28 00:53:59;25;7;5;1;0;0;0;0;3;1;0
2020-10-28 00:54:58;25;7;5;1;0;0;0;0;3;1;0
2020-10-28 00:55:59;25;7;5;1;0;0;0;0;3;1;0
2020-10-28 00:56:58;25;7;5;1;0;0;0;0;3;1;0
2020-10-28 00:57:59;26;7;6;1;0;0;0;0;3;1;0
2020-10-28 00:58:59;26;8;6;1;0;0;0;0;3;1;0
2020-10-28 00:59:58;26;8;6;1;0;0;0;0;3;1;0
2020-10-28 01:00:59;27;9;6;1;0;0;0;0;3;1;0
2020-10-28 01:01:58;27;9;6;1;0;0;0;0;3;1;0
2020-10-28 01:02:59;27;9;6;1;0;0;0;0;3;1;0
2020-10-28 01:03:59;27;9;6;1;0;0;0;0;3;1;0
2020-10-28 01:04:58;27;9;6;1;0;0;0;0;3;1;0
2020-10-28 01:05:59;27;9;6;1;0;0;0;0;3;1;0
2020-10-28 01:06:59;27;9;6;1;0;0;0;0;3;1;0
2020-10-28 01:07:58;27;9;6;1;0;0;0;0;3;1;0
2020-10-28 01:08:59;28;9;6;1;1;0;0;0;3;1;0
2020-10-28 01:09:59;28;9;6;1;1;0;0;0;3;1;0
2020-10-28 01:10:58;28;9;6;1;1;0;0;0;3;1;0
2020-10-28 01:11:59;29;9;6;1;1;0;0;0;3;1;0
2020-10-28 01:12:59;29;9;6;1;1;0;0;0;3;1;0
2020-10-28 01:13:59;29;9;6;1;1;0;0;0;3;1;0
2020-10-28 01:14:58;29;9;6;1;1;0;0;0;3;1;0
2020-10-28 01:15:59;30;9;7;1;1;0;0;0;3;1;0
2020-10-28 01:16:59;30;9;7;1;1;0;0;0;3;1;0
2020-10-28 01:17:58;31;10;7;1;1;0;0;0;3;1;0
2020-10-28 01:18:59;31;10;7;1;1;0;0;0;3;1;0
2020-10-28 01:19:59;31;10;7;1;1;0;0;0;3;1;0
2020-10-28 01:20:58;31;10;7;1;1;0;0;0;3;1;0
2020-10-28 01:21:59;32;11;7;1;1;0;0;0;3;1;0
2020-10-28 01:22:59;32;11;7;1;1;0;0;0;3;1;0
2020-10-28 01:23:58;33;12;7;1;1;0;0;0;3;1;0
2020-10-28 01:24:59;33;12;7;1;1;0;0;0;3;1;0
2020-10-28 01:25:59;33;12;7;1;1;0;0;0;3;1;0
2020-10-28 01:26:58;33;12;7;1;1;0;0;0;3;1;0
2020-10-28 01:27:59;33;12;7;1;1;0;0;0;3;1;0
2020-10-28 01:28:58;33;12;7;1;1;0;0;0;3;1;0
2020-10-28 01:29:59;33;12;7;1;1;0;0;0;3;1;0
2020-10-28 01:30:59;33;12;7;1;1;0;0;0;3;1;0
2020-10-28 01:31:58;33;12;7;1;1;0;0;0;3;1;0
2020-10-28 01:32:59;33;12;7;1;1;0;0;0;3;1;0
2020-10-28 01:33:59;33;12;7;1;1;0;0;0;3;1;0
2020-10-28 01:34:58;33;12;7;1;1;0;0;0;3;1;0
2020-10-28 01:35:59;33;12;7;1;1;0;0;0;3;1;0
2020-10-28 01:36:59;33;12;7;1;1;0;0;0;3;1;0
2020-10-28 01:37:58;33;12;7;1;1;0;0;0;3;1;0
2020-10-28 01:38:59;33;12;7;1;1;0;0;0;3;1;0
2020-10-28 01:39:59;33;12;7;1;1;0;0;0;3;1;0
2020-10-28 01:40:58;33;12;7;1;1;0;0;0;3;1;0
2020-10-28 01:41:59;33;12;7;1;1;0;0;0;3;1;0
2020-10-28 01:42:59;33;12;7;1;1;0;0;0;3;1;0
2020-10-28 01:43:58;33;12;7;1;1;0;0;0;3;1;0
2020-10-28 01:44:59;33;12;7;1;1;0;0;0;3;1;0
2020-10-28 01:45:59;34;12;7;1;2;0;0;0;3;1;0
2020-10-28 01:46:58;35;13;7;1;2;0;0;0;3;1;0
2020-10-28 01:47:59;35;13;7;1;2;0;0;0;3;1;0
2020-10-28 01:48:59;35;13;7;1;2;0;0;0;3;1;0
2020-10-28 01:49:59;35;13;7;1;2;0;0;0;3;1;0
2020-10-28 01:50:58;35;13;7;1;2;0;0;0;3;1;0
2020-10-28 01:51:59;35;13;7;1;2;0;0;0;3;1;0
2020-10-28 01:52:59;35;13;7;1;2;0;0;0;3;1;0
2020-10-28 01:53:58;35;13;7;1;2;0;0;0;3;1;0
2020-10-28 01:54:59;35;13;7;1;2;0;0;0;3;1;0
2020-10-28 01:55:59;35;13;7;1;2;0;0;0;3;1;0
2020-10-28 01:56:58;35;13;7;1;2;0;0;0;3;1;0
2020-10-28 01:57:59;35;13;7;1;2;0;0;0;3;1;0
2020-10-28 01:58:59;35;13;7;1;2;0;0;0;3;1;0
2020-10-28 01:59:58;35;13;7;1;2;0;0;0;3;1;0
2020-10-28 02:00:59;35;13;7;1;2;0;0;0;3;1;0
2020-10-28 02:01:59;35;13;7;1;2;0;0;0;3;1;0
2020-10-28 02:02:58;35;13;7;1;2;0;0;0;3;1;0
2020-10-28 02:03:59;35;13;7;1;2;0;0;0;3;1;0
2020-10-28 02:04:58;35;13;7;1;2;0;0;0;3;1;0
2020-10-28 02:05:59;35;13;7;1;2;0;0;0;3;1;0
2020-10-28 02:06:59;35;13;7;1;2;0;0;0;3;1;0
2020-10-28 02:07:58;35;13;7;1;2;0;0;0;3;1;0
2020-10-28 02:08:59;35;13;7;1;2;0;0;0;3;1;0
2020-10-28 02:09:59;35;13;7;1;2;0;0;0;3;1;0
2020-10-28 02:10:58;35;13;7;1;2;0;0;0;3;1;0
2020-10-28 02:11:59;35;13;7;1;2;0;0;0;3;1;0
2020-10-28 02:12:59;35;13;7;1;2;0;0;0;3;1;0
2020-10-28 02:13:58;35;13;7;1;2;0;0;0;3;1;0
2020-10-28 02:14:59;35;13;7;1;2;0;0;0;3;1;0
2020-10-28 02:15:59;36;13;7;1;2;0;0;0;3;1;0
2020-10-28 02:16:58;37;14;7;1;2;0;0;0;3;1;0
2020-10-28 02:17:59;37;14;7;1;2;0;0;0;3;1;0
2020-10-28 02:18:58;37;14;7;1;2;0;0;0;3;1;0
2020-10-28 02:19:59;37;14;7;1;2;0;0;0;3;1;0
2020-10-28 02:20:59;37;14;7;1;2;0;0;0;3;1;0
2020-10-28 02:21:58;37;14;7;1;2;0;0;0;3;1;0
2020-10-28 02:22:59;37;14;7;1;2;0;0;0;3;1;0
2020-10-28 02:23:59;37;14;7;1;2;0;0;0;3;1;0
2020-10-28 02:24:58;37;14;7;1;2;0;0;0;3;1;0
2020-10-28 02:25:59;37;14;7;1;2;0;0;0;3;1;0
2020-10-28 02:26:59;37;14;7;1;2;0;0;0;3;1;0
2020-10-28 02:27:58;37;14;7;1;2;0;0;0;3;1;0
2020-10-28 02:28:59;37;14;7;1;2;0;0;0;3;1;0
2020-10-28 02:29:59;37;14;7;1;2;0;0;0;3;1;0
2020-10-28 02:30:58;37;14;7;1;2;0;0;0;3;1;0
2020-10-28 02:31:59;37;14;7;1;2;0;0;0;3;1;0
2020-10-28 02:32:59;37;14;7;1;2;0;0;0;3;1;0
2020-10-28 02:33:58;37;14;7;1;2;0;0;0;3;1;0
2020-10-28 02:34:59;37;14;7;1;2;0;0;0;3;1;0
2020-10-28 02:35:59;37;14;7;1;2;0;0;0;3;1;0
2020-10-28 02:36:58;39;16;7;1;2;0;0;0;3;1;0
2020-10-28 02:37:59;39;16;7;1;2;0;0;0;3;1;0
2020-10-28 02:38:59;39;16;7;1;2;0;0;0;3;1;0
2020-10-28 02:39:58;39;16;7;1;2;0;0;0;3;1;0
2020-10-28 02:40:59;39;16;7;1;2;0;0;0;3;1;0
2020-10-28 02:41:59;40;16;7;1;2;0;0;0;4;1;0
2020-10-28 02:42:58;40;16;7;1;2;0;0;0;4;1;0
2020-10-28 02:43:59;40;16;7;1;2;0;0;0;4;1;0
2020-10-28 02:44:59;40;16;7;1;2;0;0;0;4;1;0
2020-10-28 02:45:58;40;16;7;1;2;0;0;0;4;1;0
2020-10-28 02:46:59;40;16;7;1;2;0;0;0;4;1;0
2020-10-28 02:47:58;40;16;7;1;2;0;0;0;4;1;0
2020-10-28 02:48:59;40;16;7;1;2;0;0;0;4;1;0
2020-10-28 02:49:59;41;17;7;1;2;0;0;0;4;1;0
2020-10-28 02:50:58;41;17;7;1;2;0;0;0;4;1;0
2020-10-28 02:51:59;41;17;7;1;2;0;0;0;4;1;0
2020-10-28 02:52:59;41;17;7;1;2;0;0;0;4;1;0
2020-10-28 02:53:58;41;17;7;1;2;0;0;0;4;1;0
2020-10-28 02:54:59;41;17;7;1;2;0;0;0;4;1;0
2020-10-28 02:55:59;41;17;7;1;2;0;0;0;4;1;0
2020-10-28 02:56:59;42;17;7;1;2;0;0;0;4;1;0
2020-10-28 02:57:58;42;17;7;1;2;0;0;0;4;1;0
2020-10-28 02:58:59;42;17;7;1;2;0;0;0;4;1;0
2020-10-28 02:59:58;42;17;7;1;2;0;0;0;4;1;0
2020-10-28 03:00:59;42;17;7;1;2;0;0;0;4;1;0
2020-10-28 03:01:59;42;17;7;1;2;0;0;0;4;1;0
2020-10-28 03:03:00;42;17;7;1;2;0;0;0;4;1;0
2020-10-28 03:03:58;42;17;7;1;2;0;0;0;4;1;0
2020-10-28 03:04:59;42;17;7;1;2;0;0;0;4;1;0
2020-10-28 03:06:00;42;17;7;1;2;0;0;0;4;1;0
2020-10-28 03:06:58;42;17;7;1;2;0;0;0;4;1;0
2020-10-28 03:07:59;42;17;7;1;2;0;0;0;4;1;0
2020-10-28 03:08:58;42;17;7;1;2;0;0;0;4;1;0
2020-10-28 03:09:59;42;17;7;1;2;0;0;0;4;1;0
2020-10-28 03:10:59;42;17;7;1;2;0;0;0;4;1;0
2020-10-28 03:11:58;42;17;7;1;2;0;0;0;4;1;0
2020-10-28 03:12:59;42;17;7;1;2;0;0;0;4;1;0
2020-10-28 03:13:58;42;17;7;1;2;0;0;0;4;1;0
2020-10-28 03:14:59;42;17;7;1;2;0;0;0;4;1;0
2020-10-28 03:15:59;42;17;7;1;2;0;0;0;4;1;0
2020-10-28 03:16:58;42;17;7;1;2;0;0;0;4;1;0
2020-10-28 03:17:59;42;17;7;1;2;0;0;0;4;1;0
2020-10-28 03:18:59;42;17;7;1;2;0;0;0;4;1;0
2020-10-28 03:19:58;42;17;7;1;2;0;0;0;4;1;0
2020-10-28 03:20:59;42;17;7;1;2;0;0;0;4;1;0
2020-10-28 03:22:00;42;17;7;1;2;0;0;0;4;1;0
2020-10-28 03:22:58;42;17;7;1;2;0;0;0;4;1;0
2020-10-28 03:23:59;42;17;7;1;2;0;0;0;4;1;0
2020-10-28 03:24:59;42;17;7;1;2;0;0;0;4;1;0
2020-10-28 03:25:58;42;17;7;1;2;0;0;0;4;1;0
2020-10-28 03:26:59;42;17;7;1;2;0;0;0;4;1;0
2020-10-28 03:27:59;42;17;7;1;2;0;0;0;4;1;0
2020-10-28 03:28:58;42;17;7;1;2;0;0;0;4;1;0
2020-10-28 03:29:59;42;17;7;1;2;0;0;0;4;1;0
2020-10-28 03:30:59;43;17;7;2;2;0;0;0;4;1;0
2020-10-28 03:31:58;43;17;7;2;2;0;0;0;4;1;0
2020-10-28 03:32:59;43;17;7;2;2;0;0;0;4;1;0
2020-10-28 03:33:59;43;17;7;2;2;0;0;0;4;1;0
2020-10-28 03:34:58;43;17;7;2;2;0;0;0;4;1;0
2020-10-28 03:35:59;43;17;7;2;2;0;0;0;4;1;0
2020-10-28 03:36:59;43;17;7;2;2;0;0;0;4;1;0
2020-10-28 03:37:58;43;17;7;2;2;0;0;0;4;1;0
2020-10-28 03:38:59;43;17;7;2;2;0;0;0;4;1;0
2020-10-28 03:39:58;43;17;7;2;2;0;0;0;4;1;0
2020-10-28 03:40:59;43;17;7;2;2;0;0;0;4;1;0
2020-10-28 03:41:59;43;17;7;2;2;0;0;0;4;1;0
2020-10-28 03:42:58;43;17;7;2;2;0;0;0;4;1;0
2020-10-28 03:43:59;43;17;7;2;2;0;0;0;4;1;0
2020-10-28 03:44:59;43;17;7;2;2;0;0;0;4;1;0
2020-10-28 03:45:58;43;17;7;2;2;0;0;0;4;1;0
2020-10-28 03:46:59;43;17;7;2;2;0;0;0;4;1;0
2020-10-28 03:47:59;43;17;7;2;2;0;0;0;4;1;0
2020-10-28 03:48:58;43;17;7;2;2;0;0;0;4;1;0
2020-10-28 03:49:59;43;17;7;2;2;0;0;0;4;1;0
2020-10-28 03:50:59;43;17;7;2;2;0;0;0;4;1;0
2020-10-28 03:51:58;43;17;7;2;2;0;0;0;4;1;0
2020-10-28 03:52:59;43;17;7;2;2;0;0;0;4;1;0
2020-10-28 03:53:59;43;17;7;2;2;0;0;0;4;1;0
2020-10-28 03:54:58;43;17;7;2;2;0;0;0;4;1;0
2020-10-28 03:55:59;43;17;7;2;2;0;0;0;4;1;0
2020-10-28 03:56:58;43;17;7;2;2;0;0;0;4;1;0
2020-10-28 03:57:59;43;17;7;2;2;0;0;0;4;1;0
2020-10-28 03:58:59;43;17;7;2;2;0;0;0;4;1;0
2020-10-28 03:59:58;43;17;7;2;2;0;0;0;4;1;0
2020-10-28 04:00:59;43;17;7;2;2;0;0;0;4;1;0
2020-10-28 04:01:58;43;17;7;2;2;0;0;0;4;1;0
2020-10-28 04:02:59;43;17;7;2;2;0;0;0;4;1;0
2020-10-28 04:03:59;43;17;7;2;2;0;0;0;4;1;0
2020-10-28 04:04:58;43;17;7;2;2;0;0;0;4;1;0
2020-10-28 04:05:59;43;17;7;2;2;0;0;0;4;1;0
2020-10-28 04:06:59;43;17;7;2;2;0;0;0;4;1;0
2020-10-28 04:07:58;43;17;7;2;2;0;0;0;4;1;0
2020-10-28 04:08:59;43;17;7;2;2;0;0;0;4;1;0
2020-10-28 04:09:59;43;17;7;2;2;0;0;0;4;1;0
2020-10-28 04:10:58;43;17;7;2;2;0;0;0;4;1;0
2020-10-28 04:11:59;44;17;7;2;2;0;0;0;4;1;0
2020-10-28 04:12:59;44;17;7;2;2;0;0;0;4;1;0
2020-10-28 04:13:58;44;17;7;2;2;0;0;0;4;1;0
2020-10-28 04:14:59;44;17;7;2;2;0;0;0;4;1;0
2020-10-28 04:15:59;44;17;7;2;2;0;0;0;4;1;0
2020-10-28 04:16:58;45;17;7;3;2;0;0;0;4;1;0
2020-10-28 04:17:59;45;17;7;3;2;0;0;0;4;1;0
2020-10-28 04:18:58;45;17;7;3;2;0;0;0;4;1;0
2020-10-28 04:19:59;45;17;7;3;2;0;0;0;4;1;0
2020-10-28 04:20:59;45;17;7;3;2;0;0;0;4;1;0
2020-10-28 04:21:58;45;17;7;3;2;0;0;0;4;1;0
2020-10-28 04:22:59;45;17;7;3;2;0;0;0;4;1;0
2020-10-28 04:23:59;45;17;7;3;2;0;0;0;4;1;0
2020-10-28 04:24:58;46;18;7;3;2;0;0;0;4;1;0
2020-10-28 04:25:59;46;18;7;3;2;0;0;0;4;1;0
2020-10-28 04:26:58;46;18;7;3;2;0;0;0;4;1;0
2020-10-28 04:27:59;46;18;7;3;2;0;0;0;4;1;0
2020-10-28 04:28:59;46;18;7;3;2;0;0;0;4;1;0
2020-10-28 04:30:00;46;18;7;3;2;0;0;0;4;1;0
2020-10-28 04:30:58;46;18;7;3;2;0;0;0;4;1;0
2020-10-28 04:31:59;46;18;7;3;2;0;0;0;4;1;0
2020-10-28 04:32:58;46;18;7;3;2;0;0;0;4;1;0
2020-10-28 04:33:59;46;18;7;3;2;0;0;0;4;1;0
2020-10-28 04:34:58;46;18;7;3;2;0;0;0;4;1;0
2020-10-28 04:35:59;46;18;7;3;2;0;0;0;4;1;0
2020-10-28 04:36:59;46;18;7;3;2;0;0;0;4;1;0
2020-10-28 04:37:58;46;18;7;3;2;0;0;0;4;1;0
2020-10-28 04:38:59;46;18;7;3;2;0;0;0;4;1;0
2020-10-28 04:39:58;46;18;7;3;2;0;0;0;4;1;0
2020-10-28 04:40:59;46;18;7;3;2;0;0;0;4;1;0
2020-10-28 04:41:59;46;18;7;3;2;0;0;0;4;1;0
2020-10-28 04:42:58;46;18;7;3;2;0;0;0;4;1;0
2020-10-28 04:43:59;46;18;7;3;2;0;0;0;4;1;0
2020-10-28 04:44:59;46;18;7;3;2;0;0;0;4;1;0
2020-10-28 04:45:58;46;18;7;3;2;0;0;0;4;1;0
2020-10-28 04:46:59;46;18;7;3;2;0;0;0;4;1;0
2020-10-28 04:47:59;46;18;7;3;2;0;0;0;4;1;0
2020-10-28 04:48:58;46;18;7;3;2;0;0;0;4;1;0
2020-10-28 04:49:59;46;18;7;3;2;0;0;0;4;1;0
2020-10-28 04:50:59;46;18;7;3;2;0;0;0;4;1;0
2020-10-28 04:52:00;46;18;7;3;2;0;0;0;4;1;0
2020-10-28 04:52:58;46;18;7;3;2;0;0;0;4;1;0
2020-10-28 04:53:59;46;18;7;3;2;0;0;0;4;1;0
2020-10-28 04:54:59;46;18;7;3;2;0;0;0;4;1;0
2020-10-28 04:55:58;46;18;7;3;2;0;0;0;4;1;0
2020-10-28 04:56:59;46;18;7;3;2;0;0;0;4;1;0
2020-10-28 04:57:59;46;18;7;3;2;0;0;0;4;1;0
2020-10-28 04:58:58;47;18;8;3;2;0;0;0;4;1;0
2020-10-28 04:59:59;47;18;8;3;2;0;0;0;4;1;0
2020-10-28 05:00:58;47;18;8;3;2;0;0;0;4;1;0
2020-10-28 05:01:59;47;18;8;3;2;0;0;0;4;1;0
2020-10-28 05:02:58;47;18;8;3;2;0;0;0;4;1;0
2020-10-28 05:03:59;47;18;8;3;2;0;0;0;4;1;0
2020-10-28 05:04:59;47;18;8;3;2;0;0;0;4;1;0
2020-10-28 05:05:58;47;18;8;3;2;0;0;0;4;1;0
2020-10-28 05:06:59;47;18;8;3;2;0;0;0;4;1;0
2020-10-28 05:07:59;47;18;8;3;2;0;0;0;4;1;0
2020-10-28 05:08:58;47;18;8;3;2;0;0;0;4;1;0
2020-10-28 05:09:59;47;18;8;3;2;0;0;0;4;1;0
2020-10-28 05:10:58;47;18;8;3;2;0;0;0;4;1;0
2020-10-28 05:11:59;47;18;8;3;2;0;0;0;4;1;0
2020-10-28 05:12:59;47;18;8;3;2;0;0;0;4;1;0
2020-10-28 05:13:58;47;18;8;3;2;0;0;0;4;1;0
2020-10-28 05:14:59;47;18;8;3;2;0;0;0;4;1;0
2020-10-28 05:15:58;47;18;8;3;2;0;0;0;4;1;0
2020-10-28 05:16:59;47;18;8;3;2;0;0;0;4;1;0
2020-10-28 05:17:59;47;18;8;3;2;0;0;0;4;1;0
2020-10-28 05:18:58;47;18;8;3;2;0;0;0;4;1;0
2020-10-28 05:19:59;47;18;8;3;2;0;0;0;4;1;0
2020-10-28 05:20:58;47;18;8;3;2;0;0;0;4;1;0
2020-10-28 05:21:59;47;18;8;3;2;0;0;0;4;1;0
2020-10-28 05:22:58;47;18;8;3;2;0;0;0;4;1;0
2020-10-28 05:23:59;47;18;8;3;2;0;0;0;4;1;0
2020-10-28 05:24:59;47;18;8;3;2;0;0;0;4;1;0
2020-10-28 05:25:59;47;18;8;3;2;0;0;0;4;1;0
2020-10-28 05:26:59;47;18;8;3;2;0;0;0;4;1;0
2020-10-28 05:27:58;47;18;8;3;2;0;0;0;4;1;0
2020-10-28 05:28:59;47;18;8;3;2;0;0;0;4;1;0
2020-10-28 05:29:58;47;18;8;3;2;0;0;0;4;1;0
2020-10-28 05:30:59;47;18;8;3;2;0;0;0;4;1;0
2020-10-28 05:31:59;47;18;8;3;2;0;0;0;4;1;0
2020-10-28 05:32:58;47;18;8;3;2;0;0;0;4;1;0
2020-10-28 05:33:59;47;18;8;3;2;0;0;0;4;1;0
2020-10-28 05:34:59;47;18;8;3;2;0;0;0;4;1;0
2020-10-28 05:35:58;47;18;8;3;2;0;0;0;4;1;0
2020-10-28 05:36:59;47;18;8;3;2;0;0;0;4;1;0
2020-10-28 05:37:59;47;18;8;3;2;0;0;0;4;1;0
2020-10-28 05:38:58;47;18;8;3;2;0;0;0;4;1;0
2020-10-28 05:39:59;47;18;8;3;2;0;0;0;4;1;0
2020-10-28 05:40:58;47;18;8;3;2;0;0;0;4;1;0
2020-10-28 05:41:59;47;18;8;3;2;0;0;0;4;1;0
2020-10-28 05:42:59;47;18;8;3;2;0;0;0;4;1;0
2020-10-28 05:44:00;47;18;8;3;2;0;0;0;4;1;0
2020-10-28 05:44:58;47;18;8;3;2;0;0;0;4;1;0
2020-10-28 05:45:59;47;18;8;3;2;0;0;0;4;1;0
2020-10-28 05:46:58;47;18;8;3;2;0;0;0;4;1;0
2020-10-28 05:47:59;47;18;8;3;2;0;0;0;4;1;0
2020-10-28 05:48:59;47;18;8;3;2;0;0;0;4;1;0
2020-10-28 05:49:58;48;19;8;3;2;0;0;0;4;1;0
2020-10-28 05:50:59;48;19;8;3;2;0;0;0;4;1;0
2020-10-28 05:51:59;48;19;8;3;2;0;0;0;4;1;0
2020-10-28 05:52:58;48;19;8;3;2;0;0;0;4;1;0
2020-10-28 05:53:59;48;19;8;3;2;0;0;0;4;1;0
2020-10-28 05:54:59;48;19;8;3;2;0;0;0;4;1;0
2020-10-28 05:55:58;48;19;8;3;2;0;0;0;4;1;0
2020-10-28 05:56:59;48;19;8;3;2;0;0;0;4;1;0
2020-10-28 05:57:59;48;19;8;3;2;0;0;0;4;1;0
2020-10-28 05:58:58;48;19;8;3;2;0;0;0;4;1;0
2020-10-28 05:59:59;48;19;8;3;2;0;0;0;4;1;0
2020-10-28 06:00:59;48;19;8;3;2;0;0;0;4;1;0
2020-10-28 06:01:59;48;19;8;3;2;0;0;0;4;1;0
2020-10-28 06:02:59;48;19;8;3;2;0;0;0;4;1;0
2020-10-28 06:03:59;48;19;8;3;2;0;0;0;4;1;0
2020-10-28 06:04:58;48;19;8;3;2;0;0;0;4;1;0
2020-10-28 06:05:59;48;19;8;3;2;0;0;0;4;1;0
2020-10-28 06:06:59;48;19;8;3;2;0;0;0;4;1;0
2020-10-28 06:07:58;49;20;8;3;2;0;0;0;4;1;0
2020-10-28 06:08:59;49;20;8;3;2;0;0;0;4;1;0
2020-10-28 06:10:00;49;20;8;3;2;0;0;0;4;1;0
2020-10-28 06:10:58;49;20;8;3;2;0;0;0;4;1;0
2020-10-28 06:11:59;49;20;8;3;2;0;0;0;4;1;0
2020-10-28 06:12:58;49;20;8;3;2;0;0;0;4;1;0
2020-10-28 06:13:59;49;20;8;3;2;0;0;0;4;1;0
2020-10-28 06:14:59;49;20;8;3;2;0;0;0;4;1;0
2020-10-28 06:15:58;49;20;8;3;2;0;0;0;4;1;0
2020-10-28 06:16:59;49;20;8;3;2;0;0;0;4;1;0
2020-10-28 06:17:58;49;20;8;3;2;0;0;0;4;1;0
2020-10-28 06:18:59;49;20;8;3;2;0;0;0;4;1;0
2020-10-28 06:19:58;49;20;8;3;2;0;0;0;4;1;0
2020-10-28 06:20:59;49;20;8;3;2;0;0;0;4;1;0
2020-10-28 06:21:59;49;20;8;3;2;0;0;0;4;1;0
2020-10-28 06:22:58;49;20;8;3;2;0;0;0;4;1;0
2020-10-28 06:23:59;50;20;8;3;2;0;0;0;4;1;0
2020-10-28 06:24:58;50;20;8;3;2;0;0;0;4;1;0
2020-10-28 06:25:59;50;20;8;3;2;0;0;0;4;1;0
2020-10-28 06:26:58;50;20;8;3;2;0;0;0;4;1;0
2020-10-28 06:27:59;50;20;8;3;2;0;0;0;4;1;0
2020-10-28 06:28:59;50;20;8;3;2;0;0;0;4;1;0
2020-10-28 06:29:58;50;20;8;3;2;0;0;0;4;1;0
2020-10-28 06:30:59;50;20;8;3;2;0;0;0;4;1;0
2020-10-28 06:31:59;50;20;8;3;2;0;0;0;4;1;0
2020-10-28 06:32:58;50;20;8;3;2;0;0;0;4;1;0
2020-10-28 06:33:59;50;20;8;3;2;0;0;0;4;1;0
2020-10-28 06:34:59;50;20;8;3;2;0;0;0;4;1;0
2020-10-28 06:35:58;50;20;8;3;2;0;0;0;4;1;0
2020-10-28 06:36:59;50;20;8;3;2;0;0;0;4;1;0
2020-10-28 06:37:58;50;20;8;3;2;0;0;0;4;1;0
2020-10-28 06:38:59;50;20;8;3;2;0;0;0;4;1;0
2020-10-28 06:39:58;50;20;8;3;2;0;0;0;4;1;0
2020-10-28 06:40:59;50;20;8;3;2;0;0;0;4;1;0
2020-10-28 06:41:59;51;21;8;3;2;0;0;0;4;1;0
2020-10-28 06:42:58;51;21;8;3;2;0;0;0;4;1;0
2020-10-28 06:43:59;51;21;8;3;2;0;0;0;4;1;0
2020-10-28 06:44:59;51;21;8;3;2;0;0;0;4;1;0
2020-10-28 06:45:58;51;21;8;3;2;0;0;0;4;1;0
2020-10-28 06:46:59;51;21;8;3;2;0;0;0;4;1;0
2020-10-28 06:47:59;51;21;8;3;2;0;0;0;4;1;0
2020-10-28 06:48:58;51;21;8;3;2;0;0;0;4;1;0
2020-10-28 06:49:59;51;21;8;3;2;0;0;0;4;1;0
2020-10-28 06:50:59;51;21;8;3;2;0;0;0;4;1;0
2020-10-28 06:51:58;51;21;8;3;2;0;0;0;4;1;0
2020-10-28 06:52:59;51;21;8;3;2;0;0;0;4;1;0
2020-10-28 06:54:00;51;21;8;3;2;0;0;0;4;1;0
2020-10-28 06:54:58;51;21;8;3;2;0;0;0;4;1;0
2020-10-28 06:55:59;51;21;8;3;2;0;0;0;4;1;0
2020-10-28 06:56:59;51;21;8;3;2;0;0;0;4;1;0
2020-10-28 06:57:58;51;21;8;3;2;0;0;0;4;1;0
2020-10-28 06:58:59;51;21;8;3;2;0;0;0;4;1;0
2020-10-28 06:59:58;51;21;8;3;2;0;0;0;4;1;0
2020-10-28 07:00:59;51;21;8;3;2;0;0;0;4;1;0
2020-10-28 07:01:59;51;21;8;3;2;0;0;0;4;1;0
2020-10-28 07:02:58;51;21;8;3;2;0;0;0;4;1;0
2020-10-28 07:03:59;51;21;8;3;2;0;0;0;4;1;0
2020-10-28 07:04:59;51;21;8;3;2;0;0;0;4;1;0
2020-10-28 07:05:58;51;21;8;3;2;0;0;0;4;1;0
2020-10-28 07:06:59;51;21;8;3;2;0;0;0;4;1;0
2020-10-28 07:07:59;51;21;8;3;2;0;0;0;4;1;0
2020-10-28 07:08:58;51;21;8;3;2;0;0;0;4;1;0
2020-10-28 07:09:59;51;21;8;3;2;0;0;0;4;1;0
2020-10-28 07:10:59;51;21;8;3;2;0;0;0;4;1;0
2020-10-28 07:11:58;51;21;8;3;2;0;0;0;4;1;0
2020-10-28 07:12:59;52;21;8;3;2;0;0;1;4;0;0
2020-10-28 07:13:59;52;21;8;3;2;0;0;1;4;0;0
2020-10-28 07:14:58;52;21;8;3;2;0;0;1;4;0;0
2020-10-28 07:15:59;52;21;8;3;2;0;0;1;4;0;0
2020-10-28 07:16:58;52;21;8;3;2;0;0;1;4;0;0
2020-10-28 07:17:59;53;22;8;3;2;0;0;1;4;0;0
2020-10-28 07:18:59;53;22;8;3;2;0;0;1;4;0;0
2020-10-28 07:19:58;53;22;8;3;2;0;0;1;4;0;0
2020-10-28 07:20:59;53;22;8;3;2;0;0;1;4;0;0
2020-10-28 07:21:59;53;22;8;3;2;0;0;1;4;0;0
2020-10-28 07:22:58;53;22;8;3;2;0;0;1;4;0;0
2020-10-28 07:23:59;53;22;8;3;2;0;0;1;4;0;0
2020-10-28 07:24:59;53;22;8;3;2;0;0;1;4;0;0
2020-10-28 07:25:58;53;22;8;3;2;0;0;1;4;0;0
2020-10-28 07:26:59;53;22;8;3;2;0;0;1;4;0;0
2020-10-28 07:27:59;54;23;8;3;2;0;0;1;4;0;0
2020-10-28 07:28:58;55;23;8;3;2;0;0;2;4;1;0
2020-10-28 07:29:59;55;23;8;3;2;0;0;2;4;1;0
2020-10-28 07:30:59;55;23;8;3;2;0;0;2;4;1;0
2020-10-28 07:31:58;55;23;8;3;2;0;0;2;4;1;0
2020-10-28 07:32:59;55;23;8;3;2;0;0;2;4;1;0
2020-10-28 07:33:59;55;23;8;3;2;0;0;2;4;1;0
2020-10-28 07:34:58;55;23;8;3;2;0;0;2;4;1;0
2020-10-28 07:35:59;55;23;8;3;2;0;0;2;4;1;0
2020-10-28 07:36:58;55;23;8;3;2;0;0;2;4;1;0
2020-10-28 07:37:59;55;23;8;3;2;0;0;2;4;1;0
2020-10-28 07:38:59;55;23;8;3;2;0;0;2;4;1;0
2020-10-28 07:39:58;55;23;8;3;2;0;0;2;4;1;0
2020-10-28 07:40:59;55;23;8;3;2;0;0;2;4;1;0
2020-10-28 07:41:59;55;23;8;3;2;0;0;2;4;1;0
2020-10-28 07:42:58;55;23;8;3;2;0;0;2;4;1;0
2020-10-28 07:43:59;55;23;8;3;2;0;0;2;4;1;0
2020-10-28 07:44:59;55;23;8;3;2;0;0;2;4;1;0
2020-10-28 07:45:58;55;23;8;3;2;0;0;2;4;1;0
2020-10-28 07:46:59;55;23;8;3;2;0;0;2;4;1;0
2020-10-28 07:47:59;55;23;8;3;2;0;0;2;4;1;0
2020-10-28 07:48:58;55;23;8;3;2;0;0;2;4;1;0
2020-10-28 07:49:59;55;23;8;3;2;0;0;2;4;1;0
2020-10-28 07:51:00;55;23;8;3;2;0;0;2;4;1;0
2020-10-28 07:51:58;55;23;8;3;2;0;0;2;4;1;0
2020-10-28 07:52:59;55;23;8;3;2;0;0;2;4;1;0
2020-10-28 07:53:58;56;23;8;4;2;0;0;2;4;1;0
2020-10-28 07:54:59;56;23;8;4;2;0;0;2;4;1;0
2020-10-28 07:55:59;56;23;8;4;2;0;0;2;4;1;0
2020-10-28 07:56:58;56;23;8;4;2;0;0;2;4;1;0
2020-10-28 07:57:59;56;23;8;4;2;0;0;2;4;1;0
2020-10-28 07:59:00;58;24;8;5;2;0;0;2;4;1;0
2020-10-28 07:59:58;58;24;8;5;2;0;0;2;4;1;0
2020-10-28 08:00:59;58;24;8;5;2;0;0;2;4;1;0
2020-10-28 08:01:59;58;24;8;5;2;0;0;2;4;1;0
2020-10-28 08:02:58;58;24;8;5;2;0;0;2;4;1;0
2020-10-28 08:03:59;58;24;8;5;2;0;0;2;4;1;0
2020-10-28 08:04:59;58;24;8;5;2;0;0;2;4;1;0
2020-10-28 08:05:58;58;24;8;5;2;0;0;2;4;1;0
2020-10-28 08:06:59;58;24;8;5;2;0;0;2;4;1;0
2020-10-28 08:07:59;58;24;8;5;2;0;0;2;4;1;0
2020-10-28 08:08:58;58;24;8;5;2;0;0;2;4;1;0
2020-10-28 08:09:59;58;24;8;5;2;0;0;2;4;1;0
2020-10-28 08:10:59;58;24;8;5;2;0;0;2;4;1;0
2020-10-28 08:11:58;58;24;8;5;2;0;0;2;4;1;0
2020-10-28 08:12:59;58;24;8;5;2;0;0;2;4;1;0
2020-10-28 08:13:59;58;24;8;5;2;0;0;2;4;1;0
2020-10-28 08:14:58;58;24;8;5;2;0;0;2;4;1;0
2020-10-28 08:15:59;58;24;8;5;2;0;0;2;4;1;0
2020-10-28 08:16:59;59;25;8;5;2;0;0;2;4;1;0
2020-10-28 08:17:58;59;25;8;5;2;0;0;2;4;1;0
2020-10-28 08:18:59;59;25;8;5;2;0;0;2;4;1;0
2020-10-28 08:19:59;59;25;8;5;2;0;0;2;4;1;0
2020-10-28 08:20:58;59;25;8;5;2;0;0;2;4;1;0
2020-10-28 08:21:59;59;25;8;5;2;0;0;2;4;1;0
2020-10-28 08:22:59;59;25;8;5;2;0;0;2;4;1;0
2020-10-28 08:23:58;59;25;8;5;2;0;0;2;4;1;0
2020-10-28 08:24:59;59;25;8;5;2;0;0;2;4;1;0
2020-10-28 08:25:58;59;25;8;5;2;0;0;2;4;1;0
2020-10-28 08:26:59;59;25;8;5;2;0;0;2;4;1;0
2020-10-28 08:27:59;59;25;8;5;2;0;0;2;4;1;0
2020-10-28 08:28:58;59;25;8;5;2;0;0;2;4;1;0
2020-10-28 08:29:59;59;25;8;5;2;0;0;2;4;1;0
2020-10-28 08:30:59;59;25;8;5;2;0;0;2;4;1;0
2020-10-28 08:31:58;60;25;8;6;2;0;0;2;4;1;0
2020-10-28 08:32:59;60;25;8;6;2;0;0;2;4;1;0
2020-10-28 08:33:59;60;26;8;6;2;0;0;2;3;1;0
2020-10-28 08:34:58;60;26;8;6;2;0;0;2;3;1;0
2020-10-28 08:35:59;61;26;9;6;2;0;0;2;3;1;0
2020-10-28 08:36:59;61;26;9;6;2;0;0;2;3;1;0
2020-10-28 08:37:58;61;26;9;6;2;0;0;2;3;1;0
2020-10-28 08:38:59;61;26;9;6;2;0;0;2;3;1;0
2020-10-28 08:39:59;61;26;9;6;2;0;0;2;3;1;0
2020-10-28 08:40:58;61;26;9;6;2;0;0;2;3;1;0
2020-10-28 08:41:59;61;26;9;6;2;0;0;2;3;1;0
2020-10-28 08:42:58;61;26;9;6;2;0;0;2;3;1;0
2020-10-28 08:43:59;61;26;9;6;2;0;0;2;3;1;0
2020-10-28 08:44:59;61;26;9;6;2;0;0;2;3;1;0
2020-10-28 08:45:59;61;26;9;6;2;0;0;2;3;1;0
2020-10-28 08:46:58;61;26;9;6;2;0;0;2;3;1;0
2020-10-28 08:47:59;61;26;9;6;2;0;0;2;3;1;0
2020-10-28 08:48:59;62;26;9;7;2;0;0;2;3;1;0
2020-10-28 08:49:58;62;26;9;7;2;0;0;2;3;1;0
2020-10-28 08:50:59;63;26;9;7;2;0;0;2;3;2;0
2020-10-28 08:51:59;63;26;9;7;2;0;0;2;3;2;0
2020-10-28 08:52:58;63;26;9;7;2;0;0;2;3;2;0
2020-10-28 08:53:59;63;26;9;7;2;0;0;2;3;2;0
2020-10-28 08:54:59;63;26;9;7;2;0;0;2;3;2;0
2020-10-28 08:55:58;63;26;9;7;2;0;0;2;3;2;0
2020-10-28 08:56:59;63;26;9;7;2;0;0;2;3;2;0
2020-10-28 08:57:59;63;26;9;7;2;0;0;2;3;2;0
2020-10-28 08:58:58;63;26;9;7;2;0;0;2;3;2;0
2020-10-28 08:59:59;63;26;9;7;2;0;0;2;3;2;0
2020-10-28 09:00:59;63;26;9;7;2;0;0;2;3;2;0
2020-10-28 09:01:58;63;26;9;7;2;0;0;2;3;2;0
2020-10-28 09:02:59;63;26;9;7;2;0;0;2;3;2;0
2020-10-28 09:03:59;63;26;9;7;2;0;0;2;3;2;0
2020-10-28 09:04:58;63;26;9;7;2;0;0;2;3;2;0
2020-10-28 09:05:59;63;26;9;7;2;0;0;2;3;2;0
2020-10-28 09:06:59;63;26;9;7;2;0;0;2;3;2;0
2020-10-28 09:07:58;63;26;9;7;2;0;0;2;3;2;0
2020-10-28 09:08:59;63;26;9;7;2;0;0;2;3;2;0
2020-10-28 09:09:59;63;26;9;7;2;0;0;2;3;2;0
2020-10-28 09:10:58;63;26;9;7;2;0;0;2;3;2;0
2020-10-28 09:11:59;63;26;9;7;2;0;0;2;3;2;0
2020-10-28 09:12:59;63;26;9;7;2;0;0;2;3;2;0
2020-10-28 09:13:58;63;26;9;7;2;0;0;2;3;2;0
2020-10-28 09:14:59;63;26;9;7;2;0;0;2;3;2;0
2020-10-28 09:15:59;63;26;9;7;2;0;0;2;3;2;0
2020-10-28 09:16:58;63;26;9;7;2;0;0;2;3;2;0
2020-10-28 09:17:59;63;26;9;7;2;0;0;2;3;2;0
2020-10-28 09:18:59;63;26;9;7;2;0;0;2;3;2;0
2020-10-28 09:19:58;63;26;9;7;2;0;0;2;3;2;0
2020-10-28 09:20:59;64;27;9;7;2;0;0;2;3;2;0
2020-10-28 09:21:59;64;27;9;7;2;0;0;2;3;2;0
2020-10-28 09:22:58;64;27;9;7;2;0;0;2;3;2;0
2020-10-28 09:23:59;64;27;9;7;2;0;0;2;3;2;0
2020-10-28 09:24:59;65;27;9;7;2;0;0;3;3;2;0
2020-10-28 09:25:58;65;27;9;7;2;0;0;3;3;2;0
2020-10-28 09:26:59;66;28;9;7;2;0;0;3;3;2;0
2020-10-28 09:27:59;66;28;9;7;2;0;0;3;3;2;0
2020-10-28 09:28:58;66;28;9;7;2;0;0;3;3;2;0
2020-10-28 09:29:59;66;28;9;7;2;0;0;3;3;2;0
2020-10-28 09:30:59;66;28;9;7;2;0;0;3;3;2;0
2020-10-28 09:31:58;67;28;10;7;2;0;0;3;3;2;0
2020-10-28 09:32:59;67;28;10;7;2;0;0;3;3;2;0
2020-10-28 09:33:59;67;28;10;7;2;0;0;3;3;2;0
2020-10-28 09:34:58;68;28;10;7;2;0;0;3;3;2;0
2020-10-28 09:35:59;68;28;10;7;2;0;0;3;3;2;0
2020-10-28 09:36:59;68;28;10;7;2;0;0;3;3;2;0
2020-10-28 09:37:59;68;28;10;7;2;0;0;3;3;2;0
2020-10-28 09:38:58;70;29;11;7;2;0;0;3;3;2;0
2020-10-28 09:39:59;70;29;11;7;2;0;0;3;3;2;0
2020-10-28 09:40:58;70;29;11;7;2;0;0;3;3;2;0
2020-10-28 09:41:59;70;29;11;7;2;0;0;3;3;2;0
2020-10-28 09:42:59;70;29;11;7;2;0;0;3;3;2;0
2020-10-28 09:43:58;70;29;11;7;2;0;0;3;3;2;0
2020-10-28 09:44:59;70;29;11;7;2;0;0;3;3;2;0
2020-10-28 09:45:59;70;29;11;7;2;0;0;3;3;2;0
2020-10-28 09:46:59;70;29;11;7;2;0;0;3;3;2;0
2020-10-28 09:47:58;70;29;11;7;2;0;0;3;3;2;0
2020-10-28 09:48:59;70;29;11;7;2;0;0;3;3;2;0
2020-10-28 09:49:58;70;29;11;7;2;0;0;3;3;2;0
2020-10-28 09:50:59;70;29;11;7;2;0;0;3;3;2;0
2020-10-28 09:51:59;70;29;11;7;2;0;0;3;3;2;0
2020-10-28 09:52:58;70;29;11;7;2;0;0;3;3;2;0
2020-10-28 09:53:59;70;30;11;7;2;0;0;3;3;2;0
2020-10-28 09:54:59;70;30;11;7;2;0;0;3;3;2;0
2020-10-28 09:56:00;71;31;11;7;2;0;0;3;3;2;0
2020-10-28 09:56:58;72;32;11;7;2;0;0;3;3;2;0
2020-10-28 09:57:59;73;32;11;7;3;0;0;3;3;2;0
2020-10-28 09:58:58;73;32;11;7;3;0;0;3;3;2;0
2020-10-28 09:59:59;73;32;11;7;3;0;0;3;3;2;0
2020-10-28 10:00:59;73;32;11;7;3;0;0;3;3;2;0
2020-10-28 10:01:58;73;32;11;7;3;0;0;3;3;2;0
2020-10-28 10:02:59;73;32;11;7;3;0;0;3;3;2;0
2020-10-28 10:03:58;73;32;11;7;3;0;0;3;3;2;0
2020-10-28 10:04:59;73;32;11;7;3;0;0;3;3;2;0
2020-10-28 10:05:59;74;33;11;7;3;0;0;3;3;2;0
2020-10-28 10:06:59;75;33;11;7;4;0;0;3;3;2;0
2020-10-28 10:08:00;75;33;11;7;4;0;0;3;3;2;0
2020-10-28 10:08:58;75;33;11;7;4;0;0;3;3;2;0
2020-10-28 10:09:59;75;33;11;7;4;0;0;3;3;2;0
2020-10-28 10:11:00;76;34;11;7;4;0;0;3;3;2;0
2020-10-28 10:11:58;76;34;11;7;4;0;0;3;3;2;0
2020-10-28 10:12:59;76;34;11;7;4;0;0;3;3;2;0
2020-10-28 10:13:59;76;34;11;7;4;0;0;3;3;2;0
2020-10-28 10:14:58;76;34;11;7;4;0;0;3;3;2;0
2020-10-28 10:15:59;76;34;11;7;4;0;0;3;3;2;0
2020-10-28 10:16:58;76;34;11;7;4;0;0;3;3;2;0
2020-10-28 10:17:59;76;34;11;7;4;0;0;3;3;2;0
2020-10-28 10:18:59;76;34;11;7;4;0;0;3;3;2;0
2020-10-28 10:19:58;76;34;11;7;4;0;0;3;3;2;0
2020-10-28 10:20:59;76;34;11;7;4;0;0;3;3;2;0
2020-10-28 10:21:58;76;34;11;7;4;0;0;3;3;2;0
2020-10-28 10:22:59;76;34;11;7;4;0;0;3;3;2;0
2020-10-28 10:23:59;76;34;11;7;4;0;0;3;3;2;0
2020-10-28 10:24:58;76;34;11;7;4;0;0;3;3;2;0
2020-10-28 10:25:59;76;34;11;7;4;0;0;3;3;2;0
2020-10-28 10:26:59;77;35;11;7;4;0;0;3;3;2;0
2020-10-28 10:27:58;77;35;11;7;4;0;0;3;3;2;0
2020-10-28 10:28:59;77;35;11;7;4;0;0;3;3;2;0
2020-10-28 10:29:59;77;35;11;7;4;0;0;3;3;2;0
2020-10-28 10:30:58;78;36;11;7;4;0;0;3;3;2;0
2020-10-28 10:31:59;78;36;11;7;4;0;0;3;3;2;0
2020-10-28 10:32:58;80;36;11;9;4;0;0;3;3;2;0
2020-10-28 10:33:59;80;36;11;9;4;0;0;3;3;2;0
2020-10-28 10:34:59;81;37;11;9;4;0;0;3;3;2;0
2020-10-28 10:35:58;82;37;12;9;4;0;0;3;3;2;0
2020-10-28 10:36:59;82;37;12;9;4;0;0;3;3;2;0
2020-10-28 10:37:59;82;37;12;9;4;0;0;3;3;2;0
2020-10-28 10:38:58;82;37;12;9;4;0;0;3;3;2;0
2020-10-28 10:39:59;82;37;12;9;4;0;0;3;3;2;0
2020-10-28 10:40:59;82;37;12;9;4;0;0;3;3;2;0
2020-10-28 10:41:58;82;37;12;9;4;0;0;3;3;2;0
2020-10-28 10:42:59;82;37;12;9;4;0;0;3;3;2;0
2020-10-28 10:43:59;82;37;12;9;4;0;0;3;3;2;0
2020-10-28 10:44:58;82;37;12;9;4;0;0;3;3;2;0
2020-10-28 10:45:59;82;37;12;9;4;0;0;3;3;2;0
2020-10-28 10:46:59;83;38;12;9;4;0;0;3;3;2;0
2020-10-28 10:47:58;83;38;12;9;4;0;0;3;3;2;0
2020-10-28 10:48:59;84;38;12;9;4;0;0;3;3;2;0
2020-10-28 10:49:59;84;38;12;9;4;0;0;3;3;2;0
2020-10-28 10:50:58;85;38;12;9;5;0;0;3;3;2;0
2020-10-28 10:51:59;85;38;12;9;5;0;0;3;3;2;0
2020-10-28 10:52:59;86;38;12;9;5;1;0;3;3;2;0
2020-10-28 10:53:58;86;38;12;9;5;1;0;3;3;2;0
2020-10-28 10:54:59;86;38;12;9;5;1;0;3;3;2;0
2020-10-28 10:55:59;87;38;12;9;6;1;0;3;3;2;0
2020-10-28 10:56:58;87;38;12;9;6;1;0;3;3;2;0
2020-10-28 10:57:59;87;38;12;9;6;1;0;3;3;2;0
2020-10-28 10:58:59;87;38;12;9;6;1;0;3;3;2;0
2020-10-28 10:59:58;87;38;12;9;6;1;0;3;3;2;0
2020-10-28 11:00:59;87;38;12;9;6;1;0;3;3;2;0
2020-10-28 11:01:59;87;38;12;9;6;1;0;3;3;2;0
2020-10-28 11:02:58;89;38;12;10;6;2;0;3;3;2;0
2020-10-28 11:03:59;90;39;12;10;6;2;0;3;3;2;0
2020-10-28 11:04:59;90;39;12;10;6;2;0;3;3;2;0
2020-10-28 11:05:58;90;39;12;10;6;2;0;3;3;2;0
2020-10-28 11:06:59;90;39;12;10;6;2;0;3;3;2;0
2020-10-28 11:07:59;90;39;12;10;6;2;0;3;3;2;0
2020-10-28 11:08:58;90;39;12;10;6;2;0;3;3;2;0
2020-10-28 11:09:59;90;39;12;10;6;2;0;3;3;2;0
2020-10-28 11:10:59;91;39;13;10;6;2;0;3;3;2;0
2020-10-28 11:11:58;91;40;13;10;6;2;0;3;3;2;0
2020-10-28 11:12:59;93;42;13;10;6;2;0;3;3;2;0
2020-10-28 11:13:59;93;42;13;10;6;2;0;3;3;2;0
2020-10-28 11:14:58;95;43;13;10;7;2;0;3;3;2;0
2020-10-28 11:15:59;96;44;13;10;7;2;0;3;3;2;0
2020-10-28 11:16:58;96;44;13;10;7;2;0;3;3;2;0
2020-10-28 11:17:59;97;44;13;11;7;2;0;3;3;2;0
2020-10-28 11:18:59;97;44;13;11;7;2;0;3;3;2;0
2020-10-28 11:19:58;97;44;13;11;7;2;0;3;3;2;0
2020-10-28 11:20:59;97;44;13;11;7;2;0;3;3;2;0
2020-10-28 11:21:59;98;44;13;11;7;3;0;3;3;2;0
2020-10-28 11:22:58;98;44;13;11;7;3;0;3;3;2;0
2020-10-28 11:23:59;98;44;13;11;7;3;0;3;3;2;0
2020-10-28 11:24:59;99;45;13;11;7;3;0;3;3;2;0
2020-10-28 11:25:58;100;46;13;11;7;3;0;3;3;2;0
2020-10-28 11:26:59;100;46;13;11;7;3;0;3;3;2;0
2020-10-28 11:27:58;100;46;13;11;7;3;0;3;3;2;0
2020-10-28 11:28:59;101;46;13;11;8;3;0;3;3;2;0
2020-10-28 11:29:59;101;46;13;11;8;3;0;3;3;2;0
2020-10-28 11:30:58;101;46;13;11;8;3;0;3;3;2;0
2020-10-28 11:31:59;101;46;13;11;8;3;0;3;3;2;0
2020-10-28 11:32:59;101;46;13;11;8;3;0;3;3;2;0
2020-10-28 11:33:58;101;46;13;11;8;3;0;3;3;2;0
2020-10-28 11:34:59;102;47;13;11;8;3;0;3;3;2;0
2020-10-28 11:35:58;102;47;13;11;8;3;0;3;3;2;0
2020-10-28 11:36:59;102;47;13;11;8;3;0;3;3;2;0
2020-10-28 11:37:59;103;47;13;11;8;3;0;3;3;2;0
2020-10-28 11:38:58;103;47;13;11;8;3;0;3;3;2;0
2020-10-28 11:39:59;104;48;13;11;8;3;0;3;3;2;0
2020-10-28 11:40:58;104;48;13;11;8;3;0;3;3;2;0
2020-10-28 11:41:59;104;48;13;11;8;3;0;3;3;2;0
2020-10-28 11:42:59;104;48;13;11;8;3;0;3;3;2;0
2020-10-28 11:43:58;105;48;13;11;8;4;0;3;3;2;0
2020-10-28 11:44:59;106;49;13;11;8;4;0;3;3;2;0
2020-10-28 11:45:59;106;49;13;11;8;4;0;3;3;2;0
2020-10-28 11:46:58;107;50;13;11;8;4;0;3;3;2;0
2020-10-28 11:47:59;107;50;13;11;8;4;0;3;3;2;0
2020-10-28 11:48:58;107;50;13;11;8;4;0;3;3;2;0
2020-10-28 11:49:59;107;50;13;11;8;4;0;3;3;2;0
2020-10-28 11:50:59;107;50;13;11;8;4;0;3;3;2;0
2020-10-28 11:51:58;108;51;13;11;8;4;0;3;3;2;0
2020-10-28 11:52:59;109;52;13;11;8;4;0;3;3;2;0
2020-10-28 11:53:59;109;52;13;11;8;4;0;3;3;2;0
2020-10-28 11:54:59;109;52;13;11;8;4;0;3;3;2;0
2020-10-28 11:55:58;109;52;13;11;8;4;0;3;3;2;0
2020-10-28 11:56:59;109;52;13;11;8;4;0;3;3;2;0
2020-10-28 11:57:58;109;52;13;11;8;4;0;3;3;2;0
2020-10-28 11:58:59;109;52;13;11;8;4;0;3;3;2;0
2020-10-28 11:59:59;109;52;13;11;8;4;0;3;3;2;0
2020-10-28 12:00:58;109;52;13;11;8;4;0;3;3;2;0
2020-10-28 12:01:59;110;53;13;11;8;4;0;3;3;2;0
2020-10-28 12:02:59;111;54;13;11;8;4;0;3;3;2;0
2020-10-28 12:03:58;111;54;13;11;8;4;0;3;3;2;0
2020-10-28 12:04:59;111;54;13;11;8;4;0;3;3;2;0
2020-10-28 12:05:59;111;54;13;11;8;4;0;3;3;2;0
2020-10-28 12:06:58;111;54;13;11;8;4;0;3;3;2;0
2020-10-28 12:07:59;111;54;13;11;8;4;0;3;3;2;0
2020-10-28 12:08:59;111;54;13;11;8;4;0;3;3;2;0
2020-10-28 12:09:58;111;54;13;11;8;4;0;3;3;2;0
2020-10-28 12:10:59;111;54;13;11;8;4;0;3;3;2;0
2020-10-28 12:11:59;112;54;13;11;8;4;0;3;3;2;0
2020-10-28 12:12:58;112;54;13;11;8;4;0;3;3;2;0
2020-10-28 12:13:59;113;55;13;11;8;4;0;3;3;2;0
2020-10-28 12:14:59;114;56;13;11;8;4;0;3;3;2;0
2020-10-28 12:15:58;114;56;13;11;8;4;0;3;3;2;0
2020-10-28 12:16:59;114;56;13;11;8;4;0;3;3;2;0
2020-10-28 12:17:59;114;56;13;11;8;4;0;3;3;2;0
2020-10-28 12:18:58;115;57;13;11;8;4;0;3;3;2;0
2020-10-28 12:19:59;115;57;13;11;8;4;0;3;3;2;0
2020-10-28 12:21:00;115;57;13;11;8;4;0;3;3;2;0
2020-10-28 12:21:58;115;57;13;11;8;4;0;3;3;2;0
2020-10-28 12:22:59;115;57;13;11;8;4;0;3;3;2;0
2020-10-28 12:23:59;117;58;13;12;8;4;0;3;3;2;0
2020-10-28 12:24:58;117;58;13;12;8;4;0;3;3;2;0
2020-10-28 12:25:59;117;58;13;12;8;4;0;3;3;2;0
2020-10-28 12:26:58;117;58;13;12;8;4;0;3;3;2;0
2020-10-28 12:27:59;117;58;13;12;8;4;0;3;3;2;0
2020-10-28 12:28:59;117;58;13;12;8;4;0;3;3;2;0
2020-10-28 12:29:58;117;58;13;12;8;4;0;3;3;2;0
2020-10-28 12:30:59;117;58;13;12;8;4;0;3;3;2;0
2020-10-28 12:31:58;117;58;13;12;8;4;0;3;3;2;0
2020-10-28 12:32:59;118;59;13;12;8;4;0;3;3;2;0
2020-10-28 12:33:59;118;59;13;12;8;4;0;3;3;2;0
2020-10-28 12:34:58;119;60;13;12;8;4;0;3;3;2;0
2020-10-28 12:35:59;119;60;13;12;8;4;0;3;3;2;0
2020-10-28 12:36:59;119;60;13;12;8;4;0;3;3;2;0
2020-10-28 12:37:58;119;60;13;12;8;4;0;3;3;2;0
2020-10-28 12:38:59;119;60;13;12;8;4;0;3;3;2;0
2020-10-28 12:39:59;120;60;13;13;8;4;0;3;3;2;0
2020-10-28 12:40:58;121;61;13;13;8;4;0;3;3;2;0
2020-10-28 12:41:59;121;61;13;13;8;4;0;3;3;2;0
2020-10-28 12:42:59;121;61;13;13;8;4;0;3;3;2;0
2020-10-28 12:43:58;122;62;13;13;8;4;0;3;3;2;0
2020-10-28 12:44:59;122;62;13;13;8;4;0;3;3;2;0
2020-10-28 12:45:59;122;62;13;13;8;4;0;3;3;2;0
2020-10-28 12:46:58;122;62;13;13;8;4;0;3;3;2;0
2020-10-28 12:47:59;122;62;13;13;8;4;0;3;3;2;0
2020-10-28 12:48:59;122;62;13;13;8;4;0;3;3;2;0
2020-10-28 12:49:58;122;62;13;13;8;4;0;3;3;2;0
2020-10-28 12:50:59;122;62;13;13;8;4;0;3;3;2;0
2020-10-28 12:51:59;124;63;13;14;8;4;0;3;3;2;0
2020-10-28 12:52:59;124;63;13;14;8;4;0;3;3;2;0
2020-10-28 12:53:58;124;63;13;14;8;4;0;3;3;2;0
2020-10-28 12:54:59;124;63;13;14;8;4;0;3;3;2;0
2020-10-28 12:55:59;124;63;13;14;8;4;0;3;3;2;0
2020-10-28 12:56:58;124;63;13;14;8;4;0;3;3;2;0
2020-10-28 12:57:59;124;63;13;14;8;4;0;3;3;2;0
2020-10-28 12:58:58;125;64;13;14;8;4;0;3;3;2;0
2020-10-28 12:59:59;126;64;13;14;8;5;0;3;3;2;0
2020-10-28 13:00:59;126;64;13;14;8;5;0;3;3;2;0
2020-10-28 13:01:59;126;64;13;14;8;5;0;3;3;2;0
2020-10-28 13:02:58;126;64;13;14;8;5;0;3;3;2;0
2020-10-28 13:03:59;126;64;13;14;8;5;0;3;3;2;0
2020-10-28 13:04:58;126;64;13;14;8;5;0;3;3;2;0
2020-10-28 13:05:59;126;64;13;14;8;5;0;3;3;2;0
2020-10-28 13:06:59;126;64;13;14;8;5;0;3;3;2;0
2020-10-28 13:07:59;127;65;13;14;8;5;0;3;3;2;0
2020-10-28 13:08:58;128;66;13;14;8;5;0;3;3;2;0
2020-10-28 13:09:59;129;67;13;14;8;5;0;3;3;2;0
2020-10-28 13:10:59;129;67;13;14;8;5;0;3;3;2;0
2020-10-28 13:11:58;129;67;13;14;8;5;0;3;3;2;0
2020-10-28 13:12:59;129;67;13;14;8;5;0;3;3;2;0
2020-10-28 13:13:59;130;67;13;14;8;6;0;3;3;2;0
2020-10-28 13:14:58;130;67;13;14;8;6;0;3;3;2;0
2020-10-28 13:15:59;130;67;13;14;8;6;0;3;3;2;0
2020-10-28 13:16:59;130;67;13;14;8;6;0;3;3;2;0
2020-10-28 13:17:58;130;67;13;14;8;6;0;3;3;2;0
2020-10-28 13:18:59;130;67;13;14;8;6;0;3;3;2;0
2020-10-28 13:19:59;130;67;13;14;8;6;0;3;3;2;0
2020-10-28 13:20:58;130;67;13;14;8;6;0;3;3;2;0
2020-10-28 13:21:59;131;67;14;14;8;6;0;3;3;2;0
2020-10-28 13:22:58;134;67;16;15;8;6;0;3;3;2;0
2020-10-28 13:23:59;134;67;16;15;8;6;0;3;3;2;0
2020-10-28 13:24:59;134;67;16;15;8;6;0;3;3;2;0
2020-10-28 13:25:58;135;67;17;15;8;6;0;3;3;2;0
2020-10-28 13:26:59;135;67;17;15;8;6;0;3;3;2;0
2020-10-28 13:27:59;136;68;17;15;8;6;0;3;3;2;0
2020-10-28 13:28:58;136;68;17;15;8;6;0;3;3;2;0
2020-10-28 13:29:59;137;69;17;15;8;6;0;3;3;2;0
2020-10-28 13:30:59;139;71;17;15;8;6;0;3;3;2;0
2020-10-28 13:31:58;139;71;17;15;8;6;0;3;3;2;0
2020-10-28 13:32:59;140;72;17;15;8;6;0;3;3;2;0
2020-10-28 13:33:59;140;72;17;15;8;6;0;3;3;2;0
2020-10-28 13:34:59;140;72;17;15;8;6;0;3;3;2;0
2020-10-28 13:35:58;140;72;17;15;8;6;0;3;3;2;0
2020-10-28 13:36:59;142;74;17;15;8;6;0;3;3;2;0
2020-10-28 13:37:58;143;75;17;15;8;6;0;3;3;2;0
2020-10-28 13:38:59;144;76;17;15;8;6;0;3;3;2;0
2020-10-28 13:39:59;144;76;17;15;8;6;0;3;3;2;0
2020-10-28 13:40:59;144;76;17;15;8;6;0;3;3;2;0
2020-10-28 13:41:59;144;76;17;15;8;6;0;3;3;2;0
2020-10-28 13:42:59;144;76;17;15;8;6;0;3;3;2;0
2020-10-28 13:43:58;144;76;17;15;8;6;0;3;3;2;0
2020-10-28 13:44:59;144;76;17;15;8;6;0;3;3;2;0
2020-10-28 13:45:58;146;77;18;15;8;6;0;3;3;2;0
2020-10-28 13:46:59;146;77;18;15;8;6;0;3;3;2;0
2020-10-28 13:47:59;146;77;18;15;8;6;0;3;3;2;0
2020-10-28 13:48:58;146;77;18;15;8;6;0;3;3;2;0
2020-10-28 13:49:59;146;77;18;15;8;6;0;3;3;2;0
2020-10-28 13:50:59;146;77;18;15;8;6;0;3;3;2;0
2020-10-28 13:51:58;146;77;18;15;8;6;0;3;3;2;0
2020-10-28 13:52:59;146;77;18;15;8;6;0;3;3;2;0
2020-10-28 13:53:59;146;77;18;15;8;6;0;3;3;2;0
2020-10-28 13:54:59;146;77;18;15;8;6;0;3;3;2;0
2020-10-28 13:55:58;147;78;18;15;8;6;0;3;3;2;0
2020-10-28 13:56:59;147;78;18;15;8;6;0;3;3;2;0
2020-10-28 13:58:00;147;78;18;15;8;6;0;3;3;2;0
2020-10-28 13:58:58;147;78;18;15;8;6;0;3;3;2;0
2020-10-28 13:59:59;147;78;18;15;8;6;0;3;3;2;0
2020-10-28 14:00:58;147;78;18;15;8;6;0;3;3;2;0
2020-10-28 14:01:59;148;79;18;15;8;6;0;3;3;2;0
2020-10-28 14:02:59;148;79;18;15;8;6;0;3;3;2;0
2020-10-28 14:03:58;153;84;18;15;8;6;0;3;3;2;0
2020-10-28 14:04:59;153;84;18;15;8;6;0;3;3;2;0
2020-10-28 14:05:59;153;84;18;15;8;6;0;3;3;2;0
2020-10-28 14:06:58;153;84;18;15;8;6;0;3;3;2;0
2020-10-28 14:07:59;153;84;18;15;8;6;0;3;3;2;0
2020-10-28 14:08:59;153;84;18;15;8;6;0;3;3;2;0
2020-10-28 14:09:58;153;84;18;15;8;6;0;3;3;2;0
2020-10-28 14:10:59;154;85;18;15;8;6;0;3;3;2;0
2020-10-28 14:11:59;154;85;18;15;8;6;0;3;3;2;0
2020-10-28 14:12:58;154;85;18;15;8;6;0;3;3;2;0
2020-10-28 14:13:59;154;85;18;15;8;6;0;3;3;2;0
2020-10-28 14:14:59;154;85;18;15;8;6;0;3;3;2;0
2020-10-28 14:15:58;154;85;18;15;8;6;0;3;3;2;0
2020-10-28 14:16:59;154;85;18;15;8;6;0;3;3;2;0
2020-10-28 14:17:59;154;85;18;15;8;6;0;3;3;2;0
2020-10-28 14:18:58;155;85;19;15;8;6;0;3;3;2;0
2020-10-28 14:19:59;155;85;19;15;8;6;0;3;3;2;0
2020-10-28 14:20:59;155;85;19;15;8;6;0;3;3;2;0
2020-10-28 14:21:58;155;85;19;15;8;6;0;3;3;2;0
2020-10-28 14:22:59;156;86;19;15;8;6;0;3;3;2;0
2020-10-28 14:23:59;156;86;19;15;8;6;0;3;3;2;0
2020-10-28 14:24:58;157;87;19;15;8;6;0;3;3;2;0
2020-10-28 14:25:59;157;87;19;15;8;6;0;3;3;2;0
2020-10-28 14:26:59;157;87;19;15;8;6;0;3;3;2;0
2020-10-28 14:27:58;158;88;19;15;8;6;0;3;3;2;0
2020-10-28 14:28:59;159;89;19;15;8;6;0;3;3;2;0
2020-10-28 14:30:00;159;89;19;15;8;6;0;3;3;2;0
2020-10-28 14:30:58;160;89;19;15;9;6;0;3;3;2;0
2020-10-28 14:31:59;160;89;19;15;9;6;0;3;3;2;0
2020-10-28 14:32:58;160;89;19;15;9;6;0;3;3;2;0
2020-10-28 14:33:59;161;89;19;15;9;6;0;3;3;2;0
2020-10-28 14:34:58;163;91;19;15;9;6;0;3;3;2;0
2020-10-28 14:35:59;163;91;18;16;9;6;0;3;3;2;0
2020-10-28 14:36:59;163;91;18;16;9;6;0;3;3;2;0
2020-10-28 14:37:58;163;91;18;16;9;6;0;3;3;2;0
2020-10-28 14:38:59;163;91;18;16;9;6;0;3;3;2;0
2020-10-28 14:39:59;163;91;18;16;9;6;0;3;3;2;0
2020-10-28 14:40:58;163;91;18;16;9;6;0;3;3;2;0
2020-10-28 14:41:59;163;91;18;16;9;6;0;3;3;2;0
2020-10-28 14:42:59;163;91;18;16;9;6;0;3;3;2;0
2020-10-28 14:43:58;163;91;18;16;9;6;0;3;3;2;0
2020-10-28 14:44:59;163;91;18;16;9;6;0;3;3;2;0
2020-10-28 14:45:58;163;91;18;16;9;6;0;3;3;2;0
2020-10-28 14:46:59;163;91;18;16;9;6;0;3;3;2;0
2020-10-28 14:47:59;163;91;18;16;9;6;0;3;3;2;0
2020-10-28 14:48:58;163;91;18;16;9;6;0;3;3;2;0
2020-10-28 14:49:59;164;91;19;16;9;6;0;3;3;2;0
2020-10-28 14:50:59;164;91;19;16;9;6;0;3;3;2;0
2020-10-28 14:51:58;164;91;19;16;9;6;0;3;3;2;0
2020-10-28 14:52:59;164;91;19;16;9;6;0;3;3;2;0
2020-10-28 14:53:59;165;92;19;16;8;7;0;3;3;2;0
2020-10-28 14:54:58;165;92;19;16;8;7;0;3;3;2;0
2020-10-28 14:55:59;165;92;19;16;8;7;0;3;3;2;0
2020-10-28 14:56:59;165;92;19;16;8;7;0;3;3;2;0
2020-10-28 14:57:58;165;92;19;16;8;7;0;3;3;2;0
2020-10-28 14:58:59;165;92;19;16;8;7;0;3;3;2;0
2020-10-28 14:59:58;165;92;19;16;8;7;0;3;3;2;0
2020-10-28 15:00:59;165;92;19;16;8;7;0;3;3;2;0
2020-10-28 15:01:59;165;92;19;16;8;7;0;3;3;2;0
2020-10-28 15:02:59;165;92;19;16;8;7;0;3;3;2;0
2020-10-28 15:03:58;167;93;19;16;8;7;0;3;3;2;0
2020-10-28 15:04:59;167;93;19;16;8;7;0;3;3;2;0
2020-10-28 15:05:58;167;93;19;16;8;7;0;3;3;2;0
2020-10-28 15:06:59;168;93;19;16;8;8;0;3;3;2;0
2020-10-28 15:07:59;169;93;19;16;8;8;0;3;3;2;0
2020-10-28 15:08:58;169;93;19;16;8;8;0;3;3;2;0
2020-10-28 15:09:59;169;93;19;16;8;8;0;3;3;2;0
2020-10-28 15:10:59;170;93;20;16;8;8;0;3;3;2;0
2020-10-28 15:11:58;170;93;20;16;8;8;0;3;3;2;0
2020-10-28 15:12:59;170;93;20;16;8;8;0;3;3;2;0
2020-10-28 15:13:59;171;94;20;16;8;8;0;3;3;2;0
2020-10-28 15:14:58;171;94;20;16;8;8;0;3;3;2;0
2020-10-28 15:15:59;171;94;20;16;8;8;0;3;3;2;0
2020-10-28 15:16:59;171;94;20;16;8;8;0;3;3;2;0
2020-10-28 15:17:58;171;94;20;16;8;8;0;3;3;2;0
2020-10-28 15:18:59;172;95;20;16;8;8;0;3;3;2;0
2020-10-28 15:19:59;172;95;20;16;8;8;0;3;3;2;0
2020-10-28 15:20:58;172;95;20;16;8;8;0;3;3;2;0
2020-10-28 15:21:59;171;95;20;16;8;8;0;3;3;2;0
2020-10-28 15:22:58;172;96;20;16;8;8;0;3;3;2;0
2020-10-28 15:23:59;172;96;20;16;8;8;0;3;3;2;0
2020-10-28 15:24:59;173;97;20;16;8;8;0;3;3;2;0
2020-10-28 15:25:58;173;97;20;16;8;8;0;3;3;2;0
2020-10-28 15:26:59;173;97;20;16;8;8;0;3;3;2;0
2020-10-28 15:27:59;173;97;20;16;8;8;0;3;3;2;0
2020-10-28 15:28:58;173;97;20;16;8;8;0;3;3;2;0
2020-10-28 15:29:59;173;97;20;16;8;8;0;3;3;2;0
2020-10-28 15:30:59;173;97;20;16;8;8;0;3;3;2;0
2020-10-28 15:31:59;173;97;20;16;8;8;0;3;3;2;0
2020-10-28 15:32:58;173;97;20;16;8;8;0;3;3;2;0
2020-10-28 15:33:59;173;97;20;16;8;8;0;3;3;2;0
2020-10-28 15:34:58;173;97;20;16;8;8;0;3;3;2;0
2020-10-28 15:35:59;173;97;20;16;8;8;0;3;3;2;0
2020-10-28 15:36:59;174;97;21;16;8;8;0;3;3;2;0
2020-10-28 15:37:58;174;97;21;16;8;8;0;3;3;2;0
2020-10-28 15:38:59;174;97;21;16;8;8;0;3;3;2;0
2020-10-28 15:39:59;174;97;21;16;8;8;0;3;3;2;0
2020-10-28 15:40:58;174;97;21;16;8;8;0;3;3;2;0
2020-10-28 15:41:59;174;97;21;16;8;8;0;3;3;2;0
2020-10-28 15:42:59;175;98;21;16;8;8;0;3;3;2;0
2020-10-28 15:43:58;175;98;21;16;8;8;0;3;3;2;0
2020-10-28 15:44:59;175;98;21;16;8;8;0;3;3;2;0
2020-10-28 15:45:58;176;98;21;16;8;8;0;3;3;2;0
2020-10-28 15:46:59;176;99;21;16;8;8;0;3;3;2;0
2020-10-28 15:47:59;176;99;21;16;8;8;0;3;3;2;0
2020-10-28 15:48:59;177;99;21;16;8;8;0;3;3;2;0
2020-10-28 15:49:58;177;99;21;16;8;8;0;3;3;2;0
2020-10-28 15:50:59;178;99;21;16;8;8;2;3;3;2;0
2020-10-28 15:51:58;178;99;21;16;8;8;2;3;3;2;0
2020-10-28 15:52:59;178;99;21;16;8;8;2;3;3;2;0
2020-10-28 15:53:59;178;99;21;16;8;8;2;3;3;2;0
2020-10-28 15:54:58;178;99;21;16;8;8;2;3;3;2;0
2020-10-28 15:55:59;178;99;21;16;8;8;2;3;3;2;0
2020-10-28 15:56:58;178;99;21;16;8;8;2;3;3;2;0
2020-10-28 15:57:59;178;99;21;16;8;8;2;3;3;2;0
2020-10-28 15:58:59;178;99;21;16;8;8;2;3;3;2;0
2020-10-28 15:59:58;178;99;21;16;8;8;2;3;3;2;0
2020-10-28 16:00:59;179;99;21;16;8;8;2;3;3;2;2
2020-10-28 16:01:59;179;99;21;16;8;8;2;3;3;2;2
2020-10-28 16:02:58;179;99;21;16;8;8;2;3;3;2;2
2020-10-28 16:03:59;179;99;21;16;8;8;2;3;3;2;2
2020-10-28 16:04:59;179;99;21;16;8;8;2;3;3;2;2
2020-10-28 16:05:59;179;99;21;16;8;8;2;3;3;2;2
2020-10-28 16:06:59;180;99;22;16;8;8;2;3;3;2;2
2020-10-28 16:07:59;180;99;22;16;8;8;2;3;3;2;2
2020-10-28 16:08:58;180;99;22;16;8;8;2;3;3;2;2
2020-10-28 16:09:59;180;99;22;16;8;8;2;3;3;2;2
2020-10-28 16:10:59;180;99;22;16;8;8;2;3;3;2;2
2020-10-28 16:11:58;180;99;22;16;8;8;2;3;3;2;2
2020-10-28 16:12:59;180;99;22;16;8;8;2;3;3;2;2
2020-10-28 16:13:58;180;99;22;16;8;8;2;3;3;2;2
2020-10-28 16:14:59;180;99;22;16;8;8;2;3;3;2;2
2020-10-28 16:15:59;180;99;22;16;8;8;2;3;3;2;2
2020-10-28 16:16:58;180;99;22;16;8;8;2;3;3;2;2
2020-10-28 16:17:59;181;99;22;16;8;8;3;3;3;2;2
2020-10-28 16:18:59;181;99;22;16;8;8;3;3;3;2;2
2020-10-28 16:19:58;181;99;22;16;8;8;3;3;3;2;2
2020-10-28 16:20:59;181;99;22;16;8;8;3;3;3;2;2
2020-10-28 16:21:59;181;99;22;16;8;8;3;3;3;2;2
2020-10-28 16:22:58;182;100;22;16;8;8;3;3;3;2;2
2020-10-28 16:23:59;182;100;22;16;8;8;3;3;3;2;2
2020-10-28 16:24:59;182;100;22;16;8;8;3;3;3;2;2
2020-10-28 16:25:58;182;100;22;16;8;8;3;3;3;2;2
2020-10-28 16:26:59;182;100;22;16;8;8;3;3;3;2;2
2020-10-28 16:27:59;182;100;22;16;8;8;3;3;3;2;2
2020-10-28 16:28:58;182;100;22;16;8;8;3;3;3;2;2
2020-10-28 16:29:59;182;100;22;16;8;8;3;3;3;2;2
2020-10-28 16:30:59;182;100;22;16;8;8;3;3;3;2;2
2020-10-28 16:31:59;182;100;22;16;8;8;3;3;3;2;2
2020-10-28 16:32:58;182;100;22;16;8;8;3;3;3;2;2
2020-10-28 16:33:59;182;100;22;16;8;8;3;3;3;2;2
2020-10-28 16:34:58;182;100;22;16;8;8;3;3;3;2;2
2020-10-28 16:35:59;182;100;22;16;8;8;3;3;3;2;2
2020-10-28 16:36:58;182;100;22;16;8;8;3;3;3;2;2
2020-10-28 16:37:59;182;100;22;16;8;8;3;3;3;2;2
2020-10-28 16:38:59;182;100;22;16;8;8;3;3;3;2;2
2020-10-28 16:39:59;182;100;22;16;8;8;3;3;3;2;2
2020-10-28 16:40:58;182;100;22;16;8;8;3;3;3;2;2
2020-10-28 16:41:59;183;100;22;16;8;9;3;3;3;2;2
2020-10-28 16:42:58;184;100;23;16;8;9;3;3;3;2;2
2020-10-28 16:43:59;184;100;23;16;8;9;3;3;3;2;2
2020-10-28 16:44:59;184;100;23;16;8;9;3;3;3;2;2
2020-10-28 16:45:58;185;101;23;16;8;9;3;3;3;2;2
2020-10-28 16:46:59;185;101;23;16;8;9;3;3;3;2;2
2020-10-28 16:47:59;185;101;23;16;8;9;3;3;3;2;2
2020-10-28 16:48:58;185;101;23;16;8;9;3;3;3;2;2
2020-10-28 16:49:59;185;101;23;16;8;9;3;3;3;2;2
2020-10-28 16:50:59;185;101;23;16;8;9;3;3;3;2;2
2020-10-28 16:51:58;186;101;23;16;8;10;3;3;3;2;2
2020-10-28 16:52:59;186;101;23;16;8;10;3;3;3;2;2
2020-10-28 16:53:59;186;101;23;16;8;10;3;3;3;2;2
2020-10-28 16:54:58;186;101;23;16;8;10;3;3;3;2;2
2020-10-28 16:55:59;186;101;23;16;8;10;3;3;3;2;2
2020-10-28 16:56:59;186;101;23;16;8;10;3;3;3;2;2
2020-10-28 16:57:58;186;101;23;16;8;10;3;3;3;2;2
2020-10-28 16:58:59;186;101;23;16;8;10;3;3;3;2;2
2020-10-28 16:59:58;186;101;23;16;8;10;3;3;3;2;2
2020-10-28 17:00:59;187;101;24;16;8;10;3;3;3;2;2
2020-10-28 17:01:59;187;101;24;16;8;10;3;3;3;2;2
2020-10-28 17:02:58;187;101;24;16;8;10;3;3;3;2;2
2020-10-28 17:03:59;187;101;24;16;8;10;3;3;3;2;2
2020-10-28 17:05:00;187;101;24;16;8;10;3;3;3;2;2
2020-10-28 17:05:58;187;101;24;16;8;10;3;3;3;2;2
2020-10-28 17:06:59;187;101;24;16;8;10;3;3;3;2;2
2020-10-28 17:07:59;187;101;24;16;8;10;3;3;3;2;2
2020-10-28 17:08:58;187;101;24;16;8;10;3;3;3;2;2
2020-10-28 17:09:59;187;101;24;16;8;10;3;3;3;2;2
2020-10-28 17:10:59;189;103;24;16;8;10;3;3;3;2;2
2020-10-28 17:11:58;189;103;24;16;8;10;3;3;3;2;2
2020-10-28 17:12:59;189;103;24;16;8;10;3;3;3;2;2
2020-10-28 17:13:59;189;103;24;16;8;10;3;3;3;2;2
2020-10-28 17:14:58;189;103;24;16;8;10;3;3;3;2;2
2020-10-28 17:15:59;189;103;24;16;8;10;3;3;3;2;2
2020-10-28 17:16:59;189;103;24;16;8;10;3;3;3;2;2
2020-10-28 17:18:00;189;103;24;16;8;10;3;3;3;2;2
2020-10-28 17:18:58;189;103;24;16;8;10;3;3;3;2;2
2020-10-28 17:19:59;190;103;24;16;9;10;3;3;3;2;2
2020-10-28 17:20:59;191;104;24;16;9;10;3;3;3;2;2
2020-10-28 17:21:59;191;104;24;16;9;10;3;3;3;2;2
2020-10-28 17:22:59;191;104;24;16;9;10;3;3;3;2;2
2020-10-28 17:23:58;192;105;24;16;9;10;3;3;3;2;2
2020-10-28 17:24:59;192;105;24;16;9;10;3;3;3;2;2
2020-10-28 17:25:58;192;105;24;16;9;10;3;3;3;2;2
2020-10-28 17:26:59;192;105;24;16;9;10;3;3;3;2;2
2020-10-28 17:27:59;192;105;24;16;9;10;3;3;3;2;2
2020-10-28 17:28:58;192;105;24;16;9;10;3;3;3;2;2
2020-10-28 17:29:59;192;105;24;16;9;10;3;3;3;2;2
2020-10-28 17:30:59;192;105;24;16;9;10;3;3;3;2;2
2020-10-28 17:31:58;192;105;24;16;9;10;3;3;3;2;2
2020-10-28 17:32:59;192;105;24;16;9;10;3;3;3;2;2
2020-10-28 17:33:59;192;105;24;16;9;10;3;3;3;2;2
2020-10-28 17:34:58;192;105;24;16;9;10;3;3;3;2;2
2020-10-28 17:35:59;192;105;24;16;9;10;3;3;3;2;2
2020-10-28 17:36:59;192;105;24;16;9;10;3;3;3;2;2
2020-10-28 17:37:58;192;105;24;16;9;10;3;3;3;2;2
2020-10-28 17:38:59;191;104;24;16;9;10;3;3;3;2;2
2020-10-28 17:39:58;191;104;24;16;9;10;3;3;3;2;2
2020-10-28 17:40:59;191;104;24;16;9;10;3;3;3;2;2
2020-10-28 17:41:58;191;104;24;16;9;10;3;3;3;2;2
2020-10-28 17:42:59;191;104;24;16;9;10;3;3;3;2;2
2020-10-28 17:43:59;191;104;24;16;9;10;3;3;3;2;2
2020-10-28 17:44:58;192;104;25;16;9;10;3;3;3;2;2
2020-10-28 17:45:59;195;106;25;17;9;10;3;3;3;2;2
2020-10-28 17:46:59;195;106;25;17;9;10;3;3;3;2;2
2020-10-28 17:47:58;195;106;25;17;9;10;3;3;3;2;2
2020-10-28 17:48:59;197;107;25;17;9;10;3;3;3;2;2
2020-10-28 17:49:58;198;108;25;17;9;10;3;3;3;2;2
2020-10-28 17:50:59;198;108;25;17;9;10;3;3;3;2;2
2020-10-28 17:51:59;198;108;25;17;9;10;3;3;3;2;2
2020-10-28 17:52:58;198;108;25;17;9;10;3;3;3;2;2
2020-10-28 17:53:59;199;109;25;17;9;10;3;3;3;2;2
2020-10-28 17:54:59;199;109;25;17;9;10;3;3;3;2;2
2020-10-28 17:55:58;199;109;25;17;9;10;3;3;3;2;2
2020-10-28 17:56:59;199;109;25;17;9;10;3;3;3;2;2
2020-10-28 17:58:00;200;110;25;17;9;10;3;3;3;2;2
2020-10-28 17:58:58;200;110;25;17;9;10;3;3;3;2;2
2020-10-28 17:59:59;200;110;25;17;9;10;3;3;3;2;2
2020-10-28 18:00:58;200;110;25;17;9;10;3;3;3;2;2
2020-10-28 18:01:59;200;110;25;17;9;10;3;3;3;2;2
2020-10-28 18:02:59;200;110;25;17;9;10;3;3;3;2;2
2020-10-28 18:03:58;200;110;25;17;9;10;3;3;3;2;2
2020-10-28 18:04:59;201;111;25;17;9;10;3;3;3;2;2
2020-10-28 18:05:59;201;111;25;17;9;10;3;3;3;2;2
2020-10-28 18:06:58;201;111;25;17;9;10;3;3;3;2;2
2020-10-28 18:07:59;201;111;25;17;9;10;3;3;3;2;2
2020-10-28 18:08:58;201;111;25;17;9;10;3;3;3;2;2
2020-10-28 18:09:59;201;111;25;17;9;10;3;3;3;2;2
2020-10-28 18:10:59;201;111;25;17;9;10;3;3;3;2;2
2020-10-28 18:11:58;201;111;25;17;9;10;3;3;3;2;2
2020-10-28 18:12:59;201;111;25;17;9;10;3;3;3;2;2
2020-10-28 18:13:59;201;111;25;17;9;10;3;3;3;2;2
2020-10-28 18:14:59;201;111;25;17;9;10;3;3;3;2;2
2020-10-28 18:15:58;201;111;25;17;9;10;3;3;3;2;2
2020-10-28 18:16:59;201;111;25;17;9;10;3;3;3;2;2
2020-10-28 18:17:58;202;112;25;17;9;10;3;3;3;2;2
2020-10-28 18:18:59;203;113;25;17;9;10;3;3;3;2;2
2020-10-28 18:19:59;205;115;25;17;9;10;3;3;3;2;2
2020-10-28 18:20:58;205;115;25;17;9;10;3;3;3;2;2
2020-10-28 18:21:59;206;116;25;17;9;10;3;3;3;2;2
2020-10-28 18:22:59;206;116;25;17;9;10;3;3;3;2;2
2020-10-28 18:23:58;206;116;25;17;9;10;3;3;3;2;2
2020-10-28 18:24:59;206;116;25;17;9;10;3;3;3;2;2
2020-10-28 18:25:59;206;116;25;17;9;10;3;3;3;2;2
2020-10-28 18:26:58;206;116;25;17;9;10;3;3;3;2;2
2020-10-28 18:27:59;206;116;25;17;9;10;3;3;3;2;2
2020-10-28 18:28:59;206;116;25;17;9;10;3;3;3;2;2
2020-10-28 18:29:58;206;116;25;17;9;10;3;3;3;2;2
2020-10-28 18:30:59;206;116;25;17;9;10;3;3;3;2;2
2020-10-28 18:31:59;206;116;25;18;9;10;3;3;3;2;2
2020-10-28 18:32:58;206;116;25;18;9;10;3;3;3;2;2
2020-10-28 18:33:59;206;116;25;18;9;10;3;3;3;2;2
2020-10-28 18:34:59;206;116;25;18;9;10;3;3;3;2;2
2020-10-28 18:35:58;206;116;25;18;9;10;3;3;3;2;2
2020-10-28 18:36:59;206;116;25;18;9;10;3;3;3;2;2
2020-10-28 18:37:58;206;116;25;18;9;10;3;3;3;2;2
2020-10-28 18:38:59;206;116;25;18;9;10;3;3;3;2;2
2020-10-28 18:39:59;206;116;25;18;9;10;3;3;3;2;2
2020-10-28 18:40:58;206;116;25;18;9;10;3;3;3;2;2
2020-10-28 18:41:59;206;116;25;18;9;10;3;3;3;2;2
2020-10-28 18:42:59;206;116;25;18;9;10;3;3;3;2;2
2020-10-28 18:43:58;206;116;25;18;9;10;3;3;3;2;2
2020-10-28 18:44:59;207;116;25;18;9;10;3;3;3;2;2
2020-10-28 18:45:59;207;116;25;18;9;10;3;3;3;2;2
2020-10-28 18:46:58;207;116;25;18;9;10;3;3;3;2;2
2020-10-28 18:47:59;207;116;25;18;9;10;3;3;3;2;2
2020-10-28 18:48:58;207;116;25;18;9;10;3;3;3;2;2
2020-10-28 18:49:59;207;116;25;18;9;10;3;3;3;2;2
2020-10-28 18:50:59;207;116;25;18;9;10;3;3;3;2;2
2020-10-28 18:51:58;207;116;25;18;9;10;3;3;3;2;2
2020-10-28 18:52:59;207;116;25;18;9;10;3;3;3;2;2
2020-10-28 18:53:59;207;116;25;18;9;10;3;3;3;2;2
2020-10-28 18:54:58;207;116;25;18;9;10;3;3;3;2;2
2020-10-28 18:55:59;207;116;25;18;9;10;3;3;3;2;2
2020-10-28 18:56:59;207;116;25;18;9;10;3;3;3;2;2
2020-10-28 18:57:58;207;116;25;18;9;10;3;3;3;2;2
2020-10-28 18:58:59;207;116;25;18;9;10;3;3;3;2;2
2020-10-28 18:59:58;207;116;25;18;9;10;3;3;3;2;2
2020-10-28 19:00:59;207;116;25;18;9;10;3;3;3;2;2
2020-10-28 19:01:59;207;116;25;18;9;10;3;3;3;2;2
2020-10-28 19:02:58;207;116;25;18;9;10;3;3;3;2;2
2020-10-28 19:03:59;207;116;25;18;9;10;3;3;3;2;2
2020-10-28 19:04:59;207;116;25;18;9;10;3;3;3;2;2
2020-10-28 19:05:58;207;116;25;18;9;10;3;3;3;2;2
2020-10-28 19:06:59;208;116;25;18;9;11;3;3;3;2;2
2020-10-28 19:07:59;208;116;25;18;9;10;3;3;3;2;2
2020-10-28 19:08:58;208;116;25;18;9;10;3;3;3;2;2
2020-10-28 19:09:59;208;116;25;18;9;10;3;3;3;2;2
2020-10-28 19:10:59;208;116;25;18;9;10;3;3;3;2;2
2020-10-28 19:11:59;208;116;25;18;9;10;3;3;3;2;2
2020-10-28 19:12:59;208;116;25;18;9;10;3;3;3;2;2
2020-10-28 19:13:58;208;116;25;18;9;10;3;3;3;2;2
2020-10-28 19:14:59;208;116;25;18;9;10;3;3;3;2;2
2020-10-28 19:15:58;208;116;25;18;9;10;3;3;3;2;2
2020-10-28 19:16:59;208;116;25;18;9;10;3;3;3;2;2
2020-10-28 19:17:59;208;116;25;18;9;10;3;3;3;2;2
2020-10-28 19:18:58;208;116;25;18;9;10;3;3;3;2;2
2020-10-28 19:19:59;208;116;25;18;9;10;3;3;3;2;2
2020-10-28 19:20:58;209;117;25;18;9;10;3;3;3;2;2
2020-10-28 19:21:59;209;117;25;18;9;10;3;3;3;2;2
2020-10-28 19:22:59;209;117;25;18;9;10;3;3;3;2;2
2020-10-28 19:23:59;209;117;25;18;9;10;3;3;3;2;2
2020-10-28 19:24:58;209;117;25;18;9;10;3;3;3;2;2
2020-10-28 19:25:59;210;118;25;18;9;10;3;3;3;2;2
2020-10-28 19:26:59;210;118;25;18;9;10;3;3;3;2;2
2020-10-28 19:27:58;210;118;25;18;9;10;3;3;3;2;2
2020-10-28 19:28:59;210;118;25;18;9;10;3;3;3;2;2
2020-10-28 19:29:59;210;118;25;18;9;10;3;3;3;2;2
2020-10-28 19:30:58;210;118;25;18;9;10;3;3;3;2;2
2020-10-28 19:31:59;210;118;25;18;9;10;3;3;3;2;2
2020-10-28 19:32:59;210;118;25;18;9;10;3;3;3;2;2
2020-10-28 19:33:58;210;118;25;18;9;10;3;3;3;2;2
2020-10-28 19:34:59;210;118;25;18;9;10;3;3;3;2;2
2020-10-28 19:35:59;210;118;25;18;9;10;3;3;3;2;2
2020-10-28 19:36:58;210;118;25;18;9;10;3;3;3;2;2
2020-10-28 19:37:59;210;118;25;18;9;10;3;3;3;2;2
2020-10-28 19:39:00;210;118;25;18;9;10;3;3;3;2;2
2020-10-28 19:39:58;210;118;25;18;9;10;3;3;3;2;2
2020-10-28 19:40:59;210;118;25;18;9;10;3;3;3;2;2
2020-10-28 19:41:58;210;118;25;18;9;10;3;3;3;2;2
2020-10-28 19:42:59;210;118;25;18;9;10;3;3;3;2;2
2020-10-28 19:43:59;210;118;25;18;9;10;3;3;3;2;2
2020-10-28 19:44:58;210;118;25;18;9;10;3;3;3;2;2
2020-10-28 19:45:59;211;119;25;18;9;10;3;3;3;2;2
2020-10-28 19:46:59;211;119;25;18;9;10;3;3;3;2;2
2020-10-28 19:47:58;211;119;25;18;9;10;3;3;3;2;2
2020-10-28 19:48:59;211;119;25;18;9;10;3;3;3;2;2
2020-10-28 19:49:59;211;119;25;18;9;10;3;3;3;2;2
2020-10-28 19:50:58;211;119;25;18;9;10;3;3;3;2;2
2020-10-28 19:51:59;211;119;25;18;9;10;3;3;3;2;2
2020-10-28 19:52:59;211;119;25;18;9;10;3;3;3;2;2
2020-10-28 19:53:58;211;119;25;18;9;10;3;3;3;2;2
2020-10-28 19:54:59;211;119;25;18;9;10;3;3;3;2;2
2020-10-28 19:55:59;211;119;25;18;9;10;3;3;3;2;2
2020-10-28 19:56:58;212;120;25;18;9;10;3;3;3;2;2
2020-10-28 19:57:59;213;120;26;18;9;10;3;3;3;2;2
2020-10-28 19:58:58;213;120;26;18;9;10;3;3;3;2;2
2020-10-28 19:59:59;213;120;26;18;9;10;3;3;3;2;2
2020-10-28 20:00:59;213;120;26;18;9;10;3;3;3;2;2
2020-10-28 20:01:58;213;120;26;18;9;10;3;3;3;2;2
2020-10-28 20:02:59;213;120;26;18;9;10;3;3;3;2;2
2020-10-28 20:03:59;213;120;26;18;9;10;3;3;3;2;2
2020-10-28 20:04:58;213;120;26;18;9;10;3;3;3;2;2
2020-10-28 20:05:59;213;120;26;18;9;10;3;3;3;2;2
2020-10-28 20:06:59;214;121;26;18;9;10;3;3;3;2;2
2020-10-28 20:07:58;214;121;26;18;9;10;3;3;3;2;2
2020-10-28 20:08:59;214;121;26;18;9;10;3;3;3;2;2
2020-10-28 20:09:59;214;121;26;18;9;10;3;3;3;2;2
2020-10-28 20:10:58;214;121;26;18;9;10;3;3;3;2;2
2020-10-28 20:11:59;215;121;27;18;9;10;3;3;3;2;2
2020-10-28 20:12:58;215;121;27;18;9;10;3;3;3;2;2
2020-10-28 20:13:59;215;121;27;18;9;10;3;3;3;2;2
2020-10-28 20:14:59;215;121;27;18;9;10;3;3;3;2;2
2020-10-28 20:15:58;215;121;27;18;9;10;3;3;3;2;2
2020-10-28 20:16:59;215;121;27;18;9;10;3;3;3;2;2
2020-10-28 20:17:58;215;121;27;18;9;10;3;3;3;2;2
2020-10-28 20:18:59;215;121;27;18;9;10;3;3;3;2;2
2020-10-28 20:19:59;215;121;27;18;9;10;3;3;3;2;2
2020-10-28 20:20:58;215;121;27;18;9;10;3;3;3;2;2
2020-10-28 20:21:59;215;121;27;18;9;10;3;3;3;2;2
2020-10-28 20:22:59;215;121;27;18;9;10;3;3;3;2;2
2020-10-28 20:23:58;215;121;27;18;9;10;3;3;3;2;2
2020-10-28 20:24:59;215;121;27;18;9;10;3;3;3;2;2
2020-10-28 20:25:59;215;121;27;18;9;10;3;3;3;2;2
2020-10-28 20:26:58;215;121;27;18;9;10;3;3;3;2;2
2020-10-28 20:27:59;215;121;27;18;9;10;3;3;3;2;2
2020-10-28 20:28:59;215;121;27;18;9;10;3;3;3;2;2
2020-10-28 20:29:58;215;121;27;18;9;10;3;3;3;2;2
2020-10-28 20:30:59;215;121;27;18;9;10;3;3;3;2;2
2020-10-28 20:31:59;215;121;27;18;9;10;3;3;3;2;2
2020-10-28 20:32:59;215;121;27;18;9;10;3;3;3;2;2
2020-10-28 20:33:58;216;121;27;19;9;10;3;3;3;2;2
2020-10-28 20:34:59;216;121;27;19;9;10;3;3;3;2;2
2020-10-28 20:35:59;215;120;27;19;9;10;3;3;3;2;2
2020-10-28 20:36:58;215;120;27;19;9;10;3;3;3;2;2
2020-10-28 20:37:59;215;120;27;19;9;10;3;3;3;2;2
2020-10-28 20:38:58;215;120;27;19;9;10;3;3;3;2;2
2020-10-28 20:39:59;215;120;27;19;9;10;3;3;3;2;2
2020-10-28 20:40:59;215;120;27;19;9;10;3;3;3;2;2
2020-10-28 20:41:58;215;120;27;19;9;10;3;3;3;2;2
2020-10-28 20:42:59;215;120;27;19;9;10;3;3;3;2;2
2020-10-28 20:43:59;215;120;27;19;9;10;3;3;3;2;2
2020-10-28 20:44:58;215;120;27;19;9;10;3;3;3;2;2
2020-10-28 20:45:59;216;121;27;19;9;10;3;3;3;2;2
2020-10-28 20:46:59;216;121;27;19;9;10;3;3;3;2;2
2020-10-28 20:47:59;216;121;27;19;9;10;3;3;3;2;2
2020-10-28 20:48:58;216;121;27;19;9;10;3;3;3;2;2
2020-10-28 20:49:59;216;121;27;19;9;10;3;3;3;2;2
2020-10-28 20:50:59;216;121;27;19;9;10;3;3;3;2;2
2020-10-28 20:51:58;216;121;27;19;9;10;3;3;3;2;2
2020-10-28 20:52:59;216;121;27;19;9;10;3;3;3;2;2
2020-10-28 20:53:58;216;121;27;19;9;10;3;3;3;2;2
2020-10-28 20:54:59;216;121;27;19;9;10;3;3;3;2;2
2020-10-28 20:55:59;217;122;27;19;9;10;3;3;3;2;2
2020-10-28 20:56:59;217;122;27;19;9;10;3;3;3;2;2
2020-10-28 20:57:58;217;122;27;19;9;10;3;3;3;2;2
2020-10-28 20:58:59;218;122;27;19;9;10;4;3;3;2;2
2020-10-28 20:59:58;218;122;27;19;9;10;4;3;3;2;2
2020-10-28 21:00:59;218;122;27;19;9;10;4;3;3;2;2
2020-10-28 21:01:59;219;122;27;19;9;10;4;3;3;2;2
2020-10-28 21:02:58;219;122;27;19;9;10;4;3;3;2;2
2020-10-28 21:03:59;220;122;28;19;9;10;4;3;3;2;2
2020-10-28 21:04:59;220;122;28;19;9;10;4;3;3;2;2
2020-10-28 21:05:58;220;122;28;19;9;10;4;3;3;2;2
2020-10-28 21:06:59;220;122;28;19;9;10;4;3;3;2;2
2020-10-28 21:07:59;220;122;28;19;9;10;4;3;3;2;2
2020-10-28 21:08:58;220;122;28;19;9;10;4;3;3;2;2
2020-10-28 21:09:59;220;122;28;19;9;10;4;3;3;2;2
2020-10-28 21:10:59;221;123;28;19;9;10;4;3;3;2;2
2020-10-28 21:11:58;221;123;28;19;9;10;4;3;3;2;2
2020-10-28 21:12:59;221;123;28;19;9;10;4;3;3;2;2
2020-10-28 21:13:59;221;123;28;19;9;10;4;3;3;2;2
2020-10-28 21:14:58;221;123;28;19;9;10;4;3;3;2;2
2020-10-28 21:15:59;222;123;29;19;9;10;4;3;3;2;2
2020-10-28 21:16:58;222;123;29;19;9;10;4;3;3;2;2
2020-10-28 21:17:59;223;123;29;19;10;10;4;3;3;2;2
2020-10-28 21:18:59;223;123;29;19;10;10;4;3;3;2;2
2020-10-28 21:19:59;223;123;29;19;10;10;4;3;3;2;2
2020-10-28 21:20:58;224;124;29;19;10;10;4;3;3;2;2
2020-10-28 21:21:59;224;124;29;19;10;10;4;3;3;2;2
2020-10-28 21:22:59;225;125;29;19;10;10;4;3;3;2;2
2020-10-28 21:23:58;225;125;29;19;10;10;4;3;3;2;2
2020-10-28 21:24:59;225;125;29;19;10;10;4;3;3;2;2
2020-10-28 21:25:59;225;125;29;19;10;10;4;3;3;2;2
2020-10-28 21:26:58;226;126;29;19;10;10;4;3;3;2;2
2020-10-28 21:27:59;226;126;29;19;10;10;4;3;3;2;2
2020-10-28 21:28:59;226;126;29;19;10;10;4;3;3;2;2
2020-10-28 21:29:58;226;126;29;19;10;10;4;3;3;2;2
2020-10-28 21:30:59;226;126;29;19;10;10;4;3;3;2;2
2020-10-28 21:31:59;226;126;29;19;10;10;4;3;3;2;2
2020-10-28 21:32:58;226;126;29;19;10;10;4;3;3;2;2
2020-10-28 21:33:59;226;126;29;19;10;10;4;3;3;2;2
2020-10-28 21:34:59;226;126;29;19;10;10;4;3;3;2;2
2020-10-28 21:35:58;226;126;29;19;10;10;4;3;3;2;2
2020-10-28 21:36:59;226;126;29;19;10;10;4;3;3;2;2
2020-10-28 21:37:59;226;126;29;19;10;10;4;3;3;2;2
2020-10-28 21:38:58;226;126;29;19;10;10;4;3;3;2;2
2020-10-28 21:39:59;226;126;29;19;10;10;4;3;3;2;2
2020-10-28 21:40:59;226;126;29;19;10;10;4;3;3;2;2
2020-10-28 21:41:58;226;126;29;19;10;10;4;3;3;2;2
2020-10-28 21:42:59;226;126;29;19;10;10;4;3;3;2;2
2020-10-28 21:43:59;226;126;29;19;10;10;4;3;3;2;2
2020-10-28 21:44:58;226;126;29;19;10;10;4;3;3;2;2
2020-10-28 21:45:59;226;126;29;19;10;10;4;3;3;2;2
2020-10-28 21:46:59;226;126;29;19;10;10;4;3;3;2;2
2020-10-28 21:47:58;226;126;29;19;10;10;4;3;3;2;2
2020-10-28 21:48:59;226;126;29;19;10;10;4;3;3;2;2
2020-10-28 21:49:59;226;126;29;19;10;10;4;3;3;2;2
2020-10-28 21:50:58;226;126;29;19;10;10;4;3;3;2;2
2020-10-28 21:51:59;226;126;29;19;10;10;4;3;3;2;2
2020-10-28 21:52:59;227;127;29;19;10;10;4;3;3;2;2
2020-10-28 21:53:58;227;127;29;19;10;10;4;3;3;2;2
2020-10-28 21:54:59;227;127;29;19;10;10;4;3;3;2;2
2020-10-28 21:55:59;227;127;29;19;10;10;4;3;3;2;2
2020-10-28 21:56:59;227;127;29;19;10;10;4;3;3;2;2
2020-10-28 21:57:58;228;128;29;19;10;10;4;3;3;2;2
2020-10-28 21:58:59;228;128;29;19;10;10;4;3;3;2;2
2020-10-28 21:59:58;228;128;29;19;10;10;4;3;3;2;2
2020-10-28 22:00:59;228;128;29;19;10;10;4;3;3;2;2
2020-10-28 22:01:59;228;128;29;19;10;10;4;3;3;2;2
2020-10-28 22:02:59;228;128;29;19;10;10;4;3;3;2;2
2020-10-28 22:03:58;229;129;29;19;10;10;4;3;3;2;2
2020-10-28 22:04:59;229;129;29;19;10;10;4;3;3;2;2
2020-10-28 22:05:59;230;130;29;19;10;10;4;3;3;2;2
2020-10-28 22:06:58;231;130;29;20;10;10;4;3;3;2;2
2020-10-28 22:07:59;232;130;29;21;10;10;4;3;3;2;2
2020-10-28 22:08:59;232;130;29;21;10;10;4;3;3;2;2
2020-10-28 22:09:58;232;130;29;21;10;10;4;3;3;2;2
2020-10-28 22:10:59;232;130;29;21;10;10;4;3;3;2;2
2020-10-28 22:11:58;232;130;29;21;10;10;4;3;3;2;2
2020-10-28 22:12:59;232;130;29;21;10;10;4;3;3;2;2
2020-10-28 22:13:59;232;130;29;21;10;10;4;3;3;2;2
2020-10-28 22:14:58;232;130;29;21;10;10;4;3;3;2;2
2020-10-28 22:15:59;232;130;29;21;10;10;4;3;3;2;2
2020-10-28 22:16:59;232;130;29;21;10;10;4;3;3;2;2
2020-10-28 22:17:58;233;131;29;21;10;10;4;3;3;2;2
2020-10-28 22:18:59;233;131;29;21;10;10;4;3;3;2;2
2020-10-28 22:19:58;233;131;29;21;10;10;4;3;3;2;2
2020-10-28 22:20:59;233;131;29;21;10;10;4;3;3;2;2
2020-10-28 22:21:59;233;131;29;21;10;10;4;3;3;2;2
2020-10-28 22:22:58;233;131;29;21;10;10;4;3;3;2;2
2020-10-28 22:23:59;233;131;29;21;10;10;4;3;3;2;2
2020-10-28 22:24:59;233;131;29;21;10;10;4;3;3;2;2
2020-10-28 22:25:58;233;131;29;21;10;10;4;3;3;2;2
2020-10-28 22:26:59;233;131;29;21;10;10;4;3;3;2;2
2020-10-28 22:27:59;234;132;29;21;10;10;4;3;3;2;2
2020-10-28 22:28:58;234;132;29;21;10;10;4;3;3;2;2
2020-10-28 22:29:59;234;132;29;21;10;10;4;3;3;2;2
2020-10-28 22:30:58;234;132;29;21;10;10;4;3;3;2;2
2020-10-28 22:31:59;234;132;29;21;10;10;4;3;3;2;2
2020-10-28 22:32:59;234;132;29;21;10;10;4;3;3;2;2
2020-10-28 22:33:58;234;132;29;21;10;10;4;3;3;2;2
2020-10-28 22:34:59;234;132;29;21;10;10;4;3;3;2;2
2020-10-28 22:35:59;234;132;29;21;10;10;4;3;3;2;2
2020-10-28 22:36:58;234;132;29;21;10;10;4;3;3;2;2
2020-10-28 22:37:59;235;133;29;21;10;10;4;3;3;2;2
2020-10-28 22:39:00;235;133;29;21;10;10;4;3;3;2;2
2020-10-28 22:39:58;235;133;29;21;10;10;4;3;3;2;2
2020-10-28 22:40:59;235;133;29;21;10;10;4;3;3;2;2
2020-10-28 22:41:58;235;133;29;21;10;10;4;3;3;2;2
2020-10-28 22:42:59;235;133;29;21;10;10;4;3;3;2;2
2020-10-28 22:43:59;235;133;29;21;10;10;4;3;3;2;2
2020-10-28 22:44:58;235;133;29;21;10;10;4;3;3;2;2
2020-10-28 22:45:59;235;133;29;21;10;10;4;3;3;2;2
2020-10-28 22:46:59;235;133;29;21;10;10;4;3;3;2;2
2020-10-28 22:47:58;235;133;29;21;10;10;4;3;3;2;2
2020-10-28 22:48:59;235;133;29;21;10;10;4;3;3;2;2
2020-10-28 22:49:59;235;133;29;21;10;10;4;3;3;2;2
2020-10-28 22:50:58;235;133;29;21;10;10;4;3;3;2;2
2020-10-28 22:51:59;235;133;29;21;10;10;4;3;3;2;2
2020-10-28 22:52:58;236;133;30;21;10;10;4;3;3;2;2
2020-10-28 22:53:59;236;133;30;21;10;10;4;3;3;2;2
2020-10-28 22:54:59;236;133;30;21;10;10;4;3;3;2;2
2020-10-28 22:55:58;236;133;30;21;10;10;4;3;3;2;2
2020-10-28 22:56:59;236;133;30;21;10;10;4;3;3;2;2
2020-10-28 22:57:58;236;133;30;21;10;10;4;3;3;2;2
2020-10-28 22:58:59;236;133;30;21;10;10;4;3;3;2;2
2020-10-28 22:59:58;236;133;30;21;10;10;4;3;3;2;2
2020-10-28 23:00:59;236;133;30;21;10;10;4;3;3;2;2
2020-10-28 23:01:59;236;133;30;21;10;10;4;3;3;2;2
2020-10-28 23:02:58;236;133;30;21;10;10;4;3;3;2;2
2020-10-28 23:03:59;237;133;30;21;11;10;4;3;3;2;2
2020-10-28 23:04:59;238;134;30;21;11;10;4;3;3;2;2
2020-10-28 23:05:58;238;134;30;21;11;10;4;3;3;2;2
2020-10-28 23:06:59;238;134;30;21;11;10;4;3;3;2;2
2020-10-28 23:07:59;238;134;30;21;11;10;4;3;3;2;2
2020-10-28 23:08:58;238;134;30;21;11;10;4;3;3;2;2
2020-10-28 23:09:59;239;135;30;21;11;10;4;3;3;2;2
2020-10-28 23:10:58;239;135;30;21;11;10;4;3;3;2;2
2020-10-28 23:11:59;239;135;30;21;11;10;4;3;3;2;2
2020-10-28 23:12:59;240;136;30;21;11;10;4;3;3;2;2
2020-10-28 23:13:58;240;136;30;21;11;10;4;3;3;2;2
2020-10-28 23:14:59;241;136;31;21;11;10;4;3;3;2;2
2020-10-28 23:15:59;241;136;31;21;11;10;4;3;3;2;2
2020-10-28 23:16:58;241;136;31;21;11;10;4;3;3;2;2
2020-10-28 23:17:59;241;136;31;21;11;10;4;3;3;2;2
2020-10-28 23:18:59;241;136;31;21;11;10;4;3;3;2;2
2020-10-28 23:19:58;241;136;31;21;11;10;4;3;3;2;2
2020-10-28 23:20:59;242;136;31;22;11;10;4;3;3;2;2
2020-10-28 23:21:59;242;136;31;22;11;10;4;3;3;2;2
2020-10-28 23:22:59;242;136;31;22;11;10;4;3;3;2;2
2020-10-28 23:23:59;242;136;31;22;11;10;4;3;3;2;2
2020-10-28 23:24:58;242;136;31;22;11;10;4;3;3;2;2
2020-10-28 23:25:59;242;136;31;22;11;10;4;3;3;2;2
2020-10-28 23:26:58;242;136;31;22;11;10;4;3;3;2;2
2020-10-28 23:27:59;243;136;31;23;11;10;4;3;3;2;2
2020-10-28 23:28:59;243;136;31;23;11;10;4;3;3;2;2
2020-10-28 23:29:58;243;136;31;23;11;10;4;3;3;2;2
2020-10-28 23:30:59;243;136;31;23;11;10;4;3;3;2;2
2020-10-28 23:31:59;244;136;31;24;11;10;4;3;3;2;2
2020-10-28 23:32:58;244;136;31;24;11;10;4;3;3;2;2
2020-10-28 23:33:59;245;136;31;24;11;10;5;3;3;2;2
2020-10-28 23:34:59;245;136;31;24;11;10;5;3;3;2;2
2020-10-28 23:35:58;245;136;31;24;11;10;5;3;3;2;2
2020-10-28 23:36:59;245;136;31;24;11;10;5;3;3;2;2
2020-10-28 23:37:59;245;136;31;24;11;10;5;3;3;2;2
2020-10-28 23:38:58;245;136;31;24;11;10;5;3;3;2;2
2020-10-28 23:39:59;245;136;31;24;11;10;5;3;3;2;2
2020-10-28 23:40:59;245;136;31;24;11;10;5;3;3;2;2
2020-10-28 23:41:58;246;137;31;24;11;10;5;3;3;2;2
2020-10-28 23:42:59;246;137;31;24;11;10;5;3;3;2;2
2020-10-28 23:43:59;246;137;31;24;11;10;5;3;3;2;2
2020-10-28 23:44:58;246;137;31;24;11;10;5;3;3;2;2
2020-10-28 23:45:59;246;137;31;24;11;10;5;3;3;2;2
2020-10-28 23:46:59;246;137;31;24;11;10;5;3;3;2;2
2020-10-28 23:47:58;247;138;31;24;11;10;5;3;3;2;2
2020-10-28 23:48:59;247;138;31;24;11;10;5;3;3;2;2
2020-10-28 23:49:59;247;138;31;24;11;10;5;3;3;2;2
2020-10-28 23:50:58;247;138;31;24;11;10;5;3;3;2;2
2020-10-28 23:51:59;247;138;31;24;11;10;5;3;3;2;2
2020-10-28 23:52:59;247;138;31;24;11;10;5;3;3;2;2
2020-10-28 23:53:58;247;138;31;24;11;10;5;3;3;2;2
2020-10-28 23:54:59;247;138;31;24;11;10;5;3;3;2;2
2020-10-28 23:55:59;247;138;31;24;11;10;5;3;3;2;2
2020-10-28 23:56:58;247;138;31;24;11;10;5;3;3;2;2
2020-10-28 23:57:59;247;138;31;24;11;10;5;3;3;2;2
2020-10-28 23:58:59;247;138;31;24;11;10;5;3;3;2;2
2020-10-28 23:59:58;247;138;31;24;11;10;5;3;3;2;2
