datetime;total_votes;Lazarus;tutabrain;cmapukocmankypum;shamanka;navalny;KT;Hexadecachoron;KOCTOPE3;jovan;Lucifus
2020-04-15 00:00:59;0;0;0;0;0;0;0;0;0;0;0
2020-04-15 00:01:58;3;0;0;0;0;0;0;0;0;0;1
2020-04-15 00:02:59;3;0;0;0;0;0;0;0;0;0;1
2020-04-15 00:03:58;5;0;1;0;0;0;0;0;0;0;1
2020-04-15 00:04:59;5;0;1;0;0;0;0;0;0;0;1
2020-04-15 00:05:59;5;0;1;0;0;0;0;0;0;0;1
2020-04-15 00:06:58;6;0;1;0;0;0;0;0;0;0;1
2020-04-15 00:07:59;6;0;1;0;0;0;0;0;0;0;1
2020-04-15 00:08:59;7;0;1;0;0;0;0;0;0;0;1
2020-04-15 00:09:58;8;0;1;1;0;0;0;0;0;0;1
2020-04-15 00:10:59;10;1;1;1;0;1;0;0;0;0;1
2020-04-15 00:11:59;10;1;1;1;0;1;0;0;0;0;1
2020-04-15 00:12:58;12;2;1;1;0;1;0;1;0;0;1
2020-04-15 00:13:59;12;2;1;1;0;1;0;1;0;0;1
2020-04-15 00:14:59;12;2;1;1;0;1;0;1;0;0;1
2020-04-15 00:15:59;12;2;1;1;0;1;0;1;0;0;1
2020-04-15 00:16:58;13;2;0;1;0;1;0;1;0;0;2
2020-04-15 00:17:59;14;3;0;1;0;1;0;1;0;0;2
2020-04-15 00:18:59;16;3;0;1;0;1;0;2;0;0;2
2020-04-15 00:19:58;16;3;0;1;0;1;0;2;0;0;2
2020-04-15 00:20:59;17;4;0;1;0;1;0;2;0;0;2
2020-04-15 00:21:59;17;4;1;2;0;1;0;2;0;0;2
2020-04-15 00:22:58;17;4;1;2;0;1;0;2;0;0;2
2020-04-15 00:23:59;17;4;1;2;0;1;0;2;0;0;2
2020-04-15 00:24:59;17;4;1;2;0;1;0;2;0;0;2
2020-04-15 00:25:58;17;4;1;2;0;1;0;2;0;0;2
2020-04-15 00:26:59;18;4;2;2;0;0;0;2;0;0;2
2020-04-15 00:27:59;19;4;3;2;0;0;0;2;0;0;2
2020-04-15 00:28:58;22;5;5;2;0;0;0;2;0;0;2
2020-04-15 00:29:59;22;5;5;2;0;0;0;2;0;0;2
2020-04-15 00:30:59;22;5;5;2;0;0;0;2;0;0;2
2020-04-15 00:31:58;23;5;5;2;0;0;0;2;0;0;3
2020-04-15 00:32:59;23;5;5;2;0;0;0;2;0;0;3
2020-04-15 00:33:59;23;5;5;2;0;0;0;2;0;0;3
2020-04-15 00:35:00;23;5;5;2;0;0;0;2;0;0;3
2020-04-15 00:35:58;23;5;5;2;0;0;0;2;0;0;3
2020-04-15 00:36:59;23;5;5;2;0;0;0;2;0;0;3
2020-04-15 00:37:59;24;5;6;2;0;0;0;2;0;0;3
2020-04-15 00:38:58;25;6;6;2;0;0;0;2;0;0;3
2020-04-15 00:39:59;26;6;6;3;0;0;0;2;0;0;3
2020-04-15 00:40:59;26;6;6;3;0;0;0;2;0;0;3
2020-04-15 00:41:58;27;6;6;4;0;0;0;2;0;0;3
2020-04-15 00:42:59;27;6;6;4;0;0;0;2;0;0;3
2020-04-15 00:43:58;28;6;7;4;0;0;0;2;0;0;3
2020-04-15 00:44:59;28;6;7;4;0;0;0;2;0;0;3
2020-04-15 00:45:58;28;6;7;4;0;0;0;2;0;0;3
2020-04-15 00:46:59;28;6;7;4;0;0;0;2;0;0;3
2020-04-15 00:47:59;28;6;7;4;0;0;0;2;0;0;3
2020-04-15 00:48:59;28;6;7;4;0;0;0;2;0;0;3
2020-04-15 00:49:58;29;6;7;4;0;1;0;2;0;0;3
2020-04-15 00:50:59;29;6;7;4;0;1;0;2;0;0;3
2020-04-15 00:51:59;30;6;7;4;0;1;0;3;0;0;3
2020-04-15 00:52:58;32;6;7;5;0;1;0;4;0;0;3
2020-04-15 00:53:59;32;6;7;5;0;1;0;4;0;0;3
2020-04-15 00:54:59;33;6;7;5;0;1;0;4;0;0;3
2020-04-15 00:55:58;34;6;7;5;1;1;0;4;0;0;3
2020-04-15 00:56:59;35;6;8;5;1;1;0;4;0;0;3
2020-04-15 00:57:59;35;6;8;5;1;1;0;4;0;0;3
2020-04-15 00:58:58;35;6;8;5;1;1;0;4;0;0;3
2020-04-15 00:59:59;35;6;8;5;1;1;0;4;0;0;3
2020-04-15 01:00:59;36;6;8;5;2;1;0;4;0;0;3
2020-04-15 01:01:58;37;6;8;6;2;1;0;4;0;0;3
2020-04-15 01:02:59;37;6;8;6;2;1;0;4;0;0;3
2020-04-15 01:03:59;37;6;8;6;2;1;0;4;0;0;3
2020-04-15 01:04:58;37;6;8;6;2;1;0;4;0;0;3
2020-04-15 01:05:59;37;6;8;6;2;1;0;4;0;0;3
2020-04-15 01:06:59;38;6;8;7;2;1;0;4;0;0;3
2020-04-15 01:07:58;38;6;8;7;2;1;0;4;0;0;3
2020-04-15 01:08:59;38;6;8;7;2;1;0;4;0;0;3
2020-04-15 01:09:59;38;6;8;7;2;1;0;4;0;0;3
2020-04-15 01:10:58;39;6;8;8;2;1;0;4;0;0;3
2020-04-15 01:11:59;40;6;8;9;2;1;0;4;0;0;3
2020-04-15 01:12:59;40;6;8;9;2;1;0;4;0;0;3
2020-04-15 01:13:58;40;6;8;9;2;1;0;4;0;0;3
2020-04-15 01:14:59;41;6;9;9;2;1;0;4;0;0;3
2020-04-15 01:15:59;41;6;9;9;2;1;0;4;0;0;3
2020-04-15 01:16:58;41;6;9;9;2;1;0;4;0;0;3
2020-04-15 01:17:59;41;6;9;9;2;1;0;4;0;0;3
2020-04-15 01:18:59;43;6;9;11;2;1;0;4;0;0;3
2020-04-15 01:19:58;43;6;9;11;2;1;0;4;0;0;3
2020-04-15 01:20:59;43;6;9;11;2;1;0;4;0;0;3
2020-04-15 01:21:59;45;6;10;11;2;1;0;5;0;0;3
2020-04-15 01:22:59;46;6;10;12;2;1;0;5;0;0;3
2020-04-15 01:23:59;47;7;10;12;2;1;0;5;0;0;3
2020-04-15 01:24:59;47;7;10;12;2;1;0;5;0;0;3
2020-04-15 01:25:58;47;7;10;12;2;1;0;5;0;0;3
2020-04-15 01:26:59;47;7;10;12;2;1;0;5;0;0;3
2020-04-15 01:27:59;47;7;10;12;2;1;0;5;0;0;3
2020-04-15 01:28:58;47;7;10;12;2;1;0;5;0;0;3
2020-04-15 01:29:59;47;7;10;12;2;1;0;5;0;0;3
2020-04-15 01:30:59;47;7;10;12;2;1;0;5;0;0;3
2020-04-15 01:32:00;47;7;10;12;2;1;0;5;0;0;3
2020-04-15 01:32:58;47;7;10;12;2;1;0;5;0;0;3
2020-04-15 01:33:59;48;7;10;13;2;1;0;5;0;0;3
2020-04-15 01:34:59;48;7;10;13;2;1;0;5;0;0;3
2020-04-15 01:35:58;49;7;10;14;2;1;0;5;0;0;3
2020-04-15 01:36:59;49;7;10;14;2;1;0;5;0;0;3
2020-04-15 01:37:59;49;7;10;14;2;1;0;5;0;0;3
2020-04-15 01:38:58;49;7;10;14;2;1;0;5;0;0;3
2020-04-15 01:39:59;49;7;10;14;2;1;0;5;0;0;3
2020-04-15 01:40:59;49;7;10;14;2;1;0;5;0;0;3
2020-04-15 01:41:58;50;7;11;14;2;1;0;5;0;0;3
2020-04-15 01:42:59;50;7;11;14;2;1;0;5;0;0;3
2020-04-15 01:43:59;51;7;11;14;3;1;0;5;0;0;3
2020-04-15 01:44:58;52;7;12;14;3;1;0;5;0;0;3
2020-04-15 01:45:59;53;8;12;14;3;1;0;5;0;0;3
2020-04-15 01:46:59;54;8;13;14;3;1;0;5;0;0;3
2020-04-15 01:47:58;54;8;13;14;3;1;0;5;0;0;3
2020-04-15 01:48:59;54;8;13;14;3;1;0;5;0;0;3
2020-04-15 01:49:58;54;8;13;14;3;1;0;5;0;0;3
2020-04-15 01:50:59;54;8;13;14;3;1;0;5;0;0;3
2020-04-15 01:51:58;54;8;13;14;3;1;0;5;0;0;3
2020-04-15 01:52:59;54;8;13;14;3;1;0;5;0;0;3
2020-04-15 01:53:59;54;8;13;14;3;1;0;5;0;0;3
2020-04-15 01:54:58;55;8;13;15;3;1;0;5;0;0;3
2020-04-15 01:55:59;55;8;13;15;3;1;0;5;0;0;3
2020-04-15 01:56:59;55;8;13;15;3;1;0;5;0;0;3
2020-04-15 01:58:00;55;8;13;15;3;1;0;5;0;0;3
2020-04-15 01:58:58;55;8;13;15;3;1;0;5;0;0;3
2020-04-15 01:59:59;55;8;13;15;3;1;0;5;0;0;3
2020-04-15 02:00:59;55;8;13;15;3;1;0;5;0;0;3
2020-04-15 02:01:58;55;8;13;15;3;1;0;5;0;0;3
2020-04-15 02:02:59;55;8;13;15;3;1;0;5;0;0;3
2020-04-15 02:03:58;55;8;13;15;3;1;0;5;0;0;3
2020-04-15 02:04:59;55;8;13;15;3;1;0;5;0;0;3
2020-04-15 02:05:59;56;8;13;16;3;1;0;5;0;0;3
2020-04-15 02:06:59;56;8;13;16;3;1;0;5;0;0;3
2020-04-15 02:07:58;56;8;13;16;3;1;0;5;0;0;3
2020-04-15 02:08:59;56;8;13;16;3;1;0;5;0;0;3
2020-04-15 02:09:59;56;8;13;16;3;1;0;5;0;0;3
2020-04-15 02:10:58;57;8;13;17;3;1;0;5;0;0;3
2020-04-15 02:11:59;57;8;13;17;3;1;0;5;0;0;3
2020-04-15 02:12:58;58;8;14;17;3;1;0;5;0;0;3
2020-04-15 02:13:59;58;8;13;17;3;2;0;5;0;0;3
2020-04-15 02:14:59;58;8;13;17;3;2;0;5;0;0;3
2020-04-15 02:15:59;58;8;13;17;3;2;0;5;0;0;3
2020-04-15 02:16:58;58;8;13;17;3;2;0;5;0;0;3
2020-04-15 02:17:59;58;8;13;17;3;2;0;5;0;0;3
2020-04-15 02:18:59;58;8;13;17;3;2;0;5;0;0;3
2020-04-15 02:19:58;58;8;13;17;3;2;0;5;0;0;3
2020-04-15 02:20:59;58;8;13;17;3;2;0;5;0;0;3
2020-04-15 02:21:59;58;8;13;17;3;2;0;5;0;0;3
2020-04-15 02:22:58;58;8;13;17;3;2;0;5;0;0;3
2020-04-15 02:23:59;58;8;13;17;3;2;0;5;0;0;3
2020-04-15 02:24:59;59;8;13;18;3;2;0;5;0;0;3
2020-04-15 02:25:58;59;8;13;18;3;2;0;5;0;0;3
2020-04-15 02:26:59;59;8;13;18;3;2;0;5;0;0;3
2020-04-15 02:27:59;60;8;13;19;3;2;0;5;0;0;3
2020-04-15 02:28:59;60;8;13;19;3;2;0;5;0;0;3
2020-04-15 02:29:58;60;8;13;19;3;2;0;5;0;0;3
2020-04-15 02:30:59;60;8;13;19;3;2;0;5;0;0;3
2020-04-15 02:31:58;60;8;13;19;3;2;0;5;0;0;3
2020-04-15 02:32:59;60;8;13;19;3;2;0;5;0;0;3
2020-04-15 02:33:59;60;8;13;19;3;2;0;5;0;0;3
2020-04-15 02:34:59;60;8;13;19;3;2;0;5;0;0;3
2020-04-15 02:35:58;60;8;13;19;3;2;0;5;0;0;3
2020-04-15 02:36:59;60;8;13;19;3;2;0;5;0;0;3
2020-04-15 02:37:59;60;8;13;19;3;2;0;5;0;0;3
2020-04-15 02:38:58;60;8;13;19;3;2;0;5;0;0;3
2020-04-15 02:39:59;60;8;13;19;3;2;0;5;0;0;3
2020-04-15 02:40:59;62;8;14;20;3;2;0;5;0;0;3
2020-04-15 02:41:58;62;8;14;20;3;2;0;5;0;0;3
2020-04-15 02:42:59;62;8;14;20;3;2;0;5;0;0;3
2020-04-15 02:43:59;62;8;14;20;3;2;0;5;0;0;3
2020-04-15 02:44:58;62;8;14;20;3;2;0;5;0;0;3
2020-04-15 02:45:59;62;8;14;20;3;2;0;5;0;0;3
2020-04-15 02:46:59;62;8;14;20;3;2;0;5;0;0;3
2020-04-15 02:47:58;62;8;14;20;3;2;0;5;0;0;3
2020-04-15 02:48:59;62;8;14;20;3;2;0;5;0;0;3
2020-04-15 02:49:59;62;8;14;20;3;2;0;5;0;0;3
2020-04-15 02:50:58;62;8;14;20;3;2;0;5;0;0;3
2020-04-15 02:51:59;62;8;14;20;3;2;0;5;0;0;3
2020-04-15 02:52:59;62;8;14;20;3;2;0;5;0;0;3
2020-04-15 02:53:59;62;8;14;20;3;2;0;5;0;0;3
2020-04-15 02:54:58;62;8;14;20;3;2;0;5;0;0;3
2020-04-15 02:55:59;62;8;14;20;3;2;0;5;0;0;3
2020-04-15 02:56:58;62;8;14;20;3;2;0;5;0;0;3
2020-04-15 02:57:59;62;8;14;20;3;2;0;5;0;0;3
2020-04-15 02:58:59;63;8;14;20;4;2;0;5;0;0;3
2020-04-15 02:59:58;63;8;14;20;4;2;0;5;0;0;3
2020-04-15 03:00:59;63;8;14;20;4;2;0;5;0;0;3
2020-04-15 03:01:59;63;8;14;20;4;2;0;5;0;0;3
2020-04-15 03:02:58;63;8;14;20;4;2;0;5;0;0;3
2020-04-15 03:03:59;63;8;14;20;4;2;0;5;0;0;3
2020-04-15 03:04:59;63;8;14;20;4;2;0;5;0;0;3
2020-04-15 03:05:59;63;8;14;20;4;2;0;5;0;0;3
2020-04-15 03:06:58;63;8;14;20;4;2;0;5;0;0;3
2020-04-15 03:07:59;63;8;14;20;4;2;0;5;0;0;3
2020-04-15 03:08:59;63;8;14;20;4;2;0;5;0;0;3
2020-04-15 03:09:58;64;8;14;20;4;2;0;5;0;0;3
2020-04-15 03:10:59;64;8;14;20;4;2;0;5;0;0;3
2020-04-15 03:11:59;64;8;14;20;4;2;0;5;0;0;3
2020-04-15 03:12:58;64;8;14;20;4;2;0;5;0;0;3
2020-04-15 03:13:59;64;8;14;20;4;2;0;5;0;0;3
2020-04-15 03:14:59;64;8;14;20;4;2;0;5;0;0;3
2020-04-15 03:15:58;64;8;14;20;4;2;0;5;0;0;3
2020-04-15 03:16:59;65;8;15;20;4;2;0;5;0;0;3
2020-04-15 03:17:59;65;8;15;20;4;2;0;5;0;0;3
2020-04-15 03:18:58;65;8;15;20;4;2;0;5;0;0;3
2020-04-15 03:19:59;65;8;15;20;4;2;0;5;0;0;3
2020-04-15 03:20:59;65;8;15;20;4;2;0;5;0;0;3
2020-04-15 03:21:58;65;8;15;20;4;2;0;5;0;0;3
2020-04-15 03:22:59;65;8;15;20;4;2;0;5;0;0;3
2020-04-15 03:23:59;66;8;16;20;4;2;0;5;0;0;3
2020-04-15 03:24:58;66;8;16;20;4;2;0;5;0;0;3
2020-04-15 03:25:59;66;8;16;20;4;2;0;5;0;0;3
2020-04-15 03:26:59;67;8;17;20;4;2;0;5;0;0;3
2020-04-15 03:27:58;67;8;17;20;4;2;0;5;0;0;3
2020-04-15 03:28:59;67;8;17;20;4;2;0;5;0;0;3
2020-04-15 03:29:59;68;8;17;20;4;2;0;5;0;0;3
2020-04-15 03:30:58;68;8;17;20;4;2;0;5;0;0;3
2020-04-15 03:31:59;68;8;17;20;4;2;0;5;0;0;3
2020-04-15 03:32:59;68;8;17;20;4;2;0;5;0;0;3
2020-04-15 03:33:58;68;8;17;20;4;2;0;5;0;0;3
2020-04-15 03:34:59;68;8;17;20;4;2;0;5;0;0;3
2020-04-15 03:35:59;68;8;17;20;4;2;0;5;0;0;3
2020-04-15 03:36:58;68;8;17;20;4;2;0;5;0;0;3
2020-04-15 03:37:59;68;8;17;20;4;2;0;5;0;0;3
2020-04-15 03:38:59;68;8;17;20;4;2;0;5;0;0;3
2020-04-15 03:39:58;68;8;17;20;4;2;0;5;0;0;3
2020-04-15 03:40:59;69;8;18;20;4;2;0;5;0;0;3
2020-04-15 03:41:59;69;8;18;20;4;2;0;5;0;0;3
2020-04-15 03:42:58;69;8;18;20;4;2;0;5;0;0;3
2020-04-15 03:43:59;69;8;18;20;4;2;0;5;0;0;3
2020-04-15 03:44:59;69;8;18;20;4;2;0;5;0;0;3
2020-04-15 03:45:58;70;8;18;20;4;2;0;6;0;0;3
2020-04-15 03:46:59;70;8;18;20;4;2;0;6;0;0;3
2020-04-15 03:47:58;70;8;18;20;4;2;0;6;0;0;3
2020-04-15 03:48:59;70;8;18;20;4;2;0;6;0;0;3
2020-04-15 03:49:59;70;8;18;20;4;2;0;6;0;0;3
2020-04-15 03:50:59;70;8;18;20;4;2;0;6;0;0;3
2020-04-15 03:51:58;70;8;18;20;4;2;0;6;0;0;3
2020-04-15 03:52:59;70;8;18;20;4;2;0;6;0;0;3
2020-04-15 03:53:59;70;8;18;20;4;2;0;6;0;0;3
2020-04-15 03:54:58;70;8;18;20;4;2;0;6;0;0;3
2020-04-15 03:55:59;70;8;17;20;4;2;0;6;0;0;3
2020-04-15 03:56:59;70;8;17;20;4;2;0;6;0;0;3
2020-04-15 03:57:58;70;8;17;20;4;2;0;6;0;0;3
2020-04-15 03:58:59;70;8;17;20;4;2;0;6;0;0;3
2020-04-15 03:59:59;70;8;17;20;4;2;0;6;0;0;3
2020-04-15 04:00:58;70;8;17;20;4;2;0;6;0;0;3
2020-04-15 04:01:59;70;8;17;20;4;2;0;6;0;0;3
2020-04-15 04:02:58;70;8;17;20;4;2;0;6;0;0;3
2020-04-15 04:03:59;70;8;17;20;4;2;0;6;0;0;3
2020-04-15 04:04:58;70;8;17;20;4;2;0;6;0;0;3
2020-04-15 04:05:59;71;8;18;20;4;2;0;6;0;0;3
2020-04-15 04:06:59;71;8;18;20;4;2;0;6;0;0;3
2020-04-15 04:07:58;71;8;18;20;4;2;0;6;0;0;3
2020-04-15 04:08:59;71;8;18;20;4;2;0;6;0;0;3
2020-04-15 04:09:59;71;8;18;20;4;2;0;6;0;0;3
2020-04-15 04:10:58;71;8;18;20;4;2;0;6;0;0;3
2020-04-15 04:11:59;71;8;18;20;4;2;0;6;0;0;3
2020-04-15 04:13:00;71;8;18;20;4;2;0;6;0;0;3
2020-04-15 04:13:58;71;8;18;20;4;2;0;6;0;0;3
2020-04-15 04:14:59;71;8;18;20;4;2;0;6;0;0;3
2020-04-15 04:15:59;71;8;18;20;4;2;0;6;0;0;3
2020-04-15 04:16:58;71;8;18;20;4;2;0;6;0;0;3
2020-04-15 04:17:59;71;8;18;20;4;2;0;6;0;0;3
2020-04-15 04:18:59;71;8;18;20;4;2;0;6;0;0;3
2020-04-15 04:19:58;72;9;18;20;4;2;0;6;0;0;3
2020-04-15 04:20:59;73;9;19;20;4;2;0;6;0;0;3
2020-04-15 04:21:59;73;9;19;20;4;2;0;6;0;0;3
2020-04-15 04:22:58;73;9;19;20;4;2;0;6;0;0;3
2020-04-15 04:23:59;73;9;19;20;4;2;0;6;0;0;3
2020-04-15 04:24:59;73;9;19;20;4;2;0;6;0;0;3
2020-04-15 04:25:58;73;9;19;20;4;2;0;6;0;0;3
2020-04-15 04:26:59;73;9;19;20;4;2;0;6;0;0;3
2020-04-15 04:27:59;73;9;19;20;4;2;0;6;0;0;3
2020-04-15 04:28:59;73;9;19;20;4;2;0;6;0;0;3
2020-04-15 04:29:58;73;9;19;20;4;2;0;6;0;0;3
2020-04-15 04:30:59;73;9;19;20;4;2;0;6;0;0;3
2020-04-15 04:31:59;73;9;19;20;4;2;0;6;0;0;3
2020-04-15 04:32:58;73;9;19;20;4;2;0;6;0;0;3
2020-04-15 04:33:59;73;9;19;20;4;2;0;6;0;0;3
2020-04-15 04:34:58;73;9;19;20;4;2;0;6;0;0;3
2020-04-15 04:35:59;73;9;19;20;4;2;0;6;0;0;3
2020-04-15 04:36:59;73;9;19;20;4;2;0;6;0;0;3
2020-04-15 04:37:58;73;9;19;20;4;2;0;6;0;0;3
2020-04-15 04:38:59;73;9;19;20;4;2;0;6;0;0;3
2020-04-15 04:39:59;73;9;19;20;4;2;0;6;0;0;3
2020-04-15 04:40:58;73;9;19;20;4;2;0;6;0;0;3
2020-04-15 04:41:59;73;9;19;20;4;2;0;6;0;0;3
2020-04-15 04:42:59;73;9;19;20;4;2;0;6;0;0;3
2020-04-15 04:43:58;73;9;19;20;4;2;0;6;0;0;3
2020-04-15 04:44:59;73;9;19;20;4;2;0;6;0;0;3
2020-04-15 04:45:59;73;9;19;20;4;2;0;6;0;0;3
2020-04-15 04:46:58;73;9;19;20;4;2;0;6;0;0;3
2020-04-15 04:47:59;73;9;19;20;4;2;0;6;0;0;3
2020-04-15 04:48:59;73;9;19;20;4;2;0;6;0;0;3
2020-04-15 04:49:58;73;9;19;20;4;2;0;6;0;0;3
2020-04-15 04:50:59;73;9;19;20;4;2;0;6;0;0;3
2020-04-15 04:51:59;73;9;19;20;4;2;0;6;0;0;3
2020-04-15 04:52:59;73;8;20;20;4;2;0;6;0;0;3
2020-04-15 04:53:58;73;8;20;20;4;2;0;6;0;0;3
2020-04-15 04:54:59;73;8;20;20;4;2;0;6;0;0;3
2020-04-15 04:55:59;73;8;20;20;4;2;0;6;0;0;3
2020-04-15 04:56:58;73;8;20;20;4;2;0;6;0;0;3
2020-04-15 04:57:59;73;8;20;20;4;2;0;6;0;0;3
2020-04-15 04:58:59;73;8;20;20;4;2;0;6;0;0;3
2020-04-15 04:59:58;74;8;20;20;4;2;0;6;0;0;3
2020-04-15 05:00:59;74;8;20;20;4;2;0;6;0;0;3
2020-04-15 05:01:59;74;8;20;20;4;2;0;6;0;0;3
2020-04-15 05:03:00;74;8;20;20;4;2;0;6;0;0;3
2020-04-15 05:03:58;74;8;20;20;4;2;0;6;0;0;3
2020-04-15 05:04:59;74;8;20;20;4;2;0;6;0;0;3
2020-04-15 05:05:58;74;8;20;20;4;2;0;6;0;0;3
2020-04-15 05:06:59;74;8;20;20;4;2;0;6;0;0;3
2020-04-15 05:07:59;74;8;20;20;4;2;0;6;0;0;3
2020-04-15 05:08:58;74;8;20;20;4;2;0;6;0;0;3
2020-04-15 05:09:59;75;9;20;20;4;2;0;6;0;0;3
2020-04-15 05:10:59;75;9;20;20;4;2;0;6;0;0;3
2020-04-15 05:11:58;76;9;21;20;4;2;0;6;0;0;3
2020-04-15 05:12:59;76;9;21;20;4;2;0;6;0;0;3
2020-04-15 05:13:59;76;9;21;20;4;2;0;6;0;0;3
2020-04-15 05:14:58;76;9;21;20;4;2;0;6;0;0;3
2020-04-15 05:15:59;76;9;21;20;4;2;0;6;0;0;3
2020-04-15 05:16:59;76;9;21;20;4;2;0;6;0;0;3
2020-04-15 05:17:58;76;9;21;20;4;2;0;6;0;0;3
2020-04-15 05:18:59;76;9;21;20;4;2;0;6;0;0;3
2020-04-15 05:19:59;76;9;21;20;4;2;0;6;0;0;3
2020-04-15 05:20:58;76;9;21;20;4;2;0;6;0;0;3
2020-04-15 05:21:59;76;9;21;20;4;2;0;6;0;0;3
2020-04-15 05:22:59;76;9;21;20;4;2;0;6;0;0;3
2020-04-15 05:23:58;76;9;21;20;4;2;0;6;0;0;3
2020-04-15 05:24:59;76;9;21;20;4;2;0;6;0;0;3
2020-04-15 05:25:59;76;9;21;20;4;2;0;6;0;0;3
2020-04-15 05:26:58;76;9;21;20;4;2;0;6;0;0;3
2020-04-15 05:27:59;76;9;21;20;4;2;0;6;0;0;3
2020-04-15 05:28:59;76;9;21;20;4;2;0;6;0;0;3
2020-04-15 05:30:00;76;9;21;20;4;2;0;6;0;0;3
2020-04-15 05:30:58;78;9;22;20;4;2;0;6;0;0;3
2020-04-15 05:31:59;78;9;22;20;4;2;0;6;0;0;3
2020-04-15 05:33:00;79;9;22;21;4;2;0;6;0;0;3
2020-04-15 05:33:58;79;9;22;21;4;2;0;6;0;0;3
2020-04-15 05:34:59;79;9;22;21;4;2;0;6;0;0;3
2020-04-15 05:35:59;79;9;22;21;4;2;0;6;0;0;3
2020-04-15 05:36:58;79;9;22;21;4;2;0;6;0;0;3
2020-04-15 05:37:59;79;9;22;21;4;2;0;6;0;0;3
2020-04-15 05:38:58;79;9;22;21;4;2;0;6;0;0;3
2020-04-15 05:39:59;79;9;22;21;4;2;0;6;0;0;3
2020-04-15 05:40:59;79;9;22;21;4;2;0;6;0;0;3
2020-04-15 05:41:58;79;9;22;21;4;2;0;6;0;0;3
2020-04-15 05:42:59;79;9;22;21;5;2;0;6;0;0;3
2020-04-15 05:43:59;79;9;22;21;5;2;0;6;0;0;3
2020-04-15 05:44:58;80;9;22;22;5;2;0;6;0;0;3
2020-04-15 05:45:59;80;9;22;22;5;2;0;6;0;0;3
2020-04-15 05:46:58;80;9;22;22;5;2;0;6;0;0;3
2020-04-15 05:47:59;80;9;22;22;5;2;0;6;0;0;3
2020-04-15 05:48:59;80;9;22;22;5;2;0;6;0;0;3
2020-04-15 05:49:58;80;9;22;22;5;2;0;6;0;0;3
2020-04-15 05:50:59;80;9;22;22;5;2;0;6;0;0;3
2020-04-15 05:51:59;80;9;22;22;5;2;0;6;0;0;3
2020-04-15 05:52:58;80;9;22;22;5;2;0;6;0;0;3
2020-04-15 05:53:59;80;9;22;22;5;2;0;6;0;0;3
2020-04-15 05:54:59;80;9;22;22;5;2;0;6;0;0;3
2020-04-15 05:55:58;80;9;22;22;5;2;0;6;0;0;3
2020-04-15 05:56:59;80;9;22;22;5;2;0;6;0;0;3
2020-04-15 05:57:58;80;9;22;22;5;2;0;6;0;0;3
2020-04-15 05:58:59;80;9;22;22;5;2;0;6;0;0;3
2020-04-15 05:59:59;80;9;22;22;5;2;0;6;0;0;3
2020-04-15 06:00:58;80;9;22;22;5;2;0;6;0;0;3
2020-04-15 06:01:59;80;9;22;22;5;2;0;6;0;0;3
2020-04-15 06:02:59;80;9;22;22;5;2;0;6;0;0;3
2020-04-15 06:03:58;80;9;22;22;5;2;0;6;0;0;3
2020-04-15 06:04:59;80;9;22;22;5;2;0;6;0;0;3
2020-04-15 06:05:58;80;9;22;22;5;2;0;6;0;0;3
2020-04-15 06:06:59;80;9;22;22;5;2;0;6;0;0;3
2020-04-15 06:07:58;80;9;22;22;5;2;0;6;0;0;3
2020-04-15 06:08:59;80;9;22;22;5;2;0;6;0;0;3
2020-04-15 06:09:58;80;9;22;22;5;2;0;6;0;0;3
2020-04-15 06:10:59;80;9;22;22;5;2;0;6;0;0;3
2020-04-15 06:11:59;80;9;22;22;5;2;0;6;0;0;3
2020-04-15 06:12:58;80;9;22;22;5;2;0;6;0;0;3
2020-04-15 06:13:59;80;9;22;22;5;2;0;6;0;0;3
2020-04-15 06:14:59;80;9;22;22;5;2;0;6;0;0;3
2020-04-15 06:15:58;80;9;22;22;5;2;0;6;0;0;3
2020-04-15 06:16:59;80;9;22;22;5;2;0;6;0;0;3
2020-04-15 06:17:58;80;9;22;22;5;2;0;6;0;0;3
2020-04-15 06:18:59;80;9;22;22;5;2;0;6;0;0;3
2020-04-15 06:19:59;80;9;22;22;5;2;0;6;0;0;3
2020-04-15 06:20:58;80;9;22;22;5;2;0;6;0;0;3
2020-04-15 06:21:59;80;9;22;22;5;2;0;6;0;0;3
2020-04-15 06:22:59;80;9;22;22;5;2;0;6;0;0;3
2020-04-15 06:23:58;80;9;22;22;5;2;0;6;0;0;3
2020-04-15 06:24:59;80;9;22;22;5;2;0;6;0;0;3
2020-04-15 06:25:59;80;9;22;22;5;2;0;6;0;0;3
2020-04-15 06:26:58;80;9;22;22;5;2;0;6;0;0;3
2020-04-15 06:27:59;80;9;22;22;5;2;0;6;0;0;3
2020-04-15 06:28:59;81;9;22;23;5;2;0;6;0;0;3
2020-04-15 06:29:58;81;9;22;23;5;2;0;6;0;0;3
2020-04-15 06:30:59;81;9;22;23;5;2;0;6;0;0;3
2020-04-15 06:31:59;81;9;22;23;5;2;0;6;0;0;3
2020-04-15 06:32:58;81;9;22;23;5;2;0;6;0;0;3
2020-04-15 06:33:59;81;9;22;23;5;2;0;6;0;0;3
2020-04-15 06:34:59;82;9;22;24;5;2;0;6;0;0;3
2020-04-15 06:35:58;82;9;22;24;5;2;0;6;0;0;3
2020-04-15 06:36:59;82;9;22;24;5;2;0;6;0;0;3
2020-04-15 06:37:58;82;9;22;24;5;2;0;6;0;0;3
2020-04-15 06:38:59;82;9;22;24;5;2;0;6;0;0;3
2020-04-15 06:39:59;82;9;22;24;5;2;0;6;0;0;3
2020-04-15 06:40:58;82;9;22;24;5;2;0;6;0;0;3
2020-04-15 06:41:59;82;9;22;24;5;2;0;6;0;0;3
2020-04-15 06:42:59;82;9;22;24;5;2;0;6;0;0;3
2020-04-15 06:43:58;82;9;22;24;5;2;0;6;0;0;3
2020-04-15 06:44:59;82;9;22;24;5;2;0;6;0;0;3
2020-04-15 06:45:59;82;9;22;24;5;2;0;6;0;0;3
2020-04-15 06:46:58;82;9;22;24;5;2;0;6;0;0;3
2020-04-15 06:47:59;82;9;22;24;5;2;0;6;0;0;3
2020-04-15 06:48:59;83;9;23;24;5;2;0;6;0;0;3
2020-04-15 06:49:58;83;9;23;24;5;2;0;6;0;0;3
2020-04-15 06:50:59;83;9;23;24;5;2;0;6;0;0;3
2020-04-15 06:51:59;83;9;23;24;5;2;0;6;0;0;3
2020-04-15 06:52:58;83;9;23;24;5;2;0;6;0;0;3
2020-04-15 06:53:59;83;9;23;24;5;2;0;6;0;0;3
2020-04-15 06:54:59;83;9;23;24;5;2;0;6;0;0;3
2020-04-15 06:55:58;83;9;23;24;5;2;0;6;0;0;3
2020-04-15 06:56:59;83;9;23;24;5;2;0;6;0;0;3
2020-04-15 06:57:59;83;9;23;24;5;2;0;6;0;0;3
2020-04-15 06:58:58;83;9;23;24;5;2;0;6;0;0;3
2020-04-15 06:59:59;83;9;23;24;5;2;0;6;0;0;3
2020-04-15 07:00:59;83;9;23;24;5;2;0;6;0;0;3
2020-04-15 07:01:58;83;9;23;24;5;2;0;6;0;0;3
2020-04-15 07:02:59;83;9;24;24;5;2;0;6;0;1;3
2020-04-15 07:03:59;83;9;24;24;5;2;0;6;0;1;3
2020-04-15 07:04:59;83;9;24;24;5;2;0;6;0;1;3
2020-04-15 07:05:58;83;9;24;24;5;2;0;6;0;1;3
2020-04-15 07:06:59;83;9;24;24;5;2;0;6;0;1;3
2020-04-15 07:07:59;83;9;24;24;5;2;0;6;0;1;3
2020-04-15 07:08:58;83;9;24;24;5;2;0;6;0;1;3
2020-04-15 07:09:59;83;9;24;24;5;2;0;6;0;1;3
2020-04-15 07:10:59;83;9;24;24;5;2;0;6;0;1;3
2020-04-15 07:11:58;83;9;24;24;5;2;0;6;0;1;3
2020-04-15 07:12:59;83;9;24;24;5;2;0;6;0;1;3
2020-04-15 07:13:58;83;9;24;24;5;2;0;6;0;1;3
2020-04-15 07:14:59;83;9;24;24;5;2;0;6;0;1;3
2020-04-15 07:15:59;83;9;24;24;5;2;0;6;0;1;3
2020-04-15 07:16:58;83;9;24;24;5;2;0;6;0;1;3
2020-04-15 07:17:59;83;9;24;24;5;2;0;6;0;1;3
2020-04-15 07:18:59;83;9;24;24;5;2;0;6;0;1;3
2020-04-15 07:19:58;83;9;24;24;5;2;0;6;0;1;3
2020-04-15 07:20:59;83;9;24;24;5;2;0;6;0;1;3
2020-04-15 07:21:59;83;9;24;24;5;2;0;6;0;1;3
2020-04-15 07:22:58;83;9;24;24;5;2;0;6;0;1;3
2020-04-15 07:23:59;84;9;24;24;5;2;0;6;0;0;3
2020-04-15 07:24:59;84;9;24;24;5;2;0;6;0;0;3
2020-04-15 07:26:00;84;9;24;24;5;2;0;6;0;0;3
2020-04-15 07:26:58;84;9;24;24;5;2;0;6;0;0;3
2020-04-15 07:27:59;84;9;24;24;5;2;0;6;0;0;3
2020-04-15 07:28:58;84;9;24;24;5;2;0;6;0;0;3
2020-04-15 07:29:59;84;9;24;24;5;2;0;6;0;0;3
2020-04-15 07:31:00;84;9;24;24;5;2;0;6;0;0;3
2020-04-15 07:31:58;84;9;24;24;5;2;0;6;0;0;3
2020-04-15 07:32:59;84;9;24;24;5;2;0;6;0;0;3
2020-04-15 07:33:59;84;9;24;24;5;2;0;6;0;0;3
2020-04-15 07:34:58;84;9;24;24;5;2;0;6;0;0;3
2020-04-15 07:35:59;84;9;24;24;5;2;0;6;0;0;3
2020-04-15 07:36:59;84;9;24;24;5;2;0;6;0;0;3
2020-04-15 07:37:58;84;9;24;24;5;2;0;6;0;0;3
2020-04-15 07:38:59;84;9;24;24;5;2;0;6;0;0;3
2020-04-15 07:39:59;84;9;24;24;5;2;0;6;0;0;3
2020-04-15 07:40:58;84;9;24;24;5;2;0;6;0;0;3
2020-04-15 07:41:59;84;9;24;24;5;2;0;6;0;0;3
2020-04-15 07:42:58;84;9;24;24;5;2;0;6;0;0;3
2020-04-15 07:43:59;84;9;24;24;5;2;0;6;0;0;3
2020-04-15 07:44:59;84;9;24;24;5;2;0;6;0;0;3
2020-04-15 07:45:58;84;9;24;24;5;2;0;6;0;0;3
2020-04-15 07:46:59;84;9;24;24;5;2;0;6;0;0;3
2020-04-15 07:47:59;84;9;24;24;5;2;0;6;0;0;3
2020-04-15 07:48:58;84;9;24;24;5;2;0;6;0;0;3
2020-04-15 07:49:59;85;9;25;24;5;2;0;6;0;0;3
2020-04-15 07:50:59;85;9;25;24;5;2;0;6;0;0;3
2020-04-15 07:51:58;85;9;25;24;5;2;0;6;0;0;3
2020-04-15 07:52:59;85;9;25;24;5;2;0;6;0;0;3
2020-04-15 07:53:59;85;9;25;24;5;2;0;6;0;0;3
2020-04-15 07:54:58;85;9;25;24;5;2;0;6;0;0;3
2020-04-15 07:55:59;85;9;25;24;5;2;0;6;0;0;3
2020-04-15 07:56:59;85;9;25;24;5;2;0;6;0;0;3
2020-04-15 07:57:58;85;9;25;24;5;2;0;6;0;0;3
2020-04-15 07:58:59;85;9;25;24;5;2;0;6;0;0;3
2020-04-15 08:00:00;85;9;25;24;5;2;0;6;0;0;3
2020-04-15 08:00:58;85;9;25;24;5;2;0;6;0;0;3
2020-04-15 08:01:59;86;10;25;24;5;2;0;6;0;0;3
2020-04-15 08:02:58;86;10;25;24;5;2;0;6;0;0;3
2020-04-15 08:03:59;88;10;25;25;6;2;0;6;0;0;3
2020-04-15 08:04:59;88;10;25;25;6;2;0;6;0;0;3
2020-04-15 08:05:58;88;10;25;25;6;2;0;6;0;0;3
2020-04-15 08:06:59;88;10;25;25;6;2;0;6;0;0;3
2020-04-15 08:07:58;88;10;25;25;6;2;0;6;0;0;3
2020-04-15 08:08:59;88;10;25;25;6;2;0;6;0;0;3
2020-04-15 08:09:59;88;10;25;25;6;2;0;6;0;0;3
2020-04-15 08:10:58;89;11;25;25;6;2;0;6;0;0;3
2020-04-15 08:11:59;89;11;25;25;6;2;0;6;0;0;3
2020-04-15 08:12:59;89;11;25;25;6;2;0;6;0;0;3
2020-04-15 08:13:58;89;11;25;25;6;2;0;6;0;0;3
2020-04-15 08:14:59;89;11;25;25;6;2;0;6;0;0;3
2020-04-15 08:15:59;89;11;25;25;6;2;0;6;0;0;3
2020-04-15 08:16:59;89;11;25;25;6;2;0;6;0;0;3
2020-04-15 08:17:58;89;11;25;25;6;2;0;6;0;0;3
2020-04-15 08:18:59;90;12;25;25;6;2;0;6;0;0;3
2020-04-15 08:19:59;90;12;25;25;6;2;0;6;0;0;3
2020-04-15 08:20:58;90;12;25;25;6;2;0;6;0;0;3
2020-04-15 08:21:59;90;12;25;25;6;2;0;6;0;0;3
2020-04-15 08:22:59;90;12;25;25;6;2;0;6;0;0;3
2020-04-15 08:23:58;91;12;25;26;6;2;0;6;0;0;3
2020-04-15 08:24:59;91;12;25;26;6;2;0;6;0;0;3
2020-04-15 08:25:59;91;12;25;26;6;2;0;6;0;0;3
2020-04-15 08:26:58;91;12;25;26;6;2;0;6;0;0;3
2020-04-15 08:27:59;91;12;25;26;6;2;0;6;0;0;3
2020-04-15 08:28:59;91;12;25;26;6;2;0;6;0;0;3
2020-04-15 08:29:58;91;12;25;26;6;2;0;6;0;0;3
2020-04-15 08:30:59;92;12;26;26;6;2;0;6;0;0;3
2020-04-15 08:31:59;92;12;26;26;6;2;0;6;0;0;3
2020-04-15 08:32:58;92;12;26;26;6;2;0;6;0;0;3
2020-04-15 08:33:59;92;12;26;26;6;2;0;6;0;0;3
2020-04-15 08:35:00;93;12;26;26;6;2;1;6;0;0;3
2020-04-15 08:35:58;93;12;26;26;6;2;1;6;0;0;3
2020-04-15 08:36:59;93;13;26;26;6;2;1;6;0;0;3
2020-04-15 08:37:59;93;13;26;26;6;2;1;6;0;0;3
2020-04-15 08:38:58;93;13;26;26;6;2;1;6;0;0;3
2020-04-15 08:39:59;94;13;26;26;6;2;2;6;0;1;3
2020-04-15 08:40:59;95;13;26;27;6;2;2;6;0;1;3
2020-04-15 08:41:58;97;13;26;28;6;2;3;6;0;1;3
2020-04-15 08:42:59;98;14;26;28;6;2;3;6;0;1;3
2020-04-15 08:43:59;100;15;27;28;6;2;3;6;0;1;3
2020-04-15 08:44:58;100;15;27;28;6;2;4;5;0;1;3
2020-04-15 08:45:59;100;15;27;28;6;2;4;5;0;1;3
2020-04-15 08:46:59;101;15;28;28;6;2;4;5;0;1;3
2020-04-15 08:47:58;101;15;28;28;6;2;4;5;0;1;3
2020-04-15 08:48:59;101;15;28;28;6;2;4;5;0;1;3
2020-04-15 08:49:58;102;15;28;28;6;2;4;5;0;0;3
2020-04-15 08:50:59;103;15;28;29;6;2;4;5;0;0;3
2020-04-15 08:51:59;104;16;28;29;6;2;4;5;0;0;3
2020-04-15 08:52:59;104;16;28;29;6;2;4;5;0;0;3
2020-04-15 08:53:58;104;16;28;29;6;2;4;5;0;0;3
2020-04-15 08:54:59;104;16;28;29;6;2;4;5;0;0;3
2020-04-15 08:55:58;105;16;28;29;6;2;4;5;0;0;4
2020-04-15 08:56:59;106;17;28;30;6;2;4;5;0;0;3
2020-04-15 08:57:59;106;17;28;30;6;2;4;5;0;0;3
2020-04-15 08:58:59;107;18;28;30;6;2;4;5;0;0;3
2020-04-15 08:59:58;108;19;29;30;6;2;4;4;0;0;3
2020-04-15 09:00:59;108;19;29;30;6;2;4;4;0;0;3
2020-04-15 09:01:59;109;19;30;30;6;2;4;4;0;0;3
2020-04-15 09:02:58;109;19;30;30;6;2;4;4;0;0;3
2020-04-15 09:03:59;110;19;30;30;6;2;5;4;0;0;3
2020-04-15 09:04:58;111;19;31;30;6;2;5;4;0;0;3
2020-04-15 09:05:59;111;19;31;30;6;2;5;4;0;0;3
2020-04-15 09:06:59;111;19;31;30;6;2;5;4;0;0;3
2020-04-15 09:07:59;111;19;31;30;6;2;5;4;0;0;3
2020-04-15 09:08:58;111;19;31;30;6;2;5;4;0;0;3
2020-04-15 09:09:59;112;19;31;30;6;3;5;4;0;0;3
2020-04-15 09:10:59;112;19;31;30;6;3;5;4;0;0;3
2020-04-15 09:11:58;113;19;32;30;6;3;5;4;0;0;3
2020-04-15 09:12:59;113;19;32;30;6;3;5;4;0;0;3
2020-04-15 09:13:59;114;20;32;30;6;3;5;4;0;0;3
2020-04-15 09:14:58;114;20;32;30;6;3;5;4;0;0;3
2020-04-15 09:15:59;115;21;32;30;6;3;5;4;0;0;3
2020-04-15 09:16:59;116;21;34;30;6;2;5;4;0;0;3
2020-04-15 09:17:58;116;21;34;30;6;2;5;4;0;0;3
2020-04-15 09:18:59;118;22;35;30;6;2;5;4;0;0;3
2020-04-15 09:19:59;118;22;35;30;6;2;5;4;0;0;3
2020-04-15 09:20:58;118;22;35;30;6;2;5;4;0;0;3
2020-04-15 09:21:59;119;22;35;30;6;2;5;5;0;0;3
2020-04-15 09:22:59;119;22;35;30;6;2;5;5;0;0;3
2020-04-15 09:23:58;119;22;35;30;6;2;5;5;0;0;3
2020-04-15 09:24:59;119;22;35;30;6;2;5;5;0;0;3
2020-04-15 09:25:59;119;22;35;30;6;2;5;5;0;0;3
2020-04-15 09:26:59;119;22;35;30;6;2;5;5;0;0;3
2020-04-15 09:27:58;119;22;35;30;6;2;5;5;0;0;3
2020-04-15 09:28:59;119;22;35;30;6;2;5;5;0;0;3
2020-04-15 09:29:58;121;23;35;31;6;2;5;5;0;0;3
2020-04-15 09:30:59;124;25;35;31;6;3;5;5;0;0;3
2020-04-15 09:32:00;124;25;35;31;6;3;5;5;0;0;3
2020-04-15 09:32:58;124;25;35;31;6;3;5;5;0;0;3
2020-04-15 09:33:59;124;25;35;31;6;3;5;5;0;0;3
2020-04-15 09:34:59;127;26;36;31;6;3;6;5;0;0;3
2020-04-15 09:35:58;127;26;36;31;6;3;6;5;0;0;3
2020-04-15 09:36:59;127;26;36;31;6;3;6;5;0;0;3
2020-04-15 09:37:59;127;26;36;31;6;3;6;5;0;0;3
2020-04-15 09:38:58;127;26;36;31;6;3;6;5;0;0;3
2020-04-15 09:39:59;127;26;36;31;6;3;6;5;0;0;3
2020-04-15 09:40:58;127;26;36;31;6;3;6;5;0;0;3
2020-04-15 09:41:59;129;26;37;31;6;3;6;5;0;0;3
2020-04-15 09:42:59;129;26;37;31;6;3;6;5;0;0;3
2020-04-15 09:43:59;129;26;37;31;6;3;6;5;0;0;3
2020-04-15 09:44:58;129;26;37;31;6;3;6;5;0;0;3
2020-04-15 09:45:59;129;26;37;31;6;3;6;5;0;0;3
2020-04-15 09:46:59;129;26;37;31;6;3;6;5;0;0;3
2020-04-15 09:47:58;130;26;37;31;6;3;7;5;0;0;3
2020-04-15 09:48:59;130;26;37;31;6;3;7;5;0;0;3
2020-04-15 09:49:59;131;26;37;31;6;3;7;5;1;0;3
2020-04-15 09:50:59;132;26;38;31;6;3;7;5;1;0;3
2020-04-15 09:51:58;133;26;38;31;6;3;7;5;2;0;3
2020-04-15 09:52:59;133;26;38;31;6;3;7;5;2;0;3
2020-04-15 09:53:59;133;26;38;31;6;3;7;5;2;0;3
2020-04-15 09:54:58;134;27;38;31;6;3;7;5;2;0;3
2020-04-15 09:55:59;134;27;38;31;6;3;7;5;2;0;3
2020-04-15 09:56:59;134;27;38;31;6;3;7;5;2;0;3
2020-04-15 09:57:58;134;27;38;31;6;3;7;5;2;0;3
2020-04-15 09:58:59;134;27;38;31;6;3;7;5;2;0;3
2020-04-15 09:59:59;134;27;38;31;6;3;7;5;2;0;3
2020-04-15 10:00:58;134;27;38;31;6;3;7;5;2;0;3
2020-04-15 10:01:59;136;28;38;31;7;3;7;5;2;0;3
2020-04-15 10:02:59;136;28;38;31;7;3;7;5;2;0;3
2020-04-15 10:03:58;137;28;38;32;7;3;7;5;2;0;3
2020-04-15 10:04:59;137;28;38;32;7;3;7;5;2;0;3
2020-04-15 10:05:59;137;28;38;32;7;3;7;5;2;0;3
2020-04-15 10:06:58;137;28;38;32;7;3;7;5;2;0;3
2020-04-15 10:07:59;137;28;38;32;7;3;7;5;2;0;3
2020-04-15 10:08:59;138;29;38;32;7;3;7;5;2;0;3
2020-04-15 10:09:58;138;29;38;32;7;3;7;5;2;0;3
2020-04-15 10:10:59;139;29;39;32;7;3;7;5;2;0;3
2020-04-15 10:11:58;139;29;38;32;7;3;7;5;2;0;3
2020-04-15 10:12:59;140;28;40;32;7;3;7;5;2;0;3
2020-04-15 10:13:59;141;28;41;32;7;3;7;5;2;0;3
2020-04-15 10:14:58;141;28;41;32;7;3;7;5;2;0;3
2020-04-15 10:15:59;142;28;41;33;7;3;7;5;2;0;3
2020-04-15 10:16:59;142;28;41;33;7;3;7;5;2;0;3
2020-04-15 10:17:59;144;28;42;33;7;3;7;6;2;0;3
2020-04-15 10:18:58;146;28;44;33;7;3;7;6;2;0;3
2020-04-15 10:19:59;146;28;44;33;7;3;7;6;2;0;3
2020-04-15 10:20:59;147;28;45;33;7;3;7;6;2;0;3
2020-04-15 10:21:58;147;28;45;33;7;3;7;6;2;0;3
2020-04-15 10:22:59;147;28;45;33;7;3;7;6;2;0;3
2020-04-15 10:23:58;147;28;45;33;7;3;7;6;2;0;3
2020-04-15 10:24:59;147;28;45;33;7;3;7;6;2;0;3
2020-04-15 10:25:59;147;28;45;33;7;3;7;6;2;0;3
2020-04-15 10:26:58;148;28;45;33;7;3;7;7;2;0;3
2020-04-15 10:27:59;148;28;45;33;7;3;7;7;2;0;3
2020-04-15 10:28:58;148;28;45;33;7;3;7;7;2;0;3
2020-04-15 10:29:59;148;28;45;33;7;3;7;7;2;0;3
2020-04-15 10:30:59;149;28;46;33;7;3;7;7;2;0;3
2020-04-15 10:31:58;149;28;46;33;7;3;7;7;2;0;3
2020-04-15 10:32:59;150;28;46;33;7;3;7;7;3;0;3
2020-04-15 10:33:59;150;28;46;33;7;3;7;7;3;0;3
2020-04-15 10:34:58;152;28;47;34;7;3;7;7;3;0;3
2020-04-15 10:35:59;152;28;47;34;7;3;7;7;3;0;3
2020-04-15 10:36:59;152;28;47;34;7;3;7;7;3;0;3
2020-04-15 10:37:58;152;28;47;34;7;3;7;7;3;0;3
2020-04-15 10:38:59;153;28;47;35;7;3;7;7;3;0;3
2020-04-15 10:39:59;153;28;47;35;7;3;7;7;3;0;3
2020-04-15 10:40:58;153;28;47;35;7;3;7;7;3;0;3
2020-04-15 10:41:59;153;28;47;35;7;3;7;7;3;0;3
2020-04-15 10:42:58;154;28;48;35;7;3;7;7;3;0;3
2020-04-15 10:43:59;154;28;48;35;7;3;7;7;3;0;3
2020-04-15 10:44:59;155;29;48;35;7;3;7;7;3;0;3
2020-04-15 10:45:58;156;29;48;35;7;3;7;7;4;0;3
2020-04-15 10:46:59;158;30;48;35;7;3;7;7;4;0;3
2020-04-15 10:47:59;158;30;48;35;7;3;7;7;4;0;3
2020-04-15 10:48:59;158;30;48;35;7;3;7;7;4;0;3
2020-04-15 10:49:59;158;30;48;35;7;3;7;7;4;0;3
2020-04-15 10:50:59;159;30;49;35;7;3;7;7;4;0;3
2020-04-15 10:51:58;159;30;49;35;7;3;7;7;4;0;3
2020-04-15 10:52:59;159;30;49;35;7;3;7;7;4;0;3
2020-04-15 10:53:59;159;30;49;35;7;3;7;7;4;0;3
2020-04-15 10:54:58;159;30;49;35;7;3;7;7;4;0;3
2020-04-15 10:55:59;159;30;49;35;7;3;7;7;4;0;3
2020-04-15 10:56:59;159;30;49;35;7;3;7;7;4;0;3
2020-04-15 10:57:58;159;30;49;35;7;3;7;7;4;0;3
2020-04-15 10:58:59;159;30;49;35;7;3;7;7;4;0;3
2020-04-15 10:59:59;161;30;51;35;7;3;7;7;4;0;3
2020-04-15 11:00:58;161;30;51;35;7;3;7;7;4;0;3
2020-04-15 11:01:59;162;31;51;35;7;3;7;7;4;0;3
2020-04-15 11:02:59;162;31;51;35;7;3;7;7;4;0;3
2020-04-15 11:03:58;162;31;51;35;7;3;7;7;4;0;3
2020-04-15 11:04:59;164;33;51;35;7;3;7;7;4;0;3
2020-04-15 11:05:59;164;33;51;35;7;3;7;7;4;0;3
2020-04-15 11:06:58;165;33;52;35;7;3;7;7;4;0;3
2020-04-15 11:07:59;165;33;52;35;7;3;7;7;4;0;3
2020-04-15 11:08:59;165;33;52;35;7;3;7;7;4;0;3
2020-04-15 11:09:58;165;33;52;35;7;3;7;7;4;0;3
2020-04-15 11:10:59;165;33;52;35;7;3;7;7;4;0;3
2020-04-15 11:11:59;165;33;52;35;7;3;7;7;4;0;3
2020-04-15 11:12:58;167;33;53;35;7;3;7;7;4;0;3
2020-04-15 11:13:59;167;33;53;35;7;3;7;7;4;0;3
2020-04-15 11:14:59;168;33;53;36;7;3;7;7;4;0;3
2020-04-15 11:15:58;169;33;53;36;7;3;8;7;4;0;3
2020-04-15 11:16:59;169;33;53;36;7;3;8;7;4;0;3
2020-04-15 11:17:59;169;33;53;36;7;3;8;7;4;0;3
2020-04-15 11:18:58;170;33;54;36;7;3;8;7;4;0;3
2020-04-15 11:19:59;170;33;54;36;7;3;8;7;4;0;3
2020-04-15 11:20:59;170;33;54;36;7;3;8;7;4;0;3
2020-04-15 11:21:58;170;33;54;36;7;3;8;7;4;0;3
2020-04-15 11:22:59;170;33;54;36;7;3;8;7;4;0;3
2020-04-15 11:23:58;171;33;55;36;7;3;8;7;4;0;3
2020-04-15 11:24:59;172;33;56;36;7;3;8;7;4;0;3
2020-04-15 11:25:59;172;33;56;36;7;3;8;7;4;0;3
2020-04-15 11:26:58;172;33;56;36;7;3;8;7;4;0;3
2020-04-15 11:27:59;173;34;56;36;7;3;8;7;4;0;3
2020-04-15 11:28:58;174;34;56;36;7;3;9;7;4;0;3
2020-04-15 11:29:59;175;35;57;35;7;3;9;7;4;0;3
2020-04-15 11:30:59;175;35;57;35;7;3;9;7;4;0;3
2020-04-15 11:31:58;175;35;57;35;7;3;9;7;4;0;3
2020-04-15 11:32:59;175;35;57;35;7;3;9;7;4;0;3
2020-04-15 11:33:59;175;35;57;35;7;3;9;7;4;0;3
2020-04-15 11:34:59;176;35;57;35;7;4;9;7;4;0;3
2020-04-15 11:35:58;177;36;57;35;7;4;9;7;4;0;3
2020-04-15 11:36:59;177;36;57;35;7;4;9;7;4;0;3
2020-04-15 11:37:58;177;36;57;35;7;4;9;7;4;0;3
2020-04-15 11:38:59;178;36;57;35;7;4;9;7;4;0;3
2020-04-15 11:39:59;179;36;58;35;7;4;9;7;4;0;3
2020-04-15 11:40:59;181;37;59;34;7;4;9;7;5;0;3
2020-04-15 11:41:58;181;37;59;34;7;4;9;7;5;0;3
2020-04-15 11:42:59;183;37;60;34;7;5;9;7;5;0;3
2020-04-15 11:43:59;184;38;60;34;7;5;9;7;5;0;3
2020-04-15 11:44:58;184;38;60;34;7;5;9;7;5;0;3
2020-04-15 11:45:59;184;38;60;34;7;5;9;7;5;0;3
2020-04-15 11:46:59;185;38;60;35;7;5;9;7;5;0;3
2020-04-15 11:47:58;188;40;61;35;7;5;9;7;5;0;3
2020-04-15 11:48:59;188;40;61;35;7;5;9;7;5;0;3
2020-04-15 11:49:59;189;41;61;35;7;5;9;7;5;0;3
2020-04-15 11:50:58;189;41;61;35;7;5;9;7;5;0;3
2020-04-15 11:51:59;189;42;61;34;7;5;9;7;5;0;3
2020-04-15 11:52:58;189;42;61;34;7;5;9;7;5;0;3
2020-04-15 11:53:59;189;42;61;34;7;5;9;7;5;0;3
2020-04-15 11:54:59;190;43;61;34;7;5;9;7;5;0;3
2020-04-15 11:55:59;190;43;61;34;7;5;9;7;5;0;3
2020-04-15 11:56:58;190;43;61;34;7;5;9;7;5;0;3
2020-04-15 11:57:59;191;43;61;34;8;5;9;7;5;0;3
2020-04-15 11:58:59;191;42;62;34;8;5;9;7;5;0;3
2020-04-15 11:59:58;192;42;63;34;8;5;9;7;5;0;3
2020-04-15 12:00:59;192;42;63;34;8;5;9;7;5;0;3
2020-04-15 12:01:58;192;42;63;34;8;5;9;7;5;0;3
2020-04-15 12:02:59;192;42;63;34;8;5;9;7;5;0;3
2020-04-15 12:03:59;192;42;63;34;8;5;9;7;5;0;3
2020-04-15 12:04:58;192;42;63;34;8;5;9;7;5;0;3
2020-04-15 12:05:59;193;43;63;34;8;5;9;7;5;0;3
2020-04-15 12:06:58;193;43;63;34;8;5;9;7;5;0;3
2020-04-15 12:07:59;193;43;63;34;8;5;9;7;5;0;3
2020-04-15 12:08:59;195;44;63;34;8;5;10;7;5;0;3
2020-04-15 12:09:58;196;45;63;34;8;5;10;7;5;0;3
2020-04-15 12:10:59;196;45;63;34;8;5;10;7;5;0;3
2020-04-15 12:11:59;196;45;63;34;8;5;10;7;5;0;3
2020-04-15 12:12:58;196;45;63;34;8;5;10;7;5;0;3
2020-04-15 12:13:59;196;45;63;34;8;5;10;7;5;0;3
2020-04-15 12:14:59;200;47;64;34;8;5;10;7;5;0;3
2020-04-15 12:15:58;200;47;64;34;8;5;10;7;5;0;3
2020-04-15 12:16:59;200;47;64;34;8;5;10;7;5;0;3
2020-04-15 12:17:59;200;47;64;34;8;5;10;7;5;0;3
2020-04-15 12:18:58;200;47;64;34;8;5;10;7;5;0;3
2020-04-15 12:19:59;200;47;63;34;8;5;11;7;5;0;3
2020-04-15 12:20:59;200;47;63;34;8;5;11;7;5;0;3
2020-04-15 12:21:58;201;48;63;34;8;5;11;7;5;0;3
2020-04-15 12:22:59;201;48;63;34;8;5;11;7;5;0;3
2020-04-15 12:23:59;201;48;63;34;8;5;11;7;5;0;3
2020-04-15 12:24:59;203;49;64;33;8;5;11;7;5;0;3
2020-04-15 12:25:58;203;49;64;33;8;5;11;7;5;0;3
2020-04-15 12:26:59;203;49;64;33;8;5;11;7;5;0;3
2020-04-15 12:27:58;204;50;64;33;8;5;11;7;5;0;3
2020-04-15 12:28:59;204;50;64;33;8;5;11;7;5;0;3
2020-04-15 12:29:59;207;51;66;33;8;5;11;7;5;0;3
2020-04-15 12:30:59;207;51;66;33;8;5;11;7;5;0;3
2020-04-15 12:31:58;207;51;66;33;8;5;11;7;5;0;3
2020-04-15 12:32:59;207;51;66;33;8;5;11;7;5;0;3
2020-04-15 12:33:58;209;52;67;33;8;5;11;7;5;0;3
2020-04-15 12:34:59;210;53;67;33;8;5;11;7;5;0;3
2020-04-15 12:35:59;210;53;67;33;8;5;11;7;5;0;3
2020-04-15 12:36:59;210;53;67;33;8;5;11;7;5;0;3
2020-04-15 12:37:58;210;53;67;33;8;5;11;7;5;0;3
2020-04-15 12:38:59;211;53;68;33;8;5;11;7;5;0;3
2020-04-15 12:39:58;211;53;68;33;8;5;11;7;5;0;3
2020-04-15 12:40:59;212;53;69;33;8;5;11;7;5;0;3
2020-04-15 12:41:59;212;53;69;33;8;5;11;7;5;0;3
2020-04-15 12:42:58;213;53;70;33;8;5;11;7;5;0;3
2020-04-15 12:43:59;213;53;70;33;8;5;11;7;5;0;3
2020-04-15 12:45:00;213;53;70;33;8;5;11;7;5;0;3
2020-04-15 12:45:58;214;54;71;33;8;5;11;7;5;0;3
2020-04-15 12:46:59;215;55;71;33;8;5;11;7;5;0;3
2020-04-15 12:47:59;215;55;71;33;8;5;11;7;5;0;3
2020-04-15 12:48:58;217;56;73;33;8;5;11;7;5;0;3
2020-04-15 12:49:59;219;57;74;33;8;5;11;7;5;0;3
2020-04-15 12:51:00;219;57;74;33;8;5;11;7;5;0;3
2020-04-15 12:51:58;219;57;74;33;8;5;11;7;5;0;3
2020-04-15 12:52:59;220;57;74;33;8;5;12;7;5;0;3
2020-04-15 12:53:58;221;58;74;33;8;5;12;7;5;0;3
2020-04-15 12:54:59;221;58;74;33;8;5;12;7;5;0;3
2020-04-15 12:55:59;222;58;75;33;8;5;12;7;5;0;3
2020-04-15 12:56:58;223;59;75;33;8;5;12;7;5;0;3
2020-04-15 12:57:59;223;59;75;33;8;5;12;7;5;0;3
2020-04-15 12:58:59;224;59;76;33;8;5;12;7;5;0;3
2020-04-15 12:59:58;225;60;76;33;8;5;12;7;5;0;3
2020-04-15 13:00:59;225;60;76;33;8;5;12;7;5;0;3
2020-04-15 13:01:59;225;60;76;33;8;5;12;7;5;0;3
2020-04-15 13:02:59;226;60;77;33;8;5;12;7;5;0;3
2020-04-15 13:03:58;227;60;77;33;8;5;13;7;5;0;3
2020-04-15 13:04:59;228;60;78;33;8;5;13;7;5;0;3
2020-04-15 13:06:00;229;61;78;33;8;5;13;7;5;0;3
2020-04-15 13:06:58;229;61;78;33;8;5;13;7;5;0;3
2020-04-15 13:07:59;229;61;78;33;8;5;13;7;5;0;3
2020-04-15 13:08:59;229;61;78;33;8;5;13;7;5;0;3
2020-04-15 13:09:58;229;61;78;33;8;5;13;7;5;0;3
2020-04-15 13:10:59;229;61;78;33;8;5;13;7;5;0;3
2020-04-15 13:11:59;230;61;78;33;8;5;13;7;5;2;3
2020-04-15 13:12:58;230;61;78;33;8;5;13;7;5;2;3
2020-04-15 13:13:59;230;61;78;33;8;5;13;7;5;2;3
2020-04-15 13:14:58;230;61;78;33;8;5;13;7;5;2;3
2020-04-15 13:15:59;231;62;78;33;8;5;13;7;5;2;3
2020-04-15 13:16:59;231;62;78;33;8;5;13;7;5;2;3
2020-04-15 13:17:58;231;62;78;33;8;5;13;7;5;2;3
2020-04-15 13:18:59;231;62;78;33;8;5;13;7;5;2;3
2020-04-15 13:19:59;231;62;78;33;8;5;13;7;5;2;3
2020-04-15 13:20:58;231;62;78;33;8;5;13;7;5;2;3
2020-04-15 13:21:59;231;62;78;33;8;5;13;7;5;2;3
2020-04-15 13:22:59;231;62;78;33;8;5;13;7;5;2;3
2020-04-15 13:23:58;231;62;78;33;8;5;13;7;5;2;3
2020-04-15 13:24:59;231;62;78;33;8;5;13;7;5;2;3
2020-04-15 13:26:00;231;62;78;33;8;5;13;7;5;2;3
2020-04-15 13:26:58;232;63;78;33;8;5;13;7;5;2;3
2020-04-15 13:27:59;232;63;78;33;8;5;13;7;5;2;3
2020-04-15 13:28:58;233;64;78;33;8;5;13;7;5;2;3
2020-04-15 13:29:59;233;64;78;33;8;5;13;7;5;2;3
2020-04-15 13:30:58;234;65;78;33;8;5;13;7;5;2;3
2020-04-15 13:31:59;235;65;79;33;8;5;13;7;5;2;3
2020-04-15 13:32:59;235;65;79;33;8;5;13;7;5;2;3
2020-04-15 13:33:58;235;65;79;33;8;5;13;7;5;2;3
2020-04-15 13:34:59;235;65;79;33;8;5;13;7;5;2;3
2020-04-15 13:35:59;235;65;79;33;8;5;13;7;5;2;3
2020-04-15 13:36:58;235;65;79;33;8;5;13;7;5;2;3
2020-04-15 13:37:59;235;65;79;33;8;5;13;7;5;2;3
2020-04-15 13:38:59;235;65;79;33;8;5;13;7;5;2;3
2020-04-15 13:39:58;235;65;79;33;8;5;13;7;5;2;3
2020-04-15 13:40:59;235;65;79;33;8;5;13;7;5;2;3
2020-04-15 13:41:59;235;65;79;33;8;5;13;7;5;2;3
2020-04-15 13:42:59;236;66;79;33;8;5;13;7;5;2;3
2020-04-15 13:43:58;238;66;80;33;8;5;13;7;6;2;3
2020-04-15 13:44:59;239;67;80;33;8;5;13;7;6;2;3
2020-04-15 13:45:59;239;67;80;33;8;5;13;7;6;2;3
2020-04-15 13:46:58;239;67;80;33;8;5;13;7;6;2;3
2020-04-15 13:47:59;239;67;80;33;8;5;13;7;6;2;3
2020-04-15 13:48:59;239;67;80;33;8;5;13;7;6;2;3
2020-04-15 13:49:58;239;67;80;33;8;5;13;7;6;2;3
2020-04-15 13:50:59;239;67;80;33;8;5;13;7;6;2;3
2020-04-15 13:51:59;239;67;80;33;8;5;13;7;6;2;3
2020-04-15 13:52:58;239;67;80;33;8;5;13;7;6;2;3
2020-04-15 13:53:59;240;67;80;33;8;5;13;7;6;2;3
2020-04-15 13:54:59;241;67;81;33;8;5;13;7;6;2;3
2020-04-15 13:55:58;242;67;82;33;8;5;13;7;6;2;3
2020-04-15 13:56:59;243;67;83;33;8;5;13;7;6;2;3
2020-04-15 13:57:59;243;67;83;33;8;5;13;7;6;2;3
2020-04-15 13:58:58;243;67;83;33;8;5;13;7;6;2;3
2020-04-15 13:59:59;243;67;83;33;8;5;13;7;6;2;3
2020-04-15 14:00:59;243;67;83;33;8;5;13;7;6;2;3
2020-04-15 14:01:58;243;67;83;33;8;5;13;7;6;2;3
2020-04-15 14:02:59;243;67;83;33;8;5;13;7;6;2;3
2020-04-15 14:03:59;243;67;83;33;8;5;13;7;6;2;3
2020-04-15 14:04:58;243;67;83;33;8;5;13;7;6;2;3
2020-04-15 14:05:59;243;67;83;33;8;5;13;7;6;2;3
2020-04-15 14:06:59;244;67;84;33;8;5;13;7;6;2;3
2020-04-15 14:07:58;244;67;84;33;8;5;13;7;6;2;3
2020-04-15 14:08:59;244;67;84;33;8;5;13;7;6;2;3
2020-04-15 14:09:59;245;67;85;33;8;5;13;7;6;2;3
2020-04-15 14:10:58;248;68;87;33;8;5;13;7;6;2;3
2020-04-15 14:11:59;248;68;87;33;8;5;13;7;6;2;3
2020-04-15 14:12:59;248;68;87;33;8;5;13;7;6;2;3
2020-04-15 14:13:59;248;68;87;33;8;5;13;7;6;2;3
2020-04-15 14:14:58;249;69;87;33;8;5;13;7;6;2;3
2020-04-15 14:15:59;249;69;87;33;8;5;13;7;6;2;3
2020-04-15 14:16:59;249;69;87;33;8;5;13;7;6;2;3
2020-04-15 14:17:58;249;69;87;33;8;5;13;7;6;2;3
2020-04-15 14:18:59;249;69;87;33;8;5;13;7;6;2;3
2020-04-15 14:19:59;249;69;87;33;8;5;13;7;6;2;3
2020-04-15 14:20:58;249;69;87;33;8;5;13;7;6;2;3
2020-04-15 14:21:59;250;69;87;34;8;5;13;7;6;2;3
2020-04-15 14:22:59;250;69;87;34;8;5;13;7;6;2;3
2020-04-15 14:23:58;251;70;87;34;8;5;13;7;6;2;3
2020-04-15 14:24:59;251;70;87;34;8;5;13;7;6;2;3
2020-04-15 14:25:59;252;71;87;34;8;5;13;7;6;2;3
2020-04-15 14:26:58;253;72;87;34;8;5;13;7;6;2;3
2020-04-15 14:27:59;253;72;87;34;8;5;13;7;6;2;3
2020-04-15 14:28:58;253;73;86;34;8;5;13;7;6;2;3
2020-04-15 14:29:59;253;73;86;34;8;5;13;7;6;2;3
2020-04-15 14:30:59;253;73;86;34;8;5;13;7;6;2;3
2020-04-15 14:32:00;253;73;86;34;8;5;13;7;6;2;3
2020-04-15 14:32:58;254;73;87;34;8;5;13;7;6;2;3
2020-04-15 14:33:59;254;73;87;34;8;5;13;7;6;2;3
2020-04-15 14:34:59;254;73;87;34;8;5;13;7;6;2;3
2020-04-15 14:35:58;254;73;87;34;8;5;13;7;6;2;3
2020-04-15 14:36:59;255;75;86;34;8;5;13;7;6;2;3
2020-04-15 14:37:59;257;75;88;34;8;5;13;7;6;2;3
2020-04-15 14:38:58;257;75;88;34;8;5;13;7;6;2;3
2020-04-15 14:39:59;257;75;88;34;8;5;13;7;6;2;3
2020-04-15 14:40:59;257;75;88;34;8;5;13;7;6;2;3
2020-04-15 14:41:58;257;75;88;34;8;5;13;7;6;2;3
2020-04-15 14:42:59;257;75;88;34;8;5;13;7;6;2;3
2020-04-15 14:43:59;257;75;88;34;8;5;13;7;6;2;3
2020-04-15 14:44:58;258;76;88;34;8;5;13;7;6;2;3
2020-04-15 14:45:59;258;76;88;34;8;5;13;7;6;2;3
2020-04-15 14:46:59;258;76;88;34;8;5;13;7;6;2;3
2020-04-15 14:47:58;258;76;88;34;8;5;13;7;6;2;3
2020-04-15 14:48:59;259;77;88;34;8;5;13;7;6;2;3
2020-04-15 14:49:59;259;77;88;34;8;5;13;7;6;2;3
2020-04-15 14:50:59;261;78;88;34;8;6;13;7;6;2;3
2020-04-15 14:51:58;262;79;88;34;8;6;13;7;6;2;3
2020-04-15 14:52:59;262;79;88;34;8;6;13;7;6;2;3
2020-04-15 14:53:59;262;79;88;34;8;6;13;7;6;2;3
2020-04-15 14:54:58;262;79;88;34;8;6;13;7;6;2;3
2020-04-15 14:55:59;262;79;88;34;8;6;13;7;6;2;3
2020-04-15 14:56:59;262;79;88;34;8;6;13;7;6;2;3
2020-04-15 14:57:58;264;80;89;34;8;6;13;7;6;2;3
2020-04-15 14:58:59;266;82;89;34;8;6;13;7;6;2;3
2020-04-15 14:59:59;266;82;89;34;8;6;13;7;6;2;3
2020-04-15 15:00:58;266;83;89;33;8;6;13;7;6;2;3
2020-04-15 15:01:59;268;84;89;33;8;6;14;7;6;2;3
2020-04-15 15:02:59;268;84;88;34;8;6;14;7;6;2;3
2020-04-15 15:03:58;270;84;90;34;8;6;14;7;6;2;3
2020-04-15 15:04:59;270;84;90;34;8;6;14;7;6;2;3
2020-04-15 15:05:59;270;84;90;34;8;6;14;7;6;2;3
2020-04-15 15:06:58;271;85;89;34;8;7;14;7;6;2;3
2020-04-15 15:07:59;272;86;89;34;8;7;14;7;6;2;3
2020-04-15 15:08:59;272;86;89;34;8;7;14;7;6;2;3
2020-04-15 15:09:58;273;87;89;34;8;7;14;7;6;2;3
2020-04-15 15:10:59;275;89;89;34;8;7;14;7;6;2;3
2020-04-15 15:11:59;275;89;89;34;8;7;14;7;6;2;3
2020-04-15 15:12:58;276;89;90;34;8;7;14;7;6;2;3
2020-04-15 15:13:59;278;89;91;34;9;7;14;7;6;2;3
2020-04-15 15:14:59;279;90;91;34;9;7;14;7;6;2;3
2020-04-15 15:15:58;281;92;91;34;9;7;14;7;6;2;3
2020-04-15 15:16:59;283;92;93;34;9;7;14;7;6;2;3
2020-04-15 15:17:59;283;92;93;34;9;7;14;7;6;2;3
2020-04-15 15:18:58;284;93;93;34;9;7;14;7;6;2;3
2020-04-15 15:19:59;284;93;93;34;9;7;14;7;6;2;3
2020-04-15 15:20:58;284;93;93;34;9;7;14;7;6;2;3
2020-04-15 15:21:59;285;93;94;34;9;7;14;7;6;2;3
2020-04-15 15:22:59;287;93;96;34;9;7;14;7;6;2;3
2020-04-15 15:23:58;287;93;96;34;9;7;14;7;6;2;3
2020-04-15 15:24:59;287;93;96;34;9;7;14;7;6;2;3
2020-04-15 15:25:59;288;94;96;34;9;7;14;7;6;2;3
2020-04-15 15:26:59;288;94;96;34;9;7;14;7;6;2;3
2020-04-15 15:27:58;288;94;96;34;9;7;14;7;6;2;3
2020-04-15 15:28:59;288;94;95;35;9;7;14;7;6;2;3
2020-04-15 15:29:59;288;93;95;36;9;7;14;7;6;2;3
2020-04-15 15:30:58;288;93;95;36;9;7;14;7;6;2;3
2020-04-15 15:31:59;290;94;96;36;9;7;14;7;6;2;3
2020-04-15 15:32:58;291;95;96;36;9;7;14;7;6;2;3
2020-04-15 15:33:59;291;96;96;35;9;7;14;7;6;2;3
2020-04-15 15:34:59;292;97;96;35;9;7;14;7;6;2;3
2020-04-15 15:35:58;292;97;96;35;9;7;14;7;6;2;3
2020-04-15 15:36:59;294;98;97;35;9;7;14;7;6;2;3
2020-04-15 15:37:59;294;98;97;35;9;7;14;7;6;2;3
2020-04-15 15:38:58;294;98;97;35;9;7;14;7;6;2;3
2020-04-15 15:39:59;294;98;97;35;9;7;14;7;6;2;3
2020-04-15 15:40:59;294;98;97;35;9;7;14;7;6;2;3
2020-04-15 15:41:58;295;98;97;35;9;7;14;7;6;2;3
2020-04-15 15:42:59;296;99;97;35;9;7;14;7;6;2;3
2020-04-15 15:43:58;296;99;97;35;9;7;14;7;6;2;3
2020-04-15 15:44:59;296;99;97;35;9;7;14;7;6;2;3
2020-04-15 15:45:59;297;100;97;35;9;7;14;7;6;2;3
2020-04-15 15:46:58;297;100;97;35;9;7;14;7;6;2;3
2020-04-15 15:47:59;297;101;97;35;9;7;13;7;6;2;3
2020-04-15 15:48:59;297;101;97;35;9;7;13;7;6;2;3
2020-04-15 15:49:58;297;101;97;35;9;7;13;7;6;2;3
2020-04-15 15:50:59;297;101;97;35;9;7;13;7;6;2;3
2020-04-15 15:51:58;297;102;96;35;9;7;13;7;6;2;3
2020-04-15 15:52:59;297;102;96;35;9;7;13;7;6;2;3
2020-04-15 15:53:59;297;102;96;35;9;7;13;7;6;2;3
2020-04-15 15:54:58;297;102;96;35;9;7;13;7;6;2;3
2020-04-15 15:55:59;298;103;96;35;9;7;13;7;6;2;3
2020-04-15 15:56:58;300;103;98;35;9;7;13;7;6;2;3
2020-04-15 15:57:59;301;104;98;35;9;7;13;7;6;2;3
2020-04-15 15:58:59;301;104;98;35;9;7;13;7;6;2;3
2020-04-15 15:59:58;301;104;98;35;9;7;13;7;6;2;3
2020-04-15 16:00:59;302;105;98;35;9;7;13;7;6;2;3
2020-04-15 16:01:59;304;107;98;35;9;7;13;7;6;2;3
2020-04-15 16:02:58;304;107;98;35;9;7;13;7;6;2;3
2020-04-15 16:03:59;305;107;99;35;9;7;13;7;6;2;3
2020-04-15 16:04:59;305;107;99;35;9;7;13;7;6;2;3
2020-04-15 16:05:58;306;107;99;35;9;7;13;7;7;2;3
2020-04-15 16:06:59;306;107;99;35;9;7;13;7;7;2;3
2020-04-15 16:07:59;307;108;99;35;9;7;13;7;7;2;3
2020-04-15 16:08:59;310;111;99;35;9;7;13;7;7;2;3
2020-04-15 16:09:58;311;112;99;35;9;7;13;7;7;2;3
2020-04-15 16:10:59;311;112;99;35;9;7;13;7;7;2;3
2020-04-15 16:11:59;312;113;99;35;9;7;13;7;7;2;3
2020-04-15 16:12:58;312;114;99;35;9;7;12;7;7;2;3
2020-04-15 16:13:59;312;114;99;35;9;7;12;7;7;2;3
2020-04-15 16:14:59;313;114;99;35;10;7;12;7;7;2;3
2020-04-15 16:15:59;313;114;99;35;10;7;12;7;7;2;3
2020-04-15 16:16:59;313;114;99;35;10;7;12;7;7;2;3
2020-04-15 16:17:59;313;114;99;35;10;7;12;7;7;2;3
2020-04-15 16:18:58;314;115;99;35;10;7;12;7;7;2;3
2020-04-15 16:19:59;314;115;99;35;10;7;12;7;7;2;3
2020-04-15 16:20:59;315;115;100;35;10;7;12;7;7;2;3
2020-04-15 16:21:58;317;117;100;35;10;7;12;7;7;2;3
2020-04-15 16:22:59;318;117;101;35;10;7;12;7;7;2;3
2020-04-15 16:23:59;318;117;101;35;10;7;12;7;7;2;3
2020-04-15 16:24:58;318;117;101;35;10;7;12;7;7;2;3
2020-04-15 16:25:59;318;117;101;35;10;7;12;7;7;2;3
2020-04-15 16:26:58;318;117;101;35;10;7;12;7;7;2;3
2020-04-15 16:27:59;318;117;101;35;10;7;12;7;7;2;3
2020-04-15 16:28:59;318;117;101;35;10;7;12;7;7;2;3
2020-04-15 16:29:59;319;118;101;35;10;7;12;7;7;2;3
2020-04-15 16:30:58;321;118;103;35;10;7;12;7;7;2;3
2020-04-15 16:31:59;322;118;103;35;10;7;12;8;7;2;3
2020-04-15 16:32:59;323;118;104;35;10;7;12;8;7;2;3
2020-04-15 16:33:58;325;119;105;35;10;7;12;8;7;2;3
2020-04-15 16:34:59;325;119;105;35;10;7;12;8;7;2;3
2020-04-15 16:35:59;325;119;105;35;10;7;12;8;7;2;3
2020-04-15 16:36:58;325;119;105;35;10;7;12;8;7;2;3
2020-04-15 16:37:59;326;119;106;35;10;7;12;8;7;2;3
2020-04-15 16:38:59;327;119;107;35;10;7;12;8;7;2;3
2020-04-15 16:39:59;327;119;107;34;10;7;12;8;7;0;3
2020-04-15 16:40:58;328;120;107;34;10;7;12;8;7;0;3
2020-04-15 16:41:59;328;120;107;34;10;7;12;8;7;0;3
2020-04-15 16:42:59;328;120;107;34;10;7;12;8;7;0;3
2020-04-15 16:43:58;329;120;108;34;10;7;12;8;7;0;3
2020-04-15 16:44:59;329;120;108;34;10;7;12;8;7;0;3
2020-04-15 16:45:59;329;120;108;34;10;7;12;8;7;0;3
2020-04-15 16:46:58;330;120;109;34;10;7;12;8;7;0;3
2020-04-15 16:47:59;330;120;109;34;10;7;12;8;7;0;3
2020-04-15 16:48:59;330;120;109;34;10;7;12;8;7;0;3
2020-04-15 16:49:58;330;120;109;34;10;7;12;8;7;0;3
2020-04-15 16:50:59;330;120;109;34;10;7;12;8;7;0;3
2020-04-15 16:51:59;331;121;109;34;10;7;12;8;7;0;3
2020-04-15 16:52:58;331;121;109;34;10;7;12;8;7;0;3
2020-04-15 16:53:59;331;122;108;34;10;7;12;8;7;0;3
2020-04-15 16:54:59;331;122;108;34;10;7;12;8;7;0;3
2020-04-15 16:55:58;332;122;109;34;10;7;12;8;7;0;3
2020-04-15 16:56:59;333;123;109;34;10;7;12;8;7;0;3
2020-04-15 16:57:59;333;123;109;34;10;7;12;8;7;0;3
2020-04-15 16:58:58;333;123;109;34;10;7;12;8;7;0;3
2020-04-15 16:59:59;333;123;109;34;10;7;12;8;7;0;3
2020-04-15 17:00:59;334;123;110;34;10;7;12;8;7;0;3
2020-04-15 17:01:58;334;123;110;34;10;7;12;8;7;0;3
2020-04-15 17:02:59;334;123;110;34;10;7;12;8;7;0;3
2020-04-15 17:03:59;335;124;110;34;10;7;12;8;7;0;3
2020-04-15 17:04:58;336;124;110;34;11;7;12;8;7;0;3
2020-04-15 17:05:59;337;124;110;34;11;7;12;9;7;0;3
2020-04-15 17:06:58;337;124;110;34;11;7;12;9;7;0;3
2020-04-15 17:07:59;337;124;110;34;11;7;12;9;7;0;3
2020-04-15 17:08:59;337;124;110;34;11;7;12;9;7;0;3
2020-04-15 17:10:00;339;125;110;34;11;7;12;9;8;0;3
2020-04-15 17:10:58;339;125;110;34;11;7;12;9;8;0;3
2020-04-15 17:11:59;340;126;110;34;11;7;12;9;8;0;3
2020-04-15 17:12:58;340;126;110;34;11;7;12;9;8;0;3
2020-04-15 17:13:59;340;126;110;34;11;7;12;9;8;0;3
2020-04-15 17:14:58;340;126;110;34;11;7;12;9;8;0;3
2020-04-15 17:15:59;340;126;110;34;11;7;12;9;8;0;3
2020-04-15 17:16:58;340;126;110;34;11;7;12;9;8;0;3
2020-04-15 17:17:59;340;126;110;34;11;7;12;9;8;0;3
2020-04-15 17:18:59;340;126;110;34;11;7;12;9;8;0;3
2020-04-15 17:19:58;340;126;110;34;11;7;12;9;8;0;3
2020-04-15 17:20:59;341;127;110;34;11;7;12;9;8;0;3
2020-04-15 17:21:59;341;127;110;34;11;7;12;9;8;0;3
2020-04-15 17:22:58;341;127;110;34;11;7;12;9;8;0;3
2020-04-15 17:23:59;342;127;110;34;11;7;12;9;8;0;3
2020-04-15 17:24:59;343;127;110;34;11;7;12;9;8;0;3
2020-04-15 17:25:59;344;127;111;34;11;7;12;9;8;0;3
2020-04-15 17:26:59;344;127;111;34;11;7;12;9;8;0;3
2020-04-15 17:27:58;345;127;112;34;11;7;12;9;8;0;3
2020-04-15 17:28:59;345;127;112;34;11;7;12;9;8;0;3
2020-04-15 17:29:59;346;127;113;34;11;7;12;9;8;0;3
2020-04-15 17:30:58;346;127;113;34;11;7;12;9;8;0;3
2020-04-15 17:31:59;347;128;113;34;11;7;11;9;8;0;3
2020-04-15 17:32:59;347;128;113;34;11;7;11;9;8;0;3
2020-04-15 17:33:58;347;128;113;34;11;7;11;9;8;0;3
2020-04-15 17:34:59;347;128;113;34;11;7;11;9;8;0;3
2020-04-15 17:35:59;347;128;113;34;11;7;11;9;8;0;3
2020-04-15 17:36:59;347;128;113;34;11;7;11;9;8;0;3
2020-04-15 17:37:58;347;128;113;34;11;7;11;9;8;0;3
2020-04-15 17:38:59;347;128;113;34;11;7;11;9;8;0;3
2020-04-15 17:39:59;347;128;113;34;11;7;11;9;8;0;3
2020-04-15 17:40:58;348;129;113;34;11;7;11;9;8;0;3
2020-04-15 17:41:59;348;129;113;34;11;7;11;9;8;0;3
2020-04-15 17:42:59;348;129;113;34;11;7;11;9;8;0;3
2020-04-15 17:43:59;348;129;113;34;11;7;11;9;8;0;3
2020-04-15 17:44:58;348;129;113;34;11;7;11;9;8;0;3
2020-04-15 17:45:59;348;129;113;34;11;7;11;9;8;0;3
2020-04-15 17:46:59;350;129;115;34;11;7;11;9;8;0;3
2020-04-15 17:47:58;350;129;115;34;11;7;11;9;8;0;3
2020-04-15 17:48:59;350;129;115;34;11;7;11;9;8;0;3
2020-04-15 17:50:00;350;129;115;34;11;7;11;9;8;0;3
2020-04-15 17:50:58;351;129;116;34;11;7;11;9;8;0;3
2020-04-15 17:51:59;352;130;116;34;11;7;11;9;8;0;3
2020-04-15 17:52:58;352;130;116;34;11;7;11;9;8;0;3
2020-04-15 17:53:59;353;131;116;34;11;7;11;9;8;0;3
2020-04-15 17:54:59;353;131;116;34;11;7;11;9;8;0;3
2020-04-15 17:55:58;353;131;116;34;11;7;11;9;8;0;3
2020-04-15 17:56:59;353;131;116;34;11;7;11;9;8;0;3
2020-04-15 17:57:58;353;131;116;34;11;7;11;9;8;0;3
2020-04-15 17:58:59;353;131;116;34;11;7;11;9;8;0;3
2020-04-15 17:59:59;353;131;116;34;11;7;11;9;8;0;3
2020-04-15 18:00:58;355;132;116;34;11;7;11;9;8;0;3
2020-04-15 18:01:59;355;132;116;34;11;7;11;9;8;0;3
2020-04-15 18:02:59;355;132;116;34;11;7;11;9;8;0;3
2020-04-15 18:03:58;355;132;116;34;11;7;11;9;8;0;3
2020-04-15 18:04:59;357;132;117;34;11;7;11;9;8;0;3
2020-04-15 18:05:58;357;133;116;34;11;7;11;9;8;0;3
2020-04-15 18:06:59;357;134;115;34;11;7;11;9;8;0;3
2020-04-15 18:07:59;358;134;115;34;11;8;11;9;8;0;3
2020-04-15 18:08:58;359;135;115;34;11;8;11;9;8;0;3
2020-04-15 18:09:59;359;135;115;34;11;8;11;9;8;0;3
2020-04-15 18:10:58;360;135;115;34;12;8;11;9;8;0;3
2020-04-15 18:11:59;360;135;115;34;12;8;11;9;8;0;3
2020-04-15 18:12:59;360;135;115;34;12;8;11;9;8;0;3
2020-04-15 18:13:58;360;135;115;34;12;8;11;9;8;0;3
2020-04-15 18:14:59;360;135;115;34;12;8;11;9;8;0;3
2020-04-15 18:15:59;360;135;115;34;12;8;11;9;8;0;3
2020-04-15 18:16:59;360;136;114;34;12;8;11;9;8;0;3
2020-04-15 18:17:58;361;136;115;34;12;8;11;9;8;0;3
2020-04-15 18:18:59;361;136;115;34;12;8;11;9;8;0;3
2020-04-15 18:19:59;361;136;115;34;12;8;11;9;8;0;3
2020-04-15 18:20:58;361;136;115;34;12;8;11;9;8;0;3
2020-04-15 18:21:59;361;136;115;34;12;8;11;9;8;0;3
2020-04-15 18:22:59;361;136;115;34;12;8;11;9;8;0;3
2020-04-15 18:23:58;361;136;115;34;12;8;11;9;8;0;3
2020-04-15 18:24:59;361;136;115;34;12;8;11;9;8;0;3
2020-04-15 18:25:59;361;136;115;34;12;8;11;9;8;0;3
2020-04-15 18:26:58;361;136;115;34;12;8;11;9;8;0;3
2020-04-15 18:27:59;361;136;115;34;12;8;11;9;8;0;3
2020-04-15 18:28:59;361;136;115;34;12;8;11;9;8;0;3
2020-04-15 18:29:58;361;136;115;34;12;8;11;9;8;0;3
2020-04-15 18:30:59;361;136;115;34;12;8;11;9;8;0;3
2020-04-15 18:31:59;361;136;115;34;12;8;11;9;8;0;3
2020-04-15 18:33:00;361;137;114;34;12;8;11;9;8;0;3
2020-04-15 18:33:58;361;137;114;34;12;8;11;9;8;0;3
2020-04-15 18:34:59;361;137;114;34;12;8;11;9;8;0;3
2020-04-15 18:36:00;362;137;115;34;12;8;11;9;8;0;3
2020-04-15 18:36:58;362;137;115;34;12;8;11;9;8;0;3
2020-04-15 18:37:59;362;137;115;34;12;8;11;9;8;0;3
2020-04-15 18:38:59;362;137;115;34;12;8;11;9;8;0;3
2020-04-15 18:39:58;362;137;115;34;12;8;11;9;8;0;3
2020-04-15 18:40:59;363;137;116;34;12;8;11;9;8;0;3
2020-04-15 18:41:59;364;137;117;34;12;8;11;9;8;0;3
2020-04-15 18:42:58;365;137;117;34;13;8;11;9;8;0;3
2020-04-15 18:43:59;365;137;117;34;13;8;11;9;8;0;3
2020-04-15 18:44:58;366;137;117;34;13;8;11;10;8;0;3
2020-04-15 18:45:59;366;137;117;34;13;8;11;10;8;0;3
2020-04-15 18:46:59;367;138;117;34;13;8;11;10;8;0;3
2020-04-15 18:47:58;367;138;117;34;13;8;11;10;8;0;3
2020-04-15 18:48:59;367;138;117;34;13;8;11;10;8;0;3
2020-04-15 18:49:58;367;138;117;34;13;8;11;10;8;0;3
2020-04-15 18:50:59;367;138;117;34;13;8;11;10;8;0;3
2020-04-15 18:51:58;367;138;117;34;13;8;11;10;8;0;3
2020-04-15 18:52:59;367;138;117;34;13;8;11;10;8;0;3
2020-04-15 18:53:59;367;138;117;34;13;8;11;10;8;0;3
2020-04-15 18:54:58;368;138;117;34;13;8;11;11;8;0;3
2020-04-15 18:55:59;368;139;116;34;13;8;11;11;8;0;3
2020-04-15 18:56:59;368;139;116;34;13;8;11;11;8;0;3
2020-04-15 18:57:58;368;139;116;34;13;8;11;11;8;0;3
2020-04-15 18:58:59;369;139;117;34;13;8;11;11;8;0;3
2020-04-15 18:59:59;369;139;117;34;13;8;11;11;8;0;3
2020-04-15 19:00:58;369;139;117;34;13;8;11;11;8;0;3
2020-04-15 19:01:59;369;139;117;34;13;8;11;11;8;0;3
2020-04-15 19:02:59;370;139;118;34;13;8;11;11;8;0;3
2020-04-15 19:03:59;372;139;120;34;13;8;11;11;8;0;3
2020-04-15 19:04:58;372;139;120;34;13;8;11;11;8;0;3
2020-04-15 19:05:59;372;139;120;34;13;8;11;11;8;0;3
2020-04-15 19:06:59;372;139;120;34;13;8;11;11;8;0;3
2020-04-15 19:07:58;373;140;120;34;13;8;11;11;8;0;3
2020-04-15 19:08:59;373;140;120;34;13;8;11;11;8;0;3
2020-04-15 19:09:59;374;141;120;34;13;8;11;11;8;0;3
2020-04-15 19:10:58;374;141;120;34;13;8;11;11;8;0;3
2020-04-15 19:11:59;374;141;120;34;13;8;11;11;8;0;3
2020-04-15 19:12:59;374;141;120;34;13;8;11;11;8;0;3
2020-04-15 19:13:58;374;141;120;34;13;8;11;11;8;0;3
2020-04-15 19:14:59;374;141;120;34;13;8;11;11;8;0;3
2020-04-15 19:15:59;374;141;120;34;13;8;11;11;8;0;3
2020-04-15 19:17:00;374;141;120;34;13;8;11;11;8;0;3
2020-04-15 19:17:58;375;141;120;34;14;8;11;11;8;0;3
2020-04-15 19:18:59;375;141;120;34;14;8;11;11;8;0;3
2020-04-15 19:19:58;376;142;120;34;14;8;11;11;8;0;3
2020-04-15 19:20:59;376;142;120;34;14;8;11;11;8;0;3
2020-04-15 19:21:59;376;142;120;34;14;8;11;11;8;0;3
2020-04-15 19:22:58;377;142;120;34;14;8;12;11;8;0;3
2020-04-15 19:23:59;377;142;120;34;14;8;12;11;8;0;3
2020-04-15 19:24:58;377;142;120;34;14;8;12;11;8;0;3
2020-04-15 19:25:59;377;142;120;34;14;8;12;11;8;0;3
2020-04-15 19:26:59;377;142;120;34;14;8;12;11;8;0;3
2020-04-15 19:27:59;377;142;120;34;14;8;12;11;8;0;3
2020-04-15 19:28:58;377;142;120;34;14;8;12;11;8;0;3
2020-04-15 19:29:59;378;143;120;34;14;8;12;11;8;0;3
2020-04-15 19:30:59;378;143;120;34;14;8;12;11;8;0;3
2020-04-15 19:31:58;379;143;120;34;15;8;12;11;8;0;3
2020-04-15 19:32:59;379;143;119;34;15;9;12;11;8;0;3
2020-04-15 19:33:59;379;143;119;34;15;9;12;11;8;0;3
2020-04-15 19:34:58;379;143;119;34;15;9;12;11;8;0;3
2020-04-15 19:35:59;379;143;119;34;15;9;12;11;8;0;3
2020-04-15 19:36:59;379;143;119;34;15;9;12;11;8;0;3
2020-04-15 19:37:58;379;143;119;34;15;9;12;11;8;0;3
2020-04-15 19:38:59;379;143;119;34;15;9;12;11;8;0;3
2020-04-15 19:39:59;379;144;118;34;15;9;12;11;8;0;3
2020-04-15 19:40:58;379;144;118;34;15;9;12;11;8;0;3
2020-04-15 19:41:59;379;144;118;34;15;9;12;11;8;0;3
2020-04-15 19:42:58;379;144;118;34;15;9;12;11;8;0;3
2020-04-15 19:43:59;379;144;118;34;15;9;12;11;8;0;3
2020-04-15 19:44:59;379;144;118;34;15;9;12;11;8;0;3
2020-04-15 19:45:58;379;144;118;34;15;9;12;11;8;0;3
2020-04-15 19:46:59;379;144;118;34;15;9;12;11;8;0;3
2020-04-15 19:47:58;379;144;118;34;15;9;12;11;8;0;3
2020-04-15 19:48:59;379;144;118;34;15;9;12;11;8;0;3
2020-04-15 19:49:59;379;144;118;34;15;9;12;11;8;0;3
2020-04-15 19:50:58;379;144;118;34;15;9;12;11;8;0;3
2020-04-15 19:51:59;379;144;118;34;15;9;12;11;8;0;3
2020-04-15 19:52:59;379;144;118;34;15;9;12;11;8;0;3
2020-04-15 19:53:59;379;144;118;34;15;9;12;11;8;0;3
2020-04-15 19:54:58;379;144;118;34;15;9;12;11;8;0;3
2020-04-15 19:55:59;379;144;118;34;15;9;12;11;8;0;3
2020-04-15 19:56:59;379;144;118;34;15;9;12;11;8;0;3
2020-04-15 19:57:58;380;144;119;34;15;9;12;11;8;0;3
2020-04-15 19:58:59;381;145;119;34;15;9;12;11;8;0;3
2020-04-15 19:59:59;382;147;119;33;15;9;12;11;8;0;3
2020-04-15 20:00:58;382;147;119;33;15;9;12;11;8;0;3
2020-04-15 20:01:59;382;147;119;33;15;9;12;11;8;0;3
2020-04-15 20:02:59;383;147;119;33;15;10;12;11;8;0;3
2020-04-15 20:03:58;383;147;119;33;15;10;12;11;8;0;3
2020-04-15 20:04:59;383;147;119;33;15;10;12;11;8;0;3
2020-04-15 20:05:59;383;147;119;33;15;10;12;11;8;0;3
2020-04-15 20:06:59;383;147;119;33;15;10;12;11;8;0;3
2020-04-15 20:07:58;384;147;120;33;15;10;12;11;8;0;3
2020-04-15 20:08:59;384;147;120;33;15;10;12;11;8;0;3
2020-04-15 20:09:58;384;147;120;33;15;10;12;11;8;0;3
2020-04-15 20:10:59;384;147;120;33;15;10;12;11;8;0;3
2020-04-15 20:11:59;385;148;120;33;15;10;12;11;8;0;3
2020-04-15 20:12:58;386;149;120;33;15;10;12;11;8;0;3
2020-04-15 20:13:59;386;149;120;33;15;10;12;11;8;0;3
2020-04-15 20:14:58;387;149;120;34;15;10;12;11;8;0;3
2020-04-15 20:15:59;387;149;120;34;15;10;12;11;8;0;3
2020-04-15 20:16:59;387;149;120;34;15;10;12;11;8;0;3
2020-04-15 20:18:00;387;149;120;34;15;10;12;11;8;0;3
2020-04-15 20:18:58;387;149;120;34;15;10;12;11;8;0;3
2020-04-15 20:19:59;387;149;120;34;15;10;12;11;8;0;3
2020-04-15 20:20:59;387;149;120;34;15;10;12;11;8;0;3
2020-04-15 20:21:58;387;149;120;34;15;10;12;11;8;0;3
2020-04-15 20:22:59;387;149;120;34;15;10;12;11;8;0;3
2020-04-15 20:23:59;389;151;120;34;15;10;12;11;8;0;3
2020-04-15 20:24:58;389;151;120;34;15;10;12;11;8;0;3
2020-04-15 20:25:59;389;151;120;34;15;10;12;11;8;0;3
2020-04-15 20:26:59;390;152;119;35;15;10;12;11;8;0;3
2020-04-15 20:27:58;390;152;119;35;15;10;12;11;8;0;3
2020-04-15 20:28:59;390;153;119;34;15;10;12;11;8;0;3
2020-04-15 20:30:00;390;153;119;34;15;10;12;11;8;0;3
2020-04-15 20:30:58;390;153;119;34;15;10;12;11;8;0;3
2020-04-15 20:31:59;390;153;119;34;15;10;12;11;8;0;3
2020-04-15 20:32:59;390;153;119;34;15;10;12;11;8;0;3
2020-04-15 20:33:58;391;153;118;35;15;10;12;11;8;0;3
2020-04-15 20:34:59;391;153;118;35;15;10;12;11;8;0;3
2020-04-15 20:35:58;391;153;118;35;15;10;12;11;8;0;3
2020-04-15 20:36:59;391;153;118;35;15;10;12;11;8;0;3
2020-04-15 20:37:59;391;153;118;35;15;10;12;11;8;0;3
2020-04-15 20:38:58;392;153;119;35;15;10;12;11;8;0;3
2020-04-15 20:39:59;392;153;119;35;15;10;12;11;8;0;3
2020-04-15 20:40:59;392;153;119;35;15;10;12;11;8;0;3
2020-04-15 20:41:58;392;153;119;35;15;10;12;11;8;0;3
2020-04-15 20:42:59;392;153;119;35;15;10;12;11;8;0;3
2020-04-15 20:43:59;393;154;119;35;15;10;12;11;8;0;3
2020-04-15 20:45:00;393;154;119;35;15;10;12;11;8;0;3
2020-04-15 20:45:58;394;155;119;35;15;10;12;11;8;0;3
2020-04-15 20:46:59;394;155;119;35;15;10;12;11;8;0;3
2020-04-15 20:47:59;394;155;119;35;15;10;12;11;8;0;3
2020-04-15 20:48:58;395;155;120;35;15;10;12;11;8;0;3
2020-04-15 20:49:59;396;156;120;35;15;10;12;11;8;0;3
2020-04-15 20:50:59;396;156;120;35;15;10;12;11;8;0;3
2020-04-15 20:51:58;396;156;120;35;15;10;12;11;8;0;3
2020-04-15 20:52:59;396;156;120;35;15;10;12;11;8;0;3
2020-04-15 20:53:59;396;156;120;35;15;10;12;11;8;0;3
2020-04-15 20:54:58;396;156;120;35;15;10;12;11;8;0;3
2020-04-15 20:55:59;396;156;120;35;15;10;12;11;8;0;3
2020-04-15 20:56:59;396;156;120;35;15;10;12;11;8;0;3
2020-04-15 20:57:58;396;156;120;35;15;10;12;11;8;0;3
2020-04-15 20:58:59;396;156;120;35;15;10;12;11;8;0;3
2020-04-15 20:59:59;396;156;120;35;15;10;12;11;8;0;3
2020-04-15 21:00:58;396;156;120;35;15;10;12;11;8;0;3
2020-04-15 21:01:59;397;157;120;35;15;10;12;11;8;0;3
2020-04-15 21:02:59;399;158;120;35;15;10;13;11;8;0;3
2020-04-15 21:03:59;399;158;120;35;15;10;13;11;8;0;3
2020-04-15 21:04:58;399;158;120;35;15;10;13;11;8;0;3
2020-04-15 21:05:59;399;158;120;35;15;10;13;11;8;0;3
2020-04-15 21:06:59;399;158;120;35;15;10;13;11;8;0;3
2020-04-15 21:07:58;399;158;120;35;15;10;13;11;8;0;3
2020-04-15 21:08:59;399;158;120;35;15;10;13;11;8;0;3
2020-04-15 21:09:59;399;158;120;35;15;10;13;11;8;0;3
2020-04-15 21:10:58;399;158;120;35;15;10;13;11;8;0;3
2020-04-15 21:11:59;399;158;120;35;15;10;13;11;8;0;3
2020-04-15 21:12:59;399;158;120;35;15;10;13;11;8;0;3
2020-04-15 21:13:58;399;158;120;35;15;10;13;11;8;0;3
2020-04-15 21:14:59;399;158;120;35;15;10;13;11;8;0;3
2020-04-15 21:15:59;399;158;120;35;15;10;13;11;8;0;3
2020-04-15 21:16:58;399;158;120;35;15;10;13;11;8;0;3
2020-04-15 21:17:59;399;158;120;35;15;10;13;11;8;0;3
2020-04-15 21:18:59;399;158;120;35;15;10;13;11;8;0;3
2020-04-15 21:19:58;399;158;120;35;15;10;13;11;8;0;3
2020-04-15 21:20:59;399;158;120;35;15;10;13;11;8;0;3
2020-04-15 21:21:59;400;159;120;35;15;10;13;11;8;0;3
2020-04-15 21:22:59;401;159;120;35;15;11;13;11;8;0;3
2020-04-15 21:23:58;401;159;120;35;15;11;13;11;8;0;3
2020-04-15 21:24:59;401;159;120;35;15;11;13;11;8;0;3
2020-04-15 21:25:59;401;159;120;35;15;11;13;11;8;0;3
2020-04-15 21:26:58;400;159;119;35;15;11;13;11;8;0;3
2020-04-15 21:27:59;400;159;119;35;15;11;13;11;8;0;3
2020-04-15 21:28:59;400;159;119;35;15;11;13;11;8;0;3
2020-04-15 21:29:58;400;159;119;35;15;11;13;11;8;0;3
2020-04-15 21:30:59;400;159;119;35;15;11;13;11;8;0;3
2020-04-15 21:31:59;401;159;120;35;15;11;13;11;8;0;3
2020-04-15 21:32:59;401;159;120;35;15;11;13;11;8;0;3
2020-04-15 21:33:58;402;159;120;36;15;11;13;11;8;3;3
2020-04-15 21:34:59;403;160;120;36;15;11;13;11;8;3;3
2020-04-15 21:35:58;404;160;121;36;15;11;13;11;8;3;3
2020-04-15 21:36:59;404;160;121;36;15;11;13;11;8;3;3
2020-04-15 21:37:59;406;162;121;36;15;11;13;11;8;3;3
2020-04-15 21:38:58;407;163;121;36;15;11;13;11;8;3;3
2020-04-15 21:39:59;407;163;121;36;15;11;13;11;8;3;3
2020-04-15 21:40:59;407;163;121;36;15;11;13;11;8;3;3
2020-04-15 21:41:58;407;163;121;36;15;11;13;11;8;3;3
2020-04-15 21:42:59;407;163;121;36;15;11;13;11;8;3;3
2020-04-15 21:43:58;407;163;121;36;15;11;13;11;8;3;3
2020-04-15 21:44:59;407;163;121;36;15;11;13;11;8;3;3
2020-04-15 21:45:58;407;163;121;36;15;11;13;11;8;3;3
2020-04-15 21:46:59;407;163;121;36;15;11;13;11;8;3;3
2020-04-15 21:47:59;407;163;121;36;15;11;13;11;8;3;3
2020-04-15 21:48:58;408;164;121;36;15;11;13;11;8;3;3
2020-04-15 21:49:59;408;164;121;36;15;11;13;11;8;3;3
2020-04-15 21:50:59;408;164;121;36;15;11;13;11;8;3;3
2020-04-15 21:51:59;408;164;121;36;15;11;13;11;8;3;3
2020-04-15 21:52:58;409;164;122;36;15;11;13;11;8;3;3
2020-04-15 21:53:59;409;164;123;36;15;11;12;11;8;3;3
2020-04-15 21:54:58;409;164;123;36;15;11;12;11;8;3;3
2020-04-15 21:55:59;409;164;123;36;15;11;12;11;8;3;3
2020-04-15 21:56:58;410;164;123;36;16;11;12;11;8;3;3
2020-04-15 21:57:59;410;164;123;36;16;11;12;11;8;3;3
2020-04-15 21:58:59;410;164;123;36;16;11;12;11;8;3;3
2020-04-15 21:59:58;410;164;123;36;16;11;12;11;8;3;3
2020-04-15 22:00:59;412;164;125;36;16;11;12;11;8;3;3
2020-04-15 22:01:59;412;164;125;36;16;11;12;11;8;3;3
2020-04-15 22:02:59;412;164;125;36;16;11;12;11;8;3;3
2020-04-15 22:03:58;412;164;125;36;16;11;12;11;8;3;3
2020-04-15 22:04:59;412;164;125;36;16;11;12;11;8;3;3
2020-04-15 22:05:59;412;164;125;36;16;11;12;11;8;3;3
2020-04-15 22:06:59;412;164;125;36;16;11;12;11;8;3;3
2020-04-15 22:07:58;412;164;125;36;16;11;12;11;8;3;3
2020-04-15 22:08:59;413;165;125;36;16;11;12;11;8;3;3
2020-04-15 22:09:58;414;166;125;36;16;11;12;11;8;3;3
2020-04-15 22:10:59;415;166;125;36;16;12;12;11;8;3;3
2020-04-15 22:11:59;415;166;125;36;16;12;12;11;8;3;3
2020-04-15 22:12:58;415;166;125;36;16;12;12;11;8;3;3
2020-04-15 22:13:59;415;166;125;36;16;12;12;11;8;3;3
2020-04-15 22:14:59;416;167;125;36;16;12;12;11;8;3;3
2020-04-15 22:15:58;416;167;125;36;16;12;12;11;8;3;3
2020-04-15 22:16:59;416;167;125;36;16;12;12;11;8;3;3
2020-04-15 22:17:59;418;167;125;36;16;12;12;11;8;4;3
2020-04-15 22:19:00;418;167;125;36;16;12;12;11;8;4;3
2020-04-15 22:19:58;418;167;125;36;16;12;12;11;8;4;3
2020-04-15 22:20:59;418;167;125;36;16;12;12;11;8;4;3
2020-04-15 22:21:59;418;167;125;36;16;12;12;11;8;4;3
2020-04-15 22:22:58;418;167;125;36;16;12;12;11;8;4;3
2020-04-15 22:23:59;418;167;125;36;16;12;12;11;8;4;3
2020-04-15 22:24:59;418;167;125;36;16;12;12;11;8;4;3
2020-04-15 22:25:58;418;167;125;36;16;12;12;11;8;4;3
2020-04-15 22:26:59;418;167;125;36;16;12;12;11;8;4;3
2020-04-15 22:27:59;419;167;125;36;17;12;12;11;8;4;3
2020-04-15 22:28:58;419;167;125;36;17;12;12;11;8;4;3
2020-04-15 22:29:59;419;167;125;36;17;12;12;11;8;4;3
2020-04-15 22:30:58;419;167;125;36;17;12;12;11;8;4;3
2020-04-15 22:31:59;419;167;125;36;17;12;12;11;8;4;3
2020-04-15 22:32:59;419;167;125;36;17;12;12;11;8;4;3
2020-04-15 22:33:58;419;167;125;36;17;12;12;11;8;4;3
2020-04-15 22:34:59;420;167;125;36;17;12;12;11;8;5;3
2020-04-15 22:35:59;420;167;125;36;17;12;12;11;8;5;3
2020-04-15 22:36:58;420;167;125;36;17;12;12;11;8;5;3
2020-04-15 22:37:59;421;168;125;36;17;12;12;11;8;5;3
2020-04-15 22:38:59;422;169;125;36;17;12;12;11;8;5;3
2020-04-15 22:39:58;422;169;125;36;17;12;12;11;8;5;3
2020-04-15 22:40:59;422;169;125;36;17;12;12;11;8;5;3
2020-04-15 22:41:59;423;169;125;36;17;13;12;11;8;5;3
2020-04-15 22:42:59;423;169;125;36;17;13;12;11;8;5;3
2020-04-15 22:43:58;423;169;125;36;17;13;12;11;8;5;3
2020-04-15 22:44:59;424;170;125;36;17;13;12;11;8;5;3
2020-04-15 22:45:58;424;170;125;36;17;13;12;11;8;5;3
2020-04-15 22:46:59;424;170;125;36;17;13;12;11;8;5;3
2020-04-15 22:47:59;424;170;125;36;17;13;12;11;8;5;3
2020-04-15 22:48:58;424;170;125;36;17;13;12;11;8;5;3
2020-04-15 22:49:59;424;170;125;36;17;13;12;11;8;5;3
2020-04-15 22:50:59;425;171;125;36;17;13;12;11;8;5;3
2020-04-15 22:51:58;425;171;125;36;17;13;12;11;8;5;3
2020-04-15 22:52:59;424;171;124;36;17;13;12;11;8;5;3
2020-04-15 22:53:58;424;171;124;36;17;13;12;11;8;5;3
2020-04-15 22:54:59;425;171;125;36;17;13;12;11;8;5;3
2020-04-15 22:55:59;425;171;125;36;17;13;12;11;8;5;3
2020-04-15 22:56:59;425;171;125;36;17;13;12;11;8;5;3
2020-04-15 22:57:58;425;171;125;36;17;13;12;11;8;5;3
2020-04-15 22:58:59;425;171;125;36;17;13;12;11;8;5;3
2020-04-15 23:00:00;426;171;125;37;17;13;12;11;8;5;3
2020-04-15 23:00:58;426;171;125;37;17;13;12;11;8;5;3
2020-04-15 23:01:59;426;171;125;37;17;13;12;11;8;5;3
2020-04-15 23:02:59;426;171;125;37;17;13;12;11;8;5;3
2020-04-15 23:03:58;428;173;125;37;17;13;12;11;8;5;3
2020-04-15 23:04:59;429;173;125;37;17;13;12;11;8;5;3
2020-04-15 23:05:59;429;173;125;37;17;13;12;11;8;5;3
2020-04-15 23:06:58;429;173;125;37;17;13;12;11;8;5;3
2020-04-15 23:07:59;429;173;125;37;17;13;12;11;8;5;3
2020-04-15 23:08:59;431;174;126;37;17;13;12;11;8;5;3
2020-04-15 23:09:58;431;173;127;37;17;13;12;11;8;5;3
2020-04-15 23:10:59;431;173;127;37;17;13;12;11;8;5;3
2020-04-15 23:11:59;432;173;127;38;17;13;12;11;8;5;3
2020-04-15 23:12:58;432;173;127;38;17;13;12;11;8;5;3
2020-04-15 23:13:59;432;173;127;38;17;13;12;11;8;5;3
2020-04-15 23:14:59;433;173;128;38;17;13;12;11;8;5;3
2020-04-15 23:15:58;433;173;128;38;17;13;12;11;8;5;3
2020-04-15 23:16:59;433;173;128;38;17;13;12;11;8;5;3
2020-04-15 23:17:59;433;173;128;38;17;13;12;11;8;5;3
2020-04-15 23:18:58;433;173;128;38;17;13;12;11;8;5;3
2020-04-15 23:19:59;433;173;128;38;17;13;12;11;8;5;3
2020-04-15 23:20:59;433;173;128;38;17;13;12;11;8;5;3
2020-04-15 23:21:58;433;173;128;38;17;13;12;11;8;5;3
2020-04-15 23:22:59;434;174;128;38;17;13;12;11;8;5;3
2020-04-15 23:23:59;434;174;128;38;17;13;12;11;8;5;3
2020-04-15 23:24:58;434;174;128;38;17;13;12;11;8;5;3
2020-04-15 23:25:59;434;174;128;38;17;13;12;11;8;5;3
2020-04-15 23:26:59;434;174;128;38;17;13;12;11;8;5;3
2020-04-15 23:27:59;434;174;128;38;17;13;12;11;8;5;3
2020-04-15 23:28:58;434;174;128;38;17;13;12;11;8;5;3
2020-04-15 23:29:59;434;174;128;38;17;13;12;11;8;5;3
2020-04-15 23:30:58;435;174;128;39;17;13;12;11;8;5;3
2020-04-15 23:31:59;435;174;128;39;17;13;12;11;8;5;3
2020-04-15 23:32:58;435;174;128;39;17;13;12;11;8;5;3
2020-04-15 23:33:59;435;174;128;39;17;13;12;11;8;5;3
2020-04-15 23:34:59;438;176;128;39;17;14;12;11;8;5;3
2020-04-15 23:36:00;437;176;127;39;17;14;12;11;8;5;3
2020-04-15 23:36:58;437;176;127;39;17;14;12;11;8;5;3
2020-04-15 23:37:59;438;176;128;39;17;14;12;11;8;5;3
2020-04-15 23:38:58;438;176;128;39;17;14;12;11;8;5;3
2020-04-15 23:39:59;438;176;128;39;17;14;12;11;8;5;3
2020-04-15 23:40:59;439;177;128;39;17;14;12;11;8;5;3
2020-04-15 23:41:58;440;177;128;39;17;14;12;11;8;5;3
2020-04-15 23:42:59;440;177;128;39;17;14;12;11;8;5;3
2020-04-15 23:43:59;440;177;128;39;17;14;12;11;8;5;3
2020-04-15 23:44:58;440;178;128;38;17;14;12;11;8;5;3
2020-04-15 23:45:59;440;178;128;38;17;14;12;11;8;5;3
2020-04-15 23:46:59;440;178;128;38;17;14;12;11;8;5;3
2020-04-15 23:47:58;440;178;128;38;17;14;12;11;8;5;3
2020-04-15 23:48:59;441;179;128;38;17;14;12;11;8;5;3
2020-04-15 23:49:59;441;179;128;38;17;14;12;11;8;5;3
2020-04-15 23:50:58;441;179;128;38;17;14;12;11;8;5;3
2020-04-15 23:51:59;441;179;128;38;17;14;12;11;8;5;3
2020-04-15 23:52:59;441;179;128;38;17;14;12;11;8;5;3
2020-04-15 23:53:59;442;180;128;38;17;14;12;11;8;5;3
2020-04-15 23:54:58;442;180;128;38;17;14;12;11;8;5;3
2020-04-15 23:55:59;442;180;128;38;17;14;12;11;8;5;3
2020-04-15 23:56:59;442;179;128;39;17;14;12;11;8;5;3
2020-04-15 23:57:58;442;179;128;39;17;14;12;11;8;5;3
2020-04-15 23:58:59;444;180;129;39;17;14;12;11;8;5;3
2020-04-15 23:59:59;444;180;129;39;17;14;12;11;8;5;3
