datetime;total_votes;paramed;Der_Sturmer;Mindsplitter;telegraf;navalny;Volodya_FM;vatnostakan;shturn;Есения;raaxiom
2020-12-09 00:00:59;0;0;0;0;0;1;0;0;0;0;0
2020-12-09 00:01:59;0;0;0;0;0;1;0;0;0;0;0
2020-12-09 00:02:58;0;0;0;0;0;1;0;0;0;0;0
2020-12-09 00:03:59;2;0;0;0;0;1;1;0;0;0;0
2020-12-09 00:04:58;3;0;0;1;0;1;1;0;0;0;0
2020-12-09 00:05:59;3;0;0;1;0;1;1;0;0;0;0
2020-12-09 00:06:59;3;0;0;1;0;1;1;0;0;0;0
2020-12-09 00:07:58;3;0;0;1;0;1;1;0;0;0;0
2020-12-09 00:08:59;4;0;0;1;0;1;1;0;0;0;0
2020-12-09 00:09:59;4;0;0;1;0;1;1;0;0;0;0
2020-12-09 00:10:58;5;0;0;1;0;1;1;0;0;0;1
2020-12-09 00:11:59;8;0;0;2;0;1;1;0;0;0;3
2020-12-09 00:12:59;8;0;0;2;0;1;1;0;0;0;3
2020-12-09 00:13:58;8;0;0;2;0;1;1;0;0;0;3
2020-12-09 00:14:59;8;0;0;2;0;1;1;0;0;0;3
2020-12-09 00:15:59;8;0;0;2;0;1;1;0;0;0;3
2020-12-09 00:16:58;8;0;0;2;0;1;1;0;0;0;3
2020-12-09 00:17:59;8;0;0;2;0;1;1;0;0;0;3
2020-12-09 00:18:58;8;0;0;2;0;1;1;0;0;0;3
2020-12-09 00:19:59;9;0;0;2;0;1;2;0;0;0;3
2020-12-09 00:20:59;11;0;0;3;1;1;2;0;0;0;3
2020-12-09 00:21:58;12;0;1;3;1;1;2;0;0;0;3
2020-12-09 00:22:59;16;0;3;4;1;2;2;0;0;0;3
2020-12-09 00:23:58;16;0;3;4;1;2;2;0;0;0;3
2020-12-09 00:24:59;16;0;3;4;1;2;2;0;0;0;3
2020-12-09 00:25:59;17;0;3;4;1;2;2;0;0;1;3
2020-12-09 00:26:58;17;0;3;4;1;2;2;0;0;1;3
2020-12-09 00:27:59;17;0;3;4;1;2;2;0;0;1;3
2020-12-09 00:28:58;17;0;3;4;1;2;2;0;0;1;3
2020-12-09 00:29:59;17;0;3;4;1;2;2;0;0;1;3
2020-12-09 00:30:59;18;0;4;4;1;2;2;0;0;1;3
2020-12-09 00:31:58;18;0;4;4;1;2;2;0;0;1;3
2020-12-09 00:32:59;18;0;4;4;1;2;2;0;0;1;3
2020-12-09 00:33:59;18;0;4;4;1;2;2;0;0;1;3
2020-12-09 00:34:58;19;0;4;5;1;2;2;0;0;1;3
2020-12-09 00:35:59;19;0;4;5;1;2;2;0;0;1;3
2020-12-09 00:36:59;19;0;4;5;1;2;2;0;0;1;3
2020-12-09 00:37:58;19;0;4;5;1;2;2;0;0;1;3
2020-12-09 00:38:59;19;0;4;5;1;2;2;0;0;1;3
2020-12-09 00:40:00;19;0;4;5;1;2;2;0;0;1;3
2020-12-09 00:40:58;19;0;4;5;1;2;2;0;0;1;3
2020-12-09 00:41:59;19;0;4;5;1;2;2;0;0;1;3
2020-12-09 00:42:58;20;0;4;5;1;2;2;0;0;1;3
2020-12-09 00:43:59;21;0;4;5;1;2;2;0;0;1;3
2020-12-09 00:44:59;21;0;4;5;1;2;2;0;0;1;3
2020-12-09 00:45:58;21;0;4;5;1;2;2;0;0;1;3
2020-12-09 00:46:59;22;0;4;5;1;3;2;0;0;1;3
2020-12-09 00:47:59;23;0;4;5;1;3;2;0;0;1;3
2020-12-09 00:48:58;23;0;4;5;1;3;2;0;0;2;3
2020-12-09 00:49:59;24;0;5;5;1;3;2;0;0;2;3
2020-12-09 00:50:59;24;0;5;5;1;3;2;0;0;2;3
2020-12-09 00:51:58;25;0;5;6;1;3;2;0;0;2;3
2020-12-09 00:52:59;25;0;5;6;1;3;2;0;0;2;3
2020-12-09 00:53:59;25;0;5;6;1;3;2;0;0;2;3
2020-12-09 00:54:58;25;0;5;6;1;3;2;0;0;2;3
2020-12-09 00:55:59;26;0;5;6;1;3;3;0;0;2;3
2020-12-09 00:56:58;26;0;5;6;1;3;3;0;0;2;3
2020-12-09 00:57:59;28;0;5;6;2;3;3;0;0;2;3
2020-12-09 00:58:58;29;1;5;6;2;3;3;0;0;2;3
2020-12-09 00:59:59;29;1;5;6;2;3;3;0;0;2;3
2020-12-09 01:00:58;29;1;5;6;2;3;3;0;0;2;3
2020-12-09 01:01:59;29;1;5;6;2;3;3;0;0;2;3
2020-12-09 01:02:59;29;1;5;6;2;3;3;0;0;2;3
2020-12-09 01:03:58;29;1;5;6;2;3;3;0;0;2;3
2020-12-09 01:04:59;29;1;5;6;2;3;3;0;0;2;3
2020-12-09 01:05:59;29;1;5;6;2;3;3;0;0;2;3
2020-12-09 01:06:58;29;1;5;6;2;3;3;0;0;2;3
2020-12-09 01:07:59;29;1;5;6;2;3;3;0;0;2;3
2020-12-09 01:08:59;30;1;5;6;2;3;3;0;0;2;3
2020-12-09 01:09:58;30;1;5;6;2;3;3;0;0;2;3
2020-12-09 01:10:59;30;1;5;6;2;3;3;0;0;2;3
2020-12-09 01:11:59;30;1;5;6;2;3;3;0;0;2;3
2020-12-09 01:12:58;30;1;5;6;2;3;3;0;0;2;3
2020-12-09 01:13:59;30;1;5;6;2;3;3;0;0;2;3
2020-12-09 01:14:58;30;1;5;6;2;3;3;0;0;2;3
2020-12-09 01:15:59;30;1;5;6;2;3;3;0;0;2;3
2020-12-09 01:16:58;30;1;5;6;2;3;3;0;0;2;3
2020-12-09 01:17:59;30;1;5;6;2;3;3;0;0;2;3
2020-12-09 01:18:59;31;1;5;6;2;4;3;0;0;2;3
2020-12-09 01:19:58;31;1;5;6;2;4;3;0;0;2;3
2020-12-09 01:20:59;31;1;5;6;2;4;3;0;0;2;3
2020-12-09 01:21:59;31;1;5;6;2;4;3;0;0;2;3
2020-12-09 01:22:58;32;1;5;6;2;4;3;0;0;3;3
2020-12-09 01:23:59;32;1;5;6;2;4;3;0;0;3;3
2020-12-09 01:24:59;33;1;6;6;2;4;3;0;0;3;3
2020-12-09 01:25:58;33;1;6;6;2;4;3;0;0;3;3
2020-12-09 01:26:59;34;1;7;6;2;4;3;0;0;3;3
2020-12-09 01:27:59;34;1;7;6;2;4;3;0;0;3;3
2020-12-09 01:28:58;34;1;7;6;2;4;3;0;0;3;3
2020-12-09 01:29:59;34;1;7;6;2;4;3;0;0;3;3
2020-12-09 01:30:58;34;1;7;6;2;4;3;0;0;3;3
2020-12-09 01:31:59;34;1;7;6;2;4;3;0;0;3;3
2020-12-09 01:32:59;34;1;7;6;2;4;3;0;0;3;3
2020-12-09 01:33:58;35;1;7;6;3;4;3;0;0;3;3
2020-12-09 01:34:59;35;1;7;6;3;4;3;0;0;3;3
2020-12-09 01:35:59;36;1;7;6;3;4;3;0;0;3;3
2020-12-09 01:36:58;36;1;7;6;3;4;3;0;0;3;3
2020-12-09 01:37:59;36;1;7;6;3;4;3;0;0;3;3
2020-12-09 01:38:58;36;1;7;6;3;4;3;0;0;3;3
2020-12-09 01:39:59;36;1;7;6;3;4;3;0;0;3;3
2020-12-09 01:40:58;38;1;8;7;3;4;3;0;0;3;3
2020-12-09 01:41:59;38;1;8;7;3;4;3;0;0;3;3
2020-12-09 01:42:59;39;1;9;7;3;4;3;0;0;3;3
2020-12-09 01:43:59;39;1;9;7;3;4;3;0;0;3;3
2020-12-09 01:44:58;39;1;9;7;3;4;3;0;0;3;3
2020-12-09 01:45:59;39;1;9;7;3;4;3;0;0;3;3
2020-12-09 01:47:00;39;1;9;7;3;4;3;0;0;3;3
2020-12-09 01:47:58;39;1;9;7;3;4;3;0;0;3;3
2020-12-09 01:48:59;40;0;9;7;3;4;3;0;0;3;3
2020-12-09 01:49:58;40;0;9;7;3;4;3;0;0;3;3
2020-12-09 01:50:59;40;0;9;7;3;4;3;0;0;3;3
2020-12-09 01:51:59;40;0;9;7;3;4;3;0;0;3;3
2020-12-09 01:52:58;41;0;9;7;3;4;3;0;0;3;3
2020-12-09 01:53:59;41;0;9;7;3;4;3;0;0;3;3
2020-12-09 01:54:59;41;0;9;7;3;4;3;0;0;3;3
2020-12-09 01:55:58;41;0;9;7;3;4;3;0;0;3;3
2020-12-09 01:56:59;42;0;9;7;4;4;3;0;0;3;3
2020-12-09 01:57:59;43;0;9;7;5;4;2;0;0;3;3
2020-12-09 01:58:58;43;0;9;7;5;4;2;0;0;3;3
2020-12-09 01:59:59;43;0;9;7;5;4;2;0;0;3;3
2020-12-09 02:00:58;43;0;9;8;5;4;2;0;0;3;2
2020-12-09 02:01:59;43;0;9;8;5;4;2;0;0;3;2
2020-12-09 02:02:58;43;0;9;8;5;4;2;0;0;3;2
2020-12-09 02:03:59;43;0;9;8;5;4;2;0;0;3;2
2020-12-09 02:04:59;43;0;9;8;5;4;2;0;0;3;2
2020-12-09 02:05:58;43;0;9;8;5;4;2;0;0;3;2
2020-12-09 02:06:59;43;0;9;8;5;4;2;0;0;3;2
2020-12-09 02:07:59;43;0;9;8;5;4;2;0;0;3;2
2020-12-09 02:08:58;44;0;9;9;5;4;2;0;0;3;2
2020-12-09 02:09:59;44;0;9;9;5;4;2;0;0;3;2
2020-12-09 02:10:59;44;0;9;9;5;4;2;0;0;3;2
2020-12-09 02:11:58;44;0;9;9;5;4;2;0;0;3;2
2020-12-09 02:12:59;44;0;9;9;5;4;2;0;0;3;2
2020-12-09 02:13:58;44;0;9;9;5;4;2;0;0;3;2
2020-12-09 02:14:59;44;0;9;9;5;4;2;0;0;3;2
2020-12-09 02:15:59;44;0;9;9;5;4;2;0;0;3;2
2020-12-09 02:16:58;44;0;9;9;5;4;2;0;0;3;2
2020-12-09 02:17:59;44;0;9;9;5;4;2;0;0;3;2
2020-12-09 02:18:59;44;0;9;9;5;4;2;0;0;3;2
2020-12-09 02:19:58;44;0;9;9;5;4;2;0;0;3;2
2020-12-09 02:20:59;45;0;9;9;5;4;3;0;0;3;2
2020-12-09 02:21:58;45;0;9;9;5;4;3;0;0;3;2
2020-12-09 02:22:59;45;0;9;9;5;4;3;0;0;3;2
2020-12-09 02:23:59;45;0;9;9;5;4;3;0;0;3;2
2020-12-09 02:24:58;45;0;9;9;5;4;3;0;0;3;2
2020-12-09 02:25:59;45;0;9;9;5;4;3;0;0;3;2
2020-12-09 02:26:59;45;0;9;9;5;4;3;0;0;3;2
2020-12-09 02:27:58;46;1;9;9;5;4;3;0;0;3;2
2020-12-09 02:28:59;46;0;9;10;5;4;3;0;0;3;2
2020-12-09 02:29:59;46;0;9;10;5;4;3;0;0;3;2
2020-12-09 02:30:58;46;0;9;10;5;4;3;0;0;3;2
2020-12-09 02:31:59;46;0;9;10;5;4;3;0;0;3;2
2020-12-09 02:32:58;46;0;9;10;5;4;3;0;0;3;2
2020-12-09 02:33:59;46;0;9;10;5;4;3;0;0;3;2
2020-12-09 02:34:59;46;0;9;10;5;4;3;0;0;3;2
2020-12-09 02:35:58;46;0;9;10;5;4;3;0;0;3;2
2020-12-09 02:36:59;46;0;9;10;5;4;3;0;0;3;2
2020-12-09 02:37:59;46;0;9;10;5;4;3;0;0;3;2
2020-12-09 02:38:58;46;0;9;10;5;4;3;0;0;3;2
2020-12-09 02:39:59;47;1;9;10;5;4;3;0;0;3;2
2020-12-09 02:40:58;47;1;9;10;5;4;3;0;0;3;2
2020-12-09 02:41:59;48;1;10;10;5;4;3;0;0;3;2
2020-12-09 02:42:59;48;1;10;10;5;4;3;0;0;3;2
2020-12-09 02:43:58;48;1;10;10;5;4;3;0;0;3;2
2020-12-09 02:44:59;48;1;10;10;5;4;3;0;0;3;2
2020-12-09 02:45:58;48;1;10;10;5;4;3;0;0;3;2
2020-12-09 02:46:59;48;1;10;10;5;4;3;0;0;3;2
2020-12-09 02:47:59;48;1;10;10;5;4;3;0;0;3;2
2020-12-09 02:48:58;48;1;10;10;5;4;3;0;0;3;2
2020-12-09 02:49:59;48;1;10;10;5;4;3;0;0;3;2
2020-12-09 02:50:58;48;1;10;10;5;4;3;0;0;3;2
2020-12-09 02:51:59;48;1;10;10;5;4;3;0;0;3;2
2020-12-09 02:52:59;48;1;10;10;5;4;3;0;0;3;2
2020-12-09 02:53:58;48;1;10;10;5;4;3;0;0;3;2
2020-12-09 02:54:59;48;1;10;10;5;4;3;0;0;3;2
2020-12-09 02:55:58;48;1;10;10;5;4;3;0;0;3;2
2020-12-09 02:56:59;49;1;11;10;5;4;3;0;0;3;2
2020-12-09 02:57:58;49;1;11;10;5;4;3;0;0;3;2
2020-12-09 02:58:59;49;1;11;10;5;4;3;0;0;3;2
2020-12-09 02:59:59;49;1;11;10;5;4;3;0;0;3;2
2020-12-09 03:00:58;49;1;11;10;5;4;3;0;0;3;2
2020-12-09 03:01:59;50;1;11;10;5;4;3;0;0;3;2
2020-12-09 03:02:59;50;1;11;10;5;4;3;0;0;3;2
2020-12-09 03:03:58;50;1;11;10;5;4;3;0;0;3;2
2020-12-09 03:04:59;50;1;11;10;5;4;3;0;0;3;2
2020-12-09 03:05:59;50;1;11;10;5;4;3;0;0;3;2
2020-12-09 03:06:58;50;1;11;10;5;4;3;0;0;3;2
2020-12-09 03:07:59;50;1;11;10;5;4;3;0;0;3;2
2020-12-09 03:08:59;50;1;11;10;5;4;3;0;0;3;2
2020-12-09 03:09:59;50;1;11;10;5;4;3;0;0;3;2
2020-12-09 03:10:58;50;1;11;10;5;4;3;0;0;3;2
2020-12-09 03:11:59;50;1;11;10;5;4;3;0;0;3;2
2020-12-09 03:12:59;50;1;11;10;5;4;3;0;0;3;2
2020-12-09 03:13:58;50;1;11;10;5;4;3;0;0;3;2
2020-12-09 03:14:59;50;1;11;10;5;4;3;0;0;3;2
2020-12-09 03:15:58;50;1;11;10;5;4;3;0;0;3;2
2020-12-09 03:16:59;50;1;11;10;5;4;3;0;0;3;2
2020-12-09 03:17:58;50;1;11;10;5;4;3;0;0;3;2
2020-12-09 03:18:59;50;1;11;10;5;4;3;0;0;3;2
2020-12-09 03:19:58;50;1;11;10;5;4;3;0;0;3;2
2020-12-09 03:20:59;50;1;11;10;5;4;3;0;0;3;2
2020-12-09 03:21:58;50;1;11;10;5;4;3;0;0;3;2
2020-12-09 03:22:59;50;1;11;10;5;4;3;0;0;3;2
2020-12-09 03:23:59;50;1;11;10;5;4;3;0;0;3;2
2020-12-09 03:24:58;50;1;11;10;5;4;3;0;0;3;2
2020-12-09 03:25:59;50;1;11;10;5;4;3;0;0;3;2
2020-12-09 03:26:59;50;1;11;10;5;4;3;0;0;3;2
2020-12-09 03:27:58;50;1;11;10;5;4;3;0;0;3;2
2020-12-09 03:28:59;50;1;11;10;5;4;3;0;0;3;2
2020-12-09 03:29:59;50;1;11;10;5;4;3;0;0;3;2
2020-12-09 03:30:58;50;1;11;10;5;4;3;0;0;3;2
2020-12-09 03:31:59;51;1;11;11;5;4;3;0;0;3;2
2020-12-09 03:32:58;51;1;11;11;5;4;3;0;0;3;2
2020-12-09 03:33:59;51;1;11;11;5;4;3;0;0;3;2
2020-12-09 03:34:59;51;1;11;11;5;4;3;0;0;3;2
2020-12-09 03:35:59;51;1;11;11;5;4;3;0;0;3;2
2020-12-09 03:36:59;51;1;11;11;5;4;3;0;0;3;2
2020-12-09 03:37:59;51;1;11;11;5;4;3;0;0;3;2
2020-12-09 03:38:58;51;1;11;11;5;4;3;0;0;3;2
2020-12-09 03:39:59;51;1;11;11;5;4;3;0;0;3;2
2020-12-09 03:40:58;51;1;11;11;5;4;3;0;0;3;2
2020-12-09 03:41:59;51;1;11;11;5;4;3;0;0;3;2
2020-12-09 03:42:58;51;1;11;11;5;4;3;0;0;3;2
2020-12-09 03:43:59;51;1;11;11;5;4;3;0;0;3;2
2020-12-09 03:44:58;51;1;11;11;5;4;3;0;0;3;2
2020-12-09 03:45:59;51;1;11;11;5;4;3;0;0;3;2
2020-12-09 03:46:59;51;1;11;11;5;4;3;0;0;3;2
2020-12-09 03:47:58;51;1;11;11;5;4;3;0;0;3;2
2020-12-09 03:48:59;51;1;11;11;5;4;3;0;0;3;2
2020-12-09 03:49:58;51;1;11;11;5;4;3;0;0;3;2
2020-12-09 03:50:59;51;1;11;11;5;4;3;0;0;3;2
2020-12-09 03:51:58;51;1;11;11;5;4;3;0;0;3;2
2020-12-09 03:52:59;51;1;11;11;5;4;3;0;0;3;2
2020-12-09 03:53:59;51;1;11;11;5;4;3;0;0;3;2
2020-12-09 03:54:58;51;1;11;11;5;4;3;0;0;3;2
2020-12-09 03:55:59;51;1;11;11;5;4;3;0;0;3;2
2020-12-09 03:56:58;51;1;11;11;5;4;3;0;0;3;2
2020-12-09 03:57:59;51;1;11;11;5;4;3;0;0;3;2
2020-12-09 03:58:59;51;1;11;11;5;4;3;0;0;3;2
2020-12-09 03:59:58;51;1;11;11;5;4;3;0;0;3;2
2020-12-09 04:00:59;51;1;11;11;5;4;3;0;0;3;2
2020-12-09 04:01:58;51;1;11;11;5;4;3;0;0;3;2
2020-12-09 04:02:59;51;1;11;11;5;4;3;0;0;3;2
2020-12-09 04:03:59;51;1;11;11;5;4;3;0;0;3;2
2020-12-09 04:04:58;51;1;11;11;5;4;3;0;0;3;2
2020-12-09 04:05:59;51;1;11;11;5;4;3;0;0;3;2
2020-12-09 04:06:58;51;1;11;11;5;4;3;0;0;3;2
2020-12-09 04:07:59;51;1;11;11;5;4;3;0;0;3;2
2020-12-09 04:08:59;51;1;11;11;5;4;3;0;0;3;2
2020-12-09 04:09:58;51;1;11;11;5;4;3;0;0;3;2
2020-12-09 04:10:59;51;1;11;11;5;4;3;0;0;3;2
2020-12-09 04:11:59;51;1;11;11;5;4;3;0;0;3;2
2020-12-09 04:12:58;51;1;11;11;5;4;3;0;0;3;2
2020-12-09 04:13:59;51;1;11;11;5;4;3;0;0;3;2
2020-12-09 04:14:58;51;1;11;11;5;4;3;0;0;3;2
2020-12-09 04:15:59;51;1;11;11;5;4;3;0;0;3;2
2020-12-09 04:16:59;51;1;11;11;5;4;3;0;0;3;2
2020-12-09 04:17:58;51;1;11;11;5;4;3;0;0;3;2
2020-12-09 04:18:59;51;1;11;11;5;4;3;0;0;3;2
2020-12-09 04:19:58;51;1;11;11;5;4;3;0;0;3;2
2020-12-09 04:20:59;51;1;11;11;5;4;3;0;0;3;2
2020-12-09 04:21:58;51;1;11;11;5;4;3;0;0;3;2
2020-12-09 04:22:59;51;1;11;11;5;4;3;0;0;3;2
2020-12-09 04:23:59;51;1;11;11;5;4;3;0;0;3;2
2020-12-09 04:24:59;51;1;11;11;5;4;3;0;0;3;2
2020-12-09 04:25:58;51;1;11;11;5;4;3;0;0;3;2
2020-12-09 04:26:59;51;1;11;11;5;4;3;0;0;3;2
2020-12-09 04:27:58;51;1;11;11;5;4;3;0;0;3;2
2020-12-09 04:28:59;51;1;11;11;5;4;3;0;0;3;2
2020-12-09 04:29:59;51;1;11;11;5;4;3;0;0;3;2
2020-12-09 04:30:58;51;1;11;11;5;4;3;0;0;3;2
2020-12-09 04:31:59;51;1;11;11;5;4;3;0;0;3;2
2020-12-09 04:33:00;51;1;11;11;5;4;3;0;0;3;2
2020-12-09 04:33:58;51;1;11;11;5;4;3;0;0;3;2
2020-12-09 04:34:59;51;1;11;11;5;4;3;0;0;3;2
2020-12-09 04:35:58;51;1;11;11;5;4;3;0;0;3;2
2020-12-09 04:36:59;51;1;11;11;5;4;3;0;0;3;2
2020-12-09 04:37:59;51;1;11;11;5;4;3;0;0;3;2
2020-12-09 04:38:58;51;1;11;11;5;4;3;0;0;3;2
2020-12-09 04:39:59;51;1;11;11;5;4;3;0;0;3;2
2020-12-09 04:40:59;51;1;11;11;5;4;3;0;0;3;2
2020-12-09 04:41:58;52;2;11;11;5;4;3;0;0;3;2
2020-12-09 04:42:59;52;2;11;11;5;4;3;0;0;3;2
2020-12-09 04:43:58;52;2;11;11;5;4;3;0;0;3;2
2020-12-09 04:44:59;52;2;11;11;5;4;3;0;0;3;2
2020-12-09 04:46:00;52;2;11;11;5;4;3;0;0;3;2
2020-12-09 04:46:58;52;2;11;11;5;4;3;0;0;3;2
2020-12-09 04:47:59;52;2;11;11;5;4;3;0;0;3;2
2020-12-09 04:48:58;52;2;11;11;5;4;3;0;0;3;2
2020-12-09 04:49:59;52;2;11;11;5;4;3;0;0;3;2
2020-12-09 04:50:59;52;2;11;11;5;4;3;0;0;3;2
2020-12-09 04:51:58;52;2;11;11;5;4;3;0;0;3;2
2020-12-09 04:52:59;52;2;11;11;5;4;3;0;0;3;2
2020-12-09 04:53:59;52;2;11;11;5;4;3;0;0;3;2
2020-12-09 04:54:59;52;2;11;11;5;4;3;0;0;3;2
2020-12-09 04:55:58;52;2;11;11;5;4;3;0;0;3;2
2020-12-09 04:56:59;52;2;11;11;5;4;3;0;0;3;2
2020-12-09 04:57:59;52;2;11;11;5;4;3;0;0;3;2
2020-12-09 04:58:58;52;2;11;11;5;4;3;0;0;3;2
2020-12-09 04:59:59;52;2;11;11;5;4;3;0;0;3;2
2020-12-09 05:00:58;52;2;11;11;5;4;3;0;0;3;2
2020-12-09 05:01:59;52;2;11;11;5;4;3;0;0;3;2
2020-12-09 05:02:59;53;3;11;11;5;4;3;0;0;3;2
2020-12-09 05:03:58;53;3;11;11;5;4;3;0;0;3;2
2020-12-09 05:04:59;53;3;11;11;5;4;3;0;0;3;2
2020-12-09 05:05:59;53;3;11;11;5;4;3;0;0;3;2
2020-12-09 05:06:59;53;3;11;11;5;4;3;0;0;3;2
2020-12-09 05:07:59;53;3;11;11;5;4;3;0;0;3;2
2020-12-09 05:08:58;53;3;11;11;5;4;3;0;0;3;2
2020-12-09 05:09:59;53;3;11;11;5;4;3;0;0;3;2
2020-12-09 05:10:58;55;3;13;11;5;4;3;0;0;3;2
2020-12-09 05:11:59;54;3;12;11;5;4;3;0;0;3;2
2020-12-09 05:12:59;55;3;13;11;5;4;3;0;0;3;2
2020-12-09 05:13:58;55;3;13;11;5;4;3;0;0;3;2
2020-12-09 05:14:59;55;3;13;11;5;4;3;0;0;3;2
2020-12-09 05:15:59;55;3;13;11;5;4;3;0;0;3;2
2020-12-09 05:16:58;55;3;13;11;5;4;3;0;0;3;2
2020-12-09 05:17:59;55;3;13;11;5;4;3;0;0;3;2
2020-12-09 05:18:58;56;4;13;11;5;4;3;0;0;3;2
2020-12-09 05:19:59;56;4;13;11;5;4;3;0;0;3;2
2020-12-09 05:20:59;56;4;13;11;5;4;3;0;0;3;2
2020-12-09 05:21:58;56;4;13;11;5;4;3;0;0;3;2
2020-12-09 05:22:59;56;4;13;11;5;4;3;0;0;3;2
2020-12-09 05:23:59;57;5;13;11;5;4;3;0;0;3;2
2020-12-09 05:24:58;57;5;13;11;5;4;3;0;0;3;2
2020-12-09 05:25:59;57;5;13;11;5;4;3;0;0;3;2
2020-12-09 05:26:59;57;5;13;11;5;4;3;0;0;3;2
2020-12-09 05:27:58;57;5;13;11;5;4;3;0;0;3;2
2020-12-09 05:28:59;57;5;13;11;5;4;3;0;0;3;2
2020-12-09 05:30:00;57;5;13;11;5;4;3;0;0;3;2
2020-12-09 05:30:58;57;5;13;11;5;4;3;0;0;3;2
2020-12-09 05:31:59;57;5;13;11;5;4;3;0;0;3;2
2020-12-09 05:32:58;57;5;13;11;5;4;3;0;0;3;2
2020-12-09 05:33:59;57;5;13;11;5;4;3;0;0;3;2
2020-12-09 05:34:59;57;5;13;11;5;4;3;0;0;3;2
2020-12-09 05:35:58;58;5;13;11;5;5;3;0;0;3;2
2020-12-09 05:36:59;58;5;13;11;5;5;3;0;0;3;2
2020-12-09 05:37:58;58;5;13;11;5;5;3;0;0;3;2
2020-12-09 05:38:59;58;5;13;11;5;5;3;0;0;3;2
2020-12-09 05:39:58;58;5;13;11;5;5;3;0;0;3;2
2020-12-09 05:40:59;58;5;13;11;5;5;3;0;0;3;2
2020-12-09 05:41:59;58;5;13;11;5;5;3;0;0;3;2
2020-12-09 05:42:58;58;5;13;11;5;5;3;0;0;3;2
2020-12-09 05:43:59;58;5;13;11;5;5;3;0;0;3;2
2020-12-09 05:44:59;58;5;13;11;5;5;3;0;0;3;2
2020-12-09 05:45:58;59;6;13;11;5;5;3;0;0;3;2
2020-12-09 05:46:59;59;6;13;11;5;5;3;0;0;3;2
2020-12-09 05:47:58;60;6;13;12;5;5;3;0;0;3;2
2020-12-09 05:48:59;60;6;13;12;5;5;3;0;0;3;2
2020-12-09 05:49:59;60;6;13;12;5;5;3;0;0;3;2
2020-12-09 05:50:58;60;6;13;12;5;5;3;0;0;3;2
2020-12-09 05:51:59;60;6;13;12;5;5;3;0;0;3;2
2020-12-09 05:52:59;60;6;13;12;5;5;3;0;0;3;2
2020-12-09 05:53:58;60;6;13;12;5;5;3;0;0;3;2
2020-12-09 05:54:59;60;6;13;12;5;5;3;0;0;3;2
2020-12-09 05:55:58;60;6;13;12;5;5;3;0;0;3;2
2020-12-09 05:56:59;61;6;13;12;5;5;4;0;0;3;2
2020-12-09 05:57:58;61;6;13;12;5;5;4;0;0;3;2
2020-12-09 05:58:59;61;6;13;12;5;5;4;0;0;3;2
2020-12-09 05:59:58;61;6;13;12;5;5;4;0;0;3;2
2020-12-09 06:00:59;61;6;13;12;5;5;4;0;0;3;2
2020-12-09 06:01:59;61;6;13;12;5;5;4;0;0;3;2
2020-12-09 06:02:58;61;6;13;12;5;5;4;0;0;3;2
2020-12-09 06:03:59;61;6;13;12;5;5;4;0;0;3;2
2020-12-09 06:04:59;61;6;13;12;5;5;4;0;0;3;2
2020-12-09 06:05:58;61;6;13;12;5;5;4;0;0;3;2
2020-12-09 06:06:59;61;6;13;12;5;5;4;0;0;3;2
2020-12-09 06:07:59;61;6;13;12;5;5;4;0;0;3;2
2020-12-09 06:08:58;62;7;13;12;5;5;4;0;0;3;2
2020-12-09 06:09:59;62;7;13;12;5;5;4;0;0;3;2
2020-12-09 06:10:59;62;7;13;12;5;5;4;0;0;3;2
2020-12-09 06:11:58;62;7;13;12;5;5;4;0;0;3;2
2020-12-09 06:12:59;62;7;13;12;5;5;4;0;0;3;2
2020-12-09 06:13:59;62;7;13;12;5;5;4;0;0;3;2
2020-12-09 06:14:58;62;7;13;12;5;5;4;0;0;3;2
2020-12-09 06:15:59;62;7;13;12;5;5;4;0;0;3;2
2020-12-09 06:16:58;62;7;13;12;5;5;4;0;0;3;2
2020-12-09 06:17:59;63;7;13;12;5;5;4;0;0;3;2
2020-12-09 06:18:59;63;7;13;12;5;5;4;0;0;3;2
2020-12-09 06:19:58;63;7;13;12;5;5;4;0;0;3;2
2020-12-09 06:20:59;63;7;13;12;5;5;4;0;0;3;2
2020-12-09 06:21:58;63;7;13;12;5;5;4;0;0;3;2
2020-12-09 06:22:59;63;7;13;12;5;5;4;0;0;3;2
2020-12-09 06:23:59;63;7;13;12;5;5;4;0;0;3;2
2020-12-09 06:24:58;63;7;13;12;5;5;4;0;0;3;2
2020-12-09 06:25:59;63;7;13;12;5;5;4;0;0;3;2
2020-12-09 06:26:59;64;7;13;12;5;5;4;0;0;3;2
2020-12-09 06:27:58;64;7;13;12;5;5;4;0;0;3;2
2020-12-09 06:28:59;64;7;13;12;5;5;4;0;0;3;2
2020-12-09 06:29:59;64;7;13;12;5;5;4;0;0;3;2
2020-12-09 06:30:58;64;7;13;12;5;5;4;0;0;3;2
2020-12-09 06:31:59;64;7;13;12;5;5;4;0;0;3;2
2020-12-09 06:32:59;64;7;13;12;5;5;4;0;0;3;2
2020-12-09 06:33:58;64;7;13;12;5;5;4;0;0;3;2
2020-12-09 06:34:59;65;8;13;12;5;5;4;0;0;3;2
2020-12-09 06:35:58;65;8;13;12;5;5;4;0;0;3;2
2020-12-09 06:36:59;65;8;13;12;5;5;4;0;0;3;2
2020-12-09 06:37:59;65;8;13;12;5;5;4;0;0;3;2
2020-12-09 06:38:58;65;8;13;12;5;5;4;0;0;3;2
2020-12-09 06:39:59;65;8;13;12;5;5;4;0;0;3;2
2020-12-09 06:40:58;65;8;13;12;5;5;4;0;0;3;2
2020-12-09 06:41:59;65;8;13;12;5;5;4;0;0;3;2
2020-12-09 06:43:00;65;8;13;12;5;5;4;0;0;3;2
2020-12-09 06:43:58;65;8;13;12;5;5;4;0;0;3;2
2020-12-09 06:44:59;65;8;13;12;5;5;4;0;0;3;2
2020-12-09 06:45:58;65;8;13;12;5;5;4;0;0;3;2
2020-12-09 06:46:59;65;8;13;12;5;5;4;0;0;3;2
2020-12-09 06:47:59;65;8;13;12;5;5;4;0;0;3;2
2020-12-09 06:48:58;65;8;13;12;5;5;4;0;0;3;2
2020-12-09 06:49:59;65;8;13;12;5;5;4;0;0;3;2
2020-12-09 06:50:59;65;8;13;12;5;5;4;0;0;3;2
2020-12-09 06:51:58;65;8;13;12;5;5;4;0;0;3;2
2020-12-09 06:52:59;65;8;13;12;5;5;4;0;0;3;2
2020-12-09 06:53:58;65;8;13;12;5;5;4;0;0;3;2
2020-12-09 06:54:59;65;8;13;12;5;5;4;0;0;3;2
2020-12-09 06:56:00;65;8;13;12;5;5;4;0;0;3;2
2020-12-09 06:56:58;65;8;13;12;5;5;4;0;0;3;2
2020-12-09 06:57:59;65;8;13;12;5;5;4;0;0;3;2
2020-12-09 06:59:00;67;9;14;12;5;5;4;0;0;3;2
2020-12-09 06:59:58;67;9;14;12;5;5;4;0;0;3;2
2020-12-09 07:00:59;67;9;14;12;5;5;4;0;0;3;2
2020-12-09 07:01:59;67;9;14;12;5;5;4;0;0;3;2
2020-12-09 07:02:59;68;9;14;12;5;5;5;0;0;3;2
2020-12-09 07:03:58;68;9;14;12;5;5;5;0;0;3;2
2020-12-09 07:04:59;68;9;14;12;5;5;5;0;0;3;2
2020-12-09 07:05:59;68;9;14;12;5;5;5;0;0;3;2
2020-12-09 07:06:58;69;9;14;13;5;5;5;0;0;3;2
2020-12-09 07:07:59;69;9;14;13;5;5;5;0;0;3;2
2020-12-09 07:08:59;69;9;14;13;5;5;5;0;0;3;2
2020-12-09 07:09:58;69;9;14;13;5;5;5;0;0;3;2
2020-12-09 07:10:59;69;9;14;13;5;5;5;0;0;3;2
2020-12-09 07:11:58;69;9;14;13;5;5;5;0;0;3;2
2020-12-09 07:12:59;69;9;14;13;5;5;5;0;0;3;2
2020-12-09 07:13:59;69;9;14;13;5;5;5;0;0;3;2
2020-12-09 07:14:58;70;9;14;13;5;5;5;0;0;3;2
2020-12-09 07:15:59;70;9;14;13;5;5;5;0;0;3;2
2020-12-09 07:16:59;70;9;14;13;5;5;5;0;0;3;2
2020-12-09 07:17:58;70;9;14;13;5;5;5;0;0;3;2
2020-12-09 07:18:59;70;9;14;13;5;5;5;0;0;3;2
2020-12-09 07:19:58;70;9;14;13;5;5;5;0;0;3;2
2020-12-09 07:20:59;70;9;14;13;5;5;5;0;0;3;2
2020-12-09 07:21:58;72;11;14;13;5;5;5;0;0;3;2
2020-12-09 07:22:59;72;11;14;13;5;5;5;0;0;3;2
2020-12-09 07:23:59;72;11;14;13;5;5;5;0;0;3;2
2020-12-09 07:24:58;72;11;14;13;5;5;5;0;0;3;2
2020-12-09 07:25:59;72;11;14;13;5;5;5;0;0;3;2
2020-12-09 07:26:59;74;12;14;13;5;5;5;0;0;3;2
2020-12-09 07:27:58;74;12;14;13;5;5;5;0;0;3;2
2020-12-09 07:28:59;74;12;14;13;5;5;5;0;0;3;2
2020-12-09 07:29:59;74;12;14;13;5;5;5;0;0;3;2
2020-12-09 07:30:58;75;12;15;13;5;5;5;0;0;3;2
2020-12-09 07:31:59;75;12;15;13;5;5;5;0;0;3;2
2020-12-09 07:32:59;76;13;15;13;5;5;5;0;0;3;2
2020-12-09 07:33:58;76;13;15;13;5;5;5;0;0;3;2
2020-12-09 07:34:59;76;13;15;13;5;5;5;0;0;3;2
2020-12-09 07:36:00;77;14;15;13;5;5;5;0;0;3;2
2020-12-09 07:36:58;77;14;15;13;5;5;5;0;0;3;2
2020-12-09 07:37:59;77;14;15;13;5;5;5;0;0;3;2
2020-12-09 07:38:58;77;14;15;13;5;5;5;0;0;3;2
2020-12-09 07:39:59;77;14;15;13;5;5;5;0;0;3;2
2020-12-09 07:40:59;77;14;15;13;5;5;5;0;0;3;2
2020-12-09 07:41:58;78;15;15;13;5;5;5;0;0;3;2
2020-12-09 07:42:59;78;15;15;13;5;5;5;0;0;3;2
2020-12-09 07:44:00;79;15;16;13;5;5;5;0;0;3;2
2020-12-09 07:44:58;79;15;16;13;5;5;5;0;0;3;2
2020-12-09 07:45:59;79;15;16;13;5;5;5;0;0;3;2
2020-12-09 07:46:58;79;15;16;13;5;5;5;0;0;3;2
2020-12-09 07:47:59;79;15;16;13;5;5;5;0;0;3;2
2020-12-09 07:48:59;79;15;16;13;5;5;5;0;0;3;2
2020-12-09 07:49:58;80;15;16;13;5;5;6;0;0;3;2
2020-12-09 07:50:59;80;15;16;13;5;5;6;0;0;3;2
2020-12-09 07:51:59;80;15;16;13;5;5;6;0;0;3;2
2020-12-09 07:52:58;80;15;16;13;5;5;6;0;0;3;2
2020-12-09 07:53:59;80;15;16;13;5;5;6;0;0;3;2
2020-12-09 07:54:59;80;15;16;13;5;5;6;0;0;3;2
2020-12-09 07:55:58;80;15;16;13;5;5;6;0;0;3;2
2020-12-09 07:56:59;80;15;16;13;5;5;6;0;0;3;2
2020-12-09 07:57:58;80;15;16;13;5;5;6;0;0;3;2
2020-12-09 07:58:59;80;15;16;13;5;5;6;0;0;3;2
2020-12-09 07:59:59;80;15;16;13;5;5;6;0;0;3;2
2020-12-09 08:00:58;80;15;16;13;5;5;6;0;0;3;2
2020-12-09 08:01:59;80;15;16;13;5;5;6;0;0;3;2
2020-12-09 08:02:58;80;15;16;13;5;5;6;0;0;3;2
2020-12-09 08:03:59;80;15;16;13;5;5;6;0;0;3;2
2020-12-09 08:04:59;80;15;16;13;5;5;6;0;0;3;2
2020-12-09 08:05:59;80;15;16;13;5;5;6;0;0;3;2
2020-12-09 08:06:58;80;15;16;13;5;5;6;0;0;3;2
2020-12-09 08:07:59;80;15;16;13;5;5;6;0;0;3;2
2020-12-09 08:08:58;80;15;16;13;5;5;6;0;0;3;2
2020-12-09 08:09:59;80;15;16;13;5;5;6;0;0;3;2
2020-12-09 08:10:59;80;15;16;13;5;5;6;0;0;3;2
2020-12-09 08:11:58;80;15;16;13;5;5;6;0;0;3;2
2020-12-09 08:12:59;80;15;16;13;5;5;6;0;0;3;2
2020-12-09 08:13:59;80;15;16;13;5;5;6;0;0;3;2
2020-12-09 08:14:58;80;15;16;13;5;5;6;0;0;3;2
2020-12-09 08:15:59;80;15;16;13;5;5;6;0;0;3;2
2020-12-09 08:17:00;80;15;16;13;5;5;6;0;0;3;2
2020-12-09 08:17:58;80;15;16;13;5;5;6;0;0;3;2
2020-12-09 08:18:59;80;15;16;13;5;5;6;0;0;3;2
2020-12-09 08:19:58;80;15;16;13;5;5;6;0;0;3;2
2020-12-09 08:20:59;80;15;16;13;5;5;6;0;0;3;2
2020-12-09 08:21:59;80;15;16;13;5;5;6;0;0;3;2
2020-12-09 08:22:58;80;15;16;13;5;5;6;0;0;3;2
2020-12-09 08:23:59;80;15;16;13;5;5;6;0;0;3;2
2020-12-09 08:24:59;80;15;16;13;5;5;6;0;0;3;2
2020-12-09 08:25:59;80;15;16;13;5;5;6;0;0;3;2
2020-12-09 08:26:58;80;15;16;13;5;5;6;0;0;3;2
2020-12-09 08:27:59;80;15;16;13;5;5;6;0;0;3;2
2020-12-09 08:28:59;80;15;16;13;5;5;6;0;0;3;2
2020-12-09 08:29:58;80;15;16;13;5;5;6;0;0;3;2
2020-12-09 08:30:59;80;15;16;13;5;5;6;0;0;3;2
2020-12-09 08:31:59;80;15;16;13;5;5;6;0;0;3;2
2020-12-09 08:32:58;80;15;16;13;5;5;6;0;0;3;2
2020-12-09 08:33:59;80;15;16;13;5;5;6;0;0;3;2
2020-12-09 08:34:59;80;16;16;13;5;5;5;0;0;3;2
2020-12-09 08:35:58;80;16;16;13;5;5;5;0;0;3;2
2020-12-09 08:36:59;80;16;16;13;5;5;5;0;0;3;2
2020-12-09 08:38:00;80;16;16;13;5;5;5;0;0;3;2
2020-12-09 08:38:58;81;17;16;13;5;5;5;0;0;3;2
2020-12-09 08:39:59;81;17;16;13;5;5;5;0;0;3;2
2020-12-09 08:41:00;81;17;16;13;5;5;5;0;0;3;2
2020-12-09 08:41:58;81;17;16;13;5;5;5;0;0;3;2
2020-12-09 08:42:59;81;17;16;13;5;5;5;0;0;3;2
2020-12-09 08:43:59;81;17;16;13;5;5;5;0;0;3;2
2020-12-09 08:44:58;81;17;16;13;5;5;5;0;0;3;2
2020-12-09 08:45:59;82;18;16;13;5;5;5;0;0;3;2
2020-12-09 08:46:59;83;19;16;13;5;5;5;0;0;3;2
2020-12-09 08:47:58;83;19;16;13;5;5;5;0;0;3;2
2020-12-09 08:48:59;83;19;16;13;5;5;5;0;0;3;2
2020-12-09 08:49:58;82;19;15;13;5;5;5;0;0;3;2
2020-12-09 08:50:59;82;19;15;13;5;5;5;0;0;3;2
2020-12-09 08:51:58;83;19;16;13;5;5;5;0;0;3;2
2020-12-09 08:52:59;83;19;16;13;5;5;5;0;0;3;2
2020-12-09 08:53:59;83;19;16;13;5;5;5;0;0;3;2
2020-12-09 08:54:58;84;20;16;13;5;5;5;0;0;3;2
2020-12-09 08:55:59;84;20;16;13;5;5;5;0;0;3;2
2020-12-09 08:56:59;84;20;16;13;5;5;5;0;0;3;2
2020-12-09 08:57:58;84;20;16;13;5;5;5;0;0;3;2
2020-12-09 08:58:59;84;20;16;13;5;5;5;0;0;3;2
2020-12-09 08:59:59;85;20;16;13;5;5;5;0;0;3;2
2020-12-09 09:00:58;85;20;16;13;5;5;5;0;0;3;2
2020-12-09 09:01:59;85;20;16;13;5;5;5;0;0;3;2
2020-12-09 09:03:00;85;20;16;13;5;5;5;0;0;3;2
2020-12-09 09:03:58;85;20;16;13;5;5;5;0;0;3;2
2020-12-09 09:04:59;85;20;16;13;5;5;5;0;0;3;2
2020-12-09 09:05:58;85;20;16;13;5;5;5;0;0;3;2
2020-12-09 09:06:59;85;20;16;13;5;5;5;0;0;3;2
2020-12-09 09:07:59;85;20;16;13;5;5;5;0;0;3;2
2020-12-09 09:08:58;85;20;16;13;5;5;5;0;0;3;2
2020-12-09 09:09:59;85;20;16;13;5;5;5;0;0;3;2
2020-12-09 09:10:59;86;21;16;12;5;5;5;0;0;3;2
2020-12-09 09:11:58;86;21;16;12;5;5;5;0;0;3;2
2020-12-09 09:12:59;86;21;16;12;5;5;5;0;0;3;2
2020-12-09 09:13:58;86;21;16;12;5;5;5;0;0;3;2
2020-12-09 09:14:59;87;22;16;12;5;5;5;0;0;3;2
2020-12-09 09:15:58;87;22;16;12;5;5;5;0;0;3;2
2020-12-09 09:16:59;87;22;16;12;5;5;5;0;0;3;2
2020-12-09 09:18:00;87;22;16;12;5;5;5;0;0;3;2
2020-12-09 09:18:58;88;22;16;12;5;5;5;0;0;3;2
2020-12-09 09:19:59;88;22;16;12;5;5;5;0;0;3;2
2020-12-09 09:20:59;88;22;16;12;5;5;5;0;0;3;2
2020-12-09 09:22:00;88;22;16;12;5;5;5;0;0;3;2
2020-12-09 09:22:58;88;22;16;12;5;5;5;0;0;3;2
2020-12-09 09:23:59;88;22;16;12;5;5;5;0;0;3;2
2020-12-09 09:24:58;88;22;16;12;5;5;5;0;0;3;2
2020-12-09 09:25:59;88;22;16;12;5;5;5;0;0;3;2
2020-12-09 09:26:59;88;22;16;12;5;5;5;0;0;3;2
2020-12-09 09:27:58;88;22;16;12;5;5;5;0;0;3;2
2020-12-09 09:28:59;88;22;16;12;5;5;5;0;0;3;2
2020-12-09 09:29:59;88;22;16;12;5;5;5;0;0;3;2
2020-12-09 09:30:58;88;22;16;12;5;5;5;0;0;3;2
2020-12-09 09:31:59;89;23;16;12;5;5;5;0;0;3;2
2020-12-09 09:32:58;89;23;16;12;5;5;5;0;0;3;2
2020-12-09 09:33:59;89;23;16;12;5;5;5;0;0;3;2
2020-12-09 09:34:58;89;23;16;12;5;5;5;0;0;3;2
2020-12-09 09:35:59;89;23;16;12;5;5;5;0;0;3;2
2020-12-09 09:36:59;90;24;16;12;5;5;5;0;0;3;2
2020-12-09 09:37:58;91;25;16;12;5;5;5;0;0;3;2
2020-12-09 09:38:59;91;25;16;12;5;5;5;0;0;3;2
2020-12-09 09:39:59;91;25;16;12;5;5;5;0;0;3;2
2020-12-09 09:40:58;91;25;16;12;5;5;5;0;0;3;2
2020-12-09 09:41:59;91;25;16;12;5;5;5;0;0;3;2
2020-12-09 09:42:59;91;25;16;12;5;5;5;0;0;3;2
2020-12-09 09:43:58;91;25;16;12;5;5;5;0;0;3;2
2020-12-09 09:44:59;91;25;16;12;5;5;5;0;0;3;2
2020-12-09 09:45:58;91;25;16;12;5;5;5;0;0;3;2
2020-12-09 09:46:59;91;25;16;12;5;5;5;0;0;3;2
2020-12-09 09:47:59;91;25;16;12;5;5;5;0;0;3;2
2020-12-09 09:48:58;91;25;16;12;5;5;5;0;0;3;2
2020-12-09 09:49:59;91;25;16;12;5;5;5;0;0;3;2
2020-12-09 09:50:59;91;25;16;12;5;5;5;0;0;3;2
2020-12-09 09:51:58;91;25;16;12;5;5;5;0;0;3;2
2020-12-09 09:52:59;91;25;16;12;5;5;5;0;0;3;2
2020-12-09 09:53:58;91;25;16;12;5;5;5;0;0;3;2
2020-12-09 09:54:59;91;25;16;12;5;5;5;0;0;3;2
2020-12-09 09:55:59;91;25;16;12;5;5;5;0;0;3;2
2020-12-09 09:56:58;91;25;16;12;5;5;5;0;0;3;2
2020-12-09 09:57:59;91;25;16;12;5;5;5;0;0;3;2
2020-12-09 09:58:58;91;25;16;12;5;5;5;0;0;3;2
2020-12-09 09:59:59;91;25;16;12;5;5;5;0;0;3;2
2020-12-09 10:00:58;91;25;16;12;5;5;5;0;0;3;2
2020-12-09 10:01:59;91;25;16;12;5;5;5;0;0;3;2
2020-12-09 10:02:58;92;25;16;12;5;5;5;0;1;3;2
2020-12-09 10:03:59;92;25;16;12;5;5;5;0;1;3;2
2020-12-09 10:04:59;92;25;16;12;5;5;5;0;1;3;2
2020-12-09 10:05:58;92;25;16;12;5;5;5;0;1;3;2
2020-12-09 10:06:59;92;25;16;12;5;5;5;0;1;3;2
2020-12-09 10:07:58;92;25;16;12;5;5;5;0;1;3;2
2020-12-09 10:08:59;92;25;16;12;5;5;5;0;1;3;2
2020-12-09 10:09:58;92;25;16;12;5;5;5;0;1;3;2
2020-12-09 10:10:59;92;25;16;12;5;5;5;0;1;3;2
2020-12-09 10:11:59;95;27;17;12;5;5;5;0;1;3;2
2020-12-09 10:12:58;95;27;17;12;5;5;5;0;1;3;2
2020-12-09 10:13:59;96;29;17;11;5;5;5;0;1;3;2
2020-12-09 10:15:00;96;29;17;11;5;5;5;0;1;3;2
2020-12-09 10:15:58;96;29;17;11;5;5;5;0;1;3;2
2020-12-09 10:16:59;98;31;17;11;5;5;5;0;1;3;2
2020-12-09 10:17:58;99;31;17;11;5;5;5;0;2;3;2
2020-12-09 10:18:59;99;31;17;11;5;5;5;0;2;3;2
2020-12-09 10:19:59;100;32;17;11;5;5;5;0;2;3;2
2020-12-09 10:20:58;102;33;17;11;5;5;5;0;2;3;2
2020-12-09 10:21:59;102;33;17;11;5;5;5;0;2;3;2
2020-12-09 10:22:58;102;33;17;11;5;5;5;0;2;3;2
2020-12-09 10:23:59;102;33;17;11;5;5;5;0;2;3;2
2020-12-09 10:24:59;102;33;17;11;5;5;5;0;2;3;2
2020-12-09 10:25:58;102;33;17;11;5;5;5;0;2;3;2
2020-12-09 10:26:59;102;33;17;11;5;5;5;0;2;3;2
2020-12-09 10:27:58;102;33;17;11;5;5;5;0;2;3;2
2020-12-09 10:28:59;102;33;17;11;5;5;5;0;2;3;2
2020-12-09 10:29:59;102;33;17;11;5;5;5;0;2;3;2
2020-12-09 10:30:58;103;34;17;11;5;5;5;0;2;3;2
2020-12-09 10:31:59;103;34;17;11;5;5;5;0;2;3;2
2020-12-09 10:32:58;103;34;17;11;5;5;5;0;2;3;2
2020-12-09 10:33:59;103;34;17;11;5;5;5;0;2;3;2
2020-12-09 10:34:59;103;34;17;11;5;5;5;0;2;3;2
2020-12-09 10:35:58;104;34;17;11;5;6;5;0;2;3;2
2020-12-09 10:36:59;104;34;17;11;5;6;5;0;2;3;2
2020-12-09 10:37:59;104;34;17;11;5;6;5;0;2;3;2
2020-12-09 10:38:58;105;34;17;11;5;7;5;0;2;3;2
2020-12-09 10:39:59;105;34;17;11;5;7;5;0;2;3;2
2020-12-09 10:40:59;105;34;17;11;5;7;5;0;2;3;2
2020-12-09 10:41:58;105;34;17;11;5;7;5;0;2;3;2
2020-12-09 10:42:59;106;35;17;11;5;7;5;0;2;3;2
2020-12-09 10:43:59;106;35;17;11;5;7;5;0;2;3;2
2020-12-09 10:44:58;106;35;17;11;5;7;5;0;2;3;2
2020-12-09 10:45:59;106;35;17;11;5;7;5;0;2;3;2
2020-12-09 10:46:59;106;35;17;11;5;7;5;0;2;3;2
2020-12-09 10:47:58;106;35;17;11;5;7;5;0;2;3;2
2020-12-09 10:48:59;107;36;17;11;5;7;5;0;2;3;2
2020-12-09 10:49:59;108;37;17;11;5;7;5;0;2;3;2
2020-12-09 10:50:58;109;37;17;11;5;7;5;0;3;3;2
2020-12-09 10:51:59;109;37;17;11;5;7;5;0;3;3;2
2020-12-09 10:52:59;109;37;17;11;5;7;5;0;3;3;2
2020-12-09 10:53:58;109;37;17;11;5;7;5;0;3;3;2
2020-12-09 10:54:59;109;37;17;11;5;7;5;0;3;3;2
2020-12-09 10:55:59;109;37;17;11;5;7;5;0;3;3;2
2020-12-09 10:56:58;110;37;17;11;5;7;6;0;3;3;2
2020-12-09 10:57:59;110;37;17;11;5;7;6;0;3;3;2
2020-12-09 10:58:58;110;37;17;11;5;7;6;0;3;3;2
2020-12-09 10:59:59;111;38;17;11;5;7;6;0;3;3;2
2020-12-09 11:00:58;111;38;17;11;5;7;6;0;3;3;2
2020-12-09 11:01:59;111;38;17;11;5;7;6;0;3;3;2
2020-12-09 11:02:59;111;38;17;11;5;7;6;0;3;3;2
2020-12-09 11:03:58;112;38;18;11;5;7;6;0;3;3;2
2020-12-09 11:04:59;112;38;18;11;5;7;6;0;3;3;2
2020-12-09 11:05:59;112;38;18;11;5;7;6;0;3;3;2
2020-12-09 11:06:58;112;38;18;11;5;7;6;0;3;3;2
2020-12-09 11:07:59;112;38;18;11;5;7;6;0;3;3;2
2020-12-09 11:08:58;112;38;18;11;5;7;6;0;3;3;2
2020-12-09 11:09:59;112;38;18;11;5;7;6;0;3;3;2
2020-12-09 11:10:58;113;38;18;11;6;7;6;0;3;3;2
2020-12-09 11:11:59;115;40;18;11;6;7;6;0;3;3;2
2020-12-09 11:12:59;115;40;18;11;6;7;6;0;3;3;2
2020-12-09 11:13:58;115;40;18;11;6;7;6;0;3;3;2
2020-12-09 11:14:59;115;40;18;11;6;7;6;0;3;3;2
2020-12-09 11:15:59;114;41;16;11;6;7;6;0;3;3;2
2020-12-09 11:16:58;115;42;16;11;6;7;6;0;3;3;2
2020-12-09 11:17:59;115;42;16;11;6;7;6;0;3;3;2
2020-12-09 11:18:59;115;42;16;11;6;7;6;0;3;3;2
2020-12-09 11:19:58;115;42;16;11;6;7;6;0;3;3;2
2020-12-09 11:20:59;115;42;16;11;6;7;6;0;3;3;2
2020-12-09 11:21:59;115;42;16;11;6;7;6;0;3;3;2
2020-12-09 11:22:58;115;42;16;11;6;7;6;0;3;3;2
2020-12-09 11:23:59;115;42;16;11;6;7;6;0;3;3;2
2020-12-09 11:24:59;115;42;16;11;6;7;6;0;3;3;2
2020-12-09 11:25:58;116;43;16;11;6;7;6;0;3;3;2
2020-12-09 11:26:59;116;43;16;11;6;7;6;0;3;3;2
2020-12-09 11:27:59;116;43;16;11;6;7;6;0;3;3;2
2020-12-09 11:28:58;116;43;16;11;6;7;6;0;3;3;2
2020-12-09 11:29:59;116;43;16;11;6;7;6;0;3;3;2
2020-12-09 11:30:59;116;43;16;11;6;7;6;0;3;3;2
2020-12-09 11:31:58;116;43;16;11;6;7;6;0;3;3;2
2020-12-09 11:32:59;116;43;16;11;6;7;6;0;3;3;2
2020-12-09 11:33:58;116;43;16;11;6;7;6;0;3;3;2
2020-12-09 11:34:59;116;43;16;11;6;7;6;0;3;3;2
2020-12-09 11:35:59;116;43;16;11;6;7;6;0;3;3;2
2020-12-09 11:36:58;117;44;16;11;6;7;6;0;3;3;2
2020-12-09 11:37:59;118;45;16;11;6;7;6;0;3;3;2
2020-12-09 11:38:59;118;45;16;11;6;7;6;0;3;3;2
2020-12-09 11:39:58;118;45;16;11;6;7;6;0;3;3;2
2020-12-09 11:40:59;118;46;15;11;6;7;6;0;3;3;2
2020-12-09 11:41:59;119;47;15;11;6;7;6;0;3;3;2
2020-12-09 11:42:58;119;47;15;11;6;7;6;0;3;3;2
2020-12-09 11:43:59;119;47;15;11;6;7;6;0;3;3;2
2020-12-09 11:44:59;119;47;15;11;6;7;6;0;3;3;2
2020-12-09 11:45:58;119;47;15;11;6;7;6;0;3;3;2
2020-12-09 11:46:59;121;49;15;11;6;7;6;0;3;3;2
2020-12-09 11:47:59;121;49;15;11;6;7;6;0;3;3;2
2020-12-09 11:48:58;122;50;15;11;6;7;6;0;3;3;2
2020-12-09 11:49:59;123;50;16;11;6;7;6;0;3;3;2
2020-12-09 11:50:59;123;50;16;11;6;7;6;0;3;3;2
2020-12-09 11:51:58;123;50;16;11;6;7;6;0;3;3;2
2020-12-09 11:52:59;123;50;16;11;6;7;6;0;3;3;2
2020-12-09 11:53:59;123;50;16;11;6;7;6;0;3;3;2
2020-12-09 11:54:58;123;50;16;11;6;7;6;0;3;3;2
2020-12-09 11:55:59;123;50;16;11;6;7;6;0;3;3;2
2020-12-09 11:56:58;124;51;16;11;6;7;6;0;3;3;2
2020-12-09 11:57:59;125;52;16;11;6;7;6;0;3;3;2
2020-12-09 11:58:59;125;52;16;11;6;7;6;0;3;3;2
2020-12-09 11:59:58;125;52;16;11;6;7;6;0;3;3;2
2020-12-09 12:00:59;125;52;16;11;6;7;6;0;3;3;2
2020-12-09 12:02:00;125;52;16;11;6;7;6;0;3;3;2
2020-12-09 12:02:58;125;52;16;11;6;7;6;0;3;3;2
2020-12-09 12:03:59;126;53;16;11;6;7;6;0;3;3;2
2020-12-09 12:04:58;126;53;16;11;6;7;6;0;3;3;2
2020-12-09 12:05:59;128;55;16;11;6;7;6;0;3;3;2
2020-12-09 12:06:59;128;55;16;11;6;7;6;0;3;3;2
2020-12-09 12:07:58;128;55;16;11;6;7;6;0;3;3;2
2020-12-09 12:08:59;128;55;16;11;6;7;6;0;3;3;2
2020-12-09 12:09:59;128;55;16;11;6;7;6;0;3;3;2
2020-12-09 12:10:58;128;55;16;11;6;7;6;0;3;3;2
2020-12-09 12:11:59;128;55;16;11;6;7;6;0;3;3;2
2020-12-09 12:12:58;129;55;16;11;6;8;6;0;3;3;2
2020-12-09 12:13:59;129;55;16;11;6;8;6;0;3;3;2
2020-12-09 12:14:58;129;55;16;11;6;8;6;0;3;3;2
2020-12-09 12:15:59;129;55;16;11;6;8;6;0;3;3;2
2020-12-09 12:16:59;129;55;16;11;6;8;6;0;3;3;2
2020-12-09 12:17:58;130;56;16;11;6;8;6;0;3;3;2
2020-12-09 12:18:59;130;56;16;11;6;8;6;0;3;3;2
2020-12-09 12:19:59;131;56;16;11;6;9;6;0;3;3;2
2020-12-09 12:20:58;131;56;16;11;6;9;6;0;3;3;2
2020-12-09 12:21:59;131;56;16;11;6;9;6;0;3;3;2
2020-12-09 12:22:59;131;56;16;11;6;9;6;0;3;3;2
2020-12-09 12:23:58;131;56;16;11;6;9;6;0;3;3;2
2020-12-09 12:24:59;131;56;16;11;6;9;6;0;3;3;2
2020-12-09 12:25:58;131;56;16;11;6;9;6;0;3;3;2
2020-12-09 12:26:59;132;56;16;11;6;9;6;0;3;3;2
2020-12-09 12:27:59;133;57;16;11;6;9;6;0;3;3;2
2020-12-09 12:28:58;134;58;16;11;6;9;6;0;3;3;2
2020-12-09 12:29:59;134;58;16;11;6;9;6;0;3;3;2
2020-12-09 12:30:59;134;58;16;11;6;9;6;0;3;3;2
2020-12-09 12:31:58;134;58;16;11;6;9;6;0;3;3;2
2020-12-09 12:32:59;134;58;16;11;6;9;6;0;3;3;2
2020-12-09 12:33:59;134;58;16;11;6;9;6;0;3;3;2
2020-12-09 12:34:59;134;58;16;11;6;9;6;0;3;3;2
2020-12-09 12:35:58;134;58;16;11;6;9;6;0;3;3;2
2020-12-09 12:37:00;134;58;16;11;6;9;6;0;3;3;2
2020-12-09 12:37:58;134;58;16;11;6;9;6;0;3;3;2
2020-12-09 12:38:59;135;59;16;11;6;9;6;0;3;3;2
2020-12-09 12:39:59;135;59;16;11;6;9;6;0;3;3;2
2020-12-09 12:40:59;135;59;16;11;6;9;6;0;3;3;2
2020-12-09 12:41:58;135;59;16;11;6;9;6;0;3;3;2
2020-12-09 12:42:59;135;59;16;11;6;9;6;0;3;3;2
2020-12-09 12:43:59;135;59;16;11;6;9;6;0;3;3;2
2020-12-09 12:44:58;135;59;16;11;6;9;6;0;3;3;2
2020-12-09 12:45:59;135;59;16;11;6;9;6;0;3;3;2
2020-12-09 12:46:59;135;59;16;11;6;9;6;0;3;3;2
2020-12-09 12:47:59;135;59;16;11;6;9;6;0;3;3;2
2020-12-09 12:48:58;135;59;16;11;6;9;6;0;3;3;2
2020-12-09 12:49:59;135;59;16;11;6;9;6;0;3;3;2
2020-12-09 12:51:00;135;59;16;11;6;9;6;0;3;3;2
2020-12-09 12:51:58;136;60;16;11;6;9;6;0;3;3;2
2020-12-09 12:52:59;136;60;16;11;6;9;6;0;3;3;2
2020-12-09 12:53:58;136;60;16;11;6;9;6;0;3;3;2
2020-12-09 12:54:59;137;60;16;11;6;9;6;0;3;3;2
2020-12-09 12:55:59;138;61;16;11;6;9;6;0;3;3;2
2020-12-09 12:56:59;139;62;16;11;6;9;6;0;3;3;2
2020-12-09 12:57:58;139;62;16;11;6;9;6;0;3;3;2
2020-12-09 12:58:59;139;62;16;11;6;9;6;0;3;3;2
2020-12-09 12:59:58;139;62;16;11;6;9;6;0;3;3;2
2020-12-09 13:00:59;139;62;16;11;6;9;6;0;3;3;2
2020-12-09 13:01:59;139;62;16;11;6;9;6;0;3;3;2
2020-12-09 13:02:58;139;62;16;11;6;9;6;0;3;3;2
2020-12-09 13:03:59;139;62;16;11;6;9;6;0;3;3;2
2020-12-09 13:04:58;139;62;16;11;6;9;6;0;3;3;2
2020-12-09 13:05:59;139;62;16;11;6;9;6;0;3;3;2
2020-12-09 13:06:59;139;62;16;11;6;9;6;0;3;3;2
2020-12-09 13:07:58;139;62;16;11;6;9;6;0;3;3;2
2020-12-09 13:08:59;140;63;16;11;6;9;6;0;3;3;2
2020-12-09 13:09:59;140;63;16;11;6;9;6;0;3;3;2
2020-12-09 13:10:58;140;63;16;11;6;9;6;0;3;3;2
2020-12-09 13:11:59;140;63;16;11;6;9;6;0;3;3;2
2020-12-09 13:12:59;140;64;16;11;6;9;6;0;3;2;2
2020-12-09 13:13:59;140;64;16;11;6;9;6;0;3;2;2
2020-12-09 13:14:58;140;65;15;11;6;9;6;0;3;2;2
2020-12-09 13:15:59;140;65;15;11;6;9;6;0;3;2;2
2020-12-09 13:16:59;140;65;15;11;6;9;6;0;3;2;2
2020-12-09 13:17:58;140;65;15;11;6;9;6;0;3;2;2
2020-12-09 13:18:59;140;65;15;11;6;9;6;0;3;2;2
2020-12-09 13:19:59;140;65;15;11;6;9;6;0;3;2;2
2020-12-09 13:20:58;140;65;15;11;6;9;6;0;3;2;2
2020-12-09 13:21:59;141;66;15;11;6;9;6;0;3;2;2
2020-12-09 13:22:58;142;67;15;11;6;9;6;0;3;2;2
2020-12-09 13:23:59;142;67;15;11;6;9;6;0;3;2;2
2020-12-09 13:24:59;142;67;15;11;6;9;6;0;3;2;2
2020-12-09 13:25:58;142;67;15;11;6;9;6;0;3;2;2
2020-12-09 13:26:59;142;67;15;11;6;9;6;0;3;2;2
2020-12-09 13:27:59;142;67;15;11;6;9;6;0;3;2;2
2020-12-09 13:28:58;142;67;15;11;6;9;6;0;3;2;2
2020-12-09 13:29:59;142;67;15;11;6;9;6;0;3;2;2
2020-12-09 13:30:59;142;67;15;11;6;9;6;0;3;2;2
2020-12-09 13:31:58;142;67;15;11;6;9;6;0;3;2;2
2020-12-09 13:32:59;142;67;15;11;6;9;6;0;3;2;2
2020-12-09 13:33:59;142;67;15;11;6;9;6;0;3;2;2
2020-12-09 13:34:58;142;67;15;11;6;9;6;0;3;2;2
2020-12-09 13:35:59;143;67;15;11;6;9;6;0;3;3;2
2020-12-09 13:36:58;143;67;15;11;6;9;6;0;3;3;2
2020-12-09 13:37:59;143;67;15;11;6;9;6;0;3;3;2
2020-12-09 13:38:59;144;67;15;11;6;9;6;0;3;4;2
2020-12-09 13:39:58;144;67;15;11;6;9;6;0;3;4;2
2020-12-09 13:40:59;145;68;15;11;6;9;6;0;3;4;2
2020-12-09 13:41:58;145;68;15;11;6;9;6;0;3;4;2
2020-12-09 13:42:59;145;68;15;11;6;9;6;0;3;4;2
2020-12-09 13:43:58;145;68;15;11;6;9;6;0;3;4;2
2020-12-09 13:44:59;146;69;15;11;6;9;6;0;3;4;2
2020-12-09 13:45:59;146;69;15;11;6;9;6;0;3;4;2
2020-12-09 13:46:58;146;69;15;11;6;9;6;0;3;4;2
2020-12-09 13:47:59;146;69;15;11;6;9;6;0;3;4;2
2020-12-09 13:48:59;146;69;15;11;6;9;6;0;3;4;2
2020-12-09 13:49:58;146;69;15;11;6;9;6;0;3;4;2
2020-12-09 13:50:59;147;70;15;11;6;9;6;0;3;4;2
2020-12-09 13:51:59;147;70;15;11;6;9;6;0;3;4;2
2020-12-09 13:52:58;147;70;15;11;6;9;6;0;3;4;2
2020-12-09 13:53:59;147;70;15;11;6;9;6;0;3;4;2
2020-12-09 13:54:59;148;70;16;11;6;9;6;0;3;4;2
2020-12-09 13:55:58;148;70;16;11;6;9;6;0;3;4;2
2020-12-09 13:56:59;148;70;16;11;6;9;6;0;3;4;2
2020-12-09 13:57:58;148;70;16;11;6;9;6;0;3;4;2
2020-12-09 13:58:59;148;70;16;11;6;9;6;0;3;4;2
2020-12-09 13:59:59;148;70;16;11;6;9;6;0;3;4;2
2020-12-09 14:00:58;148;70;16;11;6;9;6;0;3;4;2
2020-12-09 14:01:59;148;70;16;11;6;9;6;0;3;4;2
2020-12-09 14:02:59;148;70;16;11;6;9;6;0;3;4;2
2020-12-09 14:03:58;148;70;16;11;6;9;6;0;3;4;2
2020-12-09 14:04:59;149;71;16;11;6;9;6;0;3;4;2
2020-12-09 14:05:58;149;71;16;11;6;9;6;0;3;4;2
2020-12-09 14:06:59;149;71;16;11;6;9;6;0;3;4;2
2020-12-09 14:07:59;149;71;16;11;6;9;6;0;3;4;2
2020-12-09 14:08:58;150;72;16;11;6;9;6;0;3;4;2
2020-12-09 14:09:59;150;72;16;11;6;9;6;0;3;4;2
2020-12-09 14:10:59;150;72;16;11;6;9;6;0;3;4;2
2020-12-09 14:11:59;150;72;16;11;6;9;6;0;3;4;2
2020-12-09 14:12:58;150;72;16;11;6;9;6;0;3;4;2
2020-12-09 14:13:59;150;72;16;11;6;9;6;0;3;4;2
2020-12-09 14:14:59;150;72;16;11;6;9;6;0;3;4;2
2020-12-09 14:15:58;150;72;16;11;6;9;6;0;3;4;2
2020-12-09 14:16:59;150;72;16;11;6;9;6;0;3;4;2
2020-12-09 14:17:58;150;72;16;11;6;9;6;0;3;4;2
2020-12-09 14:18:59;150;72;16;11;6;9;6;0;3;4;2
2020-12-09 14:19:59;150;72;16;11;6;9;6;0;3;4;2
2020-12-09 14:20:58;150;72;16;11;6;9;6;0;3;4;2
2020-12-09 14:21:59;150;72;16;11;6;9;6;0;3;4;2
2020-12-09 14:22:59;151;72;16;11;6;9;7;0;3;4;2
2020-12-09 14:23:58;151;72;16;11;6;9;7;0;3;4;2
2020-12-09 14:24:59;151;72;16;11;6;9;7;0;3;4;2
2020-12-09 14:25:59;153;73;17;11;6;9;7;0;3;4;2
2020-12-09 14:26:58;154;74;17;11;6;9;7;0;3;4;2
2020-12-09 14:27:59;154;74;17;11;6;9;7;0;3;4;2
2020-12-09 14:28:58;154;74;17;11;6;9;7;0;3;4;2
2020-12-09 14:29:59;154;74;17;11;6;9;7;0;3;4;2
2020-12-09 14:30:59;154;74;17;11;6;9;7;0;3;4;2
2020-12-09 14:31:58;154;74;17;11;6;9;7;0;3;4;2
2020-12-09 14:32:59;154;74;17;11;6;9;7;0;3;4;2
2020-12-09 14:33:58;154;74;17;11;6;9;7;0;3;4;2
2020-12-09 14:34:59;156;76;17;11;6;9;7;0;3;4;2
2020-12-09 14:35:59;156;76;17;11;6;9;7;0;3;4;2
2020-12-09 14:36:59;156;76;17;11;6;9;7;0;3;4;2
2020-12-09 14:37:58;156;76;17;11;6;9;7;0;3;4;2
2020-12-09 14:38:59;157;76;17;11;6;9;7;0;3;4;2
2020-12-09 14:39:59;157;76;17;11;6;9;7;0;3;4;2
2020-12-09 14:40:58;158;78;16;11;6;9;7;0;3;4;2
2020-12-09 14:41:59;158;77;16;11;7;9;7;0;3;4;2
2020-12-09 14:42:59;158;77;16;11;7;9;7;0;3;4;2
2020-12-09 14:43:58;158;77;16;11;7;9;7;0;3;4;2
2020-12-09 14:44:59;158;77;16;11;7;9;7;0;3;4;2
2020-12-09 14:45:58;158;77;16;11;7;9;7;0;3;4;2
2020-12-09 14:46:59;158;77;16;11;7;9;7;0;3;4;2
2020-12-09 14:47:58;158;77;16;11;7;9;7;0;3;4;2
2020-12-09 14:48:59;158;77;16;11;7;9;7;0;3;4;2
2020-12-09 14:49:58;158;77;16;11;7;9;7;0;3;4;2
2020-12-09 14:50:59;158;77;16;11;7;9;7;0;3;4;2
2020-12-09 14:51:59;158;77;16;11;7;9;7;0;3;4;2
2020-12-09 14:52:58;158;78;16;10;7;9;7;0;3;4;2
2020-12-09 14:53:59;158;78;16;10;7;9;7;0;3;4;2
2020-12-09 14:54:59;158;78;16;10;7;9;7;0;3;4;2
2020-12-09 14:55:58;158;78;16;10;7;9;7;0;3;4;2
2020-12-09 14:56:59;158;78;16;10;7;9;7;0;3;4;2
2020-12-09 14:57:59;158;78;16;10;7;9;7;0;3;4;2
2020-12-09 14:58:58;158;78;16;10;7;9;7;0;3;4;2
2020-12-09 14:59:59;158;78;16;10;7;9;7;0;3;4;2
2020-12-09 15:00:59;158;78;16;10;7;9;7;0;3;4;2
2020-12-09 15:01:59;158;78;16;10;7;9;7;0;3;4;2
2020-12-09 15:02:59;158;78;16;10;7;9;7;0;3;4;2
2020-12-09 15:03:58;158;78;16;10;7;9;7;0;3;4;2
2020-12-09 15:04:59;158;78;16;10;7;9;7;0;3;4;2
2020-12-09 15:05:58;158;78;16;10;7;9;7;0;3;4;2
2020-12-09 15:06:59;158;78;16;10;7;9;7;0;3;4;2
2020-12-09 15:07:59;159;79;16;10;7;9;7;0;3;4;2
2020-12-09 15:08:59;159;79;16;10;7;9;7;0;3;4;2
2020-12-09 15:09:59;159;79;16;10;7;9;7;0;3;4;2
2020-12-09 15:11:00;159;79;16;10;7;9;7;0;3;4;2
2020-12-09 15:11:58;159;79;16;10;7;9;7;0;3;4;2
2020-12-09 15:12:59;159;79;16;10;7;9;7;0;3;4;2
2020-12-09 15:13:59;159;79;16;10;7;9;7;0;3;4;2
2020-12-09 15:14:58;159;79;16;10;7;9;7;0;3;4;2
2020-12-09 15:15:59;159;79;16;10;7;9;7;0;3;4;2
2020-12-09 15:16:59;159;79;16;10;7;9;7;0;3;4;2
2020-12-09 15:17:58;159;79;16;10;7;9;7;0;3;4;2
2020-12-09 15:18:59;159;79;16;10;7;9;7;0;3;4;2
2020-12-09 15:19:59;159;79;16;10;7;9;7;0;3;4;2
2020-12-09 15:20:58;159;79;16;10;7;9;7;0;3;4;2
2020-12-09 15:21:59;159;79;16;10;7;9;7;0;3;4;2
2020-12-09 15:22:59;160;80;16;10;7;9;7;0;3;4;2
2020-12-09 15:23:58;160;80;16;10;7;9;7;0;3;4;2
2020-12-09 15:24:59;160;80;16;10;7;9;7;0;3;4;2
2020-12-09 15:25:58;160;80;16;10;7;9;7;0;3;4;2
2020-12-09 15:26:59;160;80;16;10;7;9;7;0;3;4;2
2020-12-09 15:27:59;160;80;16;10;7;9;7;0;3;4;2
2020-12-09 15:28:58;160;80;16;10;7;9;7;0;3;4;2
2020-12-09 15:29:59;160;80;16;10;7;9;7;0;3;4;2
2020-12-09 15:30:58;160;80;16;10;7;9;7;0;3;4;2
2020-12-09 15:31:59;160;80;16;10;7;9;7;0;3;4;2
2020-12-09 15:32:59;161;81;16;10;7;9;7;0;3;4;2
2020-12-09 15:33:58;161;81;16;10;7;9;7;0;3;4;2
2020-12-09 15:34:59;161;81;16;10;7;9;7;0;3;4;2
2020-12-09 15:35:59;161;81;16;10;7;9;7;0;3;4;2
2020-12-09 15:36:58;161;81;16;10;7;9;7;0;3;4;2
2020-12-09 15:37:59;161;81;16;10;7;9;7;0;3;4;2
2020-12-09 15:38:59;162;81;17;10;7;9;7;0;3;4;2
2020-12-09 15:39:58;162;81;17;10;7;9;7;0;3;4;2
2020-12-09 15:40:59;162;81;17;10;7;9;7;0;3;4;2
2020-12-09 15:41:59;162;81;17;10;7;9;7;0;3;4;2
2020-12-09 15:42:58;162;81;17;10;7;9;7;0;3;4;2
2020-12-09 15:43:59;162;81;17;10;7;9;7;0;3;4;2
2020-12-09 15:44:58;163;82;17;10;7;9;7;0;3;4;2
2020-12-09 15:45:59;163;82;17;10;7;9;7;0;3;4;2
2020-12-09 15:46:59;163;82;17;10;7;9;7;0;3;4;2
2020-12-09 15:47:58;163;82;17;10;7;9;7;0;3;4;2
2020-12-09 15:48:59;163;82;17;10;7;9;7;0;3;4;2
2020-12-09 15:49:59;163;82;17;10;7;9;7;0;3;4;2
2020-12-09 15:50:58;163;82;17;10;7;9;7;0;3;4;2
2020-12-09 15:51:59;163;82;17;10;7;9;7;0;3;4;2
2020-12-09 15:52:59;163;82;17;10;7;9;7;0;3;4;2
2020-12-09 15:53:59;163;82;17;10;7;9;7;0;3;4;2
2020-12-09 15:54:58;163;82;17;10;7;9;7;0;3;4;2
2020-12-09 15:55:59;163;82;17;10;7;9;7;0;3;4;2
2020-12-09 15:56:58;163;82;17;10;7;9;7;0;3;4;2
2020-12-09 15:57:59;163;82;17;10;7;9;7;0;3;4;2
2020-12-09 15:58:59;163;82;17;10;7;9;7;0;3;4;2
2020-12-09 15:59:58;163;82;17;10;7;9;7;0;3;4;2
2020-12-09 16:00:59;163;82;17;10;7;9;7;0;3;4;2
2020-12-09 16:01:59;163;82;17;10;7;9;7;0;3;4;2
2020-12-09 16:02:58;163;82;17;10;7;9;7;0;3;4;2
2020-12-09 16:03:59;163;82;17;10;7;9;7;0;3;4;2
2020-12-09 16:04:59;163;82;17;10;7;9;7;0;3;4;2
2020-12-09 16:05:58;163;82;17;10;7;9;7;0;3;4;2
2020-12-09 16:06:59;163;82;17;10;7;9;7;0;3;4;2
2020-12-09 16:07:59;163;82;17;10;7;9;7;0;3;4;2
2020-12-09 16:08:59;163;82;17;10;7;9;7;0;3;4;2
2020-12-09 16:09:58;163;82;17;10;7;9;7;0;3;4;2
2020-12-09 16:10:59;163;82;17;10;7;9;7;0;3;4;2
2020-12-09 16:11:59;163;82;17;10;7;9;7;0;3;4;2
2020-12-09 16:12:58;163;82;17;10;7;9;7;0;3;4;2
2020-12-09 16:13:59;164;83;17;10;7;9;7;0;3;4;2
2020-12-09 16:15:00;164;83;17;10;7;9;7;0;3;4;2
2020-12-09 16:15:58;164;83;17;10;7;9;7;0;3;4;2
2020-12-09 16:16:59;164;83;17;10;7;9;7;0;3;4;2
2020-12-09 16:17:58;164;83;17;10;7;9;7;0;3;4;2
2020-12-09 16:18:59;164;83;17;10;7;9;7;0;3;4;2
2020-12-09 16:19:58;164;83;17;10;7;9;7;0;3;4;2
2020-12-09 16:20:59;164;83;17;10;7;9;7;0;3;4;2
2020-12-09 16:21:59;164;83;17;10;7;9;7;0;3;4;2
2020-12-09 16:22:58;164;83;17;10;7;9;7;0;3;4;2
2020-12-09 16:23:59;164;83;17;10;7;9;7;0;3;4;2
2020-12-09 16:24:58;165;84;17;10;7;9;7;0;3;4;2
2020-12-09 16:25:59;165;84;17;10;7;9;7;0;3;4;2
2020-12-09 16:26:58;165;84;17;10;7;9;7;0;3;4;2
2020-12-09 16:27:59;165;84;17;10;7;9;7;0;3;4;2
2020-12-09 16:28:59;165;84;17;10;7;9;7;0;3;4;2
2020-12-09 16:29:58;165;84;17;10;7;9;7;0;3;4;2
2020-12-09 16:30:59;165;84;17;10;7;9;7;0;3;4;2
2020-12-09 16:31:59;165;84;17;10;7;9;7;0;3;4;2
2020-12-09 16:32:58;165;84;17;10;7;9;7;0;3;4;2
2020-12-09 16:33:59;165;84;17;10;7;9;7;0;3;4;2
2020-12-09 16:34:58;166;85;17;10;7;9;7;0;3;4;2
2020-12-09 16:35:59;166;85;17;10;7;9;7;0;3;4;2
2020-12-09 16:37:00;166;85;17;10;7;9;7;0;3;4;2
2020-12-09 16:37:58;166;85;17;10;7;9;7;0;3;4;2
2020-12-09 16:38:59;166;85;17;10;7;9;7;0;3;4;2
2020-12-09 16:39:59;166;85;17;10;7;9;7;0;3;4;2
2020-12-09 16:40:58;167;85;18;10;7;9;7;0;3;4;2
2020-12-09 16:41:59;167;85;18;10;7;9;7;0;3;4;2
2020-12-09 16:42:59;167;85;18;10;7;9;7;0;3;4;2
2020-12-09 16:44:00;167;85;18;10;7;9;7;0;3;4;2
2020-12-09 16:44:58;167;85;18;10;7;9;7;0;3;4;2
2020-12-09 16:45:59;167;85;18;10;7;9;7;0;3;4;2
2020-12-09 16:46:58;167;85;18;10;7;9;7;0;3;4;2
2020-12-09 16:47:59;167;85;18;10;7;9;7;0;3;4;2
2020-12-09 16:48:59;167;85;18;10;7;9;7;0;3;4;2
2020-12-09 16:49:58;167;85;18;10;7;9;7;0;3;4;2
2020-12-09 16:50:59;167;85;18;10;7;9;7;0;3;4;2
2020-12-09 16:51:59;167;85;18;10;7;9;7;0;3;4;2
2020-12-09 16:52:58;167;85;18;10;7;9;7;0;3;4;2
2020-12-09 16:53:59;167;85;18;10;7;9;7;0;3;4;2
2020-12-09 16:54:59;167;85;18;10;7;9;7;0;3;4;2
2020-12-09 16:55:58;167;85;18;10;7;9;7;0;3;4;2
2020-12-09 16:56:59;167;85;18;10;7;9;7;0;3;4;2
2020-12-09 16:58:00;167;85;18;10;7;9;7;0;3;4;2
2020-12-09 16:58:58;168;85;18;10;7;9;8;0;3;4;2
2020-12-09 16:59:59;168;85;18;10;7;9;8;0;3;4;2
2020-12-09 17:00:59;168;85;18;10;7;9;8;0;3;4;2
2020-12-09 17:01:59;168;85;18;10;7;9;8;0;3;4;2
2020-12-09 17:02:58;168;85;18;10;7;9;8;0;3;4;2
2020-12-09 17:03:59;168;85;18;10;7;9;8;0;3;4;2
2020-12-09 17:04:59;168;85;18;10;7;9;8;0;3;4;2
2020-12-09 17:05:58;168;85;18;10;7;9;8;0;3;4;2
2020-12-09 17:06:59;168;85;18;10;7;9;8;0;3;4;2
2020-12-09 17:07:59;168;85;18;10;7;9;8;0;3;4;2
2020-12-09 17:08:58;169;86;18;10;7;9;8;0;3;4;2
2020-12-09 17:09:59;169;86;18;10;7;9;8;0;3;4;2
2020-12-09 17:10:59;169;86;18;10;7;9;8;0;3;4;2
2020-12-09 17:11:58;169;86;18;10;7;9;8;0;3;4;2
2020-12-09 17:12:59;169;86;18;10;7;9;8;0;3;4;2
2020-12-09 17:13:59;169;86;18;10;7;9;8;0;3;4;2
2020-12-09 17:14:58;169;86;18;10;7;9;8;0;3;4;2
2020-12-09 17:15:59;169;86;18;10;7;9;8;0;3;4;2
2020-12-09 17:16:59;169;86;18;10;7;9;8;0;3;4;2
2020-12-09 17:17:58;169;86;18;10;7;9;8;0;3;4;2
2020-12-09 17:18:59;169;86;18;10;7;9;8;0;3;4;2
2020-12-09 17:19:59;169;86;18;10;7;9;8;0;3;4;2
2020-12-09 17:20:58;169;86;18;10;7;9;8;0;3;4;2
2020-12-09 17:21:59;169;86;18;10;7;9;8;0;3;4;2
2020-12-09 17:22:59;169;86;18;10;7;9;8;0;3;4;2
2020-12-09 17:23:58;169;86;18;10;7;9;8;0;3;4;2
2020-12-09 17:24:59;169;86;18;10;7;9;8;0;3;4;2
2020-12-09 17:25:58;169;86;18;10;7;9;8;0;3;4;2
2020-12-09 17:26:59;169;86;18;10;7;9;8;0;3;4;2
2020-12-09 17:27:59;169;86;18;10;7;9;8;0;3;4;2
2020-12-09 17:28:58;169;86;18;10;7;9;8;0;3;4;2
2020-12-09 17:29:59;169;86;18;10;7;9;8;0;3;4;2
2020-12-09 17:30:59;169;86;18;10;7;9;8;0;3;4;2
2020-12-09 17:31:58;169;86;18;10;7;9;8;0;3;4;2
2020-12-09 17:32:59;170;87;18;10;7;9;8;0;3;4;2
2020-12-09 17:33:58;170;87;18;10;7;9;8;0;3;4;2
2020-12-09 17:34:59;170;87;18;10;7;9;8;0;3;4;2
2020-12-09 17:35:59;170;87;18;10;7;9;8;0;3;4;2
2020-12-09 17:36:58;170;87;18;10;7;9;8;0;3;4;2
2020-12-09 17:37:59;170;87;18;10;7;9;8;0;3;4;2
2020-12-09 17:38:59;170;87;18;10;7;9;8;0;3;4;2
2020-12-09 17:39:58;170;87;18;10;7;9;8;0;3;4;2
2020-12-09 17:40:59;170;87;18;10;7;9;8;0;3;4;2
2020-12-09 17:41:59;170;87;18;10;7;9;8;0;3;4;2
2020-12-09 17:42:58;170;87;18;10;7;9;8;0;3;4;2
2020-12-09 17:43:59;170;87;18;10;7;9;8;0;3;4;2
2020-12-09 17:44:58;170;87;18;10;7;9;8;0;3;4;2
2020-12-09 17:45:59;170;87;18;10;7;9;8;0;3;4;2
2020-12-09 17:46:59;170;87;18;10;7;9;8;0;3;4;2
2020-12-09 17:47:58;170;87;18;10;7;9;8;0;3;4;2
2020-12-09 17:48:59;170;87;18;10;7;9;8;0;3;4;2
2020-12-09 17:49:59;171;88;18;10;7;9;8;0;3;4;2
2020-12-09 17:50:58;171;88;18;10;7;9;8;0;3;4;2
2020-12-09 17:51:59;171;88;18;10;7;9;8;0;3;4;2
2020-12-09 17:52:58;171;88;18;10;7;9;8;0;3;4;2
2020-12-09 17:53:59;172;88;18;10;7;9;8;0;3;4;2
2020-12-09 17:55:00;172;88;18;10;7;9;8;0;3;4;2
2020-12-09 17:55:58;172;88;18;10;7;9;8;0;3;4;2
2020-12-09 17:56:59;172;88;18;10;7;9;8;0;3;4;2
2020-12-09 17:57:58;172;88;18;10;7;9;8;0;3;4;2
2020-12-09 17:58:59;173;89;18;10;7;9;8;0;3;4;2
2020-12-09 17:59:59;173;89;18;10;7;9;8;0;3;4;2
2020-12-09 18:00:59;174;90;18;10;7;9;8;0;3;4;2
2020-12-09 18:01:58;174;90;18;10;7;9;8;0;3;4;2
2020-12-09 18:02:59;174;90;18;10;7;9;8;0;3;4;2
2020-12-09 18:03:58;175;91;18;10;7;9;8;0;3;4;2
2020-12-09 18:04:59;176;92;18;10;7;9;8;0;3;4;2
2020-12-09 18:05:59;176;92;18;10;7;9;8;0;3;4;2
2020-12-09 18:06:58;177;93;18;10;7;9;8;0;3;4;2
2020-12-09 18:07:59;177;93;18;10;7;9;8;0;3;4;2
2020-12-09 18:08:59;177;93;18;10;7;9;8;0;3;4;2
2020-12-09 18:09:58;177;93;18;10;7;9;8;0;3;4;2
2020-12-09 18:10:59;177;93;18;10;7;9;8;0;3;4;2
2020-12-09 18:11:58;177;93;18;10;7;9;8;0;3;4;2
2020-12-09 18:12:59;177;93;18;10;7;9;8;0;3;4;2
2020-12-09 18:13:59;177;93;18;10;7;9;8;0;3;4;2
2020-12-09 18:14:58;177;93;18;10;7;9;8;0;3;4;2
2020-12-09 18:15:59;177;93;18;10;7;9;8;0;3;4;2
2020-12-09 18:16:59;177;93;18;10;7;9;8;0;3;4;2
2020-12-09 18:17:58;177;93;18;10;7;9;8;0;3;4;2
2020-12-09 18:18:59;177;93;18;10;7;9;8;0;3;4;2
2020-12-09 18:19:59;177;93;18;10;7;9;8;0;3;4;2
2020-12-09 18:20:58;177;93;18;10;7;9;8;0;3;4;2
2020-12-09 18:21:59;177;93;18;10;7;9;8;0;3;4;2
2020-12-09 18:22:58;178;93;18;10;7;9;8;0;3;4;2
2020-12-09 18:23:59;179;93;18;10;7;9;8;2;3;4;2
2020-12-09 18:24:59;179;93;18;10;7;9;8;2;3;4;2
2020-12-09 18:25:58;180;93;18;10;7;9;8;3;3;4;2
2020-12-09 18:26:59;182;93;18;10;7;9;8;5;3;4;2
2020-12-09 18:28:00;182;93;18;10;7;9;8;5;3;4;2
2020-12-09 18:28:58;182;93;18;10;7;9;8;5;3;4;2
2020-12-09 18:29:59;182;93;18;10;7;9;8;5;3;4;2
2020-12-09 18:31:00;182;93;18;10;7;9;8;5;3;4;2
2020-12-09 18:31:58;182;93;18;10;7;9;8;5;3;4;2
2020-12-09 18:32:59;182;93;18;10;7;9;8;5;3;4;2
2020-12-09 18:33:59;182;93;18;10;7;9;8;5;3;4;2
2020-12-09 18:34:58;182;93;18;10;7;9;8;5;3;4;2
2020-12-09 18:35:59;182;93;18;10;7;9;8;5;3;4;2
2020-12-09 18:36:58;182;93;18;10;7;9;8;5;3;4;2
2020-12-09 18:37:59;182;93;18;10;7;9;8;5;3;4;2
2020-12-09 18:38:59;182;93;18;10;7;9;8;5;3;4;2
2020-12-09 18:39:58;182;93;18;10;7;9;8;5;3;4;2
2020-12-09 18:40:59;182;93;18;10;7;9;8;5;3;4;2
2020-12-09 18:41:59;182;93;18;10;7;9;8;5;3;4;2
2020-12-09 18:43:00;182;93;18;10;7;9;8;5;3;4;2
2020-12-09 18:43:58;182;93;18;10;7;9;8;5;3;4;2
2020-12-09 18:44:59;182;93;18;10;7;9;8;5;3;4;2
2020-12-09 18:45:59;184;94;18;11;7;9;8;5;3;4;2
2020-12-09 18:46:58;184;94;18;11;7;9;8;5;3;4;2
2020-12-09 18:47:59;184;94;18;11;7;9;8;5;3;4;2
2020-12-09 18:48:59;184;94;18;11;7;9;8;5;3;4;2
2020-12-09 18:49:58;184;94;18;11;7;9;8;5;3;4;2
2020-12-09 18:50:59;185;95;18;11;7;9;8;5;3;4;2
2020-12-09 18:51:59;185;95;18;11;7;9;8;5;3;4;2
2020-12-09 18:52:58;185;95;18;11;7;9;8;5;3;4;2
2020-12-09 18:53:59;185;95;18;11;7;9;8;5;3;4;2
2020-12-09 18:54:58;185;95;18;11;7;9;8;5;3;4;2
2020-12-09 18:55:59;185;95;18;11;7;9;8;5;3;4;2
2020-12-09 18:56:59;185;95;18;11;7;9;8;5;3;4;2
2020-12-09 18:57:58;185;95;18;11;7;9;8;5;3;4;2
2020-12-09 18:58:59;185;95;18;11;7;9;8;5;3;4;2
2020-12-09 18:59:59;185;95;18;11;7;9;8;5;3;4;2
2020-12-09 19:00:58;185;95;18;11;7;9;8;5;3;4;2
2020-12-09 19:01:59;185;95;18;11;7;9;8;5;3;4;2
2020-12-09 19:02:59;185;95;18;11;7;9;8;5;3;4;2
2020-12-09 19:03:58;184;95;18;11;7;9;8;5;3;3;2
2020-12-09 19:04:59;184;95;18;11;7;9;8;5;3;3;2
2020-12-09 19:05:58;185;96;18;11;7;9;8;5;3;3;2
2020-12-09 19:06:59;186;97;18;11;7;9;8;5;3;3;2
2020-12-09 19:07:59;186;97;18;11;7;9;8;5;3;3;2
2020-12-09 19:08:58;186;97;18;11;7;9;8;5;3;3;2
2020-12-09 19:09:59;186;97;18;11;7;9;8;5;3;3;2
2020-12-09 19:10:59;186;97;18;11;7;9;8;5;3;3;2
2020-12-09 19:11:59;186;97;18;11;7;9;8;5;3;3;2
2020-12-09 19:12:58;186;97;18;11;7;9;8;5;3;3;2
2020-12-09 19:13:59;186;97;18;11;7;9;8;5;3;3;2
2020-12-09 19:14:59;186;97;18;11;7;9;8;5;3;3;2
2020-12-09 19:15:58;186;97;18;11;7;9;8;5;3;3;2
2020-12-09 19:16:59;186;97;18;11;7;9;8;5;3;3;2
2020-12-09 19:17:58;186;97;18;11;7;9;8;5;3;3;2
2020-12-09 19:18:59;186;97;18;11;7;9;8;5;3;3;2
2020-12-09 19:19:59;186;97;18;11;7;9;8;5;3;3;2
2020-12-09 19:20:58;186;97;18;11;7;9;8;5;3;3;2
2020-12-09 19:21:59;186;98;18;11;7;9;8;5;3;3;2
2020-12-09 19:22:59;186;98;18;11;7;9;8;5;3;3;2
2020-12-09 19:23:58;186;98;18;11;7;9;8;5;3;3;2
2020-12-09 19:24:59;186;98;18;11;7;9;8;5;3;3;2
2020-12-09 19:25:59;186;98;18;11;7;9;8;5;3;3;2
2020-12-09 19:26:59;186;98;18;11;7;9;8;5;3;3;2
2020-12-09 19:27:58;186;98;18;11;7;9;8;5;3;3;2
2020-12-09 19:28:59;186;98;18;11;7;9;8;5;3;3;2
2020-12-09 19:29:59;186;98;18;11;7;9;8;5;3;3;2
2020-12-09 19:30:58;186;98;18;11;7;9;8;5;3;3;2
2020-12-09 19:31:59;186;98;18;11;7;9;8;5;3;3;2
2020-12-09 19:32:59;187;99;18;11;7;9;8;5;3;3;2
2020-12-09 19:34:00;187;99;18;11;7;9;8;5;3;3;2
2020-12-09 19:34:58;187;99;18;11;7;9;8;5;3;3;2
2020-12-09 19:35:59;187;99;18;11;7;9;8;5;3;3;2
2020-12-09 19:36:58;187;99;18;11;7;9;8;5;3;3;2
2020-12-09 19:37:59;187;99;18;11;7;9;8;5;3;3;2
2020-12-09 19:38:59;187;99;18;11;7;9;8;5;3;3;2
2020-12-09 19:39:58;187;99;18;11;7;9;8;5;3;3;2
2020-12-09 19:40:59;188;100;18;11;7;9;8;5;3;3;2
2020-12-09 19:41:59;189;100;18;11;7;9;8;5;3;3;2
2020-12-09 19:42:58;189;100;18;11;7;9;8;5;3;3;2
2020-12-09 19:43:59;190;101;18;11;7;9;8;5;3;3;2
2020-12-09 19:44:59;190;101;18;11;7;9;8;5;3;3;2
2020-12-09 19:45:58;190;101;18;11;7;9;8;5;3;3;2
2020-12-09 19:46:59;190;101;18;11;7;9;8;5;3;3;2
2020-12-09 19:47:59;190;101;18;11;7;9;8;5;3;3;2
2020-12-09 19:48:58;190;101;18;11;7;9;8;5;3;3;2
2020-12-09 19:49:59;190;101;18;11;7;9;8;5;3;3;2
2020-12-09 19:50:58;190;101;18;11;7;9;8;5;3;3;2
2020-12-09 19:51:59;190;101;18;11;7;9;8;5;3;3;2
2020-12-09 19:52:59;190;101;18;11;7;9;8;5;3;3;2
2020-12-09 19:53:58;190;101;18;11;7;9;8;5;3;3;2
2020-12-09 19:54:59;190;101;18;11;7;9;8;5;3;3;2
2020-12-09 19:55:59;190;101;18;11;7;9;8;5;3;3;2
2020-12-09 19:56:58;192;103;18;11;7;9;8;5;3;3;2
2020-12-09 19:57:59;192;103;18;11;7;9;8;5;3;3;2
2020-12-09 19:58:59;192;103;18;11;7;9;8;5;3;3;2
2020-12-09 19:59:58;192;103;18;11;7;9;8;5;3;3;2
2020-12-09 20:00:59;192;103;18;11;7;9;8;5;3;3;2
2020-12-09 20:01:59;192;103;18;11;7;9;8;5;3;3;2
2020-12-09 20:02:58;192;103;18;11;7;9;8;5;3;3;2
2020-12-09 20:03:59;192;103;18;11;7;9;8;5;3;3;2
2020-12-09 20:04:59;192;103;18;11;7;9;8;5;3;3;2
2020-12-09 20:05:58;192;103;18;11;7;9;8;5;3;3;2
2020-12-09 20:06:59;192;103;18;11;7;9;8;5;3;3;2
2020-12-09 20:07:59;192;103;18;11;7;9;8;5;3;3;2
2020-12-09 20:08:58;192;103;18;11;7;9;8;5;3;3;2
2020-12-09 20:09:59;192;103;18;11;7;9;8;5;3;3;2
2020-12-09 20:10:59;192;103;18;11;7;9;8;5;3;3;2
2020-12-09 20:11:58;192;103;18;11;7;9;8;5;3;3;2
2020-12-09 20:12:59;193;104;18;11;7;9;8;5;3;3;2
2020-12-09 20:13:59;193;104;18;11;7;9;8;5;3;3;2
2020-12-09 20:14:58;193;104;18;11;7;9;8;5;3;3;2
2020-12-09 20:15:59;193;104;18;11;7;9;8;5;3;3;2
2020-12-09 20:16:58;193;104;18;11;7;9;8;5;3;3;2
2020-12-09 20:17:59;193;104;18;11;7;9;8;5;3;3;2
2020-12-09 20:18:59;193;104;18;11;7;9;8;5;3;3;2
2020-12-09 20:19:59;193;104;18;11;7;9;8;5;3;3;2
2020-12-09 20:20:59;193;104;18;11;7;9;8;5;3;3;2
2020-12-09 20:21:58;193;104;18;11;7;9;8;5;3;3;2
2020-12-09 20:22:59;193;104;18;11;7;9;8;5;3;3;2
2020-12-09 20:24:00;193;104;18;11;7;9;8;5;3;3;2
2020-12-09 20:24:58;193;104;18;11;7;9;8;5;3;3;2
2020-12-09 20:25:59;193;104;18;11;7;9;8;5;3;3;2
2020-12-09 20:26:59;193;104;18;11;7;9;8;5;3;3;2
2020-12-09 20:27:58;193;104;18;11;7;9;8;5;3;3;2
2020-12-09 20:28:59;194;105;18;11;7;9;8;5;3;3;2
2020-12-09 20:29:59;194;105;18;11;7;9;8;5;3;3;2
2020-12-09 20:30:58;194;105;18;11;7;9;8;5;3;3;2
2020-12-09 20:31:59;194;105;18;11;7;9;8;5;3;3;2
2020-12-09 20:32:59;194;105;18;11;7;9;8;5;3;3;2
2020-12-09 20:33:58;194;105;18;11;7;9;8;5;3;3;2
2020-12-09 20:34:59;194;105;18;11;7;9;8;5;3;3;2
2020-12-09 20:35:58;194;105;18;11;7;9;8;5;3;3;2
2020-12-09 20:36:59;194;105;18;11;7;9;8;5;3;3;2
2020-12-09 20:37:59;194;105;18;11;7;9;8;5;3;3;2
2020-12-09 20:39:00;194;105;18;11;7;9;8;5;3;3;2
2020-12-09 20:39:58;194;105;18;11;7;9;8;5;3;3;2
2020-12-09 20:40:59;194;105;18;11;7;9;8;5;3;3;2
2020-12-09 20:41:59;194;105;18;11;7;9;8;5;3;3;2
2020-12-09 20:42:58;195;105;19;11;7;9;8;5;3;3;2
2020-12-09 20:43:59;195;105;19;11;7;9;8;5;3;3;2
2020-12-09 20:44:59;196;105;19;11;8;9;8;5;3;3;2
2020-12-09 20:45:58;196;105;19;11;8;9;8;5;3;3;2
2020-12-09 20:46:59;196;105;19;11;8;9;8;5;3;3;2
2020-12-09 20:47:58;197;106;19;11;8;9;8;5;3;3;2
2020-12-09 20:48:59;197;106;19;11;8;9;8;5;3;3;2
2020-12-09 20:49:59;197;106;19;11;8;9;8;5;3;3;2
2020-12-09 20:50:58;197;106;19;11;8;9;8;5;3;3;2
2020-12-09 20:51:59;197;106;19;11;8;9;8;5;3;3;2
2020-12-09 20:52:59;198;107;19;11;8;9;8;5;3;3;2
2020-12-09 20:53:58;198;107;19;11;8;9;8;5;3;3;2
2020-12-09 20:54:59;198;107;19;11;8;9;8;5;3;3;2
2020-12-09 20:55:58;198;107;19;11;8;9;8;5;3;3;2
2020-12-09 20:56:59;198;107;19;11;8;9;8;5;3;3;2
2020-12-09 20:57:58;198;107;19;11;8;9;8;5;3;3;2
2020-12-09 20:58:59;198;107;19;11;8;9;8;5;3;3;2
2020-12-09 20:59:59;198;107;19;11;8;9;8;5;3;3;2
2020-12-09 21:00:58;198;107;19;11;8;9;8;5;3;3;2
2020-12-09 21:01:59;198;107;19;11;8;9;8;5;3;3;2
2020-12-09 21:02:59;198;107;19;11;8;9;8;5;3;3;2
2020-12-09 21:03:58;198;107;19;11;8;9;8;5;3;3;2
2020-12-09 21:04:59;198;107;19;11;8;9;8;5;3;3;2
2020-12-09 21:05:59;198;107;19;11;8;9;8;5;3;3;2
2020-12-09 21:06:58;198;107;19;11;8;9;8;5;3;3;2
2020-12-09 21:07:59;198;107;18;11;8;9;9;5;3;3;2
2020-12-09 21:08:58;200;108;18;11;9;9;9;5;3;3;2
2020-12-09 21:09:59;200;108;18;11;9;9;9;5;3;3;2
2020-12-09 21:10:59;200;108;18;11;9;9;9;5;3;3;2
2020-12-09 21:11:58;200;108;18;11;9;9;9;5;3;3;2
2020-12-09 21:12:59;200;108;18;11;9;9;9;5;3;3;2
2020-12-09 21:13:59;200;108;18;11;9;9;9;5;3;3;2
2020-12-09 21:14:59;200;108;18;11;9;9;9;5;3;3;2
2020-12-09 21:15:58;200;108;18;11;9;9;9;5;3;3;2
2020-12-09 21:16:59;200;108;18;11;9;9;9;5;3;3;2
2020-12-09 21:17:59;200;108;18;11;9;9;9;5;3;3;2
2020-12-09 21:18:58;200;108;18;11;9;9;9;5;3;3;2
2020-12-09 21:19:59;200;108;18;11;9;9;9;5;3;3;2
2020-12-09 21:20:58;200;108;18;11;9;9;9;5;3;3;2
2020-12-09 21:21:59;202;110;18;11;9;9;9;5;3;3;2
2020-12-09 21:22:59;202;110;18;11;9;9;9;5;3;3;2
2020-12-09 21:23:58;202;110;18;11;9;9;9;5;3;3;2
2020-12-09 21:24:59;202;110;18;11;9;9;9;5;3;3;2
2020-12-09 21:25:58;203;111;18;11;9;9;9;5;3;3;2
2020-12-09 21:26:59;203;111;18;11;9;9;9;5;3;3;2
2020-12-09 21:27:59;203;111;18;11;9;9;9;5;3;3;2
2020-12-09 21:28:58;203;111;18;11;9;9;9;5;3;3;2
2020-12-09 21:29:59;203;111;18;11;9;9;9;5;3;3;2
2020-12-09 21:30:58;203;111;18;11;9;9;9;5;3;3;2
2020-12-09 21:31:59;203;111;18;11;9;9;9;5;3;3;2
2020-12-09 21:32:59;203;111;18;11;9;9;9;5;3;3;2
2020-12-09 21:33:58;203;111;18;11;9;9;9;5;3;3;2
2020-12-09 21:34:59;203;111;18;11;9;9;9;5;3;3;2
2020-12-09 21:35:58;203;111;18;11;9;9;9;5;3;3;2
2020-12-09 21:36:59;203;111;18;11;9;9;9;5;3;3;2
2020-12-09 21:38:00;203;111;18;11;9;9;9;5;3;3;2
2020-12-09 21:38:58;203;111;18;11;9;9;9;5;3;3;2
2020-12-09 21:39:59;203;111;18;11;9;9;9;5;3;3;2
2020-12-09 21:40:58;203;111;18;11;9;9;9;5;3;3;2
2020-12-09 21:41:59;203;111;18;11;9;9;9;5;3;3;2
2020-12-09 21:42:59;203;111;18;11;9;9;9;5;3;3;2
2020-12-09 21:43:58;203;111;18;11;9;9;9;5;3;3;2
2020-12-09 21:44:59;203;111;18;11;9;9;9;5;3;3;2
2020-12-09 21:45:58;203;111;18;11;9;9;9;5;3;3;2
2020-12-09 21:46:59;203;111;18;11;9;9;9;5;3;3;2
2020-12-09 21:47:59;203;111;18;11;9;9;9;5;3;3;2
2020-12-09 21:48:58;203;111;18;11;9;9;9;5;3;3;2
2020-12-09 21:49:59;204;112;18;11;9;9;9;5;3;3;2
2020-12-09 21:50:58;204;112;18;11;9;9;9;5;3;3;2
2020-12-09 21:51:59;204;112;18;11;9;9;9;5;3;3;2
2020-12-09 21:52:59;204;112;18;11;9;9;9;5;3;3;2
2020-12-09 21:54:00;204;112;18;11;9;9;9;5;3;3;2
2020-12-09 21:54:58;204;112;18;11;9;9;9;5;3;3;2
2020-12-09 21:55:59;204;112;18;11;9;9;9;5;3;3;2
2020-12-09 21:56:58;204;112;18;11;9;9;9;5;3;3;2
2020-12-09 21:57:59;204;112;18;11;9;9;9;5;3;3;2
2020-12-09 21:58:58;204;112;18;11;9;9;9;5;3;3;2
2020-12-09 21:59:59;204;112;18;11;9;9;9;5;3;3;2
2020-12-09 22:00:58;204;112;18;11;9;9;9;5;3;3;2
2020-12-09 22:01:59;204;112;18;11;9;9;9;5;3;3;2
2020-12-09 22:02:59;204;112;18;11;9;9;9;5;3;3;2
2020-12-09 22:03:58;204;112;18;11;9;9;9;5;3;3;2
2020-12-09 22:04:59;204;112;18;11;9;9;9;5;3;3;2
2020-12-09 22:05:58;204;112;18;11;9;9;9;5;3;3;2
2020-12-09 22:06:59;204;112;18;11;9;9;9;5;3;3;2
2020-12-09 22:07:59;204;112;18;11;9;9;9;5;3;3;2
2020-12-09 22:08:59;204;112;18;11;9;9;9;5;3;3;2
2020-12-09 22:09:58;204;112;18;11;9;9;9;5;3;3;2
2020-12-09 22:10:59;204;112;18;11;9;9;9;5;3;3;2
2020-12-09 22:11:58;205;113;18;11;9;9;9;5;3;3;2
2020-12-09 22:12:59;205;113;18;11;9;9;9;5;3;3;2
2020-12-09 22:13:58;207;114;19;11;9;9;9;5;3;3;2
2020-12-09 22:14:59;207;114;19;11;9;9;9;5;3;3;2
2020-12-09 22:15:59;207;114;19;11;9;9;9;5;3;3;2
2020-12-09 22:16:58;207;114;19;11;9;9;9;5;3;3;2
2020-12-09 22:17:59;207;114;19;11;9;9;9;5;3;3;2
2020-12-09 22:18:58;207;114;19;11;9;9;9;5;3;3;2
2020-12-09 22:19:59;207;114;19;11;9;9;9;5;3;3;2
2020-12-09 22:20:59;207;114;19;11;9;9;9;5;3;3;2
2020-12-09 22:21:58;207;114;19;11;9;9;9;5;3;3;2
2020-12-09 22:22:59;207;114;19;11;9;9;9;5;3;3;2
2020-12-09 22:23:59;208;115;19;11;9;9;9;5;3;3;2
2020-12-09 22:24:58;208;115;19;11;9;9;9;5;3;3;2
2020-12-09 22:25:59;209;116;19;11;9;9;9;5;3;3;2
2020-12-09 22:26:59;210;116;19;11;10;9;9;5;3;3;2
2020-12-09 22:27:58;210;116;19;11;10;9;9;5;3;3;2
2020-12-09 22:28:59;210;116;19;11;10;9;9;5;3;3;2
2020-12-09 22:29:58;210;116;19;11;10;9;9;5;3;3;2
2020-12-09 22:30:59;210;116;19;11;10;9;9;5;3;3;2
2020-12-09 22:31:58;210;116;19;11;10;9;9;5;3;3;2
2020-12-09 22:32:59;210;116;19;11;10;9;9;5;3;3;2
2020-12-09 22:33:59;210;117;18;11;10;9;9;5;3;3;2
2020-12-09 22:34:58;210;117;18;11;10;9;9;5;3;3;2
2020-12-09 22:35:59;210;117;18;11;10;9;9;5;3;3;2
2020-12-09 22:36:59;210;117;18;11;10;9;9;5;3;3;2
2020-12-09 22:37:58;210;117;18;11;10;9;9;5;3;3;2
2020-12-09 22:38:59;210;117;18;11;10;9;9;5;3;3;2
2020-12-09 22:39:59;210;117;18;11;10;9;9;5;3;3;2
2020-12-09 22:40:58;210;117;18;11;10;9;9;5;3;3;2
2020-12-09 22:41:59;210;117;18;11;10;9;9;5;3;3;2
2020-12-09 22:42:58;211;117;18;11;10;9;10;5;3;3;2
2020-12-09 22:43:59;211;117;18;11;10;9;10;5;3;3;2
2020-12-09 22:44:58;211;117;18;11;10;9;10;5;3;3;2
2020-12-09 22:45:59;212;117;18;11;10;10;10;5;3;3;2
2020-12-09 22:46:59;212;117;18;11;10;10;10;5;3;3;2
2020-12-09 22:47:58;212;117;18;11;10;10;10;5;3;3;2
2020-12-09 22:48:59;212;117;18;11;10;10;10;5;3;3;2
2020-12-09 22:49:59;213;118;18;11;10;10;10;5;3;3;2
2020-12-09 22:50:59;213;118;18;11;10;10;10;5;3;3;2
2020-12-09 22:51:58;213;118;18;11;10;10;10;5;3;3;2
2020-12-09 22:52:59;213;118;18;11;10;10;10;5;3;3;2
2020-12-09 22:53:58;213;118;18;11;10;10;10;5;3;3;2
2020-12-09 22:54:59;213;118;18;11;10;10;10;5;3;3;2
2020-12-09 22:55:59;213;118;18;11;10;10;10;5;3;3;2
2020-12-09 22:56:58;213;118;18;11;10;10;10;5;3;3;2
2020-12-09 22:57:59;213;118;18;11;10;10;10;5;3;3;2
2020-12-09 22:58:59;213;118;18;11;10;10;10;5;3;3;2
2020-12-09 22:59:58;213;118;18;11;10;10;10;5;3;3;2
2020-12-09 23:00:59;213;118;18;11;10;10;10;5;3;3;2
2020-12-09 23:01:59;213;118;18;11;10;10;10;5;3;3;2
2020-12-09 23:02:58;213;118;18;11;10;10;10;5;3;3;2
2020-12-09 23:03:59;213;118;18;11;10;10;10;5;3;3;2
2020-12-09 23:04:58;213;118;18;11;10;10;10;5;3;3;2
2020-12-09 23:05:59;214;119;18;11;10;10;10;5;3;3;2
2020-12-09 23:06:58;214;119;18;11;10;10;10;5;3;3;2
2020-12-09 23:07:59;214;119;18;11;10;10;10;5;3;3;2
2020-12-09 23:08:58;214;119;18;11;10;10;10;5;3;3;2
2020-12-09 23:09:59;215;120;18;11;10;10;10;5;3;3;2
2020-12-09 23:10:58;215;120;18;11;10;10;10;5;3;3;2
2020-12-09 23:11:59;215;120;18;11;10;10;10;5;3;3;2
2020-12-09 23:12:58;215;120;18;11;10;10;10;5;3;3;2
2020-12-09 23:13:59;216;119;18;11;10;10;10;5;3;3;2
2020-12-09 23:14:58;216;120;18;11;10;10;10;5;3;3;2
2020-12-09 23:15:59;217;120;18;12;10;10;10;5;3;3;2
2020-12-09 23:16:59;217;120;18;12;10;10;10;5;3;3;2
2020-12-09 23:17:58;217;120;18;12;10;10;10;5;3;3;2
2020-12-09 23:18:59;217;120;18;12;10;10;10;5;3;3;2
2020-12-09 23:19:58;217;120;18;12;10;10;10;5;3;3;2
2020-12-09 23:20:59;217;120;18;12;10;10;10;5;3;3;2
2020-12-09 23:21:58;217;120;18;12;10;10;10;5;3;3;2
2020-12-09 23:22:59;217;120;18;12;10;10;10;5;3;3;2
2020-12-09 23:23:58;217;120;18;12;10;10;10;5;3;3;2
2020-12-09 23:24:59;218;121;18;12;10;10;10;5;3;3;2
2020-12-09 23:25:59;218;121;18;12;10;10;10;5;3;3;2
2020-12-09 23:26:58;219;121;18;12;11;10;10;5;3;3;2
2020-12-09 23:27:59;219;121;18;12;11;10;10;5;3;3;2
2020-12-09 23:28:59;220;122;18;12;11;10;10;5;3;3;2
2020-12-09 23:29:58;220;122;18;12;11;10;10;5;3;3;2
2020-12-09 23:30:59;221;122;18;12;11;11;10;5;3;3;2
2020-12-09 23:31:59;221;122;18;12;11;11;10;5;3;3;2
2020-12-09 23:32:58;221;122;18;12;11;11;10;5;3;3;2
2020-12-09 23:33:59;221;122;18;12;11;11;10;5;3;3;2
2020-12-09 23:34:58;221;122;18;12;11;11;10;5;3;3;2
2020-12-09 23:35:59;221;122;18;12;11;11;10;5;3;3;2
2020-12-09 23:36:59;221;122;18;12;11;11;10;5;3;3;2
2020-12-09 23:37:58;221;122;18;12;11;11;10;5;3;3;2
2020-12-09 23:38:59;221;122;18;12;11;11;10;5;3;3;2
2020-12-09 23:39:58;221;122;18;12;11;11;10;5;3;3;2
2020-12-09 23:40:59;221;122;18;12;11;11;10;5;3;3;2
2020-12-09 23:41:58;221;122;18;12;11;11;10;5;3;3;2
2020-12-09 23:42:59;221;122;18;12;11;11;10;5;3;3;2
2020-12-09 23:43:59;222;123;18;12;11;11;10;5;3;3;2
2020-12-09 23:44:58;222;123;18;12;11;11;10;5;3;3;2
2020-12-09 23:45:59;222;123;18;12;11;11;10;5;3;3;2
2020-12-09 23:46:59;222;123;18;12;11;11;10;5;3;3;2
2020-12-09 23:47:58;222;123;18;12;11;11;10;5;3;3;2
2020-12-09 23:49:00;222;123;18;12;11;11;10;5;3;3;2
2020-12-09 23:49:58;222;123;18;12;11;11;10;5;3;3;2
2020-12-09 23:50:59;222;123;18;12;11;11;10;5;3;3;2
2020-12-09 23:51:59;222;123;18;12;11;11;10;5;3;3;2
2020-12-09 23:52:58;222;123;18;12;11;11;10;5;3;3;2
2020-12-09 23:53:59;222;123;18;12;11;11;10;5;3;3;2
2020-12-09 23:54:59;222;123;18;12;11;11;10;5;3;3;2
2020-12-09 23:55:58;222;123;18;12;11;11;10;5;3;3;2
2020-12-09 23:56:59;222;123;18;12;11;11;10;5;3;3;2
2020-12-09 23:57:58;222;123;18;12;11;11;10;5;3;3;2
2020-12-09 23:58:59;223;124;18;12;11;11;10;5;3;3;2
2020-12-09 23:59:59;223;124;18;12;11;11;10;5;3;3;2
