datetime;total_votes;telegraf;LumberJack;navalny;slavik831;Zippymax;Есения;shamanka;KOCTOPE3;FRANNI;krysa
2020-06-17 00:00:59;0;0;0;0;0;0;0;0;0;0;0
2020-06-17 00:01:59;0;0;0;0;0;0;0;0;0;0;0
2020-06-17 00:02:58;0;0;0;0;0;0;0;0;0;0;0
2020-06-17 00:03:59;4;0;1;0;0;1;0;0;0;0;0
2020-06-17 00:04:58;5;0;1;0;0;1;0;0;0;0;0
2020-06-17 00:05:59;8;0;1;0;1;1;0;0;0;0;0
2020-06-17 00:06:59;9;0;1;0;1;1;0;0;0;0;0
2020-06-17 00:07:58;10;0;1;0;1;1;0;0;0;0;0
2020-06-17 00:08:59;12;0;1;0;1;2;0;0;0;0;1
2020-06-17 00:09:58;12;0;1;0;1;2;0;0;0;0;1
2020-06-17 00:10:59;15;1;2;0;0;2;0;0;0;0;2
2020-06-17 00:11:59;15;1;2;0;0;2;0;0;0;0;2
2020-06-17 00:12:58;15;1;2;0;0;2;0;0;0;0;2
2020-06-17 00:13:59;15;1;2;0;0;2;0;0;0;0;2
2020-06-17 00:14:59;17;1;2;0;1;2;0;0;0;0;2
2020-06-17 00:15:58;20;2;2;0;2;3;0;0;1;0;2
2020-06-17 00:16:59;20;2;2;0;2;3;0;0;1;0;2
2020-06-17 00:17:59;22;3;2;1;2;3;0;0;0;0;2
2020-06-17 00:18:58;23;4;2;1;2;3;0;0;0;0;2
2020-06-17 00:19:59;24;4;2;1;2;3;0;0;0;0;2
2020-06-17 00:20:59;24;4;2;1;2;3;0;0;0;0;2
2020-06-17 00:21:58;24;4;2;1;2;3;0;0;0;0;2
2020-06-17 00:22:59;24;4;2;1;2;3;0;0;0;0;2
2020-06-17 00:23:58;25;4;2;1;3;3;0;0;1;0;2
2020-06-17 00:24:59;26;4;2;1;3;3;0;0;2;0;2
2020-06-17 00:25:59;26;4;2;1;3;3;0;0;2;0;2
2020-06-17 00:26:58;26;4;2;1;3;3;0;0;2;0;2
2020-06-17 00:27:59;26;4;2;1;3;3;0;0;2;0;2
2020-06-17 00:28:58;27;4;2;0;3;3;0;0;2;0;2
2020-06-17 00:29:59;27;4;2;0;3;3;0;0;2;0;2
2020-06-17 00:30:58;30;4;5;0;3;3;0;0;2;0;2
2020-06-17 00:31:59;32;4;6;0;3;3;0;0;2;0;2
2020-06-17 00:32:59;36;7;6;0;3;3;1;0;2;0;2
2020-06-17 00:33:58;36;7;6;0;3;3;1;0;2;0;2
2020-06-17 00:34:59;36;7;6;0;3;3;1;0;2;0;2
2020-06-17 00:35:59;36;7;6;0;3;3;1;0;2;0;2
2020-06-17 00:36:58;37;8;6;0;3;3;1;0;2;0;2
2020-06-17 00:37:59;37;8;6;0;3;3;1;0;2;0;2
2020-06-17 00:38:58;37;8;6;0;3;3;1;0;2;0;2
2020-06-17 00:40:00;37;8;6;0;3;3;1;0;2;0;2
2020-06-17 00:40:58;38;8;6;0;3;3;2;0;2;0;2
2020-06-17 00:41:59;38;8;6;0;3;3;2;0;2;0;2
2020-06-17 00:42:59;38;8;6;0;3;3;2;0;2;0;2
2020-06-17 00:43:58;38;8;6;0;3;3;2;0;2;0;2
2020-06-17 00:44:59;39;9;6;0;3;3;2;0;2;0;2
2020-06-17 00:45:58;40;10;6;0;3;3;2;0;2;0;2
2020-06-17 00:46:59;41;10;6;0;4;3;2;0;2;0;2
2020-06-17 00:47:59;41;10;6;0;4;3;2;0;2;0;2
2020-06-17 00:48:58;41;10;6;0;4;3;2;0;2;0;2
2020-06-17 00:49:59;41;10;6;0;4;3;2;0;2;0;2
2020-06-17 00:50:58;41;10;6;0;4;3;2;0;2;0;2
2020-06-17 00:51:59;41;10;6;0;4;3;2;0;2;0;2
2020-06-17 00:52:58;41;10;6;0;4;3;2;0;2;0;2
2020-06-17 00:53:59;41;10;6;0;4;3;2;0;2;0;2
2020-06-17 00:54:58;41;10;6;0;4;3;2;0;2;0;2
2020-06-17 00:55:59;41;10;6;0;4;3;2;0;2;0;2
2020-06-17 00:56:59;42;10;7;0;4;3;2;0;2;0;2
2020-06-17 00:57:58;42;10;7;0;4;3;2;0;2;0;2
2020-06-17 00:58:59;42;10;7;0;4;3;2;0;2;0;2
2020-06-17 00:59:59;42;10;7;0;4;3;2;0;2;0;2
2020-06-17 01:00:58;43;10;7;0;5;3;2;0;2;0;2
2020-06-17 01:01:59;44;10;7;0;6;3;2;0;2;0;2
2020-06-17 01:02:58;45;10;7;0;7;3;2;0;2;0;2
2020-06-17 01:03:59;46;10;7;0;8;3;2;0;2;0;2
2020-06-17 01:04:58;47;10;7;0;9;3;2;0;2;0;2
2020-06-17 01:05:59;47;10;7;0;9;3;2;0;2;0;2
2020-06-17 01:07:00;47;10;7;0;9;3;2;0;2;0;2
2020-06-17 01:07:58;47;10;7;0;9;3;2;0;2;0;2
2020-06-17 01:08:59;47;10;6;0;10;3;2;0;2;0;2
2020-06-17 01:09:59;47;10;6;0;10;3;2;0;2;0;2
2020-06-17 01:10:58;47;10;6;0;10;3;2;0;2;0;2
2020-06-17 01:11:59;47;10;6;0;10;3;2;0;2;0;2
2020-06-17 01:12:58;47;10;6;0;10;3;2;0;2;0;2
2020-06-17 01:13:59;47;10;6;0;10;3;2;0;2;0;2
2020-06-17 01:14:58;48;10;7;0;10;3;2;0;2;0;2
2020-06-17 01:15:59;48;10;7;0;10;3;2;0;2;0;2
2020-06-17 01:16:58;48;10;7;0;10;3;2;0;2;0;2
2020-06-17 01:17:59;49;10;7;0;10;4;2;0;2;0;2
2020-06-17 01:18:58;49;10;7;0;10;4;2;0;2;0;2
2020-06-17 01:19:59;51;11;7;0;10;4;2;0;2;0;2
2020-06-17 01:20:59;51;11;7;0;10;4;2;0;2;0;2
2020-06-17 01:21:58;52;11;7;0;10;4;3;0;2;0;2
2020-06-17 01:22:59;52;11;7;0;10;4;3;0;2;0;2
2020-06-17 01:23:59;52;11;7;0;10;4;3;0;2;0;2
2020-06-17 01:24:58;52;11;7;0;10;4;3;0;2;0;2
2020-06-17 01:25:59;53;12;7;0;10;4;3;0;2;0;2
2020-06-17 01:26:58;53;12;7;0;10;4;3;0;2;0;2
2020-06-17 01:27:59;53;12;7;0;10;4;3;0;2;0;2
2020-06-17 01:28:58;53;12;7;0;10;4;3;0;2;0;2
2020-06-17 01:29:59;53;12;7;0;10;4;3;0;2;0;2
2020-06-17 01:30:58;54;12;8;0;10;4;3;0;2;0;2
2020-06-17 01:31:59;54;12;8;0;10;4;3;0;2;0;2
2020-06-17 01:32:58;54;12;8;0;10;4;3;0;2;0;2
2020-06-17 01:33:59;56;12;9;1;10;4;3;0;2;0;2
2020-06-17 01:34:59;57;13;9;1;10;4;3;0;2;0;2
2020-06-17 01:35:58;58;13;9;1;10;4;3;0;2;0;2
2020-06-17 01:36:59;59;13;9;0;10;4;3;0;2;2;2
2020-06-17 01:37:59;59;13;9;0;10;4;3;0;2;2;2
2020-06-17 01:38:58;60;13;9;0;10;4;3;0;2;2;2
2020-06-17 01:39:59;60;13;9;0;10;4;3;0;2;2;2
2020-06-17 01:40:59;60;13;9;0;10;4;3;0;2;2;2
2020-06-17 01:41:58;60;13;9;0;10;4;3;0;2;2;2
2020-06-17 01:42:59;60;13;9;0;10;4;3;0;2;2;2
2020-06-17 01:43:58;60;13;9;0;10;4;3;0;2;2;2
2020-06-17 01:44:59;60;13;9;0;10;4;3;0;2;2;2
2020-06-17 01:45:59;60;13;9;0;10;4;3;0;2;2;2
2020-06-17 01:46:58;61;13;9;0;11;4;3;0;2;2;2
2020-06-17 01:47:59;61;13;9;0;11;4;3;0;2;2;2
2020-06-17 01:48:58;61;13;9;0;11;4;3;0;2;2;2
2020-06-17 01:49:59;62;13;9;0;12;4;3;0;2;2;2
2020-06-17 01:50:59;62;13;9;0;12;4;3;0;2;2;2
2020-06-17 01:51:58;62;13;9;0;12;4;3;0;2;2;2
2020-06-17 01:52:59;62;13;9;0;12;4;3;0;2;2;2
2020-06-17 01:53:59;62;13;9;0;12;4;3;0;2;2;2
2020-06-17 01:54:58;62;13;9;0;12;4;3;0;2;2;2
2020-06-17 01:55:59;62;13;9;0;12;4;3;0;2;2;2
2020-06-17 01:56:58;62;13;9;0;12;4;3;0;2;2;2
2020-06-17 01:58:00;62;13;9;0;12;4;3;0;2;2;2
2020-06-17 01:58:58;63;13;10;0;12;4;3;0;2;2;2
2020-06-17 01:59:59;63;13;10;0;12;4;3;0;2;2;2
2020-06-17 02:00:59;63;13;10;0;12;4;3;0;2;2;2
2020-06-17 02:01:58;63;13;10;0;12;4;3;0;2;2;2
2020-06-17 02:02:59;63;13;10;0;12;4;3;0;2;2;2
2020-06-17 02:03:59;63;13;10;0;12;4;3;0;2;2;2
2020-06-17 02:04:58;63;13;10;0;12;4;3;0;2;2;2
2020-06-17 02:05:59;63;13;10;0;12;4;3;0;2;2;2
2020-06-17 02:06:58;63;13;10;0;12;4;3;0;2;2;2
2020-06-17 02:07:59;64;14;10;0;12;4;3;0;2;2;2
2020-06-17 02:08:59;64;14;10;0;12;4;3;0;2;2;2
2020-06-17 02:09:58;64;14;10;0;12;4;3;0;2;2;2
2020-06-17 02:10:59;65;14;10;0;12;5;3;0;2;2;2
2020-06-17 02:11:58;65;14;10;0;12;5;3;0;2;2;2
2020-06-17 02:12:59;65;14;10;0;12;5;3;0;2;2;2
2020-06-17 02:13:59;66;14;10;0;12;5;3;0;2;2;2
2020-06-17 02:14:58;66;14;10;0;12;5;3;0;2;2;2
2020-06-17 02:15:59;67;14;10;0;12;5;3;0;2;3;2
2020-06-17 02:16:58;67;14;10;0;12;5;3;0;2;3;2
2020-06-17 02:17:59;67;14;10;0;12;5;3;0;2;3;2
2020-06-17 02:18:59;67;14;10;0;12;5;3;0;2;3;2
2020-06-17 02:19:58;67;14;10;0;12;5;3;0;2;3;2
2020-06-17 02:20:59;67;14;10;0;12;5;3;0;2;3;2
2020-06-17 02:21:58;67;14;10;0;12;5;3;0;2;3;2
2020-06-17 02:22:59;67;14;10;0;12;5;3;0;2;3;2
2020-06-17 02:23:58;67;14;10;0;12;5;3;0;2;3;2
2020-06-17 02:24:59;67;14;10;0;12;5;3;0;2;3;2
2020-06-17 02:25:58;67;14;10;0;12;5;3;0;2;3;2
2020-06-17 02:26:59;67;14;10;0;12;5;3;0;2;3;2
2020-06-17 02:27:59;67;14;10;0;12;5;3;0;2;3;2
2020-06-17 02:28:58;68;14;10;0;13;5;3;0;2;3;2
2020-06-17 02:29:59;68;14;10;0;13;5;3;0;2;3;2
2020-06-17 02:30:58;68;14;10;0;13;5;3;0;2;3;2
2020-06-17 02:31:59;68;14;10;0;13;5;3;0;2;3;2
2020-06-17 02:32:59;68;14;10;0;13;5;3;0;2;3;2
2020-06-17 02:33:58;68;14;10;0;13;5;3;0;2;3;2
2020-06-17 02:34:59;68;14;10;0;13;5;3;0;2;3;2
2020-06-17 02:35:58;68;14;10;0;13;5;3;0;2;3;2
2020-06-17 02:36:59;68;14;10;0;13;5;3;0;2;3;2
2020-06-17 02:37:59;68;14;10;0;13;5;3;0;2;3;2
2020-06-17 02:38:58;68;14;10;0;13;5;3;0;2;3;2
2020-06-17 02:39:59;68;14;10;0;13;5;3;0;2;3;2
2020-06-17 02:40:58;68;14;10;0;13;5;3;0;2;3;2
2020-06-17 02:41:59;69;14;11;0;13;5;3;0;2;3;2
2020-06-17 02:42:59;69;14;11;0;13;5;3;0;2;3;2
2020-06-17 02:43:58;69;14;11;0;13;5;3;0;2;3;2
2020-06-17 02:44:59;69;14;11;0;13;5;3;0;2;3;2
2020-06-17 02:45:58;69;14;11;0;13;5;3;0;2;3;2
2020-06-17 02:46:59;69;14;11;0;13;5;3;0;2;3;2
2020-06-17 02:47:58;70;15;11;0;13;5;3;0;2;3;2
2020-06-17 02:48:59;70;15;11;0;13;5;3;0;2;3;2
2020-06-17 02:49:59;70;15;11;0;13;5;3;0;2;3;2
2020-06-17 02:50:58;70;15;11;0;13;5;3;0;2;3;2
2020-06-17 02:51:59;70;15;11;0;13;5;3;0;2;3;2
2020-06-17 02:52:58;70;15;11;0;13;5;3;0;2;3;2
2020-06-17 02:53:59;71;16;11;0;13;5;3;0;2;3;2
2020-06-17 02:54:59;71;16;11;0;13;5;3;0;2;3;2
2020-06-17 02:55:58;71;16;11;0;13;5;3;0;2;3;2
2020-06-17 02:56:59;71;16;11;0;13;5;3;0;2;3;2
2020-06-17 02:57:59;71;16;11;0;13;5;3;0;2;3;2
2020-06-17 02:58:58;71;16;11;0;13;5;3;0;2;3;2
2020-06-17 02:59:59;71;16;11;0;13;5;3;0;2;3;2
2020-06-17 03:00:58;71;16;11;0;13;5;3;0;2;3;2
2020-06-17 03:01:59;71;16;11;0;13;5;3;0;2;3;2
2020-06-17 03:02:59;71;16;11;0;13;5;3;0;2;3;2
2020-06-17 03:03:58;71;16;11;0;13;5;3;0;2;3;2
2020-06-17 03:04:59;71;16;11;0;13;5;3;0;2;3;2
2020-06-17 03:05:58;72;16;11;2;13;5;3;0;2;3;2
2020-06-17 03:06:59;73;16;11;2;13;5;3;0;2;3;2
2020-06-17 03:07:59;73;16;11;2;13;5;3;0;2;3;2
2020-06-17 03:08:58;73;16;11;2;13;5;3;0;2;3;2
2020-06-17 03:09:59;73;16;11;2;13;5;3;0;2;3;2
2020-06-17 03:10:59;73;16;11;2;13;5;3;0;2;3;2
2020-06-17 03:11:58;73;16;11;2;13;5;3;0;2;3;2
2020-06-17 03:12:59;73;16;11;2;13;5;3;0;2;3;2
2020-06-17 03:13:58;73;16;11;2;13;5;3;0;2;3;2
2020-06-17 03:14:59;73;16;11;2;13;5;3;0;2;3;2
2020-06-17 03:15:58;73;16;11;2;13;5;3;0;2;3;2
2020-06-17 03:16:59;73;16;11;2;13;5;3;0;2;3;2
2020-06-17 03:17:58;73;16;11;2;13;5;3;0;2;3;2
2020-06-17 03:18:59;73;16;11;2;13;5;3;0;2;3;2
2020-06-17 03:19:59;73;16;11;2;13;5;3;0;2;3;2
2020-06-17 03:20:58;73;16;11;2;13;5;3;0;2;3;2
2020-06-17 03:21:59;73;16;11;2;13;5;3;0;2;3;2
2020-06-17 03:22:59;73;16;11;2;13;5;3;0;2;3;2
2020-06-17 03:23:58;73;16;11;2;13;5;3;0;2;3;2
2020-06-17 03:24:59;74;16;12;2;13;5;3;0;2;3;2
2020-06-17 03:25:58;74;16;12;2;13;5;3;0;2;3;2
2020-06-17 03:26:59;74;16;12;2;13;5;3;0;2;3;2
2020-06-17 03:27:59;74;16;12;2;13;5;3;0;2;3;2
2020-06-17 03:28:58;74;16;12;2;13;5;3;0;2;3;2
2020-06-17 03:29:59;74;16;12;2;13;5;3;0;2;3;2
2020-06-17 03:30:58;74;16;12;2;13;5;3;0;2;3;2
2020-06-17 03:31:59;74;16;12;2;13;5;3;0;2;3;2
2020-06-17 03:32:58;74;16;12;2;13;5;3;0;2;3;2
2020-06-17 03:33:59;74;16;12;2;13;5;3;0;2;3;2
2020-06-17 03:34:59;74;16;12;2;13;5;3;0;2;3;2
2020-06-17 03:35:58;74;16;12;2;13;5;3;0;2;3;2
2020-06-17 03:36:59;74;16;12;2;13;5;3;0;2;3;2
2020-06-17 03:38:00;74;16;12;2;13;5;3;0;2;3;2
2020-06-17 03:38:58;74;16;12;2;13;5;3;0;2;3;2
2020-06-17 03:39:59;74;16;12;2;13;5;3;0;2;3;2
2020-06-17 03:40:58;74;16;12;2;13;5;3;0;2;3;2
2020-06-17 03:41:59;74;16;12;2;13;5;3;0;2;3;2
2020-06-17 03:42:58;75;16;12;2;13;5;3;0;2;3;2
2020-06-17 03:43:59;75;16;12;2;13;5;3;0;2;3;2
2020-06-17 03:44:59;75;16;12;2;13;5;3;0;2;3;2
2020-06-17 03:45:58;75;16;12;2;13;5;3;0;2;3;2
2020-06-17 03:46:59;75;16;12;2;13;5;3;0;2;3;2
2020-06-17 03:47:58;75;16;12;2;13;5;3;0;2;3;2
2020-06-17 03:48:59;75;16;12;2;13;5;3;0;2;3;2
2020-06-17 03:49:59;75;16;12;2;13;5;3;0;2;3;2
2020-06-17 03:50:58;75;16;12;2;13;5;3;0;2;3;2
2020-06-17 03:51:59;75;16;12;2;13;5;3;0;2;3;2
2020-06-17 03:53:00;75;16;12;2;13;5;3;0;2;3;2
2020-06-17 03:53:58;75;16;12;2;13;5;3;0;2;3;2
2020-06-17 03:54:59;75;16;12;2;13;5;3;0;2;3;2
2020-06-17 03:55:59;75;16;12;2;13;5;3;0;2;3;2
2020-06-17 03:56:58;75;16;12;2;13;5;3;0;2;3;2
2020-06-17 03:57:59;75;16;12;2;13;5;3;0;2;3;2
2020-06-17 03:58:59;75;16;12;2;13;5;3;0;2;3;2
2020-06-17 03:59:58;75;16;12;2;13;5;3;0;2;3;2
2020-06-17 04:00:59;75;16;12;2;13;5;3;0;2;3;2
2020-06-17 04:01:58;75;16;12;2;13;5;3;0;2;3;2
2020-06-17 04:02:59;75;16;12;2;13;5;3;0;2;3;2
2020-06-17 04:03:58;75;16;12;2;13;5;3;0;2;3;2
2020-06-17 04:04:59;75;16;12;2;13;5;3;0;2;3;2
2020-06-17 04:05:58;75;16;12;2;13;5;3;0;2;3;2
2020-06-17 04:06:59;75;16;12;2;13;5;3;0;2;3;2
2020-06-17 04:07:58;75;16;12;2;13;5;3;0;2;3;2
2020-06-17 04:08:59;76;16;13;2;13;5;3;0;2;3;2
2020-06-17 04:09:58;76;16;13;2;13;5;3;0;2;3;2
2020-06-17 04:10:59;76;16;13;2;13;5;3;0;2;3;2
2020-06-17 04:11:59;76;16;13;2;13;5;3;0;2;3;2
2020-06-17 04:12:58;76;16;13;2;13;5;3;0;2;3;2
2020-06-17 04:13:59;76;16;13;2;13;5;3;0;2;3;2
2020-06-17 04:14:59;76;16;13;2;13;5;3;0;2;3;2
2020-06-17 04:15:58;76;16;13;2;13;5;3;0;2;3;2
2020-06-17 04:16:59;76;16;13;2;13;5;3;0;2;3;2
2020-06-17 04:17:58;76;16;13;2;13;5;3;0;2;3;2
2020-06-17 04:18:59;76;16;13;2;13;5;3;0;2;3;2
2020-06-17 04:19:58;76;16;13;2;13;5;3;0;2;3;2
2020-06-17 04:20:59;76;16;13;2;13;5;3;0;2;3;2
2020-06-17 04:21:59;76;16;13;2;13;5;3;0;2;3;2
2020-06-17 04:22:58;76;16;13;2;13;5;3;0;2;3;2
2020-06-17 04:23:59;76;16;13;2;13;5;3;0;2;3;2
2020-06-17 04:24:58;76;16;13;2;13;5;3;0;2;3;2
2020-06-17 04:25:59;76;16;13;2;13;5;3;0;2;3;2
2020-06-17 04:26:59;76;16;13;2;13;5;3;0;2;3;2
2020-06-17 04:27:58;76;16;13;2;13;5;3;0;2;3;2
2020-06-17 04:28:59;76;16;13;2;13;5;3;0;2;3;2
2020-06-17 04:29:58;76;16;13;2;13;5;3;0;2;3;2
2020-06-17 04:30:59;76;16;13;2;13;5;3;0;2;3;2
2020-06-17 04:31:58;76;16;13;2;13;5;3;0;2;3;2
2020-06-17 04:32:59;76;16;13;2;13;5;3;0;2;3;2
2020-06-17 04:33:58;76;16;13;2;13;5;3;0;2;3;2
2020-06-17 04:34:59;76;16;13;2;13;5;3;0;2;3;2
2020-06-17 04:35:59;76;16;13;2;13;5;3;0;2;3;2
2020-06-17 04:36:58;76;16;13;2;13;5;3;0;2;3;2
2020-06-17 04:37:59;76;16;13;2;13;5;3;0;2;3;2
2020-06-17 04:38:58;76;16;13;2;13;5;3;0;2;3;2
2020-06-17 04:39:59;76;16;13;2;13;5;3;0;2;3;2
2020-06-17 04:40:58;76;16;13;2;13;5;3;0;2;3;2
2020-06-17 04:41:59;76;16;13;2;13;5;3;0;2;3;2
2020-06-17 04:42:58;76;16;13;2;13;5;3;0;2;3;2
2020-06-17 04:43:59;76;16;13;2;13;5;3;0;2;3;2
2020-06-17 04:44:58;76;16;13;2;13;5;3;0;2;3;2
2020-06-17 04:45:59;76;16;13;2;13;5;3;0;2;3;2
2020-06-17 04:46:59;76;16;13;2;13;5;3;0;2;3;2
2020-06-17 04:47:58;76;16;13;2;13;5;3;0;2;3;2
2020-06-17 04:48:59;76;16;13;2;13;5;3;0;2;3;2
2020-06-17 04:49:58;76;16;13;2;13;5;3;0;2;3;2
2020-06-17 04:50:59;76;16;13;2;13;5;3;0;2;3;2
2020-06-17 04:51:59;77;16;14;2;13;5;3;0;2;3;2
2020-06-17 04:52:58;77;16;14;2;13;5;3;0;2;3;2
2020-06-17 04:53:59;77;16;14;2;13;5;3;0;2;3;2
2020-06-17 04:54:58;77;16;14;2;13;5;3;0;2;3;2
2020-06-17 04:55:59;77;16;14;2;13;5;3;0;2;3;2
2020-06-17 04:56:59;77;16;14;2;13;5;3;0;2;3;2
2020-06-17 04:57:58;77;16;14;2;13;5;3;0;2;3;2
2020-06-17 04:58:59;77;16;14;2;13;5;3;0;2;3;2
2020-06-17 04:59:59;77;16;14;2;13;5;3;0;2;3;2
2020-06-17 05:00:58;77;16;14;2;13;5;3;0;2;3;2
2020-06-17 05:01:59;77;16;14;2;13;5;3;0;2;3;2
2020-06-17 05:02:59;77;16;14;2;13;5;3;0;2;3;2
2020-06-17 05:03:58;77;16;14;2;13;5;3;0;2;3;2
2020-06-17 05:04:59;77;16;14;2;13;5;3;0;2;3;2
2020-06-17 05:05:59;77;16;14;2;13;5;3;0;2;3;2
2020-06-17 05:06:58;78;17;14;2;13;5;3;0;2;3;2
2020-06-17 05:07:59;79;18;14;2;13;5;3;0;2;3;2
2020-06-17 05:08:59;80;19;14;2;13;5;3;0;2;3;2
2020-06-17 05:09:58;80;19;14;2;13;5;3;0;2;3;2
2020-06-17 05:11:00;80;19;14;2;13;5;3;0;2;3;2
2020-06-17 05:11:58;80;19;14;2;13;5;3;0;2;3;2
2020-06-17 05:12:59;80;19;14;2;13;5;3;0;2;3;2
2020-06-17 05:13:59;80;19;14;2;13;5;3;0;2;3;2
2020-06-17 05:14:58;80;19;14;2;13;5;3;0;2;3;2
2020-06-17 05:15:59;80;19;14;2;13;5;3;0;2;3;2
2020-06-17 05:16:59;80;19;14;2;13;5;3;0;2;3;2
2020-06-17 05:17:58;80;19;14;2;13;5;3;0;2;3;2
2020-06-17 05:18:59;80;19;14;2;13;5;3;0;2;3;2
2020-06-17 05:19:59;80;19;14;2;13;5;3;0;2;3;2
2020-06-17 05:20:58;80;19;14;2;13;5;3;0;2;3;2
2020-06-17 05:21:59;80;19;14;2;13;5;3;0;2;3;2
2020-06-17 05:22:59;80;19;14;2;13;5;3;0;2;3;2
2020-06-17 05:23:58;80;19;14;2;13;5;3;0;2;3;2
2020-06-17 05:24:59;80;19;14;2;13;5;3;0;2;3;2
2020-06-17 05:25:58;80;19;14;2;13;5;3;0;2;3;2
2020-06-17 05:26:59;80;19;14;2;13;5;3;0;2;3;2
2020-06-17 05:27:59;80;19;14;2;13;5;3;0;2;3;2
2020-06-17 05:28:58;80;19;14;2;13;5;3;0;2;3;2
2020-06-17 05:29:59;80;19;14;2;13;5;3;0;2;3;2
2020-06-17 05:30:58;80;19;14;2;13;5;3;0;2;3;2
2020-06-17 05:31:59;80;19;14;2;13;5;3;0;2;3;2
2020-06-17 05:32:59;80;19;14;2;13;5;3;0;2;3;2
2020-06-17 05:33:58;80;19;14;2;13;5;3;0;2;3;2
2020-06-17 05:34:59;81;19;15;2;13;5;3;0;2;3;2
2020-06-17 05:35:58;81;19;15;2;13;5;3;0;2;3;2
2020-06-17 05:36:59;81;19;15;2;13;5;3;0;2;3;2
2020-06-17 05:37:59;81;19;15;2;13;5;3;0;2;3;2
2020-06-17 05:38:58;81;19;15;2;13;5;3;0;2;3;2
2020-06-17 05:39:59;81;19;15;2;13;5;3;0;2;3;2
2020-06-17 05:40:58;81;19;15;2;13;5;3;0;2;3;2
2020-06-17 05:41:59;81;19;15;2;13;5;3;0;2;3;2
2020-06-17 05:42:59;81;19;15;2;13;5;3;0;2;3;2
2020-06-17 05:43:58;81;19;15;2;13;5;3;0;2;3;2
2020-06-17 05:44:59;81;19;15;2;13;5;3;0;2;3;2
2020-06-17 05:45:59;81;19;15;2;13;5;3;0;2;3;2
2020-06-17 05:46:58;81;19;15;2;13;5;3;0;2;3;2
2020-06-17 05:47:59;81;19;15;2;13;5;3;0;2;3;2
2020-06-17 05:48:58;81;19;15;2;13;5;3;0;2;3;2
2020-06-17 05:50:00;81;19;15;2;13;5;3;0;2;3;2
2020-06-17 05:50:58;81;19;15;2;13;5;3;0;2;3;2
2020-06-17 05:51:59;81;19;15;2;13;5;3;0;2;3;2
2020-06-17 05:52:59;81;19;15;2;13;5;3;0;2;3;2
2020-06-17 05:53:58;81;19;15;2;13;5;3;0;2;3;2
2020-06-17 05:54:59;81;19;15;2;13;5;3;0;2;3;2
2020-06-17 05:55:59;81;19;15;2;13;5;3;0;2;3;2
2020-06-17 05:56:58;81;19;15;2;13;5;3;0;2;3;2
2020-06-17 05:57:59;81;19;15;2;13;5;3;0;2;3;2
2020-06-17 05:58:59;81;19;15;2;13;5;3;0;2;3;2
2020-06-17 05:59:58;81;19;15;2;13;5;3;0;2;3;2
2020-06-17 06:00:59;81;19;15;2;13;5;3;0;2;3;2
2020-06-17 06:01:59;81;19;15;2;13;5;3;0;2;3;2
2020-06-17 06:02:58;81;19;15;2;13;5;3;0;2;3;2
2020-06-17 06:03:59;81;19;15;2;13;5;3;0;2;3;2
2020-06-17 06:04:58;81;19;15;2;13;5;3;0;2;3;2
2020-06-17 06:05:59;81;19;15;2;13;5;3;0;2;3;2
2020-06-17 06:06:58;81;19;15;2;13;5;3;0;2;3;2
2020-06-17 06:07:59;81;19;15;2;13;5;3;0;2;3;2
2020-06-17 06:08:58;81;19;15;2;13;5;3;0;2;3;2
2020-06-17 06:10:00;81;19;15;2;13;5;3;0;2;3;2
2020-06-17 06:10:58;81;19;15;2;13;5;3;0;2;3;2
2020-06-17 06:11:59;81;19;15;2;13;5;3;0;2;3;2
2020-06-17 06:12:59;81;19;15;2;13;5;3;0;2;3;2
2020-06-17 06:13:58;81;19;15;2;13;5;3;0;2;3;2
2020-06-17 06:14:59;81;19;15;2;13;5;3;0;2;3;2
2020-06-17 06:15:59;81;19;15;2;13;5;3;0;2;3;2
2020-06-17 06:16:58;81;19;15;2;13;5;3;0;2;3;2
2020-06-17 06:17:59;81;19;15;2;13;5;3;0;2;3;2
2020-06-17 06:18:59;83;19;16;2;13;6;3;0;2;3;2
2020-06-17 06:19:58;83;19;16;2;13;6;3;0;2;3;2
2020-06-17 06:20:59;83;19;16;2;13;6;3;0;2;3;2
2020-06-17 06:21:58;83;19;16;2;13;6;3;0;2;3;2
2020-06-17 06:22:59;83;19;16;2;13;6;3;0;2;3;2
2020-06-17 06:23:59;83;19;16;2;13;6;3;0;2;3;2
2020-06-17 06:24:58;83;19;16;2;13;6;3;0;2;3;2
2020-06-17 06:25:59;83;19;16;2;13;6;3;0;2;3;2
2020-06-17 06:26:58;83;19;16;2;13;6;3;0;2;3;2
2020-06-17 06:27:59;83;19;16;2;13;6;3;0;2;3;2
2020-06-17 06:28:59;83;19;16;2;13;6;3;0;2;3;2
2020-06-17 06:29:58;83;19;16;2;13;6;3;0;2;3;2
2020-06-17 06:30:59;83;19;16;2;13;6;3;0;2;3;2
2020-06-17 06:31:58;83;19;16;2;13;6;3;0;2;3;2
2020-06-17 06:32:59;83;19;16;2;13;6;3;0;2;3;2
2020-06-17 06:33:58;83;19;16;2;13;6;3;0;2;3;2
2020-06-17 06:35:00;83;19;16;2;13;6;3;0;2;3;2
2020-06-17 06:35:58;83;19;16;2;13;6;3;0;2;3;2
2020-06-17 06:36:59;84;19;16;2;14;6;3;0;2;3;2
2020-06-17 06:37:59;84;19;16;2;14;6;3;0;2;3;2
2020-06-17 06:38:58;84;19;16;2;14;6;3;0;2;3;2
2020-06-17 06:39:59;84;19;16;2;14;6;3;0;2;3;2
2020-06-17 06:40:59;84;19;16;2;14;6;3;0;2;3;2
2020-06-17 06:41:58;84;19;16;2;14;6;3;0;2;3;2
2020-06-17 06:42:59;84;19;16;2;14;6;3;0;2;3;2
2020-06-17 06:43:58;85;20;16;2;14;6;3;0;2;3;2
2020-06-17 06:44:59;85;20;16;2;14;6;3;0;2;3;2
2020-06-17 06:45:59;85;20;16;2;14;6;3;0;2;3;2
2020-06-17 06:46:58;85;20;16;2;14;6;3;0;2;3;2
2020-06-17 06:47:59;85;20;16;2;14;6;3;0;2;3;2
2020-06-17 06:48:58;85;20;16;2;14;6;3;0;2;3;2
2020-06-17 06:49:59;85;20;16;2;14;6;3;0;2;3;2
2020-06-17 06:50:59;85;20;16;2;14;6;3;0;2;3;2
2020-06-17 06:51:58;85;20;16;2;14;6;3;0;2;3;2
2020-06-17 06:52:59;86;21;16;2;14;6;3;0;2;3;2
2020-06-17 06:53:59;86;21;16;2;14;6;3;0;2;3;2
2020-06-17 06:54:58;86;21;16;2;14;6;3;0;2;3;2
2020-06-17 06:55:59;86;21;16;2;14;6;3;0;2;3;2
2020-06-17 06:56:59;88;21;16;3;14;6;3;0;2;3;2
2020-06-17 06:57:58;88;21;16;3;14;6;3;0;2;3;2
2020-06-17 06:58:59;88;21;16;3;14;6;3;0;2;3;2
2020-06-17 06:59:59;88;21;16;3;14;6;3;0;2;3;2
2020-06-17 07:00:58;88;21;16;3;14;6;3;0;2;3;2
2020-06-17 07:01:59;89;21;17;3;14;6;3;0;2;3;2
2020-06-17 07:02:59;90;21;17;3;14;6;3;0;2;3;2
2020-06-17 07:03:58;90;21;17;3;14;6;3;0;2;3;2
2020-06-17 07:04:59;90;21;17;3;14;6;3;0;2;3;2
2020-06-17 07:05:58;90;21;17;3;14;6;3;0;2;3;2
2020-06-17 07:06:59;90;21;17;3;14;6;3;0;2;3;2
2020-06-17 07:07:59;91;21;17;3;15;6;3;0;2;3;2
2020-06-17 07:08:58;91;21;17;3;15;6;3;0;2;3;2
2020-06-17 07:09:59;91;21;17;3;15;6;3;0;2;3;2
2020-06-17 07:10:59;91;21;17;3;15;6;3;0;2;3;2
2020-06-17 07:11:58;91;21;17;3;15;6;3;0;2;3;2
2020-06-17 07:12:59;91;21;17;3;15;6;3;0;2;3;2
2020-06-17 07:13:59;91;21;17;3;15;6;3;0;2;3;2
2020-06-17 07:14:58;91;21;17;3;15;6;3;0;2;3;2
2020-06-17 07:15:59;91;21;17;3;15;6;3;0;2;3;2
2020-06-17 07:16:59;91;21;17;3;15;6;3;0;2;3;2
2020-06-17 07:17:58;91;21;17;3;15;6;3;0;2;3;2
2020-06-17 07:18:59;91;21;17;3;15;6;3;0;2;3;2
2020-06-17 07:19:58;91;21;17;3;15;6;3;0;2;3;2
2020-06-17 07:20:59;91;21;17;3;15;6;3;0;2;3;2
2020-06-17 07:21:59;91;21;17;3;15;6;3;0;2;3;2
2020-06-17 07:22:58;91;21;17;3;15;6;3;0;2;3;2
2020-06-17 07:23:59;91;21;17;3;15;6;3;0;2;3;2
2020-06-17 07:24:59;91;21;17;3;15;6;3;0;2;3;2
2020-06-17 07:25:58;91;21;17;3;15;6;3;0;2;3;2
2020-06-17 07:26:59;91;21;17;3;15;6;3;0;2;3;2
2020-06-17 07:27:58;92;21;17;3;15;6;3;0;2;3;2
2020-06-17 07:28:59;93;21;17;3;15;6;3;0;3;3;2
2020-06-17 07:29:59;93;21;17;3;15;6;3;0;3;3;2
2020-06-17 07:30:58;93;21;17;3;15;6;3;0;3;3;2
2020-06-17 07:32:00;93;21;17;3;15;6;3;0;3;3;2
2020-06-17 07:32:58;94;21;18;3;15;6;3;0;3;3;2
2020-06-17 07:33:59;94;21;18;3;15;6;3;0;3;3;2
2020-06-17 07:34:58;94;21;18;3;15;6;3;0;3;3;2
2020-06-17 07:35:59;94;21;18;3;15;6;3;0;3;3;2
2020-06-17 07:36:58;94;21;18;3;15;6;3;0;3;3;2
2020-06-17 07:37:59;94;21;18;3;15;6;3;0;3;3;2
2020-06-17 07:38:58;94;21;18;3;15;6;3;0;3;3;2
2020-06-17 07:39:59;94;21;18;3;15;6;3;0;3;3;2
2020-06-17 07:40:58;94;21;18;3;15;6;3;0;3;3;2
2020-06-17 07:41:59;94;21;18;3;15;6;3;0;3;3;2
2020-06-17 07:42:58;94;21;18;3;15;6;3;0;3;3;2
2020-06-17 07:43:59;94;21;18;3;15;6;3;0;3;3;2
2020-06-17 07:44:58;94;21;18;3;15;6;3;0;3;3;2
2020-06-17 07:45:59;95;21;19;3;15;6;3;0;3;3;2
2020-06-17 07:46:59;95;21;19;3;15;6;3;0;3;3;2
2020-06-17 07:47:58;95;21;19;3;15;6;3;0;3;3;2
2020-06-17 07:48:59;95;21;19;3;15;6;3;0;3;3;2
2020-06-17 07:49:58;95;21;19;3;15;6;3;0;3;3;2
2020-06-17 07:50:59;95;21;19;3;15;6;3;0;3;3;2
2020-06-17 07:51:59;95;21;19;3;15;6;3;0;3;3;2
2020-06-17 07:52:58;95;21;19;3;15;6;3;0;3;3;2
2020-06-17 07:53:59;95;21;19;3;15;6;3;0;3;3;2
2020-06-17 07:54:58;95;21;19;3;15;6;3;0;3;3;2
2020-06-17 07:55:59;95;21;19;3;15;6;3;0;3;3;2
2020-06-17 07:56:58;95;21;19;3;15;6;3;0;3;3;2
2020-06-17 07:57:59;95;21;19;3;15;6;3;0;3;3;2
2020-06-17 07:58:59;96;21;20;3;15;6;3;0;3;3;2
2020-06-17 07:59:58;96;21;20;3;15;6;3;0;3;3;2
2020-06-17 08:00:59;96;21;20;3;15;6;3;0;3;3;2
2020-06-17 08:01:58;96;21;20;3;15;6;3;0;3;3;2
2020-06-17 08:02:59;96;21;20;3;15;6;3;0;3;3;2
2020-06-17 08:03:58;96;21;20;3;15;6;3;0;3;3;2
2020-06-17 08:04:59;96;21;20;3;15;6;3;0;3;3;2
2020-06-17 08:05:59;96;21;20;3;15;6;3;0;3;3;2
2020-06-17 08:06:58;96;21;20;3;15;6;3;0;3;3;2
2020-06-17 08:07:59;96;21;20;3;15;6;3;0;3;3;2
2020-06-17 08:08:59;96;21;20;3;15;6;3;0;3;3;2
2020-06-17 08:09:58;96;21;20;3;15;6;3;0;3;3;2
2020-06-17 08:10:59;96;21;20;3;15;6;3;0;3;3;2
2020-06-17 08:11:59;96;21;20;3;15;6;3;0;3;3;2
2020-06-17 08:12:58;98;22;20;3;15;6;3;0;4;3;2
2020-06-17 08:13:59;98;22;20;3;15;6;3;0;4;3;2
2020-06-17 08:14:58;98;22;20;3;15;6;3;0;4;3;2
2020-06-17 08:15:59;98;22;20;3;15;6;3;0;4;3;2
2020-06-17 08:16:58;98;22;20;3;15;6;3;0;4;3;2
2020-06-17 08:17:59;98;22;20;3;15;6;3;0;4;3;2
2020-06-17 08:18:59;98;22;20;3;15;6;3;0;4;3;2
2020-06-17 08:19:58;98;22;20;3;15;6;3;0;4;3;2
2020-06-17 08:20:59;99;22;20;3;15;6;3;0;4;3;2
2020-06-17 08:21:59;99;22;20;3;15;6;3;0;4;3;2
2020-06-17 08:22:58;99;22;20;3;15;6;3;0;4;3;2
2020-06-17 08:23:59;99;22;20;3;15;6;3;0;4;3;2
2020-06-17 08:24:58;99;22;20;3;15;6;3;0;4;3;2
2020-06-17 08:25:59;99;22;20;3;15;6;3;0;4;3;2
2020-06-17 08:26:59;99;22;20;3;15;6;3;0;4;3;2
2020-06-17 08:27:58;99;22;20;3;15;6;3;0;4;3;2
2020-06-17 08:28:59;100;22;21;3;15;6;3;0;4;3;2
2020-06-17 08:29:59;100;22;21;3;15;6;3;0;4;3;2
2020-06-17 08:30:58;101;23;21;3;15;6;3;0;4;3;2
2020-06-17 08:31:59;101;23;21;3;15;6;3;0;4;3;2
2020-06-17 08:32:58;101;23;21;3;15;6;3;0;4;3;2
2020-06-17 08:33:59;101;23;21;3;15;6;3;0;4;3;2
2020-06-17 08:34:58;101;23;21;3;15;6;3;0;4;3;2
2020-06-17 08:35:59;101;23;21;3;15;6;3;0;4;3;2
2020-06-17 08:36:58;101;23;22;3;15;5;3;0;4;3;2
2020-06-17 08:37:59;101;23;22;3;15;5;3;0;4;3;2
2020-06-17 08:38:59;101;23;22;3;15;5;3;0;4;3;2
2020-06-17 08:39:58;101;23;22;3;15;5;3;0;4;3;2
2020-06-17 08:40:59;101;23;22;3;15;5;3;0;4;3;2
2020-06-17 08:41:58;101;23;22;3;15;5;3;0;4;3;2
2020-06-17 08:42:59;101;23;22;3;15;5;3;0;4;3;2
2020-06-17 08:43:59;101;23;22;3;15;5;3;0;4;3;2
2020-06-17 08:44:58;101;23;22;3;15;5;3;0;4;3;2
2020-06-17 08:45:59;102;23;23;3;15;5;3;0;4;3;2
2020-06-17 08:46:59;102;23;23;3;15;5;3;0;4;3;2
2020-06-17 08:47:58;102;23;23;3;15;5;3;0;4;3;2
2020-06-17 08:48:59;102;23;23;3;15;5;3;0;4;3;2
2020-06-17 08:49:59;102;23;23;3;15;5;3;0;4;3;2
2020-06-17 08:50:58;102;23;23;3;15;5;3;0;4;3;2
2020-06-17 08:51:59;102;23;23;3;15;5;3;0;4;3;2
2020-06-17 08:52:58;102;23;23;3;15;5;3;0;4;3;2
2020-06-17 08:53:59;102;23;23;3;15;5;3;0;4;3;2
2020-06-17 08:54:59;102;23;23;3;15;5;3;0;4;3;2
2020-06-17 08:55:58;103;23;23;3;16;5;3;0;4;3;2
2020-06-17 08:56:59;103;23;23;3;16;5;3;0;4;3;2
2020-06-17 08:57:58;103;23;23;3;16;5;3;0;4;3;2
2020-06-17 08:58:59;103;23;23;3;16;5;3;0;4;3;2
2020-06-17 08:59:58;103;23;23;3;16;5;3;0;4;3;2
2020-06-17 09:00:59;103;23;23;3;16;5;3;0;4;3;2
2020-06-17 09:01:58;103;23;23;3;16;5;3;0;4;3;2
2020-06-17 09:02:59;103;23;23;3;16;5;3;0;4;3;2
2020-06-17 09:03:59;103;23;23;3;16;5;3;0;4;3;2
2020-06-17 09:04:58;104;24;23;3;16;5;3;0;4;3;2
2020-06-17 09:05:59;104;24;23;3;16;5;3;0;4;3;2
2020-06-17 09:06:58;104;24;23;3;16;5;3;0;4;3;2
2020-06-17 09:07:59;104;24;23;3;16;5;3;0;4;3;2
2020-06-17 09:08:59;104;24;23;3;16;5;3;0;4;3;2
2020-06-17 09:09:58;105;24;23;3;16;6;3;0;4;3;2
2020-06-17 09:11:00;105;24;23;3;16;6;3;0;4;3;2
2020-06-17 09:11:58;107;24;24;3;17;6;3;0;4;3;2
2020-06-17 09:12:59;107;24;24;3;17;6;3;0;4;3;2
2020-06-17 09:13:59;107;24;24;3;17;6;3;0;4;3;2
2020-06-17 09:14:58;107;24;24;3;17;6;3;0;4;3;2
2020-06-17 09:15:59;107;24;24;3;17;6;3;0;4;3;2
2020-06-17 09:16:59;107;24;24;3;17;6;3;0;4;3;2
2020-06-17 09:17:58;107;24;24;3;17;6;3;0;4;3;2
2020-06-17 09:18:59;107;24;24;3;17;6;3;0;4;3;2
2020-06-17 09:19:59;109;24;24;4;17;7;3;0;4;3;2
2020-06-17 09:20:58;109;24;24;4;17;7;3;0;4;3;2
2020-06-17 09:21:59;109;24;24;4;17;7;3;0;4;3;2
2020-06-17 09:22:58;109;24;24;4;17;7;3;0;4;3;2
2020-06-17 09:23:59;110;24;24;4;17;7;3;0;4;3;2
2020-06-17 09:24:59;111;24;24;5;17;7;3;0;4;3;2
2020-06-17 09:25:58;111;24;24;5;17;7;3;0;4;3;2
2020-06-17 09:26:59;111;24;24;5;17;7;3;0;4;3;2
2020-06-17 09:27:59;111;24;24;5;17;7;3;0;4;3;2
2020-06-17 09:28:58;111;24;24;5;17;7;3;0;4;3;2
2020-06-17 09:29:59;111;24;24;5;17;7;3;0;4;3;2
2020-06-17 09:30:58;111;24;24;5;17;7;3;0;4;3;2
2020-06-17 09:31:59;111;24;24;5;17;7;3;0;4;3;2
2020-06-17 09:32:58;112;25;24;5;17;7;3;0;4;3;2
2020-06-17 09:33:59;113;25;24;5;17;7;3;0;4;3;2
2020-06-17 09:34:58;113;25;24;5;17;7;3;0;4;3;2
2020-06-17 09:35:59;113;25;24;5;17;7;3;0;4;3;2
2020-06-17 09:36:58;114;25;25;5;17;7;3;0;4;3;2
2020-06-17 09:37:59;114;25;25;5;17;7;3;0;4;3;2
2020-06-17 09:38:58;114;25;25;5;17;7;3;0;4;3;2
2020-06-17 09:39:59;114;25;25;5;17;7;3;0;4;3;2
2020-06-17 09:40:58;114;25;25;5;17;7;3;0;4;3;2
2020-06-17 09:41:59;115;26;25;5;17;7;3;0;4;3;2
2020-06-17 09:42:58;115;26;25;5;17;7;3;0;4;3;2
2020-06-17 09:43:59;115;26;25;5;17;7;3;0;4;3;2
2020-06-17 09:44:58;115;26;25;5;17;7;3;0;4;3;2
2020-06-17 09:45:59;115;26;25;5;17;7;3;0;4;3;2
2020-06-17 09:46:58;115;26;25;5;17;7;3;0;4;3;2
2020-06-17 09:47:59;115;26;25;5;17;7;3;0;4;3;2
2020-06-17 09:48:58;115;26;25;5;17;7;3;0;4;3;2
2020-06-17 09:49:59;116;26;25;6;17;7;3;0;4;3;2
2020-06-17 09:50:58;116;26;25;6;17;7;3;0;4;3;2
2020-06-17 09:51:59;116;26;25;6;17;7;3;0;4;3;2
2020-06-17 09:52:59;116;26;25;6;17;7;3;0;4;3;2
2020-06-17 09:53:58;116;26;25;6;17;7;3;0;4;3;2
2020-06-17 09:54:59;116;26;25;6;17;7;3;0;4;3;2
2020-06-17 09:55:58;117;26;26;6;17;7;3;0;4;3;2
2020-06-17 09:56:59;117;26;26;6;17;7;3;0;4;3;2
2020-06-17 09:57:58;117;26;26;6;17;7;3;0;4;3;2
2020-06-17 09:58:59;117;26;26;6;17;7;3;0;4;3;2
2020-06-17 09:59:59;117;26;26;6;17;7;3;0;4;3;2
2020-06-17 10:00:58;117;26;26;6;17;7;3;0;4;3;2
2020-06-17 10:01:59;117;26;26;6;17;7;3;0;4;3;2
2020-06-17 10:02:59;117;26;26;6;17;7;3;0;4;3;2
2020-06-17 10:03:58;117;26;26;6;17;7;3;0;4;3;2
2020-06-17 10:04:59;117;26;26;6;17;7;3;0;4;3;2
2020-06-17 10:05:59;117;26;26;6;17;7;3;0;4;3;2
2020-06-17 10:06:58;117;26;26;6;17;7;3;0;4;3;2
2020-06-17 10:07:59;117;26;26;6;17;7;3;0;4;3;2
2020-06-17 10:08:58;117;26;26;6;17;7;3;0;4;3;2
2020-06-17 10:09:59;117;26;26;6;17;7;3;0;4;3;2
2020-06-17 10:10:58;118;27;26;6;17;7;3;0;4;3;2
2020-06-17 10:11:59;118;27;26;6;17;7;3;0;4;3;2
2020-06-17 10:12:59;118;27;26;6;17;7;3;0;4;3;2
2020-06-17 10:13:58;118;27;26;6;17;7;3;0;4;3;2
2020-06-17 10:14:59;118;27;26;6;17;7;3;0;4;3;2
2020-06-17 10:15:59;118;27;26;6;17;7;3;0;4;3;2
2020-06-17 10:16:58;118;27;26;6;17;7;3;0;4;3;2
2020-06-17 10:17:59;118;27;26;6;17;7;3;0;4;3;2
2020-06-17 10:18:58;118;27;26;6;17;7;3;0;4;3;2
2020-06-17 10:19:59;118;27;26;6;17;7;3;0;4;3;2
2020-06-17 10:20:58;118;27;26;6;17;7;3;0;4;3;2
2020-06-17 10:21:59;118;27;26;6;17;7;3;0;4;3;2
2020-06-17 10:22:58;118;27;26;6;17;7;3;0;4;3;2
2020-06-17 10:23:59;119;28;26;6;17;7;3;0;4;3;2
2020-06-17 10:24:59;119;28;26;6;17;7;3;0;4;3;2
2020-06-17 10:25:58;119;28;26;6;17;7;3;0;4;3;2
2020-06-17 10:26:59;120;29;26;6;17;7;3;0;4;3;2
2020-06-17 10:27:59;120;29;26;6;17;7;3;0;4;3;2
2020-06-17 10:28:58;121;29;26;6;17;7;3;0;4;3;2
2020-06-17 10:29:59;122;29;27;6;17;7;3;0;4;3;2
2020-06-17 10:30:58;122;29;27;6;17;7;3;0;4;3;2
2020-06-17 10:31:59;122;29;27;6;17;7;3;0;4;3;2
2020-06-17 10:32:59;123;29;27;6;17;7;4;0;4;3;2
2020-06-17 10:33:58;123;29;27;6;17;7;4;0;4;3;2
2020-06-17 10:34:59;123;29;27;6;17;7;4;0;4;3;2
2020-06-17 10:35:58;124;29;27;6;17;7;4;0;4;3;2
2020-06-17 10:37:00;125;30;27;6;17;7;4;0;4;3;2
2020-06-17 10:37:58;125;30;27;6;17;7;4;0;4;3;2
2020-06-17 10:38:59;126;30;28;6;17;7;4;0;4;3;2
2020-06-17 10:39:59;126;30;28;6;17;7;4;0;4;3;2
2020-06-17 10:40:58;126;30;28;6;17;7;4;0;4;3;2
2020-06-17 10:41:59;126;30;28;6;17;7;4;0;4;3;2
2020-06-17 10:42:58;127;30;28;6;17;8;4;0;4;3;2
2020-06-17 10:43:59;127;30;28;6;17;8;4;0;4;3;2
2020-06-17 10:44:58;127;30;28;6;17;8;4;0;4;3;2
2020-06-17 10:45:59;127;30;28;6;17;8;4;0;4;3;2
2020-06-17 10:46:59;128;30;28;7;17;8;4;0;4;3;2
2020-06-17 10:47:58;129;30;29;7;17;8;4;0;4;3;2
2020-06-17 10:48:59;129;30;29;7;17;8;4;0;4;3;2
2020-06-17 10:49:58;129;30;29;7;17;8;4;0;4;3;2
2020-06-17 10:50:59;129;30;29;7;17;8;4;0;4;3;2
2020-06-17 10:51:59;129;30;29;7;17;8;4;0;4;3;2
2020-06-17 10:52:58;130;30;30;7;17;8;4;0;4;3;2
2020-06-17 10:53:59;130;30;30;7;17;8;4;0;4;3;2
2020-06-17 10:54:58;131;30;31;7;17;8;4;0;4;3;2
2020-06-17 10:55:59;131;30;31;7;17;8;4;0;4;3;2
2020-06-17 10:56:58;131;30;31;7;17;8;4;0;4;3;2
2020-06-17 10:57:59;130;30;30;7;17;8;4;0;4;3;2
2020-06-17 10:58:59;130;30;30;7;17;8;4;0;4;3;2
2020-06-17 10:59:58;130;30;30;7;17;8;4;0;4;3;2
2020-06-17 11:00:59;130;30;30;7;17;8;4;0;4;3;2
2020-06-17 11:01:58;130;30;30;7;17;8;4;0;4;3;2
2020-06-17 11:02:59;130;30;30;7;17;8;4;0;4;3;2
2020-06-17 11:03:58;130;30;30;7;17;8;4;0;4;3;2
2020-06-17 11:04:59;130;30;30;7;17;8;4;0;4;3;2
2020-06-17 11:05:59;130;30;30;7;17;8;4;0;4;3;2
2020-06-17 11:06:58;130;30;30;7;17;8;4;0;4;3;2
2020-06-17 11:07:59;130;30;30;7;17;8;4;0;4;3;2
2020-06-17 11:08:59;130;30;30;7;17;8;4;0;4;3;2
2020-06-17 11:09:58;130;30;30;7;17;8;4;0;4;3;2
2020-06-17 11:11:00;130;30;30;7;17;8;4;0;4;3;2
2020-06-17 11:11:58;130;30;30;7;17;8;4;0;4;3;2
2020-06-17 11:12:59;130;30;30;7;17;8;4;0;4;3;2
2020-06-17 11:13:58;130;30;30;7;17;8;4;0;4;3;2
2020-06-17 11:14:59;130;30;30;7;17;8;4;0;4;3;2
2020-06-17 11:15:58;130;30;30;7;17;8;4;0;4;3;2
2020-06-17 11:16:59;131;30;31;7;17;8;4;0;4;3;2
2020-06-17 11:17:58;131;30;31;7;17;8;4;0;4;3;2
2020-06-17 11:18:59;132;30;31;7;17;8;5;0;4;3;2
2020-06-17 11:19:58;133;30;31;7;17;8;5;0;4;3;2
2020-06-17 11:20:59;133;30;31;7;17;8;5;0;4;3;2
2020-06-17 11:21:59;135;31;32;7;17;8;5;0;4;3;2
2020-06-17 11:22:58;135;31;32;7;17;8;5;0;4;3;2
2020-06-17 11:23:59;135;31;32;7;17;8;5;0;4;3;2
2020-06-17 11:24:58;135;31;32;7;17;8;5;0;4;3;2
2020-06-17 11:25:59;135;31;32;7;17;8;5;0;4;3;2
2020-06-17 11:26:58;136;32;32;7;17;8;5;0;4;3;2
2020-06-17 11:27:59;136;32;32;7;17;8;5;0;4;3;2
2020-06-17 11:28:59;136;32;32;7;17;8;5;0;4;3;2
2020-06-17 11:29:58;136;32;32;6;17;9;5;0;4;3;2
2020-06-17 11:30:59;136;32;32;6;17;9;5;0;4;3;2
2020-06-17 11:31:59;136;32;32;6;17;9;5;0;4;3;2
2020-06-17 11:32:58;136;32;32;6;17;9;5;0;4;3;2
2020-06-17 11:33:59;137;32;33;6;17;9;5;0;4;3;2
2020-06-17 11:34:59;137;32;33;6;17;9;5;0;4;3;2
2020-06-17 11:35:58;137;32;33;6;17;9;5;0;4;3;2
2020-06-17 11:37:00;137;32;33;6;17;9;5;0;4;3;2
2020-06-17 11:37:58;137;32;33;6;17;9;5;0;4;3;2
2020-06-17 11:38:59;137;32;33;6;17;9;5;0;4;3;2
2020-06-17 11:39:59;137;32;33;6;17;9;5;0;4;3;2
2020-06-17 11:40:58;138;32;33;6;17;9;5;0;4;3;0
2020-06-17 11:41:59;138;32;33;6;17;9;5;0;4;3;0
2020-06-17 11:42:58;139;33;33;6;17;9;5;0;4;3;0
2020-06-17 11:43:59;139;33;33;6;17;9;5;0;4;3;0
2020-06-17 11:44:59;139;33;33;6;17;9;5;0;4;3;0
2020-06-17 11:45:58;139;33;33;6;17;9;5;0;4;3;0
2020-06-17 11:46:59;141;33;33;7;17;9;5;0;4;3;0
2020-06-17 11:47:58;142;33;33;7;17;9;5;0;4;3;0
2020-06-17 11:48:59;142;33;33;7;17;9;5;0;4;3;0
2020-06-17 11:49:58;142;33;33;7;17;9;5;0;4;3;0
2020-06-17 11:50:59;142;33;33;7;17;9;5;0;4;3;0
2020-06-17 11:51:59;142;33;33;7;17;9;5;0;4;3;0
2020-06-17 11:52:58;142;33;33;7;17;9;5;0;4;3;0
2020-06-17 11:53:59;142;33;33;7;17;9;5;0;4;3;0
2020-06-17 11:54:58;142;33;33;7;17;9;5;0;4;3;0
2020-06-17 11:56:00;142;33;33;7;17;9;5;0;4;3;0
2020-06-17 11:56:58;142;33;33;7;17;9;5;0;4;3;0
2020-06-17 11:57:59;142;33;33;7;17;9;5;0;4;3;0
2020-06-17 11:58:59;142;33;33;7;17;9;5;0;4;3;0
2020-06-17 11:59:58;142;33;33;7;17;9;5;0;4;3;0
2020-06-17 12:00:59;142;33;33;7;17;9;5;0;4;3;0
2020-06-17 12:01:59;142;33;33;7;17;9;5;0;4;3;0
2020-06-17 12:02:58;142;33;33;7;17;9;5;0;4;3;0
2020-06-17 12:03:59;142;33;33;7;17;9;5;0;4;3;0
2020-06-17 12:04:58;142;33;33;7;17;9;5;0;4;3;0
2020-06-17 12:05:59;143;33;34;7;17;9;5;0;4;3;0
2020-06-17 12:06:59;144;34;34;7;17;9;5;0;4;3;0
2020-06-17 12:07:58;144;34;34;7;17;9;5;0;4;3;0
2020-06-17 12:08:59;144;34;34;7;17;9;5;0;4;3;0
2020-06-17 12:09:58;144;34;34;7;17;9;5;0;4;3;0
2020-06-17 12:10:59;144;34;34;7;17;9;5;0;4;3;0
2020-06-17 12:11:59;144;34;34;7;17;9;5;0;4;3;0
2020-06-17 12:12:58;144;34;34;7;17;9;5;0;4;3;0
2020-06-17 12:13:59;145;35;34;7;17;9;5;0;4;3;0
2020-06-17 12:14:58;145;35;34;7;17;9;5;0;4;3;0
2020-06-17 12:15:59;145;35;34;7;17;9;5;0;4;3;0
2020-06-17 12:16:58;145;35;34;7;17;9;5;0;4;3;0
2020-06-17 12:17:59;145;35;34;7;17;9;5;0;4;3;0
2020-06-17 12:18:59;145;35;34;7;17;9;5;0;4;3;0
2020-06-17 12:19:58;145;35;34;7;17;9;5;0;4;3;0
2020-06-17 12:20:59;145;35;34;7;17;9;5;0;4;3;0
2020-06-17 12:21:58;145;35;34;7;17;9;5;0;4;3;0
2020-06-17 12:22:59;145;35;34;7;17;9;5;0;4;3;0
2020-06-17 12:23:58;145;35;34;7;17;9;5;0;4;3;0
2020-06-17 12:24:59;145;35;34;7;17;9;5;0;4;3;0
2020-06-17 12:25:58;145;35;34;7;17;9;5;0;4;3;0
2020-06-17 12:26:59;145;35;34;7;17;9;5;0;4;3;0
2020-06-17 12:27:59;145;35;34;7;17;9;5;0;4;3;0
2020-06-17 12:28:58;145;35;34;7;17;9;5;0;4;3;0
2020-06-17 12:29:59;145;35;34;7;17;9;5;0;4;3;0
2020-06-17 12:30:58;145;35;34;7;17;9;5;0;4;3;0
2020-06-17 12:31:59;145;35;34;7;17;9;5;0;4;3;0
2020-06-17 12:32:58;146;35;35;7;17;9;5;0;4;3;0
2020-06-17 12:33:59;146;35;35;7;17;9;5;0;4;3;0
2020-06-17 12:34:58;146;35;35;7;17;9;5;0;4;3;0
2020-06-17 12:35:59;146;35;35;7;17;9;5;0;4;3;0
2020-06-17 12:36:58;146;35;35;7;17;9;5;0;4;3;0
2020-06-17 12:37:59;146;35;35;7;17;9;5;0;4;3;0
2020-06-17 12:38:58;147;35;36;7;17;9;5;0;4;3;0
2020-06-17 12:39:59;147;35;36;7;17;9;5;0;4;3;0
2020-06-17 12:40:59;148;36;36;7;17;9;5;0;4;3;0
2020-06-17 12:41:58;148;36;36;7;17;9;5;0;4;3;0
2020-06-17 12:42:59;148;36;36;7;17;9;5;0;4;3;0
2020-06-17 12:43:58;148;36;36;7;17;9;5;0;4;3;0
2020-06-17 12:44:59;149;37;36;7;17;9;5;0;4;3;0
2020-06-17 12:45:58;149;37;36;7;17;9;5;0;4;3;0
2020-06-17 12:46:59;149;37;36;7;17;9;5;0;4;3;0
2020-06-17 12:47:59;149;37;36;7;17;9;5;0;4;3;0
2020-06-17 12:48:58;149;37;36;7;17;9;5;0;4;3;0
2020-06-17 12:49:59;149;37;36;7;17;9;5;0;4;3;0
2020-06-17 12:50:58;149;37;36;7;17;9;5;0;4;3;0
2020-06-17 12:51:59;149;37;36;7;17;9;5;0;4;3;0
2020-06-17 12:52:58;149;37;36;7;17;9;5;0;4;3;0
2020-06-17 12:53:59;149;37;36;7;17;9;5;0;4;3;0
2020-06-17 12:54:59;150;38;36;7;17;9;5;0;4;3;0
2020-06-17 12:55:58;150;38;36;7;17;9;5;0;4;3;0
2020-06-17 12:56:59;151;39;36;7;17;9;5;0;4;3;0
2020-06-17 12:57:59;152;40;36;7;17;9;5;0;4;3;0
2020-06-17 12:58:58;152;40;36;7;17;9;5;0;4;3;0
2020-06-17 12:59:59;152;40;36;7;17;9;5;0;4;3;0
2020-06-17 13:00:58;152;40;36;7;17;9;5;0;4;3;0
2020-06-17 13:01:59;152;40;36;7;17;9;5;0;4;3;0
2020-06-17 13:02:59;152;40;36;7;17;9;5;0;4;3;0
2020-06-17 13:03:58;152;40;36;7;17;9;5;0;4;3;0
2020-06-17 13:04:59;152;40;36;7;17;9;5;0;4;3;0
2020-06-17 13:05:59;152;40;36;7;17;9;5;0;4;3;0
2020-06-17 13:06:58;152;40;36;7;17;9;5;0;4;3;0
2020-06-17 13:07:59;152;40;36;7;17;9;5;0;4;3;0
2020-06-17 13:08:59;152;40;36;7;17;9;5;0;4;3;0
2020-06-17 13:09:58;152;40;36;7;17;9;5;0;4;3;0
2020-06-17 13:10:59;152;40;36;7;17;9;5;0;4;3;0
2020-06-17 13:11:58;152;40;36;7;17;9;5;0;4;3;0
2020-06-17 13:12:59;152;40;36;7;17;9;5;0;4;3;0
2020-06-17 13:13:58;154;43;36;7;17;8;5;0;4;3;0
2020-06-17 13:14:59;154;43;36;7;17;8;5;0;4;3;0
2020-06-17 13:15:59;155;43;36;8;17;8;5;0;4;3;0
2020-06-17 13:16:58;155;43;36;8;17;8;5;0;4;3;0
2020-06-17 13:17:59;155;43;36;8;17;8;5;0;4;3;0
2020-06-17 13:18:58;155;43;36;8;17;8;5;0;4;3;0
2020-06-17 13:19:59;155;43;36;8;17;8;5;0;4;3;0
2020-06-17 13:20:59;155;43;36;8;17;8;5;0;4;3;0
2020-06-17 13:21:58;155;43;36;8;17;8;5;0;4;3;0
2020-06-17 13:22:59;155;43;36;8;17;8;5;0;4;3;0
2020-06-17 13:23:58;155;43;36;8;17;8;5;0;4;3;0
2020-06-17 13:24:59;156;43;36;8;17;8;5;0;4;3;2
2020-06-17 13:25:59;156;43;36;8;17;8;5;0;4;3;2
2020-06-17 13:26:58;157;44;36;8;17;8;5;0;4;3;2
2020-06-17 13:27:59;157;44;36;8;17;8;5;0;4;3;2
2020-06-17 13:28:58;157;44;36;8;17;8;5;0;4;3;2
2020-06-17 13:29:59;157;44;36;8;17;8;5;0;4;3;2
2020-06-17 13:30:58;157;44;36;8;17;8;5;0;4;3;2
2020-06-17 13:31:59;157;44;36;8;17;8;5;0;4;3;2
2020-06-17 13:32:58;157;44;36;8;17;8;5;0;4;3;2
2020-06-17 13:33:59;157;44;36;8;17;8;5;0;4;3;2
2020-06-17 13:34:59;157;44;36;8;17;8;5;0;4;3;2
2020-06-17 13:35:58;157;44;37;8;17;8;5;0;4;3;2
2020-06-17 13:36:59;157;44;37;8;17;8;5;0;4;3;2
2020-06-17 13:37:58;157;44;37;8;17;8;5;0;4;3;2
2020-06-17 13:38:59;157;44;37;8;17;8;5;0;4;3;2
2020-06-17 13:39:58;158;44;39;8;16;8;5;0;4;3;2
2020-06-17 13:41:00;159;45;39;8;16;8;5;0;4;3;2
2020-06-17 13:41:58;159;45;39;8;16;8;5;0;4;3;2
2020-06-17 13:42:59;160;45;39;8;16;8;5;0;4;3;2
2020-06-17 13:43:59;160;45;39;8;16;8;5;0;4;3;2
2020-06-17 13:44:58;160;45;39;8;16;8;5;0;4;3;2
2020-06-17 13:45:59;160;45;39;8;16;8;5;0;4;3;2
2020-06-17 13:46:58;160;45;39;8;16;8;5;0;4;3;2
2020-06-17 13:47:59;160;45;39;8;16;8;5;0;4;3;2
2020-06-17 13:48:58;160;45;39;8;16;8;5;0;4;3;2
2020-06-17 13:49:59;160;45;39;8;16;8;5;0;4;3;2
2020-06-17 13:50:59;160;45;39;8;16;8;5;0;4;3;2
2020-06-17 13:51:58;161;45;39;8;16;9;5;0;4;3;2
2020-06-17 13:52:59;162;46;39;8;16;9;5;0;4;3;2
2020-06-17 13:53:58;162;46;39;8;16;9;5;0;4;3;2
2020-06-17 13:54:59;162;46;39;8;16;9;5;0;4;3;2
2020-06-17 13:55:59;162;46;39;8;16;9;5;0;4;3;2
2020-06-17 13:56:58;162;46;39;8;16;9;5;0;4;3;2
2020-06-17 13:57:59;162;46;39;8;16;9;5;0;4;3;2
2020-06-17 13:58:58;162;46;39;8;16;9;5;0;4;3;2
2020-06-17 13:59:59;162;46;39;8;16;9;5;0;4;3;2
2020-06-17 14:00:59;162;45;40;8;16;9;5;0;4;3;2
2020-06-17 14:01:58;162;45;40;8;16;9;5;0;4;3;2
2020-06-17 14:02:59;162;45;40;8;16;9;5;0;4;3;2
2020-06-17 14:03:58;162;45;40;8;16;9;5;0;4;3;2
2020-06-17 14:04:59;163;45;41;8;16;9;5;0;4;3;2
2020-06-17 14:05:59;165;45;41;9;16;10;5;0;4;3;2
2020-06-17 14:06:58;165;45;41;9;16;10;5;0;4;3;2
2020-06-17 14:07:59;165;45;41;9;16;10;5;0;4;3;2
2020-06-17 14:08:59;166;46;41;9;16;10;5;0;4;3;2
2020-06-17 14:09:58;166;46;41;9;16;10;5;0;4;3;2
2020-06-17 14:10:59;166;46;41;9;16;10;5;0;4;3;2
2020-06-17 14:11:58;166;46;41;9;16;10;5;0;4;3;2
2020-06-17 14:12:59;166;46;41;9;16;10;5;0;4;3;2
2020-06-17 14:13:59;167;46;42;9;16;10;5;0;4;3;2
2020-06-17 14:14:58;167;46;42;9;16;10;5;0;4;3;2
2020-06-17 14:15:59;167;46;42;9;16;10;5;0;4;3;2
2020-06-17 14:16:58;167;46;42;9;16;10;5;0;4;3;2
2020-06-17 14:18:00;168;47;42;9;16;10;5;0;4;3;2
2020-06-17 14:18:58;168;47;42;9;16;10;5;0;4;3;2
2020-06-17 14:19:59;168;47;42;9;16;10;5;0;4;3;2
2020-06-17 14:20:58;168;47;42;9;16;10;5;0;4;3;2
2020-06-17 14:21:59;169;48;42;9;16;10;5;0;4;3;2
2020-06-17 14:22:59;169;48;42;9;16;10;5;0;4;3;2
2020-06-17 14:23:58;170;48;43;9;16;10;5;0;4;3;2
2020-06-17 14:24:59;170;48;43;9;16;10;5;0;4;3;2
2020-06-17 14:25:58;170;47;44;9;16;10;5;0;4;3;2
2020-06-17 14:26:59;170;47;44;9;16;10;5;0;4;3;2
2020-06-17 14:27:59;170;47;44;9;16;10;5;0;4;3;2
2020-06-17 14:28:58;172;49;44;9;16;10;5;0;4;3;2
2020-06-17 14:29:59;172;49;44;9;16;10;5;0;4;3;2
2020-06-17 14:30:58;172;49;44;9;16;10;5;0;4;3;2
2020-06-17 14:31:59;172;49;44;9;16;10;5;0;4;3;2
2020-06-17 14:32:59;172;49;44;9;16;10;5;0;4;3;2
2020-06-17 14:33:58;173;49;44;10;16;10;5;0;4;3;2
2020-06-17 14:34:59;173;49;44;10;16;10;5;0;4;3;2
2020-06-17 14:35:59;174;49;44;10;16;10;5;3;4;3;0
2020-06-17 14:36:58;174;49;44;10;16;10;5;3;4;3;0
2020-06-17 14:37:59;175;50;44;10;16;10;5;3;4;3;0
2020-06-17 14:38:58;175;50;44;10;16;10;5;3;4;3;0
2020-06-17 14:39:59;175;50;44;10;16;10;5;3;4;3;0
2020-06-17 14:40:58;175;50;44;10;16;10;5;3;4;3;0
2020-06-17 14:41:59;176;51;44;10;16;10;5;3;4;3;0
2020-06-17 14:42:58;176;51;44;10;16;10;5;3;4;3;0
2020-06-17 14:43:59;176;51;44;10;16;10;5;3;4;3;0
2020-06-17 14:44:59;176;51;44;10;16;10;5;3;4;3;0
2020-06-17 14:45:58;177;51;45;10;16;10;5;3;4;3;0
2020-06-17 14:46:59;177;51;45;10;16;10;5;3;4;3;0
2020-06-17 14:47:58;178;52;45;10;16;10;5;3;4;3;0
2020-06-17 14:48:59;178;52;45;10;16;10;5;3;4;3;0
2020-06-17 14:49:59;179;53;45;10;16;10;5;3;4;3;0
2020-06-17 14:50:58;179;53;45;10;16;10;5;3;4;3;0
2020-06-17 14:51:59;182;55;45;11;16;10;5;3;4;3;0
2020-06-17 14:52:59;183;56;45;11;16;10;5;3;4;3;0
2020-06-17 14:53:58;184;57;45;11;16;10;5;3;4;3;0
2020-06-17 14:54:59;185;58;45;11;16;10;5;3;4;3;0
2020-06-17 14:55:58;189;61;45;11;16;10;5;4;4;3;0
2020-06-17 14:56:59;190;61;46;11;16;10;5;4;4;3;0
2020-06-17 14:57:59;191;63;46;11;16;10;5;4;4;3;0
2020-06-17 14:58:58;191;63;46;11;16;10;5;4;4;3;0
2020-06-17 14:59:59;192;64;46;11;16;10;5;4;4;3;0
2020-06-17 15:00:58;193;65;46;11;16;10;5;4;4;3;0
2020-06-17 15:01:59;193;65;46;11;16;10;5;4;4;3;0
2020-06-17 15:02:58;193;65;46;11;16;10;5;4;4;3;0
2020-06-17 15:03:59;193;65;46;11;16;10;5;4;4;3;0
2020-06-17 15:04:59;194;66;46;11;16;10;5;4;4;3;0
2020-06-17 15:05:58;194;66;46;11;16;10;5;4;4;3;0
2020-06-17 15:06:59;194;66;46;11;16;10;5;4;4;3;0
2020-06-17 15:07:58;194;66;46;11;16;10;5;4;4;3;0
2020-06-17 15:08:59;194;66;46;11;16;10;5;4;4;3;0
2020-06-17 15:09:59;195;67;46;11;16;10;5;4;4;3;0
2020-06-17 15:10:58;195;68;46;11;16;10;5;4;4;3;0
2020-06-17 15:11:59;195;68;46;11;16;10;5;4;4;3;0
2020-06-17 15:12:59;196;69;46;11;16;10;5;4;4;3;0
2020-06-17 15:13:58;197;70;46;11;16;10;5;4;4;3;0
2020-06-17 15:14:59;197;70;46;11;16;10;5;4;4;3;0
2020-06-17 15:15:58;197;70;46;11;16;10;5;4;4;3;0
2020-06-17 15:16:59;197;70;46;11;16;10;5;4;4;3;0
2020-06-17 15:17:58;198;71;46;11;16;10;5;4;4;3;0
2020-06-17 15:18:59;199;71;46;12;16;10;5;4;4;3;0
2020-06-17 15:19:58;201;73;46;12;16;10;5;4;4;3;0
2020-06-17 15:20:59;201;73;46;12;16;10;5;4;4;3;0
2020-06-17 15:21:59;201;73;46;12;16;10;5;4;4;3;0
2020-06-17 15:22:58;201;73;46;12;16;10;5;4;4;3;0
2020-06-17 15:23:59;201;73;46;12;16;10;5;4;4;3;0
2020-06-17 15:24:59;201;73;46;12;16;10;5;4;4;3;0
2020-06-17 15:25:58;202;74;46;12;16;10;5;4;4;3;0
2020-06-17 15:26:59;204;76;46;12;16;10;5;4;4;3;0
2020-06-17 15:27:59;205;77;46;12;16;10;5;4;4;3;0
2020-06-17 15:28:58;206;77;46;13;16;10;5;4;4;3;0
2020-06-17 15:29:59;206;77;46;13;16;10;5;4;4;3;0
2020-06-17 15:30:58;208;79;46;13;16;10;5;4;4;3;0
2020-06-17 15:31:59;209;79;46;14;16;10;5;4;4;3;0
2020-06-17 15:32:58;209;79;46;14;16;10;5;4;4;3;0
2020-06-17 15:33:59;211;80;47;14;16;10;5;4;4;3;0
2020-06-17 15:34:59;212;81;47;14;16;10;5;4;4;3;0
2020-06-17 15:35:58;213;83;47;14;16;10;5;4;4;3;0
2020-06-17 15:36:59;215;85;47;14;16;10;5;4;4;3;0
2020-06-17 15:37:58;215;85;47;14;16;10;5;4;4;3;0
2020-06-17 15:38:59;216;86;47;14;16;10;5;4;4;3;0
2020-06-17 15:39:59;217;87;47;14;16;10;5;4;4;3;0
2020-06-17 15:40:58;219;90;47;14;15;10;5;4;4;3;0
2020-06-17 15:41:59;219;90;47;14;15;10;5;4;4;3;0
2020-06-17 15:42:59;220;91;47;14;15;10;5;4;4;3;0
2020-06-17 15:43:58;222;93;47;14;15;10;5;4;4;3;0
2020-06-17 15:44:59;222;93;47;14;15;10;5;4;4;3;0
2020-06-17 15:45:58;222;93;47;14;15;10;5;4;4;3;0
2020-06-17 15:46:59;222;93;47;14;15;10;5;4;4;3;0
2020-06-17 15:47:58;222;93;47;14;15;10;5;4;4;3;0
2020-06-17 15:48:59;223;94;47;14;15;10;5;4;4;3;0
2020-06-17 15:49:59;224;95;47;14;15;10;5;4;4;3;0
2020-06-17 15:50:58;224;95;47;14;15;10;5;4;4;3;0
2020-06-17 15:51:59;224;95;47;14;15;10;5;4;4;3;0
2020-06-17 15:52:59;224;95;47;14;15;10;5;4;4;3;0
2020-06-17 15:53:58;224;96;46;14;15;10;5;4;4;3;0
2020-06-17 15:54:59;224;96;46;14;15;10;5;4;4;3;0
2020-06-17 15:55:58;226;97;46;14;16;10;5;4;4;3;0
2020-06-17 15:56:59;227;98;46;14;16;10;5;4;4;3;0
2020-06-17 15:57:58;227;98;46;14;16;10;5;4;4;3;0
2020-06-17 15:58:59;228;99;46;14;16;10;5;4;4;3;0
2020-06-17 15:59:59;229;100;46;14;16;10;5;4;4;3;0
2020-06-17 16:00:58;229;100;46;14;16;10;5;4;4;3;0
2020-06-17 16:01:59;230;101;46;14;16;10;5;4;4;3;0
2020-06-17 16:02:59;230;101;46;14;16;10;5;4;4;3;0
2020-06-17 16:03:58;230;101;46;14;16;10;5;4;4;3;0
2020-06-17 16:04:59;232;102;47;14;16;10;5;4;4;3;0
2020-06-17 16:05:58;233;103;47;14;16;10;5;4;4;3;0
2020-06-17 16:06:59;233;103;47;14;16;10;5;4;4;3;0
2020-06-17 16:07:58;234;104;47;14;16;10;5;4;4;3;0
2020-06-17 16:08:59;234;104;47;14;16;10;5;4;4;3;0
2020-06-17 16:09:58;234;104;47;14;16;10;5;4;4;3;0
2020-06-17 16:10:59;236;106;47;14;16;10;5;4;4;3;0
2020-06-17 16:11:58;237;107;47;14;16;10;5;4;4;3;0
2020-06-17 16:12:59;237;107;47;14;16;10;5;4;4;3;0
2020-06-17 16:13:59;238;108;47;14;16;10;5;4;4;3;0
2020-06-17 16:14:58;240;111;47;14;16;10;5;4;4;3;2
2020-06-17 16:15:59;240;111;47;14;16;10;5;4;4;3;2
2020-06-17 16:16:58;243;114;47;14;16;10;5;4;4;3;2
2020-06-17 16:17:59;243;114;47;14;16;10;5;4;4;3;2
2020-06-17 16:18:58;246;117;47;14;16;10;5;4;4;3;2
2020-06-17 16:19:59;247;118;47;14;16;11;5;4;4;3;2
2020-06-17 16:20:58;248;119;47;14;16;11;5;4;4;3;2
2020-06-17 16:21:59;249;120;47;14;16;11;5;4;4;3;2
2020-06-17 16:22:59;250;121;47;14;16;11;5;4;4;3;2
2020-06-17 16:23:58;251;122;47;14;16;11;5;4;4;3;2
2020-06-17 16:24:59;251;122;47;14;16;11;5;4;4;3;2
2020-06-17 16:25:59;252;123;47;14;16;11;5;4;4;3;2
2020-06-17 16:26:58;253;124;47;14;16;11;5;4;4;3;2
2020-06-17 16:27:59;255;126;47;14;16;11;5;4;4;3;2
2020-06-17 16:28:58;256;127;47;14;16;11;5;4;4;3;2
2020-06-17 16:29:59;258;129;47;14;16;11;5;4;4;3;2
2020-06-17 16:30:58;259;130;47;14;16;11;5;4;4;3;2
2020-06-17 16:31:59;261;132;47;14;16;11;5;4;4;3;2
2020-06-17 16:32:58;262;133;47;14;16;11;5;4;4;3;2
2020-06-17 16:33:59;263;134;47;14;16;11;5;4;4;3;2
2020-06-17 16:34:59;265;136;47;14;16;11;5;4;4;3;2
2020-06-17 16:35:58;267;138;47;14;16;11;5;4;4;3;2
2020-06-17 16:36:59;267;138;47;14;16;11;5;4;4;3;2
2020-06-17 16:37:58;268;139;47;14;16;11;5;4;4;3;2
2020-06-17 16:38:59;269;140;47;14;16;11;5;4;4;3;2
2020-06-17 16:39:58;271;142;47;14;16;11;5;4;4;3;2
2020-06-17 16:40:59;273;143;47;15;16;11;5;4;4;3;2
2020-06-17 16:41:59;273;143;47;15;16;11;5;4;4;3;2
2020-06-17 16:42:58;273;143;47;15;16;11;5;4;4;3;2
2020-06-17 16:43:59;273;143;47;15;16;11;5;4;4;3;2
2020-06-17 16:44:58;274;144;47;15;16;11;5;4;4;3;2
2020-06-17 16:45:59;275;145;47;15;16;11;5;4;4;3;2
2020-06-17 16:46:58;277;146;47;15;16;11;6;4;4;3;2
2020-06-17 16:47:59;277;146;47;15;16;11;6;4;4;3;2
2020-06-17 16:48:59;279;148;47;15;16;11;6;4;4;3;2
2020-06-17 16:49:58;279;149;46;15;16;11;6;4;4;3;2
2020-06-17 16:50:59;279;149;46;15;16;11;6;4;4;3;2
2020-06-17 16:51:58;279;149;46;15;16;11;6;4;4;3;2
2020-06-17 16:52:59;280;150;46;14;16;11;6;5;4;3;2
2020-06-17 16:53:59;281;151;46;14;16;11;6;5;4;3;2
2020-06-17 16:54:58;281;151;46;14;16;11;6;5;4;3;2
2020-06-17 16:55:59;281;151;46;14;16;11;6;5;4;3;2
2020-06-17 16:56:58;281;151;46;14;16;11;6;5;4;3;2
2020-06-17 16:57:59;281;151;46;14;16;11;6;5;4;3;2
2020-06-17 16:58:58;281;151;46;14;16;11;6;5;4;3;2
2020-06-17 16:59:59;282;152;46;14;16;11;6;5;4;3;2
2020-06-17 17:00:59;282;152;46;14;16;11;6;5;4;3;2
2020-06-17 17:01:58;283;153;46;14;16;11;6;5;4;3;2
2020-06-17 17:02:59;284;154;46;14;16;11;6;5;4;3;2
2020-06-17 17:03:58;284;154;46;14;16;11;6;5;4;3;2
2020-06-17 17:04:59;284;154;46;14;16;11;6;5;4;3;2
2020-06-17 17:05:59;285;155;46;14;16;11;6;5;4;3;2
2020-06-17 17:06:58;286;156;46;14;16;11;6;5;4;3;2
2020-06-17 17:07:59;287;157;46;14;16;11;6;5;4;3;2
2020-06-17 17:08:58;287;157;46;14;16;11;6;5;4;3;2
2020-06-17 17:09:59;287;157;46;14;16;11;6;5;4;3;2
2020-06-17 17:10:58;288;158;46;14;16;11;6;5;4;3;2
2020-06-17 17:11:59;290;160;46;14;16;11;6;5;4;3;2
2020-06-17 17:12:59;292;162;46;14;16;11;6;5;4;3;2
2020-06-17 17:13:58;293;163;46;14;16;11;6;5;4;3;2
2020-06-17 17:14:59;296;166;46;14;16;11;6;5;4;3;2
2020-06-17 17:15:58;296;166;46;14;16;11;6;5;4;3;2
2020-06-17 17:16:59;297;167;46;14;16;11;6;5;4;3;2
2020-06-17 17:17:58;297;167;46;14;16;11;6;5;4;3;2
2020-06-17 17:18:59;298;167;47;14;16;11;6;5;4;3;2
2020-06-17 17:19:58;298;167;47;14;16;11;6;5;4;3;2
2020-06-17 17:20:59;298;167;47;14;16;11;6;5;4;3;2
2020-06-17 17:21:59;299;167;47;14;16;11;6;5;4;3;2
2020-06-17 17:22:58;299;167;47;14;16;11;6;5;4;3;2
2020-06-17 17:23:59;299;167;47;14;16;11;6;5;4;3;2
2020-06-17 17:24:58;301;169;47;14;16;11;6;5;4;3;2
2020-06-17 17:25:59;303;171;47;14;16;11;6;5;4;3;2
2020-06-17 17:26:59;304;172;47;14;16;11;6;5;4;3;2
2020-06-17 17:27:58;304;172;47;14;16;11;6;5;4;3;2
2020-06-17 17:28:59;305;173;47;14;16;11;6;5;4;3;2
2020-06-17 17:29:58;305;173;47;14;16;11;6;5;4;3;2
2020-06-17 17:30:59;307;175;47;14;16;11;6;5;4;3;2
2020-06-17 17:31:58;307;175;47;14;16;11;6;5;4;3;2
2020-06-17 17:32:59;308;176;47;14;16;11;6;5;4;3;2
2020-06-17 17:33:59;308;176;47;14;16;11;6;5;4;3;2
2020-06-17 17:34:58;310;177;47;14;16;11;6;5;5;3;2
2020-06-17 17:35:59;312;179;47;14;16;11;6;5;5;3;2
2020-06-17 17:36:58;312;179;47;14;16;11;6;5;5;3;2
2020-06-17 17:37:59;313;180;47;14;16;11;6;5;5;3;2
2020-06-17 17:38:58;313;180;47;14;16;11;6;5;5;3;2
2020-06-17 17:39:59;314;181;47;14;16;11;6;5;5;3;2
2020-06-17 17:40:58;315;182;47;14;16;11;6;5;5;3;2
2020-06-17 17:41:59;315;183;47;14;16;11;6;5;5;3;2
2020-06-17 17:42:59;316;184;47;14;16;11;6;5;5;3;2
2020-06-17 17:43:58;316;184;47;14;16;11;6;5;5;3;2
2020-06-17 17:44:59;316;184;47;14;16;11;6;5;5;3;2
2020-06-17 17:45:58;317;185;47;14;16;11;6;5;5;3;2
2020-06-17 17:46:59;319;187;47;14;16;11;6;5;5;3;2
2020-06-17 17:47:58;319;187;47;14;16;11;6;5;5;3;2
2020-06-17 17:48:59;319;187;47;14;16;11;6;5;5;3;2
2020-06-17 17:49:58;319;187;47;14;16;11;6;5;5;3;2
2020-06-17 17:50:59;319;187;47;14;16;11;6;5;5;3;2
2020-06-17 17:51:59;321;189;47;14;16;11;6;5;5;3;2
2020-06-17 17:52:58;321;189;47;14;16;11;6;5;5;3;2
2020-06-17 17:53:59;322;190;47;14;16;11;6;5;5;3;2
2020-06-17 17:54:58;322;190;47;14;16;11;6;5;5;3;2
2020-06-17 17:55:59;324;192;47;14;16;11;6;5;5;3;2
2020-06-17 17:56:58;324;192;47;14;16;11;6;5;5;3;2
2020-06-17 17:57:59;324;192;47;14;16;11;6;5;5;3;2
2020-06-17 17:58:59;325;193;47;14;16;11;6;5;5;3;2
2020-06-17 17:59:58;325;193;47;14;16;11;6;5;5;3;2
2020-06-17 18:00:59;325;193;47;14;16;11;6;5;5;3;2
2020-06-17 18:01:58;325;193;47;14;16;11;6;5;5;3;2
2020-06-17 18:02:59;325;193;47;14;16;11;6;5;5;3;2
2020-06-17 18:03:58;326;194;47;14;16;11;6;5;5;3;2
2020-06-17 18:04:59;326;194;47;14;16;11;6;5;5;3;2
2020-06-17 18:05:58;326;194;47;14;16;11;6;5;5;3;2
2020-06-17 18:06:59;328;196;47;14;16;11;6;5;5;3;2
2020-06-17 18:07:59;328;196;47;14;16;11;6;5;5;3;2
2020-06-17 18:08:58;329;197;47;14;16;11;6;5;5;3;2
2020-06-17 18:09:59;330;198;47;14;16;11;6;5;5;3;2
2020-06-17 18:10:58;330;198;47;14;16;11;6;5;5;3;2
2020-06-17 18:11:59;331;198;47;15;16;11;6;5;5;3;2
2020-06-17 18:12:59;331;198;47;15;16;11;6;5;5;3;2
2020-06-17 18:13:58;333;200;47;15;16;11;6;5;5;3;2
2020-06-17 18:14:59;333;200;47;15;16;11;6;5;5;3;2
2020-06-17 18:15:58;333;200;47;15;16;11;6;5;5;3;2
2020-06-17 18:16:59;334;201;47;15;16;11;6;5;5;3;2
2020-06-17 18:17:59;334;202;46;15;16;11;6;5;5;3;2
2020-06-17 18:18:58;334;202;46;15;16;11;6;5;5;3;2
2020-06-17 18:19:59;334;202;46;15;16;11;6;5;5;3;2
2020-06-17 18:20:58;335;203;46;15;16;11;6;5;5;3;2
2020-06-17 18:21:59;336;204;46;15;16;11;6;5;5;3;2
2020-06-17 18:22:58;336;204;46;15;16;11;6;5;5;3;2
2020-06-17 18:23:59;337;205;46;15;16;11;6;5;5;3;2
2020-06-17 18:24:59;337;205;46;15;16;11;6;5;5;3;2
2020-06-17 18:25:58;337;205;46;15;16;11;6;5;5;3;2
2020-06-17 18:26:59;337;205;46;15;16;11;6;5;5;3;2
2020-06-17 18:27:58;337;205;46;15;16;11;6;5;5;3;2
2020-06-17 18:28:59;338;206;46;15;16;11;6;5;5;3;2
2020-06-17 18:29:58;339;207;46;15;16;11;6;5;5;3;2
2020-06-17 18:30:59;340;208;46;15;16;11;6;5;5;3;2
2020-06-17 18:31:59;340;208;46;15;16;11;6;5;5;3;2
2020-06-17 18:32:58;340;208;46;15;16;11;6;5;5;3;2
2020-06-17 18:33:59;340;208;46;15;16;11;6;5;5;3;2
2020-06-17 18:34:59;340;208;46;15;16;11;6;5;5;3;2
2020-06-17 18:35:58;341;209;46;15;16;11;6;5;5;3;2
2020-06-17 18:36:59;342;210;46;15;16;11;6;5;5;3;2
2020-06-17 18:37:58;343;211;46;15;16;11;6;5;5;3;2
2020-06-17 18:38:59;343;211;46;15;16;11;6;5;5;3;2
2020-06-17 18:39:59;344;211;46;15;16;12;6;5;5;3;2
2020-06-17 18:40:58;345;212;46;15;16;12;6;5;5;3;2
2020-06-17 18:41:59;345;212;46;15;16;12;6;5;5;3;2
2020-06-17 18:42:59;346;213;46;15;16;12;6;5;5;3;2
2020-06-17 18:44:00;346;213;46;15;16;12;6;5;5;3;2
2020-06-17 18:44:58;347;214;46;15;16;12;6;5;5;3;2
2020-06-17 18:45:59;347;214;46;15;16;12;6;5;5;3;2
2020-06-17 18:46:59;347;214;46;15;16;12;6;5;5;3;2
2020-06-17 18:47:58;348;215;46;15;16;12;6;5;5;3;2
2020-06-17 18:48:59;348;215;46;15;16;12;6;5;5;3;2
2020-06-17 18:49:58;348;215;46;15;16;12;6;5;5;3;2
2020-06-17 18:50:59;348;215;46;15;16;12;6;5;5;3;2
2020-06-17 18:51:59;348;215;46;15;16;12;6;5;5;3;2
2020-06-17 18:52:58;349;216;46;15;16;12;6;5;5;3;2
2020-06-17 18:53:59;349;216;46;15;16;12;6;5;5;3;2
2020-06-17 18:54:58;349;216;46;15;16;12;6;5;5;3;2
2020-06-17 18:55:59;350;217;46;15;16;12;6;5;5;3;2
2020-06-17 18:56:58;350;217;46;15;16;12;6;5;5;3;2
2020-06-17 18:57:59;350;217;46;15;16;12;6;5;5;3;2
2020-06-17 18:58:59;351;218;46;15;16;12;6;5;5;3;2
2020-06-17 18:59:58;352;219;46;15;16;12;6;5;5;3;2
2020-06-17 19:00:59;353;220;46;15;16;12;6;5;5;3;2
2020-06-17 19:01:58;353;220;46;15;16;12;6;5;5;3;2
2020-06-17 19:02:59;353;220;46;15;16;12;6;5;5;3;2
2020-06-17 19:03:58;353;220;46;15;16;12;6;5;5;3;2
2020-06-17 19:04:59;353;220;46;15;16;12;6;5;5;3;2
2020-06-17 19:05:58;353;220;46;15;16;12;6;5;5;3;2
2020-06-17 19:07:00;353;220;46;15;16;12;6;5;5;3;2
2020-06-17 19:07:58;354;220;46;15;16;12;6;5;5;3;2
2020-06-17 19:08:59;354;220;46;15;16;12;6;5;5;3;2
2020-06-17 19:09:59;354;220;46;15;16;12;6;5;5;3;2
2020-06-17 19:10:58;354;220;46;15;16;12;6;5;5;3;2
2020-06-17 19:11:59;354;220;46;15;16;12;6;5;5;3;2
2020-06-17 19:12:58;355;220;46;15;16;12;6;6;5;3;2
2020-06-17 19:13:59;357;222;46;15;16;12;6;6;5;3;2
2020-06-17 19:14:59;358;223;46;15;16;12;6;6;5;3;2
2020-06-17 19:15:58;358;223;46;15;16;12;6;6;5;3;2
2020-06-17 19:16:59;359;224;46;15;16;12;6;6;5;3;2
2020-06-17 19:17:58;360;225;46;15;16;12;6;6;5;3;2
2020-06-17 19:18:59;360;225;46;15;16;12;6;6;5;3;2
2020-06-17 19:19:58;361;226;46;15;16;12;6;6;5;3;2
2020-06-17 19:20:59;361;226;46;15;16;12;6;6;5;3;2
2020-06-17 19:21:59;364;229;46;15;16;12;6;6;5;3;2
2020-06-17 19:22:58;364;229;46;15;16;12;6;6;5;3;2
2020-06-17 19:23:59;364;229;46;15;16;12;6;6;5;3;2
2020-06-17 19:24:58;365;230;46;15;16;12;6;6;5;3;2
2020-06-17 19:25:59;365;230;46;15;16;12;6;6;5;3;2
2020-06-17 19:26:58;365;230;46;15;16;12;6;6;5;3;2
2020-06-17 19:27:59;366;231;46;15;16;12;6;6;5;3;2
2020-06-17 19:28:58;367;232;46;15;16;12;6;6;5;3;2
2020-06-17 19:29:59;368;232;46;15;16;12;6;6;5;3;2
2020-06-17 19:30:59;369;233;46;15;16;12;6;6;5;3;2
2020-06-17 19:31:58;371;235;46;15;16;12;6;6;5;3;2
2020-06-17 19:32:59;371;235;46;15;16;12;6;6;5;3;2
2020-06-17 19:33:59;371;235;46;15;16;12;6;6;5;3;2
2020-06-17 19:34:58;371;235;46;15;16;12;6;6;5;3;2
2020-06-17 19:35:59;372;236;46;15;16;12;6;6;5;3;2
2020-06-17 19:36:58;373;237;46;15;16;12;6;6;5;3;2
2020-06-17 19:37:59;373;237;46;15;16;12;6;6;5;3;2
2020-06-17 19:38:59;373;237;46;15;16;12;6;6;5;3;2
2020-06-17 19:39:58;373;237;46;15;16;12;6;6;5;3;2
2020-06-17 19:40:59;374;238;46;15;16;12;6;6;5;3;2
2020-06-17 19:41:58;374;238;46;15;16;12;6;6;5;3;2
2020-06-17 19:42:59;374;238;46;15;16;12;6;6;5;3;2
2020-06-17 19:43:58;374;238;46;15;16;12;6;6;5;3;2
2020-06-17 19:44:59;374;238;46;15;16;12;6;6;5;3;2
2020-06-17 19:45:58;374;238;46;15;16;12;6;6;5;3;2
2020-06-17 19:46:59;374;238;46;15;16;12;6;6;5;3;2
2020-06-17 19:47:59;375;238;46;16;16;12;6;6;5;3;2
2020-06-17 19:48:58;376;239;46;16;16;12;6;6;5;3;2
2020-06-17 19:49:59;377;240;46;16;16;12;6;6;5;3;2
2020-06-17 19:50:58;377;240;46;16;16;12;6;6;5;3;2
2020-06-17 19:51:59;378;241;46;16;16;12;6;6;5;3;2
2020-06-17 19:52:58;379;242;46;16;16;12;6;6;5;3;2
2020-06-17 19:53:59;379;242;46;16;16;12;6;6;5;3;2
2020-06-17 19:54:58;381;242;46;17;16;12;6;6;6;3;2
2020-06-17 19:55:59;381;242;46;17;16;12;6;6;6;3;2
2020-06-17 19:56:59;381;242;46;17;16;12;6;6;6;3;2
2020-06-17 19:57:58;382;243;46;17;16;12;6;6;6;3;2
2020-06-17 19:58:59;383;243;47;17;16;12;6;6;6;3;2
2020-06-17 19:59:58;383;243;47;17;16;12;6;6;6;3;2
2020-06-17 20:00:59;383;243;47;17;16;12;6;6;6;3;2
2020-06-17 20:01:58;384;244;47;17;16;12;6;6;6;3;2
2020-06-17 20:02:59;384;244;47;17;16;12;6;6;6;3;2
2020-06-17 20:03:59;384;244;47;17;16;12;6;6;6;3;2
2020-06-17 20:04:58;384;244;47;17;16;12;6;6;6;3;2
2020-06-17 20:05:59;385;245;47;17;16;12;6;6;6;3;2
2020-06-17 20:06:58;385;245;47;17;16;12;6;6;6;3;2
2020-06-17 20:07:59;385;245;47;17;16;12;6;6;6;3;2
2020-06-17 20:08:58;385;245;47;17;16;12;6;6;6;3;2
2020-06-17 20:09:59;386;246;47;17;16;12;6;6;6;3;2
2020-06-17 20:10:58;386;246;47;17;16;12;6;6;6;3;2
2020-06-17 20:11:59;386;246;47;17;16;12;6;6;6;3;2
2020-06-17 20:12:59;386;246;47;17;16;12;6;6;6;3;2
2020-06-17 20:13:58;386;246;47;17;16;12;6;6;6;3;2
2020-06-17 20:14:59;386;246;47;17;16;12;6;6;6;3;2
2020-06-17 20:15:58;387;247;47;17;16;12;6;6;6;3;2
2020-06-17 20:16:59;387;247;47;17;16;12;6;6;6;3;2
2020-06-17 20:17:59;387;247;47;17;16;12;6;6;6;3;2
2020-06-17 20:18:58;387;247;47;17;16;12;6;6;6;3;2
2020-06-17 20:19:59;388;247;47;17;16;12;7;6;6;3;2
2020-06-17 20:20:58;388;247;47;17;16;12;7;6;6;3;2
2020-06-17 20:21:59;388;247;47;17;16;12;7;6;6;3;2
2020-06-17 20:22:59;389;248;47;17;16;12;7;6;6;3;2
2020-06-17 20:23:58;390;249;47;17;16;12;7;6;6;3;2
2020-06-17 20:24:59;390;249;47;17;16;12;7;6;6;3;2
2020-06-17 20:25:58;390;249;47;17;16;12;7;6;6;3;2
2020-06-17 20:26:59;390;250;46;17;16;12;7;6;6;3;2
2020-06-17 20:27:59;390;250;46;17;16;12;7;6;6;3;2
2020-06-17 20:28:58;391;251;46;17;16;12;7;6;6;3;2
2020-06-17 20:29:59;391;251;46;17;16;12;7;6;6;3;2
2020-06-17 20:30:59;392;252;46;17;16;12;7;6;6;3;2
2020-06-17 20:31:58;392;252;46;17;16;12;7;6;6;3;2
2020-06-17 20:32:59;392;252;46;17;16;12;7;6;6;3;2
2020-06-17 20:33:58;392;252;46;17;16;12;7;6;6;3;2
2020-06-17 20:34:59;392;252;46;17;16;12;7;6;6;3;2
2020-06-17 20:35:59;392;252;46;17;16;12;7;6;6;3;2
2020-06-17 20:36:58;392;252;46;17;16;12;7;6;6;3;2
2020-06-17 20:37:59;392;252;46;17;16;12;7;6;6;3;2
2020-06-17 20:38:58;392;252;46;17;16;12;7;6;6;3;2
2020-06-17 20:39:59;392;252;46;17;16;12;7;6;6;3;2
2020-06-17 20:40:58;392;252;46;17;16;12;7;6;6;3;2
2020-06-17 20:41:59;392;252;46;17;16;12;7;6;6;3;2
2020-06-17 20:42:59;394;254;46;17;16;12;7;6;6;3;2
2020-06-17 20:43:58;394;254;46;17;16;12;7;6;6;3;2
2020-06-17 20:44:59;394;254;46;17;16;12;7;6;6;3;2
2020-06-17 20:45:59;395;255;46;17;16;12;7;6;6;3;2
2020-06-17 20:46:58;395;255;46;17;16;12;7;6;6;3;2
2020-06-17 20:47:59;395;255;46;17;16;12;7;6;6;3;2
2020-06-17 20:48:59;397;257;46;17;16;12;7;6;6;3;2
2020-06-17 20:49:58;396;257;46;17;16;12;6;6;6;3;2
2020-06-17 20:50:59;397;257;46;18;16;12;6;6;6;3;2
2020-06-17 20:51:58;397;257;46;18;16;12;6;6;6;3;2
2020-06-17 20:52:59;397;257;46;18;16;12;6;6;6;3;2
2020-06-17 20:53:59;398;257;46;18;16;12;6;6;6;3;2
2020-06-17 20:54:58;398;257;46;18;16;12;6;6;6;3;2
2020-06-17 20:55:59;400;259;46;18;16;12;6;6;6;3;2
2020-06-17 20:56:58;401;260;46;18;16;12;6;6;6;3;2
2020-06-17 20:57:59;402;261;46;18;16;12;6;6;6;3;2
2020-06-17 20:58:58;402;261;46;18;16;12;6;6;6;3;2
2020-06-17 20:59:59;402;261;46;18;16;12;6;6;6;3;2
2020-06-17 21:00:59;404;263;46;18;16;12;6;6;6;3;2
2020-06-17 21:01:58;406;265;46;18;16;12;6;6;6;3;2
2020-06-17 21:02:59;406;265;46;18;16;12;6;6;6;3;2
2020-06-17 21:03:59;406;266;46;18;15;12;6;6;6;3;2
2020-06-17 21:04:58;407;266;47;18;15;12;6;6;6;3;2
2020-06-17 21:05:59;408;267;47;18;15;12;6;6;6;3;2
2020-06-17 21:06:58;408;267;47;18;15;12;6;6;6;3;2
2020-06-17 21:07:59;408;267;47;18;15;12;6;6;6;3;2
2020-06-17 21:08:59;408;267;47;18;15;12;6;6;6;3;2
2020-06-17 21:09:58;408;267;47;18;15;12;6;6;6;3;2
2020-06-17 21:10:59;409;268;47;18;15;12;6;6;6;3;2
2020-06-17 21:11:58;410;269;47;18;15;12;6;6;6;3;2
2020-06-17 21:12:59;410;269;47;18;15;12;6;6;6;3;2
2020-06-17 21:13:58;411;270;47;18;15;12;6;6;6;3;2
2020-06-17 21:14:59;411;270;47;18;15;12;6;6;6;3;2
2020-06-17 21:15:59;412;271;47;18;15;12;6;6;6;3;2
2020-06-17 21:16:58;412;271;47;18;15;12;6;6;6;3;2
2020-06-17 21:17:59;412;271;47;18;15;12;6;6;6;3;2
2020-06-17 21:18:58;412;271;47;18;15;12;6;6;6;3;2
2020-06-17 21:19:59;412;271;47;18;15;12;6;6;6;3;2
2020-06-17 21:20:59;413;272;47;18;15;12;6;6;6;3;2
2020-06-17 21:21:58;415;274;47;18;15;12;6;6;6;3;2
2020-06-17 21:22:59;416;275;47;18;15;12;6;6;6;3;2
2020-06-17 21:23:58;416;275;47;18;15;12;6;6;6;3;2
2020-06-17 21:24:59;416;275;47;18;15;12;6;6;6;3;2
2020-06-17 21:25:58;416;275;47;18;15;12;6;6;6;3;2
2020-06-17 21:26:59;416;275;47;18;15;12;6;6;6;3;2
2020-06-17 21:27:59;416;275;47;18;15;12;6;6;6;3;2
2020-06-17 21:28:58;416;275;47;18;15;12;6;6;6;3;2
2020-06-17 21:29:59;416;275;47;18;15;12;6;6;6;3;2
2020-06-17 21:30:58;417;276;47;18;15;12;6;6;6;3;2
2020-06-17 21:31:59;418;277;47;18;15;12;6;6;6;3;2
2020-06-17 21:32:58;418;277;47;18;15;12;6;6;6;3;2
2020-06-17 21:33:59;419;278;47;18;15;12;6;6;6;3;2
2020-06-17 21:34:59;419;278;47;18;15;12;6;6;6;3;2
2020-06-17 21:35:58;419;278;47;18;15;12;6;6;6;3;2
2020-06-17 21:36:59;419;278;47;18;15;12;6;6;6;3;2
2020-06-17 21:37:59;419;278;47;18;15;12;6;6;6;3;2
2020-06-17 21:38:58;420;279;47;18;15;12;6;6;6;3;2
2020-06-17 21:39:59;420;279;47;18;15;12;6;6;6;3;2
2020-06-17 21:40:58;421;280;47;18;15;12;6;6;6;3;2
2020-06-17 21:41:59;422;281;47;18;15;12;6;6;6;3;2
2020-06-17 21:42:59;422;281;47;18;15;12;6;6;6;3;2
2020-06-17 21:43:58;422;281;47;18;15;12;6;6;6;3;2
2020-06-17 21:44:59;423;282;47;18;15;12;6;6;6;3;2
2020-06-17 21:45:58;423;282;47;18;15;12;6;6;6;3;2
2020-06-17 21:46:59;423;282;47;18;15;12;6;6;6;3;2
2020-06-17 21:47:59;423;282;47;18;15;12;6;6;6;3;2
2020-06-17 21:48:58;424;283;47;18;15;12;6;6;6;3;2
2020-06-17 21:49:59;425;284;47;18;15;12;6;6;6;3;2
2020-06-17 21:50:59;425;284;47;18;15;12;6;6;6;3;2
2020-06-17 21:51:58;425;284;47;18;15;12;6;6;6;3;2
2020-06-17 21:52:59;425;284;47;18;15;12;6;6;6;3;2
2020-06-17 21:53:59;426;285;47;18;15;12;6;6;6;3;2
2020-06-17 21:54:58;426;285;47;18;15;12;6;6;6;3;2
2020-06-17 21:55:59;426;285;47;18;15;12;6;6;6;3;2
2020-06-17 21:56:58;426;285;47;18;15;12;6;6;6;3;2
2020-06-17 21:57:59;426;285;47;18;15;12;6;6;6;3;2
2020-06-17 21:58:59;426;285;47;18;15;12;6;6;6;3;2
2020-06-17 21:59:58;426;285;47;18;15;12;6;6;6;3;2
2020-06-17 22:00:59;426;285;47;18;15;12;6;6;6;3;2
2020-06-17 22:01:59;426;285;47;18;15;12;6;6;6;3;2
2020-06-17 22:02:58;426;285;47;18;15;12;6;6;6;3;2
2020-06-17 22:03:59;426;285;47;18;15;12;6;6;6;3;2
2020-06-17 22:04:59;426;285;47;18;15;12;6;6;6;3;2
2020-06-17 22:05:58;426;285;47;18;15;12;6;6;6;3;2
2020-06-17 22:06:59;426;285;47;18;15;12;6;6;6;3;2
2020-06-17 22:07:58;426;285;47;18;15;12;6;6;6;3;2
2020-06-17 22:08:59;428;287;47;18;15;12;6;6;6;3;2
2020-06-17 22:09:59;428;287;47;18;15;12;6;6;6;3;2
2020-06-17 22:10:58;428;287;47;18;15;12;6;6;6;3;2
2020-06-17 22:11:59;428;287;47;18;15;12;6;6;6;3;2
2020-06-17 22:12:59;429;288;47;18;15;12;6;6;6;3;2
2020-06-17 22:13:58;430;289;47;18;15;12;6;6;6;3;2
2020-06-17 22:14:59;430;289;47;18;15;12;6;6;6;3;2
2020-06-17 22:15:58;430;289;47;18;15;12;6;6;6;3;2
2020-06-17 22:16:59;430;289;47;18;15;12;6;6;6;3;2
2020-06-17 22:17:59;430;289;47;18;15;12;6;6;6;3;2
2020-06-17 22:18:58;430;289;47;18;15;12;6;6;6;3;2
2020-06-17 22:19:59;430;289;47;18;15;12;6;6;6;3;2
2020-06-17 22:20:59;431;290;47;18;15;12;6;6;6;3;2
2020-06-17 22:21:58;431;290;47;18;15;12;6;6;6;3;2
2020-06-17 22:22:59;431;290;47;18;15;12;6;6;6;3;2
2020-06-17 22:23:58;432;291;47;18;15;12;6;6;6;3;2
2020-06-17 22:24:59;433;292;47;18;15;12;6;6;6;3;2
2020-06-17 22:25:59;433;292;47;18;15;12;6;6;6;3;2
2020-06-17 22:26:58;435;292;48;18;15;12;6;7;6;3;2
2020-06-17 22:27:59;435;292;48;18;15;12;6;7;6;3;2
2020-06-17 22:28:59;435;292;48;18;15;12;6;7;6;3;2
2020-06-17 22:29:58;435;292;48;18;15;12;6;7;6;3;2
2020-06-17 22:31:00;436;293;48;18;15;12;6;7;6;3;2
2020-06-17 22:31:58;436;293;48;18;15;12;6;7;6;3;2
2020-06-17 22:32:59;436;293;48;18;15;12;6;7;6;3;2
2020-06-17 22:33:58;436;293;48;18;15;12;6;7;6;3;2
2020-06-17 22:34:59;436;293;48;18;15;12;6;7;6;3;2
2020-06-17 22:35:58;436;293;48;18;15;12;6;7;6;3;2
2020-06-17 22:36:59;436;293;48;18;15;12;6;7;6;3;2
2020-06-17 22:37:59;436;293;48;18;15;12;6;7;6;3;2
2020-06-17 22:38:58;436;293;48;18;15;12;6;7;6;3;2
2020-06-17 22:39:59;436;293;48;18;15;12;6;7;6;3;2
2020-06-17 22:40:58;437;294;48;18;15;12;6;7;6;3;2
2020-06-17 22:41:59;439;297;47;18;15;12;6;7;6;3;2
2020-06-17 22:42:59;439;297;47;18;15;12;6;7;6;3;2
2020-06-17 22:43:58;439;298;47;18;15;12;6;7;6;2;2
2020-06-17 22:44:59;439;298;47;18;15;12;6;7;6;2;2
2020-06-17 22:45:58;440;298;47;19;15;12;6;7;6;2;2
2020-06-17 22:46:59;441;299;47;19;15;12;6;7;6;2;2
2020-06-17 22:47:58;441;299;47;19;15;12;6;7;6;2;2
2020-06-17 22:48:59;441;299;47;19;15;12;6;7;6;2;2
2020-06-17 22:49:58;441;299;47;19;15;12;6;7;6;2;2
2020-06-17 22:50:59;441;299;47;19;15;12;6;7;6;2;2
2020-06-17 22:51:59;441;299;47;19;15;12;6;7;6;2;2
2020-06-17 22:52:58;441;299;47;19;15;12;6;7;6;2;2
2020-06-17 22:53:59;442;300;47;19;15;12;6;7;6;2;2
2020-06-17 22:54:58;442;300;47;19;15;12;6;7;6;2;2
2020-06-17 22:55:59;442;300;47;19;15;12;6;7;6;2;2
2020-06-17 22:56:58;442;300;47;19;15;12;6;7;6;2;2
2020-06-17 22:57:59;442;300;47;19;15;12;6;7;6;2;2
2020-06-17 22:58:59;442;300;47;19;15;12;6;7;6;2;2
2020-06-17 22:59:58;442;300;47;19;15;12;6;7;6;2;2
2020-06-17 23:01:00;442;300;47;19;15;12;6;7;6;2;2
2020-06-17 23:01:59;442;300;47;19;15;12;6;7;6;2;2
2020-06-17 23:02:58;442;300;47;19;15;12;6;7;6;2;2
2020-06-17 23:03:59;443;301;47;19;15;12;6;7;6;2;2
2020-06-17 23:04:58;445;301;48;19;15;12;6;7;6;2;2
2020-06-17 23:05:59;445;301;48;19;15;12;6;7;6;2;2
2020-06-17 23:06:59;445;301;48;19;15;12;6;7;6;2;2
2020-06-17 23:07:58;445;301;48;19;15;12;6;7;6;2;2
2020-06-17 23:08:59;445;301;48;19;15;12;6;7;6;2;2
2020-06-17 23:09:58;445;301;48;19;15;12;6;7;6;2;2
2020-06-17 23:10:59;446;302;48;19;15;12;6;7;6;2;2
2020-06-17 23:11:59;448;304;48;19;15;12;6;7;6;2;2
2020-06-17 23:12:58;449;305;48;19;15;12;6;7;6;2;2
2020-06-17 23:13:59;449;305;48;19;15;12;6;7;6;2;2
2020-06-17 23:14:58;451;307;48;19;15;12;6;7;6;2;2
2020-06-17 23:15:59;451;307;48;19;15;12;6;7;6;2;2
2020-06-17 23:16:59;451;307;48;19;15;12;6;7;6;2;2
2020-06-17 23:17:58;452;308;48;19;15;12;6;7;6;2;2
2020-06-17 23:19:00;452;308;48;19;15;12;6;7;6;2;2
2020-06-17 23:19:58;452;308;48;19;15;12;6;7;6;2;2
2020-06-17 23:20:59;452;308;48;19;15;12;6;7;6;2;2
2020-06-17 23:21:59;453;309;48;19;15;12;6;7;6;2;2
2020-06-17 23:22:58;453;309;48;19;15;12;6;7;6;2;2
2020-06-17 23:23:59;453;309;48;19;15;12;6;7;6;2;2
2020-06-17 23:24:58;453;309;48;19;15;12;6;7;6;2;2
2020-06-17 23:25:59;454;309;48;19;15;12;7;7;6;2;2
2020-06-17 23:26:58;455;310;48;19;15;12;7;7;6;2;2
2020-06-17 23:27:59;455;310;48;19;15;12;7;7;6;2;2
2020-06-17 23:28:58;456;311;48;19;15;12;7;7;6;2;2
2020-06-17 23:29:59;456;311;48;19;15;12;7;7;6;2;2
2020-06-17 23:30:59;457;311;48;19;15;12;7;7;6;3;2
2020-06-17 23:31:58;458;311;49;19;15;12;7;7;6;3;2
2020-06-17 23:32:59;458;311;49;19;15;12;7;7;6;3;2
2020-06-17 23:33:58;458;311;49;19;15;12;7;7;6;3;2
2020-06-17 23:34:59;459;312;49;19;15;12;7;7;6;3;2
2020-06-17 23:35:58;460;313;49;19;15;12;7;7;6;3;2
2020-06-17 23:36:59;460;313;49;19;15;12;7;7;6;3;2
2020-06-17 23:37:58;461;314;49;19;15;12;7;7;6;3;2
2020-06-17 23:38:59;461;314;49;19;15;12;7;7;6;3;2
2020-06-17 23:39:59;461;314;49;19;15;12;7;7;6;3;2
2020-06-17 23:40:58;461;314;49;19;15;12;7;7;6;3;2
2020-06-17 23:41:59;461;314;49;19;15;12;7;7;6;3;2
2020-06-17 23:42:58;460;314;48;19;15;12;7;7;6;3;2
2020-06-17 23:43:59;460;314;48;19;15;12;7;7;6;3;2
2020-06-17 23:44:58;460;314;48;19;15;12;7;7;6;3;2
2020-06-17 23:45:59;460;314;48;19;15;12;7;7;6;3;2
2020-06-17 23:46:59;463;317;48;19;15;12;7;7;6;3;2
2020-06-17 23:47:58;463;317;48;19;15;12;7;7;6;3;2
2020-06-17 23:48:59;463;317;48;19;15;12;7;7;6;3;2
2020-06-17 23:49:58;464;318;48;19;15;12;7;7;6;3;2
2020-06-17 23:50:59;464;318;48;19;15;12;7;7;6;3;2
2020-06-17 23:51:59;464;318;48;19;15;12;7;7;6;3;2
2020-06-17 23:52:58;464;318;48;19;15;12;7;7;6;3;2
2020-06-17 23:53:59;464;318;48;19;15;12;7;7;6;3;2
2020-06-17 23:54:58;464;318;48;19;15;12;7;7;6;3;2
2020-06-17 23:55:59;464;318;48;19;15;12;7;7;6;3;2
2020-06-17 23:56:58;464;318;48;19;15;12;7;7;6;3;2
2020-06-17 23:57:59;464;318;48;19;15;12;7;7;6;3;2
2020-06-17 23:58:58;464;318;48;19;15;12;7;7;6;3;2
2020-06-17 23:59:59;465;319;48;19;15;12;7;7;6;3;2
