datetime;total_votes;jovan;Private_Ryan;DoveKill;axxl;Есения;Bf109H;KOCTOPE3;navalny;NikolaichOld;Seiji
2020-08-19 00:00:59;0;0;0;0;0;0;0;0;0;0;0
2020-08-19 00:01:58;0;0;0;0;0;0;1;0;0;0;0
2020-08-19 00:02:59;4;0;2;0;0;0;2;0;0;0;0
2020-08-19 00:03:58;4;0;2;0;0;0;2;0;0;0;0
2020-08-19 00:04:59;7;0;4;0;0;0;3;0;0;0;0
2020-08-19 00:05:59;8;0;4;0;0;0;3;0;0;0;0
2020-08-19 00:06:59;8;0;4;0;0;0;3;0;0;0;0
2020-08-19 00:07:58;8;0;4;0;0;0;3;0;0;0;0
2020-08-19 00:08:59;9;0;5;0;0;0;4;0;0;0;0
2020-08-19 00:09:59;10;0;6;0;0;0;4;0;0;0;0
2020-08-19 00:10:58;11;0;6;0;0;0;5;0;0;0;0
2020-08-19 00:11:59;12;0;7;0;0;0;5;0;0;0;0
2020-08-19 00:12:59;13;0;7;0;0;0;5;0;0;0;0
2020-08-19 00:13:58;14;0;8;0;0;0;5;0;0;0;0
2020-08-19 00:14:59;14;0;8;0;0;0;5;0;0;0;0
2020-08-19 00:15:59;14;0;8;0;0;0;5;0;0;0;0
2020-08-19 00:16:58;14;0;8;0;0;0;5;0;0;0;0
2020-08-19 00:17:59;14;0;8;0;0;0;5;0;0;0;0
2020-08-19 00:18:59;14;0;8;0;0;0;5;0;0;0;0
2020-08-19 00:19:58;14;0;8;0;0;0;5;0;0;0;0
2020-08-19 00:20:59;14;0;8;0;0;0;5;0;0;0;0
2020-08-19 00:21:59;15;0;8;0;0;0;5;0;0;0;1
2020-08-19 00:22:58;15;0;8;0;0;0;5;0;0;0;1
2020-08-19 00:23:59;15;0;8;0;0;0;5;0;0;0;1
2020-08-19 00:24:59;15;0;8;0;0;0;5;0;0;0;1
2020-08-19 00:25:58;18;2;8;0;0;0;5;0;0;0;1
2020-08-19 00:26:59;19;3;8;0;0;0;5;0;0;0;1
2020-08-19 00:27:59;19;3;8;0;0;0;5;0;0;0;1
2020-08-19 00:28:58;20;3;9;0;0;0;5;0;0;0;1
2020-08-19 00:29:59;21;3;9;0;0;1;5;0;0;0;1
2020-08-19 00:30:59;21;3;9;0;0;1;5;0;0;0;1
2020-08-19 00:31:58;21;3;9;0;0;1;5;0;0;0;1
2020-08-19 00:32:59;21;3;9;0;0;1;5;0;0;0;1
2020-08-19 00:33:59;21;3;9;0;0;1;5;0;0;0;1
2020-08-19 00:35:00;21;3;9;0;0;1;5;0;0;0;1
2020-08-19 00:35:58;23;3;9;0;0;1;6;0;0;0;1
2020-08-19 00:36:59;23;3;9;0;0;1;6;0;0;0;1
2020-08-19 00:37:59;23;3;9;0;0;1;6;0;0;0;1
2020-08-19 00:38:58;23;3;9;0;0;1;5;0;0;0;1
2020-08-19 00:39:59;24;3;9;0;1;1;5;0;0;0;1
2020-08-19 00:40:59;24;3;9;0;1;1;5;0;0;0;1
2020-08-19 00:41:58;24;3;9;0;1;1;5;0;0;0;1
2020-08-19 00:42:59;24;3;9;0;1;1;5;0;0;0;1
2020-08-19 00:43:59;25;4;9;0;1;1;5;0;0;0;1
2020-08-19 00:44:58;28;6;9;0;2;1;5;0;0;0;1
2020-08-19 00:45:59;28;6;9;0;2;1;5;0;0;0;1
2020-08-19 00:46:59;28;6;9;0;2;1;5;0;0;0;1
2020-08-19 00:47:58;28;6;9;0;2;1;5;0;0;0;1
2020-08-19 00:48:59;28;6;9;0;2;1;5;0;0;0;1
2020-08-19 00:49:58;28;6;9;0;2;1;5;0;0;0;1
2020-08-19 00:50:59;29;6;10;0;2;1;5;0;0;0;1
2020-08-19 00:51:59;32;7;11;0;3;1;5;0;0;0;1
2020-08-19 00:52:58;32;7;11;0;3;1;5;0;0;0;1
2020-08-19 00:53:59;32;7;11;0;3;1;5;0;0;0;1
2020-08-19 00:54:59;32;7;11;0;3;1;5;0;0;0;1
2020-08-19 00:55:58;32;7;11;0;3;1;5;0;0;0;1
2020-08-19 00:56:59;32;7;11;0;3;1;5;0;0;0;1
2020-08-19 00:57:59;32;7;11;0;3;1;5;0;0;0;1
2020-08-19 00:58:58;32;7;11;0;3;1;5;0;0;0;1
2020-08-19 00:59:59;32;7;11;0;3;1;5;0;0;0;1
2020-08-19 01:01:00;32;7;11;0;3;1;5;0;0;0;1
2020-08-19 01:01:58;32;7;11;0;3;1;5;0;0;0;1
2020-08-19 01:02:59;32;7;11;0;3;1;5;0;0;0;1
2020-08-19 01:03:59;32;7;11;0;3;1;5;0;0;0;1
2020-08-19 01:04:58;33;7;11;0;3;1;5;0;0;1;1
2020-08-19 01:05:59;33;7;11;0;3;1;5;0;0;1;1
2020-08-19 01:06:59;33;7;11;0;3;1;5;0;0;1;1
2020-08-19 01:07:58;33;7;11;0;3;1;5;0;0;1;1
2020-08-19 01:08:59;34;7;12;0;3;1;5;0;0;1;1
2020-08-19 01:09:59;35;7;13;0;3;1;5;0;0;1;1
2020-08-19 01:10:58;36;8;13;0;3;1;5;0;0;1;1
2020-08-19 01:11:59;36;8;13;0;3;1;5;0;0;1;1
2020-08-19 01:12:59;36;8;13;0;3;1;5;0;0;1;1
2020-08-19 01:13:58;36;8;13;0;3;1;5;0;0;1;1
2020-08-19 01:14:59;36;8;13;0;3;1;5;0;0;1;1
2020-08-19 01:15:59;37;8;14;0;3;1;5;0;0;1;1
2020-08-19 01:16:58;37;8;14;0;3;1;5;0;0;1;1
2020-08-19 01:17:59;37;8;14;0;3;1;5;0;0;1;1
2020-08-19 01:18:59;37;8;14;0;3;1;5;0;0;1;1
2020-08-19 01:19:58;37;8;14;0;3;1;5;0;0;1;1
2020-08-19 01:20:59;37;8;14;0;3;1;5;0;0;1;1
2020-08-19 01:21:58;37;8;14;0;3;1;5;0;0;1;1
2020-08-19 01:22:59;39;9;14;0;3;1;6;0;0;1;1
2020-08-19 01:23:59;39;9;14;0;3;1;6;0;0;1;1
2020-08-19 01:24:58;39;9;14;0;3;1;6;0;0;1;1
2020-08-19 01:25:59;40;9;14;0;4;1;6;0;0;1;1
2020-08-19 01:26:59;40;9;14;0;4;1;6;0;0;1;1
2020-08-19 01:27:59;40;9;14;0;4;1;6;0;0;1;1
2020-08-19 01:28:59;40;9;14;0;4;1;6;0;0;1;1
2020-08-19 01:29:58;40;9;14;0;4;1;6;0;0;1;1
2020-08-19 01:30:59;41;9;15;0;4;1;6;0;0;1;1
2020-08-19 01:31:59;41;9;15;0;4;1;6;0;0;1;1
2020-08-19 01:32:58;41;9;15;0;4;1;6;0;0;1;1
2020-08-19 01:33:59;41;9;15;0;4;1;6;0;0;1;1
2020-08-19 01:34:59;41;9;15;0;4;1;6;0;0;1;1
2020-08-19 01:35:58;41;9;15;0;4;1;6;0;0;1;1
2020-08-19 01:36:59;41;9;15;0;4;1;6;0;0;1;1
2020-08-19 01:38:00;41;9;15;0;4;1;6;0;0;1;1
2020-08-19 01:38:58;41;9;15;0;4;1;6;0;0;1;1
2020-08-19 01:39:59;41;10;15;0;3;1;6;0;0;1;1
2020-08-19 01:40:58;41;10;15;0;3;1;6;0;0;1;1
2020-08-19 01:41:59;41;10;15;0;3;1;6;0;0;1;1
2020-08-19 01:42:59;41;10;15;0;3;1;6;0;0;1;1
2020-08-19 01:43:58;41;10;15;0;3;1;6;0;0;1;1
2020-08-19 01:44:59;41;10;15;0;3;1;6;0;0;1;1
2020-08-19 01:45:59;41;10;15;0;3;1;6;0;0;1;1
2020-08-19 01:46:59;41;10;15;0;3;1;6;0;0;1;1
2020-08-19 01:47:59;41;10;15;0;3;1;6;0;0;1;1
2020-08-19 01:48:58;41;10;15;0;3;1;6;0;0;1;1
2020-08-19 01:49:59;41;10;15;0;3;1;6;0;0;1;1
2020-08-19 01:50:59;42;10;16;0;3;1;6;0;0;1;1
2020-08-19 01:51:58;42;10;16;0;3;1;6;0;0;1;1
2020-08-19 01:52:59;42;10;16;0;3;1;6;0;0;1;1
2020-08-19 01:53:59;42;10;16;0;3;1;6;0;0;1;1
2020-08-19 01:54:58;42;10;16;0;3;1;6;0;0;1;1
2020-08-19 01:55:59;42;10;16;0;3;1;6;0;0;1;1
2020-08-19 01:56:59;42;10;16;0;3;1;6;0;0;1;1
2020-08-19 01:57:58;42;10;16;0;3;1;6;0;0;1;1
2020-08-19 01:58:59;42;10;16;0;3;1;6;0;0;1;1
2020-08-19 01:59:59;42;10;16;0;3;1;6;0;0;1;1
2020-08-19 02:00:58;42;10;16;0;3;1;6;0;0;1;1
2020-08-19 02:01:59;42;10;16;0;3;1;6;0;0;1;1
2020-08-19 02:02:58;42;10;16;0;3;1;6;0;0;1;1
2020-08-19 02:03:59;42;10;16;0;3;1;6;0;0;1;1
2020-08-19 02:04:59;43;10;17;0;3;1;6;0;0;1;1
2020-08-19 02:05:58;43;10;17;0;3;1;6;0;0;1;1
2020-08-19 02:06:59;43;10;17;0;3;1;6;0;0;1;1
2020-08-19 02:07:59;44;11;17;0;3;1;6;0;0;1;1
2020-08-19 02:08:58;44;11;17;0;3;1;6;0;0;1;1
2020-08-19 02:09:59;45;11;17;0;3;1;6;1;0;1;1
2020-08-19 02:10:59;45;11;17;0;3;1;6;1;0;1;1
2020-08-19 02:11:58;45;11;17;0;3;1;6;1;0;1;1
2020-08-19 02:12:59;45;11;17;0;3;1;6;1;0;1;1
2020-08-19 02:13:59;45;11;17;0;3;1;6;1;0;1;1
2020-08-19 02:14:58;46;11;18;0;3;1;6;1;0;1;1
2020-08-19 02:15:59;46;11;18;0;3;1;6;1;0;1;1
2020-08-19 02:16:59;46;11;18;0;3;1;6;1;0;1;1
2020-08-19 02:17:58;47;12;18;0;3;1;6;1;0;1;1
2020-08-19 02:18:59;47;12;18;0;3;1;6;1;0;1;1
2020-08-19 02:19:58;47;12;18;0;3;1;6;1;0;1;1
2020-08-19 02:20:59;47;12;18;0;3;1;6;1;0;1;1
2020-08-19 02:21:59;47;12;18;0;3;1;6;1;0;1;1
2020-08-19 02:22:58;47;12;18;0;3;1;6;1;0;1;1
2020-08-19 02:23:59;47;12;18;0;3;1;6;1;0;1;1
2020-08-19 02:24:59;48;12;18;0;3;1;6;2;0;1;0
2020-08-19 02:25:58;48;12;18;0;3;1;6;2;0;1;0
2020-08-19 02:26:59;48;12;18;0;3;1;6;2;0;1;0
2020-08-19 02:27:59;48;12;18;0;3;1;6;2;0;1;0
2020-08-19 02:28:58;48;12;18;0;3;1;6;2;0;1;0
2020-08-19 02:29:59;48;12;18;0;3;1;6;2;0;1;0
2020-08-19 02:30:59;48;12;18;0;3;1;6;2;0;1;0
2020-08-19 02:31:58;48;12;18;0;3;1;6;2;0;1;0
2020-08-19 02:32:59;48;12;18;0;3;1;6;2;0;1;0
2020-08-19 02:33:59;49;12;19;0;3;1;6;2;0;1;0
2020-08-19 02:34:58;50;12;19;0;3;1;7;2;0;1;0
2020-08-19 02:35:59;50;12;19;0;3;1;7;2;0;1;0
2020-08-19 02:36:59;51;13;19;0;3;1;7;2;0;1;0
2020-08-19 02:37:58;51;13;19;0;3;1;7;2;0;1;0
2020-08-19 02:38:59;52;13;20;0;3;1;7;2;0;1;0
2020-08-19 02:39:59;52;13;20;0;3;1;7;2;0;1;0
2020-08-19 02:40:58;52;13;20;0;3;1;7;2;0;1;0
2020-08-19 02:41:59;52;13;20;0;3;1;7;2;0;1;0
2020-08-19 02:42:59;52;13;20;0;3;1;7;2;0;1;0
2020-08-19 02:43:58;52;13;20;0;3;1;7;2;0;1;0
2020-08-19 02:44:59;52;13;20;0;3;1;7;2;0;1;0
2020-08-19 02:45:59;52;13;20;0;3;1;7;2;0;1;0
2020-08-19 02:46:58;52;13;20;0;3;1;7;2;0;1;0
2020-08-19 02:47:59;52;13;20;0;3;1;7;2;0;1;0
2020-08-19 02:48:59;52;13;20;0;3;1;7;2;0;1;0
2020-08-19 02:49:58;52;13;20;0;3;1;7;2;0;1;0
2020-08-19 02:50:59;52;13;20;0;3;1;7;2;0;1;0
2020-08-19 02:51:59;52;13;20;0;3;1;7;2;0;1;0
2020-08-19 02:52:58;52;13;20;0;3;1;7;2;0;1;0
2020-08-19 02:53:59;52;13;20;0;3;1;7;2;0;1;0
2020-08-19 02:54:59;52;13;20;0;3;1;7;2;0;1;0
2020-08-19 02:55:58;52;13;20;0;3;1;7;2;0;1;0
2020-08-19 02:56:59;52;13;20;0;3;1;7;2;0;1;0
2020-08-19 02:57:59;52;13;20;0;3;1;7;2;0;1;0
2020-08-19 02:58:58;52;13;20;0;3;1;7;2;0;1;0
2020-08-19 02:59:59;52;13;20;0;3;1;7;2;0;1;0
2020-08-19 03:00:58;52;13;20;0;3;1;7;2;0;1;0
2020-08-19 03:01:59;52;13;20;0;3;1;7;2;0;1;0
2020-08-19 03:02:59;52;13;20;0;3;1;7;2;0;1;0
2020-08-19 03:03:59;52;13;20;0;3;1;7;2;0;1;0
2020-08-19 03:04:58;52;13;20;0;3;1;7;2;0;1;0
2020-08-19 03:05:59;52;13;20;0;3;1;7;2;0;1;0
2020-08-19 03:06:59;52;13;20;0;3;1;7;2;0;1;0
2020-08-19 03:07:58;52;13;20;0;3;1;7;2;0;1;0
2020-08-19 03:08:59;53;13;20;0;3;0;7;2;0;1;1
2020-08-19 03:09:58;53;13;20;0;3;0;7;2;0;1;1
2020-08-19 03:10:59;53;13;20;0;3;0;7;2;0;1;1
2020-08-19 03:11:59;53;13;20;0;3;0;7;2;0;1;1
2020-08-19 03:12:58;53;13;20;0;3;0;7;2;0;1;1
2020-08-19 03:13:59;53;13;20;0;3;0;7;2;0;1;1
2020-08-19 03:14:59;53;13;20;0;3;0;7;2;0;1;1
2020-08-19 03:15:58;53;13;20;0;3;0;7;2;0;1;1
2020-08-19 03:16:59;53;13;20;0;3;0;7;2;0;1;1
2020-08-19 03:17:59;53;13;20;0;3;0;7;2;0;1;1
2020-08-19 03:18:58;53;13;20;0;3;0;7;2;0;1;1
2020-08-19 03:19:59;53;13;20;0;3;0;7;2;0;1;1
2020-08-19 03:20:59;53;13;20;0;3;0;7;2;0;1;1
2020-08-19 03:21:58;53;13;20;0;3;0;7;2;0;1;1
2020-08-19 03:22:59;53;13;20;0;3;0;7;2;0;1;1
2020-08-19 03:23:59;53;13;20;0;3;0;7;2;0;1;1
2020-08-19 03:24:58;53;13;20;0;3;0;7;2;0;1;1
2020-08-19 03:25:59;53;13;20;0;3;0;7;2;0;1;1
2020-08-19 03:26:59;53;13;20;0;3;0;7;2;0;1;1
2020-08-19 03:27:59;55;14;21;0;3;0;7;2;0;1;1
2020-08-19 03:28:59;55;14;21;0;3;0;7;2;0;1;1
2020-08-19 03:29:58;55;14;21;0;3;0;7;2;0;1;1
2020-08-19 03:30:59;55;14;21;0;3;0;7;2;0;1;1
2020-08-19 03:31:59;56;14;22;0;3;0;7;2;0;1;1
2020-08-19 03:32:58;56;14;22;0;3;0;7;2;0;1;1
2020-08-19 03:33:59;56;14;22;0;3;0;7;2;0;1;1
2020-08-19 03:34:59;56;14;22;0;3;0;7;2;0;1;1
2020-08-19 03:35:58;56;14;22;0;3;0;7;2;0;1;1
2020-08-19 03:36:59;56;14;22;0;3;0;7;2;0;1;1
2020-08-19 03:37:59;57;14;23;0;3;0;7;2;0;1;1
2020-08-19 03:38:58;57;14;23;0;3;0;7;2;0;1;1
2020-08-19 03:39:59;57;14;23;0;3;0;7;2;0;1;1
2020-08-19 03:40:59;57;14;23;0;3;0;7;2;0;1;1
2020-08-19 03:41:58;57;14;23;0;3;0;7;2;0;1;1
2020-08-19 03:42:59;57;14;23;0;3;0;7;2;0;1;1
2020-08-19 03:43:59;57;14;23;0;3;0;7;2;0;1;1
2020-08-19 03:44:58;57;14;23;0;3;0;7;2;0;1;1
2020-08-19 03:45:59;57;14;23;0;3;0;7;2;0;1;1
2020-08-19 03:46:59;58;14;24;0;3;0;7;2;0;1;1
2020-08-19 03:47:58;59;15;24;0;3;0;7;2;0;1;1
2020-08-19 03:48:59;59;15;24;0;3;0;7;2;0;1;1
2020-08-19 03:50:00;59;15;24;0;3;0;7;2;0;1;1
2020-08-19 03:50:58;60;15;25;0;3;0;7;2;0;1;1
2020-08-19 03:51:59;60;15;25;0;3;0;7;2;0;1;1
2020-08-19 03:52:59;60;15;25;0;3;0;7;2;0;1;1
2020-08-19 03:53:58;61;15;26;0;3;0;7;2;0;1;1
2020-08-19 03:54:59;61;15;26;0;3;0;7;2;0;1;1
2020-08-19 03:55:59;61;15;26;0;3;0;7;2;0;1;1
2020-08-19 03:56:58;61;15;26;0;3;0;7;2;0;1;1
2020-08-19 03:57:59;61;15;26;0;3;0;7;2;0;1;1
2020-08-19 03:58:59;61;15;26;0;3;0;7;2;0;1;1
2020-08-19 03:59:58;61;15;26;0;3;0;7;2;0;1;1
2020-08-19 04:00:59;61;15;26;0;3;0;7;2;0;1;1
2020-08-19 04:01:59;61;15;26;0;3;0;7;2;0;1;1
2020-08-19 04:02:58;61;15;26;0;3;0;7;2;0;1;1
2020-08-19 04:03:59;61;15;26;0;3;0;7;2;0;1;1
2020-08-19 04:04:58;61;15;26;0;3;0;7;2;0;1;1
2020-08-19 04:05:59;61;15;26;0;3;0;7;2;0;1;1
2020-08-19 04:06:59;61;15;26;0;3;0;7;2;0;1;1
2020-08-19 04:07:58;61;15;26;0;3;0;7;2;0;1;1
2020-08-19 04:08:59;61;15;26;0;3;0;7;2;0;1;1
2020-08-19 04:09:58;61;15;26;0;3;0;7;2;0;1;1
2020-08-19 04:10:59;61;15;26;0;3;0;7;2;0;1;1
2020-08-19 04:11:59;61;15;26;0;3;0;7;2;0;1;1
2020-08-19 04:12:58;61;15;26;0;3;0;7;2;0;1;1
2020-08-19 04:13:59;61;15;26;0;3;0;7;2;0;1;1
2020-08-19 04:14:58;61;15;26;0;3;0;7;2;0;1;1
2020-08-19 04:15:59;61;15;26;0;3;0;7;2;0;1;1
2020-08-19 04:16:59;61;15;26;0;3;0;7;2;0;1;1
2020-08-19 04:17:58;61;15;26;0;3;0;7;2;0;1;1
2020-08-19 04:18:59;61;15;26;0;3;0;7;2;0;1;1
2020-08-19 04:19:59;61;15;26;0;3;0;7;2;0;1;1
2020-08-19 04:20:58;61;15;26;0;3;0;7;2;0;1;1
2020-08-19 04:21:59;61;15;26;0;3;0;7;2;0;1;1
2020-08-19 04:22:58;61;15;26;0;3;0;7;2;0;1;1
2020-08-19 04:23:59;61;15;26;0;3;0;7;2;0;1;1
2020-08-19 04:24:59;61;15;26;0;3;0;7;2;0;1;1
2020-08-19 04:25:58;61;15;26;0;3;0;7;2;0;1;1
2020-08-19 04:26:59;61;15;26;0;3;0;7;2;0;1;1
2020-08-19 04:27:59;61;15;26;0;3;0;7;2;0;1;1
2020-08-19 04:28:58;61;15;26;0;3;0;7;2;0;1;1
2020-08-19 04:29:59;61;15;26;0;3;0;7;2;0;1;1
2020-08-19 04:30:59;61;15;26;0;3;0;7;2;0;1;1
2020-08-19 04:31:58;61;15;26;0;3;0;7;2;0;1;1
2020-08-19 04:32:59;61;15;26;0;3;0;7;2;0;1;1
2020-08-19 04:33:59;61;15;26;0;3;0;7;2;0;1;1
2020-08-19 04:34:58;61;15;26;0;3;0;7;2;0;1;1
2020-08-19 04:35:59;61;15;26;0;3;0;7;2;0;1;1
2020-08-19 04:36:59;61;15;26;0;3;0;7;2;0;1;1
2020-08-19 04:37:58;61;15;26;0;3;0;7;2;0;1;1
2020-08-19 04:38:59;61;15;26;0;3;0;7;2;0;1;1
2020-08-19 04:39:59;61;15;26;0;3;0;7;2;0;1;1
2020-08-19 04:40:58;61;15;26;0;3;0;7;2;0;1;1
2020-08-19 04:41:59;61;15;26;0;3;0;7;2;0;1;1
2020-08-19 04:42:58;61;15;26;0;3;0;7;2;0;1;1
2020-08-19 04:43:59;61;15;26;0;3;0;7;2;0;1;1
2020-08-19 04:44:59;61;15;26;0;3;0;7;2;0;1;1
2020-08-19 04:45:58;61;15;26;0;3;0;7;2;0;1;1
2020-08-19 04:46:59;61;15;26;0;3;0;7;2;0;1;1
2020-08-19 04:47:58;61;15;26;0;3;0;7;2;0;1;1
2020-08-19 04:48:59;61;15;26;0;3;0;7;2;0;1;1
2020-08-19 04:49:59;61;15;26;0;3;0;7;2;0;1;1
2020-08-19 04:50:58;61;15;26;0;3;0;7;2;0;1;1
2020-08-19 04:51:59;61;15;26;0;3;0;7;2;0;1;1
2020-08-19 04:52:59;61;15;26;0;3;0;7;2;0;1;1
2020-08-19 04:53:58;61;15;26;0;3;0;7;2;0;1;1
2020-08-19 04:54:59;61;15;26;0;3;0;7;2;0;1;1
2020-08-19 04:55:59;61;15;26;0;3;0;7;2;0;1;1
2020-08-19 04:56:58;61;15;26;0;3;0;7;2;0;1;1
2020-08-19 04:57:59;61;15;26;0;3;0;7;2;0;1;1
2020-08-19 04:58:59;61;15;26;0;3;0;7;2;0;1;1
2020-08-19 04:59:59;61;15;26;0;3;0;7;2;0;1;1
2020-08-19 05:00:58;61;15;26;0;3;0;7;2;0;1;1
2020-08-19 05:01:59;61;15;26;0;3;0;7;2;0;1;1
2020-08-19 05:02:59;61;15;26;0;3;0;7;2;0;1;1
2020-08-19 05:03:58;61;15;26;0;3;0;7;2;0;1;1
2020-08-19 05:04:59;61;15;26;0;3;0;7;2;0;1;1
2020-08-19 05:05:59;61;15;26;0;3;0;7;2;0;1;1
2020-08-19 05:06:58;61;15;26;0;3;0;7;2;0;1;1
2020-08-19 05:07:59;61;15;26;0;3;0;7;2;0;1;1
2020-08-19 05:08:59;61;15;26;0;3;0;7;2;0;1;1
2020-08-19 05:09:58;61;15;26;0;3;0;7;2;0;1;1
2020-08-19 05:10:59;61;15;26;0;3;0;7;2;0;1;1
2020-08-19 05:11:59;61;15;26;0;3;0;7;2;0;1;1
2020-08-19 05:12:58;61;15;26;0;3;0;7;2;0;1;1
2020-08-19 05:13:59;61;15;26;0;3;0;7;2;0;1;1
2020-08-19 05:14:59;61;15;26;0;3;0;7;2;0;1;1
2020-08-19 05:15:58;61;15;26;0;3;0;7;2;0;1;1
2020-08-19 05:16:59;61;15;26;0;3;0;7;2;0;1;1
2020-08-19 05:17:59;61;15;26;0;3;0;7;2;0;1;1
2020-08-19 05:18:58;61;15;26;0;3;0;7;2;0;1;1
2020-08-19 05:19:59;61;15;26;0;3;0;7;2;0;1;1
2020-08-19 05:20:59;61;15;26;0;3;0;7;2;0;1;1
2020-08-19 05:21:58;61;15;26;0;3;0;7;2;0;1;1
2020-08-19 05:22:59;61;15;26;0;3;0;7;2;0;1;1
2020-08-19 05:23:59;61;15;26;0;3;0;7;2;0;1;1
2020-08-19 05:24:58;61;15;26;0;3;0;7;2;0;1;1
2020-08-19 05:25:59;61;15;26;0;3;0;7;2;0;1;1
2020-08-19 05:26:59;61;15;26;0;3;0;7;2;0;1;1
2020-08-19 05:27:58;61;15;26;0;3;0;7;2;0;1;1
2020-08-19 05:28:59;61;15;26;0;3;0;7;2;0;1;1
2020-08-19 05:29:59;61;15;26;0;3;0;7;2;0;1;1
2020-08-19 05:30:58;61;15;26;0;3;0;7;2;0;1;1
2020-08-19 05:31:59;61;15;26;0;3;0;7;2;0;1;1
2020-08-19 05:32:59;61;15;26;0;3;0;7;2;0;1;1
2020-08-19 05:33:58;61;15;26;0;3;0;7;2;0;1;1
2020-08-19 05:34:59;61;15;26;0;3;0;7;2;0;1;1
2020-08-19 05:35:58;62;16;26;0;3;0;7;2;0;1;1
2020-08-19 05:36:59;62;16;26;0;3;0;7;2;0;1;1
2020-08-19 05:37:59;63;16;27;0;3;0;7;2;0;1;1
2020-08-19 05:38:58;63;16;27;0;3;0;7;2;0;1;1
2020-08-19 05:39:59;63;16;27;0;3;0;7;2;0;1;1
2020-08-19 05:40:59;63;16;27;0;3;0;7;2;0;1;1
2020-08-19 05:41:58;63;16;27;0;3;0;7;2;0;1;1
2020-08-19 05:42:59;63;16;27;0;3;0;7;2;0;1;1
2020-08-19 05:43:59;63;16;27;0;3;0;7;2;0;1;1
2020-08-19 05:44:58;63;16;27;0;3;0;7;2;0;1;1
2020-08-19 05:45:59;63;16;27;0;3;0;7;2;0;1;1
2020-08-19 05:46:59;63;16;27;0;3;0;7;2;0;1;1
2020-08-19 05:47:58;63;16;27;0;3;0;7;2;0;1;1
2020-08-19 05:48:59;63;16;27;0;3;0;7;2;0;1;1
2020-08-19 05:49:59;63;16;27;0;3;0;7;2;0;1;1
2020-08-19 05:50:58;63;16;27;0;3;0;7;2;0;1;1
2020-08-19 05:51:59;63;16;27;0;3;0;7;2;0;1;1
2020-08-19 05:52:59;63;16;27;0;3;0;7;2;0;1;1
2020-08-19 05:53:58;63;16;27;0;3;0;7;2;0;1;1
2020-08-19 05:54:59;63;16;27;0;3;0;7;2;0;1;1
2020-08-19 05:55:59;63;16;27;0;3;0;7;2;0;1;1
2020-08-19 05:56:58;63;16;27;0;3;0;7;2;0;1;1
2020-08-19 05:57:59;63;16;27;0;3;0;7;2;0;1;1
2020-08-19 05:58:59;63;16;27;0;3;0;7;2;0;1;1
2020-08-19 05:59:58;63;16;27;0;3;0;7;2;0;1;1
2020-08-19 06:00:59;63;16;27;0;3;0;7;2;0;1;1
2020-08-19 06:01:59;64;17;27;0;3;0;7;2;0;1;1
2020-08-19 06:02:58;64;17;27;0;3;0;7;2;0;1;1
2020-08-19 06:03:59;64;17;27;0;3;0;7;2;0;1;1
2020-08-19 06:04:58;64;17;27;0;3;0;7;2;0;1;1
2020-08-19 06:05:59;64;17;26;0;4;0;7;2;0;1;1
2020-08-19 06:06:59;64;17;26;0;4;0;7;2;0;1;1
2020-08-19 06:07:58;64;17;26;0;4;0;7;2;0;1;1
2020-08-19 06:08:59;64;17;26;0;4;0;7;2;0;1;1
2020-08-19 06:09:58;64;17;26;0;4;0;7;2;0;1;1
2020-08-19 06:10:59;64;17;26;0;4;0;7;2;0;1;1
2020-08-19 06:11:59;64;17;26;0;4;0;7;2;0;1;1
2020-08-19 06:12:58;64;17;26;0;4;0;7;2;0;1;1
2020-08-19 06:13:59;64;17;26;0;4;0;7;2;0;1;1
2020-08-19 06:14:59;66;18;26;0;4;0;8;2;0;1;1
2020-08-19 06:15:59;66;18;26;0;4;0;8;2;0;1;1
2020-08-19 06:16:58;66;18;26;0;4;0;8;2;0;1;1
2020-08-19 06:17:59;66;18;26;0;4;0;8;2;0;1;1
2020-08-19 06:18:58;66;18;26;0;4;0;8;2;0;1;1
2020-08-19 06:19:59;66;18;26;0;4;0;8;2;0;1;1
2020-08-19 06:20:59;66;18;26;0;4;0;8;2;0;1;1
2020-08-19 06:21:58;66;18;26;0;4;0;8;2;0;1;1
2020-08-19 06:22:59;66;18;26;0;4;0;8;2;0;1;1
2020-08-19 06:23:59;67;18;27;0;4;0;8;2;0;1;1
2020-08-19 06:24:58;67;18;27;0;4;0;8;2;0;1;1
2020-08-19 06:25:59;67;18;27;0;4;0;8;2;0;1;1
2020-08-19 06:26:59;67;18;27;0;4;0;8;2;0;1;1
2020-08-19 06:27:58;67;18;27;0;4;0;8;2;0;1;1
2020-08-19 06:28:59;67;18;27;0;4;0;8;2;0;1;1
2020-08-19 06:29:59;67;18;27;0;4;0;8;2;0;1;1
2020-08-19 06:30:58;67;18;27;0;4;0;8;2;0;1;1
2020-08-19 06:31:59;67;18;27;0;4;0;8;2;0;1;1
2020-08-19 06:32:59;67;18;27;0;4;0;8;2;0;1;1
2020-08-19 06:33:58;67;18;27;0;4;0;8;2;0;1;1
2020-08-19 06:34:59;67;18;27;0;4;0;8;2;0;1;1
2020-08-19 06:35:59;68;18;28;0;4;0;8;2;0;1;1
2020-08-19 06:36:58;68;18;28;0;4;0;8;2;0;1;1
2020-08-19 06:37:59;68;18;28;0;4;0;8;2;0;1;1
2020-08-19 06:38:59;68;18;28;0;4;0;8;2;0;1;1
2020-08-19 06:39:58;68;18;28;0;4;0;8;2;0;1;1
2020-08-19 06:40:59;69;19;28;0;4;0;8;2;0;1;1
2020-08-19 06:41:59;69;19;28;0;4;0;8;2;0;1;1
2020-08-19 06:42:58;69;19;28;0;4;0;8;2;0;1;1
2020-08-19 06:43:59;69;19;28;0;4;0;8;2;0;1;1
2020-08-19 06:44:59;70;20;28;0;4;0;8;2;0;1;1
2020-08-19 06:45:58;70;20;28;0;4;0;8;2;0;1;1
2020-08-19 06:46:59;70;20;28;0;4;0;8;2;0;1;1
2020-08-19 06:47:59;70;20;28;0;4;0;8;2;0;1;1
2020-08-19 06:48:58;70;20;28;0;4;0;8;2;0;1;1
2020-08-19 06:49:59;70;20;28;0;4;0;8;2;0;1;1
2020-08-19 06:50:59;70;20;28;0;4;0;8;2;0;1;1
2020-08-19 06:51:58;70;20;28;0;4;0;8;2;0;1;1
2020-08-19 06:52:59;70;20;28;0;4;0;8;2;0;1;1
2020-08-19 06:53:59;70;20;28;0;4;0;8;2;0;1;1
2020-08-19 06:54:58;70;20;28;0;4;0;8;2;0;1;1
2020-08-19 06:55:59;70;20;28;0;4;0;8;2;0;1;1
2020-08-19 06:56:58;70;20;28;0;4;0;8;2;0;1;1
2020-08-19 06:57:59;70;20;28;0;4;0;8;2;0;1;1
2020-08-19 06:58:59;70;20;28;0;4;0;8;2;0;1;1
2020-08-19 06:59:58;70;20;28;0;4;0;8;2;0;1;1
2020-08-19 07:00:59;70;20;28;0;4;0;8;2;0;1;1
2020-08-19 07:01:59;71;20;29;0;4;0;8;2;0;1;1
2020-08-19 07:02:59;71;20;29;0;4;0;8;2;0;1;1
2020-08-19 07:03:58;71;20;29;0;4;0;8;2;0;1;1
2020-08-19 07:04:59;71;20;29;0;4;0;8;2;0;1;1
2020-08-19 07:05:59;71;20;29;0;4;0;8;2;0;1;1
2020-08-19 07:06:58;71;20;29;0;4;0;8;2;0;1;1
2020-08-19 07:07:59;71;20;29;0;4;0;8;2;0;1;1
2020-08-19 07:08:58;71;20;29;0;4;0;8;2;0;1;1
2020-08-19 07:09:59;71;20;29;0;4;0;8;2;0;1;1
2020-08-19 07:10:59;71;20;29;0;4;0;8;2;0;1;1
2020-08-19 07:11:58;71;20;29;0;4;0;8;2;0;1;1
2020-08-19 07:12:59;72;20;30;0;4;0;8;2;0;1;1
2020-08-19 07:13:59;72;20;30;0;4;0;8;2;0;1;1
2020-08-19 07:14:58;72;20;30;0;4;0;8;2;0;1;1
2020-08-19 07:15:59;72;20;30;0;4;0;8;2;0;1;1
2020-08-19 07:16:59;72;20;30;0;4;0;8;2;0;1;1
2020-08-19 07:17:58;72;20;30;0;4;0;8;2;0;1;1
2020-08-19 07:18:59;72;20;30;0;4;0;8;2;0;1;1
2020-08-19 07:19:58;72;20;30;0;4;0;8;2;0;1;1
2020-08-19 07:20:59;72;20;30;0;4;0;8;2;0;1;1
2020-08-19 07:21:59;73;20;31;0;4;0;8;2;0;1;1
2020-08-19 07:22:58;73;20;31;0;4;0;8;2;0;1;1
2020-08-19 07:23:59;74;21;31;0;4;0;8;2;0;1;1
2020-08-19 07:25:00;74;21;31;0;4;0;8;2;0;1;1
2020-08-19 07:25:58;74;21;31;0;4;0;8;2;0;1;1
2020-08-19 07:26:59;74;21;31;0;4;0;8;2;0;1;1
2020-08-19 07:27:59;75;22;31;0;4;0;8;2;0;1;1
2020-08-19 07:28:58;75;22;31;0;4;0;8;2;0;1;1
2020-08-19 07:29:59;75;22;31;0;4;0;8;2;0;1;1
2020-08-19 07:30:58;75;22;31;0;4;0;8;2;0;1;1
2020-08-19 07:31:59;75;22;31;0;4;0;8;2;0;1;1
2020-08-19 07:32:59;75;22;31;0;4;0;8;2;0;1;1
2020-08-19 07:33:58;75;22;31;0;4;0;8;2;0;1;1
2020-08-19 07:34:59;75;22;31;0;4;0;8;2;0;1;1
2020-08-19 07:35:59;75;22;31;0;4;0;8;2;0;1;1
2020-08-19 07:36:58;75;22;31;0;4;0;8;2;0;1;1
2020-08-19 07:37:59;75;22;31;0;4;0;8;2;0;1;1
2020-08-19 07:38:59;76;23;31;0;4;0;8;2;0;1;1
2020-08-19 07:39:58;76;23;31;0;4;0;8;2;0;1;1
2020-08-19 07:40:59;76;23;31;0;4;0;8;2;0;1;1
2020-08-19 07:41:58;76;23;31;0;4;0;8;2;0;1;1
2020-08-19 07:42:59;76;23;31;0;4;0;8;2;0;1;1
2020-08-19 07:43:59;76;23;31;0;4;0;8;2;0;1;1
2020-08-19 07:44:58;77;23;32;0;4;0;8;2;0;1;1
2020-08-19 07:45:59;77;23;32;0;4;0;8;2;0;1;1
2020-08-19 07:46:59;77;23;32;0;4;0;8;2;0;1;1
2020-08-19 07:47:58;77;23;32;0;4;0;8;2;0;1;1
2020-08-19 07:48:59;77;23;32;0;4;0;8;2;0;1;1
2020-08-19 07:49:59;77;23;32;0;4;0;8;2;0;1;1
2020-08-19 07:50:58;78;23;32;1;4;0;8;2;0;1;0
2020-08-19 07:51:59;78;23;32;1;4;0;8;2;0;1;0
2020-08-19 07:52:59;78;23;32;1;4;0;8;2;0;1;0
2020-08-19 07:53:58;78;23;32;1;4;0;8;2;0;1;0
2020-08-19 07:54:59;78;23;32;1;4;0;8;2;0;1;0
2020-08-19 07:55:59;78;23;32;1;4;0;8;2;0;1;0
2020-08-19 07:56:58;78;23;32;1;4;0;8;2;0;1;0
2020-08-19 07:57:59;78;23;32;1;4;0;8;2;0;1;0
2020-08-19 07:58:58;78;23;32;1;4;0;8;2;0;1;0
2020-08-19 07:59:59;78;23;32;1;4;0;8;2;0;1;0
2020-08-19 08:00:59;80;24;33;1;4;0;8;2;0;1;0
2020-08-19 08:01:59;81;24;33;1;4;1;8;2;0;0;1
2020-08-19 08:02:58;81;24;33;1;4;1;8;2;0;0;1
2020-08-19 08:03:59;81;24;33;1;4;1;8;2;0;0;1
2020-08-19 08:04:59;81;24;33;1;4;1;8;2;0;0;1
2020-08-19 08:05:58;81;24;33;1;4;1;8;2;0;0;1
2020-08-19 08:06:59;81;24;33;1;4;1;8;2;0;0;1
2020-08-19 08:07:59;81;24;33;1;4;1;8;2;0;0;1
2020-08-19 08:08:58;81;24;33;1;4;1;8;2;0;0;1
2020-08-19 08:09:59;81;24;33;1;4;1;8;2;0;0;1
2020-08-19 08:11:00;81;24;33;1;4;1;8;2;0;0;1
2020-08-19 08:11:58;81;24;33;1;4;1;8;2;0;0;1
2020-08-19 08:12:59;81;24;33;1;4;1;8;2;0;0;1
2020-08-19 08:13:59;81;24;33;1;4;1;8;2;0;0;1
2020-08-19 08:14:58;82;24;33;2;4;1;8;2;0;0;1
2020-08-19 08:15:59;82;24;33;2;4;1;8;2;0;0;1
2020-08-19 08:16:59;82;24;33;2;4;1;8;2;0;0;1
2020-08-19 08:17:59;82;24;33;2;4;1;8;2;0;0;1
2020-08-19 08:18:58;82;24;33;2;4;1;8;2;0;0;1
2020-08-19 08:19:59;83;24;34;2;4;1;8;2;0;0;1
2020-08-19 08:20:58;83;24;34;2;4;1;8;2;0;0;1
2020-08-19 08:21:59;83;24;34;2;4;1;8;2;0;0;1
2020-08-19 08:22:59;84;24;34;2;4;1;9;2;0;0;1
2020-08-19 08:23:58;84;24;34;2;4;1;9;2;0;0;1
2020-08-19 08:24:59;84;24;34;2;4;1;9;2;0;0;1
2020-08-19 08:25:59;85;25;34;2;4;1;9;2;0;0;1
2020-08-19 08:26:58;85;25;34;2;4;1;9;2;0;0;1
2020-08-19 08:27:59;85;25;34;2;4;1;9;2;0;0;1
2020-08-19 08:28:59;86;25;34;2;4;2;9;2;0;0;0
2020-08-19 08:30:00;87;25;34;2;5;2;9;2;0;0;0
2020-08-19 08:30:58;87;25;34;2;5;2;9;2;0;0;0
2020-08-19 08:31:59;87;25;34;2;5;2;9;2;0;0;0
2020-08-19 08:32:58;87;25;34;2;5;2;9;2;0;0;0
2020-08-19 08:33:59;87;25;34;2;5;2;9;2;0;0;0
2020-08-19 08:34:59;87;25;34;2;5;2;9;2;0;0;0
2020-08-19 08:35:58;88;25;35;2;5;2;9;2;0;0;0
2020-08-19 08:36:59;88;25;35;2;5;2;9;2;0;0;0
2020-08-19 08:37:58;89;26;35;2;5;2;9;2;0;0;0
2020-08-19 08:38:59;89;26;35;2;5;2;9;2;0;0;0
2020-08-19 08:39:58;89;26;35;2;5;2;9;2;0;0;0
2020-08-19 08:40:59;89;26;35;2;5;2;9;2;0;0;0
2020-08-19 08:41:59;89;26;35;2;5;2;9;2;0;0;0
2020-08-19 08:43:00;89;26;35;2;5;2;9;2;0;0;0
2020-08-19 08:43:58;89;26;35;2;5;2;9;2;0;0;0
2020-08-19 08:44:59;89;26;35;2;5;2;9;2;0;0;0
2020-08-19 08:45:59;89;26;35;2;5;2;9;2;0;0;0
2020-08-19 08:46:58;89;26;35;2;5;2;9;2;0;0;0
2020-08-19 08:47:59;89;26;35;2;5;2;9;2;0;0;0
2020-08-19 08:48:59;89;26;35;2;5;2;9;2;0;0;0
2020-08-19 08:49:58;90;26;36;2;5;2;9;2;0;0;0
2020-08-19 08:50:59;90;26;36;2;5;2;9;2;0;0;0
2020-08-19 08:51:59;90;26;36;2;5;2;9;2;0;0;0
2020-08-19 08:52:58;90;26;36;2;5;2;9;2;0;0;0
2020-08-19 08:53:59;91;27;36;2;5;2;9;2;0;0;0
2020-08-19 08:54:59;91;27;36;2;5;2;9;2;0;0;0
2020-08-19 08:56:00;91;27;36;2;5;2;9;2;0;0;0
2020-08-19 08:56:58;92;27;36;2;5;2;9;2;0;1;0
2020-08-19 08:57:59;92;27;36;2;5;2;9;2;0;1;0
2020-08-19 08:58:59;92;27;36;2;5;2;9;2;0;1;0
2020-08-19 08:59:58;92;27;36;2;5;2;9;2;0;1;0
2020-08-19 09:00:59;92;27;36;2;5;2;9;2;0;1;0
2020-08-19 09:01:58;92;27;36;2;5;2;9;2;0;1;0
2020-08-19 09:02:59;92;27;36;2;5;2;9;2;0;1;0
2020-08-19 09:03:59;93;28;37;2;5;2;8;2;0;1;0
2020-08-19 09:04:59;93;28;37;2;5;2;8;2;0;1;0
2020-08-19 09:05:58;93;28;37;2;5;2;8;2;0;1;0
2020-08-19 09:06:59;93;28;37;2;5;2;8;2;0;1;0
2020-08-19 09:07:59;93;28;37;2;5;2;8;2;0;1;0
2020-08-19 09:08:58;94;28;38;2;5;2;8;2;0;1;0
2020-08-19 09:09:59;94;28;38;2;5;2;8;2;0;1;0
2020-08-19 09:10:59;94;28;38;2;5;2;8;2;0;1;0
2020-08-19 09:11:58;94;28;38;2;5;2;8;2;0;1;0
2020-08-19 09:12:59;94;28;38;2;5;2;8;2;0;1;0
2020-08-19 09:13:59;94;28;38;2;5;2;8;2;0;1;0
2020-08-19 09:14:58;94;28;38;2;5;2;8;2;0;1;0
2020-08-19 09:15:59;94;28;38;2;5;2;8;2;0;1;0
2020-08-19 09:16:58;94;28;38;2;5;2;8;2;0;1;0
2020-08-19 09:17:59;95;28;38;3;5;2;8;2;0;1;0
2020-08-19 09:18:58;95;28;38;3;5;2;8;2;0;1;0
2020-08-19 09:19:59;95;28;38;3;5;2;8;2;0;1;0
2020-08-19 09:20:59;95;28;38;3;5;2;8;2;0;1;0
2020-08-19 09:21:58;96;29;38;3;5;2;8;2;0;1;0
2020-08-19 09:22:59;96;29;38;3;5;2;8;2;0;1;0
2020-08-19 09:23:59;97;29;39;3;5;2;8;2;0;1;0
2020-08-19 09:24:58;97;29;39;3;5;2;8;2;0;1;0
2020-08-19 09:25:59;98;30;39;3;5;2;8;2;0;1;0
2020-08-19 09:26:58;99;30;40;3;5;2;8;2;0;1;0
2020-08-19 09:27:59;100;31;40;3;5;2;8;2;0;1;0
2020-08-19 09:28:58;100;31;40;3;5;2;8;2;0;1;0
2020-08-19 09:29:59;100;31;40;3;5;2;8;2;0;1;0
2020-08-19 09:30:59;100;31;40;3;5;2;8;2;0;1;0
2020-08-19 09:31:58;100;31;40;3;5;2;8;2;0;1;0
2020-08-19 09:32:59;100;31;40;3;5;2;8;2;0;1;0
2020-08-19 09:34:00;100;31;40;3;5;2;8;2;0;1;0
2020-08-19 09:34:58;100;31;40;3;5;2;8;2;0;1;0
2020-08-19 09:35:59;100;31;40;3;5;2;8;2;0;1;0
2020-08-19 09:36:58;100;31;40;3;5;2;8;2;0;1;0
2020-08-19 09:37:59;100;31;40;3;5;2;8;2;0;1;0
2020-08-19 09:38:59;100;31;40;3;5;2;8;2;0;1;0
2020-08-19 09:39:58;100;31;40;3;5;2;8;2;0;1;0
2020-08-19 09:40:59;100;31;40;3;5;2;8;2;0;1;0
2020-08-19 09:41:59;100;31;40;3;5;2;8;2;0;1;0
2020-08-19 09:42:58;100;31;40;3;5;2;8;2;0;1;0
2020-08-19 09:43:59;101;31;40;3;6;2;8;2;0;1;0
2020-08-19 09:44:59;101;31;40;3;6;2;8;2;0;1;0
2020-08-19 09:45:58;102;31;41;3;6;2;8;2;0;1;0
2020-08-19 09:46:59;102;31;41;3;6;2;8;2;0;1;0
2020-08-19 09:47:58;102;31;41;3;6;2;8;2;0;1;0
2020-08-19 09:48:59;102;31;41;3;6;2;8;2;0;1;0
2020-08-19 09:49:59;102;31;41;3;6;2;8;2;0;1;0
2020-08-19 09:50:58;104;31;42;3;6;2;8;2;0;0;1
2020-08-19 09:51:59;104;31;42;3;6;2;8;2;0;0;1
2020-08-19 09:52:58;105;32;42;3;6;3;7;2;0;0;1
2020-08-19 09:53:59;105;32;42;3;6;3;7;2;0;0;1
2020-08-19 09:54:59;106;32;43;3;6;3;7;2;0;0;1
2020-08-19 09:55:58;106;32;43;3;6;3;7;2;0;0;1
2020-08-19 09:56:59;106;32;43;3;6;3;7;2;0;0;1
2020-08-19 09:57:58;106;32;43;3;6;3;7;2;0;0;1
2020-08-19 09:58:59;106;32;43;3;6;3;7;2;0;0;1
2020-08-19 09:59:59;106;32;43;3;6;3;7;2;0;0;1
2020-08-19 10:00:58;107;32;43;3;6;3;7;2;1;1;0
2020-08-19 10:01:59;108;33;43;3;6;3;7;2;1;1;0
2020-08-19 10:02:59;110;33;43;4;6;3;8;2;1;1;0
2020-08-19 10:03:58;110;33;43;4;6;3;8;2;1;1;0
2020-08-19 10:04:59;111;33;44;4;6;3;8;2;1;1;0
2020-08-19 10:05:58;111;33;44;4;6;3;8;2;1;1;0
2020-08-19 10:06:59;113;33;45;4;6;3;8;2;0;2;0
2020-08-19 10:07:59;113;33;45;4;6;3;8;2;0;2;0
2020-08-19 10:08:58;113;33;45;4;6;3;8;2;0;2;0
2020-08-19 10:09:59;113;33;45;4;6;3;8;2;0;2;0
2020-08-19 10:10:58;113;33;45;4;6;3;8;2;0;2;0
2020-08-19 10:11:59;113;33;45;4;6;3;8;2;0;2;0
2020-08-19 10:12:58;113;33;45;4;6;3;8;2;0;2;0
2020-08-19 10:13:59;113;33;45;4;6;3;8;2;0;2;0
2020-08-19 10:14:58;113;33;45;4;6;3;8;2;0;2;0
2020-08-19 10:15:59;113;33;45;4;6;3;8;2;0;2;0
2020-08-19 10:16:59;114;33;45;5;6;3;8;2;0;2;0
2020-08-19 10:17:58;114;33;45;5;6;3;8;2;0;2;0
2020-08-19 10:18:59;114;33;45;5;6;3;8;2;0;2;0
2020-08-19 10:19:58;114;33;45;5;6;3;8;2;0;2;0
2020-08-19 10:20:59;114;33;45;5;6;3;8;2;0;2;0
2020-08-19 10:21:59;114;33;45;5;6;3;8;2;0;2;0
2020-08-19 10:22:58;114;33;45;5;6;3;8;2;0;2;0
2020-08-19 10:23:59;114;33;45;5;6;3;8;2;0;2;0
2020-08-19 10:24:59;114;33;45;5;6;3;8;2;0;2;0
2020-08-19 10:25:58;114;33;45;5;6;3;8;2;0;2;0
2020-08-19 10:26:59;114;33;45;5;6;3;8;2;0;2;0
2020-08-19 10:27:59;114;33;45;5;6;3;8;2;0;2;0
2020-08-19 10:28:58;115;33;46;5;6;3;8;2;0;2;0
2020-08-19 10:29:59;115;33;46;5;6;3;8;2;0;2;0
2020-08-19 10:30:59;115;33;46;5;6;3;8;2;0;2;0
2020-08-19 10:31:59;115;33;46;5;6;3;8;2;0;2;0
2020-08-19 10:32:58;115;33;46;5;6;3;8;2;0;2;0
2020-08-19 10:33:59;115;33;46;5;6;3;8;2;0;2;0
2020-08-19 10:34:58;115;33;46;5;6;3;8;2;0;2;0
2020-08-19 10:35:59;115;33;46;5;6;3;8;2;0;2;0
2020-08-19 10:36:59;115;33;46;5;6;3;8;2;0;2;0
2020-08-19 10:37:58;115;33;46;5;6;3;8;2;0;2;0
2020-08-19 10:38:59;115;33;46;5;6;3;8;2;0;2;0
2020-08-19 10:39:58;115;33;46;5;6;3;8;2;0;2;0
2020-08-19 10:40:59;115;33;46;5;6;3;8;2;0;2;0
2020-08-19 10:41:59;115;33;46;5;6;3;8;2;0;2;0
2020-08-19 10:42:58;115;33;46;5;6;3;8;2;0;2;0
2020-08-19 10:43:59;115;33;46;5;6;3;8;2;0;2;0
2020-08-19 10:44:59;115;33;46;5;6;3;8;2;0;2;0
2020-08-19 10:45:59;115;33;46;5;6;3;8;2;0;2;0
2020-08-19 10:46:59;116;33;46;5;7;3;8;2;0;2;0
2020-08-19 10:47:58;117;33;47;5;7;3;8;2;0;2;0
2020-08-19 10:48:59;117;33;47;5;7;3;8;2;0;2;0
2020-08-19 10:49:58;117;33;47;5;7;3;8;2;0;2;0
2020-08-19 10:50:59;117;33;47;5;7;3;8;2;0;2;0
2020-08-19 10:51:58;118;33;48;5;7;3;8;2;0;2;0
2020-08-19 10:52:59;118;33;48;5;7;3;8;2;0;2;0
2020-08-19 10:53:59;118;33;48;5;7;3;8;2;0;2;0
2020-08-19 10:54:58;120;34;49;5;7;3;8;2;0;2;0
2020-08-19 10:55:59;120;34;49;5;7;3;8;2;0;2;0
2020-08-19 10:56:58;120;34;50;5;7;3;8;2;0;2;0
2020-08-19 10:57:59;120;34;50;5;7;3;8;2;0;2;0
2020-08-19 10:59:00;120;34;50;5;7;3;8;2;0;2;0
2020-08-19 10:59:58;120;34;50;5;7;3;8;2;0;2;0
2020-08-19 11:00:59;120;34;50;5;7;3;8;2;0;2;0
2020-08-19 11:01:58;120;34;50;5;7;3;8;2;0;2;0
2020-08-19 11:02:59;120;34;50;5;7;3;8;2;0;2;0
2020-08-19 11:03:59;120;34;50;5;7;3;8;2;0;2;0
2020-08-19 11:04:58;121;34;51;5;7;3;8;2;0;2;0
2020-08-19 11:05:59;121;34;51;5;7;3;8;2;0;2;0
2020-08-19 11:06:58;122;35;51;5;7;3;8;2;0;2;0
2020-08-19 11:07:59;122;35;51;5;7;3;8;2;0;2;0
2020-08-19 11:08:58;123;36;51;5;7;3;8;2;0;2;0
2020-08-19 11:10:00;123;36;51;5;7;3;8;2;0;2;0
2020-08-19 11:10:58;123;36;51;5;7;3;8;2;0;2;0
2020-08-19 11:11:59;123;36;51;5;7;3;8;2;0;2;0
2020-08-19 11:12:58;123;36;51;5;7;3;8;2;0;2;0
2020-08-19 11:13:59;124;36;52;5;7;3;8;2;0;2;0
2020-08-19 11:14:58;124;36;52;5;7;3;8;2;0;2;0
2020-08-19 11:15:59;124;36;52;5;7;3;8;2;0;2;0
2020-08-19 11:16:58;124;36;52;5;7;3;8;2;0;2;0
2020-08-19 11:17:59;124;36;52;5;7;3;8;2;0;2;0
2020-08-19 11:18:59;124;36;52;5;7;3;8;2;0;2;0
2020-08-19 11:19:58;125;37;52;5;7;3;8;2;0;2;0
2020-08-19 11:20:59;125;37;52;5;7;3;8;2;0;2;0
2020-08-19 11:21:58;125;37;52;5;7;3;8;2;0;2;0
2020-08-19 11:22:59;125;37;52;5;7;3;8;2;0;2;0
2020-08-19 11:23:59;125;37;52;5;7;3;8;2;0;2;0
2020-08-19 11:24:58;126;37;53;5;7;3;8;2;0;2;0
2020-08-19 11:25:59;126;37;53;5;7;3;8;2;0;2;0
2020-08-19 11:26:59;126;37;53;5;7;3;8;2;0;2;0
2020-08-19 11:27:58;126;37;53;5;7;3;8;2;0;2;0
2020-08-19 11:28:59;126;37;53;5;7;3;8;2;0;2;0
2020-08-19 11:29:58;127;38;53;5;7;3;8;2;0;2;0
2020-08-19 11:30:59;127;38;53;5;7;3;8;2;0;2;0
2020-08-19 11:31:58;127;38;53;5;7;3;8;2;0;2;0
2020-08-19 11:32:59;127;38;53;5;7;3;8;2;0;2;0
2020-08-19 11:33:59;127;38;53;5;7;3;8;2;0;2;0
2020-08-19 11:34:58;127;38;53;5;7;3;8;2;0;2;0
2020-08-19 11:35:59;127;38;53;5;7;3;8;2;0;2;0
2020-08-19 11:36:59;128;39;53;5;7;3;8;2;0;2;0
2020-08-19 11:37:58;128;39;53;5;7;3;8;2;0;2;0
2020-08-19 11:38:59;128;39;53;5;7;3;8;2;0;2;0
2020-08-19 11:39:59;128;39;53;5;7;3;8;2;0;2;0
2020-08-19 11:40:58;128;39;53;5;7;3;8;2;0;2;0
2020-08-19 11:41:59;129;39;54;5;7;3;8;2;0;2;0
2020-08-19 11:42:58;129;39;54;5;7;3;8;2;0;2;0
2020-08-19 11:43:59;129;39;54;5;7;3;8;2;0;2;0
2020-08-19 11:44:58;129;39;54;5;7;3;8;2;0;2;0
2020-08-19 11:45:59;129;39;54;5;7;3;8;2;0;2;0
2020-08-19 11:46:59;129;39;54;5;7;3;8;2;0;2;0
2020-08-19 11:47:58;129;39;54;5;7;3;8;2;0;2;0
2020-08-19 11:48:59;129;39;54;5;7;3;8;2;0;2;0
2020-08-19 11:49:58;129;39;54;5;7;3;8;2;0;2;0
2020-08-19 11:50:59;129;39;54;5;7;3;8;2;0;2;0
2020-08-19 11:51:59;129;39;54;5;7;3;8;2;0;2;0
2020-08-19 11:52:58;130;40;54;5;7;3;8;2;0;2;0
2020-08-19 11:53:59;130;40;54;5;7;3;8;2;0;2;0
2020-08-19 11:54:59;131;41;54;5;7;3;8;2;0;2;0
2020-08-19 11:55:58;131;41;54;5;7;3;8;2;0;2;0
2020-08-19 11:56:59;131;41;54;5;7;3;8;2;0;2;0
2020-08-19 11:57:58;131;41;54;5;7;3;8;2;0;2;0
2020-08-19 11:58:59;131;41;54;5;7;3;8;2;0;2;0
2020-08-19 11:59:59;131;41;54;5;7;3;8;2;0;2;0
2020-08-19 12:00:58;131;41;54;5;7;3;8;2;0;2;0
2020-08-19 12:01:59;131;41;54;5;7;3;8;2;0;2;0
2020-08-19 12:02:59;132;42;54;5;7;3;8;2;0;2;0
2020-08-19 12:03:58;132;42;54;5;7;3;8;2;0;2;0
2020-08-19 12:04:59;132;42;54;5;7;3;8;2;0;2;0
2020-08-19 12:05:59;132;42;54;5;7;3;8;2;0;2;0
2020-08-19 12:06:58;132;42;54;5;7;3;8;2;0;2;0
2020-08-19 12:07:59;132;42;54;5;7;3;8;2;0;2;0
2020-08-19 12:08:58;133;42;54;5;7;4;8;2;0;2;0
2020-08-19 12:09:59;133;42;54;5;7;4;8;2;0;2;0
2020-08-19 12:10:59;133;42;54;5;7;4;8;2;0;2;0
2020-08-19 12:11:58;135;43;55;5;7;4;8;2;0;2;0
2020-08-19 12:12:59;135;43;55;5;7;4;8;2;0;2;0
2020-08-19 12:13:58;135;43;55;5;7;4;8;2;0;2;0
2020-08-19 12:14:59;135;43;55;5;7;4;8;2;0;2;0
2020-08-19 12:15:59;135;43;55;5;7;4;8;2;0;2;0
2020-08-19 12:16:58;135;43;55;5;7;4;8;2;0;2;0
2020-08-19 12:17:59;135;43;55;5;7;4;8;2;0;2;0
2020-08-19 12:18:59;135;43;55;5;7;4;8;2;0;2;0
2020-08-19 12:19:58;135;43;55;5;7;4;8;2;0;2;0
2020-08-19 12:20:59;135;43;55;5;7;4;8;2;0;2;0
2020-08-19 12:21:59;135;43;55;5;7;4;8;2;0;2;0
2020-08-19 12:22:58;135;43;55;5;7;4;8;2;0;2;0
2020-08-19 12:23:59;135;43;55;5;7;4;8;2;0;2;0
2020-08-19 12:24:59;136;44;55;5;7;4;8;2;0;2;0
2020-08-19 12:25:58;136;44;55;5;7;4;8;2;0;2;0
2020-08-19 12:26:59;136;44;55;5;7;4;8;2;0;2;0
2020-08-19 12:27:59;136;44;55;5;7;4;8;2;0;2;0
2020-08-19 12:28:58;136;44;55;5;7;4;8;2;0;2;0
2020-08-19 12:29:59;136;44;55;5;7;4;8;2;0;2;0
2020-08-19 12:30:59;136;44;55;5;7;4;8;2;0;2;0
2020-08-19 12:31:58;136;44;55;5;7;4;8;2;0;2;0
2020-08-19 12:32:59;137;44;56;5;7;4;8;2;0;2;0
2020-08-19 12:33:59;138;45;56;5;7;4;8;2;0;2;0
2020-08-19 12:34:59;139;45;57;5;7;4;8;2;0;2;0
2020-08-19 12:35:58;139;45;57;5;7;4;8;2;0;2;0
2020-08-19 12:36:59;139;45;57;5;7;4;8;2;0;2;0
2020-08-19 12:37:59;139;45;57;5;7;4;8;2;0;2;0
2020-08-19 12:38:58;140;45;58;5;7;4;8;2;0;2;0
2020-08-19 12:39:59;140;45;58;5;7;4;8;2;0;2;0
2020-08-19 12:40:59;140;45;58;5;7;4;8;2;0;2;0
2020-08-19 12:41:58;140;45;58;5;7;4;8;2;0;2;0
2020-08-19 12:42:59;140;45;58;5;7;4;8;2;0;2;0
2020-08-19 12:43:59;140;45;58;5;7;4;8;2;0;2;0
2020-08-19 12:44:58;140;45;58;5;7;4;8;2;0;2;0
2020-08-19 12:45:59;141;46;58;5;7;4;8;2;0;2;0
2020-08-19 12:46:59;141;46;58;5;7;4;8;2;0;2;0
2020-08-19 12:47:58;141;46;58;5;7;4;8;2;0;2;0
2020-08-19 12:48:59;141;46;58;5;7;4;8;2;0;2;0
2020-08-19 12:49:58;141;46;58;5;7;4;8;2;0;2;0
2020-08-19 12:50:59;141;46;58;5;7;4;8;2;0;2;0
2020-08-19 12:51:59;141;46;58;5;7;4;8;2;0;2;0
2020-08-19 12:52:58;141;46;58;5;7;4;8;2;0;2;0
2020-08-19 12:53:59;141;46;58;5;7;4;8;2;0;2;0
2020-08-19 12:54:58;141;46;58;5;7;4;8;2;0;2;0
2020-08-19 12:55:59;143;47;59;5;7;4;8;2;0;2;0
2020-08-19 12:56:59;143;47;59;5;7;4;8;2;0;2;0
2020-08-19 12:57:58;143;47;59;5;7;4;8;2;0;2;0
2020-08-19 12:58:59;144;48;59;5;7;4;8;2;0;2;0
2020-08-19 12:59:59;146;49;59;5;7;4;8;2;0;2;1
2020-08-19 13:00:58;147;49;59;5;7;4;8;2;0;2;1
2020-08-19 13:01:59;147;49;59;5;7;4;8;2;0;2;1
2020-08-19 13:02:59;148;50;59;5;7;4;8;2;0;2;1
2020-08-19 13:03:59;148;50;59;5;7;4;8;2;0;2;1
2020-08-19 13:04:58;148;50;59;5;7;4;8;2;0;2;1
2020-08-19 13:05:59;148;50;59;5;7;4;8;2;0;2;1
2020-08-19 13:06:58;148;50;59;5;7;4;8;2;0;2;1
2020-08-19 13:07:59;148;50;59;5;7;4;8;2;0;2;1
2020-08-19 13:08:59;148;50;59;5;7;4;8;2;0;2;1
2020-08-19 13:09:59;148;50;59;5;7;4;8;2;0;2;1
2020-08-19 13:10:58;148;50;59;5;7;4;8;2;0;2;1
2020-08-19 13:11:59;149;50;60;5;7;4;8;2;0;2;1
2020-08-19 13:12:59;149;50;60;5;7;4;8;2;0;2;1
2020-08-19 13:13:58;149;50;60;5;7;4;8;2;0;2;1
2020-08-19 13:14:59;150;50;60;5;7;4;8;2;0;2;1
2020-08-19 13:16:00;151;51;60;5;7;4;8;2;0;2;1
2020-08-19 13:16:58;151;51;60;5;7;4;8;2;0;2;1
2020-08-19 13:17:59;152;52;60;5;7;4;8;2;0;2;1
2020-08-19 13:18:58;152;52;60;5;7;4;8;2;0;2;1
2020-08-19 13:19:59;154;52;62;5;7;4;8;2;0;2;1
2020-08-19 13:20:59;155;53;62;5;7;4;8;2;0;2;1
2020-08-19 13:21:58;156;53;62;6;7;4;8;2;0;2;1
2020-08-19 13:22:59;156;53;62;6;7;4;8;2;0;2;1
2020-08-19 13:23:59;156;53;62;6;7;4;8;2;0;2;1
2020-08-19 13:24:58;157;53;63;6;7;4;8;2;0;2;1
2020-08-19 13:25:59;157;53;63;6;7;4;8;2;0;2;1
2020-08-19 13:26:59;159;54;63;7;7;4;8;2;0;2;1
2020-08-19 13:27:58;161;55;64;7;7;4;8;2;0;2;1
2020-08-19 13:28:59;161;55;64;7;7;4;8;2;0;2;1
2020-08-19 13:29:59;161;55;64;7;7;4;8;2;0;2;1
2020-08-19 13:30:58;162;56;64;7;7;4;8;2;0;2;1
2020-08-19 13:31:59;163;57;64;7;7;4;8;2;0;2;1
2020-08-19 13:32:59;163;57;64;7;7;4;8;2;0;2;1
2020-08-19 13:33:58;163;57;64;7;7;4;8;2;0;2;1
2020-08-19 13:34:59;163;57;64;7;7;4;8;2;0;2;1
2020-08-19 13:36:00;164;57;65;7;7;4;8;2;0;2;1
2020-08-19 13:36:58;164;57;65;7;7;4;8;2;0;2;1
2020-08-19 13:37:59;165;58;65;7;7;4;8;2;0;2;1
2020-08-19 13:38:58;165;58;65;7;7;4;8;2;0;2;1
2020-08-19 13:39:59;165;58;65;7;7;4;8;2;0;2;1
2020-08-19 13:40:59;166;59;65;7;7;4;8;2;0;2;1
2020-08-19 13:41:58;166;60;65;7;7;4;8;2;1;2;0
2020-08-19 13:42:59;166;60;65;7;7;4;8;2;1;2;0
2020-08-19 13:43:59;168;61;66;7;7;4;8;2;1;2;0
2020-08-19 13:45:00;168;61;66;7;7;4;8;2;1;2;0
2020-08-19 13:45:58;168;61;66;7;7;4;8;2;1;2;0
2020-08-19 13:46:59;168;61;66;7;7;4;8;2;1;2;0
2020-08-19 13:47:59;168;61;66;7;7;4;8;2;1;2;0
2020-08-19 13:48:58;168;61;66;7;7;4;8;2;1;2;0
2020-08-19 13:49:59;168;61;66;7;7;4;8;2;1;2;0
2020-08-19 13:50:59;168;61;66;7;7;4;8;2;1;2;0
2020-08-19 13:51:58;168;61;66;7;7;4;8;2;1;2;0
2020-08-19 13:52:59;168;61;66;7;7;4;8;2;1;2;0
2020-08-19 13:53:59;170;62;67;7;7;4;8;2;1;2;0
2020-08-19 13:55:00;170;62;67;7;7;4;8;2;1;2;0
2020-08-19 13:55:59;170;62;67;7;7;4;8;2;1;2;0
2020-08-19 13:56:59;171;62;68;7;7;4;8;2;1;2;0
2020-08-19 13:57:59;171;62;68;7;7;4;8;2;1;2;0
2020-08-19 13:58:59;171;62;68;7;7;4;8;2;1;2;0
2020-08-19 13:59:58;171;62;68;7;7;4;8;2;1;2;0
2020-08-19 14:00:59;171;63;67;7;7;4;8;2;1;2;0
2020-08-19 14:01:58;171;63;67;7;7;4;8;2;1;2;0
2020-08-19 14:02:59;171;63;67;7;7;4;8;2;1;2;0
2020-08-19 14:03:59;173;64;68;7;7;4;8;2;1;2;0
2020-08-19 14:04:59;173;64;68;7;7;4;8;2;1;2;0
2020-08-19 14:05:58;173;64;68;7;7;4;8;2;1;2;0
2020-08-19 14:06:59;173;64;68;7;7;4;8;2;1;2;0
2020-08-19 14:07:59;173;64;68;7;7;4;8;2;1;2;0
2020-08-19 14:08:58;174;65;68;7;7;4;8;2;1;2;0
2020-08-19 14:09:59;174;65;68;7;7;4;8;2;1;2;0
2020-08-19 14:10:59;174;65;68;7;7;4;8;2;1;2;0
2020-08-19 14:11:58;174;65;68;7;7;4;8;2;1;2;0
2020-08-19 14:12:59;174;65;68;7;7;4;8;2;1;2;0
2020-08-19 14:13:59;174;65;68;7;7;4;8;2;1;2;0
2020-08-19 14:14:58;175;65;69;7;7;4;8;2;1;2;0
2020-08-19 14:15:59;175;65;69;7;7;4;8;2;1;2;0
2020-08-19 14:16:59;175;65;69;7;7;4;8;2;1;2;0
2020-08-19 14:17:58;175;65;69;7;7;4;8;2;1;2;0
2020-08-19 14:18:59;175;65;69;7;7;4;8;2;1;2;0
2020-08-19 14:19:59;175;65;69;7;7;4;8;2;1;2;0
2020-08-19 14:20:58;176;66;69;7;7;4;8;2;1;2;0
2020-08-19 14:21:59;176;66;69;7;7;4;8;2;1;2;0
2020-08-19 14:22:59;176;66;69;7;7;4;8;2;1;2;0
2020-08-19 14:23:59;176;66;69;7;7;4;8;2;1;2;0
2020-08-19 14:24:58;176;66;69;7;7;4;8;2;1;2;0
2020-08-19 14:25:59;176;66;69;7;7;4;8;2;1;2;0
2020-08-19 14:26:59;177;67;69;7;7;4;8;2;1;2;0
2020-08-19 14:27:58;177;67;69;7;7;4;8;2;1;2;0
2020-08-19 14:28:59;177;67;69;7;7;4;8;2;1;2;0
2020-08-19 14:29:59;177;67;69;7;7;4;8;2;1;2;0
2020-08-19 14:30:58;177;67;69;7;7;4;8;2;1;2;0
2020-08-19 14:31:59;179;68;70;7;7;4;8;2;1;2;0
2020-08-19 14:32:59;179;68;70;7;7;4;8;2;1;2;0
2020-08-19 14:33:59;179;68;70;7;7;4;8;2;1;2;0
2020-08-19 14:34:59;179;68;70;7;7;4;8;2;1;2;0
2020-08-19 14:35:58;179;68;70;7;7;4;8;2;1;2;0
2020-08-19 14:36:59;179;68;70;7;7;4;8;2;1;2;0
2020-08-19 14:37:59;179;68;70;7;7;4;8;2;1;2;0
2020-08-19 14:38:58;179;68;70;7;7;4;8;2;1;2;0
2020-08-19 14:39:59;180;68;71;7;7;4;8;2;1;2;0
2020-08-19 14:40:59;181;69;71;7;7;4;8;2;1;2;0
2020-08-19 14:41:58;181;69;71;7;7;4;8;2;1;2;0
2020-08-19 14:42:59;181;69;71;7;7;4;8;2;1;2;0
2020-08-19 14:43:59;181;69;71;7;7;4;8;2;1;2;0
2020-08-19 14:44:58;181;69;71;7;7;4;8;2;1;2;0
2020-08-19 14:45:59;181;69;71;7;7;4;8;2;1;2;0
2020-08-19 14:46:59;181;69;71;7;7;4;8;2;1;2;0
2020-08-19 14:47:58;182;70;71;7;7;4;8;2;1;2;0
2020-08-19 14:48:59;183;71;71;7;7;4;8;2;1;2;0
2020-08-19 14:49:59;183;71;71;7;7;4;8;2;1;2;0
2020-08-19 14:50:58;183;71;71;7;7;4;8;2;1;2;0
2020-08-19 14:51:59;183;71;71;7;7;4;8;2;1;2;0
2020-08-19 14:52:59;184;71;72;7;7;4;8;2;1;2;0
2020-08-19 14:53:58;184;71;72;7;7;4;8;2;1;2;0
2020-08-19 14:54:59;184;71;72;7;7;4;8;2;1;2;0
2020-08-19 14:55:59;186;73;72;7;7;4;8;2;1;2;0
2020-08-19 14:56:58;186;74;72;7;7;4;7;2;1;2;0
2020-08-19 14:57:59;187;74;73;7;7;4;7;2;1;2;0
2020-08-19 14:58:59;187;74;73;7;7;4;7;2;1;2;0
2020-08-19 14:59:58;187;74;73;7;7;4;7;2;1;2;0
2020-08-19 15:00:59;189;74;75;7;7;4;7;2;1;2;0
2020-08-19 15:01:59;190;75;76;7;6;4;7;2;1;2;0
2020-08-19 15:02:58;190;75;76;7;6;4;7;2;1;2;0
2020-08-19 15:03:59;191;76;76;7;6;4;7;2;1;2;0
2020-08-19 15:04:58;192;76;77;7;6;4;7;2;1;2;0
2020-08-19 15:05:59;193;77;77;7;6;4;7;2;1;2;0
2020-08-19 15:06:58;194;78;77;7;6;4;7;2;1;2;0
2020-08-19 15:07:59;195;78;78;7;6;4;7;2;1;2;0
2020-08-19 15:08:59;197;78;80;7;6;4;7;2;1;2;0
2020-08-19 15:09:58;197;78;80;7;6;4;7;2;1;2;0
2020-08-19 15:10:59;197;78;80;7;6;4;7;2;1;2;0
2020-08-19 15:11:59;198;78;81;7;6;4;7;2;1;2;0
2020-08-19 15:12:58;199;78;82;7;6;4;7;2;1;2;0
2020-08-19 15:13:59;199;78;82;7;6;4;7;2;1;2;0
2020-08-19 15:14:59;200;78;83;7;6;4;7;2;1;2;0
2020-08-19 15:15:58;202;79;84;7;6;4;7;2;1;2;0
2020-08-19 15:16:59;202;79;84;7;6;4;7;2;1;2;0
2020-08-19 15:17:58;202;79;84;7;6;4;7;2;1;2;0
2020-08-19 15:18:59;202;79;84;7;6;4;7;2;1;2;0
2020-08-19 15:19:59;202;79;84;7;6;4;7;2;1;2;0
2020-08-19 15:20:58;202;79;84;7;6;4;7;2;1;2;0
2020-08-19 15:21:59;202;79;84;7;6;4;7;2;1;2;0
2020-08-19 15:22:59;203;80;84;7;6;4;7;2;1;2;0
2020-08-19 15:23:58;204;81;84;7;6;4;7;2;1;2;0
2020-08-19 15:24:59;206;81;86;7;6;4;7;2;1;2;0
2020-08-19 15:25:59;206;81;86;7;6;4;7;2;1;2;0
2020-08-19 15:26:58;206;81;86;7;6;4;7;2;1;2;0
2020-08-19 15:27:59;206;81;86;7;6;4;7;2;1;2;0
2020-08-19 15:28:59;206;81;86;7;6;4;7;2;1;2;0
2020-08-19 15:29:58;207;82;86;7;6;4;7;2;1;2;0
2020-08-19 15:30:59;208;82;87;7;6;4;7;2;1;2;0
2020-08-19 15:31:59;208;82;87;7;6;4;7;2;1;2;0
2020-08-19 15:32:58;208;82;87;7;6;4;7;2;1;2;0
2020-08-19 15:33:59;210;84;87;7;6;4;7;2;1;2;0
2020-08-19 15:34:59;210;84;87;7;6;4;7;2;1;2;0
2020-08-19 15:35:58;210;85;87;7;5;4;7;2;1;2;0
2020-08-19 15:36:59;210;85;87;7;5;4;7;2;1;2;0
2020-08-19 15:37:59;210;85;87;7;5;4;7;2;1;2;0
2020-08-19 15:38:58;210;85;87;7;5;4;7;2;1;2;0
2020-08-19 15:39:59;210;85;87;7;5;4;7;2;1;2;0
2020-08-19 15:40:59;213;87;87;7;5;4;7;2;0;2;1
2020-08-19 15:41:58;214;88;87;7;5;4;7;2;0;2;1
2020-08-19 15:42:59;215;89;87;7;5;4;7;2;0;2;1
2020-08-19 15:43:59;215;89;87;7;5;4;7;2;0;2;1
2020-08-19 15:44:58;215;89;87;7;5;4;7;2;0;2;1
2020-08-19 15:45:59;217;89;88;7;5;4;7;2;2;2;1
2020-08-19 15:46:59;217;89;88;7;5;4;7;2;2;2;1
2020-08-19 15:47:58;217;89;88;7;5;4;7;2;2;2;1
2020-08-19 15:48:59;218;90;88;7;5;4;7;2;2;2;1
2020-08-19 15:49:59;219;90;89;7;5;4;7;2;2;2;1
2020-08-19 15:50:58;219;90;89;7;5;4;7;2;2;2;1
2020-08-19 15:51:59;219;90;89;7;5;4;7;2;2;2;1
2020-08-19 15:52:59;220;90;90;7;5;4;7;2;2;2;1
2020-08-19 15:53:58;220;90;90;7;5;4;7;2;2;2;1
2020-08-19 15:54:59;221;90;91;7;5;4;7;2;2;2;1
2020-08-19 15:55:58;221;90;91;7;5;4;7;2;2;2;1
2020-08-19 15:56:59;222;90;92;7;5;4;7;2;2;2;1
2020-08-19 15:57:59;221;90;91;7;5;4;7;2;2;2;1
2020-08-19 15:58:58;223;91;92;7;5;4;7;2;2;2;1
2020-08-19 15:59:59;223;91;92;7;5;4;7;2;2;2;1
2020-08-19 16:00:59;223;91;92;7;5;4;7;2;2;2;1
2020-08-19 16:01:58;224;92;92;7;5;4;7;2;2;2;1
2020-08-19 16:02:59;225;92;93;7;5;4;7;2;2;2;1
2020-08-19 16:03:58;226;92;94;7;5;4;7;2;2;2;1
2020-08-19 16:04:59;226;92;94;7;5;4;7;2;2;2;1
2020-08-19 16:05:59;226;92;94;7;5;4;7;2;2;2;1
2020-08-19 16:06:59;226;92;94;7;5;4;7;2;2;2;1
2020-08-19 16:07:58;226;92;94;7;5;4;7;2;2;2;1
2020-08-19 16:08:59;226;92;94;7;5;4;7;2;2;2;1
2020-08-19 16:09:59;226;92;94;7;5;4;7;2;2;2;1
2020-08-19 16:10:58;226;92;94;7;5;4;7;2;2;2;1
2020-08-19 16:11:59;226;92;94;7;5;4;7;2;2;2;1
2020-08-19 16:12:59;226;92;94;7;5;4;7;2;2;2;1
2020-08-19 16:13:59;226;92;94;7;5;4;7;2;2;2;1
2020-08-19 16:14:58;226;92;94;7;5;4;7;2;2;2;1
2020-08-19 16:15:59;227;92;95;7;5;4;7;2;2;2;1
2020-08-19 16:16:59;227;92;95;7;5;4;7;2;2;2;1
2020-08-19 16:17:58;227;92;95;7;5;4;7;2;2;2;1
2020-08-19 16:18:59;227;92;95;7;5;4;7;2;2;2;1
2020-08-19 16:19:59;227;92;95;7;5;4;7;2;2;2;1
2020-08-19 16:20:58;227;92;95;7;5;4;7;2;2;2;1
2020-08-19 16:21:59;228;92;96;7;5;4;7;2;2;2;1
2020-08-19 16:22:58;228;92;96;7;5;4;7;2;2;2;1
2020-08-19 16:23:59;228;92;96;7;5;4;7;2;2;2;1
2020-08-19 16:24:59;228;92;96;7;5;4;7;2;2;2;1
2020-08-19 16:25:58;229;93;96;7;5;4;7;2;2;2;1
2020-08-19 16:26:59;229;93;96;7;5;4;7;2;2;2;1
2020-08-19 16:27:59;229;93;96;7;5;4;7;2;2;2;1
2020-08-19 16:28:58;229;93;96;7;5;4;7;2;2;2;1
2020-08-19 16:29:59;229;93;96;7;5;4;7;2;2;2;1
2020-08-19 16:30:59;229;93;96;7;5;4;7;2;2;2;1
2020-08-19 16:31:58;230;93;97;7;5;4;7;2;2;2;1
2020-08-19 16:32:59;230;93;97;7;5;4;7;2;2;2;1
2020-08-19 16:33:59;230;93;97;7;5;4;7;2;2;2;1
2020-08-19 16:34:58;230;93;97;7;5;4;7;2;2;2;1
2020-08-19 16:35:59;230;93;97;7;5;4;7;2;2;2;1
2020-08-19 16:36:59;230;93;97;7;5;4;7;2;2;2;1
2020-08-19 16:37:58;230;93;97;7;5;4;7;2;2;2;1
2020-08-19 16:38:59;231;93;98;7;5;4;7;2;2;2;1
2020-08-19 16:39:59;232;93;99;7;5;4;7;2;2;2;1
2020-08-19 16:40:58;232;93;99;7;5;4;7;2;2;2;1
2020-08-19 16:41:59;232;93;99;7;5;4;7;2;2;2;1
2020-08-19 16:42:59;232;93;99;7;5;4;7;2;2;2;1
2020-08-19 16:43:58;232;93;99;7;5;4;7;2;2;2;1
2020-08-19 16:44:59;233;94;99;7;5;4;7;2;2;2;1
2020-08-19 16:45:59;233;94;99;7;5;4;7;2;2;2;1
2020-08-19 16:47:00;233;94;99;7;5;4;7;2;2;2;1
2020-08-19 16:47:58;233;94;99;7;5;4;7;2;2;2;1
2020-08-19 16:48:59;233;94;99;7;5;4;7;2;2;2;1
2020-08-19 16:49:58;234;96;99;6;5;4;7;2;2;2;1
2020-08-19 16:50:59;234;96;99;6;5;4;7;2;2;2;1
2020-08-19 16:51:59;234;96;99;6;5;4;7;2;2;2;1
2020-08-19 16:52:59;234;96;99;6;5;4;7;2;2;2;1
2020-08-19 16:53:58;234;96;99;6;5;4;7;2;2;2;1
2020-08-19 16:54:59;234;96;99;6;5;4;7;2;2;2;1
2020-08-19 16:55:59;234;96;99;6;5;4;7;2;2;2;1
2020-08-19 16:56:58;234;96;99;6;5;4;7;2;2;2;1
2020-08-19 16:57:59;235;96;100;6;5;4;7;2;2;2;1
2020-08-19 16:58:59;236;97;100;6;5;4;7;2;2;2;1
2020-08-19 16:59:58;236;97;100;6;5;4;7;2;2;2;1
2020-08-19 17:00:59;237;98;100;6;5;4;7;2;2;2;1
2020-08-19 17:01:59;237;98;100;6;5;4;7;2;2;2;1
2020-08-19 17:02:58;237;98;100;6;5;4;7;2;2;2;1
2020-08-19 17:03:59;237;98;100;6;5;4;7;2;2;2;1
2020-08-19 17:04:59;239;99;101;6;5;4;7;2;2;2;1
2020-08-19 17:05:58;239;99;101;6;5;4;7;2;2;2;1
2020-08-19 17:06:59;239;99;101;6;5;4;7;2;2;2;1
2020-08-19 17:07:59;239;99;101;6;5;4;7;2;2;2;1
2020-08-19 17:08:58;239;99;101;6;5;4;7;2;2;2;1
2020-08-19 17:09:59;241;100;102;6;5;4;7;2;2;2;1
2020-08-19 17:10:59;241;100;102;6;5;4;7;2;2;2;1
2020-08-19 17:11:59;241;100;102;6;5;4;7;2;2;2;1
2020-08-19 17:12:58;241;100;102;6;5;4;7;2;2;2;1
2020-08-19 17:13:59;241;100;102;6;5;4;7;2;2;2;1
2020-08-19 17:14:59;242;100;103;6;5;4;7;2;2;2;1
2020-08-19 17:15:58;243;100;104;6;5;4;7;2;2;2;1
2020-08-19 17:16:59;244;101;104;6;5;4;7;2;2;2;1
2020-08-19 17:17:59;245;102;104;6;5;4;7;2;2;2;1
2020-08-19 17:18:58;245;102;104;6;5;4;7;2;2;2;1
2020-08-19 17:19:59;246;103;104;6;5;4;7;2;2;2;1
2020-08-19 17:20:59;246;103;104;6;5;4;7;2;2;2;1
2020-08-19 17:21:58;246;103;104;6;5;4;7;2;2;2;1
2020-08-19 17:22:59;246;103;104;6;5;4;7;2;2;2;1
2020-08-19 17:23:59;247;104;104;6;5;4;7;2;2;2;1
2020-08-19 17:24:58;247;104;104;6;5;4;7;2;2;2;1
2020-08-19 17:25:59;248;105;104;6;5;4;7;2;2;2;1
2020-08-19 17:26:59;248;105;104;6;5;4;7;2;2;2;1
2020-08-19 17:27:59;249;105;105;6;5;4;7;2;2;2;1
2020-08-19 17:28:58;249;105;105;6;5;4;7;2;2;2;1
2020-08-19 17:29:59;249;105;105;6;5;4;7;2;2;2;1
2020-08-19 17:30:58;250;106;105;6;5;4;7;2;2;2;1
2020-08-19 17:31:59;250;106;105;6;5;4;7;2;2;2;1
2020-08-19 17:32:59;250;106;105;6;5;4;7;2;2;2;1
2020-08-19 17:33:58;250;106;105;6;5;4;7;2;2;2;1
2020-08-19 17:34:59;250;106;105;6;5;4;7;2;2;2;1
2020-08-19 17:35:59;250;106;105;6;5;4;7;2;2;2;1
2020-08-19 17:36:58;250;106;105;6;5;4;7;2;2;2;1
2020-08-19 17:37:59;250;106;105;6;5;4;7;2;2;2;1
2020-08-19 17:38:59;250;106;105;6;5;4;7;2;2;2;1
2020-08-19 17:39:58;250;106;105;6;5;4;7;2;2;2;1
2020-08-19 17:40:59;250;106;105;6;5;4;7;2;2;2;1
2020-08-19 17:41:59;250;106;105;6;5;4;7;2;2;2;1
2020-08-19 17:42:58;251;107;106;6;5;4;6;2;2;2;1
2020-08-19 17:43:59;251;107;106;6;5;4;6;2;2;2;1
2020-08-19 17:44:58;251;107;106;6;5;4;6;2;2;2;1
2020-08-19 17:45:59;252;107;107;6;5;4;6;2;2;2;1
2020-08-19 17:46:59;253;108;107;6;5;4;6;2;2;2;1
2020-08-19 17:47:58;253;108;107;6;5;4;6;2;2;2;1
2020-08-19 17:48:59;253;108;107;6;5;4;6;2;2;2;1
2020-08-19 17:49:59;253;108;107;6;5;4;6;2;2;2;1
2020-08-19 17:50:58;253;108;107;6;5;4;6;2;2;2;1
2020-08-19 17:51:59;253;108;107;6;5;4;6;2;2;2;1
2020-08-19 17:52:59;255;108;109;6;5;4;6;2;2;2;1
2020-08-19 17:53:58;255;107;109;6;6;4;6;2;2;2;1
2020-08-19 17:54:59;256;108;109;6;6;4;6;2;2;2;1
2020-08-19 17:55:59;257;108;110;6;6;4;6;2;2;2;1
2020-08-19 17:56:58;258;109;110;6;6;4;6;2;2;2;1
2020-08-19 17:57:59;259;110;110;6;6;4;6;2;2;2;1
2020-08-19 17:58:58;259;110;110;6;6;4;6;2;2;2;1
2020-08-19 17:59:59;259;109;111;6;6;4;6;2;2;2;1
2020-08-19 18:00:59;259;109;110;6;6;5;6;2;2;2;1
2020-08-19 18:01:58;260;109;110;6;6;5;6;2;2;2;0
2020-08-19 18:02:59;260;109;110;6;6;5;6;2;2;2;0
2020-08-19 18:03:59;260;109;110;6;6;5;6;2;2;2;0
2020-08-19 18:04:58;260;109;110;6;6;5;6;2;2;2;0
2020-08-19 18:05:59;260;109;110;6;6;5;6;2;2;2;0
2020-08-19 18:06:59;260;109;110;6;6;5;6;2;2;2;0
2020-08-19 18:07:58;260;109;110;6;6;5;6;2;2;2;0
2020-08-19 18:08:59;260;109;110;6;6;5;6;2;2;2;0
2020-08-19 18:09:59;260;109;110;6;6;5;6;2;2;2;0
2020-08-19 18:10:58;260;109;110;6;6;5;6;2;2;2;0
2020-08-19 18:11:59;261;109;110;6;6;5;6;2;2;2;0
2020-08-19 18:12:59;262;109;111;6;6;5;6;2;2;2;0
2020-08-19 18:13:58;263;109;112;6;6;5;6;2;2;2;0
2020-08-19 18:14:59;263;109;112;6;6;5;6;2;2;2;0
2020-08-19 18:15:59;263;109;112;6;6;5;6;2;2;2;0
2020-08-19 18:16:58;263;109;112;6;6;5;6;2;2;2;0
2020-08-19 18:17:59;263;109;112;6;6;5;6;2;2;2;0
2020-08-19 18:18:59;263;109;112;6;6;5;6;2;2;2;0
2020-08-19 18:19:58;263;109;112;6;6;5;6;2;2;2;0
2020-08-19 18:20:59;263;109;112;6;6;5;6;2;2;2;0
2020-08-19 18:21:59;263;109;112;6;6;5;6;2;2;2;0
2020-08-19 18:22:58;263;109;112;6;6;5;6;2;2;2;0
2020-08-19 18:23:59;263;109;112;6;6;5;6;2;2;2;0
2020-08-19 18:24:59;263;109;112;6;6;5;6;2;2;2;0
2020-08-19 18:25:58;263;109;112;6;6;5;6;2;2;2;0
2020-08-19 18:26:59;263;109;112;6;6;5;6;2;2;2;0
2020-08-19 18:27:58;264;110;112;6;6;5;6;2;2;2;0
2020-08-19 18:28:59;264;110;112;6;6;5;6;2;2;2;0
2020-08-19 18:29:58;264;110;112;6;6;5;6;2;2;2;0
2020-08-19 18:30:59;264;110;112;6;6;5;6;2;2;2;0
2020-08-19 18:31:59;264;110;112;6;6;5;6;2;2;2;0
2020-08-19 18:32:58;264;110;112;6;6;5;6;2;2;2;0
2020-08-19 18:33:59;264;110;112;6;6;5;6;2;2;2;0
2020-08-19 18:34:59;264;110;112;6;6;5;6;2;2;2;0
2020-08-19 18:35:59;265;111;112;6;6;5;6;2;2;2;0
2020-08-19 18:36:58;265;111;112;6;6;5;6;2;2;2;0
2020-08-19 18:37:59;267;112;113;6;6;5;6;2;2;2;0
2020-08-19 18:38:59;267;112;113;6;6;5;6;2;2;2;0
2020-08-19 18:39:58;267;112;113;6;6;5;6;2;2;2;0
2020-08-19 18:40:59;267;112;113;6;6;5;6;2;2;2;0
2020-08-19 18:41:58;268;113;113;6;6;5;6;2;2;2;0
2020-08-19 18:42:59;268;113;113;6;6;5;6;2;2;2;0
2020-08-19 18:43:59;269;113;114;6;6;5;6;2;2;2;0
2020-08-19 18:44:58;270;113;114;6;6;5;6;3;2;2;0
2020-08-19 18:45:59;270;113;114;6;6;5;6;3;2;2;0
2020-08-19 18:46:59;270;113;114;6;6;5;6;3;2;2;0
2020-08-19 18:47:58;272;114;114;7;6;5;6;3;2;2;0
2020-08-19 18:48:59;274;114;116;7;6;5;6;3;2;2;0
2020-08-19 18:49:58;275;114;117;7;6;5;6;3;2;2;0
2020-08-19 18:50:59;276;115;117;7;6;5;6;3;2;2;0
2020-08-19 18:51:59;276;115;117;7;6;5;6;3;2;2;0
2020-08-19 18:52:58;276;115;117;7;6;5;6;3;2;2;0
2020-08-19 18:53:59;276;115;117;7;6;5;6;3;2;2;0
2020-08-19 18:54:59;276;115;117;7;6;5;6;3;2;2;0
2020-08-19 18:55:58;277;115;117;8;6;5;6;3;2;2;0
2020-08-19 18:56:59;277;115;117;8;6;5;6;3;2;2;0
2020-08-19 18:57:59;279;117;117;8;6;5;6;3;2;2;0
2020-08-19 18:58:59;281;117;119;8;6;5;6;3;2;2;0
2020-08-19 18:59:58;282;117;120;8;6;5;6;3;2;2;0
2020-08-19 19:00:59;282;117;120;8;6;5;6;3;2;2;0
2020-08-19 19:01:59;283;117;121;8;6;5;6;3;2;2;0
2020-08-19 19:02:58;284;117;122;8;6;5;6;3;2;2;0
2020-08-19 19:03:59;286;119;122;8;6;5;6;3;2;2;0
2020-08-19 19:04:59;286;119;122;8;6;5;6;3;2;2;0
2020-08-19 19:05:58;286;119;122;8;6;5;6;3;2;2;0
2020-08-19 19:06:59;287;120;122;8;6;5;6;3;2;2;0
2020-08-19 19:07:58;287;120;122;8;6;5;6;3;2;2;0
2020-08-19 19:08:59;287;120;122;8;6;5;6;3;2;2;0
2020-08-19 19:09:59;288;120;123;8;6;5;6;3;2;2;0
2020-08-19 19:10:58;288;120;123;8;6;5;6;3;2;2;0
2020-08-19 19:11:59;288;120;123;8;6;5;6;3;2;2;0
2020-08-19 19:12:59;288;120;123;8;6;5;6;3;2;2;0
2020-08-19 19:13:58;289;120;124;8;6;5;6;3;2;2;0
2020-08-19 19:14:59;289;120;124;8;6;5;6;3;2;2;0
2020-08-19 19:15:59;289;120;124;8;6;5;6;3;2;2;0
2020-08-19 19:16:58;289;120;124;8;6;5;6;3;2;2;0
2020-08-19 19:17:59;289;120;124;8;6;5;6;3;2;2;0
2020-08-19 19:18:59;289;120;124;8;6;5;6;3;2;2;0
2020-08-19 19:19:58;289;120;124;8;6;5;6;3;2;2;0
2020-08-19 19:20:59;289;120;124;8;6;5;6;3;2;2;0
2020-08-19 19:21:59;289;120;124;8;6;5;6;3;2;2;0
2020-08-19 19:22:58;289;120;124;8;6;5;6;3;2;2;0
2020-08-19 19:23:59;289;120;124;8;6;5;6;3;2;2;0
2020-08-19 19:24:59;289;120;124;8;6;5;6;3;2;2;0
2020-08-19 19:25:58;289;120;124;8;6;5;6;3;2;2;0
2020-08-19 19:26:59;289;120;124;8;6;5;6;3;2;2;0
2020-08-19 19:27:59;289;120;124;8;6;5;6;3;2;2;0
2020-08-19 19:28:58;289;120;124;8;6;5;6;3;2;2;0
2020-08-19 19:29:59;289;120;124;8;6;5;6;3;2;2;0
2020-08-19 19:30:59;291;121;125;8;6;5;6;3;2;2;0
2020-08-19 19:31:58;291;121;125;8;6;5;6;3;2;2;0
2020-08-19 19:32:59;292;121;126;8;6;5;6;3;2;2;0
2020-08-19 19:33:58;292;121;126;8;6;5;6;3;2;2;0
2020-08-19 19:34:59;293;121;127;8;6;5;6;3;2;2;0
2020-08-19 19:35:59;293;121;127;8;6;5;6;3;2;2;0
2020-08-19 19:36:58;293;121;127;8;6;5;6;3;2;2;0
2020-08-19 19:37:59;294;122;127;8;6;5;6;3;2;2;0
2020-08-19 19:38:59;294;122;127;8;6;5;6;3;2;2;0
2020-08-19 19:39:59;294;122;127;8;6;5;6;3;2;2;0
2020-08-19 19:40:58;295;123;127;8;6;5;6;3;2;2;0
2020-08-19 19:41:59;295;123;127;8;6;5;6;3;2;2;0
2020-08-19 19:42:58;295;123;127;8;6;5;6;3;2;2;0
2020-08-19 19:43:59;295;123;127;8;6;5;6;3;2;2;0
2020-08-19 19:44:59;296;123;127;8;6;5;6;3;2;2;0
2020-08-19 19:45:58;296;123;127;8;6;5;6;3;2;2;0
2020-08-19 19:46:59;296;123;127;8;6;5;6;3;2;2;0
2020-08-19 19:47:59;298;124;128;8;6;5;6;3;2;2;0
2020-08-19 19:48:59;300;125;128;8;6;5;6;4;2;2;0
2020-08-19 19:49:58;300;125;128;8;6;5;6;4;2;2;0
2020-08-19 19:50:59;300;125;128;8;6;5;6;4;2;2;0
2020-08-19 19:51:59;300;125;128;8;6;5;6;4;2;2;0
2020-08-19 19:52:58;300;125;128;8;6;5;6;4;2;2;0
2020-08-19 19:53:59;300;125;128;8;6;5;6;4;2;2;0
2020-08-19 19:54:58;301;126;128;8;6;5;6;4;2;2;0
2020-08-19 19:55:59;302;126;129;8;6;5;6;4;2;2;0
2020-08-19 19:56:59;302;126;129;8;6;5;6;4;2;2;0
2020-08-19 19:57:58;302;126;129;8;6;5;6;4;2;2;0
2020-08-19 19:58:59;302;126;129;8;6;5;6;4;2;2;0
2020-08-19 19:59:58;302;126;129;8;6;5;6;4;2;2;0
2020-08-19 20:00:59;303;127;129;8;6;5;6;4;2;2;0
2020-08-19 20:01:59;304;128;129;8;6;5;6;4;2;2;0
2020-08-19 20:02:59;304;129;129;8;6;5;5;4;2;2;0
2020-08-19 20:03:58;304;129;129;8;6;5;5;4;2;2;0
2020-08-19 20:04:59;304;129;129;8;6;5;5;4;2;2;0
2020-08-19 20:05:59;305;130;129;8;6;5;5;4;2;2;0
2020-08-19 20:06:58;311;134;131;8;6;5;5;4;2;2;0
2020-08-19 20:07:59;311;134;131;8;6;5;5;4;2;2;0
2020-08-19 20:08:58;315;136;133;8;6;5;5;4;2;2;0
2020-08-19 20:09:59;316;136;134;8;6;5;5;4;2;2;0
2020-08-19 20:10:59;317;137;134;8;6;5;5;4;2;2;0
2020-08-19 20:11:59;319;138;135;8;6;5;5;4;2;2;0
2020-08-19 20:12:58;321;138;137;8;6;5;5;4;2;2;0
2020-08-19 20:13:59;321;139;137;8;6;5;5;4;2;2;0
2020-08-19 20:14:59;323;141;137;8;6;5;5;4;2;2;0
2020-08-19 20:15:58;324;141;138;8;6;5;5;4;2;2;0
2020-08-19 20:16:59;325;141;139;8;6;5;5;4;2;2;0
2020-08-19 20:17:59;327;144;138;8;6;5;5;4;2;2;0
2020-08-19 20:18:58;329;145;139;8;6;5;5;4;2;2;0
2020-08-19 20:19:59;330;146;139;8;6;5;5;4;2;2;0
2020-08-19 20:20:59;330;146;139;8;6;5;5;4;2;2;0
2020-08-19 20:21:58;331;146;140;8;6;5;5;4;2;2;0
2020-08-19 20:22:59;332;147;140;8;6;5;5;4;2;2;0
2020-08-19 20:23:59;333;147;141;8;6;5;5;4;2;2;0
2020-08-19 20:24:58;333;147;141;8;6;5;5;4;2;2;0
2020-08-19 20:25:59;336;149;143;7;6;5;5;4;2;2;0
2020-08-19 20:26:58;337;149;144;7;6;5;5;4;2;2;0
2020-08-19 20:27:59;338;149;145;7;6;5;5;4;2;2;0
2020-08-19 20:28:59;339;150;145;7;6;5;5;4;2;2;0
2020-08-19 20:29:58;341;151;146;7;6;5;5;4;2;2;0
2020-08-19 20:30:59;341;151;146;7;6;5;5;4;2;2;0
2020-08-19 20:31:59;342;152;146;7;6;5;5;4;2;2;0
2020-08-19 20:32:59;342;152;146;7;6;5;5;4;2;2;0
2020-08-19 20:33:58;342;152;146;7;6;5;5;4;2;2;0
2020-08-19 20:34:59;342;152;146;7;6;5;5;4;2;2;0
2020-08-19 20:35:59;343;152;146;8;6;5;5;4;2;2;0
2020-08-19 20:36:58;344;153;146;8;6;5;5;4;2;2;0
2020-08-19 20:37:59;346;154;147;8;6;5;5;4;2;2;0
2020-08-19 20:38:59;346;154;147;8;6;5;5;4;2;2;0
2020-08-19 20:39:58;346;154;147;8;6;5;5;4;2;2;0
2020-08-19 20:40:59;346;154;147;8;6;5;5;4;2;2;0
2020-08-19 20:41:59;346;154;147;8;6;5;5;4;2;2;0
2020-08-19 20:42:58;346;154;147;8;6;5;5;4;2;2;0
2020-08-19 20:43:59;346;154;147;8;6;5;5;4;2;2;0
2020-08-19 20:44:59;347;154;147;8;7;5;5;4;2;2;0
2020-08-19 20:45:58;347;154;147;8;7;5;5;4;2;2;0
2020-08-19 20:46:59;347;154;147;8;7;5;5;4;2;2;0
2020-08-19 20:47:59;347;154;147;8;7;5;5;4;2;2;0
2020-08-19 20:48:58;347;154;147;8;7;5;5;4;2;2;0
2020-08-19 20:49:59;347;154;147;8;7;5;5;4;2;2;0
2020-08-19 20:50:59;347;154;147;8;7;5;5;4;2;2;0
2020-08-19 20:51:58;347;154;147;8;7;5;5;4;2;2;0
2020-08-19 20:52:59;348;154;148;8;7;5;5;4;2;2;0
2020-08-19 20:53:59;348;154;148;8;7;5;5;4;2;2;0
2020-08-19 20:54:58;348;154;148;8;7;5;5;4;2;2;0
2020-08-19 20:55:59;350;154;150;8;7;5;5;4;2;2;0
2020-08-19 20:56:59;350;154;150;8;7;5;5;4;2;2;0
2020-08-19 20:57:58;350;154;150;8;7;5;5;4;2;2;0
2020-08-19 20:58:59;350;154;150;8;7;5;5;4;2;2;0
2020-08-19 20:59:59;350;154;150;8;7;5;5;4;2;2;0
2020-08-19 21:00:58;350;154;150;8;7;5;5;4;2;2;0
2020-08-19 21:01:59;352;154;152;8;7;5;5;4;2;2;0
2020-08-19 21:02:59;353;154;153;8;7;5;5;4;2;2;0
2020-08-19 21:03:58;353;154;153;8;7;5;5;4;2;2;0
2020-08-19 21:04:59;354;155;153;8;7;5;5;4;2;2;0
2020-08-19 21:05:59;354;155;153;8;7;5;5;4;2;2;0
2020-08-19 21:06:58;354;155;153;8;7;5;5;4;2;2;0
2020-08-19 21:07:59;354;155;153;8;7;5;5;4;2;2;0
2020-08-19 21:08:58;354;155;153;8;7;5;5;4;2;2;0
2020-08-19 21:09:59;354;155;153;8;7;5;5;4;2;2;0
2020-08-19 21:10:59;355;155;153;8;7;5;6;4;2;2;0
2020-08-19 21:11:58;355;155;153;8;7;5;6;4;2;2;0
2020-08-19 21:12:59;355;155;153;8;7;5;6;4;2;2;0
2020-08-19 21:13:59;356;155;154;8;7;5;6;4;2;2;0
2020-08-19 21:14:58;356;155;154;8;7;5;6;4;2;2;0
2020-08-19 21:15:59;356;155;154;8;7;5;6;4;2;2;0
2020-08-19 21:16:59;357;156;155;8;7;5;5;4;2;2;0
2020-08-19 21:17:58;357;156;155;8;7;5;5;4;2;2;0
2020-08-19 21:18:59;357;156;155;8;7;5;5;4;2;2;0
2020-08-19 21:19:59;358;157;155;8;7;5;5;4;2;2;0
2020-08-19 21:20:58;358;157;155;8;7;5;5;4;2;2;0
2020-08-19 21:21:59;360;157;157;8;7;5;5;4;2;2;0
2020-08-19 21:22:59;361;158;157;8;7;5;5;4;2;2;0
2020-08-19 21:23:58;361;158;157;8;7;5;5;4;2;2;0
2020-08-19 21:24:59;362;159;157;8;7;5;5;4;2;2;0
2020-08-19 21:25:59;362;159;157;8;7;5;5;4;2;2;0
2020-08-19 21:26:58;364;160;157;8;7;6;5;4;2;2;0
2020-08-19 21:27:59;365;160;158;8;7;6;5;4;2;2;0
2020-08-19 21:28:59;367;161;159;8;7;6;5;4;2;2;0
2020-08-19 21:29:58;368;162;159;8;7;6;5;4;2;2;0
2020-08-19 21:30:59;368;162;159;8;7;6;5;4;2;2;0
2020-08-19 21:31:58;368;162;159;8;7;6;5;4;2;2;0
2020-08-19 21:32:59;369;163;159;8;7;6;5;4;2;2;0
2020-08-19 21:33:58;369;163;159;8;7;6;5;4;2;2;0
2020-08-19 21:34:59;369;163;159;8;7;6;5;4;2;2;0
2020-08-19 21:35:59;370;163;159;9;7;6;5;4;2;2;0
2020-08-19 21:36:59;371;163;160;9;7;6;5;4;2;2;0
2020-08-19 21:37:58;372;164;160;9;7;6;5;4;2;2;0
2020-08-19 21:38:59;373;165;160;9;7;6;5;4;2;2;0
2020-08-19 21:39:59;374;166;160;9;7;6;5;4;2;2;0
2020-08-19 21:40:58;375;166;160;9;8;6;5;4;2;2;0
2020-08-19 21:41:59;375;166;160;9;8;6;5;4;2;2;0
2020-08-19 21:42:58;375;165;161;9;8;6;5;4;2;2;0
2020-08-19 21:43:59;375;165;161;9;8;6;5;4;2;2;0
2020-08-19 21:44:59;376;165;162;9;8;6;5;4;2;2;0
2020-08-19 21:45:58;377;165;163;9;8;6;5;4;2;2;0
2020-08-19 21:46:59;377;165;163;9;8;6;5;4;2;2;0
2020-08-19 21:47:59;378;166;163;9;8;6;5;4;2;2;0
2020-08-19 21:48:59;381;167;165;9;8;6;5;4;2;2;0
2020-08-19 21:49:58;382;168;165;9;8;6;5;4;2;2;0
2020-08-19 21:50:59;385;171;165;9;8;6;5;4;2;2;0
2020-08-19 21:51:58;386;171;166;9;8;6;5;4;2;2;0
2020-08-19 21:52:59;387;172;166;9;8;6;5;4;2;2;0
2020-08-19 21:53:59;387;172;166;9;8;6;5;4;2;2;0
2020-08-19 21:54:58;387;172;166;9;8;6;5;4;2;2;0
2020-08-19 21:55:59;388;173;166;9;8;6;5;4;2;2;0
2020-08-19 21:56:59;388;173;166;9;8;6;5;4;2;2;0
2020-08-19 21:57:58;389;174;166;9;8;6;5;4;2;2;0
2020-08-19 21:58:59;390;174;167;9;8;6;5;4;2;2;0
2020-08-19 21:59:59;391;175;167;9;8;6;5;4;2;2;0
2020-08-19 22:00:58;392;176;167;9;8;6;5;4;2;2;0
2020-08-19 22:01:59;392;176;167;9;8;6;5;4;2;2;0
2020-08-19 22:02:58;392;176;167;9;8;6;5;4;2;2;0
2020-08-19 22:03:59;394;176;168;10;8;6;5;4;2;2;0
2020-08-19 22:04:59;394;176;168;10;8;6;5;4;2;2;0
2020-08-19 22:05:59;395;177;168;10;8;6;5;4;2;2;0
2020-08-19 22:06:58;396;178;168;10;8;6;5;4;2;2;0
2020-08-19 22:07:59;397;179;168;10;8;6;5;4;2;2;0
2020-08-19 22:08:59;398;180;168;10;8;6;5;4;2;2;0
2020-08-19 22:09:58;399;180;169;10;8;6;5;4;2;2;0
2020-08-19 22:10:59;401;181;170;10;8;6;5;4;2;2;0
2020-08-19 22:11:59;401;181;170;10;8;6;5;4;2;2;0
2020-08-19 22:12:58;403;184;170;9;8;6;5;4;2;2;0
2020-08-19 22:13:59;403;184;170;9;8;6;5;4;2;2;0
2020-08-19 22:14:59;403;184;170;9;8;6;5;4;2;2;0
2020-08-19 22:15:58;403;184;170;9;8;6;5;4;2;2;0
2020-08-19 22:16:59;403;184;170;9;8;6;5;4;2;2;0
2020-08-19 22:17:58;405;185;171;9;8;6;5;4;2;2;0
2020-08-19 22:18:59;406;186;171;9;8;6;5;4;2;2;0
2020-08-19 22:19:59;406;186;171;9;8;6;5;4;2;2;0
2020-08-19 22:20:59;407;186;172;9;8;6;5;4;2;2;0
2020-08-19 22:21:58;407;186;172;9;8;6;5;4;2;2;0
2020-08-19 22:22:59;408;186;173;9;8;6;5;4;2;2;0
2020-08-19 22:23:59;409;187;173;9;8;6;5;4;2;2;0
2020-08-19 22:24:58;411;187;175;9;8;6;5;4;2;2;0
2020-08-19 22:25:59;412;188;175;9;8;6;5;4;2;2;0
2020-08-19 22:26:59;413;189;175;9;8;6;5;4;2;2;0
2020-08-19 22:27:58;414;190;175;9;8;6;5;4;2;2;0
2020-08-19 22:28:59;414;190;175;9;8;6;5;4;2;2;0
2020-08-19 22:29:59;414;190;175;9;8;6;5;4;2;2;0
2020-08-19 22:30:58;414;190;175;9;8;6;5;4;2;2;0
2020-08-19 22:31:59;414;190;175;9;8;6;5;4;2;2;0
2020-08-19 22:32:59;414;190;175;9;8;6;5;4;2;2;0
2020-08-19 22:33:58;415;191;175;9;8;6;5;4;2;2;0
2020-08-19 22:34:59;416;192;175;9;8;6;5;4;2;2;0
2020-08-19 22:35:59;417;193;175;9;8;6;5;4;2;2;0
2020-08-19 22:36:59;417;193;175;9;8;6;5;4;2;2;0
2020-08-19 22:37:58;417;193;175;9;8;6;5;4;2;2;0
2020-08-19 22:38:59;417;193;175;9;8;6;5;4;2;2;0
2020-08-19 22:39:58;418;194;175;9;8;6;5;4;2;2;0
2020-08-19 22:40:59;418;194;175;9;8;6;5;4;2;2;0
2020-08-19 22:41:59;420;195;176;9;8;6;5;4;2;2;0
2020-08-19 22:42:58;423;196;178;9;8;6;5;4;2;2;0
2020-08-19 22:43:59;423;196;178;9;8;6;5;4;2;2;0
2020-08-19 22:44:59;423;196;178;9;8;6;5;4;2;2;0
2020-08-19 22:45:58;423;197;177;9;8;6;5;4;2;2;0
2020-08-19 22:46:59;423;197;177;9;8;6;5;4;2;2;0
2020-08-19 22:47:59;423;197;177;9;8;6;5;4;2;2;0
2020-08-19 22:48:58;423;197;177;9;8;6;5;4;2;2;0
2020-08-19 22:49:59;423;197;177;9;8;6;5;4;2;2;0
2020-08-19 22:50:59;425;198;178;9;8;6;5;4;2;2;0
2020-08-19 22:51:58;426;199;178;9;8;6;5;4;2;2;0
2020-08-19 22:52:59;426;199;179;9;8;6;5;4;2;2;0
2020-08-19 22:53:59;427;199;180;9;8;6;5;4;2;2;0
2020-08-19 22:54:58;428;199;181;9;8;6;5;4;2;2;0
2020-08-19 22:55:59;429;199;182;9;8;6;5;4;2;2;0
2020-08-19 22:56:59;430;199;183;9;8;6;5;4;2;2;0
2020-08-19 22:57:58;430;199;183;9;8;6;5;4;2;2;0
2020-08-19 22:58:59;430;199;183;9;8;6;5;4;2;2;0
2020-08-19 22:59:59;431;199;184;9;8;6;5;4;2;2;0
2020-08-19 23:00:58;431;199;184;9;8;6;5;4;2;2;0
2020-08-19 23:01:59;431;199;184;9;8;6;5;4;2;2;0
2020-08-19 23:02:58;433;201;184;9;8;6;5;4;2;2;0
2020-08-19 23:03:59;434;202;184;9;8;5;5;4;2;2;0
2020-08-19 23:04:59;434;202;184;10;8;5;5;4;2;2;0
2020-08-19 23:05:58;435;203;184;10;8;5;5;4;2;2;0
2020-08-19 23:06:59;435;204;183;10;8;5;5;4;2;2;0
2020-08-19 23:07:58;435;204;183;10;8;5;5;4;2;2;0
2020-08-19 23:08:59;436;204;184;10;8;5;5;4;2;2;0
2020-08-19 23:09:59;436;204;184;10;8;5;5;4;2;2;0
2020-08-19 23:10:58;436;204;184;10;8;5;5;4;2;2;0
2020-08-19 23:11:59;436;203;185;10;8;5;5;4;2;2;0
2020-08-19 23:12:59;437;203;186;10;8;5;5;4;2;2;0
2020-08-19 23:13:59;437;203;186;10;8;5;5;4;2;2;0
2020-08-19 23:14:58;437;203;186;10;8;5;5;4;2;2;0
2020-08-19 23:15:59;437;204;185;10;8;5;5;4;2;2;0
2020-08-19 23:16:59;437;204;185;10;8;5;5;4;2;2;0
2020-08-19 23:17:58;437;204;185;10;8;5;5;4;2;2;0
2020-08-19 23:18:59;437;204;185;10;8;5;5;4;2;2;0
2020-08-19 23:19:58;437;204;185;10;8;5;5;4;2;2;0
2020-08-19 23:20:59;438;204;186;10;8;5;5;4;2;2;0
2020-08-19 23:21:58;438;204;186;10;8;5;5;4;2;2;0
2020-08-19 23:22:59;438;204;186;10;8;5;5;4;2;2;0
2020-08-19 23:23:59;439;204;187;10;8;5;5;4;2;2;0
2020-08-19 23:24:58;439;204;187;10;8;5;5;4;2;2;0
2020-08-19 23:25:59;440;204;188;10;8;5;5;4;2;2;0
2020-08-19 23:26:59;440;204;188;10;8;5;5;4;2;2;0
2020-08-19 23:28:00;441;204;189;10;8;5;5;4;2;2;0
2020-08-19 23:28:58;441;204;189;10;8;5;5;4;2;2;0
2020-08-19 23:29:59;441;204;189;10;8;5;5;4;2;2;0
2020-08-19 23:30:58;441;204;189;10;8;5;5;4;2;2;0
2020-08-19 23:31:59;442;205;190;10;8;5;5;4;2;2;1
2020-08-19 23:32:58;442;205;190;10;8;5;5;4;2;2;1
2020-08-19 23:33:59;442;205;190;10;8;5;5;4;2;2;1
2020-08-19 23:34:59;442;205;190;10;8;5;5;4;2;2;1
2020-08-19 23:35:59;442;205;190;10;8;5;5;4;2;2;1
2020-08-19 23:36:58;442;205;190;10;8;5;5;4;2;2;1
2020-08-19 23:37:59;443;205;191;10;8;5;5;4;2;2;1
2020-08-19 23:38:59;443;205;191;11;8;5;5;3;2;2;1
2020-08-19 23:39:58;443;205;191;11;8;5;5;3;2;2;1
2020-08-19 23:40:59;443;205;191;11;8;5;5;3;2;2;1
2020-08-19 23:41:59;444;206;191;11;8;5;5;3;2;2;1
2020-08-19 23:42:58;444;206;191;11;8;5;5;3;2;2;1
2020-08-19 23:43:59;444;206;191;11;8;5;5;3;2;2;1
2020-08-19 23:44:59;444;207;191;11;7;5;5;3;2;2;1
2020-08-19 23:45:58;445;207;192;11;7;5;5;3;2;2;1
2020-08-19 23:46:59;445;207;192;11;7;5;5;3;2;2;1
2020-08-19 23:47:59;445;207;192;11;7;5;5;3;2;2;1
2020-08-19 23:48:58;445;207;192;11;7;5;5;3;2;2;1
2020-08-19 23:49:59;445;207;192;11;7;5;5;3;2;2;1
2020-08-19 23:50:59;445;207;192;11;7;5;5;3;2;2;1
2020-08-19 23:51:58;445;207;192;11;7;5;5;3;2;2;1
2020-08-19 23:52:59;446;207;193;11;7;5;5;3;2;2;1
2020-08-19 23:53:58;446;207;193;11;7;5;5;3;2;2;1
2020-08-19 23:54:59;446;207;193;11;7;5;5;3;2;2;1
2020-08-19 23:55:59;446;207;193;11;7;5;5;3;2;2;1
2020-08-19 23:56:58;446;207;193;11;7;5;5;3;2;2;1
2020-08-19 23:57:59;446;207;193;11;7;5;5;3;2;2;1
2020-08-19 23:58:58;447;207;194;11;7;5;5;3;2;2;1
2020-08-19 23:59:59;447;207;194;11;7;5;5;3;2;2;1
