datetime;total_votes;Fill;kross;navalny;Hexadecachoron;KOCTOPE3;Der_Sturmer;Jey;ksolotl;Shady;Есения
2020-08-05 00:00:59;0;0;0;0;0;0;0;0;0;0;0
2020-08-05 00:01:58;0;1;0;0;0;0;0;0;0;0;0
2020-08-05 00:02:59;2;1;0;0;0;0;0;0;0;0;0
2020-08-05 00:03:58;2;1;0;0;0;0;0;0;0;0;0
2020-08-05 00:05:00;2;1;0;0;0;0;0;0;0;0;0
2020-08-05 00:05:58;2;1;0;0;0;0;0;0;0;0;0
2020-08-05 00:06:59;3;1;0;0;0;0;0;0;0;0;0
2020-08-05 00:07:59;3;1;0;0;0;0;0;0;0;0;0
2020-08-05 00:08:58;4;1;0;1;0;0;0;0;0;0;0
2020-08-05 00:09:59;4;1;0;1;0;0;0;0;0;0;0
2020-08-05 00:10:58;4;1;0;1;0;0;0;0;0;0;0
2020-08-05 00:11:59;7;1;0;2;0;0;0;0;0;0;0
2020-08-05 00:12:58;7;1;0;2;0;0;0;0;0;0;0
2020-08-05 00:13:59;7;1;0;2;0;0;0;0;0;0;0
2020-08-05 00:14:59;8;1;0;2;0;0;0;0;1;0;0
2020-08-05 00:15:58;8;1;0;2;0;0;0;0;1;0;0
2020-08-05 00:16:59;8;1;0;2;0;0;0;0;1;0;0
2020-08-05 00:17:59;8;1;0;2;0;0;0;0;1;0;0
2020-08-05 00:18:58;8;1;0;2;0;0;0;0;1;0;0
2020-08-05 00:19:59;8;1;0;2;0;0;0;0;1;0;0
2020-08-05 00:20:58;8;1;0;2;0;0;0;0;1;0;0
2020-08-05 00:21:59;11;1;0;4;1;0;0;0;1;0;0
2020-08-05 00:22:59;11;1;0;4;1;0;0;0;1;0;0
2020-08-05 00:23:58;11;1;0;4;1;0;0;0;1;0;0
2020-08-05 00:24:59;11;1;0;4;1;0;0;0;1;0;0
2020-08-05 00:25:58;13;1;0;4;1;0;1;0;1;0;0
2020-08-05 00:26:59;13;1;0;4;1;0;1;0;1;0;0
2020-08-05 00:27:58;16;1;0;5;2;0;1;0;1;0;0
2020-08-05 00:28:59;16;1;0;5;2;0;1;0;1;0;0
2020-08-05 00:29:59;16;1;0;5;2;0;1;0;1;0;0
2020-08-05 00:30:58;16;1;0;5;2;0;1;0;1;0;0
2020-08-05 00:31:59;16;1;0;5;2;0;1;0;1;0;0
2020-08-05 00:32:58;16;1;0;5;2;0;1;0;1;0;0
2020-08-05 00:33:59;17;1;1;5;2;0;1;0;1;0;0
2020-08-05 00:34:59;17;1;1;5;2;0;1;0;1;0;0
2020-08-05 00:35:58;17;1;1;5;2;0;1;0;1;0;0
2020-08-05 00:36:59;18;1;0;5;2;0;2;0;1;0;0
2020-08-05 00:37:59;18;1;0;5;2;0;2;0;1;0;0
2020-08-05 00:38:58;19;1;2;5;2;0;2;0;1;0;0
2020-08-05 00:39:59;19;1;2;5;2;0;2;0;1;0;0
2020-08-05 00:40:58;19;1;2;5;2;0;2;0;1;0;0
2020-08-05 00:41:59;19;1;2;5;2;0;2;0;1;0;0
2020-08-05 00:42:58;19;1;2;5;2;0;2;0;1;0;0
2020-08-05 00:43:59;19;1;2;5;2;0;2;0;1;0;0
2020-08-05 00:44:59;19;1;2;5;2;0;2;0;1;0;0
2020-08-05 00:45:58;19;1;2;5;2;0;2;0;1;0;0
2020-08-05 00:46:59;20;1;2;5;2;0;3;0;1;0;0
2020-08-05 00:47:58;21;2;2;5;2;0;3;0;1;0;0
2020-08-05 00:48:59;21;2;2;5;2;0;3;0;1;0;0
2020-08-05 00:49:59;21;2;2;5;2;0;3;0;1;0;0
2020-08-05 00:50:58;21;2;2;5;2;0;4;0;1;0;0
2020-08-05 00:51:59;21;2;2;5;2;0;4;0;1;0;0
2020-08-05 00:52:58;21;2;2;5;2;0;4;0;1;0;0
2020-08-05 00:53:59;21;2;2;5;2;0;4;0;1;0;0
2020-08-05 00:54:58;21;2;2;5;2;0;4;0;1;0;0
2020-08-05 00:56:00;22;2;2;5;2;0;4;0;1;0;0
2020-08-05 00:56:58;22;2;2;5;2;0;4;0;1;0;0
2020-08-05 00:57:59;22;2;2;5;2;0;4;0;1;0;0
2020-08-05 00:58:59;22;2;2;5;2;0;4;0;1;0;0
2020-08-05 00:59:58;22;2;2;5;2;0;4;0;1;0;0
2020-08-05 01:00:59;23;2;3;5;2;0;4;0;1;0;0
2020-08-05 01:01:58;23;2;3;5;2;0;4;0;1;0;0
2020-08-05 01:02:59;23;2;3;5;2;0;4;0;1;0;0
2020-08-05 01:04:00;23;2;3;5;2;0;4;0;1;0;0
2020-08-05 01:04:58;23;2;3;5;2;0;4;0;1;0;0
2020-08-05 01:05:59;23;2;3;5;2;0;4;0;1;0;0
2020-08-05 01:06:59;24;2;3;6;2;0;4;0;1;0;0
2020-08-05 01:07:58;24;2;3;6;2;0;4;0;1;0;0
2020-08-05 01:08:59;24;2;3;6;2;0;4;0;1;0;0
2020-08-05 01:09:59;24;2;3;6;2;0;4;0;1;0;0
2020-08-05 01:10:58;24;2;3;6;2;0;4;0;1;0;0
2020-08-05 01:11:59;24;2;3;6;2;0;4;0;1;0;0
2020-08-05 01:12:58;24;2;3;6;2;0;4;0;1;0;0
2020-08-05 01:13:59;25;2;3;7;2;0;4;0;1;0;0
2020-08-05 01:14:58;25;2;3;7;2;0;4;0;1;0;0
2020-08-05 01:15:59;25;2;3;7;2;0;4;0;1;0;0
2020-08-05 01:16:59;26;2;3;7;2;0;4;0;0;0;0
2020-08-05 01:17:58;26;2;3;7;2;0;4;0;0;0;0
2020-08-05 01:18:59;26;2;3;7;2;0;4;0;0;0;0
2020-08-05 01:19:59;26;2;4;7;2;0;3;0;0;0;0
2020-08-05 01:20:58;26;2;4;7;2;0;3;0;0;0;0
2020-08-05 01:21:59;26;2;4;7;2;0;3;0;0;0;0
2020-08-05 01:22:58;27;2;5;7;2;0;3;0;0;0;0
2020-08-05 01:23:59;27;2;5;7;2;0;3;0;0;0;0
2020-08-05 01:24:59;28;3;5;7;2;0;3;0;0;0;0
2020-08-05 01:25:58;28;3;5;7;2;0;3;0;0;0;0
2020-08-05 01:26:59;28;3;5;7;2;0;3;0;0;0;0
2020-08-05 01:27:59;28;3;5;7;2;0;3;0;0;0;0
2020-08-05 01:28:58;28;3;5;7;2;0;3;0;0;0;0
2020-08-05 01:29:59;28;3;5;7;2;0;3;0;0;0;0
2020-08-05 01:30:58;28;3;5;7;2;0;3;0;0;0;0
2020-08-05 01:31:59;28;3;5;7;2;0;3;0;0;0;0
2020-08-05 01:32:59;28;3;5;7;2;0;3;0;0;0;0
2020-08-05 01:33:58;28;3;5;7;2;0;3;0;0;0;0
2020-08-05 01:34:59;29;3;5;7;2;0;3;0;0;0;1
2020-08-05 01:35:58;29;3;5;7;2;0;3;0;0;0;1
2020-08-05 01:36:59;29;3;5;7;2;0;3;0;0;0;1
2020-08-05 01:37:59;29;3;5;7;2;0;3;0;0;0;1
2020-08-05 01:38:58;29;3;5;7;2;0;3;0;0;0;1
2020-08-05 01:39:59;29;3;5;7;2;0;3;0;0;0;1
2020-08-05 01:40:58;29;3;5;7;2;0;3;0;0;0;1
2020-08-05 01:41:59;29;3;5;7;2;0;3;0;0;0;1
2020-08-05 01:42:59;29;3;5;7;2;0;3;0;0;0;1
2020-08-05 01:43:58;29;3;5;7;2;0;3;0;0;0;1
2020-08-05 01:44:59;29;3;5;7;2;0;3;0;0;0;1
2020-08-05 01:45:59;29;3;5;7;2;0;3;0;0;0;1
2020-08-05 01:46:58;29;3;5;7;2;0;3;0;0;0;1
2020-08-05 01:47:59;29;3;5;7;2;0;3;0;0;0;1
2020-08-05 01:48:58;29;3;5;7;2;0;3;0;0;0;1
2020-08-05 01:49:59;29;3;5;7;2;0;3;0;0;0;1
2020-08-05 01:50:58;29;3;5;7;2;0;3;0;0;0;1
2020-08-05 01:51:59;29;3;5;7;2;0;3;0;0;0;1
2020-08-05 01:52:59;29;3;5;7;2;0;3;0;0;0;1
2020-08-05 01:53:58;29;3;5;7;2;0;3;0;0;0;1
2020-08-05 01:54:59;29;3;5;7;2;0;3;0;0;0;1
2020-08-05 01:55:58;30;3;6;7;2;0;3;0;0;0;1
2020-08-05 01:56:59;30;3;6;7;2;0;3;0;0;0;1
2020-08-05 01:57:59;30;3;6;7;2;0;3;0;0;0;1
2020-08-05 01:58:58;30;3;6;7;2;0;3;0;0;0;1
2020-08-05 02:00:00;30;3;6;7;2;0;3;0;0;0;1
2020-08-05 02:00:58;30;3;6;7;2;0;3;0;0;0;1
2020-08-05 02:01:59;30;3;6;7;2;0;3;0;0;0;1
2020-08-05 02:02:59;30;3;6;7;2;0;3;0;0;0;1
2020-08-05 02:03:58;30;3;6;7;2;0;3;0;0;0;1
2020-08-05 02:04:59;30;3;6;7;2;0;3;0;0;0;1
2020-08-05 02:05:58;30;3;6;7;2;0;3;0;0;0;1
2020-08-05 02:06:59;31;3;6;7;2;0;3;0;1;0;1
2020-08-05 02:07:59;32;3;6;8;2;0;3;0;1;0;1
2020-08-05 02:08:58;32;3;6;8;2;0;3;0;1;0;1
2020-08-05 02:09:59;32;3;6;8;2;0;3;0;1;0;1
2020-08-05 02:10:59;32;3;6;8;2;0;3;0;1;0;1
2020-08-05 02:11:58;32;3;6;8;2;0;3;0;1;0;1
2020-08-05 02:12:59;32;3;6;8;2;0;3;0;1;0;1
2020-08-05 02:13:58;32;3;6;8;2;0;3;0;1;0;1
2020-08-05 02:14:59;32;3;6;8;2;0;3;0;1;0;1
2020-08-05 02:15:59;32;3;6;8;2;0;3;0;1;0;1
2020-08-05 02:16:58;32;3;6;8;2;0;3;0;1;0;1
2020-08-05 02:18:00;32;3;6;8;2;0;3;0;1;0;1
2020-08-05 02:18:58;33;4;6;8;2;0;3;0;1;0;1
2020-08-05 02:19:59;33;4;6;8;2;0;3;0;1;0;1
2020-08-05 02:21:00;33;4;6;8;2;0;3;0;1;0;1
2020-08-05 02:21:58;33;4;6;8;2;0;3;0;1;0;1
2020-08-05 02:22:59;33;4;6;8;2;0;3;0;1;0;1
2020-08-05 02:23:59;33;4;6;8;2;0;3;0;1;0;1
2020-08-05 02:24:58;33;4;6;8;2;0;3;0;1;0;1
2020-08-05 02:25:59;34;4;6;8;2;0;3;0;1;0;0
2020-08-05 02:26:59;34;4;6;8;2;0;3;0;1;0;0
2020-08-05 02:27:58;34;4;6;8;2;0;3;0;1;0;0
2020-08-05 02:28:59;34;4;6;8;2;0;3;0;1;0;0
2020-08-05 02:29:59;34;4;6;8;2;0;3;0;1;0;0
2020-08-05 02:30:58;35;4;6;8;2;0;3;0;2;0;1
2020-08-05 02:31:59;35;4;6;8;2;0;3;0;2;0;1
2020-08-05 02:32:58;35;4;6;8;2;0;3;0;2;0;1
2020-08-05 02:33:59;35;4;6;8;2;0;3;0;2;0;1
2020-08-05 02:34:58;35;4;6;8;2;0;3;0;2;0;1
2020-08-05 02:35:59;35;4;6;8;2;0;3;0;2;0;1
2020-08-05 02:36:58;35;4;6;8;2;0;3;0;2;0;1
2020-08-05 02:37:59;35;4;6;8;2;0;3;0;2;0;1
2020-08-05 02:38:58;35;4;6;8;2;0;3;0;2;0;1
2020-08-05 02:39:59;35;4;6;8;2;0;3;0;2;0;1
2020-08-05 02:40:59;35;4;6;8;2;0;3;0;2;0;1
2020-08-05 02:41:58;35;4;6;8;2;0;3;0;2;0;1
2020-08-05 02:43:00;35;4;6;8;2;0;3;0;2;0;1
2020-08-05 02:43:58;35;4;6;8;2;0;3;0;2;0;1
2020-08-05 02:44:59;35;4;6;8;2;0;3;0;2;0;1
2020-08-05 02:45:59;35;4;6;8;2;0;3;0;2;0;1
2020-08-05 02:46:58;35;4;6;8;2;0;3;0;2;0;1
2020-08-05 02:47:59;35;4;6;8;2;0;3;0;2;0;1
2020-08-05 02:48:59;35;4;6;8;2;0;3;0;2;0;1
2020-08-05 02:49:58;35;4;6;8;2;0;3;0;2;0;1
2020-08-05 02:51:00;35;4;6;8;2;0;3;0;2;0;1
2020-08-05 02:51:58;35;4;6;8;2;0;3;0;2;0;1
2020-08-05 02:52:59;35;4;6;8;2;0;3;0;2;0;1
2020-08-05 02:53:59;35;4;6;8;2;0;3;0;2;0;1
2020-08-05 02:54:58;35;4;6;8;2;0;3;0;2;0;1
2020-08-05 02:55:59;35;4;6;8;2;0;3;0;2;0;1
2020-08-05 02:56:58;35;4;6;8;2;0;3;0;2;0;1
2020-08-05 02:57:59;35;4;6;8;2;0;3;0;2;0;1
2020-08-05 02:58:59;35;4;6;8;2;0;3;0;2;0;1
2020-08-05 02:59:58;35;4;6;8;2;0;3;0;2;0;1
2020-08-05 03:00:59;35;4;6;8;2;0;3;0;2;0;1
2020-08-05 03:01:58;35;4;6;8;2;0;3;0;2;0;1
2020-08-05 03:03:00;35;4;6;8;2;0;3;0;2;0;1
2020-08-05 03:03:58;35;4;6;8;2;0;3;0;2;0;1
2020-08-05 03:04:59;35;4;6;8;2;0;3;0;2;0;1
2020-08-05 03:05:59;35;4;6;8;2;0;3;0;2;0;1
2020-08-05 03:06:58;35;4;6;8;2;0;3;0;2;0;1
2020-08-05 03:07:59;35;4;6;8;2;0;3;0;2;0;1
2020-08-05 03:08:58;35;4;6;8;2;0;3;0;2;0;1
2020-08-05 03:09:59;35;4;6;8;2;0;3;0;2;0;1
2020-08-05 03:10:58;35;4;6;8;2;0;3;0;2;0;1
2020-08-05 03:11:59;35;4;6;8;2;0;3;0;2;0;1
2020-08-05 03:12:59;35;4;6;8;2;0;3;0;2;0;1
2020-08-05 03:13:58;35;4;6;8;2;0;3;0;2;0;1
2020-08-05 03:14:59;35;4;6;8;2;0;3;0;2;0;1
2020-08-05 03:15:58;35;4;6;8;2;0;3;0;2;0;1
2020-08-05 03:16:59;35;4;6;8;2;0;3;0;2;0;1
2020-08-05 03:17:58;35;4;6;8;2;0;3;0;2;0;1
2020-08-05 03:18:59;35;4;6;8;2;0;3;0;2;0;1
2020-08-05 03:19:58;35;4;6;8;2;0;3;0;2;0;1
2020-08-05 03:20:59;35;4;6;8;2;0;3;0;2;0;1
2020-08-05 03:21:58;35;4;6;8;2;0;3;0;2;0;1
2020-08-05 03:22:59;35;4;6;8;2;0;3;0;2;0;1
2020-08-05 03:23:58;35;4;6;8;2;0;3;0;2;0;1
2020-08-05 03:24:59;35;4;6;8;2;0;3;0;2;0;1
2020-08-05 03:25:58;35;4;6;8;2;0;3;0;2;0;1
2020-08-05 03:26:59;35;4;6;8;2;0;3;0;2;0;1
2020-08-05 03:27:59;35;4;6;8;2;0;3;0;2;0;1
2020-08-05 03:28:58;35;4;6;8;2;0;3;0;2;0;1
2020-08-05 03:29:59;35;4;6;8;2;0;3;0;2;0;1
2020-08-05 03:30:59;35;4;6;8;2;0;3;0;2;0;1
2020-08-05 03:31:58;35;4;6;8;2;0;3;0;2;0;1
2020-08-05 03:32:59;35;4;6;8;2;0;3;0;2;0;1
2020-08-05 03:33:59;35;4;6;8;2;0;3;0;2;0;1
2020-08-05 03:34:58;35;4;6;8;2;0;3;0;2;0;1
2020-08-05 03:35:59;35;4;6;8;2;0;3;0;2;0;1
2020-08-05 03:36:59;35;4;6;8;2;0;3;0;2;0;1
2020-08-05 03:37:58;36;4;6;8;2;0;3;0;2;0;0
2020-08-05 03:38:59;36;4;6;8;2;0;3;0;2;0;0
2020-08-05 03:39:58;36;4;6;8;2;0;3;0;2;0;0
2020-08-05 03:40:59;36;4;6;8;2;0;3;0;2;0;0
2020-08-05 03:41:59;36;4;6;8;2;0;3;0;2;0;0
2020-08-05 03:42:58;36;4;6;8;2;0;3;0;2;0;0
2020-08-05 03:43:59;36;4;6;8;2;0;3;0;2;0;0
2020-08-05 03:44:59;36;4;6;8;2;0;3;0;2;0;0
2020-08-05 03:45:58;36;4;6;8;2;0;3;0;2;0;0
2020-08-05 03:46:59;37;4;6;8;2;1;3;0;2;0;0
2020-08-05 03:47:59;38;4;7;8;2;1;3;0;2;0;0
2020-08-05 03:48:58;38;4;7;8;2;1;3;0;2;0;0
2020-08-05 03:49:59;38;4;7;8;2;1;3;0;2;0;0
2020-08-05 03:50:59;38;4;7;8;2;1;3;0;2;0;0
2020-08-05 03:51:58;38;4;7;8;2;1;3;0;2;0;0
2020-08-05 03:52:59;38;4;7;8;2;1;3;0;2;0;0
2020-08-05 03:53:59;38;4;7;8;2;1;3;0;2;0;0
2020-08-05 03:54:58;38;4;7;8;2;1;3;0;2;0;0
2020-08-05 03:55:59;38;4;7;8;2;1;3;0;2;0;0
2020-08-05 03:56:58;38;4;7;8;2;1;3;0;2;0;0
2020-08-05 03:57:59;38;4;7;8;2;1;3;0;2;0;0
2020-08-05 03:58:59;38;4;7;8;2;1;3;0;2;0;0
2020-08-05 03:59:58;38;4;7;8;2;1;3;0;2;0;0
2020-08-05 04:00:59;38;4;7;8;2;1;3;0;2;0;0
2020-08-05 04:01:59;38;4;7;8;2;1;3;0;2;0;0
2020-08-05 04:02:58;38;4;7;8;2;1;3;0;2;0;0
2020-08-05 04:03:59;38;4;7;8;2;1;3;0;2;0;0
2020-08-05 04:04:59;38;4;7;8;2;1;3;0;2;0;0
2020-08-05 04:05:58;38;4;7;8;2;1;3;0;2;0;0
2020-08-05 04:06:59;38;4;7;8;2;1;3;0;2;0;0
2020-08-05 04:07:59;38;4;7;8;2;1;3;0;2;0;0
2020-08-05 04:08:58;38;4;7;8;2;1;3;0;2;0;0
2020-08-05 04:09:59;38;4;7;8;2;1;3;0;2;0;0
2020-08-05 04:10:59;38;4;7;8;2;1;3;0;2;0;0
2020-08-05 04:11:58;38;4;7;8;2;1;3;0;2;0;0
2020-08-05 04:12:59;38;4;7;8;2;1;3;0;2;0;0
2020-08-05 04:13:59;39;4;7;9;2;1;3;0;2;0;0
2020-08-05 04:14:58;39;4;7;9;2;1;3;0;2;0;0
2020-08-05 04:15:59;39;4;7;9;2;1;3;0;2;0;0
2020-08-05 04:16:58;39;4;7;9;2;1;3;0;2;0;0
2020-08-05 04:17:59;39;4;7;9;2;1;3;0;2;0;0
2020-08-05 04:18:58;39;4;7;9;2;1;3;0;2;0;0
2020-08-05 04:19:59;39;4;7;9;2;1;3;0;2;0;0
2020-08-05 04:20:59;39;4;7;9;2;1;3;0;2;0;0
2020-08-05 04:21:58;39;4;7;9;2;1;3;0;2;0;0
2020-08-05 04:22:59;39;4;7;9;2;1;3;0;2;0;0
2020-08-05 04:23:59;39;4;7;9;2;1;3;0;2;0;0
2020-08-05 04:24:58;39;4;7;9;2;1;3;0;2;0;0
2020-08-05 04:25:59;39;4;7;9;2;1;3;0;2;0;0
2020-08-05 04:26:59;39;4;7;9;2;1;3;0;2;0;0
2020-08-05 04:27:58;39;4;7;9;2;1;3;0;2;0;0
2020-08-05 04:29:00;39;4;7;9;2;1;3;0;2;0;0
2020-08-05 04:29:58;39;4;7;9;2;1;3;0;2;0;0
2020-08-05 04:30:59;39;4;7;9;2;1;3;0;2;0;0
2020-08-05 04:31:59;39;4;7;9;2;1;3;0;2;0;0
2020-08-05 04:32:58;39;4;7;9;2;1;3;0;2;0;0
2020-08-05 04:33:59;39;4;7;9;2;1;3;0;2;0;0
2020-08-05 04:34:59;39;4;7;9;2;1;3;0;2;0;0
2020-08-05 04:35:58;39;4;7;9;2;1;3;0;2;0;0
2020-08-05 04:36:59;39;4;7;9;2;1;3;0;2;0;0
2020-08-05 04:37:59;39;4;7;9;2;1;3;0;2;0;0
2020-08-05 04:38:58;39;4;7;9;2;1;3;0;2;0;0
2020-08-05 04:39:59;39;4;7;9;2;1;3;0;2;0;0
2020-08-05 04:40:59;39;4;7;9;2;1;3;0;2;0;0
2020-08-05 04:41:58;39;4;7;9;2;1;3;0;2;0;0
2020-08-05 04:42:59;39;4;7;9;2;1;3;0;2;0;0
2020-08-05 04:43:59;39;4;7;9;2;1;3;0;2;0;0
2020-08-05 04:44:58;39;4;7;9;2;1;3;0;2;0;0
2020-08-05 04:45:59;40;4;8;9;2;1;3;0;2;0;0
2020-08-05 04:46:58;40;4;8;9;2;1;3;0;2;0;0
2020-08-05 04:47:59;40;4;8;9;2;1;3;0;2;0;0
2020-08-05 04:48:59;40;4;8;9;2;1;3;0;2;0;0
2020-08-05 04:49:58;40;4;8;9;2;1;3;0;2;0;0
2020-08-05 04:50:59;41;4;8;9;2;2;3;0;2;0;0
2020-08-05 04:51:59;41;4;8;9;2;2;3;0;2;0;0
2020-08-05 04:52:58;41;4;8;9;2;2;3;0;2;0;0
2020-08-05 04:53:59;41;4;8;9;2;2;3;0;2;0;0
2020-08-05 04:54:59;41;4;8;9;2;2;3;0;2;0;0
2020-08-05 04:55:58;41;4;8;9;2;2;3;0;2;0;0
2020-08-05 04:56:59;41;4;8;9;2;2;3;0;2;0;0
2020-08-05 04:57:58;41;4;8;9;2;2;3;0;2;0;0
2020-08-05 04:58:59;41;4;8;9;2;2;3;0;2;0;0
2020-08-05 04:59:59;41;4;8;9;2;2;3;0;2;0;0
2020-08-05 05:00:58;41;4;8;9;2;2;3;0;2;0;0
2020-08-05 05:01:59;42;4;8;9;2;2;4;0;2;0;0
2020-08-05 05:02:58;42;4;8;9;2;2;4;0;2;0;0
2020-08-05 05:03:59;42;4;8;9;2;2;4;0;2;0;0
2020-08-05 05:04:59;42;4;8;9;2;2;4;0;2;0;0
2020-08-05 05:05:58;42;4;8;9;2;2;4;0;2;0;0
2020-08-05 05:06:59;42;4;8;9;2;2;4;0;2;0;0
2020-08-05 05:07:59;42;4;8;9;2;2;4;0;2;0;0
2020-08-05 05:08:58;42;4;8;9;2;2;4;0;2;0;0
2020-08-05 05:09:59;42;4;8;9;2;2;4;0;2;0;0
2020-08-05 05:10:59;42;4;8;9;2;2;4;0;2;0;0
2020-08-05 05:11:58;42;4;8;9;2;2;4;0;2;0;0
2020-08-05 05:12:59;42;4;8;9;2;2;4;0;2;0;0
2020-08-05 05:13:59;42;4;8;9;2;2;4;0;2;0;0
2020-08-05 05:14:58;42;4;8;9;2;2;4;0;2;0;0
2020-08-05 05:15:59;42;4;8;9;2;2;4;0;2;0;0
2020-08-05 05:16:59;42;4;8;9;2;2;4;0;2;0;0
2020-08-05 05:17:58;42;4;8;9;2;2;4;0;2;0;0
2020-08-05 05:18:59;42;4;8;9;2;2;4;0;2;0;0
2020-08-05 05:19:58;42;4;8;9;2;2;4;0;2;0;0
2020-08-05 05:20:59;42;4;8;9;2;2;4;0;2;0;0
2020-08-05 05:21:59;42;4;8;9;2;2;4;0;2;0;0
2020-08-05 05:22:58;42;4;8;9;2;2;4;0;2;0;0
2020-08-05 05:24:00;42;4;8;9;2;2;4;0;2;0;0
2020-08-05 05:24:58;42;4;8;9;2;2;4;0;2;0;0
2020-08-05 05:25:59;42;4;8;9;2;2;4;0;2;0;0
2020-08-05 05:26:59;42;4;8;9;2;2;4;0;2;0;0
2020-08-05 05:27:58;42;4;8;9;2;2;4;0;2;0;0
2020-08-05 05:28:59;43;4;8;9;3;2;4;0;2;0;0
2020-08-05 05:29:58;43;4;8;9;3;2;4;0;2;0;0
2020-08-05 05:30:59;43;4;8;9;3;2;4;0;2;0;0
2020-08-05 05:31:59;43;4;8;9;3;2;4;0;2;0;0
2020-08-05 05:32:58;43;4;8;9;3;2;4;0;2;0;0
2020-08-05 05:33:59;43;4;8;9;3;2;4;0;2;0;0
2020-08-05 05:34:59;43;4;8;9;3;2;4;0;2;0;0
2020-08-05 05:35:58;43;4;8;9;3;2;4;0;2;0;0
2020-08-05 05:36:59;43;4;8;9;3;2;4;0;2;0;0
2020-08-05 05:37:59;43;4;8;9;3;2;4;0;2;0;0
2020-08-05 05:38:58;43;4;8;9;3;2;4;0;2;0;0
2020-08-05 05:39:59;43;4;8;9;3;2;4;0;2;0;0
2020-08-05 05:40:59;43;4;8;9;3;2;4;0;2;0;0
2020-08-05 05:41:58;43;4;8;9;3;2;4;0;2;0;0
2020-08-05 05:42:59;43;4;8;9;3;2;4;0;2;0;0
2020-08-05 05:43:58;43;4;8;9;3;2;4;0;2;0;0
2020-08-05 05:44:59;43;4;8;9;3;2;4;0;2;0;0
2020-08-05 05:45:59;43;4;8;9;3;2;4;0;2;0;0
2020-08-05 05:46:58;43;4;8;9;3;2;4;0;2;0;0
2020-08-05 05:47:59;43;4;8;9;3;2;4;0;2;0;0
2020-08-05 05:48:58;43;4;8;9;3;2;4;0;2;0;0
2020-08-05 05:50:00;43;4;8;9;3;2;4;0;2;0;0
2020-08-05 05:50:58;43;4;8;9;3;2;4;0;2;0;0
2020-08-05 05:51:59;44;4;8;9;3;2;4;0;2;0;0
2020-08-05 05:52:58;44;4;8;9;3;2;4;0;2;0;0
2020-08-05 05:53:59;44;4;8;9;3;2;4;0;2;0;0
2020-08-05 05:54:58;44;4;8;9;3;2;4;0;2;0;0
2020-08-05 05:55:59;44;4;8;9;3;2;4;0;2;0;0
2020-08-05 05:56:58;44;4;8;9;3;2;4;0;2;0;0
2020-08-05 05:57:59;44;4;8;9;3;2;4;0;2;0;0
2020-08-05 05:58:59;44;4;8;9;3;2;4;0;2;0;0
2020-08-05 05:59:58;44;4;8;9;3;2;4;0;2;0;0
2020-08-05 06:00:59;44;4;8;9;3;2;4;0;2;0;0
2020-08-05 06:01:59;44;4;8;9;3;2;4;0;2;0;0
2020-08-05 06:02:58;44;4;8;9;3;2;4;0;2;0;0
2020-08-05 06:03:59;44;4;8;9;3;2;4;0;2;0;0
2020-08-05 06:04:58;44;4;8;9;3;2;4;0;2;0;0
2020-08-05 06:05:59;44;4;8;9;3;2;4;0;2;0;0
2020-08-05 06:06:58;44;4;8;9;3;2;4;0;2;0;0
2020-08-05 06:07:59;44;4;8;9;3;2;4;0;2;0;0
2020-08-05 06:08:59;44;4;8;9;3;2;4;0;2;0;0
2020-08-05 06:09:58;45;4;8;9;3;2;4;0;2;0;0
2020-08-05 06:10:59;44;4;8;9;3;2;4;0;2;0;0
2020-08-05 06:11:58;44;4;8;9;3;2;4;0;2;0;0
2020-08-05 06:12:59;44;4;8;9;3;2;4;0;2;0;0
2020-08-05 06:13:59;44;4;8;9;3;2;4;0;2;0;0
2020-08-05 06:14:58;44;4;8;9;3;2;4;0;2;0;0
2020-08-05 06:15:59;44;4;8;9;3;2;4;0;2;0;0
2020-08-05 06:16:59;44;4;8;9;3;2;4;0;2;0;0
2020-08-05 06:17:58;44;4;8;9;3;2;4;0;2;0;0
2020-08-05 06:18:59;44;4;8;9;3;2;4;0;2;0;0
2020-08-05 06:19:59;44;4;8;9;3;2;4;0;2;0;0
2020-08-05 06:20:58;44;4;8;9;3;2;4;0;2;0;0
2020-08-05 06:21:59;44;4;8;9;3;2;4;0;2;0;0
2020-08-05 06:22:58;44;4;8;9;3;2;4;0;2;0;0
2020-08-05 06:23:59;44;4;8;9;3;2;4;0;2;0;0
2020-08-05 06:24:59;44;4;8;9;3;2;4;0;2;0;0
2020-08-05 06:25:58;45;4;9;9;3;2;4;0;2;0;0
2020-08-05 06:26:59;46;4;9;9;3;2;4;0;2;1;0
2020-08-05 06:27:58;46;4;9;9;3;2;4;0;2;1;0
2020-08-05 06:28:59;46;4;9;9;3;2;4;0;2;1;0
2020-08-05 06:29:59;46;4;9;9;3;2;4;0;2;1;0
2020-08-05 06:30:58;46;4;9;9;3;2;4;0;2;1;0
2020-08-05 06:31:59;46;4;9;9;3;2;4;0;2;1;0
2020-08-05 06:32:58;46;4;9;9;3;2;4;0;2;1;0
2020-08-05 06:33:59;46;4;9;9;3;2;4;0;2;1;0
2020-08-05 06:34:59;46;4;9;9;3;2;4;0;2;1;0
2020-08-05 06:35:58;46;4;9;9;3;2;4;0;2;1;0
2020-08-05 06:36:59;47;4;9;10;3;2;4;0;2;1;0
2020-08-05 06:37:58;47;4;9;10;3;2;4;0;2;1;0
2020-08-05 06:39:00;48;4;10;10;3;2;4;0;2;1;0
2020-08-05 06:39:58;48;4;10;10;3;2;4;0;2;1;0
2020-08-05 06:40:59;48;4;10;10;3;2;4;0;2;1;0
2020-08-05 06:41:59;48;4;10;10;3;2;4;0;2;1;0
2020-08-05 06:42:58;48;4;10;10;3;2;4;0;2;1;0
2020-08-05 06:43:59;48;4;10;10;3;2;4;0;2;1;0
2020-08-05 06:44:58;48;4;10;10;3;2;4;0;2;1;0
2020-08-05 06:45:59;48;4;10;10;3;2;4;0;2;1;0
2020-08-05 06:46:59;48;4;10;10;3;2;4;0;2;1;0
2020-08-05 06:47:58;48;4;10;10;3;2;4;0;2;1;0
2020-08-05 06:48:59;48;4;10;10;3;2;4;0;2;1;0
2020-08-05 06:49:58;48;4;10;10;3;2;4;0;2;1;0
2020-08-05 06:50:59;48;4;10;10;3;2;4;0;2;1;0
2020-08-05 06:51:59;48;4;10;10;3;2;4;0;2;1;0
2020-08-05 06:52:58;48;4;10;10;3;2;4;0;2;1;0
2020-08-05 06:53:59;49;4;10;10;3;2;4;0;2;0;0
2020-08-05 06:54:59;50;4;11;10;3;2;4;0;2;0;0
2020-08-05 06:55:58;50;4;11;10;3;2;4;0;2;0;0
2020-08-05 06:56:59;50;4;11;10;3;2;4;0;2;0;0
2020-08-05 06:57:58;50;4;11;10;3;2;4;0;2;0;0
2020-08-05 06:58:59;51;5;11;10;3;2;4;0;2;0;0
2020-08-05 06:59:59;51;5;11;10;3;2;4;0;2;0;0
2020-08-05 07:00:58;51;5;11;10;3;2;4;0;2;0;0
2020-08-05 07:01:59;51;5;11;10;3;2;4;0;2;0;0
2020-08-05 07:02:58;51;5;11;10;3;2;4;0;2;0;0
2020-08-05 07:03:59;51;5;11;10;3;2;4;0;2;0;0
2020-08-05 07:04:59;51;5;11;10;3;2;4;0;2;0;0
2020-08-05 07:05:58;51;5;11;10;3;2;4;0;2;0;0
2020-08-05 07:06:59;51;5;11;10;3;2;4;0;2;0;0
2020-08-05 07:07:59;51;5;11;10;3;2;4;0;2;0;0
2020-08-05 07:08:58;51;5;11;10;3;2;4;0;2;0;0
2020-08-05 07:09:59;51;5;11;10;3;2;4;0;2;0;0
2020-08-05 07:10:58;52;5;11;10;3;2;5;0;2;0;0
2020-08-05 07:11:59;53;5;12;10;3;2;5;0;2;0;0
2020-08-05 07:12:58;53;5;12;10;3;2;5;0;2;0;0
2020-08-05 07:14:00;53;5;12;10;3;2;5;0;2;0;0
2020-08-05 07:14:58;53;5;12;10;3;2;5;0;2;0;0
2020-08-05 07:15:59;54;5;13;10;3;2;5;0;2;0;0
2020-08-05 07:16:58;54;5;13;10;3;2;5;0;2;0;0
2020-08-05 07:17:59;55;5;13;10;4;2;5;0;2;0;0
2020-08-05 07:18:58;56;5;14;10;4;2;5;0;2;0;0
2020-08-05 07:19:59;56;5;14;10;4;2;5;0;2;0;0
2020-08-05 07:20:58;56;5;14;10;4;2;5;0;2;0;0
2020-08-05 07:21:59;56;5;14;10;4;2;5;0;2;0;0
2020-08-05 07:22:58;56;5;14;10;4;2;5;0;2;0;0
2020-08-05 07:23:59;56;5;14;10;4;2;5;0;2;0;0
2020-08-05 07:24:59;56;5;14;10;4;2;5;0;2;0;0
2020-08-05 07:25:58;56;5;14;10;4;2;5;0;2;0;0
2020-08-05 07:27:00;56;5;14;10;4;2;5;0;2;0;0
2020-08-05 07:27:58;56;5;14;10;4;2;5;0;2;0;0
2020-08-05 07:28:59;58;7;14;10;4;2;5;0;2;0;0
2020-08-05 07:29:58;60;9;14;10;4;2;5;0;2;0;0
2020-08-05 07:30:59;60;9;14;10;4;2;5;0;2;0;0
2020-08-05 07:31:58;60;9;14;10;4;2;5;0;2;0;0
2020-08-05 07:32:59;60;9;14;10;4;2;5;0;2;0;0
2020-08-05 07:33:58;60;9;14;10;4;2;5;0;2;0;0
2020-08-05 07:34:59;60;9;14;10;4;2;5;0;2;0;0
2020-08-05 07:35:59;60;9;14;10;4;2;5;0;2;0;0
2020-08-05 07:36:58;60;9;14;10;4;2;5;0;2;0;0
2020-08-05 07:37:59;60;9;14;10;4;2;5;0;2;0;0
2020-08-05 07:38:59;60;9;14;10;4;2;5;0;2;0;0
2020-08-05 07:39:58;60;9;14;10;4;2;5;0;2;0;0
2020-08-05 07:40:59;60;9;14;10;4;2;5;0;2;0;0
2020-08-05 07:41:58;60;9;14;10;4;2;5;0;2;0;0
2020-08-05 07:42:59;60;9;14;10;4;2;5;0;2;0;0
2020-08-05 07:43:58;60;9;14;10;4;2;5;0;2;0;0
2020-08-05 07:45:00;60;9;14;10;4;2;5;0;2;0;0
2020-08-05 07:45:58;60;9;14;10;4;2;5;0;2;0;0
2020-08-05 07:46:59;60;9;14;10;4;2;5;0;2;0;0
2020-08-05 07:47:59;61;9;14;10;4;2;5;0;2;0;0
2020-08-05 07:48:58;62;9;14;10;4;2;5;2;2;0;0
2020-08-05 07:49:59;62;9;14;10;4;2;5;2;2;0;0
2020-08-05 07:50:58;62;9;14;10;4;2;5;2;2;0;0
2020-08-05 07:51:59;62;9;14;10;4;2;5;2;2;0;0
2020-08-05 07:52:59;62;9;14;10;4;2;5;2;2;0;0
2020-08-05 07:53:58;63;9;14;10;4;2;5;2;0;2;0
2020-08-05 07:54:59;63;9;14;10;4;2;5;2;0;2;0
2020-08-05 07:55:58;63;9;14;10;4;2;5;2;0;2;0
2020-08-05 07:56:59;63;9;14;10;4;2;5;2;0;2;0
2020-08-05 07:57:59;64;9;15;10;4;2;5;2;0;2;0
2020-08-05 07:58:58;64;9;15;10;4;2;5;2;0;2;0
2020-08-05 07:59:59;64;9;15;10;4;2;5;2;0;2;0
2020-08-05 08:00:58;65;9;16;10;4;2;5;2;0;2;0
2020-08-05 08:01:59;65;9;16;10;4;2;5;2;0;2;0
2020-08-05 08:02:59;65;9;16;10;4;2;5;2;0;2;0
2020-08-05 08:03:58;65;9;16;10;4;2;5;2;0;2;0
2020-08-05 08:05:00;65;9;16;10;4;2;5;2;0;2;0
2020-08-05 08:05:58;65;9;16;10;4;2;5;2;0;2;0
2020-08-05 08:06:59;65;9;16;10;4;2;5;2;0;2;0
2020-08-05 08:07:59;65;9;16;10;4;2;5;2;0;2;0
2020-08-05 08:08:58;65;9;16;10;4;2;5;2;0;2;0
2020-08-05 08:09:59;65;9;16;10;4;2;5;2;0;2;0
2020-08-05 08:10:59;65;9;16;10;4;2;5;2;0;2;0
2020-08-05 08:11:58;65;9;16;10;4;2;5;2;0;2;0
2020-08-05 08:12:59;65;9;16;10;4;2;5;2;0;2;0
2020-08-05 08:13:58;65;9;16;10;4;2;5;2;0;2;0
2020-08-05 08:14:59;66;9;17;10;4;2;5;2;0;2;0
2020-08-05 08:15:59;66;9;17;10;4;2;5;2;0;2;0
2020-08-05 08:16:58;66;9;17;10;4;2;5;2;0;2;0
2020-08-05 08:17:59;66;9;17;10;4;2;5;2;0;2;0
2020-08-05 08:18:59;66;9;17;10;4;2;5;2;0;2;0
2020-08-05 08:19:58;66;9;17;10;4;2;5;2;0;2;0
2020-08-05 08:20:59;67;9;17;10;5;2;5;2;2;2;0
2020-08-05 08:21:58;67;9;17;10;5;2;5;2;2;2;0
2020-08-05 08:22:59;67;9;17;10;5;2;5;2;2;2;0
2020-08-05 08:23:59;67;9;17;10;5;2;5;2;2;2;0
2020-08-05 08:24:58;67;9;17;10;5;2;5;2;2;2;0
2020-08-05 08:25:59;67;9;17;10;5;2;5;2;2;2;0
2020-08-05 08:26:58;67;9;17;10;5;2;5;2;2;2;0
2020-08-05 08:27:59;67;9;17;10;5;2;5;2;2;2;0
2020-08-05 08:28:58;67;9;17;10;5;2;5;2;2;2;0
2020-08-05 08:29:59;67;9;17;10;5;2;5;2;2;2;0
2020-08-05 08:30:58;67;9;17;10;5;2;5;2;2;2;0
2020-08-05 08:31:59;67;9;17;10;5;2;5;2;2;2;0
2020-08-05 08:32:58;68;9;17;10;5;0;5;2;2;2;0
2020-08-05 08:33:59;68;9;17;10;5;0;5;2;2;2;0
2020-08-05 08:34:59;68;9;17;10;5;0;5;2;2;2;0
2020-08-05 08:35:58;68;9;17;10;5;0;5;2;2;2;0
2020-08-05 08:36:59;68;9;17;10;5;0;5;2;2;2;0
2020-08-05 08:37:59;69;9;17;11;5;0;5;2;2;2;0
2020-08-05 08:38:58;69;9;17;11;5;0;5;2;2;2;0
2020-08-05 08:39:59;69;9;17;11;5;0;5;2;2;2;0
2020-08-05 08:40:58;69;9;17;11;5;0;5;2;2;2;0
2020-08-05 08:41:59;70;9;17;11;5;2;6;2;0;2;0
2020-08-05 08:42:59;70;9;17;11;5;2;6;2;0;2;0
2020-08-05 08:43:58;70;9;17;11;5;2;6;2;0;2;0
2020-08-05 08:44:59;70;9;17;11;5;2;6;2;0;2;0
2020-08-05 08:45:58;72;10;18;11;5;2;6;2;0;2;0
2020-08-05 08:46:59;73;10;18;11;6;0;6;2;2;2;0
2020-08-05 08:47:58;74;10;18;11;7;2;6;2;0;2;0
2020-08-05 08:48:59;74;10;18;11;7;2;6;2;0;2;0
2020-08-05 08:49:58;74;10;18;11;7;2;6;2;0;2;0
2020-08-05 08:50:59;74;10;18;11;7;2;6;2;0;2;0
2020-08-05 08:51:59;74;10;18;11;7;2;6;2;0;2;0
2020-08-05 08:52:58;74;10;18;11;7;2;6;2;0;2;0
2020-08-05 08:53:59;74;10;18;11;7;2;6;2;0;2;0
2020-08-05 08:54:58;74;10;18;11;7;2;6;2;0;2;0
2020-08-05 08:55:59;74;10;18;11;7;2;6;2;0;2;0
2020-08-05 08:56:58;74;10;18;11;7;2;6;2;0;2;0
2020-08-05 08:57:59;74;10;18;11;7;2;6;2;0;2;0
2020-08-05 08:58:58;74;10;18;11;7;2;6;2;0;2;0
2020-08-05 08:59:59;74;10;18;11;7;2;6;2;0;2;0
2020-08-05 09:00:58;74;10;18;11;7;2;6;2;0;2;0
2020-08-05 09:01:59;74;10;18;11;7;2;6;2;0;2;0
2020-08-05 09:02:59;74;10;18;11;7;2;6;2;0;2;0
2020-08-05 09:03:58;75;10;18;11;7;3;6;2;0;2;0
2020-08-05 09:04:59;75;10;18;11;7;3;6;2;0;2;0
2020-08-05 09:05:59;75;10;18;11;7;3;6;2;0;2;0
2020-08-05 09:06:58;75;10;18;11;7;3;6;2;0;2;0
2020-08-05 09:07:59;75;10;18;11;7;3;6;2;0;2;0
2020-08-05 09:08:58;76;10;19;11;7;3;6;2;0;2;0
2020-08-05 09:09:59;77;11;19;11;7;3;6;2;0;2;0
2020-08-05 09:10:58;77;11;19;11;7;3;6;2;0;2;0
2020-08-05 09:11:59;77;11;19;11;7;3;6;2;0;2;0
2020-08-05 09:12:59;77;11;19;11;7;3;6;2;0;2;0
2020-08-05 09:13:58;77;11;19;11;7;3;6;2;0;2;0
2020-08-05 09:14:59;77;11;19;11;7;3;6;2;0;2;0
2020-08-05 09:15:59;77;11;19;11;7;3;6;2;0;2;0
2020-08-05 09:16:58;77;11;19;11;7;3;6;2;0;2;0
2020-08-05 09:17:59;77;11;19;11;7;3;6;2;0;2;0
2020-08-05 09:18:58;77;11;19;11;7;3;6;2;0;2;0
2020-08-05 09:19:59;77;11;19;11;7;3;6;2;0;2;0
2020-08-05 09:20:58;77;11;19;11;7;3;6;2;0;2;0
2020-08-05 09:21:59;77;11;19;11;7;3;6;2;0;2;0
2020-08-05 09:22:59;77;11;19;11;7;3;6;2;0;2;0
2020-08-05 09:23:58;77;11;19;11;7;3;6;2;0;2;0
2020-08-05 09:24:59;77;11;19;11;7;3;6;2;0;2;0
2020-08-05 09:25:58;77;11;19;11;7;3;6;2;0;2;0
2020-08-05 09:26:59;77;11;19;11;7;3;6;2;0;2;0
2020-08-05 09:27:59;77;11;19;11;7;3;6;2;0;2;0
2020-08-05 09:28:58;78;11;19;11;8;3;6;2;0;2;0
2020-08-05 09:29:59;78;11;19;11;8;3;6;2;0;2;0
2020-08-05 09:30:58;79;11;20;11;8;3;6;2;0;2;0
2020-08-05 09:31:59;79;11;20;11;8;3;6;2;0;2;0
2020-08-05 09:32:58;79;11;20;11;8;3;6;2;0;2;0
2020-08-05 09:33:59;79;11;20;11;8;3;6;2;0;2;0
2020-08-05 09:34:58;79;11;20;11;8;3;6;2;0;2;0
2020-08-05 09:35:59;79;11;20;11;8;3;6;2;0;2;0
2020-08-05 09:36:59;80;11;20;11;8;3;6;0;2;2;0
2020-08-05 09:37:58;80;11;20;11;8;3;6;0;2;2;0
2020-08-05 09:38:59;80;11;20;11;8;3;6;0;2;2;0
2020-08-05 09:39:58;81;11;20;12;8;3;6;0;2;2;0
2020-08-05 09:40:59;81;11;20;12;8;3;6;0;2;2;0
2020-08-05 09:41:58;81;11;20;12;8;3;6;0;2;2;0
2020-08-05 09:42:59;81;11;20;12;8;3;6;0;2;2;0
2020-08-05 09:43:59;81;11;20;12;8;3;6;0;2;2;0
2020-08-05 09:44:58;81;11;20;12;8;3;6;0;2;2;0
2020-08-05 09:45:59;81;11;20;12;8;3;6;0;2;2;0
2020-08-05 09:46:58;81;11;20;12;8;3;6;0;2;2;0
2020-08-05 09:47:59;82;11;21;12;8;3;6;0;2;2;0
2020-08-05 09:48:58;82;11;21;12;8;3;6;0;2;2;0
2020-08-05 09:49:59;83;11;21;12;9;3;6;0;2;2;0
2020-08-05 09:50:59;84;12;21;12;9;3;6;0;2;2;0
2020-08-05 09:51:58;84;12;21;12;9;3;6;0;2;2;0
2020-08-05 09:52:59;84;12;21;12;9;3;6;0;2;2;0
2020-08-05 09:53:58;84;12;21;12;9;3;6;0;2;2;0
2020-08-05 09:54:59;84;12;21;12;9;3;6;0;2;2;0
2020-08-05 09:55:59;84;12;21;12;9;3;6;0;2;2;0
2020-08-05 09:56:58;84;12;21;12;9;3;6;0;2;2;0
2020-08-05 09:57:59;84;12;21;12;9;3;6;0;2;2;0
2020-08-05 09:58:58;84;12;21;12;9;3;6;0;2;2;0
2020-08-05 09:59:59;84;12;21;12;9;3;6;0;2;2;0
2020-08-05 10:00:58;84;12;21;12;9;3;6;0;2;2;0
2020-08-05 10:01:59;84;12;21;12;9;3;6;0;2;2;0
2020-08-05 10:02:59;84;12;21;12;9;3;6;0;2;2;0
2020-08-05 10:03:58;84;12;21;12;9;3;6;0;2;2;0
2020-08-05 10:04:59;84;12;21;12;9;3;6;0;2;2;0
2020-08-05 10:05:59;84;12;21;12;9;3;6;0;2;2;0
2020-08-05 10:06:58;84;12;21;12;9;3;6;0;2;2;0
2020-08-05 10:07:59;84;12;21;12;9;3;6;0;2;2;0
2020-08-05 10:08:58;84;12;21;12;9;3;6;0;2;2;0
2020-08-05 10:09:59;84;12;21;12;9;3;6;0;2;2;0
2020-08-05 10:10:58;84;12;21;12;9;3;6;0;2;2;0
2020-08-05 10:11:59;84;12;21;12;9;3;6;0;2;2;0
2020-08-05 10:12:58;84;12;21;12;9;3;6;0;2;2;0
2020-08-05 10:13:59;84;12;21;12;9;3;6;0;2;2;0
2020-08-05 10:14:59;84;12;21;12;9;3;6;0;2;2;0
2020-08-05 10:15:58;84;12;21;12;9;3;6;0;2;2;0
2020-08-05 10:16:59;85;13;21;12;9;3;6;0;2;2;0
2020-08-05 10:17:59;85;13;21;12;9;3;6;0;2;2;0
2020-08-05 10:18:58;86;13;22;12;9;3;6;0;2;2;0
2020-08-05 10:19:59;86;13;22;12;9;3;6;0;2;2;0
2020-08-05 10:20:58;86;13;22;12;9;3;6;0;2;2;0
2020-08-05 10:21:59;86;13;22;12;9;3;6;0;2;2;0
2020-08-05 10:22:59;86;13;22;12;9;3;6;0;2;2;0
2020-08-05 10:23:58;86;13;22;12;9;3;6;0;2;2;0
2020-08-05 10:24:59;87;14;22;12;9;3;6;0;2;2;0
2020-08-05 10:25:58;87;14;22;12;9;3;6;0;2;2;0
2020-08-05 10:26:59;87;14;22;12;9;3;6;0;2;2;0
2020-08-05 10:27:59;87;14;22;12;9;3;6;0;2;2;0
2020-08-05 10:28:58;87;14;22;12;9;3;6;0;2;2;0
2020-08-05 10:29:59;87;14;22;12;9;3;6;0;2;2;0
2020-08-05 10:30:58;87;14;22;12;9;3;6;0;2;2;0
2020-08-05 10:31:59;87;14;22;12;9;3;6;0;2;2;0
2020-08-05 10:32:59;87;14;22;12;9;3;6;0;2;2;0
2020-08-05 10:33:58;87;14;22;12;9;3;6;0;2;2;0
2020-08-05 10:34:59;88;15;22;12;9;3;6;0;2;2;0
2020-08-05 10:35:58;88;15;22;12;9;3;6;0;2;2;0
2020-08-05 10:36:59;88;15;22;12;9;3;6;0;2;2;0
2020-08-05 10:37:58;88;15;22;12;9;3;6;0;2;2;0
2020-08-05 10:38:59;89;15;22;12;9;3;6;0;2;2;0
2020-08-05 10:39:58;89;15;22;12;9;3;6;0;2;2;0
2020-08-05 10:40:59;89;15;22;12;9;3;6;0;2;2;0
2020-08-05 10:41:59;90;15;22;13;9;3;6;0;2;2;0
2020-08-05 10:42:58;90;15;22;13;9;3;6;0;2;2;0
2020-08-05 10:43:59;90;15;22;13;9;3;6;0;2;2;0
2020-08-05 10:44:59;90;15;22;13;9;3;6;0;2;2;0
2020-08-05 10:45:58;90;15;22;13;9;3;6;0;2;2;0
2020-08-05 10:46:59;90;15;22;13;9;3;6;0;2;2;0
2020-08-05 10:47:58;90;15;22;13;9;3;6;0;2;2;0
2020-08-05 10:48:59;91;15;22;14;9;3;6;0;2;2;0
2020-08-05 10:49:58;91;15;22;14;9;3;6;0;2;2;0
2020-08-05 10:50:59;91;15;22;14;9;3;6;0;2;2;0
2020-08-05 10:51:58;91;15;22;14;9;3;6;0;2;2;0
2020-08-05 10:52:59;91;15;22;14;9;3;6;0;2;2;0
2020-08-05 10:53:59;91;15;22;14;9;3;6;0;2;2;0
2020-08-05 10:54:58;91;15;22;14;9;3;6;0;2;2;0
2020-08-05 10:55:59;91;15;22;14;9;3;6;0;2;2;0
2020-08-05 10:56:58;91;15;22;14;9;3;6;0;2;2;0
2020-08-05 10:57:59;91;15;22;14;9;3;6;0;2;2;0
2020-08-05 10:58:58;91;15;22;14;9;3;6;0;2;2;0
2020-08-05 10:59:59;91;15;22;14;9;3;6;0;2;2;0
2020-08-05 11:00:58;91;15;22;14;9;3;6;0;2;2;0
2020-08-05 11:02:00;91;15;22;14;9;3;6;0;2;2;0
2020-08-05 11:02:58;91;15;22;14;9;3;6;0;2;2;0
2020-08-05 11:03:59;92;15;22;15;9;3;6;0;2;2;0
2020-08-05 11:04:59;91;15;22;14;9;3;6;0;2;2;0
2020-08-05 11:05:58;92;15;23;14;9;3;6;0;2;2;0
2020-08-05 11:06:59;93;16;23;14;9;3;6;0;2;2;0
2020-08-05 11:07:58;93;16;23;14;9;3;6;0;2;2;0
2020-08-05 11:08:59;93;16;23;14;9;3;6;0;2;2;0
2020-08-05 11:09:58;93;16;23;14;9;3;6;0;2;2;0
2020-08-05 11:10:59;94;17;23;14;9;3;6;0;2;2;0
2020-08-05 11:11:58;94;17;23;14;9;3;6;0;2;2;0
2020-08-05 11:12:59;94;17;23;14;9;3;6;0;2;2;0
2020-08-05 11:13:58;94;17;23;14;9;3;6;0;2;2;0
2020-08-05 11:14:59;94;17;23;14;9;3;6;0;2;2;0
2020-08-05 11:15:58;96;17;24;14;9;3;6;0;2;2;0
2020-08-05 11:16:59;96;17;24;14;9;3;6;0;2;2;0
2020-08-05 11:17:59;96;17;24;14;9;3;6;0;2;2;0
2020-08-05 11:18:58;96;17;24;14;9;3;6;0;2;2;0
2020-08-05 11:19:59;96;17;24;14;9;3;6;0;2;2;0
2020-08-05 11:20:58;96;17;24;14;9;3;6;0;2;2;0
2020-08-05 11:21:59;96;17;24;14;9;3;6;0;2;2;0
2020-08-05 11:22:59;96;17;24;14;9;3;6;0;2;2;0
2020-08-05 11:23:58;96;17;24;14;9;3;6;0;2;2;0
2020-08-05 11:24:59;96;17;24;14;9;3;6;0;2;2;0
2020-08-05 11:25:58;96;17;24;14;9;3;6;0;2;2;0
2020-08-05 11:26:59;96;17;24;14;9;3;6;0;2;2;0
2020-08-05 11:27:58;97;17;25;14;9;3;6;0;2;2;0
2020-08-05 11:28:59;97;17;25;14;9;3;6;0;2;2;0
2020-08-05 11:29:58;97;17;25;14;9;3;6;0;2;2;0
2020-08-05 11:30:59;97;17;25;14;9;3;6;0;2;2;0
2020-08-05 11:31:59;97;17;25;14;9;3;6;0;2;2;0
2020-08-05 11:32:58;97;17;25;14;9;3;6;0;2;2;0
2020-08-05 11:33:59;97;17;25;14;9;3;6;0;2;2;0
2020-08-05 11:34:58;97;17;25;14;9;3;6;0;2;2;0
2020-08-05 11:35:59;97;17;25;14;9;3;6;0;2;2;0
2020-08-05 11:36:58;97;17;25;14;9;3;6;0;2;2;0
2020-08-05 11:37:59;97;17;25;14;9;3;6;0;2;2;0
2020-08-05 11:38:59;97;17;25;14;9;3;6;0;2;2;0
2020-08-05 11:39:58;97;17;25;14;9;3;6;0;2;2;0
2020-08-05 11:41:00;97;17;25;14;9;3;6;0;2;2;0
2020-08-05 11:41:58;97;17;25;14;9;3;6;0;2;2;0
2020-08-05 11:42:59;97;17;25;14;9;3;6;0;2;2;0
2020-08-05 11:43:59;97;17;25;14;9;3;6;0;2;2;0
2020-08-05 11:44:58;98;17;25;15;9;3;6;0;2;2;0
2020-08-05 11:45:59;98;17;25;15;9;3;6;0;2;2;0
2020-08-05 11:46:58;98;17;25;15;9;3;6;0;2;2;0
2020-08-05 11:47:59;98;17;25;15;9;3;6;0;2;2;0
2020-08-05 11:48:59;98;17;25;15;9;3;6;0;2;2;0
2020-08-05 11:49:58;98;17;25;15;9;3;6;0;2;2;0
2020-08-05 11:50:59;98;17;25;15;9;3;6;0;2;2;0
2020-08-05 11:51:58;98;17;25;15;9;3;6;0;2;2;0
2020-08-05 11:52:59;98;17;25;15;9;3;6;0;2;2;0
2020-08-05 11:53:58;98;17;25;15;9;3;6;0;2;2;0
2020-08-05 11:54:59;98;17;25;15;9;3;6;0;2;2;0
2020-08-05 11:55:59;98;17;25;15;9;3;6;0;2;2;0
2020-08-05 11:56:58;98;17;25;15;9;3;6;0;2;2;0
2020-08-05 11:57:59;98;17;25;15;9;3;6;0;2;2;0
2020-08-05 11:58:58;98;17;25;15;9;3;6;0;2;2;0
2020-08-05 11:59:59;98;17;25;15;9;3;6;0;2;2;0
2020-08-05 12:00:58;98;17;25;15;9;3;6;0;2;2;0
2020-08-05 12:01:59;98;17;25;15;9;3;6;0;2;2;0
2020-08-05 12:02:59;98;17;25;15;9;3;6;0;2;2;0
2020-08-05 12:03:58;98;17;25;15;9;3;6;0;2;2;0
2020-08-05 12:04:59;98;17;25;15;9;3;6;0;2;2;0
2020-08-05 12:05:58;98;17;25;15;9;3;6;0;2;2;0
2020-08-05 12:06:59;98;17;25;15;9;3;6;0;2;2;0
2020-08-05 12:07:58;98;17;25;15;9;3;6;0;2;2;0
2020-08-05 12:08:59;98;17;25;15;9;3;6;0;2;2;0
2020-08-05 12:09:58;98;17;25;15;9;3;6;0;2;2;0
2020-08-05 12:10:59;98;17;25;15;9;3;6;0;2;2;0
2020-08-05 12:11:58;98;17;25;15;9;3;6;0;2;2;0
2020-08-05 12:12:59;98;17;25;15;9;3;6;0;2;2;0
2020-08-05 12:13:59;98;17;25;15;9;3;6;0;2;2;0
2020-08-05 12:14:58;99;17;26;15;9;3;6;0;2;2;0
2020-08-05 12:15:59;101;18;26;15;9;3;7;0;2;2;0
2020-08-05 12:16:58;101;18;26;15;9;3;7;0;2;2;0
2020-08-05 12:17:59;101;18;26;15;9;3;7;0;2;2;0
2020-08-05 12:18:58;101;18;26;15;9;3;7;0;2;2;0
2020-08-05 12:19:59;102;19;26;15;9;3;7;0;2;2;0
2020-08-05 12:20:58;102;19;26;15;9;3;7;0;2;2;0
2020-08-05 12:21:59;103;19;26;16;9;3;7;0;2;2;0
2020-08-05 12:22:58;103;19;26;16;9;3;7;0;2;2;0
2020-08-05 12:24:00;103;19;26;16;9;3;7;0;2;2;0
2020-08-05 12:24:58;103;19;26;16;9;3;7;0;2;2;0
2020-08-05 12:25:59;103;19;26;16;9;3;7;0;2;2;0
2020-08-05 12:26:59;103;19;26;16;9;3;7;0;2;2;0
2020-08-05 12:27:58;104;19;27;16;9;3;7;0;2;2;0
2020-08-05 12:28:59;104;19;27;16;9;3;7;0;2;2;0
2020-08-05 12:29:58;105;19;27;17;9;3;7;0;2;2;0
2020-08-05 12:30:59;105;19;27;17;9;3;7;0;2;2;0
2020-08-05 12:31:58;106;19;27;18;9;3;7;0;2;2;0
2020-08-05 12:32:59;106;19;27;18;9;3;7;0;2;2;0
2020-08-05 12:33:58;106;19;27;18;9;3;7;0;2;2;0
2020-08-05 12:34:59;106;19;27;18;9;3;7;0;2;2;0
2020-08-05 12:35:58;106;19;27;18;9;3;7;0;2;2;0
2020-08-05 12:36:59;106;19;27;18;9;3;7;0;2;2;0
2020-08-05 12:37:58;106;19;27;18;9;3;7;0;2;2;0
2020-08-05 12:38:59;106;19;27;18;9;3;7;0;2;2;0
2020-08-05 12:39:59;107;19;27;18;9;3;7;2;2;0;0
2020-08-05 12:40:58;107;19;27;18;9;3;7;2;2;0;0
2020-08-05 12:41:59;107;19;27;18;9;3;7;2;2;0;0
2020-08-05 12:42:58;107;19;27;18;9;3;7;2;2;0;0
2020-08-05 12:43:59;108;19;27;19;9;3;7;2;2;0;0
2020-08-05 12:44:58;108;19;27;19;9;3;7;2;2;0;0
2020-08-05 12:45:59;108;19;27;19;9;3;7;2;2;0;0
2020-08-05 12:46:58;108;19;27;19;9;3;7;2;2;0;0
2020-08-05 12:47:59;109;20;27;19;9;3;7;2;2;0;0
2020-08-05 12:48:59;109;20;27;19;9;3;7;2;2;0;0
2020-08-05 12:49:58;109;20;27;19;9;3;7;2;2;0;0
2020-08-05 12:50:59;109;20;27;19;9;3;7;2;2;0;0
2020-08-05 12:51:58;110;21;27;19;9;3;7;2;2;0;0
2020-08-05 12:52:59;110;21;27;19;9;3;7;2;2;0;0
2020-08-05 12:53:58;110;21;27;19;9;3;7;2;2;0;0
2020-08-05 12:55:00;110;21;27;19;9;3;7;2;2;0;0
2020-08-05 12:55:58;110;21;27;19;9;3;7;2;2;0;0
2020-08-05 12:56:59;110;21;27;19;9;3;7;2;2;0;0
2020-08-05 12:57:59;110;21;27;19;9;3;7;2;2;0;0
2020-08-05 12:58:58;110;21;27;19;9;3;7;2;2;0;0
2020-08-05 12:59:59;110;21;27;19;9;3;7;2;2;0;0
2020-08-05 13:00:58;110;21;27;19;9;3;7;2;2;0;0
2020-08-05 13:01:59;110;21;27;19;9;3;7;2;2;0;0
2020-08-05 13:02:58;110;21;27;19;9;3;7;2;2;0;0
2020-08-05 13:03:59;110;21;27;19;9;3;7;2;2;0;0
2020-08-05 13:04:59;110;21;27;19;9;3;7;2;2;0;0
2020-08-05 13:05:58;110;21;27;19;9;3;7;2;2;0;0
2020-08-05 13:06:59;110;21;27;19;9;3;7;2;2;0;0
2020-08-05 13:07:58;110;21;27;19;9;3;7;2;2;0;0
2020-08-05 13:08:59;111;22;27;19;9;3;7;2;2;0;0
2020-08-05 13:09:58;111;22;27;19;9;3;7;2;2;0;0
2020-08-05 13:10:59;111;22;27;19;9;3;7;2;2;0;0
2020-08-05 13:11:58;112;22;27;19;9;3;7;2;2;0;0
2020-08-05 13:12:59;112;22;27;19;9;3;7;2;2;0;0
2020-08-05 13:13:59;112;22;27;19;9;3;7;2;2;0;0
2020-08-05 13:14:58;112;22;27;19;9;3;7;2;2;0;0
2020-08-05 13:15:59;113;23;27;19;9;3;7;2;2;0;0
2020-08-05 13:16:58;113;23;27;19;9;3;7;2;2;0;0
2020-08-05 13:17:59;113;23;27;19;9;3;7;2;2;0;0
2020-08-05 13:18:59;113;23;27;19;9;3;7;2;2;0;0
2020-08-05 13:19:58;113;23;27;19;9;3;7;2;2;0;0
2020-08-05 13:20:59;113;23;27;19;9;3;7;2;2;0;0
2020-08-05 13:21:58;113;23;27;19;9;3;7;2;2;0;0
2020-08-05 13:22:59;113;23;27;19;9;3;7;2;2;0;0
2020-08-05 13:23:58;113;23;27;19;9;3;7;2;2;0;0
2020-08-05 13:25:00;113;23;27;19;9;3;7;2;2;0;0
2020-08-05 13:25:58;113;23;27;19;9;3;7;2;2;0;0
2020-08-05 13:26:59;113;23;27;19;9;3;7;2;2;0;0
2020-08-05 13:27:59;113;23;27;19;9;3;7;2;2;0;0
2020-08-05 13:28:58;113;23;27;19;9;3;7;2;2;0;0
2020-08-05 13:29:59;113;23;27;19;9;3;7;2;2;0;0
2020-08-05 13:30:58;113;23;27;19;9;3;7;2;2;0;0
2020-08-05 13:31:59;113;23;27;19;9;3;7;2;2;0;0
2020-08-05 13:32:58;113;23;27;19;9;3;7;2;2;0;0
2020-08-05 13:33:59;113;23;27;19;9;3;7;2;2;0;0
2020-08-05 13:34:59;113;23;27;19;9;3;7;2;2;0;0
2020-08-05 13:35:58;114;23;27;20;9;3;7;2;2;0;0
2020-08-05 13:36:59;114;23;27;20;9;3;7;2;2;0;0
2020-08-05 13:37:58;114;23;27;20;9;3;7;2;2;0;0
2020-08-05 13:38:59;114;23;27;20;9;3;7;2;2;0;0
2020-08-05 13:39:59;114;23;27;20;9;3;7;2;2;0;0
2020-08-05 13:40:58;114;23;27;20;9;3;7;2;2;0;0
2020-08-05 13:41:59;114;23;27;20;9;3;7;2;2;0;0
2020-08-05 13:42:58;114;23;27;20;9;3;7;2;2;0;0
2020-08-05 13:43:59;114;23;27;20;9;3;7;2;2;0;0
2020-08-05 13:44:59;114;23;27;20;9;3;7;2;2;0;0
2020-08-05 13:45:58;114;23;27;20;9;3;7;2;2;0;0
2020-08-05 13:46:59;115;23;27;21;9;3;7;2;2;0;0
2020-08-05 13:47:58;116;23;28;21;9;3;7;2;2;0;0
2020-08-05 13:48:59;116;23;28;21;9;3;7;2;2;0;0
2020-08-05 13:49:58;116;23;28;21;9;3;7;2;2;0;0
2020-08-05 13:50:59;116;23;28;21;9;3;7;2;2;0;0
2020-08-05 13:51:58;116;23;28;21;9;3;7;2;2;0;0
2020-08-05 13:52:59;116;23;28;21;9;3;7;2;2;0;0
2020-08-05 13:53:58;116;23;28;21;9;3;7;2;2;0;0
2020-08-05 13:54:59;116;23;28;21;9;3;7;2;2;0;0
2020-08-05 13:55:59;117;23;29;21;9;3;7;2;2;0;0
2020-08-05 13:56:58;117;23;29;21;9;3;7;2;2;0;0
2020-08-05 13:57:59;117;23;29;21;9;3;7;2;2;0;0
2020-08-05 13:58:59;117;23;29;21;9;3;7;2;2;0;0
2020-08-05 13:59:58;117;23;29;21;9;3;7;2;2;0;0
2020-08-05 14:00:59;117;23;29;21;9;3;7;2;2;0;0
2020-08-05 14:01:58;117;23;29;21;9;3;7;2;2;0;0
2020-08-05 14:02:59;117;23;29;21;9;3;7;2;2;0;0
2020-08-05 14:03:58;117;23;29;21;9;3;7;2;2;0;0
2020-08-05 14:04:59;117;23;29;21;9;3;7;2;2;0;0
2020-08-05 14:05:58;117;23;29;21;9;3;7;2;2;0;0
2020-08-05 14:06:59;117;23;29;21;9;3;7;2;2;0;0
2020-08-05 14:07:58;117;23;29;21;9;3;7;2;2;0;0
2020-08-05 14:08:59;117;23;29;21;9;3;7;2;2;0;0
2020-08-05 14:09:59;117;23;29;21;9;3;7;2;2;0;0
2020-08-05 14:10:58;117;23;29;21;9;3;7;2;2;0;0
2020-08-05 14:11:59;117;23;29;21;9;3;7;2;2;0;0
2020-08-05 14:12:58;117;23;29;21;9;3;7;2;2;0;0
2020-08-05 14:13:59;117;23;29;21;9;3;7;2;2;0;0
2020-08-05 14:14:58;117;23;29;21;9;3;7;2;2;0;0
2020-08-05 14:15:59;118;23;30;21;9;3;7;2;2;0;0
2020-08-05 14:16:59;118;23;30;21;9;3;7;2;2;0;0
2020-08-05 14:17:58;118;23;30;21;9;3;7;2;2;0;0
2020-08-05 14:18:59;119;24;30;21;9;3;7;2;2;0;0
2020-08-05 14:19:59;119;24;30;21;9;3;7;2;2;0;0
2020-08-05 14:20:58;118;24;30;21;9;3;7;0;2;2;0
2020-08-05 14:21:59;118;24;30;21;9;3;7;0;2;2;0
2020-08-05 14:22:58;119;25;30;21;9;3;7;0;2;2;0
2020-08-05 14:24:00;119;25;30;21;9;3;7;0;2;2;0
2020-08-05 14:24:58;119;25;30;21;9;3;7;0;2;2;0
2020-08-05 14:25:59;119;25;30;21;9;3;7;0;2;2;0
2020-08-05 14:26:59;120;25;30;21;10;3;7;0;2;2;0
2020-08-05 14:27:58;121;26;30;21;10;3;7;0;2;2;0
2020-08-05 14:28:59;121;26;30;21;10;3;7;0;2;2;0
2020-08-05 14:29:58;121;26;30;21;10;3;7;0;2;2;0
2020-08-05 14:30:59;121;26;30;21;10;3;7;0;2;2;0
2020-08-05 14:31:59;121;26;30;21;10;3;7;0;2;2;0
2020-08-05 14:32:58;121;26;30;21;10;3;7;0;2;2;0
2020-08-05 14:33:59;122;26;31;21;10;3;7;0;2;2;0
2020-08-05 14:34:58;122;26;31;21;10;3;7;0;2;2;0
2020-08-05 14:35:59;122;26;31;21;10;3;7;0;2;2;0
2020-08-05 14:36:58;122;26;31;21;10;3;7;0;2;2;0
2020-08-05 14:37:59;122;26;31;21;10;3;7;0;2;2;0
2020-08-05 14:38:58;123;26;31;21;10;3;7;0;2;2;0
2020-08-05 14:39:59;123;26;31;21;10;3;7;0;2;2;0
2020-08-05 14:40:59;123;26;31;21;10;3;7;0;2;2;0
2020-08-05 14:41:58;123;26;31;21;10;3;7;0;2;2;0
2020-08-05 14:42:59;123;26;31;21;10;3;7;0;2;2;0
2020-08-05 14:43:58;123;26;31;21;10;3;7;0;2;2;0
2020-08-05 14:44:59;124;26;31;21;10;3;7;0;2;2;0
2020-08-05 14:45:58;124;26;31;21;10;3;7;0;2;2;0
2020-08-05 14:46:59;124;26;31;21;10;3;7;0;2;2;0
2020-08-05 14:47:58;125;27;31;21;10;3;7;0;2;2;0
2020-08-05 14:48:59;125;27;31;21;10;3;7;0;2;2;0
2020-08-05 14:49:58;125;27;31;21;10;3;7;0;2;2;0
2020-08-05 14:50:59;125;27;31;21;10;3;7;0;2;2;0
2020-08-05 14:51:59;127;28;31;22;10;3;7;0;2;2;0
2020-08-05 14:52:58;127;28;31;22;10;3;7;0;2;2;0
2020-08-05 14:53:59;128;28;31;22;10;3;7;2;0;0;2
2020-08-05 14:54:58;128;28;31;22;10;3;7;2;0;0;2
2020-08-05 14:55:59;128;28;31;22;10;3;7;2;0;0;2
2020-08-05 14:56:59;128;28;31;22;10;3;7;2;0;0;2
2020-08-05 14:57:58;129;28;31;22;10;3;7;2;0;0;2
2020-08-05 14:58:59;129;28;31;22;10;3;7;2;0;0;2
2020-08-05 14:59:58;129;28;31;22;10;3;7;2;0;0;2
2020-08-05 15:00:59;129;28;31;22;10;3;7;2;0;0;2
2020-08-05 15:01:58;129;28;31;22;10;3;7;2;0;0;2
2020-08-05 15:02:59;129;28;31;22;10;3;7;2;0;0;2
2020-08-05 15:03:59;129;28;31;22;10;3;7;2;0;0;2
2020-08-05 15:04:58;130;28;31;22;10;3;7;0;3;0;2
2020-08-05 15:05:59;130;28;31;22;10;3;7;0;3;0;2
2020-08-05 15:06:58;130;28;31;22;10;3;7;0;3;0;2
2020-08-05 15:07:59;130;28;31;22;10;3;7;0;3;0;2
2020-08-05 15:08:58;130;28;31;22;10;3;7;0;3;0;2
2020-08-05 15:09:59;130;28;31;22;10;3;7;0;3;0;2
2020-08-05 15:10:58;130;28;31;22;10;3;7;0;3;0;2
2020-08-05 15:11:59;130;29;31;22;10;3;6;0;3;0;2
2020-08-05 15:12:58;131;30;31;22;10;3;6;0;3;0;2
2020-08-05 15:13:59;132;30;32;22;10;3;6;0;3;0;2
2020-08-05 15:14:58;132;30;32;22;10;3;6;0;3;0;2
2020-08-05 15:15:58;132;30;32;22;10;3;6;0;3;0;2
2020-08-05 15:16:59;132;30;32;22;10;3;6;0;3;0;2
2020-08-05 15:17:58;132;30;32;22;10;3;6;0;3;0;2
2020-08-05 15:18:59;132;30;32;22;10;3;6;0;3;0;2
2020-08-05 15:19:58;132;30;32;22;10;3;6;0;3;0;2
2020-08-05 15:20:59;132;30;32;22;10;3;6;0;3;0;2
2020-08-05 15:21:58;132;30;32;22;10;3;6;0;3;0;2
2020-08-05 15:22:59;132;30;32;22;10;3;6;0;3;0;2
2020-08-05 15:23:59;133;30;33;22;10;3;6;0;3;0;2
2020-08-05 15:24:58;133;30;33;22;10;3;6;0;3;0;2
2020-08-05 15:25:59;133;30;33;22;10;3;6;0;3;0;2
2020-08-05 15:26:58;133;30;33;22;10;3;6;0;3;0;2
2020-08-05 15:27:59;133;30;33;22;10;3;6;0;3;0;2
2020-08-05 15:28:59;134;30;33;22;10;3;6;0;3;0;2
2020-08-05 15:29:58;134;30;33;22;10;3;6;0;3;0;2
2020-08-05 15:30:59;134;30;33;22;10;3;6;0;3;0;2
2020-08-05 15:31:58;134;30;33;22;10;3;6;0;3;0;2
2020-08-05 15:32:59;134;30;33;22;10;3;6;0;3;0;2
2020-08-05 15:33:58;134;30;33;22;10;3;6;0;3;0;2
2020-08-05 15:34:59;134;30;33;22;10;3;6;0;3;0;2
2020-08-05 15:35:59;134;30;33;22;10;3;6;0;3;0;2
2020-08-05 15:36:58;134;30;33;22;10;3;6;0;3;0;2
2020-08-05 15:37:59;134;30;33;22;10;3;6;0;3;0;2
2020-08-05 15:38:58;134;30;33;22;10;3;6;0;3;0;2
2020-08-05 15:39:59;134;30;33;22;10;3;6;0;3;0;2
2020-08-05 15:40:59;134;30;33;22;10;3;6;0;3;0;2
2020-08-05 15:41:58;134;30;33;22;10;3;6;0;3;0;2
2020-08-05 15:42:59;134;30;33;22;10;3;6;0;3;0;2
2020-08-05 15:43:58;134;30;33;22;10;3;6;0;3;0;2
2020-08-05 15:44:59;134;30;33;22;10;3;6;0;3;0;2
2020-08-05 15:45:59;134;30;33;22;10;3;6;0;3;0;2
2020-08-05 15:46:58;134;30;33;22;10;3;6;0;3;0;2
2020-08-05 15:47:59;134;30;33;22;10;3;6;0;3;0;2
2020-08-05 15:48:58;134;30;33;22;10;3;6;0;3;0;2
2020-08-05 15:49:59;134;30;33;22;10;3;6;0;3;0;2
2020-08-05 15:50:58;135;31;33;22;10;3;6;0;3;0;2
2020-08-05 15:51:59;135;31;33;22;10;3;6;0;3;0;2
2020-08-05 15:52:59;135;31;33;22;10;3;6;0;3;0;2
2020-08-05 15:53:58;135;31;33;22;10;3;6;0;3;0;2
2020-08-05 15:54:59;135;31;33;22;10;3;6;0;3;0;2
2020-08-05 15:55:59;135;31;33;22;10;3;6;0;3;0;2
2020-08-05 15:56:59;135;31;33;22;10;3;6;0;3;0;2
2020-08-05 15:57:58;135;31;33;22;10;3;6;0;3;0;2
2020-08-05 15:58:59;136;31;33;22;10;4;6;0;3;0;2
2020-08-05 15:59:59;136;31;33;22;10;4;6;0;3;0;2
2020-08-05 16:00:58;136;31;33;22;10;4;6;0;3;0;2
2020-08-05 16:01:59;136;31;33;22;10;4;6;0;3;0;2
2020-08-05 16:02:59;136;31;33;22;10;4;6;0;3;0;2
2020-08-05 16:03:58;136;31;33;22;10;4;6;0;3;0;2
2020-08-05 16:04:59;136;31;33;22;10;4;6;0;3;0;2
2020-08-05 16:05:58;136;31;33;22;10;4;6;0;3;0;2
2020-08-05 16:06:59;136;31;33;22;10;4;6;0;3;0;2
2020-08-05 16:07:59;137;32;33;22;10;4;6;0;3;0;2
2020-08-05 16:08:58;137;32;33;22;10;4;6;0;3;0;2
2020-08-05 16:09:59;137;32;33;22;10;4;6;0;3;0;2
2020-08-05 16:10:58;138;33;33;22;10;4;6;0;3;0;2
2020-08-05 16:11:59;138;33;33;22;10;4;6;0;3;0;2
2020-08-05 16:12:59;138;33;33;22;10;4;6;0;3;0;2
2020-08-05 16:13:58;138;33;33;22;10;4;6;0;3;0;2
2020-08-05 16:14:59;138;33;33;22;10;4;6;0;3;0;2
2020-08-05 16:15:59;139;34;33;22;10;4;6;0;3;0;2
2020-08-05 16:16:58;139;34;33;22;10;4;6;0;3;0;2
2020-08-05 16:17:59;139;34;33;22;10;4;6;0;3;0;2
2020-08-05 16:18:58;139;34;33;22;10;4;6;0;3;0;2
2020-08-05 16:19:59;139;34;33;22;10;4;6;0;3;0;2
2020-08-05 16:20:58;140;35;33;22;10;4;6;0;3;0;2
2020-08-05 16:21:59;140;35;33;22;10;4;6;0;3;0;2
2020-08-05 16:22:58;140;35;33;22;10;4;6;0;3;0;2
2020-08-05 16:23:59;139;35;33;22;10;4;6;2;3;0;2
2020-08-05 16:24:59;138;35;33;22;10;4;6;2;3;0;3
2020-08-05 16:25:58;138;35;33;22;10;4;6;2;3;0;3
2020-08-05 16:26:59;138;35;33;22;10;4;6;2;3;0;3
2020-08-05 16:27:58;138;35;33;22;10;4;6;2;3;0;3
2020-08-05 16:28:59;138;35;33;22;10;4;6;2;3;0;3
2020-08-05 16:29:58;138;35;33;22;10;4;6;2;3;0;3
2020-08-05 16:30:59;138;35;33;22;10;4;6;2;3;0;3
2020-08-05 16:31:59;138;35;33;22;10;4;6;2;3;0;3
2020-08-05 16:32:58;138;35;33;22;10;4;6;2;3;0;3
2020-08-05 16:33:59;139;36;33;22;10;4;6;2;3;0;3
2020-08-05 16:34:58;139;36;33;22;10;4;6;2;3;0;3
2020-08-05 16:35:59;139;36;33;22;10;4;6;2;3;0;3
2020-08-05 16:36:58;139;36;33;22;10;4;6;2;3;0;3
2020-08-05 16:37:59;139;36;33;22;10;4;6;2;3;0;3
2020-08-05 16:38:58;140;37;33;22;10;4;6;2;3;0;3
2020-08-05 16:39:59;140;37;33;22;10;4;6;2;3;0;3
2020-08-05 16:40:58;140;37;33;22;10;4;6;2;3;0;3
2020-08-05 16:41:59;140;37;33;22;10;4;6;2;3;0;3
2020-08-05 16:43:00;140;37;33;22;10;4;6;2;3;0;3
2020-08-05 16:43:58;140;37;33;22;10;4;6;2;3;0;3
2020-08-05 16:44:59;140;38;33;22;10;4;6;2;3;0;3
2020-08-05 16:45:59;140;38;33;22;10;4;6;2;3;0;3
2020-08-05 16:46:58;140;38;33;22;10;4;6;2;3;0;3
2020-08-05 16:47:59;140;38;33;22;10;4;6;2;3;0;3
2020-08-05 16:48:58;140;38;33;22;10;4;6;2;3;0;3
2020-08-05 16:49:59;140;38;33;22;10;4;6;2;3;0;3
2020-08-05 16:50:58;140;38;33;22;10;4;6;2;3;0;3
2020-08-05 16:51:59;140;38;33;22;10;4;6;2;3;0;3
2020-08-05 16:52:59;140;38;33;22;10;4;6;2;3;0;3
2020-08-05 16:53:58;140;38;33;22;10;4;6;2;3;0;3
2020-08-05 16:54:59;140;38;33;22;10;4;6;2;3;0;3
2020-08-05 16:55:58;140;38;33;22;10;4;6;2;3;0;3
2020-08-05 16:56:59;140;38;33;22;10;4;6;2;3;0;3
2020-08-05 16:57:58;140;38;33;22;10;4;6;2;3;0;3
2020-08-05 16:58:59;140;38;33;22;10;4;6;2;3;0;3
2020-08-05 16:59:59;140;38;33;22;10;4;6;2;3;0;3
2020-08-05 17:00:58;140;38;33;22;10;4;6;2;3;0;3
2020-08-05 17:01:59;140;38;33;22;10;4;6;2;3;0;3
2020-08-05 17:02:58;140;38;33;22;10;4;6;2;3;0;3
2020-08-05 17:03:59;140;38;33;22;10;4;6;2;3;0;3
2020-08-05 17:04:58;140;38;33;22;10;4;6;2;3;0;3
2020-08-05 17:05:59;140;38;33;22;10;4;6;2;3;0;3
2020-08-05 17:06:58;140;38;33;22;10;4;6;2;3;0;3
2020-08-05 17:07:59;140;38;33;22;10;4;6;2;3;0;3
2020-08-05 17:08:58;140;38;33;22;10;4;6;2;3;0;3
2020-08-05 17:09:59;140;38;33;22;10;4;6;2;3;0;3
2020-08-05 17:10:59;140;38;33;22;10;4;6;2;3;0;3
2020-08-05 17:11:58;140;38;33;22;10;4;6;2;3;0;3
2020-08-05 17:12:59;140;38;33;22;10;4;6;2;3;0;3
2020-08-05 17:13:58;140;38;33;22;10;4;6;2;3;0;3
2020-08-05 17:14:59;140;38;33;22;10;4;6;2;3;0;3
2020-08-05 17:15:59;140;38;33;22;10;4;6;2;3;0;3
2020-08-05 17:16:58;140;38;33;22;10;4;6;2;3;0;3
2020-08-05 17:17:59;140;38;33;22;10;4;6;2;3;0;3
2020-08-05 17:18:59;140;38;33;22;10;4;6;2;3;0;3
2020-08-05 17:19:58;140;38;33;22;10;4;6;2;3;0;3
2020-08-05 17:20:59;140;38;33;22;10;4;6;2;3;0;3
2020-08-05 17:21:58;140;38;33;22;10;4;6;2;3;0;3
2020-08-05 17:22:59;141;38;33;23;10;4;6;2;3;0;3
2020-08-05 17:23:58;141;38;33;23;10;4;6;2;3;0;3
2020-08-05 17:24:59;141;38;33;23;10;4;6;2;3;0;3
2020-08-05 17:25:59;141;38;33;23;10;4;6;2;3;0;3
2020-08-05 17:26:58;141;38;33;23;10;4;6;2;3;0;3
2020-08-05 17:27:59;141;38;33;23;10;4;6;2;3;0;3
2020-08-05 17:28:58;141;38;33;23;10;4;6;2;3;0;3
2020-08-05 17:29:59;141;38;33;23;10;4;6;2;3;0;3
2020-08-05 17:30:58;141;38;33;23;10;4;6;2;3;0;3
2020-08-05 17:31:59;141;38;33;23;10;4;6;2;3;0;3
2020-08-05 17:32:59;141;38;33;23;10;4;6;2;3;0;3
2020-08-05 17:33:58;141;38;33;23;10;4;6;2;3;0;3
2020-08-05 17:34:59;141;38;33;23;10;4;6;2;3;0;3
2020-08-05 17:35:58;141;38;33;23;10;4;6;2;3;0;3
2020-08-05 17:36:59;141;38;33;23;10;4;6;2;3;0;3
2020-08-05 17:37:58;141;38;33;23;10;4;6;2;3;0;3
2020-08-05 17:38:59;141;38;33;23;10;4;6;2;3;0;3
2020-08-05 17:39:58;141;38;33;23;10;4;6;2;3;0;3
2020-08-05 17:40:59;141;38;33;23;10;4;6;2;3;0;3
2020-08-05 17:41:58;141;38;33;23;10;4;6;2;3;0;3
2020-08-05 17:42:59;141;38;33;23;10;4;6;2;3;0;3
2020-08-05 17:43:59;141;38;33;23;10;4;6;2;3;0;3
2020-08-05 17:44:58;141;38;33;23;10;4;6;2;3;0;3
2020-08-05 17:46:00;141;37;33;23;10;4;6;3;3;0;3
2020-08-05 17:46:58;141;37;33;23;10;4;6;3;3;0;3
2020-08-05 17:47:59;141;37;33;23;10;4;6;3;3;0;3
2020-08-05 17:48:59;141;37;33;23;10;4;6;3;3;0;3
2020-08-05 17:49:58;141;37;33;23;10;4;6;3;3;0;3
2020-08-05 17:50:59;141;37;33;23;10;4;6;3;3;0;3
2020-08-05 17:51:58;141;37;33;23;10;4;6;3;3;0;3
2020-08-05 17:52:59;141;37;33;23;10;4;6;3;3;0;3
2020-08-05 17:53:58;142;37;33;23;10;5;6;3;3;0;3
2020-08-05 17:54:59;142;37;33;23;10;5;6;3;3;0;3
2020-08-05 17:55:58;142;37;33;23;10;5;6;3;3;0;3
2020-08-05 17:56:59;142;37;33;23;10;5;6;3;3;0;3
2020-08-05 17:57:58;142;37;33;23;10;5;6;3;3;0;3
2020-08-05 17:58:59;142;37;33;23;10;5;6;3;3;0;3
2020-08-05 17:59:58;143;37;33;24;10;5;6;3;3;0;3
2020-08-05 18:00:59;144;38;33;24;10;5;6;3;3;0;3
2020-08-05 18:01:59;144;38;33;24;10;5;6;3;3;0;3
2020-08-05 18:02:58;144;38;33;24;10;5;6;3;3;0;3
2020-08-05 18:03:59;144;38;33;24;10;5;6;3;3;0;3
2020-08-05 18:04:58;144;38;33;24;10;5;6;3;3;0;3
2020-08-05 18:05:59;144;38;33;24;10;5;6;3;3;0;3
2020-08-05 18:06:58;144;38;33;24;10;5;6;3;3;0;3
2020-08-05 18:07:59;144;38;33;24;10;5;6;3;3;0;3
2020-08-05 18:08:59;144;38;33;24;10;5;6;3;3;0;3
2020-08-05 18:09:58;144;38;33;24;10;5;6;3;3;0;3
2020-08-05 18:10:59;144;38;33;24;10;5;6;3;3;0;3
2020-08-05 18:11:58;145;38;33;25;10;5;6;3;3;0;3
2020-08-05 18:12:59;145;38;33;25;10;5;6;3;3;0;3
2020-08-05 18:13:59;145;38;33;25;10;5;6;3;3;0;3
2020-08-05 18:14:58;145;38;33;25;10;5;6;3;3;0;3
2020-08-05 18:15:59;145;38;33;25;10;5;6;3;3;0;3
2020-08-05 18:16:58;145;38;33;25;10;5;6;3;3;0;3
2020-08-05 18:17:59;145;38;33;25;10;5;6;3;3;0;3
2020-08-05 18:18:58;145;38;33;25;10;5;6;3;3;0;3
2020-08-05 18:19:59;145;38;33;25;10;5;6;3;3;0;3
2020-08-05 18:20:59;145;38;33;25;10;5;6;3;3;0;3
2020-08-05 18:21:58;145;38;33;25;10;5;6;3;3;0;3
2020-08-05 18:22:59;145;38;33;25;10;5;6;3;3;0;3
2020-08-05 18:23:58;146;38;33;26;10;5;6;3;3;0;3
2020-08-05 18:24:59;146;38;33;26;10;5;6;3;3;0;3
2020-08-05 18:25:58;146;38;33;26;10;5;6;3;3;0;3
2020-08-05 18:26:59;146;38;34;26;10;5;6;3;3;2;3
2020-08-05 18:27:59;146;38;34;26;10;5;6;3;3;2;3
2020-08-05 18:28:58;146;38;34;26;10;5;6;3;3;2;3
2020-08-05 18:29:59;147;38;34;26;10;5;6;3;3;3;3
2020-08-05 18:30:58;147;38;34;26;10;5;6;3;3;3;3
2020-08-05 18:31:59;147;38;34;26;10;5;6;3;3;3;3
2020-08-05 18:32:58;147;38;34;26;10;5;6;3;3;3;3
2020-08-05 18:33:59;147;38;34;26;10;5;6;3;3;3;3
2020-08-05 18:34:59;148;38;34;26;10;5;6;4;3;3;3
2020-08-05 18:35:58;148;38;34;26;10;5;6;4;3;3;3
2020-08-05 18:36:59;148;38;34;26;10;5;6;4;3;3;3
2020-08-05 18:37:58;148;38;34;26;10;5;6;4;3;3;3
2020-08-05 18:38:59;148;38;34;26;10;5;6;4;3;3;3
2020-08-05 18:39:58;148;38;34;26;10;5;6;4;3;3;3
2020-08-05 18:40:59;148;38;34;26;10;5;6;4;3;3;3
2020-08-05 18:41:58;148;38;34;26;10;5;6;4;3;3;3
2020-08-05 18:42:59;148;38;34;26;10;5;6;4;3;3;3
2020-08-05 18:43:58;148;38;34;26;10;5;6;4;3;3;3
2020-08-05 18:44:59;148;38;34;26;10;5;6;4;3;3;3
2020-08-05 18:45:59;148;38;34;26;10;5;6;4;3;3;3
2020-08-05 18:46:58;148;38;34;26;10;5;6;4;3;3;3
2020-08-05 18:47:59;148;38;34;26;10;5;6;4;3;3;3
2020-08-05 18:48:58;148;38;34;26;10;5;6;4;3;3;3
2020-08-05 18:49:59;148;38;34;26;10;5;6;4;3;3;3
2020-08-05 18:50:58;148;38;34;26;10;5;6;4;3;3;3
2020-08-05 18:51:59;149;38;34;27;10;5;6;4;3;3;3
2020-08-05 18:52:58;149;38;34;27;10;5;6;4;3;3;3
2020-08-05 18:53:59;149;38;34;27;10;5;6;4;3;3;3
2020-08-05 18:54:58;149;38;34;27;10;5;6;4;3;3;3
2020-08-05 18:55:59;149;38;34;27;10;5;6;4;3;3;3
2020-08-05 18:56:59;149;38;34;27;10;5;6;4;3;3;3
2020-08-05 18:57:58;149;38;34;27;10;5;6;4;3;3;3
2020-08-05 18:58:59;149;37;35;27;10;5;6;4;3;3;3
2020-08-05 18:59:58;149;37;35;27;10;5;6;4;3;3;3
2020-08-05 19:00:59;149;37;35;27;10;5;6;4;3;3;3
2020-08-05 19:01:59;149;37;35;27;10;5;6;4;3;3;3
2020-08-05 19:02:58;149;37;35;27;10;5;6;4;3;3;3
2020-08-05 19:03:59;149;37;35;27;10;5;6;4;3;3;3
2020-08-05 19:04:58;149;37;35;27;10;5;6;4;3;3;3
2020-08-05 19:05:59;149;37;35;27;10;5;6;4;3;3;3
2020-08-05 19:06:58;149;37;35;27;10;5;6;4;3;3;3
2020-08-05 19:07:59;149;37;35;27;10;5;6;4;3;3;3
2020-08-05 19:08:58;149;37;35;27;10;5;6;4;3;3;3
2020-08-05 19:09:59;149;37;35;27;10;5;6;4;3;3;3
2020-08-05 19:10:59;149;37;35;27;10;5;6;4;3;3;3
2020-08-05 19:11:58;149;37;35;27;10;5;6;4;3;3;3
2020-08-05 19:12:59;149;37;35;27;10;5;6;4;3;3;3
2020-08-05 19:13:59;149;37;35;27;10;5;6;4;3;3;3
2020-08-05 19:14:58;149;37;35;27;10;5;6;4;3;3;3
2020-08-05 19:15:59;149;37;35;27;10;5;6;4;3;3;3
2020-08-05 19:16:58;149;37;35;27;10;5;6;4;3;3;3
2020-08-05 19:17:59;150;37;35;27;10;6;6;4;3;3;3
2020-08-05 19:18:59;150;37;35;27;10;6;6;4;3;3;3
2020-08-05 19:19:58;150;37;35;27;10;6;6;4;3;3;3
2020-08-05 19:21:00;150;37;35;27;10;6;6;4;3;3;3
2020-08-05 19:21:58;151;37;35;27;10;6;6;4;3;3;3
2020-08-05 19:22:59;151;37;35;27;10;6;6;4;3;3;3
2020-08-05 19:23:58;151;37;35;27;10;6;6;4;3;3;3
2020-08-05 19:24:59;151;37;35;27;10;6;6;4;3;3;3
2020-08-05 19:25:58;151;37;35;27;10;6;6;4;3;3;3
2020-08-05 19:26:59;151;37;35;27;10;6;6;4;3;3;3
2020-08-05 19:27:58;151;37;35;27;10;6;6;4;3;3;3
2020-08-05 19:28:59;153;39;35;27;10;6;6;4;3;3;3
2020-08-05 19:29:58;155;39;35;28;11;6;6;4;3;3;3
2020-08-05 19:30:59;155;39;35;28;11;6;6;4;3;3;3
2020-08-05 19:31:59;155;39;35;28;11;6;6;4;3;3;3
2020-08-05 19:32:58;155;39;35;28;11;6;6;4;3;3;3
2020-08-05 19:33:59;155;39;35;28;11;6;6;4;3;3;3
2020-08-05 19:34:58;155;39;35;28;11;6;6;4;3;3;3
2020-08-05 19:35:59;155;39;35;28;11;6;6;4;3;3;3
2020-08-05 19:36:58;155;39;35;28;11;6;6;4;3;3;3
2020-08-05 19:37:59;155;39;35;28;11;6;6;4;3;3;3
2020-08-05 19:38:59;155;39;35;28;11;6;6;4;3;3;3
2020-08-05 19:39:58;155;39;35;28;11;6;6;4;3;3;3
2020-08-05 19:40:59;155;39;35;28;11;6;6;4;3;3;3
2020-08-05 19:41:58;156;40;35;28;11;6;6;4;3;3;3
2020-08-05 19:42:59;156;40;35;28;11;6;6;4;3;3;3
2020-08-05 19:43:59;156;40;35;28;11;6;6;4;3;3;3
2020-08-05 19:44:58;156;40;35;28;11;6;6;4;3;3;3
2020-08-05 19:45:59;156;40;35;28;11;6;6;4;3;3;3
2020-08-05 19:46:58;156;40;35;28;11;6;6;4;3;3;3
2020-08-05 19:47:59;156;40;35;28;11;6;6;4;3;3;3
2020-08-05 19:48:59;156;40;35;28;11;6;6;4;3;3;3
2020-08-05 19:49:58;156;40;35;28;11;6;6;4;3;3;3
2020-08-05 19:50:59;156;40;35;28;11;6;6;4;3;3;3
2020-08-05 19:51:58;156;40;35;28;11;6;6;4;3;3;3
2020-08-05 19:52:59;156;40;35;28;11;6;6;4;3;3;3
2020-08-05 19:53:59;156;41;35;27;11;6;6;4;3;3;3
2020-08-05 19:54:58;156;41;35;27;11;6;6;4;3;3;3
2020-08-05 19:55:59;156;41;35;27;11;6;6;4;3;3;3
2020-08-05 19:56:58;156;41;35;27;11;6;6;4;3;3;3
2020-08-05 19:57:59;156;41;35;27;11;6;6;4;3;3;3
2020-08-05 19:58:59;157;42;35;27;11;6;6;4;3;3;3
2020-08-05 19:59:58;157;42;35;27;11;6;6;4;3;3;3
2020-08-05 20:00:59;157;42;35;27;11;6;6;4;3;3;3
2020-08-05 20:01:58;157;42;35;27;11;6;6;4;3;3;3
2020-08-05 20:02:59;157;42;35;27;11;6;6;4;3;3;3
2020-08-05 20:03:59;157;42;35;27;11;6;6;4;3;3;3
2020-08-05 20:04:58;157;42;35;27;11;6;6;4;3;3;3
2020-08-05 20:05:59;157;42;35;27;11;6;6;4;3;3;3
2020-08-05 20:06:58;157;42;35;27;11;6;6;4;3;3;3
2020-08-05 20:07:59;157;42;35;27;11;6;6;4;3;3;3
2020-08-05 20:08:58;157;42;35;27;11;6;6;4;3;3;3
2020-08-05 20:09:59;157;42;35;27;11;6;6;4;3;3;3
2020-08-05 20:10:59;157;42;35;27;11;6;6;4;3;3;3
2020-08-05 20:11:58;157;42;35;27;11;6;6;4;3;3;3
2020-08-05 20:12:59;157;42;35;28;11;6;6;4;3;3;2
2020-08-05 20:13:58;157;42;35;28;11;6;6;4;3;3;2
2020-08-05 20:14:59;157;42;35;28;11;6;6;4;3;3;2
2020-08-05 20:15:58;157;42;35;28;11;6;6;4;3;3;2
2020-08-05 20:16:59;157;42;35;28;11;6;6;4;3;3;2
2020-08-05 20:17:58;157;42;35;28;11;6;6;4;3;3;2
2020-08-05 20:18:59;157;42;35;28;11;6;6;4;3;3;2
2020-08-05 20:19:58;157;42;35;28;11;6;6;4;3;3;2
2020-08-05 20:20:59;157;42;35;28;11;6;6;4;3;3;2
2020-08-05 20:21:59;157;42;35;28;11;6;6;4;3;3;2
2020-08-05 20:22:58;157;42;35;28;11;6;6;4;3;3;2
2020-08-05 20:23:59;157;42;35;28;11;6;6;4;3;3;2
2020-08-05 20:24:58;157;42;35;28;11;6;6;4;3;3;2
2020-08-05 20:25:59;157;42;35;28;11;6;6;4;3;3;2
2020-08-05 20:26:58;157;42;35;28;11;6;6;4;3;3;2
2020-08-05 20:27:59;157;42;35;28;11;6;6;4;3;3;2
2020-08-05 20:28:59;157;42;35;28;11;6;6;4;3;3;2
2020-08-05 20:29:58;157;42;35;28;11;6;6;4;3;3;2
2020-08-05 20:30:59;157;42;35;28;11;6;6;4;3;3;2
2020-08-05 20:31:58;157;42;35;28;11;6;6;4;3;3;2
2020-08-05 20:32:59;157;42;35;28;11;6;6;4;3;3;2
2020-08-05 20:33:58;157;42;35;28;11;6;6;4;3;3;2
2020-08-05 20:35:00;157;42;35;28;11;6;6;4;3;3;2
2020-08-05 20:35:58;158;43;35;28;11;6;6;4;3;3;2
2020-08-05 20:36:59;158;43;35;28;11;6;6;4;3;3;2
2020-08-05 20:37:59;158;43;35;28;11;6;6;4;3;3;2
2020-08-05 20:38:58;158;43;35;28;11;6;6;4;3;3;2
2020-08-05 20:39:59;158;43;35;28;11;6;6;4;3;3;2
2020-08-05 20:40:58;158;43;35;28;11;6;6;4;3;3;2
2020-08-05 20:41:59;158;43;35;28;11;6;6;4;3;3;2
2020-08-05 20:42:58;158;43;35;28;11;6;6;4;3;3;2
2020-08-05 20:43:59;159;44;35;28;11;6;6;4;3;3;2
2020-08-05 20:44:59;159;43;35;29;11;6;6;4;3;3;2
2020-08-05 20:45:58;159;43;35;29;11;6;6;4;3;3;2
2020-08-05 20:46:59;160;43;36;29;11;6;6;4;3;3;2
2020-08-05 20:47:58;160;43;36;29;11;6;6;4;3;3;2
2020-08-05 20:48:59;160;43;36;29;11;6;6;4;3;3;2
2020-08-05 20:49:59;160;43;36;29;11;6;6;4;3;3;2
2020-08-05 20:50:58;160;43;36;29;11;6;6;4;3;3;2
2020-08-05 20:51:59;160;43;36;29;11;6;6;4;3;3;2
2020-08-05 20:52:58;160;43;36;29;11;6;6;4;3;3;2
2020-08-05 20:53:59;160;43;36;29;11;6;6;4;3;3;2
2020-08-05 20:54:58;160;43;36;29;11;6;6;4;3;3;2
2020-08-05 20:55:59;160;43;36;29;11;6;6;4;3;3;2
2020-08-05 20:56:58;160;43;36;29;11;6;6;4;3;3;2
2020-08-05 20:57:59;160;43;36;29;11;6;6;4;3;3;2
2020-08-05 20:58:59;160;43;36;29;11;6;6;4;3;3;2
2020-08-05 20:59:58;160;43;36;29;11;6;6;4;3;3;2
2020-08-05 21:00:59;160;43;36;29;11;6;6;4;3;3;2
2020-08-05 21:01:58;160;44;36;29;11;6;6;3;3;3;2
2020-08-05 21:02:59;162;45;36;29;11;6;6;4;3;3;2
2020-08-05 21:03:58;162;45;36;29;11;6;6;4;3;3;2
2020-08-05 21:04:59;162;45;36;29;11;6;6;4;3;3;2
2020-08-05 21:05:58;163;46;36;29;11;6;6;4;3;3;2
2020-08-05 21:06:59;163;46;36;29;11;6;6;4;3;3;2
2020-08-05 21:07:59;163;46;36;29;11;6;6;4;3;3;2
2020-08-05 21:08:58;164;46;36;30;11;6;6;4;3;3;2
2020-08-05 21:09:59;164;46;36;30;11;6;6;4;3;3;2
2020-08-05 21:10:58;165;46;36;30;11;7;6;4;3;3;2
2020-08-05 21:11:59;165;46;36;30;11;7;6;4;3;3;2
2020-08-05 21:12:59;165;46;36;30;11;7;6;4;3;3;2
2020-08-05 21:13:58;165;46;36;30;11;7;6;4;3;3;2
2020-08-05 21:14:59;166;46;37;30;11;7;6;4;3;3;2
2020-08-05 21:15:59;166;46;37;30;11;7;6;4;3;3;2
2020-08-05 21:16:58;166;46;37;30;11;7;6;4;3;3;2
2020-08-05 21:17:59;166;46;37;30;11;7;6;4;3;3;2
2020-08-05 21:18:58;166;46;37;30;11;7;6;4;3;3;2
2020-08-05 21:19:59;166;46;37;30;11;7;6;4;3;3;2
2020-08-05 21:20:59;166;46;37;30;11;7;6;4;3;3;2
2020-08-05 21:21:58;167;46;38;30;11;7;6;4;3;3;2
2020-08-05 21:22:59;169;48;38;30;11;7;6;4;3;3;2
2020-08-05 21:23:59;169;48;38;30;11;7;6;4;3;3;2
2020-08-05 21:24:58;170;48;39;30;11;7;6;4;3;3;2
2020-08-05 21:25:59;170;48;39;30;11;7;6;4;3;3;2
2020-08-05 21:26:58;170;48;39;30;11;7;6;4;3;3;2
2020-08-05 21:27:59;170;48;39;30;11;7;6;4;3;3;2
2020-08-05 21:28:58;171;49;39;30;11;7;6;4;3;3;2
2020-08-05 21:29:59;171;49;39;30;11;7;6;4;3;3;2
2020-08-05 21:30:59;171;49;39;30;11;7;6;4;3;3;2
2020-08-05 21:31:58;172;49;39;30;11;7;6;4;3;3;2
2020-08-05 21:32:59;172;49;39;30;11;7;6;4;3;3;2
2020-08-05 21:33:58;172;49;39;30;11;7;6;4;3;3;2
2020-08-05 21:34:59;172;49;39;30;11;7;6;4;3;3;2
2020-08-05 21:35:58;172;49;39;30;11;7;6;4;3;3;2
2020-08-05 21:36:59;172;49;39;30;11;7;6;4;3;3;2
2020-08-05 21:37:59;172;49;39;30;11;7;6;4;3;3;2
2020-08-05 21:38:58;172;49;39;30;11;7;6;4;3;3;2
2020-08-05 21:39:59;172;49;39;30;11;7;6;4;3;3;2
2020-08-05 21:40:58;172;49;39;30;11;7;6;4;3;3;2
2020-08-05 21:41:59;172;49;39;30;11;7;6;4;3;3;2
2020-08-05 21:42:59;172;49;39;30;11;7;6;4;3;3;2
2020-08-05 21:43:58;172;49;39;30;11;7;6;4;3;3;2
2020-08-05 21:44:59;172;49;39;30;11;7;6;4;3;3;2
2020-08-05 21:45:59;172;49;39;30;11;7;6;4;3;3;2
2020-08-05 21:46:58;172;49;39;31;10;7;6;4;3;3;2
2020-08-05 21:47:59;174;49;40;32;10;7;6;4;3;3;2
2020-08-05 21:48:58;174;49;40;32;10;7;6;4;3;3;2
2020-08-05 21:49:59;174;49;40;32;10;7;6;4;3;3;2
2020-08-05 21:50:58;175;50;40;32;10;7;6;4;3;3;2
2020-08-05 21:51:59;176;50;41;32;10;7;6;4;3;3;2
2020-08-05 21:52:58;178;52;41;32;10;7;6;4;3;3;2
2020-08-05 21:53:59;179;52;42;32;10;7;6;4;3;3;2
2020-08-05 21:54:58;179;52;42;32;10;7;6;4;3;3;2
2020-08-05 21:55:59;181;52;42;32;11;8;6;4;3;3;2
2020-08-05 21:56:59;181;52;42;32;11;8;6;4;3;3;2
2020-08-05 21:57:58;181;52;42;32;11;8;6;4;3;3;2
2020-08-05 21:58:59;181;52;42;32;11;8;6;4;3;3;2
2020-08-05 21:59:58;181;52;42;32;11;8;6;4;3;3;2
2020-08-05 22:01:00;181;52;42;32;11;8;6;4;3;3;2
2020-08-05 22:01:58;181;52;42;32;11;8;6;4;3;3;2
2020-08-05 22:02:59;181;52;42;32;11;8;6;4;3;3;2
2020-08-05 22:03:59;181;52;42;32;11;8;6;4;3;3;2
2020-08-05 22:04:58;181;52;42;32;11;8;6;4;3;3;2
2020-08-05 22:05:59;181;52;42;32;11;8;6;4;3;3;2
2020-08-05 22:06:58;182;53;42;32;11;8;6;4;3;3;2
2020-08-05 22:07:59;182;53;42;32;11;8;6;4;3;3;2
2020-08-05 22:08:59;183;54;42;32;11;8;6;4;3;3;2
2020-08-05 22:09:58;183;54;42;32;11;8;6;4;3;3;2
2020-08-05 22:10:59;183;54;42;32;11;8;6;4;3;3;2
2020-08-05 22:11:59;184;54;43;32;11;8;6;4;3;3;2
2020-08-05 22:12:58;184;54;43;32;11;8;6;4;3;3;2
2020-08-05 22:13:59;184;54;43;32;11;8;6;4;3;3;2
2020-08-05 22:14:59;184;54;43;32;11;8;6;4;3;3;2
2020-08-05 22:15:58;184;54;43;32;11;8;6;4;3;3;2
2020-08-05 22:16:59;184;54;43;32;11;8;6;4;3;3;2
2020-08-05 22:17:58;184;54;43;32;11;8;6;4;3;3;2
2020-08-05 22:18:59;184;54;43;32;11;8;6;4;3;3;2
2020-08-05 22:19:59;184;54;43;32;11;8;6;4;3;3;2
2020-08-05 22:20:58;184;54;43;32;11;8;6;4;3;3;2
2020-08-05 22:21:59;184;54;43;32;11;8;6;4;3;3;2
2020-08-05 22:22:58;184;55;43;31;11;8;6;4;3;3;2
2020-08-05 22:23:59;184;55;43;31;11;8;6;4;3;3;2
2020-08-05 22:24:58;184;55;43;31;11;8;6;4;3;3;2
2020-08-05 22:25:59;184;55;43;31;11;8;6;4;3;3;2
2020-08-05 22:26:59;184;55;43;31;11;8;6;4;3;3;2
2020-08-05 22:27:58;184;55;43;31;11;8;6;4;3;3;2
2020-08-05 22:28:59;184;55;43;31;11;8;6;4;3;3;2
2020-08-05 22:29:59;184;55;43;31;11;8;6;4;3;3;2
2020-08-05 22:30:58;184;55;43;31;11;8;6;4;3;3;2
2020-08-05 22:31:59;184;55;43;31;11;8;6;4;3;3;2
2020-08-05 22:32:58;184;55;43;31;11;8;6;4;3;3;2
2020-08-05 22:33:59;184;55;43;31;11;8;6;4;3;3;2
2020-08-05 22:34:59;184;55;43;31;11;8;6;4;3;3;2
2020-08-05 22:35:58;185;56;43;31;11;8;6;4;3;3;2
2020-08-05 22:36:59;185;56;43;31;11;8;6;4;3;3;2
2020-08-05 22:37:58;185;56;43;31;11;8;6;4;3;3;2
2020-08-05 22:38:59;186;56;43;31;11;8;6;4;3;3;2
2020-08-05 22:39:58;186;56;43;31;11;8;6;4;3;3;2
2020-08-05 22:40:59;186;56;43;31;11;8;6;4;3;3;2
2020-08-05 22:41:59;186;56;43;31;11;8;6;4;3;3;2
2020-08-05 22:42:58;187;57;43;31;11;8;6;4;3;3;2
2020-08-05 22:43:59;187;57;43;31;11;8;6;4;3;3;2
2020-08-05 22:44:58;187;57;43;31;11;8;6;4;3;3;2
2020-08-05 22:45:59;187;57;43;31;11;8;6;4;3;3;2
2020-08-05 22:46:59;187;57;43;31;11;8;6;4;3;3;2
2020-08-05 22:47:58;187;57;43;31;11;8;6;4;3;3;2
2020-08-05 22:48:59;187;57;43;31;11;8;6;4;3;3;2
2020-08-05 22:49:58;187;56;43;31;11;9;6;4;3;3;2
2020-08-05 22:50:59;187;56;43;31;11;9;6;4;3;3;2
2020-08-05 22:51:58;187;56;43;31;11;9;6;4;3;3;2
2020-08-05 22:53:00;188;57;43;31;11;9;6;4;3;3;2
2020-08-05 22:53:58;188;57;43;31;11;9;6;4;3;3;2
2020-08-05 22:54:59;189;57;43;31;11;9;6;5;3;3;2
2020-08-05 22:55:59;190;58;43;31;11;9;6;5;3;3;2
2020-08-05 22:56:58;190;58;43;31;11;9;6;5;3;3;2
2020-08-05 22:57:59;190;58;43;31;11;9;6;5;3;3;2
2020-08-05 22:58:58;190;58;43;31;11;9;6;5;3;3;2
2020-08-05 22:59:59;191;59;43;31;11;9;6;5;3;3;2
2020-08-05 23:00:59;191;59;43;31;11;9;6;5;3;3;2
2020-08-05 23:01:58;191;59;43;31;11;9;6;5;3;3;2
2020-08-05 23:02:59;191;59;43;31;11;9;6;5;3;3;2
2020-08-05 23:03:59;191;59;43;31;11;9;6;5;3;3;2
2020-08-05 23:04:58;191;59;43;31;11;9;6;5;3;3;2
2020-08-05 23:05:59;191;59;43;31;11;9;6;5;3;3;2
2020-08-05 23:06:58;191;59;43;31;11;9;6;5;3;3;2
2020-08-05 23:07:59;191;59;43;31;11;9;6;5;3;3;2
2020-08-05 23:08:59;191;59;43;31;11;9;6;5;3;3;2
2020-08-05 23:09:58;191;59;43;31;11;9;6;5;3;3;2
2020-08-05 23:10:59;191;59;43;31;11;9;6;5;3;3;2
2020-08-05 23:11:58;191;59;43;31;11;9;6;5;3;3;2
2020-08-05 23:12:59;191;59;43;31;11;9;6;5;3;3;2
2020-08-05 23:13:59;191;59;43;31;11;9;6;5;3;3;2
2020-08-05 23:14:58;191;59;43;31;11;9;6;5;3;3;2
2020-08-05 23:15:59;191;59;43;31;11;9;6;5;3;3;2
2020-08-05 23:16:59;192;59;44;31;11;9;6;5;3;3;2
2020-08-05 23:17:58;193;59;44;32;11;9;6;5;3;3;2
2020-08-05 23:18:59;193;59;44;32;11;9;6;5;3;3;2
2020-08-05 23:19:59;194;60;44;32;11;9;6;5;3;3;2
2020-08-05 23:20:58;194;60;44;32;11;9;6;5;3;3;2
2020-08-05 23:21:59;194;60;44;32;11;9;6;5;3;3;2
2020-08-05 23:22:59;194;60;44;32;11;9;6;5;3;3;2
2020-08-05 23:23:58;194;60;44;32;11;9;6;5;3;3;2
2020-08-05 23:24:59;194;60;44;32;11;9;6;5;3;3;2
2020-08-05 23:25:59;194;60;44;32;11;9;6;5;3;3;2
2020-08-05 23:26:58;194;60;44;32;11;9;6;5;3;3;2
2020-08-05 23:27:59;194;60;44;32;11;9;6;5;3;3;2
2020-08-05 23:28:59;195;61;44;32;11;9;6;5;3;3;2
2020-08-05 23:29:58;195;61;44;32;11;9;6;5;3;3;2
2020-08-05 23:30:59;196;61;44;33;11;9;6;5;3;3;2
2020-08-05 23:31:58;196;61;44;33;11;9;6;5;3;3;2
2020-08-05 23:32:59;196;61;44;33;11;9;6;5;3;3;2
2020-08-05 23:33:59;196;61;44;33;11;9;6;5;3;3;2
2020-08-05 23:34:58;196;61;44;33;11;9;6;5;3;3;2
2020-08-05 23:35:59;196;61;44;33;11;9;6;5;3;3;2
2020-08-05 23:36:58;196;61;44;33;11;9;6;5;3;3;2
2020-08-05 23:37:59;196;60;44;33;12;9;6;5;3;3;2
2020-08-05 23:38:58;196;60;44;33;12;9;6;5;3;3;2
2020-08-05 23:40:00;196;60;44;33;12;9;6;5;3;3;2
2020-08-05 23:40:58;196;60;44;33;12;9;6;5;3;3;2
2020-08-05 23:41:59;196;60;44;33;12;9;6;5;3;3;2
2020-08-05 23:42:59;196;60;44;33;12;9;6;5;3;3;2
2020-08-05 23:43:58;195;60;43;33;12;9;6;5;3;3;2
2020-08-05 23:44:59;195;60;43;33;12;9;6;5;3;3;2
2020-08-05 23:45:58;195;60;43;33;12;9;6;5;3;3;2
2020-08-05 23:46:59;195;60;43;33;12;9;6;5;3;3;2
2020-08-05 23:47:58;195;60;43;33;12;9;6;5;3;3;2
2020-08-05 23:48:59;195;60;43;33;12;9;6;5;3;3;2
2020-08-05 23:49:59;195;60;43;33;12;9;6;5;3;3;2
2020-08-05 23:50:58;195;60;43;33;12;9;6;5;3;3;2
2020-08-05 23:51:59;195;60;43;33;12;9;6;5;3;3;2
2020-08-05 23:52:58;195;60;43;33;12;9;6;5;3;3;2
2020-08-05 23:53:59;195;60;43;33;12;9;6;5;3;3;2
2020-08-05 23:54:59;195;60;43;33;12;9;6;5;3;3;2
2020-08-05 23:55:58;195;60;43;33;12;9;6;5;3;3;2
2020-08-05 23:56:59;195;60;43;33;12;9;6;5;3;3;2
2020-08-05 23:57:58;195;60;43;33;12;9;6;5;3;3;2
2020-08-05 23:58:59;196;61;43;33;12;9;6;5;3;3;2
2020-08-05 23:59:59;196;61;43;33;12;9;6;5;3;3;2
