datetime;total_votes;Tae4ka;Kolbasevich;southparallel;pavelomg;XASSA;navalny;Есения;BlackIrony;kross;Hexadecachoron
2020-07-22 00:00:59;2;0;0;0;0;0;0;0;0;1;0
2020-07-22 00:01:58;2;0;0;0;0;0;0;0;0;1;0
2020-07-22 00:02:59;2;0;0;0;0;0;0;0;0;1;0
2020-07-22 00:03:58;4;0;1;0;0;0;0;0;0;1;0
2020-07-22 00:04:58;4;0;1;0;0;0;0;0;0;1;0
2020-07-22 00:05:59;6;1;1;0;0;0;0;0;0;1;0
2020-07-22 00:06:59;6;1;1;0;0;0;0;0;0;1;0
2020-07-22 00:07:59;7;1;1;0;0;0;0;0;0;1;1
2020-07-22 00:08:58;8;1;1;0;0;0;0;0;0;1;1
2020-07-22 00:09:59;8;1;1;0;0;0;0;0;0;1;1
2020-07-22 00:10:58;8;1;1;0;0;0;0;0;0;1;1
2020-07-22 00:12:00;10;2;1;0;0;0;0;0;0;1;1
2020-07-22 00:12:58;11;2;2;0;0;0;0;0;0;1;1
2020-07-22 00:13:59;11;2;2;0;0;0;0;0;0;1;1
2020-07-22 00:14:58;11;2;2;0;0;0;0;0;0;1;1
2020-07-22 00:16:00;11;2;2;0;0;0;0;0;0;1;1
2020-07-22 00:16:58;11;2;2;0;0;0;0;0;0;1;1
2020-07-22 00:17:59;13;2;3;0;0;0;0;0;0;1;1
2020-07-22 00:18:58;13;2;3;0;0;0;0;0;0;1;1
2020-07-22 00:19:59;14;2;3;0;0;0;0;0;0;1;1
2020-07-22 00:20:58;15;2;3;0;0;0;0;0;0;1;1
2020-07-22 00:21:59;16;2;4;0;0;0;0;0;0;1;1
2020-07-22 00:22:59;16;2;4;0;0;0;0;0;0;1;1
2020-07-22 00:23:58;17;3;4;0;0;0;0;0;0;1;1
2020-07-22 00:24:59;17;3;4;0;0;0;0;0;0;1;1
2020-07-22 00:25:58;18;4;4;0;0;0;0;0;0;1;1
2020-07-22 00:26:59;18;4;4;0;0;0;0;0;0;1;1
2020-07-22 00:27:58;19;4;5;0;0;0;0;0;0;1;1
2020-07-22 00:28:59;19;4;5;0;0;0;0;0;0;1;1
2020-07-22 00:29:58;19;4;5;0;0;0;0;0;0;1;1
2020-07-22 00:30:59;20;4;5;1;0;0;0;0;0;1;1
2020-07-22 00:31:59;20;4;5;1;0;0;0;0;0;1;1
2020-07-22 00:32:58;20;4;5;1;0;0;0;0;0;1;1
2020-07-22 00:33:59;21;4;6;1;0;0;0;0;0;1;1
2020-07-22 00:34:58;21;4;6;1;0;0;0;0;0;1;1
2020-07-22 00:35:59;21;4;6;1;0;0;0;0;0;1;1
2020-07-22 00:36:59;22;4;7;1;0;0;0;0;0;1;1
2020-07-22 00:37:58;22;4;7;1;0;0;0;0;0;1;1
2020-07-22 00:38:59;22;4;8;1;0;0;0;0;0;1;1
2020-07-22 00:39:59;22;4;8;1;0;0;0;0;0;1;1
2020-07-22 00:40:58;22;4;8;1;0;0;0;0;0;1;1
2020-07-22 00:41:59;22;4;8;1;0;0;0;0;0;1;1
2020-07-22 00:42:59;22;4;8;1;0;0;0;0;0;1;1
2020-07-22 00:43:59;22;4;8;1;0;0;0;0;0;1;1
2020-07-22 00:44:59;22;4;8;1;0;0;0;0;0;1;1
2020-07-22 00:45:58;22;4;8;1;0;0;0;0;0;1;1
2020-07-22 00:46:59;22;4;8;1;0;0;0;0;0;1;1
2020-07-22 00:47:58;22;4;8;1;0;0;0;0;0;1;1
2020-07-22 00:48:59;22;4;8;1;0;0;0;0;0;1;1
2020-07-22 00:49:58;22;4;8;1;0;0;0;0;0;1;1
2020-07-22 00:50:59;22;4;8;1;0;0;0;0;0;1;1
2020-07-22 00:51:59;22;4;8;1;0;0;0;0;0;1;1
2020-07-22 00:52:58;22;4;8;1;0;0;0;0;0;1;1
2020-07-22 00:53:59;22;4;8;1;0;0;0;0;0;1;1
2020-07-22 00:54:58;22;4;8;1;0;0;0;0;0;1;1
2020-07-22 00:55:59;22;4;8;1;0;0;0;0;0;1;1
2020-07-22 00:56:58;24;5;8;1;0;0;0;1;0;1;1
2020-07-22 00:57:59;25;5;9;1;0;0;0;1;0;1;1
2020-07-22 00:58:58;25;5;9;1;0;0;0;1;0;1;1
2020-07-22 00:59:59;25;5;9;1;0;0;0;1;0;1;1
2020-07-22 01:00:58;25;5;9;1;0;0;0;1;0;1;1
2020-07-22 01:01:59;25;5;9;1;0;0;0;1;0;1;1
2020-07-22 01:02:59;25;5;9;1;0;0;0;1;0;1;1
2020-07-22 01:03:58;27;5;9;0;0;1;0;1;0;2;1
2020-07-22 01:04:59;27;5;9;0;0;1;0;1;0;2;1
2020-07-22 01:05:58;28;5;10;0;0;1;0;1;0;2;1
2020-07-22 01:07:00;28;5;10;0;0;1;0;1;0;2;1
2020-07-22 01:07:58;28;5;10;0;0;1;0;1;0;2;1
2020-07-22 01:08:59;29;5;10;2;0;1;0;1;0;2;0
2020-07-22 01:09:59;29;5;10;2;0;1;0;1;0;2;0
2020-07-22 01:10:58;29;5;10;2;0;1;0;1;0;2;0
2020-07-22 01:11:59;29;5;10;2;0;1;0;1;0;2;0
2020-07-22 01:12:58;29;5;10;2;0;1;0;1;0;2;0
2020-07-22 01:13:59;29;5;10;2;0;1;0;1;0;2;0
2020-07-22 01:14:59;29;5;10;2;0;1;0;1;0;2;0
2020-07-22 01:15:58;30;5;10;2;0;1;0;1;0;2;0
2020-07-22 01:16:59;30;5;10;2;0;1;0;1;0;2;0
2020-07-22 01:17:58;30;5;10;2;0;1;0;1;0;2;0
2020-07-22 01:18:59;30;5;10;2;0;1;0;1;0;2;0
2020-07-22 01:19:58;30;5;10;2;0;1;0;1;0;2;0
2020-07-22 01:20:59;30;5;10;2;0;1;0;1;0;2;0
2020-07-22 01:21:59;30;5;10;2;0;1;0;1;0;2;0
2020-07-22 01:22:58;30;5;10;2;0;1;0;1;0;2;0
2020-07-22 01:24:00;30;5;10;2;0;1;0;1;0;2;0
2020-07-22 01:24:58;30;5;10;2;0;1;0;1;0;2;0
2020-07-22 01:25:59;30;5;10;2;0;1;0;1;0;2;0
2020-07-22 01:26:59;31;5;11;2;0;1;0;1;0;2;0
2020-07-22 01:27:58;31;5;11;2;0;1;0;1;0;2;0
2020-07-22 01:28:59;31;5;11;2;0;1;0;1;0;2;0
2020-07-22 01:29:59;31;5;11;2;0;1;0;1;0;2;0
2020-07-22 01:30:58;31;5;11;2;0;1;0;1;0;2;0
2020-07-22 01:31:59;31;5;11;2;0;1;0;1;0;2;0
2020-07-22 01:32:58;31;5;11;2;0;1;0;1;0;2;0
2020-07-22 01:33:59;31;5;11;2;0;1;0;1;0;2;0
2020-07-22 01:34:58;31;5;11;2;0;1;0;1;0;2;0
2020-07-22 01:35:59;32;5;12;2;0;1;0;1;0;2;0
2020-07-22 01:36:59;32;5;12;2;0;1;0;1;0;2;0
2020-07-22 01:37:58;32;5;12;2;0;1;0;1;0;2;0
2020-07-22 01:38:59;32;5;12;2;0;1;0;1;0;2;0
2020-07-22 01:39:58;32;5;12;2;0;1;0;1;0;2;0
2020-07-22 01:40:59;33;5;12;2;0;1;0;2;0;2;0
2020-07-22 01:41:59;33;5;12;2;0;1;0;2;0;2;0
2020-07-22 01:42:58;33;5;12;2;0;1;0;2;0;2;0
2020-07-22 01:43:59;33;5;12;2;0;1;0;2;0;2;0
2020-07-22 01:44:58;33;5;12;2;0;1;0;2;0;2;0
2020-07-22 01:45:59;33;5;12;2;0;1;0;2;0;2;0
2020-07-22 01:46:59;33;5;12;2;0;1;0;2;0;2;0
2020-07-22 01:47:58;33;5;12;2;0;1;0;2;0;2;0
2020-07-22 01:48:59;33;5;12;2;0;1;0;2;0;2;0
2020-07-22 01:49:58;33;5;12;2;0;1;0;2;0;2;0
2020-07-22 01:50:59;33;5;12;2;0;1;0;2;0;2;0
2020-07-22 01:51:59;33;5;12;2;0;1;0;2;0;2;0
2020-07-22 01:52:58;33;5;12;2;0;1;0;2;0;2;0
2020-07-22 01:53:59;33;5;12;2;0;1;0;2;0;2;0
2020-07-22 01:54:59;33;5;12;2;0;1;0;2;0;2;0
2020-07-22 01:55:58;33;5;12;2;0;1;0;2;0;2;0
2020-07-22 01:56:59;33;5;12;2;0;1;0;2;0;2;0
2020-07-22 01:57:58;33;5;12;2;0;1;0;2;0;2;0
2020-07-22 01:58:59;33;5;12;2;0;1;0;2;0;2;0
2020-07-22 01:59:58;33;5;12;2;0;1;0;2;0;2;0
2020-07-22 02:00:59;34;6;12;2;0;1;0;2;0;2;0
2020-07-22 02:01:58;34;6;12;2;0;1;0;2;0;2;0
2020-07-22 02:02:59;34;6;12;2;0;1;0;2;0;2;0
2020-07-22 02:03:59;34;6;12;2;0;1;0;2;0;2;0
2020-07-22 02:04:58;34;6;12;2;0;1;0;2;0;2;0
2020-07-22 02:05:59;35;7;12;2;0;1;0;2;0;2;0
2020-07-22 02:06:59;35;7;12;2;0;1;0;2;0;2;0
2020-07-22 02:07:58;35;7;12;2;0;1;0;2;0;2;0
2020-07-22 02:08:59;35;7;12;2;0;1;0;2;0;2;0
2020-07-22 02:09:59;35;7;12;2;0;1;0;2;0;2;0
2020-07-22 02:10:58;36;7;12;2;0;1;0;2;0;2;0
2020-07-22 02:11:59;36;7;12;2;0;1;0;2;0;2;0
2020-07-22 02:12:58;36;7;12;2;0;1;0;2;0;2;0
2020-07-22 02:13:59;36;7;12;2;0;1;0;2;0;2;0
2020-07-22 02:14:59;37;7;13;2;0;1;0;2;0;2;0
2020-07-22 02:15:58;37;7;13;2;0;1;0;2;0;2;0
2020-07-22 02:16:59;38;8;13;2;0;1;0;2;0;2;0
2020-07-22 02:17:59;39;8;14;2;0;1;0;2;0;2;0
2020-07-22 02:18:58;39;8;14;2;0;1;0;2;0;2;0
2020-07-22 02:19:59;39;8;14;2;0;1;0;2;0;2;0
2020-07-22 02:20:58;39;8;14;2;0;1;0;2;0;2;0
2020-07-22 02:21:59;39;8;14;2;0;1;0;2;0;2;0
2020-07-22 02:22:59;39;8;14;2;0;1;0;2;0;2;0
2020-07-22 02:23:58;39;8;14;2;0;1;0;2;0;2;0
2020-07-22 02:24:59;39;8;14;2;0;1;0;2;0;2;0
2020-07-22 02:25:58;39;8;14;2;0;1;0;2;0;2;0
2020-07-22 02:26:59;39;8;14;2;0;1;0;2;0;2;0
2020-07-22 02:27:59;39;8;14;2;0;1;0;2;0;2;0
2020-07-22 02:28:58;39;8;14;2;0;1;0;2;0;2;0
2020-07-22 02:29:59;39;8;14;2;0;1;0;2;0;2;0
2020-07-22 02:30:58;40;8;14;2;0;1;0;2;0;2;0
2020-07-22 02:31:59;40;8;14;2;0;1;0;2;0;2;0
2020-07-22 02:32:58;40;8;14;2;0;1;0;2;0;2;0
2020-07-22 02:34:00;40;8;14;2;0;1;0;2;0;2;0
2020-07-22 02:34:58;40;8;14;2;0;1;0;2;0;2;0
2020-07-22 02:35:59;40;8;14;2;0;1;0;2;0;2;0
2020-07-22 02:36:59;40;8;14;2;0;1;0;2;0;2;0
2020-07-22 02:37:58;41;8;14;3;0;1;0;2;0;2;0
2020-07-22 02:38:59;41;8;14;3;0;1;0;2;0;2;0
2020-07-22 02:39:59;41;8;14;3;0;1;0;2;0;2;0
2020-07-22 02:40:58;41;8;14;3;0;1;0;2;0;2;0
2020-07-22 02:41:59;41;8;14;3;0;1;0;2;0;2;0
2020-07-22 02:42:58;41;8;14;3;0;1;0;2;0;2;0
2020-07-22 02:43:59;41;8;14;3;0;1;0;2;0;2;0
2020-07-22 02:44:59;41;8;14;3;0;1;0;2;0;2;0
2020-07-22 02:45:58;41;8;14;3;0;1;0;2;0;2;0
2020-07-22 02:46:59;41;8;14;3;0;1;0;2;0;2;0
2020-07-22 02:47:58;41;8;14;3;0;1;0;2;0;2;0
2020-07-22 02:48:59;41;8;14;3;0;1;0;2;0;2;0
2020-07-22 02:49:59;41;8;14;3;0;1;0;2;0;2;0
2020-07-22 02:50:58;41;8;14;3;0;1;0;2;0;2;0
2020-07-22 02:51:59;41;8;14;3;0;1;0;2;0;2;0
2020-07-22 02:52:59;41;8;14;3;0;1;0;2;0;2;0
2020-07-22 02:53:58;41;8;14;3;0;1;0;2;0;2;0
2020-07-22 02:54:59;41;8;14;3;0;1;0;2;0;2;0
2020-07-22 02:55:58;41;8;14;3;0;1;0;2;0;2;0
2020-07-22 02:56:59;41;8;14;3;0;1;0;2;0;2;0
2020-07-22 02:57:58;41;8;14;3;0;1;0;2;0;2;0
2020-07-22 02:58:59;41;8;14;3;0;1;0;2;0;2;0
2020-07-22 02:59:59;41;8;14;3;0;1;0;2;0;2;0
2020-07-22 03:00:58;41;8;14;3;0;1;0;2;0;2;0
2020-07-22 03:01:59;41;8;14;3;0;1;0;2;0;2;0
2020-07-22 03:02:59;42;8;14;4;0;1;0;2;0;2;0
2020-07-22 03:03:58;42;8;14;4;0;1;0;2;0;2;0
2020-07-22 03:04:59;42;8;14;4;0;1;0;2;0;2;0
2020-07-22 03:05:58;42;8;14;4;0;1;0;2;0;2;0
2020-07-22 03:07:00;42;8;14;4;0;1;0;2;0;2;0
2020-07-22 03:07:58;43;9;14;4;0;1;0;2;0;2;0
2020-07-22 03:08:59;43;9;14;4;0;1;0;2;0;2;0
2020-07-22 03:09:59;43;9;14;4;0;1;0;2;0;2;0
2020-07-22 03:10:58;43;9;14;4;0;1;0;2;0;2;0
2020-07-22 03:11:59;43;9;14;4;0;1;0;2;0;2;0
2020-07-22 03:12:59;43;9;14;4;0;1;0;2;0;2;0
2020-07-22 03:13:58;43;9;14;4;0;1;0;2;0;2;0
2020-07-22 03:14:59;43;9;14;4;0;1;0;2;0;2;0
2020-07-22 03:15:58;43;9;14;4;0;1;0;2;0;2;0
2020-07-22 03:16:59;43;9;14;4;0;1;0;2;0;2;0
2020-07-22 03:17:59;43;9;14;4;0;1;0;2;0;2;0
2020-07-22 03:18:58;43;9;14;4;0;1;0;2;0;2;0
2020-07-22 03:19:59;43;9;14;4;0;1;0;2;0;2;0
2020-07-22 03:20:59;43;9;14;4;0;1;0;2;0;2;0
2020-07-22 03:21:58;43;9;14;4;0;1;0;2;0;2;0
2020-07-22 03:22:59;43;9;14;4;0;1;0;2;0;2;0
2020-07-22 03:23:58;43;9;14;4;0;1;0;2;0;2;0
2020-07-22 03:24:59;43;9;14;4;0;1;0;2;0;2;0
2020-07-22 03:25:59;43;9;14;4;0;1;0;2;0;2;0
2020-07-22 03:26:58;43;9;14;4;0;1;0;2;0;2;0
2020-07-22 03:27:59;43;9;14;4;0;1;0;2;0;2;0
2020-07-22 03:28:59;43;9;14;4;0;1;0;2;0;2;0
2020-07-22 03:29:58;43;9;14;4;0;1;0;2;0;2;0
2020-07-22 03:30:59;43;9;14;4;0;1;0;2;0;2;0
2020-07-22 03:31:58;43;9;14;4;0;1;0;2;0;2;0
2020-07-22 03:32:59;43;9;14;4;0;1;0;2;0;2;0
2020-07-22 03:33:58;43;9;14;4;0;1;0;2;0;2;0
2020-07-22 03:34:59;43;9;14;4;0;1;0;2;0;2;0
2020-07-22 03:35:59;44;10;14;4;0;1;0;2;0;2;0
2020-07-22 03:36:58;44;10;14;4;0;1;0;2;0;2;0
2020-07-22 03:37:59;44;10;14;4;0;1;0;2;0;2;0
2020-07-22 03:38:59;44;10;14;4;0;1;0;2;0;2;0
2020-07-22 03:39:58;44;10;14;4;0;1;0;2;0;2;0
2020-07-22 03:40:59;44;10;14;4;0;1;0;2;0;2;0
2020-07-22 03:41:58;44;10;14;4;0;1;0;2;0;2;0
2020-07-22 03:42:59;44;10;14;4;0;1;0;2;0;2;0
2020-07-22 03:43:59;44;10;14;4;0;1;0;2;0;2;0
2020-07-22 03:44:58;44;10;14;4;0;1;0;2;0;2;0
2020-07-22 03:45:59;44;10;14;4;0;1;0;2;0;2;0
2020-07-22 03:46:58;44;10;14;4;0;1;0;2;0;2;0
2020-07-22 03:47:59;44;10;14;4;0;1;0;2;0;2;0
2020-07-22 03:48:59;44;10;14;4;0;1;0;2;0;2;0
2020-07-22 03:49:58;44;10;14;4;0;1;0;2;0;2;0
2020-07-22 03:50:59;44;10;14;4;0;1;0;2;0;2;0
2020-07-22 03:51:58;44;10;14;4;0;1;0;2;0;2;0
2020-07-22 03:52:59;44;10;14;4;0;1;0;2;0;2;0
2020-07-22 03:53:58;44;10;14;4;0;1;0;2;0;2;0
2020-07-22 03:55:00;44;10;14;4;0;1;0;2;0;2;0
2020-07-22 03:55:58;44;10;14;4;0;1;0;2;0;2;0
2020-07-22 03:56:59;44;10;14;4;0;1;0;2;0;2;0
2020-07-22 03:57:59;44;10;14;4;0;1;0;2;0;2;0
2020-07-22 03:58:58;44;10;14;4;0;1;0;2;0;2;0
2020-07-22 03:59:59;44;10;14;4;0;1;0;2;0;2;0
2020-07-22 04:00:58;44;10;14;4;0;1;0;2;0;2;0
2020-07-22 04:01:59;44;10;14;4;0;1;0;2;0;2;0
2020-07-22 04:02:58;44;10;14;4;0;1;0;2;0;2;0
2020-07-22 04:03:59;44;10;14;4;0;1;0;2;0;2;0
2020-07-22 04:04:59;44;10;14;4;0;1;0;2;0;2;0
2020-07-22 04:05:58;45;10;14;4;0;1;0;2;0;2;1
2020-07-22 04:06:59;45;10;14;4;0;1;0;2;0;2;1
2020-07-22 04:07:59;45;10;14;4;0;1;0;2;0;2;1
2020-07-22 04:08:58;45;10;14;4;0;1;0;2;0;2;1
2020-07-22 04:09:59;45;10;14;4;0;1;0;2;0;2;1
2020-07-22 04:10:58;45;10;14;4;0;1;0;2;0;2;1
2020-07-22 04:11:59;45;10;14;4;0;1;0;2;0;2;1
2020-07-22 04:12:59;45;10;14;4;0;1;0;2;0;2;1
2020-07-22 04:13:58;45;10;14;4;0;1;0;2;0;2;1
2020-07-22 04:14:59;45;10;14;4;0;1;0;2;0;2;1
2020-07-22 04:15:59;45;10;14;4;0;1;0;2;0;2;1
2020-07-22 04:16:58;46;10;14;5;0;1;0;2;0;2;1
2020-07-22 04:17:59;46;10;14;5;0;1;0;2;0;2;1
2020-07-22 04:18:58;46;10;14;5;0;1;0;2;0;2;1
2020-07-22 04:19:59;46;10;14;5;0;1;0;2;0;2;1
2020-07-22 04:20:59;46;10;14;5;0;1;0;2;0;2;1
2020-07-22 04:21:58;46;10;14;5;0;1;0;2;0;2;1
2020-07-22 04:22:59;46;10;14;5;0;1;0;2;0;2;1
2020-07-22 04:23:58;46;10;14;5;0;1;0;2;0;2;1
2020-07-22 04:25:00;46;10;14;5;0;1;0;2;0;2;1
2020-07-22 04:25:58;46;10;14;5;0;1;0;2;0;2;1
2020-07-22 04:26:59;47;10;14;6;0;1;0;2;0;2;1
2020-07-22 04:27:59;47;10;14;6;0;1;0;2;0;2;1
2020-07-22 04:28:58;47;10;14;6;0;1;0;2;0;2;1
2020-07-22 04:29:59;47;10;14;6;0;1;0;2;0;2;1
2020-07-22 04:30:58;48;11;14;6;0;1;0;2;0;2;1
2020-07-22 04:31:59;48;11;14;6;0;1;0;2;0;2;1
2020-07-22 04:32:58;48;11;14;8;0;0;0;2;0;2;0
2020-07-22 04:33:59;48;11;14;8;0;0;0;2;0;2;0
2020-07-22 04:34:59;48;11;14;8;0;0;0;2;0;2;0
2020-07-22 04:35:58;48;11;14;8;0;0;0;2;0;2;0
2020-07-22 04:36:59;48;11;14;8;0;0;0;2;0;2;0
2020-07-22 04:37:59;48;11;14;8;0;0;0;2;0;2;0
2020-07-22 04:38:58;48;11;14;8;0;0;0;2;0;2;0
2020-07-22 04:39:59;48;11;14;8;0;0;0;2;0;2;0
2020-07-22 04:40:58;48;11;14;8;0;0;0;2;0;2;0
2020-07-22 04:41:59;48;11;14;8;0;0;0;2;0;2;0
2020-07-22 04:42:59;48;11;14;8;0;0;0;2;0;2;0
2020-07-22 04:43:58;49;12;14;8;0;0;0;2;0;2;0
2020-07-22 04:44:59;49;12;14;8;0;0;0;2;0;2;0
2020-07-22 04:45:58;49;12;14;8;0;0;0;2;0;2;0
2020-07-22 04:46:59;49;12;14;8;0;0;0;2;0;2;0
2020-07-22 04:47:58;49;12;14;8;0;0;0;2;0;2;0
2020-07-22 04:48:59;49;12;14;8;0;0;0;2;0;2;0
2020-07-22 04:49:59;49;12;14;8;0;0;0;2;0;2;0
2020-07-22 04:50:58;49;12;14;8;0;0;0;2;0;2;0
2020-07-22 04:51:59;49;12;14;8;0;0;0;2;0;2;0
2020-07-22 04:52:59;49;12;14;8;0;0;0;2;0;2;0
2020-07-22 04:53:58;49;12;14;8;0;0;0;2;0;2;0
2020-07-22 04:54:59;49;12;14;8;0;0;0;2;0;2;0
2020-07-22 04:55:58;50;12;15;8;0;0;0;2;0;2;0
2020-07-22 04:56:59;50;12;15;8;0;0;0;2;0;2;0
2020-07-22 04:57:59;50;12;15;8;0;0;0;2;0;2;0
2020-07-22 04:58:58;50;12;15;8;0;0;0;2;0;2;0
2020-07-22 04:59:59;50;12;15;8;0;0;0;2;0;2;0
2020-07-22 05:00:59;50;12;15;8;0;0;0;2;0;2;0
2020-07-22 05:01:58;50;12;15;8;0;0;0;2;0;2;0
2020-07-22 05:02:59;50;12;15;8;0;0;0;2;0;2;0
2020-07-22 05:03:58;50;12;15;8;0;0;0;2;0;2;0
2020-07-22 05:04:59;50;12;15;8;0;0;0;2;0;2;0
2020-07-22 05:05:59;50;12;15;8;0;0;0;2;0;2;0
2020-07-22 05:06:58;50;12;15;8;0;0;0;2;0;2;0
2020-07-22 05:07:59;50;12;15;8;0;0;0;2;0;2;0
2020-07-22 05:08:59;50;12;15;8;0;0;0;2;0;2;0
2020-07-22 05:09:58;51;12;16;8;0;0;0;2;0;2;0
2020-07-22 05:10:59;51;12;16;8;0;0;0;2;0;2;0
2020-07-22 05:11:59;52;12;16;9;0;0;0;2;0;2;0
2020-07-22 05:12:58;52;12;16;9;0;0;0;2;0;2;0
2020-07-22 05:13:59;52;12;16;9;0;0;0;2;0;2;0
2020-07-22 05:14:58;53;13;16;9;0;0;0;2;0;2;0
2020-07-22 05:15:59;53;13;16;9;0;0;0;2;0;2;0
2020-07-22 05:16:59;53;13;16;9;0;0;0;2;0;2;0
2020-07-22 05:17:58;53;13;16;9;0;0;0;2;0;2;0
2020-07-22 05:18:59;53;13;16;9;0;0;0;2;0;2;0
2020-07-22 05:19:59;53;13;16;9;0;0;0;2;0;2;0
2020-07-22 05:20:58;53;13;16;9;0;0;0;2;0;2;0
2020-07-22 05:22:00;53;13;16;9;0;0;0;2;0;2;0
2020-07-22 05:22:58;53;13;16;9;0;0;0;2;0;2;0
2020-07-22 05:23:59;53;13;16;9;0;0;0;2;0;2;0
2020-07-22 05:24:59;53;13;16;9;0;0;0;2;0;2;0
2020-07-22 05:25:58;53;13;16;9;0;0;0;2;0;2;0
2020-07-22 05:26:59;53;13;16;9;0;0;0;2;0;2;0
2020-07-22 05:27:59;53;13;16;9;0;0;0;2;0;2;0
2020-07-22 05:28:58;53;13;16;9;0;0;0;2;0;2;0
2020-07-22 05:29:59;53;13;16;9;0;0;0;2;0;2;0
2020-07-22 05:30:58;53;13;16;9;0;0;0;2;0;2;0
2020-07-22 05:31:59;53;13;16;9;0;0;0;2;0;2;0
2020-07-22 05:32:59;53;13;16;9;0;0;0;2;0;2;0
2020-07-22 05:33:58;53;13;16;9;0;0;0;2;0;2;0
2020-07-22 05:34:59;53;13;16;9;0;0;0;2;0;2;0
2020-07-22 05:35:59;54;13;16;9;0;1;0;2;0;2;1
2020-07-22 05:36:58;54;13;16;9;0;1;0;2;0;2;1
2020-07-22 05:37:59;55;13;16;9;1;0;0;2;0;2;0
2020-07-22 05:38:58;55;13;16;9;1;0;0;2;0;2;0
2020-07-22 05:39:59;55;13;16;9;1;0;0;2;0;2;0
2020-07-22 05:40:59;55;13;16;9;1;0;0;2;0;2;0
2020-07-22 05:41:58;55;13;16;9;1;0;0;2;0;2;0
2020-07-22 05:42:59;55;13;16;9;1;0;0;2;0;2;0
2020-07-22 05:43:59;55;13;16;9;1;0;0;2;0;2;0
2020-07-22 05:44:58;55;13;16;9;1;0;0;2;0;2;0
2020-07-22 05:45:59;55;13;16;9;1;0;0;2;0;2;0
2020-07-22 05:46:59;55;13;16;9;1;0;0;2;0;2;0
2020-07-22 05:47:58;55;13;16;9;1;0;0;2;0;2;0
2020-07-22 05:48:59;55;13;16;9;1;0;0;2;0;2;0
2020-07-22 05:49:58;55;13;16;9;1;0;0;2;0;2;0
2020-07-22 05:50:59;56;13;17;9;1;0;0;2;0;2;0
2020-07-22 05:51:58;56;13;17;9;1;0;0;2;0;2;0
2020-07-22 05:52:59;56;13;17;9;1;0;0;2;0;2;0
2020-07-22 05:53:59;56;13;17;9;1;0;0;2;0;2;0
2020-07-22 05:54:58;56;13;17;9;1;0;0;2;0;2;0
2020-07-22 05:56:00;56;13;17;9;1;0;0;2;0;2;0
2020-07-22 05:56:58;56;13;17;9;1;0;0;2;0;2;0
2020-07-22 05:57:59;56;13;17;9;1;0;0;2;0;2;0
2020-07-22 05:58:59;56;13;17;9;1;0;0;2;0;2;0
2020-07-22 05:59:58;56;13;17;9;1;0;0;2;0;2;0
2020-07-22 06:00:59;56;13;17;9;1;0;0;2;0;2;0
2020-07-22 06:01:59;56;13;17;9;1;0;0;2;0;2;0
2020-07-22 06:02:58;56;13;17;9;1;0;0;2;0;2;0
2020-07-22 06:03:59;56;13;17;9;1;0;0;2;0;2;0
2020-07-22 06:04:58;56;13;17;9;1;0;0;2;0;2;0
2020-07-22 06:05:59;56;13;17;9;1;0;0;2;0;2;0
2020-07-22 06:06:59;56;13;17;9;1;0;0;2;0;2;0
2020-07-22 06:07:58;56;13;17;9;1;0;0;2;0;2;0
2020-07-22 06:08:59;56;13;17;9;1;0;0;2;0;2;0
2020-07-22 06:09:59;56;13;17;9;1;0;0;2;0;2;0
2020-07-22 06:10:58;56;13;17;9;1;0;0;2;0;2;0
2020-07-22 06:11:59;56;13;17;9;1;0;0;2;0;2;0
2020-07-22 06:12:58;56;13;17;9;1;0;0;2;0;2;0
2020-07-22 06:13:59;56;13;17;9;1;0;0;2;0;2;0
2020-07-22 06:14:59;56;13;17;9;1;0;0;2;0;2;0
2020-07-22 06:15:58;56;13;17;9;1;0;0;2;0;2;0
2020-07-22 06:16:59;56;13;17;9;1;0;0;2;0;2;0
2020-07-22 06:17:59;56;13;17;9;1;0;0;2;0;2;0
2020-07-22 06:18:58;56;13;17;9;1;0;0;2;0;2;0
2020-07-22 06:19:59;56;13;17;9;1;0;0;2;0;2;0
2020-07-22 06:20:59;56;13;17;9;1;0;0;2;0;2;0
2020-07-22 06:21:58;56;13;17;9;1;0;0;2;0;2;0
2020-07-22 06:22:59;56;13;17;9;1;0;0;2;0;2;0
2020-07-22 06:23:59;56;13;17;9;1;0;0;2;0;2;0
2020-07-22 06:24:58;56;13;17;9;1;0;0;2;0;2;0
2020-07-22 06:25:59;57;13;17;9;2;0;0;2;0;2;0
2020-07-22 06:27:00;57;13;17;9;2;0;0;2;0;2;0
2020-07-22 06:27:58;57;13;17;9;2;0;0;2;0;2;0
2020-07-22 06:28:59;57;13;17;9;2;0;0;2;0;2;0
2020-07-22 06:29:59;57;13;17;9;2;0;0;2;0;2;0
2020-07-22 06:30:58;57;13;17;9;2;0;0;2;0;2;0
2020-07-22 06:31:59;57;13;17;9;2;0;0;2;0;2;0
2020-07-22 06:32:59;57;13;17;9;2;0;0;2;0;2;0
2020-07-22 06:33:58;57;13;17;9;2;0;0;2;0;2;0
2020-07-22 06:34:59;57;13;17;9;2;0;0;2;0;2;0
2020-07-22 06:35:59;57;13;17;9;2;0;0;2;0;2;0
2020-07-22 06:36:58;57;13;17;9;2;0;0;2;0;2;0
2020-07-22 06:38:00;57;13;17;9;2;0;0;2;0;2;0
2020-07-22 06:38:58;57;13;17;9;2;0;0;2;0;2;0
2020-07-22 06:39:59;57;13;17;9;2;0;0;2;0;2;0
2020-07-22 06:40:59;57;13;17;9;2;0;0;2;0;2;0
2020-07-22 06:41:58;57;13;17;9;2;0;0;2;0;2;0
2020-07-22 06:43:00;57;13;17;9;2;0;0;2;0;2;0
2020-07-22 06:43:58;57;13;17;9;2;0;0;2;0;2;0
2020-07-22 06:44:59;58;13;17;10;2;0;0;2;0;2;0
2020-07-22 06:45:59;58;13;17;10;2;0;0;2;0;2;0
2020-07-22 06:46:58;58;13;17;10;2;0;0;2;0;2;0
2020-07-22 06:48:00;59;13;18;10;2;0;0;2;0;2;0
2020-07-22 06:48:58;60;13;18;10;2;0;0;2;0;2;0
2020-07-22 06:49:59;60;13;18;10;2;0;0;2;0;2;0
2020-07-22 06:50:59;60;13;18;10;2;0;0;2;0;2;0
2020-07-22 06:51:58;60;13;18;10;2;0;0;2;0;2;0
2020-07-22 06:52:59;60;13;18;10;2;0;0;2;0;2;0
2020-07-22 06:53:58;60;13;18;10;2;0;0;2;0;2;0
2020-07-22 06:54:59;61;14;18;10;2;0;0;2;0;2;0
2020-07-22 06:55:59;61;14;18;10;2;0;0;2;0;2;0
2020-07-22 06:56:58;61;14;18;10;2;0;0;2;0;2;0
2020-07-22 06:57:59;61;14;18;10;2;0;0;2;0;2;0
2020-07-22 06:58:59;61;14;18;10;2;0;0;2;0;2;0
2020-07-22 06:59:58;61;14;18;10;2;0;0;2;0;2;0
2020-07-22 07:00:59;61;14;18;10;2;0;0;2;0;2;0
2020-07-22 07:01:58;61;14;18;10;2;0;0;2;0;2;0
2020-07-22 07:02:59;61;14;18;10;2;0;0;2;0;2;0
2020-07-22 07:03:59;61;14;18;10;2;0;0;2;0;2;0
2020-07-22 07:04:58;61;14;18;10;2;0;0;2;0;2;0
2020-07-22 07:05:59;61;14;18;10;2;0;0;2;0;2;0
2020-07-22 07:06:58;61;14;18;10;2;0;0;2;0;2;0
2020-07-22 07:07:59;61;14;18;10;2;0;0;2;0;2;0
2020-07-22 07:08:59;61;14;18;10;2;0;0;2;0;2;0
2020-07-22 07:09:58;61;14;18;10;2;0;0;2;0;2;0
2020-07-22 07:10:59;61;14;18;10;2;0;0;2;0;2;0
2020-07-22 07:11:59;61;14;18;10;2;0;0;2;0;2;0
2020-07-22 07:12:58;61;14;18;10;2;0;0;2;0;2;0
2020-07-22 07:13:59;61;14;18;10;2;0;0;2;0;2;0
2020-07-22 07:14:59;61;14;18;10;2;0;0;2;0;2;0
2020-07-22 07:15:58;61;14;18;10;2;0;0;2;0;2;0
2020-07-22 07:16:59;62;14;18;10;3;0;0;2;0;2;0
2020-07-22 07:17:58;62;14;18;10;3;0;0;2;0;2;0
2020-07-22 07:18:59;62;14;18;10;3;0;0;2;0;2;0
2020-07-22 07:19:59;62;14;18;10;3;0;0;2;0;2;0
2020-07-22 07:20:58;62;14;18;10;3;0;0;2;0;2;0
2020-07-22 07:21:59;62;14;18;10;3;0;0;2;0;2;0
2020-07-22 07:22:59;62;14;18;10;3;0;0;2;0;2;0
2020-07-22 07:23:58;62;14;18;10;3;0;0;2;0;2;0
2020-07-22 07:24:59;62;14;18;10;3;0;0;2;0;2;0
2020-07-22 07:25:59;62;14;18;10;3;0;0;2;0;2;0
2020-07-22 07:26:58;63;15;18;10;3;0;0;2;0;2;0
2020-07-22 07:27:59;64;15;18;10;3;0;0;2;0;2;0
2020-07-22 07:28:58;64;15;18;10;3;0;0;2;0;2;0
2020-07-22 07:29:59;64;15;18;10;3;0;0;2;0;2;0
2020-07-22 07:30:58;64;15;18;10;3;0;0;2;0;2;0
2020-07-22 07:31:59;64;15;18;10;3;0;0;2;0;2;0
2020-07-22 07:32:59;64;15;18;10;3;0;0;2;0;2;0
2020-07-22 07:33:58;64;15;18;10;3;0;0;2;0;2;0
2020-07-22 07:34:59;64;15;18;10;3;0;0;2;0;2;0
2020-07-22 07:35:58;65;15;18;10;3;0;0;2;0;2;1
2020-07-22 07:36:59;65;15;18;10;3;0;0;2;0;2;1
2020-07-22 07:37:58;65;15;18;10;3;0;0;2;0;2;1
2020-07-22 07:38:59;65;15;18;10;3;0;0;2;0;2;1
2020-07-22 07:39:58;65;15;18;10;3;0;0;2;0;2;1
2020-07-22 07:40:59;65;15;18;10;3;0;0;2;0;2;1
2020-07-22 07:41:59;65;15;18;10;3;0;0;2;0;2;1
2020-07-22 07:42:58;65;15;18;10;3;0;0;2;0;2;1
2020-07-22 07:43:59;65;15;18;10;3;0;0;2;0;2;1
2020-07-22 07:44:58;65;15;18;10;3;0;0;2;0;2;1
2020-07-22 07:45:59;65;15;18;10;3;0;0;2;0;2;1
2020-07-22 07:46:58;65;15;18;10;3;0;0;2;0;2;1
2020-07-22 07:47:59;65;15;18;10;3;0;0;2;0;2;1
2020-07-22 07:48:58;65;15;18;10;3;0;0;2;0;2;1
2020-07-22 07:49:59;66;15;19;10;3;0;0;2;0;2;1
2020-07-22 07:50:59;66;15;19;10;3;0;0;2;0;2;1
2020-07-22 07:51:58;66;15;19;10;3;0;0;2;0;2;1
2020-07-22 07:52:59;66;15;19;10;3;0;0;2;0;2;1
2020-07-22 07:53:58;66;15;19;10;3;0;0;2;0;2;1
2020-07-22 07:54:59;66;15;19;10;3;0;0;2;0;2;1
2020-07-22 07:55:59;66;15;19;10;3;0;0;2;0;2;1
2020-07-22 07:56:58;66;15;19;10;3;0;0;2;0;2;1
2020-07-22 07:57:59;66;15;19;10;3;0;0;2;0;2;1
2020-07-22 07:58:58;66;15;19;10;3;0;0;2;0;2;1
2020-07-22 07:59:59;66;15;19;10;3;0;0;2;0;2;1
2020-07-22 08:00:59;66;15;19;10;3;0;0;2;0;2;1
2020-07-22 08:01:58;66;15;19;10;3;0;0;2;0;2;1
2020-07-22 08:02:59;66;15;19;10;3;0;0;2;0;2;1
2020-07-22 08:03:58;66;15;19;10;3;0;0;2;0;2;1
2020-07-22 08:04:59;66;15;19;10;3;0;0;2;0;2;1
2020-07-22 08:05:58;66;15;19;10;3;0;0;2;0;2;1
2020-07-22 08:06:59;66;15;19;10;3;0;0;2;0;2;1
2020-07-22 08:07:59;66;15;19;10;3;0;0;2;0;2;1
2020-07-22 08:08:58;66;15;19;10;3;0;0;2;0;2;1
2020-07-22 08:09:59;66;15;19;10;3;0;0;2;0;2;1
2020-07-22 08:10:59;66;15;19;10;3;0;0;2;0;2;1
2020-07-22 08:11:58;66;15;19;10;3;0;0;2;0;2;1
2020-07-22 08:12:59;66;15;19;10;3;0;0;2;0;2;1
2020-07-22 08:13:59;66;15;19;10;3;0;0;2;0;2;1
2020-07-22 08:14:58;66;15;19;10;3;0;0;2;0;2;1
2020-07-22 08:15:59;66;15;19;10;3;0;0;2;0;2;1
2020-07-22 08:16:58;66;15;19;10;3;0;0;2;0;2;1
2020-07-22 08:17:59;66;15;19;10;3;0;0;2;0;2;1
2020-07-22 08:18:58;66;15;19;10;3;0;0;2;0;2;1
2020-07-22 08:20:00;66;15;19;10;3;0;0;2;0;2;1
2020-07-22 08:20:58;66;15;19;10;3;0;0;2;0;2;1
2020-07-22 08:21:59;66;15;19;10;3;0;0;2;0;2;1
2020-07-22 08:22:59;66;15;19;10;3;0;0;2;0;2;1
2020-07-22 08:23:58;66;15;19;10;3;0;0;2;0;2;1
2020-07-22 08:24:59;66;15;19;10;3;0;0;2;0;2;1
2020-07-22 08:25:59;67;16;19;10;3;0;0;2;0;2;1
2020-07-22 08:26:58;67;16;19;10;3;0;0;2;0;2;1
2020-07-22 08:27:59;67;16;19;10;3;0;0;2;0;2;1
2020-07-22 08:28:58;67;16;19;10;3;0;0;2;0;2;1
2020-07-22 08:29:59;67;16;19;10;3;0;0;2;0;2;1
2020-07-22 08:30:58;67;16;19;10;3;0;0;2;0;2;1
2020-07-22 08:31:59;67;16;19;10;3;0;0;2;0;2;1
2020-07-22 08:32:59;67;16;19;10;3;0;0;2;0;2;1
2020-07-22 08:33:58;67;16;19;10;3;0;0;2;0;2;1
2020-07-22 08:34:59;67;16;19;10;3;0;0;2;0;2;1
2020-07-22 08:35:59;67;16;19;10;3;0;0;2;0;2;1
2020-07-22 08:36:58;67;16;19;10;3;0;0;2;0;2;1
2020-07-22 08:37:59;67;16;19;10;3;0;0;2;0;2;1
2020-07-22 08:38:59;67;16;19;10;3;0;0;2;0;2;1
2020-07-22 08:39:58;67;16;19;10;3;0;0;2;0;2;1
2020-07-22 08:40:59;67;16;19;10;3;0;0;2;0;2;1
2020-07-22 08:41:58;67;16;19;10;3;0;0;2;0;2;1
2020-07-22 08:42:59;67;16;19;10;3;0;0;2;0;2;1
2020-07-22 08:43:58;68;16;19;10;3;0;0;2;0;2;1
2020-07-22 08:44:59;68;16;19;10;3;0;0;2;0;2;1
2020-07-22 08:45:59;68;16;19;10;3;0;0;2;0;2;1
2020-07-22 08:46:58;68;16;19;10;3;0;0;2;0;2;1
2020-07-22 08:47:59;68;16;19;10;3;0;0;2;0;2;1
2020-07-22 08:48:58;68;16;19;10;3;0;0;2;0;2;1
2020-07-22 08:49:59;68;16;19;10;3;0;0;2;0;2;1
2020-07-22 08:50:58;68;16;19;10;3;0;0;2;0;2;1
2020-07-22 08:52:00;69;17;19;10;3;0;0;2;0;2;1
2020-07-22 08:52:58;71;19;19;10;3;0;0;2;0;2;1
2020-07-22 08:53:59;71;18;19;11;3;0;0;2;0;2;1
2020-07-22 08:54:59;71;18;19;11;3;0;0;2;0;2;1
2020-07-22 08:55:58;71;18;19;11;3;0;0;2;0;2;1
2020-07-22 08:56:59;71;18;19;11;3;0;0;2;0;2;1
2020-07-22 08:57:58;71;18;19;11;3;0;0;2;0;2;1
2020-07-22 08:58:59;71;18;19;11;3;0;0;2;0;2;1
2020-07-22 08:59:59;71;18;19;11;3;0;0;2;0;2;1
2020-07-22 09:00:58;71;18;19;11;3;0;0;2;0;2;1
2020-07-22 09:01:59;72;18;20;11;3;0;0;2;0;2;1
2020-07-22 09:02:58;72;18;20;11;3;0;0;2;0;2;1
2020-07-22 09:03:59;72;18;20;11;3;0;0;2;0;2;1
2020-07-22 09:04:59;72;18;20;11;3;0;0;2;0;2;1
2020-07-22 09:05:58;74;19;20;12;3;0;0;2;0;2;1
2020-07-22 09:06:59;75;19;20;13;3;0;0;2;0;2;1
2020-07-22 09:07:58;75;19;20;13;3;0;0;2;0;2;1
2020-07-22 09:08:59;75;19;20;13;3;0;0;2;0;2;1
2020-07-22 09:09:59;75;19;20;13;3;0;0;2;0;2;1
2020-07-22 09:10:58;75;19;20;13;3;0;0;2;0;2;1
2020-07-22 09:11:59;75;19;20;13;3;0;0;2;0;2;1
2020-07-22 09:12:59;75;19;20;13;3;0;0;2;0;2;1
2020-07-22 09:13:58;75;19;20;13;3;0;0;2;0;2;1
2020-07-22 09:14:59;75;19;20;13;3;0;0;2;0;2;1
2020-07-22 09:15:58;75;19;20;13;3;0;0;2;0;2;1
2020-07-22 09:16:59;75;19;20;13;3;0;0;2;0;2;1
2020-07-22 09:17:59;75;19;20;13;3;0;0;2;0;2;1
2020-07-22 09:18:58;75;19;20;13;3;0;0;2;0;2;1
2020-07-22 09:19:59;75;19;20;13;3;0;0;2;0;2;1
2020-07-22 09:20:58;76;19;20;13;4;0;0;2;0;2;1
2020-07-22 09:21:59;76;19;20;13;4;0;0;2;0;2;1
2020-07-22 09:22:58;77;19;20;13;4;0;0;2;0;2;0
2020-07-22 09:23:59;77;19;20;13;4;0;0;2;0;2;0
2020-07-22 09:24:59;77;19;20;13;4;0;0;2;0;2;0
2020-07-22 09:25:58;77;19;20;13;4;0;0;2;0;2;0
2020-07-22 09:26:59;77;19;20;13;4;0;0;2;0;2;0
2020-07-22 09:27:59;77;19;20;13;4;0;0;2;0;2;0
2020-07-22 09:28:58;77;19;20;13;4;0;0;2;0;2;0
2020-07-22 09:29:59;77;19;20;13;4;0;0;2;0;2;0
2020-07-22 09:30:59;77;19;20;13;4;0;0;2;0;2;0
2020-07-22 09:31:58;77;19;20;13;4;0;0;2;0;2;0
2020-07-22 09:32:59;77;19;20;13;4;0;0;2;0;2;0
2020-07-22 09:33:58;77;19;20;13;4;0;0;2;0;2;0
2020-07-22 09:35:00;77;19;20;13;4;0;0;2;0;2;0
2020-07-22 09:35:58;77;19;20;13;4;0;0;2;0;2;0
2020-07-22 09:36:59;77;19;20;13;4;0;0;2;0;2;0
2020-07-22 09:37:59;78;20;20;13;4;0;0;2;0;2;0
2020-07-22 09:38:58;78;20;20;13;4;0;0;2;0;2;0
2020-07-22 09:39:59;78;20;20;13;4;0;0;2;0;2;0
2020-07-22 09:40:58;78;20;20;13;4;0;0;2;0;2;0
2020-07-22 09:41:59;78;20;20;13;4;0;0;2;0;2;0
2020-07-22 09:42:59;78;20;20;13;4;0;0;2;0;2;0
2020-07-22 09:43:58;77;20;20;13;4;0;0;2;0;2;0
2020-07-22 09:44:59;77;20;20;13;4;0;0;2;0;2;0
2020-07-22 09:45:58;77;20;20;13;4;0;0;2;0;2;0
2020-07-22 09:46:59;77;20;20;13;4;0;0;2;0;2;0
2020-07-22 09:47:58;77;20;20;13;4;0;0;2;0;2;0
2020-07-22 09:48:59;77;20;20;13;4;0;0;2;0;2;0
2020-07-22 09:49:59;77;20;20;13;4;0;0;2;0;2;0
2020-07-22 09:50:58;77;20;20;13;4;0;0;2;0;2;0
2020-07-22 09:51:59;77;20;20;13;4;0;0;2;0;2;0
2020-07-22 09:52:58;77;20;20;13;4;0;0;2;0;2;0
2020-07-22 09:53:59;77;20;20;13;4;0;0;2;0;2;0
2020-07-22 09:54:58;77;20;20;13;4;0;0;2;0;2;0
2020-07-22 09:55:59;77;20;20;13;4;0;0;2;0;2;0
2020-07-22 09:56:59;77;20;20;13;4;0;0;2;0;2;0
2020-07-22 09:57:58;77;20;20;13;4;0;0;2;0;2;0
2020-07-22 09:58:59;78;20;21;13;4;0;0;2;0;2;0
2020-07-22 09:59:58;78;20;21;13;4;0;0;2;0;2;0
2020-07-22 10:01:00;78;20;21;13;4;0;0;2;0;2;0
2020-07-22 10:01:58;78;20;21;13;4;0;0;2;0;2;0
2020-07-22 10:02:59;78;20;21;13;4;0;0;2;0;2;0
2020-07-22 10:03:58;78;20;21;13;4;0;0;2;0;2;0
2020-07-22 10:04:59;78;20;21;13;4;0;0;2;0;2;0
2020-07-22 10:05:58;78;20;21;13;4;0;0;2;0;2;0
2020-07-22 10:06:59;78;20;21;13;4;0;0;2;0;2;0
2020-07-22 10:07:58;79;21;21;13;4;0;0;2;0;2;0
2020-07-22 10:08:59;79;21;21;13;4;0;0;2;0;2;0
2020-07-22 10:09:58;79;21;21;13;4;0;0;2;0;2;0
2020-07-22 10:10:59;79;21;21;13;4;0;0;2;0;2;0
2020-07-22 10:11:58;80;22;21;13;4;0;0;2;0;2;0
2020-07-22 10:12:59;80;22;21;13;4;0;0;2;0;2;0
2020-07-22 10:13:58;81;23;21;13;4;0;0;2;0;2;0
2020-07-22 10:14:59;81;23;21;13;4;0;0;2;0;2;0
2020-07-22 10:15:58;81;23;21;13;4;0;0;2;0;2;0
2020-07-22 10:16:59;81;23;21;13;4;0;0;2;0;2;0
2020-07-22 10:17:58;81;23;21;13;4;0;0;2;0;2;0
2020-07-22 10:18:59;81;23;21;13;4;0;0;2;0;2;0
2020-07-22 10:19:58;81;23;21;13;4;0;0;2;0;2;0
2020-07-22 10:20:59;82;24;21;13;4;0;0;2;0;2;0
2020-07-22 10:21:58;82;24;21;13;4;0;0;2;0;2;0
2020-07-22 10:22:59;82;24;21;13;4;0;0;2;0;2;0
2020-07-22 10:23:59;82;24;21;13;4;0;0;2;0;2;0
2020-07-22 10:24:58;82;24;21;13;4;0;0;2;0;2;0
2020-07-22 10:25:59;82;24;21;13;4;0;0;2;0;2;0
2020-07-22 10:26:59;82;24;21;13;4;0;0;2;0;2;0
2020-07-22 10:27:58;82;24;21;13;4;0;0;2;0;2;0
2020-07-22 10:28:59;82;24;21;13;4;0;0;2;0;2;0
2020-07-22 10:29:58;82;24;21;13;4;0;0;2;0;2;0
2020-07-22 10:30:59;82;24;21;13;4;0;0;2;0;2;0
2020-07-22 10:31:59;83;25;21;13;4;0;0;2;0;2;0
2020-07-22 10:32:58;83;25;21;13;4;0;0;2;0;2;0
2020-07-22 10:33:59;83;25;21;13;4;0;0;2;0;2;0
2020-07-22 10:34:58;83;25;21;13;4;0;0;2;0;2;0
2020-07-22 10:36:00;83;25;21;13;4;0;0;2;0;2;0
2020-07-22 10:36:58;83;25;21;13;4;0;0;2;0;2;0
2020-07-22 10:37:59;83;25;21;13;4;0;0;2;0;2;0
2020-07-22 10:38:59;83;25;21;13;4;0;0;2;0;2;0
2020-07-22 10:39:58;83;25;21;13;4;0;0;2;0;2;0
2020-07-22 10:40:59;83;25;21;13;4;0;0;2;0;2;0
2020-07-22 10:41:58;83;25;21;13;4;0;0;2;0;2;0
2020-07-22 10:42:59;83;25;21;13;4;0;0;2;0;2;0
2020-07-22 10:43:59;83;25;21;13;4;0;0;2;0;2;0
2020-07-22 10:44:58;83;25;21;13;4;0;0;2;0;2;0
2020-07-22 10:45:59;85;25;21;14;4;0;0;3;0;2;0
2020-07-22 10:46:59;85;25;21;14;4;0;0;3;0;2;0
2020-07-22 10:47:58;85;25;21;14;4;0;0;3;0;2;0
2020-07-22 10:48:59;85;25;21;14;4;0;0;3;0;2;0
2020-07-22 10:49:58;85;25;21;14;4;0;0;3;0;2;0
2020-07-22 10:50:59;85;25;21;14;4;0;0;3;0;2;0
2020-07-22 10:51:58;85;25;21;14;4;0;0;3;0;2;0
2020-07-22 10:53:00;85;25;21;14;4;0;0;3;0;2;0
2020-07-22 10:53:58;85;25;21;14;4;0;0;3;0;2;0
2020-07-22 10:54:59;85;25;21;14;4;0;0;3;0;2;0
2020-07-22 10:55:59;85;25;21;14;4;0;0;3;0;2;0
2020-07-22 10:56:58;85;25;21;14;4;0;0;3;0;2;0
2020-07-22 10:57:59;85;25;21;14;4;0;0;3;0;2;0
2020-07-22 10:58:58;85;25;21;14;4;0;0;3;0;2;0
2020-07-22 10:59:59;85;25;21;14;4;0;0;3;0;2;0
2020-07-22 11:00:58;86;25;21;15;4;0;0;3;0;2;0
2020-07-22 11:01:59;87;25;21;15;4;0;0;3;0;3;0
2020-07-22 11:02:58;88;26;21;15;4;0;0;3;0;3;0
2020-07-22 11:03:59;88;26;21;15;4;0;0;3;0;3;0
2020-07-22 11:04:58;88;26;21;15;4;0;0;3;0;3;0
2020-07-22 11:05:59;89;26;21;16;4;0;0;3;0;3;0
2020-07-22 11:06:59;91;26;21;16;4;2;0;3;0;3;0
2020-07-22 11:07:58;91;26;21;16;4;2;0;3;0;3;0
2020-07-22 11:08:59;91;26;21;16;4;2;0;3;0;3;0
2020-07-22 11:09:58;91;26;21;16;4;2;0;3;0;3;0
2020-07-22 11:10:59;91;26;21;16;4;2;0;3;0;3;0
2020-07-22 11:11:59;92;26;21;17;4;2;0;3;0;3;0
2020-07-22 11:12:58;92;26;21;17;4;2;0;3;0;3;0
2020-07-22 11:13:59;92;26;21;17;4;2;0;3;0;3;0
2020-07-22 11:14:58;92;26;21;17;4;2;0;3;0;3;0
2020-07-22 11:15:59;92;26;21;17;4;2;0;3;0;3;0
2020-07-22 11:16:59;92;26;21;17;4;2;0;3;0;3;0
2020-07-22 11:17:58;92;26;21;17;4;2;0;3;0;3;0
2020-07-22 11:18:59;92;26;21;17;4;2;0;3;0;3;0
2020-07-22 11:19:58;92;26;21;17;4;2;0;3;0;3;0
2020-07-22 11:20:59;92;26;21;17;4;2;0;3;0;3;0
2020-07-22 11:21:59;92;26;21;17;4;2;0;3;0;3;0
2020-07-22 11:22:58;92;26;21;17;4;2;0;3;0;3;0
2020-07-22 11:23:59;92;26;21;17;4;2;0;3;0;3;0
2020-07-22 11:24:58;92;26;21;17;4;2;0;3;0;3;0
2020-07-22 11:25:59;92;26;21;17;4;2;0;3;0;3;0
2020-07-22 11:26:58;92;26;21;17;4;2;0;3;0;3;0
2020-07-22 11:27:59;92;26;21;17;4;2;0;3;0;3;0
2020-07-22 11:28:58;92;26;21;17;4;2;0;3;0;3;0
2020-07-22 11:29:59;92;26;21;17;4;2;0;3;0;3;0
2020-07-22 11:30:59;94;26;21;17;4;2;0;4;0;3;0
2020-07-22 11:31:58;94;26;21;17;4;2;0;4;0;3;0
2020-07-22 11:32:59;95;26;21;17;4;2;0;4;0;3;2
2020-07-22 11:33:58;96;27;21;17;4;2;0;4;0;3;2
2020-07-22 11:34:59;96;27;21;17;4;2;0;4;0;3;2
2020-07-22 11:35:59;96;27;21;17;4;2;0;4;0;3;2
2020-07-22 11:36:58;97;27;21;18;4;2;0;4;0;3;2
2020-07-22 11:37:59;97;27;21;18;4;2;0;4;0;3;2
2020-07-22 11:38:58;97;27;21;18;4;2;0;4;0;3;2
2020-07-22 11:39:59;98;27;22;18;4;2;0;4;0;3;2
2020-07-22 11:40:58;99;28;22;18;4;2;0;4;0;3;2
2020-07-22 11:41:59;99;28;22;18;4;2;0;4;0;3;2
2020-07-22 11:42:59;99;28;22;18;4;2;0;4;0;3;2
2020-07-22 11:43:58;100;29;22;18;4;2;0;4;0;3;2
2020-07-22 11:44:59;100;29;22;18;4;2;0;4;0;3;2
2020-07-22 11:45:58;100;29;22;18;4;2;0;4;0;3;2
2020-07-22 11:46:59;102;30;22;18;4;2;0;4;0;3;2
2020-07-22 11:47:58;102;30;22;18;4;2;0;4;0;3;2
2020-07-22 11:48:59;102;30;22;18;4;2;0;4;0;3;2
2020-07-22 11:49:58;102;30;22;18;4;2;0;4;0;3;2
2020-07-22 11:50:59;103;30;22;18;4;2;0;4;0;3;2
2020-07-22 11:51:58;105;31;23;18;4;2;0;4;0;3;2
2020-07-22 11:52:59;105;31;23;18;4;2;0;4;0;3;2
2020-07-22 11:53:58;105;31;23;18;4;2;0;4;0;3;2
2020-07-22 11:54:59;105;31;23;18;4;2;0;4;0;3;2
2020-07-22 11:55:59;106;31;24;18;4;2;0;4;0;3;2
2020-07-22 11:56:58;106;31;24;18;4;2;0;4;0;3;2
2020-07-22 11:57:59;106;31;24;18;4;2;0;4;0;3;2
2020-07-22 11:58:58;107;32;24;18;4;2;0;4;0;3;2
2020-07-22 11:59:59;108;32;25;18;4;2;0;4;0;3;2
2020-07-22 12:00:58;108;32;25;18;4;2;0;4;0;3;2
2020-07-22 12:01:59;108;32;25;18;4;2;0;4;0;3;2
2020-07-22 12:02:58;108;32;25;18;4;2;0;4;0;3;2
2020-07-22 12:03:59;109;32;26;18;4;2;0;4;0;3;2
2020-07-22 12:04:58;109;32;26;18;4;2;0;4;0;3;2
2020-07-22 12:05:59;109;32;26;18;4;2;0;4;0;3;2
2020-07-22 12:06:59;111;33;27;18;4;2;0;4;0;3;2
2020-07-22 12:07:58;111;33;27;18;4;2;0;4;0;3;2
2020-07-22 12:08:59;111;33;27;18;4;2;0;4;0;3;2
2020-07-22 12:09:58;111;33;27;18;4;2;0;4;0;3;2
2020-07-22 12:10:59;111;33;27;18;4;2;0;4;0;3;2
2020-07-22 12:11:58;111;33;27;18;4;2;0;4;0;3;2
2020-07-22 12:12:59;111;33;27;18;4;2;0;4;0;3;2
2020-07-22 12:13:59;111;33;27;18;4;2;0;4;0;3;2
2020-07-22 12:14:58;111;33;27;18;4;2;0;4;0;3;2
2020-07-22 12:15:59;112;33;27;18;4;2;0;4;0;3;2
2020-07-22 12:16:58;112;33;27;18;4;2;0;4;0;3;2
2020-07-22 12:17:59;112;33;27;18;4;2;0;4;0;3;2
2020-07-22 12:18:58;112;33;27;18;4;2;0;4;0;3;2
2020-07-22 12:19:59;112;33;27;18;4;2;0;4;0;3;2
2020-07-22 12:20:59;112;33;27;18;4;2;0;4;0;3;2
2020-07-22 12:21:58;113;34;27;18;4;2;0;4;0;3;2
2020-07-22 12:22:59;113;34;27;18;4;2;0;4;0;3;2
2020-07-22 12:23:58;113;34;27;18;4;2;0;4;0;3;2
2020-07-22 12:24:59;113;34;27;18;4;2;0;4;0;3;2
2020-07-22 12:26:00;113;34;27;18;4;2;0;4;0;3;2
2020-07-22 12:26:58;114;34;27;18;4;3;0;4;0;3;2
2020-07-22 12:27:59;114;34;27;18;4;3;0;4;0;3;2
2020-07-22 12:28:59;114;34;27;18;4;3;0;4;0;3;2
2020-07-22 12:29:58;114;34;27;18;4;3;0;4;0;3;2
2020-07-22 12:30:59;115;34;28;18;4;3;0;4;0;3;2
2020-07-22 12:31:58;115;34;28;18;4;3;0;4;0;3;2
2020-07-22 12:32:59;116;34;29;18;4;3;0;4;0;3;2
2020-07-22 12:33:59;118;35;29;19;4;3;0;4;0;3;2
2020-07-22 12:34:58;119;35;29;19;4;3;0;5;0;3;2
2020-07-22 12:35:59;119;35;29;19;4;3;0;5;0;3;2
2020-07-22 12:36:58;120;36;29;19;4;3;0;5;0;3;2
2020-07-22 12:37:59;120;36;29;19;4;3;0;5;0;3;2
2020-07-22 12:38:59;121;37;29;19;4;3;0;5;0;3;2
2020-07-22 12:39:58;121;37;29;19;4;3;0;5;0;3;2
2020-07-22 12:40:59;121;37;29;19;4;3;0;5;0;3;2
2020-07-22 12:41:58;120;37;28;19;4;3;0;5;0;3;2
2020-07-22 12:42:59;120;37;28;19;4;3;0;5;0;3;2
2020-07-22 12:43:58;120;37;28;19;4;3;0;5;0;3;2
2020-07-22 12:44:59;120;37;28;19;4;3;0;5;0;3;2
2020-07-22 12:45:58;120;37;28;19;4;3;0;5;0;3;2
2020-07-22 12:46:59;120;37;28;19;4;3;0;5;0;3;2
2020-07-22 12:47:58;120;37;28;19;4;3;0;5;0;3;2
2020-07-22 12:48:59;120;37;28;19;4;3;0;5;0;3;2
2020-07-22 12:49:58;120;37;28;19;4;3;0;5;0;3;2
2020-07-22 12:50:59;120;37;28;19;4;3;0;5;0;3;2
2020-07-22 12:51:59;120;37;28;19;4;3;0;5;0;3;2
2020-07-22 12:52:58;120;37;28;19;4;3;0;5;0;3;2
2020-07-22 12:53:59;120;37;28;19;4;3;0;5;0;3;2
2020-07-22 12:54:58;120;37;28;19;4;3;0;5;0;3;2
2020-07-22 12:55:59;120;37;28;19;4;3;0;5;0;3;2
2020-07-22 12:56:58;120;37;28;19;4;3;0;5;0;3;2
2020-07-22 12:57:59;120;37;28;19;4;3;0;5;0;3;2
2020-07-22 12:58:58;120;37;28;19;4;3;0;5;0;3;2
2020-07-22 12:59:59;120;37;28;19;4;3;0;5;0;3;2
2020-07-22 13:00:58;120;37;28;19;4;3;0;5;0;3;2
2020-07-22 13:01:59;120;37;28;19;4;3;0;5;0;3;2
2020-07-22 13:02:58;120;37;28;19;4;3;0;5;0;3;2
2020-07-22 13:03:59;121;37;28;19;4;3;0;5;0;3;2
2020-07-22 13:04:58;121;37;28;19;4;3;0;5;0;3;2
2020-07-22 13:05:59;122;38;28;19;4;3;0;5;0;3;2
2020-07-22 13:06:59;122;38;28;19;4;3;0;5;0;3;2
2020-07-22 13:07:58;122;38;28;19;4;3;0;5;0;3;2
2020-07-22 13:08:59;123;38;29;19;4;3;0;5;0;3;2
2020-07-22 13:09:59;124;39;29;19;4;3;0;5;0;3;2
2020-07-22 13:10:58;124;39;29;19;4;3;0;5;0;3;2
2020-07-22 13:11:59;124;38;29;19;4;3;0;5;0;4;2
2020-07-22 13:12:59;124;38;29;19;4;3;0;5;0;4;2
2020-07-22 13:13:58;124;38;29;19;4;3;0;5;0;4;2
2020-07-22 13:14:59;124;38;29;19;4;3;0;5;0;4;2
2020-07-22 13:15:58;124;38;29;19;4;3;0;5;0;4;2
2020-07-22 13:16:59;124;38;29;19;4;3;0;5;0;4;2
2020-07-22 13:17:59;124;38;29;19;4;3;0;5;0;4;2
2020-07-22 13:18:58;125;39;29;19;4;3;0;5;0;4;2
2020-07-22 13:19:59;125;39;29;19;4;3;0;5;0;4;2
2020-07-22 13:20:58;125;39;29;19;4;3;0;5;0;4;2
2020-07-22 13:21:59;126;40;29;19;4;3;0;5;0;4;2
2020-07-22 13:22:59;126;40;29;19;4;3;0;5;0;4;2
2020-07-22 13:23:58;126;40;29;19;4;3;0;5;0;4;2
2020-07-22 13:24:59;126;40;29;19;4;3;0;5;0;4;2
2020-07-22 13:25:58;126;40;29;19;4;3;0;5;0;4;2
2020-07-22 13:26:59;126;40;29;19;4;3;0;5;0;4;2
2020-07-22 13:27:58;127;40;30;19;4;3;0;5;0;4;2
2020-07-22 13:28:59;127;40;30;19;4;3;0;5;0;4;2
2020-07-22 13:29:58;128;40;30;19;4;4;0;5;0;4;2
2020-07-22 13:30:59;128;40;30;19;4;4;0;5;0;4;2
2020-07-22 13:31:59;128;40;30;19;4;4;0;5;0;4;2
2020-07-22 13:32:58;128;40;30;19;4;4;0;5;0;4;2
2020-07-22 13:33:59;128;40;30;19;4;4;0;5;0;4;2
2020-07-22 13:34:58;128;40;30;19;4;4;0;5;0;4;2
2020-07-22 13:35:59;128;40;30;19;4;4;0;5;0;4;2
2020-07-22 13:36:58;128;40;30;19;4;4;0;5;0;4;2
2020-07-22 13:37:59;128;40;30;19;4;4;0;5;0;4;2
2020-07-22 13:38:59;128;40;30;19;4;4;0;5;0;4;2
2020-07-22 13:39:58;128;40;30;19;4;4;0;5;0;4;2
2020-07-22 13:40:59;128;40;30;19;4;4;0;5;0;4;2
2020-07-22 13:41:58;128;40;30;19;4;4;0;5;0;4;2
2020-07-22 13:42:59;128;40;30;19;4;4;0;5;0;4;2
2020-07-22 13:43:59;129;40;31;19;4;4;0;5;0;4;2
2020-07-22 13:44:58;130;40;31;19;4;5;0;5;0;4;2
2020-07-22 13:45:59;130;40;31;19;4;5;0;5;0;4;2
2020-07-22 13:46:58;130;40;31;19;4;5;0;5;0;4;2
2020-07-22 13:47:59;130;40;31;19;4;5;0;5;0;4;2
2020-07-22 13:48:58;130;40;31;19;4;5;0;5;0;4;2
2020-07-22 13:49:59;130;40;31;19;4;5;0;5;0;4;2
2020-07-22 13:50:59;131;41;31;19;4;5;0;5;0;4;2
2020-07-22 13:51:58;131;41;31;19;4;5;0;5;0;4;2
2020-07-22 13:52:59;131;41;31;19;4;5;0;5;0;4;2
2020-07-22 13:53:58;131;41;31;19;4;5;0;5;0;4;2
2020-07-22 13:54:59;131;41;31;19;4;5;0;5;0;4;2
2020-07-22 13:55:59;131;41;31;19;4;5;0;5;0;4;2
2020-07-22 13:56:58;131;41;31;19;4;5;0;5;0;4;2
2020-07-22 13:57:59;132;41;31;19;4;5;0;5;0;4;2
2020-07-22 13:58:59;133;41;31;19;4;5;0;5;2;4;2
2020-07-22 13:59:58;134;41;31;19;4;5;0;5;3;4;2
2020-07-22 14:00:59;136;41;31;19;4;5;0;5;5;4;2
2020-07-22 14:01:58;136;41;31;19;4;5;0;5;5;4;2
2020-07-22 14:02:59;138;41;31;19;4;5;0;6;6;4;2
2020-07-22 14:03:58;138;41;31;19;4;5;0;6;6;4;2
2020-07-22 14:04:59;138;41;31;19;4;5;0;6;6;4;2
2020-07-22 14:05:58;138;41;31;19;4;5;0;6;6;4;2
2020-07-22 14:06:59;138;41;31;19;4;5;0;6;6;4;2
2020-07-22 14:07:58;139;42;31;19;4;5;0;6;6;4;2
2020-07-22 14:08:59;139;42;31;19;4;5;0;6;6;4;2
2020-07-22 14:09:59;139;42;31;19;4;5;0;6;6;4;2
2020-07-22 14:10:58;140;42;31;19;4;5;0;6;6;4;2
2020-07-22 14:11:59;140;42;31;19;4;5;0;6;6;4;2
2020-07-22 14:12:58;140;42;31;19;4;5;0;6;6;4;2
2020-07-22 14:13:59;141;42;31;19;5;5;0;6;6;4;2
2020-07-22 14:14:58;141;42;31;19;5;5;0;6;6;4;2
2020-07-22 14:15:59;141;42;31;19;5;5;0;6;6;4;2
2020-07-22 14:16:58;141;42;31;19;5;5;0;6;6;4;2
2020-07-22 14:18:00;141;42;31;19;5;5;0;6;6;4;2
2020-07-22 14:18:58;141;42;31;19;5;5;0;6;6;4;2
2020-07-22 14:19:59;141;42;31;19;5;5;0;6;6;4;2
2020-07-22 14:20:59;141;42;31;19;5;5;0;6;6;4;2
2020-07-22 14:21:58;141;42;31;19;5;5;0;6;6;4;2
2020-07-22 14:22:59;141;42;31;19;5;5;0;6;6;4;2
2020-07-22 14:23:58;141;42;31;19;5;5;0;6;6;4;2
2020-07-22 14:24:59;141;42;31;19;5;5;0;6;6;4;2
2020-07-22 14:25:59;141;42;31;19;5;5;0;6;6;4;2
2020-07-22 14:26:58;141;42;31;19;5;5;0;6;6;4;2
2020-07-22 14:27:59;141;42;31;19;5;5;0;6;6;4;2
2020-07-22 14:28:58;141;42;31;19;5;5;0;6;6;4;2
2020-07-22 14:29:59;142;43;31;19;5;5;0;6;6;4;2
2020-07-22 14:30:58;142;43;31;19;5;5;0;6;6;4;2
2020-07-22 14:31:59;142;43;31;19;5;5;0;6;6;4;2
2020-07-22 14:32:59;142;43;31;19;5;5;0;6;6;4;2
2020-07-22 14:33:58;142;43;31;19;5;5;0;6;6;4;2
2020-07-22 14:34:59;142;43;31;19;5;5;0;6;6;4;2
2020-07-22 14:35:58;142;43;31;19;5;5;0;6;6;4;2
2020-07-22 14:36:59;142;43;31;19;5;5;0;6;6;4;2
2020-07-22 14:37:58;142;43;31;19;5;5;0;6;6;4;2
2020-07-22 14:38:59;142;43;31;19;5;5;0;6;6;4;2
2020-07-22 14:39:59;142;43;31;19;5;5;0;6;6;4;2
2020-07-22 14:40:58;143;43;31;19;6;5;0;6;6;4;2
2020-07-22 14:41:59;143;43;31;19;6;5;0;6;6;4;2
2020-07-22 14:42:58;143;43;31;19;6;5;0;6;6;4;2
2020-07-22 14:44:00;143;43;31;19;6;5;0;6;6;4;2
2020-07-22 14:44:58;143;43;31;19;6;5;0;6;6;4;2
2020-07-22 14:45:59;143;43;31;19;6;5;0;6;6;4;2
2020-07-22 14:46:59;143;43;31;19;6;5;0;6;6;4;2
2020-07-22 14:47:58;143;43;31;19;6;5;0;6;6;4;2
2020-07-22 14:48:59;143;43;31;19;6;5;0;6;6;4;2
2020-07-22 14:49:58;144;43;32;19;6;5;0;6;6;4;2
2020-07-22 14:50:59;144;43;32;19;6;5;0;6;6;4;2
2020-07-22 14:51:58;144;43;32;19;6;5;0;6;6;4;2
2020-07-22 14:52:59;144;43;32;19;6;5;0;6;6;4;2
2020-07-22 14:53:59;144;43;32;19;6;5;0;6;6;4;2
2020-07-22 14:54:58;144;43;32;19;6;5;0;6;6;4;2
2020-07-22 14:55:59;144;43;32;19;6;5;0;6;6;4;2
2020-07-22 14:56:59;145;44;32;19;6;5;0;6;6;4;2
2020-07-22 14:57:58;145;44;32;19;6;5;0;6;6;4;2
2020-07-22 14:58:59;145;44;32;19;6;5;0;6;6;4;2
2020-07-22 14:59:58;145;44;32;19;6;5;0;6;6;4;2
2020-07-22 15:00:59;145;44;32;19;6;5;0;6;6;4;2
2020-07-22 15:01:58;145;44;32;19;6;5;0;6;6;4;2
2020-07-22 15:02:59;145;44;32;19;6;5;0;6;6;4;2
2020-07-22 15:03:58;145;44;32;19;6;5;0;6;6;4;2
2020-07-22 15:04:59;145;44;32;19;6;5;0;6;6;4;2
2020-07-22 15:05:59;146;44;33;19;6;5;0;6;6;4;2
2020-07-22 15:06:58;147;45;33;19;6;5;0;6;6;4;2
2020-07-22 15:07:59;147;45;33;19;6;5;0;6;6;4;2
2020-07-22 15:08:58;148;45;34;19;6;5;0;6;6;4;2
2020-07-22 15:09:59;149;45;34;20;6;5;0;6;6;4;2
2020-07-22 15:10:59;149;45;34;20;6;5;0;6;6;4;2
2020-07-22 15:11:58;149;45;34;20;6;5;0;6;6;4;2
2020-07-22 15:12:59;149;45;34;20;6;5;0;6;6;4;2
2020-07-22 15:13:58;149;45;34;20;6;5;0;6;6;4;2
2020-07-22 15:14:59;150;45;34;20;6;5;2;6;6;4;2
2020-07-22 15:15:58;150;45;34;20;6;5;2;6;6;4;2
2020-07-22 15:16:59;150;45;34;20;6;5;2;6;6;4;2
2020-07-22 15:17:59;151;45;35;20;6;5;2;6;6;4;2
2020-07-22 15:18:58;151;45;35;20;6;5;2;6;6;4;2
2020-07-22 15:19:59;152;46;35;20;6;5;2;6;6;4;2
2020-07-22 15:20:58;152;46;35;20;6;5;2;6;6;4;2
2020-07-22 15:21:59;152;46;35;20;6;5;2;6;6;4;2
2020-07-22 15:22:58;152;46;35;20;6;5;2;6;6;4;2
2020-07-22 15:23:59;152;46;35;20;6;5;2;6;6;4;2
2020-07-22 15:24:59;153;47;35;20;6;5;2;6;6;4;2
2020-07-22 15:25:58;154;48;35;20;6;5;2;6;6;4;2
2020-07-22 15:26:59;154;48;35;20;6;5;2;6;6;4;2
2020-07-22 15:27:58;154;48;35;20;6;5;2;6;6;4;2
2020-07-22 15:28:59;155;49;35;20;6;5;2;6;6;4;2
2020-07-22 15:29:58;155;49;35;20;6;5;2;6;6;4;2
2020-07-22 15:30:59;155;49;35;20;6;5;2;6;6;4;2
2020-07-22 15:31:58;155;49;35;20;6;5;2;6;6;4;2
2020-07-22 15:32:59;157;49;36;21;6;5;2;6;6;4;2
2020-07-22 15:33:59;157;49;35;21;7;5;2;6;6;4;2
2020-07-22 15:34:58;157;49;35;21;7;5;2;6;6;4;2
2020-07-22 15:35:59;157;49;35;21;7;5;2;6;6;4;2
2020-07-22 15:36:58;158;49;35;21;7;5;3;6;6;4;2
2020-07-22 15:37:59;158;49;35;21;7;5;3;6;6;4;2
2020-07-22 15:38:59;158;49;35;21;7;5;3;6;6;4;2
2020-07-22 15:39:58;158;49;35;21;7;5;3;6;6;4;2
2020-07-22 15:40:59;158;49;35;21;7;5;3;6;6;4;2
2020-07-22 15:41:58;158;49;35;21;7;5;3;6;6;4;2
2020-07-22 15:42:59;159;49;35;21;7;5;4;6;6;4;2
2020-07-22 15:43:59;159;49;35;21;7;5;4;6;6;4;2
2020-07-22 15:44:58;159;49;35;21;7;5;4;6;6;4;2
2020-07-22 15:45:59;160;49;35;21;7;5;4;6;6;4;2
2020-07-22 15:46:58;160;49;35;21;7;5;4;6;6;4;2
2020-07-22 15:47:59;160;49;35;21;7;5;4;6;6;4;2
2020-07-22 15:48:58;160;49;35;21;7;5;4;6;6;4;2
2020-07-22 15:49:59;160;49;35;21;7;5;4;6;6;4;2
2020-07-22 15:50:58;160;49;35;21;7;5;4;6;6;4;2
2020-07-22 15:51:59;160;49;35;21;7;5;4;6;6;4;2
2020-07-22 15:52:59;161;50;35;21;7;5;4;6;6;4;2
2020-07-22 15:53:58;161;50;35;21;7;5;4;6;6;4;2
2020-07-22 15:54:59;161;50;35;21;7;5;4;6;6;4;2
2020-07-22 15:55:59;161;50;35;21;7;5;4;6;6;4;2
2020-07-22 15:56:58;161;50;35;21;7;5;4;6;6;4;2
2020-07-22 15:57:59;162;50;35;21;8;5;4;6;6;4;2
2020-07-22 15:58:58;162;50;35;21;8;5;4;6;6;4;2
2020-07-22 15:59:59;163;50;35;21;8;5;4;7;6;4;2
2020-07-22 16:00:58;164;51;35;21;8;5;4;7;6;4;2
2020-07-22 16:01:59;164;51;35;21;8;5;4;7;6;4;2
2020-07-22 16:02:59;164;51;35;21;8;5;4;7;6;4;2
2020-07-22 16:03:58;164;51;35;21;8;5;4;7;6;4;2
2020-07-22 16:04:59;164;51;35;21;8;5;4;7;6;4;2
2020-07-22 16:05:58;165;52;35;21;8;5;4;7;6;4;2
2020-07-22 16:06:59;165;52;35;21;8;5;4;7;6;4;2
2020-07-22 16:07:58;165;52;35;21;8;5;4;7;6;4;2
2020-07-22 16:08:59;165;52;35;21;8;5;4;7;6;4;2
2020-07-22 16:09:58;165;52;35;21;8;5;4;7;6;4;2
2020-07-22 16:10:59;165;52;35;21;8;5;4;7;6;4;2
2020-07-22 16:11:59;165;52;35;21;8;5;4;7;6;4;2
2020-07-22 16:12:58;165;52;35;21;8;5;4;7;6;4;2
2020-07-22 16:13:59;166;53;35;21;8;5;4;7;6;4;2
2020-07-22 16:14:58;167;53;35;21;9;5;4;7;6;4;2
2020-07-22 16:15:59;167;53;35;21;9;5;4;7;6;4;2
2020-07-22 16:16:58;167;53;35;21;9;5;4;7;6;4;2
2020-07-22 16:17:59;167;53;35;21;9;5;4;7;6;4;2
2020-07-22 16:18:58;167;53;35;21;9;5;4;7;6;4;2
2020-07-22 16:19:59;167;53;35;21;9;5;4;7;6;4;2
2020-07-22 16:20:59;167;53;35;21;9;5;4;7;6;4;2
2020-07-22 16:21:58;169;53;35;21;9;6;4;7;6;4;3
2020-07-22 16:22:59;169;53;35;22;9;6;4;7;6;3;3
2020-07-22 16:23:58;169;53;35;22;9;6;4;7;6;3;3
2020-07-22 16:24:59;171;53;36;23;9;6;4;7;6;3;3
2020-07-22 16:25:58;172;53;36;23;10;6;4;7;6;3;3
2020-07-22 16:26:59;173;54;36;23;10;6;4;7;6;3;3
2020-07-22 16:27:59;174;54;37;23;10;6;4;7;6;3;3
2020-07-22 16:28:58;174;54;37;23;10;6;4;7;6;3;3
2020-07-22 16:29:59;174;54;37;23;10;6;4;7;6;3;3
2020-07-22 16:30:58;175;54;38;23;10;6;4;7;6;3;3
2020-07-22 16:31:59;175;54;38;23;10;6;4;7;6;3;3
2020-07-22 16:32:59;176;54;38;23;10;6;4;7;6;3;3
2020-07-22 16:33:58;176;54;38;23;10;6;4;7;6;3;3
2020-07-22 16:34:59;176;54;38;23;10;6;4;7;6;3;3
2020-07-22 16:35:58;176;55;38;23;10;6;4;7;6;3;3
2020-07-22 16:36:59;176;55;38;23;10;6;4;7;6;3;3
2020-07-22 16:37:59;176;55;38;23;10;6;4;7;6;3;3
2020-07-22 16:38:58;176;55;38;23;10;6;4;7;6;3;3
2020-07-22 16:39:59;178;57;38;23;10;6;4;7;6;3;3
2020-07-22 16:40:58;178;57;38;23;10;6;4;7;6;3;3
2020-07-22 16:41:59;178;57;38;23;10;6;4;7;6;3;3
2020-07-22 16:42:59;178;57;38;23;10;6;4;7;6;3;3
2020-07-22 16:43:58;178;57;38;23;10;6;4;7;6;3;3
2020-07-22 16:44:59;178;57;38;23;10;6;4;7;6;3;3
2020-07-22 16:45:58;178;57;38;23;10;6;4;7;6;3;3
2020-07-22 16:46:59;178;57;38;23;10;6;4;7;6;3;3
2020-07-22 16:47:58;179;58;38;23;10;6;4;7;6;3;3
2020-07-22 16:48:59;181;59;38;24;10;6;4;7;6;3;3
2020-07-22 16:49:58;182;59;38;24;10;6;4;7;6;3;3
2020-07-22 16:50:59;182;59;38;24;10;6;4;7;6;3;3
2020-07-22 16:51:58;183;59;38;24;11;6;4;7;6;3;3
2020-07-22 16:52:59;183;59;38;24;11;6;4;7;6;3;3
2020-07-22 16:53:58;183;59;38;24;11;6;4;7;6;3;3
2020-07-22 16:54:59;184;59;38;24;12;6;4;7;6;3;3
2020-07-22 16:55:58;184;59;38;24;12;6;4;7;6;3;3
2020-07-22 16:56:59;184;59;38;24;12;6;4;7;6;3;3
2020-07-22 16:57:58;184;59;38;24;12;6;4;7;6;3;3
2020-07-22 16:58:59;184;59;38;24;12;6;4;7;6;3;3
2020-07-22 16:59:59;184;59;38;24;12;6;4;7;6;3;3
2020-07-22 17:00:59;184;59;38;24;12;6;4;7;6;3;3
2020-07-22 17:01:58;184;59;38;24;12;6;4;7;6;3;3
2020-07-22 17:02:59;184;59;38;24;12;6;4;7;6;3;3
2020-07-22 17:03:59;184;59;38;24;12;6;4;7;6;3;3
2020-07-22 17:04:58;185;60;38;24;12;7;4;7;6;3;3
2020-07-22 17:05:59;185;60;38;24;12;7;4;7;6;3;3
2020-07-22 17:06:58;185;60;38;24;12;7;4;7;6;3;3
2020-07-22 17:07:59;185;60;38;24;12;7;4;7;6;3;3
2020-07-22 17:08:59;185;60;38;24;12;7;4;7;6;3;3
2020-07-22 17:09:58;185;60;38;24;12;7;4;7;6;3;3
2020-07-22 17:10:59;185;60;38;24;12;7;4;7;6;3;3
2020-07-22 17:11:58;185;60;38;24;12;7;4;7;6;3;3
2020-07-22 17:12:59;185;60;38;24;12;7;4;7;6;3;3
2020-07-22 17:13:58;186;60;38;24;12;8;4;7;6;3;3
2020-07-22 17:14:59;186;60;38;24;12;8;4;7;6;3;3
2020-07-22 17:15:58;186;60;38;24;12;8;4;7;6;3;3
2020-07-22 17:16:59;186;60;38;24;12;8;4;7;6;3;3
2020-07-22 17:17:58;186;60;38;24;12;8;4;7;6;3;3
2020-07-22 17:18:59;186;60;38;24;12;8;4;7;6;3;3
2020-07-22 17:19:58;186;60;38;24;12;8;4;7;6;3;3
2020-07-22 17:20:59;188;60;39;24;12;8;5;7;6;3;3
2020-07-22 17:21:59;188;60;39;24;12;8;5;7;6;3;3
2020-07-22 17:22:58;188;60;39;24;12;8;5;7;6;3;3
2020-07-22 17:23:59;188;60;39;24;12;8;5;7;6;3;3
2020-07-22 17:24:58;188;60;39;24;12;8;5;7;6;3;3
2020-07-22 17:25:59;188;60;39;24;12;8;5;7;6;3;3
2020-07-22 17:26:59;188;60;39;24;12;8;5;7;6;3;3
2020-07-22 17:27:58;188;60;39;24;12;8;5;7;6;3;3
2020-07-22 17:28:59;188;60;39;24;12;8;5;7;6;3;3
2020-07-22 17:29:58;188;60;39;24;12;8;5;7;6;3;3
2020-07-22 17:30:59;189;60;40;24;12;8;5;7;6;3;3
2020-07-22 17:31:58;189;60;40;24;12;8;5;7;6;3;3
2020-07-22 17:32:59;190;60;40;24;12;9;5;7;6;3;3
2020-07-22 17:33:59;190;60;40;24;12;9;5;7;6;3;3
2020-07-22 17:34:58;190;60;40;24;12;9;5;7;6;3;3
2020-07-22 17:35:59;190;60;40;24;12;9;5;7;6;3;3
2020-07-22 17:36:59;190;60;40;24;12;9;5;7;6;3;3
2020-07-22 17:37:58;190;60;40;24;12;9;5;7;6;3;3
2020-07-22 17:38:59;190;60;40;24;12;9;5;7;6;3;3
2020-07-22 17:39:59;190;60;40;24;13;9;5;6;6;3;3
2020-07-22 17:40:58;190;60;40;24;13;9;5;6;6;3;3
2020-07-22 17:41:59;190;60;40;24;13;9;5;6;6;3;3
2020-07-22 17:42:58;190;60;40;24;13;9;5;6;6;3;3
2020-07-22 17:43:59;190;60;40;24;13;9;5;6;6;3;3
2020-07-22 17:44:58;191;60;41;24;13;9;5;6;6;3;3
2020-07-22 17:45:59;191;60;41;24;13;9;5;6;6;3;3
2020-07-22 17:46:59;191;60;41;24;13;9;5;6;6;3;3
2020-07-22 17:47:58;191;60;41;24;13;9;5;6;6;3;3
2020-07-22 17:48:59;192;61;41;24;13;9;5;6;6;3;3
2020-07-22 17:49:58;192;61;41;24;13;9;5;6;6;3;3
2020-07-22 17:50:59;192;61;41;24;13;9;5;6;6;3;3
2020-07-22 17:51:58;193;61;41;24;13;10;5;6;6;3;3
2020-07-22 17:52:59;193;61;41;24;13;10;5;6;6;3;3
2020-07-22 17:53:59;193;61;41;24;13;10;5;6;6;3;3
2020-07-22 17:54:58;193;61;41;24;13;10;5;6;6;3;3
2020-07-22 17:55:59;193;61;41;24;13;10;5;6;6;3;3
2020-07-22 17:56:59;193;61;41;24;13;10;5;6;6;3;3
2020-07-22 17:57:58;193;62;41;24;13;10;5;6;6;3;3
2020-07-22 17:58:59;193;62;41;24;13;10;5;6;6;3;3
2020-07-22 17:59:58;194;63;41;24;13;10;5;6;6;3;3
2020-07-22 18:01:00;194;63;41;24;13;10;5;6;6;3;3
2020-07-22 18:01:58;194;63;41;24;13;10;5;6;6;3;3
2020-07-22 18:02:59;194;63;41;24;13;10;5;6;6;3;3
2020-07-22 18:03:58;194;63;41;24;13;10;5;6;6;3;3
2020-07-22 18:04:59;195;64;41;24;13;10;5;6;6;3;3
2020-07-22 18:05:59;195;64;41;24;13;10;5;6;6;3;3
2020-07-22 18:06:58;195;64;41;24;13;10;5;6;6;3;3
2020-07-22 18:07:59;195;64;41;24;13;10;5;6;6;3;3
2020-07-22 18:08:59;195;64;41;24;13;10;5;6;6;3;3
2020-07-22 18:09:58;195;64;41;24;13;10;5;6;6;3;3
2020-07-22 18:10:59;196;64;41;24;14;10;5;6;6;3;3
2020-07-22 18:11:58;196;64;41;24;14;10;5;6;6;3;3
2020-07-22 18:13:00;196;64;41;24;14;10;5;6;6;3;3
2020-07-22 18:13:58;196;64;41;24;14;10;5;6;6;3;3
2020-07-22 18:14:59;196;64;41;24;14;10;5;6;6;3;3
2020-07-22 18:15:59;196;64;41;24;14;10;5;6;6;3;3
2020-07-22 18:16:58;196;64;41;24;14;10;5;6;6;3;3
2020-07-22 18:17:59;196;64;41;24;14;10;5;6;6;3;3
2020-07-22 18:18:58;196;64;41;24;14;10;5;6;6;3;3
2020-07-22 18:19:59;197;64;41;24;14;10;5;6;6;3;3
2020-07-22 18:20:58;198;65;41;24;14;10;5;6;6;3;3
2020-07-22 18:21:59;198;65;41;24;14;10;5;6;6;3;3
2020-07-22 18:22:59;199;65;41;24;14;11;5;6;6;3;3
2020-07-22 18:24:00;201;65;41;24;14;13;5;6;6;3;3
2020-07-22 18:24:58;201;65;41;24;14;13;5;6;6;3;3
2020-07-22 18:25:59;201;65;41;24;14;13;5;6;6;3;3
2020-07-22 18:26:59;201;65;41;24;14;13;5;6;6;3;3
2020-07-22 18:27:58;201;65;41;24;14;13;5;6;6;3;3
2020-07-22 18:28:59;201;65;41;24;14;13;5;6;6;3;3
2020-07-22 18:29:58;202;66;41;24;14;13;5;6;6;3;3
2020-07-22 18:30:59;202;66;41;24;14;13;5;6;6;3;3
2020-07-22 18:31:58;202;66;41;24;14;13;5;6;6;3;3
2020-07-22 18:32:59;202;66;41;24;14;13;5;6;6;3;3
2020-07-22 18:33:58;202;66;40;24;15;13;5;6;6;3;3
2020-07-22 18:34:59;202;66;40;24;15;13;5;6;6;3;3
2020-07-22 18:35:58;202;66;40;24;15;13;5;6;6;3;3
2020-07-22 18:36:59;202;66;40;24;15;13;5;6;6;3;3
2020-07-22 18:37:58;202;66;40;24;15;13;5;6;6;3;3
2020-07-22 18:38:59;202;66;40;24;15;13;5;6;6;3;3
2020-07-22 18:39:58;202;66;40;24;15;13;5;6;6;3;3
2020-07-22 18:40:59;203;67;40;24;15;13;5;6;6;3;3
2020-07-22 18:41:58;203;67;40;24;15;13;5;6;6;3;3
2020-07-22 18:42:59;203;67;40;24;15;13;5;6;6;3;3
2020-07-22 18:43:59;203;67;40;24;15;13;5;6;6;3;3
2020-07-22 18:44:59;205;68;41;24;15;13;5;6;6;3;3
2020-07-22 18:46:00;205;68;41;24;15;13;5;6;6;3;3
2020-07-22 18:46:58;205;68;41;24;15;13;5;6;6;3;3
2020-07-22 18:47:59;206;68;42;24;15;13;5;6;6;3;3
2020-07-22 18:48:58;206;68;42;24;15;13;5;6;6;3;3
2020-07-22 18:49:59;206;68;42;24;15;13;5;6;6;3;3
2020-07-22 18:51:00;208;69;43;24;15;13;5;6;6;3;3
2020-07-22 18:51:58;208;69;43;24;15;13;5;6;6;3;3
2020-07-22 18:52:59;208;69;43;24;15;13;5;6;6;3;3
2020-07-22 18:53:59;208;69;43;24;15;13;5;6;6;3;3
2020-07-22 18:54:58;208;69;43;24;15;13;5;6;6;3;3
2020-07-22 18:55:59;208;69;43;24;15;13;5;6;6;3;3
2020-07-22 18:56:59;208;69;43;24;15;13;5;6;6;3;3
2020-07-22 18:57:58;208;69;43;24;15;13;5;6;6;3;3
2020-07-22 18:58:59;208;69;43;24;15;13;5;6;6;3;3
2020-07-22 18:59:58;208;69;43;24;15;13;5;6;6;3;3
2020-07-22 19:00:59;208;69;43;24;15;13;5;6;6;3;3
2020-07-22 19:01:59;208;69;43;24;15;13;5;6;6;3;3
2020-07-22 19:02:58;208;69;43;24;15;13;5;6;6;3;3
2020-07-22 19:03:59;208;69;43;24;15;13;5;6;6;3;3
2020-07-22 19:04:59;208;69;43;24;15;13;5;6;6;3;3
2020-07-22 19:05:58;208;69;43;24;15;13;5;6;6;3;3
2020-07-22 19:06:59;208;69;43;24;15;13;5;6;6;3;3
2020-07-22 19:07:58;208;69;43;24;15;13;5;6;6;3;3
2020-07-22 19:08:59;208;69;43;24;15;13;5;6;6;3;3
2020-07-22 19:09:58;208;69;43;24;15;13;5;6;6;3;3
2020-07-22 19:10:59;208;69;43;24;15;13;5;6;6;3;3
2020-07-22 19:11:59;208;69;43;24;15;13;5;6;6;3;3
2020-07-22 19:12:58;208;69;43;24;15;13;5;6;6;3;3
2020-07-22 19:13:59;209;69;43;24;15;13;6;6;6;3;3
2020-07-22 19:14:58;209;69;43;24;15;13;6;6;6;3;3
2020-07-22 19:15:59;209;69;43;24;15;13;6;6;6;3;3
2020-07-22 19:16:58;210;69;43;24;15;13;6;6;6;3;4
2020-07-22 19:17:59;210;69;43;24;15;13;6;6;6;3;4
2020-07-22 19:18:59;212;70;44;24;15;13;6;6;6;3;4
2020-07-22 19:19:58;212;70;44;24;15;13;6;6;6;3;4
2020-07-22 19:20:59;212;70;44;24;15;13;6;6;6;3;4
2020-07-22 19:21:58;212;70;44;24;15;13;6;6;6;3;4
2020-07-22 19:22:59;213;71;44;24;15;13;6;6;6;3;4
2020-07-22 19:23:58;213;71;44;24;15;13;6;6;6;3;4
2020-07-22 19:25:00;213;71;44;24;15;13;6;6;6;3;4
2020-07-22 19:25:58;213;71;44;24;15;13;6;6;6;3;4
2020-07-22 19:26:59;213;71;44;24;15;13;6;6;6;3;4
2020-07-22 19:27:59;213;71;44;24;15;13;6;6;6;3;4
2020-07-22 19:28:58;213;71;44;24;15;13;6;6;6;3;4
2020-07-22 19:29:59;213;71;44;24;15;13;6;6;6;3;4
2020-07-22 19:30:59;213;71;44;24;15;13;6;6;6;3;4
2020-07-22 19:31:58;213;71;44;24;15;13;6;6;6;3;4
2020-07-22 19:32:59;213;71;44;24;15;13;6;6;6;3;4
2020-07-22 19:33:59;213;71;44;24;15;13;6;6;6;3;4
2020-07-22 19:34:58;213;71;44;24;15;13;6;6;6;3;4
2020-07-22 19:35:59;213;71;44;24;15;13;6;6;6;3;4
2020-07-22 19:36:58;213;71;44;24;15;13;6;6;6;3;4
2020-07-22 19:38:00;213;71;44;24;15;13;6;7;6;3;4
2020-07-22 19:38:58;214;71;45;24;15;13;6;7;6;3;4
2020-07-22 19:39:59;214;71;45;24;15;13;6;7;6;3;4
2020-07-22 19:40:58;214;71;45;24;15;13;6;7;6;3;4
2020-07-22 19:41:59;214;71;45;24;15;13;6;7;6;3;4
2020-07-22 19:42:58;214;71;45;24;15;13;6;7;6;3;4
2020-07-22 19:43:59;214;71;45;24;15;13;6;7;6;3;4
2020-07-22 19:44:58;214;71;45;24;15;13;6;7;6;3;4
2020-07-22 19:45:59;214;71;45;24;15;13;6;7;6;3;4
2020-07-22 19:46:58;215;71;46;24;15;13;6;7;6;3;4
2020-07-22 19:47:59;215;71;46;24;15;13;6;7;6;3;4
2020-07-22 19:48:59;216;72;46;24;15;13;6;7;6;3;4
2020-07-22 19:49:58;217;72;45;24;16;13;6;7;6;3;4
2020-07-22 19:50:59;217;72;45;24;16;13;6;7;6;3;4
2020-07-22 19:51:58;217;72;45;24;16;13;6;7;6;3;4
2020-07-22 19:52:59;217;72;45;24;16;13;6;7;6;3;4
2020-07-22 19:53:58;217;72;45;24;16;13;6;7;6;3;4
2020-07-22 19:54:59;217;72;45;24;16;13;6;7;6;3;4
2020-07-22 19:55:59;217;72;45;24;16;13;6;7;6;3;4
2020-07-22 19:56:58;217;72;45;24;16;13;6;7;6;3;4
2020-07-22 19:57:59;218;72;45;25;16;13;6;7;6;3;4
2020-07-22 19:58:58;218;72;45;25;16;13;6;7;6;3;4
2020-07-22 20:00:00;218;72;45;25;16;13;6;7;6;3;4
2020-07-22 20:00:58;218;72;45;25;16;13;6;7;6;3;4
2020-07-22 20:01:59;219;72;45;26;16;13;6;7;6;3;4
2020-07-22 20:02:59;219;72;45;26;16;13;6;7;6;3;4
2020-07-22 20:03:58;219;72;45;26;16;13;6;7;6;3;4
2020-07-22 20:04:59;219;72;45;26;16;13;6;7;6;3;4
2020-07-22 20:05:59;219;72;45;26;16;13;6;7;6;3;4
2020-07-22 20:06:58;219;72;45;26;16;13;6;7;6;3;4
2020-07-22 20:07:59;219;72;45;26;16;13;6;7;6;3;4
2020-07-22 20:08:58;219;72;45;26;16;13;6;7;6;3;4
2020-07-22 20:09:59;220;72;45;26;16;13;6;7;6;4;4
2020-07-22 20:10:59;220;72;45;26;16;13;6;7;6;4;4
2020-07-22 20:11:58;220;72;45;26;16;13;6;7;6;4;4
2020-07-22 20:12:59;221;73;45;26;16;13;6;7;6;4;4
2020-07-22 20:13:58;221;73;45;26;16;13;6;7;6;4;4
2020-07-22 20:14:59;221;73;45;26;16;13;6;7;6;4;4
2020-07-22 20:15:59;221;73;45;26;16;13;6;7;6;4;4
2020-07-22 20:16:58;221;73;45;26;16;13;6;7;6;4;4
2020-07-22 20:17:59;222;73;46;26;16;13;6;7;6;4;4
2020-07-22 20:18:59;222;73;46;26;16;13;6;7;6;4;4
2020-07-22 20:19:58;223;74;46;26;16;13;6;7;6;4;4
2020-07-22 20:20:59;223;74;46;26;16;13;6;7;6;4;4
2020-07-22 20:21:58;223;74;46;26;16;13;6;7;6;4;4
2020-07-22 20:22:59;223;74;46;26;16;13;6;7;6;4;4
2020-07-22 20:23:59;223;74;46;26;16;13;6;7;6;4;4
2020-07-22 20:24:58;223;74;46;26;16;13;6;7;6;4;4
2020-07-22 20:25:59;223;74;46;26;16;13;6;7;6;4;4
2020-07-22 20:26:58;223;74;46;26;16;13;6;7;6;4;4
2020-07-22 20:27:59;223;74;46;26;16;13;6;7;6;4;4
2020-07-22 20:28:59;223;74;46;26;16;13;6;7;6;4;4
2020-07-22 20:29:58;223;74;46;26;16;13;6;7;6;4;4
2020-07-22 20:30:59;224;74;47;26;16;13;6;7;6;4;4
2020-07-22 20:31:58;224;74;47;26;16;13;6;7;6;4;4
2020-07-22 20:32:59;225;74;47;26;16;13;6;7;6;4;4
2020-07-22 20:33:59;225;74;47;26;16;13;6;7;6;4;4
2020-07-22 20:34:58;225;74;47;26;16;13;6;7;6;4;4
2020-07-22 20:35:59;225;74;47;26;16;13;6;7;6;4;4
2020-07-22 20:36:58;225;74;47;26;16;13;6;7;6;4;4
2020-07-22 20:37:59;225;74;47;26;16;13;6;7;6;4;4
2020-07-22 20:38:59;225;74;47;26;16;13;6;7;6;4;4
2020-07-22 20:39:58;225;74;47;26;16;13;6;7;6;4;4
2020-07-22 20:40:59;225;74;47;26;16;13;6;7;6;4;4
2020-07-22 20:41:58;226;75;47;26;16;13;6;7;6;4;4
2020-07-22 20:42:59;226;75;47;26;16;13;6;7;6;4;4
2020-07-22 20:43:59;226;75;47;26;16;13;6;7;6;4;4
2020-07-22 20:44:58;226;75;47;26;16;13;6;7;6;4;4
2020-07-22 20:45:59;227;75;48;26;16;13;6;7;6;4;4
2020-07-22 20:46:58;227;75;48;26;16;13;6;7;6;4;4
2020-07-22 20:47:59;228;76;48;26;16;13;6;7;6;4;4
2020-07-22 20:48:59;228;76;48;26;16;13;6;7;6;4;4
2020-07-22 20:49:58;228;76;48;26;16;13;6;7;6;4;4
2020-07-22 20:51:00;228;76;48;26;16;13;6;7;6;4;4
2020-07-22 20:51:58;228;76;48;26;16;13;6;7;6;4;4
2020-07-22 20:52:59;229;76;48;27;16;13;6;7;6;4;4
2020-07-22 20:53:59;229;76;48;27;16;13;6;7;6;4;4
2020-07-22 20:54:58;229;76;48;27;16;13;6;7;6;4;4
2020-07-22 20:55:59;229;76;48;27;16;13;6;7;6;4;4
2020-07-22 20:56:59;229;76;48;27;16;13;6;7;6;4;4
2020-07-22 20:57:58;229;76;48;27;16;13;6;7;6;4;4
2020-07-22 20:58:59;229;76;48;27;16;13;6;7;6;4;4
2020-07-22 20:59:58;229;76;48;27;16;13;6;7;6;4;4
2020-07-22 21:01:00;229;76;48;27;16;13;6;7;6;4;4
2020-07-22 21:01:58;229;76;48;27;16;13;6;7;6;4;4
2020-07-22 21:02:59;229;76;48;27;16;13;6;7;6;4;4
2020-07-22 21:03:59;229;76;48;27;16;13;6;7;6;4;4
2020-07-22 21:04:58;229;76;48;27;16;13;6;7;6;4;4
2020-07-22 21:05:59;229;76;48;27;16;13;6;7;6;4;4
2020-07-22 21:06:59;229;76;48;27;16;13;6;7;6;4;4
2020-07-22 21:07:58;229;76;48;27;16;13;6;7;6;4;4
2020-07-22 21:08:59;229;76;48;27;16;13;6;7;6;4;4
2020-07-22 21:09:59;229;76;48;27;16;13;6;7;6;4;4
2020-07-22 21:10:58;229;76;48;27;16;13;6;7;6;4;4
2020-07-22 21:11:59;229;76;48;27;16;13;6;7;6;4;4
2020-07-22 21:12:58;229;76;48;27;16;13;6;7;6;4;4
2020-07-22 21:13:59;229;76;48;27;16;13;6;7;6;4;4
2020-07-22 21:14:58;229;76;48;27;16;13;6;7;6;4;4
2020-07-22 21:15:59;230;77;48;27;16;13;6;7;6;4;4
2020-07-22 21:16:58;230;77;48;27;16;13;6;7;6;4;4
2020-07-22 21:17:59;230;77;48;27;16;13;6;7;6;4;4
2020-07-22 21:18:59;231;77;48;27;16;14;6;7;6;4;4
2020-07-22 21:19:58;231;77;48;27;16;14;6;7;6;4;4
2020-07-22 21:20:59;231;77;48;27;16;14;6;7;6;4;4
2020-07-22 21:21:58;231;77;48;27;16;14;6;7;6;4;4
2020-07-22 21:22:59;231;77;48;27;16;14;6;7;6;4;4
2020-07-22 21:23:58;231;77;48;27;16;14;6;7;6;4;4
2020-07-22 21:24:59;231;77;48;27;16;14;6;7;6;4;4
2020-07-22 21:25:59;231;77;48;27;16;14;6;7;6;4;4
2020-07-22 21:26:58;231;77;48;27;16;14;6;7;6;4;4
2020-07-22 21:27:59;231;77;48;27;16;14;6;7;6;4;4
2020-07-22 21:28:58;231;77;48;27;16;14;6;7;6;4;4
2020-07-22 21:29:59;231;77;48;27;16;14;6;7;6;4;4
2020-07-22 21:30:58;231;77;48;27;16;14;6;7;6;4;4
2020-07-22 21:31:59;231;77;48;27;16;14;6;7;6;4;4
2020-07-22 21:32:59;231;77;48;27;16;14;6;7;6;4;4
2020-07-22 21:33:58;232;77;48;27;17;14;6;7;6;4;4
2020-07-22 21:34:59;232;77;48;27;17;14;6;7;6;4;4
2020-07-22 21:35:58;232;77;48;27;17;14;6;7;6;4;4
2020-07-22 21:36:59;232;77;48;27;17;14;6;7;6;4;4
2020-07-22 21:37:58;232;77;48;27;17;14;6;7;6;4;4
2020-07-22 21:39:00;232;77;48;27;17;14;6;7;6;4;4
2020-07-22 21:39:58;232;77;48;27;17;14;6;7;6;4;4
2020-07-22 21:40:59;232;77;48;27;17;14;6;7;6;4;4
2020-07-22 21:41:59;232;77;48;27;17;14;6;7;6;4;4
2020-07-22 21:42:58;232;77;48;27;17;14;6;7;6;4;4
2020-07-22 21:43:59;232;77;48;27;17;14;6;7;6;4;4
2020-07-22 21:44:58;232;77;48;27;17;14;6;7;6;4;4
2020-07-22 21:45:59;233;77;49;27;17;14;6;7;6;4;4
2020-07-22 21:46:59;233;77;49;27;17;14;6;7;6;4;4
2020-07-22 21:47:58;233;77;49;27;17;14;6;7;6;4;4
2020-07-22 21:48:59;233;77;49;27;17;14;6;7;6;4;4
2020-07-22 21:49:58;233;77;49;27;17;14;6;7;6;4;4
2020-07-22 21:51:00;233;77;49;27;17;14;6;7;6;4;4
2020-07-22 21:51:58;233;77;49;27;17;14;6;7;6;4;4
2020-07-22 21:52:59;233;77;49;27;17;14;6;7;6;4;4
2020-07-22 21:53:59;233;77;49;27;17;14;6;7;6;4;4
2020-07-22 21:54:58;233;77;49;27;17;14;6;7;6;4;4
2020-07-22 21:55:59;233;77;49;27;17;14;6;7;6;4;4
2020-07-22 21:56:58;233;77;49;27;17;14;6;7;6;4;4
2020-07-22 21:57:59;233;77;49;27;17;14;6;7;6;4;4
2020-07-22 21:58:58;233;77;49;27;17;14;6;7;6;4;4
2020-07-22 21:59:59;234;77;49;27;17;14;7;7;6;4;4
2020-07-22 22:00:58;234;77;49;27;17;14;7;7;6;4;4
2020-07-22 22:01:59;235;77;50;27;17;14;7;7;6;4;4
2020-07-22 22:02:58;235;77;50;27;17;14;7;7;6;4;4
2020-07-22 22:03:59;235;77;50;27;17;14;7;7;6;4;4
2020-07-22 22:04:58;235;77;50;27;17;14;7;7;6;4;4
2020-07-22 22:05:59;236;78;50;27;17;14;7;7;6;4;4
2020-07-22 22:06:58;236;78;50;27;17;14;7;7;6;4;4
2020-07-22 22:07:59;236;78;50;27;17;14;7;7;6;4;4
2020-07-22 22:08:59;236;78;50;27;17;14;7;7;6;4;4
2020-07-22 22:09:58;237;79;50;27;17;14;7;7;6;4;4
2020-07-22 22:10:59;238;80;50;27;17;14;7;7;6;4;4
2020-07-22 22:11:59;238;80;50;27;17;14;7;7;6;4;4
2020-07-22 22:12:58;238;80;50;27;17;14;7;7;6;4;4
2020-07-22 22:13:59;238;80;50;27;17;14;7;7;6;4;4
2020-07-22 22:14:58;238;80;50;27;17;14;7;7;6;4;4
2020-07-22 22:15:59;238;80;50;27;17;14;7;7;6;4;4
2020-07-22 22:16:58;238;80;50;27;17;14;7;7;6;4;4
2020-07-22 22:17:59;238;80;50;27;17;14;7;7;6;4;4
2020-07-22 22:18:59;238;80;50;27;17;14;7;7;6;4;4
2020-07-22 22:19:58;238;80;50;27;17;14;7;7;6;4;4
2020-07-22 22:20:59;238;80;50;27;17;14;7;7;6;4;4
2020-07-22 22:21:58;238;80;50;27;17;14;7;7;6;4;4
2020-07-22 22:22:59;238;80;50;27;17;14;7;7;6;4;4
2020-07-22 22:23:59;238;80;50;27;17;14;7;7;6;4;4
2020-07-22 22:24:58;238;80;50;27;17;14;7;7;6;4;4
2020-07-22 22:26:00;238;80;50;27;17;14;7;7;6;4;4
2020-07-22 22:26:58;239;81;50;27;17;14;7;7;6;4;4
2020-07-22 22:27:59;239;81;50;27;17;14;7;7;6;4;4
2020-07-22 22:28:59;239;81;50;27;17;14;7;7;6;4;4
2020-07-22 22:29:58;239;81;50;27;17;14;7;7;6;4;4
2020-07-22 22:30:59;239;81;50;27;17;14;7;7;6;4;4
2020-07-22 22:31:58;240;81;51;27;17;14;7;7;6;4;4
2020-07-22 22:32:59;240;82;50;27;17;14;7;7;6;4;4
2020-07-22 22:33:58;240;82;50;27;17;14;7;7;6;4;4
2020-07-22 22:34:59;240;82;50;27;17;14;7;7;6;4;4
2020-07-22 22:35:59;240;82;50;27;17;14;7;7;6;4;4
2020-07-22 22:36:58;240;82;50;27;17;14;7;7;6;4;4
2020-07-22 22:37:59;240;82;50;27;17;14;7;7;6;4;4
2020-07-22 22:38:58;242;83;50;27;18;14;7;7;6;4;4
2020-07-22 22:39:59;242;83;50;27;18;14;7;7;6;4;4
2020-07-22 22:40:58;242;83;50;27;18;14;7;7;6;4;4
2020-07-22 22:41:59;243;83;50;27;18;15;7;7;6;4;4
2020-07-22 22:42:59;243;83;50;27;18;15;7;7;6;4;4
2020-07-22 22:43:58;243;83;50;27;18;15;7;7;6;4;4
2020-07-22 22:44:59;243;83;50;27;18;15;7;7;6;4;4
2020-07-22 22:45:58;243;83;50;27;18;15;7;7;6;4;4
2020-07-22 22:46:59;243;83;50;27;18;15;7;7;6;4;4
2020-07-22 22:47:58;243;83;50;27;18;15;7;7;6;4;4
2020-07-22 22:48:59;243;83;50;27;18;15;7;7;6;4;4
2020-07-22 22:49:58;243;83;50;27;18;15;7;7;6;4;4
2020-07-22 22:50:59;243;83;50;27;18;15;7;7;6;4;4
2020-07-22 22:51:58;243;83;50;27;18;15;7;7;6;4;4
2020-07-22 22:52:59;243;83;50;27;18;15;7;7;6;4;4
2020-07-22 22:53:59;243;83;50;27;18;15;7;7;6;4;4
2020-07-22 22:54:58;244;83;50;27;18;15;7;7;6;4;4
2020-07-22 22:55:59;244;83;50;27;18;15;7;7;6;4;4
2020-07-22 22:56:58;245;84;50;27;18;15;7;7;6;4;4
2020-07-22 22:57:59;245;84;50;27;18;15;7;7;6;4;4
2020-07-22 22:58:59;245;84;50;27;18;15;7;7;6;4;4
2020-07-22 22:59:58;246;84;50;27;18;15;7;7;6;4;4
2020-07-22 23:00:59;246;84;50;27;18;15;7;7;6;4;4
2020-07-22 23:01:59;247;84;51;27;18;15;7;7;6;4;4
2020-07-22 23:02:58;247;84;51;27;18;15;7;7;6;4;4
2020-07-22 23:03:59;247;84;51;27;18;15;7;7;6;4;4
2020-07-22 23:04:58;247;84;51;27;18;15;7;7;6;4;4
2020-07-22 23:05:59;247;84;51;27;18;15;7;7;6;4;4
2020-07-22 23:06:59;247;84;51;27;18;15;7;7;6;4;4
2020-07-22 23:07:58;247;84;51;27;18;15;7;7;6;4;4
2020-07-22 23:08:59;247;84;51;27;18;15;7;7;6;4;4
2020-07-22 23:09:59;247;84;51;27;18;15;7;7;6;4;4
2020-07-22 23:10:58;247;84;51;27;18;15;7;7;6;4;4
2020-07-22 23:11:59;247;84;51;27;18;15;7;7;6;4;4
2020-07-22 23:12:59;248;85;51;27;18;15;7;7;6;4;4
2020-07-22 23:13:58;248;85;51;27;18;15;7;7;6;4;4
2020-07-22 23:14:59;248;85;51;27;18;15;7;7;6;4;4
2020-07-22 23:15:58;248;85;51;27;18;15;7;7;6;4;4
2020-07-22 23:16:59;249;86;51;27;18;15;7;7;6;4;4
2020-07-22 23:17:59;249;86;51;27;18;15;7;7;6;4;4
2020-07-22 23:18:58;249;86;51;27;18;15;7;7;6;4;4
2020-07-22 23:19:59;249;86;51;27;18;15;7;7;6;4;4
2020-07-22 23:20:59;249;86;51;27;18;15;7;7;6;4;4
2020-07-22 23:21:58;249;86;51;27;18;15;7;7;6;4;4
2020-07-22 23:22:59;249;86;51;27;18;15;7;7;6;4;4
2020-07-22 23:23:58;250;87;51;27;18;15;7;7;6;4;4
2020-07-22 23:24:59;250;87;51;27;18;15;7;7;6;4;4
2020-07-22 23:25:59;251;88;51;27;18;15;7;7;6;4;4
2020-07-22 23:26:58;251;88;51;27;18;15;7;7;6;4;4
2020-07-22 23:27:59;251;88;51;27;18;15;7;7;6;4;4
2020-07-22 23:28:58;251;88;51;27;18;15;7;7;6;4;4
2020-07-22 23:29:59;251;88;51;27;18;15;7;7;6;4;4
2020-07-22 23:30:59;251;88;51;27;18;15;7;7;6;4;4
2020-07-22 23:31:58;251;88;51;27;18;15;7;7;6;4;4
2020-07-22 23:32:59;251;88;51;27;18;15;7;7;6;4;4
2020-07-22 23:33:58;251;88;51;27;18;15;7;7;6;4;4
2020-07-22 23:35:00;252;88;51;28;18;15;7;7;6;4;4
2020-07-22 23:35:58;253;89;51;28;18;15;7;7;6;4;4
2020-07-22 23:36:59;253;89;51;28;18;15;7;7;6;4;4
2020-07-22 23:37:59;253;89;51;28;18;15;7;7;6;4;4
2020-07-22 23:38:58;253;89;51;28;18;15;7;7;6;4;4
2020-07-22 23:39:59;253;89;51;28;18;15;7;7;6;4;4
2020-07-22 23:40:59;253;89;51;28;18;15;7;7;6;4;4
2020-07-22 23:41:58;254;90;51;28;18;15;7;7;6;4;4
2020-07-22 23:42:59;254;90;51;28;18;15;7;7;6;4;4
2020-07-22 23:43:58;254;90;51;28;18;15;7;7;6;4;4
2020-07-22 23:44:59;254;90;51;28;18;15;7;7;6;4;4
2020-07-22 23:45:58;254;90;51;28;18;15;7;7;6;4;4
2020-07-22 23:47:00;255;90;52;28;18;15;7;7;6;4;4
2020-07-22 23:47:58;254;90;51;28;18;15;7;7;6;4;4
2020-07-22 23:48:59;254;90;51;28;18;15;7;7;6;4;4
2020-07-22 23:49:59;254;90;51;28;18;15;7;7;6;4;4
2020-07-22 23:50:58;254;90;51;28;18;15;7;7;6;4;4
2020-07-22 23:51:59;254;90;51;28;18;15;7;7;6;4;4
2020-07-22 23:52:58;254;90;51;28;18;15;7;7;6;4;4
2020-07-22 23:53:59;255;91;51;28;18;15;7;7;6;4;4
2020-07-22 23:54:58;254;91;51;28;18;15;7;7;6;4;4
2020-07-22 23:55:59;255;91;51;28;19;15;7;7;6;4;4
2020-07-22 23:56:58;255;91;51;28;19;15;7;7;6;4;4
2020-07-22 23:57:59;255;91;51;28;19;15;7;7;6;4;4
2020-07-22 23:58:59;255;92;51;28;19;15;7;7;6;4;3
2020-07-22 23:59:58;255;92;51;28;19;15;7;7;6;4;3
