datetime;total_votes;Carrotin;bf6;megaslowpoke;paramed;tutabrain;Есения;kross;vjik;BNKTOP;Archie_RU
2020-05-20 00:00:59;0;0;0;0;0;0;0;0;0;0;0
2020-05-20 00:01:59;0;0;0;0;0;0;0;0;0;0;0
2020-05-20 00:02:58;0;0;0;0;0;0;0;0;0;0;0
2020-05-20 00:03:59;0;0;0;0;0;0;0;0;0;0;0
2020-05-20 00:04:59;0;0;0;0;0;0;0;0;0;0;0
2020-05-20 00:05:58;0;0;0;0;0;0;0;0;0;0;0
2020-05-20 00:06:59;0;0;0;0;0;0;0;0;0;0;0
2020-05-20 00:07:59;0;0;0;0;0;0;0;0;0;0;0
2020-05-20 00:08:58;0;0;0;0;0;0;0;0;0;0;0
2020-05-20 00:09:59;0;0;0;0;0;0;0;0;0;0;0
2020-05-20 00:10:59;0;0;0;0;0;0;0;0;0;0;0
2020-05-20 00:11:58;0;0;0;0;0;0;0;0;0;0;0
2020-05-20 00:12:59;0;0;0;0;0;0;0;0;0;0;0
2020-05-20 00:13:59;0;0;0;0;0;0;0;0;0;0;0
2020-05-20 00:14:58;0;0;0;0;0;0;0;0;0;0;0
2020-05-20 00:15:59;0;0;0;0;0;0;0;0;0;0;0
2020-05-20 00:16:58;0;0;0;0;0;0;0;0;0;0;0
2020-05-20 00:17:59;0;0;0;0;0;0;0;0;0;0;0
2020-05-20 00:18:58;0;0;0;0;0;0;0;0;0;0;0
2020-05-20 00:19:59;0;0;0;0;0;0;0;0;0;0;0
2020-05-20 00:20:59;0;0;0;0;0;0;0;0;0;0;0
2020-05-20 00:21:59;0;0;0;0;0;0;0;0;0;0;0
2020-05-20 00:22:58;0;0;0;0;0;0;0;0;0;0;0
2020-05-20 00:23:59;0;0;0;0;0;0;0;0;0;0;0
2020-05-20 00:24:59;0;0;0;0;0;0;0;0;0;0;0
2020-05-20 00:25:58;0;0;0;0;0;0;0;0;0;0;0
2020-05-20 00:26:59;0;0;0;0;0;0;0;0;0;0;0
2020-05-20 00:27:59;0;0;0;0;0;0;0;0;0;0;0
2020-05-20 00:28:59;0;0;0;0;0;0;0;0;0;0;0
2020-05-20 00:29:58;0;0;0;0;0;0;0;0;0;0;0
2020-05-20 00:30:59;0;0;0;0;0;0;0;0;0;0;0
2020-05-20 00:31:59;0;0;0;0;0;0;0;0;0;0;0
2020-05-20 00:32:58;0;0;0;0;0;0;0;0;0;0;0
2020-05-20 00:33:59;0;0;0;0;0;0;0;0;0;0;0
2020-05-20 00:34:59;0;0;0;0;0;0;0;0;0;0;0
2020-05-20 00:35:58;0;0;0;0;0;0;0;0;0;0;0
2020-05-20 00:36:59;0;0;0;0;0;0;0;0;0;0;0
2020-05-20 00:37:59;0;0;0;0;0;0;0;0;0;0;0
2020-05-20 00:38:59;0;0;0;0;0;0;0;0;0;0;0
2020-05-20 00:39:58;0;0;0;0;0;0;0;0;0;0;0
2020-05-20 00:40:59;0;0;0;0;0;0;0;0;0;0;0
2020-05-20 00:41:58;0;0;0;0;0;0;0;0;0;0;0
2020-05-20 00:42:59;0;0;0;0;0;0;0;0;0;0;0
2020-05-20 00:43:59;0;0;0;0;0;0;0;0;0;0;0
2020-05-20 00:45:00;0;0;0;0;0;0;0;0;0;0;0
2020-05-20 00:45:58;0;0;0;0;0;0;0;0;0;0;0
2020-05-20 00:46:59;0;0;0;0;0;0;0;0;0;0;0
2020-05-20 00:47:59;0;0;0;0;0;0;0;0;0;0;0
2020-05-20 00:48:58;0;0;0;0;0;0;0;0;0;0;0
2020-05-20 00:49:59;0;0;0;0;0;0;0;0;0;0;0
2020-05-20 00:50:59;0;0;0;0;0;0;0;0;0;0;0
2020-05-20 00:51:58;0;0;0;0;0;0;0;0;0;0;0
2020-05-20 00:52:59;0;0;0;0;0;0;0;0;0;0;0
2020-05-20 00:53:59;0;0;0;0;0;0;0;0;0;0;0
2020-05-20 00:54:59;0;0;0;0;0;0;0;0;0;0;0
2020-05-20 00:55:58;0;0;0;0;0;0;0;0;0;0;0
2020-05-20 00:56:59;0;0;0;0;0;0;0;0;0;0;0
2020-05-20 00:57:59;0;0;0;0;0;0;0;0;0;0;0
2020-05-20 00:58:58;0;0;0;0;0;0;0;0;0;0;0
2020-05-20 00:59:59;0;0;0;0;0;0;0;0;0;0;0
2020-05-20 01:00:59;2;0;0;0;1;0;0;0;1;0;0
2020-05-20 01:01:58;2;0;0;0;1;0;0;0;1;0;0
2020-05-20 01:02:59;2;0;0;0;1;0;0;0;1;0;0
2020-05-20 01:03:59;2;0;0;0;1;0;0;0;1;0;0
2020-05-20 01:04:59;3;0;1;0;1;0;0;0;1;0;0
2020-05-20 01:05:58;3;0;1;0;1;0;0;0;1;0;0
2020-05-20 01:06:59;3;0;1;0;1;0;0;0;1;0;0
2020-05-20 01:07:59;4;0;1;1;1;0;0;0;1;0;0
2020-05-20 01:08:58;4;0;1;1;1;0;0;0;1;0;0
2020-05-20 01:09:59;6;0;1;3;1;0;0;0;1;0;0
2020-05-20 01:10:59;7;0;1;3;2;0;0;0;1;0;0
2020-05-20 01:11:58;7;0;1;3;2;0;0;0;1;0;0
2020-05-20 01:12:59;10;1;1;3;2;0;1;0;2;0;0
2020-05-20 01:13:59;11;1;1;3;2;0;1;0;2;0;0
2020-05-20 01:14:58;13;1;1;4;2;0;1;0;2;0;0
2020-05-20 01:15:59;13;1;1;4;2;0;1;0;2;0;0
2020-05-20 01:16:58;16;2;1;4;3;0;1;0;3;0;0
2020-05-20 01:17:59;17;3;1;4;3;0;1;0;3;0;0
2020-05-20 01:18:59;17;3;1;4;3;0;1;0;3;0;0
2020-05-20 01:19:58;18;4;1;4;3;0;1;0;3;0;0
2020-05-20 01:20:59;20;4;1;4;3;0;2;0;3;0;0
2020-05-20 01:21:59;20;4;1;4;3;0;2;0;3;0;0
2020-05-20 01:22:59;21;4;1;5;3;0;2;0;3;0;0
2020-05-20 01:23:58;23;5;2;5;3;0;2;0;3;0;0
2020-05-20 01:24:59;24;5;3;5;3;0;2;0;3;0;0
2020-05-20 01:25:59;25;5;4;5;3;0;2;0;3;0;0
2020-05-20 01:26:58;26;6;4;5;3;0;2;0;3;0;0
2020-05-20 01:27:59;27;6;5;5;3;0;2;0;3;0;0
2020-05-20 01:28:59;28;6;5;5;3;0;2;0;4;0;0
2020-05-20 01:29:58;30;6;6;5;3;0;2;0;5;0;0
2020-05-20 01:30:59;31;6;7;5;3;0;2;0;5;0;0
2020-05-20 01:31:59;31;6;7;5;3;0;2;0;5;0;0
2020-05-20 01:32:58;33;6;8;6;3;0;2;0;5;0;0
2020-05-20 01:33:59;34;6;8;6;3;0;3;0;5;0;0
2020-05-20 01:34:59;34;6;8;6;3;0;3;0;5;0;0
2020-05-20 01:35:58;35;6;8;7;3;0;3;0;5;0;0
2020-05-20 01:36:59;36;7;8;7;3;0;3;0;5;0;0
2020-05-20 01:37:58;37;7;9;7;3;0;3;0;5;0;0
2020-05-20 01:38:59;38;8;9;7;3;0;3;0;5;0;0
2020-05-20 01:39:59;38;8;9;7;3;0;3;0;5;0;0
2020-05-20 01:40:58;39;8;9;7;4;0;3;0;5;0;0
2020-05-20 01:41:59;40;8;10;7;4;0;3;0;5;0;0
2020-05-20 01:42:58;40;8;10;7;4;0;3;0;5;0;0
2020-05-20 01:43:59;42;9;11;7;4;0;3;0;5;0;0
2020-05-20 01:44:59;43;9;11;7;5;0;3;0;5;0;0
2020-05-20 01:45:58;44;9;11;7;5;0;4;0;5;0;0
2020-05-20 01:46:59;45;9;11;8;5;0;4;0;5;0;0
2020-05-20 01:47:59;45;9;11;8;5;0;4;0;5;0;0
2020-05-20 01:48:59;46;9;11;9;5;0;4;0;5;0;0
2020-05-20 01:49:58;46;9;11;9;5;0;4;0;5;0;0
2020-05-20 01:50:59;46;9;11;9;5;0;4;0;5;0;0
2020-05-20 01:51:59;46;9;11;9;5;0;4;0;5;0;0
2020-05-20 01:52:58;46;9;11;9;5;0;4;0;5;0;0
2020-05-20 01:53:59;46;9;11;9;5;0;4;0;5;0;0
2020-05-20 01:54:59;46;9;11;9;5;0;4;0;5;0;0
2020-05-20 01:55:58;48;10;12;9;5;0;4;0;5;0;0
2020-05-20 01:56:59;48;10;12;9;5;0;4;0;5;0;0
2020-05-20 01:58:00;48;10;12;9;5;0;4;0;5;0;0
2020-05-20 01:58:58;49;11;12;9;5;0;4;0;5;0;0
2020-05-20 01:59:59;49;11;12;9;5;0;4;0;5;0;0
2020-05-20 02:00:59;49;11;12;9;5;0;4;0;5;0;0
2020-05-20 02:01:58;49;11;12;9;5;0;4;0;5;0;0
2020-05-20 02:02:59;50;11;13;9;4;0;4;0;5;0;0
2020-05-20 02:03:59;50;11;13;9;4;0;4;0;5;0;0
2020-05-20 02:04:58;50;11;13;9;4;0;4;0;5;0;0
2020-05-20 02:05:59;50;11;13;9;4;0;4;0;5;0;0
2020-05-20 02:06:59;50;11;13;9;4;0;4;0;5;0;0
2020-05-20 02:07:58;50;11;13;9;4;0;4;0;5;0;0
2020-05-20 02:08:59;50;11;13;9;4;0;4;0;5;0;0
2020-05-20 02:09:59;51;11;13;9;4;0;4;0;5;0;0
2020-05-20 02:10:58;51;11;13;9;4;0;4;0;5;0;0
2020-05-20 02:11:59;51;11;13;9;4;0;4;0;5;0;0
2020-05-20 02:12:58;51;11;13;9;4;0;4;0;5;0;0
2020-05-20 02:13:59;51;11;13;9;4;0;4;0;5;0;0
2020-05-20 02:14:59;51;11;13;9;4;0;4;0;5;0;0
2020-05-20 02:15:59;52;11;13;9;4;0;4;0;5;0;0
2020-05-20 02:16:58;52;11;13;9;4;0;4;0;5;0;0
2020-05-20 02:17:59;52;11;13;9;4;0;4;0;5;0;0
2020-05-20 02:18:59;53;11;13;9;4;0;4;0;5;0;0
2020-05-20 02:19:58;54;11;14;9;4;0;4;0;5;0;0
2020-05-20 02:20:59;54;11;14;9;4;0;4;0;5;0;0
2020-05-20 02:21:59;55;11;15;9;4;0;4;0;5;0;0
2020-05-20 02:22:58;55;11;15;9;4;0;4;0;5;0;0
2020-05-20 02:23:59;55;11;15;9;4;0;4;0;5;0;0
2020-05-20 02:24:59;55;11;15;9;4;0;4;0;5;0;0
2020-05-20 02:25:59;55;11;15;9;4;0;4;0;5;0;0
2020-05-20 02:26:58;55;11;15;9;4;0;4;0;5;0;0
2020-05-20 02:27:59;55;11;15;9;4;0;4;0;5;0;0
2020-05-20 02:28:58;55;11;15;9;4;0;4;0;5;0;0
2020-05-20 02:29:59;55;11;15;9;4;0;4;0;5;0;0
2020-05-20 02:30:59;55;11;15;9;4;0;4;0;5;0;0
2020-05-20 02:31:58;55;11;15;9;4;0;4;0;5;0;0
2020-05-20 02:32:59;55;11;15;9;4;0;4;0;5;0;0
2020-05-20 02:33:59;55;11;15;9;4;0;4;0;5;0;0
2020-05-20 02:34:58;56;11;15;9;4;0;4;0;5;0;0
2020-05-20 02:35:59;56;11;15;9;4;0;4;0;5;0;0
2020-05-20 02:36:59;56;11;15;9;4;0;4;0;5;0;0
2020-05-20 02:37:59;56;11;15;9;4;0;4;0;5;0;0
2020-05-20 02:38:58;56;11;15;9;4;0;4;0;5;0;0
2020-05-20 02:39:59;56;11;15;9;4;0;4;0;5;0;0
2020-05-20 02:40:59;56;11;15;9;4;0;4;0;5;0;0
2020-05-20 02:41:58;56;11;15;9;4;0;4;0;5;0;0
2020-05-20 02:42:59;56;11;15;9;4;0;4;0;5;0;0
2020-05-20 02:44:00;56;11;15;9;4;0;4;0;5;0;0
2020-05-20 02:44:58;56;11;15;9;4;0;4;0;5;0;0
2020-05-20 02:45:59;56;11;15;9;4;0;4;0;5;0;0
2020-05-20 02:46:58;56;11;15;9;4;0;4;0;5;0;0
2020-05-20 02:47:59;56;11;15;9;4;0;4;0;5;0;0
2020-05-20 02:48:59;56;11;15;9;4;0;4;0;5;0;0
2020-05-20 02:49:59;56;11;15;9;4;0;4;0;5;0;0
2020-05-20 02:50:58;56;11;15;9;4;0;4;0;5;0;0
2020-05-20 02:51:59;56;11;15;9;4;0;4;0;5;0;0
2020-05-20 02:52:58;56;11;15;9;4;0;4;0;5;0;0
2020-05-20 02:53:59;56;11;15;9;4;0;4;0;5;0;0
2020-05-20 02:54:58;56;11;15;9;4;0;4;0;5;0;0
2020-05-20 02:55:59;56;11;15;9;4;0;4;0;5;0;0
2020-05-20 02:56:59;56;11;15;9;4;0;4;0;5;0;0
2020-05-20 02:57:58;56;11;15;9;4;0;4;0;5;0;0
2020-05-20 02:58:59;56;11;15;9;4;0;4;0;5;0;0
2020-05-20 02:59:59;56;11;15;9;4;0;4;0;5;0;0
2020-05-20 03:00:58;56;11;15;9;4;0;4;0;5;0;0
2020-05-20 03:01:59;56;11;15;9;4;0;4;0;5;0;0
2020-05-20 03:02:59;56;11;15;9;4;0;4;0;5;0;0
2020-05-20 03:03:58;56;11;15;9;4;0;4;0;5;0;0
2020-05-20 03:04:59;56;11;15;9;4;0;4;0;5;0;0
2020-05-20 03:05:59;56;11;15;9;4;0;4;0;5;0;0
2020-05-20 03:06:58;56;11;15;9;4;0;4;0;5;0;0
2020-05-20 03:07:59;56;11;15;9;4;0;4;0;5;0;0
2020-05-20 03:08:58;56;11;15;9;4;0;4;0;5;0;0
2020-05-20 03:09:59;56;11;15;9;4;0;4;0;5;0;0
2020-05-20 03:10:59;56;11;15;9;4;0;4;0;5;0;0
2020-05-20 03:11:58;56;11;15;9;4;0;4;0;5;0;0
2020-05-20 03:12:59;56;11;15;9;4;0;4;0;5;0;0
2020-05-20 03:13:58;56;11;15;9;4;0;4;0;5;0;0
2020-05-20 03:14:59;56;11;15;9;4;0;4;0;5;0;0
2020-05-20 03:15:59;56;11;15;9;4;0;4;0;5;0;0
2020-05-20 03:16:58;56;11;15;9;4;0;4;0;5;0;0
2020-05-20 03:17:59;56;11;15;9;4;0;4;0;5;0;0
2020-05-20 03:18:59;56;11;15;9;4;0;4;0;5;0;0
2020-05-20 03:19:58;56;11;15;9;4;0;4;0;5;0;0
2020-05-20 03:20:59;56;11;15;9;4;0;4;0;5;0;0
2020-05-20 03:21:59;56;11;15;9;4;0;4;0;5;0;0
2020-05-20 03:22:58;56;11;15;9;4;0;4;0;5;0;0
2020-05-20 03:23:59;56;11;15;9;4;0;4;0;5;0;0
2020-05-20 03:24:59;56;11;15;9;4;0;4;0;5;0;0
2020-05-20 03:25:58;56;11;15;9;4;0;4;0;5;0;0
2020-05-20 03:26:59;56;11;15;9;4;0;4;0;5;0;0
2020-05-20 03:27:59;56;11;15;9;4;0;4;0;5;0;0
2020-05-20 03:28:58;56;11;15;9;4;0;4;0;5;0;0
2020-05-20 03:29:59;56;11;15;9;4;0;4;0;5;0;0
2020-05-20 03:31:00;56;11;15;9;4;0;4;0;5;0;0
2020-05-20 03:31:58;56;11;15;9;4;0;4;0;5;0;0
2020-05-20 03:32:59;56;11;15;9;4;0;4;0;5;0;0
2020-05-20 03:34:00;56;11;15;9;4;0;4;0;5;0;0
2020-05-20 03:34:58;56;11;15;9;4;0;4;0;5;0;0
2020-05-20 03:35:59;56;11;15;9;4;0;4;0;5;0;0
2020-05-20 03:36:59;56;11;15;9;4;0;4;0;5;0;0
2020-05-20 03:37:58;56;11;15;9;4;0;4;0;5;0;0
2020-05-20 03:38:59;56;11;15;9;4;0;4;0;5;0;0
2020-05-20 03:39:59;56;11;15;9;4;0;4;0;5;0;0
2020-05-20 03:40:58;56;11;15;9;4;0;4;0;5;0;0
2020-05-20 03:41:59;56;11;15;9;4;0;4;0;5;0;0
2020-05-20 03:42:59;56;11;15;9;4;0;4;0;5;0;0
2020-05-20 03:43:58;56;11;15;9;4;0;4;0;5;0;0
2020-05-20 03:44:59;56;11;15;9;4;0;4;0;5;0;0
2020-05-20 03:45:58;56;11;15;9;4;0;4;0;5;0;0
2020-05-20 03:46:59;56;11;15;9;4;0;4;0;5;0;0
2020-05-20 03:47:59;56;11;15;9;4;0;4;0;5;0;0
2020-05-20 03:48:58;57;11;15;9;4;0;5;0;5;0;0
2020-05-20 03:49:59;57;11;15;9;4;0;5;0;5;0;0
2020-05-20 03:50:59;57;11;15;9;4;0;5;0;5;0;0
2020-05-20 03:51:59;57;11;15;9;4;0;5;0;5;0;0
2020-05-20 03:52:58;57;11;15;9;4;0;5;0;5;0;0
2020-05-20 03:53:59;57;11;15;9;4;0;5;0;5;0;0
2020-05-20 03:54:59;57;11;15;9;4;0;5;0;5;0;0
2020-05-20 03:55:58;57;11;15;9;4;0;5;0;5;0;0
2020-05-20 03:56:59;57;11;15;9;4;0;5;0;5;0;0
2020-05-20 03:57:59;57;11;15;9;4;0;5;0;5;0;0
2020-05-20 03:58:58;57;11;15;9;4;0;5;0;5;0;0
2020-05-20 03:59:59;57;11;15;9;4;0;5;0;5;0;0
2020-05-20 04:00:59;57;11;15;9;4;0;5;0;5;0;0
2020-05-20 04:01:58;57;11;15;9;4;0;5;0;5;0;0
2020-05-20 04:02:59;57;11;15;9;4;0;5;0;5;0;0
2020-05-20 04:03:58;57;11;15;9;4;0;5;0;5;0;0
2020-05-20 04:04:59;57;11;15;9;4;0;5;0;5;0;0
2020-05-20 04:05:59;57;11;15;9;4;0;5;0;5;0;0
2020-05-20 04:06:58;57;11;15;9;4;0;5;0;5;0;0
2020-05-20 04:07:59;57;11;15;9;4;0;5;0;5;0;0
2020-05-20 04:08:59;57;11;15;9;4;0;5;0;5;0;0
2020-05-20 04:09:58;57;11;15;9;4;0;5;0;5;0;0
2020-05-20 04:10:59;57;11;15;9;4;0;5;0;5;0;0
2020-05-20 04:11:58;57;11;15;9;4;0;5;0;5;0;0
2020-05-20 04:12:59;57;11;15;9;4;0;5;0;5;0;0
2020-05-20 04:13:58;57;11;15;9;4;0;5;0;5;0;0
2020-05-20 04:14:59;57;11;15;9;4;0;5;0;5;0;0
2020-05-20 04:15:58;57;11;15;9;4;0;5;0;5;0;0
2020-05-20 04:16:59;57;11;15;9;4;0;5;0;5;0;0
2020-05-20 04:17:59;57;11;15;9;4;0;5;0;5;0;0
2020-05-20 04:18:59;57;11;15;9;4;0;5;0;5;0;0
2020-05-20 04:19:58;57;11;15;9;4;0;5;0;5;0;0
2020-05-20 04:20:59;57;11;15;9;4;0;5;0;5;0;0
2020-05-20 04:21:58;57;11;15;9;4;0;5;0;5;0;0
2020-05-20 04:22:59;57;11;15;9;4;0;5;0;5;0;0
2020-05-20 04:23:58;57;11;15;9;4;0;5;0;5;0;0
2020-05-20 04:24:59;57;11;15;9;4;0;5;0;5;0;0
2020-05-20 04:25:59;57;11;15;9;4;0;5;0;5;0;0
2020-05-20 04:26:58;57;11;15;9;4;0;5;0;5;0;0
2020-05-20 04:27:59;57;11;15;9;4;0;5;0;5;0;0
2020-05-20 04:28:59;57;11;15;9;4;0;5;0;5;0;0
2020-05-20 04:30:00;57;11;15;9;4;0;5;0;5;0;0
2020-05-20 04:30:58;57;11;15;9;4;0;5;0;5;0;0
2020-05-20 04:31:59;57;11;15;9;4;0;5;0;5;0;0
2020-05-20 04:32:58;57;11;15;9;4;0;5;0;5;0;0
2020-05-20 04:33:59;57;11;15;9;4;0;5;0;5;0;0
2020-05-20 04:34:59;57;11;15;9;4;0;5;0;5;0;0
2020-05-20 04:35:58;57;11;15;9;4;0;5;0;5;0;0
2020-05-20 04:36:59;57;11;15;9;4;0;5;0;5;0;0
2020-05-20 04:37:59;57;11;15;9;4;0;5;0;5;0;0
2020-05-20 04:38:58;57;11;15;9;4;0;5;0;5;0;0
2020-05-20 04:39:59;57;11;15;9;4;0;5;0;5;0;0
2020-05-20 04:40:59;57;11;15;9;4;0;5;0;5;0;0
2020-05-20 04:41:58;57;11;15;9;4;0;5;0;5;0;0
2020-05-20 04:42:59;57;11;15;9;4;0;5;0;5;0;0
2020-05-20 04:43:58;57;11;15;9;4;0;5;0;5;0;0
2020-05-20 04:44:59;57;11;15;9;4;0;5;0;5;0;0
2020-05-20 04:45:59;57;11;15;9;4;0;5;0;5;0;0
2020-05-20 04:46:59;57;11;15;9;4;0;5;0;5;0;0
2020-05-20 04:47:58;57;11;15;9;4;0;5;0;5;0;0
2020-05-20 04:48:59;57;11;15;9;4;0;5;0;5;0;0
2020-05-20 04:49:58;57;11;15;9;4;0;5;0;5;0;0
2020-05-20 04:50:59;57;11;15;9;4;0;5;0;5;0;0
2020-05-20 04:51:59;57;11;15;9;4;0;5;0;5;0;0
2020-05-20 04:52:59;57;11;15;9;4;0;5;0;5;0;0
2020-05-20 04:53:58;57;11;15;9;4;0;5;0;5;0;0
2020-05-20 04:54:59;57;11;15;9;4;0;5;0;5;0;0
2020-05-20 04:55:58;57;11;15;9;4;0;5;0;5;0;0
2020-05-20 04:56:59;57;11;15;9;4;0;5;0;5;0;0
2020-05-20 04:57:59;57;11;15;9;4;0;5;0;5;0;0
2020-05-20 04:58:58;57;11;15;9;4;0;5;0;5;0;0
2020-05-20 04:59:59;57;11;15;9;4;0;5;0;5;0;0
2020-05-20 05:00:59;57;11;15;9;4;0;5;0;5;0;0
2020-05-20 05:01:58;57;11;15;9;4;0;5;0;5;0;0
2020-05-20 05:02:59;57;11;15;9;4;0;5;0;5;0;0
2020-05-20 05:03:59;57;11;15;9;4;0;5;0;5;0;0
2020-05-20 05:04:58;57;11;15;9;4;0;5;0;5;0;0
2020-05-20 05:05:59;57;11;15;9;4;0;5;0;5;0;0
2020-05-20 05:06:58;57;11;15;9;4;0;5;0;5;0;0
2020-05-20 05:07:59;58;11;15;9;4;0;5;0;5;0;0
2020-05-20 05:08:59;58;11;15;9;4;0;5;0;5;0;0
2020-05-20 05:09:58;58;11;15;9;4;0;5;0;5;0;0
2020-05-20 05:10:59;58;11;15;9;4;0;5;0;5;0;0
2020-05-20 05:11:59;58;11;15;9;4;0;5;0;5;0;0
2020-05-20 05:12:58;59;11;16;9;4;0;5;0;5;0;0
2020-05-20 05:13:59;59;11;16;9;4;0;5;0;5;0;0
2020-05-20 05:14:59;59;11;16;9;4;0;5;0;5;0;0
2020-05-20 05:15:58;59;11;16;9;4;0;5;0;5;0;0
2020-05-20 05:16:59;59;11;16;9;4;0;5;0;5;0;0
2020-05-20 05:17:59;59;11;16;9;4;0;5;0;5;0;0
2020-05-20 05:18:58;59;11;16;9;4;0;5;0;5;0;0
2020-05-20 05:19:59;59;11;16;9;4;0;5;0;5;0;0
2020-05-20 05:20:58;59;11;16;9;4;0;5;0;5;0;0
2020-05-20 05:21:59;59;11;16;9;4;0;5;0;5;0;0
2020-05-20 05:22:59;59;11;16;9;4;0;5;0;5;0;0
2020-05-20 05:23:58;59;11;16;9;4;0;5;0;5;0;0
2020-05-20 05:24:59;59;11;16;9;4;0;5;0;5;0;0
2020-05-20 05:25:59;59;11;16;9;4;0;5;0;5;0;0
2020-05-20 05:26:58;59;11;16;9;4;0;5;0;5;0;0
2020-05-20 05:27:59;59;11;16;9;4;0;5;0;5;0;0
2020-05-20 05:28:58;59;11;16;9;4;0;5;0;5;0;0
2020-05-20 05:29:59;59;11;16;9;4;0;5;0;5;0;0
2020-05-20 05:30:59;59;11;16;9;4;0;5;0;5;0;0
2020-05-20 05:31:58;59;11;16;9;4;0;5;0;5;0;0
2020-05-20 05:32:59;59;11;16;9;4;0;5;0;5;0;0
2020-05-20 05:33:59;59;11;16;9;4;0;5;0;5;0;0
2020-05-20 05:34:59;59;11;16;9;4;0;5;0;5;0;0
2020-05-20 05:35:58;59;11;16;9;4;0;5;0;5;0;0
2020-05-20 05:36:59;59;11;16;9;4;0;5;0;5;0;0
2020-05-20 05:38:00;59;11;16;9;4;0;5;0;5;0;0
2020-05-20 05:38:58;60;11;16;9;4;0;5;0;5;0;0
2020-05-20 05:39:59;60;11;16;9;4;0;5;0;5;0;0
2020-05-20 05:40:59;60;11;16;9;4;0;5;0;5;0;0
2020-05-20 05:41:58;60;11;16;9;4;0;5;0;5;0;0
2020-05-20 05:42:59;60;11;16;9;4;0;5;0;5;0;0
2020-05-20 05:43:59;60;11;16;9;4;0;5;0;5;0;0
2020-05-20 05:44:58;61;11;16;10;4;0;5;0;5;0;0
2020-05-20 05:45:59;61;11;16;10;4;0;5;0;5;0;0
2020-05-20 05:46:59;61;11;16;10;4;0;5;0;5;0;0
2020-05-20 05:47:58;61;11;16;10;4;0;5;0;5;0;0
2020-05-20 05:48:59;61;11;16;10;4;0;5;0;5;0;0
2020-05-20 05:49:58;61;11;16;10;4;0;5;0;5;0;0
2020-05-20 05:50:59;61;11;16;10;4;0;5;0;5;0;0
2020-05-20 05:51:59;61;11;16;10;4;0;5;0;5;0;0
2020-05-20 05:52:58;61;11;16;10;4;0;5;0;5;0;0
2020-05-20 05:53:59;62;12;16;10;4;0;5;0;5;0;0
2020-05-20 05:54:59;62;12;16;10;4;0;5;0;5;0;0
2020-05-20 05:55:59;63;12;16;10;4;0;5;0;5;0;0
2020-05-20 05:56:58;63;12;16;10;4;0;5;0;5;0;0
2020-05-20 05:57:59;63;12;16;10;4;0;5;0;5;0;0
2020-05-20 05:58:59;63;12;16;10;4;0;5;0;5;0;0
2020-05-20 05:59:58;63;12;16;10;4;0;5;0;5;0;0
2020-05-20 06:00:59;63;12;16;10;4;0;5;0;5;0;0
2020-05-20 06:01:58;63;12;16;10;4;0;5;0;5;0;0
2020-05-20 06:02:59;63;12;16;10;4;0;5;0;5;0;0
2020-05-20 06:03:59;63;12;16;10;4;0;5;0;5;0;0
2020-05-20 06:04:58;63;12;16;10;4;0;5;0;5;0;0
2020-05-20 06:05:59;63;12;16;10;4;0;5;0;5;0;0
2020-05-20 06:06:59;63;12;16;10;4;0;5;0;5;0;0
2020-05-20 06:07:58;64;12;17;10;4;0;5;0;5;0;0
2020-05-20 06:08:59;64;12;17;10;4;0;5;0;5;0;0
2020-05-20 06:09:59;64;12;17;10;4;0;5;0;5;0;0
2020-05-20 06:10:58;64;12;17;10;4;0;5;0;5;0;0
2020-05-20 06:11:59;64;12;17;10;4;0;5;0;5;0;0
2020-05-20 06:12:59;64;12;17;10;4;0;5;0;5;0;0
2020-05-20 06:13:58;64;12;17;10;4;0;5;0;5;0;0
2020-05-20 06:14:59;65;13;17;10;4;0;5;0;5;0;0
2020-05-20 06:15:58;65;13;17;10;4;0;5;0;5;0;0
2020-05-20 06:16:59;65;13;17;10;4;0;5;0;5;0;0
2020-05-20 06:17:58;65;13;17;10;4;0;5;0;5;0;0
2020-05-20 06:18:59;67;14;17;11;4;0;5;0;5;0;0
2020-05-20 06:19:59;67;14;17;11;4;0;5;0;5;0;0
2020-05-20 06:20:58;67;14;17;11;4;0;5;0;5;0;0
2020-05-20 06:21:59;67;14;17;11;4;0;5;0;5;0;0
2020-05-20 06:22:59;67;14;17;11;4;0;5;0;5;0;0
2020-05-20 06:23:59;67;14;17;11;4;0;5;0;5;0;0
2020-05-20 06:24:58;67;14;17;11;4;0;5;0;5;0;0
2020-05-20 06:25:59;67;14;17;11;4;0;5;0;5;0;0
2020-05-20 06:26:59;67;14;17;11;4;0;5;0;5;0;0
2020-05-20 06:27:58;67;14;17;11;4;0;5;0;5;0;0
2020-05-20 06:28:59;67;14;17;11;4;0;5;0;5;0;0
2020-05-20 06:29:59;67;14;17;11;4;0;5;0;5;0;0
2020-05-20 06:30:58;67;14;17;11;4;0;5;0;5;0;0
2020-05-20 06:31:59;67;14;17;11;4;0;5;0;5;0;0
2020-05-20 06:32:59;67;14;17;11;4;0;5;0;5;0;0
2020-05-20 06:33:58;67;14;17;11;4;0;5;0;5;0;0
2020-05-20 06:34:59;67;14;17;11;4;0;5;0;5;0;0
2020-05-20 06:35:59;67;14;17;11;4;0;5;0;5;0;0
2020-05-20 06:36:58;67;14;17;11;4;0;5;0;5;0;0
2020-05-20 06:37:59;67;14;17;11;4;0;5;0;5;0;0
2020-05-20 06:38:59;67;14;17;11;4;0;5;0;5;0;0
2020-05-20 06:39:58;67;14;17;11;4;0;5;0;5;0;0
2020-05-20 06:40:59;67;14;17;11;4;0;5;0;5;0;0
2020-05-20 06:41:59;67;14;17;11;4;0;5;0;5;0;0
2020-05-20 06:42:58;67;14;17;11;4;0;5;0;5;0;0
2020-05-20 06:43:59;67;14;17;11;4;0;5;0;5;0;0
2020-05-20 06:44:59;67;14;17;11;4;0;5;0;5;0;0
2020-05-20 06:45:58;67;14;17;11;4;0;5;0;5;0;0
2020-05-20 06:46:59;67;14;17;11;4;0;5;0;5;0;0
2020-05-20 06:47:59;67;14;17;11;4;0;5;0;5;0;0
2020-05-20 06:48:58;67;14;17;11;4;0;5;0;5;0;0
2020-05-20 06:49:59;67;14;17;11;4;0;5;0;5;0;0
2020-05-20 06:50:59;67;14;17;11;4;0;5;0;5;0;0
2020-05-20 06:51:58;67;14;17;11;4;0;5;0;5;0;0
2020-05-20 06:52:59;67;14;17;11;4;0;5;0;5;0;0
2020-05-20 06:53:59;67;14;17;11;4;0;5;0;5;0;0
2020-05-20 06:54:58;67;14;17;11;4;0;5;0;5;0;0
2020-05-20 06:55:59;67;14;17;11;4;0;5;0;5;0;0
2020-05-20 06:56:59;67;14;17;11;4;0;5;0;5;0;0
2020-05-20 06:57:58;67;14;17;11;4;0;5;0;5;0;0
2020-05-20 06:58:59;67;14;17;11;4;0;5;0;5;0;0
2020-05-20 06:59:59;67;14;17;11;4;0;5;0;5;0;0
2020-05-20 07:00:58;67;14;17;11;4;0;5;0;5;0;0
2020-05-20 07:01:59;67;14;17;11;4;0;5;0;5;0;0
2020-05-20 07:02:59;67;14;17;11;4;0;5;0;5;0;0
2020-05-20 07:03:58;67;14;17;11;4;0;5;0;5;0;0
2020-05-20 07:04:59;67;14;17;11;4;0;5;0;5;0;0
2020-05-20 07:06:00;67;14;17;11;4;0;5;0;5;0;0
2020-05-20 07:06:58;67;14;17;11;4;0;5;0;5;0;0
2020-05-20 07:07:59;67;14;17;11;4;0;5;0;5;0;0
2020-05-20 07:08:58;67;14;17;11;4;0;5;0;5;0;0
2020-05-20 07:09:59;67;14;17;11;4;0;5;0;5;0;0
2020-05-20 07:10:59;67;14;17;11;4;0;5;0;5;0;0
2020-05-20 07:11:58;67;14;17;11;4;0;5;0;5;0;0
2020-05-20 07:12:59;67;14;17;11;4;0;5;0;5;0;0
2020-05-20 07:13:59;67;14;17;11;4;0;5;0;5;0;0
2020-05-20 07:14:58;68;14;17;12;4;0;5;0;5;0;0
2020-05-20 07:15:59;68;14;17;12;4;0;5;0;5;0;0
2020-05-20 07:16:59;68;14;17;12;4;0;5;0;5;0;0
2020-05-20 07:17:59;68;14;17;12;4;0;5;0;5;0;0
2020-05-20 07:18:58;68;14;17;12;4;0;5;0;5;0;0
2020-05-20 07:19:59;68;14;17;12;4;0;5;0;5;0;0
2020-05-20 07:21:00;68;14;17;12;4;0;5;0;5;0;0
2020-05-20 07:21:58;68;14;17;12;4;0;5;0;5;0;0
2020-05-20 07:22:59;68;14;17;12;4;0;5;0;5;0;0
2020-05-20 07:23:59;68;14;17;12;4;0;5;0;5;0;0
2020-05-20 07:24:58;68;14;17;12;4;0;5;0;5;0;0
2020-05-20 07:25:59;69;14;18;12;4;0;5;0;5;0;0
2020-05-20 07:26:59;69;14;18;12;4;0;5;0;5;0;0
2020-05-20 07:27:58;69;14;18;12;4;0;5;0;5;0;0
2020-05-20 07:28:59;69;14;18;12;4;0;5;0;5;0;0
2020-05-20 07:29:59;69;14;18;12;4;0;5;0;5;0;0
2020-05-20 07:30:58;69;14;18;12;4;0;5;0;5;0;0
2020-05-20 07:31:59;69;14;18;12;4;0;5;0;5;0;0
2020-05-20 07:33:00;69;14;18;12;4;0;5;0;5;0;0
2020-05-20 07:33:58;69;14;18;12;4;0;5;0;5;0;0
2020-05-20 07:34:59;70;15;18;12;4;0;5;0;5;0;0
2020-05-20 07:35:59;71;15;18;12;4;0;5;1;5;0;0
2020-05-20 07:36:58;71;15;18;12;4;0;5;1;5;0;0
2020-05-20 07:37:59;71;15;18;12;4;0;5;1;5;0;0
2020-05-20 07:38:59;71;15;18;12;4;0;5;1;5;0;0
2020-05-20 07:39:58;71;15;18;12;4;0;5;1;5;0;0
2020-05-20 07:40:59;71;15;18;12;4;0;5;1;5;0;0
2020-05-20 07:41:59;72;15;18;12;4;0;5;2;5;0;0
2020-05-20 07:42:58;72;15;18;12;4;0;5;2;5;0;0
2020-05-20 07:43:59;73;15;18;13;4;0;5;2;5;0;0
2020-05-20 07:44:59;73;15;18;13;4;0;5;2;5;0;0
2020-05-20 07:45:58;73;15;18;13;4;0;5;2;5;0;0
2020-05-20 07:46:59;73;15;18;13;4;0;5;2;5;0;0
2020-05-20 07:47:59;73;15;18;13;4;0;5;2;5;0;0
2020-05-20 07:48:58;74;15;18;13;4;0;6;2;5;0;0
2020-05-20 07:49:59;74;15;18;13;4;0;6;2;5;0;0
2020-05-20 07:50:59;74;15;18;13;4;0;6;2;5;0;0
2020-05-20 07:51:58;74;15;18;13;4;0;6;2;5;0;0
2020-05-20 07:52:59;74;15;18;13;4;0;6;2;5;0;0
2020-05-20 07:53:59;74;15;18;13;4;0;6;2;5;0;0
2020-05-20 07:54:58;74;15;18;13;4;0;6;2;5;0;0
2020-05-20 07:55:59;74;15;18;13;4;0;6;2;5;0;0
2020-05-20 07:56:59;74;15;18;13;4;0;6;2;5;0;0
2020-05-20 07:57:58;74;15;18;13;4;0;6;2;5;0;0
2020-05-20 07:58:59;74;15;18;13;4;0;6;2;5;0;0
2020-05-20 07:59:59;74;15;18;13;4;0;6;2;5;0;0
2020-05-20 08:00:58;74;15;18;13;4;0;6;2;5;0;0
2020-05-20 08:01:59;74;15;18;13;4;0;6;2;5;0;0
2020-05-20 08:02:59;74;15;18;13;4;0;6;2;5;0;0
2020-05-20 08:03:58;74;15;18;13;4;0;6;2;5;0;0
2020-05-20 08:04:59;74;15;18;13;4;0;6;2;5;0;0
2020-05-20 08:05:59;74;15;18;13;4;0;6;2;5;0;0
2020-05-20 08:06:58;74;15;18;13;4;0;6;2;5;0;0
2020-05-20 08:07:59;74;15;18;13;4;0;6;2;5;0;0
2020-05-20 08:08:59;74;15;18;13;4;0;6;2;5;0;0
2020-05-20 08:09:58;74;15;18;13;4;0;6;2;5;0;0
2020-05-20 08:10:59;74;15;18;13;4;0;6;2;5;0;0
2020-05-20 08:12:00;74;15;18;13;4;0;6;2;5;0;0
2020-05-20 08:12:58;74;15;18;13;4;0;6;2;5;0;0
2020-05-20 08:13:59;74;15;18;13;4;0;6;2;5;0;0
2020-05-20 08:14:58;75;15;18;14;4;0;6;2;5;0;0
2020-05-20 08:15:59;75;15;18;14;4;0;6;2;5;0;0
2020-05-20 08:16:59;75;15;18;14;4;0;6;2;5;0;0
2020-05-20 08:17:58;75;15;18;14;4;0;6;2;5;0;0
2020-05-20 08:18:59;75;15;18;14;4;0;6;2;5;0;0
2020-05-20 08:19:59;75;15;18;14;4;0;6;2;5;0;0
2020-05-20 08:20:58;75;15;18;14;4;0;6;2;5;0;0
2020-05-20 08:21:59;75;15;18;14;4;0;6;2;5;0;0
2020-05-20 08:22:59;75;15;18;14;4;0;6;2;5;0;0
2020-05-20 08:23:58;75;15;18;14;4;0;6;2;5;0;0
2020-05-20 08:24:59;76;15;19;14;4;0;6;2;5;0;0
2020-05-20 08:25:58;76;15;19;14;4;0;6;2;5;0;0
2020-05-20 08:26:59;76;15;19;14;4;0;6;2;5;0;0
2020-05-20 08:27:59;76;15;19;14;4;0;6;2;5;0;0
2020-05-20 08:28:58;76;15;19;14;4;0;6;2;5;0;0
2020-05-20 08:29:59;76;15;19;14;4;0;6;2;5;0;0
2020-05-20 08:30:59;76;15;19;14;4;0;6;2;5;0;0
2020-05-20 08:31:58;76;15;19;14;4;0;6;2;5;0;0
2020-05-20 08:32:59;76;15;19;14;4;0;6;2;5;0;0
2020-05-20 08:33:59;76;15;19;14;4;0;6;2;5;0;0
2020-05-20 08:34:58;75;15;19;14;4;0;6;2;4;0;0
2020-05-20 08:35:59;75;15;19;14;4;0;6;2;4;0;0
2020-05-20 08:36:59;75;15;19;14;4;0;6;2;4;0;0
2020-05-20 08:37:58;75;15;19;14;4;0;6;2;4;0;0
2020-05-20 08:38:59;75;15;19;14;4;0;6;2;4;0;0
2020-05-20 08:39:59;75;15;19;14;4;0;6;2;4;0;0
2020-05-20 08:40:58;76;15;20;14;4;0;6;2;4;0;0
2020-05-20 08:41:59;76;15;20;14;4;0;6;2;4;0;0
2020-05-20 08:42:59;76;15;20;14;4;0;6;2;4;0;0
2020-05-20 08:43:58;76;15;20;14;4;0;6;2;4;0;0
2020-05-20 08:44:59;77;15;20;14;5;0;6;2;4;0;0
2020-05-20 08:45:58;78;15;20;15;5;0;6;2;4;0;0
2020-05-20 08:46:59;78;15;20;15;5;0;6;2;4;0;0
2020-05-20 08:47:59;78;15;20;15;5;0;6;2;4;0;0
2020-05-20 08:48:59;78;15;20;15;5;0;6;2;4;0;0
2020-05-20 08:49:58;78;15;20;15;5;0;6;2;4;0;0
2020-05-20 08:50:59;78;15;20;15;5;0;6;2;4;0;0
2020-05-20 08:51:59;78;15;20;15;5;0;6;2;4;0;0
2020-05-20 08:52:58;78;15;20;15;5;0;6;2;4;0;0
2020-05-20 08:53:59;78;15;20;15;5;0;6;2;4;0;0
2020-05-20 08:54:59;78;15;20;15;5;0;6;2;4;0;0
2020-05-20 08:55:58;78;15;20;15;5;0;6;2;4;0;0
2020-05-20 08:56:59;79;15;20;16;5;0;6;2;4;0;0
2020-05-20 08:57:59;79;15;20;16;5;0;6;2;4;0;0
2020-05-20 08:58:58;79;15;20;16;5;0;6;2;4;0;0
2020-05-20 08:59:59;79;15;20;16;5;0;6;2;4;0;0
2020-05-20 09:00:59;79;15;20;16;5;0;6;2;4;0;0
2020-05-20 09:01:58;79;15;20;16;5;0;6;2;4;0;0
2020-05-20 09:02:59;79;15;20;16;5;0;6;2;4;0;0
2020-05-20 09:03:59;79;15;20;16;5;0;6;2;4;0;0
2020-05-20 09:04:58;79;15;20;16;5;0;6;2;4;0;0
2020-05-20 09:05:59;79;15;20;16;5;0;6;2;4;0;0
2020-05-20 09:06:58;79;15;20;16;5;0;6;2;4;0;0
2020-05-20 09:07:59;79;15;20;16;5;0;6;2;4;0;0
2020-05-20 09:08:59;79;15;20;16;5;0;6;2;4;0;0
2020-05-20 09:09:59;79;15;20;16;5;0;6;2;4;0;0
2020-05-20 09:10:58;79;15;20;16;5;0;6;2;4;0;0
2020-05-20 09:11:59;79;15;20;16;5;0;6;2;4;0;0
2020-05-20 09:12:59;79;15;20;16;5;0;6;2;4;0;0
2020-05-20 09:13:58;80;15;20;16;5;0;7;2;4;0;0
2020-05-20 09:14:59;80;15;20;16;5;0;7;2;4;0;0
2020-05-20 09:15:58;80;15;20;16;5;0;7;2;4;0;0
2020-05-20 09:16:59;80;15;20;16;5;0;7;2;4;0;0
2020-05-20 09:17:59;80;15;20;16;5;0;7;2;4;0;0
2020-05-20 09:18:58;80;15;20;16;5;0;7;2;4;0;0
2020-05-20 09:19:59;80;15;20;16;5;0;7;2;4;0;0
2020-05-20 09:20:59;80;15;20;16;5;0;7;2;4;0;0
2020-05-20 09:21:58;80;15;20;16;5;0;7;2;4;0;0
2020-05-20 09:22:59;80;15;20;16;5;0;7;2;4;0;0
2020-05-20 09:23:59;81;15;20;16;5;0;7;2;4;0;0
2020-05-20 09:24:58;81;15;20;16;5;0;7;2;4;0;0
2020-05-20 09:25:59;81;15;20;16;5;0;7;2;4;0;0
2020-05-20 09:26:59;81;15;20;16;5;0;7;2;4;0;0
2020-05-20 09:27:58;81;15;20;16;5;0;7;2;4;0;0
2020-05-20 09:28:59;81;15;20;16;5;0;7;2;4;0;0
2020-05-20 09:29:59;82;16;20;16;5;0;7;2;4;0;0
2020-05-20 09:30:58;82;16;20;16;5;0;7;2;4;0;0
2020-05-20 09:31:59;82;16;20;16;5;0;7;2;4;0;0
2020-05-20 09:32:59;82;16;20;16;5;0;7;2;4;0;0
2020-05-20 09:33:58;82;16;20;16;5;0;7;2;4;0;0
2020-05-20 09:34:59;83;17;20;16;5;0;7;2;4;0;0
2020-05-20 09:35:59;83;17;20;16;5;0;7;2;4;0;0
2020-05-20 09:36:58;83;17;20;16;5;0;7;2;4;0;0
2020-05-20 09:37:59;83;17;20;16;5;0;7;2;4;0;0
2020-05-20 09:38:59;83;17;20;16;5;0;7;2;4;0;0
2020-05-20 09:39:58;84;17;20;16;5;0;7;2;4;0;0
2020-05-20 09:40:59;84;17;20;16;5;0;7;2;4;0;0
2020-05-20 09:41:59;84;17;20;16;5;0;7;2;4;0;0
2020-05-20 09:42:58;84;17;20;16;5;0;7;2;4;0;0
2020-05-20 09:43:59;85;17;20;16;5;0;8;2;4;0;0
2020-05-20 09:44:59;85;17;20;16;5;0;8;2;4;0;0
2020-05-20 09:45:58;85;17;20;16;5;0;8;2;4;0;0
2020-05-20 09:46:59;85;17;20;16;5;0;8;2;4;0;0
2020-05-20 09:47:59;85;17;20;16;5;0;8;2;4;0;0
2020-05-20 09:48:58;85;17;20;16;5;0;8;2;4;0;0
2020-05-20 09:49:59;85;17;20;16;5;0;8;2;4;0;0
2020-05-20 09:50:59;85;17;20;16;5;0;8;2;4;0;0
2020-05-20 09:51:58;85;17;20;16;5;0;8;2;4;0;0
2020-05-20 09:52:59;85;17;20;16;5;0;8;2;4;0;0
2020-05-20 09:53:59;85;17;20;16;5;0;8;2;4;0;0
2020-05-20 09:54:58;85;17;20;16;5;0;8;2;4;0;0
2020-05-20 09:55:59;85;17;20;16;5;0;8;2;4;0;0
2020-05-20 09:56:59;85;17;20;16;5;0;8;2;4;0;0
2020-05-20 09:57:58;85;17;20;16;5;0;8;2;4;0;0
2020-05-20 09:58:59;85;17;20;16;5;0;8;2;4;0;0
2020-05-20 09:59:59;86;18;20;16;5;0;8;2;4;0;0
2020-05-20 10:00:59;86;18;20;16;5;0;8;2;4;0;0
2020-05-20 10:01:58;86;18;20;16;5;0;8;2;4;0;0
2020-05-20 10:02:59;87;18;21;16;5;0;8;2;4;0;0
2020-05-20 10:03:59;87;18;21;16;5;0;8;2;4;0;0
2020-05-20 10:04:58;87;18;21;16;5;0;8;2;4;0;0
2020-05-20 10:05:59;87;18;21;16;5;0;8;2;4;0;0
2020-05-20 10:06:59;87;18;21;16;5;0;8;2;4;0;0
2020-05-20 10:07:58;87;18;21;16;5;0;8;2;4;0;0
2020-05-20 10:08:59;88;18;21;16;5;0;8;2;4;0;0
2020-05-20 10:09:58;88;18;21;16;5;0;8;2;4;0;0
2020-05-20 10:10:59;88;18;21;16;5;0;8;2;4;0;0
2020-05-20 10:11:59;89;19;21;16;5;0;8;2;4;0;0
2020-05-20 10:12:59;90;19;22;16;5;0;8;2;4;0;0
2020-05-20 10:13:58;90;19;22;16;5;0;8;2;4;0;0
2020-05-20 10:14:59;90;19;22;16;5;0;8;2;4;0;0
2020-05-20 10:15:58;91;19;22;16;5;0;9;2;4;0;0
2020-05-20 10:16:59;91;19;22;16;5;0;9;2;4;0;0
2020-05-20 10:17:59;91;19;22;16;5;0;9;2;4;0;0
2020-05-20 10:18:59;91;19;22;16;5;0;9;2;4;0;0
2020-05-20 10:19:58;92;19;22;16;5;0;9;2;5;0;0
2020-05-20 10:20:59;92;19;22;16;5;0;9;2;5;0;0
2020-05-20 10:21:58;92;19;22;16;5;0;9;2;5;0;0
2020-05-20 10:22:59;92;19;22;16;5;0;9;2;5;0;0
2020-05-20 10:23:59;94;19;22;17;5;0;9;2;5;0;0
2020-05-20 10:24:58;94;19;22;17;5;0;9;2;5;0;0
2020-05-20 10:25:59;95;19;22;17;5;1;9;2;5;0;0
2020-05-20 10:26:58;95;19;22;17;5;1;9;2;5;0;0
2020-05-20 10:27:59;95;19;22;17;5;1;9;2;5;0;0
2020-05-20 10:28:59;95;19;22;17;5;1;9;2;5;0;0
2020-05-20 10:29:58;95;19;22;17;5;1;9;2;5;0;0
2020-05-20 10:30:59;95;19;22;17;5;1;9;2;5;0;0
2020-05-20 10:31:58;95;19;22;17;5;1;9;2;5;0;0
2020-05-20 10:32:59;95;19;22;17;5;1;9;2;5;0;0
2020-05-20 10:33:59;95;19;22;17;5;1;9;2;5;0;0
2020-05-20 10:34:58;95;19;22;17;5;1;9;2;5;0;0
2020-05-20 10:35:59;95;19;22;17;5;1;9;2;5;0;0
2020-05-20 10:36:59;95;19;22;17;5;1;9;2;5;0;0
2020-05-20 10:37:58;95;19;22;17;5;1;9;2;5;0;0
2020-05-20 10:38:59;96;19;22;18;5;1;9;2;5;0;0
2020-05-20 10:39:59;96;19;22;18;5;1;9;2;5;0;0
2020-05-20 10:40:58;96;19;22;18;5;1;9;2;5;0;0
2020-05-20 10:41:59;96;19;22;18;5;1;9;2;5;0;0
2020-05-20 10:42:59;96;19;22;18;5;1;9;2;5;0;0
2020-05-20 10:43:58;96;19;22;18;5;1;9;2;5;0;0
2020-05-20 10:44:59;96;19;22;18;5;1;9;2;5;0;0
2020-05-20 10:45:58;96;19;22;18;5;1;9;2;5;0;0
2020-05-20 10:46:59;96;19;22;18;5;1;9;2;5;0;0
2020-05-20 10:47:58;96;19;22;18;5;1;9;2;5;0;0
2020-05-20 10:48:59;96;19;22;18;5;1;9;2;5;0;0
2020-05-20 10:49:59;96;19;22;18;5;1;9;2;5;0;0
2020-05-20 10:50:59;96;19;22;18;5;1;9;2;5;0;0
2020-05-20 10:51:58;96;19;22;18;5;1;9;2;5;0;0
2020-05-20 10:52:59;96;19;22;18;5;1;9;2;5;0;0
2020-05-20 10:53:59;96;19;22;18;5;1;9;2;5;0;0
2020-05-20 10:54:58;96;19;22;18;5;1;9;2;5;0;0
2020-05-20 10:55:59;96;19;22;18;5;1;9;2;5;0;0
2020-05-20 10:56:59;96;19;22;18;5;1;9;2;5;0;0
2020-05-20 10:57:58;99;20;23;18;5;1;9;2;5;0;0
2020-05-20 10:58:59;100;20;23;18;5;2;9;2;5;0;0
2020-05-20 10:59:59;100;20;23;18;5;2;9;2;5;0;0
2020-05-20 11:01:00;100;20;23;18;5;2;9;2;5;0;0
2020-05-20 11:01:58;100;20;23;18;5;2;9;2;5;0;0
2020-05-20 11:02:59;99;20;23;18;5;2;9;2;5;0;0
2020-05-20 11:03:59;99;20;23;18;5;2;9;2;5;0;0
2020-05-20 11:04:58;99;20;23;18;5;2;9;2;5;0;0
2020-05-20 11:05:59;100;19;24;18;5;2;9;2;5;0;0
2020-05-20 11:06:59;101;19;24;19;5;2;9;2;5;0;0
2020-05-20 11:07:58;101;19;24;19;5;2;9;2;5;0;0
2020-05-20 11:08:59;102;19;24;19;5;2;9;2;5;2;0
2020-05-20 11:09:59;102;19;24;19;5;2;9;2;5;3;0
2020-05-20 11:10:58;102;19;24;19;5;2;9;2;5;3;0
2020-05-20 11:11:59;102;19;24;19;5;2;9;2;5;3;0
2020-05-20 11:12:58;102;19;24;19;5;2;9;2;5;3;0
2020-05-20 11:13:59;102;19;24;19;5;2;9;2;5;3;0
2020-05-20 11:14:59;103;19;24;19;5;2;10;2;5;3;0
2020-05-20 11:15:58;104;19;25;19;5;2;10;2;5;3;0
2020-05-20 11:16:59;105;19;25;20;5;2;10;2;5;3;0
2020-05-20 11:17:58;105;19;25;20;5;2;10;2;5;3;0
2020-05-20 11:18:59;105;19;25;20;5;2;10;2;5;3;0
2020-05-20 11:19:59;105;19;25;20;5;2;10;2;5;3;0
2020-05-20 11:20:58;105;19;25;20;5;2;10;2;5;3;0
2020-05-20 11:21:59;106;19;26;20;5;2;10;2;5;3;0
2020-05-20 11:22:59;107;19;26;20;5;2;10;2;5;4;0
2020-05-20 11:23:58;107;19;26;20;5;2;10;2;5;4;0
2020-05-20 11:24:59;108;19;26;21;5;2;10;2;5;4;0
2020-05-20 11:25:59;108;19;26;21;5;2;10;2;5;4;0
2020-05-20 11:26:58;109;19;26;21;6;2;10;2;5;4;0
2020-05-20 11:27:59;109;19;26;21;6;2;10;2;5;4;0
2020-05-20 11:28:59;109;19;26;21;6;2;10;2;5;4;0
2020-05-20 11:29:58;109;19;26;21;6;2;10;2;5;4;0
2020-05-20 11:30:59;110;19;26;21;7;2;10;2;5;4;0
2020-05-20 11:31:59;110;19;26;21;7;2;10;2;5;4;0
2020-05-20 11:32:58;110;19;26;21;7;2;10;2;5;4;0
2020-05-20 11:33:59;110;19;26;21;7;2;10;2;5;4;0
2020-05-20 11:34:59;110;19;26;21;7;2;10;2;5;4;0
2020-05-20 11:35:59;110;19;26;21;7;2;10;2;5;4;0
2020-05-20 11:36:58;110;19;26;21;7;2;10;2;5;4;0
2020-05-20 11:37:59;110;19;26;21;7;2;10;2;5;4;0
2020-05-20 11:38:59;111;19;26;21;7;3;10;2;5;4;0
2020-05-20 11:39:58;111;19;26;21;7;3;10;2;5;4;0
2020-05-20 11:40:59;111;19;26;21;7;3;10;2;5;4;0
2020-05-20 11:41:59;112;19;26;21;8;3;10;2;5;4;0
2020-05-20 11:42:58;112;19;26;21;8;3;10;2;5;4;0
2020-05-20 11:43:59;112;19;26;21;8;3;10;2;5;4;0
2020-05-20 11:44:59;112;19;26;21;8;3;10;2;5;4;0
2020-05-20 11:45:58;112;19;26;21;8;3;10;2;5;4;0
2020-05-20 11:46:59;112;19;26;21;8;3;10;2;5;4;0
2020-05-20 11:47:59;112;19;26;21;8;3;10;2;5;4;0
2020-05-20 11:48:58;112;19;26;21;8;3;10;2;5;4;0
2020-05-20 11:49:59;112;19;26;21;8;3;10;2;5;4;0
2020-05-20 11:50:59;112;19;26;21;8;3;10;2;5;4;0
2020-05-20 11:51:58;113;19;27;21;8;3;10;2;5;4;0
2020-05-20 11:52:59;113;19;27;21;8;3;10;2;5;4;0
2020-05-20 11:53:59;114;19;27;21;8;4;10;2;5;4;0
2020-05-20 11:54:58;115;19;27;22;8;4;10;2;5;4;0
2020-05-20 11:55:59;115;19;27;22;8;4;10;2;5;4;0
2020-05-20 11:56:59;115;19;27;22;8;4;10;2;5;4;0
2020-05-20 11:57:58;115;19;27;22;8;4;10;2;5;4;0
2020-05-20 11:58:59;115;19;27;22;8;4;10;2;5;4;0
2020-05-20 11:59:59;115;19;27;22;8;4;10;2;5;4;0
2020-05-20 12:00:59;116;19;27;22;8;4;11;2;5;4;0
2020-05-20 12:01:58;116;19;27;22;8;4;11;2;5;4;0
2020-05-20 12:02:59;116;19;27;22;8;4;11;2;5;4;0
2020-05-20 12:03:59;116;19;27;22;8;4;11;2;5;4;0
2020-05-20 12:04:58;116;19;27;22;8;4;11;2;5;4;0
2020-05-20 12:05:59;117;19;27;23;8;4;11;2;5;4;0
2020-05-20 12:06:59;117;19;27;23;8;4;11;2;5;4;0
2020-05-20 12:07:58;117;19;27;23;8;4;11;2;5;4;0
2020-05-20 12:08:59;117;19;27;23;8;4;11;2;5;4;0
2020-05-20 12:09:59;117;19;27;23;8;4;11;2;5;4;0
2020-05-20 12:10:58;117;19;27;23;8;4;11;2;5;4;0
2020-05-20 12:11:59;117;19;27;23;8;4;11;2;5;4;0
2020-05-20 12:12:59;117;19;27;23;8;4;11;2;5;4;0
2020-05-20 12:13:59;117;19;27;23;8;4;11;2;5;4;0
2020-05-20 12:14:58;117;19;27;23;8;4;11;2;5;4;0
2020-05-20 12:15:59;117;19;27;23;8;4;11;2;5;4;0
2020-05-20 12:16:58;117;19;27;23;8;4;11;2;5;4;0
2020-05-20 12:17:59;118;19;27;24;8;4;11;2;5;4;0
2020-05-20 12:18:59;118;19;27;24;8;4;11;2;5;4;0
2020-05-20 12:19:58;118;19;27;24;8;4;11;2;5;4;0
2020-05-20 12:20:59;118;19;27;24;8;4;11;2;5;4;0
2020-05-20 12:21:59;118;19;26;25;8;4;11;2;5;4;0
2020-05-20 12:22:59;118;19;26;25;8;4;11;2;5;4;0
2020-05-20 12:23:58;118;19;26;25;8;4;11;2;5;4;0
2020-05-20 12:24:59;118;19;26;25;8;4;11;2;5;4;0
2020-05-20 12:25:59;119;19;26;25;8;4;11;2;5;4;0
2020-05-20 12:26:58;119;19;26;25;8;4;11;2;5;4;0
2020-05-20 12:27:59;120;19;26;26;8;4;11;2;5;4;0
2020-05-20 12:28:59;120;19;26;26;8;4;11;2;5;4;0
2020-05-20 12:29:58;120;19;26;26;8;4;11;2;5;4;0
2020-05-20 12:30:59;120;19;26;26;8;4;11;2;5;4;0
2020-05-20 12:31:59;120;19;26;26;8;4;11;2;5;4;0
2020-05-20 12:32:58;120;19;26;26;8;4;11;2;5;4;0
2020-05-20 12:33:59;120;19;26;26;8;4;11;2;5;4;0
2020-05-20 12:34:59;121;19;26;26;8;4;11;2;6;4;0
2020-05-20 12:35:58;121;19;26;26;8;4;11;2;6;4;0
2020-05-20 12:36:59;121;19;26;26;8;4;11;2;6;4;0
2020-05-20 12:37:59;121;19;26;26;8;4;11;2;6;4;0
2020-05-20 12:38:58;121;19;26;26;8;4;11;2;6;4;0
2020-05-20 12:39:59;121;19;26;26;8;4;11;2;6;4;0
2020-05-20 12:40:59;121;19;26;26;8;4;11;2;6;4;0
2020-05-20 12:41:58;121;19;26;26;8;4;11;2;6;4;0
2020-05-20 12:42:59;121;19;26;26;8;4;11;2;6;4;0
2020-05-20 12:43:59;122;19;26;27;8;4;11;2;6;4;0
2020-05-20 12:44:59;123;19;27;27;8;4;11;2;6;4;0
2020-05-20 12:45:58;123;19;27;27;8;4;11;2;6;4;0
2020-05-20 12:46:59;123;19;27;27;8;4;11;2;6;4;0
2020-05-20 12:47:59;123;19;27;27;8;4;11;2;6;4;0
2020-05-20 12:48:58;123;19;27;27;8;4;11;2;6;4;0
2020-05-20 12:49:59;123;19;27;27;8;4;11;2;6;4;0
2020-05-20 12:50:58;124;19;27;27;8;4;11;2;6;4;0
2020-05-20 12:51:59;124;19;27;27;8;4;11;2;6;4;0
2020-05-20 12:52:59;124;19;27;27;8;4;11;2;6;4;0
2020-05-20 12:53:59;124;19;27;27;8;4;11;2;6;4;0
2020-05-20 12:54:58;124;19;27;27;8;4;11;2;6;4;0
2020-05-20 12:55:59;125;19;28;27;8;4;11;2;6;4;0
2020-05-20 12:56:59;125;19;28;27;8;4;11;2;6;4;0
2020-05-20 12:57:58;125;19;28;27;8;4;11;2;6;4;0
2020-05-20 12:58:59;125;19;28;27;8;4;11;2;6;4;0
2020-05-20 12:59:59;125;19;28;27;8;4;11;2;6;4;0
2020-05-20 13:00:58;125;19;28;27;8;4;11;2;6;4;0
2020-05-20 13:01:59;125;19;28;27;8;4;11;2;6;4;0
2020-05-20 13:02:59;125;19;28;27;8;4;11;2;6;4;0
2020-05-20 13:03:58;126;19;28;27;8;5;11;2;6;4;0
2020-05-20 13:04:59;126;19;28;27;8;5;11;2;6;4;0
2020-05-20 13:05:59;126;19;28;27;8;5;11;2;6;4;0
2020-05-20 13:06:58;126;19;28;27;8;5;11;2;6;4;0
2020-05-20 13:07:59;126;19;28;27;8;5;11;2;6;4;0
2020-05-20 13:08:59;126;19;28;27;8;5;11;2;6;4;0
2020-05-20 13:09:58;126;19;28;27;8;5;11;2;6;4;0
2020-05-20 13:10:59;126;19;28;27;8;5;11;2;6;4;0
2020-05-20 13:11:59;127;19;28;28;8;5;11;2;6;4;0
2020-05-20 13:12:58;127;19;28;28;8;5;11;2;6;4;0
2020-05-20 13:13:59;127;19;28;28;8;5;11;2;6;4;0
2020-05-20 13:14:59;127;19;28;28;8;5;11;2;6;4;0
2020-05-20 13:16:00;127;19;28;28;8;5;11;2;6;4;0
2020-05-20 13:16:58;127;19;28;28;8;5;11;2;6;4;0
2020-05-20 13:17:59;128;19;29;28;8;5;11;2;6;4;0
2020-05-20 13:18:58;128;19;29;28;8;5;11;2;6;4;0
2020-05-20 13:19:59;128;19;29;28;8;5;11;2;6;4;0
2020-05-20 13:20:59;128;19;29;28;8;5;11;2;6;4;0
2020-05-20 13:21:58;128;19;29;28;8;5;11;2;6;4;0
2020-05-20 13:22:59;128;19;29;28;8;5;11;2;6;4;0
2020-05-20 13:23:59;128;19;29;28;8;5;11;2;6;4;0
2020-05-20 13:24:59;128;19;29;28;8;5;11;2;6;4;0
2020-05-20 13:25:58;128;19;29;28;8;5;11;2;6;4;0
2020-05-20 13:26:59;128;19;29;28;8;5;11;2;6;4;0
2020-05-20 13:27:59;128;19;29;28;8;5;11;2;6;4;0
2020-05-20 13:28:58;128;19;29;28;8;5;11;2;6;4;0
2020-05-20 13:29:59;128;19;29;28;8;5;11;2;6;4;0
2020-05-20 13:30:59;128;19;29;28;8;5;11;2;6;4;0
2020-05-20 13:31:58;128;19;29;28;8;5;11;2;6;4;0
2020-05-20 13:32:59;128;19;29;28;8;5;11;2;6;4;0
2020-05-20 13:33:59;129;19;29;28;8;5;12;2;6;4;0
2020-05-20 13:34:58;129;19;29;28;8;5;12;2;6;4;0
2020-05-20 13:35:59;129;19;29;28;8;5;12;2;6;4;0
2020-05-20 13:36:59;129;19;29;28;8;5;12;2;6;4;0
2020-05-20 13:37:58;129;19;29;28;8;5;12;2;6;4;0
2020-05-20 13:38:59;129;19;29;28;8;5;12;2;6;4;0
2020-05-20 13:39:59;129;19;29;28;8;5;12;2;6;4;0
2020-05-20 13:40:59;129;19;29;28;8;5;12;2;6;4;0
2020-05-20 13:41:58;130;20;29;28;8;5;12;2;6;4;0
2020-05-20 13:42:59;130;20;29;28;8;5;12;2;6;4;0
2020-05-20 13:43:59;130;20;29;28;8;5;12;2;6;4;0
2020-05-20 13:44:58;131;20;29;29;8;5;12;2;6;4;0
2020-05-20 13:45:59;131;20;29;29;8;5;12;2;6;4;0
2020-05-20 13:46:59;131;20;29;29;8;5;12;2;6;4;0
2020-05-20 13:47:59;131;20;29;29;8;5;12;2;6;4;0
2020-05-20 13:48:58;131;20;29;29;8;5;12;2;6;4;0
2020-05-20 13:49:59;131;20;29;29;8;5;12;2;6;4;0
2020-05-20 13:50:58;131;20;29;29;8;5;12;2;6;4;0
2020-05-20 13:51:59;131;20;29;29;8;5;12;2;6;4;0
2020-05-20 13:52:59;131;20;29;29;8;5;12;2;6;4;0
2020-05-20 13:53:59;131;20;29;29;8;5;12;2;6;4;0
2020-05-20 13:54:58;131;20;29;29;8;5;12;2;6;4;0
2020-05-20 13:55:59;131;20;29;29;8;5;12;2;6;4;0
2020-05-20 13:56:58;131;20;29;29;8;5;12;2;6;4;0
2020-05-20 13:57:59;131;20;29;29;8;5;12;2;6;4;0
2020-05-20 13:58:59;131;20;29;29;8;5;12;2;6;4;0
2020-05-20 13:59:58;131;20;29;29;8;5;12;2;6;4;0
2020-05-20 14:00:59;131;20;29;29;8;5;12;2;6;4;0
2020-05-20 14:01:59;131;20;29;29;8;5;12;2;6;4;0
2020-05-20 14:02:58;131;20;29;29;8;5;12;2;6;4;0
2020-05-20 14:03:59;131;20;29;29;8;5;12;2;6;4;0
2020-05-20 14:04:59;131;20;29;29;8;5;12;2;6;4;0
2020-05-20 14:05:58;131;20;29;29;8;5;12;2;6;4;0
2020-05-20 14:06:59;132;20;30;29;8;5;12;2;6;4;0
2020-05-20 14:07:59;133;20;30;29;8;5;12;2;6;4;0
2020-05-20 14:08:58;133;20;30;29;8;5;12;2;6;4;0
2020-05-20 14:09:59;133;20;30;29;8;5;12;2;6;4;0
2020-05-20 14:10:59;133;20;30;29;8;5;12;2;6;4;0
2020-05-20 14:11:58;133;20;30;29;8;5;12;2;6;4;0
2020-05-20 14:12:59;133;20;30;29;8;5;12;2;6;4;0
2020-05-20 14:13:59;133;20;30;29;8;5;12;2;6;4;0
2020-05-20 14:14:58;133;20;30;29;8;5;12;2;6;4;0
2020-05-20 14:15:59;134;20;30;30;8;5;12;2;6;4;0
2020-05-20 14:16:59;135;20;30;30;8;5;13;2;6;4;0
2020-05-20 14:17:59;135;20;30;30;8;5;13;2;6;4;0
2020-05-20 14:18:58;136;20;30;31;8;5;13;2;6;4;0
2020-05-20 14:19:59;136;20;30;31;8;5;13;2;6;4;0
2020-05-20 14:20:59;136;20;30;31;8;5;13;2;6;4;0
2020-05-20 14:21:58;136;20;30;31;8;5;13;2;6;4;0
2020-05-20 14:22:59;136;20;30;31;8;5;13;2;6;4;0
2020-05-20 14:23:58;137;20;30;31;8;5;13;3;6;4;0
2020-05-20 14:25:00;138;20;30;31;8;5;13;3;6;5;0
2020-05-20 14:25:58;138;20;30;31;8;5;13;3;6;5;0
2020-05-20 14:26:59;138;20;30;31;8;5;13;3;6;5;0
2020-05-20 14:27:59;138;20;30;31;8;5;13;3;6;5;0
2020-05-20 14:28:58;138;20;30;31;8;5;13;3;6;5;0
2020-05-20 14:29:59;138;20;31;31;7;5;13;3;6;5;0
2020-05-20 14:30:59;138;20;31;31;7;5;13;3;6;5;0
2020-05-20 14:31:58;138;20;31;31;7;5;13;3;6;5;0
2020-05-20 14:32:59;138;20;31;31;7;5;13;3;6;5;0
2020-05-20 14:33:58;138;20;31;31;7;5;13;3;6;5;0
2020-05-20 14:34:59;138;20;31;31;7;5;13;3;6;5;0
2020-05-20 14:35:59;138;20;31;31;7;5;13;3;6;5;0
2020-05-20 14:36:59;138;20;31;31;7;5;13;3;6;5;0
2020-05-20 14:37:58;138;20;31;31;7;5;13;3;6;5;0
2020-05-20 14:38:59;138;20;31;31;7;5;13;3;6;5;0
2020-05-20 14:39:58;138;20;31;31;7;5;13;3;6;5;0
2020-05-20 14:40:59;138;20;31;31;7;5;13;3;6;5;0
2020-05-20 14:41:59;138;20;31;31;7;5;13;3;6;5;0
2020-05-20 14:42:58;138;20;31;31;7;5;13;3;6;5;0
2020-05-20 14:43:59;139;21;31;31;7;5;13;3;6;5;0
2020-05-20 14:44:59;139;21;31;31;7;5;13;3;6;5;0
2020-05-20 14:45:58;139;21;31;31;7;5;13;3;6;5;0
2020-05-20 14:46:59;140;21;32;31;7;5;13;3;6;5;0
2020-05-20 14:47:59;140;21;32;31;7;5;13;3;6;5;0
2020-05-20 14:48:58;140;21;32;31;7;5;13;3;6;5;0
2020-05-20 14:49:59;140;21;32;31;7;5;13;3;6;5;0
2020-05-20 14:50:58;140;21;32;31;7;5;13;3;6;5;0
2020-05-20 14:51:59;141;22;32;31;7;5;13;3;6;5;0
2020-05-20 14:52:59;141;22;32;31;7;5;13;3;6;5;0
2020-05-20 14:53:59;141;22;32;31;7;5;13;3;6;5;0
2020-05-20 14:54:58;141;22;32;31;7;5;13;3;6;5;0
2020-05-20 14:55:59;141;22;32;31;7;5;13;3;6;5;0
2020-05-20 14:56:59;141;22;32;31;7;5;13;3;6;5;0
2020-05-20 14:57:58;141;22;32;31;7;5;13;3;6;5;0
2020-05-20 14:58:59;141;22;32;31;7;5;13;3;6;5;0
2020-05-20 14:59:59;142;23;32;31;7;5;13;3;6;5;0
2020-05-20 15:00:58;142;23;32;31;7;5;13;3;6;5;0
2020-05-20 15:01:59;143;23;32;31;8;5;13;3;6;5;0
2020-05-20 15:02:59;143;23;32;31;8;5;13;3;6;5;0
2020-05-20 15:03:58;144;24;32;31;8;5;13;3;6;5;0
2020-05-20 15:04:59;144;24;32;31;8;5;13;3;6;5;0
2020-05-20 15:06:00;144;24;32;31;8;5;13;3;6;5;0
2020-05-20 15:06:58;144;24;32;31;8;5;13;3;6;5;0
2020-05-20 15:07:59;144;24;32;31;8;5;13;3;6;5;0
2020-05-20 15:08:58;144;24;32;31;8;5;13;3;6;5;0
2020-05-20 15:09:59;144;24;32;31;8;5;13;3;6;5;0
2020-05-20 15:10:58;144;24;32;31;8;5;13;3;6;5;0
2020-05-20 15:11:59;144;24;32;31;8;5;13;3;6;5;0
2020-05-20 15:12:59;144;24;32;31;8;5;13;3;6;5;0
2020-05-20 15:13:59;144;24;31;32;8;5;13;3;6;5;0
2020-05-20 15:14:58;144;24;31;32;8;5;13;3;6;5;0
2020-05-20 15:15:59;144;24;31;32;8;5;13;3;6;5;0
2020-05-20 15:16:59;144;24;31;32;8;5;13;3;6;5;0
2020-05-20 15:17:58;144;24;31;32;8;5;13;3;6;5;0
2020-05-20 15:18:59;145;24;31;32;9;5;13;3;6;5;0
2020-05-20 15:19:59;145;24;31;32;9;5;13;3;6;5;0
2020-05-20 15:20:58;145;24;31;32;9;5;13;3;6;5;0
2020-05-20 15:21:59;145;24;31;32;9;5;13;3;6;5;0
2020-05-20 15:22:59;145;24;31;32;9;5;13;3;6;5;0
2020-05-20 15:23:58;145;24;31;32;9;5;13;3;6;5;0
2020-05-20 15:24:59;145;24;31;32;9;5;13;3;6;5;0
2020-05-20 15:25:59;145;24;31;32;9;5;13;3;6;5;0
2020-05-20 15:26:58;145;24;31;32;9;5;13;3;6;5;0
2020-05-20 15:27:59;145;24;31;32;9;5;13;3;6;5;0
2020-05-20 15:28:59;145;24;31;32;9;5;13;3;6;5;0
2020-05-20 15:29:58;145;24;31;32;9;5;13;3;6;5;0
2020-05-20 15:30:59;145;24;31;32;9;5;13;3;6;5;0
2020-05-20 15:31:58;146;24;31;32;10;5;13;3;6;5;0
2020-05-20 15:32:59;146;24;31;32;10;5;13;3;6;5;0
2020-05-20 15:33:59;146;24;31;32;10;5;13;3;6;5;0
2020-05-20 15:34:58;146;24;31;32;10;5;13;3;6;5;0
2020-05-20 15:35:59;146;24;31;32;10;5;13;3;6;5;0
2020-05-20 15:36:59;147;24;31;32;11;5;13;3;6;5;0
2020-05-20 15:37:58;148;24;32;32;11;5;13;3;6;5;0
2020-05-20 15:38:59;148;24;32;32;11;5;13;3;6;5;0
2020-05-20 15:39:59;148;24;32;32;11;5;13;3;6;5;0
2020-05-20 15:40:58;148;24;32;32;11;5;13;3;6;5;0
2020-05-20 15:41:59;148;24;32;32;11;5;13;3;6;5;0
2020-05-20 15:42:59;148;24;32;32;11;5;13;3;6;5;0
2020-05-20 15:43:58;148;24;32;32;11;5;13;3;6;5;0
2020-05-20 15:44:59;149;24;32;33;11;5;13;3;6;5;0
2020-05-20 15:45:59;149;24;32;33;11;5;13;3;6;5;0
2020-05-20 15:46:58;149;24;32;33;11;5;13;3;6;5;0
2020-05-20 15:47:59;149;24;32;33;11;5;13;3;6;5;0
2020-05-20 15:48:59;149;24;32;33;11;5;13;3;6;5;0
2020-05-20 15:49:58;149;24;32;33;11;5;13;3;6;5;0
2020-05-20 15:50:59;150;24;32;34;11;5;13;3;6;5;0
2020-05-20 15:51:58;150;24;32;34;11;5;13;3;6;5;0
2020-05-20 15:52:59;150;24;32;34;11;5;13;3;6;5;0
2020-05-20 15:53:59;150;24;32;34;11;5;13;3;6;5;0
2020-05-20 15:54:58;150;24;32;34;11;5;13;3;6;5;0
2020-05-20 15:55:59;150;24;32;34;11;5;13;3;6;5;0
2020-05-20 15:56:59;150;24;32;34;11;5;13;3;6;5;0
2020-05-20 15:57:58;150;24;32;34;11;5;13;3;6;5;0
2020-05-20 15:58:59;150;24;32;34;11;5;13;3;6;5;0
2020-05-20 15:59:58;150;24;32;34;11;5;13;3;6;5;0
2020-05-20 16:00:59;150;24;32;34;11;5;13;3;6;5;0
2020-05-20 16:01:59;151;24;32;34;12;5;13;3;6;5;0
2020-05-20 16:02:58;152;24;33;34;12;5;13;3;6;5;0
2020-05-20 16:03:59;152;24;33;34;12;5;13;3;6;5;0
2020-05-20 16:04:59;152;24;33;34;12;5;13;3;6;5;0
2020-05-20 16:05:58;153;24;33;34;12;5;13;3;6;5;0
2020-05-20 16:06:59;153;24;33;34;12;5;13;3;6;5;0
2020-05-20 16:07:59;153;24;33;34;12;5;13;3;6;5;0
2020-05-20 16:08:58;154;25;33;34;12;5;13;3;6;5;0
2020-05-20 16:09:59;154;25;33;34;12;5;13;3;6;5;0
2020-05-20 16:10:59;154;25;33;34;12;5;13;3;6;5;0
2020-05-20 16:11:58;155;25;34;34;12;5;13;3;6;5;0
2020-05-20 16:12:59;155;25;34;34;12;5;13;3;6;5;0
2020-05-20 16:13:59;155;25;34;34;12;5;13;3;6;5;0
2020-05-20 16:14:58;156;26;34;34;12;5;13;3;6;5;0
2020-05-20 16:15:59;157;26;35;34;12;5;13;3;6;5;0
2020-05-20 16:16:59;159;27;35;34;13;5;13;3;6;5;0
2020-05-20 16:17:58;159;27;35;34;13;5;13;3;6;5;0
2020-05-20 16:18:59;160;27;36;34;13;5;13;3;6;5;0
2020-05-20 16:19:59;160;27;36;34;13;5;13;3;6;5;0
2020-05-20 16:20:58;160;27;36;34;13;5;13;3;6;5;0
2020-05-20 16:21:59;160;27;36;34;13;5;13;3;6;5;0
2020-05-20 16:22:59;160;27;36;34;13;5;13;3;6;5;0
2020-05-20 16:23:58;161;28;36;34;13;5;13;3;6;5;0
2020-05-20 16:24:59;161;28;36;34;13;5;13;3;6;5;0
2020-05-20 16:25:59;161;28;36;34;13;5;13;3;6;5;0
2020-05-20 16:26:58;161;28;36;34;13;5;13;3;6;5;0
2020-05-20 16:27:59;162;28;37;34;13;5;13;3;6;5;0
2020-05-20 16:28:59;162;28;37;34;13;5;13;3;6;5;0
2020-05-20 16:29:58;162;28;37;34;13;5;13;3;6;5;0
2020-05-20 16:30:59;162;28;37;34;13;5;13;3;6;5;0
2020-05-20 16:31:59;162;28;37;34;13;5;13;3;6;5;0
2020-05-20 16:32:59;162;28;37;34;13;5;13;3;6;5;0
2020-05-20 16:33:58;162;28;37;34;13;5;13;3;6;5;0
2020-05-20 16:34:59;162;28;37;34;13;5;13;3;6;5;0
2020-05-20 16:35:59;162;28;37;34;13;5;13;3;6;5;0
2020-05-20 16:37:00;162;28;37;34;13;5;13;3;6;5;0
2020-05-20 16:37:58;162;28;37;34;13;5;13;3;6;5;0
2020-05-20 16:38:59;162;28;37;34;13;5;13;3;6;5;0
2020-05-20 16:40:00;162;28;37;34;13;5;13;3;6;5;0
2020-05-20 16:40:58;163;29;37;34;13;5;13;3;6;5;0
2020-05-20 16:41:59;163;29;37;34;13;5;13;3;6;5;0
2020-05-20 16:42:59;164;30;37;34;13;5;13;3;6;5;0
2020-05-20 16:43:59;164;30;37;34;13;5;13;3;6;5;0
2020-05-20 16:44:58;165;30;37;35;13;5;13;3;6;5;0
2020-05-20 16:45:59;165;30;37;35;13;5;13;3;6;5;0
2020-05-20 16:46:59;165;30;37;35;13;5;13;3;6;5;0
2020-05-20 16:47:59;166;30;37;36;13;5;13;3;6;5;0
2020-05-20 16:48:58;166;30;37;36;13;5;13;3;6;5;0
2020-05-20 16:49:59;167;30;37;36;13;5;13;3;6;5;0
2020-05-20 16:50:59;168;30;38;36;13;5;13;3;6;5;0
2020-05-20 16:51:58;168;30;38;36;13;5;13;3;6;5;0
2020-05-20 16:52:59;168;30;38;36;13;5;13;3;6;5;0
2020-05-20 16:53:59;168;30;38;36;13;5;13;3;6;5;0
2020-05-20 16:54:58;168;30;38;36;13;5;13;3;6;5;0
2020-05-20 16:55:59;168;30;38;36;13;5;13;3;6;5;0
2020-05-20 16:56:59;169;30;39;36;13;5;13;3;6;5;0
2020-05-20 16:57:58;169;30;39;36;13;5;13;3;6;5;0
2020-05-20 16:58:59;169;30;39;36;13;5;13;3;6;5;0
2020-05-20 16:59:59;169;30;39;36;13;5;13;3;6;5;0
2020-05-20 17:00:58;169;30;39;36;13;5;13;3;6;5;0
2020-05-20 17:01:59;170;30;40;37;13;5;13;3;6;4;0
2020-05-20 17:02:59;170;30;40;37;13;5;13;3;6;4;0
2020-05-20 17:03:59;171;30;40;37;14;5;13;3;6;4;0
2020-05-20 17:04:58;171;30;40;37;14;5;13;3;6;4;0
2020-05-20 17:05:59;172;30;41;37;14;5;13;3;6;4;0
2020-05-20 17:06:59;172;30;41;37;14;5;13;3;6;4;0
2020-05-20 17:07:58;172;30;41;37;14;5;13;3;6;4;0
2020-05-20 17:08:59;172;30;41;37;14;5;13;3;6;4;0
2020-05-20 17:09:59;172;30;41;37;14;5;13;3;6;4;0
2020-05-20 17:10:58;172;30;41;37;14;5;13;3;6;4;0
2020-05-20 17:11:59;172;30;41;37;14;5;13;3;6;4;0
2020-05-20 17:12:58;172;30;41;37;14;5;13;3;6;4;0
2020-05-20 17:13:59;172;30;41;37;14;5;13;3;6;4;0
2020-05-20 17:14:59;173;30;41;38;14;5;13;3;6;4;0
2020-05-20 17:15:59;173;30;41;38;14;5;13;3;6;4;0
2020-05-20 17:16:58;173;30;41;38;14;5;13;3;6;4;0
2020-05-20 17:17:59;173;30;41;38;14;5;13;3;6;4;0
2020-05-20 17:18:59;173;30;41;38;14;5;13;3;6;4;0
2020-05-20 17:19:58;173;30;41;38;14;5;13;3;6;4;0
2020-05-20 17:20:59;174;30;41;38;15;5;13;3;6;4;0
2020-05-20 17:21:59;174;30;41;38;15;5;13;3;6;4;0
2020-05-20 17:22:58;174;30;41;38;15;5;13;3;6;4;0
2020-05-20 17:23:59;174;30;41;38;15;5;13;3;6;4;0
2020-05-20 17:24:59;174;30;41;38;15;5;13;3;6;4;0
2020-05-20 17:25:58;174;30;41;38;15;5;13;3;6;4;0
2020-05-20 17:26:59;174;30;41;38;15;5;13;3;6;4;0
2020-05-20 17:27:58;174;30;41;38;15;5;13;3;6;4;0
2020-05-20 17:28:59;174;30;41;38;15;5;13;3;6;4;0
2020-05-20 17:29:59;174;30;41;38;15;5;13;3;6;4;0
2020-05-20 17:30:58;175;31;41;38;15;5;13;3;6;4;0
2020-05-20 17:31:59;176;31;41;39;15;5;13;3;6;4;0
2020-05-20 17:32:59;177;32;41;39;15;5;13;3;6;4;0
2020-05-20 17:33:58;178;33;41;39;15;5;13;3;6;4;0
2020-05-20 17:34:59;179;34;41;39;15;5;13;3;6;4;0
2020-05-20 17:35:59;183;34;43;39;16;5;13;3;6;4;0
2020-05-20 17:36:58;184;34;43;39;16;5;13;4;6;4;0
2020-05-20 17:37:59;185;34;44;39;16;5;13;4;6;4;0
2020-05-20 17:38:59;185;34;44;39;16;5;13;4;6;4;0
2020-05-20 17:39:58;185;34;44;39;16;5;13;4;6;4;0
2020-05-20 17:40:59;185;34;44;39;16;5;13;4;6;4;0
2020-05-20 17:41:59;185;34;44;39;16;5;13;4;6;4;0
2020-05-20 17:42:59;185;34;44;39;16;5;13;4;6;4;0
2020-05-20 17:43:58;185;34;44;39;16;5;13;4;6;4;0
2020-05-20 17:44:59;186;35;44;39;16;5;13;4;6;4;0
2020-05-20 17:45:59;186;35;44;39;16;5;13;4;6;4;0
2020-05-20 17:46:59;187;36;44;39;16;5;13;4;6;4;0
2020-05-20 17:47:58;187;36;44;39;16;5;13;4;6;4;0
2020-05-20 17:48:59;187;36;44;39;16;5;13;4;6;4;0
2020-05-20 17:49:59;187;36;44;39;16;5;13;4;6;4;0
2020-05-20 17:50:58;188;37;44;39;16;5;13;4;6;4;0
2020-05-20 17:51:59;188;37;44;39;16;5;13;4;6;4;0
2020-05-20 17:52:59;188;37;44;39;16;5;13;4;6;4;0
2020-05-20 17:53:58;188;37;44;39;16;5;13;4;6;4;0
2020-05-20 17:54:59;188;37;44;39;16;5;13;4;6;4;0
2020-05-20 17:55:59;189;38;44;39;16;5;13;4;6;4;0
2020-05-20 17:56:58;189;38;44;39;16;5;13;4;6;4;0
2020-05-20 17:57:59;189;38;44;39;16;5;13;4;6;4;0
2020-05-20 17:58:59;189;38;44;39;16;5;13;4;6;4;0
2020-05-20 18:00:00;190;38;44;40;16;5;13;4;6;4;0
2020-05-20 18:00:58;190;38;44;40;16;5;13;4;6;4;0
2020-05-20 18:01:59;191;38;44;40;16;6;13;4;6;4;0
2020-05-20 18:02:59;192;38;44;40;16;6;13;4;6;5;0
2020-05-20 18:03:58;192;38;44;40;16;6;13;4;6;5;0
2020-05-20 18:04:59;192;38;44;40;16;6;13;4;6;5;0
2020-05-20 18:05:58;192;38;44;40;16;6;13;4;6;5;0
2020-05-20 18:06:59;192;38;44;40;16;6;13;4;6;5;0
2020-05-20 18:07:59;192;38;44;40;16;6;13;4;6;5;0
2020-05-20 18:08:58;192;38;44;40;16;6;13;4;6;5;0
2020-05-20 18:09:59;192;38;44;40;16;6;13;4;6;5;0
2020-05-20 18:10:59;192;38;44;40;16;6;13;4;6;5;0
2020-05-20 18:12:00;192;38;44;40;16;6;13;4;6;5;0
2020-05-20 18:12:58;192;38;44;40;16;6;13;4;6;5;0
2020-05-20 18:13:59;192;38;44;40;16;6;13;4;6;5;0
2020-05-20 18:14:59;193;38;44;40;16;7;13;4;6;5;0
2020-05-20 18:15:58;194;39;44;40;16;7;13;4;6;5;0
2020-05-20 18:16:59;194;39;44;40;16;7;13;4;6;5;0
2020-05-20 18:17:59;194;39;44;40;16;7;13;4;6;5;0
2020-05-20 18:18:58;195;39;44;40;17;7;13;4;6;5;0
2020-05-20 18:19:59;195;39;44;40;17;7;13;4;6;5;0
2020-05-20 18:20:59;195;39;44;40;17;7;13;4;6;5;0
2020-05-20 18:21:58;196;40;44;40;17;7;13;4;6;5;0
2020-05-20 18:22:59;196;40;44;40;17;7;13;4;6;5;0
2020-05-20 18:23:59;196;40;44;40;17;7;13;4;6;5;0
2020-05-20 18:24:58;196;40;44;40;17;7;13;4;6;5;0
2020-05-20 18:25:59;196;40;44;40;17;7;13;4;6;5;0
2020-05-20 18:26:58;197;40;45;40;17;7;13;4;6;5;0
2020-05-20 18:27:59;197;40;45;40;17;7;13;4;6;5;0
2020-05-20 18:28:59;197;40;45;40;17;7;13;4;6;5;0
2020-05-20 18:29:58;198;41;45;40;17;7;13;4;6;5;0
2020-05-20 18:30:59;198;41;45;40;17;7;13;4;6;5;0
2020-05-20 18:31:59;198;41;45;40;17;7;13;4;6;5;0
2020-05-20 18:32:58;198;41;45;40;17;7;13;4;6;5;0
2020-05-20 18:33:59;198;41;45;40;17;7;13;4;6;5;0
2020-05-20 18:34:58;198;41;45;40;17;7;13;4;6;5;0
2020-05-20 18:35:59;199;42;45;40;17;7;13;4;6;5;0
2020-05-20 18:36:59;200;42;45;40;17;7;14;4;6;5;0
2020-05-20 18:37:58;200;42;45;40;17;7;14;4;6;5;0
2020-05-20 18:38:59;201;42;46;40;17;7;14;4;6;5;0
2020-05-20 18:39:59;202;42;46;40;17;8;14;4;6;5;0
2020-05-20 18:40:58;202;42;46;40;17;8;14;4;6;5;0
2020-05-20 18:41:59;203;42;46;40;18;8;14;4;6;5;0
2020-05-20 18:42:59;203;42;46;40;18;8;14;4;6;5;0
2020-05-20 18:43:58;203;42;46;40;18;8;14;4;6;5;0
2020-05-20 18:44:59;204;43;46;40;18;8;14;4;6;5;0
2020-05-20 18:45:59;204;43;46;40;18;8;14;4;6;5;0
2020-05-20 18:46:58;205;43;46;40;18;9;14;4;6;5;0
2020-05-20 18:47:59;208;43;46;40;18;9;14;4;9;5;0
2020-05-20 18:48:58;208;43;46;40;18;9;14;4;9;5;0
2020-05-20 18:49:59;209;43;46;40;18;10;14;4;9;5;0
2020-05-20 18:50:58;209;43;46;40;18;10;14;4;9;5;0
2020-05-20 18:51:59;210;43;46;40;18;10;14;4;9;5;0
2020-05-20 18:52:58;210;43;46;40;18;10;14;4;9;5;0
2020-05-20 18:53:59;210;43;46;40;18;10;14;4;9;5;0
2020-05-20 18:54:59;210;43;46;40;18;10;14;4;9;5;0
2020-05-20 18:55:59;210;43;46;40;18;10;14;4;9;5;0
2020-05-20 18:56:58;211;44;46;40;18;10;14;4;9;5;0
2020-05-20 18:57:59;211;44;46;40;18;10;14;4;9;5;0
2020-05-20 18:58:59;213;45;47;40;18;10;14;4;9;5;0
2020-05-20 18:59:58;213;45;47;40;18;10;14;4;9;5;0
2020-05-20 19:00:59;213;45;47;40;18;10;14;4;9;5;0
2020-05-20 19:01:59;213;46;47;39;18;10;14;4;9;5;0
2020-05-20 19:02:59;214;46;47;39;18;10;14;4;9;5;0
2020-05-20 19:03:58;215;47;47;39;18;10;14;4;9;5;0
2020-05-20 19:04:59;215;48;47;39;18;10;14;4;9;5;0
2020-05-20 19:05:58;215;48;47;39;18;10;14;4;9;5;0
2020-05-20 19:06:59;215;48;47;39;18;10;14;4;9;5;0
2020-05-20 19:07:59;215;48;47;39;18;10;14;4;9;5;0
2020-05-20 19:08:58;216;48;47;39;18;11;14;4;9;5;0
2020-05-20 19:09:59;217;51;47;39;18;11;13;4;8;5;0
2020-05-20 19:10:59;217;51;47;39;18;11;13;4;8;5;0
2020-05-20 19:11:58;217;51;47;39;18;11;13;4;8;5;0
2020-05-20 19:12:59;218;52;47;39;18;11;13;4;8;5;0
2020-05-20 19:13:59;218;52;47;39;18;11;13;4;8;5;0
2020-05-20 19:14:58;218;52;47;39;18;11;13;4;8;5;0
2020-05-20 19:15:59;218;52;47;39;18;11;13;4;8;5;0
2020-05-20 19:16:59;218;52;47;39;18;11;13;4;8;5;0
2020-05-20 19:17:58;218;52;47;39;18;11;13;4;8;5;0
2020-05-20 19:18:59;218;52;47;39;18;11;13;4;8;5;0
2020-05-20 19:19:59;218;53;47;39;18;11;13;4;8;4;0
2020-05-20 19:20:58;217;53;47;38;18;11;13;4;8;4;0
2020-05-20 19:21:59;218;53;47;38;19;11;13;4;8;4;0
2020-05-20 19:22:58;218;53;47;38;19;11;13;4;8;4;0
2020-05-20 19:23:59;218;53;47;38;19;11;13;4;8;4;0
2020-05-20 19:24:59;218;53;47;38;19;11;13;4;8;4;0
2020-05-20 19:25:58;218;53;47;38;19;11;13;4;8;4;0
2020-05-20 19:26:59;219;53;48;38;19;11;13;4;8;4;0
2020-05-20 19:27:59;220;53;48;38;19;11;14;4;8;4;0
2020-05-20 19:28:58;220;53;48;38;19;11;14;4;8;4;0
2020-05-20 19:29:59;220;53;49;38;19;11;14;3;8;4;0
2020-05-20 19:30:59;220;53;49;38;19;11;14;3;8;4;0
2020-05-20 19:31:58;220;53;49;38;19;11;14;3;8;4;0
2020-05-20 19:32:59;220;53;49;38;19;11;14;3;8;4;0
2020-05-20 19:33:59;221;53;50;38;19;11;14;3;8;4;0
2020-05-20 19:34:58;221;53;50;38;19;11;14;3;8;4;0
2020-05-20 19:35:59;221;54;49;38;19;11;14;3;8;4;0
2020-05-20 19:36:59;221;54;49;38;19;11;14;3;8;4;0
2020-05-20 19:37:59;221;54;49;38;19;11;14;3;8;4;0
2020-05-20 19:38:58;222;54;49;38;19;11;14;4;8;4;0
2020-05-20 19:39:59;222;54;49;38;19;11;14;4;8;4;0
2020-05-20 19:40:59;224;56;49;38;19;11;14;4;8;4;0
2020-05-20 19:42:00;224;56;49;38;19;11;14;4;8;4;0
2020-05-20 19:42:58;224;56;49;38;19;11;14;4;8;4;0
2020-05-20 19:43:59;224;56;49;38;19;11;14;4;8;4;0
2020-05-20 19:45:00;225;56;49;39;19;11;14;4;8;4;0
2020-05-20 19:45:58;225;56;49;39;19;11;14;4;8;4;0
2020-05-20 19:46:59;226;57;49;39;19;11;14;4;8;4;0
2020-05-20 19:47:58;228;58;49;39;19;11;15;4;8;4;0
2020-05-20 19:48:59;228;58;49;39;19;11;15;4;8;4;0
2020-05-20 19:49:59;228;58;49;39;19;11;15;4;8;4;0
2020-05-20 19:50:58;228;58;49;39;19;11;15;4;8;4;0
2020-05-20 19:51:59;228;58;49;39;19;11;15;4;8;4;0
2020-05-20 19:52:59;229;58;49;39;19;11;15;5;8;4;0
2020-05-20 19:53:58;230;58;49;39;19;11;15;5;8;5;0
2020-05-20 19:54:59;231;58;49;39;19;11;15;5;8;5;0
2020-05-20 19:55:59;231;58;49;39;19;11;15;5;8;5;0
2020-05-20 19:56:58;231;58;49;39;19;11;15;5;8;5;0
2020-05-20 19:57:59;231;58;49;39;19;11;15;5;8;5;0
2020-05-20 19:58:59;231;58;49;39;19;11;15;5;8;5;0
2020-05-20 19:59:58;232;58;49;39;20;11;15;5;8;5;0
2020-05-20 20:00:59;232;58;49;39;20;11;15;5;8;5;0
2020-05-20 20:01:59;233;58;50;39;20;11;15;5;8;5;0
2020-05-20 20:02:58;233;58;50;39;20;11;15;5;8;5;0
2020-05-20 20:03:59;234;58;50;39;20;11;16;5;8;5;0
2020-05-20 20:04:59;234;58;50;39;20;11;16;5;8;5;0
2020-05-20 20:05:58;235;58;50;40;20;11;16;5;8;5;0
2020-05-20 20:06:59;236;60;50;40;20;11;16;5;7;5;0
2020-05-20 20:07:58;237;61;50;40;20;11;16;5;7;5;0
2020-05-20 20:08:59;237;61;50;40;20;11;16;5;7;5;0
2020-05-20 20:09:59;238;62;50;40;20;11;16;5;7;5;0
2020-05-20 20:10:58;238;62;50;40;20;11;16;5;7;5;0
2020-05-20 20:11:59;239;63;50;40;20;11;16;5;7;5;0
2020-05-20 20:12:59;240;64;50;40;20;11;16;5;7;5;0
2020-05-20 20:13:58;240;64;50;40;20;11;16;5;7;5;0
2020-05-20 20:14:59;240;64;50;40;20;11;16;5;7;5;0
2020-05-20 20:15:59;241;64;51;40;20;11;16;5;7;5;0
2020-05-20 20:16:58;241;64;51;40;20;11;16;5;7;5;0
2020-05-20 20:17:59;241;63;52;40;20;11;16;5;7;5;0
2020-05-20 20:18:59;242;64;52;40;20;11;16;5;7;5;0
2020-05-20 20:19:58;242;64;52;40;20;11;16;5;7;5;0
2020-05-20 20:20:59;242;64;52;40;20;11;16;5;7;5;0
2020-05-20 20:21:59;242;64;52;40;20;11;16;5;7;5;0
2020-05-20 20:22:58;242;64;52;40;20;11;16;5;7;5;0
2020-05-20 20:23:59;244;66;52;40;20;11;16;5;7;5;0
2020-05-20 20:24:58;244;66;52;40;20;11;16;5;7;5;0
2020-05-20 20:25:59;245;66;52;41;20;11;16;5;7;5;0
2020-05-20 20:26:59;245;66;52;41;20;11;16;5;7;5;0
2020-05-20 20:27:59;245;66;52;41;20;11;16;5;7;5;0
2020-05-20 20:28:58;245;66;52;41;20;11;16;5;7;5;0
2020-05-20 20:29:59;245;66;52;41;20;11;16;5;7;5;0
2020-05-20 20:30:59;246;66;52;41;20;11;16;5;7;5;0
2020-05-20 20:31:58;246;67;52;41;20;11;16;5;7;4;0
2020-05-20 20:32:59;247;67;53;41;20;11;16;5;7;4;0
2020-05-20 20:33:59;247;67;53;41;20;11;16;5;7;4;0
2020-05-20 20:34:58;247;67;53;41;20;11;16;5;7;4;0
2020-05-20 20:35:59;247;67;54;40;20;11;16;5;7;4;0
2020-05-20 20:36:59;248;68;54;40;20;11;16;5;7;4;0
2020-05-20 20:37:58;248;68;54;40;20;11;16;5;7;4;0
2020-05-20 20:38:59;248;68;54;40;20;11;16;5;7;4;0
2020-05-20 20:39:59;248;68;54;40;20;11;16;5;7;4;0
2020-05-20 20:41:00;249;68;54;41;20;11;16;5;7;4;0
2020-05-20 20:41:58;249;68;54;41;20;11;16;5;7;4;0
2020-05-20 20:42:59;249;68;54;41;20;11;16;5;7;4;0
2020-05-20 20:43:59;249;68;54;41;20;11;16;5;7;4;0
2020-05-20 20:44:58;249;68;54;41;20;11;16;5;7;4;0
2020-05-20 20:45:59;249;68;54;41;20;11;16;5;7;4;0
2020-05-20 20:46:59;250;68;55;41;20;11;16;5;7;4;0
2020-05-20 20:47:58;251;68;56;41;20;11;16;5;7;4;0
2020-05-20 20:48:59;252;68;56;41;20;11;16;5;7;4;0
2020-05-20 20:49:59;252;68;56;41;20;11;16;5;7;4;0
2020-05-20 20:50:58;252;68;56;41;20;11;16;5;7;4;0
2020-05-20 20:51:59;252;68;56;41;20;11;16;5;7;4;0
2020-05-20 20:52:59;252;68;56;41;20;11;16;5;7;4;0
2020-05-20 20:53:58;252;68;56;41;20;11;16;5;7;4;0
2020-05-20 20:54:59;252;68;56;41;20;11;16;5;7;4;0
2020-05-20 20:55:59;252;68;56;41;20;11;16;5;7;4;0
2020-05-20 20:56:59;254;68;57;42;20;11;16;5;7;4;0
2020-05-20 20:57:58;254;68;57;42;20;11;16;5;7;4;0
2020-05-20 20:58:59;255;68;57;42;20;11;16;5;7;4;0
2020-05-20 21:00:00;255;68;57;42;20;11;16;5;7;4;0
2020-05-20 21:00:58;255;69;56;42;20;11;16;5;7;4;0
2020-05-20 21:01:59;256;70;56;42;20;11;16;5;7;4;0
2020-05-20 21:02:58;256;70;56;42;20;11;16;5;7;4;0
2020-05-20 21:03:59;258;70;56;42;20;11;16;5;7;4;0
2020-05-20 21:04:59;258;71;55;42;20;11;16;5;7;4;0
2020-05-20 21:05:58;260;72;56;42;20;11;16;5;7;4;0
2020-05-20 21:06:59;260;72;56;42;20;11;16;5;7;4;0
2020-05-20 21:07:59;261;73;56;42;20;11;16;5;7;4;0
2020-05-20 21:08:58;261;73;56;42;20;11;16;5;7;4;0
2020-05-20 21:09:59;261;73;56;42;20;11;16;5;7;4;0
2020-05-20 21:10:59;261;73;56;42;20;11;16;5;7;4;0
2020-05-20 21:11:59;261;73;56;42;20;11;16;5;7;4;0
2020-05-20 21:12:58;261;73;56;42;20;11;16;5;7;4;0
2020-05-20 21:13:59;261;73;56;42;20;11;16;5;7;4;0
2020-05-20 21:14:59;261;73;56;42;20;11;16;5;7;4;0
2020-05-20 21:15:58;261;73;56;42;20;11;16;5;7;4;0
2020-05-20 21:16:59;261;73;56;42;20;11;16;5;7;4;0
2020-05-20 21:17:59;261;73;56;42;20;11;16;5;7;4;0
2020-05-20 21:18:58;261;73;56;42;20;11;16;5;7;4;0
2020-05-20 21:19:59;261;73;56;42;20;11;16;5;7;4;0
2020-05-20 21:20:59;261;73;56;42;20;11;16;5;7;4;0
2020-05-20 21:21:58;261;73;56;42;20;11;16;5;7;4;0
2020-05-20 21:22:59;262;73;56;42;21;11;16;5;7;4;0
2020-05-20 21:23:59;262;73;56;42;21;11;16;5;7;4;0
2020-05-20 21:24:58;262;73;56;42;21;11;16;5;7;4;0
2020-05-20 21:25:59;262;73;56;42;21;11;16;5;7;4;0
2020-05-20 21:26:59;262;73;56;42;21;11;16;5;7;4;0
2020-05-20 21:27:58;262;73;56;42;21;11;16;5;7;4;0
2020-05-20 21:28:59;262;73;56;42;21;11;16;5;7;4;0
2020-05-20 21:29:59;262;73;56;42;21;11;16;5;7;4;0
2020-05-20 21:30:58;262;73;56;42;21;11;16;5;7;4;0
2020-05-20 21:31:59;266;73;58;42;22;12;16;5;7;4;0
2020-05-20 21:32:59;266;73;58;42;22;12;16;5;7;4;0
2020-05-20 21:33:59;266;73;58;42;22;12;16;5;7;4;0
2020-05-20 21:34:58;266;73;58;42;22;12;16;5;7;4;0
2020-05-20 21:35:59;267;73;58;43;22;12;16;5;7;4;0
2020-05-20 21:36:58;267;73;58;43;22;12;16;5;7;4;0
2020-05-20 21:37:59;267;73;58;43;22;12;16;5;7;4;0
2020-05-20 21:38:59;267;73;58;43;22;12;16;5;7;4;0
2020-05-20 21:39:58;268;74;58;43;22;12;16;5;7;4;0
2020-05-20 21:40:59;268;74;58;43;22;12;16;5;7;4;0
2020-05-20 21:41:59;268;74;58;43;22;12;16;5;7;4;0
2020-05-20 21:42:58;267;73;58;43;22;12;16;5;7;4;0
2020-05-20 21:43:59;267;73;58;43;22;12;16;5;7;4;0
2020-05-20 21:44:59;268;73;59;43;22;12;16;5;7;4;0
2020-05-20 21:45:59;268;73;59;43;22;12;16;5;7;4;0
2020-05-20 21:46:58;268;73;59;43;22;12;16;5;7;4;0
2020-05-20 21:47:59;268;73;59;43;22;12;16;5;7;4;0
2020-05-20 21:48:59;268;73;59;43;22;12;16;5;7;4;0
2020-05-20 21:49:58;268;73;59;43;22;12;16;5;7;4;0
2020-05-20 21:50:59;268;73;59;43;22;12;16;5;7;4;0
2020-05-20 21:51:59;268;73;59;43;22;12;16;5;7;4;0
2020-05-20 21:52:59;270;73;59;43;22;12;17;5;7;4;0
2020-05-20 21:53:58;270;73;59;43;22;12;17;5;7;4;0
2020-05-20 21:54:59;270;73;59;43;22;12;17;5;7;4;0
2020-05-20 21:55:59;270;73;59;43;22;12;17;5;7;4;0
2020-05-20 21:56:59;271;73;60;43;22;12;17;5;7;4;0
2020-05-20 21:57:59;271;73;60;43;22;12;17;5;7;4;0
2020-05-20 21:58:58;271;73;60;43;22;12;17;5;7;4;0
2020-05-20 21:59:59;271;73;60;43;22;12;17;5;7;4;0
2020-05-20 22:00:59;271;73;60;43;22;12;17;5;7;4;0
2020-05-20 22:01:59;271;73;60;43;22;12;17;5;7;4;0
2020-05-20 22:02:58;271;73;60;43;22;12;17;5;7;4;0
2020-05-20 22:03:59;272;73;61;43;22;12;17;5;7;4;0
2020-05-20 22:04:59;272;73;61;43;22;12;17;5;7;4;0
2020-05-20 22:05:58;272;73;61;43;22;12;17;5;7;4;0
2020-05-20 22:06:59;272;73;61;43;22;12;17;5;7;4;0
2020-05-20 22:07:59;272;73;60;43;22;12;18;5;7;4;0
2020-05-20 22:08:58;272;74;60;42;22;12;18;5;7;4;0
2020-05-20 22:09:59;272;74;60;42;22;12;18;5;7;4;0
2020-05-20 22:10:59;272;74;60;42;22;12;18;5;7;4;0
2020-05-20 22:11:58;272;74;60;42;22;12;18;5;7;4;0
2020-05-20 22:12:59;274;74;60;43;22;13;18;5;7;4;0
2020-05-20 22:13:59;274;74;60;43;22;13;18;5;7;4;0
2020-05-20 22:14:58;274;74;60;43;22;13;18;5;7;4;0
2020-05-20 22:15:59;274;74;60;43;22;13;18;5;7;4;0
2020-05-20 22:17:00;274;74;60;43;22;13;18;5;7;4;0
2020-05-20 22:17:58;275;75;60;43;22;13;18;5;7;4;0
2020-05-20 22:18:59;276;75;60;43;22;13;18;5;7;4;0
2020-05-20 22:19:59;276;75;60;43;22;13;18;5;7;4;0
2020-05-20 22:20:58;276;75;60;43;22;13;18;5;7;4;0
2020-05-20 22:21:59;276;75;60;43;22;13;18;5;7;4;0
2020-05-20 22:22:59;277;76;60;43;22;13;18;5;7;4;0
2020-05-20 22:23:58;278;77;60;43;22;13;18;5;7;4;0
2020-05-20 22:24:59;278;77;60;43;22;13;18;5;7;4;0
2020-05-20 22:25:58;279;77;61;43;22;13;18;5;7;4;0
2020-05-20 22:26:59;279;77;61;43;22;13;18;5;7;4;0
2020-05-20 22:27:59;279;77;61;43;22;13;18;5;7;4;0
2020-05-20 22:28:58;278;78;61;42;22;13;17;5;7;4;0
2020-05-20 22:29:59;278;78;61;42;22;13;17;5;7;4;0
2020-05-20 22:30:59;279;79;61;42;22;13;17;5;7;4;0
2020-05-20 22:31:59;279;79;61;42;22;13;17;5;7;4;0
2020-05-20 22:32:58;280;80;61;42;22;13;17;5;7;4;0
2020-05-20 22:33:59;282;82;61;42;22;13;17;5;7;4;0
2020-05-20 22:34:59;282;82;61;42;22;13;17;5;7;4;0
2020-05-20 22:35:59;282;82;61;42;22;13;17;5;7;4;0
2020-05-20 22:36:58;281;82;61;42;22;13;16;5;7;4;0
2020-05-20 22:37:59;281;82;61;42;22;13;16;5;7;4;0
2020-05-20 22:38:59;283;82;63;42;22;13;16;5;7;4;0
2020-05-20 22:39:58;284;82;63;43;22;13;16;5;7;4;0
2020-05-20 22:40:59;284;82;63;43;22;13;16;5;7;4;0
2020-05-20 22:41:59;284;82;63;43;22;13;16;5;7;4;0
2020-05-20 22:42:59;284;82;63;43;22;13;16;5;7;4;0
2020-05-20 22:43:58;284;82;64;43;22;13;16;5;7;4;0
2020-05-20 22:44:59;284;82;64;43;22;13;16;5;7;4;0
2020-05-20 22:45:58;285;82;64;43;22;14;16;5;7;4;0
2020-05-20 22:46:59;285;82;64;43;22;14;16;5;7;4;0
2020-05-20 22:47:59;285;82;64;43;22;14;16;5;7;4;0
2020-05-20 22:48:58;285;82;64;43;22;14;16;5;7;4;0
2020-05-20 22:49:59;285;82;64;43;22;14;16;5;7;4;0
2020-05-20 22:50:59;285;82;64;43;22;14;16;5;7;4;0
2020-05-20 22:51:58;285;82;64;43;22;14;16;5;7;4;0
2020-05-20 22:52:59;285;82;64;43;22;14;16;5;7;4;0
2020-05-20 22:53:59;285;82;64;43;22;14;16;5;7;4;0
2020-05-20 22:54:59;285;82;64;43;22;14;16;5;7;4;0
2020-05-20 22:55:58;286;83;64;43;22;14;16;5;7;4;0
2020-05-20 22:56:59;286;83;64;43;22;14;16;5;7;4;0
2020-05-20 22:57:59;286;83;64;43;22;14;16;5;7;4;0
2020-05-20 22:58:58;287;83;64;43;23;14;16;5;7;4;0
2020-05-20 22:59:59;287;83;64;43;23;14;16;5;7;4;0
2020-05-20 23:00:59;287;83;64;43;23;14;16;5;7;4;0
2020-05-20 23:01:58;288;84;64;44;22;14;16;5;7;4;0
2020-05-20 23:02:59;289;84;64;45;22;14;16;5;7;4;0
2020-05-20 23:03:59;290;84;64;45;22;15;16;5;7;4;0
2020-05-20 23:04:58;291;84;64;45;22;15;16;5;7;4;0
2020-05-20 23:05:59;292;85;64;45;22;15;16;5;7;4;0
2020-05-20 23:06:59;292;85;64;45;22;15;16;5;7;4;0
2020-05-20 23:07:58;293;85;64;45;22;15;16;6;7;4;0
2020-05-20 23:08:59;293;85;64;45;22;15;16;6;7;4;0
2020-05-20 23:09:58;294;85;64;46;22;15;16;6;7;4;0
2020-05-20 23:10:59;294;85;64;46;22;15;16;6;7;4;0
2020-05-20 23:11:59;294;86;64;45;22;15;16;6;7;4;0
2020-05-20 23:12:58;294;86;64;45;22;15;16;6;7;4;0
2020-05-20 23:13:59;294;86;64;45;22;15;16;6;7;4;0
2020-05-20 23:14:59;294;86;64;45;22;15;16;6;7;4;0
2020-05-20 23:15:59;294;86;64;45;22;15;16;6;7;4;0
2020-05-20 23:16:58;294;86;64;45;22;15;16;6;7;4;0
2020-05-20 23:17:59;294;86;64;45;22;15;16;6;7;4;0
2020-05-20 23:18:59;294;86;64;45;22;15;16;6;7;4;0
2020-05-20 23:19:58;294;86;64;45;22;15;16;6;7;4;0
2020-05-20 23:20:59;295;87;64;45;22;15;16;6;7;4;0
2020-05-20 23:21:59;295;87;64;45;22;15;16;6;7;4;0
2020-05-20 23:22:58;295;87;64;45;22;15;16;6;7;4;0
2020-05-20 23:23:59;296;87;65;45;22;15;16;6;7;4;0
2020-05-20 23:24:59;296;87;65;45;22;15;16;6;7;4;0
2020-05-20 23:25:58;296;87;65;45;22;15;16;6;7;4;0
2020-05-20 23:26:59;296;87;65;45;22;15;16;6;7;4;0
2020-05-20 23:27:59;296;87;65;45;22;15;16;6;7;4;0
2020-05-20 23:28:58;297;87;65;45;22;15;16;7;7;4;0
2020-05-20 23:29:59;297;87;65;45;22;15;16;7;7;4;0
2020-05-20 23:30:59;297;87;65;45;22;15;16;7;7;4;0
2020-05-20 23:31:58;297;87;65;45;22;15;16;7;7;4;0
2020-05-20 23:32:59;297;87;65;45;22;15;16;7;7;4;0
2020-05-20 23:33:58;297;87;65;45;22;15;16;7;7;4;0
2020-05-20 23:34:59;297;87;65;45;22;15;16;7;7;4;0
2020-05-20 23:35:59;296;87;65;45;22;15;16;7;6;4;0
2020-05-20 23:36:59;297;87;65;46;22;15;16;7;6;4;0
2020-05-20 23:37:58;297;87;65;46;22;15;16;7;6;4;0
2020-05-20 23:38:59;297;87;65;46;22;15;16;7;6;4;0
2020-05-20 23:39:59;297;87;65;46;22;15;16;7;6;4;0
2020-05-20 23:40:58;297;87;65;46;22;15;16;7;6;4;0
2020-05-20 23:41:59;297;87;65;46;22;15;16;7;6;4;0
2020-05-20 23:42:59;297;87;65;46;22;15;16;7;6;4;0
2020-05-20 23:43:58;298;87;65;46;22;16;16;7;6;4;0
2020-05-20 23:44:59;298;87;65;46;22;16;16;7;6;4;0
2020-05-20 23:45:59;299;88;65;46;22;16;16;7;6;4;0
2020-05-20 23:46:58;299;88;65;46;22;16;16;7;6;4;0
2020-05-20 23:47:59;299;88;65;46;22;16;16;7;6;4;0
2020-05-20 23:48:59;299;88;65;46;22;16;16;7;6;4;0
2020-05-20 23:49:58;300;88;65;46;23;16;16;7;6;4;0
2020-05-20 23:50:59;300;88;65;46;22;16;16;7;6;4;3
2020-05-20 23:51:59;300;88;65;46;22;16;16;7;6;4;3
2020-05-20 23:52:58;300;88;65;46;22;16;16;7;6;4;3
2020-05-20 23:53:59;300;88;65;46;22;16;16;7;6;4;3
2020-05-20 23:55:00;300;88;65;46;22;16;16;7;6;4;3
2020-05-20 23:55:58;300;88;66;46;21;16;16;7;6;4;3
2020-05-20 23:56:59;300;88;66;46;21;16;16;7;6;4;3
2020-05-20 23:57:59;301;88;66;46;21;16;16;7;6;4;3
2020-05-20 23:58:58;301;88;66;46;21;16;16;7;6;4;3
2020-05-20 23:59:59;301;88;66;46;21;16;16;7;6;4;3
