datetime;total_votes;akuaku;telegraf;redslot;Есения;Kolbasevich;Daedra;kilogramm;vjik;BlackTulip;megaslowpoke
2020-06-10 00:00:59;0;0;0;0;0;0;0;0;0;0;0
2020-06-10 00:01:59;0;0;0;0;0;0;0;0;0;0;0
2020-06-10 00:02:58;0;0;0;0;0;0;0;0;0;0;0
2020-06-10 00:03:59;0;0;0;0;0;0;0;0;0;0;0
2020-06-10 00:04:58;2;0;1;0;0;0;0;0;0;0;0
2020-06-10 00:05:59;2;0;1;0;0;0;0;0;0;0;0
2020-06-10 00:06:58;2;0;1;0;0;0;0;0;0;0;0
2020-06-10 00:07:59;2;0;1;0;0;0;0;0;0;0;0
2020-06-10 00:08:58;2;0;1;0;0;0;0;0;0;0;0
2020-06-10 00:10:00;2;0;1;0;0;0;0;0;0;0;0
2020-06-10 00:10:58;4;0;2;0;0;0;0;0;0;0;0
2020-06-10 00:11:59;5;1;2;0;0;0;0;0;0;0;0
2020-06-10 00:12:59;5;1;2;0;0;0;0;0;0;0;0
2020-06-10 00:13:58;5;1;2;0;0;0;0;0;0;0;0
2020-06-10 00:14:59;6;1;2;0;0;0;0;0;0;1;0
2020-06-10 00:15:58;6;1;2;0;0;0;0;0;0;1;0
2020-06-10 00:16:59;6;1;2;0;0;0;0;0;0;1;0
2020-06-10 00:17:59;6;1;2;0;0;0;0;0;0;1;0
2020-06-10 00:18:58;6;1;2;0;0;0;0;0;0;1;0
2020-06-10 00:19:59;6;1;2;0;0;0;0;0;0;1;0
2020-06-10 00:20:59;6;1;2;0;0;0;0;0;0;1;0
2020-06-10 00:21:58;6;1;2;0;0;0;0;0;0;1;0
2020-06-10 00:22:59;8;2;2;0;0;0;0;0;0;1;0
2020-06-10 00:23:58;8;2;2;0;0;0;0;0;0;1;0
2020-06-10 00:24:59;9;3;2;0;0;0;0;0;0;1;0
2020-06-10 00:25:58;9;3;2;0;0;0;0;0;0;1;0
2020-06-10 00:26:59;9;3;2;0;0;0;0;0;0;1;0
2020-06-10 00:27:59;9;3;2;0;0;0;0;0;0;1;0
2020-06-10 00:28:58;9;3;2;0;0;0;0;0;0;1;0
2020-06-10 00:29:59;10;3;3;0;0;0;0;0;0;1;0
2020-06-10 00:30:58;12;3;5;0;0;0;0;0;0;1;0
2020-06-10 00:31:59;12;3;5;0;0;0;0;0;0;1;0
2020-06-10 00:32:58;12;3;5;0;0;0;0;0;0;1;0
2020-06-10 00:33:59;12;3;5;0;0;0;0;0;0;1;0
2020-06-10 00:34:59;12;3;5;0;0;0;0;0;0;1;0
2020-06-10 00:35:58;12;3;5;0;0;0;0;0;0;1;0
2020-06-10 00:36:59;12;3;5;0;0;0;0;0;0;1;0
2020-06-10 00:37:58;13;4;5;0;0;0;0;0;0;1;0
2020-06-10 00:39:00;13;4;5;0;0;0;0;0;0;1;0
2020-06-10 00:39:58;14;5;5;0;0;0;0;0;0;1;0
2020-06-10 00:40:59;14;5;5;0;0;0;0;0;0;1;0
2020-06-10 00:41:59;14;6;5;0;0;0;0;0;0;1;0
2020-06-10 00:42:58;14;6;5;0;0;0;0;0;0;1;0
2020-06-10 00:43:59;14;6;5;0;0;0;0;0;0;1;0
2020-06-10 00:44:58;14;6;5;0;0;0;0;0;0;1;0
2020-06-10 00:45:59;16;7;5;0;0;0;0;0;0;1;0
2020-06-10 00:46:58;16;7;5;0;0;0;0;0;0;1;0
2020-06-10 00:47:59;17;7;5;1;0;0;0;0;0;1;0
2020-06-10 00:48:58;17;7;5;1;0;0;0;0;0;1;0
2020-06-10 00:49:59;17;7;5;1;0;0;0;0;0;1;0
2020-06-10 00:50:59;17;7;5;1;0;0;0;0;0;1;0
2020-06-10 00:51:58;17;7;5;1;0;0;0;0;0;1;0
2020-06-10 00:52:59;18;8;5;1;0;0;0;0;0;1;0
2020-06-10 00:53:58;18;8;5;1;0;0;0;0;0;1;0
2020-06-10 00:54:59;18;8;5;1;0;0;0;0;0;1;0
2020-06-10 00:55:58;18;8;5;1;0;0;0;0;0;1;0
2020-06-10 00:56:59;18;8;5;1;0;0;0;0;0;1;0
2020-06-10 00:57:59;18;8;5;1;0;0;0;0;0;1;0
2020-06-10 00:58:58;18;8;5;1;0;0;0;0;0;1;0
2020-06-10 00:59:59;18;8;5;1;0;0;0;0;0;1;0
2020-06-10 01:00:58;18;8;5;1;0;0;0;0;0;1;0
2020-06-10 01:01:59;18;8;5;1;0;0;0;0;0;1;0
2020-06-10 01:02:59;18;8;5;1;0;0;0;0;0;1;0
2020-06-10 01:03:58;19;8;6;1;0;0;0;0;0;1;0
2020-06-10 01:04:59;20;8;6;2;0;0;0;0;0;1;0
2020-06-10 01:05:58;20;8;6;2;0;0;0;0;0;1;0
2020-06-10 01:06:59;21;8;7;2;0;0;0;0;0;1;0
2020-06-10 01:07:58;22;8;8;2;0;0;0;0;0;1;0
2020-06-10 01:08:59;22;8;8;2;0;0;0;0;0;1;0
2020-06-10 01:09:58;22;8;8;2;0;0;0;0;0;1;0
2020-06-10 01:10:59;22;8;8;2;0;0;0;0;0;1;0
2020-06-10 01:11:58;22;8;8;2;0;0;0;0;0;1;0
2020-06-10 01:13:00;23;8;8;2;0;0;0;1;0;1;0
2020-06-10 01:13:58;23;8;8;2;0;0;0;1;0;1;0
2020-06-10 01:14:59;23;8;8;2;0;0;0;1;0;1;0
2020-06-10 01:15:58;23;8;8;2;0;0;0;1;0;1;0
2020-06-10 01:16:59;24;9;8;2;0;0;0;1;0;1;0
2020-06-10 01:17:58;24;9;8;2;0;0;0;1;0;1;0
2020-06-10 01:18:59;24;9;8;2;0;0;0;1;0;1;0
2020-06-10 01:19:59;25;9;8;2;0;0;0;1;0;1;0
2020-06-10 01:20:58;26;9;8;3;0;0;0;1;0;1;0
2020-06-10 01:21:59;26;9;8;3;0;0;0;1;0;1;0
2020-06-10 01:22:58;26;9;8;3;0;0;0;1;0;1;0
2020-06-10 01:23:59;26;9;8;3;0;0;0;1;0;1;0
2020-06-10 01:24:58;26;9;8;3;0;0;0;1;0;1;0
2020-06-10 01:25:59;26;9;8;3;0;0;0;1;0;1;0
2020-06-10 01:26:59;26;9;8;3;0;0;0;1;0;1;0
2020-06-10 01:27:58;27;9;8;3;0;0;0;1;0;2;0
2020-06-10 01:28:59;27;9;8;3;0;0;0;1;0;2;0
2020-06-10 01:29:58;27;9;8;3;0;0;0;1;0;2;0
2020-06-10 01:30:59;27;9;8;3;0;0;0;1;0;2;0
2020-06-10 01:31:58;28;9;8;3;0;0;0;1;0;2;0
2020-06-10 01:32:59;28;9;8;3;0;0;0;1;0;2;0
2020-06-10 01:33:58;28;9;8;3;0;0;0;1;0;2;0
2020-06-10 01:34:59;28;9;8;3;0;0;0;1;0;2;0
2020-06-10 01:35:58;28;9;8;3;0;0;0;1;0;2;0
2020-06-10 01:36:59;28;9;8;3;0;0;0;1;0;2;0
2020-06-10 01:37:59;28;9;8;3;0;0;0;1;0;2;0
2020-06-10 01:38:58;28;9;8;3;0;0;0;1;0;2;0
2020-06-10 01:39:59;28;9;8;3;0;0;0;1;0;2;0
2020-06-10 01:40:59;28;9;8;3;0;0;0;1;0;2;0
2020-06-10 01:41:58;28;9;8;3;0;0;0;1;0;2;0
2020-06-10 01:42:59;28;9;8;3;0;0;0;1;0;2;0
2020-06-10 01:43:58;28;9;8;3;0;0;0;1;0;2;0
2020-06-10 01:44:59;28;9;8;3;0;0;0;1;0;2;0
2020-06-10 01:45:58;29;9;9;3;0;0;0;1;0;2;0
2020-06-10 01:46:59;29;9;9;3;0;0;0;1;0;2;0
2020-06-10 01:47:59;29;9;9;3;0;0;0;1;0;2;0
2020-06-10 01:48:58;29;9;9;3;0;0;0;1;0;2;0
2020-06-10 01:49:59;29;9;9;3;0;0;0;1;0;2;0
2020-06-10 01:50:59;29;9;9;3;0;0;0;1;0;2;0
2020-06-10 01:51:58;29;9;9;3;0;0;0;1;0;2;0
2020-06-10 01:52:59;29;9;9;3;0;0;0;1;0;2;0
2020-06-10 01:53:58;29;9;9;3;0;0;0;1;0;2;0
2020-06-10 01:54:59;29;9;9;3;0;0;0;1;0;2;0
2020-06-10 01:55:59;29;9;9;3;0;0;0;1;0;2;0
2020-06-10 01:56:58;29;9;9;3;0;0;0;1;0;2;0
2020-06-10 01:57:59;29;9;9;3;0;0;0;1;0;2;0
2020-06-10 01:58:59;29;9;9;3;0;0;0;1;0;2;0
2020-06-10 01:59:58;29;9;9;3;0;0;0;1;0;2;0
2020-06-10 02:00:59;29;9;9;3;0;0;0;1;0;2;0
2020-06-10 02:01:58;30;9;9;4;0;0;0;1;0;2;0
2020-06-10 02:02:59;30;9;9;4;0;0;0;1;0;2;0
2020-06-10 02:03:58;30;9;9;4;0;0;0;1;0;2;0
2020-06-10 02:04:59;30;9;9;4;0;0;0;1;0;2;0
2020-06-10 02:05:59;30;9;9;4;0;0;0;1;0;2;0
2020-06-10 02:06:58;30;9;9;4;0;0;0;1;0;2;0
2020-06-10 02:07:59;30;9;9;4;0;0;0;1;0;2;0
2020-06-10 02:08:59;30;9;9;4;0;0;0;1;0;2;0
2020-06-10 02:09:58;30;9;9;4;0;0;0;1;0;2;0
2020-06-10 02:10:59;30;9;9;4;0;0;0;1;0;2;0
2020-06-10 02:11:59;30;9;9;4;0;0;0;1;0;2;0
2020-06-10 02:12:58;30;9;9;4;0;0;0;1;0;2;0
2020-06-10 02:13:59;30;9;9;4;0;0;0;1;0;2;0
2020-06-10 02:14:58;30;9;9;4;0;0;0;1;0;2;0
2020-06-10 02:15:59;30;9;9;4;0;0;0;1;0;2;0
2020-06-10 02:16:59;31;9;9;4;0;0;1;1;0;2;0
2020-06-10 02:17:58;31;9;9;4;0;0;1;1;0;2;0
2020-06-10 02:18:59;31;9;9;4;0;0;1;1;0;2;0
2020-06-10 02:19:58;32;10;9;4;0;0;1;1;0;2;0
2020-06-10 02:20:59;32;10;9;4;0;0;1;1;0;2;0
2020-06-10 02:21:58;32;10;9;4;0;0;1;1;0;2;0
2020-06-10 02:22:59;32;10;9;4;0;0;1;1;0;2;0
2020-06-10 02:23:58;33;10;10;4;0;0;1;1;0;2;0
2020-06-10 02:24:59;34;11;10;4;0;0;1;1;0;2;0
2020-06-10 02:25:59;34;11;10;4;0;0;1;1;0;2;0
2020-06-10 02:26:58;34;11;10;4;0;0;1;1;0;2;0
2020-06-10 02:27:59;34;11;10;4;0;0;1;1;0;2;0
2020-06-10 02:28:58;34;11;10;4;0;0;1;1;0;2;0
2020-06-10 02:30:00;34;11;10;4;0;0;1;1;0;2;0
2020-06-10 02:30:58;34;11;10;4;0;0;1;1;0;2;0
2020-06-10 02:31:59;34;11;10;4;0;0;1;1;0;2;0
2020-06-10 02:32:59;34;11;10;4;0;0;1;1;0;2;0
2020-06-10 02:33:58;34;11;10;4;0;0;1;1;0;2;0
2020-06-10 02:34:59;34;11;10;4;0;0;1;1;0;2;0
2020-06-10 02:35:59;34;11;10;4;0;0;1;1;0;2;0
2020-06-10 02:36:58;34;11;10;4;0;0;1;1;0;2;0
2020-06-10 02:37:59;34;11;10;4;0;0;1;1;0;2;0
2020-06-10 02:38:58;34;11;10;4;0;0;1;1;0;2;0
2020-06-10 02:39:59;34;11;10;4;0;0;1;1;0;2;0
2020-06-10 02:40:58;34;11;10;4;0;0;1;1;0;2;0
2020-06-10 02:41:59;34;11;10;4;0;0;1;1;0;2;0
2020-06-10 02:42:58;34;11;10;4;0;0;1;1;0;2;0
2020-06-10 02:43:59;34;11;10;4;0;0;1;1;0;2;0
2020-06-10 02:44:58;34;11;10;4;0;0;1;1;0;2;0
2020-06-10 02:45:59;34;11;10;4;0;0;1;1;0;2;0
2020-06-10 02:46:58;34;11;10;4;0;0;1;1;0;2;0
2020-06-10 02:47:59;34;11;10;4;0;0;1;1;0;2;0
2020-06-10 02:48:59;34;11;10;4;0;0;1;1;0;2;0
2020-06-10 02:49:58;34;11;10;4;0;0;1;1;0;2;0
2020-06-10 02:50:59;35;12;10;4;0;0;1;1;0;2;0
2020-06-10 02:51:59;35;12;10;4;0;0;1;1;0;2;0
2020-06-10 02:52:58;35;12;10;4;0;0;1;1;0;2;0
2020-06-10 02:53:59;35;12;10;4;0;0;1;1;0;2;0
2020-06-10 02:54:58;35;12;10;4;0;0;1;1;0;2;0
2020-06-10 02:55:59;35;12;10;4;0;0;1;1;0;2;0
2020-06-10 02:56:59;35;12;10;4;0;0;1;1;0;2;0
2020-06-10 02:57:58;35;12;10;4;0;0;1;1;0;2;0
2020-06-10 02:58:59;35;12;10;4;0;0;1;1;0;2;0
2020-06-10 02:59:59;35;12;10;4;0;0;1;1;0;2;0
2020-06-10 03:00:58;35;12;10;4;0;0;1;1;0;2;0
2020-06-10 03:01:59;35;12;10;4;0;0;1;1;0;2;0
2020-06-10 03:02:58;35;12;10;4;0;0;1;1;0;2;0
2020-06-10 03:03:59;35;12;10;4;0;0;1;1;0;2;0
2020-06-10 03:04:59;35;12;10;4;0;0;1;1;0;2;0
2020-06-10 03:05:58;35;12;10;4;0;0;1;1;0;2;0
2020-06-10 03:06:59;35;12;10;4;0;0;1;1;0;2;0
2020-06-10 03:07:59;35;12;10;4;0;0;1;1;0;2;0
2020-06-10 03:08:58;35;12;10;4;0;0;1;1;0;2;0
2020-06-10 03:09:59;35;12;10;4;0;0;1;1;0;2;0
2020-06-10 03:10:58;35;12;10;4;0;0;1;1;0;2;0
2020-06-10 03:11:59;35;12;10;4;0;0;1;1;0;2;0
2020-06-10 03:12:58;35;12;10;4;0;0;1;1;0;2;0
2020-06-10 03:13:59;35;12;10;4;0;0;1;1;0;2;0
2020-06-10 03:14:58;35;12;10;4;0;0;1;1;0;2;0
2020-06-10 03:15:59;35;12;10;4;0;0;1;1;0;2;0
2020-06-10 03:16:58;35;12;10;4;0;0;1;1;0;2;0
2020-06-10 03:18:00;35;12;10;4;0;0;1;1;0;2;0
2020-06-10 03:18:58;35;12;10;4;0;0;1;1;0;2;0
2020-06-10 03:19:59;35;12;10;4;0;0;1;1;0;2;0
2020-06-10 03:20:59;35;12;10;4;0;0;1;1;0;2;0
2020-06-10 03:21:58;35;12;10;4;0;0;1;1;0;2;0
2020-06-10 03:22:59;35;12;10;4;0;0;1;1;0;2;0
2020-06-10 03:23:58;35;12;10;4;0;0;1;1;0;2;0
2020-06-10 03:24:59;35;12;10;4;0;0;1;1;0;2;0
2020-06-10 03:25:59;35;12;10;4;0;0;1;1;0;2;0
2020-06-10 03:26:58;35;12;10;4;0;0;1;1;0;2;0
2020-06-10 03:27:59;35;12;10;4;0;0;1;1;0;2;0
2020-06-10 03:28:59;35;12;10;4;0;0;1;1;0;2;0
2020-06-10 03:29:58;35;12;10;4;0;0;1;1;0;2;0
2020-06-10 03:30:59;35;12;10;4;0;0;1;1;0;2;0
2020-06-10 03:31:59;35;12;10;4;0;0;1;1;0;2;0
2020-06-10 03:32:58;35;12;10;4;0;0;1;1;0;2;0
2020-06-10 03:33:59;35;12;10;4;0;0;1;1;0;2;0
2020-06-10 03:34:58;35;12;10;4;0;0;1;1;0;2;0
2020-06-10 03:35:59;35;12;10;4;0;0;1;1;0;2;0
2020-06-10 03:36:59;35;12;10;4;0;0;1;1;0;2;0
2020-06-10 03:37:58;35;12;10;4;0;0;1;1;0;2;0
2020-06-10 03:38:59;35;12;10;4;0;0;1;1;0;2;0
2020-06-10 03:39:58;35;12;10;4;0;0;1;1;0;2;0
2020-06-10 03:40:59;35;12;10;4;0;0;1;1;0;2;0
2020-06-10 03:41:58;35;12;10;4;0;0;1;1;0;2;0
2020-06-10 03:42:59;35;12;10;4;0;0;1;1;0;2;0
2020-06-10 03:43:59;35;12;10;4;0;0;1;1;0;2;0
2020-06-10 03:44:58;35;12;10;4;0;0;1;1;0;2;0
2020-06-10 03:45:59;35;12;10;4;0;0;1;1;0;2;0
2020-06-10 03:46:59;35;12;10;4;0;0;1;1;0;2;0
2020-06-10 03:47:58;35;12;10;4;0;0;1;1;0;2;0
2020-06-10 03:48:59;35;12;10;4;0;0;1;1;0;2;0
2020-06-10 03:49:58;35;12;10;4;0;0;1;1;0;2;0
2020-06-10 03:50:59;35;12;10;4;0;0;1;1;0;2;0
2020-06-10 03:51:58;35;12;10;4;0;0;1;1;0;2;0
2020-06-10 03:52:59;35;12;10;4;0;0;1;1;0;2;0
2020-06-10 03:53:59;36;12;10;4;1;0;1;1;0;2;0
2020-06-10 03:54:58;36;12;10;4;1;0;1;1;0;2;0
2020-06-10 03:55:59;36;12;10;4;1;0;1;1;0;2;0
2020-06-10 03:56:58;36;12;10;4;1;0;1;1;0;2;0
2020-06-10 03:57:59;36;12;10;4;1;0;1;1;0;2;0
2020-06-10 03:58:59;36;12;10;4;1;0;1;1;0;2;0
2020-06-10 03:59:58;36;12;10;4;1;0;1;1;0;2;0
2020-06-10 04:00:59;36;12;10;4;1;0;1;1;0;2;0
2020-06-10 04:01:59;36;12;10;4;1;0;1;1;0;2;0
2020-06-10 04:02:58;36;12;10;4;1;0;1;1;0;2;0
2020-06-10 04:03:59;36;12;10;4;1;0;1;1;0;2;0
2020-06-10 04:04:59;36;12;10;4;1;0;1;1;0;2;0
2020-06-10 04:05:58;36;12;10;4;1;0;1;1;0;2;0
2020-06-10 04:06:59;36;12;10;4;1;0;1;1;0;2;0
2020-06-10 04:07:59;36;12;10;4;1;0;1;1;0;2;0
2020-06-10 04:08:58;36;12;10;4;1;0;1;1;0;2;0
2020-06-10 04:09:59;36;12;10;4;1;0;1;1;0;2;0
2020-06-10 04:10:59;36;12;10;4;1;0;1;1;0;2;0
2020-06-10 04:11:58;36;12;10;4;1;0;1;1;0;2;0
2020-06-10 04:12:59;36;12;10;4;1;0;1;1;0;2;0
2020-06-10 04:13:59;36;12;10;4;1;0;1;1;0;2;0
2020-06-10 04:14:58;36;12;10;4;1;0;1;1;0;2;0
2020-06-10 04:15:59;36;12;10;4;1;0;1;1;0;2;0
2020-06-10 04:16:59;36;12;10;4;1;0;1;1;0;2;0
2020-06-10 04:17:58;36;12;10;4;1;0;1;1;0;2;0
2020-06-10 04:18:59;36;12;10;4;1;0;1;1;0;2;0
2020-06-10 04:19:59;36;12;10;4;1;0;1;1;0;2;0
2020-06-10 04:20:58;36;12;10;4;1;0;1;1;0;2;0
2020-06-10 04:21:59;37;12;10;4;1;0;2;1;0;2;0
2020-06-10 04:22:58;37;12;10;4;1;0;2;1;0;2;0
2020-06-10 04:23:59;37;12;10;4;1;0;2;1;0;2;0
2020-06-10 04:24:58;37;12;10;4;1;0;2;1;0;2;0
2020-06-10 04:25:59;37;12;10;4;1;0;2;1;0;2;0
2020-06-10 04:27:00;37;12;10;4;1;0;2;1;0;2;0
2020-06-10 04:27:58;37;12;10;4;1;0;2;1;0;2;0
2020-06-10 04:28:59;37;12;10;4;1;0;2;1;0;2;0
2020-06-10 04:29:59;37;12;10;4;1;0;2;1;0;2;0
2020-06-10 04:30:58;37;12;10;4;1;0;2;1;0;2;0
2020-06-10 04:31:59;39;12;10;4;2;0;2;1;0;2;0
2020-06-10 04:32:59;39;12;10;4;2;0;2;1;0;2;0
2020-06-10 04:33:58;39;12;10;4;2;0;2;1;0;2;0
2020-06-10 04:34:59;39;12;10;4;2;0;2;1;0;2;0
2020-06-10 04:35:58;39;12;10;4;2;0;2;1;0;2;0
2020-06-10 04:36:59;39;12;10;4;2;0;2;1;0;2;0
2020-06-10 04:37:59;40;13;10;4;2;0;2;1;0;2;0
2020-06-10 04:38:58;40;13;10;4;2;0;2;1;0;2;0
2020-06-10 04:39:59;40;13;10;4;2;0;2;1;0;2;0
2020-06-10 04:40:58;40;13;10;4;2;0;2;1;0;2;0
2020-06-10 04:41:59;40;13;10;4;2;0;2;1;0;2;0
2020-06-10 04:42:58;40;13;10;4;2;0;2;1;0;2;0
2020-06-10 04:43:59;40;13;10;4;2;0;2;1;0;2;0
2020-06-10 04:44:58;40;13;10;4;2;0;2;1;0;2;0
2020-06-10 04:45:59;40;13;10;4;2;0;2;1;0;2;0
2020-06-10 04:46:58;40;13;10;4;2;0;2;1;0;2;0
2020-06-10 04:47:59;40;13;10;4;2;0;2;1;0;2;0
2020-06-10 04:48:58;40;13;10;4;2;0;2;1;0;2;0
2020-06-10 04:49:59;40;13;10;4;2;0;2;1;0;2;0
2020-06-10 04:50:58;40;13;10;4;2;0;2;1;0;2;0
2020-06-10 04:51:59;40;13;10;4;2;0;2;1;0;2;0
2020-06-10 04:52:59;40;13;10;4;2;0;2;1;0;2;0
2020-06-10 04:53:58;40;13;10;4;2;0;2;1;0;2;0
2020-06-10 04:54:59;40;13;10;4;2;0;2;1;0;2;0
2020-06-10 04:55:59;41;13;10;4;2;0;2;1;0;2;0
2020-06-10 04:56:58;41;13;10;4;2;0;2;1;0;2;0
2020-06-10 04:57:59;41;13;10;4;2;0;2;1;0;2;0
2020-06-10 04:58:59;41;13;10;4;2;0;2;1;0;2;0
2020-06-10 04:59:58;41;13;10;4;2;0;2;1;0;2;0
2020-06-10 05:00:59;41;13;10;4;2;0;2;1;0;2;0
2020-06-10 05:01:58;42;14;10;4;2;0;2;1;0;2;0
2020-06-10 05:02:59;42;14;10;4;2;0;2;1;0;2;0
2020-06-10 05:03:59;42;14;10;4;2;0;2;1;0;2;0
2020-06-10 05:04:58;42;14;10;4;2;0;2;1;0;2;0
2020-06-10 05:05:59;42;14;10;4;2;0;2;1;0;2;0
2020-06-10 05:06:59;42;14;10;4;2;0;2;1;0;2;0
2020-06-10 05:07:58;42;14;10;4;2;0;2;1;0;2;0
2020-06-10 05:08:59;42;14;10;4;2;0;2;1;0;2;0
2020-06-10 05:09:59;42;14;10;4;2;0;2;1;0;2;0
2020-06-10 05:10:58;42;14;10;4;2;0;2;1;0;2;0
2020-06-10 05:11:59;42;14;10;4;2;0;2;1;0;2;0
2020-06-10 05:12:59;42;14;10;4;2;0;2;1;0;2;0
2020-06-10 05:13:58;42;14;10;4;2;0;2;1;0;2;0
2020-06-10 05:14:59;42;14;10;4;2;0;2;1;0;2;0
2020-06-10 05:15:59;42;14;10;4;2;0;2;1;0;2;0
2020-06-10 05:16:58;42;14;10;4;2;0;2;1;0;2;0
2020-06-10 05:18:00;42;14;10;4;2;0;2;1;0;2;0
2020-06-10 05:18:58;42;14;10;4;2;0;2;1;0;2;0
2020-06-10 05:19:59;42;14;10;4;2;0;2;1;0;2;0
2020-06-10 05:21:00;42;14;10;4;2;0;2;1;0;2;0
2020-06-10 05:21:58;42;14;10;4;2;0;2;1;0;2;0
2020-06-10 05:22:59;43;14;11;4;2;0;2;1;0;2;0
2020-06-10 05:23:59;43;14;11;4;2;0;2;1;0;2;0
2020-06-10 05:24:58;43;14;11;4;2;0;2;1;0;2;0
2020-06-10 05:25:59;43;14;11;4;2;0;2;1;0;2;0
2020-06-10 05:26:59;43;14;11;4;2;0;2;1;0;2;0
2020-06-10 05:27:58;43;14;11;4;2;0;2;1;0;2;0
2020-06-10 05:28:59;44;15;11;4;2;0;2;1;0;2;0
2020-06-10 05:29:59;44;15;11;4;2;0;2;1;0;2;0
2020-06-10 05:30:58;44;15;11;4;2;0;2;1;0;2;0
2020-06-10 05:31:59;44;15;11;4;2;0;2;1;0;2;0
2020-06-10 05:32:59;44;15;11;4;2;0;2;1;0;2;0
2020-06-10 05:33:58;45;16;11;4;2;0;2;1;0;2;0
2020-06-10 05:34:59;45;16;11;4;2;0;2;1;0;2;0
2020-06-10 05:35:59;45;16;11;4;2;0;2;1;0;2;0
2020-06-10 05:36:58;45;16;11;4;2;0;2;1;0;2;0
2020-06-10 05:37:59;45;16;11;4;2;0;2;1;0;2;0
2020-06-10 05:38:58;45;16;11;4;2;0;2;1;0;2;0
2020-06-10 05:39:59;45;16;11;4;2;0;2;1;0;2;0
2020-06-10 05:40:59;45;16;11;4;2;0;2;1;0;2;0
2020-06-10 05:41:58;45;16;11;4;2;0;2;1;0;2;0
2020-06-10 05:42:59;45;16;11;4;2;0;2;1;0;2;0
2020-06-10 05:43:59;45;16;11;4;2;0;2;1;0;2;0
2020-06-10 05:44:58;45;16;11;4;2;0;2;1;0;2;0
2020-06-10 05:45:59;45;16;11;4;2;0;2;1;0;2;0
2020-06-10 05:46:59;45;16;11;4;2;0;2;1;0;2;0
2020-06-10 05:47:58;45;16;11;4;2;0;2;1;0;2;0
2020-06-10 05:49:00;45;16;11;4;2;0;2;1;0;2;0
2020-06-10 05:49:58;45;16;11;4;2;0;2;1;0;2;0
2020-06-10 05:50:59;45;16;11;4;2;0;2;1;0;2;0
2020-06-10 05:51:59;45;16;11;4;2;0;2;1;0;2;0
2020-06-10 05:52:58;45;16;11;4;2;0;2;1;0;2;0
2020-06-10 05:53:59;45;16;11;4;2;0;2;1;0;2;0
2020-06-10 05:54:59;46;16;11;4;2;0;2;2;0;2;0
2020-06-10 05:55:58;46;16;11;4;2;0;2;2;0;2;0
2020-06-10 05:56:59;46;16;11;4;2;0;2;2;0;2;0
2020-06-10 05:57:58;46;16;11;4;2;0;2;2;0;2;0
2020-06-10 05:58:59;46;16;11;4;2;0;2;2;0;2;0
2020-06-10 05:59:59;46;16;11;4;2;0;2;2;0;2;0
2020-06-10 06:00:58;46;16;11;4;2;0;2;2;0;2;0
2020-06-10 06:01:59;46;16;11;4;2;0;2;2;0;2;0
2020-06-10 06:02:59;46;16;11;4;2;0;2;2;0;2;0
2020-06-10 06:03:58;46;16;11;4;2;0;2;2;0;2;0
2020-06-10 06:04:59;46;16;11;4;2;0;2;2;0;2;0
2020-06-10 06:05:59;46;16;11;4;2;0;2;2;0;2;0
2020-06-10 06:06:58;46;16;11;4;2;0;2;2;0;2;0
2020-06-10 06:07:59;46;16;11;4;2;0;2;2;0;2;0
2020-06-10 06:08:59;46;16;11;4;2;0;2;2;0;2;0
2020-06-10 06:09:58;46;16;11;4;2;0;2;2;0;2;0
2020-06-10 06:10:59;47;16;12;4;2;0;2;2;0;2;0
2020-06-10 06:11:59;47;16;12;4;2;0;2;2;0;2;0
2020-06-10 06:12:58;47;16;12;4;2;0;2;2;0;2;0
2020-06-10 06:13:59;47;16;12;4;2;0;2;2;0;2;0
2020-06-10 06:14:58;47;16;12;4;2;0;2;2;0;2;0
2020-06-10 06:15:59;47;16;12;4;2;0;2;2;0;2;0
2020-06-10 06:16:59;47;16;12;4;2;0;2;2;0;2;0
2020-06-10 06:17:58;47;16;12;4;2;0;2;2;0;2;0
2020-06-10 06:18:59;47;16;12;4;2;0;2;2;0;2;0
2020-06-10 06:19:59;47;16;12;4;2;0;2;2;0;2;0
2020-06-10 06:20:58;47;16;12;4;2;0;2;2;0;2;0
2020-06-10 06:21:59;47;16;12;4;2;0;2;2;0;2;0
2020-06-10 06:22:59;47;16;12;4;2;0;2;2;0;2;0
2020-06-10 06:23:58;47;16;12;4;2;0;2;2;0;2;0
2020-06-10 06:24:59;47;16;12;4;2;0;2;2;0;2;0
2020-06-10 06:25:58;48;16;12;4;2;0;2;2;0;2;0
2020-06-10 06:26:59;48;16;12;4;2;0;2;2;0;2;0
2020-06-10 06:27:58;48;16;12;4;2;0;2;2;0;2;0
2020-06-10 06:28:59;48;16;12;4;2;0;2;2;0;2;0
2020-06-10 06:29:58;48;16;12;4;2;0;2;2;0;2;0
2020-06-10 06:30:59;48;16;12;4;2;0;2;2;0;2;0
2020-06-10 06:31:58;48;16;12;4;2;0;2;2;0;2;0
2020-06-10 06:32:59;48;16;12;4;2;0;2;2;0;2;0
2020-06-10 06:33:58;48;16;12;4;2;0;2;2;0;2;0
2020-06-10 06:34:59;49;16;13;4;2;0;2;2;0;2;0
2020-06-10 06:35:59;49;16;13;4;2;0;2;2;0;2;0
2020-06-10 06:36:58;49;16;13;4;2;0;2;2;0;2;0
2020-06-10 06:37:59;49;16;13;4;2;0;2;2;0;2;0
2020-06-10 06:38:59;49;16;13;4;2;0;2;2;0;2;0
2020-06-10 06:39:58;49;16;13;4;2;0;2;2;0;2;0
2020-06-10 06:40:59;49;16;13;4;2;0;2;2;0;2;0
2020-06-10 06:41:58;49;16;13;4;2;0;2;2;0;2;0
2020-06-10 06:42:59;49;16;13;4;2;0;2;2;0;2;0
2020-06-10 06:43:59;49;16;13;4;2;0;2;2;0;2;0
2020-06-10 06:44:58;49;16;13;4;2;0;2;2;0;2;0
2020-06-10 06:45:59;49;16;13;4;2;0;2;2;0;2;0
2020-06-10 06:46:58;49;16;13;4;2;0;2;2;0;2;0
2020-06-10 06:47:59;49;16;13;4;2;0;2;2;0;2;0
2020-06-10 06:48:59;49;16;13;4;2;0;2;2;0;2;0
2020-06-10 06:49:58;49;16;13;4;2;0;2;2;0;2;0
2020-06-10 06:50:59;50;16;14;4;2;0;2;2;0;2;0
2020-06-10 06:51:59;50;16;14;4;2;0;2;2;0;2;0
2020-06-10 06:52:58;50;16;14;4;2;0;2;2;0;2;0
2020-06-10 06:53:59;50;16;14;4;2;0;2;2;0;2;0
2020-06-10 06:54:59;50;16;14;4;2;0;2;2;0;2;0
2020-06-10 06:55:58;50;16;14;4;2;0;2;2;0;2;0
2020-06-10 06:56:59;50;16;14;4;2;0;2;2;0;2;0
2020-06-10 06:57:59;50;16;14;4;2;0;2;2;0;2;0
2020-06-10 06:58:58;50;16;14;4;2;0;2;2;0;2;0
2020-06-10 06:59:59;50;16;14;4;2;0;2;2;0;2;0
2020-06-10 07:00:59;50;16;14;4;2;0;2;2;0;2;0
2020-06-10 07:01:58;50;16;14;4;2;0;2;2;0;2;0
2020-06-10 07:02:59;50;16;14;4;2;0;2;2;0;2;0
2020-06-10 07:03:59;50;16;14;4;2;0;2;2;0;2;0
2020-06-10 07:04:58;50;16;14;4;2;0;2;2;0;2;0
2020-06-10 07:05:59;50;16;14;4;2;0;2;2;0;2;0
2020-06-10 07:06:58;50;16;14;4;2;0;2;2;0;2;0
2020-06-10 07:07:59;50;16;14;4;2;0;2;2;0;2;0
2020-06-10 07:08:59;50;16;14;4;2;0;2;2;0;2;0
2020-06-10 07:09:58;50;16;14;4;2;0;2;2;0;2;0
2020-06-10 07:10:59;50;16;14;4;2;0;2;2;0;2;0
2020-06-10 07:11:59;50;16;14;4;2;0;2;2;0;2;0
2020-06-10 07:12:58;50;16;14;4;2;0;2;2;0;2;0
2020-06-10 07:13:59;50;16;14;4;2;0;2;2;0;2;0
2020-06-10 07:14:58;50;16;14;4;2;0;2;2;0;2;0
2020-06-10 07:15:59;50;16;14;4;2;0;2;2;0;2;0
2020-06-10 07:16:59;50;16;14;4;2;0;2;2;0;2;0
2020-06-10 07:17:58;50;16;14;4;2;0;2;2;0;2;0
2020-06-10 07:18:59;50;16;14;4;2;0;2;2;0;2;0
2020-06-10 07:19:58;50;16;14;4;2;0;2;2;0;2;0
2020-06-10 07:20:59;50;16;14;4;2;0;2;2;0;2;0
2020-06-10 07:21:59;50;16;14;4;2;0;2;2;0;2;0
2020-06-10 07:22:58;50;16;14;4;2;0;2;2;0;2;0
2020-06-10 07:23:59;50;16;14;4;2;0;2;2;0;2;0
2020-06-10 07:24:59;50;16;14;4;2;0;2;2;0;2;0
2020-06-10 07:25:58;50;16;14;4;2;0;2;2;0;2;0
2020-06-10 07:26:59;50;16;14;4;2;0;2;2;0;2;0
2020-06-10 07:27:59;50;16;14;4;2;0;2;2;0;2;0
2020-06-10 07:28:58;50;16;14;4;2;0;2;2;0;2;0
2020-06-10 07:29:59;50;16;14;4;2;0;2;2;0;2;0
2020-06-10 07:30:58;50;16;14;4;2;0;2;2;0;2;0
2020-06-10 07:31:59;50;16;14;4;2;0;2;2;0;2;0
2020-06-10 07:32:59;50;16;14;4;2;0;2;2;0;2;0
2020-06-10 07:33:58;50;16;14;4;2;0;2;2;0;2;0
2020-06-10 07:34:59;50;16;14;4;2;0;2;2;0;2;0
2020-06-10 07:35:58;51;17;14;4;2;0;2;2;0;2;0
2020-06-10 07:36:59;52;17;14;4;2;0;2;2;0;2;0
2020-06-10 07:37:59;52;17;14;4;2;0;2;2;0;2;0
2020-06-10 07:38:58;53;18;14;4;2;0;2;2;0;2;0
2020-06-10 07:39:59;53;18;14;4;2;0;2;2;0;2;0
2020-06-10 07:40:59;54;19;14;4;2;0;2;2;0;2;0
2020-06-10 07:41:58;54;19;14;4;2;0;2;2;0;2;0
2020-06-10 07:43:00;54;19;14;4;2;0;2;2;0;2;0
2020-06-10 07:43:58;54;19;14;4;2;0;2;2;0;2;0
2020-06-10 07:44:59;54;19;14;4;2;0;2;2;0;2;0
2020-06-10 07:45:59;54;19;14;4;2;0;2;2;0;2;0
2020-06-10 07:46:58;54;19;14;4;2;0;2;2;0;2;0
2020-06-10 07:47:59;54;19;14;4;2;0;2;2;0;2;0
2020-06-10 07:48:58;54;19;14;4;2;0;2;2;0;2;0
2020-06-10 07:50:00;54;19;14;4;2;0;2;2;0;2;0
2020-06-10 07:50:58;54;19;14;4;2;0;2;2;0;2;0
2020-06-10 07:51:59;54;19;14;4;2;0;2;2;0;2;0
2020-06-10 07:52:59;54;19;14;4;2;0;2;2;0;2;0
2020-06-10 07:53:58;54;19;14;4;2;0;2;2;0;2;0
2020-06-10 07:54:59;55;19;14;4;2;0;2;3;0;2;0
2020-06-10 07:55:58;55;19;14;4;2;0;2;3;0;2;0
2020-06-10 07:56:59;55;19;14;4;2;0;2;3;0;2;0
2020-06-10 07:57:59;55;19;14;4;2;0;2;3;0;2;0
2020-06-10 07:58:58;55;19;14;4;2;0;2;3;0;2;0
2020-06-10 07:59:59;55;19;14;4;2;0;2;3;0;2;0
2020-06-10 08:00:58;55;19;14;4;2;0;2;3;0;2;0
2020-06-10 08:01:59;55;19;14;4;2;0;2;3;0;2;0
2020-06-10 08:02:59;55;19;14;4;2;0;2;3;0;2;0
2020-06-10 08:03:58;55;19;14;4;2;0;2;3;0;2;0
2020-06-10 08:04:59;56;19;14;4;2;0;2;3;1;2;0
2020-06-10 08:05:58;56;19;14;4;2;0;2;3;1;2;0
2020-06-10 08:06:59;56;19;14;4;2;0;2;3;1;2;0
2020-06-10 08:07:58;56;19;14;4;2;0;2;3;1;2;0
2020-06-10 08:08:59;56;19;14;4;2;0;2;3;1;2;0
2020-06-10 08:09:58;56;19;14;4;2;0;2;3;1;2;0
2020-06-10 08:10:59;56;19;14;4;2;0;2;3;1;2;0
2020-06-10 08:11:59;56;19;14;4;2;0;2;3;1;2;0
2020-06-10 08:12:58;56;19;14;4;2;0;2;3;1;2;0
2020-06-10 08:13:59;57;20;14;4;2;0;2;3;1;2;0
2020-06-10 08:14:58;57;20;14;4;2;0;2;3;1;2;0
2020-06-10 08:15:59;57;20;14;4;2;0;2;3;1;2;0
2020-06-10 08:16:58;57;20;14;4;2;0;2;3;1;2;0
2020-06-10 08:17:59;57;20;14;4;2;0;2;3;1;2;0
2020-06-10 08:18:58;57;20;14;4;2;0;2;3;1;2;0
2020-06-10 08:19:59;57;20;14;4;2;0;2;3;1;2;0
2020-06-10 08:20:58;57;20;14;4;2;0;2;3;1;2;0
2020-06-10 08:21:59;57;20;14;4;2;0;2;3;1;2;0
2020-06-10 08:22:58;57;20;14;4;2;0;2;3;1;2;0
2020-06-10 08:23:59;57;20;14;4;2;0;2;3;1;2;0
2020-06-10 08:24:59;57;20;14;4;2;0;2;3;1;2;0
2020-06-10 08:25:58;57;20;14;4;2;0;2;3;1;2;0
2020-06-10 08:26:59;57;20;14;4;2;0;2;3;1;2;0
2020-06-10 08:27:58;57;20;14;4;2;0;2;3;1;2;0
2020-06-10 08:28:59;57;20;14;4;2;0;2;3;1;2;0
2020-06-10 08:29:58;57;20;14;4;2;0;2;3;1;2;0
2020-06-10 08:30:59;57;20;14;4;2;0;2;3;1;2;0
2020-06-10 08:31:59;57;20;14;4;2;0;2;3;1;2;0
2020-06-10 08:32:58;57;20;14;4;2;0;2;3;1;2;0
2020-06-10 08:33:59;57;20;14;4;2;0;2;3;1;2;0
2020-06-10 08:34:58;57;20;14;4;2;0;2;3;1;2;0
2020-06-10 08:35:59;58;21;14;4;2;0;2;3;1;2;0
2020-06-10 08:36:59;58;21;14;4;2;0;2;3;1;2;0
2020-06-10 08:37:58;58;21;14;4;2;0;2;3;1;2;0
2020-06-10 08:39:00;58;21;14;4;2;0;2;3;1;2;0
2020-06-10 08:39:58;58;21;14;4;2;0;2;3;1;2;0
2020-06-10 08:40:59;58;21;14;4;2;0;2;3;1;2;0
2020-06-10 08:41:59;58;21;14;4;2;0;2;3;1;2;0
2020-06-10 08:42:58;58;21;14;4;2;0;2;3;1;2;0
2020-06-10 08:43:59;59;21;15;4;2;0;2;3;1;2;0
2020-06-10 08:44:58;59;21;15;4;2;0;2;3;1;2;0
2020-06-10 08:45:59;59;21;15;4;2;0;2;3;1;2;0
2020-06-10 08:46:58;59;21;15;4;2;0;2;3;1;2;0
2020-06-10 08:47:59;59;21;15;4;2;0;2;3;1;2;0
2020-06-10 08:48:59;59;21;15;4;2;0;2;3;1;2;0
2020-06-10 08:49:58;59;21;15;4;2;0;2;3;1;2;0
2020-06-10 08:50:59;59;21;15;4;2;0;2;3;1;2;0
2020-06-10 08:51:59;60;21;15;5;2;0;2;3;1;2;0
2020-06-10 08:52:58;60;21;15;5;2;0;2;3;1;2;0
2020-06-10 08:53:59;60;21;15;5;2;0;2;3;1;2;0
2020-06-10 08:54:58;60;21;15;5;2;0;2;3;1;2;0
2020-06-10 08:55:59;60;21;15;5;2;0;2;3;1;2;0
2020-06-10 08:56:59;60;21;15;5;2;0;2;3;1;2;0
2020-06-10 08:57:58;60;21;15;5;2;0;2;3;1;2;0
2020-06-10 08:58:59;60;21;15;5;2;0;2;3;1;2;0
2020-06-10 08:59:58;60;21;15;5;2;0;2;3;1;2;0
2020-06-10 09:00:59;60;21;15;5;2;0;2;3;1;2;0
2020-06-10 09:01:58;60;21;15;5;2;0;2;3;1;2;0
2020-06-10 09:02:59;61;22;15;5;2;0;2;3;1;2;0
2020-06-10 09:03:58;61;22;15;5;2;0;2;3;1;2;0
2020-06-10 09:04:59;61;22;15;5;2;0;2;3;1;2;0
2020-06-10 09:05:59;61;22;15;5;2;0;2;3;1;2;0
2020-06-10 09:06:58;61;22;15;5;2;0;2;3;1;2;0
2020-06-10 09:07:59;61;22;15;5;2;0;2;3;1;2;0
2020-06-10 09:08:58;61;22;15;5;2;0;2;3;1;2;0
2020-06-10 09:09:59;61;22;15;5;2;0;2;3;1;2;0
2020-06-10 09:10:59;61;22;15;5;2;0;2;3;1;2;0
2020-06-10 09:11:58;61;22;15;5;2;0;2;3;1;2;0
2020-06-10 09:12:59;61;22;15;5;2;0;2;3;1;2;0
2020-06-10 09:13:58;61;22;15;5;2;0;2;3;1;2;0
2020-06-10 09:14:59;61;22;15;5;2;0;2;3;1;2;0
2020-06-10 09:15:59;61;22;15;5;2;0;2;3;1;2;0
2020-06-10 09:16:58;61;22;15;5;2;0;2;3;1;2;0
2020-06-10 09:17:59;61;22;15;5;2;0;2;3;1;2;0
2020-06-10 09:18:59;61;22;15;5;2;0;2;3;1;2;0
2020-06-10 09:19:58;63;22;17;5;2;0;2;3;1;2;0
2020-06-10 09:20:59;63;22;17;5;2;0;2;3;1;2;0
2020-06-10 09:21:58;63;22;17;5;2;0;2;3;1;2;0
2020-06-10 09:22:59;63;22;17;5;2;0;2;3;1;2;0
2020-06-10 09:23:59;64;22;17;6;2;0;2;3;1;2;0
2020-06-10 09:24:58;64;22;17;6;2;0;2;3;1;2;0
2020-06-10 09:25:59;64;22;17;6;2;0;2;3;1;2;0
2020-06-10 09:26:58;67;22;18;6;2;0;2;4;2;2;0
2020-06-10 09:27:59;67;22;18;6;2;0;2;4;2;2;0
2020-06-10 09:28:59;67;22;18;6;2;0;2;4;2;2;0
2020-06-10 09:29:59;67;22;18;6;2;0;2;4;2;2;0
2020-06-10 09:30:58;67;22;18;6;2;0;2;4;2;2;0
2020-06-10 09:31:59;67;22;18;6;2;0;2;4;2;2;0
2020-06-10 09:32:58;67;22;18;6;2;0;2;4;2;2;0
2020-06-10 09:33:59;67;22;18;6;2;0;2;4;2;2;0
2020-06-10 09:34:58;67;22;18;6;2;0;2;4;2;2;0
2020-06-10 09:35:59;68;23;18;6;2;0;2;4;2;2;0
2020-06-10 09:36:58;68;23;18;6;2;0;2;4;2;2;0
2020-06-10 09:37:59;68;23;18;6;2;0;2;4;2;2;0
2020-06-10 09:38:59;68;23;18;6;2;0;2;4;2;2;0
2020-06-10 09:39:58;68;23;18;6;2;0;2;4;2;2;0
2020-06-10 09:40:59;68;23;18;6;2;0;2;4;2;2;0
2020-06-10 09:41:58;68;23;18;6;2;0;2;4;2;2;0
2020-06-10 09:42:59;68;23;18;6;2;0;2;4;2;2;0
2020-06-10 09:43:59;68;23;18;6;2;0;2;4;2;2;0
2020-06-10 09:44:58;68;23;18;6;2;0;2;4;2;2;0
2020-06-10 09:45:59;68;23;18;6;2;0;2;4;2;2;0
2020-06-10 09:46:58;68;23;18;6;2;0;2;4;2;2;0
2020-06-10 09:47:59;68;23;18;6;2;0;2;4;2;2;0
2020-06-10 09:48:58;68;23;18;6;2;0;2;4;2;2;0
2020-06-10 09:49:59;69;23;18;7;2;0;2;4;2;2;0
2020-06-10 09:50:59;69;23;18;7;2;0;2;4;2;2;0
2020-06-10 09:51:58;69;23;18;7;2;0;2;4;2;2;0
2020-06-10 09:52:59;69;23;18;7;2;0;2;4;2;2;0
2020-06-10 09:53:58;69;23;18;7;2;0;2;4;2;2;0
2020-06-10 09:54:59;70;23;18;8;2;0;2;4;2;2;0
2020-06-10 09:55:58;71;24;18;8;2;0;2;4;2;2;0
2020-06-10 09:56:59;71;24;18;8;2;0;2;4;2;2;0
2020-06-10 09:57:59;71;24;18;8;2;0;2;4;2;2;0
2020-06-10 09:58:58;71;24;18;8;2;0;2;4;2;2;0
2020-06-10 09:59:59;71;24;18;8;2;0;2;4;2;2;0
2020-06-10 10:00:58;71;24;18;8;2;0;2;4;2;2;0
2020-06-10 10:01:59;71;24;18;8;2;0;2;4;2;2;0
2020-06-10 10:02:59;71;24;18;8;2;0;2;4;2;2;0
2020-06-10 10:03:58;71;24;18;8;2;0;2;4;2;2;0
2020-06-10 10:04:59;71;24;18;8;2;0;2;4;2;2;0
2020-06-10 10:05:58;71;24;18;8;2;0;2;4;2;2;0
2020-06-10 10:06:59;71;24;18;8;2;0;2;4;2;2;0
2020-06-10 10:07:58;71;24;18;8;2;0;2;4;2;2;0
2020-06-10 10:08:59;71;24;18;8;2;0;2;4;2;2;0
2020-06-10 10:09:58;71;24;18;8;2;0;2;4;2;2;0
2020-06-10 10:10:59;71;24;18;8;2;0;2;4;2;2;0
2020-06-10 10:11:59;72;25;18;8;2;0;2;4;2;2;0
2020-06-10 10:12:58;72;25;18;8;2;0;2;4;2;2;0
2020-06-10 10:13:59;73;25;18;8;2;1;2;4;2;2;0
2020-06-10 10:14:58;74;25;19;8;2;1;2;4;2;2;0
2020-06-10 10:15:59;74;25;19;8;2;1;2;4;2;2;0
2020-06-10 10:16:58;74;25;19;8;2;1;2;4;2;2;0
2020-06-10 10:17:59;74;25;19;8;2;1;2;4;2;2;0
2020-06-10 10:18:58;74;25;19;8;2;1;2;4;2;2;0
2020-06-10 10:19:59;74;25;19;8;2;1;2;4;2;2;0
2020-06-10 10:20:59;74;25;19;8;2;1;2;4;2;2;0
2020-06-10 10:21:58;74;25;19;8;2;1;2;4;2;2;0
2020-06-10 10:22:59;74;25;19;8;2;1;2;4;2;2;0
2020-06-10 10:23:59;74;25;19;8;2;1;2;4;2;2;0
2020-06-10 10:24:58;74;25;19;8;2;1;2;4;2;2;0
2020-06-10 10:25:59;74;25;19;8;2;1;2;4;2;2;0
2020-06-10 10:26:59;74;25;19;8;2;1;2;4;2;2;0
2020-06-10 10:27:58;74;25;19;8;2;1;2;4;2;2;0
2020-06-10 10:28:59;75;26;19;8;2;1;2;4;2;2;0
2020-06-10 10:29:58;75;26;19;8;2;1;2;4;2;2;0
2020-06-10 10:30:59;75;26;19;8;2;1;2;4;2;2;0
2020-06-10 10:31:59;75;26;19;8;2;1;2;4;2;2;0
2020-06-10 10:32:58;75;26;19;8;2;1;2;4;2;2;0
2020-06-10 10:33:58;75;26;19;8;2;1;2;4;2;2;0
2020-06-10 10:34:59;75;26;19;8;2;1;2;4;2;2;0
2020-06-10 10:35:58;75;26;19;8;2;1;2;4;2;2;0
2020-06-10 10:36:59;76;26;19;9;2;1;2;4;2;2;0
2020-06-10 10:37:58;76;26;19;9;2;1;2;4;2;2;0
2020-06-10 10:38:59;76;26;19;9;2;1;2;4;2;2;0
2020-06-10 10:39:58;76;26;19;9;2;1;2;4;2;2;0
2020-06-10 10:40:59;76;26;19;9;2;1;2;4;2;2;0
2020-06-10 10:41:59;76;26;19;9;2;1;2;4;2;2;0
2020-06-10 10:42:58;76;26;19;9;2;1;2;4;2;2;0
2020-06-10 10:43:59;76;26;19;9;2;1;2;4;2;2;0
2020-06-10 10:44:58;77;26;19;9;2;2;2;4;2;2;0
2020-06-10 10:45:59;77;26;19;9;2;2;2;4;2;2;0
2020-06-10 10:46:59;77;26;19;9;2;2;2;4;2;2;0
2020-06-10 10:47:58;77;26;19;9;2;2;2;4;2;2;0
2020-06-10 10:48:59;77;26;19;9;2;2;2;4;2;2;0
2020-06-10 10:49:58;77;26;19;9;2;2;2;4;2;2;0
2020-06-10 10:50:59;77;26;19;9;2;2;2;4;2;2;0
2020-06-10 10:51:58;77;26;19;9;2;2;2;4;2;2;0
2020-06-10 10:52:59;77;26;19;9;2;2;2;4;2;2;0
2020-06-10 10:53:58;77;26;19;9;2;2;2;4;2;2;0
2020-06-10 10:54:59;78;26;20;9;2;2;2;4;2;2;0
2020-06-10 10:55:58;78;26;20;9;2;2;2;4;2;2;0
2020-06-10 10:56:59;79;26;21;9;2;2;2;4;2;2;0
2020-06-10 10:57:58;79;26;21;9;2;2;2;4;2;2;0
2020-06-10 10:58:59;79;26;21;9;2;2;2;4;2;2;0
2020-06-10 10:59:58;80;27;21;9;2;2;2;4;2;2;0
2020-06-10 11:00:59;82;28;22;9;2;2;2;4;2;2;0
2020-06-10 11:01:59;82;28;22;9;2;2;2;4;2;2;0
2020-06-10 11:02:58;82;28;22;9;2;2;2;4;2;2;0
2020-06-10 11:03:59;83;29;22;9;2;2;2;4;2;2;0
2020-06-10 11:04:58;83;28;23;9;2;2;2;4;2;2;0
2020-06-10 11:06:00;83;28;23;9;2;2;2;4;2;2;0
2020-06-10 11:06:58;83;28;23;9;2;2;2;4;2;2;0
2020-06-10 11:07:59;83;28;23;9;2;2;2;4;2;2;0
2020-06-10 11:08:59;83;28;23;9;2;2;2;4;2;2;0
2020-06-10 11:09:58;84;29;23;9;2;2;2;4;2;2;0
2020-06-10 11:10:59;84;29;23;9;2;2;2;4;2;2;0
2020-06-10 11:11:58;84;29;23;9;2;2;2;4;2;2;0
2020-06-10 11:12:59;84;29;23;9;2;2;2;4;2;2;0
2020-06-10 11:13:58;84;29;23;9;2;2;2;4;2;2;0
2020-06-10 11:14:59;84;29;23;9;2;2;2;4;2;2;0
2020-06-10 11:15:58;84;29;23;9;2;2;2;4;2;2;0
2020-06-10 11:16:59;84;29;23;9;2;2;2;4;2;2;0
2020-06-10 11:17:58;84;29;23;9;2;2;2;4;2;2;0
2020-06-10 11:18:59;84;29;23;9;2;2;2;4;2;2;0
2020-06-10 11:19:58;84;29;23;9;2;2;2;4;2;2;0
2020-06-10 11:20:59;85;29;23;9;2;2;2;4;2;2;1
2020-06-10 11:21:58;85;29;23;9;2;2;2;4;2;2;1
2020-06-10 11:22:59;85;29;23;9;2;2;2;4;2;2;1
2020-06-10 11:23:59;86;29;23;10;2;2;2;4;2;2;1
2020-06-10 11:24:58;86;29;23;10;2;2;2;4;2;2;1
2020-06-10 11:25:59;87;30;23;10;2;2;2;4;2;2;1
2020-06-10 11:26:58;87;30;23;10;2;2;2;4;2;2;1
2020-06-10 11:27:59;89;31;24;10;2;2;2;4;2;2;1
2020-06-10 11:28:59;90;31;25;10;2;2;2;4;2;2;1
2020-06-10 11:29:58;91;32;25;10;2;2;2;4;2;2;1
2020-06-10 11:30:59;92;32;26;10;2;2;2;4;2;2;1
2020-06-10 11:31:58;92;32;26;10;2;2;2;4;2;2;1
2020-06-10 11:32:59;92;32;26;10;2;2;2;4;2;2;1
2020-06-10 11:33:58;92;32;26;10;2;2;2;4;2;2;1
2020-06-10 11:34:59;92;32;26;10;2;2;2;4;2;2;1
2020-06-10 11:35:58;92;32;26;10;2;2;2;4;2;2;1
2020-06-10 11:36:59;92;32;26;10;2;2;2;4;2;2;1
2020-06-10 11:37:59;92;32;26;10;2;2;2;4;2;2;1
2020-06-10 11:38:58;92;32;26;10;2;2;2;4;2;2;1
2020-06-10 11:39:59;92;32;26;10;2;2;2;4;2;2;1
2020-06-10 11:40:58;92;32;26;10;2;2;2;4;2;2;1
2020-06-10 11:41:59;93;32;26;11;2;2;2;4;2;2;1
2020-06-10 11:42:58;93;32;26;11;2;2;2;4;2;2;1
2020-06-10 11:43:59;93;32;26;11;2;2;2;4;2;2;1
2020-06-10 11:44:58;93;32;26;11;2;2;2;4;2;2;1
2020-06-10 11:45:59;93;32;26;10;2;3;2;4;2;2;1
2020-06-10 11:46:59;93;32;26;10;2;3;2;4;2;2;1
2020-06-10 11:47:58;93;32;26;10;2;3;2;4;2;2;1
2020-06-10 11:48:59;94;33;26;10;2;3;2;4;2;2;1
2020-06-10 11:49:58;94;33;26;10;2;3;2;4;2;2;1
2020-06-10 11:50:59;94;33;26;10;2;3;2;4;2;2;1
2020-06-10 11:51:58;94;33;26;10;2;3;2;4;2;2;1
2020-06-10 11:52:59;94;33;26;10;2;3;2;4;2;2;1
2020-06-10 11:53:59;94;33;26;10;2;3;2;4;2;2;1
2020-06-10 11:54:58;94;33;26;10;2;3;2;4;2;2;1
2020-06-10 11:55:59;94;33;26;10;2;3;2;4;2;2;1
2020-06-10 11:56:58;94;33;26;10;2;3;2;4;2;2;1
2020-06-10 11:57:59;94;33;26;10;2;3;2;4;2;2;1
2020-06-10 11:58:58;94;33;26;10;2;3;2;4;2;2;1
2020-06-10 11:59:59;94;33;26;10;2;3;2;4;2;2;1
2020-06-10 12:00:58;94;33;26;10;2;3;2;4;2;2;1
2020-06-10 12:01:59;94;33;26;10;2;3;2;4;2;2;1
2020-06-10 12:02:59;95;34;26;10;2;3;2;4;2;2;1
2020-06-10 12:03:58;95;34;26;10;2;3;2;4;2;2;1
2020-06-10 12:04:59;96;35;26;10;2;3;2;4;2;2;1
2020-06-10 12:05:58;96;35;26;10;2;3;2;4;2;2;1
2020-06-10 12:06:59;96;35;26;10;2;3;2;4;2;2;1
2020-06-10 12:07:59;96;35;26;10;2;3;2;4;2;2;1
2020-06-10 12:08:58;97;35;26;10;2;3;3;4;2;2;1
2020-06-10 12:09:59;97;35;26;10;2;3;3;4;2;2;1
2020-06-10 12:10:58;97;35;26;10;2;3;3;4;2;2;1
2020-06-10 12:11:59;97;35;26;10;2;3;3;4;2;2;1
2020-06-10 12:12:58;98;35;27;10;2;3;3;4;2;2;1
2020-06-10 12:13:59;98;35;27;10;2;3;3;4;2;2;1
2020-06-10 12:14:59;98;35;27;10;2;3;3;4;2;2;1
2020-06-10 12:15:58;99;35;27;10;2;3;3;4;2;2;2
2020-06-10 12:16:59;100;36;27;10;2;3;3;4;2;2;2
2020-06-10 12:17:58;101;37;27;10;2;3;3;4;2;2;2
2020-06-10 12:18:59;101;37;27;10;2;3;3;4;2;2;2
2020-06-10 12:19:58;101;37;27;10;2;3;3;4;2;2;2
2020-06-10 12:20:59;101;37;27;10;2;3;3;4;2;2;2
2020-06-10 12:21:58;101;37;27;10;2;3;3;4;2;2;2
2020-06-10 12:23:00;101;37;27;10;2;3;3;4;2;2;2
2020-06-10 12:23:58;101;37;27;10;2;3;3;4;2;2;2
2020-06-10 12:24:59;101;37;27;10;2;3;3;4;2;2;2
2020-06-10 12:25:59;101;37;27;10;2;3;3;4;2;2;2
2020-06-10 12:26:58;101;37;27;10;2;3;3;4;2;2;2
2020-06-10 12:27:59;101;37;27;10;2;3;3;4;2;2;2
2020-06-10 12:28:58;101;37;27;10;2;3;3;4;2;2;2
2020-06-10 12:30:00;101;37;27;10;2;3;3;4;2;2;2
2020-06-10 12:30:58;101;37;27;10;2;3;3;4;2;2;2
2020-06-10 12:32:00;101;37;27;10;2;3;3;4;2;2;2
2020-06-10 12:32:58;101;37;27;10;2;3;3;4;2;2;2
2020-06-10 12:33:59;101;37;27;10;2;3;3;4;2;2;2
2020-06-10 12:34:59;101;37;27;10;2;3;3;4;2;2;2
2020-06-10 12:35:58;101;37;27;10;2;3;3;4;2;2;2
2020-06-10 12:36:59;101;37;27;10;2;3;3;4;2;2;2
2020-06-10 12:37:58;101;37;27;10;2;3;3;4;2;2;2
2020-06-10 12:38:59;101;37;27;10;2;3;3;4;2;2;2
2020-06-10 12:39:59;101;37;27;10;2;3;3;4;2;2;2
2020-06-10 12:40:58;101;37;27;10;2;3;3;4;2;2;2
2020-06-10 12:41:59;102;37;27;11;2;3;3;4;2;2;2
2020-06-10 12:42:58;102;37;27;11;2;3;3;4;2;2;2
2020-06-10 12:43:59;102;37;27;11;2;3;3;4;2;2;2
2020-06-10 12:44:58;102;37;27;11;2;3;3;4;2;2;2
2020-06-10 12:45:59;103;38;27;11;2;3;3;4;2;2;2
2020-06-10 12:46:59;104;39;27;11;2;3;3;4;2;2;2
2020-06-10 12:47:58;104;39;27;11;2;3;3;4;2;2;2
2020-06-10 12:48:59;104;39;27;11;2;3;3;4;2;2;2
2020-06-10 12:49:59;105;39;28;11;2;3;3;4;2;2;2
2020-06-10 12:50:58;105;39;28;11;2;3;3;4;2;2;2
2020-06-10 12:51:59;105;39;28;11;2;3;3;4;2;2;2
2020-06-10 12:52:58;105;39;28;11;2;3;3;4;2;2;2
2020-06-10 12:53:59;105;39;28;11;2;3;3;4;2;2;2
2020-06-10 12:54:58;105;39;28;11;2;3;3;4;2;2;2
2020-06-10 12:55:59;106;40;28;11;2;3;3;4;2;2;2
2020-06-10 12:56:58;106;40;28;11;2;3;3;4;2;2;2
2020-06-10 12:57:59;106;40;28;11;2;3;3;4;2;2;2
2020-06-10 12:58:59;107;41;28;11;2;3;3;4;2;2;2
2020-06-10 12:59:58;107;41;28;11;2;3;3;4;2;2;2
2020-06-10 13:00:59;107;41;28;11;2;3;3;4;2;2;2
2020-06-10 13:01:58;108;42;28;11;2;3;3;4;2;2;2
2020-06-10 13:02:59;108;42;28;11;2;3;3;4;2;2;2
2020-06-10 13:03:58;108;42;28;11;2;3;3;4;2;2;2
2020-06-10 13:04:59;109;43;28;11;2;3;3;4;2;2;2
2020-06-10 13:05:58;109;43;28;11;2;3;3;4;2;2;2
2020-06-10 13:06:59;109;43;28;11;2;3;3;4;2;2;2
2020-06-10 13:07:59;109;43;28;11;2;3;3;4;2;2;2
2020-06-10 13:08:58;109;43;28;11;2;3;3;4;2;2;2
2020-06-10 13:09:59;109;43;28;11;2;3;3;4;2;2;2
2020-06-10 13:10:58;110;44;28;11;2;3;3;4;2;2;2
2020-06-10 13:11:59;110;44;28;11;2;3;3;4;2;2;2
2020-06-10 13:12:58;110;44;28;11;2;3;3;4;2;2;2
2020-06-10 13:13:59;110;44;28;11;2;3;3;4;2;2;2
2020-06-10 13:14:58;110;44;28;11;2;3;3;4;2;2;2
2020-06-10 13:15:59;110;44;28;11;2;3;3;4;2;2;2
2020-06-10 13:16:58;110;44;28;11;2;3;3;4;2;2;2
2020-06-10 13:18:00;110;44;28;11;2;3;3;4;2;2;2
2020-06-10 13:18:58;110;44;28;11;2;3;3;4;2;2;2
2020-06-10 13:19:59;110;44;28;11;2;3;3;4;2;2;2
2020-06-10 13:20:59;112;45;29;11;2;3;3;4;2;2;2
2020-06-10 13:21:58;112;45;29;11;2;3;3;4;2;2;2
2020-06-10 13:22:59;112;45;29;11;2;3;3;4;2;2;2
2020-06-10 13:23:58;112;45;29;11;2;3;3;4;2;2;2
2020-06-10 13:24:59;112;45;29;11;2;3;3;4;2;2;2
2020-06-10 13:25:58;112;45;29;11;2;3;3;4;2;2;2
2020-06-10 13:26:59;112;45;29;11;2;3;3;4;2;2;2
2020-06-10 13:27:59;113;46;29;11;2;3;3;4;2;2;2
2020-06-10 13:28:58;114;47;29;11;2;3;3;4;2;2;2
2020-06-10 13:29:59;114;47;29;11;2;3;3;4;2;2;2
2020-06-10 13:30:58;114;47;29;11;2;3;3;4;2;2;2
2020-06-10 13:31:59;114;47;29;11;2;3;3;4;2;2;2
2020-06-10 13:32:58;114;47;29;11;2;3;3;4;2;2;2
2020-06-10 13:33:59;114;47;29;11;2;3;3;4;2;2;2
2020-06-10 13:34:58;114;47;29;11;2;3;3;4;2;2;2
2020-06-10 13:35:59;114;47;29;11;2;3;3;4;2;2;2
2020-06-10 13:36:58;114;47;29;11;2;3;3;4;2;2;2
2020-06-10 13:37:59;114;47;29;11;2;3;3;4;2;2;2
2020-06-10 13:38:58;115;47;30;11;2;3;3;4;2;2;2
2020-06-10 13:39:59;116;47;31;11;2;3;3;4;2;2;2
2020-06-10 13:40:59;117;48;31;11;2;3;3;4;2;2;2
2020-06-10 13:41:58;118;49;31;11;2;3;3;4;2;2;2
2020-06-10 13:42:59;120;51;31;11;2;3;3;4;2;2;2
2020-06-10 13:43:58;120;51;31;11;2;3;3;4;2;2;2
2020-06-10 13:44:59;120;51;31;11;2;3;3;4;2;2;2
2020-06-10 13:45:58;120;51;31;11;2;3;3;4;2;2;2
2020-06-10 13:46:59;120;51;31;11;2;3;3;4;2;2;2
2020-06-10 13:47:59;121;52;31;11;2;3;3;4;2;2;2
2020-06-10 13:48:58;121;52;31;11;2;3;3;4;2;2;2
2020-06-10 13:49:59;121;52;31;11;2;3;3;4;2;2;2
2020-06-10 13:50:58;121;52;31;11;2;3;3;4;2;2;2
2020-06-10 13:51:59;122;52;32;11;2;3;3;4;2;2;2
2020-06-10 13:52:58;122;52;32;11;2;3;3;4;2;2;2
2020-06-10 13:53:59;122;52;32;11;2;3;3;4;2;2;2
2020-06-10 13:54:59;122;52;32;11;2;3;3;4;2;2;2
2020-06-10 13:55:58;123;52;33;11;2;3;3;4;2;2;2
2020-06-10 13:56:59;123;52;33;11;2;3;3;4;2;2;2
2020-06-10 13:57:59;123;52;33;11;2;3;3;4;2;2;2
2020-06-10 13:58:58;124;52;34;11;2;3;3;4;2;2;2
2020-06-10 13:59:59;124;52;34;11;2;3;3;4;2;2;2
2020-06-10 14:00:58;124;52;34;11;2;3;3;4;2;2;2
2020-06-10 14:01:59;125;53;34;11;2;3;3;4;2;2;2
2020-06-10 14:02:59;125;53;34;11;2;3;3;4;2;2;2
2020-06-10 14:03:58;125;53;34;11;2;3;3;4;2;2;2
2020-06-10 14:04:59;125;53;34;11;2;3;3;4;2;2;2
2020-06-10 14:05:58;125;53;34;11;2;3;3;4;2;2;2
2020-06-10 14:06:59;125;53;34;11;2;3;3;4;2;2;2
2020-06-10 14:07:58;125;53;34;11;2;3;3;4;2;2;2
2020-06-10 14:08:59;125;53;34;11;2;3;3;4;2;2;2
2020-06-10 14:09:59;125;53;34;11;2;3;3;4;2;2;2
2020-06-10 14:10:58;125;53;34;11;2;3;3;4;2;2;2
2020-06-10 14:11:59;125;53;34;11;2;3;3;4;2;2;2
2020-06-10 14:12:58;125;53;34;11;2;3;3;4;2;2;2
2020-06-10 14:13:59;125;53;34;11;2;3;3;4;2;2;2
2020-06-10 14:14:59;125;53;34;11;2;3;3;4;2;2;2
2020-06-10 14:15:58;125;53;34;11;2;3;3;4;2;2;2
2020-06-10 14:16:59;125;53;34;11;2;3;3;4;2;2;2
2020-06-10 14:17:58;125;53;34;11;2;3;3;4;2;2;2
2020-06-10 14:18:59;125;53;34;11;2;3;3;4;2;2;2
2020-06-10 14:19:59;125;53;34;11;2;3;3;4;2;2;2
2020-06-10 14:20:58;125;53;34;11;2;3;3;4;2;2;2
2020-06-10 14:21:59;125;53;34;11;2;3;3;4;2;2;2
2020-06-10 14:22:59;125;53;34;11;2;3;3;4;2;2;2
2020-06-10 14:23:58;125;53;34;11;2;3;3;4;2;2;2
2020-06-10 14:24:59;125;53;34;11;2;3;3;4;2;2;2
2020-06-10 14:25:58;125;53;34;11;2;3;3;4;2;2;2
2020-06-10 14:26:59;126;54;34;11;2;3;3;4;2;2;2
2020-06-10 14:27:58;126;54;34;11;2;3;3;4;2;2;2
2020-06-10 14:28:59;126;54;34;11;2;3;3;4;2;2;2
2020-06-10 14:29:58;126;54;34;11;2;3;3;4;2;2;2
2020-06-10 14:30:59;126;54;34;11;2;3;3;4;2;2;2
2020-06-10 14:31:59;126;54;34;11;2;3;3;4;2;2;2
2020-06-10 14:32:58;126;54;34;11;2;3;3;4;2;2;2
2020-06-10 14:33:59;126;54;34;11;2;3;3;4;2;2;2
2020-06-10 14:34:59;126;54;34;11;2;3;3;4;2;2;2
2020-06-10 14:35:58;126;54;34;11;2;3;3;4;2;2;2
2020-06-10 14:36:59;126;54;34;11;2;3;3;4;2;2;2
2020-06-10 14:37:58;126;54;34;11;2;3;3;4;2;2;2
2020-06-10 14:38:59;126;54;34;11;2;3;3;4;2;2;2
2020-06-10 14:39:59;126;54;34;11;2;3;3;4;2;2;2
2020-06-10 14:40:58;126;54;34;11;2;3;3;4;2;2;2
2020-06-10 14:41:59;126;54;34;11;2;3;3;4;2;2;2
2020-06-10 14:42:58;126;54;34;11;2;3;3;4;2;2;2
2020-06-10 14:43:59;126;54;34;11;2;3;3;4;2;2;2
2020-06-10 14:44:58;126;54;34;11;2;3;3;4;2;2;2
2020-06-10 14:45:59;127;54;34;11;2;3;3;4;2;2;2
2020-06-10 14:46:59;127;54;34;11;2;3;3;4;2;2;2
2020-06-10 14:47:58;127;54;34;11;2;3;3;4;2;2;2
2020-06-10 14:48:59;127;54;34;11;2;3;3;4;2;2;2
2020-06-10 14:49:58;127;54;34;11;2;3;3;4;2;2;2
2020-06-10 14:50:59;127;54;34;11;2;3;3;4;2;2;2
2020-06-10 14:51:58;127;54;34;11;2;3;3;4;2;2;2
2020-06-10 14:52:59;127;54;34;11;2;3;3;4;2;2;2
2020-06-10 14:53:59;127;54;34;11;2;3;3;4;2;2;2
2020-06-10 14:54:59;127;54;34;11;2;3;3;4;2;2;2
2020-06-10 14:55:58;127;54;34;11;2;3;3;4;2;2;2
2020-06-10 14:56:59;128;54;34;11;2;3;3;4;2;2;2
2020-06-10 14:57:58;128;54;34;11;2;3;3;4;2;2;2
2020-06-10 14:58:59;128;54;34;11;2;3;3;4;2;2;2
2020-06-10 14:59:58;128;54;34;11;2;3;3;4;2;2;2
2020-06-10 15:00:59;128;54;34;11;2;3;3;4;2;2;2
2020-06-10 15:01:59;128;54;34;11;2;3;3;4;2;2;2
2020-06-10 15:02:58;128;54;34;11;2;3;3;4;2;2;2
2020-06-10 15:03:59;128;54;34;11;2;3;3;4;2;2;2
2020-06-10 15:04:58;129;55;34;11;2;3;3;4;2;2;2
2020-06-10 15:05:59;129;55;34;11;2;3;3;4;2;2;2
2020-06-10 15:06:58;129;55;34;11;2;3;3;4;2;2;2
2020-06-10 15:07:59;129;55;34;11;2;3;3;4;2;2;2
2020-06-10 15:08:59;129;55;34;11;2;3;3;4;2;2;2
2020-06-10 15:09:58;129;55;34;11;2;3;3;4;2;2;2
2020-06-10 15:10:59;129;55;34;11;2;3;3;4;2;2;2
2020-06-10 15:11:58;129;55;34;11;2;3;3;4;2;2;2
2020-06-10 15:12:59;129;55;34;11;2;3;3;4;2;2;2
2020-06-10 15:13:58;129;55;34;11;2;3;3;4;2;2;2
2020-06-10 15:14:59;129;55;34;11;2;3;3;4;2;2;2
2020-06-10 15:15:58;129;55;34;11;2;3;3;4;2;2;2
2020-06-10 15:17:00;129;55;34;11;2;3;3;4;2;2;2
2020-06-10 15:17:58;129;55;34;11;2;3;3;4;2;2;2
2020-06-10 15:18:59;129;55;34;11;2;3;3;4;2;2;2
2020-06-10 15:19:59;129;55;34;11;2;3;3;4;2;2;2
2020-06-10 15:20:58;130;56;34;11;2;3;3;4;2;2;2
2020-06-10 15:21:59;130;56;34;11;2;3;3;4;2;2;2
2020-06-10 15:22:58;130;56;34;11;2;3;3;4;2;2;2
2020-06-10 15:23:59;130;56;34;11;2;3;3;4;2;2;2
2020-06-10 15:24:58;130;56;34;11;2;3;3;4;2;2;2
2020-06-10 15:25:59;130;56;34;11;2;3;3;4;2;2;2
2020-06-10 15:26:58;130;56;34;11;2;3;3;4;2;2;2
2020-06-10 15:27:59;130;56;34;11;2;3;3;4;2;2;2
2020-06-10 15:28:58;131;56;34;11;3;3;3;4;2;2;2
2020-06-10 15:29:59;131;56;34;11;3;3;3;4;2;2;2
2020-06-10 15:30:58;131;56;34;11;3;3;3;4;2;2;2
2020-06-10 15:31:59;131;56;34;11;3;3;3;4;2;2;2
2020-06-10 15:32:59;131;56;34;11;3;3;3;4;2;2;2
2020-06-10 15:33:58;131;56;34;11;3;3;3;4;2;2;2
2020-06-10 15:34:59;131;56;34;11;3;3;3;4;2;2;2
2020-06-10 15:35:58;131;56;34;11;3;3;3;4;2;2;2
2020-06-10 15:36:59;131;56;34;11;3;3;3;4;2;2;2
2020-06-10 15:37:58;131;56;34;11;3;3;3;4;2;2;2
2020-06-10 15:38:59;131;56;34;11;3;3;3;4;2;2;2
2020-06-10 15:39:59;132;57;34;11;3;3;3;4;2;2;2
2020-06-10 15:40:58;132;57;34;11;3;3;3;4;2;2;2
2020-06-10 15:41:59;132;57;34;11;3;3;3;4;2;2;2
2020-06-10 15:42:58;132;57;34;11;3;3;3;4;2;2;2
2020-06-10 15:43:59;132;57;34;11;3;3;3;4;2;2;2
2020-06-10 15:44:58;132;57;34;11;3;3;3;4;2;2;2
2020-06-10 15:45:59;132;57;34;11;3;3;3;4;2;2;2
2020-06-10 15:46:59;133;58;34;11;3;3;3;4;2;2;2
2020-06-10 15:47:58;133;58;34;11;3;3;3;4;2;2;2
2020-06-10 15:48:59;133;58;34;11;3;3;3;4;2;2;2
2020-06-10 15:49:58;133;58;34;11;3;3;3;4;2;2;2
2020-06-10 15:50:59;133;58;34;11;3;3;3;4;2;2;2
2020-06-10 15:51:58;133;58;34;11;3;3;3;4;2;2;2
2020-06-10 15:52:59;133;58;34;11;3;3;3;4;2;2;2
2020-06-10 15:53:58;133;58;34;11;3;3;3;4;2;2;2
2020-06-10 15:54:59;133;58;34;11;3;3;3;4;2;2;2
2020-06-10 15:55:58;133;58;34;11;3;3;3;4;2;2;2
2020-06-10 15:56:59;133;58;34;11;3;3;3;4;2;2;2
2020-06-10 15:57:59;133;58;34;11;3;3;3;4;2;2;2
2020-06-10 15:58:58;133;58;34;11;3;3;3;4;2;2;2
2020-06-10 15:59:59;134;59;34;11;3;3;3;4;2;2;2
2020-06-10 16:00:58;134;59;34;11;3;3;3;4;2;2;2
2020-06-10 16:01:59;134;59;34;11;3;3;3;4;2;2;2
2020-06-10 16:02:59;134;59;34;11;3;3;3;4;2;2;2
2020-06-10 16:03:58;134;59;34;11;3;3;3;4;2;2;2
2020-06-10 16:04:59;134;59;34;11;3;3;3;4;2;2;2
2020-06-10 16:05:58;134;59;34;11;3;3;3;4;2;2;2
2020-06-10 16:06:59;135;60;34;11;3;3;3;4;2;2;2
2020-06-10 16:07:58;135;60;34;11;3;3;3;4;2;2;2
2020-06-10 16:08:59;136;60;34;11;3;4;3;4;2;2;2
2020-06-10 16:09:59;137;60;35;11;3;4;3;4;2;2;2
2020-06-10 16:10:58;137;60;35;11;3;4;3;4;2;2;2
2020-06-10 16:11:59;138;60;36;11;3;4;3;4;2;2;2
2020-06-10 16:12:58;138;60;36;11;3;4;3;4;2;2;2
2020-06-10 16:13:59;138;60;36;11;3;4;3;4;2;2;2
2020-06-10 16:14:58;138;60;36;11;3;4;3;4;2;2;2
2020-06-10 16:15:59;138;60;36;11;3;4;3;4;2;2;2
2020-06-10 16:16:58;138;60;36;11;3;4;3;4;2;2;2
2020-06-10 16:17:59;138;60;36;11;3;4;3;4;2;2;2
2020-06-10 16:18:59;138;60;36;11;3;4;3;4;2;2;2
2020-06-10 16:19:58;139;60;37;11;3;4;3;4;2;2;2
2020-06-10 16:20:59;143;59;42;11;3;4;3;4;2;2;2
2020-06-10 16:21:58;146;60;44;11;3;4;3;4;2;2;2
2020-06-10 16:22:59;149;61;45;11;3;5;3;4;2;2;2
2020-06-10 16:23:58;151;61;47;11;3;5;3;4;2;2;2
2020-06-10 16:24:59;152;61;47;11;3;5;4;4;2;2;2
2020-06-10 16:25:59;153;61;48;11;3;5;4;4;2;2;2
2020-06-10 16:26:58;153;61;48;11;3;5;4;4;2;2;2
2020-06-10 16:27:59;153;61;48;11;3;5;4;4;2;2;2
2020-06-10 16:28:58;153;61;48;11;3;5;4;4;2;2;2
2020-06-10 16:30:00;153;61;48;11;3;5;4;4;2;2;2
2020-06-10 16:30:58;154;62;48;11;3;5;4;4;2;2;2
2020-06-10 16:31:59;155;63;48;11;3;5;4;4;2;2;2
2020-06-10 16:32:59;155;63;48;11;3;5;4;4;2;2;2
2020-06-10 16:33:58;155;63;48;11;3;5;4;4;2;2;2
2020-06-10 16:34:59;155;63;48;11;3;5;4;4;2;2;2
2020-06-10 16:35:58;155;63;48;11;3;5;4;4;2;2;2
2020-06-10 16:36:59;155;63;48;11;3;5;4;4;2;2;2
2020-06-10 16:37:59;157;64;48;11;4;5;4;4;2;2;2
2020-06-10 16:38:58;157;64;48;11;4;5;4;4;2;2;2
2020-06-10 16:39:59;157;64;48;11;4;5;4;4;2;2;2
2020-06-10 16:40:58;157;64;48;11;4;5;4;4;2;2;2
2020-06-10 16:41:59;157;64;48;11;4;5;4;4;2;2;2
2020-06-10 16:42:59;157;64;48;11;4;5;4;4;2;2;2
2020-06-10 16:43:58;157;64;48;11;4;5;4;4;2;2;2
2020-06-10 16:44:59;157;64;48;11;4;5;4;4;2;2;2
2020-06-10 16:45:58;157;64;48;11;4;5;4;4;2;2;2
2020-06-10 16:46:59;157;64;48;11;4;5;4;4;2;2;2
2020-06-10 16:47:58;157;64;48;11;4;5;4;4;2;2;2
2020-06-10 16:48:59;158;64;49;11;4;5;4;4;2;2;2
2020-06-10 16:49:59;158;64;49;11;4;5;4;4;2;2;2
2020-06-10 16:50:58;158;64;49;11;4;5;4;4;2;2;2
2020-06-10 16:51:59;158;64;49;11;4;5;4;4;2;2;2
2020-06-10 16:52:58;158;64;49;11;4;5;4;4;2;2;2
2020-06-10 16:53:59;158;64;49;11;4;5;4;4;2;2;2
2020-06-10 16:54:58;158;64;49;11;4;5;4;4;2;2;2
2020-06-10 16:55:59;158;64;49;11;4;5;4;4;2;2;2
2020-06-10 16:56:59;158;64;49;11;4;5;4;4;2;2;2
2020-06-10 16:57:58;158;64;49;11;4;5;4;4;2;2;2
2020-06-10 16:58:59;158;64;49;11;4;5;4;4;2;2;2
2020-06-10 16:59:58;158;64;49;11;4;5;4;4;2;2;2
2020-06-10 17:00:59;158;64;49;11;4;5;4;4;2;2;2
2020-06-10 17:01:58;158;64;49;11;4;5;4;4;2;2;2
2020-06-10 17:02:59;158;64;49;11;4;5;4;4;2;2;2
2020-06-10 17:03:58;158;64;49;11;4;5;4;4;2;2;2
2020-06-10 17:04:59;158;64;49;11;4;5;4;4;2;2;2
2020-06-10 17:05:58;158;64;49;11;4;5;4;4;2;2;2
2020-06-10 17:06:59;158;64;49;11;4;5;4;4;2;2;2
2020-06-10 17:07:59;158;64;49;11;4;5;4;4;2;2;2
2020-06-10 17:08:59;158;64;49;11;4;5;4;4;2;2;2
2020-06-10 17:09:58;158;64;49;11;4;5;4;4;2;2;2
2020-06-10 17:10:59;159;64;50;11;4;5;4;4;2;2;2
2020-06-10 17:11:58;159;64;50;11;4;5;4;4;2;2;2
2020-06-10 17:12:59;160;64;50;11;4;6;4;4;2;2;2
2020-06-10 17:13:59;160;64;50;11;4;6;4;4;2;2;2
2020-06-10 17:14:58;160;64;50;11;4;6;4;4;2;2;2
2020-06-10 17:15:59;160;64;50;11;4;6;4;4;2;2;2
2020-06-10 17:16:58;160;64;50;11;4;6;4;4;2;2;2
2020-06-10 17:17:59;160;64;50;11;4;6;4;4;2;2;2
2020-06-10 17:18:58;160;64;50;11;4;6;4;4;2;2;2
2020-06-10 17:19:59;160;64;50;11;4;6;4;4;2;2;2
2020-06-10 17:20:59;160;64;50;11;4;6;4;4;2;2;2
2020-06-10 17:21:58;160;64;50;11;4;6;4;4;2;2;2
2020-06-10 17:22:59;160;64;50;11;4;6;4;4;2;2;2
2020-06-10 17:23:59;160;64;50;11;4;6;4;4;2;2;2
2020-06-10 17:24:58;160;64;50;11;4;6;4;4;2;2;2
2020-06-10 17:25:59;160;64;50;11;4;6;4;4;2;2;2
2020-06-10 17:26:58;160;64;50;11;4;6;4;4;2;2;2
2020-06-10 17:27:59;162;66;50;11;4;6;4;4;2;2;2
2020-06-10 17:28:59;162;66;50;11;4;6;4;4;2;2;2
2020-06-10 17:29:58;162;66;50;11;4;6;4;4;2;2;2
2020-06-10 17:30:59;163;66;51;11;4;6;4;4;2;2;2
2020-06-10 17:31:59;164;66;51;11;4;7;4;4;2;2;2
2020-06-10 17:32:58;164;66;51;11;4;7;4;4;2;2;2
2020-06-10 17:33:59;164;66;51;11;4;7;4;4;2;2;2
2020-06-10 17:34:58;165;66;52;11;4;7;4;4;2;2;2
2020-06-10 17:35:59;165;66;52;11;4;7;4;4;2;2;2
2020-06-10 17:36:59;167;67;53;11;4;7;4;4;2;2;2
2020-06-10 17:37:58;167;67;53;11;4;7;4;4;2;2;2
2020-06-10 17:38:59;167;67;53;11;4;7;4;4;2;2;2
2020-06-10 17:39:58;167;67;53;11;4;7;4;4;2;2;2
2020-06-10 17:40:59;167;67;53;11;4;7;4;4;2;2;2
2020-06-10 17:41:59;167;67;53;11;4;7;4;4;2;2;2
2020-06-10 17:42:58;167;67;53;11;4;7;4;4;2;2;2
2020-06-10 17:43:59;167;67;53;11;4;7;4;4;2;2;2
2020-06-10 17:44:58;167;67;53;11;4;7;4;4;2;2;2
2020-06-10 17:45:59;167;67;53;11;4;7;4;4;2;2;2
2020-06-10 17:46:59;167;67;53;11;4;7;4;4;2;2;2
2020-06-10 17:47:58;166;67;53;11;4;6;4;4;2;2;2
2020-06-10 17:48:59;166;67;53;11;4;6;4;4;2;2;2
2020-06-10 17:49:58;166;67;53;11;4;6;4;4;2;2;2
2020-06-10 17:50:59;167;67;54;11;4;6;4;4;2;2;2
2020-06-10 17:51:59;167;67;54;11;4;6;4;4;2;2;2
2020-06-10 17:52:58;167;67;54;11;4;6;4;4;2;2;2
2020-06-10 17:53:59;168;68;54;11;4;6;4;4;2;2;2
2020-06-10 17:54:58;168;68;54;11;4;6;4;4;2;2;2
2020-06-10 17:55:59;168;68;54;11;4;6;4;4;2;2;2
2020-06-10 17:56:59;168;68;54;11;4;6;4;4;2;2;2
2020-06-10 17:57:58;168;68;54;11;4;6;4;4;2;2;2
2020-06-10 17:58:59;168;68;54;11;4;6;4;4;2;2;2
2020-06-10 17:59:58;168;68;54;11;4;6;4;4;2;2;2
2020-06-10 18:00:59;168;68;54;11;4;6;4;4;2;2;2
2020-06-10 18:01:58;168;68;54;11;4;6;4;4;2;2;2
2020-06-10 18:02:59;168;68;54;11;4;6;4;4;2;2;2
2020-06-10 18:03:58;168;68;54;11;4;6;4;4;2;2;2
2020-06-10 18:04:59;168;68;54;11;4;6;4;4;2;2;2
2020-06-10 18:05:58;168;68;54;11;4;6;4;4;2;2;2
2020-06-10 18:06:59;168;68;54;11;4;6;4;4;2;2;2
2020-06-10 18:07:58;168;68;54;11;4;6;4;4;2;2;2
2020-06-10 18:08:59;168;68;54;11;4;6;4;4;2;2;2
2020-06-10 18:09:58;168;68;54;11;4;6;4;4;2;2;2
2020-06-10 18:10:59;169;69;54;11;4;6;4;4;2;2;2
2020-06-10 18:11:59;169;69;54;11;4;6;4;4;2;2;2
2020-06-10 18:12:58;169;69;54;11;4;6;4;4;2;2;2
2020-06-10 18:13:59;169;69;54;11;4;6;4;4;2;2;2
2020-06-10 18:14:58;170;70;54;11;4;6;4;4;2;2;2
2020-06-10 18:15:59;170;70;54;11;4;6;4;4;2;2;2
2020-06-10 18:16:58;170;70;54;11;4;6;4;4;2;2;2
2020-06-10 18:17:59;170;70;54;11;4;6;4;4;2;2;2
2020-06-10 18:18:59;170;70;54;11;4;6;4;4;2;2;2
2020-06-10 18:19:58;171;71;54;11;4;6;4;4;2;2;2
2020-06-10 18:20:59;172;71;54;11;4;6;4;4;2;2;2
2020-06-10 18:21:58;172;71;54;11;4;6;4;4;2;2;2
2020-06-10 18:22:59;172;71;54;11;4;6;4;4;2;2;2
2020-06-10 18:23:58;172;71;54;11;4;6;4;4;2;2;2
2020-06-10 18:24:59;172;71;54;11;4;6;4;4;2;2;2
2020-06-10 18:25:59;172;71;54;11;4;6;4;4;2;2;2
2020-06-10 18:26:58;172;71;54;11;4;6;4;4;2;2;2
2020-06-10 18:27:59;172;71;54;11;4;6;4;4;2;2;2
2020-06-10 18:28:58;172;71;54;11;4;6;4;4;2;2;2
2020-06-10 18:29:59;172;71;54;11;4;6;4;4;2;2;2
2020-06-10 18:30:58;172;71;54;11;4;6;4;4;2;2;2
2020-06-10 18:31:59;172;71;54;11;4;6;4;4;2;2;2
2020-06-10 18:32:59;173;71;54;11;4;6;4;4;2;3;2
2020-06-10 18:33:58;173;71;54;11;4;6;4;4;2;3;2
2020-06-10 18:34:59;173;71;54;11;4;6;4;4;2;3;2
2020-06-10 18:35:59;173;71;54;11;4;6;4;4;2;3;2
2020-06-10 18:36:58;173;71;54;11;4;6;4;4;2;3;2
2020-06-10 18:37:59;173;71;54;11;4;6;4;4;2;3;2
2020-06-10 18:38:58;173;71;54;11;4;6;4;4;2;3;2
2020-06-10 18:39:59;173;71;54;11;4;6;4;4;2;3;2
2020-06-10 18:40:59;173;71;54;11;4;6;4;4;2;3;2
2020-06-10 18:41:58;173;71;54;11;4;6;4;4;2;3;2
2020-06-10 18:42:59;173;71;54;11;4;6;4;4;2;3;2
2020-06-10 18:43:58;173;71;54;11;4;6;4;4;2;3;2
2020-06-10 18:44:59;173;71;54;11;4;6;4;4;2;3;2
2020-06-10 18:45:58;173;71;54;11;4;6;4;4;2;3;2
2020-06-10 18:46:59;173;71;54;11;4;6;4;4;2;3;2
2020-06-10 18:47:59;173;71;54;11;4;6;4;4;2;3;2
2020-06-10 18:48:58;173;71;54;11;4;6;4;4;2;3;2
2020-06-10 18:49:59;173;71;54;11;4;6;4;4;2;3;2
2020-06-10 18:50:58;174;72;54;11;4;6;4;4;2;3;2
2020-06-10 18:51:59;175;72;55;11;4;6;4;4;2;3;2
2020-06-10 18:52:58;175;72;55;11;4;6;4;4;2;3;2
2020-06-10 18:53:59;175;72;55;11;4;6;4;4;2;3;2
2020-06-10 18:54:59;175;72;55;11;4;6;4;4;2;3;2
2020-06-10 18:55:58;176;72;55;11;5;6;4;4;2;3;2
2020-06-10 18:56:59;176;72;55;11;5;6;4;4;2;3;2
2020-06-10 18:57:58;176;72;55;11;5;6;4;4;2;3;2
2020-06-10 18:58:59;176;72;55;11;5;6;4;4;2;3;2
2020-06-10 18:59:59;177;73;55;11;5;6;4;4;2;3;2
2020-06-10 19:00:58;177;73;55;11;5;6;4;4;2;3;2
2020-06-10 19:01:59;177;73;55;11;5;6;4;4;2;3;2
2020-06-10 19:02:58;178;74;55;11;5;6;4;4;2;3;2
2020-06-10 19:03:59;178;74;55;11;5;6;4;4;2;3;2
2020-06-10 19:04:59;178;74;55;11;5;6;4;4;2;3;2
2020-06-10 19:05:58;178;74;55;11;5;6;4;4;2;3;2
2020-06-10 19:06:59;178;74;55;11;5;6;4;4;2;3;2
2020-06-10 19:07:58;178;74;55;11;5;6;4;4;2;3;2
2020-06-10 19:08:59;178;74;55;11;5;6;4;4;2;3;2
2020-06-10 19:09:58;178;74;55;11;5;6;4;4;2;3;2
2020-06-10 19:10:59;178;74;55;11;5;6;4;4;2;3;2
2020-06-10 19:11:58;178;74;55;11;5;6;4;4;2;3;2
2020-06-10 19:12:59;178;74;55;11;5;6;4;4;2;3;2
2020-06-10 19:13:59;178;74;55;11;5;6;4;4;2;3;2
2020-06-10 19:14:58;178;74;55;11;5;6;4;4;2;3;2
2020-06-10 19:15:59;178;74;55;11;5;6;4;4;2;3;2
2020-06-10 19:16:58;178;74;55;11;5;6;4;4;2;3;2
2020-06-10 19:17:59;178;74;55;11;5;6;4;4;2;3;2
2020-06-10 19:18:59;178;74;55;11;5;6;4;4;2;3;2
2020-06-10 19:19:58;178;74;55;11;5;6;4;4;2;3;2
2020-06-10 19:20:59;178;74;55;11;5;6;4;4;2;3;2
2020-06-10 19:21:58;178;74;55;11;5;6;4;4;2;3;2
2020-06-10 19:22:59;178;74;55;11;5;6;4;4;2;3;2
2020-06-10 19:23:58;178;74;55;11;5;6;4;4;2;3;2
2020-06-10 19:24:59;179;75;55;11;5;6;4;4;2;3;2
2020-06-10 19:25:58;179;75;55;11;5;6;4;4;2;3;2
2020-06-10 19:26:59;180;75;56;11;5;6;4;4;2;3;2
2020-06-10 19:27:59;180;75;56;11;5;6;4;4;2;3;2
2020-06-10 19:28:58;180;75;56;11;5;6;4;4;2;3;2
2020-06-10 19:29:59;180;75;56;11;5;6;4;4;2;3;2
2020-06-10 19:30:58;180;75;56;11;5;6;4;4;2;3;2
2020-06-10 19:31:58;180;75;56;11;5;6;4;4;2;3;2
2020-06-10 19:32:59;181;75;56;11;6;6;4;4;2;3;2
2020-06-10 19:33:59;181;75;56;11;6;6;4;4;2;3;2
2020-06-10 19:34:58;181;75;56;11;6;6;4;4;2;3;2
2020-06-10 19:35:59;181;75;56;11;6;6;4;4;2;3;2
2020-06-10 19:36:59;181;75;56;11;6;6;4;4;2;3;2
2020-06-10 19:37:58;181;75;56;11;6;6;4;4;2;3;2
2020-06-10 19:38:59;181;75;56;11;6;6;4;4;2;3;2
2020-06-10 19:39:58;181;75;56;11;6;6;4;4;2;3;2
2020-06-10 19:41:00;182;75;57;11;6;6;4;4;2;3;2
2020-06-10 19:41:58;183;75;57;11;6;7;4;4;2;3;2
2020-06-10 19:42:59;183;75;57;11;6;7;4;4;2;3;2
2020-06-10 19:43:59;183;75;57;11;6;7;4;4;2;3;2
2020-06-10 19:44:58;183;75;57;11;6;7;4;4;2;3;2
2020-06-10 19:45:59;183;75;57;11;6;7;4;4;2;3;2
2020-06-10 19:46:59;183;75;57;11;6;7;4;4;2;3;2
2020-06-10 19:47:58;183;75;57;11;6;7;4;4;2;3;2
2020-06-10 19:48:59;183;75;57;11;6;7;4;4;2;3;2
2020-06-10 19:49:59;183;75;57;11;6;7;4;4;2;3;2
2020-06-10 19:50:58;184;76;57;11;6;7;4;4;2;3;2
2020-06-10 19:51:59;184;76;57;11;6;7;4;4;2;3;2
2020-06-10 19:52:58;184;76;57;11;6;7;4;4;2;3;2
2020-06-10 19:53:59;185;76;57;12;6;7;4;4;2;3;2
2020-06-10 19:54:58;184;76;57;12;6;7;4;4;2;3;2
2020-06-10 19:55:59;184;76;57;12;6;7;4;4;2;3;2
2020-06-10 19:56:59;184;76;57;12;6;7;4;4;2;3;2
2020-06-10 19:57:58;184;76;57;12;6;7;4;4;2;3;2
2020-06-10 19:58:59;184;76;57;12;6;7;4;4;2;3;2
2020-06-10 19:59:58;184;76;57;12;6;7;4;4;2;3;2
2020-06-10 20:00:59;184;76;57;12;6;7;4;4;2;3;2
2020-06-10 20:01:58;184;76;57;12;6;7;4;4;2;3;2
2020-06-10 20:02:59;185;76;58;12;6;7;4;4;2;3;2
2020-06-10 20:03:58;185;76;58;12;6;7;4;4;2;3;2
2020-06-10 20:04:59;185;76;58;12;6;7;4;4;2;3;2
2020-06-10 20:05:58;185;76;58;12;6;7;4;4;2;3;2
2020-06-10 20:06:59;185;76;58;12;6;7;4;4;2;3;2
2020-06-10 20:07:58;185;76;58;12;6;7;4;4;2;3;2
2020-06-10 20:08:59;185;76;58;12;6;7;4;4;2;3;2
2020-06-10 20:09:59;185;76;58;12;6;7;4;4;2;3;2
2020-06-10 20:10:58;185;76;58;12;6;7;4;4;2;3;2
2020-06-10 20:11:59;185;76;58;12;6;7;4;4;2;3;2
2020-06-10 20:12:58;185;76;58;12;6;7;4;4;2;3;2
2020-06-10 20:14:00;185;76;57;12;6;7;4;4;2;3;3
2020-06-10 20:14:58;185;76;57;12;6;7;4;4;2;3;3
2020-06-10 20:15:59;186;76;58;12;6;7;4;4;2;3;3
2020-06-10 20:16:59;186;76;58;12;6;7;4;4;2;3;3
2020-06-10 20:17:58;186;76;58;12;6;7;4;4;2;3;3
2020-06-10 20:18:59;186;76;58;12;6;7;4;4;3;3;2
2020-06-10 20:19:58;186;76;58;12;6;7;4;4;3;3;2
2020-06-10 20:20:59;186;76;58;12;6;7;4;4;3;3;2
2020-06-10 20:21:59;186;76;58;12;6;7;4;4;3;3;2
2020-06-10 20:22:58;186;76;58;12;6;7;4;4;3;3;2
2020-06-10 20:23:59;186;76;58;12;6;7;4;4;3;3;2
2020-06-10 20:24:59;186;76;58;12;6;7;4;4;3;3;2
2020-06-10 20:25:58;186;76;58;12;6;7;4;4;3;3;2
2020-06-10 20:26:59;186;76;58;12;6;7;4;4;3;3;2
2020-06-10 20:27:58;186;76;58;12;6;7;4;4;3;3;2
2020-06-10 20:28:59;187;77;58;12;6;7;4;4;3;3;2
2020-06-10 20:29:59;187;77;58;12;6;7;4;4;3;3;2
2020-06-10 20:30:58;187;77;58;12;6;7;4;4;3;3;2
2020-06-10 20:31:59;187;77;58;12;6;7;4;4;3;3;2
2020-06-10 20:32:58;187;77;58;12;6;7;4;4;3;3;2
2020-06-10 20:33:59;188;77;58;12;6;7;4;4;3;3;2
2020-06-10 20:34:58;188;77;58;12;6;7;4;4;3;3;2
2020-06-10 20:35:59;188;77;58;12;6;7;4;4;3;3;2
2020-06-10 20:36:58;188;77;58;12;6;7;4;4;3;3;2
2020-06-10 20:37:59;188;77;58;12;6;7;4;4;3;3;2
2020-06-10 20:38:59;189;78;58;12;6;7;4;4;3;3;2
2020-06-10 20:39:58;189;78;58;12;6;7;4;4;3;3;2
2020-06-10 20:40:59;189;78;58;12;6;7;4;4;3;3;2
2020-06-10 20:41:58;190;78;59;12;6;7;4;4;3;3;2
2020-06-10 20:42:59;190;78;59;12;6;7;4;4;3;3;2
2020-06-10 20:43:59;190;78;59;12;6;7;4;4;3;3;2
2020-06-10 20:44:58;190;78;59;12;6;7;4;4;3;3;2
2020-06-10 20:45:59;190;78;59;12;6;7;4;4;3;3;2
2020-06-10 20:46:58;191;78;59;12;6;7;4;4;3;3;3
2020-06-10 20:47:59;191;78;59;12;6;7;4;4;3;3;3
2020-06-10 20:48:58;192;78;60;12;6;7;4;4;3;3;3
2020-06-10 20:49:59;192;78;60;12;6;7;4;4;3;3;3
2020-06-10 20:50:58;193;78;61;12;6;7;4;4;3;3;3
2020-06-10 20:51:59;193;78;61;12;6;7;4;4;3;3;3
2020-06-10 20:52:59;195;79;62;12;6;7;4;4;3;3;3
2020-06-10 20:53:59;195;79;63;11;6;7;4;4;3;3;3
2020-06-10 20:54:58;195;79;63;11;6;7;4;4;3;3;3
2020-06-10 20:56:00;196;79;63;11;7;7;4;4;3;3;3
2020-06-10 20:56:58;196;79;63;11;7;7;4;4;3;3;3
2020-06-10 20:57:59;197;79;64;11;7;7;4;4;3;3;3
2020-06-10 20:58:59;197;79;64;11;7;7;4;4;3;3;3
2020-06-10 20:59:58;197;79;64;11;7;7;4;4;3;3;3
2020-06-10 21:00:59;197;79;64;11;7;7;4;4;3;3;3
2020-06-10 21:01:58;197;79;64;11;7;7;4;4;3;3;3
2020-06-10 21:02:59;197;79;64;11;7;7;4;4;3;3;3
2020-06-10 21:03:58;198;80;64;11;7;7;4;4;3;3;3
2020-06-10 21:04:59;198;80;64;11;7;7;4;4;3;3;3
2020-06-10 21:05:58;199;80;65;11;7;7;4;4;3;3;3
2020-06-10 21:06:59;201;81;66;11;7;7;4;4;3;3;3
2020-06-10 21:07:59;201;81;66;11;7;7;4;4;3;3;3
2020-06-10 21:08:58;201;81;66;11;7;7;4;4;3;3;3
2020-06-10 21:09:59;201;81;66;11;7;7;4;4;3;3;3
2020-06-10 21:10:59;201;81;66;11;7;7;4;4;3;3;3
2020-06-10 21:11:58;201;81;66;11;7;7;4;4;3;3;3
2020-06-10 21:12:59;201;81;66;11;7;7;4;4;3;3;3
2020-06-10 21:13:59;201;81;66;11;7;7;4;4;3;3;3
2020-06-10 21:14:58;202;81;66;11;8;7;4;4;3;3;3
2020-06-10 21:15:59;202;81;66;11;8;7;4;4;3;3;3
2020-06-10 21:16:58;202;81;66;11;8;7;4;4;3;3;3
2020-06-10 21:17:59;202;81;66;11;8;7;4;4;3;3;3
2020-06-10 21:18:58;202;81;66;11;8;7;4;4;3;3;3
2020-06-10 21:19:59;202;81;66;11;8;7;4;4;3;3;3
2020-06-10 21:20:59;203;82;66;11;8;7;4;4;3;3;3
2020-06-10 21:21:58;203;82;66;11;8;7;4;4;3;3;3
2020-06-10 21:22:59;203;82;66;11;8;7;4;4;3;3;3
2020-06-10 21:23:58;203;82;66;11;8;7;4;4;3;3;3
2020-06-10 21:24:59;203;82;66;11;8;7;4;4;3;3;3
2020-06-10 21:25:59;203;82;66;11;8;7;4;4;3;3;3
2020-06-10 21:26:58;203;82;66;11;8;7;4;4;3;3;3
2020-06-10 21:27:59;204;83;66;11;8;7;4;4;3;3;3
2020-06-10 21:28:59;204;83;66;11;8;7;4;4;3;3;3
2020-06-10 21:29:58;204;83;66;11;8;7;4;4;3;3;3
2020-06-10 21:30:59;204;83;66;11;8;7;4;4;3;3;3
2020-06-10 21:31:58;204;83;66;11;8;7;4;4;3;3;3
2020-06-10 21:32:59;204;83;66;11;8;7;4;4;3;3;3
2020-06-10 21:33:58;204;83;66;11;8;7;4;4;3;3;3
2020-06-10 21:34:59;204;83;66;11;8;7;4;4;3;3;3
2020-06-10 21:35:58;204;83;66;11;8;7;4;4;3;3;3
2020-06-10 21:36:59;204;83;66;11;8;7;4;4;3;3;3
2020-06-10 21:37:59;204;83;66;11;8;7;4;4;3;3;3
2020-06-10 21:38:58;204;83;66;11;8;7;4;4;3;3;3
2020-06-10 21:39:59;204;83;66;11;8;7;4;4;3;3;3
2020-06-10 21:40:58;204;83;66;11;8;7;4;4;3;3;3
2020-06-10 21:41:59;204;83;66;11;8;7;4;4;3;3;3
2020-06-10 21:42:58;204;83;66;11;8;7;4;4;3;3;3
2020-06-10 21:43:59;204;83;66;11;8;7;4;4;3;3;3
2020-06-10 21:44:58;204;83;66;11;8;7;4;4;3;3;3
2020-06-10 21:45:59;204;83;66;11;8;7;4;4;3;3;3
2020-06-10 21:46:58;204;83;66;11;8;7;4;4;3;3;3
2020-06-10 21:47:59;205;84;66;11;8;7;4;4;3;3;3
2020-06-10 21:48:58;205;84;66;11;8;7;4;4;3;3;3
2020-06-10 21:49:59;205;84;66;11;8;7;4;4;3;3;3
2020-06-10 21:50:58;205;84;66;11;8;7;4;4;3;3;3
2020-06-10 21:51:59;205;84;66;11;8;7;4;4;3;3;3
2020-06-10 21:52:58;205;84;66;11;8;7;4;4;3;3;3
2020-06-10 21:53:59;206;84;66;11;8;7;4;4;3;3;3
2020-06-10 21:54:59;206;84;66;11;8;7;4;4;3;3;3
2020-06-10 21:55:58;206;84;66;11;8;7;4;4;3;3;3
2020-06-10 21:56:59;206;84;66;11;8;7;4;4;3;3;3
2020-06-10 21:57:58;206;84;66;11;8;7;4;4;3;3;3
2020-06-10 21:58:59;206;84;66;11;8;7;4;4;3;3;3
2020-06-10 21:59:59;207;84;67;11;8;7;4;4;3;3;3
2020-06-10 22:00:58;207;84;67;11;8;7;4;4;3;3;3
2020-06-10 22:01:59;208;85;67;11;8;7;4;4;3;3;3
2020-06-10 22:02:59;209;86;67;11;8;7;4;4;3;3;3
2020-06-10 22:03:58;210;87;67;11;8;7;4;4;3;3;3
2020-06-10 22:04:59;210;87;67;11;8;7;4;4;3;3;3
2020-06-10 22:05:58;210;87;67;11;8;7;4;4;3;3;3
2020-06-10 22:06:59;211;87;68;11;8;7;4;4;3;3;3
2020-06-10 22:07:59;212;88;68;11;8;7;4;4;3;3;3
2020-06-10 22:08:58;212;88;68;11;8;7;4;4;3;3;3
2020-06-10 22:09:59;212;88;68;11;8;7;4;4;3;3;3
2020-06-10 22:10:58;212;88;68;11;8;7;4;4;3;3;3
2020-06-10 22:11:59;212;88;68;11;8;7;4;4;3;3;3
2020-06-10 22:12:59;213;89;68;11;8;7;4;4;3;3;3
2020-06-10 22:13:58;213;89;68;11;8;7;4;4;3;3;3
2020-06-10 22:14:59;213;89;68;11;8;7;4;4;3;3;3
2020-06-10 22:15:58;214;90;68;11;8;7;4;4;3;3;3
2020-06-10 22:16:59;215;91;68;11;8;7;4;4;3;3;3
2020-06-10 22:17:59;216;92;68;11;8;7;4;4;3;3;3
2020-06-10 22:18:58;216;92;68;11;8;7;4;4;3;3;3
2020-06-10 22:19:59;216;92;68;11;8;7;4;4;3;3;3
2020-06-10 22:20:58;216;92;68;11;8;7;4;4;3;3;3
2020-06-10 22:21:59;216;92;68;11;8;7;4;4;3;3;3
2020-06-10 22:22:58;216;92;68;11;8;7;4;4;3;3;3
2020-06-10 22:23:59;216;92;68;11;8;7;4;4;3;3;3
2020-06-10 22:24:59;216;92;68;11;8;7;4;4;3;3;3
2020-06-10 22:25:58;216;92;68;11;8;7;4;4;3;3;3
2020-06-10 22:26:59;216;92;68;11;8;7;4;4;3;3;3
2020-06-10 22:27:58;216;92;68;11;8;7;4;4;3;3;3
2020-06-10 22:28:59;216;92;68;11;8;7;4;4;3;3;3
2020-06-10 22:29:58;216;92;68;11;8;7;4;4;3;3;3
2020-06-10 22:30:59;216;92;68;11;8;7;4;4;3;3;3
2020-06-10 22:31:59;216;92;68;11;8;7;4;4;3;3;3
2020-06-10 22:32:58;216;92;68;11;8;7;4;4;3;3;3
2020-06-10 22:33:59;217;93;68;11;8;7;4;4;3;3;3
2020-06-10 22:34:58;217;93;68;11;8;7;4;4;3;3;3
2020-06-10 22:35:59;217;93;68;11;8;7;4;4;3;3;3
2020-06-10 22:36:59;217;93;68;11;8;7;4;4;3;3;3
2020-06-10 22:37:58;217;93;68;11;8;7;4;4;3;3;3
2020-06-10 22:38:59;217;93;68;11;8;7;4;4;3;3;3
2020-06-10 22:39:58;217;93;68;11;8;7;4;4;3;3;3
2020-06-10 22:40:59;217;93;68;11;8;7;4;4;3;3;3
2020-06-10 22:41:59;217;93;68;11;8;7;4;4;3;3;3
2020-06-10 22:42:58;217;93;68;11;8;7;4;4;3;3;3
2020-06-10 22:43:59;217;93;68;11;8;7;4;4;3;3;3
2020-06-10 22:44:58;217;93;68;11;8;7;4;4;3;3;3
2020-06-10 22:45:59;217;93;68;11;8;7;4;4;3;3;3
2020-06-10 22:46:59;217;93;68;11;8;7;4;4;3;3;3
2020-06-10 22:47:58;217;93;68;11;8;7;4;4;3;3;3
2020-06-10 22:48:59;217;93;68;11;8;7;4;4;3;3;3
2020-06-10 22:49:58;217;93;68;11;8;7;4;4;3;3;3
2020-06-10 22:50:59;217;93;68;11;8;7;4;4;3;3;3
2020-06-10 22:51:58;217;93;68;11;8;7;4;4;3;3;3
2020-06-10 22:52:59;217;93;68;11;8;7;4;4;3;3;3
2020-06-10 22:53:58;217;93;68;11;8;7;4;4;3;3;3
2020-06-10 22:55:00;218;93;69;11;8;7;4;4;3;3;3
2020-06-10 22:55:58;218;93;69;11;8;7;4;4;3;3;3
2020-06-10 22:56:59;218;93;69;11;8;7;4;4;3;3;3
2020-06-10 22:57:59;218;93;69;11;8;7;4;4;3;3;3
2020-06-10 22:58:58;218;93;69;11;8;7;4;4;3;3;3
2020-06-10 22:59:59;218;93;69;11;8;7;4;4;3;3;3
2020-06-10 23:00:58;218;93;69;11;8;7;4;4;3;3;3
2020-06-10 23:01:59;218;93;69;11;8;7;4;4;3;3;3
2020-06-10 23:02:58;220;94;70;11;8;7;4;4;3;3;3
2020-06-10 23:03:59;221;94;71;11;8;7;4;4;3;3;3
2020-06-10 23:04:58;221;94;71;11;8;7;4;4;3;3;3
2020-06-10 23:05:59;221;94;71;11;8;7;4;4;3;3;3
2020-06-10 23:06:59;221;94;71;11;8;7;4;4;3;3;3
2020-06-10 23:07:58;221;94;71;11;8;7;4;4;3;3;3
2020-06-10 23:08:59;221;94;71;11;8;7;4;4;3;3;3
2020-06-10 23:09:58;221;94;71;11;8;7;4;4;3;3;3
2020-06-10 23:10:59;221;94;71;11;8;7;4;4;3;3;3
2020-06-10 23:11:58;221;94;71;11;8;7;4;4;3;3;3
2020-06-10 23:12:59;221;94;71;11;8;7;4;4;3;3;3
2020-06-10 23:13:59;221;94;71;11;8;7;4;4;3;3;3
2020-06-10 23:14:58;221;94;71;11;8;7;4;4;3;3;3
2020-06-10 23:15:59;221;94;71;11;8;7;4;4;3;3;3
2020-06-10 23:16:58;221;94;71;11;8;7;4;4;3;3;3
2020-06-10 23:17:59;221;94;71;11;8;7;4;4;3;3;3
2020-06-10 23:18:59;221;94;71;11;8;7;4;4;3;3;3
2020-06-10 23:19:58;221;94;71;11;8;7;4;4;3;3;3
2020-06-10 23:20:59;221;94;71;11;8;7;4;4;3;3;3
2020-06-10 23:21:58;222;96;70;11;8;7;4;4;3;3;3
2020-06-10 23:22:59;222;96;70;11;8;7;4;4;3;3;3
2020-06-10 23:23:58;222;96;70;11;8;7;4;4;3;3;3
2020-06-10 23:24:59;223;97;70;11;8;7;4;4;3;3;3
2020-06-10 23:25:58;223;97;70;11;8;7;4;4;3;3;3
2020-06-10 23:26:59;223;97;70;11;8;7;4;4;3;3;3
2020-06-10 23:27:59;223;97;70;11;8;7;4;4;3;3;3
2020-06-10 23:28:58;223;97;70;11;8;7;4;4;3;3;3
2020-06-10 23:29:59;223;97;70;11;8;7;4;4;3;3;3
2020-06-10 23:30:58;223;97;70;11;8;7;4;4;3;3;3
2020-06-10 23:31:59;223;97;70;11;8;7;4;4;3;3;3
2020-06-10 23:32:58;223;97;70;11;8;7;4;4;3;3;3
2020-06-10 23:33:59;223;97;70;11;8;7;4;4;3;3;3
2020-06-10 23:34:59;223;97;70;11;8;7;4;4;3;3;3
2020-06-10 23:35:58;223;97;70;11;8;7;4;4;3;3;3
2020-06-10 23:36:59;223;97;70;11;8;7;4;4;3;3;3
2020-06-10 23:37:58;223;97;70;11;8;7;4;4;3;3;3
2020-06-10 23:38:59;224;98;70;11;8;7;4;4;3;3;3
2020-06-10 23:39:59;224;98;70;11;8;7;4;4;3;3;3
2020-06-10 23:40:58;224;98;70;11;8;7;4;4;3;3;3
2020-06-10 23:41:59;224;98;70;11;8;7;4;4;3;3;3
2020-06-10 23:42:58;224;98;70;11;8;7;4;4;3;3;3
2020-06-10 23:43:59;225;98;70;11;9;7;4;4;3;3;3
2020-06-10 23:44:58;225;98;70;11;9;7;4;4;3;3;3
2020-06-10 23:45:59;226;98;71;11;9;7;4;4;3;3;3
2020-06-10 23:46:59;226;98;71;11;9;7;4;4;3;3;3
2020-06-10 23:47:58;226;98;71;11;9;7;4;4;3;3;3
2020-06-10 23:48:59;226;98;71;11;9;7;4;4;3;3;3
2020-06-10 23:49:58;226;98;71;11;9;7;4;4;3;3;3
2020-06-10 23:50:59;226;98;71;11;9;7;4;4;3;3;3
2020-06-10 23:51:58;226;98;71;11;9;7;4;4;3;3;3
2020-06-10 23:52:59;226;98;71;11;9;7;4;4;3;3;3
2020-06-10 23:53:59;226;98;71;11;9;7;4;4;3;3;3
2020-06-10 23:54:58;226;98;71;11;9;7;4;4;3;3;3
2020-06-10 23:55:59;226;98;71;11;9;7;4;4;3;3;3
2020-06-10 23:56:58;226;98;71;11;9;7;4;4;3;3;3
2020-06-10 23:57:59;226;98;71;11;9;7;4;4;3;3;3
2020-06-10 23:58:58;227;98;72;11;9;7;4;4;3;3;3
2020-06-10 23:59:59;227;98;72;11;9;7;4;4;3;3;3
