datetime;total_votes;shamanka;Zippymax;slavik831;quick_justice;navalny;jovan;LumberJack;Volodya_FM;megaslowpoke;yogrin
2020-06-24 00:00:59;2;0;0;0;2;0;0;0;0;0;0
2020-06-24 00:01:59;3;0;0;0;2;0;0;0;0;0;0
2020-06-24 00:02:58;3;0;0;0;2;0;0;0;0;0;0
2020-06-24 00:03:59;4;0;0;0;2;0;0;0;0;0;0
2020-06-24 00:04:58;4;0;0;0;2;0;0;0;0;0;0
2020-06-24 00:05:59;5;0;0;0;2;0;0;0;0;0;0
2020-06-24 00:06:58;7;0;0;0;2;0;0;0;0;0;0
2020-06-24 00:07:59;8;0;0;0;3;0;0;0;0;0;0
2020-06-24 00:08:59;10;0;0;0;3;0;0;1;0;0;1
2020-06-24 00:09:58;11;1;0;0;3;0;0;1;0;0;1
2020-06-24 00:11:00;11;1;0;0;3;0;0;1;0;0;1
2020-06-24 00:11:58;11;1;0;0;3;0;0;1;0;0;1
2020-06-24 00:12:59;11;1;0;0;3;0;0;1;0;0;1
2020-06-24 00:13:59;13;2;0;0;3;0;0;2;0;0;1
2020-06-24 00:14:58;14;2;1;0;3;0;0;2;0;0;1
2020-06-24 00:15:59;14;2;1;0;3;0;0;2;0;0;1
2020-06-24 00:16:59;14;2;1;0;3;0;0;2;0;0;1
2020-06-24 00:17:58;14;2;1;0;3;0;0;2;0;0;1
2020-06-24 00:18:59;14;2;1;0;3;0;0;2;0;0;1
2020-06-24 00:19:58;15;2;1;0;3;0;0;3;0;0;1
2020-06-24 00:20:59;16;3;1;0;3;0;0;3;0;0;1
2020-06-24 00:21:59;16;3;1;0;3;0;0;3;0;0;1
2020-06-24 00:22:58;18;3;1;0;5;0;0;3;0;0;1
2020-06-24 00:23:59;18;3;1;0;5;0;0;3;0;0;1
2020-06-24 00:24:59;21;3;1;0;6;1;0;4;0;0;1
2020-06-24 00:25:58;23;3;1;0;6;2;0;5;0;0;1
2020-06-24 00:26:59;23;3;1;0;5;2;0;5;0;0;1
2020-06-24 00:27:59;23;3;1;0;5;2;0;5;0;0;1
2020-06-24 00:28:58;24;3;1;0;6;2;0;5;0;0;1
2020-06-24 00:29:59;24;3;1;0;6;2;0;5;0;0;1
2020-06-24 00:30:59;26;3;1;0;6;2;0;5;0;1;2
2020-06-24 00:31:59;26;3;1;0;6;2;0;5;0;1;2
2020-06-24 00:32:59;27;3;2;0;6;2;0;5;0;0;2
2020-06-24 00:33:58;28;3;2;0;6;2;0;5;0;1;2
2020-06-24 00:34:59;28;3;2;0;6;2;0;5;0;1;2
2020-06-24 00:35:59;28;3;2;0;6;2;0;5;0;1;2
2020-06-24 00:36:59;30;3;3;0;6;2;0;6;0;1;2
2020-06-24 00:37:58;31;3;3;0;7;2;0;6;0;1;2
2020-06-24 00:38:59;31;3;3;0;7;2;0;6;0;1;2
2020-06-24 00:39:58;32;3;3;0;8;2;0;6;0;1;2
2020-06-24 00:40:59;33;3;3;0;8;2;0;6;0;1;2
2020-06-24 00:41:59;35;4;3;0;8;2;0;6;0;1;2
2020-06-24 00:42:58;36;4;3;0;8;2;0;6;0;1;2
2020-06-24 00:43:59;36;4;3;0;8;2;0;6;0;1;2
2020-06-24 00:44:58;36;4;3;0;8;2;0;6;0;1;2
2020-06-24 00:45:59;36;4;3;0;8;2;0;6;0;1;2
2020-06-24 00:46:58;36;4;3;0;8;2;0;6;0;1;2
2020-06-24 00:47:59;36;4;3;0;8;2;0;6;0;1;2
2020-06-24 00:48:59;36;4;3;0;8;2;0;6;0;1;2
2020-06-24 00:49:58;37;4;3;0;9;2;0;6;0;1;2
2020-06-24 00:50:59;38;4;3;0;10;2;0;6;0;1;2
2020-06-24 00:51:58;39;4;3;0;10;3;0;6;0;1;2
2020-06-24 00:52:59;39;4;3;0;10;3;0;6;0;1;2
2020-06-24 00:53:59;39;4;3;0;10;3;0;6;0;1;2
2020-06-24 00:54:58;40;5;3;0;10;3;0;6;0;1;2
2020-06-24 00:55:59;41;6;3;0;10;3;0;6;0;1;2
2020-06-24 00:56:59;41;6;3;0;10;3;0;6;0;1;2
2020-06-24 00:57:58;41;6;3;0;10;3;0;6;0;1;2
2020-06-24 00:58:59;41;6;3;0;10;3;0;6;0;1;2
2020-06-24 00:59:58;41;6;3;0;10;3;0;6;0;1;2
2020-06-24 01:00:59;41;6;3;0;10;3;0;6;0;1;2
2020-06-24 01:01:59;42;7;3;0;10;3;0;6;0;1;2
2020-06-24 01:02:58;41;7;3;0;10;3;1;6;0;1;2
2020-06-24 01:03:59;41;7;3;0;10;3;1;6;0;1;2
2020-06-24 01:04:59;41;7;3;0;10;3;1;6;0;1;2
2020-06-24 01:05:58;41;7;3;0;10;3;1;6;0;1;2
2020-06-24 01:06:59;43;7;3;0;11;3;1;7;0;1;2
2020-06-24 01:07:58;43;7;3;0;11;3;1;7;0;1;2
2020-06-24 01:08:59;44;7;3;0;11;3;1;7;0;2;2
2020-06-24 01:09:58;45;8;3;0;11;3;1;7;0;2;2
2020-06-24 01:10:59;46;8;5;0;10;3;1;7;0;2;2
2020-06-24 01:11:59;46;8;5;0;10;3;1;7;0;2;2
2020-06-24 01:12:58;46;8;5;0;10;3;1;7;0;2;2
2020-06-24 01:13:59;46;8;5;0;10;3;1;7;0;2;2
2020-06-24 01:14:59;46;8;5;0;10;3;1;7;0;2;2
2020-06-24 01:15:58;46;8;5;0;10;3;1;7;0;2;2
2020-06-24 01:16:59;47;8;5;0;11;3;1;7;0;2;2
2020-06-24 01:17:59;49;8;6;0;11;3;2;7;0;2;2
2020-06-24 01:18:58;49;8;6;0;11;3;2;7;0;2;2
2020-06-24 01:19:59;49;8;6;0;11;3;2;7;0;2;2
2020-06-24 01:20:58;49;8;6;0;11;3;2;7;0;2;2
2020-06-24 01:21:59;50;8;6;0;12;3;2;7;0;2;2
2020-06-24 01:22:58;51;8;6;0;13;3;2;7;0;2;2
2020-06-24 01:23:59;52;8;7;0;13;3;2;7;0;2;2
2020-06-24 01:24:59;52;8;7;0;13;3;2;7;0;2;2
2020-06-24 01:25:58;52;8;7;0;13;3;2;7;0;2;2
2020-06-24 01:26:59;52;8;7;0;13;3;2;7;0;2;2
2020-06-24 01:27:58;52;8;7;0;13;3;2;7;0;2;2
2020-06-24 01:28:59;53;8;8;0;13;3;2;8;0;2;2
2020-06-24 01:29:59;53;8;8;0;13;3;2;8;0;2;2
2020-06-24 01:30:58;54;8;9;0;13;3;2;8;0;2;2
2020-06-24 01:32:00;54;8;9;0;13;3;2;8;0;2;2
2020-06-24 01:32:58;54;8;9;0;13;3;2;8;0;2;2
2020-06-24 01:33:59;54;8;9;0;13;3;2;8;0;2;2
2020-06-24 01:34:59;54;8;9;0;13;3;2;8;0;2;2
2020-06-24 01:35:58;54;8;9;0;13;3;2;8;0;2;2
2020-06-24 01:36:59;54;8;9;0;13;3;2;8;0;2;2
2020-06-24 01:37:58;54;8;9;0;13;3;2;8;0;2;2
2020-06-24 01:38:59;55;8;10;0;13;3;2;8;0;2;2
2020-06-24 01:39:59;56;9;10;0;13;3;2;8;0;2;2
2020-06-24 01:40:58;56;9;10;0;13;3;2;8;0;2;2
2020-06-24 01:41:59;56;9;10;0;13;3;2;8;0;2;2
2020-06-24 01:42:58;56;9;10;0;13;3;2;8;0;2;2
2020-06-24 01:43:59;56;9;10;0;13;3;2;8;0;2;2
2020-06-24 01:44:59;56;9;10;0;13;3;2;8;0;2;2
2020-06-24 01:45:58;56;9;10;0;13;3;2;8;0;2;2
2020-06-24 01:46:59;57;9;11;0;13;3;2;8;0;2;2
2020-06-24 01:47:58;57;9;11;0;13;3;2;8;0;2;2
2020-06-24 01:48:59;57;9;11;0;13;3;2;8;0;2;2
2020-06-24 01:49:59;57;9;11;0;13;3;2;8;0;2;2
2020-06-24 01:50:58;57;9;11;0;13;3;2;8;0;2;2
2020-06-24 01:51:59;58;9;11;0;13;3;2;8;0;2;2
2020-06-24 01:52:59;58;9;11;0;13;3;2;8;0;2;2
2020-06-24 01:53:58;58;9;11;0;13;3;2;8;0;2;2
2020-06-24 01:54:59;58;9;11;0;13;3;2;8;0;2;2
2020-06-24 01:55:58;59;9;11;0;13;3;2;8;0;2;2
2020-06-24 01:56:59;60;10;11;0;13;3;2;8;0;2;2
2020-06-24 01:57:59;60;10;11;0;13;3;2;8;0;2;2
2020-06-24 01:58:58;60;10;11;0;13;3;2;8;0;2;2
2020-06-24 01:59:59;60;10;11;0;13;3;2;8;0;2;2
2020-06-24 02:00:58;60;10;11;0;13;3;2;8;0;2;2
2020-06-24 02:02:00;60;10;11;0;13;3;2;8;0;2;2
2020-06-24 02:02:58;60;10;11;0;13;3;2;8;0;2;2
2020-06-24 02:03:59;60;10;11;0;13;3;2;8;0;2;2
2020-06-24 02:04:59;60;10;11;0;13;3;2;8;0;2;2
2020-06-24 02:05:58;60;10;11;0;13;3;2;8;0;2;2
2020-06-24 02:06:59;60;10;11;0;13;3;2;8;0;2;2
2020-06-24 02:07:58;60;10;11;0;13;3;2;8;0;2;2
2020-06-24 02:08:59;60;10;11;0;13;3;2;8;0;2;2
2020-06-24 02:09:59;60;10;11;0;13;3;2;8;0;2;2
2020-06-24 02:10:58;60;10;11;0;13;3;2;8;0;2;2
2020-06-24 02:11:59;61;10;11;0;14;3;2;8;0;2;2
2020-06-24 02:12:58;61;10;11;0;14;3;2;8;0;2;2
2020-06-24 02:13:59;61;10;11;0;14;3;2;8;0;2;2
2020-06-24 02:14:59;61;10;11;0;14;3;2;8;0;2;2
2020-06-24 02:15:58;61;10;11;0;14;3;2;8;0;2;2
2020-06-24 02:16:59;61;10;11;0;14;3;2;8;0;2;2
2020-06-24 02:17:59;61;10;11;0;14;3;2;8;0;2;2
2020-06-24 02:18:58;61;10;11;0;14;3;2;8;0;2;2
2020-06-24 02:19:59;61;10;11;0;14;3;2;8;0;2;2
2020-06-24 02:20:58;61;10;11;0;14;3;2;8;0;2;2
2020-06-24 02:21:59;61;10;11;0;14;3;2;8;0;2;2
2020-06-24 02:22:59;61;10;11;0;14;3;2;8;0;2;2
2020-06-24 02:23:58;61;10;12;0;13;3;2;8;0;2;2
2020-06-24 02:24:59;61;10;12;0;13;3;2;8;0;2;2
2020-06-24 02:25:59;61;10;12;0;13;3;2;8;0;2;2
2020-06-24 02:26:58;61;10;12;0;13;3;2;8;0;2;2
2020-06-24 02:27:59;61;10;12;0;13;3;2;8;0;2;2
2020-06-24 02:28:59;61;10;12;0;13;3;2;8;0;2;2
2020-06-24 02:29:58;61;10;12;0;13;3;2;8;0;2;2
2020-06-24 02:30:59;62;11;12;0;13;3;2;8;0;2;2
2020-06-24 02:31:59;62;11;12;0;13;3;2;8;0;2;2
2020-06-24 02:32:58;62;11;12;0;13;3;2;8;0;2;2
2020-06-24 02:33:59;62;11;12;0;13;3;2;8;0;2;2
2020-06-24 02:34:58;62;11;12;0;13;3;2;8;0;2;2
2020-06-24 02:35:59;62;11;12;0;13;3;2;8;0;2;2
2020-06-24 02:36:59;62;11;12;0;13;3;2;8;0;2;2
2020-06-24 02:37:58;62;11;12;0;13;3;2;8;0;2;2
2020-06-24 02:38:59;63;11;12;0;13;3;2;8;0;2;2
2020-06-24 02:39:58;63;11;12;0;13;3;2;8;0;2;2
2020-06-24 02:40:59;63;11;12;0;13;3;2;8;0;2;2
2020-06-24 02:41:58;63;11;12;0;13;3;2;8;0;2;2
2020-06-24 02:42:59;63;11;12;0;13;3;2;8;0;2;2
2020-06-24 02:43:58;63;11;12;0;13;3;2;8;0;2;2
2020-06-24 02:44:59;64;11;12;0;13;3;2;9;0;2;2
2020-06-24 02:45:58;64;11;12;0;13;3;2;9;0;2;2
2020-06-24 02:46:59;64;11;12;0;13;3;2;9;0;2;2
2020-06-24 02:47:59;64;11;12;0;13;3;2;9;0;2;2
2020-06-24 02:48:58;64;11;12;0;13;3;2;9;0;2;2
2020-06-24 02:49:59;64;11;12;0;13;3;2;9;0;2;2
2020-06-24 02:50:59;65;11;13;0;13;3;2;9;0;2;2
2020-06-24 02:51:58;65;11;13;0;13;3;2;9;0;2;2
2020-06-24 02:52:59;65;11;13;0;13;3;2;9;0;2;2
2020-06-24 02:53:58;65;11;13;0;13;3;2;9;0;2;2
2020-06-24 02:54:59;65;11;13;0;13;3;2;9;0;2;2
2020-06-24 02:55:59;65;11;13;0;13;3;2;9;0;2;2
2020-06-24 02:56:58;65;11;13;0;13;3;2;9;0;2;2
2020-06-24 02:58:00;65;11;13;0;13;3;2;9;0;2;2
2020-06-24 02:58:58;65;11;13;0;13;3;2;9;0;2;2
2020-06-24 02:59:59;65;11;13;0;13;3;2;9;0;2;2
2020-06-24 03:00:59;65;11;13;0;13;3;2;9;0;2;2
2020-06-24 03:01:58;65;11;13;0;13;3;2;9;0;2;2
2020-06-24 03:02:59;65;11;13;0;13;3;2;9;0;2;2
2020-06-24 03:03:59;65;11;13;0;13;3;2;9;0;2;2
2020-06-24 03:04:58;66;11;14;0;13;3;2;9;0;2;2
2020-06-24 03:05:59;66;11;14;0;13;3;2;9;0;2;2
2020-06-24 03:06:58;66;11;14;0;13;3;2;9;0;2;2
2020-06-24 03:07:59;66;11;14;0;13;3;2;9;0;2;2
2020-06-24 03:08:58;66;11;14;0;13;3;2;9;0;2;2
2020-06-24 03:09:59;66;11;14;0;13;3;2;9;0;2;2
2020-06-24 03:10:59;66;11;14;0;13;3;2;9;0;2;2
2020-06-24 03:11:58;66;11;14;0;13;3;2;9;0;2;2
2020-06-24 03:12:59;66;11;14;0;13;3;2;9;0;2;2
2020-06-24 03:13:59;66;11;14;0;13;3;2;9;0;2;2
2020-06-24 03:14:58;66;11;14;0;13;3;2;9;0;2;2
2020-06-24 03:15:59;66;11;14;0;13;3;2;9;0;2;2
2020-06-24 03:16:59;66;11;14;0;13;3;2;9;0;2;2
2020-06-24 03:17:58;66;11;14;0;13;3;2;9;0;2;2
2020-06-24 03:19:00;66;11;14;0;13;3;2;9;0;2;2
2020-06-24 03:19:58;66;11;14;0;13;3;2;9;0;2;2
2020-06-24 03:20:59;66;11;14;0;13;3;2;9;0;2;2
2020-06-24 03:21:59;66;11;14;0;13;3;2;9;0;2;2
2020-06-24 03:22:58;66;11;14;0;13;3;2;9;0;2;2
2020-06-24 03:23:59;66;11;14;0;13;3;2;9;0;2;2
2020-06-24 03:24:58;66;11;14;0;13;3;2;9;0;2;2
2020-06-24 03:25:59;66;11;14;0;13;3;2;9;0;2;2
2020-06-24 03:26:59;66;11;14;0;13;3;2;9;0;2;2
2020-06-24 03:27:58;66;11;14;0;13;3;2;9;0;2;2
2020-06-24 03:28:59;66;11;14;0;13;3;2;9;0;2;2
2020-06-24 03:29:58;66;11;14;0;13;3;2;9;0;2;2
2020-06-24 03:30:59;66;11;14;0;13;3;2;9;0;2;2
2020-06-24 03:31:59;66;11;14;0;13;3;2;9;0;2;2
2020-06-24 03:32:58;66;11;14;0;13;3;2;9;0;2;2
2020-06-24 03:33:59;66;11;14;0;13;3;2;9;0;2;2
2020-06-24 03:34:59;66;11;14;0;13;3;2;9;0;2;2
2020-06-24 03:35:58;68;11;15;0;13;3;2;9;0;2;2
2020-06-24 03:36:59;68;11;15;0;13;3;2;9;0;2;2
2020-06-24 03:37:59;68;11;15;0;13;3;2;9;0;2;2
2020-06-24 03:38:58;68;11;15;0;13;3;2;9;0;2;2
2020-06-24 03:39:59;68;11;15;0;13;3;2;9;0;2;2
2020-06-24 03:40:59;68;11;15;0;13;3;2;9;0;2;2
2020-06-24 03:41:58;68;11;15;0;13;3;2;9;0;2;2
2020-06-24 03:42:59;68;11;15;0;13;3;2;9;0;2;2
2020-06-24 03:43:58;68;11;15;0;13;3;2;9;0;2;2
2020-06-24 03:44:59;68;11;15;0;13;3;2;9;0;2;2
2020-06-24 03:45:59;68;11;15;0;13;3;2;9;0;2;2
2020-06-24 03:46:58;68;11;15;0;13;3;2;9;0;2;2
2020-06-24 03:47:59;68;11;15;0;13;3;2;9;0;2;2
2020-06-24 03:48:59;68;11;15;0;13;3;2;9;0;2;2
2020-06-24 03:49:58;68;11;15;0;13;3;2;9;0;2;2
2020-06-24 03:50:59;68;11;15;0;13;3;2;9;0;2;2
2020-06-24 03:51:58;68;11;15;0;13;3;2;9;0;2;2
2020-06-24 03:52:59;68;11;15;0;13;3;2;9;0;2;2
2020-06-24 03:53:58;68;11;15;0;13;3;2;9;0;2;2
2020-06-24 03:54:59;68;11;15;0;13;3;2;9;0;2;2
2020-06-24 03:55:59;68;11;15;0;13;3;2;9;0;2;2
2020-06-24 03:56:58;68;11;15;0;13;3;2;9;0;2;2
2020-06-24 03:57:59;68;11;15;0;13;3;2;9;0;2;2
2020-06-24 03:58:58;68;11;15;0;13;3;2;9;0;2;2
2020-06-24 03:59:59;68;11;15;0;13;3;2;9;0;2;2
2020-06-24 04:00:58;68;11;15;0;13;3;2;9;0;2;2
2020-06-24 04:01:59;68;11;15;0;13;3;2;9;0;2;2
2020-06-24 04:02:58;68;11;15;0;13;3;2;9;0;2;2
2020-06-24 04:03:59;69;12;15;0;13;3;2;9;0;2;2
2020-06-24 04:04:59;69;12;15;0;13;3;2;9;0;2;2
2020-06-24 04:05:58;70;13;15;0;13;3;2;9;0;2;2
2020-06-24 04:06:59;70;13;15;0;13;3;2;9;0;2;2
2020-06-24 04:07:59;71;14;14;0;13;3;2;9;0;2;2
2020-06-24 04:08:58;70;14;13;0;13;3;2;9;0;2;2
2020-06-24 04:09:59;70;14;13;0;13;3;2;9;0;2;2
2020-06-24 04:10:59;71;14;13;2;13;3;2;9;0;2;2
2020-06-24 04:11:58;72;14;13;3;13;3;2;9;0;2;2
2020-06-24 04:12:59;72;14;13;3;13;3;2;9;0;2;2
2020-06-24 04:13:58;72;14;13;3;13;3;2;9;0;2;2
2020-06-24 04:14:59;73;14;13;4;13;3;2;9;0;2;2
2020-06-24 04:16:00;74;14;14;4;13;3;2;9;0;2;2
2020-06-24 04:16:58;74;14;14;4;13;3;2;9;0;2;2
2020-06-24 04:17:59;74;14;14;4;13;3;2;9;0;2;2
2020-06-24 04:18:59;74;14;14;4;13;3;2;9;0;2;2
2020-06-24 04:19:58;75;14;14;4;13;3;3;9;0;2;2
2020-06-24 04:20:59;75;14;14;4;13;3;3;9;0;2;2
2020-06-24 04:21:58;76;14;15;4;13;3;3;9;0;2;2
2020-06-24 04:22:59;76;14;15;4;13;3;3;9;0;2;2
2020-06-24 04:23:59;76;14;15;4;13;3;3;9;0;2;2
2020-06-24 04:24:58;76;14;15;4;13;3;3;9;0;2;2
2020-06-24 04:25:59;77;15;15;4;13;3;3;9;0;2;2
2020-06-24 04:26:59;77;15;15;4;13;3;3;9;0;2;2
2020-06-24 04:27:58;77;15;15;4;13;3;3;9;0;2;2
2020-06-24 04:28:59;78;15;15;5;13;3;3;9;0;2;2
2020-06-24 04:29:58;78;15;15;5;13;3;3;9;0;2;2
2020-06-24 04:30:59;79;15;15;6;13;3;3;9;0;2;2
2020-06-24 04:31:59;79;15;15;6;13;3;3;9;0;2;2
2020-06-24 04:32:58;79;15;15;6;13;3;3;9;0;2;2
2020-06-24 04:33:59;80;15;15;6;14;3;3;9;0;2;2
2020-06-24 04:34:58;81;15;16;6;14;3;3;9;0;2;2
2020-06-24 04:35:59;82;15;17;6;14;3;3;9;0;2;2
2020-06-24 04:36:58;82;15;17;6;14;3;3;9;0;2;2
2020-06-24 04:37:59;82;15;17;6;14;3;3;9;0;2;2
2020-06-24 04:38:58;82;15;17;6;14;3;3;9;0;2;2
2020-06-24 04:39:59;82;15;17;6;14;3;3;9;0;2;2
2020-06-24 04:40:59;82;15;17;6;14;3;3;9;0;2;2
2020-06-24 04:41:58;82;15;17;6;14;3;3;9;0;2;2
2020-06-24 04:42:59;82;15;17;6;14;3;3;9;0;2;2
2020-06-24 04:43:58;82;15;17;6;14;3;3;9;0;2;2
2020-06-24 04:44:59;82;15;17;6;14;3;3;9;0;2;2
2020-06-24 04:45:59;82;15;17;6;14;3;3;9;0;2;2
2020-06-24 04:46:58;82;15;17;6;14;3;3;9;0;2;2
2020-06-24 04:47:59;82;15;17;6;14;3;3;9;0;2;2
2020-06-24 04:48:59;82;15;17;6;14;3;3;9;0;2;2
2020-06-24 04:49:59;83;16;17;6;14;3;3;9;0;2;2
2020-06-24 04:50:59;83;16;17;6;14;3;3;9;0;2;2
2020-06-24 04:51:58;83;16;17;6;14;3;3;9;0;2;2
2020-06-24 04:52:59;83;16;17;6;14;3;3;9;0;2;2
2020-06-24 04:53:58;84;16;18;6;14;3;3;9;0;2;2
2020-06-24 04:54:59;84;16;18;6;14;3;3;9;0;2;2
2020-06-24 04:55:58;84;16;18;6;14;3;3;9;0;2;2
2020-06-24 04:56:59;84;16;18;6;14;3;3;9;0;2;2
2020-06-24 04:57:58;84;16;18;6;14;3;3;9;0;2;2
2020-06-24 04:58:59;84;16;18;6;14;3;3;9;0;2;2
2020-06-24 04:59:58;84;16;18;6;14;3;3;9;0;2;2
2020-06-24 05:00:59;84;16;18;6;14;3;3;9;0;2;2
2020-06-24 05:01:58;84;16;18;6;14;3;3;9;0;2;2
2020-06-24 05:02:59;84;16;18;6;14;3;3;9;0;2;2
2020-06-24 05:03:59;84;16;18;6;14;3;3;9;0;2;2
2020-06-24 05:04:58;84;16;18;6;14;3;3;9;0;2;2
2020-06-24 05:05:59;84;16;18;6;14;3;3;9;0;2;2
2020-06-24 05:06:59;84;16;18;6;14;3;3;9;0;2;2
2020-06-24 05:07:58;84;16;18;6;14;3;3;9;0;2;2
2020-06-24 05:08:59;84;16;18;6;14;3;3;9;0;2;2
2020-06-24 05:09:58;85;16;18;7;14;3;3;9;0;2;2
2020-06-24 05:10:59;85;16;18;7;14;3;3;9;0;2;2
2020-06-24 05:11:59;85;16;18;7;14;3;3;9;0;2;2
2020-06-24 05:12:58;87;18;18;7;14;3;3;9;0;2;2
2020-06-24 05:13:59;87;18;18;7;14;3;3;9;0;2;2
2020-06-24 05:14:58;88;18;18;8;14;3;3;9;0;2;2
2020-06-24 05:15:59;89;18;18;9;14;3;3;9;0;2;2
2020-06-24 05:16:58;90;18;18;10;14;3;3;9;0;2;2
2020-06-24 05:17:59;90;18;18;10;14;3;3;9;0;2;2
2020-06-24 05:18:58;90;18;18;10;14;3;3;9;0;2;2
2020-06-24 05:19:59;90;18;18;10;14;3;3;9;0;2;2
2020-06-24 05:20:59;90;18;18;10;14;3;3;9;0;2;2
2020-06-24 05:21:58;90;18;18;10;14;3;3;9;0;2;2
2020-06-24 05:22:59;90;18;18;10;14;3;3;9;0;2;2
2020-06-24 05:23:58;90;18;18;10;14;3;3;9;0;2;2
2020-06-24 05:24:59;90;18;18;10;14;3;3;9;0;2;2
2020-06-24 05:25:58;90;18;18;10;14;3;3;9;0;2;2
2020-06-24 05:26:59;90;18;18;10;14;3;3;9;0;2;2
2020-06-24 05:27:58;90;18;18;10;14;3;3;9;0;2;2
2020-06-24 05:28:59;90;18;18;10;14;3;3;9;0;2;2
2020-06-24 05:29:58;90;18;18;10;14;3;3;9;0;2;2
2020-06-24 05:30:59;90;18;18;10;14;3;3;9;0;2;2
2020-06-24 05:31:58;90;18;18;10;14;3;3;9;0;2;2
2020-06-24 05:32:59;90;18;18;10;14;3;3;9;0;2;2
2020-06-24 05:33:58;90;18;18;10;14;3;3;9;0;2;2
2020-06-24 05:34:59;90;18;18;10;14;3;3;9;0;2;2
2020-06-24 05:35:59;90;18;18;10;14;3;3;9;0;2;2
2020-06-24 05:36:58;90;18;18;10;14;3;3;9;0;2;2
2020-06-24 05:37:59;90;18;18;10;14;3;3;9;0;2;2
2020-06-24 05:38:58;90;18;18;10;14;3;3;9;0;2;2
2020-06-24 05:39:59;90;18;18;10;14;3;3;9;0;2;2
2020-06-24 05:40:59;90;18;18;10;14;3;3;9;0;2;2
2020-06-24 05:41:58;90;18;18;10;14;3;3;9;0;2;2
2020-06-24 05:42:59;90;18;18;10;14;3;3;9;0;2;2
2020-06-24 05:43:59;90;18;18;10;14;3;3;9;0;2;2
2020-06-24 05:44:58;90;18;18;10;14;3;3;9;0;2;2
2020-06-24 05:45:59;91;18;19;10;14;3;3;9;0;2;2
2020-06-24 05:46:59;91;18;19;10;14;3;3;9;0;2;2
2020-06-24 05:47:58;91;18;19;10;14;3;3;9;0;2;2
2020-06-24 05:48:59;91;18;19;10;14;3;3;9;0;2;2
2020-06-24 05:49:59;91;18;19;10;14;3;3;9;0;2;2
2020-06-24 05:50:58;91;18;19;10;14;3;3;9;0;2;2
2020-06-24 05:51:59;91;18;19;10;14;3;3;9;0;2;2
2020-06-24 05:52:59;92;18;19;10;14;3;3;10;0;2;2
2020-06-24 05:53:58;92;18;19;10;14;3;3;10;0;2;2
2020-06-24 05:54:59;92;18;19;10;14;3;3;10;0;2;2
2020-06-24 05:55:58;92;18;19;10;14;3;3;10;0;2;2
2020-06-24 05:56:59;92;18;19;10;14;3;3;10;0;2;2
2020-06-24 05:57:59;92;18;19;10;14;3;3;10;0;2;2
2020-06-24 05:58:58;92;18;19;10;14;3;3;10;0;2;2
2020-06-24 05:59:59;92;18;19;10;14;3;3;10;0;2;2
2020-06-24 06:00:59;92;18;19;10;14;3;3;10;0;2;2
2020-06-24 06:01:58;92;18;19;10;14;3;3;10;0;2;2
2020-06-24 06:02:59;93;19;19;10;14;3;3;10;0;2;2
2020-06-24 06:03:58;93;19;19;10;14;3;3;10;0;2;2
2020-06-24 06:04:59;93;19;19;10;14;3;3;10;0;2;2
2020-06-24 06:05:59;93;19;19;10;14;3;3;10;0;2;2
2020-06-24 06:06:58;93;19;19;10;14;3;3;10;0;2;2
2020-06-24 06:07:59;93;20;19;10;14;3;3;10;0;2;2
2020-06-24 06:08:58;93;20;19;10;14;3;3;10;0;2;2
2020-06-24 06:09:59;93;20;19;10;14;3;3;10;0;2;2
2020-06-24 06:10:59;93;20;19;10;14;3;3;10;0;2;2
2020-06-24 06:11:58;93;20;19;10;14;3;3;10;0;2;2
2020-06-24 06:12:59;93;20;19;10;14;3;3;10;0;2;2
2020-06-24 06:13:59;93;20;19;10;14;3;3;10;0;2;2
2020-06-24 06:14:58;93;20;19;10;14;3;3;10;0;2;2
2020-06-24 06:15:59;93;20;19;10;14;3;3;10;0;2;2
2020-06-24 06:16:58;93;20;19;10;14;3;3;10;0;2;2
2020-06-24 06:17:59;94;20;19;10;14;3;3;11;0;2;2
2020-06-24 06:18:59;94;20;19;10;14;3;3;11;0;2;2
2020-06-24 06:19:58;94;20;19;10;14;3;3;11;0;2;2
2020-06-24 06:20:59;94;20;19;10;14;3;3;11;0;2;2
2020-06-24 06:21:58;94;20;19;10;14;3;3;11;0;2;2
2020-06-24 06:22:59;94;20;19;10;14;3;3;11;0;2;2
2020-06-24 06:23:59;95;20;20;10;14;3;3;11;0;2;2
2020-06-24 06:24:58;95;20;20;10;14;3;3;11;0;2;2
2020-06-24 06:26:00;95;20;20;10;14;3;3;11;0;2;2
2020-06-24 06:26:58;95;20;20;10;14;3;3;11;0;2;2
2020-06-24 06:27:59;95;20;20;10;14;3;3;11;0;2;2
2020-06-24 06:28:59;95;20;21;10;14;3;3;11;0;2;2
2020-06-24 06:29:58;95;20;21;10;14;3;3;11;0;2;2
2020-06-24 06:30:59;95;20;21;10;14;3;3;11;0;2;2
2020-06-24 06:31:59;95;20;21;10;14;3;3;11;0;2;2
2020-06-24 06:32:58;95;20;21;10;14;3;3;11;0;2;2
2020-06-24 06:33:59;95;20;21;10;14;3;3;11;0;2;2
2020-06-24 06:34:59;95;20;21;10;14;3;3;11;0;2;2
2020-06-24 06:35:58;95;20;21;10;14;3;3;11;0;2;2
2020-06-24 06:36:59;95;20;21;10;14;3;3;11;0;2;2
2020-06-24 06:37:58;95;20;21;10;14;3;3;11;0;2;2
2020-06-24 06:38:59;95;20;21;10;14;3;3;11;0;2;2
2020-06-24 06:39:59;95;20;21;10;14;3;3;11;0;2;2
2020-06-24 06:40:58;95;20;21;10;14;3;3;11;0;2;2
2020-06-24 06:41:59;95;20;21;10;14;3;3;11;0;2;2
2020-06-24 06:42:59;95;20;21;10;14;3;3;11;0;2;2
2020-06-24 06:43:58;95;20;21;10;14;3;3;11;0;2;2
2020-06-24 06:44:59;95;20;21;10;14;3;3;11;0;2;2
2020-06-24 06:45:59;95;20;21;10;14;3;3;11;0;2;2
2020-06-24 06:46:58;95;20;21;10;14;3;3;11;0;2;2
2020-06-24 06:47:59;95;20;21;10;14;3;3;11;0;2;2
2020-06-24 06:48:59;95;20;21;10;14;3;3;11;0;2;2
2020-06-24 06:49:58;95;20;21;10;14;3;3;11;0;2;2
2020-06-24 06:50:59;95;20;21;10;14;3;3;11;0;2;2
2020-06-24 06:51:59;96;21;21;10;14;3;3;11;0;2;2
2020-06-24 06:52:58;96;21;21;10;14;3;3;11;0;2;2
2020-06-24 06:53:59;96;21;21;10;14;3;3;11;0;2;2
2020-06-24 06:54:58;96;21;21;10;14;3;3;11;0;2;2
2020-06-24 06:55:59;97;22;21;10;14;3;3;11;0;2;2
2020-06-24 06:56:59;97;22;21;10;14;3;3;11;0;2;2
2020-06-24 06:57:58;98;22;21;11;14;3;3;11;0;2;2
2020-06-24 06:58:59;99;22;21;12;14;3;3;11;0;2;2
2020-06-24 06:59:59;100;22;21;13;14;3;3;11;0;2;2
2020-06-24 07:00:58;101;22;21;14;14;3;3;11;0;2;2
2020-06-24 07:01:59;102;22;21;15;14;3;3;11;0;2;2
2020-06-24 07:02:59;102;22;21;15;14;3;3;11;0;2;2
2020-06-24 07:03:58;102;22;21;15;14;3;3;11;0;2;2
2020-06-24 07:04:59;102;22;21;15;14;3;3;11;0;2;2
2020-06-24 07:05:58;102;22;21;15;14;3;3;11;0;2;2
2020-06-24 07:06:59;102;22;21;15;14;3;3;11;0;2;2
2020-06-24 07:07:59;102;22;21;15;14;3;3;11;0;2;2
2020-06-24 07:08:58;102;22;21;15;14;3;3;11;0;2;2
2020-06-24 07:09:59;102;22;21;15;14;3;3;11;0;2;2
2020-06-24 07:10:58;102;22;21;15;14;3;3;11;0;2;2
2020-06-24 07:11:59;102;22;21;15;14;3;3;11;0;2;2
2020-06-24 07:12:59;103;22;21;15;14;3;3;11;1;2;2
2020-06-24 07:13:58;103;22;21;15;14;3;3;11;1;2;2
2020-06-24 07:14:59;103;22;21;15;14;3;3;11;1;2;2
2020-06-24 07:15:59;103;22;21;15;14;3;3;11;1;2;2
2020-06-24 07:16:58;103;22;21;15;14;3;3;11;1;2;2
2020-06-24 07:17:59;103;22;21;15;14;3;3;11;1;2;2
2020-06-24 07:18:59;103;22;21;15;14;3;3;11;1;2;2
2020-06-24 07:19:58;103;22;21;15;14;3;3;11;1;2;2
2020-06-24 07:20:59;103;22;21;15;14;3;3;11;1;2;2
2020-06-24 07:21:59;103;22;21;15;14;3;3;11;1;2;2
2020-06-24 07:22:58;103;22;21;15;14;3;3;11;1;2;2
2020-06-24 07:23:59;103;22;21;15;14;3;3;11;1;2;2
2020-06-24 07:24:59;103;22;21;15;14;3;3;11;1;2;2
2020-06-24 07:25:58;103;22;21;15;14;3;3;11;1;2;2
2020-06-24 07:26:59;103;22;21;15;14;3;3;11;1;2;2
2020-06-24 07:27:58;103;22;21;15;14;3;3;11;1;2;2
2020-06-24 07:28:59;104;22;21;15;14;3;3;11;2;2;2
2020-06-24 07:29:59;105;23;21;15;14;3;3;11;2;2;2
2020-06-24 07:30:58;106;24;21;15;14;3;3;11;2;2;2
2020-06-24 07:31:59;106;24;21;15;14;3;3;11;2;2;2
2020-06-24 07:32:59;106;24;21;15;14;3;3;11;2;2;2
2020-06-24 07:33:58;106;24;21;15;14;3;3;11;2;2;2
2020-06-24 07:34:59;106;24;21;15;14;3;3;11;2;2;2
2020-06-24 07:35:59;106;24;21;15;14;3;3;11;2;2;2
2020-06-24 07:36:58;107;24;21;15;14;3;3;11;2;2;3
2020-06-24 07:37:59;107;24;21;15;14;3;3;11;2;2;3
2020-06-24 07:38:59;108;24;21;16;14;3;3;11;2;2;3
2020-06-24 07:39:58;109;24;21;17;14;3;3;11;2;2;3
2020-06-24 07:40:59;109;24;21;17;14;3;3;11;2;2;3
2020-06-24 07:41:58;110;24;21;18;14;3;3;11;2;2;3
2020-06-24 07:42:59;112;24;21;19;14;3;3;12;2;2;3
2020-06-24 07:43:58;112;24;21;19;14;3;3;12;2;2;3
2020-06-24 07:44:59;112;24;21;19;14;3;3;12;2;2;3
2020-06-24 07:45:59;113;25;21;19;14;3;3;12;2;2;3
2020-06-24 07:46:58;113;25;21;19;14;3;3;12;2;2;3
2020-06-24 07:47:59;114;26;21;19;14;3;3;12;2;2;3
2020-06-24 07:48:58;115;27;21;19;14;3;3;12;2;2;3
2020-06-24 07:49:59;115;27;21;19;14;3;3;12;2;2;3
2020-06-24 07:50:59;115;27;21;19;14;3;3;12;2;2;3
2020-06-24 07:51:58;115;27;21;19;14;3;3;12;2;2;3
2020-06-24 07:52:59;115;27;21;19;14;3;3;12;2;2;3
2020-06-24 07:53:59;116;28;21;19;14;3;3;12;2;2;3
2020-06-24 07:54:58;116;28;21;19;14;3;3;12;2;2;3
2020-06-24 07:55:59;117;28;21;19;14;3;3;12;2;2;3
2020-06-24 07:56:59;117;28;21;19;14;3;3;12;2;2;3
2020-06-24 07:57:58;117;28;21;19;14;3;3;12;2;2;3
2020-06-24 07:59:00;117;28;21;19;14;3;3;12;2;2;3
2020-06-24 07:59:58;117;28;21;19;14;3;3;12;2;2;3
2020-06-24 08:00:59;117;28;21;19;14;3;3;12;2;2;3
2020-06-24 08:01:59;118;28;22;19;14;3;3;12;2;2;3
2020-06-24 08:02:58;119;29;22;19;14;3;3;12;2;2;3
2020-06-24 08:03:59;119;29;22;19;14;3;3;12;2;2;3
2020-06-24 08:04:59;119;29;22;19;14;3;3;12;2;2;3
2020-06-24 08:05:58;119;29;22;19;14;3;3;12;2;2;3
2020-06-24 08:06:59;119;29;22;19;14;3;3;12;2;2;3
2020-06-24 08:07:58;119;29;22;19;14;3;3;12;2;2;3
2020-06-24 08:08:59;120;30;22;19;14;3;3;12;2;2;3
2020-06-24 08:09:58;120;30;22;19;14;3;3;12;2;2;3
2020-06-24 08:10:59;121;31;22;19;14;3;3;12;2;2;3
2020-06-24 08:11:59;121;31;22;19;14;3;3;12;2;2;3
2020-06-24 08:12:58;121;31;22;19;14;3;3;12;2;2;3
2020-06-24 08:13:59;121;31;22;19;14;3;3;12;2;2;3
2020-06-24 08:14:59;121;31;22;19;14;3;3;12;2;2;3
2020-06-24 08:15:58;122;31;22;20;14;3;3;12;2;2;3
2020-06-24 08:16:59;123;31;22;21;14;3;3;12;2;2;3
2020-06-24 08:17:59;123;31;22;21;14;3;3;12;2;2;3
2020-06-24 08:18:58;123;31;22;21;14;3;3;12;2;2;3
2020-06-24 08:19:59;123;31;22;21;14;3;3;12;2;2;3
2020-06-24 08:20:59;123;31;22;21;14;3;3;12;2;2;3
2020-06-24 08:21:58;123;31;22;21;14;3;3;12;2;2;3
2020-06-24 08:22:59;123;31;22;21;14;3;3;12;2;2;3
2020-06-24 08:23:59;123;31;22;21;14;3;3;12;2;2;3
2020-06-24 08:24:58;123;31;22;21;14;3;3;12;2;2;3
2020-06-24 08:25:59;123;31;22;21;14;3;3;12;2;2;3
2020-06-24 08:26:58;123;31;22;21;14;3;3;12;2;2;3
2020-06-24 08:27:59;123;31;22;21;14;3;3;12;2;2;3
2020-06-24 08:28:59;123;31;22;21;14;3;3;12;2;2;3
2020-06-24 08:29:58;123;31;22;21;14;3;3;12;2;2;3
2020-06-24 08:30:59;123;31;22;21;14;3;3;12;2;2;3
2020-06-24 08:31:59;124;31;22;21;14;3;4;12;2;2;3
2020-06-24 08:32:58;124;31;22;21;14;3;4;12;2;2;3
2020-06-24 08:33:59;124;31;22;21;14;3;4;12;2;2;3
2020-06-24 08:34:58;124;31;22;21;14;3;4;12;2;2;3
2020-06-24 08:35:59;124;31;22;21;14;3;4;12;2;2;3
2020-06-24 08:36:59;124;31;22;21;14;3;4;12;2;2;3
2020-06-24 08:37:58;124;31;22;21;14;3;4;12;2;2;3
2020-06-24 08:38:59;124;31;22;21;14;3;4;12;2;2;3
2020-06-24 08:39:59;125;32;22;21;14;3;4;12;2;2;3
2020-06-24 08:40:58;125;32;22;21;14;3;4;12;2;2;3
2020-06-24 08:41:59;125;32;22;21;14;3;4;12;2;2;3
2020-06-24 08:42:58;125;32;22;21;14;3;4;12;2;2;3
2020-06-24 08:44:00;125;32;22;21;14;3;4;12;2;2;3
2020-06-24 08:44:58;126;32;22;21;15;3;4;12;2;2;3
2020-06-24 08:45:59;126;32;22;21;15;3;4;12;2;2;3
2020-06-24 08:46:59;127;32;22;21;15;3;4;12;2;3;3
2020-06-24 08:47:58;127;32;22;21;15;3;4;12;2;3;3
2020-06-24 08:48:59;128;33;22;21;15;3;4;12;2;3;3
2020-06-24 08:49:58;128;33;22;21;15;3;4;12;2;3;3
2020-06-24 08:50:59;128;33;22;21;15;3;4;12;2;3;3
2020-06-24 08:51:59;129;33;23;21;15;3;4;12;2;3;3
2020-06-24 08:52:58;129;33;23;21;15;3;4;12;2;3;3
2020-06-24 08:53:59;129;33;23;21;15;3;4;12;2;3;3
2020-06-24 08:54:58;130;33;24;21;15;3;4;12;2;3;3
2020-06-24 08:55:59;130;33;24;21;15;3;4;12;2;3;3
2020-06-24 08:56:59;130;33;24;21;15;3;4;12;2;3;3
2020-06-24 08:57:58;130;33;24;21;15;3;4;12;2;3;3
2020-06-24 08:58:59;130;33;24;21;15;3;4;12;2;3;3
2020-06-24 08:59:59;130;33;24;21;15;3;4;12;2;3;3
2020-06-24 09:00:58;131;33;25;21;15;3;4;12;2;3;3
2020-06-24 09:01:59;131;34;25;21;15;3;4;12;2;3;3
2020-06-24 09:02:58;131;34;25;21;15;3;4;12;2;3;3
2020-06-24 09:03:59;131;34;25;21;15;3;4;12;2;3;3
2020-06-24 09:04:59;132;34;26;21;15;3;4;12;2;3;3
2020-06-24 09:05:58;134;36;26;21;15;3;4;12;2;3;3
2020-06-24 09:06:59;134;36;26;21;15;3;4;12;2;3;3
2020-06-24 09:07:58;134;36;26;21;15;3;4;12;2;3;3
2020-06-24 09:08:59;135;37;26;21;15;3;4;12;2;3;3
2020-06-24 09:09:59;136;37;26;21;15;3;4;12;3;3;3
2020-06-24 09:10:58;136;37;26;21;15;3;4;12;3;3;3
2020-06-24 09:11:59;136;37;26;21;15;3;4;12;3;3;3
2020-06-24 09:12:58;138;39;26;21;15;3;4;12;3;3;3
2020-06-24 09:13:59;138;39;26;21;15;3;4;12;3;3;3
2020-06-24 09:14:59;139;39;27;21;15;3;4;12;3;3;3
2020-06-24 09:15:58;139;39;27;21;15;3;4;12;3;3;3
2020-06-24 09:16:59;139;39;27;21;15;3;4;12;3;3;3
2020-06-24 09:17:58;139;39;27;21;15;3;4;12;3;3;3
2020-06-24 09:18:59;139;39;27;21;15;3;4;12;3;3;3
2020-06-24 09:19:58;139;39;27;21;15;3;4;12;3;3;3
2020-06-24 09:20:59;140;39;28;21;15;3;4;12;3;3;3
2020-06-24 09:21:58;140;39;28;21;15;3;4;12;3;3;3
2020-06-24 09:22:59;140;39;28;21;15;3;4;12;3;3;3
2020-06-24 09:23:58;140;39;28;21;15;3;4;12;3;3;3
2020-06-24 09:24:59;140;39;28;21;15;3;4;12;3;3;3
2020-06-24 09:25:59;140;39;28;21;15;3;4;12;3;3;3
2020-06-24 09:26:58;140;39;28;21;15;3;4;12;3;3;3
2020-06-24 09:27:59;140;39;28;21;15;3;4;12;3;3;3
2020-06-24 09:28:58;140;39;28;21;15;3;4;12;3;3;3
2020-06-24 09:29:59;140;39;28;21;15;3;4;12;3;3;3
2020-06-24 09:30:59;140;39;28;21;15;3;4;12;3;3;3
2020-06-24 09:31:58;140;39;28;21;15;3;4;12;3;3;3
2020-06-24 09:32:59;140;39;28;21;15;3;4;12;3;3;3
2020-06-24 09:33:58;140;39;28;21;15;3;4;12;3;3;3
2020-06-24 09:34:59;140;39;28;21;15;3;4;12;3;3;3
2020-06-24 09:35:59;140;39;28;21;15;3;4;12;3;3;3
2020-06-24 09:36:58;141;39;29;21;15;3;4;12;3;3;3
2020-06-24 09:37:59;142;40;29;21;15;3;4;12;3;3;3
2020-06-24 09:38:58;143;40;30;21;15;3;4;12;3;3;3
2020-06-24 09:39:59;144;40;30;21;15;4;4;12;3;3;3
2020-06-24 09:40:58;145;41;30;21;15;4;4;12;3;3;3
2020-06-24 09:41:59;147;42;31;21;15;4;4;12;3;3;3
2020-06-24 09:42:59;147;43;30;21;15;4;4;12;3;3;3
2020-06-24 09:43:58;148;43;31;21;15;4;4;12;3;3;3
2020-06-24 09:44:59;148;43;31;21;15;4;4;12;3;3;3
2020-06-24 09:45:59;148;43;31;21;15;4;4;12;3;3;3
2020-06-24 09:46:58;148;43;31;21;15;4;4;12;3;3;3
2020-06-24 09:47:59;148;43;31;21;15;4;4;12;3;3;3
2020-06-24 09:48:58;148;43;31;21;15;4;4;12;3;3;3
2020-06-24 09:49:59;149;44;31;21;15;4;4;12;3;3;3
2020-06-24 09:50:58;149;44;31;21;15;4;4;12;3;3;3
2020-06-24 09:51:59;149;44;31;21;15;4;4;12;3;3;3
2020-06-24 09:52:59;150;44;32;21;15;4;4;12;3;3;3
2020-06-24 09:53:58;150;44;32;21;15;4;4;12;3;3;3
2020-06-24 09:54:59;150;44;32;21;15;4;4;12;3;3;3
2020-06-24 09:55:58;150;44;32;21;15;4;4;12;3;3;3
2020-06-24 09:56:59;151;45;32;21;15;4;4;12;3;3;3
2020-06-24 09:57:59;152;46;32;21;15;4;4;12;3;3;3
2020-06-24 09:58:58;153;47;32;21;15;4;4;12;3;3;3
2020-06-24 09:59:59;153;47;32;21;15;4;4;12;3;3;3
2020-06-24 10:00:58;153;47;32;21;15;4;5;12;3;3;3
2020-06-24 10:01:59;153;47;32;21;15;4;5;12;3;3;3
2020-06-24 10:02:58;154;47;33;21;15;4;5;12;3;3;3
2020-06-24 10:03:59;154;48;33;21;14;4;5;12;3;3;3
2020-06-24 10:04:59;154;48;33;21;14;4;5;12;3;3;3
2020-06-24 10:05:58;154;48;33;21;14;4;5;12;3;3;3
2020-06-24 10:07:00;154;48;33;21;14;4;5;12;3;3;3
2020-06-24 10:07:58;154;48;33;21;14;4;5;12;3;3;3
2020-06-24 10:08:59;154;48;33;21;14;4;5;12;3;3;3
2020-06-24 10:09:58;155;48;33;21;14;5;5;12;3;3;3
2020-06-24 10:10:59;155;48;33;21;14;5;5;12;3;3;3
2020-06-24 10:11:58;155;48;33;21;14;5;5;12;3;3;3
2020-06-24 10:12:59;155;48;33;21;14;5;5;12;3;3;3
2020-06-24 10:13:58;155;48;33;21;14;5;5;12;3;3;3
2020-06-24 10:14:59;155;48;33;21;14;5;5;12;3;3;3
2020-06-24 10:15:58;155;48;33;21;14;5;5;12;3;3;3
2020-06-24 10:16:59;155;48;33;21;14;5;5;12;3;3;3
2020-06-24 10:17:59;155;48;33;21;14;5;5;12;3;3;3
2020-06-24 10:18:58;155;48;33;21;14;5;5;12;3;3;3
2020-06-24 10:19:59;156;48;34;21;14;5;5;12;3;3;3
2020-06-24 10:20:59;156;48;34;21;14;5;5;12;3;3;3
2020-06-24 10:21:58;157;49;34;21;14;5;5;12;3;3;3
2020-06-24 10:23:00;157;49;34;21;14;5;5;12;3;3;3
2020-06-24 10:23:58;159;49;34;22;14;6;5;12;3;3;3
2020-06-24 10:24:59;159;49;34;22;14;6;5;12;3;3;3
2020-06-24 10:25:59;160;49;34;23;14;6;5;12;3;3;3
2020-06-24 10:26:58;162;49;35;24;14;6;5;12;3;3;3
2020-06-24 10:27:59;163;50;34;25;14;6;5;12;3;3;3
2020-06-24 10:28:58;164;50;34;26;14;6;5;12;3;3;3
2020-06-24 10:29:58;166;51;34;27;14;6;5;12;3;3;3
2020-06-24 10:30:59;167;51;34;27;14;6;5;12;3;3;3
2020-06-24 10:31:58;168;52;34;27;14;6;5;12;3;3;3
2020-06-24 10:32:59;168;52;34;27;14;6;5;12;3;3;3
2020-06-24 10:33:58;168;52;34;27;14;6;5;12;3;3;3
2020-06-24 10:34:59;171;54;35;27;14;6;5;12;3;3;3
2020-06-24 10:35:58;172;55;35;27;14;6;5;12;3;3;3
2020-06-24 10:36:59;172;55;35;27;14;6;5;12;3;3;3
2020-06-24 10:37:58;172;55;35;27;14;6;5;12;3;3;3
2020-06-24 10:38:59;172;55;35;27;14;6;5;12;3;3;3
2020-06-24 10:39:58;172;55;35;27;14;6;5;12;3;3;3
2020-06-24 10:40:59;172;55;35;27;14;6;5;12;3;3;3
2020-06-24 10:41:59;173;55;36;27;14;6;5;12;3;3;3
2020-06-24 10:42:58;176;56;37;27;14;6;5;12;3;3;3
2020-06-24 10:43:59;176;56;37;27;14;6;5;12;3;3;3
2020-06-24 10:44:59;177;56;38;27;14;6;5;12;3;3;3
2020-06-24 10:45:58;177;56;38;27;14;6;5;12;3;3;3
2020-06-24 10:46:59;177;56;38;27;14;6;5;12;3;3;3
2020-06-24 10:47:58;177;56;38;27;14;6;5;12;3;3;3
2020-06-24 10:48:59;178;56;38;28;14;6;5;12;3;3;3
2020-06-24 10:49:59;180;56;38;30;14;6;5;12;3;3;3
2020-06-24 10:50:58;180;56;38;30;14;6;5;12;3;3;3
2020-06-24 10:51:59;181;56;38;31;14;6;5;12;3;3;3
2020-06-24 10:52:58;181;56;38;31;14;6;5;12;3;3;3
2020-06-24 10:53:59;181;56;38;31;14;6;5;12;3;3;3
2020-06-24 10:54:58;184;57;38;32;14;6;5;12;4;3;3
2020-06-24 10:56:00;185;57;38;32;14;6;5;12;4;4;3
2020-06-24 10:56:58;185;57;38;32;14;6;5;12;4;4;3
2020-06-24 10:57:59;187;57;38;33;14;6;5;13;4;4;3
2020-06-24 10:58:59;187;57;38;33;14;6;5;13;4;4;3
2020-06-24 10:59:58;187;57;39;33;13;6;5;13;4;4;3
2020-06-24 11:00:59;187;57;39;33;13;6;5;13;4;4;3
2020-06-24 11:01:59;188;57;39;34;13;6;5;13;4;4;3
2020-06-24 11:02:58;189;57;39;35;13;6;5;13;4;4;3
2020-06-24 11:03:59;189;57;39;35;13;6;5;13;4;4;3
2020-06-24 11:04:58;189;57;39;35;13;6;5;13;4;4;3
2020-06-24 11:05:59;190;58;39;35;13;6;5;13;4;4;3
2020-06-24 11:06:59;190;58;39;35;13;6;5;13;4;4;3
2020-06-24 11:07:58;192;58;39;37;13;6;5;13;4;4;3
2020-06-24 11:08:59;192;58;39;37;13;6;5;13;4;4;3
2020-06-24 11:09:58;192;58;39;37;13;6;5;13;4;4;3
2020-06-24 11:10:59;193;58;40;37;13;6;5;14;4;3;3
2020-06-24 11:11:58;193;58;40;37;13;6;5;14;4;3;3
2020-06-24 11:12:59;193;58;40;37;13;6;5;14;4;3;3
2020-06-24 11:13:58;193;58;40;37;13;6;5;14;4;3;3
2020-06-24 11:14:59;194;58;41;37;13;6;5;14;4;3;3
2020-06-24 11:15:58;195;58;42;37;13;6;5;14;4;3;3
2020-06-24 11:16:59;195;59;41;37;13;6;5;14;4;3;3
2020-06-24 11:17:59;195;59;41;37;13;6;5;14;4;3;3
2020-06-24 11:18:58;196;59;41;37;14;6;5;14;4;3;3
2020-06-24 11:19:59;196;59;41;37;14;6;5;14;4;3;3
2020-06-24 11:20:59;196;59;41;37;14;6;5;14;4;3;3
2020-06-24 11:21:58;196;59;41;37;14;6;5;14;4;3;3
2020-06-24 11:23:00;196;59;42;37;13;6;5;14;4;3;3
2020-06-24 11:23:58;196;59;42;37;13;6;5;14;4;3;3
2020-06-24 11:24:59;196;59;42;37;13;6;5;14;4;3;3
2020-06-24 11:25:59;196;59;42;37;13;6;5;14;4;3;3
2020-06-24 11:26:58;196;59;42;37;13;6;5;14;4;3;3
2020-06-24 11:27:59;198;59;42;39;13;6;5;14;4;3;3
2020-06-24 11:28:58;199;59;42;40;13;6;5;14;4;3;3
2020-06-24 11:29:59;200;59;42;41;13;6;5;14;4;3;3
2020-06-24 11:30:58;202;60;43;41;13;6;5;14;4;3;3
2020-06-24 11:31:59;202;60;43;41;13;6;5;14;4;3;3
2020-06-24 11:32:58;203;60;43;42;13;6;5;14;4;3;3
2020-06-24 11:33:59;204;61;43;42;13;6;5;14;4;3;3
2020-06-24 11:34:59;205;61;43;43;13;6;5;14;4;3;3
2020-06-24 11:35:58;206;61;43;44;13;6;5;14;4;3;3
2020-06-24 11:36:59;207;62;43;44;13;6;5;14;4;3;3
2020-06-24 11:37:58;208;62;43;45;13;6;5;14;4;3;3
2020-06-24 11:38:59;209;62;43;45;14;6;5;14;4;3;3
2020-06-24 11:39:58;211;62;44;46;14;6;5;14;4;3;3
2020-06-24 11:41:00;211;62;44;46;14;6;5;14;4;3;3
2020-06-24 11:41:58;211;62;44;46;14;6;5;14;4;3;3
2020-06-24 11:42:59;212;62;44;47;14;6;5;14;4;3;3
2020-06-24 11:43:59;213;63;44;47;14;6;5;14;4;3;3
2020-06-24 11:44:58;213;63;44;47;14;6;5;14;4;3;3
2020-06-24 11:45:59;214;63;45;47;14;6;5;14;4;3;3
2020-06-24 11:46:58;215;64;45;47;14;6;5;14;4;3;3
2020-06-24 11:47:59;216;64;45;47;15;6;5;14;4;3;3
2020-06-24 11:48:58;217;64;46;47;15;6;5;14;4;3;3
2020-06-24 11:49:59;218;65;46;47;15;6;5;14;4;3;3
2020-06-24 11:50:58;219;65;46;48;15;6;5;14;4;3;3
2020-06-24 11:51:59;220;65;46;49;15;6;5;14;4;3;3
2020-06-24 11:52:59;222;65;46;50;15;6;5;14;4;3;4
2020-06-24 11:53:58;222;65;46;50;15;6;5;14;4;3;4
2020-06-24 11:54:59;223;66;46;50;15;6;5;14;4;3;4
2020-06-24 11:55:58;223;66;46;50;15;6;5;14;4;3;4
2020-06-24 11:56:59;224;66;46;50;16;6;5;14;4;3;4
2020-06-24 11:57:59;225;66;46;50;17;6;5;14;4;3;4
2020-06-24 11:58:58;228;67;46;50;17;7;5;15;4;3;4
2020-06-24 11:59:59;228;67;46;50;17;7;5;15;4;3;4
2020-06-24 12:00:58;229;67;47;50;17;7;5;15;4;3;4
2020-06-24 12:01:59;229;67;47;50;17;7;5;15;4;3;4
2020-06-24 12:02:58;229;67;47;50;17;7;5;15;4;3;4
2020-06-24 12:03:59;230;68;47;50;17;7;5;15;4;3;4
2020-06-24 12:04:58;230;68;47;50;17;7;5;15;4;3;4
2020-06-24 12:05:59;229;68;47;50;16;7;5;15;4;3;4
2020-06-24 12:06:58;229;68;47;50;16;7;5;15;4;3;4
2020-06-24 12:07:59;229;68;47;50;16;7;5;15;4;3;4
2020-06-24 12:08:58;229;68;47;50;16;7;5;15;4;3;4
2020-06-24 12:09:59;229;68;47;50;16;7;5;15;4;3;4
2020-06-24 12:10:58;229;68;47;50;16;7;5;15;4;3;4
2020-06-24 12:11:59;230;69;46;51;16;7;5;15;4;3;4
2020-06-24 12:12:58;231;70;46;51;16;7;5;15;4;3;4
2020-06-24 12:13:59;231;70;46;51;16;7;5;15;4;3;4
2020-06-24 12:14:58;231;70;45;52;16;7;5;15;4;3;4
2020-06-24 12:15:59;232;70;45;52;16;7;5;15;4;3;4
2020-06-24 12:16:58;233;71;45;52;16;7;5;15;4;3;4
2020-06-24 12:17:59;233;71;45;52;16;7;5;15;5;2;4
2020-06-24 12:18:59;233;71;45;52;16;7;5;15;5;2;4
2020-06-24 12:19:58;233;71;45;52;16;7;5;15;5;2;4
2020-06-24 12:20:59;233;71;45;52;16;7;5;15;5;2;4
2020-06-24 12:21:58;233;71;45;52;16;7;5;15;5;2;4
2020-06-24 12:22:59;233;71;45;52;16;7;5;15;5;2;4
2020-06-24 12:23:59;233;71;45;52;16;7;5;15;5;2;4
2020-06-24 12:24:58;233;71;45;52;16;7;5;15;5;2;4
2020-06-24 12:25:59;234;72;45;52;16;7;5;15;5;2;4
2020-06-24 12:26:58;234;72;46;52;15;7;5;15;5;2;4
2020-06-24 12:27:59;235;73;46;52;15;7;5;15;5;2;4
2020-06-24 12:28:59;235;73;46;52;15;7;5;15;5;2;4
2020-06-24 12:29:58;235;73;46;52;15;7;5;15;5;2;4
2020-06-24 12:30:59;235;73;46;52;15;7;5;15;5;2;4
2020-06-24 12:31:58;235;73;46;52;15;7;5;15;5;2;4
2020-06-24 12:32:59;235;73;46;52;15;7;5;15;5;2;4
2020-06-24 12:33:59;235;73;46;52;15;7;5;15;5;2;4
2020-06-24 12:34:58;235;73;46;52;15;7;5;15;5;2;4
2020-06-24 12:35:59;235;73;46;52;15;7;5;15;5;2;4
2020-06-24 12:36:58;239;75;47;52;15;7;5;15;6;2;4
2020-06-24 12:37:59;236;74;46;52;15;7;5;15;5;2;4
2020-06-24 12:38:58;239;75;47;52;15;7;5;15;6;2;4
2020-06-24 12:39:59;239;75;47;52;15;7;5;15;6;2;4
2020-06-24 12:40:59;240;75;48;52;15;7;5;15;6;2;4
2020-06-24 12:41:58;240;75;48;52;15;7;5;15;6;2;4
2020-06-24 12:42:59;240;75;48;52;15;7;5;15;6;2;4
2020-06-24 12:43:59;240;75;48;52;15;7;5;15;6;2;4
2020-06-24 12:44:58;241;75;49;52;15;7;5;15;6;2;4
2020-06-24 12:45:59;241;75;49;52;15;7;5;15;6;2;4
2020-06-24 12:46:58;241;75;49;52;15;7;5;15;6;2;4
2020-06-24 12:47:59;242;75;49;53;15;7;5;15;6;2;4
2020-06-24 12:48:59;243;76;49;53;15;7;5;15;6;2;4
2020-06-24 12:49:58;243;76;49;53;15;7;5;15;6;2;4
2020-06-24 12:50:59;243;76;49;53;15;7;5;15;6;2;4
2020-06-24 12:51:59;243;76;49;53;15;7;5;15;6;2;4
2020-06-24 12:52:58;244;77;49;53;15;7;5;15;6;2;4
2020-06-24 12:53:59;244;77;49;53;15;7;5;15;6;2;4
2020-06-24 12:54:58;244;77;49;53;15;7;5;15;6;2;4
2020-06-24 12:55:59;245;78;49;53;15;7;5;15;6;2;4
2020-06-24 12:56:59;245;78;49;53;15;7;5;15;6;2;4
2020-06-24 12:57:58;245;78;49;53;15;7;5;15;6;2;4
2020-06-24 12:58:59;245;78;49;53;15;7;5;15;6;2;4
2020-06-24 12:59:58;247;78;49;55;15;7;5;15;6;2;4
2020-06-24 13:00:59;248;78;49;56;15;7;5;15;6;2;4
2020-06-24 13:01:58;248;78;49;56;15;7;5;15;6;2;4
2020-06-24 13:02:59;248;78;49;56;15;7;5;15;6;2;4
2020-06-24 13:03:58;248;78;49;56;15;7;5;15;6;2;4
2020-06-24 13:04:59;249;78;49;57;15;7;5;15;6;2;4
2020-06-24 13:05:58;249;78;49;57;15;7;5;15;6;2;4
2020-06-24 13:06:59;249;78;49;57;15;7;5;15;6;2;4
2020-06-24 13:07:59;249;78;49;57;15;7;5;15;6;2;4
2020-06-24 13:08:58;249;78;49;57;15;7;5;15;6;2;4
2020-06-24 13:09:59;249;78;49;57;15;7;5;15;6;2;4
2020-06-24 13:10:58;249;78;49;57;15;7;5;15;6;2;4
2020-06-24 13:11:59;250;78;49;58;15;7;5;15;6;2;4
2020-06-24 13:12:59;250;78;49;58;15;7;5;15;6;2;4
2020-06-24 13:13:58;250;78;49;58;15;7;5;15;6;2;4
2020-06-24 13:14:59;251;78;48;60;15;7;5;15;6;2;4
2020-06-24 13:15:58;252;79;48;60;15;7;5;15;6;2;4
2020-06-24 13:16:59;253;79;48;61;15;7;5;15;6;2;4
2020-06-24 13:17:59;253;79;48;61;15;7;5;15;6;2;4
2020-06-24 13:18:58;253;79;48;61;15;7;5;15;6;2;4
2020-06-24 13:19:59;253;79;48;61;15;7;5;15;6;2;4
2020-06-24 13:20:59;253;79;48;61;15;7;5;15;6;2;4
2020-06-24 13:21:58;253;79;48;61;15;7;5;15;6;2;4
2020-06-24 13:22:59;253;79;48;61;15;7;5;15;6;2;4
2020-06-24 13:23:58;253;79;48;61;15;7;5;15;6;2;4
2020-06-24 13:24:59;255;80;49;61;15;7;5;15;6;2;4
2020-06-24 13:25:58;255;80;49;61;15;7;5;15;6;2;4
2020-06-24 13:26:59;255;80;49;61;15;7;5;15;6;2;4
2020-06-24 13:27:58;256;81;49;61;15;7;5;15;6;2;4
2020-06-24 13:28:59;256;81;49;61;15;7;5;15;6;2;4
2020-06-24 13:29:59;256;81;49;61;15;7;5;15;6;2;4
2020-06-24 13:30:58;256;81;49;61;15;7;5;15;6;2;4
2020-06-24 13:31:59;256;81;49;61;15;7;5;15;6;2;4
2020-06-24 13:32:59;257;81;49;62;15;7;5;15;6;2;4
2020-06-24 13:33:58;259;83;49;62;15;7;5;15;6;2;4
2020-06-24 13:34:59;259;83;49;62;15;7;5;15;6;2;4
2020-06-24 13:35:58;259;83;49;62;15;7;5;15;6;2;4
2020-06-24 13:36:59;259;83;49;62;15;7;5;15;6;2;4
2020-06-24 13:37:59;259;83;49;62;15;7;5;15;6;2;4
2020-06-24 13:38:58;259;83;49;62;15;7;5;15;6;2;4
2020-06-24 13:39:59;259;83;49;63;15;7;5;14;6;2;4
2020-06-24 13:40:58;260;83;49;63;16;7;5;14;6;2;4
2020-06-24 13:41:59;260;83;50;62;16;7;5;14;6;2;4
2020-06-24 13:42:59;260;83;50;62;16;7;5;14;6;2;4
2020-06-24 13:43:58;260;83;50;62;16;7;5;14;6;2;4
2020-06-24 13:44:59;260;83;50;62;16;7;5;14;6;2;4
2020-06-24 13:45:58;260;83;50;62;16;7;5;14;6;2;4
2020-06-24 13:46:59;260;83;50;62;16;7;5;14;6;2;4
2020-06-24 13:47:59;261;83;51;62;16;7;5;14;6;2;4
2020-06-24 13:48:58;261;83;51;62;16;7;5;14;6;2;4
2020-06-24 13:49:59;261;83;51;62;16;7;5;14;6;2;4
2020-06-24 13:50:58;261;83;51;62;16;7;5;14;6;2;4
2020-06-24 13:51:59;261;83;51;62;16;7;5;14;6;2;4
2020-06-24 13:52:58;261;83;51;62;16;7;5;14;6;2;4
2020-06-24 13:53:59;261;83;51;62;16;7;5;14;6;2;4
2020-06-24 13:54:59;261;83;51;62;16;7;5;14;6;2;4
2020-06-24 13:55:58;261;83;51;62;16;7;5;14;6;2;4
2020-06-24 13:56:59;261;83;51;62;16;7;5;14;6;2;4
2020-06-24 13:57:58;261;83;51;62;16;7;5;14;6;2;4
2020-06-24 13:58:59;262;84;51;62;16;7;5;14;6;2;4
2020-06-24 13:59:58;262;84;51;62;16;7;5;14;6;2;4
2020-06-24 14:00:59;262;84;51;62;16;7;5;14;6;2;4
2020-06-24 14:01:58;263;85;51;62;16;7;5;14;6;2;4
2020-06-24 14:02:59;264;86;51;62;16;7;5;14;6;2;4
2020-06-24 14:03:58;264;86;51;62;16;7;5;14;6;2;4
2020-06-24 14:04:59;265;86;51;63;16;7;5;14;6;2;4
2020-06-24 14:05:59;265;86;51;63;16;7;5;14;6;2;4
2020-06-24 14:06:58;265;86;51;63;16;7;5;14;6;2;4
2020-06-24 14:07:59;265;86;51;63;16;7;5;14;6;2;4
2020-06-24 14:08:58;265;86;51;63;16;7;5;14;6;2;4
2020-06-24 14:09:59;265;86;51;63;16;7;5;14;6;2;4
2020-06-24 14:10:58;266;86;51;63;16;8;5;14;6;2;4
2020-06-24 14:11:59;266;86;51;63;16;8;5;14;6;2;4
2020-06-24 14:12:59;267;86;52;63;16;8;5;14;6;2;4
2020-06-24 14:13:58;268;86;53;63;16;8;5;14;6;2;4
2020-06-24 14:14:59;268;86;53;63;16;8;5;14;6;2;4
2020-06-24 14:15:58;269;87;53;63;16;8;5;14;6;2;4
2020-06-24 14:16:59;273;87;54;65;16;8;5;14;7;2;4
2020-06-24 14:17:58;273;87;54;65;16;8;5;14;7;2;4
2020-06-24 14:18:59;273;87;54;65;16;8;5;14;7;2;4
2020-06-24 14:19:59;273;87;54;65;16;8;5;14;7;2;4
2020-06-24 14:20:58;274;88;54;65;16;8;5;14;7;2;4
2020-06-24 14:21:59;276;89;54;65;16;8;6;14;7;2;4
2020-06-24 14:22:58;276;89;54;65;16;8;6;14;7;2;4
2020-06-24 14:23:59;277;89;54;65;16;9;6;14;7;2;4
2020-06-24 14:24:59;278;89;54;66;16;9;6;14;7;2;4
2020-06-24 14:25:58;280;91;54;66;16;9;6;14;7;2;4
2020-06-24 14:26:59;282;93;54;66;16;9;6;14;7;2;4
2020-06-24 14:27:58;283;94;54;65;17;9;6;14;7;2;4
2020-06-24 14:28:59;284;94;55;65;17;9;6;14;7;2;4
2020-06-24 14:29:58;285;94;55;66;17;9;6;14;7;2;4
2020-06-24 14:30:59;285;94;55;66;17;9;6;14;7;2;4
2020-06-24 14:31:59;285;94;55;66;17;9;6;14;7;2;4
2020-06-24 14:32:58;286;95;55;66;17;9;6;14;7;2;4
2020-06-24 14:33:59;286;95;55;66;17;9;6;14;7;2;4
2020-06-24 14:34:58;286;95;55;66;17;9;6;14;7;2;4
2020-06-24 14:35:59;287;95;55;66;18;9;6;14;7;2;4
2020-06-24 14:36:59;287;95;55;66;18;9;6;14;7;2;4
2020-06-24 14:37:58;290;96;55;66;18;9;6;14;7;4;4
2020-06-24 14:38:59;291;96;55;66;18;9;6;14;7;5;4
2020-06-24 14:39:58;290;96;54;66;18;9;6;14;7;5;4
2020-06-24 14:40:59;291;96;54;66;18;9;7;14;7;5;4
2020-06-24 14:41:58;292;97;54;66;18;9;7;14;7;5;4
2020-06-24 14:42:59;292;97;54;66;18;9;7;14;7;5;4
2020-06-24 14:43:58;292;97;54;66;18;9;7;14;7;5;4
2020-06-24 14:44:59;292;97;54;66;18;9;7;14;7;5;4
2020-06-24 14:45:59;292;97;54;66;18;9;7;14;7;5;4
2020-06-24 14:46:58;292;97;54;66;18;9;7;14;7;5;4
2020-06-24 14:47:59;292;97;54;66;18;9;7;14;7;5;4
2020-06-24 14:48:58;293;98;54;66;18;9;7;14;7;5;4
2020-06-24 14:49:59;293;98;54;66;18;9;7;14;7;5;4
2020-06-24 14:50:59;293;98;54;66;18;9;7;14;7;5;4
2020-06-24 14:51:58;293;98;54;66;18;9;7;14;7;5;4
2020-06-24 14:52:59;294;99;54;66;18;9;7;14;8;5;4
2020-06-24 14:53:58;294;99;54;66;18;9;7;14;8;5;4
2020-06-24 14:54:59;294;99;54;66;18;9;7;14;8;5;4
2020-06-24 14:55:59;294;99;54;66;18;9;7;14;8;5;4
2020-06-24 14:56:58;294;99;54;66;18;9;7;14;8;5;4
2020-06-24 14:57:59;294;99;54;66;18;9;7;14;8;5;4
2020-06-24 14:58:58;294;99;54;66;18;9;7;14;8;5;4
2020-06-24 14:59:59;297;100;54;67;19;9;7;14;8;5;4
2020-06-24 15:00:59;297;100;54;67;19;9;7;14;8;5;4
2020-06-24 15:01:58;298;100;54;67;19;9;7;14;8;5;4
2020-06-24 15:02:59;298;100;54;67;19;9;7;14;8;5;4
2020-06-24 15:03:58;299;101;54;67;19;9;7;14;8;5;4
2020-06-24 15:04:59;299;101;54;67;19;9;7;14;8;5;4
2020-06-24 15:05:59;299;101;53;68;19;9;7;14;8;5;4
2020-06-24 15:06:58;300;102;53;68;19;9;7;14;8;5;4
2020-06-24 15:07:59;301;102;53;68;19;9;7;14;8;5;4
2020-06-24 15:08:58;301;102;53;68;19;9;7;14;8;5;4
2020-06-24 15:09:59;301;102;53;68;19;9;7;14;8;5;4
2020-06-24 15:10:58;302;103;53;68;19;9;7;14;8;5;4
2020-06-24 15:11:59;302;103;53;68;19;9;7;14;8;5;4
2020-06-24 15:12:59;302;103;53;68;19;9;7;14;8;5;4
2020-06-24 15:13:58;303;104;53;68;19;9;7;14;8;5;4
2020-06-24 15:14:59;303;104;53;68;19;9;7;14;8;5;4
2020-06-24 15:15:58;303;104;53;68;19;9;7;14;8;5;4
2020-06-24 15:16:59;303;104;53;68;19;9;7;14;8;5;4
2020-06-24 15:17:58;304;104;53;69;19;9;7;14;8;5;4
2020-06-24 15:18:59;305;104;54;69;19;9;7;14;8;5;4
2020-06-24 15:19:59;305;104;54;69;19;9;7;14;8;5;4
2020-06-24 15:20:58;306;104;54;70;19;9;7;14;8;5;4
2020-06-24 15:21:59;306;104;54;70;19;9;7;14;8;5;4
2020-06-24 15:22:58;306;104;54;70;19;9;7;14;8;5;4
2020-06-24 15:23:59;308;106;54;70;19;9;7;14;8;5;4
2020-06-24 15:24:59;309;106;54;70;19;10;7;14;8;5;4
2020-06-24 15:25:58;309;106;54;70;19;10;7;14;8;5;4
2020-06-24 15:26:59;310;107;54;70;19;10;7;14;8;5;4
2020-06-24 15:27:58;310;107;54;70;19;10;7;14;8;5;4
2020-06-24 15:28:59;310;107;54;70;19;10;7;14;8;5;4
2020-06-24 15:29:59;310;107;54;70;19;10;7;14;8;5;4
2020-06-24 15:30:58;310;107;54;70;19;10;7;14;8;5;4
2020-06-24 15:31:59;310;107;54;70;19;10;7;14;8;5;4
2020-06-24 15:32:58;311;107;54;71;19;10;7;14;8;5;4
2020-06-24 15:33:59;312;108;54;71;19;10;7;14;8;5;4
2020-06-24 15:34:59;312;109;54;70;19;10;7;14;8;5;4
2020-06-24 15:35:58;312;109;54;70;19;10;7;14;8;5;4
2020-06-24 15:36:59;312;109;54;70;19;10;7;14;8;5;4
2020-06-24 15:37:58;312;109;54;70;19;10;7;14;8;5;4
2020-06-24 15:38:59;312;109;54;70;19;10;7;14;8;5;4
2020-06-24 15:39:58;312;109;54;70;19;10;7;14;8;5;4
2020-06-24 15:40:59;312;109;54;70;19;10;7;14;8;5;4
2020-06-24 15:41:58;312;109;54;70;19;10;7;14;8;5;4
2020-06-24 15:42:59;312;109;54;70;19;10;7;14;8;5;4
2020-06-24 15:43:58;314;110;54;71;19;10;7;14;8;5;4
2020-06-24 15:44:59;314;110;54;71;19;10;7;14;8;5;4
2020-06-24 15:45:59;314;110;54;71;19;10;7;14;8;5;4
2020-06-24 15:46:58;315;111;54;71;19;10;7;14;8;5;4
2020-06-24 15:47:59;316;112;54;71;19;10;7;14;8;5;4
2020-06-24 15:48:58;316;112;54;71;19;10;7;14;8;5;4
2020-06-24 15:49:59;316;112;54;71;19;10;7;14;8;5;4
2020-06-24 15:50:59;318;112;56;71;19;10;7;14;8;5;4
2020-06-24 15:51:58;319;113;56;71;19;10;7;14;8;5;4
2020-06-24 15:52:59;319;113;56;71;19;10;7;14;8;5;4
2020-06-24 15:53:58;319;113;56;71;19;10;7;14;8;5;4
2020-06-24 15:54:59;320;113;56;72;19;10;7;14;8;5;4
2020-06-24 15:55:58;320;113;56;72;19;10;7;14;8;5;4
2020-06-24 15:56:59;321;114;56;72;19;10;7;14;8;5;4
2020-06-24 15:57:59;324;116;56;73;19;10;7;14;8;5;4
2020-06-24 15:58:58;324;116;56;73;19;10;7;14;8;5;4
2020-06-24 15:59:59;325;116;56;74;19;10;7;14;8;5;4
2020-06-24 16:00:58;325;116;56;74;19;10;7;14;8;5;4
2020-06-24 16:01:59;325;116;56;74;19;10;7;14;8;5;4
2020-06-24 16:02:58;325;116;56;74;19;10;7;14;8;5;4
2020-06-24 16:03:59;326;116;56;74;19;10;7;14;8;5;4
2020-06-24 16:04:58;326;116;56;74;19;10;7;14;8;5;4
2020-06-24 16:05:59;326;116;56;74;19;10;7;14;8;5;4
2020-06-24 16:06:58;326;116;56;75;18;10;7;14;8;5;4
2020-06-24 16:07:59;328;118;56;75;18;10;7;14;8;5;4
2020-06-24 16:08:59;328;118;56;75;18;10;7;14;8;5;4
2020-06-24 16:09:58;328;118;56;75;18;10;7;14;8;5;4
2020-06-24 16:10:59;328;118;56;75;18;10;7;14;8;5;4
2020-06-24 16:11:58;328;118;56;75;18;10;7;14;8;5;4
2020-06-24 16:12:59;329;118;57;75;18;10;7;14;8;5;4
2020-06-24 16:13:58;329;118;57;75;18;10;7;14;8;5;4
2020-06-24 16:14:59;329;118;57;75;18;10;7;14;8;5;4
2020-06-24 16:15:59;329;118;57;75;18;10;7;14;8;5;4
2020-06-24 16:16:58;330;118;57;76;18;10;7;14;8;5;4
2020-06-24 16:17:59;330;117;58;76;18;10;7;14;8;5;4
2020-06-24 16:18:58;330;117;58;76;18;10;7;14;8;5;4
2020-06-24 16:20:00;330;117;58;76;18;10;7;14;8;5;4
2020-06-24 16:20:58;330;117;58;76;18;10;7;14;8;5;4
2020-06-24 16:21:59;330;117;58;76;18;10;7;14;8;5;4
2020-06-24 16:22:59;330;117;58;76;18;10;7;14;8;5;4
2020-06-24 16:23:58;330;117;58;76;18;10;7;14;8;5;4
2020-06-24 16:24:59;331;117;59;76;18;10;7;14;8;5;4
2020-06-24 16:25:58;331;117;59;76;18;10;7;14;8;5;4
2020-06-24 16:26:59;332;117;59;76;19;10;7;14;8;5;4
2020-06-24 16:27:59;333;118;59;76;19;10;7;14;8;5;4
2020-06-24 16:28:58;333;118;59;76;19;10;7;14;8;5;4
2020-06-24 16:29:59;333;118;59;76;19;10;7;14;8;5;4
2020-06-24 16:30:59;334;119;59;76;19;10;7;14;8;5;4
2020-06-24 16:31:58;334;119;59;76;19;10;7;14;8;5;4
2020-06-24 16:32:59;335;119;59;76;19;10;7;14;8;5;4
2020-06-24 16:33:59;335;120;59;76;19;10;7;14;8;5;4
2020-06-24 16:34:58;335;120;59;76;19;10;7;14;8;5;4
2020-06-24 16:35:59;335;120;59;76;19;10;7;14;8;5;4
2020-06-24 16:36:58;335;120;59;76;19;10;7;14;8;5;4
2020-06-24 16:37:59;335;120;59;76;19;10;7;14;8;5;4
2020-06-24 16:38:59;335;120;59;76;19;10;7;14;8;5;4
2020-06-24 16:39:58;335;120;59;76;19;10;7;14;8;5;4
2020-06-24 16:40:59;335;120;59;76;19;10;7;14;8;5;4
2020-06-24 16:41:59;335;120;59;76;19;10;7;14;8;5;4
2020-06-24 16:42:58;335;120;59;76;19;10;7;14;8;5;4
2020-06-24 16:43:59;335;120;59;76;19;10;7;14;8;5;4
2020-06-24 16:44:59;336;120;59;76;19;10;7;14;8;5;4
2020-06-24 16:45:58;336;120;59;76;19;10;7;14;8;5;4
2020-06-24 16:46:59;336;120;59;76;19;10;7;14;8;5;4
2020-06-24 16:47:59;338;122;59;76;19;10;7;14;8;5;4
2020-06-24 16:48:58;338;122;59;76;19;10;7;14;8;5;4
2020-06-24 16:49:59;339;122;59;76;19;10;7;14;8;5;4
2020-06-24 16:50:58;339;122;59;76;19;10;7;14;8;5;4
2020-06-24 16:51:59;341;123;60;76;19;10;7;14;8;5;4
2020-06-24 16:52:58;341;123;60;76;19;10;7;14;8;5;4
2020-06-24 16:53:59;341;123;60;76;19;10;7;14;8;5;4
2020-06-24 16:54:59;341;123;60;76;19;10;7;14;8;5;4
2020-06-24 16:55:58;340;122;60;76;19;10;7;14;8;5;4
2020-06-24 16:56:59;341;122;61;76;19;10;7;14;8;5;4
2020-06-24 16:57:59;341;122;61;76;19;10;7;14;8;5;4
2020-06-24 16:58:58;341;122;61;76;19;10;7;14;8;5;4
2020-06-24 16:59:59;341;122;61;76;19;10;7;14;8;5;4
2020-06-24 17:00:58;343;123;62;76;19;10;7;14;8;5;4
2020-06-24 17:01:59;343;123;62;76;19;10;7;14;8;5;4
2020-06-24 17:02:59;344;123;63;76;19;10;7;14;8;5;4
2020-06-24 17:03:58;344;123;63;76;19;10;7;14;8;5;4
2020-06-24 17:04:59;344;123;63;76;19;10;7;14;8;5;4
2020-06-24 17:05:58;344;123;63;76;19;10;7;14;8;5;4
2020-06-24 17:06:59;344;123;63;76;19;10;7;14;8;5;4
2020-06-24 17:07:58;346;124;63;76;19;11;7;14;8;5;4
2020-06-24 17:08:59;348;124;65;76;19;11;7;14;8;5;4
2020-06-24 17:09:59;348;124;65;76;19;11;7;14;8;5;4
2020-06-24 17:10:58;348;124;65;76;19;11;7;14;8;5;4
2020-06-24 17:11:59;351;125;66;76;19;11;8;14;8;5;4
2020-06-24 17:12:59;351;125;66;76;19;11;8;14;8;5;4
2020-06-24 17:13:58;351;125;66;76;19;11;8;14;8;5;4
2020-06-24 17:14:59;352;126;66;76;19;11;8;14;8;5;4
2020-06-24 17:15:59;352;126;66;76;19;11;8;14;8;5;4
2020-06-24 17:16:58;352;126;66;76;19;11;8;14;8;5;4
2020-06-24 17:17:59;352;126;66;76;19;11;8;14;8;5;4
2020-06-24 17:18:58;353;126;66;77;19;11;8;14;8;5;4
2020-06-24 17:19:59;354;126;66;78;19;11;8;14;8;5;4
2020-06-24 17:20:59;355;126;66;79;19;11;8;14;8;5;4
2020-06-24 17:21:58;355;126;66;79;19;11;8;14;8;5;4
2020-06-24 17:22:59;356;126;67;79;19;11;8;14;8;5;4
2020-06-24 17:23:58;356;125;68;79;19;11;8;14;8;5;4
2020-06-24 17:24:59;356;125;68;79;19;11;8;14;8;5;4
2020-06-24 17:25:58;356;125;68;79;19;11;8;14;8;5;4
2020-06-24 17:26:59;356;125;68;79;19;11;8;14;8;5;4
2020-06-24 17:27:59;356;125;68;79;19;11;8;14;8;5;4
2020-06-24 17:28:58;356;125;68;79;19;11;8;14;8;5;4
2020-06-24 17:29:59;356;125;68;79;19;11;8;14;8;5;4
2020-06-24 17:30:59;356;125;68;79;19;11;8;14;8;5;4
2020-06-24 17:31:58;356;125;68;79;19;11;8;14;8;5;4
2020-06-24 17:32:59;356;125;68;79;19;11;8;14;8;5;4
2020-06-24 17:33:59;356;125;68;79;19;11;8;14;8;5;4
2020-06-24 17:34:58;357;125;69;79;19;11;8;14;8;5;4
2020-06-24 17:35:59;357;125;69;79;19;11;8;14;8;5;4
2020-06-24 17:36:58;357;125;69;79;19;11;8;14;8;5;4
2020-06-24 17:37:59;357;125;69;79;19;11;8;14;8;5;4
2020-06-24 17:38:58;356;125;69;78;19;11;8;14;8;5;4
2020-06-24 17:39:59;357;125;69;79;19;11;8;14;8;5;4
2020-06-24 17:40:58;357;125;69;79;19;11;8;14;8;5;4
2020-06-24 17:42:00;358;125;71;78;19;11;8;14;8;5;4
2020-06-24 17:42:58;358;124;71;78;19;12;8;14;8;5;4
2020-06-24 17:44:00;358;124;71;78;19;12;8;14;8;5;4
2020-06-24 17:44:58;358;124;71;78;19;12;8;14;8;5;4
2020-06-24 17:45:59;358;124;71;78;19;12;8;14;8;5;4
2020-06-24 17:46:59;358;124;71;78;19;12;8;14;8;5;4
2020-06-24 17:47:58;358;124;71;78;19;12;8;14;8;5;4
2020-06-24 17:48:59;359;124;71;79;19;12;8;14;8;5;4
2020-06-24 17:49:59;361;125;71;80;19;12;8;14;8;5;4
2020-06-24 17:50:59;361;125;71;80;19;12;8;14;8;5;4
2020-06-24 17:51:59;362;126;71;80;19;12;8;14;8;5;4
2020-06-24 17:52:58;363;126;72;80;19;12;8;14;8;5;4
2020-06-24 17:53:59;364;126;72;81;19;12;8;14;8;5;4
2020-06-24 17:54:58;364;126;72;81;19;12;8;14;8;5;4
2020-06-24 17:56:00;365;126;72;82;19;12;8;14;8;5;4
2020-06-24 17:56:58;366;126;73;83;18;12;8;14;8;5;4
2020-06-24 17:57:59;366;126;73;83;18;12;8;14;8;5;4
2020-06-24 17:58:59;366;126;73;83;18;12;8;14;8;5;4
2020-06-24 17:59:58;366;126;73;83;18;12;8;14;8;5;4
2020-06-24 18:00:59;366;126;73;83;18;12;8;14;8;5;4
2020-06-24 18:01:59;366;126;73;83;18;12;8;14;8;5;4
2020-06-24 18:02:58;366;126;73;83;18;12;8;14;8;5;4
2020-06-24 18:03:59;366;126;73;83;18;12;8;14;8;5;4
2020-06-24 18:04:58;366;126;73;83;18;12;8;14;8;5;4
2020-06-24 18:05:59;366;126;73;83;18;12;8;14;8;5;4
2020-06-24 18:06:59;366;126;73;83;18;12;8;14;8;5;4
2020-06-24 18:07:58;366;126;73;83;18;12;8;14;8;5;4
2020-06-24 18:08:59;366;126;73;83;18;12;8;14;8;5;4
2020-06-24 18:09:58;366;126;73;83;18;12;8;14;8;5;4
2020-06-24 18:10:59;366;126;73;83;18;12;8;14;8;5;4
2020-06-24 18:11:59;366;126;73;83;18;12;8;14;8;5;4
2020-06-24 18:12:58;366;126;73;83;18;12;8;14;8;5;4
2020-06-24 18:13:59;367;126;74;83;18;12;8;14;8;5;4
2020-06-24 18:14:59;368;126;75;83;18;12;8;14;8;5;4
2020-06-24 18:15:58;369;127;75;83;18;12;8;14;8;5;4
2020-06-24 18:16:59;369;127;75;83;18;12;8;14;8;5;4
2020-06-24 18:17:58;369;127;75;83;18;12;8;14;8;5;4
2020-06-24 18:18:59;370;127;76;83;18;12;8;14;8;5;4
2020-06-24 18:19:58;370;126;77;83;18;12;8;14;8;5;4
2020-06-24 18:20:59;370;126;77;83;18;12;8;14;8;5;4
2020-06-24 18:21:59;370;126;77;83;18;12;8;14;8;5;4
2020-06-24 18:22:58;372;127;78;83;18;12;8;14;8;5;4
2020-06-24 18:23:59;372;127;78;83;18;12;8;14;8;5;4
2020-06-24 18:24:58;372;127;78;83;18;12;8;14;8;5;4
2020-06-24 18:25:59;372;127;78;83;18;12;8;14;8;5;4
2020-06-24 18:26:59;374;128;79;83;18;12;8;14;8;5;4
2020-06-24 18:27:58;375;128;79;84;18;12;8;14;8;5;4
2020-06-24 18:28:59;377;129;80;84;17;13;8;14;8;5;4
2020-06-24 18:29:58;377;129;80;84;17;13;8;14;8;5;4
2020-06-24 18:30:59;377;129;80;84;17;13;8;14;8;5;4
2020-06-24 18:31:58;377;129;80;84;17;13;8;14;8;5;4
2020-06-24 18:32:59;377;129;80;84;17;13;8;14;8;5;4
2020-06-24 18:33:58;377;129;80;84;17;13;8;14;8;5;4
2020-06-24 18:34:59;377;129;80;84;17;13;8;14;8;5;4
2020-06-24 18:35:59;379;130;81;84;17;13;8;14;8;5;4
2020-06-24 18:36:58;379;130;81;84;17;13;8;14;8;5;4
2020-06-24 18:37:59;380;129;82;85;17;13;8;14;8;5;4
2020-06-24 18:38:58;381;129;82;86;17;13;8;14;8;5;4
2020-06-24 18:39:59;381;129;82;86;17;13;8;14;8;5;4
2020-06-24 18:40:58;382;129;82;87;17;13;8;14;8;5;4
2020-06-24 18:41:59;384;130;82;88;17;13;8;14;8;5;4
2020-06-24 18:42:59;385;130;82;88;18;13;8;14;8;5;4
2020-06-24 18:43:58;386;130;83;88;18;13;8;14;8;5;4
2020-06-24 18:44:59;386;130;83;88;18;13;8;14;8;5;4
2020-06-24 18:45:58;386;130;83;88;18;13;8;14;8;5;4
2020-06-24 18:46:59;386;130;83;88;18;13;8;14;8;5;4
2020-06-24 18:47:58;387;130;83;89;18;13;8;14;8;5;4
2020-06-24 18:48:59;387;130;83;89;18;13;8;14;8;5;4
2020-06-24 18:49:59;388;130;83;90;18;13;8;14;8;5;4
2020-06-24 18:50:58;388;130;83;90;18;13;8;14;8;5;4
2020-06-24 18:51:59;388;130;83;90;18;13;8;14;8;5;4
2020-06-24 18:52:58;388;130;83;90;18;13;8;14;8;5;4
2020-06-24 18:53:59;389;131;83;90;18;13;8;14;8;5;4
2020-06-24 18:54:59;390;132;83;90;18;13;8;14;8;5;4
2020-06-24 18:55:58;391;132;83;91;18;13;8;14;8;5;4
2020-06-24 18:56:59;391;132;83;91;18;13;8;14;8;5;4
2020-06-24 18:57:59;391;132;83;91;18;13;8;14;8;5;4
2020-06-24 18:58:58;391;132;83;91;18;13;8;14;8;5;4
2020-06-24 18:59:59;391;132;83;91;18;13;8;14;8;5;4
2020-06-24 19:00:58;392;132;84;91;18;13;8;14;8;5;4
2020-06-24 19:01:59;392;132;84;91;18;13;8;14;8;5;4
2020-06-24 19:02:58;392;132;84;91;18;13;8;14;8;5;4
2020-06-24 19:03:59;392;132;84;91;18;13;8;14;8;5;4
2020-06-24 19:04:59;392;132;84;91;18;13;8;14;8;5;4
2020-06-24 19:05:58;392;132;84;91;18;13;8;14;8;5;4
2020-06-24 19:06:59;392;132;84;91;18;13;8;14;8;5;4
2020-06-24 19:07:58;393;132;84;91;18;13;9;14;8;5;4
2020-06-24 19:08:59;394;132;85;91;18;13;9;14;8;5;4
2020-06-24 19:09:59;396;134;85;91;18;13;9;14;8;5;4
2020-06-24 19:10:58;397;134;85;91;18;14;9;14;8;5;4
2020-06-24 19:11:59;397;134;85;91;18;14;9;14;8;5;4
2020-06-24 19:12:58;397;134;85;91;18;14;9;14;8;5;4
2020-06-24 19:13:59;398;134;85;91;18;15;9;14;8;5;4
2020-06-24 19:14:58;398;134;85;91;18;15;9;14;8;5;4
2020-06-24 19:16:00;399;134;85;92;18;15;9;14;8;5;4
2020-06-24 19:16:58;399;134;85;92;18;15;9;14;8;5;4
2020-06-24 19:17:59;400;134;85;93;18;15;9;14;8;5;4
2020-06-24 19:18:59;401;134;86;93;18;15;9;14;8;5;4
2020-06-24 19:19:58;403;134;87;94;18;15;9;14;8;5;4
2020-06-24 19:20:59;403;134;87;94;18;15;9;14;8;5;4
2020-06-24 19:21:58;403;134;87;94;18;15;9;14;8;5;4
2020-06-24 19:22:59;405;134;88;94;18;15;10;14;8;5;4
2020-06-24 19:23:58;405;134;88;94;18;15;10;14;8;5;4
2020-06-24 19:24:59;405;134;88;94;18;15;10;14;8;5;4
2020-06-24 19:25:59;406;135;88;94;18;15;10;14;8;5;4
2020-06-24 19:26:58;406;135;88;94;18;15;10;14;8;5;4
2020-06-24 19:27:59;407;135;88;95;18;15;10;14;8;5;4
2020-06-24 19:28:58;407;135;88;95;18;15;10;14;8;5;4
2020-06-24 19:29:59;408;136;87;95;19;15;10;14;8;5;4
2020-06-24 19:30:59;408;136;87;95;19;15;10;14;8;5;4
2020-06-24 19:31:58;410;137;87;96;19;15;10;14;8;5;4
2020-06-24 19:32:59;411;137;87;97;19;15;10;14;8;5;4
2020-06-24 19:33:58;411;137;87;97;19;15;10;14;8;5;4
2020-06-24 19:35:00;413;137;89;97;19;15;10;14;8;5;4
2020-06-24 19:35:58;415;137;91;97;19;15;10;14;8;5;4
2020-06-24 19:36:59;416;138;91;97;19;15;10;14;8;5;4
2020-06-24 19:37:59;419;138;93;98;19;15;10;14;8;5;4
2020-06-24 19:38:58;421;138;95;98;19;15;10;14;8;5;4
2020-06-24 19:39:59;424;139;97;98;19;15;10;14;8;5;4
2020-06-24 19:40:58;425;140;96;99;19;15;10;14;8;5;4
2020-06-24 19:41:59;427;140;96;100;19;15;10;14;8;5;5
2020-06-24 19:42:58;430;140;97;102;19;15;10;14;8;5;5
2020-06-24 19:43:59;433;140;98;103;19;16;10;14;8;5;5
2020-06-24 19:44:59;434;141;98;103;19;16;10;14;8;5;5
2020-06-24 19:45:58;434;141;98;103;19;16;10;14;8;5;5
2020-06-24 19:46:59;434;141;99;102;19;16;10;14;8;5;5
2020-06-24 19:47:59;435;142;99;102;19;16;10;14;8;5;5
2020-06-24 19:48:58;436;142;100;102;19;16;10;14;8;5;5
2020-06-24 19:49:59;437;142;100;103;19;16;10;14;8;5;5
2020-06-24 19:50:59;439;142;102;103;19;16;10;14;8;5;5
2020-06-24 19:51:58;439;142;102;103;19;16;10;14;8;5;5
2020-06-24 19:52:59;441;142;102;105;19;16;10;14;8;5;5
2020-06-24 19:53:58;442;142;103;105;19;16;10;14;8;5;5
2020-06-24 19:55:00;442;142;103;105;19;16;10;14;8;5;5
2020-06-24 19:55:58;443;142;103;106;19;16;10;14;8;5;5
2020-06-24 19:56:59;444;142;104;106;19;16;10;14;8;5;5
2020-06-24 19:57:59;445;142;104;107;19;16;10;14;8;5;5
2020-06-24 19:58:58;445;142;104;107;19;16;10;14;8;5;5
2020-06-24 19:59:59;445;142;104;107;19;16;10;14;8;5;5
2020-06-24 20:00:59;444;141;104;107;19;16;10;14;8;5;5
2020-06-24 20:01:58;444;141;104;107;19;16;10;14;8;5;5
2020-06-24 20:02:59;444;141;104;107;19;16;10;14;8;5;5
2020-06-24 20:03:59;444;141;104;107;19;16;10;14;8;5;5
2020-06-24 20:04:58;444;141;104;107;19;16;10;14;8;5;5
2020-06-24 20:05:59;445;141;105;107;19;16;10;14;8;5;5
2020-06-24 20:06:58;447;142;106;107;19;16;10;14;8;5;5
2020-06-24 20:07:59;449;142;108;107;19;16;10;14;8;5;5
2020-06-24 20:08:58;449;142;108;107;19;16;10;14;8;5;5
2020-06-24 20:10:00;450;142;109;107;19;16;10;14;8;5;5
2020-06-24 20:10:58;450;142;109;107;19;16;10;14;8;5;5
2020-06-24 20:11:59;450;141;109;108;19;16;10;14;8;5;5
2020-06-24 20:12:59;451;141;109;109;19;16;10;14;8;5;5
2020-06-24 20:13:58;450;141;109;109;19;16;10;14;7;5;5
2020-06-24 20:14:59;452;141;110;110;19;16;10;14;7;5;5
2020-06-24 20:15:58;455;141;112;111;19;16;10;14;7;5;5
2020-06-24 20:16:59;458;141;114;112;19;16;10;14;7;5;5
2020-06-24 20:17:59;459;141;114;113;19;16;10;14;7;5;5
2020-06-24 20:18:58;460;141;114;114;19;16;10;14;7;5;5
2020-06-24 20:19:59;462;141;114;116;19;16;10;14;7;5;5
2020-06-24 20:20:58;463;141;114;117;19;16;10;14;7;5;5
2020-06-24 20:21:59;464;141;114;118;19;16;10;14;7;5;5
2020-06-24 20:22:59;467;141;115;120;19;16;10;14;7;5;5
2020-06-24 20:23:58;467;141;115;120;19;16;10;14;7;5;5
2020-06-24 20:24:59;467;140;116;120;19;16;10;14;7;5;5
2020-06-24 20:25:58;470;141;116;122;19;16;10;14;7;5;5
2020-06-24 20:26:59;471;141;116;123;19;16;10;14;7;5;5
2020-06-24 20:27:58;472;142;116;123;19;16;10;14;7;5;5
2020-06-24 20:29:00;473;142;116;123;19;16;10;14;7;5;5
2020-06-24 20:29:58;473;142;116;123;19;16;10;14;7;5;5
2020-06-24 20:30:59;473;142;116;123;19;16;10;14;7;5;5
2020-06-24 20:31:59;474;142;116;124;19;16;10;14;7;5;5
2020-06-24 20:32:58;475;142;116;125;19;16;10;14;7;5;5
2020-06-24 20:33:59;475;142;116;125;19;16;10;14;7;5;5
2020-06-24 20:34:58;476;142;116;126;19;16;10;14;7;5;5
2020-06-24 20:35:59;478;142;116;128;20;16;10;14;6;5;5
2020-06-24 20:36:59;481;143;116;129;21;16;10;14;6;5;5
2020-06-24 20:37:58;482;143;117;129;21;16;10;14;6;5;5
2020-06-24 20:38:59;483;143;118;130;21;15;10;14;6;5;5
2020-06-24 20:39:59;484;143;118;131;21;15;10;14;6;5;5
2020-06-24 20:40:58;485;143;119;131;21;15;10;14;6;5;5
2020-06-24 20:41:59;486;144;119;131;21;15;10;14;6;5;5
2020-06-24 20:42:59;489;144;121;132;21;15;10;14;6;5;5
2020-06-24 20:43:58;492;145;122;133;21;15;10;14;6;5;5
2020-06-24 20:44:59;493;145;122;134;21;15;10;14;6;5;5
2020-06-24 20:45:58;494;146;122;134;21;15;10;14;6;5;5
2020-06-24 20:46:59;494;146;122;134;21;15;10;14;6;5;5
2020-06-24 20:47:59;495;146;123;134;21;15;10;14;6;5;5
2020-06-24 20:48:58;497;147;123;134;22;15;10;14;6;5;5
2020-06-24 20:49:59;498;147;124;134;22;15;10;14;6;5;5
2020-06-24 20:50:58;501;148;126;134;22;15;10;14;6;5;5
2020-06-24 20:51:59;502;148;127;134;22;15;10;14;6;5;5
2020-06-24 20:52:58;503;148;127;135;22;15;10;14;6;5;5
2020-06-24 20:53:59;505;149;128;135;22;15;10;14;6;5;5
2020-06-24 20:54:59;506;149;128;136;22;15;10;14;6;5;5
2020-06-24 20:55:58;507;149;128;137;22;15;10;14;6;5;5
2020-06-24 20:56:59;507;149;128;137;22;15;10;14;6;5;5
2020-06-24 20:57:58;508;150;128;137;22;15;10;14;6;5;5
2020-06-24 20:58:59;507;150;128;136;22;15;10;14;6;5;5
2020-06-24 20:59:58;508;150;128;138;22;15;10;14;6;5;5
2020-06-24 21:00:59;509;149;130;138;22;15;10;14;6;5;5
2020-06-24 21:01:58;511;150;130;139;22;15;10;14;6;5;5
2020-06-24 21:02:59;511;150;130;139;22;15;10;14;6;5;5
2020-06-24 21:03:59;513;151;131;139;22;15;10;14;6;5;5
2020-06-24 21:04:58;513;151;131;139;22;15;10;14;6;5;5
2020-06-24 21:05:59;513;151;131;139;22;15;10;14;6;5;5
2020-06-24 21:06:58;513;151;131;139;22;15;10;14;6;5;5
2020-06-24 21:07:59;513;151;131;139;22;15;10;14;6;5;5
2020-06-24 21:08:59;517;152;132;140;22;15;10;14;6;6;5
2020-06-24 21:09:58;517;152;132;140;22;15;10;14;6;6;5
2020-06-24 21:10:59;518;153;132;140;22;15;10;14;6;6;5
2020-06-24 21:11:58;520;154;132;141;22;15;10;14;6;6;5
2020-06-24 21:12:59;521;154;132;142;22;15;10;14;6;6;5
2020-06-24 21:13:58;522;154;133;142;22;15;10;14;6;6;5
2020-06-24 21:14:59;524;154;133;143;22;15;10;15;6;6;5
2020-06-24 21:15:58;525;154;135;143;21;15;10;15;6;6;5
2020-06-24 21:16:59;528;154;136;145;21;15;10;15;6;6;5
2020-06-24 21:17:59;529;154;136;146;21;15;10;15;6;6;5
2020-06-24 21:18:58;530;154;136;147;21;15;10;15;6;6;5
2020-06-24 21:19:59;532;154;136;148;21;16;10;15;6;6;5
2020-06-24 21:20:59;532;154;136;148;21;16;10;15;6;6;5
2020-06-24 21:21:58;536;154;138;148;21;16;11;15;6;6;6
2020-06-24 21:22:59;536;154;138;148;21;16;11;15;6;6;6
2020-06-24 21:23:59;538;154;139;149;21;16;11;15;6;6;6
2020-06-24 21:24:58;539;154;140;149;21;16;11;15;6;6;6
2020-06-24 21:26:00;541;154;140;151;21;16;11;15;6;6;6
2020-06-24 21:26:58;542;153;141;152;21;16;11;15;6;6;6
2020-06-24 21:27:59;543;153;141;153;21;16;11;15;6;6;6
2020-06-24 21:28:59;544;153;141;154;21;16;11;15;6;6;6
2020-06-24 21:29:58;547;153;144;154;21;16;11;15;6;6;6
2020-06-24 21:30:59;550;153;146;155;21;16;11;15;6;6;6
2020-06-24 21:31:59;553;155;147;155;21;16;11;15;6;6;6
2020-06-24 21:32:58;557;156;148;157;21;16;11;15;6;6;6
2020-06-24 21:33:58;558;156;148;158;21;16;11;15;6;6;6
2020-06-24 21:34:59;560;158;148;158;21;16;11;15;6;6;6
2020-06-24 21:35:58;560;159;149;159;21;16;11;13;6;6;6
2020-06-24 21:36:59;561;160;149;159;21;16;11;13;6;6;6
2020-06-24 21:37:58;563;160;151;159;21;16;11;13;6;6;6
2020-06-24 21:38:59;565;161;152;159;21;16;11;13;6;6;6
2020-06-24 21:39:58;567;161;152;161;21;16;11;13;6;6;6
2020-06-24 21:40:59;567;161;152;161;21;16;11;13;6;6;6
2020-06-24 21:41:59;569;161;153;162;21;16;11;13;6;6;6
2020-06-24 21:42:58;570;161;153;163;21;16;11;13;6;6;6
2020-06-24 21:43:59;572;161;155;163;21;16;11;13;6;6;6
2020-06-24 21:44:58;572;161;154;164;21;16;11;13;6;6;6
2020-06-24 21:45:59;572;162;154;164;20;16;11;13;6;6;6
2020-06-24 21:46:58;573;162;154;165;20;16;11;13;6;6;6
2020-06-24 21:47:59;573;162;153;166;20;16;11;13;6;6;6
2020-06-24 21:48:59;576;163;154;167;20;16;11;13;6;6;6
2020-06-24 21:49:58;577;163;155;167;20;16;11;13;6;6;6
2020-06-24 21:50:59;577;163;155;167;20;16;11;13;6;6;6
2020-06-24 21:51:59;577;163;155;167;20;16;11;13;6;6;6
2020-06-24 21:52:58;578;163;155;168;20;16;11;13;6;6;6
2020-06-24 21:53:59;580;164;156;168;20;16;11;13;6;6;6
2020-06-24 21:54:58;581;164;156;168;21;16;11;13;6;6;6
2020-06-24 21:55:59;582;164;156;169;21;16;11;13;6;6;6
2020-06-24 21:56:58;582;164;156;169;21;16;11;13;6;6;6
2020-06-24 21:57:59;583;163;156;171;21;16;11;13;6;6;6
2020-06-24 21:58:59;583;163;156;171;21;16;11;13;6;6;6
2020-06-24 21:59:58;583;163;156;172;21;16;11;12;6;6;6
2020-06-24 22:00:59;583;164;155;172;21;16;11;12;6;6;6
2020-06-24 22:01:58;584;165;155;172;21;16;11;12;6;6;6
2020-06-24 22:02:59;584;165;155;172;21;16;11;12;6;6;6
2020-06-24 22:03:58;585;165;156;172;21;16;11;12;6;6;6
2020-06-24 22:04:59;585;165;155;173;21;16;11;12;6;6;6
2020-06-24 22:05:59;585;165;155;173;21;16;11;12;6;6;6
2020-06-24 22:06:58;586;165;156;173;21;16;11;12;6;6;6
2020-06-24 22:07:59;586;165;156;173;21;16;11;12;6;6;6
2020-06-24 22:08:58;586;165;156;173;21;16;11;12;6;6;6
2020-06-24 22:09:59;586;165;156;173;21;16;11;12;6;6;6
2020-06-24 22:10:58;586;165;156;173;21;16;11;12;6;6;6
2020-06-24 22:12:00;586;165;156;173;21;16;11;12;6;6;6
2020-06-24 22:12:58;587;166;156;173;21;16;11;12;6;6;5
2020-06-24 22:13:59;587;166;156;173;21;16;11;12;6;6;5
2020-06-24 22:14:59;589;166;158;173;21;16;11;12;6;6;5
2020-06-24 22:15:58;588;165;158;173;21;16;11;12;6;6;5
2020-06-24 22:16:59;588;166;158;172;21;16;11;12;6;6;5
2020-06-24 22:17:58;589;167;158;172;21;16;11;12;6;6;5
2020-06-24 22:18:59;591;167;158;172;21;16;12;13;6;6;5
2020-06-24 22:19:59;591;168;157;172;21;16;12;13;6;6;5
2020-06-24 22:20:58;591;168;157;172;21;16;12;13;6;6;5
2020-06-24 22:21:59;591;168;157;172;21;16;12;13;6;6;5
2020-06-24 22:22:58;592;169;158;172;21;16;11;13;6;6;5
2020-06-24 22:23:59;593;170;158;172;21;16;11;13;6;6;5
2020-06-24 22:24:58;594;171;159;172;20;16;11;13;6;6;5
2020-06-24 22:25:59;596;173;159;172;20;16;11;13;6;6;5
2020-06-24 22:26:59;597;174;159;172;20;16;11;13;6;6;5
2020-06-24 22:27:58;597;174;159;172;20;16;11;13;6;6;5
2020-06-24 22:28:59;599;175;160;172;20;16;11;13;6;6;5
2020-06-24 22:29:59;599;175;160;172;20;16;11;13;6;6;5
2020-06-24 22:30:58;602;176;162;172;20;16;11;13;6;6;5
2020-06-24 22:31:59;602;176;162;172;20;16;11;13;6;6;5
2020-06-24 22:32:58;605;177;164;172;20;16;11;13;6;6;5
2020-06-24 22:33:59;606;178;164;172;20;16;11;13;6;6;5
2020-06-24 22:34:59;606;178;164;172;20;16;11;13;6;6;5
2020-06-24 22:35:58;609;181;164;172;20;16;11;13;6;6;5
2020-06-24 22:36:59;609;181;164;172;20;16;11;13;6;6;5
2020-06-24 22:37:59;610;181;165;172;20;16;11;13;6;6;5
2020-06-24 22:38:58;612;181;166;172;21;17;11;12;6;6;5
2020-06-24 22:39:59;613;182;166;172;21;17;11;12;6;6;5
2020-06-24 22:40:58;614;182;168;172;20;17;11;12;6;6;5
2020-06-24 22:41:59;616;182;170;172;20;17;11;12;6;6;5
2020-06-24 22:42:59;616;182;170;172;20;17;11;12;6;6;5
2020-06-24 22:43:58;616;182;170;172;20;17;11;12;6;6;5
2020-06-24 22:44:59;618;180;174;172;20;17;11;12;6;6;5
2020-06-24 22:45:58;618;180;174;172;20;17;11;12;6;6;5
2020-06-24 22:46:59;620;181;175;172;20;17;11;12;6;6;5
2020-06-24 22:47:58;621;182;175;172;20;17;11;12;6;6;5
2020-06-24 22:48:59;622;182;177;171;20;17;11;12;6;6;5
2020-06-24 22:49:59;623;182;181;168;20;17;11;12;6;6;5
2020-06-24 22:50:58;626;184;182;168;20;17;11;12;6;6;5
2020-06-24 22:51:59;628;184;184;168;20;17;11;12;6;6;5
2020-06-24 22:52:58;629;185;185;168;20;17;11;11;6;6;5
2020-06-24 22:53:59;628;185;184;168;20;17;11;11;6;6;5
2020-06-24 22:54:59;629;186;184;168;20;17;11;11;6;6;5
2020-06-24 22:55:58;634;187;188;168;20;17;11;11;6;6;5
2020-06-24 22:56:59;635;187;189;168;20;17;11;11;6;6;5
2020-06-24 22:57:58;635;187;189;168;20;17;11;11;6;6;5
2020-06-24 22:58:59;636;187;190;168;20;17;11;11;6;6;5
2020-06-24 22:59:59;639;190;192;166;20;17;11;11;6;6;5
2020-06-24 23:00:58;640;191;193;166;20;17;11;10;6;6;5
2020-06-24 23:01:59;641;192;195;166;18;17;11;10;6;6;5
2020-06-24 23:02:58;643;192;197;166;18;17;11;10;6;6;5
2020-06-24 23:03:59;643;192;197;166;18;17;11;10;6;6;5
2020-06-24 23:04:58;644;192;197;166;18;17;12;10;6;6;5
2020-06-24 23:05:59;644;192;197;166;18;17;12;10;6;6;5
2020-06-24 23:06:58;648;194;199;166;18;17;12;10;6;6;5
2020-06-24 23:07:59;648;194;199;166;18;17;12;10;6;6;5
2020-06-24 23:08:58;648;194;199;166;18;17;12;10;6;6;5
2020-06-24 23:09:59;648;194;199;166;18;17;12;10;6;6;5
2020-06-24 23:10:59;649;193;201;166;18;17;12;10;6;6;5
2020-06-24 23:11:58;649;193;201;166;18;17;12;10;6;6;5
2020-06-24 23:12:59;653;195;203;166;18;17;12;10;6;6;5
2020-06-24 23:13:59;653;194;204;166;18;17;12;10;6;6;5
2020-06-24 23:14:58;653;194;204;166;18;17;12;10;6;6;5
2020-06-24 23:15:59;655;194;206;152;18;17;12;10;20;6;5
2020-06-24 23:16:58;655;194;207;152;18;16;12;10;20;6;5
2020-06-24 23:17:59;657;194;209;152;18;16;12;10;20;6;5
2020-06-24 23:18:59;659;194;211;152;18;16;12;10;20;6;5
2020-06-24 23:19:58;659;194;211;152;18;16;12;10;20;6;5
2020-06-24 23:20:59;661;194;213;152;18;16;12;10;20;6;5
2020-06-24 23:21:58;661;194;213;152;18;16;12;10;20;6;5
2020-06-24 23:22:59;662;193;215;152;18;16;12;10;20;6;5
2020-06-24 23:23:58;662;194;215;151;18;16;12;10;20;6;5
2020-06-24 23:24:59;665;197;215;151;18;16;12;10;20;6;5
2020-06-24 23:26:00;665;197;215;151;18;16;12;10;20;6;5
2020-06-24 23:26:58;665;197;217;149;18;16;12;10;20;6;5
2020-06-24 23:27:59;665;197;217;149;18;16;12;10;20;6;5
2020-06-24 23:28:59;666;197;218;149;18;16;12;10;20;6;5
2020-06-24 23:29:58;668;197;220;149;18;16;12;10;20;6;5
2020-06-24 23:30:59;669;198;220;149;18;16;12;10;20;6;5
2020-06-24 23:31:59;670;198;222;149;18;16;11;10;20;6;5
2020-06-24 23:32:58;671;199;222;149;18;16;11;10;20;6;5
2020-06-24 23:33:59;672;200;222;149;18;16;11;10;20;6;5
2020-06-24 23:35:00;673;201;222;149;18;16;11;10;20;6;5
2020-06-24 23:35:58;672;200;222;149;18;16;11;10;20;6;5
2020-06-24 23:36:59;676;201;224;149;18;16;11;10;21;6;5
2020-06-24 23:38:00;676;201;224;149;18;16;11;10;21;6;5
2020-06-24 23:38:58;676;200;225;149;18;16;11;10;21;6;5
2020-06-24 23:39:59;678;200;228;148;18;16;11;10;21;6;5
2020-06-24 23:40:59;676;199;228;148;18;15;11;10;21;6;5
2020-06-24 23:41:58;680;200;231;148;18;15;11;10;21;6;5
2020-06-24 23:42:59;680;201;230;148;18;15;11;10;21;6;5
2020-06-24 23:43:59;680;201;230;148;18;15;11;10;21;6;5
2020-06-24 23:44:58;683;202;232;148;18;15;11;10;21;6;5
2020-06-24 23:45:59;684;203;233;148;17;15;11;10;21;6;5
2020-06-24 23:46:58;684;203;233;148;17;15;11;10;21;6;5
2020-06-24 23:47:59;684;203;233;148;17;15;11;10;21;6;5
2020-06-24 23:48:59;683;202;232;148;18;15;11;10;21;6;5
2020-06-24 23:49:58;683;202;232;148;18;15;11;10;21;6;5
2020-06-24 23:50:59;683;202;232;148;18;15;11;10;21;6;5
2020-06-24 23:51:58;686;203;234;148;18;15;11;10;21;6;5
2020-06-24 23:52:59;686;203;234;148;18;15;11;10;21;6;5
2020-06-24 23:53:59;686;204;233;148;18;15;11;10;21;6;5
2020-06-24 23:54:58;686;218;233;134;18;15;11;10;21;6;5
2020-06-24 23:55:59;687;227;233;126;18;15;11;10;21;6;5
2020-06-24 23:56:59;688;226;235;126;18;15;11;10;21;6;5
2020-06-24 23:57:58;689;225;237;126;18;15;11;10;21;6;5
2020-06-24 23:58:59;689;253;234;101;18;15;11;10;21;6;5
2020-06-24 23:59:58;690;275;234;94;18;15;11;10;7;6;5
