datetime;total_votes;navalny;Alterdino;Terkin;KT;KOCTOPE3;Grit;Mindsplitter;Der_Sturmer;shturn;BadFish
2020-12-16 00:00:59;0;0;0;0;0;0;0;0;0;0;0
2020-12-16 00:01:58;0;1;0;0;0;0;0;0;0;0;0
2020-12-16 00:02:59;3;1;1;0;0;0;0;1;0;0;0
2020-12-16 00:03:59;4;1;1;0;0;0;0;1;0;0;0
2020-12-16 00:04:58;5;1;1;0;1;0;0;1;0;0;0
2020-12-16 00:05:59;6;1;1;0;1;0;0;1;0;0;0
2020-12-16 00:06:59;8;1;1;1;2;0;0;1;0;0;0
2020-12-16 00:07:58;8;1;1;1;2;0;0;1;0;0;0
2020-12-16 00:08:59;9;1;1;1;2;0;0;2;0;0;0
2020-12-16 00:09:59;10;1;1;1;2;0;0;2;0;0;0
2020-12-16 00:10:58;10;1;1;1;2;0;0;2;0;0;0
2020-12-16 00:11:59;10;1;1;1;2;0;0;2;0;0;0
2020-12-16 00:12:58;11;1;2;1;2;0;0;2;0;0;0
2020-12-16 00:13:59;13;1;2;2;2;0;0;2;0;0;0
2020-12-16 00:14:58;13;1;2;2;2;0;0;2;0;0;0
2020-12-16 00:15:59;14;1;2;2;2;0;0;2;0;0;0
2020-12-16 00:16:58;14;1;2;2;2;0;0;2;0;0;0
2020-12-16 00:17:59;14;1;2;2;2;0;0;2;0;0;0
2020-12-16 00:18:59;17;2;3;2;2;0;0;2;1;0;0
2020-12-16 00:19:59;18;2;3;2;2;0;0;2;1;0;0
2020-12-16 00:20:58;19;2;3;2;2;0;0;2;1;0;0
2020-12-16 00:21:59;20;2;3;2;3;0;0;2;1;0;0
2020-12-16 00:22:58;20;2;3;2;3;0;0;2;1;0;0
2020-12-16 00:23:59;22;2;3;2;3;0;0;3;2;0;0
2020-12-16 00:24:59;23;2;3;2;3;0;0;3;3;0;0
2020-12-16 00:25:58;23;2;3;2;3;0;0;3;3;0;0
2020-12-16 00:26:59;24;3;3;2;3;0;0;3;3;0;0
2020-12-16 00:27:59;24;3;3;2;3;0;0;3;3;0;0
2020-12-16 00:28:58;24;3;3;2;3;0;0;3;3;0;0
2020-12-16 00:29:59;24;3;3;2;3;0;0;3;3;0;0
2020-12-16 00:30:59;24;3;3;2;3;0;0;3;3;0;0
2020-12-16 00:31:58;24;3;3;2;3;0;0;3;3;0;0
2020-12-16 00:32:59;24;3;3;2;3;0;0;3;3;0;0
2020-12-16 00:33:59;24;3;3;2;3;0;0;3;3;0;0
2020-12-16 00:34:58;25;3;3;2;3;0;0;3;3;0;0
2020-12-16 00:35:59;25;3;3;2;3;0;0;3;3;0;0
2020-12-16 00:36:59;25;3;3;2;3;0;0;3;3;0;0
2020-12-16 00:37:58;25;3;3;2;3;0;0;3;3;0;0
2020-12-16 00:38:59;26;4;3;2;3;0;0;3;3;0;0
2020-12-16 00:39:58;26;4;3;2;3;0;0;3;3;0;0
2020-12-16 00:40:59;27;5;3;2;3;0;0;3;3;0;0
2020-12-16 00:41:59;27;5;3;2;3;0;0;3;3;0;0
2020-12-16 00:42:59;27;5;3;2;3;0;0;3;3;0;0
2020-12-16 00:43:58;28;6;3;2;3;0;0;3;3;0;0
2020-12-16 00:44:59;29;7;3;2;3;0;0;3;3;0;0
2020-12-16 00:45:58;29;7;3;2;3;0;0;3;3;0;0
2020-12-16 00:46:59;29;7;3;2;3;0;0;3;3;0;0
2020-12-16 00:47:59;29;7;3;2;3;0;0;3;3;0;0
2020-12-16 00:48:59;29;7;3;2;3;0;0;3;3;0;0
2020-12-16 00:49:58;29;7;3;2;3;0;0;3;3;0;0
2020-12-16 00:50:59;30;8;4;2;3;0;0;2;3;0;0
2020-12-16 00:51:59;30;8;4;2;3;0;0;2;3;0;0
2020-12-16 00:52:58;31;8;4;2;3;0;0;2;3;0;0
2020-12-16 00:53:59;31;8;4;2;3;0;0;2;3;0;0
2020-12-16 00:55:00;32;9;4;2;3;0;0;2;3;0;0
2020-12-16 00:55:58;32;9;4;2;3;0;0;2;3;0;0
2020-12-16 00:56:59;32;9;4;2;3;0;0;2;3;0;0
2020-12-16 00:57:58;32;9;4;2;3;0;0;2;3;0;0
2020-12-16 00:58:59;33;10;4;2;3;0;0;2;3;0;0
2020-12-16 00:59:59;35;11;4;2;4;0;0;2;3;0;0
2020-12-16 01:00:58;35;11;4;2;4;0;0;2;3;0;0
2020-12-16 01:01:59;35;11;4;2;4;0;0;2;3;0;0
2020-12-16 01:02:59;36;11;4;2;4;0;0;2;3;0;0
2020-12-16 01:03:59;37;12;4;2;5;0;0;2;3;0;0
2020-12-16 01:04:58;38;13;4;2;5;0;0;2;3;0;0
2020-12-16 01:05:59;39;13;4;3;5;1;0;2;3;0;0
2020-12-16 01:06:58;39;13;4;3;5;1;0;2;3;0;0
2020-12-16 01:07:59;39;13;4;3;5;1;0;2;3;0;0
2020-12-16 01:08:59;39;13;4;4;5;1;0;2;3;0;0
2020-12-16 01:09:58;40;13;4;4;5;1;0;3;3;0;0
2020-12-16 01:10:59;40;13;4;4;5;1;0;3;3;0;0
2020-12-16 01:11:59;40;13;4;4;5;1;0;3;3;0;0
2020-12-16 01:12:58;42;14;4;4;5;1;0;4;3;0;0
2020-12-16 01:13:59;42;14;4;4;5;1;0;4;3;0;0
2020-12-16 01:14:59;42;14;4;4;5;1;0;4;3;0;0
2020-12-16 01:15:58;43;14;4;4;5;1;0;4;3;0;0
2020-12-16 01:16:59;43;14;4;4;5;1;0;4;3;0;0
2020-12-16 01:17:58;43;14;4;4;5;1;0;4;3;0;0
2020-12-16 01:18:59;43;14;4;4;5;1;0;4;3;0;0
2020-12-16 01:19:59;43;14;4;4;5;1;0;4;3;0;0
2020-12-16 01:20:58;43;14;4;4;5;1;0;4;3;0;0
2020-12-16 01:21:59;43;14;4;4;5;1;0;4;3;0;0
2020-12-16 01:22:58;43;14;4;4;5;1;0;4;3;0;0
2020-12-16 01:23:59;43;14;4;4;5;1;0;4;3;0;0
2020-12-16 01:24:59;43;14;4;4;5;1;0;4;3;0;0
2020-12-16 01:26:00;43;14;4;4;5;1;0;4;3;0;0
2020-12-16 01:26:58;44;14;5;4;5;1;0;4;3;0;0
2020-12-16 01:27:59;44;14;5;4;5;1;0;4;3;0;0
2020-12-16 01:28:58;45;15;5;4;5;1;0;4;3;0;0
2020-12-16 01:29:59;45;15;5;4;5;1;0;4;3;0;0
2020-12-16 01:30:58;45;15;5;4;5;1;0;4;3;0;0
2020-12-16 01:31:59;45;15;5;4;5;1;0;4;3;0;0
2020-12-16 01:32:59;45;15;5;4;5;1;0;4;3;0;0
2020-12-16 01:34:00;45;16;5;4;4;1;0;4;3;0;0
2020-12-16 01:34:58;46;17;5;4;4;1;0;4;3;0;0
2020-12-16 01:35:59;46;17;5;4;4;1;0;4;3;0;0
2020-12-16 01:36:59;46;17;5;4;4;1;0;4;3;0;0
2020-12-16 01:37:58;46;17;5;4;4;1;0;4;3;0;0
2020-12-16 01:38:59;46;17;5;4;4;1;0;4;3;0;0
2020-12-16 01:39:58;46;17;5;4;4;1;0;4;3;0;0
2020-12-16 01:40:59;46;17;5;4;4;1;0;4;3;0;0
2020-12-16 01:41:59;46;17;5;4;4;1;0;4;3;0;0
2020-12-16 01:42:58;46;17;5;4;4;1;0;4;3;0;0
2020-12-16 01:43:59;47;18;5;4;4;1;0;4;3;0;0
2020-12-16 01:44:58;47;18;5;4;4;1;0;4;3;0;0
2020-12-16 01:45:59;48;18;5;4;4;1;0;4;3;0;0
2020-12-16 01:46:59;48;18;6;4;3;0;0;4;3;0;0
2020-12-16 01:47:58;48;18;6;4;3;0;0;4;3;0;0
2020-12-16 01:48:59;48;18;6;4;3;0;0;4;3;0;0
2020-12-16 01:49:59;48;18;6;4;3;0;0;4;3;0;0
2020-12-16 01:50:58;48;18;6;4;3;0;0;4;3;0;0
2020-12-16 01:51:59;49;19;6;4;3;0;0;4;3;0;0
2020-12-16 01:52:59;49;19;6;4;3;0;0;4;3;0;0
2020-12-16 01:53:58;49;19;6;4;3;0;0;4;3;0;0
2020-12-16 01:54:59;49;19;6;4;3;0;0;4;3;0;0
2020-12-16 01:55:59;49;19;6;4;3;0;0;4;3;0;0
2020-12-16 01:56:58;49;19;6;4;3;0;0;4;3;0;0
2020-12-16 01:57:59;49;19;6;4;3;0;0;4;3;0;0
2020-12-16 01:58:58;49;19;6;4;3;0;0;4;3;0;0
2020-12-16 01:59:59;50;19;7;4;3;0;0;4;3;0;0
2020-12-16 02:00:59;50;19;7;4;3;0;0;4;3;0;0
2020-12-16 02:01:59;50;19;7;4;3;0;0;4;3;0;0
2020-12-16 02:02:58;50;19;7;4;3;0;0;4;3;0;0
2020-12-16 02:03:59;50;19;7;4;3;0;0;4;3;0;0
2020-12-16 02:04:58;50;19;7;4;3;0;0;4;3;0;0
2020-12-16 02:05:59;50;19;7;4;3;0;0;4;3;0;0
2020-12-16 02:06:59;50;19;7;4;3;0;0;4;3;0;0
2020-12-16 02:07:58;50;19;7;4;3;0;0;4;3;0;0
2020-12-16 02:08:59;50;19;7;4;3;0;0;4;3;0;0
2020-12-16 02:09:58;50;19;7;4;3;0;0;4;3;0;0
2020-12-16 02:10:59;50;19;7;4;3;0;0;4;3;0;0
2020-12-16 02:11:58;50;19;7;4;3;0;0;4;3;0;0
2020-12-16 02:12:59;50;19;7;4;3;0;0;4;3;0;0
2020-12-16 02:13:58;50;19;7;4;3;0;0;4;3;0;0
2020-12-16 02:14:59;50;19;7;4;3;0;0;4;3;0;0
2020-12-16 02:15:59;52;20;7;4;3;0;0;4;3;0;0
2020-12-16 02:16:58;54;22;7;4;3;0;0;4;3;0;0
2020-12-16 02:17:59;54;22;7;4;3;0;0;4;3;0;0
2020-12-16 02:18:59;54;22;7;4;3;0;0;4;3;0;0
2020-12-16 02:19:58;54;22;7;4;3;0;0;4;3;0;0
2020-12-16 02:20:59;56;22;7;5;4;1;0;4;3;0;0
2020-12-16 02:21:59;56;22;7;5;4;1;0;4;3;0;0
2020-12-16 02:22:58;56;22;7;5;4;1;0;4;3;0;0
2020-12-16 02:23:59;56;22;7;5;4;1;0;4;3;0;0
2020-12-16 02:24:59;56;22;7;5;4;1;0;4;3;0;0
2020-12-16 02:25:59;56;22;7;5;4;1;0;4;3;0;0
2020-12-16 02:26:58;56;22;7;5;4;1;0;4;3;0;0
2020-12-16 02:27:59;57;23;7;5;4;1;0;4;3;0;0
2020-12-16 02:29:00;58;23;7;5;4;1;0;4;3;0;0
2020-12-16 02:29:58;58;23;7;5;4;1;0;4;3;0;0
2020-12-16 02:30:59;58;23;7;5;4;1;0;4;3;0;0
2020-12-16 02:31:58;58;23;7;5;4;1;0;4;3;0;0
2020-12-16 02:32:59;58;23;7;5;4;1;0;4;3;0;0
2020-12-16 02:33:59;58;23;7;5;4;1;0;4;3;0;0
2020-12-16 02:34:58;58;23;7;5;4;1;0;4;3;0;0
2020-12-16 02:35:59;59;23;7;5;5;1;0;4;3;0;0
2020-12-16 02:36:59;59;23;7;5;5;1;0;4;3;0;0
2020-12-16 02:37:58;59;23;7;5;5;1;0;4;3;0;0
2020-12-16 02:38:59;59;23;7;5;5;1;0;4;3;0;0
2020-12-16 02:39:58;60;23;7;5;6;1;0;4;3;0;0
2020-12-16 02:40:59;60;23;7;5;6;1;0;4;3;0;0
2020-12-16 02:41:59;61;23;7;5;6;2;0;4;3;0;0
2020-12-16 02:42:58;62;23;8;5;6;2;0;4;3;0;0
2020-12-16 02:43:59;62;23;8;5;6;2;0;4;3;0;0
2020-12-16 02:44:59;62;23;8;5;6;2;0;4;3;0;0
2020-12-16 02:45:58;62;23;8;5;6;2;0;4;3;0;0
2020-12-16 02:46:59;62;23;8;5;6;2;0;4;3;0;0
2020-12-16 02:47:58;62;23;8;5;6;2;0;4;3;0;0
2020-12-16 02:48:59;62;23;8;5;6;2;0;4;3;0;0
2020-12-16 02:49:59;62;23;8;5;6;2;0;4;3;0;0
2020-12-16 02:50:58;62;23;8;5;6;2;0;4;3;0;0
2020-12-16 02:51:59;62;23;8;5;6;2;0;4;3;0;0
2020-12-16 02:52:59;62;23;8;5;6;2;0;4;3;0;0
2020-12-16 02:53:58;62;23;8;5;6;2;0;4;3;0;0
2020-12-16 02:54:59;62;23;8;5;6;2;0;4;3;0;0
2020-12-16 02:55:59;62;23;8;5;6;2;0;4;3;0;0
2020-12-16 02:56:58;62;23;8;5;6;2;0;4;3;0;0
2020-12-16 02:57:59;62;23;8;5;6;2;0;4;3;0;0
2020-12-16 02:58:59;62;23;8;5;6;2;0;4;3;0;0
2020-12-16 02:59:58;62;23;8;5;6;2;0;4;3;0;0
2020-12-16 03:00:59;62;23;8;5;6;2;0;4;3;0;0
2020-12-16 03:01:59;62;23;8;5;6;2;0;4;3;0;0
2020-12-16 03:02:58;62;23;8;5;6;2;0;4;3;0;0
2020-12-16 03:03:59;62;23;8;5;6;2;0;4;3;0;0
2020-12-16 03:04:59;62;23;8;5;6;2;0;4;3;0;0
2020-12-16 03:05:58;62;23;8;5;6;2;0;4;3;0;0
2020-12-16 03:06:59;62;23;8;5;6;2;0;4;3;0;0
2020-12-16 03:07:59;62;23;8;5;6;2;0;4;3;0;0
2020-12-16 03:08:58;63;23;8;5;6;2;0;4;3;0;0
2020-12-16 03:09:59;63;23;8;5;6;2;0;4;3;0;0
2020-12-16 03:10:59;63;23;8;5;6;2;0;4;3;0;0
2020-12-16 03:12:00;63;23;8;5;6;2;0;4;3;0;0
2020-12-16 03:12:58;63;23;8;5;6;2;0;4;3;0;0
2020-12-16 03:13:59;63;23;8;5;6;2;0;4;3;0;0
2020-12-16 03:14:58;63;23;8;5;6;2;0;4;3;0;0
2020-12-16 03:15:59;64;23;8;6;6;2;0;4;3;0;0
2020-12-16 03:16:59;64;23;8;6;6;2;0;4;3;0;0
2020-12-16 03:17:58;66;23;9;6;6;2;1;4;3;0;0
2020-12-16 03:18:59;67;23;9;6;6;2;2;4;3;0;0
2020-12-16 03:19:58;68;23;9;6;6;2;3;4;3;0;0
2020-12-16 03:20:59;68;23;9;6;6;2;3;4;3;0;0
2020-12-16 03:21:58;68;23;9;6;6;2;3;4;3;0;0
2020-12-16 03:22:59;68;23;9;6;6;2;3;4;3;0;0
2020-12-16 03:23:59;68;23;9;6;6;2;3;4;3;0;0
2020-12-16 03:24:58;68;23;9;6;6;2;3;4;3;0;0
2020-12-16 03:25:59;68;23;9;6;6;2;3;4;3;0;0
2020-12-16 03:26:59;69;23;9;6;7;2;3;4;3;0;0
2020-12-16 03:27:58;69;23;9;6;7;2;3;4;3;0;0
2020-12-16 03:28:59;69;23;9;6;7;2;3;4;3;0;0
2020-12-16 03:29:59;69;23;9;6;7;2;3;4;3;0;0
2020-12-16 03:31:00;69;23;9;6;7;2;3;4;3;0;0
2020-12-16 03:31:58;69;23;9;6;7;2;3;4;3;0;0
2020-12-16 03:32:59;69;23;9;6;7;2;3;4;3;0;0
2020-12-16 03:33:58;69;23;9;6;7;2;3;4;3;0;0
2020-12-16 03:34:59;69;23;9;6;7;2;3;4;3;0;0
2020-12-16 03:35:59;69;23;9;6;7;2;3;4;3;0;0
2020-12-16 03:36:58;69;23;9;6;7;2;3;4;3;0;0
2020-12-16 03:37:59;69;23;9;6;7;2;3;4;3;0;0
2020-12-16 03:38:59;69;23;9;6;7;2;3;4;3;0;0
2020-12-16 03:39:58;69;23;9;6;7;2;3;4;3;0;0
2020-12-16 03:40:59;69;23;9;6;7;2;3;4;3;0;0
2020-12-16 03:41:59;69;23;9;6;7;2;3;4;3;0;0
2020-12-16 03:42:58;69;23;9;6;7;2;3;4;3;0;0
2020-12-16 03:43:59;69;23;9;6;7;2;3;4;3;0;0
2020-12-16 03:44:59;69;23;9;6;7;2;3;4;3;0;0
2020-12-16 03:45:58;69;23;9;6;7;2;3;4;3;0;0
2020-12-16 03:46:59;69;23;9;6;7;2;3;4;3;0;0
2020-12-16 03:47:59;70;23;9;7;7;2;3;4;3;0;0
2020-12-16 03:48:58;70;23;9;7;7;2;3;4;3;0;0
2020-12-16 03:49:59;70;23;9;7;7;2;3;4;3;0;0
2020-12-16 03:50:59;70;23;9;7;7;2;3;4;3;0;0
2020-12-16 03:51:58;70;23;9;7;7;2;3;4;3;0;0
2020-12-16 03:52:59;70;23;9;7;7;2;3;4;3;0;0
2020-12-16 03:53:59;70;23;9;7;7;2;3;4;3;0;0
2020-12-16 03:54:58;70;23;9;7;7;2;3;4;3;0;0
2020-12-16 03:55:59;70;23;9;7;7;2;3;4;3;0;0
2020-12-16 03:56:58;70;23;9;7;7;2;3;4;3;0;0
2020-12-16 03:57:59;70;23;9;7;7;2;3;4;3;0;0
2020-12-16 03:58:59;70;23;9;7;7;2;3;4;3;0;0
2020-12-16 03:59:58;70;23;9;7;7;2;3;4;3;0;0
2020-12-16 04:00:59;70;23;9;7;7;2;3;4;3;0;0
2020-12-16 04:01:58;70;23;9;7;7;2;3;4;3;0;0
2020-12-16 04:02:59;70;23;9;7;7;2;3;4;3;0;0
2020-12-16 04:03:59;70;23;9;7;7;2;3;4;3;0;0
2020-12-16 04:04:58;70;23;9;7;7;2;3;4;3;0;0
2020-12-16 04:05:59;70;23;9;7;7;2;3;4;3;0;0
2020-12-16 04:06:59;70;23;9;7;7;2;3;4;3;0;0
2020-12-16 04:07:58;70;23;9;7;7;2;3;4;3;0;0
2020-12-16 04:08:59;70;23;9;7;7;2;3;4;3;0;0
2020-12-16 04:09:59;70;23;9;7;7;2;3;4;3;0;0
2020-12-16 04:10:58;70;23;9;7;7;2;3;4;3;0;0
2020-12-16 04:11:59;70;23;9;7;7;2;3;4;3;0;0
2020-12-16 04:12:59;70;23;9;7;7;2;3;4;3;0;0
2020-12-16 04:13:58;70;23;9;7;7;2;3;4;3;0;0
2020-12-16 04:14:59;70;23;9;7;7;2;3;4;3;0;0
2020-12-16 04:15:58;70;23;9;7;7;2;3;4;3;0;0
2020-12-16 04:16:59;70;23;9;7;7;2;3;4;3;0;0
2020-12-16 04:17:59;70;23;9;7;7;2;3;4;3;0;0
2020-12-16 04:18:58;70;23;9;7;7;2;3;4;3;0;0
2020-12-16 04:19:59;70;23;9;7;7;2;3;4;3;0;0
2020-12-16 04:20:58;70;23;9;7;7;2;3;4;3;0;0
2020-12-16 04:21:59;71;23;9;7;7;2;4;4;3;0;0
2020-12-16 04:22:59;71;23;9;7;7;2;4;4;3;0;0
2020-12-16 04:23:58;71;23;9;7;7;2;4;4;3;0;0
2020-12-16 04:24:59;71;23;9;7;7;2;4;4;3;0;0
2020-12-16 04:25:59;71;23;9;7;7;2;4;4;3;0;0
2020-12-16 04:26:58;71;23;9;7;7;2;4;4;3;0;0
2020-12-16 04:27:59;71;23;9;7;7;2;4;4;3;0;0
2020-12-16 04:28:59;72;24;9;7;7;2;4;4;3;0;0
2020-12-16 04:29:58;72;24;9;7;7;2;4;4;3;0;0
2020-12-16 04:31:00;72;24;9;7;7;2;4;4;3;0;0
2020-12-16 04:31:58;72;24;9;7;7;2;4;4;3;0;0
2020-12-16 04:32:59;72;24;9;7;7;2;4;4;3;0;0
2020-12-16 04:33:59;72;24;9;7;7;2;4;4;3;0;0
2020-12-16 04:34:58;72;24;9;7;7;2;4;4;3;0;0
2020-12-16 04:35:59;72;24;9;7;7;2;4;4;3;0;0
2020-12-16 04:36:59;72;24;9;7;7;2;4;4;3;0;0
2020-12-16 04:37:58;72;24;9;7;7;2;4;4;3;0;0
2020-12-16 04:38:59;72;24;9;7;7;2;4;4;3;0;0
2020-12-16 04:39:58;72;24;9;7;7;2;4;4;3;0;0
2020-12-16 04:40:59;72;24;9;7;7;2;4;4;3;0;0
2020-12-16 04:41:58;72;24;9;7;7;2;4;4;3;0;0
2020-12-16 04:42:59;72;24;9;7;7;2;4;4;3;0;0
2020-12-16 04:43:59;72;24;9;7;7;2;4;4;3;0;0
2020-12-16 04:44:58;72;24;9;7;7;2;4;4;3;0;0
2020-12-16 04:45:59;72;24;9;7;7;2;4;4;3;0;0
2020-12-16 04:46:59;72;24;9;7;7;2;4;4;3;0;0
2020-12-16 04:47:58;72;24;9;7;7;2;4;4;3;0;0
2020-12-16 04:48:59;72;24;9;7;7;2;4;4;3;0;0
2020-12-16 04:49:58;72;24;9;7;7;2;4;4;3;0;0
2020-12-16 04:50:59;72;24;9;7;7;2;4;4;3;0;0
2020-12-16 04:51:59;72;24;9;7;7;2;4;4;3;0;0
2020-12-16 04:52:58;72;24;9;7;7;2;4;4;3;0;0
2020-12-16 04:53:59;72;24;9;7;7;2;4;4;3;0;0
2020-12-16 04:54:59;72;24;9;7;7;2;4;4;3;0;0
2020-12-16 04:55:58;72;24;9;7;7;2;4;4;3;0;0
2020-12-16 04:56:59;73;24;9;8;7;2;4;4;3;0;0
2020-12-16 04:57:59;73;24;9;8;7;2;4;4;3;0;0
2020-12-16 04:58:58;73;24;9;8;7;2;4;4;3;0;0
2020-12-16 04:59:59;73;24;9;8;7;2;4;4;3;0;0
2020-12-16 05:00:58;73;24;9;8;7;2;4;4;3;0;0
2020-12-16 05:01:59;73;24;9;8;7;2;4;4;3;0;0
2020-12-16 05:02:59;73;24;9;8;7;2;4;4;3;0;0
2020-12-16 05:03:58;73;24;9;8;7;2;4;4;3;0;0
2020-12-16 05:04:59;73;24;9;8;7;2;4;4;3;0;0
2020-12-16 05:05:59;73;24;9;8;7;2;4;4;3;0;0
2020-12-16 05:06:58;73;24;9;8;7;2;4;4;3;0;0
2020-12-16 05:07:59;73;24;9;8;7;2;4;4;3;0;0
2020-12-16 05:08:58;73;24;9;8;7;2;4;4;3;0;0
2020-12-16 05:09:59;73;24;9;8;7;2;4;4;3;0;0
2020-12-16 05:10:59;73;24;9;8;7;2;4;4;3;0;0
2020-12-16 05:11:58;73;24;9;8;7;2;4;4;3;0;0
2020-12-16 05:12:59;74;25;9;8;7;2;4;4;3;0;0
2020-12-16 05:13:59;74;25;9;8;7;2;4;4;3;0;0
2020-12-16 05:14:58;75;26;9;8;7;2;4;4;3;0;0
2020-12-16 05:15:59;75;26;9;8;7;2;4;4;3;0;0
2020-12-16 05:16:59;75;26;9;8;7;2;4;4;3;0;0
2020-12-16 05:17:58;75;26;9;8;7;2;4;4;3;0;0
2020-12-16 05:18:59;75;26;9;8;7;2;4;4;3;0;0
2020-12-16 05:19:58;75;26;9;8;7;2;4;4;3;0;0
2020-12-16 05:20:59;75;26;9;8;7;2;4;4;3;0;0
2020-12-16 05:21:59;75;26;9;8;7;2;4;4;3;0;0
2020-12-16 05:22:58;75;26;9;8;7;2;4;4;3;0;0
2020-12-16 05:23:59;75;26;9;8;7;2;4;4;3;0;0
2020-12-16 05:24:59;75;26;9;8;7;2;4;4;3;0;0
2020-12-16 05:25:58;75;26;9;8;7;2;4;4;3;0;0
2020-12-16 05:26:59;75;26;9;8;7;2;4;4;3;0;0
2020-12-16 05:27:59;75;26;9;8;7;2;4;4;3;0;0
2020-12-16 05:28:58;75;26;9;8;7;2;4;4;3;0;0
2020-12-16 05:29:59;75;26;9;8;7;2;4;4;3;0;0
2020-12-16 05:30:59;75;26;9;8;7;2;4;4;3;0;0
2020-12-16 05:31:58;75;26;9;8;7;2;4;4;3;0;0
2020-12-16 05:32:59;75;26;9;8;7;2;4;4;3;0;0
2020-12-16 05:33:58;75;26;9;8;7;2;4;4;3;0;0
2020-12-16 05:34:59;75;26;9;8;7;2;4;4;3;0;0
2020-12-16 05:35:59;76;26;9;8;7;2;4;5;3;0;0
2020-12-16 05:36:58;76;26;9;8;7;2;4;5;3;0;0
2020-12-16 05:37:59;76;26;9;8;7;2;4;5;3;0;0
2020-12-16 05:38:59;76;26;9;8;7;2;4;5;3;0;0
2020-12-16 05:39:58;76;26;9;8;7;2;4;5;3;0;0
2020-12-16 05:40:59;76;26;9;8;7;2;4;5;3;0;0
2020-12-16 05:41:59;76;26;9;8;7;2;4;5;3;0;0
2020-12-16 05:42:58;76;26;9;8;7;2;4;5;3;0;0
2020-12-16 05:43:59;76;26;9;8;7;2;4;5;3;0;0
2020-12-16 05:44:59;76;26;9;8;7;2;4;5;3;0;0
2020-12-16 05:45:58;76;26;9;8;7;2;4;5;3;0;0
2020-12-16 05:46:59;76;26;9;8;7;2;4;5;3;0;0
2020-12-16 05:47:59;76;26;9;8;7;2;4;5;3;0;0
2020-12-16 05:48:58;76;26;9;8;7;2;4;5;3;0;0
2020-12-16 05:49:59;76;26;9;8;7;2;4;5;3;0;0
2020-12-16 05:50:59;76;26;9;8;7;2;4;5;3;0;0
2020-12-16 05:51:58;76;26;9;8;7;2;4;5;3;0;0
2020-12-16 05:52:59;76;26;9;8;7;2;4;5;3;0;0
2020-12-16 05:53:58;76;26;9;8;7;2;4;5;3;0;0
2020-12-16 05:54:59;76;26;9;8;7;2;4;5;3;0;0
2020-12-16 05:55:59;76;26;9;8;7;2;4;5;3;0;0
2020-12-16 05:56:58;76;26;9;8;7;2;4;5;3;0;0
2020-12-16 05:57:59;76;26;9;8;7;2;4;5;3;0;0
2020-12-16 05:58:59;76;26;9;8;7;2;4;5;3;0;0
2020-12-16 05:59:58;76;26;9;8;7;2;4;5;3;0;0
2020-12-16 06:00:59;76;26;9;8;7;2;4;5;3;0;0
2020-12-16 06:01:58;76;26;9;8;7;2;4;5;3;0;0
2020-12-16 06:02:59;76;26;9;8;7;2;4;5;3;0;0
2020-12-16 06:03:58;76;26;9;8;7;2;4;5;3;0;0
2020-12-16 06:04:59;76;26;9;8;7;2;4;5;3;0;0
2020-12-16 06:05:59;76;26;9;8;7;2;4;5;3;0;0
2020-12-16 06:06:58;76;26;9;8;7;2;4;5;3;0;0
2020-12-16 06:07:59;76;26;9;8;7;2;4;5;3;0;0
2020-12-16 06:08:58;76;26;9;8;7;2;4;5;3;0;0
2020-12-16 06:09:59;76;26;9;8;7;2;4;5;3;0;0
2020-12-16 06:10:58;77;26;9;8;7;3;4;5;3;0;0
2020-12-16 06:11:59;77;26;9;8;7;3;4;5;3;0;0
2020-12-16 06:12:59;77;26;9;8;7;3;4;5;3;0;0
2020-12-16 06:13:58;77;26;9;8;7;3;4;5;3;0;0
2020-12-16 06:14:59;77;26;9;8;7;3;4;5;3;0;0
2020-12-16 06:15:59;77;26;9;8;7;3;4;5;3;0;0
2020-12-16 06:16:58;77;26;9;8;7;3;4;5;3;0;0
2020-12-16 06:17:59;77;26;9;8;7;3;4;5;3;0;0
2020-12-16 06:18:58;77;26;9;8;7;3;4;5;3;0;0
2020-12-16 06:19:59;77;26;9;8;7;3;4;5;3;0;0
2020-12-16 06:20:59;77;26;9;8;7;3;4;5;3;0;0
2020-12-16 06:21:58;77;26;9;8;7;3;4;5;3;0;0
2020-12-16 06:22:59;77;26;9;8;7;3;4;5;3;0;0
2020-12-16 06:23:59;77;26;9;8;7;3;4;5;3;0;0
2020-12-16 06:24:58;78;27;9;8;7;3;4;5;3;0;0
2020-12-16 06:25:59;78;27;9;8;7;3;4;5;3;0;0
2020-12-16 06:26:59;78;27;9;8;7;3;4;5;3;0;0
2020-12-16 06:27:58;78;27;9;8;7;3;4;5;3;0;0
2020-12-16 06:28:59;78;27;9;8;7;3;4;5;3;0;0
2020-12-16 06:29:59;78;27;9;8;7;3;4;5;3;0;0
2020-12-16 06:30:58;78;27;9;8;7;3;4;5;3;0;0
2020-12-16 06:31:59;78;27;9;8;7;3;4;5;3;0;0
2020-12-16 06:32:59;78;27;9;8;7;3;4;5;3;0;0
2020-12-16 06:33:58;78;27;9;8;7;3;4;5;3;0;0
2020-12-16 06:34:59;78;27;9;8;7;3;4;5;3;0;0
2020-12-16 06:35:59;78;27;9;8;7;3;4;5;3;0;0
2020-12-16 06:36:58;78;27;9;8;7;3;4;5;3;0;0
2020-12-16 06:37:59;78;27;9;8;7;3;4;5;3;0;0
2020-12-16 06:38:59;78;27;9;8;7;3;4;5;3;0;0
2020-12-16 06:39:58;78;27;9;8;7;3;4;5;3;0;0
2020-12-16 06:40:59;78;27;9;8;7;3;4;5;3;0;0
2020-12-16 06:41:59;78;27;9;8;7;3;4;5;3;0;0
2020-12-16 06:42:58;79;27;10;8;7;3;4;5;3;0;0
2020-12-16 06:43:59;79;27;10;8;7;3;4;5;3;0;0
2020-12-16 06:44:59;79;27;10;8;7;3;4;5;3;0;0
2020-12-16 06:45:58;79;27;10;8;7;3;4;5;3;0;0
2020-12-16 06:46:59;79;27;10;8;7;3;4;5;3;0;0
2020-12-16 06:47:59;79;27;10;8;7;3;4;5;3;0;0
2020-12-16 06:48:58;79;27;10;8;7;3;4;5;3;0;0
2020-12-16 06:49:59;79;27;10;8;7;3;4;5;3;0;0
2020-12-16 06:50:59;79;27;10;8;7;3;4;5;3;0;0
2020-12-16 06:52:00;79;27;10;8;7;3;4;5;3;0;0
2020-12-16 06:52:58;79;27;10;8;7;3;4;5;3;0;0
2020-12-16 06:53:59;79;27;10;8;7;3;4;5;3;0;0
2020-12-16 06:54:59;79;27;10;8;7;3;4;5;3;0;0
2020-12-16 06:55:58;79;27;10;8;7;3;4;5;3;0;0
2020-12-16 06:56:59;79;27;10;8;7;3;4;5;3;0;0
2020-12-16 06:57:58;79;27;10;8;7;3;4;5;3;0;0
2020-12-16 06:58:59;79;27;10;8;7;3;4;5;3;0;0
2020-12-16 06:59:59;79;27;10;8;7;3;4;5;3;0;0
2020-12-16 07:00:58;79;27;10;8;7;3;4;5;3;0;0
2020-12-16 07:01:59;79;27;10;8;7;3;4;5;3;0;0
2020-12-16 07:02:59;79;27;10;8;7;3;4;5;3;0;0
2020-12-16 07:03:58;79;27;10;8;7;3;4;5;3;0;0
2020-12-16 07:04:59;79;27;10;8;7;3;4;5;3;0;0
2020-12-16 07:06:00;79;27;10;8;7;3;4;5;3;0;0
2020-12-16 07:06:59;79;27;10;8;7;3;4;5;3;0;0
2020-12-16 07:07:59;79;27;10;8;7;3;4;5;3;0;0
2020-12-16 07:08:58;79;27;10;8;7;3;4;5;3;0;0
2020-12-16 07:09:59;79;27;10;8;7;3;4;5;3;0;0
2020-12-16 07:10:59;79;27;10;8;7;3;4;5;3;0;0
2020-12-16 07:11:58;79;27;10;8;7;3;4;5;3;0;0
2020-12-16 07:12:59;79;27;10;8;7;3;4;5;3;0;0
2020-12-16 07:13:59;80;28;10;8;7;3;4;5;3;0;0
2020-12-16 07:14:58;81;28;11;8;7;3;4;5;3;0;0
2020-12-16 07:15:59;81;28;11;8;7;3;4;5;3;0;0
2020-12-16 07:16:59;81;28;11;8;7;3;4;5;3;0;0
2020-12-16 07:17:58;81;28;11;8;7;3;4;5;3;0;0
2020-12-16 07:18:59;81;28;11;8;7;3;4;5;3;0;0
2020-12-16 07:19:59;83;29;11;8;7;3;4;5;3;0;0
2020-12-16 07:20:59;83;29;11;8;7;3;4;5;3;0;0
2020-12-16 07:21:58;83;29;11;8;7;3;4;5;3;0;0
2020-12-16 07:22:59;83;29;11;8;7;3;4;5;3;0;0
2020-12-16 07:23:59;84;29;11;8;8;3;4;5;3;0;0
2020-12-16 07:24:58;84;29;11;8;8;3;4;5;3;0;0
2020-12-16 07:25:59;84;29;11;8;8;3;4;5;3;0;0
2020-12-16 07:26:59;84;29;11;8;8;3;4;5;3;0;0
2020-12-16 07:27:58;84;29;11;8;8;3;4;5;3;0;0
2020-12-16 07:28:59;84;29;11;8;8;3;4;5;3;0;0
2020-12-16 07:29:59;85;29;11;8;8;3;4;5;3;0;0
2020-12-16 07:30:58;85;29;11;8;8;3;4;5;3;0;0
2020-12-16 07:31:59;85;29;11;8;8;3;4;5;3;0;0
2020-12-16 07:32:59;85;29;11;8;8;3;4;5;3;0;0
2020-12-16 07:33:58;85;29;11;8;8;3;4;5;3;0;0
2020-12-16 07:34:59;85;29;11;8;8;3;4;5;3;0;0
2020-12-16 07:35:59;85;29;11;8;8;3;4;5;3;0;0
2020-12-16 07:36:59;85;29;11;8;8;3;4;5;3;0;0
2020-12-16 07:37:58;85;29;11;8;8;3;4;5;3;0;0
2020-12-16 07:38:59;86;30;11;8;8;3;4;5;3;0;0
2020-12-16 07:39:58;86;30;11;8;8;3;4;5;3;0;0
2020-12-16 07:40:59;86;30;11;8;8;3;4;5;3;0;0
2020-12-16 07:41:59;86;30;11;8;8;3;4;5;3;0;0
2020-12-16 07:42:58;86;30;11;8;8;3;4;5;3;0;0
2020-12-16 07:43:59;87;30;12;8;8;3;4;5;3;0;0
2020-12-16 07:44:59;87;30;12;8;8;3;4;5;3;0;0
2020-12-16 07:45:59;87;30;12;8;8;3;4;5;3;0;0
2020-12-16 07:46:58;87;30;12;8;8;3;4;5;3;0;0
2020-12-16 07:47:59;87;30;12;8;8;3;4;5;3;0;0
2020-12-16 07:48:58;87;30;12;8;8;3;4;5;3;0;0
2020-12-16 07:49:59;87;30;12;8;8;3;4;5;3;0;0
2020-12-16 07:50:59;87;30;12;8;8;3;4;5;3;0;0
2020-12-16 07:51:58;87;30;12;8;8;3;4;5;3;0;0
2020-12-16 07:52:59;87;30;12;8;8;3;4;5;3;0;0
2020-12-16 07:53:58;88;30;12;9;8;3;4;5;3;0;0
2020-12-16 07:54:59;88;30;12;9;8;3;4;5;3;0;0
2020-12-16 07:55:59;88;30;12;9;8;3;4;5;3;0;0
2020-12-16 07:56:58;88;30;12;9;8;3;4;5;3;0;0
2020-12-16 07:57:59;89;30;13;9;8;3;4;5;3;0;0
2020-12-16 07:58:59;89;30;13;9;8;3;4;5;3;0;0
2020-12-16 07:59:59;89;30;13;9;8;3;4;5;3;0;0
2020-12-16 08:00:58;89;30;13;9;8;3;4;5;3;0;0
2020-12-16 08:01:59;89;30;13;9;8;3;4;5;3;0;0
2020-12-16 08:02:59;89;30;13;9;8;3;4;5;3;0;0
2020-12-16 08:03:58;89;30;13;9;8;3;4;5;3;0;0
2020-12-16 08:04:59;89;30;13;9;8;3;4;5;3;0;0
2020-12-16 08:05:59;89;30;13;9;8;3;4;5;3;0;0
2020-12-16 08:06:58;89;30;13;9;8;3;4;5;3;0;0
2020-12-16 08:07:59;89;30;13;9;8;3;4;5;3;0;0
2020-12-16 08:08:58;89;30;13;9;8;3;4;5;3;0;0
2020-12-16 08:09:59;90;31;13;9;8;3;4;5;3;0;0
2020-12-16 08:10:59;90;31;13;9;8;3;4;5;3;0;0
2020-12-16 08:11:58;90;31;13;9;8;3;4;5;3;0;0
2020-12-16 08:12:59;90;31;13;9;8;3;4;5;3;0;0
2020-12-16 08:13:58;90;31;13;9;8;3;4;5;3;0;0
2020-12-16 08:14:59;90;31;13;9;8;3;4;5;3;0;0
2020-12-16 08:15:59;90;31;13;9;8;3;4;5;3;0;0
2020-12-16 08:16:58;90;31;13;9;8;3;4;5;3;0;0
2020-12-16 08:17:59;90;31;13;9;8;3;4;5;3;0;0
2020-12-16 08:18:59;91;32;13;9;8;3;4;5;3;0;0
2020-12-16 08:19:58;91;32;13;9;8;3;4;5;3;0;0
2020-12-16 08:20:59;91;32;13;9;8;3;4;5;3;0;0
2020-12-16 08:21:59;91;32;13;9;8;3;4;5;3;0;0
2020-12-16 08:22:58;91;32;13;9;8;3;4;5;3;0;0
2020-12-16 08:23:59;91;32;13;9;8;3;4;5;3;0;0
2020-12-16 08:24:59;91;32;13;9;8;3;4;5;3;0;0
2020-12-16 08:25:58;92;32;13;10;8;3;4;5;3;0;0
2020-12-16 08:26:59;92;32;13;10;8;3;4;5;3;0;0
2020-12-16 08:27:59;92;32;13;10;8;3;4;5;3;0;0
2020-12-16 08:28:58;92;32;13;10;8;3;4;5;3;0;0
2020-12-16 08:29:59;92;32;13;10;8;3;4;5;3;0;0
2020-12-16 08:31:00;92;32;13;10;8;3;4;5;3;0;0
2020-12-16 08:31:58;92;32;13;10;8;3;4;5;3;0;0
2020-12-16 08:32:59;92;32;13;10;8;3;4;5;3;0;0
2020-12-16 08:33:58;92;32;13;10;8;3;4;5;3;0;0
2020-12-16 08:34:59;92;32;13;10;8;3;4;5;3;0;0
2020-12-16 08:35:59;92;32;13;10;8;3;4;5;3;0;0
2020-12-16 08:37:00;93;32;14;10;8;3;4;5;3;0;0
2020-12-16 08:37:58;94;32;14;10;9;3;4;5;3;0;0
2020-12-16 08:38:59;95;33;14;10;9;3;4;5;3;0;0
2020-12-16 08:39:59;95;33;14;10;9;3;4;5;3;0;0
2020-12-16 08:40:58;95;33;14;10;9;3;4;5;3;0;0
2020-12-16 08:41:59;95;33;14;10;9;3;4;5;3;0;0
2020-12-16 08:42:59;95;33;14;10;9;3;4;5;3;0;0
2020-12-16 08:43:58;95;33;14;10;9;3;4;5;3;0;0
2020-12-16 08:44:59;95;33;14;10;9;3;4;5;3;0;0
2020-12-16 08:45:58;95;33;14;10;9;3;4;5;3;0;0
2020-12-16 08:46:59;95;33;14;10;9;3;4;5;3;0;0
2020-12-16 08:47:59;95;33;14;10;9;3;4;5;3;0;0
2020-12-16 08:48:58;95;33;14;10;9;3;4;5;3;0;0
2020-12-16 08:49:59;95;33;14;10;9;3;4;5;3;0;0
2020-12-16 08:50:59;95;33;14;10;9;3;4;5;3;0;0
2020-12-16 08:51:58;95;33;14;10;9;3;4;5;3;0;0
2020-12-16 08:52:59;95;33;14;10;9;3;4;5;3;0;0
2020-12-16 08:53:59;95;33;14;10;9;3;4;5;3;0;0
2020-12-16 08:54:58;95;33;14;10;9;3;4;5;3;0;0
2020-12-16 08:55:59;95;33;14;10;9;3;4;5;3;0;0
2020-12-16 08:56:59;95;33;14;10;9;3;4;5;3;0;0
2020-12-16 08:57:58;95;33;14;10;9;3;4;5;3;0;0
2020-12-16 08:58:59;95;33;14;10;9;3;4;5;3;0;0
2020-12-16 08:59:58;95;33;14;10;9;3;4;5;3;0;0
2020-12-16 09:00:59;96;33;14;10;9;3;4;5;3;0;2
2020-12-16 09:01:59;97;33;15;10;9;3;4;5;3;0;2
2020-12-16 09:02:58;97;33;15;10;9;3;4;5;3;0;2
2020-12-16 09:03:59;97;33;15;10;9;3;4;5;3;0;2
2020-12-16 09:04:59;97;33;15;10;9;3;4;5;3;0;2
2020-12-16 09:05:58;97;33;15;10;9;3;4;5;3;0;2
2020-12-16 09:06:59;97;33;15;10;9;3;4;5;3;0;2
2020-12-16 09:07:59;98;34;15;10;9;3;4;5;3;0;2
2020-12-16 09:08:59;98;34;15;10;9;3;4;5;3;0;2
2020-12-16 09:09:58;98;34;15;10;9;3;4;5;3;0;2
2020-12-16 09:10:59;98;34;15;10;9;3;4;5;3;0;2
2020-12-16 09:11:58;98;34;15;10;9;3;4;5;3;0;2
2020-12-16 09:12:59;99;34;16;10;9;3;4;5;3;0;2
2020-12-16 09:13:59;99;34;16;10;9;3;4;5;3;0;2
2020-12-16 09:14:58;99;34;16;10;9;3;4;5;3;0;2
2020-12-16 09:15:59;99;34;16;10;9;3;4;5;3;0;2
2020-12-16 09:16:59;99;34;16;10;9;3;4;5;3;0;2
2020-12-16 09:17:58;99;34;16;10;9;3;4;5;3;0;2
2020-12-16 09:18:59;99;34;16;10;9;3;4;5;3;0;2
2020-12-16 09:19:58;99;34;16;10;9;3;4;5;3;0;2
2020-12-16 09:20:59;99;34;16;10;9;3;4;5;3;0;2
2020-12-16 09:21:59;99;34;16;10;9;3;4;5;3;0;2
2020-12-16 09:22:58;99;34;16;10;9;3;4;5;3;0;2
2020-12-16 09:23:59;99;34;16;10;9;3;4;5;3;0;2
2020-12-16 09:24:59;99;34;16;10;9;3;4;5;3;0;2
2020-12-16 09:25:58;99;34;16;10;9;3;4;5;3;0;2
2020-12-16 09:26:59;99;34;16;10;9;3;4;5;3;0;2
2020-12-16 09:27:59;98;34;16;10;9;3;4;5;3;0;2
2020-12-16 09:28:58;98;34;16;10;9;3;4;5;3;0;2
2020-12-16 09:29:59;98;34;16;10;9;3;4;5;3;0;2
2020-12-16 09:30:59;98;34;16;10;9;3;4;5;3;0;2
2020-12-16 09:31:58;98;34;16;10;9;3;4;5;3;0;2
2020-12-16 09:32:59;98;34;16;10;9;3;4;5;3;0;2
2020-12-16 09:33:59;98;34;16;10;9;3;4;5;3;0;2
2020-12-16 09:34:58;98;34;16;10;9;3;4;5;3;0;2
2020-12-16 09:35:59;99;35;16;10;9;3;4;5;3;0;2
2020-12-16 09:36:59;99;35;16;10;9;3;4;5;3;0;2
2020-12-16 09:37:58;99;35;16;10;9;3;4;5;3;0;2
2020-12-16 09:38:59;99;35;16;10;9;3;4;5;3;0;2
2020-12-16 09:39:59;99;35;16;10;9;3;4;5;3;0;2
2020-12-16 09:40:58;99;35;16;10;9;3;4;5;3;0;2
2020-12-16 09:41:59;99;35;16;10;9;3;4;5;3;0;2
2020-12-16 09:42:59;99;35;16;10;9;3;4;5;3;0;2
2020-12-16 09:43:58;99;35;16;10;9;3;4;5;3;0;2
2020-12-16 09:44:59;99;35;16;10;9;3;4;5;3;0;2
2020-12-16 09:45:58;99;35;16;10;9;3;4;5;3;0;2
2020-12-16 09:46:59;99;35;16;10;9;3;4;5;3;0;2
2020-12-16 09:47:58;99;35;16;10;9;3;4;5;3;0;2
2020-12-16 09:48:59;99;35;16;10;9;3;4;5;3;0;2
2020-12-16 09:49:59;99;35;16;10;9;3;4;5;3;0;2
2020-12-16 09:50:58;99;35;16;10;9;3;4;5;3;0;2
2020-12-16 09:51:59;99;35;16;10;9;3;4;5;3;0;2
2020-12-16 09:52:59;99;35;16;10;9;3;4;5;3;0;2
2020-12-16 09:53:58;101;36;17;10;9;3;4;5;3;0;2
2020-12-16 09:54:59;102;36;17;11;9;3;4;5;3;0;2
2020-12-16 09:55:59;102;36;17;11;9;3;4;5;3;0;2
2020-12-16 09:56:58;102;36;17;11;9;3;4;5;3;0;2
2020-12-16 09:57:59;102;36;17;11;9;3;4;5;3;0;2
2020-12-16 09:58:59;102;36;17;11;9;3;4;5;3;0;2
2020-12-16 09:59:58;102;36;17;11;9;3;4;5;3;0;2
2020-12-16 10:00:59;102;36;17;11;9;3;4;5;3;0;2
2020-12-16 10:01:58;102;36;17;11;9;3;4;5;3;0;2
2020-12-16 10:02:59;102;36;17;11;9;3;4;5;3;0;2
2020-12-16 10:03:59;102;36;17;11;9;3;4;5;3;0;2
2020-12-16 10:04:58;102;36;17;11;9;3;4;5;3;0;2
2020-12-16 10:05:59;102;36;17;11;9;3;4;5;3;0;2
2020-12-16 10:06:59;102;36;17;11;9;3;4;5;3;0;2
2020-12-16 10:07:58;103;37;17;11;9;3;4;5;3;0;2
2020-12-16 10:08:59;103;37;17;11;9;3;4;5;3;0;2
2020-12-16 10:09:58;103;37;17;11;9;3;4;5;3;0;2
2020-12-16 10:10:59;103;37;17;11;9;3;4;5;3;0;2
2020-12-16 10:11:59;104;37;17;11;9;3;4;5;3;0;2
2020-12-16 10:12:59;105;37;17;12;9;3;4;5;3;0;2
2020-12-16 10:13:58;106;37;18;12;9;3;4;5;3;0;2
2020-12-16 10:14:59;106;37;18;12;9;3;4;5;3;0;2
2020-12-16 10:16:00;106;37;18;12;9;3;4;5;3;0;2
2020-12-16 10:16:58;106;37;18;12;9;3;4;5;3;0;2
2020-12-16 10:17:59;106;37;18;12;9;3;4;5;3;0;2
2020-12-16 10:18:58;106;37;18;12;9;3;4;5;3;0;2
2020-12-16 10:19:59;106;37;18;12;9;3;4;5;3;0;2
2020-12-16 10:20:59;106;37;18;12;9;3;4;5;3;0;2
2020-12-16 10:21:58;106;37;18;12;9;3;4;5;3;0;2
2020-12-16 10:22:59;107;38;18;12;9;3;4;5;3;0;2
2020-12-16 10:23:59;107;38;18;12;9;3;4;5;3;0;2
2020-12-16 10:24:58;107;38;18;12;9;3;4;5;3;0;2
2020-12-16 10:25:59;110;39;19;12;9;3;4;5;3;1;2
2020-12-16 10:26:59;110;39;19;12;9;3;4;5;3;1;2
2020-12-16 10:27:59;110;39;19;12;9;3;4;5;3;1;2
2020-12-16 10:28:58;110;39;19;12;9;3;4;5;3;1;2
2020-12-16 10:29:59;110;39;19;12;9;3;4;5;3;1;2
2020-12-16 10:31:00;111;39;19;12;9;3;4;5;3;2;2
2020-12-16 10:31:58;111;39;19;12;9;3;4;5;3;2;2
2020-12-16 10:32:59;112;40;19;12;9;3;4;5;3;2;2
2020-12-16 10:33:58;112;40;19;12;9;3;4;5;3;2;2
2020-12-16 10:34:59;112;40;19;12;9;3;4;5;3;2;2
2020-12-16 10:35:58;113;41;19;12;9;3;4;5;3;2;2
2020-12-16 10:36:59;113;41;19;12;9;3;4;5;3;2;2
2020-12-16 10:37:59;113;41;19;12;9;3;4;5;3;2;2
2020-12-16 10:38:58;116;42;20;12;9;3;5;5;3;2;2
2020-12-16 10:39:59;116;42;20;12;9;3;5;5;3;2;2
2020-12-16 10:40:59;116;42;20;12;9;3;5;5;3;2;2
2020-12-16 10:41:58;116;42;20;12;9;3;5;5;3;2;2
2020-12-16 10:42:59;118;43;20;12;9;3;5;5;3;2;2
2020-12-16 10:43:59;118;43;20;12;9;3;5;5;3;2;2
2020-12-16 10:44:58;119;44;20;12;9;3;5;5;3;2;2
2020-12-16 10:45:59;119;44;20;12;9;3;5;5;3;2;2
2020-12-16 10:46:58;120;45;20;12;9;3;5;5;3;2;2
2020-12-16 10:47:59;120;45;20;12;9;3;5;5;3;2;2
2020-12-16 10:49:00;121;45;21;12;9;3;5;5;3;2;2
2020-12-16 10:49:58;121;45;21;12;9;3;5;5;3;2;2
2020-12-16 10:50:59;122;45;21;13;9;3;5;5;3;2;2
2020-12-16 10:52:00;122;45;21;13;9;3;5;5;3;2;2
2020-12-16 10:52:58;122;45;21;13;9;3;5;5;3;2;2
2020-12-16 10:53:59;122;45;21;13;9;3;5;5;3;2;2
2020-12-16 10:54:59;122;45;21;13;9;3;5;5;3;2;2
2020-12-16 10:55:58;122;45;21;13;9;3;5;5;3;2;2
2020-12-16 10:56:59;122;45;21;13;9;3;5;5;3;2;2
2020-12-16 10:58:00;122;45;21;13;9;3;5;5;3;2;2
2020-12-16 10:58:58;123;45;22;13;9;3;5;5;3;2;2
2020-12-16 10:59:59;123;45;22;13;9;3;5;5;3;2;2
2020-12-16 11:00:58;123;45;22;13;9;3;5;5;3;2;2
2020-12-16 11:01:59;123;45;22;13;9;3;5;5;3;2;2
2020-12-16 11:02:59;123;45;22;13;9;3;5;5;3;2;2
2020-12-16 11:03:58;123;45;22;13;9;3;5;5;3;2;2
2020-12-16 11:04:59;124;46;22;13;9;3;5;5;3;2;2
2020-12-16 11:05:59;124;46;22;13;9;3;5;5;3;2;2
2020-12-16 11:06:59;124;46;22;13;9;3;5;5;3;2;2
2020-12-16 11:07:58;124;46;22;13;9;3;5;5;3;2;2
2020-12-16 11:08:59;124;46;22;13;9;3;5;5;3;2;2
2020-12-16 11:09:59;124;46;22;13;9;3;5;5;3;2;2
2020-12-16 11:10:58;124;46;22;13;9;3;5;5;3;2;2
2020-12-16 11:11:59;124;46;22;13;9;3;5;5;3;2;2
2020-12-16 11:12:59;124;46;22;13;9;3;5;5;3;2;2
2020-12-16 11:13:58;124;46;22;13;9;3;5;5;3;2;2
2020-12-16 11:14:59;124;46;22;13;9;3;5;5;3;2;2
2020-12-16 11:15:58;124;46;22;13;9;3;5;5;3;2;2
2020-12-16 11:16:59;124;46;22;13;9;3;5;5;3;2;2
2020-12-16 11:17:59;124;46;22;13;9;3;5;5;3;2;2
2020-12-16 11:18:59;125;46;22;13;9;3;5;5;3;2;3
2020-12-16 11:19:58;125;46;22;13;9;3;5;5;3;2;3
2020-12-16 11:20:59;125;46;22;13;9;3;5;5;3;2;3
2020-12-16 11:21:59;126;47;22;13;9;3;5;5;3;2;3
2020-12-16 11:22:58;126;47;22;13;9;3;5;5;3;2;3
2020-12-16 11:23:59;126;47;22;13;9;3;5;5;3;2;3
2020-12-16 11:24:58;126;47;22;13;9;3;5;5;3;2;3
2020-12-16 11:25:59;126;47;22;13;9;3;5;5;3;2;3
2020-12-16 11:26:59;126;47;22;13;9;3;5;5;3;2;3
2020-12-16 11:27:58;126;47;22;13;9;3;5;5;3;2;3
2020-12-16 11:28:59;126;47;22;13;9;3;5;5;3;2;3
2020-12-16 11:29:59;126;47;22;13;9;3;5;5;3;2;3
2020-12-16 11:30:58;126;47;22;13;9;3;5;5;3;2;3
2020-12-16 11:31:59;126;47;22;13;9;3;5;5;3;2;3
2020-12-16 11:32:58;127;49;22;12;9;3;5;5;3;2;3
2020-12-16 11:33:59;127;49;22;12;9;3;5;5;3;2;3
2020-12-16 11:34:58;128;50;22;12;9;3;5;5;3;2;3
2020-12-16 11:35:59;128;50;22;12;9;3;5;5;3;2;3
2020-12-16 11:36:59;128;50;22;12;9;3;5;5;3;2;3
2020-12-16 11:37:58;128;50;22;12;9;3;5;5;3;2;3
2020-12-16 11:38:59;128;50;22;12;9;3;5;5;3;2;3
2020-12-16 11:39:59;128;50;22;12;9;3;5;5;3;2;3
2020-12-16 11:40:58;128;50;22;12;9;3;5;5;3;2;3
2020-12-16 11:41:59;129;51;22;12;9;3;5;5;3;2;3
2020-12-16 11:42:58;130;52;22;12;9;3;5;5;3;2;3
2020-12-16 11:43:59;130;52;22;12;9;3;5;5;3;2;3
2020-12-16 11:44:59;130;52;22;12;9;3;5;5;3;2;3
2020-12-16 11:46:00;130;52;22;12;9;3;5;5;3;2;3
2020-12-16 11:46:58;130;52;22;12;9;3;5;5;3;2;3
2020-12-16 11:47:59;130;52;22;12;9;3;5;5;3;2;3
2020-12-16 11:48:59;131;52;22;12;9;4;5;5;3;2;3
2020-12-16 11:49:58;131;52;22;12;9;4;5;5;3;2;3
2020-12-16 11:50:59;131;52;22;12;9;4;5;5;3;2;3
2020-12-16 11:51:59;131;52;22;12;9;4;5;5;3;2;3
2020-12-16 11:52:58;132;52;23;12;9;4;5;5;3;2;3
2020-12-16 11:53:59;132;52;23;12;9;4;5;5;3;2;3
2020-12-16 11:54:58;132;52;23;12;9;4;5;5;3;2;3
2020-12-16 11:55:59;133;53;23;12;9;4;5;5;3;2;3
2020-12-16 11:56:59;133;53;23;12;9;4;5;5;3;2;3
2020-12-16 11:57:58;134;54;23;12;9;4;5;5;3;2;3
2020-12-16 11:58:59;134;54;23;12;9;4;5;5;3;2;3
2020-12-16 12:00:00;134;54;23;12;9;4;5;5;3;2;3
2020-12-16 12:00:58;134;54;23;12;9;4;5;5;3;2;3
2020-12-16 12:01:59;134;54;23;12;9;4;5;5;3;2;3
2020-12-16 12:02:59;134;54;23;12;9;4;5;5;3;2;3
2020-12-16 12:03:58;134;54;23;12;9;4;5;5;3;2;3
2020-12-16 12:04:59;134;54;23;12;9;4;5;5;3;2;3
2020-12-16 12:05:59;136;55;23;12;10;4;5;5;3;2;3
2020-12-16 12:06:58;136;55;23;12;10;4;5;5;3;2;3
2020-12-16 12:07:59;137;55;24;12;10;4;5;5;3;2;3
2020-12-16 12:08:59;138;56;24;12;10;4;5;5;3;2;3
2020-12-16 12:09:58;138;56;24;12;10;4;5;5;3;2;3
2020-12-16 12:10:59;138;56;24;12;10;4;5;5;3;2;3
2020-12-16 12:11:58;138;56;24;12;10;4;5;5;3;2;3
2020-12-16 12:12:59;138;56;24;12;10;4;5;5;3;2;3
2020-12-16 12:13:59;138;56;24;12;10;4;5;5;3;2;3
2020-12-16 12:14:58;138;56;24;12;10;4;5;5;3;2;3
2020-12-16 12:15:59;138;56;24;12;10;4;5;5;3;2;3
2020-12-16 12:16:59;138;56;24;12;10;4;5;5;3;2;3
2020-12-16 12:17:58;138;56;24;12;10;4;5;5;3;2;3
2020-12-16 12:18:59;139;56;24;12;11;4;5;5;3;2;3
2020-12-16 12:20:00;139;56;24;12;11;4;5;5;3;2;3
2020-12-16 12:20:58;140;56;24;12;12;4;5;5;3;2;3
2020-12-16 12:21:59;140;56;24;12;12;4;5;5;3;2;3
2020-12-16 12:22:58;140;56;24;12;12;4;5;5;3;2;3
2020-12-16 12:23:59;140;56;24;12;12;4;5;5;3;2;3
2020-12-16 12:24:59;140;56;24;12;12;4;5;5;3;2;3
2020-12-16 12:25:58;140;56;24;12;12;4;5;5;3;2;3
2020-12-16 12:26:59;140;56;24;12;12;4;5;5;3;2;3
2020-12-16 12:27:59;140;56;24;12;12;4;5;5;3;2;3
2020-12-16 12:28:58;140;56;24;12;12;4;5;5;3;2;3
2020-12-16 12:29:59;140;56;24;12;12;4;5;5;3;2;3
2020-12-16 12:30:59;140;56;24;12;12;4;5;5;3;2;3
2020-12-16 12:31:58;140;56;24;12;12;4;5;5;3;2;3
2020-12-16 12:32:59;140;56;24;12;12;4;5;5;3;2;3
2020-12-16 12:33:59;140;56;24;12;12;4;5;5;3;2;3
2020-12-16 12:34:58;140;56;24;12;12;4;5;5;3;2;3
2020-12-16 12:35:59;140;56;24;12;12;4;5;5;3;2;3
2020-12-16 12:36:59;140;56;24;12;12;4;5;5;3;2;3
2020-12-16 12:37:58;140;56;24;12;12;4;5;5;3;2;3
2020-12-16 12:38:59;140;56;24;12;12;4;5;5;3;2;3
2020-12-16 12:39:58;140;56;24;12;12;4;5;5;3;2;3
2020-12-16 12:40:59;140;56;24;12;12;4;5;5;3;2;3
2020-12-16 12:41:59;140;56;24;12;12;4;5;5;3;2;3
2020-12-16 12:42:58;140;56;24;12;12;4;5;5;3;2;3
2020-12-16 12:43:59;141;57;24;12;12;4;5;5;3;2;3
2020-12-16 12:44:59;141;57;24;12;12;4;5;5;3;2;3
2020-12-16 12:45:58;141;57;24;12;12;4;5;5;3;2;3
2020-12-16 12:46:59;141;57;24;12;12;4;5;5;3;2;3
2020-12-16 12:47:59;141;57;24;12;12;4;5;5;3;2;3
2020-12-16 12:48:58;141;57;24;12;12;4;5;5;3;2;3
2020-12-16 12:49:59;141;57;24;12;12;4;5;5;3;2;3
2020-12-16 12:50:59;142;58;24;12;12;4;5;5;3;2;3
2020-12-16 12:51:58;142;58;24;12;12;4;5;5;3;2;3
2020-12-16 12:52:59;142;58;24;12;12;4;5;5;3;2;3
2020-12-16 12:53:58;143;58;24;13;12;4;5;5;3;2;3
2020-12-16 12:54:59;143;58;24;13;12;4;5;5;3;2;3
2020-12-16 12:55:59;144;59;24;13;12;4;5;5;3;2;3
2020-12-16 12:56:58;144;59;24;13;12;4;5;5;3;2;3
2020-12-16 12:57:59;144;59;24;13;12;4;5;5;3;2;3
2020-12-16 12:58:59;144;59;24;13;12;4;5;5;3;2;3
2020-12-16 12:59:58;144;59;24;13;12;4;5;5;3;2;3
2020-12-16 13:00:59;144;59;24;13;12;4;5;5;3;2;3
2020-12-16 13:01:58;144;59;24;13;12;4;5;5;3;2;3
2020-12-16 13:02:59;144;59;24;13;12;4;5;5;3;2;3
2020-12-16 13:03:58;144;59;24;13;12;4;5;5;3;2;3
2020-12-16 13:04:59;144;59;24;13;12;4;5;5;3;2;3
2020-12-16 13:05:58;144;59;24;13;12;4;5;5;3;2;3
2020-12-16 13:06:59;144;59;24;13;12;4;5;5;3;2;3
2020-12-16 13:07:59;145;60;24;13;12;4;5;5;3;2;3
2020-12-16 13:08:58;145;60;24;13;12;4;5;5;3;2;3
2020-12-16 13:09:59;145;60;24;13;12;4;5;5;3;2;3
2020-12-16 13:10:58;145;60;24;13;12;4;5;5;3;2;3
2020-12-16 13:11:59;145;60;24;13;12;4;5;5;3;2;3
2020-12-16 13:12:59;145;60;24;13;12;4;5;5;3;2;3
2020-12-16 13:13:59;145;60;24;13;12;4;5;5;3;2;3
2020-12-16 13:14:58;145;60;24;13;12;4;5;5;3;2;3
2020-12-16 13:15:59;145;60;24;13;12;4;5;5;3;2;3
2020-12-16 13:16:58;145;60;24;13;12;4;5;5;3;2;3
2020-12-16 13:17:59;145;60;24;13;12;4;5;5;3;2;3
2020-12-16 13:18:59;145;60;24;13;12;4;5;5;3;2;3
2020-12-16 13:19:58;145;60;24;13;12;4;5;5;3;2;3
2020-12-16 13:20:59;145;60;24;13;12;4;5;5;3;2;3
2020-12-16 13:21:59;145;60;24;13;12;4;5;5;3;2;3
2020-12-16 13:22:59;145;60;24;13;12;4;5;5;3;2;3
2020-12-16 13:23:58;146;61;24;13;12;4;5;5;3;2;3
2020-12-16 13:24:59;146;61;24;13;12;4;5;5;3;2;3
2020-12-16 13:25:59;146;61;24;13;12;4;5;5;3;2;3
2020-12-16 13:26:58;146;61;24;13;12;4;5;5;3;2;3
2020-12-16 13:27:59;146;61;24;13;12;4;5;5;3;2;3
2020-12-16 13:28:59;146;61;24;13;12;4;5;5;3;2;3
2020-12-16 13:29:58;146;61;24;13;12;4;5;5;3;2;3
2020-12-16 13:30:59;146;61;24;13;12;4;5;5;3;2;3
2020-12-16 13:31:59;146;61;24;13;12;4;5;5;3;2;3
2020-12-16 13:32:58;146;61;24;13;12;4;5;5;3;2;3
2020-12-16 13:33:59;146;61;24;13;12;4;5;5;3;2;3
2020-12-16 13:34:59;147;62;24;13;12;4;5;5;3;2;3
2020-12-16 13:35:58;147;62;24;13;12;4;5;5;3;2;3
2020-12-16 13:36:59;147;62;24;13;12;4;5;5;3;2;3
2020-12-16 13:38:00;147;62;24;13;12;4;5;5;3;2;3
2020-12-16 13:38:58;147;62;24;13;12;4;5;5;3;2;3
2020-12-16 13:39:59;147;62;24;13;12;4;5;5;3;2;3
2020-12-16 13:40:59;147;62;24;13;12;4;5;5;3;2;3
2020-12-16 13:41:58;147;62;24;13;12;4;5;5;3;2;3
2020-12-16 13:42:59;147;62;24;13;12;4;5;5;3;2;3
2020-12-16 13:43:58;147;62;24;13;12;4;5;5;3;2;3
2020-12-16 13:44:59;147;62;24;13;12;4;5;5;3;2;3
2020-12-16 13:45:59;147;62;24;13;12;4;5;5;3;2;3
2020-12-16 13:46:59;147;62;24;13;12;4;5;5;3;2;3
2020-12-16 13:47:58;147;62;24;13;12;4;5;5;3;2;3
2020-12-16 13:48:59;147;62;24;13;12;4;5;5;3;2;3
2020-12-16 13:49:59;147;62;24;13;12;4;5;5;3;2;3
2020-12-16 13:50:58;147;62;24;13;12;4;5;5;3;2;3
2020-12-16 13:51:59;147;62;24;13;12;4;5;5;3;2;3
2020-12-16 13:52:59;147;62;24;13;12;4;5;5;3;2;3
2020-12-16 13:53:58;147;62;24;13;12;4;5;5;3;2;3
2020-12-16 13:54:59;147;62;24;13;12;4;5;5;3;2;3
2020-12-16 13:55:58;147;62;24;13;12;4;5;5;3;2;3
2020-12-16 13:56:59;148;62;25;13;12;4;5;5;3;2;3
2020-12-16 13:57:59;148;62;25;13;12;4;5;5;3;2;3
2020-12-16 13:58:58;148;62;25;13;12;4;5;5;3;2;3
2020-12-16 13:59:59;148;62;25;13;12;4;5;5;3;2;3
2020-12-16 14:00:59;148;62;25;13;12;4;5;5;3;2;3
2020-12-16 14:01:58;148;62;25;13;12;4;5;5;3;2;3
2020-12-16 14:02:59;148;62;25;13;12;4;5;5;3;2;3
2020-12-16 14:03:59;148;62;25;13;12;4;5;5;3;2;3
2020-12-16 14:04:58;148;62;25;13;12;4;5;5;3;2;3
2020-12-16 14:05:59;148;62;25;13;12;4;5;5;3;2;3
2020-12-16 14:06:59;149;63;25;13;12;4;5;5;3;2;3
2020-12-16 14:07:58;149;63;25;13;12;4;5;5;3;2;3
2020-12-16 14:08:59;150;63;26;13;12;4;5;5;3;2;3
2020-12-16 14:09:59;150;63;26;13;12;4;5;5;3;2;3
2020-12-16 14:10:58;150;63;26;13;12;4;5;5;3;2;3
2020-12-16 14:11:59;150;63;26;13;12;4;5;5;3;2;3
2020-12-16 14:12:59;150;63;26;13;12;4;5;5;3;2;3
2020-12-16 14:13:58;150;63;26;13;12;4;5;5;3;2;3
2020-12-16 14:14:59;150;63;26;13;12;4;5;5;3;2;3
2020-12-16 14:15:59;150;63;26;13;12;4;5;5;3;2;3
2020-12-16 14:16:59;150;63;26;13;12;4;5;5;3;2;3
2020-12-16 14:17:59;150;63;26;13;12;4;5;5;3;2;3
2020-12-16 14:18:59;150;63;26;13;12;4;5;5;3;2;3
2020-12-16 14:19:58;150;63;26;13;12;4;5;5;3;2;3
2020-12-16 14:20:59;151;64;26;13;12;4;5;5;3;2;3
2020-12-16 14:21:59;151;64;26;13;12;4;5;5;3;2;3
2020-12-16 14:22:58;151;64;26;13;12;4;5;5;3;2;3
2020-12-16 14:23:59;151;64;26;13;12;4;5;5;3;2;3
2020-12-16 14:24:58;151;64;26;13;12;4;5;5;3;2;3
2020-12-16 14:25:59;151;64;26;13;12;4;5;5;3;2;3
2020-12-16 14:26:59;152;64;27;13;12;4;5;5;3;2;3
2020-12-16 14:27:59;152;64;27;13;12;4;5;5;3;2;3
2020-12-16 14:28:59;152;64;27;13;12;4;5;5;3;2;3
2020-12-16 14:29:58;152;64;27;13;12;4;5;5;3;2;3
2020-12-16 14:30:59;152;65;27;13;11;4;5;5;3;2;3
2020-12-16 14:31:59;152;65;27;13;11;4;5;5;3;2;3
2020-12-16 14:32:58;152;65;27;13;11;4;5;5;3;2;3
2020-12-16 14:33:59;153;66;27;13;11;4;5;5;3;2;3
2020-12-16 14:34:59;154;66;27;13;11;4;5;5;3;3;3
2020-12-16 14:35:58;154;66;27;13;11;4;5;5;3;3;3
2020-12-16 14:36:59;154;66;27;13;11;4;5;5;3;3;3
2020-12-16 14:37:59;154;66;27;13;11;4;5;5;3;3;3
2020-12-16 14:38:58;154;66;27;13;11;4;5;5;3;3;3
2020-12-16 14:39:59;154;66;27;13;11;4;5;5;3;3;3
2020-12-16 14:40:59;154;66;27;13;11;4;5;5;3;3;3
2020-12-16 14:41:58;154;66;27;13;11;4;5;5;3;3;3
2020-12-16 14:42:59;154;66;27;13;11;4;5;5;3;3;3
2020-12-16 14:43:59;154;66;27;13;11;4;5;5;3;3;3
2020-12-16 14:44:58;154;66;27;13;11;4;5;5;3;3;3
2020-12-16 14:45:59;154;66;27;13;11;4;5;5;3;3;3
2020-12-16 14:46:59;154;66;27;13;11;4;5;5;3;3;3
2020-12-16 14:47:58;154;66;27;13;11;4;5;5;3;3;3
2020-12-16 14:48:59;154;66;27;13;11;4;5;5;3;3;3
2020-12-16 14:49:58;154;66;27;13;11;4;5;5;3;3;3
2020-12-16 14:50:59;154;66;27;13;11;4;5;5;3;3;3
2020-12-16 14:51:59;154;66;27;13;11;4;5;5;3;3;3
2020-12-16 14:52:58;154;66;27;13;11;4;5;5;3;3;3
2020-12-16 14:53:59;154;66;27;13;11;4;5;5;3;3;3
2020-12-16 14:54:59;154;66;27;13;11;4;5;5;3;3;3
2020-12-16 14:55:58;154;66;27;13;11;4;5;5;3;3;3
2020-12-16 14:56:59;154;66;27;13;11;4;5;5;3;3;3
2020-12-16 14:57:59;154;66;27;13;11;4;5;5;3;3;3
2020-12-16 14:58:58;154;66;27;13;11;4;5;5;3;3;3
2020-12-16 14:59:59;154;66;27;13;11;4;5;5;3;3;3
2020-12-16 15:00:58;154;66;27;13;11;4;5;5;3;3;3
2020-12-16 15:01:59;154;66;27;13;11;4;5;5;3;3;3
2020-12-16 15:02:58;154;66;27;13;11;4;5;5;3;3;3
2020-12-16 15:03:59;154;66;27;13;11;4;5;5;3;3;3
2020-12-16 15:04:59;154;66;27;13;11;4;5;5;3;3;3
2020-12-16 15:05:58;154;66;27;13;11;4;5;5;3;3;3
2020-12-16 15:06:59;154;66;27;13;11;4;5;5;3;3;3
2020-12-16 15:07:59;154;66;27;13;11;4;5;5;3;3;3
2020-12-16 15:08:58;154;66;27;13;11;4;5;5;3;3;3
2020-12-16 15:09:59;154;66;27;13;11;4;5;5;3;3;3
2020-12-16 15:10:59;155;66;27;13;11;4;5;5;3;3;3
2020-12-16 15:11:58;155;66;27;13;11;4;5;5;3;3;3
2020-12-16 15:12:59;155;66;27;13;11;4;5;5;3;3;3
2020-12-16 15:13:59;155;66;27;13;11;4;5;5;3;3;3
2020-12-16 15:14:58;155;66;27;13;11;4;5;5;3;3;3
2020-12-16 15:15:59;155;66;27;13;11;4;5;5;3;3;3
2020-12-16 15:16:59;155;66;27;13;11;4;5;5;3;3;3
2020-12-16 15:17:58;156;67;27;13;11;4;5;5;3;3;3
2020-12-16 15:18:59;156;67;27;13;11;4;5;5;3;3;3
2020-12-16 15:19:58;156;67;27;13;11;4;5;5;3;3;3
2020-12-16 15:20:59;156;67;27;13;11;4;5;5;3;3;3
2020-12-16 15:21:59;156;67;27;13;11;4;5;5;3;3;3
2020-12-16 15:22:58;156;67;27;13;11;4;5;5;3;3;3
2020-12-16 15:23:59;156;67;27;13;11;4;5;5;3;3;3
2020-12-16 15:24:59;156;67;27;13;11;4;5;5;3;3;3
2020-12-16 15:25:58;156;67;27;13;11;4;5;5;3;3;3
2020-12-16 15:26:59;156;67;27;13;11;4;5;5;3;3;3
2020-12-16 15:27:59;157;68;27;13;11;4;5;5;3;3;3
2020-12-16 15:28:58;157;68;27;13;11;4;5;5;3;3;3
2020-12-16 15:29:59;157;68;27;13;11;4;5;5;3;3;3
2020-12-16 15:30:59;157;68;27;13;11;4;5;5;3;3;3
2020-12-16 15:31:59;157;68;27;13;11;4;5;5;3;3;3
2020-12-16 15:32:59;157;68;27;13;11;4;5;5;3;3;3
2020-12-16 15:33:59;157;68;27;13;11;4;5;5;3;3;3
2020-12-16 15:34:58;157;68;27;13;11;4;5;5;3;3;3
2020-12-16 15:35:59;157;68;27;13;11;4;5;5;3;3;3
2020-12-16 15:36:59;157;68;27;13;11;4;5;5;3;3;3
2020-12-16 15:37:58;157;68;27;13;11;4;5;5;3;3;3
2020-12-16 15:38:59;158;69;27;13;11;4;5;5;3;3;3
2020-12-16 15:39:58;158;69;27;13;11;4;5;5;3;3;3
2020-12-16 15:40:59;158;69;27;13;11;4;5;5;3;3;3
2020-12-16 15:41:59;158;69;27;13;11;4;5;5;3;3;3
2020-12-16 15:42:58;159;70;27;13;11;4;5;5;3;3;3
2020-12-16 15:43:59;159;70;27;13;11;4;5;5;3;3;3
2020-12-16 15:44:59;160;70;27;13;12;4;5;5;3;3;3
2020-12-16 15:45:58;160;70;27;13;12;4;5;5;3;3;3
2020-12-16 15:46:59;160;70;27;13;12;4;5;5;3;3;3
2020-12-16 15:47:59;160;70;27;13;12;4;5;5;3;3;3
2020-12-16 15:48:58;160;70;27;13;12;4;5;5;3;3;3
2020-12-16 15:49:59;160;70;27;13;12;4;5;5;3;3;3
2020-12-16 15:50:59;160;70;27;13;12;4;5;5;3;3;3
2020-12-16 15:51:58;160;70;27;13;12;4;5;5;3;3;3
2020-12-16 15:52:59;160;70;27;13;12;4;5;5;3;3;3
2020-12-16 15:53:59;160;70;27;13;12;4;5;5;3;3;3
2020-12-16 15:54:58;160;70;27;13;12;4;5;5;3;3;3
2020-12-16 15:55:59;161;70;27;13;12;4;5;5;3;3;3
2020-12-16 15:56:59;161;70;27;13;12;4;5;5;3;3;3
2020-12-16 15:57:58;161;70;27;13;12;4;5;5;3;3;3
2020-12-16 15:58:59;162;70;27;13;12;4;5;6;3;3;3
2020-12-16 15:59:59;162;70;27;13;12;4;5;6;3;3;3
2020-12-16 16:00:58;162;70;27;13;12;4;5;6;3;3;3
2020-12-16 16:01:59;162;70;27;13;12;4;5;6;3;3;3
2020-12-16 16:02:58;162;70;27;13;12;4;5;6;3;3;3
2020-12-16 16:03:59;163;71;27;13;12;4;5;6;3;3;3
2020-12-16 16:04:59;163;71;27;13;12;4;5;6;3;3;3
2020-12-16 16:05:59;163;71;27;13;12;4;5;6;3;3;3
2020-12-16 16:06:58;163;71;27;13;12;4;5;6;3;3;3
2020-12-16 16:07:59;163;71;27;13;12;4;5;6;3;3;3
2020-12-16 16:08:59;163;71;27;13;12;4;5;6;3;3;3
2020-12-16 16:09:58;163;71;27;13;12;4;5;6;3;3;3
2020-12-16 16:10:59;163;71;27;13;12;4;5;6;3;3;3
2020-12-16 16:11:59;163;71;27;13;12;4;5;6;3;3;3
2020-12-16 16:12:58;163;71;27;13;12;4;5;6;3;3;3
2020-12-16 16:13:59;163;71;27;13;12;4;5;6;3;3;3
2020-12-16 16:14:58;163;71;27;13;12;4;5;6;3;3;3
2020-12-16 16:15:59;163;71;27;13;12;4;5;6;3;3;3
2020-12-16 16:16:58;162;71;26;13;12;4;5;6;3;3;3
2020-12-16 16:17:59;162;71;26;13;12;4;5;6;3;3;3
2020-12-16 16:18:59;163;72;26;13;12;4;5;6;3;3;3
2020-12-16 16:19:59;163;72;26;13;12;4;5;6;3;3;3
2020-12-16 16:20:58;165;73;26;14;12;4;5;6;3;3;3
2020-12-16 16:21:59;166;73;26;14;12;5;5;6;3;3;3
2020-12-16 16:22:59;166;73;26;14;12;5;5;6;3;3;3
2020-12-16 16:23:59;167;73;27;14;12;5;5;6;3;3;3
2020-12-16 16:24:58;167;73;27;14;12;5;5;6;3;3;3
2020-12-16 16:25:59;169;73;27;15;12;6;5;6;3;3;3
2020-12-16 16:26:59;169;73;27;15;12;6;5;6;3;3;3
2020-12-16 16:27:58;170;73;27;15;12;6;5;6;3;4;3
2020-12-16 16:28:59;170;73;27;15;12;6;5;6;3;4;3
2020-12-16 16:29:59;170;73;27;15;12;6;5;6;3;4;3
2020-12-16 16:30:58;170;73;27;15;12;6;5;6;3;4;3
2020-12-16 16:31:59;170;73;27;15;12;6;5;6;3;4;3
2020-12-16 16:32:59;170;73;27;15;12;6;5;6;3;4;3
2020-12-16 16:33:58;170;73;27;15;12;6;5;6;3;4;3
2020-12-16 16:34:59;170;73;27;15;12;6;5;6;3;4;3
2020-12-16 16:35:59;170;73;27;15;12;6;5;6;3;4;3
2020-12-16 16:36:58;171;73;27;15;12;7;5;6;3;4;3
2020-12-16 16:37:59;171;73;27;15;12;7;5;6;3;4;3
2020-12-16 16:38:59;171;73;27;15;12;7;5;6;3;4;3
2020-12-16 16:39:58;171;73;27;15;12;7;5;6;3;4;3
2020-12-16 16:40:59;172;73;27;15;12;7;6;6;3;4;3
2020-12-16 16:41:59;172;73;27;15;12;7;6;6;3;4;3
2020-12-16 16:42:58;172;73;27;15;12;7;6;6;3;4;3
2020-12-16 16:43:59;172;73;27;15;12;7;6;6;3;4;3
2020-12-16 16:44:59;173;73;27;16;12;7;6;6;3;4;3
2020-12-16 16:45:58;174;73;28;16;12;7;6;6;3;4;3
2020-12-16 16:46:59;175;74;28;16;12;7;6;6;3;4;3
2020-12-16 16:47:59;175;74;28;16;12;7;6;6;3;4;3
2020-12-16 16:48:58;175;74;28;16;12;7;6;6;3;4;3
2020-12-16 16:49:59;176;74;29;16;12;7;6;6;3;4;3
2020-12-16 16:50:59;176;74;29;16;12;7;6;6;3;4;3
2020-12-16 16:51:58;176;74;29;16;12;7;6;6;3;4;3
2020-12-16 16:52:59;176;74;29;16;12;7;6;6;3;4;3
2020-12-16 16:53:59;176;74;29;16;12;7;6;6;3;4;3
2020-12-16 16:54:58;176;74;29;16;12;7;6;6;3;4;3
2020-12-16 16:55:59;176;74;29;16;12;7;6;6;3;4;3
2020-12-16 16:56:59;177;75;29;16;12;7;6;6;3;4;3
2020-12-16 16:57:59;177;75;29;16;12;7;6;6;3;4;3
2020-12-16 16:58:58;178;76;29;16;12;7;6;6;3;4;3
2020-12-16 16:59:59;179;77;29;16;12;7;6;6;3;4;3
2020-12-16 17:00:59;179;77;29;16;12;7;6;6;3;4;3
2020-12-16 17:01:58;179;77;29;16;12;7;6;6;3;4;3
2020-12-16 17:02:59;179;77;29;16;12;7;6;6;3;4;3
2020-12-16 17:03:59;179;77;29;16;12;7;6;6;3;4;3
2020-12-16 17:04:58;179;77;29;16;12;7;6;6;3;4;3
2020-12-16 17:05:59;179;77;29;16;12;7;6;6;3;4;3
2020-12-16 17:06:59;179;77;29;16;12;7;6;6;3;4;3
2020-12-16 17:07:58;179;77;29;16;12;7;6;6;3;4;3
2020-12-16 17:08:59;179;77;29;16;12;7;6;6;3;4;3
2020-12-16 17:10:00;180;77;29;16;12;8;6;6;3;4;3
2020-12-16 17:10:58;180;77;29;16;12;8;6;6;3;4;3
2020-12-16 17:11:59;180;77;29;16;12;8;6;6;3;4;3
2020-12-16 17:12:58;181;78;29;16;12;8;6;6;3;4;3
2020-12-16 17:13:59;181;78;29;16;12;8;6;6;3;4;3
2020-12-16 17:14:59;181;78;29;16;12;8;6;6;3;4;3
2020-12-16 17:15:58;183;79;29;16;13;8;6;6;3;4;3
2020-12-16 17:16:59;183;79;29;16;13;8;6;6;3;4;3
2020-12-16 17:18:00;183;79;29;16;13;8;6;6;3;4;3
2020-12-16 17:18:58;183;79;29;16;13;8;6;6;3;4;3
2020-12-16 17:19:59;183;79;29;16;13;8;6;6;3;4;3
2020-12-16 17:20:58;183;79;29;16;13;8;6;6;3;4;3
2020-12-16 17:21:59;183;79;29;16;13;8;6;6;3;4;3
2020-12-16 17:22:59;183;79;29;16;13;8;6;6;3;4;3
2020-12-16 17:23:58;183;79;29;16;13;8;6;6;3;4;3
2020-12-16 17:24:59;184;79;30;16;13;8;6;6;3;4;3
2020-12-16 17:25:59;184;79;30;16;13;8;6;6;3;4;3
2020-12-16 17:26:59;184;79;30;16;13;8;6;6;3;4;3
2020-12-16 17:27:58;184;79;30;16;13;8;6;6;3;4;3
2020-12-16 17:28:59;185;80;30;16;13;8;6;6;3;4;3
2020-12-16 17:29:58;185;80;30;16;13;8;6;6;3;4;3
2020-12-16 17:30:59;185;80;30;16;13;8;6;6;3;4;3
2020-12-16 17:31:59;185;80;30;16;13;8;6;6;3;4;3
2020-12-16 17:32:58;185;80;30;16;13;8;6;6;3;4;3
2020-12-16 17:33:59;185;80;30;16;13;8;6;6;3;4;3
2020-12-16 17:34:59;185;80;30;16;13;8;6;6;3;4;3
2020-12-16 17:35:58;186;81;30;16;13;8;6;6;3;4;3
2020-12-16 17:36:59;186;81;30;16;13;8;6;6;3;4;3
2020-12-16 17:37:59;186;81;30;16;13;8;6;6;3;4;3
2020-12-16 17:38:58;187;81;31;16;13;8;6;6;3;4;3
2020-12-16 17:39:59;187;81;31;16;13;8;6;6;3;4;3
2020-12-16 17:40:59;187;81;31;16;13;8;6;6;3;4;3
2020-12-16 17:41:58;187;81;31;16;13;8;6;6;3;4;3
2020-12-16 17:42:59;187;81;31;16;13;8;6;6;3;4;3
2020-12-16 17:43:59;187;81;31;16;13;8;6;6;3;4;3
2020-12-16 17:44:58;187;81;31;16;13;8;6;6;3;4;3
2020-12-16 17:45:59;187;81;31;16;13;8;6;6;3;4;3
2020-12-16 17:46:59;187;81;31;16;13;8;6;6;3;4;3
2020-12-16 17:47:58;187;81;31;16;13;8;6;6;3;4;3
2020-12-16 17:48:59;187;81;31;16;13;8;6;6;3;4;3
2020-12-16 17:49:58;187;81;31;16;13;8;6;6;3;4;3
2020-12-16 17:50:59;187;81;31;16;13;8;6;6;3;4;3
2020-12-16 17:51:58;187;81;31;16;13;8;6;6;3;4;3
2020-12-16 17:52:59;187;81;31;16;13;8;6;6;3;4;3
2020-12-16 17:53:59;187;81;31;16;13;8;6;6;3;4;3
2020-12-16 17:54:58;187;81;31;16;13;8;6;6;3;4;3
2020-12-16 17:55:59;187;81;31;16;13;8;6;6;3;4;3
2020-12-16 17:56:58;187;81;31;16;13;8;6;6;3;4;3
2020-12-16 17:57:59;187;81;31;16;13;8;6;6;3;4;3
2020-12-16 17:58:59;187;81;31;16;13;8;6;6;3;4;3
2020-12-16 17:59:58;187;81;31;16;13;8;6;6;3;4;3
2020-12-16 18:00:59;187;81;31;16;13;8;6;6;3;4;3
2020-12-16 18:01:59;187;81;31;16;13;8;6;6;3;4;3
2020-12-16 18:02:58;187;81;31;16;13;8;6;6;3;4;3
2020-12-16 18:03:59;187;81;31;16;13;8;6;6;3;4;3
2020-12-16 18:04:59;187;81;31;16;13;8;6;6;3;4;3
2020-12-16 18:05:58;187;81;31;16;13;8;6;6;3;4;3
2020-12-16 18:07:00;188;82;31;16;13;8;6;6;3;4;3
2020-12-16 18:07:58;188;82;31;16;13;8;6;6;3;4;3
2020-12-16 18:08:59;189;82;31;17;13;8;6;6;3;4;3
2020-12-16 18:09:59;190;82;32;17;13;8;6;6;3;4;3
2020-12-16 18:10:59;190;82;32;17;13;8;6;6;3;4;3
2020-12-16 18:11:58;190;82;32;17;13;8;6;6;3;4;3
2020-12-16 18:12:59;190;82;32;17;13;8;6;6;3;4;3
2020-12-16 18:13:59;190;82;32;17;13;8;6;6;3;4;3
2020-12-16 18:14:58;190;82;32;17;13;8;6;6;3;4;3
2020-12-16 18:15:59;190;82;32;17;13;8;6;6;3;4;3
2020-12-16 18:16:59;190;82;32;17;13;8;6;6;3;4;3
2020-12-16 18:17:58;190;82;32;17;13;8;6;6;3;4;3
2020-12-16 18:18:59;191;83;32;17;13;8;6;6;3;4;3
2020-12-16 18:19:58;191;83;32;17;13;8;6;6;3;4;3
2020-12-16 18:20:59;191;83;32;17;13;8;6;6;3;4;3
2020-12-16 18:21:59;191;83;32;17;13;8;6;6;3;4;3
2020-12-16 18:22:58;192;83;33;17;13;8;6;6;3;4;3
2020-12-16 18:23:59;192;83;33;17;13;8;6;6;3;4;3
2020-12-16 18:24:59;192;83;33;17;13;8;6;6;3;4;3
2020-12-16 18:25:58;192;83;33;17;13;8;6;6;3;4;3
2020-12-16 18:26:59;193;84;33;17;13;8;6;6;3;4;3
2020-12-16 18:27:58;193;84;33;17;13;8;6;6;3;4;3
2020-12-16 18:28:59;195;85;34;17;13;8;6;6;3;4;3
2020-12-16 18:29:59;196;85;35;17;13;8;6;6;3;4;3
2020-12-16 18:30:58;196;85;35;17;13;8;6;6;3;4;3
2020-12-16 18:31:59;196;85;35;17;13;8;6;6;3;4;3
2020-12-16 18:32:59;196;85;35;17;13;8;6;6;3;4;3
2020-12-16 18:33:59;196;85;35;17;13;8;6;6;3;4;3
2020-12-16 18:34:58;196;85;35;17;13;8;6;6;3;4;3
2020-12-16 18:35:59;196;85;35;17;13;8;6;6;3;4;3
2020-12-16 18:36:58;196;85;35;17;13;8;6;6;3;4;3
2020-12-16 18:37:59;196;85;35;17;13;8;6;6;3;4;3
2020-12-16 18:38:59;196;85;35;17;13;8;6;6;3;4;3
2020-12-16 18:39:59;196;85;35;17;13;8;6;6;3;4;3
2020-12-16 18:40:58;196;85;35;17;13;8;6;6;3;4;3
2020-12-16 18:41:59;196;85;35;17;13;8;6;6;3;4;3
2020-12-16 18:42:59;196;85;35;17;13;8;6;6;3;4;3
2020-12-16 18:43:58;196;85;35;17;13;8;6;6;3;4;3
2020-12-16 18:44:59;197;86;35;17;13;8;6;6;3;4;3
2020-12-16 18:45:58;197;86;35;17;13;8;6;6;3;4;3
2020-12-16 18:46:59;197;86;35;17;13;8;6;6;3;4;3
2020-12-16 18:47:59;197;86;35;17;13;8;6;6;3;4;3
2020-12-16 18:48:59;197;86;35;17;13;8;6;6;3;4;3
2020-12-16 18:49:58;197;86;35;17;13;8;6;6;3;4;3
2020-12-16 18:50:59;197;86;35;17;13;8;6;6;3;4;3
2020-12-16 18:51:59;196;86;35;17;13;8;6;6;3;4;3
2020-12-16 18:52:58;196;86;35;17;13;8;6;6;3;4;3
2020-12-16 18:53:59;196;86;35;17;13;8;6;6;3;4;3
2020-12-16 18:54:59;196;86;35;17;13;8;6;6;3;4;3
2020-12-16 18:55:58;196;86;35;17;13;8;6;6;3;4;3
2020-12-16 18:56:59;196;86;35;17;13;8;6;6;3;4;3
2020-12-16 18:57:59;196;86;35;17;13;8;6;6;3;4;3
2020-12-16 18:58:59;196;86;35;17;13;8;6;6;3;4;3
2020-12-16 18:59:59;197;87;35;17;13;8;6;6;3;4;3
2020-12-16 19:00:59;197;87;35;17;13;8;6;6;3;4;3
2020-12-16 19:01:58;197;87;35;17;13;8;6;6;3;4;3
2020-12-16 19:02:59;197;87;35;17;13;8;6;6;3;4;3
2020-12-16 19:03:58;198;87;35;18;13;8;6;6;3;4;3
2020-12-16 19:04:59;198;87;35;18;13;8;6;6;3;4;3
2020-12-16 19:05:59;198;87;35;18;13;8;6;6;3;4;3
2020-12-16 19:06:58;198;87;35;18;13;8;6;6;3;4;3
2020-12-16 19:07:59;198;87;35;18;13;8;6;6;3;4;3
2020-12-16 19:08:59;198;87;35;18;13;8;6;6;3;4;3
2020-12-16 19:09:58;198;87;35;18;13;8;6;6;3;4;3
2020-12-16 19:10:59;198;87;35;18;13;8;6;6;3;4;3
2020-12-16 19:11:59;198;87;35;18;13;8;6;6;3;4;3
2020-12-16 19:12:58;198;87;35;18;13;8;6;6;3;4;3
2020-12-16 19:13:59;198;87;35;18;13;8;6;6;3;4;3
2020-12-16 19:14:59;198;87;35;18;13;8;6;6;3;4;3
2020-12-16 19:15:58;198;87;35;18;13;8;6;6;3;4;3
2020-12-16 19:16:59;198;87;35;18;13;8;6;6;3;4;3
2020-12-16 19:17:58;200;89;35;18;13;8;6;6;3;4;3
2020-12-16 19:18:59;200;89;35;18;13;8;6;6;3;4;3
2020-12-16 19:19:59;200;89;35;18;13;8;6;6;3;4;3
2020-12-16 19:20:58;200;89;35;18;13;8;6;6;3;4;3
2020-12-16 19:21:59;200;89;35;18;13;8;6;6;3;4;3
2020-12-16 19:22:59;202;90;35;18;13;8;6;6;3;4;3
2020-12-16 19:23:58;202;90;35;18;13;8;6;6;3;4;3
2020-12-16 19:24:59;202;90;35;18;13;8;6;6;3;4;3
2020-12-16 19:25:59;201;90;35;18;13;8;6;6;3;4;3
2020-12-16 19:26:58;201;90;35;18;13;8;6;6;3;4;3
2020-12-16 19:27:59;201;90;35;18;13;8;6;6;3;4;3
2020-12-16 19:28:59;201;90;35;18;13;8;6;6;3;4;3
2020-12-16 19:29:58;201;90;35;18;13;8;6;6;3;4;3
2020-12-16 19:30:59;201;90;35;18;13;8;6;6;3;4;3
2020-12-16 19:31:59;201;90;35;18;13;8;6;6;3;4;3
2020-12-16 19:32:58;201;90;35;18;13;8;6;6;3;4;3
2020-12-16 19:33:59;201;90;35;18;13;8;6;6;3;4;3
2020-12-16 19:34:59;201;90;35;18;13;8;6;6;3;4;3
2020-12-16 19:35:58;201;90;35;18;13;8;6;6;3;4;3
2020-12-16 19:36:59;201;90;35;18;13;8;6;6;3;4;3
2020-12-16 19:37:59;201;90;35;18;13;8;6;6;3;4;3
2020-12-16 19:38:58;201;90;35;18;13;8;6;6;3;4;3
2020-12-16 19:39:59;201;90;35;18;13;8;6;6;3;4;3
2020-12-16 19:40:58;201;90;35;18;13;8;6;6;3;4;3
2020-12-16 19:41:59;201;90;35;18;13;8;6;6;3;4;3
2020-12-16 19:42:59;201;90;35;18;13;8;6;6;3;4;3
2020-12-16 19:43:59;201;90;35;18;13;8;6;6;3;4;3
2020-12-16 19:44:59;201;90;35;18;13;8;6;6;3;4;3
2020-12-16 19:45:58;201;90;35;18;13;8;6;6;3;4;3
2020-12-16 19:46:59;202;91;35;18;13;8;6;6;3;4;3
2020-12-16 19:47:58;202;91;35;18;13;8;6;6;3;4;3
2020-12-16 19:48:59;202;91;35;18;13;8;6;6;3;4;3
2020-12-16 19:49:59;203;92;35;18;13;8;6;6;3;4;3
2020-12-16 19:51:00;203;92;35;18;13;8;6;6;3;4;3
2020-12-16 19:51:58;203;92;35;18;13;8;6;6;3;4;3
2020-12-16 19:52:59;203;92;35;18;13;8;6;6;3;4;3
2020-12-16 19:53:59;203;92;35;18;13;8;6;6;3;4;3
2020-12-16 19:54:58;203;92;35;18;13;8;6;6;3;4;3
2020-12-16 19:55:59;203;92;35;18;13;8;6;6;3;4;3
2020-12-16 19:56:59;204;93;35;18;13;8;6;6;3;4;3
2020-12-16 19:57:58;204;93;35;18;13;8;6;6;3;4;3
2020-12-16 19:58:59;204;93;35;18;13;8;6;6;3;4;3
2020-12-16 19:59:59;204;93;35;18;13;8;6;6;3;4;3
2020-12-16 20:00:58;204;93;35;18;13;8;6;6;3;4;3
2020-12-16 20:01:59;205;94;35;18;13;8;6;6;3;4;3
2020-12-16 20:02:59;205;94;35;18;13;8;6;6;3;4;3
2020-12-16 20:03:58;205;94;35;18;13;8;6;6;3;4;3
2020-12-16 20:04:59;205;94;35;18;13;8;6;6;3;4;3
2020-12-16 20:05:59;205;94;35;18;13;8;6;6;3;4;3
2020-12-16 20:06:58;205;94;35;18;13;8;6;6;3;4;3
2020-12-16 20:07:59;205;94;35;18;13;8;6;6;3;4;3
2020-12-16 20:08:58;205;94;35;18;13;8;6;6;3;4;3
2020-12-16 20:09:59;205;94;35;18;13;8;6;6;3;4;3
2020-12-16 20:11:00;205;94;35;18;13;8;6;6;3;4;3
2020-12-16 20:11:58;205;94;35;18;13;8;6;6;3;4;3
2020-12-16 20:12:59;206;95;35;18;13;8;6;6;3;4;3
2020-12-16 20:13:59;206;95;35;18;13;8;6;6;3;4;3
2020-12-16 20:14:58;206;95;35;18;13;8;6;6;3;4;3
2020-12-16 20:15:59;206;95;35;18;13;8;6;6;3;4;3
2020-12-16 20:16:59;206;95;35;18;13;8;6;6;3;4;3
2020-12-16 20:17:58;206;95;35;18;13;8;6;6;3;4;3
2020-12-16 20:18:59;206;95;35;18;13;8;6;6;3;4;3
2020-12-16 20:19:58;206;95;35;18;13;8;6;6;3;4;3
2020-12-16 20:20:59;206;95;35;18;13;8;6;6;3;4;3
2020-12-16 20:21:59;206;95;35;18;13;8;6;6;3;4;3
2020-12-16 20:22:58;206;95;35;18;13;8;6;6;3;4;3
2020-12-16 20:23:59;206;95;35;18;13;8;6;6;3;4;3
2020-12-16 20:24:59;206;95;35;18;13;8;6;6;3;4;3
2020-12-16 20:25:58;208;96;36;18;13;8;6;6;3;4;3
2020-12-16 20:26:59;208;96;36;18;13;8;6;6;3;4;3
2020-12-16 20:27:59;209;96;37;18;13;8;6;6;3;4;3
2020-12-16 20:28:59;211;96;39;18;13;8;6;6;3;4;3
2020-12-16 20:29:58;211;96;39;18;13;8;6;6;3;4;3
2020-12-16 20:30:59;211;96;39;18;13;8;6;6;3;4;3
2020-12-16 20:31:59;211;96;39;18;13;8;6;6;3;4;3
2020-12-16 20:32:58;211;96;39;18;13;8;6;6;3;4;3
2020-12-16 20:33:59;211;96;39;18;13;8;6;6;3;4;3
2020-12-16 20:35:00;211;96;39;18;13;8;6;6;3;4;3
2020-12-16 20:35:58;211;96;39;18;13;8;6;6;3;4;3
2020-12-16 20:36:59;211;96;39;18;13;8;6;6;3;4;3
2020-12-16 20:37:58;211;96;39;18;13;8;6;6;3;4;3
2020-12-16 20:38:59;211;96;39;18;13;8;6;6;3;4;3
2020-12-16 20:39:59;211;96;39;18;13;8;6;6;3;4;3
2020-12-16 20:40:58;211;96;39;18;13;8;6;6;3;4;3
2020-12-16 20:41:59;211;96;39;18;13;8;6;6;3;4;3
2020-12-16 20:42:59;211;96;39;18;13;8;6;6;3;4;3
2020-12-16 20:43:58;211;96;39;18;13;8;6;6;3;4;3
2020-12-16 20:44:59;211;96;39;18;13;8;6;6;3;4;3
2020-12-16 20:45:59;211;96;39;18;13;8;6;6;3;4;3
2020-12-16 20:46:59;211;96;39;18;13;8;6;6;3;4;3
2020-12-16 20:47:58;211;96;39;18;13;8;6;6;3;4;3
2020-12-16 20:48:59;213;96;40;18;14;8;6;6;3;4;3
2020-12-16 20:49:58;213;96;40;18;14;8;6;6;3;4;3
2020-12-16 20:50:59;214;97;40;18;14;8;6;6;3;4;3
2020-12-16 20:51:59;214;97;40;18;14;8;6;6;3;4;3
2020-12-16 20:52:58;214;97;40;18;14;8;6;6;3;4;3
2020-12-16 20:53:59;215;98;41;18;14;7;6;6;3;4;3
2020-12-16 20:54:59;215;98;41;18;14;7;6;6;3;4;3
2020-12-16 20:55:58;215;98;41;18;14;7;6;6;3;4;3
2020-12-16 20:56:59;215;98;41;18;14;7;6;6;3;4;3
2020-12-16 20:57:59;215;98;41;18;14;7;6;6;3;4;3
2020-12-16 20:58:58;215;98;41;18;14;7;6;6;3;4;3
2020-12-16 20:59:59;215;98;41;18;14;7;6;6;3;4;3
2020-12-16 21:00:58;216;98;41;19;14;7;6;6;3;4;3
2020-12-16 21:01:59;217;99;41;19;14;7;6;6;3;4;3
2020-12-16 21:02:59;217;99;41;19;14;7;6;6;3;4;3
2020-12-16 21:03:58;217;99;41;19;14;7;6;6;3;4;3
2020-12-16 21:04:59;217;99;41;19;14;7;6;6;3;4;3
2020-12-16 21:05:58;217;99;41;19;14;7;6;6;3;4;3
2020-12-16 21:06:59;217;99;41;19;14;7;6;6;3;4;3
2020-12-16 21:07:59;218;100;41;19;14;7;6;6;3;4;3
2020-12-16 21:08:58;218;100;41;19;14;7;6;6;3;4;3
2020-12-16 21:09:59;218;100;41;19;14;7;6;6;3;4;3
2020-12-16 21:10:59;219;100;41;19;14;7;6;6;3;4;3
2020-12-16 21:11:58;219;100;41;19;14;7;6;6;3;4;3
2020-12-16 21:12:59;219;100;41;19;14;7;6;6;3;4;3
2020-12-16 21:13:58;219;100;41;19;14;7;6;6;3;4;3
2020-12-16 21:14:59;220;100;42;19;14;7;6;6;3;4;3
2020-12-16 21:15:59;221;101;42;19;14;7;6;6;3;4;3
2020-12-16 21:16:58;222;102;42;19;14;7;6;6;3;4;3
2020-12-16 21:17:59;222;102;42;19;14;7;6;6;3;4;3
2020-12-16 21:18:59;223;102;43;19;14;7;6;6;3;4;3
2020-12-16 21:19:59;224;102;44;19;14;7;6;6;3;4;3
2020-12-16 21:20:58;224;102;44;19;14;7;6;6;3;4;3
2020-12-16 21:21:59;224;102;44;19;14;7;6;6;3;4;3
2020-12-16 21:22:59;224;102;44;19;14;7;6;6;3;4;3
2020-12-16 21:23:58;224;102;44;19;14;7;6;6;3;4;3
2020-12-16 21:24:59;225;103;44;19;14;7;6;6;3;4;3
2020-12-16 21:25:58;225;103;44;19;14;7;6;6;3;4;3
2020-12-16 21:26:59;225;103;44;19;14;7;6;6;3;4;3
2020-12-16 21:27:59;225;103;44;19;14;7;6;6;3;4;3
2020-12-16 21:28:58;226;103;45;19;14;7;6;6;3;4;3
2020-12-16 21:29:59;226;103;45;19;14;7;6;6;3;4;3
2020-12-16 21:30:59;226;103;45;19;14;7;6;6;3;4;3
2020-12-16 21:31:58;227;104;45;19;14;7;6;6;3;4;3
2020-12-16 21:32:59;227;104;45;19;14;7;6;6;3;4;3
2020-12-16 21:33:59;228;105;45;19;14;7;6;6;3;4;3
2020-12-16 21:34:58;228;105;45;19;14;7;6;6;3;4;3
2020-12-16 21:35:59;228;105;44;19;14;7;6;6;4;4;3
2020-12-16 21:36:59;228;105;44;19;14;7;6;6;4;4;3
2020-12-16 21:37:58;228;105;44;19;14;7;6;6;4;4;3
2020-12-16 21:38:59;228;105;44;19;14;7;6;6;4;4;3
2020-12-16 21:39:58;228;105;44;19;14;7;6;6;4;4;3
2020-12-16 21:40:59;230;105;45;19;14;7;6;6;5;4;3
2020-12-16 21:41:59;231;105;45;19;14;7;7;6;5;4;3
2020-12-16 21:42:59;231;105;45;19;14;7;7;6;5;4;3
2020-12-16 21:43:58;232;105;45;19;14;7;7;6;6;4;3
2020-12-16 21:44:59;233;105;45;19;14;7;7;6;6;4;3
2020-12-16 21:45:59;233;105;45;19;14;7;7;6;6;4;3
2020-12-16 21:46:58;233;105;45;19;14;7;7;6;6;4;3
2020-12-16 21:47:59;233;105;45;19;14;7;7;6;6;4;3
2020-12-16 21:48:58;234;105;46;19;14;7;7;6;6;4;3
2020-12-16 21:49:59;234;105;46;19;14;7;7;6;6;4;3
2020-12-16 21:50:59;235;106;46;19;14;7;7;6;6;4;3
2020-12-16 21:51:59;235;106;46;19;14;7;7;6;6;4;3
2020-12-16 21:52:58;235;106;46;19;14;7;7;6;6;4;3
2020-12-16 21:53:59;235;106;46;19;14;7;7;6;6;4;3
2020-12-16 21:54:58;237;106;48;19;14;7;7;6;6;4;3
2020-12-16 21:55:59;237;106;48;19;14;7;7;6;6;4;3
2020-12-16 21:56:59;237;106;48;19;14;7;7;6;6;4;3
2020-12-16 21:57:59;237;106;48;19;14;7;7;6;6;4;3
2020-12-16 21:58:58;238;106;49;19;14;7;7;6;6;4;3
2020-12-16 21:59:59;239;107;49;19;14;7;7;6;6;4;3
2020-12-16 22:00:58;239;107;49;19;14;7;7;6;6;4;3
2020-12-16 22:01:59;239;107;49;19;14;7;7;6;6;4;3
2020-12-16 22:02:58;239;107;49;19;14;7;7;6;6;4;3
2020-12-16 22:03:59;239;107;49;19;14;7;7;6;6;4;3
2020-12-16 22:04:59;239;107;49;19;14;7;7;6;6;4;3
2020-12-16 22:05:58;239;107;49;19;14;7;7;6;6;4;3
2020-12-16 22:06:59;239;107;49;19;14;7;7;6;6;4;3
2020-12-16 22:07:59;239;107;49;19;14;7;7;6;6;4;3
2020-12-16 22:08:58;239;107;49;19;14;7;7;6;6;4;3
2020-12-16 22:09:59;239;107;49;19;14;7;7;6;6;4;3
2020-12-16 22:10:59;240;108;49;19;14;7;7;6;6;4;3
2020-12-16 22:11:58;240;108;49;19;14;7;7;6;6;4;3
2020-12-16 22:12:59;240;108;49;19;14;7;7;6;6;4;3
2020-12-16 22:13:59;241;109;49;19;14;7;7;6;6;4;3
2020-12-16 22:14:58;241;109;49;19;14;7;7;6;6;4;3
2020-12-16 22:15:59;241;109;49;19;14;7;7;6;6;4;3
2020-12-16 22:16:59;241;109;49;19;14;7;7;6;6;4;3
2020-12-16 22:17:58;242;110;49;19;14;7;7;6;6;4;3
2020-12-16 22:18:59;242;110;49;19;14;7;7;6;6;4;3
2020-12-16 22:19:58;242;110;49;19;14;7;7;6;6;4;3
2020-12-16 22:20:59;242;110;49;19;14;7;7;6;6;4;3
2020-12-16 22:21:59;242;110;49;19;14;7;7;6;6;4;3
2020-12-16 22:22:58;242;110;49;19;14;7;7;6;6;4;3
2020-12-16 22:23:59;242;110;49;19;14;7;7;6;6;4;3
2020-12-16 22:24:59;242;110;49;19;14;7;7;6;6;4;3
2020-12-16 22:25:58;242;110;49;19;14;7;7;6;6;4;3
2020-12-16 22:26:59;242;109;50;19;14;7;7;6;6;4;3
2020-12-16 22:27:59;243;109;50;19;15;7;7;6;6;4;3
2020-12-16 22:28:58;243;110;49;19;15;7;7;6;6;4;3
2020-12-16 22:29:59;244;111;49;19;15;7;7;6;6;4;3
2020-12-16 22:30:58;244;111;49;19;15;7;7;6;6;4;3
2020-12-16 22:31:59;245;111;50;19;15;7;7;6;6;4;3
2020-12-16 22:33:00;245;111;50;19;15;7;7;6;6;4;3
2020-12-16 22:33:58;245;111;50;19;15;7;7;6;6;4;3
2020-12-16 22:34:59;245;111;50;19;15;7;7;6;6;4;3
2020-12-16 22:35:58;245;111;50;19;15;7;7;6;6;4;3
2020-12-16 22:36:59;245;111;50;19;15;7;7;6;6;4;3
2020-12-16 22:37:59;245;111;50;19;15;7;7;6;6;4;3
2020-12-16 22:38:58;245;111;50;19;15;7;7;6;6;4;3
2020-12-16 22:39:59;245;111;50;19;15;7;7;6;6;4;3
2020-12-16 22:40:59;245;111;50;19;15;7;7;6;6;4;3
2020-12-16 22:41:58;245;111;50;19;15;7;7;6;6;4;3
2020-12-16 22:42:59;245;111;50;19;15;7;7;6;6;4;3
2020-12-16 22:43:58;245;111;50;19;15;7;7;6;6;4;3
2020-12-16 22:44:59;245;111;50;19;15;7;7;6;6;4;3
2020-12-16 22:45:59;245;111;50;19;15;7;7;6;6;4;3
2020-12-16 22:46:58;245;111;50;19;15;7;7;6;6;4;3
2020-12-16 22:47:59;245;111;50;19;15;7;7;6;6;4;3
2020-12-16 22:48:59;245;111;50;19;15;7;7;6;6;4;3
2020-12-16 22:50:00;246;112;50;19;15;7;7;6;6;4;3
2020-12-16 22:50:58;247;112;51;19;15;7;7;6;6;4;3
2020-12-16 22:51:59;247;112;51;19;15;7;7;6;6;4;3
2020-12-16 22:52:59;247;112;51;19;15;7;7;6;6;4;3
2020-12-16 22:53:58;247;112;51;19;15;7;7;6;6;4;3
2020-12-16 22:54:59;247;112;51;19;15;7;7;6;6;4;3
2020-12-16 22:55:59;248;113;51;19;15;7;7;6;6;4;3
2020-12-16 22:56:58;248;113;51;19;15;7;7;6;6;4;3
2020-12-16 22:57:59;249;113;51;20;15;7;7;6;6;4;3
2020-12-16 22:58:59;249;113;51;20;15;7;7;6;6;4;3
2020-12-16 22:59:58;249;113;51;20;15;7;7;6;6;4;3
2020-12-16 23:00:59;249;113;51;20;15;7;7;6;6;4;3
2020-12-16 23:01:58;249;113;51;20;15;7;7;6;6;4;3
2020-12-16 23:02:59;249;113;51;20;15;7;7;6;6;4;3
2020-12-16 23:03:59;249;113;51;20;15;7;7;6;6;4;3
2020-12-16 23:04:58;249;113;51;20;15;7;7;6;6;4;3
2020-12-16 23:05:59;249;113;51;20;15;7;7;6;6;4;3
2020-12-16 23:06:59;249;113;51;20;15;7;7;6;6;4;3
2020-12-16 23:07:58;249;113;51;20;15;7;7;6;6;4;3
2020-12-16 23:08:59;249;113;51;20;15;7;7;6;6;4;3
2020-12-16 23:09:59;249;113;51;20;15;7;7;6;6;4;3
2020-12-16 23:10:59;249;113;51;20;15;7;7;6;6;4;3
2020-12-16 23:11:58;249;113;51;20;15;7;7;6;6;4;3
2020-12-16 23:12:59;249;113;51;20;15;7;7;6;6;4;3
2020-12-16 23:13:58;249;113;51;20;15;7;7;6;6;4;3
2020-12-16 23:14:59;249;113;51;20;15;7;7;6;6;4;3
2020-12-16 23:15:59;249;113;51;20;15;7;7;6;6;4;3
2020-12-16 23:16:58;249;113;51;20;15;7;7;6;6;4;3
2020-12-16 23:17:59;249;113;51;20;15;7;7;6;6;4;3
2020-12-16 23:18:59;249;113;51;20;15;7;7;6;6;4;3
2020-12-16 23:19:58;249;113;51;20;15;7;7;6;6;4;3
2020-12-16 23:20:59;249;113;51;20;15;7;7;6;6;4;3
2020-12-16 23:21:59;249;113;51;20;15;7;7;6;6;4;3
2020-12-16 23:22:58;249;113;51;20;15;7;7;6;6;4;3
2020-12-16 23:23:59;250;114;51;20;15;7;7;6;6;4;3
2020-12-16 23:24:58;250;114;51;20;15;7;7;6;6;4;3
2020-12-16 23:25:59;250;114;51;20;15;7;7;6;6;4;3
2020-12-16 23:26:59;250;114;51;20;15;7;7;6;6;4;3
2020-12-16 23:27:58;250;114;51;20;15;7;7;6;6;4;3
2020-12-16 23:28:59;250;114;51;20;15;7;7;6;6;4;3
2020-12-16 23:29:59;250;114;51;20;15;7;7;6;6;4;3
2020-12-16 23:30:58;250;114;51;20;15;7;7;6;6;4;3
2020-12-16 23:31:59;250;114;51;20;15;7;7;6;6;4;3
2020-12-16 23:33:00;250;114;51;20;15;7;7;6;6;4;3
2020-12-16 23:33:58;250;113;51;20;16;7;7;6;6;4;3
2020-12-16 23:34:59;250;113;51;20;16;7;7;6;6;4;3
2020-12-16 23:35:58;251;113;52;20;16;7;7;6;6;4;3
2020-12-16 23:36:59;251;113;52;20;16;7;7;6;6;4;3
2020-12-16 23:37:59;251;113;52;20;16;7;7;6;6;4;3
2020-12-16 23:38:58;251;113;52;20;16;7;7;6;6;4;3
2020-12-16 23:39:59;252;113;53;20;16;7;7;6;6;4;3
2020-12-16 23:40:59;252;113;53;20;16;7;7;6;6;4;3
2020-12-16 23:41:58;252;113;53;20;16;7;7;6;6;4;3
2020-12-16 23:42:59;252;113;53;20;16;7;7;6;6;4;3
2020-12-16 23:43:58;252;113;53;20;16;7;7;6;6;4;3
2020-12-16 23:44:59;252;113;53;20;16;7;7;6;6;4;3
2020-12-16 23:45:59;253;113;53;20;16;8;7;6;6;4;3
2020-12-16 23:46:58;254;114;53;20;16;8;7;6;6;4;3
2020-12-16 23:47:59;254;114;53;20;16;8;7;6;6;4;3
2020-12-16 23:48:59;254;114;54;20;16;7;7;6;6;4;3
2020-12-16 23:49:59;254;114;54;20;16;7;7;6;6;4;3
2020-12-16 23:50:59;254;114;54;20;16;7;7;6;6;4;3
2020-12-16 23:51:58;255;115;54;20;16;7;7;6;6;4;3
2020-12-16 23:52:59;256;116;54;20;16;7;7;6;6;4;3
2020-12-16 23:53:59;256;116;54;21;15;7;7;6;6;4;3
2020-12-16 23:54:58;256;116;54;21;15;7;7;6;6;4;3
2020-12-16 23:55:59;256;116;54;21;15;7;7;6;6;4;3
2020-12-16 23:56:59;257;116;54;22;15;7;7;6;6;4;3
2020-12-16 23:57:58;257;116;54;22;15;7;7;6;6;4;3
2020-12-16 23:58:59;257;116;54;22;15;7;7;6;6;4;3
2020-12-16 23:59:59;257;116;54;22;15;7;7;6;6;4;3
