datetime;total_votes;cmapukocmankypum;ckkpss;SuokSuok;KOCTOPE3;tearjerker;quick_justice;BlackIrony;Helter;telegraf;X-Rayer
2020-05-06 00:00:59;3;0;0;0;0;1;0;0;0;0;0
2020-05-06 00:01:58;3;0;0;0;0;1;0;0;0;0;0
2020-05-06 00:02:59;4;0;0;0;0;1;0;0;0;0;0
2020-05-06 00:03:58;5;0;1;0;0;1;0;0;0;0;0
2020-05-06 00:04:59;6;0;1;0;0;1;0;0;0;0;0
2020-05-06 00:05:59;6;0;1;0;0;1;0;0;0;0;0
2020-05-06 00:06:59;6;0;1;0;0;1;0;0;0;0;0
2020-05-06 00:07:58;9;2;1;0;0;1;0;0;0;0;0
2020-05-06 00:08:59;10;2;1;0;0;2;0;0;0;0;0
2020-05-06 00:09:59;10;2;1;0;0;2;0;0;0;0;0
2020-05-06 00:10:58;10;2;1;0;0;2;0;0;0;0;0
2020-05-06 00:11:59;11;2;1;1;0;2;0;0;0;0;0
2020-05-06 00:12:58;12;2;1;1;0;2;0;0;0;0;0
2020-05-06 00:13:59;12;2;1;1;0;2;0;0;0;0;0
2020-05-06 00:14:59;12;2;1;1;0;2;0;0;0;0;0
2020-05-06 00:15:59;13;2;1;1;0;2;0;0;0;0;0
2020-05-06 00:16:58;13;2;1;1;0;2;0;0;0;0;0
2020-05-06 00:17:59;14;2;1;1;0;2;0;0;0;0;0
2020-05-06 00:18:58;15;2;1;2;0;2;0;0;0;0;0
2020-05-06 00:19:59;16;2;1;3;0;2;0;0;0;0;0
2020-05-06 00:20:59;17;2;1;4;0;2;0;0;0;0;0
2020-05-06 00:21:58;17;2;1;4;0;2;0;0;0;0;0
2020-05-06 00:22:59;17;2;1;4;0;2;0;0;0;0;0
2020-05-06 00:23:59;17;2;1;4;0;2;0;0;0;0;0
2020-05-06 00:24:58;17;2;1;4;0;2;0;0;0;0;0
2020-05-06 00:25:59;17;2;1;4;0;2;0;0;0;0;0
2020-05-06 00:26:59;18;2;1;5;0;2;0;0;0;0;0
2020-05-06 00:27:59;19;2;1;5;0;3;0;0;0;0;0
2020-05-06 00:28:58;20;2;1;5;0;3;0;0;0;0;0
2020-05-06 00:29:59;20;2;1;6;0;3;0;0;0;0;0
2020-05-06 00:30:58;20;2;1;6;0;3;0;0;0;0;0
2020-05-06 00:31:59;21;2;1;6;0;4;0;0;0;0;0
2020-05-06 00:32:59;22;2;1;6;1;4;0;0;0;0;0
2020-05-06 00:33:58;22;2;1;6;1;4;0;0;0;0;0
2020-05-06 00:34:59;22;2;1;6;1;4;0;0;0;0;0
2020-05-06 00:35:59;22;2;1;6;1;4;0;0;0;0;0
2020-05-06 00:36:58;22;2;1;6;1;4;0;0;0;0;0
2020-05-06 00:37:59;22;2;1;6;1;4;0;0;0;0;0
2020-05-06 00:38:59;22;2;1;6;1;4;0;0;0;0;0
2020-05-06 00:39:58;23;3;1;6;1;4;0;0;0;0;0
2020-05-06 00:40:59;23;3;1;5;1;5;0;0;0;0;0
2020-05-06 00:41:59;23;3;1;5;1;5;0;0;0;0;0
2020-05-06 00:42:58;25;3;2;7;1;4;0;0;0;0;0
2020-05-06 00:43:59;25;3;2;7;1;4;0;0;0;0;0
2020-05-06 00:44:59;26;3;2;7;1;5;0;0;0;0;0
2020-05-06 00:45:59;26;3;2;7;1;5;0;0;0;0;0
2020-05-06 00:46:58;27;3;3;7;1;5;0;0;0;0;0
2020-05-06 00:47:59;27;3;3;7;1;5;0;0;0;0;0
2020-05-06 00:48:59;27;3;3;7;1;5;0;0;0;0;0
2020-05-06 00:49:58;28;3;3;7;1;5;0;0;0;0;0
2020-05-06 00:50:59;28;3;3;7;1;5;0;0;0;0;0
2020-05-06 00:51:59;28;3;3;7;1;5;0;0;0;0;0
2020-05-06 00:52:58;29;3;4;7;1;5;0;0;0;0;0
2020-05-06 00:53:59;29;3;4;7;1;5;0;0;0;0;0
2020-05-06 00:54:59;30;3;5;6;1;6;0;0;0;0;0
2020-05-06 00:55:58;30;3;5;6;1;6;0;0;0;0;0
2020-05-06 00:56:59;30;3;5;6;1;6;0;0;0;0;0
2020-05-06 00:57:58;30;3;5;6;1;6;0;0;0;0;0
2020-05-06 00:58:59;30;3;5;6;1;6;0;0;0;0;0
2020-05-06 00:59:59;31;3;5;6;1;6;0;0;0;0;0
2020-05-06 01:00:58;32;3;5;7;1;6;0;0;0;0;0
2020-05-06 01:01:59;32;3;5;7;1;6;0;0;0;0;0
2020-05-06 01:02:59;32;3;5;7;1;6;0;0;0;0;0
2020-05-06 01:03:58;33;3;5;7;1;6;1;0;0;0;0
2020-05-06 01:04:59;33;3;5;7;1;6;1;0;0;0;0
2020-05-06 01:05:59;33;3;5;7;1;6;1;0;0;0;0
2020-05-06 01:06:58;33;3;5;7;1;6;1;0;0;0;0
2020-05-06 01:07:59;33;3;5;7;1;6;1;0;0;0;0
2020-05-06 01:08:59;33;3;5;7;1;6;1;0;0;0;0
2020-05-06 01:09:58;33;3;5;7;1;6;1;0;0;0;0
2020-05-06 01:10:59;33;3;5;7;1;6;1;0;0;0;0
2020-05-06 01:11:59;33;3;5;7;1;6;1;0;0;0;0
2020-05-06 01:12:58;33;3;5;7;1;6;1;0;0;0;0
2020-05-06 01:13:59;34;3;5;8;1;6;1;0;0;0;0
2020-05-06 01:14:59;34;3;5;8;1;6;1;0;0;0;0
2020-05-06 01:15:58;35;3;5;8;1;6;1;0;1;0;0
2020-05-06 01:16:59;35;3;5;8;1;6;1;0;1;0;0
2020-05-06 01:17:59;35;3;5;8;1;6;1;0;1;0;0
2020-05-06 01:18:59;35;3;5;8;1;6;1;0;1;0;0
2020-05-06 01:19:58;35;3;5;8;1;6;1;0;1;0;0
2020-05-06 01:21:00;35;3;5;8;1;6;1;0;1;0;0
2020-05-06 01:21:58;35;3;5;8;1;6;1;0;1;0;0
2020-05-06 01:22:59;35;3;5;8;1;6;1;0;1;0;0
2020-05-06 01:23:58;35;3;5;8;1;6;1;0;1;0;0
2020-05-06 01:24:59;35;3;5;8;1;6;1;0;1;0;0
2020-05-06 01:25:59;36;4;5;8;1;6;1;0;1;0;0
2020-05-06 01:26:58;37;4;6;8;1;6;1;0;1;0;0
2020-05-06 01:27:59;37;4;6;8;1;6;1;0;1;0;0
2020-05-06 01:28:59;37;4;6;8;1;6;1;0;1;0;0
2020-05-06 01:30:00;37;4;6;8;1;6;1;0;1;0;0
2020-05-06 01:30:58;37;4;6;8;1;6;1;0;1;0;0
2020-05-06 01:31:59;37;4;6;8;1;6;1;0;1;0;0
2020-05-06 01:32:59;37;4;6;8;1;6;1;0;1;0;0
2020-05-06 01:33:58;37;4;6;8;1;6;1;0;1;0;0
2020-05-06 01:34:59;37;4;6;8;1;6;1;0;1;0;0
2020-05-06 01:35:59;37;4;6;8;1;6;1;0;1;0;0
2020-05-06 01:36:58;38;4;6;8;2;6;1;0;0;0;0
2020-05-06 01:37:59;38;4;6;8;2;6;1;0;0;0;0
2020-05-06 01:38:59;39;4;7;8;2;6;1;0;0;0;0
2020-05-06 01:39:58;39;4;7;8;2;6;1;0;0;0;0
2020-05-06 01:40:59;39;4;7;8;2;6;1;0;0;0;0
2020-05-06 01:41:59;39;4;7;8;2;6;1;0;0;0;0
2020-05-06 01:42:58;39;4;7;8;2;6;1;0;0;0;0
2020-05-06 01:43:59;39;4;7;8;2;6;1;0;0;0;0
2020-05-06 01:44:59;39;4;7;8;2;6;1;0;0;0;0
2020-05-06 01:45:58;39;4;7;8;2;6;1;0;0;0;0
2020-05-06 01:46:59;39;4;7;8;2;6;1;0;0;0;0
2020-05-06 01:47:59;40;4;7;9;2;6;1;0;0;0;0
2020-05-06 01:48:58;40;4;7;9;2;6;1;0;0;0;0
2020-05-06 01:49:59;40;4;7;9;2;6;1;0;0;0;0
2020-05-06 01:50:59;40;4;7;9;2;6;1;0;0;0;0
2020-05-06 01:51:58;40;4;7;9;2;6;1;0;0;0;0
2020-05-06 01:52:59;40;4;7;9;2;6;1;0;0;0;0
2020-05-06 01:53:59;41;4;7;9;2;7;1;0;0;0;0
2020-05-06 01:54:58;42;4;8;9;2;7;1;0;0;0;0
2020-05-06 01:55:59;42;4;8;9;2;7;1;0;0;0;0
2020-05-06 01:56:59;42;4;8;9;2;7;1;0;0;0;0
2020-05-06 01:57:59;42;4;8;9;2;7;1;0;0;0;0
2020-05-06 01:58:58;42;4;8;9;2;7;1;0;0;0;0
2020-05-06 01:59:59;42;4;8;9;2;7;1;0;0;0;0
2020-05-06 02:00:59;43;4;9;9;2;7;1;0;0;0;0
2020-05-06 02:01:58;43;4;9;9;2;7;1;0;0;0;0
2020-05-06 02:02:59;43;4;9;9;2;7;1;0;0;0;0
2020-05-06 02:03:59;43;4;9;9;2;7;1;0;0;0;0
2020-05-06 02:04:58;43;4;9;9;2;7;1;0;0;0;0
2020-05-06 02:05:59;44;4;10;9;2;7;1;0;0;0;0
2020-05-06 02:06:59;44;4;10;9;2;7;1;0;0;0;0
2020-05-06 02:07:59;44;4;10;9;2;7;1;0;0;0;0
2020-05-06 02:08:58;44;4;10;9;2;7;1;0;0;0;0
2020-05-06 02:09:59;44;4;10;9;2;7;1;0;0;0;0
2020-05-06 02:10:59;44;4;11;9;2;7;0;0;1;0;0
2020-05-06 02:11:58;44;4;11;9;2;7;0;0;1;0;0
2020-05-06 02:12:59;44;4;11;9;2;7;0;0;1;0;0
2020-05-06 02:13:59;44;4;11;9;2;7;0;0;1;0;0
2020-05-06 02:14:58;44;4;11;9;2;7;0;0;1;0;0
2020-05-06 02:15:59;44;4;11;9;2;7;0;0;1;0;0
2020-05-06 02:17:00;45;4;11;10;2;7;0;0;1;0;0
2020-05-06 02:17:58;45;4;11;10;2;7;0;0;1;0;0
2020-05-06 02:18:59;45;4;11;10;2;7;0;0;1;0;0
2020-05-06 02:19:58;45;4;11;10;2;7;0;0;1;0;0
2020-05-06 02:20:59;45;4;11;10;2;7;0;0;1;0;0
2020-05-06 02:21:59;45;4;11;10;2;7;0;0;1;0;0
2020-05-06 02:22:58;45;4;11;10;2;7;0;0;1;0;0
2020-05-06 02:23:59;45;4;11;10;2;7;0;0;1;0;0
2020-05-06 02:24:59;45;4;11;10;2;7;0;0;1;0;0
2020-05-06 02:25:58;45;4;11;10;2;7;0;0;1;0;0
2020-05-06 02:26:59;45;4;11;10;2;7;0;0;1;0;0
2020-05-06 02:28:00;46;4;12;10;2;7;0;0;1;0;0
2020-05-06 02:28:58;46;4;12;10;2;7;0;0;1;0;0
2020-05-06 02:29:59;47;4;13;10;2;7;0;0;1;0;0
2020-05-06 02:30:58;47;4;13;10;2;7;0;0;1;0;0
2020-05-06 02:31:59;46;4;13;9;2;7;0;0;1;0;0
2020-05-06 02:32:58;46;4;13;9;2;7;0;0;1;0;0
2020-05-06 02:33:59;46;4;13;9;2;7;0;0;1;0;0
2020-05-06 02:34:58;46;4;13;9;2;7;0;0;1;0;0
2020-05-06 02:35:59;46;4;13;9;2;7;0;0;1;0;0
2020-05-06 02:36:59;46;4;13;9;2;7;0;0;1;0;0
2020-05-06 02:37:58;46;4;13;8;2;7;0;0;2;0;0
2020-05-06 02:38:59;46;4;13;8;2;7;0;0;2;0;0
2020-05-06 02:39:59;46;4;13;8;2;7;0;0;2;0;0
2020-05-06 02:40:58;46;4;13;8;2;7;0;0;2;0;0
2020-05-06 02:41:59;46;4;13;8;2;7;0;0;2;0;0
2020-05-06 02:42:59;46;4;13;8;2;7;0;0;2;0;0
2020-05-06 02:43:58;46;4;13;8;2;7;0;0;2;0;0
2020-05-06 02:44:59;46;4;13;8;2;7;0;0;2;0;0
2020-05-06 02:45:59;46;4;13;8;2;7;0;0;2;0;0
2020-05-06 02:46:59;46;4;13;8;2;7;0;0;2;0;0
2020-05-06 02:47:58;46;4;13;8;2;7;0;0;2;0;0
2020-05-06 02:48:59;46;4;13;8;2;7;0;0;2;0;0
2020-05-06 02:49:59;46;4;13;8;2;7;0;0;2;0;0
2020-05-06 02:50:58;47;4;13;8;2;7;0;0;2;1;0
2020-05-06 02:51:59;47;4;13;8;2;7;0;0;2;1;0
2020-05-06 02:52:58;47;4;13;8;2;7;0;0;2;1;0
2020-05-06 02:53:59;47;4;13;8;2;7;0;0;2;1;0
2020-05-06 02:54:59;47;4;13;8;2;7;0;0;2;1;0
2020-05-06 02:55:58;47;4;13;8;2;7;0;0;2;1;0
2020-05-06 02:56:59;47;4;13;8;2;7;0;0;2;1;0
2020-05-06 02:57:59;47;4;13;8;2;7;0;0;2;1;0
2020-05-06 02:58:58;47;4;13;8;2;7;0;0;2;1;0
2020-05-06 02:59:59;48;4;14;8;2;7;0;0;2;1;0
2020-05-06 03:00:59;48;4;14;8;2;7;0;0;2;1;0
2020-05-06 03:01:58;48;4;14;8;2;7;0;0;2;1;0
2020-05-06 03:02:59;48;4;14;8;2;7;0;0;2;1;0
2020-05-06 03:03:58;48;4;14;8;2;7;0;0;2;1;0
2020-05-06 03:04:59;48;4;14;8;2;7;0;0;2;1;0
2020-05-06 03:05:59;48;4;14;8;2;7;0;0;2;1;0
2020-05-06 03:06:58;48;4;14;8;2;7;0;0;2;1;0
2020-05-06 03:07:59;49;4;14;9;2;7;0;0;2;1;0
2020-05-06 03:08:59;49;4;14;9;2;7;0;0;2;1;0
2020-05-06 03:09:58;49;4;14;9;2;7;0;0;2;1;0
2020-05-06 03:10:59;50;4;14;10;2;7;0;0;2;1;0
2020-05-06 03:11:59;50;4;14;10;2;7;0;0;2;1;0
2020-05-06 03:13:00;50;4;14;10;2;7;0;0;2;1;0
2020-05-06 03:13:58;50;4;14;10;2;7;0;0;2;1;0
2020-05-06 03:14:59;50;4;14;10;2;7;0;0;2;1;0
2020-05-06 03:15:58;50;4;14;10;2;7;0;0;2;1;0
2020-05-06 03:16:59;50;4;14;10;2;7;0;0;2;1;0
2020-05-06 03:17:59;50;4;14;10;2;7;0;0;2;1;0
2020-05-06 03:18:58;50;4;14;10;2;7;0;0;2;1;0
2020-05-06 03:19:59;50;4;14;10;2;7;0;0;2;1;0
2020-05-06 03:20:58;50;4;14;10;2;7;0;0;2;1;0
2020-05-06 03:21:59;50;4;14;10;2;7;0;0;2;1;0
2020-05-06 03:22:58;50;4;14;10;2;7;0;0;2;1;0
2020-05-06 03:23:59;50;4;14;10;2;7;0;0;2;1;0
2020-05-06 03:24:58;50;4;14;10;2;7;0;0;2;1;0
2020-05-06 03:25:59;50;4;14;10;2;7;0;0;2;1;0
2020-05-06 03:26:59;50;4;14;10;2;7;0;0;2;1;0
2020-05-06 03:27:59;50;4;14;10;2;7;0;0;2;1;0
2020-05-06 03:28:58;50;4;14;10;2;7;0;0;2;1;0
2020-05-06 03:29:59;50;4;14;10;2;7;0;0;2;1;0
2020-05-06 03:30:59;50;4;14;10;2;7;0;0;2;1;0
2020-05-06 03:31:58;50;4;14;10;2;7;0;0;2;1;0
2020-05-06 03:32:59;50;4;14;10;2;7;0;0;2;1;0
2020-05-06 03:33:59;50;4;14;10;2;7;0;0;2;1;0
2020-05-06 03:34:58;50;4;14;10;2;7;0;0;2;1;0
2020-05-06 03:35:59;50;4;14;10;2;7;0;0;2;1;0
2020-05-06 03:36:59;50;4;14;10;2;7;0;0;2;1;0
2020-05-06 03:37:58;50;4;14;10;2;7;0;0;2;1;0
2020-05-06 03:38:59;51;5;14;10;2;7;0;0;2;1;0
2020-05-06 03:39:59;51;5;14;10;2;7;0;0;2;1;0
2020-05-06 03:40:58;51;5;14;10;2;7;0;0;2;1;0
2020-05-06 03:41:59;51;5;14;10;2;7;0;0;2;1;0
2020-05-06 03:42:59;51;5;14;10;2;7;0;0;2;1;0
2020-05-06 03:43:58;51;5;14;10;2;7;0;0;2;1;0
2020-05-06 03:44:59;51;5;14;10;2;7;0;0;2;1;0
2020-05-06 03:45:59;51;5;14;10;2;7;0;0;2;1;0
2020-05-06 03:46:58;51;5;14;10;2;7;0;0;2;1;0
2020-05-06 03:47:59;51;5;14;10;2;7;0;0;2;1;0
2020-05-06 03:48:59;51;5;14;10;2;7;0;0;2;1;0
2020-05-06 03:49:59;51;5;14;10;2;7;0;0;2;1;0
2020-05-06 03:50:58;51;5;14;10;2;7;0;0;2;1;0
2020-05-06 03:51:59;51;5;14;10;2;7;0;0;2;1;0
2020-05-06 03:52:59;51;5;14;10;2;7;0;0;2;1;0
2020-05-06 03:53:58;51;5;14;10;2;7;0;0;2;1;0
2020-05-06 03:54:59;51;5;14;10;2;7;0;0;2;1;0
2020-05-06 03:55:59;51;5;14;10;2;7;0;0;2;1;0
2020-05-06 03:56:58;52;6;14;10;2;7;0;0;2;1;0
2020-05-06 03:57:59;52;6;14;10;2;7;0;0;2;1;0
2020-05-06 03:58:59;52;6;14;10;2;7;0;0;2;1;0
2020-05-06 03:59:58;52;6;14;10;2;7;0;0;2;1;0
2020-05-06 04:00:59;52;6;14;10;2;7;0;0;2;1;0
2020-05-06 04:01:59;52;6;14;10;2;7;0;0;2;1;0
2020-05-06 04:02:59;52;6;14;10;2;7;0;0;2;1;0
2020-05-06 04:03:58;52;6;14;10;2;7;0;0;2;1;0
2020-05-06 04:04:59;52;6;14;10;2;7;0;0;2;1;0
2020-05-06 04:05:59;52;6;14;10;2;7;0;0;2;1;0
2020-05-06 04:06:58;52;6;14;10;2;7;0;0;2;1;0
2020-05-06 04:07:59;52;6;14;10;2;7;0;0;2;1;0
2020-05-06 04:08:58;52;6;14;10;2;7;0;0;2;1;0
2020-05-06 04:09:59;52;6;14;10;2;7;0;0;2;1;0
2020-05-06 04:10:59;52;6;14;10;2;7;0;0;2;1;0
2020-05-06 04:11:58;52;6;14;10;2;7;0;0;2;1;0
2020-05-06 04:12:59;52;6;14;10;2;7;0;0;2;1;0
2020-05-06 04:14:00;52;6;14;10;2;7;0;0;2;1;0
2020-05-06 04:14:58;52;6;14;10;2;7;0;0;2;1;0
2020-05-06 04:15:59;52;6;14;10;2;7;0;0;2;1;0
2020-05-06 04:16:58;52;6;14;10;2;7;0;0;2;1;0
2020-05-06 04:17:59;52;6;14;10;2;7;0;0;2;1;0
2020-05-06 04:18:59;52;6;14;10;2;7;0;0;2;1;0
2020-05-06 04:19:59;52;6;14;10;2;7;0;0;2;1;0
2020-05-06 04:20:58;52;6;14;10;2;7;0;0;2;1;0
2020-05-06 04:21:59;52;6;14;10;2;7;0;0;2;1;0
2020-05-06 04:22:58;52;6;14;10;2;7;0;0;2;1;0
2020-05-06 04:23:59;52;6;14;10;2;7;0;0;2;1;0
2020-05-06 04:24:59;52;6;14;10;2;7;0;0;2;1;0
2020-05-06 04:25:58;52;6;14;10;2;7;0;0;2;1;0
2020-05-06 04:26:59;52;6;14;10;2;7;0;0;2;1;0
2020-05-06 04:27:59;52;6;14;10;2;7;0;0;2;1;0
2020-05-06 04:28:58;52;6;14;10;2;7;0;0;2;1;0
2020-05-06 04:29:59;52;6;14;10;2;7;0;0;2;1;0
2020-05-06 04:30:58;52;5;14;11;2;7;0;0;2;1;0
2020-05-06 04:31:59;52;5;14;11;2;7;0;0;2;1;0
2020-05-06 04:32:59;52;5;14;11;2;7;0;0;2;1;0
2020-05-06 04:33:59;52;5;14;11;2;7;0;0;2;1;0
2020-05-06 04:34:58;52;5;14;11;2;7;0;0;2;1;0
2020-05-06 04:35:59;52;5;14;11;2;7;0;0;2;1;0
2020-05-06 04:36:59;52;5;14;11;2;7;0;0;2;1;0
2020-05-06 04:37:58;52;5;14;11;2;7;0;0;2;1;0
2020-05-06 04:38:59;52;5;14;11;2;7;0;0;2;1;0
2020-05-06 04:39:59;52;5;14;11;2;7;0;0;2;1;0
2020-05-06 04:40:58;52;5;14;11;2;7;0;0;2;1;0
2020-05-06 04:41:59;52;5;14;11;2;7;0;0;2;1;0
2020-05-06 04:42:59;52;5;14;11;2;7;0;0;2;1;0
2020-05-06 04:43:58;52;5;14;11;2;7;0;0;2;1;0
2020-05-06 04:44:59;52;5;14;11;2;7;0;0;2;1;0
2020-05-06 04:45:59;52;5;14;11;2;7;0;0;2;1;0
2020-05-06 04:46:58;52;5;14;11;2;7;0;0;2;1;0
2020-05-06 04:47:59;52;5;14;11;2;7;0;0;2;1;0
2020-05-06 04:48:59;52;5;14;11;2;7;0;0;2;1;0
2020-05-06 04:49:58;52;5;14;11;2;7;0;0;2;1;0
2020-05-06 04:50:59;52;5;14;11;2;7;0;0;2;1;0
2020-05-06 04:51:59;52;5;14;11;2;7;0;0;2;1;0
2020-05-06 04:52:58;52;5;14;11;2;7;0;0;2;1;0
2020-05-06 04:53:59;52;5;14;11;2;7;0;0;2;1;0
2020-05-06 04:54:58;52;5;14;11;2;7;0;0;2;1;0
2020-05-06 04:55:59;52;5;14;11;2;7;0;0;2;1;0
2020-05-06 04:56:59;52;5;14;11;2;7;0;0;2;1;0
2020-05-06 04:58:00;52;5;14;11;2;7;0;0;2;1;0
2020-05-06 04:58:58;52;5;14;11;2;7;0;0;2;1;0
2020-05-06 04:59:59;52;5;14;11;2;7;0;0;2;1;0
2020-05-06 05:00:58;52;5;14;11;2;7;0;0;2;1;0
2020-05-06 05:01:59;52;5;14;11;2;7;0;0;2;1;0
2020-05-06 05:02:59;52;5;14;11;2;7;0;0;2;1;0
2020-05-06 05:03:59;52;5;14;11;2;7;0;0;2;1;0
2020-05-06 05:04:58;53;5;15;11;2;7;0;0;2;1;0
2020-05-06 05:05:59;53;5;15;11;2;7;0;0;2;1;0
2020-05-06 05:07:00;53;5;15;11;2;7;0;0;2;1;0
2020-05-06 05:07:58;53;5;15;11;2;7;0;0;2;1;0
2020-05-06 05:08:59;53;5;15;11;2;7;0;0;2;1;0
2020-05-06 05:09:58;53;5;15;11;2;7;0;0;2;1;0
2020-05-06 05:10:59;53;5;15;11;2;7;0;0;2;1;0
2020-05-06 05:11:59;53;5;15;11;2;7;0;0;2;1;0
2020-05-06 05:12:59;53;5;15;11;2;7;0;0;2;1;0
2020-05-06 05:13:58;53;5;15;11;2;7;0;0;2;1;0
2020-05-06 05:14:59;53;5;15;11;2;7;0;0;2;1;0
2020-05-06 05:15:58;53;5;15;11;2;7;0;0;2;1;0
2020-05-06 05:16:59;53;5;15;11;2;7;0;0;2;1;0
2020-05-06 05:17:59;53;5;15;11;2;7;0;0;2;1;0
2020-05-06 05:18:59;53;5;15;11;2;7;0;0;2;1;0
2020-05-06 05:19:58;53;5;15;11;2;7;0;0;2;1;0
2020-05-06 05:20:59;53;5;15;11;2;7;0;0;2;1;0
2020-05-06 05:21:59;53;5;15;11;2;7;0;0;2;1;0
2020-05-06 05:22:58;53;5;15;11;2;7;0;0;2;1;0
2020-05-06 05:23:59;53;5;15;11;2;7;0;0;2;1;0
2020-05-06 05:24:58;53;5;15;11;2;7;0;0;2;1;0
2020-05-06 05:25:59;53;5;15;11;2;7;0;0;2;1;0
2020-05-06 05:26:58;53;5;15;11;2;7;0;0;2;1;0
2020-05-06 05:27:59;53;5;15;11;2;7;0;0;2;1;0
2020-05-06 05:28:59;53;5;15;11;2;7;0;0;2;1;0
2020-05-06 05:30:00;53;5;15;11;2;7;0;0;2;1;0
2020-05-06 05:30:58;53;5;15;11;2;7;0;0;2;1;0
2020-05-06 05:31:59;53;5;15;11;2;7;0;0;2;1;0
2020-05-06 05:33:00;53;5;15;11;2;7;0;0;2;1;0
2020-05-06 05:33:58;53;5;15;11;2;7;0;0;2;1;0
2020-05-06 05:34:59;53;5;15;11;2;7;0;0;2;1;0
2020-05-06 05:35:58;53;5;15;11;2;7;0;0;2;1;0
2020-05-06 05:36:59;53;5;15;11;2;7;0;0;2;1;0
2020-05-06 05:37:59;53;5;15;11;2;7;0;0;2;1;0
2020-05-06 05:38:58;53;5;15;11;2;7;0;0;2;1;0
2020-05-06 05:39:59;53;5;15;11;2;7;0;0;2;1;0
2020-05-06 05:40:59;53;5;15;11;2;7;0;0;2;1;0
2020-05-06 05:42:00;53;5;15;11;2;7;0;0;2;1;0
2020-05-06 05:42:58;53;5;15;11;2;7;0;0;2;1;0
2020-05-06 05:43:59;53;5;15;11;2;7;0;0;2;1;0
2020-05-06 05:44:59;53;5;15;11;2;7;0;0;2;1;0
2020-05-06 05:45:58;53;5;15;11;2;7;0;0;2;1;0
2020-05-06 05:46:59;53;5;15;11;2;7;0;0;2;1;0
2020-05-06 05:47:59;53;5;15;11;2;7;0;0;2;1;0
2020-05-06 05:48:58;53;5;15;11;2;7;0;0;2;1;0
2020-05-06 05:49:59;53;5;15;11;2;7;0;0;2;1;0
2020-05-06 05:50:59;53;5;15;11;2;7;0;0;2;1;0
2020-05-06 05:51:58;53;5;15;11;2;7;0;0;2;1;0
2020-05-06 05:52:59;53;5;15;11;2;7;0;0;2;1;0
2020-05-06 05:53:58;53;5;15;11;2;7;0;0;2;1;0
2020-05-06 05:54:59;53;5;15;11;2;7;0;0;2;1;0
2020-05-06 05:55:59;53;5;15;11;2;7;0;0;2;1;0
2020-05-06 05:56:58;53;5;15;11;2;7;0;0;2;1;0
2020-05-06 05:57:59;53;5;15;11;2;7;0;0;2;1;0
2020-05-06 05:58:59;53;5;15;11;2;7;0;0;2;1;0
2020-05-06 05:59:58;53;5;15;11;2;7;0;0;2;1;0
2020-05-06 06:00:59;53;5;15;11;2;7;0;0;2;1;0
2020-05-06 06:01:59;53;5;15;11;2;7;0;0;2;1;0
2020-05-06 06:02:58;53;5;15;11;2;7;0;0;2;1;0
2020-05-06 06:03:59;53;5;15;11;2;7;0;0;2;1;0
2020-05-06 06:05:00;53;5;15;11;2;7;0;0;2;1;0
2020-05-06 06:05:58;53;5;15;11;2;7;0;0;2;1;0
2020-05-06 06:06:59;53;5;15;11;2;7;0;0;2;1;0
2020-05-06 06:07:59;53;5;15;11;2;7;0;0;2;1;0
2020-05-06 06:08:58;53;5;15;11;2;7;0;0;2;1;0
2020-05-06 06:09:59;53;5;15;11;2;7;0;0;2;1;0
2020-05-06 06:10:59;54;5;16;11;2;7;0;0;2;1;0
2020-05-06 06:11:58;54;5;16;11;2;7;0;0;2;1;0
2020-05-06 06:12:59;54;5;16;11;2;7;0;0;2;1;0
2020-05-06 06:13:59;54;5;16;11;2;7;0;0;2;1;0
2020-05-06 06:14:58;54;5;16;11;2;7;0;0;2;1;0
2020-05-06 06:15:59;54;5;16;11;2;7;0;0;2;1;0
2020-05-06 06:16:58;54;5;16;11;2;7;0;0;2;1;0
2020-05-06 06:17:59;54;5;16;11;2;7;0;0;2;1;0
2020-05-06 06:18:58;54;5;16;11;2;7;0;0;2;1;0
2020-05-06 06:19:59;54;5;16;11;2;7;0;0;2;1;0
2020-05-06 06:20:59;54;5;16;11;2;7;0;0;2;1;0
2020-05-06 06:21:58;54;5;16;11;2;7;0;0;2;1;0
2020-05-06 06:22:59;54;5;16;11;2;7;0;0;2;1;0
2020-05-06 06:23:59;54;5;16;11;2;7;0;0;2;1;0
2020-05-06 06:24:59;54;5;16;11;2;7;0;0;2;1;0
2020-05-06 06:25:58;54;5;16;11;2;7;0;0;2;1;0
2020-05-06 06:26:59;54;5;16;11;2;7;0;0;2;1;0
2020-05-06 06:27:59;54;5;16;11;2;7;0;0;2;1;0
2020-05-06 06:28:58;54;5;16;11;2;7;0;0;2;1;0
2020-05-06 06:29:59;54;5;16;11;2;7;0;0;2;1;0
2020-05-06 06:30:59;54;5;16;11;2;7;0;0;2;1;0
2020-05-06 06:31:58;54;5;16;11;2;7;0;0;2;1;0
2020-05-06 06:32:59;54;5;16;11;2;7;0;0;2;1;0
2020-05-06 06:33:59;54;5;16;11;2;7;0;0;2;1;0
2020-05-06 06:34:58;54;5;16;11;2;7;0;0;2;1;0
2020-05-06 06:35:59;54;5;16;11;2;7;0;0;2;1;0
2020-05-06 06:36:59;54;5;16;11;2;7;0;0;2;1;0
2020-05-06 06:37:58;54;5;16;11;2;7;0;0;2;1;0
2020-05-06 06:38:59;54;5;16;11;2;7;0;0;2;1;0
2020-05-06 06:39:59;54;5;16;11;2;7;0;0;2;1;0
2020-05-06 06:40:58;55;5;16;12;2;7;0;0;2;1;0
2020-05-06 06:41:59;55;5;16;12;2;7;0;0;2;1;0
2020-05-06 06:42:59;55;5;16;12;2;7;0;0;2;1;0
2020-05-06 06:43:58;55;5;16;12;2;7;0;0;2;1;0
2020-05-06 06:44:59;55;5;16;12;2;7;0;0;2;1;0
2020-05-06 06:45:59;55;5;16;12;2;7;0;0;2;1;0
2020-05-06 06:46:58;55;5;16;12;2;7;0;0;2;1;0
2020-05-06 06:47:59;55;5;16;12;2;7;0;0;2;1;0
2020-05-06 06:48:59;55;5;16;12;2;7;0;0;2;1;0
2020-05-06 06:49:58;55;5;16;12;2;7;0;0;2;1;0
2020-05-06 06:50:59;55;5;16;12;2;7;0;0;2;1;0
2020-05-06 06:51:59;55;5;16;12;2;7;0;0;2;1;0
2020-05-06 06:52:58;55;5;16;12;2;7;0;0;2;1;0
2020-05-06 06:53:59;55;5;16;12;2;7;0;0;2;1;0
2020-05-06 06:54:59;55;5;16;12;2;7;0;0;2;1;0
2020-05-06 06:55:58;55;5;16;12;2;7;0;0;2;1;0
2020-05-06 06:56:59;55;5;16;12;2;7;0;0;2;1;0
2020-05-06 06:57:59;55;5;16;12;2;7;0;0;2;1;0
2020-05-06 06:58:58;55;5;16;12;2;7;0;0;2;1;0
2020-05-06 06:59:59;55;5;16;12;2;7;0;0;2;1;0
2020-05-06 07:00:59;55;5;16;12;2;7;0;0;2;1;0
2020-05-06 07:01:58;55;5;16;12;2;7;0;0;2;1;0
2020-05-06 07:02:59;55;5;16;12;2;7;0;0;2;1;0
2020-05-06 07:03:58;55;5;16;12;2;7;0;0;2;1;0
2020-05-06 07:04:59;55;5;16;12;2;7;0;0;2;1;0
2020-05-06 07:05:59;55;5;16;12;2;7;0;0;2;1;0
2020-05-06 07:06:59;55;5;16;12;2;7;0;0;2;1;0
2020-05-06 07:07:58;55;5;16;12;2;7;0;0;2;1;0
2020-05-06 07:08:59;55;5;16;12;2;7;0;0;2;1;0
2020-05-06 07:09:58;55;5;16;12;2;7;0;0;2;1;0
2020-05-06 07:10:59;55;5;16;12;2;7;0;0;2;1;0
2020-05-06 07:11:59;55;5;16;12;2;7;0;0;2;1;0
2020-05-06 07:12:59;55;5;16;12;2;7;0;0;2;1;0
2020-05-06 07:13:58;55;5;16;12;2;7;0;0;2;1;0
2020-05-06 07:14:59;55;5;16;12;2;7;0;0;2;1;0
2020-05-06 07:15:59;55;5;16;12;2;7;0;0;2;1;0
2020-05-06 07:16:58;55;5;16;12;2;7;0;0;2;1;0
2020-05-06 07:17:59;55;5;16;12;2;7;0;0;2;1;0
2020-05-06 07:18:59;55;5;16;12;2;7;0;0;2;1;0
2020-05-06 07:19:58;56;5;17;12;2;7;0;0;2;1;0
2020-05-06 07:20:59;56;5;17;12;2;7;0;0;2;1;0
2020-05-06 07:21:58;56;5;17;12;2;7;0;0;2;1;0
2020-05-06 07:22:59;57;5;17;12;2;7;0;0;2;1;0
2020-05-06 07:23:59;57;5;17;12;2;7;0;0;2;1;0
2020-05-06 07:24:58;57;5;17;12;2;7;0;0;2;1;0
2020-05-06 07:25:59;57;5;17;12;2;7;0;0;2;1;0
2020-05-06 07:26:59;57;5;17;12;2;7;0;0;2;1;0
2020-05-06 07:27:59;57;5;17;12;2;7;0;0;2;1;0
2020-05-06 07:28:58;57;5;17;12;2;7;0;0;2;1;0
2020-05-06 07:29:59;58;5;17;12;2;7;0;0;2;1;1
2020-05-06 07:30:59;58;5;17;12;2;7;0;0;2;1;1
2020-05-06 07:31:58;58;5;17;12;2;7;0;0;2;1;1
2020-05-06 07:32:59;59;5;18;12;2;7;0;0;2;1;1
2020-05-06 07:33:59;59;5;18;12;2;7;0;0;2;1;1
2020-05-06 07:34:58;60;5;19;12;2;7;0;0;2;1;1
2020-05-06 07:35:59;60;5;19;12;2;7;0;0;2;1;1
2020-05-06 07:36:59;60;5;19;12;2;7;0;0;2;1;1
2020-05-06 07:37:58;60;5;19;12;2;7;0;0;2;1;1
2020-05-06 07:38:59;60;5;19;12;2;7;0;0;2;1;1
2020-05-06 07:39:59;60;5;19;12;2;7;0;0;2;1;1
2020-05-06 07:40:58;61;5;19;12;2;7;0;0;3;1;1
2020-05-06 07:41:59;61;5;19;12;2;7;0;0;3;1;1
2020-05-06 07:42:59;61;5;19;12;2;7;0;0;3;1;1
2020-05-06 07:43:58;62;5;19;12;3;7;0;0;3;1;1
2020-05-06 07:44:59;63;5;19;12;3;7;0;0;3;1;0
2020-05-06 07:45:59;63;5;19;12;3;7;0;0;3;1;0
2020-05-06 07:46:58;64;5;19;13;3;7;0;0;3;1;0
2020-05-06 07:47:59;64;5;19;13;3;7;0;0;3;1;0
2020-05-06 07:48:59;64;5;19;13;3;7;0;0;3;1;0
2020-05-06 07:49:58;64;5;19;13;3;7;0;0;3;1;0
2020-05-06 07:50:59;64;5;19;13;3;7;0;0;3;1;0
2020-05-06 07:51:59;64;5;19;13;3;7;0;0;3;1;0
2020-05-06 07:52:58;64;5;19;13;3;7;0;0;3;1;0
2020-05-06 07:53:59;64;5;19;13;3;7;0;0;3;1;0
2020-05-06 07:54:59;65;5;19;14;3;7;0;0;3;1;0
2020-05-06 07:55:58;65;5;19;14;3;7;0;0;3;1;0
2020-05-06 07:56:59;65;5;19;14;3;7;0;0;3;1;0
2020-05-06 07:57:59;65;5;19;14;3;7;0;0;3;1;0
2020-05-06 07:58:58;65;5;19;14;3;7;0;0;3;1;0
2020-05-06 07:59:59;65;5;19;14;3;7;0;0;3;1;0
2020-05-06 08:00:59;65;5;19;14;3;7;0;0;3;1;0
2020-05-06 08:01:58;65;5;19;14;3;7;0;0;3;1;0
2020-05-06 08:02:59;65;5;19;14;3;7;0;0;3;1;0
2020-05-06 08:03:59;65;5;19;14;3;7;0;0;3;1;0
2020-05-06 08:04:58;65;5;19;14;3;7;0;0;3;1;0
2020-05-06 08:05:59;65;5;19;14;3;7;0;0;3;1;0
2020-05-06 08:06:59;65;5;19;14;3;7;0;0;3;1;0
2020-05-06 08:07:58;65;5;19;14;3;7;0;0;3;1;0
2020-05-06 08:08:59;67;5;20;15;3;7;0;0;3;1;0
2020-05-06 08:09:59;68;5;21;15;3;7;0;0;3;1;0
2020-05-06 08:11:00;68;5;21;15;3;7;0;0;3;1;0
2020-05-06 08:11:58;68;5;21;15;3;7;0;0;3;1;0
2020-05-06 08:12:59;68;5;21;15;3;7;0;0;3;1;0
2020-05-06 08:13:59;68;5;21;15;3;7;0;0;3;1;0
2020-05-06 08:14:58;69;5;21;15;3;7;0;0;3;1;0
2020-05-06 08:15:59;69;5;21;15;3;7;0;0;3;1;0
2020-05-06 08:16:59;69;5;21;15;3;7;0;0;3;1;0
2020-05-06 08:17:58;69;5;21;15;3;7;0;0;3;1;0
2020-05-06 08:18:59;70;5;22;15;3;7;0;0;3;1;0
2020-05-06 08:19:59;70;5;22;15;3;7;0;0;3;1;0
2020-05-06 08:20:58;72;5;22;16;3;7;0;0;3;0;2
2020-05-06 08:21:59;72;5;22;16;3;7;0;0;3;0;2
2020-05-06 08:22:59;72;5;22;16;3;7;0;0;3;0;2
2020-05-06 08:23:58;72;5;22;16;3;7;0;0;3;0;2
2020-05-06 08:24:59;72;5;22;16;3;7;0;0;3;0;2
2020-05-06 08:25:59;72;5;22;16;3;7;0;0;3;0;2
2020-05-06 08:26:58;72;5;22;16;3;7;0;0;3;0;2
2020-05-06 08:27:59;73;5;23;16;3;7;0;0;3;0;2
2020-05-06 08:28:59;73;5;23;16;3;7;0;0;3;0;2
2020-05-06 08:29:58;74;5;23;16;3;7;1;0;3;0;2
2020-05-06 08:30:59;75;5;24;16;3;7;1;0;3;0;2
2020-05-06 08:31:59;75;5;24;16;3;7;1;0;3;0;2
2020-05-06 08:32:58;76;5;24;16;3;7;1;0;3;0;2
2020-05-06 08:33:59;76;5;24;16;3;7;1;0;3;0;2
2020-05-06 08:34:59;77;5;25;16;3;7;1;0;3;0;2
2020-05-06 08:35:59;77;5;25;16;3;7;1;0;3;0;2
2020-05-06 08:36:58;78;5;26;16;3;7;1;0;3;0;2
2020-05-06 08:37:59;78;5;26;16;3;7;1;0;3;0;2
2020-05-06 08:38:59;78;5;26;16;3;7;1;0;3;0;2
2020-05-06 08:39:58;79;5;26;16;3;7;1;0;3;0;3
2020-05-06 08:40:59;79;5;26;16;3;7;1;0;3;0;3
2020-05-06 08:41:59;79;5;26;16;3;7;1;0;3;0;3
2020-05-06 08:42:58;79;5;26;16;3;7;1;0;3;0;3
2020-05-06 08:43:59;79;5;26;16;3;7;1;0;3;0;3
2020-05-06 08:44:59;79;5;26;16;3;7;1;0;3;0;3
2020-05-06 08:45:58;79;5;26;16;3;7;1;0;3;0;3
2020-05-06 08:46:59;80;5;27;16;3;7;1;0;3;0;3
2020-05-06 08:47:59;80;5;27;16;3;7;1;0;3;0;3
2020-05-06 08:48:58;80;5;27;16;3;7;1;0;3;0;3
2020-05-06 08:49:59;80;5;27;16;3;7;1;0;3;0;3
2020-05-06 08:50:58;80;5;28;16;3;7;1;0;3;1;3
2020-05-06 08:51:59;80;5;28;16;3;7;1;0;3;1;3
2020-05-06 08:52:59;80;5;28;16;3;7;1;0;3;1;3
2020-05-06 08:53:59;80;5;28;16;3;7;1;0;3;1;3
2020-05-06 08:54:58;80;5;28;16;3;7;1;0;3;1;3
2020-05-06 08:55:59;80;5;28;16;3;7;1;0;3;1;3
2020-05-06 08:56:58;80;5;28;16;3;7;1;0;3;1;3
2020-05-06 08:57:59;80;5;28;16;3;7;1;0;3;1;3
2020-05-06 08:58:59;80;5;28;16;3;7;1;0;3;1;3
2020-05-06 09:00:00;80;5;28;16;3;7;1;0;3;1;3
2020-05-06 09:00:58;80;5;28;16;3;7;1;0;3;1;3
2020-05-06 09:01:59;80;5;28;16;3;7;1;0;3;1;3
2020-05-06 09:02:59;81;5;28;16;3;7;1;0;3;2;3
2020-05-06 09:03:58;82;5;28;16;3;7;1;0;3;3;3
2020-05-06 09:04:59;82;5;28;16;3;7;1;0;3;3;3
2020-05-06 09:05:59;82;5;28;16;3;7;1;0;3;3;3
2020-05-06 09:06:58;82;5;28;16;3;7;1;0;3;3;3
2020-05-06 09:07:59;82;5;28;16;3;7;1;0;3;3;3
2020-05-06 09:08:58;82;5;28;16;3;7;1;0;3;3;3
2020-05-06 09:09:59;82;5;28;16;3;7;1;0;3;3;3
2020-05-06 09:10:59;83;6;28;16;3;7;1;0;3;3;3
2020-05-06 09:11:58;83;6;28;16;3;7;1;0;3;3;3
2020-05-06 09:12:59;83;6;28;16;3;7;1;0;3;3;3
2020-05-06 09:13:58;83;6;28;16;3;7;1;0;3;3;3
2020-05-06 09:14:59;84;7;28;16;3;7;1;0;3;3;3
2020-05-06 09:15:59;85;7;28;16;3;7;1;0;3;3;3
2020-05-06 09:16:58;85;7;28;16;3;7;1;0;3;3;3
2020-05-06 09:17:59;85;7;28;16;3;7;1;0;3;3;3
2020-05-06 09:18:59;85;7;28;16;3;7;1;0;3;3;3
2020-05-06 09:19:58;85;7;28;16;3;7;1;0;3;3;3
2020-05-06 09:20:59;85;7;28;16;3;7;1;0;3;3;3
2020-05-06 09:21:59;85;7;28;16;3;7;1;0;3;3;3
2020-05-06 09:22:58;86;7;29;16;3;7;1;0;3;3;3
2020-05-06 09:23:59;87;7;29;16;4;7;1;0;3;3;3
2020-05-06 09:24:59;87;7;29;16;4;7;1;0;3;3;3
2020-05-06 09:25:58;87;7;29;16;4;7;1;0;3;3;3
2020-05-06 09:26:59;87;7;29;16;4;7;1;0;3;3;3
2020-05-06 09:27:59;87;7;29;16;4;7;1;0;3;3;3
2020-05-06 09:28:58;87;7;29;16;4;7;1;0;3;3;3
2020-05-06 09:29:59;87;7;29;16;4;7;1;0;3;3;3
2020-05-06 09:30:58;87;7;29;16;4;7;1;0;3;3;3
2020-05-06 09:31:59;86;7;28;16;4;7;1;0;3;3;3
2020-05-06 09:32:59;87;7;28;17;4;7;1;0;3;3;3
2020-05-06 09:33:58;88;7;28;17;4;7;1;0;4;3;3
2020-05-06 09:34:59;88;7;28;17;4;7;1;0;4;3;3
2020-05-06 09:35:59;88;7;28;17;4;7;1;0;4;3;3
2020-05-06 09:36:58;89;7;29;17;4;7;1;0;4;3;3
2020-05-06 09:37:59;89;7;29;17;4;7;1;0;4;3;3
2020-05-06 09:38:59;89;7;29;17;4;7;1;0;4;3;3
2020-05-06 09:39:58;89;7;29;17;4;7;1;0;4;3;3
2020-05-06 09:40:59;89;7;29;17;4;7;1;0;4;3;3
2020-05-06 09:41:59;89;7;29;17;4;7;1;0;4;3;3
2020-05-06 09:42:58;89;7;29;17;4;7;1;0;4;3;3
2020-05-06 09:43:59;89;7;29;17;4;7;1;0;4;3;3
2020-05-06 09:44:59;89;7;29;17;4;7;1;0;4;3;3
2020-05-06 09:45:58;89;7;29;17;4;7;1;0;4;3;3
2020-05-06 09:46:59;90;7;29;17;4;8;1;0;4;3;3
2020-05-06 09:47:59;90;7;29;17;4;8;1;0;4;3;3
2020-05-06 09:48:58;90;7;29;17;4;8;1;0;4;3;3
2020-05-06 09:49:59;90;7;29;17;4;8;1;0;4;3;3
2020-05-06 09:50:59;90;7;29;17;4;8;1;0;4;3;3
2020-05-06 09:51:58;90;7;29;17;4;8;1;0;4;3;3
2020-05-06 09:52:59;90;7;29;17;4;8;1;0;4;3;3
2020-05-06 09:53:59;90;7;29;17;4;8;1;0;4;3;3
2020-05-06 09:54:58;91;7;29;18;4;8;1;0;4;3;3
2020-05-06 09:55:59;92;7;30;18;4;8;1;0;4;3;3
2020-05-06 09:56:59;92;7;30;18;4;8;1;0;4;3;3
2020-05-06 09:57:58;92;7;30;18;4;8;1;0;4;3;3
2020-05-06 09:58:59;93;7;30;19;4;8;1;0;4;3;3
2020-05-06 09:59:59;93;7;30;19;4;8;1;0;4;3;3
2020-05-06 10:00:58;93;7;30;19;4;8;1;0;4;3;3
2020-05-06 10:01:59;93;7;30;19;4;8;1;0;4;3;3
2020-05-06 10:02:59;93;7;30;19;4;8;1;0;4;3;3
2020-05-06 10:03:58;93;7;30;19;4;8;1;0;4;3;3
2020-05-06 10:04:59;93;7;30;19;4;8;1;0;4;3;3
2020-05-06 10:05:59;93;7;30;19;4;8;1;0;4;3;3
2020-05-06 10:06:58;93;7;30;19;4;8;1;0;4;3;3
2020-05-06 10:07:59;93;7;30;19;4;8;1;0;4;3;3
2020-05-06 10:08:58;93;7;30;19;4;8;1;0;4;3;3
2020-05-06 10:09:59;93;7;30;19;4;8;1;0;4;3;3
2020-05-06 10:10:59;93;7;30;19;4;8;1;0;4;3;3
2020-05-06 10:11:58;93;7;30;19;4;8;1;0;4;3;3
2020-05-06 10:12:59;93;7;30;19;4;8;1;0;4;3;3
2020-05-06 10:13:59;93;7;30;19;4;8;1;0;4;3;3
2020-05-06 10:14:58;93;7;30;19;4;8;1;0;4;3;3
2020-05-06 10:15:59;94;7;30;19;4;8;1;0;4;3;3
2020-05-06 10:16:59;94;7;30;19;4;8;1;0;4;3;3
2020-05-06 10:17:58;95;7;31;19;4;8;1;0;4;3;3
2020-05-06 10:18:59;95;7;31;19;4;8;1;0;4;3;3
2020-05-06 10:20:00;95;7;31;19;4;8;1;0;4;3;3
2020-05-06 10:20:58;96;7;31;20;4;8;1;0;4;3;3
2020-05-06 10:21:59;96;7;31;20;4;8;1;0;4;3;3
2020-05-06 10:22:59;96;7;31;20;4;8;1;0;4;3;3
2020-05-06 10:23:58;96;7;31;20;4;8;1;0;4;3;3
2020-05-06 10:24:59;97;7;32;20;4;8;1;0;4;3;3
2020-05-06 10:25:59;98;7;32;21;4;8;1;0;4;3;3
2020-05-06 10:26:58;98;7;32;21;4;8;1;0;4;3;3
2020-05-06 10:27:59;98;7;32;21;4;8;1;0;4;3;3
2020-05-06 10:28:59;98;7;32;21;4;8;1;0;4;3;3
2020-05-06 10:29:58;98;7;32;21;4;8;1;0;4;3;3
2020-05-06 10:30:59;98;7;32;21;4;8;1;0;4;3;3
2020-05-06 10:31:59;98;7;32;21;4;8;1;0;4;3;3
2020-05-06 10:32:58;98;7;32;21;4;8;1;0;4;3;3
2020-05-06 10:33:59;99;7;33;21;4;8;1;0;4;3;3
2020-05-06 10:34:58;99;7;33;21;4;8;1;0;4;3;3
2020-05-06 10:35:59;99;7;33;21;4;8;1;0;4;3;3
2020-05-06 10:36:59;99;7;33;21;4;8;1;0;4;3;3
2020-05-06 10:38:00;99;7;33;21;4;8;1;0;4;3;3
2020-05-06 10:38:58;99;7;33;21;4;8;1;0;4;3;3
2020-05-06 10:39:59;99;7;33;21;4;8;1;0;4;3;3
2020-05-06 10:40:58;100;7;33;21;4;9;1;0;4;3;3
2020-05-06 10:41:59;100;7;33;21;4;9;1;0;4;3;3
2020-05-06 10:42:59;100;7;33;21;4;9;1;0;4;3;3
2020-05-06 10:43:58;101;7;34;21;4;9;1;0;4;3;3
2020-05-06 10:44:59;101;7;34;21;4;9;1;0;4;3;3
2020-05-06 10:45:59;101;7;34;21;4;9;1;0;4;3;3
2020-05-06 10:46:59;101;7;34;21;4;9;1;0;4;3;3
2020-05-06 10:47:58;101;7;34;21;4;9;1;0;4;3;3
2020-05-06 10:48:59;102;7;34;21;4;9;1;0;4;3;3
2020-05-06 10:49:58;102;7;34;21;4;9;1;0;4;3;3
2020-05-06 10:50:59;102;7;34;21;4;9;1;0;4;3;3
2020-05-06 10:51:59;103;7;35;21;4;9;1;0;4;3;3
2020-05-06 10:52:58;103;7;35;21;4;9;1;0;4;3;3
2020-05-06 10:53:59;103;7;35;21;4;9;1;0;4;3;3
2020-05-06 10:54:59;103;7;35;21;4;9;1;0;4;3;3
2020-05-06 10:55:58;103;7;35;21;4;9;1;0;4;3;3
2020-05-06 10:56:59;103;7;35;21;4;9;1;0;4;3;3
2020-05-06 10:57:58;103;7;35;21;4;9;1;0;4;3;3
2020-05-06 10:58:59;103;7;35;21;4;9;1;0;4;3;3
2020-05-06 10:59:59;104;7;35;21;4;9;1;0;4;3;3
2020-05-06 11:00:59;104;7;35;21;4;9;1;0;4;3;3
2020-05-06 11:01:58;104;7;35;21;4;9;1;0;4;3;3
2020-05-06 11:02:59;104;7;35;21;4;9;1;0;4;3;3
2020-05-06 11:03:59;104;7;35;21;4;9;1;0;4;3;3
2020-05-06 11:04:58;104;7;35;21;4;9;1;0;4;3;3
2020-05-06 11:05:59;104;7;35;21;4;9;1;0;4;3;3
2020-05-06 11:06:59;104;7;35;21;4;9;1;0;4;3;3
2020-05-06 11:07:58;104;7;35;21;4;9;1;0;4;3;3
2020-05-06 11:08:59;104;7;35;21;4;9;1;0;4;3;3
2020-05-06 11:09:59;104;7;35;21;4;9;1;0;4;3;3
2020-05-06 11:10:58;105;7;36;21;4;9;1;0;4;3;3
2020-05-06 11:11:59;105;7;36;21;4;9;1;0;4;3;3
2020-05-06 11:12:59;106;7;36;22;4;9;1;0;4;3;3
2020-05-06 11:13:58;106;7;36;22;4;9;1;0;4;3;3
2020-05-06 11:14:59;106;7;36;22;4;9;1;0;4;3;3
2020-05-06 11:15:59;107;7;36;23;4;9;1;0;4;3;3
2020-05-06 11:16:58;107;7;36;23;4;9;1;0;4;3;3
2020-05-06 11:17:59;107;7;36;23;4;9;1;0;4;3;3
2020-05-06 11:19:00;107;7;36;23;4;9;1;0;4;3;3
2020-05-06 11:19:58;108;7;36;24;4;9;1;0;4;3;3
2020-05-06 11:20:59;108;7;36;24;4;9;1;0;4;3;3
2020-05-06 11:21:58;108;7;36;24;4;9;1;0;4;3;3
2020-05-06 11:22:59;108;7;36;24;4;9;1;0;4;3;3
2020-05-06 11:23:59;108;7;36;24;4;9;1;0;4;3;3
2020-05-06 11:24:58;108;7;36;24;4;9;1;0;4;3;3
2020-05-06 11:25:59;108;7;36;24;4;9;1;0;4;3;3
2020-05-06 11:26:58;108;7;36;24;4;9;1;0;4;3;3
2020-05-06 11:27:59;108;7;36;24;4;9;1;0;4;3;3
2020-05-06 11:28:59;108;7;36;24;4;9;1;0;4;3;3
2020-05-06 11:29:59;108;7;36;24;4;9;1;0;4;3;3
2020-05-06 11:30:58;108;7;36;24;4;9;1;0;4;3;3
2020-05-06 11:31:59;108;7;36;24;4;9;1;0;4;3;3
2020-05-06 11:32:59;108;7;36;24;4;9;1;0;4;3;3
2020-05-06 11:33:58;108;7;36;24;4;9;1;0;4;3;3
2020-05-06 11:34:59;109;7;37;24;4;9;1;0;4;3;3
2020-05-06 11:35:59;109;7;37;24;4;9;1;0;4;3;3
2020-05-06 11:36:58;110;7;37;25;4;9;1;0;4;3;3
2020-05-06 11:37:59;110;7;37;25;4;9;1;0;4;3;3
2020-05-06 11:38:59;110;7;38;25;4;8;1;0;4;3;3
2020-05-06 11:39:58;110;7;38;25;4;8;1;0;4;3;3
2020-05-06 11:40:59;110;7;38;25;4;8;1;0;4;3;3
2020-05-06 11:41:59;110;7;38;25;4;8;1;0;4;3;3
2020-05-06 11:43:00;110;7;38;25;4;8;1;0;4;3;3
2020-05-06 11:43:58;110;7;38;25;4;8;1;0;4;3;3
2020-05-06 11:44:59;110;7;38;25;4;8;1;0;4;3;3
2020-05-06 11:46:00;110;7;38;25;4;8;1;0;4;3;3
2020-05-06 11:46:58;110;7;38;25;4;8;1;0;4;3;3
2020-05-06 11:47:59;110;7;38;25;4;8;1;0;4;3;3
2020-05-06 11:48:59;110;7;38;25;4;8;1;0;4;3;3
2020-05-06 11:49:58;110;7;38;25;4;8;1;0;4;3;3
2020-05-06 11:50:59;111;7;38;26;4;8;1;0;4;3;3
2020-05-06 11:51:59;111;7;38;26;4;8;1;0;4;3;3
2020-05-06 11:52:58;111;7;38;26;4;8;1;0;4;3;3
2020-05-06 11:53:59;113;7;38;26;4;8;2;0;4;3;3
2020-05-06 11:54:59;113;7;38;26;4;8;2;0;4;3;3
2020-05-06 11:55:58;113;7;38;26;4;8;2;0;4;3;3
2020-05-06 11:56:59;113;7;38;26;4;8;2;0;4;3;3
2020-05-06 11:57:58;113;7;38;26;4;8;2;0;4;3;3
2020-05-06 11:58:59;113;7;38;26;4;8;2;0;4;3;3
2020-05-06 11:59:59;113;7;38;26;4;8;2;0;4;3;3
2020-05-06 12:00:59;113;7;38;26;4;8;2;0;4;3;3
2020-05-06 12:01:58;114;7;38;26;4;8;2;0;4;3;3
2020-05-06 12:02:59;128;21;38;26;4;8;2;0;4;3;3
2020-05-06 12:03:59;129;22;38;26;4;8;2;0;4;3;3
2020-05-06 12:04:58;129;22;38;26;4;8;2;0;4;3;3
2020-05-06 12:05:59;130;22;38;27;4;8;2;0;4;3;3
2020-05-06 12:06:59;131;22;38;27;5;8;2;0;4;3;3
2020-05-06 12:07:58;131;22;38;27;5;8;2;0;4;3;3
2020-05-06 12:08:59;131;22;38;27;5;8;2;0;4;3;3
2020-05-06 12:09:58;131;22;38;27;5;8;2;0;4;3;3
2020-05-06 12:10:59;130;22;37;27;5;8;2;0;4;3;3
2020-05-06 12:11:59;131;22;37;28;5;8;2;0;4;3;3
2020-05-06 12:12:59;132;23;37;28;5;8;2;0;4;3;3
2020-05-06 12:13:58;132;23;37;28;5;8;2;0;4;3;3
2020-05-06 12:14:59;133;24;37;28;5;8;2;0;4;3;3
2020-05-06 12:15:58;133;24;37;28;5;8;2;0;4;3;3
2020-05-06 12:16:59;133;24;37;28;5;8;2;0;4;3;3
2020-05-06 12:17:59;133;24;37;28;5;8;2;0;4;3;3
2020-05-06 12:18:58;133;24;37;28;5;8;2;0;4;3;3
2020-05-06 12:19:59;133;24;37;28;5;8;2;0;4;3;3
2020-05-06 12:20:59;133;24;37;28;5;8;2;0;4;3;3
2020-05-06 12:21:58;134;25;37;28;5;8;2;0;4;3;3
2020-05-06 12:22:59;135;26;37;28;5;8;2;0;4;3;3
2020-05-06 12:23:58;135;26;37;28;5;8;2;0;4;3;3
2020-05-06 12:24:59;135;26;37;28;5;8;2;0;4;3;3
2020-05-06 12:25:59;135;26;37;28;5;8;2;0;4;3;3
2020-05-06 12:26:58;136;27;37;28;5;8;2;0;4;3;3
2020-05-06 12:27:59;136;27;37;28;5;8;2;0;4;3;3
2020-05-06 12:28:58;137;28;37;28;5;8;2;0;4;3;3
2020-05-06 12:29:59;137;28;37;28;5;8;2;0;4;3;3
2020-05-06 12:30:59;138;28;38;28;5;8;2;0;4;3;3
2020-05-06 12:31:58;140;28;39;28;5;8;2;0;4;3;3
2020-05-06 12:32:59;140;28;39;28;5;8;2;0;4;3;3
2020-05-06 12:33:59;141;29;39;28;5;8;2;0;4;3;3
2020-05-06 12:34:59;141;29;39;28;5;8;2;0;4;3;3
2020-05-06 12:35:58;141;29;39;28;5;8;2;0;4;3;3
2020-05-06 12:36:59;141;29;39;28;5;8;2;0;4;3;3
2020-05-06 12:37:58;141;29;39;28;5;8;2;0;4;3;3
2020-05-06 12:38:59;141;29;39;28;5;8;2;0;4;3;3
2020-05-06 12:39:59;141;29;39;28;5;8;2;0;4;3;3
2020-05-06 12:40:58;141;29;39;28;5;8;2;0;4;3;3
2020-05-06 12:41:59;141;29;39;28;5;8;2;0;4;3;3
2020-05-06 12:42:59;141;29;39;28;5;8;2;0;4;3;3
2020-05-06 12:43:58;141;29;39;28;5;8;2;0;4;3;3
2020-05-06 12:44:59;141;29;39;28;5;8;2;0;4;3;3
2020-05-06 12:45:59;141;29;39;28;5;8;2;0;4;3;3
2020-05-06 12:46:58;143;29;40;29;5;8;2;0;4;3;3
2020-05-06 12:47:59;144;30;40;29;5;8;2;0;4;3;3
2020-05-06 12:48:59;144;30;40;29;5;8;2;0;4;3;3
2020-05-06 12:49:58;144;30;40;29;5;8;2;0;4;3;3
2020-05-06 12:50:59;145;30;40;30;5;8;2;0;4;3;3
2020-05-06 12:51:59;146;30;40;31;5;8;2;0;4;3;3
2020-05-06 12:52:59;146;30;40;31;5;8;2;0;4;3;3
2020-05-06 12:53:58;148;30;40;32;5;8;2;0;5;3;3
2020-05-06 12:54:59;149;30;40;33;5;8;2;0;5;3;3
2020-05-06 12:55:59;150;30;40;34;5;8;2;0;5;3;3
2020-05-06 12:56:58;150;30;40;34;5;8;2;0;5;3;3
2020-05-06 12:57:59;151;30;40;35;5;8;2;0;5;3;3
2020-05-06 12:58:58;153;30;40;37;5;8;2;0;5;3;3
2020-05-06 12:59:59;154;30;40;38;5;8;2;0;5;3;3
2020-05-06 13:00:59;156;31;40;39;5;8;2;0;5;3;3
2020-05-06 13:01:58;157;31;40;40;5;8;2;0;5;3;3
2020-05-06 13:02:59;159;31;40;42;5;8;2;0;5;3;3
2020-05-06 13:03:59;161;31;40;44;5;8;2;0;5;3;3
2020-05-06 13:04:58;161;31;40;44;5;8;2;0;5;3;3
2020-05-06 13:05:59;161;31;40;44;5;8;2;0;5;3;3
2020-05-06 13:06:59;161;31;40;44;5;8;2;0;5;3;3
2020-05-06 13:07:58;162;31;40;44;5;9;2;0;5;3;3
2020-05-06 13:08:59;162;31;40;44;5;9;2;0;5;3;3
2020-05-06 13:09:59;162;31;40;44;5;9;2;0;5;3;3
2020-05-06 13:10:58;162;31;40;44;5;9;2;0;5;3;3
2020-05-06 13:11:59;162;31;40;44;5;9;2;0;5;3;3
2020-05-06 13:12:59;162;31;40;44;5;9;2;0;5;3;3
2020-05-06 13:13:58;163;32;40;44;5;9;2;0;5;3;3
2020-05-06 13:14:59;163;32;40;44;5;9;2;0;5;3;3
2020-05-06 13:15:59;163;32;40;44;5;9;2;0;5;3;3
2020-05-06 13:16:58;163;32;40;44;5;9;2;0;5;3;3
2020-05-06 13:17:59;163;32;40;44;5;9;2;0;5;3;3
2020-05-06 13:18:59;164;33;40;44;5;9;2;0;5;3;3
2020-05-06 13:19:58;164;33;40;44;5;9;2;0;5;3;3
2020-05-06 13:20:59;164;33;40;44;5;9;2;0;5;3;3
2020-05-06 13:21:59;164;33;40;44;5;9;2;0;5;3;3
2020-05-06 13:22:59;164;33;40;44;5;9;2;0;5;3;3
2020-05-06 13:23:58;164;33;40;44;5;9;2;0;5;3;3
2020-05-06 13:24:59;164;33;40;44;5;9;2;0;5;3;3
2020-05-06 13:25:58;164;33;40;44;5;9;2;0;5;3;3
2020-05-06 13:26:59;164;33;40;44;5;9;2;0;5;3;3
2020-05-06 13:27:59;165;34;40;44;5;9;2;0;5;3;3
2020-05-06 13:28:58;166;34;41;44;5;9;2;0;5;3;3
2020-05-06 13:29:59;166;34;41;44;5;9;2;0;5;3;3
2020-05-06 13:30:58;166;34;41;44;5;9;2;0;5;3;3
2020-05-06 13:31:59;166;34;41;44;5;9;2;0;5;3;3
2020-05-06 13:32:59;167;34;42;44;5;9;2;0;5;3;3
2020-05-06 13:33:58;167;34;42;44;5;9;2;0;5;3;3
2020-05-06 13:34:59;167;34;42;44;5;9;2;0;5;3;3
2020-05-06 13:35:59;168;34;43;44;5;9;2;0;5;3;3
2020-05-06 13:37:00;168;34;43;44;5;9;2;0;5;3;3
2020-05-06 13:37:58;168;34;43;44;5;9;2;0;5;3;3
2020-05-06 13:38:59;168;34;43;44;5;9;2;0;5;3;3
2020-05-06 13:39:58;168;34;43;44;5;9;2;0;5;3;3
2020-05-06 13:40:59;170;35;44;44;5;9;2;0;5;3;3
2020-05-06 13:41:59;170;35;44;44;5;9;2;0;5;3;3
2020-05-06 13:42:58;170;35;44;44;5;9;2;0;5;3;3
2020-05-06 13:43:59;170;35;44;44;5;9;2;0;5;3;3
2020-05-06 13:44:59;170;35;44;44;5;9;2;0;5;3;3
2020-05-06 13:45:58;170;35;44;44;5;9;2;0;5;3;3
2020-05-06 13:46:59;170;35;44;44;5;9;2;0;5;3;3
2020-05-06 13:47:59;170;35;44;44;5;9;2;0;5;3;3
2020-05-06 13:48:58;172;36;44;45;5;9;2;0;5;3;3
2020-05-06 13:49:59;172;36;44;45;5;9;2;0;5;3;3
2020-05-06 13:50:59;172;36;44;45;5;9;2;0;5;3;3
2020-05-06 13:51:58;172;36;44;45;5;9;2;0;5;3;3
2020-05-06 13:52:59;172;36;44;45;5;9;2;0;5;3;3
2020-05-06 13:53:59;174;37;45;45;5;9;2;0;5;3;3
2020-05-06 13:54:58;174;37;45;45;5;9;2;0;5;3;3
2020-05-06 13:55:59;174;37;45;45;5;9;2;0;5;3;3
2020-05-06 13:56:59;174;37;45;45;5;9;2;0;5;3;3
2020-05-06 13:57:59;174;37;45;45;5;9;2;0;5;3;3
2020-05-06 13:58:58;174;37;45;45;5;9;2;0;5;3;3
2020-05-06 13:59:59;175;38;45;45;5;9;2;0;5;3;3
2020-05-06 14:00:58;175;38;45;45;5;9;2;0;5;3;3
2020-05-06 14:01:59;175;38;45;45;5;9;2;0;5;3;3
2020-05-06 14:02:59;175;38;45;45;5;9;2;0;5;3;3
2020-05-06 14:03:58;175;38;45;45;5;9;2;0;5;3;3
2020-05-06 14:04:59;175;38;45;45;5;9;2;0;5;3;3
2020-05-06 14:05:59;175;38;45;45;5;9;2;0;5;3;3
2020-05-06 14:06:59;175;38;45;45;5;9;2;0;5;3;3
2020-05-06 14:07:58;176;39;45;45;5;9;2;0;5;3;3
2020-05-06 14:08:59;177;39;46;45;5;9;2;0;5;3;3
2020-05-06 14:09:58;177;39;46;45;5;9;2;0;5;3;3
2020-05-06 14:10:59;178;39;46;46;5;9;2;0;5;3;3
2020-05-06 14:11:59;179;39;46;47;5;9;2;0;5;3;3
2020-05-06 14:13:00;180;39;47;47;5;9;2;0;5;3;3
2020-05-06 14:13:58;181;39;47;48;5;9;2;0;5;3;3
2020-05-06 14:14:59;181;39;47;48;5;9;2;0;5;3;3
2020-05-06 14:15:58;181;39;47;48;5;9;2;0;5;3;3
2020-05-06 14:16:59;181;39;47;48;5;9;2;0;5;3;3
2020-05-06 14:17:59;181;39;47;48;5;9;2;0;5;3;3
2020-05-06 14:18:58;181;39;47;48;5;9;2;0;5;3;3
2020-05-06 14:19:59;181;39;47;48;5;9;2;0;5;3;3
2020-05-06 14:20:59;182;40;47;48;5;9;2;0;5;3;3
2020-05-06 14:21:58;182;40;47;48;5;9;2;0;5;3;3
2020-05-06 14:22:59;183;40;48;48;5;9;2;0;5;3;3
2020-05-06 14:23:59;183;40;48;48;5;9;2;0;5;3;3
2020-05-06 14:24:58;183;40;48;48;5;9;2;0;5;3;3
2020-05-06 14:25:59;183;40;48;48;5;9;2;0;5;3;3
2020-05-06 14:26:59;183;40;48;48;5;9;2;0;5;3;3
2020-05-06 14:27:59;183;40;48;48;5;9;2;0;5;3;3
2020-05-06 14:28:58;184;40;49;48;5;9;2;0;5;3;3
2020-05-06 14:29:59;184;40;49;48;5;9;2;0;5;3;3
2020-05-06 14:30:59;185;41;49;48;5;9;2;0;5;3;3
2020-05-06 14:31:59;185;41;49;48;5;9;2;0;5;3;3
2020-05-06 14:32:59;186;41;50;48;5;9;2;0;5;3;3
2020-05-06 14:33:58;187;42;50;48;5;9;2;0;5;3;3
2020-05-06 14:34:59;187;42;50;48;5;9;2;0;5;3;3
2020-05-06 14:35:59;187;42;50;48;5;9;2;0;5;3;3
2020-05-06 14:36:59;187;42;50;48;5;9;2;0;5;3;3
2020-05-06 14:37:58;187;42;50;48;5;9;2;0;5;3;3
2020-05-06 14:38:59;187;42;50;48;5;9;2;0;5;3;3
2020-05-06 14:39:59;187;42;50;48;5;9;2;0;5;3;3
2020-05-06 14:40:58;187;42;50;48;5;9;2;0;5;3;3
2020-05-06 14:41:59;187;42;50;48;5;9;2;0;5;3;3
2020-05-06 14:42:58;187;42;50;48;5;9;2;0;5;3;3
2020-05-06 14:43:59;187;42;50;48;5;9;2;0;5;3;3
2020-05-06 14:44:59;187;42;50;48;5;9;2;0;5;3;3
2020-05-06 14:45:59;188;42;50;48;5;9;2;0;5;3;3
2020-05-06 14:46:58;188;42;50;48;5;9;2;0;5;3;3
2020-05-06 14:47:59;189;43;50;48;5;9;2;0;5;3;3
2020-05-06 14:48:59;189;43;50;48;5;9;2;0;5;3;3
2020-05-06 14:49:58;189;43;50;48;5;9;2;0;5;3;3
2020-05-06 14:50:59;189;43;50;48;5;9;2;0;5;3;3
2020-05-06 14:51:59;189;43;50;48;5;9;2;0;5;3;3
2020-05-06 14:52:58;189;43;50;48;5;9;2;0;5;3;3
2020-05-06 14:53:59;189;43;50;48;5;9;2;0;5;3;3
2020-05-06 14:54:58;191;43;52;48;5;9;2;0;5;3;3
2020-05-06 14:55:59;191;43;52;48;5;9;2;0;5;3;3
2020-05-06 14:56:58;191;43;52;48;5;9;2;0;5;3;3
2020-05-06 14:57:59;191;43;52;48;5;9;2;0;5;3;3
2020-05-06 14:58:59;191;43;52;48;5;9;2;0;5;3;3
2020-05-06 14:59:58;191;43;52;48;5;9;2;0;5;3;3
2020-05-06 15:00:59;192;44;52;48;5;9;2;0;5;3;3
2020-05-06 15:01:59;192;44;52;48;5;9;2;0;5;3;3
2020-05-06 15:02:58;192;44;52;48;5;9;2;0;5;3;3
2020-05-06 15:03:59;192;45;52;47;5;9;2;0;5;3;3
2020-05-06 15:04:59;192;45;52;47;5;9;2;0;5;3;3
2020-05-06 15:05:58;192;45;52;47;5;9;2;0;5;3;3
2020-05-06 15:06:59;192;45;52;47;5;9;2;0;5;3;3
2020-05-06 15:07:59;192;45;51;48;5;9;2;0;5;3;3
2020-05-06 15:08:59;192;45;51;48;5;9;2;0;5;3;3
2020-05-06 15:09:58;192;45;51;48;5;9;2;0;5;3;3
2020-05-06 15:10:59;194;45;51;50;5;9;2;0;5;3;3
2020-05-06 15:11:58;195;46;51;50;5;9;2;0;5;3;3
2020-05-06 15:12:59;195;46;51;50;5;9;2;0;5;3;3
2020-05-06 15:13:58;196;47;51;50;5;9;2;0;5;3;3
2020-05-06 15:14:59;196;47;51;50;5;9;2;0;5;3;3
2020-05-06 15:15:58;196;47;51;50;5;9;2;0;5;3;3
2020-05-06 15:16:59;196;47;51;50;5;9;2;0;5;3;3
2020-05-06 15:17:59;196;47;51;50;5;9;2;0;5;3;3
2020-05-06 15:18:58;196;47;51;50;5;9;2;0;5;3;3
2020-05-06 15:19:59;197;48;51;50;5;9;2;0;5;3;3
2020-05-06 15:20:59;197;48;51;50;5;9;2;0;5;3;3
2020-05-06 15:21:58;197;48;51;50;5;9;2;0;5;3;3
2020-05-06 15:22:59;197;48;51;50;5;9;2;0;5;3;3
2020-05-06 15:23:59;197;48;51;50;5;9;2;0;5;3;3
2020-05-06 15:24:59;197;48;51;50;5;9;2;0;5;3;3
2020-05-06 15:25:58;197;48;51;50;5;9;2;0;5;3;3
2020-05-06 15:26:59;197;48;51;50;5;9;2;0;5;3;3
2020-05-06 15:27:59;198;49;51;50;5;9;2;0;5;3;3
2020-05-06 15:28:58;198;49;51;50;5;9;2;0;5;3;3
2020-05-06 15:29:59;199;49;51;51;5;9;2;0;5;3;3
2020-05-06 15:30:59;199;49;51;51;5;9;2;0;5;3;3
2020-05-06 15:31:58;199;49;51;51;5;9;2;0;5;3;3
2020-05-06 15:32:59;199;49;51;51;5;9;2;0;5;3;3
2020-05-06 15:33:59;200;49;51;52;5;9;2;0;5;3;3
2020-05-06 15:34:58;200;49;51;52;5;9;2;0;5;3;3
2020-05-06 15:35:59;200;49;51;52;5;9;2;0;5;3;3
2020-05-06 15:36:58;200;49;51;52;5;9;2;0;5;3;3
2020-05-06 15:37:59;200;49;51;52;5;9;2;0;5;3;3
2020-05-06 15:38:59;200;49;51;52;5;9;2;0;5;3;3
2020-05-06 15:39:59;200;49;51;52;5;9;2;0;5;3;3
2020-05-06 15:40:58;201;50;51;52;5;9;2;0;5;3;3
2020-05-06 15:41:59;201;50;51;52;5;9;2;0;5;3;3
2020-05-06 15:42:59;201;50;51;52;5;9;2;0;5;3;3
2020-05-06 15:43:58;201;51;51;52;5;9;2;0;5;3;3
2020-05-06 15:44:59;201;51;51;52;5;9;2;0;5;3;3
2020-05-06 15:45:59;201;51;51;52;5;9;2;0;5;3;3
2020-05-06 15:46:58;201;51;51;52;5;9;2;0;5;3;3
2020-05-06 15:47:59;201;51;51;52;5;9;2;0;5;3;3
2020-05-06 15:48:59;200;51;51;52;5;9;2;0;5;3;3
2020-05-06 15:49:58;202;52;52;52;5;9;2;0;5;3;3
2020-05-06 15:50:59;202;52;52;52;5;9;2;0;5;3;3
2020-05-06 15:51:59;202;52;52;52;5;9;2;0;5;3;3
2020-05-06 15:52:58;202;52;52;52;5;9;2;0;5;3;3
2020-05-06 15:53:59;204;53;53;52;5;9;2;0;5;3;3
2020-05-06 15:54:59;204;53;53;52;5;9;2;0;5;3;3
2020-05-06 15:55:59;204;53;53;52;5;9;2;0;5;3;3
2020-05-06 15:56:58;204;53;53;52;5;9;2;0;5;3;3
2020-05-06 15:57:59;205;53;53;53;5;9;2;0;5;3;3
2020-05-06 15:58:58;205;53;53;53;5;9;2;0;5;3;3
2020-05-06 15:59:59;205;53;53;53;5;9;2;0;5;3;3
2020-05-06 16:00:59;205;53;53;53;5;9;2;0;5;3;3
2020-05-06 16:01:59;206;53;53;53;5;10;2;0;5;3;3
2020-05-06 16:02:58;206;53;53;53;5;10;2;0;5;3;3
2020-05-06 16:03:59;206;53;53;53;5;10;2;0;5;3;3
2020-05-06 16:04:59;206;53;53;53;5;10;2;0;5;3;3
2020-05-06 16:05:58;206;53;53;53;5;10;2;0;5;3;3
2020-05-06 16:06:59;208;53;54;54;5;10;2;0;5;3;3
2020-05-06 16:07:58;209;54;54;54;5;10;2;0;5;3;3
2020-05-06 16:08:59;209;54;54;54;5;10;2;0;5;3;3
2020-05-06 16:09:59;210;54;54;54;5;10;2;0;5;3;3
2020-05-06 16:10:58;211;55;54;54;5;10;2;0;5;3;3
2020-05-06 16:11:59;211;55;54;54;5;10;2;0;5;3;3
2020-05-06 16:12:59;213;55;54;56;5;10;2;0;5;3;3
2020-05-06 16:13:58;213;55;54;56;5;10;2;0;5;3;3
2020-05-06 16:14:59;213;55;54;56;5;10;2;0;5;3;3
2020-05-06 16:15:59;213;55;54;56;5;10;2;0;5;3;3
2020-05-06 16:16:58;215;56;55;56;5;10;2;0;5;3;3
2020-05-06 16:17:59;215;55;56;56;5;10;2;0;5;3;3
2020-05-06 16:18:59;215;55;56;56;5;10;2;0;5;3;3
2020-05-06 16:20:00;215;55;56;56;5;10;2;0;5;3;3
2020-05-06 16:20:58;216;56;56;56;5;10;2;0;5;3;3
2020-05-06 16:21:59;216;56;56;56;5;10;2;0;5;3;3
2020-05-06 16:22:59;216;56;56;56;5;10;2;0;5;3;3
2020-05-06 16:23:58;217;57;56;56;5;10;2;0;5;3;3
2020-05-06 16:24:59;218;58;56;56;5;10;2;0;5;3;3
2020-05-06 16:25:59;221;58;59;56;5;10;2;0;5;3;3
2020-05-06 16:26:58;221;58;59;56;5;10;2;0;5;3;3
2020-05-06 16:27:59;223;59;59;57;5;10;2;0;5;3;3
2020-05-06 16:28:59;225;61;59;57;5;10;2;0;5;3;3
2020-05-06 16:29:59;225;61;59;57;5;10;2;0;5;3;3
2020-05-06 16:30:58;226;61;60;57;5;10;2;0;5;3;3
2020-05-06 16:31:59;227;61;61;57;5;10;2;0;5;3;3
2020-05-06 16:32:59;228;62;61;57;5;10;2;0;5;3;3
2020-05-06 16:33:59;228;62;61;57;5;10;2;0;5;3;3
2020-05-06 16:34:58;229;63;61;57;5;10;2;0;5;3;3
2020-05-06 16:35:59;230;63;62;57;5;10;2;0;5;3;3
2020-05-06 16:36:59;230;63;62;57;5;10;2;0;5;3;3
2020-05-06 16:37:58;230;63;62;57;5;10;2;0;5;3;3
2020-05-06 16:38:59;232;64;63;57;5;10;2;0;5;3;3
2020-05-06 16:39:59;232;64;63;57;5;10;2;0;5;3;3
2020-05-06 16:40:59;232;64;63;57;5;10;2;0;5;3;3
2020-05-06 16:41:58;234;67;62;57;5;10;2;0;5;3;3
2020-05-06 16:42:59;237;69;62;57;6;10;2;0;5;3;3
2020-05-06 16:43:59;237;69;62;57;6;10;2;0;5;3;3
2020-05-06 16:44:58;237;69;62;57;6;10;2;0;5;3;3
2020-05-06 16:45:59;237;69;62;57;6;10;2;0;5;3;3
2020-05-06 16:46:59;238;70;62;57;6;10;2;0;5;3;3
2020-05-06 16:47:58;241;71;63;58;6;10;2;0;5;3;3
2020-05-06 16:48:59;241;71;63;58;6;10;2;0;5;3;3
2020-05-06 16:50:00;242;71;64;58;6;10;2;0;5;3;3
2020-05-06 16:50:58;243;72;64;58;6;10;2;0;5;3;3
2020-05-06 16:51:59;244;72;65;58;6;10;2;0;5;3;3
2020-05-06 16:52:58;246;72;67;58;6;10;2;0;5;3;3
2020-05-06 16:53:59;246;72;67;58;6;10;2;0;5;3;3
2020-05-06 16:54:59;246;72;67;58;6;10;2;0;5;3;3
2020-05-06 16:55:58;247;72;67;58;6;10;3;0;5;3;3
2020-05-06 16:56:59;248;72;67;58;6;10;3;0;5;3;3
2020-05-06 16:57:59;251;72;69;58;6;10;3;0;5;3;3
2020-05-06 16:58:58;251;73;68;58;6;10;3;0;5;3;3
2020-05-06 16:59:59;252;73;68;58;6;10;3;0;5;3;3
2020-05-06 17:00:59;253;74;68;58;6;10;3;0;5;3;3
2020-05-06 17:01:58;253;74;68;57;6;10;3;0;5;3;3
2020-05-06 17:02:59;253;74;68;57;6;10;3;0;5;3;3
2020-05-06 17:03:59;253;74;68;57;6;10;3;0;5;3;3
2020-05-06 17:04:59;253;74;68;57;6;10;3;0;5;3;3
2020-05-06 17:05:58;253;74;68;57;6;10;3;0;5;3;3
2020-05-06 17:06:59;254;74;69;57;6;10;3;0;5;3;3
2020-05-06 17:07:58;254;74;69;57;6;10;3;0;5;3;3
2020-05-06 17:08:59;254;74;69;57;6;10;3;0;5;3;3
2020-05-06 17:09:59;254;74;69;57;6;10;3;0;5;3;3
2020-05-06 17:11:00;255;74;70;57;6;10;3;0;5;3;3
2020-05-06 17:11:58;257;76;70;57;6;10;3;0;5;3;3
2020-05-06 17:12:59;258;76;71;57;6;10;3;0;5;3;3
2020-05-06 17:13:59;258;76;71;57;6;10;3;0;5;3;3
2020-05-06 17:14:58;259;77;71;57;6;10;3;0;5;3;3
2020-05-06 17:15:59;259;77;71;57;6;10;3;0;5;3;3
2020-05-06 17:16:58;261;77;72;57;6;10;3;0;5;3;3
2020-05-06 17:17:59;262;77;72;58;6;10;3;0;5;3;3
2020-05-06 17:18:59;262;77;72;58;6;10;3;0;5;3;3
2020-05-06 17:19:58;265;78;73;58;6;10;4;0;5;3;3
2020-05-06 17:20:59;265;78;73;58;6;10;4;0;5;3;3
2020-05-06 17:21:59;267;78;75;58;6;10;4;0;5;3;3
2020-05-06 17:22:59;269;80;76;57;6;10;4;0;5;3;3
2020-05-06 17:23:58;269;80;76;57;6;10;4;0;5;3;3
2020-05-06 17:24:59;270;80;77;57;6;10;4;0;5;3;3
2020-05-06 17:25:59;272;80;79;57;6;10;4;0;5;3;3
2020-05-06 17:26:58;273;79;81;57;6;10;4;0;5;3;3
2020-05-06 17:27:59;276;80;83;57;6;10;4;0;5;3;3
2020-05-06 17:28:58;277;80;84;57;6;10;4;0;5;3;3
2020-05-06 17:29:59;279;81;85;57;6;10;4;0;5;3;3
2020-05-06 17:30:59;278;81;85;57;6;9;4;0;5;3;3
2020-05-06 17:31:58;279;81;86;57;6;9;4;0;5;3;3
2020-05-06 17:32:59;281;82;87;57;6;9;4;0;5;3;3
2020-05-06 17:33:59;282;82;88;57;6;9;4;0;5;3;3
2020-05-06 17:34:58;282;82;88;57;6;9;4;0;5;3;3
2020-05-06 17:35:59;282;82;88;57;6;9;4;0;5;3;3
2020-05-06 17:36:59;282;82;88;57;6;9;4;0;5;3;3
2020-05-06 17:37:58;286;84;89;58;6;9;4;0;5;3;3
2020-05-06 17:38:59;288;84;91;58;6;9;4;0;5;3;3
2020-05-06 17:39:59;290;84;93;58;6;9;4;0;5;3;3
2020-05-06 17:40:58;293;86;94;58;6;9;4;0;5;3;3
2020-05-06 17:41:59;293;86;94;58;6;9;4;0;5;3;3
2020-05-06 17:42:59;296;86;97;58;6;9;4;0;5;3;3
2020-05-06 17:43:58;296;86;97;58;6;9;4;0;5;3;3
2020-05-06 17:44:59;297;87;97;58;6;9;4;0;5;3;3
2020-05-06 17:45:59;297;87;97;58;6;9;4;0;5;3;3
2020-05-06 17:46:58;299;88;99;57;6;9;4;0;5;3;3
2020-05-06 17:47:59;299;88;99;57;6;9;4;0;5;3;3
2020-05-06 17:48:59;299;88;99;57;6;9;4;0;5;3;3
2020-05-06 17:49:58;303;90;101;57;6;9;4;0;5;3;3
2020-05-06 17:50:59;303;91;101;57;6;9;4;0;4;3;3
2020-05-06 17:51:59;303;91;101;57;6;9;4;0;4;3;3
2020-05-06 17:52:59;304;91;101;57;6;9;4;0;4;3;3
2020-05-06 17:53:58;306;92;101;57;7;9;4;0;4;3;3
2020-05-06 17:54:59;307;93;101;57;7;9;4;0;4;3;3
2020-05-06 17:55:59;309;93;101;58;7;9;4;0;4;3;3
2020-05-06 17:57:00;309;93;101;58;7;9;4;0;4;3;3
2020-05-06 17:57:58;309;93;101;58;7;9;4;0;4;3;3
2020-05-06 17:58:59;309;93;101;58;7;9;4;0;4;3;3
2020-05-06 17:59:58;309;93;101;58;7;9;4;0;4;3;3
2020-05-06 18:00:59;311;94;102;58;7;9;4;0;4;3;3
2020-05-06 18:01:59;311;94;102;58;7;9;4;0;4;3;3
2020-05-06 18:03:00;314;94;104;58;8;9;4;0;4;3;3
2020-05-06 18:03:58;314;94;104;58;8;9;4;0;4;3;3
2020-05-06 18:04:59;314;94;104;58;8;9;4;0;4;3;3
2020-05-06 18:05:58;314;94;104;58;8;9;4;0;4;3;3
2020-05-06 18:06:59;317;95;106;58;8;9;4;0;4;3;3
2020-05-06 18:07:59;318;96;106;58;8;9;4;0;4;3;3
2020-05-06 18:08:58;318;96;106;58;8;9;4;0;4;3;3
2020-05-06 18:09:59;319;96;107;58;8;9;4;0;4;3;3
2020-05-06 18:10:59;319;96;107;58;8;9;4;0;4;3;3
2020-05-06 18:11:58;320;96;108;58;8;9;4;0;4;3;3
2020-05-06 18:12:59;320;96;108;58;8;9;4;0;4;3;3
2020-05-06 18:13:59;320;96;108;58;8;9;4;0;4;3;3
2020-05-06 18:14:58;320;96;108;58;8;9;4;0;4;3;3
2020-05-06 18:15:59;321;97;110;56;8;9;4;0;4;3;3
2020-05-06 18:16:58;321;97;110;56;8;9;4;0;4;3;3
2020-05-06 18:17:59;321;97;110;56;8;9;4;0;4;3;3
2020-05-06 18:18:58;321;97;110;56;8;9;4;0;4;3;3
2020-05-06 18:19:59;323;97;110;56;8;9;4;4;4;3;3
2020-05-06 18:20:59;325;98;110;56;8;9;4;5;4;3;3
2020-05-06 18:21:58;327;98;110;56;9;9;4;6;4;3;3
2020-05-06 18:22:59;327;98;110;56;9;9;4;6;4;3;3
2020-05-06 18:24:00;327;98;110;56;9;9;4;6;4;3;3
2020-05-06 18:24:58;327;98;111;56;8;9;4;6;4;3;3
2020-05-06 18:25:59;327;98;111;56;8;9;4;6;4;3;3
2020-05-06 18:26:59;327;98;111;56;8;9;4;6;4;3;3
2020-05-06 18:27:58;327;98;111;56;8;9;4;6;4;3;3
2020-05-06 18:28:59;327;98;111;56;8;9;4;6;4;3;3
2020-05-06 18:29:59;328;99;111;56;8;9;4;6;4;3;3
2020-05-06 18:30:58;328;100;111;56;8;9;4;6;4;3;3
2020-05-06 18:31:59;329;101;111;56;8;9;4;6;4;3;3
2020-05-06 18:32:59;329;101;111;56;8;9;4;6;4;3;3
2020-05-06 18:33:58;329;101;111;56;8;9;4;6;4;3;3
2020-05-06 18:34:59;331;103;111;56;8;9;4;6;4;3;3
2020-05-06 18:35:58;331;103;111;56;8;9;4;6;4;3;3
2020-05-06 18:36:59;332;104;111;56;8;9;4;6;4;3;3
2020-05-06 18:37:59;332;104;111;56;8;9;4;6;4;3;3
2020-05-06 18:38:58;333;105;111;56;8;9;4;6;4;3;3
2020-05-06 18:39:59;333;105;111;56;8;9;4;6;4;3;3
2020-05-06 18:40:59;335;106;111;56;8;9;5;6;4;3;3
2020-05-06 18:41:58;335;106;111;56;8;9;5;6;4;3;3
2020-05-06 18:42:59;335;106;111;56;8;9;5;6;4;3;3
2020-05-06 18:43:59;335;106;111;56;8;9;5;6;4;3;3
2020-05-06 18:44:58;335;106;111;56;8;9;5;6;4;3;3
2020-05-06 18:45:59;335;106;111;56;8;9;5;6;4;3;3
2020-05-06 18:46:59;337;107;112;56;8;9;5;6;4;3;3
2020-05-06 18:47:58;338;108;112;56;8;9;5;6;4;3;3
2020-05-06 18:48:59;338;108;112;56;8;9;5;6;4;3;3
2020-05-06 18:49:59;339;109;112;56;8;9;5;6;4;3;3
2020-05-06 18:50:58;341;111;113;55;8;9;5;6;4;3;3
2020-05-06 18:51:59;342;112;114;55;8;9;5;6;4;3;3
2020-05-06 18:52:59;342;112;114;55;8;9;5;6;4;3;3
2020-05-06 18:53:58;343;112;115;55;8;9;5;6;4;3;3
2020-05-06 18:54:59;344;112;116;55;8;9;5;6;4;3;3
2020-05-06 18:55:59;345;112;117;55;8;9;5;6;4;3;3
2020-05-06 18:56:58;346;112;117;56;8;9;5;6;4;3;3
2020-05-06 18:57:59;347;112;118;56;8;9;5;6;4;3;3
2020-05-06 18:58:59;348;113;118;56;8;9;5;6;4;3;3
2020-05-06 18:59:58;348;113;118;56;8;9;5;6;4;3;3
2020-05-06 19:00:59;352;116;118;56;9;9;5;6;4;3;3
2020-05-06 19:01:59;353;116;119;56;9;9;5;6;4;3;3
2020-05-06 19:02:58;355;116;121;56;9;9;5;6;4;3;3
2020-05-06 19:03:59;356;116;122;56;9;9;5;6;4;3;3
2020-05-06 19:04:59;356;116;122;56;9;9;5;6;4;3;3
2020-05-06 19:05:58;357;116;123;56;9;9;5;6;4;3;3
2020-05-06 19:06:59;357;116;123;56;9;9;5;6;4;3;3
2020-05-06 19:07:58;358;116;123;56;9;10;5;6;4;3;3
2020-05-06 19:08:59;358;116;123;56;9;10;5;6;4;3;3
2020-05-06 19:10:00;358;116;123;56;9;10;5;6;4;3;3
2020-05-06 19:10:58;358;116;123;56;9;10;5;6;4;3;3
2020-05-06 19:11:59;358;116;123;56;9;10;5;6;4;3;3
2020-05-06 19:12:59;359;116;124;56;9;10;5;6;4;3;3
2020-05-06 19:13:58;359;116;124;56;9;10;5;6;4;3;3
2020-05-06 19:14:59;359;119;122;55;9;10;5;6;4;3;3
2020-05-06 19:15:58;359;119;122;55;9;10;5;6;4;3;3
2020-05-06 19:16:59;359;119;122;55;9;10;5;6;4;3;3
2020-05-06 19:17:59;360;120;122;55;9;10;5;6;4;3;3
2020-05-06 19:18:59;360;120;122;55;9;10;5;6;4;3;3
2020-05-06 19:19:58;360;120;122;55;9;10;5;6;4;3;3
2020-05-06 19:20:59;360;120;122;55;9;10;5;6;4;3;3
2020-05-06 19:21:59;362;121;123;55;9;10;5;6;4;3;3
2020-05-06 19:22:58;363;121;124;55;9;10;5;6;4;3;3
2020-05-06 19:23:59;363;121;124;55;9;10;5;6;4;3;3
2020-05-06 19:24:59;365;122;124;56;9;10;5;6;4;3;3
2020-05-06 19:25:58;366;122;125;56;9;10;5;6;4;3;3
2020-05-06 19:26:59;366;122;125;56;9;10;5;6;4;3;3
2020-05-06 19:27:59;367;124;125;55;9;10;5;6;4;3;3
2020-05-06 19:28:58;368;124;126;55;9;10;5;6;4;3;3
2020-05-06 19:29:59;368;124;127;54;9;10;5;6;4;3;3
2020-05-06 19:30:59;368;124;127;54;9;10;5;6;4;3;3
2020-05-06 19:31:58;369;125;127;54;9;10;5;6;4;3;3
2020-05-06 19:32:59;370;125;128;54;9;10;5;6;4;3;3
2020-05-06 19:33:59;370;125;128;54;9;10;5;6;4;3;3
2020-05-06 19:34:58;371;125;129;54;9;10;5;6;4;3;3
2020-05-06 19:35:59;371;125;129;54;9;10;5;6;4;3;3
2020-05-06 19:36:58;371;125;129;54;9;10;5;6;4;3;3
2020-05-06 19:37:59;371;125;129;54;9;10;5;6;4;3;3
2020-05-06 19:38:59;372;125;130;54;9;10;5;6;4;3;3
2020-05-06 19:39:58;372;125;130;54;9;10;5;6;4;3;3
2020-05-06 19:40:59;372;125;130;54;9;10;5;6;4;3;3
2020-05-06 19:41:59;372;126;130;53;9;10;5;6;4;3;3
2020-05-06 19:42:59;372;126;130;53;9;10;5;6;4;3;3
2020-05-06 19:43:58;372;126;130;53;9;10;5;6;4;3;3
2020-05-06 19:44:59;372;126;130;53;9;10;5;6;4;3;3
2020-05-06 19:45:59;373;126;130;53;10;10;5;6;4;3;3
2020-05-06 19:46:58;375;127;131;53;10;10;5;6;4;3;3
2020-05-06 19:47:59;376;128;131;53;10;10;5;6;4;3;3
2020-05-06 19:48:59;376;128;131;53;10;10;5;6;4;3;3
2020-05-06 19:49:58;376;127;132;53;10;10;5;6;4;3;3
2020-05-06 19:50:59;376;127;132;53;10;10;5;6;4;3;3
2020-05-06 19:51:59;377;127;132;53;10;10;6;6;4;3;3
2020-05-06 19:52:58;379;128;133;53;10;10;6;6;4;3;3
2020-05-06 19:53:59;379;128;133;53;10;10;6;6;4;3;3
2020-05-06 19:54:59;379;129;134;51;10;10;6;6;4;3;3
2020-05-06 19:55:58;379;129;134;51;10;10;6;6;4;3;3
2020-05-06 19:56:59;379;130;134;50;10;10;6;6;4;3;3
2020-05-06 19:57:59;379;130;134;50;10;10;6;6;4;3;3
2020-05-06 19:58:58;379;130;134;50;10;10;6;6;4;3;3
2020-05-06 19:59:59;379;130;134;50;10;10;6;6;4;3;3
2020-05-06 20:00:59;379;130;135;49;10;10;6;6;4;3;3
2020-05-06 20:01:58;380;130;136;49;10;10;6;6;4;3;3
2020-05-06 20:02:59;382;130;137;50;10;10;6;6;4;3;3
2020-05-06 20:03:59;382;130;137;50;10;10;6;6;4;3;3
2020-05-06 20:04:58;382;130;137;50;10;10;6;6;4;3;3
2020-05-06 20:05:59;383;131;138;49;10;10;6;6;4;3;3
2020-05-06 20:06:59;384;131;139;49;10;10;6;6;4;3;3
2020-05-06 20:07:58;385;132;140;48;10;10;6;6;4;3;3
2020-05-06 20:08:59;385;132;140;48;10;10;6;6;4;3;3
2020-05-06 20:09:59;386;133;140;48;10;10;6;6;4;3;3
2020-05-06 20:10:58;387;134;140;48;10;10;6;6;4;3;3
2020-05-06 20:11:59;387;134;140;48;10;10;6;6;4;3;3
2020-05-06 20:12:59;387;134;140;48;10;10;6;6;4;3;3
2020-05-06 20:13:58;387;134;140;48;10;10;6;6;4;3;3
2020-05-06 20:14:59;387;134;140;48;10;10;6;6;4;3;3
2020-05-06 20:15:59;388;134;141;48;10;10;6;6;4;3;3
2020-05-06 20:16:58;390;134;142;48;10;10;6;6;5;3;3
2020-05-06 20:17:59;390;134;142;48;10;10;6;6;5;3;3
2020-05-06 20:18:59;390;134;142;48;10;10;6;6;5;3;3
2020-05-06 20:19:58;390;133;143;48;10;10;6;6;5;3;3
2020-05-06 20:20:59;393;134;145;48;10;10;6;6;5;3;3
2020-05-06 20:21:59;394;137;145;46;10;10;6;6;5;3;3
2020-05-06 20:22:58;396;137;146;46;11;10;6;6;5;3;3
2020-05-06 20:23:59;397;137;147;46;11;10;6;6;5;3;3
2020-05-06 20:24:58;397;137;147;46;11;10;6;6;5;3;3
2020-05-06 20:25:59;397;137;147;46;11;10;6;6;5;3;3
2020-05-06 20:26:59;398;137;147;47;11;10;6;6;5;3;3
2020-05-06 20:27:59;398;137;147;47;11;10;6;6;5;3;3
2020-05-06 20:28:58;398;137;147;47;11;10;6;6;5;3;3
2020-05-06 20:29:59;400;137;149;47;11;10;6;6;5;3;3
2020-05-06 20:30:59;400;137;149;47;11;10;6;6;5;3;3
2020-05-06 20:31:58;401;137;150;47;11;10;6;6;5;3;3
2020-05-06 20:32:59;404;137;153;47;11;10;6;6;5;3;3
2020-05-06 20:33:59;405;138;153;47;11;10;6;6;5;3;3
2020-05-06 20:34:58;405;139;153;46;11;10;6;6;5;3;3
2020-05-06 20:35:59;405;139;153;46;11;10;6;6;5;3;3
2020-05-06 20:36:59;405;139;153;46;11;10;6;6;5;3;3
2020-05-06 20:37:58;405;139;153;46;11;10;6;6;5;3;3
2020-05-06 20:38:59;405;139;153;46;11;10;6;6;5;3;3
2020-05-06 20:39:58;405;139;153;46;11;10;6;6;5;3;3
2020-05-06 20:40:59;405;139;153;46;11;10;6;6;5;3;3
2020-05-06 20:41:59;406;140;153;46;11;10;6;6;5;3;3
2020-05-06 20:42:58;408;141;154;46;11;10;6;6;5;3;3
2020-05-06 20:43:59;408;141;154;46;11;10;6;6;5;3;3
2020-05-06 20:44:58;408;141;154;46;11;10;6;6;5;3;3
2020-05-06 20:45:59;408;141;154;46;11;10;6;6;5;3;3
2020-05-06 20:46:59;409;141;154;46;11;11;6;6;5;3;3
2020-05-06 20:47:59;409;142;154;45;11;11;6;6;5;3;3
2020-05-06 20:48:59;409;142;154;45;11;11;6;6;5;3;3
2020-05-06 20:49:58;409;142;154;45;11;11;6;6;5;3;3
2020-05-06 20:50:59;409;142;154;45;11;11;6;6;5;3;3
2020-05-06 20:51:59;409;142;154;45;11;11;6;6;5;3;3
2020-05-06 20:52:58;409;142;154;45;11;11;6;6;5;3;3
2020-05-06 20:53:59;409;142;154;45;11;11;6;6;5;3;3
2020-05-06 20:54:59;409;142;154;45;11;11;6;6;5;3;3
2020-05-06 20:55:58;410;142;155;45;11;11;6;6;5;3;3
2020-05-06 20:56:59;410;142;155;45;11;11;6;6;5;3;3
2020-05-06 20:57:59;410;142;155;45;11;11;6;6;5;3;3
2020-05-06 20:58:58;410;142;155;45;11;11;6;6;5;3;3
2020-05-06 20:59:59;411;142;156;45;11;11;6;6;5;3;3
2020-05-06 21:00:58;411;142;156;45;11;11;6;6;5;3;3
2020-05-06 21:01:59;412;143;157;44;11;11;6;6;5;3;3
2020-05-06 21:02:59;414;145;157;44;11;11;6;6;5;3;3
2020-05-06 21:03:58;414;145;157;44;11;11;6;6;5;3;3
2020-05-06 21:04:59;414;146;157;43;11;11;6;6;5;3;3
2020-05-06 21:05:59;416;148;157;43;11;11;6;6;5;3;3
2020-05-06 21:06:58;417;149;157;43;11;11;6;6;5;3;3
2020-05-06 21:07:59;418;150;157;43;11;11;6;6;5;3;3
2020-05-06 21:08:59;419;152;156;43;11;11;6;6;5;3;3
2020-05-06 21:09:58;420;153;156;43;11;11;6;6;5;3;3
2020-05-06 21:10:59;423;155;156;43;11;11;6;6;5;4;3
2020-05-06 21:11:59;425;156;157;43;11;11;6;6;5;4;3
2020-05-06 21:12:58;426;156;158;43;11;11;6;6;5;4;3
2020-05-06 21:13:59;427;157;158;43;11;11;6;6;5;4;3
2020-05-06 21:14:59;427;158;158;42;11;11;6;6;5;4;3
2020-05-06 21:15:58;427;158;158;42;11;11;6;6;5;4;3
2020-05-06 21:16:59;428;159;158;42;11;11;6;6;5;4;3
2020-05-06 21:17:59;428;159;158;42;11;11;6;6;5;4;3
2020-05-06 21:18:58;429;160;158;42;11;11;6;6;5;4;3
2020-05-06 21:19:59;430;160;159;42;11;11;6;6;5;4;3
2020-05-06 21:20:59;431;161;161;41;11;10;6;6;5;4;3
2020-05-06 21:21:59;431;162;161;40;11;10;6;6;5;4;3
2020-05-06 21:22:58;432;163;161;40;11;10;6;6;5;4;3
2020-05-06 21:23:59;432;163;161;40;11;10;6;6;5;4;3
2020-05-06 21:24:59;432;163;161;40;11;10;6;6;5;4;3
2020-05-06 21:25:58;433;164;161;40;11;10;6;6;5;4;3
2020-05-06 21:26:59;434;165;161;40;11;10;6;6;5;4;3
2020-05-06 21:27:59;435;166;162;39;11;10;6;6;5;4;3
2020-05-06 21:28:59;437;167;163;39;11;10;6;6;5;4;3
2020-05-06 21:29:58;437;167;163;39;11;10;6;6;5;4;3
2020-05-06 21:30:59;438;168;163;39;11;10;6;6;5;4;3
2020-05-06 21:31:59;440;169;164;39;11;10;6;6;5;4;3
2020-05-06 21:32:58;443;170;166;39;11;10;6;6;5;4;3
2020-05-06 21:33:59;444;171;166;39;11;10;6;6;5;4;3
2020-05-06 21:34:59;446;172;167;39;11;10;6;6;5;4;3
2020-05-06 21:35:58;447;173;167;39;11;10;6;6;5;4;3
2020-05-06 21:36:59;447;173;167;39;11;10;6;6;5;4;3
2020-05-06 21:37:59;448;173;168;39;11;10;6;6;5;4;3
2020-05-06 21:38:58;449;173;169;39;11;10;6;6;5;4;3
2020-05-06 21:39:59;451;173;171;39;11;10;6;6;5;4;3
2020-05-06 21:40:59;452;173;172;39;11;10;6;6;5;4;3
2020-05-06 21:41:58;454;175;173;38;11;10;6;6;5;4;3
2020-05-06 21:42:59;456;176;174;38;11;10;6;6;5;4;3
2020-05-06 21:43:59;459;176;177;38;11;10;6;6;5;4;3
2020-05-06 21:44:58;462;176;180;38;11;10;6;6;5;4;3
2020-05-06 21:45:59;462;176;180;38;11;10;6;6;5;4;3
2020-05-06 21:46:59;463;176;181;38;11;10;6;6;5;4;3
2020-05-06 21:47:58;464;177;181;38;11;10;6;6;5;4;3
2020-05-06 21:48:59;466;179;181;38;11;10;6;6;5;4;3
2020-05-06 21:49:58;467;180;181;38;11;10;6;6;5;4;3
2020-05-06 21:50:59;468;181;181;38;11;10;6;6;5;4;3
2020-05-06 21:51:59;469;182;181;38;11;10;6;6;5;4;3
2020-05-06 21:52:58;469;182;181;38;11;10;6;6;5;4;3
2020-05-06 21:53:59;470;182;182;38;11;10;6;6;5;4;3
2020-05-06 21:54:59;471;183;183;37;11;10;6;6;5;4;3
2020-05-06 21:55:59;471;184;182;37;11;10;6;6;5;4;3
2020-05-06 21:56:58;471;185;181;37;11;10;6;6;5;4;3
2020-05-06 21:57:59;472;186;181;37;11;10;6;6;5;4;3
2020-05-06 21:58:59;474;186;183;37;11;10;6;6;5;4;3
2020-05-06 21:59:58;474;186;183;37;11;10;6;6;5;4;3
2020-05-06 22:00:59;474;186;183;37;11;10;6;6;5;4;3
2020-05-06 22:01:58;474;186;183;37;11;10;6;6;5;4;3
2020-05-06 22:02:59;474;186;183;37;11;10;6;6;5;4;3
2020-05-06 22:03:59;474;186;183;37;11;10;6;6;5;4;3
2020-05-06 22:04:58;474;186;183;37;11;10;6;6;5;4;3
2020-05-06 22:05:59;475;186;184;37;11;10;6;6;5;4;3
2020-05-06 22:06:59;475;186;184;37;11;10;6;6;5;4;3
2020-05-06 22:07:58;475;187;184;36;11;10;6;6;5;4;3
2020-05-06 22:08:59;475;187;184;36;11;10;6;6;5;4;3
2020-05-06 22:09:59;476;187;185;36;11;10;6;6;5;4;3
2020-05-06 22:10:58;476;187;185;36;11;10;6;6;5;4;3
2020-05-06 22:11:59;476;187;186;36;11;10;6;6;4;4;3
2020-05-06 22:12:59;478;188;187;36;11;10;6;6;4;4;3
2020-05-06 22:13:59;478;188;187;36;11;10;6;6;4;4;3
2020-05-06 22:14:58;478;188;187;36;11;10;6;6;4;4;3
2020-05-06 22:15:59;478;188;187;36;11;10;6;6;4;4;3
2020-05-06 22:16:59;480;188;189;36;11;10;6;6;4;4;3
2020-05-06 22:17:58;480;188;189;36;11;10;6;6;4;4;3
2020-05-06 22:18:59;481;188;190;36;11;10;6;6;4;4;3
2020-05-06 22:19:58;481;188;190;36;11;10;6;6;4;4;3
2020-05-06 22:20:59;482;188;191;36;11;10;6;6;4;4;3
2020-05-06 22:21:59;483;188;192;36;11;10;6;6;4;4;3
2020-05-06 22:22:58;483;188;192;36;11;10;6;6;4;4;3
2020-05-06 22:23:59;483;188;192;36;11;10;6;6;4;4;3
2020-05-06 22:24:58;483;188;192;36;11;10;6;6;4;4;3
2020-05-06 22:25:59;484;188;193;36;11;10;6;6;4;4;3
2020-05-06 22:26:59;484;188;193;36;11;10;6;6;4;4;3
2020-05-06 22:27:59;488;188;196;36;11;10;7;6;4;4;3
2020-05-06 22:28:58;488;188;196;36;11;10;7;6;4;4;3
2020-05-06 22:29:59;489;188;197;36;11;10;7;6;4;4;3
2020-05-06 22:30:59;491;191;196;36;11;10;7;6;4;4;3
2020-05-06 22:31:58;491;191;196;36;11;10;7;6;4;4;3
2020-05-06 22:32:59;491;191;196;36;11;10;7;6;4;4;3
2020-05-06 22:33:58;491;191;196;36;11;10;7;6;4;4;3
2020-05-06 22:34:59;492;192;196;36;11;10;7;6;4;4;3
2020-05-06 22:35:59;492;192;196;36;11;10;7;6;4;4;3
2020-05-06 22:36:58;492;192;196;36;11;10;7;6;4;4;3
2020-05-06 22:37:59;493;192;197;36;11;10;7;6;4;4;3
2020-05-06 22:38:58;495;193;198;36;11;10;7;6;4;4;3
2020-05-06 22:39:59;495;193;198;36;11;10;7;6;4;4;3
2020-05-06 22:40:59;496;194;198;36;11;10;7;6;4;4;3
2020-05-06 22:41:58;497;196;197;36;11;10;7;6;4;4;3
2020-05-06 22:42:59;498;197;197;36;11;10;7;6;4;4;3
2020-05-06 22:43:58;499;198;197;36;11;10;7;6;4;4;3
2020-05-06 22:44:59;500;199;197;36;11;10;7;6;4;4;3
2020-05-06 22:45:59;501;199;198;36;11;10;7;6;4;4;3
2020-05-06 22:46:59;502;199;199;36;11;10;7;6;4;4;3
2020-05-06 22:47:58;503;199;200;36;11;10;7;6;4;4;3
2020-05-06 22:48:59;505;200;201;36;11;10;7;6;4;4;3
2020-05-06 22:49:59;507;202;201;36;11;10;7;6;4;4;3
2020-05-06 22:50:58;508;203;201;36;11;10;7;6;4;4;3
2020-05-06 22:51:59;511;205;202;36;11;10;7;6;4;4;3
2020-05-06 22:52:59;513;206;203;36;11;10;7;6;4;4;3
2020-05-06 22:53:58;514;206;203;37;11;10;7;6;4;4;3
2020-05-06 22:54:59;514;206;203;37;11;10;7;6;4;4;3
2020-05-06 22:55:58;515;207;203;37;11;10;7;6;4;4;3
2020-05-06 22:56:59;516;207;204;37;11;10;7;6;4;4;3
2020-05-06 22:57:59;518;207;206;37;11;10;7;6;4;4;3
2020-05-06 22:58:58;518;208;205;37;11;10;7;6;4;4;3
2020-05-06 22:59:59;518;208;205;37;11;10;7;6;4;4;3
2020-05-06 23:00:59;519;208;206;37;11;10;7;6;4;4;3
2020-05-06 23:01:58;521;209;207;37;11;10;7;6;4;4;3
2020-05-06 23:02:59;521;209;207;37;11;10;7;6;4;4;3
2020-05-06 23:04:00;522;210;207;37;11;10;7;6;4;4;3
2020-05-06 23:04:58;523;210;208;37;11;10;7;6;4;4;3
2020-05-06 23:05:59;524;210;209;37;11;10;7;6;4;4;3
2020-05-06 23:06:59;525;210;210;37;11;10;7;6;4;4;3
2020-05-06 23:07:58;526;210;211;37;11;10;7;6;4;4;3
2020-05-06 23:08:59;526;210;211;37;11;10;7;6;4;4;3
2020-05-06 23:09:59;528;211;212;37;11;10;7;6;4;4;3
2020-05-06 23:10:58;528;211;212;37;11;10;7;6;4;4;3
2020-05-06 23:11:59;528;211;212;37;11;10;7;6;4;4;3
2020-05-06 23:12:59;529;213;212;37;11;10;7;6;4;4;3
2020-05-06 23:13:58;530;214;212;37;11;10;7;6;4;4;3
2020-05-06 23:14:59;530;215;211;37;11;10;7;6;4;4;3
2020-05-06 23:15:59;530;215;211;37;11;10;7;6;4;4;3
2020-05-06 23:16:58;532;215;213;37;11;10;7;6;4;4;3
2020-05-06 23:17:59;533;215;214;37;11;10;7;6;4;4;3
2020-05-06 23:18:59;533;215;214;37;11;10;7;6;4;4;3
2020-05-06 23:19:58;533;215;214;37;11;10;7;6;4;4;3
2020-05-06 23:20:59;534;215;215;37;11;10;7;6;4;4;3
2020-05-06 23:21:59;534;215;215;37;11;10;7;6;4;4;3
2020-05-06 23:22:58;534;215;215;37;11;10;7;6;4;4;3
2020-05-06 23:23:59;535;216;215;37;11;10;7;6;4;4;3
2020-05-06 23:24:59;535;216;215;37;11;10;7;6;4;4;3
2020-05-06 23:25:58;536;216;216;37;11;10;7;6;4;4;3
2020-05-06 23:26:59;536;216;216;37;11;10;7;6;4;4;3
2020-05-06 23:27:59;536;216;216;37;11;10;7;6;4;4;3
2020-05-06 23:28:58;537;217;216;37;11;10;7;6;4;4;3
2020-05-06 23:29:59;537;217;216;37;11;10;7;6;4;4;3
2020-05-06 23:30:58;538;217;217;37;11;10;7;6;4;4;3
2020-05-06 23:31:59;539;218;217;37;11;10;7;6;4;4;3
2020-05-06 23:32:59;539;218;217;37;11;10;7;6;4;4;3
2020-05-06 23:33:58;540;218;218;37;11;10;7;6;4;4;3
2020-05-06 23:34:59;540;218;218;37;11;10;7;6;4;4;3
2020-05-06 23:35:59;540;218;218;37;11;10;7;6;4;4;3
2020-05-06 23:36:58;541;218;219;37;11;10;7;6;4;4;3
2020-05-06 23:37:59;542;220;219;37;11;9;7;6;4;4;3
2020-05-06 23:38:59;542;220;219;37;11;9;7;6;4;4;3
2020-05-06 23:39:58;542;220;219;37;11;9;7;6;4;4;3
2020-05-06 23:40:59;544;221;221;36;11;9;7;6;4;4;3
2020-05-06 23:41:59;545;222;221;36;11;9;7;6;4;4;3
2020-05-06 23:42:58;544;222;222;34;11;9;7;6;4;4;3
2020-05-06 23:43:59;545;222;223;34;11;9;7;6;4;4;3
2020-05-06 23:44:59;546;222;224;34;11;9;7;6;4;4;3
2020-05-06 23:45:58;546;222;224;34;11;9;7;6;4;4;3
2020-05-06 23:46:59;546;222;224;34;11;9;7;6;4;4;3
2020-05-06 23:47:59;547;223;224;34;11;9;7;6;4;4;3
2020-05-06 23:48:58;547;223;224;34;11;9;7;6;4;4;3
2020-05-06 23:49:59;549;223;226;34;11;9;7;6;4;4;3
2020-05-06 23:50:59;550;223;227;34;11;9;7;6;4;4;3
2020-05-06 23:51:58;551;223;228;34;11;9;7;6;4;4;3
2020-05-06 23:52:59;553;224;229;34;11;9;7;6;4;4;3
2020-05-06 23:53:59;556;227;229;34;11;9;7;6;4;4;3
2020-05-06 23:54:59;556;229;228;33;11;9;7;6;4;4;3
2020-05-06 23:55:58;560;233;228;33;11;9;7;6;4;4;3
2020-05-06 23:56:59;558;240;219;33;11;9;7;6;4;4;3
2020-05-06 23:57:58;561;240;222;33;11;9;7;6;4;4;3
2020-05-06 23:58:59;560;239;222;33;11;9;7;6;4;4;3
2020-05-06 23:59:59;560;239;222;33;11;9;7;6;4;4;3
