datetime;total_votes;Rumpelstilzchen;navalny;shamanka2_0;KOCTOPE3;Есения;ruweb;quick_justice;mahinaci9;kotophalk;Trudofobique
2020-10-07 00:00:59;0;1;0;0;0;0;0;0;0;0;0
2020-10-07 00:01:58;2;2;0;0;0;0;0;0;0;0;0
2020-10-07 00:02:59;3;2;0;0;0;0;0;0;0;0;1
2020-10-07 00:03:59;4;3;0;0;0;0;0;0;0;0;1
2020-10-07 00:04:58;4;3;0;0;0;0;0;0;0;0;1
2020-10-07 00:05:59;4;3;0;0;0;0;0;0;0;0;1
2020-10-07 00:06:59;6;5;0;0;0;0;0;0;0;0;1
2020-10-07 00:07:58;8;6;0;0;0;0;0;0;0;0;2
2020-10-07 00:08:59;8;6;0;0;0;0;0;0;0;0;2
2020-10-07 00:09:59;9;6;0;1;0;0;0;0;0;0;2
2020-10-07 00:10:58;10;6;0;2;0;0;0;0;0;0;2
2020-10-07 00:11:59;10;6;0;2;0;0;0;0;0;0;2
2020-10-07 00:12:59;11;6;0;2;0;0;0;0;0;0;2
2020-10-07 00:13:58;11;6;0;2;0;0;0;0;0;0;2
2020-10-07 00:14:59;12;6;0;2;0;0;0;1;0;0;2
2020-10-07 00:15:59;12;6;0;2;0;0;0;1;0;0;2
2020-10-07 00:16:58;14;7;1;2;0;0;0;1;0;0;2
2020-10-07 00:17:59;14;7;1;2;0;0;0;1;0;0;2
2020-10-07 00:18:59;14;7;1;2;0;0;0;1;0;0;2
2020-10-07 00:19:58;14;7;1;2;0;0;0;1;0;0;2
2020-10-07 00:20:59;15;8;1;2;0;0;0;1;0;0;2
2020-10-07 00:21:59;16;9;1;2;0;0;0;1;0;0;2
2020-10-07 00:22:58;16;9;1;2;0;0;0;1;0;0;2
2020-10-07 00:23:59;17;10;1;2;0;0;0;1;0;0;2
2020-10-07 00:24:59;17;10;1;2;0;0;0;1;0;0;2
2020-10-07 00:25:58;17;10;1;2;0;0;0;1;0;0;2
2020-10-07 00:26:59;17;10;1;2;0;0;0;1;0;0;2
2020-10-07 00:27:59;18;10;1;2;0;0;0;1;0;1;2
2020-10-07 00:28:58;18;10;1;2;0;0;0;1;0;1;2
2020-10-07 00:29:59;19;11;1;2;0;0;0;1;0;1;2
2020-10-07 00:30:58;19;11;1;2;0;0;0;1;0;1;2
2020-10-07 00:31:59;20;12;1;2;0;0;0;1;0;1;2
2020-10-07 00:32:59;21;12;1;2;0;0;0;1;0;1;2
2020-10-07 00:33:58;21;12;1;2;0;0;0;1;0;1;2
2020-10-07 00:34:59;22;12;1;2;0;0;0;2;0;1;2
2020-10-07 00:35:59;22;12;1;2;0;0;0;2;0;1;2
2020-10-07 00:36:58;22;12;1;2;0;0;0;2;0;1;2
2020-10-07 00:37:59;22;12;1;2;0;0;0;2;0;1;2
2020-10-07 00:38:59;23;13;1;2;0;0;0;2;0;1;2
2020-10-07 00:39:58;23;13;1;2;0;0;0;2;0;1;2
2020-10-07 00:40:59;24;14;1;2;0;0;0;2;0;1;2
2020-10-07 00:41:59;24;14;1;2;0;0;0;2;0;1;2
2020-10-07 00:42:58;24;14;1;2;0;0;0;2;0;1;2
2020-10-07 00:43:59;24;14;1;2;0;0;0;2;0;1;2
2020-10-07 00:44:59;25;14;2;2;0;0;0;2;0;1;2
2020-10-07 00:45:58;25;14;2;2;0;0;0;2;0;1;2
2020-10-07 00:46:59;25;14;2;2;0;0;0;2;0;1;2
2020-10-07 00:47:59;26;14;2;2;1;0;0;2;0;1;2
2020-10-07 00:48:58;27;14;2;2;1;1;0;2;0;1;2
2020-10-07 00:49:59;28;14;2;2;1;1;0;2;0;1;2
2020-10-07 00:50:59;28;14;2;2;1;1;0;2;0;1;2
2020-10-07 00:51:58;28;14;2;2;1;1;0;2;0;1;2
2020-10-07 00:52:59;28;14;2;2;1;1;0;2;0;1;2
2020-10-07 00:53:59;28;14;2;2;1;1;0;2;0;1;2
2020-10-07 00:54:58;28;14;2;2;1;1;0;2;0;1;2
2020-10-07 00:55:59;28;14;2;2;1;1;0;2;0;1;2
2020-10-07 00:56:59;28;14;2;2;1;1;0;2;0;1;2
2020-10-07 00:57:58;28;14;2;2;1;1;0;2;0;1;2
2020-10-07 00:58:59;28;14;2;2;1;1;0;2;0;1;2
2020-10-07 00:59:59;30;15;2;2;2;1;0;2;0;1;2
2020-10-07 01:01:00;30;15;2;2;2;1;0;2;0;1;2
2020-10-07 01:01:58;31;15;2;2;2;0;0;2;0;1;2
2020-10-07 01:02:59;32;15;2;3;2;0;0;2;0;1;2
2020-10-07 01:03:58;32;15;2;2;2;0;0;2;0;1;2
2020-10-07 01:04:59;32;15;2;2;2;0;0;2;0;1;2
2020-10-07 01:05:59;32;15;2;2;2;0;0;2;0;1;2
2020-10-07 01:06:58;33;16;2;2;2;0;0;2;0;1;2
2020-10-07 01:07:59;33;16;2;2;2;0;0;2;0;1;2
2020-10-07 01:08:58;33;16;2;2;2;0;0;2;0;1;2
2020-10-07 01:09:59;34;16;2;2;2;1;0;2;0;1;2
2020-10-07 01:10:59;34;16;2;2;2;1;0;2;0;1;2
2020-10-07 01:11:58;34;16;2;2;2;1;0;2;0;1;2
2020-10-07 01:12:59;34;16;2;2;2;1;0;2;0;1;2
2020-10-07 01:13:59;35;17;2;2;2;1;0;2;0;1;2
2020-10-07 01:14:58;35;17;2;2;2;1;0;2;0;1;2
2020-10-07 01:15:59;35;17;2;2;2;1;0;2;0;1;2
2020-10-07 01:16:59;36;18;2;2;2;1;0;2;0;1;2
2020-10-07 01:17:58;36;18;2;2;2;1;0;2;0;1;2
2020-10-07 01:18:59;36;18;2;2;2;1;0;2;0;1;2
2020-10-07 01:19:59;36;18;2;2;2;1;0;2;0;1;2
2020-10-07 01:20:58;36;18;2;2;2;1;0;2;0;1;2
2020-10-07 01:21:59;36;18;2;2;2;1;0;2;0;1;2
2020-10-07 01:22:58;36;18;2;2;2;1;0;2;0;1;2
2020-10-07 01:23:59;36;18;2;2;2;1;0;2;0;1;2
2020-10-07 01:24:59;37;18;3;2;2;1;0;2;0;1;2
2020-10-07 01:25:58;37;18;3;2;2;1;0;2;0;1;2
2020-10-07 01:26:59;37;18;3;2;2;1;0;2;0;1;2
2020-10-07 01:27:59;37;18;3;2;2;1;0;2;0;1;2
2020-10-07 01:28:58;38;19;3;2;2;1;0;2;0;1;2
2020-10-07 01:29:59;38;19;3;2;2;1;0;2;0;1;2
2020-10-07 01:30:59;39;19;3;2;2;1;0;3;0;1;2
2020-10-07 01:31:59;39;19;3;2;2;1;0;3;0;1;2
2020-10-07 01:32:58;39;19;3;2;2;1;0;3;0;1;2
2020-10-07 01:33:59;39;19;3;2;2;1;0;3;0;1;2
2020-10-07 01:34:58;39;19;3;2;2;1;0;3;0;1;2
2020-10-07 01:35:59;39;19;3;2;2;1;0;3;0;1;2
2020-10-07 01:36:59;39;19;3;2;2;1;0;3;0;1;2
2020-10-07 01:37:58;39;19;3;2;2;1;0;3;0;1;2
2020-10-07 01:38:59;39;19;3;2;2;1;0;3;0;1;2
2020-10-07 01:39:59;39;19;3;2;2;1;0;3;0;1;2
2020-10-07 01:40:58;39;19;3;2;2;1;0;3;0;1;2
2020-10-07 01:41:59;39;19;3;2;2;1;0;3;0;1;2
2020-10-07 01:42:59;39;19;3;2;2;1;0;3;0;1;2
2020-10-07 01:43:58;39;19;3;2;2;1;0;3;0;1;2
2020-10-07 01:44:59;39;19;3;2;2;1;0;3;0;1;2
2020-10-07 01:45:59;39;19;3;2;2;1;0;3;0;1;2
2020-10-07 01:46:58;39;19;3;2;2;1;0;3;0;1;2
2020-10-07 01:47:59;39;19;3;2;2;1;0;3;0;1;2
2020-10-07 01:48:59;39;19;3;2;2;1;0;3;0;1;2
2020-10-07 01:49:58;39;19;3;2;2;1;0;3;0;1;2
2020-10-07 01:50:59;39;19;3;2;2;1;0;3;0;1;2
2020-10-07 01:51:59;39;19;3;2;2;1;0;3;0;1;2
2020-10-07 01:52:58;39;19;3;2;2;1;0;3;0;1;2
2020-10-07 01:53:59;39;19;3;2;2;1;0;3;0;1;2
2020-10-07 01:54:59;39;19;3;2;2;1;0;3;0;1;2
2020-10-07 01:55:58;39;19;3;2;2;1;0;3;0;1;2
2020-10-07 01:56:59;39;19;3;2;2;1;0;3;0;1;2
2020-10-07 01:57:59;39;19;3;2;2;1;0;3;0;1;2
2020-10-07 01:58:58;39;19;3;2;2;1;0;3;0;1;2
2020-10-07 01:59:59;39;19;3;2;2;1;0;3;0;1;2
2020-10-07 02:00:59;39;19;3;2;2;1;0;3;0;1;2
2020-10-07 02:01:58;39;19;3;2;2;1;0;3;0;1;2
2020-10-07 02:02:59;40;19;3;2;2;1;0;3;0;1;2
2020-10-07 02:03:58;40;19;3;2;2;1;0;3;0;1;2
2020-10-07 02:04:59;40;19;3;2;2;1;0;3;0;1;2
2020-10-07 02:05:59;40;19;3;2;2;1;0;3;0;1;2
2020-10-07 02:07:00;40;19;3;2;2;1;0;3;0;1;2
2020-10-07 02:07:58;41;19;3;2;2;1;0;3;0;1;3
2020-10-07 02:08:59;41;19;3;2;2;1;0;3;0;1;3
2020-10-07 02:09:59;41;19;3;2;2;1;0;3;0;1;3
2020-10-07 02:10:58;41;19;3;2;2;1;0;3;0;1;3
2020-10-07 02:11:59;41;19;3;2;2;1;0;3;0;1;3
2020-10-07 02:12:59;41;19;3;2;2;1;0;3;0;1;3
2020-10-07 02:13:58;41;19;3;2;2;1;0;3;0;1;3
2020-10-07 02:14:59;41;19;3;2;2;1;0;3;0;1;3
2020-10-07 02:15:59;41;19;3;2;2;1;0;3;0;1;3
2020-10-07 02:16:58;41;19;3;2;2;1;0;3;0;1;3
2020-10-07 02:17:59;41;19;3;2;2;1;0;3;0;1;3
2020-10-07 02:18:59;41;19;3;2;2;1;0;3;0;1;3
2020-10-07 02:19:58;41;19;3;2;2;1;0;3;0;1;3
2020-10-07 02:20:59;41;19;3;2;2;1;0;3;0;1;3
2020-10-07 02:21:59;41;19;3;2;2;1;0;3;0;1;3
2020-10-07 02:22:58;41;19;3;2;2;1;0;3;0;1;3
2020-10-07 02:23:59;41;19;3;2;2;1;0;3;0;1;3
2020-10-07 02:24:59;41;19;3;2;2;1;0;3;0;1;3
2020-10-07 02:25:58;42;19;4;2;2;1;0;3;0;1;3
2020-10-07 02:26:59;42;19;4;2;2;1;0;3;0;1;3
2020-10-07 02:27:59;42;19;4;2;2;1;0;3;0;1;3
2020-10-07 02:28:58;42;19;4;2;2;1;0;3;0;1;3
2020-10-07 02:29:59;42;19;4;2;2;1;0;3;0;1;3
2020-10-07 02:30:59;42;19;4;2;2;1;0;3;0;1;3
2020-10-07 02:31:59;42;19;4;2;2;1;0;3;0;1;3
2020-10-07 02:32:58;42;19;4;2;2;1;0;3;0;1;3
2020-10-07 02:33:59;42;19;4;2;2;1;0;3;0;1;3
2020-10-07 02:34:59;43;19;5;2;2;1;0;3;0;1;3
2020-10-07 02:35:58;43;19;5;2;2;1;0;3;0;1;3
2020-10-07 02:36:59;43;19;5;2;2;1;0;3;0;1;3
2020-10-07 02:37:59;43;19;5;2;2;1;0;3;0;1;3
2020-10-07 02:38:58;43;19;5;2;2;1;0;3;0;1;3
2020-10-07 02:39:59;43;19;5;2;2;1;0;3;0;1;3
2020-10-07 02:40:59;43;19;5;2;2;1;0;3;0;1;3
2020-10-07 02:41:58;43;19;5;2;2;1;0;3;0;1;3
2020-10-07 02:42:59;43;19;5;2;2;1;0;3;0;1;3
2020-10-07 02:43:59;43;19;5;2;2;1;0;3;0;1;3
2020-10-07 02:44:58;43;19;5;2;2;1;0;3;0;1;3
2020-10-07 02:45:59;43;19;5;2;2;1;0;3;0;1;3
2020-10-07 02:46:59;43;19;5;2;2;1;0;3;0;1;3
2020-10-07 02:47:58;43;19;5;2;2;1;0;3;0;1;3
2020-10-07 02:48:59;43;19;5;2;2;1;0;3;0;1;3
2020-10-07 02:49:59;43;19;5;2;2;1;0;3;0;1;3
2020-10-07 02:50:58;43;19;5;2;2;1;0;3;0;1;3
2020-10-07 02:51:59;43;19;5;2;2;1;0;3;0;1;3
2020-10-07 02:52:59;43;19;5;2;2;1;0;3;0;1;3
2020-10-07 02:53:58;43;19;5;2;2;1;0;3;0;1;3
2020-10-07 02:54:59;43;19;5;2;2;1;0;3;0;1;3
2020-10-07 02:55:59;42;19;5;2;2;1;0;2;0;1;3
2020-10-07 02:56:58;42;19;5;2;2;1;0;2;0;1;3
2020-10-07 02:57:59;42;19;5;2;2;1;0;2;0;1;3
2020-10-07 02:58:58;42;19;5;2;2;1;0;2;0;1;3
2020-10-07 02:59:59;42;19;5;2;2;1;0;2;0;1;3
2020-10-07 03:00:59;42;19;5;2;2;1;0;2;0;1;3
2020-10-07 03:02:00;42;19;5;2;2;1;0;2;0;1;3
2020-10-07 03:02:58;42;19;5;2;2;1;0;2;0;1;3
2020-10-07 03:03:59;42;19;5;2;2;1;0;2;0;1;3
2020-10-07 03:04:59;42;19;5;2;2;1;0;2;0;1;3
2020-10-07 03:05:58;42;19;5;2;2;1;0;2;0;1;3
2020-10-07 03:06:59;42;19;5;2;2;1;0;2;0;1;3
2020-10-07 03:07:59;42;19;5;2;2;1;0;2;0;1;3
2020-10-07 03:08:58;42;19;5;2;2;1;0;2;0;1;3
2020-10-07 03:09:59;42;19;5;2;2;1;0;2;0;1;3
2020-10-07 03:10:59;42;19;5;2;2;1;0;2;0;1;3
2020-10-07 03:11:58;42;19;5;2;2;1;0;2;0;1;3
2020-10-07 03:12:59;42;19;5;2;2;1;0;2;0;1;3
2020-10-07 03:13:59;42;19;5;2;2;1;0;2;0;1;3
2020-10-07 03:14:58;43;19;5;2;2;1;0;2;0;0;3
2020-10-07 03:15:59;43;19;5;2;2;1;0;2;0;0;3
2020-10-07 03:17:00;43;19;5;2;2;1;0;2;0;0;3
2020-10-07 03:17:58;43;19;5;2;2;1;0;2;0;0;3
2020-10-07 03:18:59;43;19;5;2;2;1;0;2;0;0;3
2020-10-07 03:19:58;43;19;5;2;2;1;0;2;0;0;3
2020-10-07 03:20:59;43;19;5;2;2;1;0;2;0;0;3
2020-10-07 03:21:59;43;19;5;2;2;1;0;2;0;0;3
2020-10-07 03:22:58;43;19;5;2;2;1;0;2;0;0;3
2020-10-07 03:23:59;43;19;5;2;2;1;0;2;0;0;3
2020-10-07 03:24:59;43;19;5;2;2;1;0;2;0;0;3
2020-10-07 03:25:58;43;19;5;2;2;1;0;2;0;0;3
2020-10-07 03:26:59;44;20;5;2;2;1;0;2;0;0;3
2020-10-07 03:27:59;45;20;5;2;2;1;0;3;0;0;3
2020-10-07 03:28:58;45;20;5;2;2;1;0;3;0;0;3
2020-10-07 03:29:59;45;20;5;2;2;1;0;3;0;0;3
2020-10-07 03:30:59;45;20;5;2;2;1;0;3;0;0;3
2020-10-07 03:31:58;45;20;5;2;2;1;0;3;0;0;3
2020-10-07 03:32:59;45;20;5;2;2;1;0;3;0;0;3
2020-10-07 03:33:58;45;20;5;2;2;1;0;3;0;0;3
2020-10-07 03:34:59;45;20;5;2;2;1;0;3;0;0;3
2020-10-07 03:35:59;45;20;5;2;2;1;0;3;0;0;3
2020-10-07 03:36:58;45;20;5;2;2;1;0;3;0;0;3
2020-10-07 03:37:59;45;20;5;2;2;1;0;3;0;0;3
2020-10-07 03:38:58;45;20;5;2;2;1;0;3;0;0;3
2020-10-07 03:39:59;45;20;5;2;2;1;0;3;0;0;3
2020-10-07 03:40:59;45;20;5;2;2;1;0;3;0;0;3
2020-10-07 03:41:58;45;20;5;2;2;1;0;3;0;0;3
2020-10-07 03:42:59;45;20;5;2;2;1;0;3;0;0;3
2020-10-07 03:43:59;45;20;5;2;2;1;0;3;0;0;3
2020-10-07 03:44:58;45;20;5;2;2;1;0;3;0;0;3
2020-10-07 03:45:59;45;20;5;2;2;1;0;3;0;0;3
2020-10-07 03:46:59;45;20;5;2;2;1;0;3;0;0;3
2020-10-07 03:47:58;45;20;5;2;2;1;0;3;0;0;3
2020-10-07 03:48:59;45;20;5;2;2;1;0;3;0;0;3
2020-10-07 03:49:59;45;20;5;2;2;1;0;3;0;0;3
2020-10-07 03:50:58;45;20;5;2;2;1;0;3;0;0;3
2020-10-07 03:51:59;45;20;5;2;2;1;0;3;0;0;3
2020-10-07 03:52:59;45;20;5;2;2;1;0;3;0;0;3
2020-10-07 03:53:58;45;20;5;2;2;1;0;3;0;0;3
2020-10-07 03:54:59;45;20;5;2;2;1;0;3;0;0;3
2020-10-07 03:56:00;45;20;5;2;2;1;0;3;0;0;3
2020-10-07 03:56:58;45;20;5;2;2;1;0;3;0;0;3
2020-10-07 03:57:59;45;20;5;2;2;1;0;3;0;0;3
2020-10-07 03:58:58;45;20;5;2;2;1;0;3;0;0;3
2020-10-07 03:59:59;45;20;5;2;2;1;0;3;0;0;3
2020-10-07 04:00:59;45;20;5;2;2;1;0;3;0;0;3
2020-10-07 04:01:58;45;20;5;2;2;1;0;3;0;0;3
2020-10-07 04:02:59;45;20;5;2;2;1;0;3;0;0;3
2020-10-07 04:03:59;45;20;5;2;2;1;0;3;0;0;3
2020-10-07 04:04:58;45;20;5;2;2;1;0;3;0;0;3
2020-10-07 04:05:59;45;20;5;2;2;1;0;3;0;0;3
2020-10-07 04:06:59;45;20;5;2;2;1;0;3;0;0;3
2020-10-07 04:07:58;45;20;5;2;2;1;0;3;0;0;3
2020-10-07 04:08:59;45;20;5;2;2;1;0;3;0;0;3
2020-10-07 04:09:59;45;20;5;2;2;1;0;3;0;0;3
2020-10-07 04:10:58;45;20;5;2;2;1;0;3;0;0;3
2020-10-07 04:11:59;45;20;5;2;2;1;0;3;0;0;3
2020-10-07 04:12:59;45;20;5;2;2;1;0;3;0;0;3
2020-10-07 04:13:58;45;20;5;2;2;1;0;3;0;0;3
2020-10-07 04:14:59;45;20;5;2;2;1;0;3;0;0;3
2020-10-07 04:15:59;45;20;5;2;2;1;0;3;0;0;3
2020-10-07 04:16:58;45;20;5;2;2;1;0;3;0;0;3
2020-10-07 04:17:59;45;20;5;2;2;1;0;3;0;0;3
2020-10-07 04:18:59;45;20;5;2;2;1;0;3;0;0;3
2020-10-07 04:19:58;45;20;5;2;2;1;0;3;0;0;3
2020-10-07 04:20:59;45;20;5;2;2;1;0;3;0;0;3
2020-10-07 04:21:59;45;20;5;2;2;1;0;3;0;0;3
2020-10-07 04:22:58;45;20;5;2;2;1;0;3;0;0;3
2020-10-07 04:23:59;45;20;5;2;2;1;0;3;0;0;3
2020-10-07 04:24:58;45;20;5;2;2;1;0;3;0;0;3
2020-10-07 04:25:59;45;20;5;2;2;1;0;3;0;0;3
2020-10-07 04:26:59;45;20;5;2;2;1;0;3;0;0;3
2020-10-07 04:28:00;45;20;5;2;2;1;0;3;0;0;3
2020-10-07 04:28:58;45;20;5;2;2;1;0;3;0;0;3
2020-10-07 04:29:59;45;20;5;2;2;1;0;3;0;0;3
2020-10-07 04:31:00;45;20;5;2;2;1;0;3;0;0;3
2020-10-07 04:31:58;45;20;5;2;2;1;0;3;0;0;3
2020-10-07 04:32:59;45;20;5;2;2;1;0;3;0;0;3
2020-10-07 04:33:58;45;20;5;2;2;1;0;3;0;0;3
2020-10-07 04:34:59;45;20;5;2;2;1;0;3;0;0;3
2020-10-07 04:35:58;45;20;5;2;2;1;0;3;0;0;3
2020-10-07 04:36:59;46;20;5;2;2;0;1;3;0;0;3
2020-10-07 04:37:58;46;20;5;2;2;0;1;3;0;0;3
2020-10-07 04:38:59;46;20;5;2;2;0;1;3;0;0;3
2020-10-07 04:39:59;46;20;5;2;2;0;1;3;0;0;3
2020-10-07 04:40:58;46;20;5;2;2;0;1;3;0;0;3
2020-10-07 04:41:59;46;20;5;2;2;0;1;3;0;0;3
2020-10-07 04:42:59;46;20;5;2;2;0;1;3;0;0;3
2020-10-07 04:43:58;46;20;5;2;2;0;1;3;0;0;3
2020-10-07 04:44:59;46;20;5;2;2;0;1;3;0;0;3
2020-10-07 04:45:58;46;20;5;2;2;0;1;3;0;0;3
2020-10-07 04:46:59;46;20;5;2;2;0;1;3;0;0;3
2020-10-07 04:47:58;46;20;5;2;2;0;1;3;0;0;3
2020-10-07 04:48:59;46;20;5;2;2;0;1;3;0;0;3
2020-10-07 04:49:59;46;20;5;2;2;0;1;3;0;0;3
2020-10-07 04:50:58;46;20;5;2;2;0;1;3;0;0;3
2020-10-07 04:51:59;46;20;5;2;2;0;1;3;0;0;3
2020-10-07 04:52:59;46;20;5;2;2;0;1;3;0;0;3
2020-10-07 04:53:58;46;20;5;2;2;0;1;3;0;0;3
2020-10-07 04:54:59;46;20;5;2;2;0;1;3;0;0;3
2020-10-07 04:55:58;46;20;5;2;2;0;1;3;0;0;3
2020-10-07 04:56:59;46;20;5;2;2;0;1;3;0;0;3
2020-10-07 04:57:59;46;20;5;2;2;0;1;3;0;0;3
2020-10-07 04:58:58;46;20;5;2;2;0;1;3;0;0;3
2020-10-07 04:59:59;46;20;5;2;2;0;1;3;0;0;3
2020-10-07 05:00:59;46;20;5;2;2;0;1;3;0;0;3
2020-10-07 05:01:58;46;20;5;2;2;0;1;3;0;0;3
2020-10-07 05:02:59;46;20;5;2;2;0;1;3;0;0;3
2020-10-07 05:03:59;46;20;5;2;2;0;1;3;0;0;3
2020-10-07 05:04:58;46;20;5;2;2;0;1;3;0;0;3
2020-10-07 05:05:59;46;20;5;2;2;0;1;3;0;0;3
2020-10-07 05:06:59;46;20;5;2;2;0;1;3;0;0;3
2020-10-07 05:07:58;46;20;5;2;2;0;1;3;0;0;3
2020-10-07 05:08:59;46;20;5;2;2;0;1;3;0;0;3
2020-10-07 05:09:59;46;20;5;2;2;0;1;3;0;0;3
2020-10-07 05:10:58;46;20;5;2;2;0;1;3;0;0;3
2020-10-07 05:11:59;46;20;5;2;2;0;1;3;0;0;3
2020-10-07 05:12:59;46;20;5;2;2;0;1;3;0;0;3
2020-10-07 05:13:58;46;20;5;2;2;0;1;3;0;0;3
2020-10-07 05:14:59;47;20;6;2;2;0;1;3;0;0;3
2020-10-07 05:15:59;47;20;6;2;2;0;1;3;0;0;3
2020-10-07 05:16:58;47;20;6;2;2;0;1;3;0;0;3
2020-10-07 05:17:59;47;20;6;2;2;0;1;3;0;0;3
2020-10-07 05:18:59;47;20;6;2;2;0;1;3;0;0;3
2020-10-07 05:19:58;47;20;6;2;2;0;1;3;0;0;3
2020-10-07 05:20:59;47;20;6;2;2;0;1;3;0;0;3
2020-10-07 05:21:58;47;20;6;2;2;0;1;3;0;0;3
2020-10-07 05:22:59;47;20;6;2;2;0;1;3;0;0;3
2020-10-07 05:23:59;47;20;6;2;2;0;1;3;0;0;3
2020-10-07 05:24:58;47;20;6;2;2;0;1;3;0;0;3
2020-10-07 05:25:59;47;20;6;2;2;0;1;3;0;0;3
2020-10-07 05:26:59;47;20;6;2;2;0;1;3;0;0;3
2020-10-07 05:27:58;47;20;6;2;2;0;1;3;0;0;3
2020-10-07 05:28:59;47;20;6;2;2;0;1;3;0;0;3
2020-10-07 05:29:59;47;20;6;2;2;0;1;3;0;0;3
2020-10-07 05:30:58;47;20;6;2;2;0;1;3;0;0;3
2020-10-07 05:31:59;47;20;6;2;2;0;1;3;0;0;3
2020-10-07 05:32:59;47;20;6;2;2;0;1;3;0;0;3
2020-10-07 05:33:58;47;20;6;2;2;0;1;3;0;0;3
2020-10-07 05:34:59;47;20;6;2;2;0;1;3;0;0;3
2020-10-07 05:35:59;47;20;6;2;2;0;1;3;0;0;3
2020-10-07 05:36:58;47;20;6;2;2;0;1;3;0;0;3
2020-10-07 05:37:59;48;20;7;2;2;0;1;3;0;0;3
2020-10-07 05:38:59;48;20;7;2;2;0;1;3;0;0;3
2020-10-07 05:39:58;48;20;7;2;2;0;1;3;0;0;3
2020-10-07 05:40:59;48;20;7;2;2;0;1;3;0;0;3
2020-10-07 05:41:58;48;20;7;2;2;0;1;3;0;0;3
2020-10-07 05:42:59;48;20;7;2;2;0;1;3;0;0;3
2020-10-07 05:43:59;48;20;7;2;2;0;1;3;0;0;3
2020-10-07 05:44:58;48;20;7;2;2;0;1;3;0;0;3
2020-10-07 05:45:59;48;20;7;2;2;0;1;3;0;0;3
2020-10-07 05:46:59;48;20;7;2;2;0;1;3;0;0;3
2020-10-07 05:47:58;48;20;7;2;2;0;1;3;0;0;3
2020-10-07 05:48:59;48;20;7;2;2;0;1;3;0;0;3
2020-10-07 05:49:59;48;20;7;2;2;0;1;3;0;0;3
2020-10-07 05:50:58;48;20;7;2;2;0;1;3;0;0;3
2020-10-07 05:51:59;48;20;7;2;2;0;1;3;0;0;3
2020-10-07 05:52:59;48;20;7;2;2;0;1;3;0;0;3
2020-10-07 05:53:58;48;20;7;2;2;0;1;3;0;0;3
2020-10-07 05:54:59;48;20;7;2;2;0;1;3;0;0;3
2020-10-07 05:55:59;48;20;7;2;2;0;1;3;0;0;3
2020-10-07 05:56:58;48;20;7;2;2;0;1;3;0;0;3
2020-10-07 05:57:59;48;20;7;2;2;0;1;3;0;0;3
2020-10-07 05:58:58;48;20;7;2;2;0;1;3;0;0;3
2020-10-07 05:59:59;48;20;7;2;2;0;1;3;0;0;3
2020-10-07 06:00:59;48;20;7;2;2;0;1;3;0;0;3
2020-10-07 06:01:58;48;20;7;2;2;0;1;3;0;0;3
2020-10-07 06:02:59;49;21;7;2;2;0;1;3;0;0;3
2020-10-07 06:03:59;49;21;7;2;2;0;1;3;0;0;3
2020-10-07 06:04:58;49;21;7;2;2;0;1;3;0;0;3
2020-10-07 06:05:59;49;21;7;2;2;0;1;3;0;0;3
2020-10-07 06:06:59;49;21;7;2;2;0;1;3;0;0;3
2020-10-07 06:07:58;49;21;7;2;2;0;1;3;0;0;3
2020-10-07 06:08:59;49;21;7;2;2;0;1;3;0;0;3
2020-10-07 06:09:59;49;21;7;2;2;0;1;3;0;0;3
2020-10-07 06:10:58;49;21;7;2;2;0;1;3;0;0;3
2020-10-07 06:11:59;49;21;7;2;2;0;1;3;0;0;3
2020-10-07 06:12:59;49;21;7;2;2;0;1;3;0;0;3
2020-10-07 06:13:58;49;21;7;2;2;0;1;3;0;0;3
2020-10-07 06:14:59;49;21;7;2;2;0;1;3;0;0;3
2020-10-07 06:15:58;49;21;7;2;2;0;1;3;0;0;3
2020-10-07 06:16:59;49;21;7;2;2;0;1;3;0;0;3
2020-10-07 06:17:59;49;21;7;2;2;0;1;3;0;0;3
2020-10-07 06:18:58;49;21;7;2;2;0;1;3;0;0;3
2020-10-07 06:19:59;49;21;7;2;2;0;1;3;0;0;3
2020-10-07 06:20:59;49;21;7;2;2;0;1;3;0;0;3
2020-10-07 06:21:58;49;21;7;2;2;0;1;3;0;0;3
2020-10-07 06:22:59;49;21;7;2;2;0;1;3;0;0;3
2020-10-07 06:23:59;49;21;7;2;2;0;1;3;0;0;3
2020-10-07 06:24:58;49;21;7;2;2;0;1;3;0;0;3
2020-10-07 06:25:59;49;21;7;2;2;0;1;3;0;0;3
2020-10-07 06:26:59;49;21;7;2;2;0;1;3;0;0;3
2020-10-07 06:27:58;49;21;7;2;2;0;1;3;0;0;3
2020-10-07 06:28:59;49;21;7;2;2;0;1;3;0;0;3
2020-10-07 06:29:59;49;21;7;2;2;0;1;3;0;0;3
2020-10-07 06:30:58;49;21;7;2;2;0;1;3;0;0;3
2020-10-07 06:31:59;49;21;7;2;2;0;1;3;0;0;3
2020-10-07 06:32:59;49;21;7;2;2;0;1;3;0;0;3
2020-10-07 06:33:58;49;21;7;2;2;0;1;3;0;0;3
2020-10-07 06:34:59;49;21;7;2;2;0;1;3;0;0;3
2020-10-07 06:35:59;49;21;7;2;2;0;1;3;0;0;3
2020-10-07 06:36:58;49;21;7;2;2;0;1;3;0;0;3
2020-10-07 06:37:59;49;21;7;2;2;0;1;3;0;0;3
2020-10-07 06:38:59;49;21;7;2;2;0;1;3;0;0;3
2020-10-07 06:39:58;50;22;7;2;2;0;1;3;0;0;3
2020-10-07 06:40:59;50;22;7;2;2;0;1;3;0;0;3
2020-10-07 06:41:59;50;22;7;2;2;0;1;3;0;0;3
2020-10-07 06:42:58;51;23;7;2;2;0;1;3;0;0;3
2020-10-07 06:43:59;51;23;7;2;2;0;1;3;0;0;3
2020-10-07 06:44:59;51;23;7;2;2;0;1;3;0;0;3
2020-10-07 06:45:58;51;23;7;2;2;0;1;3;0;0;3
2020-10-07 06:46:59;51;23;7;2;2;0;1;3;0;0;3
2020-10-07 06:47:58;51;23;7;2;2;0;1;3;0;0;3
2020-10-07 06:48:59;51;23;7;2;2;0;1;3;0;0;3
2020-10-07 06:49:59;51;23;7;2;2;0;1;3;0;0;3
2020-10-07 06:50:58;52;24;7;2;2;0;1;3;0;0;3
2020-10-07 06:51:59;52;24;7;2;2;0;1;3;0;0;3
2020-10-07 06:52:59;52;24;7;2;2;0;1;3;0;0;3
2020-10-07 06:53:58;52;24;7;2;2;0;1;3;0;0;3
2020-10-07 06:54:59;52;24;7;2;2;0;1;3;0;0;3
2020-10-07 06:55:59;52;24;7;2;2;0;1;3;0;0;3
2020-10-07 06:56:58;52;24;7;2;2;0;1;3;0;0;3
2020-10-07 06:57:59;52;24;7;2;2;0;1;3;0;0;3
2020-10-07 06:58:59;52;24;7;2;2;0;1;3;0;0;3
2020-10-07 06:59:58;52;24;7;2;2;0;1;3;0;0;3
2020-10-07 07:00:59;52;24;7;2;2;0;1;3;0;0;3
2020-10-07 07:01:59;52;24;7;2;2;0;1;3;0;0;3
2020-10-07 07:02:58;52;24;7;2;2;0;1;3;0;0;3
2020-10-07 07:03:59;53;25;7;2;2;0;1;3;0;0;3
2020-10-07 07:04:59;53;25;7;2;2;0;1;3;0;0;3
2020-10-07 07:05:58;53;25;7;2;2;0;1;3;0;0;3
2020-10-07 07:06:59;53;24;7;2;2;0;1;3;0;0;3
2020-10-07 07:07:59;52;24;7;2;2;0;1;3;0;0;3
2020-10-07 07:08:58;54;25;7;2;2;0;1;3;0;0;3
2020-10-07 07:09:59;53;25;7;2;2;0;1;3;0;0;3
2020-10-07 07:10:59;53;25;7;2;2;0;1;3;0;0;3
2020-10-07 07:11:58;54;26;7;2;2;0;1;3;0;0;3
2020-10-07 07:12:59;54;26;7;2;2;0;1;3;0;0;3
2020-10-07 07:13:59;55;26;8;2;2;0;1;3;0;0;3
2020-10-07 07:14:58;55;26;8;2;2;0;1;3;0;0;3
2020-10-07 07:15:59;55;26;8;2;2;0;1;3;0;0;3
2020-10-07 07:16:59;55;26;8;2;2;0;1;3;0;0;3
2020-10-07 07:17:58;55;26;8;2;2;0;1;3;0;0;3
2020-10-07 07:18:59;55;26;8;2;2;0;1;3;0;0;3
2020-10-07 07:19:59;55;26;8;2;2;0;1;3;0;0;3
2020-10-07 07:20:58;55;26;8;2;2;0;1;3;0;0;3
2020-10-07 07:21:59;55;26;8;2;2;0;1;3;0;0;3
2020-10-07 07:22:59;55;26;8;2;2;0;1;3;0;0;3
2020-10-07 07:23:58;56;27;8;2;2;0;1;3;0;0;3
2020-10-07 07:24:59;56;27;8;2;2;0;1;3;0;0;3
2020-10-07 07:25:59;56;27;8;2;2;0;1;3;0;0;3
2020-10-07 07:26:58;56;27;8;2;2;0;1;3;0;0;3
2020-10-07 07:27:59;56;27;8;2;2;0;1;3;0;0;3
2020-10-07 07:28:59;56;27;8;2;2;0;1;3;0;0;3
2020-10-07 07:29:58;56;27;8;2;2;0;1;3;0;0;3
2020-10-07 07:30:59;57;28;8;2;2;0;1;3;0;0;3
2020-10-07 07:31:59;57;28;8;2;2;0;1;3;0;0;3
2020-10-07 07:32:58;57;28;8;2;2;0;1;3;0;0;3
2020-10-07 07:33:59;57;28;8;2;2;0;1;3;0;0;3
2020-10-07 07:34:59;58;28;8;2;2;0;1;3;0;0;3
2020-10-07 07:35:58;58;28;8;2;2;0;1;3;0;0;3
2020-10-07 07:36:59;58;28;8;2;2;0;1;3;0;0;3
2020-10-07 07:37:59;58;28;8;2;2;0;1;3;0;0;3
2020-10-07 07:38:58;58;28;8;2;2;0;1;3;0;0;3
2020-10-07 07:39:59;60;28;9;2;2;0;1;3;0;0;3
2020-10-07 07:40:59;60;28;9;2;2;0;1;3;0;0;3
2020-10-07 07:41:58;60;28;9;2;2;0;1;3;0;0;3
2020-10-07 07:42:59;60;28;9;2;2;0;1;3;0;0;3
2020-10-07 07:43:59;60;28;9;2;2;0;1;3;0;0;3
2020-10-07 07:44:58;60;28;9;2;2;0;1;3;0;0;3
2020-10-07 07:45:59;60;28;9;2;2;0;1;3;0;0;3
2020-10-07 07:46:58;60;28;9;2;2;0;1;3;0;0;3
2020-10-07 07:47:59;60;28;9;2;2;0;1;3;0;0;3
2020-10-07 07:48:59;60;28;9;2;2;0;1;3;0;0;3
2020-10-07 07:49:58;60;28;9;2;2;0;1;3;0;0;3
2020-10-07 07:50:59;60;28;9;2;2;0;1;3;0;0;3
2020-10-07 07:51:59;60;28;9;2;2;0;1;3;0;0;3
2020-10-07 07:52:58;60;28;9;2;2;0;1;3;0;0;3
2020-10-07 07:53:59;60;28;9;2;2;0;1;3;0;0;3
2020-10-07 07:54:59;60;28;9;2;2;0;1;3;0;0;3
2020-10-07 07:55:58;60;28;9;2;2;0;1;3;0;0;3
2020-10-07 07:56:59;60;28;9;2;2;0;1;3;0;0;3
2020-10-07 07:57:59;61;29;9;2;2;0;1;3;0;0;3
2020-10-07 07:58:58;62;29;9;3;2;0;1;3;0;0;3
2020-10-07 07:59:59;62;29;9;3;2;0;1;3;0;0;3
2020-10-07 08:00:59;62;29;9;3;2;0;1;3;0;0;3
2020-10-07 08:01:58;62;29;9;3;2;0;1;3;0;0;3
2020-10-07 08:02:59;62;29;9;3;2;0;1;3;0;0;3
2020-10-07 08:03:59;62;29;9;3;2;0;1;3;0;0;3
2020-10-07 08:04:58;62;29;9;3;2;0;1;3;0;0;3
2020-10-07 08:05:59;63;29;9;3;2;0;1;3;0;0;3
2020-10-07 08:06:59;63;29;9;3;2;0;1;3;0;0;3
2020-10-07 08:07:58;63;29;9;3;2;0;1;3;0;0;3
2020-10-07 08:08:59;63;29;9;3;2;0;1;3;0;0;3
2020-10-07 08:09:59;64;30;9;3;2;0;1;3;0;0;3
2020-10-07 08:10:58;64;30;9;3;2;0;1;3;0;0;3
2020-10-07 08:11:59;64;30;9;3;2;0;1;3;0;0;3
2020-10-07 08:12:59;65;31;9;3;2;0;1;3;0;0;3
2020-10-07 08:13:58;65;31;9;3;2;0;1;3;0;0;3
2020-10-07 08:14:59;65;31;9;3;2;0;1;3;0;0;3
2020-10-07 08:15:59;65;31;9;3;2;0;1;3;0;0;3
2020-10-07 08:16:58;65;31;9;3;2;0;1;3;0;0;3
2020-10-07 08:17:59;65;31;9;3;2;0;1;3;0;0;3
2020-10-07 08:18:59;65;31;9;3;2;0;1;3;0;0;3
2020-10-07 08:19:58;65;31;9;3;2;0;1;3;0;0;3
2020-10-07 08:20:59;65;31;9;3;2;0;1;3;0;0;3
2020-10-07 08:21:59;65;31;9;3;2;0;1;3;0;0;3
2020-10-07 08:22:58;65;31;9;3;2;0;1;3;0;0;3
2020-10-07 08:23:59;65;31;9;3;2;0;1;3;0;0;3
2020-10-07 08:24:59;65;31;9;3;2;0;1;3;0;0;3
2020-10-07 08:25:58;65;31;9;3;2;0;1;3;0;0;3
2020-10-07 08:26:59;66;31;10;3;2;0;1;3;0;0;3
2020-10-07 08:28:00;66;31;10;3;2;0;1;3;0;0;3
2020-10-07 08:28:58;66;31;10;3;2;0;1;3;0;0;3
2020-10-07 08:29:59;66;31;10;3;2;0;1;3;0;0;3
2020-10-07 08:30:59;66;31;10;3;2;0;1;3;0;0;3
2020-10-07 08:31:58;66;31;10;3;2;0;1;3;0;0;3
2020-10-07 08:32:59;66;31;10;3;2;0;1;3;0;0;3
2020-10-07 08:33:58;66;31;10;3;2;0;1;3;0;0;3
2020-10-07 08:34:59;66;31;10;3;2;0;1;3;0;0;3
2020-10-07 08:35:59;66;31;10;3;2;0;1;3;0;0;3
2020-10-07 08:36:58;66;31;10;3;2;0;1;3;0;0;3
2020-10-07 08:37:59;66;31;10;3;2;0;1;3;0;0;3
2020-10-07 08:38:58;66;31;10;3;2;0;1;3;0;0;3
2020-10-07 08:39:59;66;31;10;3;2;0;1;3;0;0;3
2020-10-07 08:40:59;66;31;10;3;2;0;1;3;0;0;3
2020-10-07 08:41:58;66;31;10;3;2;0;1;3;0;0;3
2020-10-07 08:42:59;67;31;11;3;2;0;1;3;0;0;3
2020-10-07 08:43:59;67;31;11;3;2;0;1;3;0;0;3
2020-10-07 08:44:58;67;31;11;3;2;0;1;3;0;0;3
2020-10-07 08:45:59;68;31;11;4;2;0;1;3;0;0;3
2020-10-07 08:46:59;68;31;11;4;2;0;1;3;0;0;3
2020-10-07 08:47:58;68;31;11;4;2;0;1;3;0;0;3
2020-10-07 08:48:59;68;31;11;4;2;0;1;3;0;0;3
2020-10-07 08:49:59;68;31;11;4;2;0;1;3;0;0;3
2020-10-07 08:50:58;69;31;11;5;2;0;1;3;0;0;3
2020-10-07 08:51:59;69;31;11;5;2;0;1;3;0;0;3
2020-10-07 08:52:59;69;31;11;5;2;0;1;3;0;0;3
2020-10-07 08:53:59;69;31;11;5;2;0;1;3;0;0;3
2020-10-07 08:54:58;69;31;11;5;2;0;1;3;0;0;3
2020-10-07 08:55:59;69;31;11;5;2;0;1;3;0;0;3
2020-10-07 08:56:58;69;31;11;5;2;0;1;3;0;0;3
2020-10-07 08:57:59;70;31;12;5;2;0;1;3;0;0;3
2020-10-07 08:58:59;70;31;12;5;2;0;1;3;0;0;3
2020-10-07 08:59:58;70;31;12;5;2;0;1;3;0;0;3
2020-10-07 09:00:59;70;31;12;5;2;0;1;3;0;0;3
2020-10-07 09:01:59;70;31;12;5;2;0;1;3;0;0;3
2020-10-07 09:02:58;71;32;12;5;2;0;1;3;0;0;3
2020-10-07 09:03:59;72;33;12;5;2;0;1;3;0;0;3
2020-10-07 09:04:59;72;33;12;5;2;0;1;3;0;0;3
2020-10-07 09:05:58;73;33;13;5;2;0;1;3;0;0;3
2020-10-07 09:06:59;73;33;13;5;2;0;1;3;0;0;3
2020-10-07 09:07:59;73;33;13;5;2;0;1;3;0;0;3
2020-10-07 09:08:58;73;33;13;5;2;0;1;3;0;0;3
2020-10-07 09:09:59;73;33;13;5;2;0;1;3;0;0;3
2020-10-07 09:10:58;73;33;13;5;2;0;1;3;0;0;3
2020-10-07 09:11:59;73;33;13;5;2;0;1;3;0;0;3
2020-10-07 09:12:59;73;33;13;5;2;0;1;3;0;0;3
2020-10-07 09:13:58;73;33;13;5;2;0;1;3;0;0;3
2020-10-07 09:14:59;73;33;13;5;2;0;1;3;0;0;3
2020-10-07 09:15:59;73;33;13;5;2;0;1;3;0;0;3
2020-10-07 09:16:58;73;33;13;5;2;0;1;3;0;0;3
2020-10-07 09:17:59;73;33;13;5;2;0;1;3;0;0;3
2020-10-07 09:18:59;73;33;13;5;2;0;1;3;0;0;3
2020-10-07 09:19:58;73;33;13;5;2;0;1;3;0;0;3
2020-10-07 09:20:59;73;33;13;5;2;0;1;3;0;0;3
2020-10-07 09:21:59;73;33;13;5;2;0;1;3;0;0;3
2020-10-07 09:22:58;74;33;13;6;2;0;1;3;0;0;3
2020-10-07 09:23:59;74;33;13;6;2;0;1;3;0;0;3
2020-10-07 09:24:58;74;33;13;6;2;0;1;3;0;0;3
2020-10-07 09:25:59;74;33;13;6;2;0;1;3;0;0;3
2020-10-07 09:26:59;74;33;13;6;2;0;1;3;0;0;3
2020-10-07 09:27:58;75;33;13;6;2;0;2;3;0;0;3
2020-10-07 09:28:59;75;33;13;6;2;0;2;3;0;0;3
2020-10-07 09:29:59;76;33;13;7;2;0;2;3;0;0;3
2020-10-07 09:30:58;77;33;13;8;2;0;2;3;0;0;3
2020-10-07 09:31:59;78;34;13;8;2;0;2;3;0;0;3
2020-10-07 09:32:59;78;34;13;8;2;0;2;3;0;0;3
2020-10-07 09:33:58;78;34;13;8;2;0;2;3;0;0;3
2020-10-07 09:34:59;78;34;13;8;2;0;2;3;0;0;3
2020-10-07 09:35:59;78;34;13;8;2;0;2;3;0;0;3
2020-10-07 09:36:58;78;34;13;8;2;0;2;3;0;0;3
2020-10-07 09:37:59;78;34;13;8;2;0;2;3;0;0;3
2020-10-07 09:38:59;78;34;13;8;2;0;2;3;0;0;3
2020-10-07 09:40:00;78;34;13;8;2;0;2;3;0;0;3
2020-10-07 09:40:58;78;34;13;8;2;0;2;3;0;0;3
2020-10-07 09:41:59;78;34;13;8;2;0;2;3;0;0;3
2020-10-07 09:42:58;78;34;13;8;2;0;2;3;0;0;3
2020-10-07 09:43:59;78;34;13;8;2;0;2;3;0;0;3
2020-10-07 09:44:59;79;34;13;9;2;0;2;3;0;0;3
2020-10-07 09:45:58;79;34;13;9;2;0;2;3;0;0;3
2020-10-07 09:46:59;79;34;13;9;2;0;2;3;0;0;3
2020-10-07 09:47:59;79;34;13;9;2;0;2;3;0;0;3
2020-10-07 09:48:58;79;34;13;9;2;0;2;3;0;0;3
2020-10-07 09:49:59;80;35;13;9;2;0;2;3;0;0;3
2020-10-07 09:50:58;80;35;13;9;2;0;2;3;0;0;3
2020-10-07 09:51:59;80;35;13;9;2;0;2;3;0;0;3
2020-10-07 09:52:59;80;35;13;9;2;0;2;3;0;0;3
2020-10-07 09:53:58;80;35;13;9;2;0;2;3;0;0;3
2020-10-07 09:54:59;80;35;13;9;2;0;2;3;0;0;3
2020-10-07 09:56:00;80;35;13;9;2;0;2;3;0;0;3
2020-10-07 09:56:58;80;35;13;9;2;0;2;3;0;0;3
2020-10-07 09:57:59;80;35;13;9;2;0;2;3;0;0;3
2020-10-07 09:58:59;80;35;13;9;2;0;2;3;0;0;3
2020-10-07 09:59:58;81;35;13;10;2;0;2;3;0;0;3
2020-10-07 10:00:59;81;35;13;10;2;0;2;3;0;0;3
2020-10-07 10:02:00;81;35;13;10;2;0;2;3;0;0;3
2020-10-07 10:02:58;81;35;13;10;2;0;2;3;0;0;3
2020-10-07 10:03:59;81;35;13;10;2;0;2;3;0;0;3
2020-10-07 10:04:59;81;35;13;10;2;0;2;3;0;0;3
2020-10-07 10:05:58;81;35;13;10;2;0;2;3;0;0;3
2020-10-07 10:06:59;81;35;13;10;2;0;2;3;0;0;3
2020-10-07 10:07:58;81;35;13;10;2;0;2;3;0;0;3
2020-10-07 10:08:59;81;35;13;10;2;0;2;3;0;0;3
2020-10-07 10:09:59;81;35;13;10;2;0;2;3;0;0;3
2020-10-07 10:10:58;81;35;13;10;2;0;2;3;0;0;3
2020-10-07 10:11:59;82;35;13;10;3;0;2;3;0;0;3
2020-10-07 10:12:59;82;35;13;10;3;0;2;3;0;0;3
2020-10-07 10:13:58;82;35;13;10;3;0;2;3;0;0;3
2020-10-07 10:14:59;82;35;13;10;3;0;2;3;0;0;3
2020-10-07 10:15:59;82;35;13;10;3;0;2;3;0;0;3
2020-10-07 10:16:58;83;36;13;10;3;0;2;3;0;0;3
2020-10-07 10:17:59;83;36;13;10;3;0;2;3;0;0;3
2020-10-07 10:18:58;83;36;13;10;3;0;2;3;0;0;3
2020-10-07 10:19:59;83;36;13;10;3;0;2;3;0;0;3
2020-10-07 10:20:59;84;36;14;10;3;0;2;3;0;0;3
2020-10-07 10:21:58;84;35;14;10;3;0;2;3;0;0;3
2020-10-07 10:22:59;84;35;14;11;3;0;2;3;0;0;3
2020-10-07 10:23:59;84;35;14;11;3;0;2;3;0;0;3
2020-10-07 10:24:58;84;35;14;11;3;0;2;3;0;0;3
2020-10-07 10:25:59;85;35;14;11;3;0;2;3;0;0;3
2020-10-07 10:26:59;85;35;14;11;3;0;2;3;0;0;3
2020-10-07 10:27:58;86;35;14;11;4;0;2;3;0;0;3
2020-10-07 10:28:59;86;35;14;11;4;0;2;3;0;0;3
2020-10-07 10:29:59;86;35;14;11;4;0;2;3;0;0;3
2020-10-07 10:30:58;86;35;14;11;4;0;2;3;0;0;3
2020-10-07 10:31:59;87;35;14;11;4;0;2;4;0;0;3
2020-10-07 10:32:59;87;35;14;11;4;0;2;4;0;0;3
2020-10-07 10:33:58;87;35;14;11;4;0;2;4;0;0;3
2020-10-07 10:34:59;87;35;14;11;4;0;2;4;0;0;3
2020-10-07 10:35:59;87;35;14;11;4;0;2;4;0;0;3
2020-10-07 10:36:58;87;35;14;11;4;0;2;4;0;0;3
2020-10-07 10:37:59;87;35;14;11;4;0;2;4;0;0;3
2020-10-07 10:38:59;88;35;15;11;4;0;2;4;0;0;3
2020-10-07 10:39:58;88;35;15;11;4;0;2;4;0;0;3
2020-10-07 10:40:59;90;36;16;11;4;0;2;4;0;0;3
2020-10-07 10:41:58;90;36;16;11;4;0;2;4;0;0;3
2020-10-07 10:42:59;91;36;17;11;4;0;2;4;0;0;3
2020-10-07 10:43:59;91;36;17;11;4;0;2;4;0;0;3
2020-10-07 10:44:58;91;36;17;11;4;0;2;4;0;0;3
2020-10-07 10:45:59;91;36;17;11;4;0;2;4;0;0;3
2020-10-07 10:46:59;91;36;17;11;4;0;2;4;0;0;3
2020-10-07 10:47:58;91;36;17;11;4;0;2;4;0;0;3
2020-10-07 10:48:59;91;36;17;11;4;0;2;4;0;0;3
2020-10-07 10:49:59;91;36;17;11;4;0;2;4;0;0;3
2020-10-07 10:50:58;91;36;17;11;4;0;2;4;0;0;3
2020-10-07 10:51:59;91;36;17;11;4;0;2;4;0;0;3
2020-10-07 10:52:59;91;36;17;11;4;0;2;4;0;0;3
2020-10-07 10:53:58;91;36;17;11;4;0;2;4;0;0;3
2020-10-07 10:54:59;91;36;17;11;4;0;2;4;0;0;3
2020-10-07 10:55:59;91;36;17;11;4;0;2;4;0;0;3
2020-10-07 10:56:58;91;36;17;11;4;0;2;4;0;0;3
2020-10-07 10:57:59;92;37;17;11;4;0;2;4;0;0;3
2020-10-07 10:58:59;92;37;17;11;4;0;2;4;0;0;3
2020-10-07 10:59:58;92;37;17;11;4;0;2;4;0;0;3
2020-10-07 11:00:59;92;37;17;11;4;0;2;4;0;0;3
2020-10-07 11:01:59;92;37;17;11;4;0;2;4;0;0;3
2020-10-07 11:02:58;92;37;17;11;4;0;2;4;0;0;3
2020-10-07 11:03:59;92;37;17;11;4;0;2;4;0;0;3
2020-10-07 11:04:59;92;37;17;11;4;0;2;4;0;0;3
2020-10-07 11:05:59;92;37;17;11;4;0;2;4;0;0;3
2020-10-07 11:06:58;93;37;17;11;5;0;2;4;0;0;3
2020-10-07 11:07:59;93;37;17;11;5;0;2;4;0;0;3
2020-10-07 11:08:58;93;37;17;11;5;0;2;4;0;0;3
2020-10-07 11:09:59;93;37;17;11;5;0;2;4;0;0;3
2020-10-07 11:10:59;93;37;17;11;5;0;2;4;0;0;3
2020-10-07 11:11:58;93;37;17;11;5;0;2;4;0;0;3
2020-10-07 11:12:59;93;37;17;11;5;0;2;4;0;0;3
2020-10-07 11:13:59;93;37;17;11;5;0;2;4;0;0;3
2020-10-07 11:14:58;93;37;17;11;5;0;2;4;0;0;3
2020-10-07 11:15:59;93;37;17;11;5;0;2;4;0;0;3
2020-10-07 11:16:59;93;37;17;11;5;0;2;4;0;0;3
2020-10-07 11:17:58;94;38;17;11;5;0;2;4;0;0;3
2020-10-07 11:18:59;94;38;17;11;5;0;2;4;0;0;3
2020-10-07 11:19:59;95;39;17;11;5;0;2;4;0;0;3
2020-10-07 11:20:58;95;39;17;11;5;0;2;4;0;0;3
2020-10-07 11:21:59;95;39;17;11;5;0;2;4;0;0;3
2020-10-07 11:22:59;95;39;17;11;5;0;2;4;0;0;3
2020-10-07 11:23:58;95;39;17;11;5;0;2;4;0;0;3
2020-10-07 11:24:59;95;39;17;11;5;0;2;4;0;0;3
2020-10-07 11:25:59;97;39;19;11;5;0;2;4;0;0;3
2020-10-07 11:26:58;97;39;19;11;5;0;2;4;0;0;3
2020-10-07 11:27:59;97;39;19;11;5;0;2;4;0;0;3
2020-10-07 11:28:59;97;39;19;11;5;0;2;4;0;0;3
2020-10-07 11:29:58;98;40;19;11;5;0;2;4;0;0;3
2020-10-07 11:30:59;98;40;19;11;5;0;2;4;0;0;3
2020-10-07 11:31:59;98;40;19;11;5;0;2;4;0;0;3
2020-10-07 11:32:59;98;40;19;11;5;0;2;4;0;0;3
2020-10-07 11:33:58;98;40;19;11;5;0;2;4;0;0;3
2020-10-07 11:34:59;98;40;19;11;5;0;2;4;0;0;3
2020-10-07 11:35:58;98;40;19;11;5;0;2;4;0;0;3
2020-10-07 11:36:59;98;40;19;11;5;0;2;4;0;0;3
2020-10-07 11:37:59;98;40;19;11;5;0;2;4;0;0;3
2020-10-07 11:38:58;98;40;19;11;5;0;2;4;0;0;3
2020-10-07 11:39:59;98;40;19;11;5;0;2;4;0;0;3
2020-10-07 11:40:59;98;40;19;11;5;0;2;4;0;0;3
2020-10-07 11:41:58;98;40;19;11;5;0;2;4;0;0;3
2020-10-07 11:42:59;98;40;19;11;5;0;2;4;0;0;3
2020-10-07 11:43:59;98;40;19;11;5;0;2;4;0;0;3
2020-10-07 11:44:58;98;40;19;11;5;0;2;4;0;0;3
2020-10-07 11:45:59;98;40;19;11;5;0;2;4;0;0;3
2020-10-07 11:46:59;98;40;19;11;5;0;2;4;0;0;3
2020-10-07 11:47:58;98;40;19;11;5;0;2;4;0;0;3
2020-10-07 11:48:59;99;41;19;11;5;0;2;4;0;0;3
2020-10-07 11:49:59;99;41;19;11;5;0;2;4;0;0;3
2020-10-07 11:50:58;99;41;19;11;5;0;2;4;0;0;3
2020-10-07 11:51:59;101;42;19;11;5;0;2;4;0;1;3
2020-10-07 11:52:59;101;42;19;11;5;0;2;4;0;1;3
2020-10-07 11:54:00;101;42;19;11;5;0;2;4;0;1;3
2020-10-07 11:54:58;101;42;19;11;5;0;2;4;0;1;3
2020-10-07 11:55:59;101;42;19;11;5;0;2;4;0;1;3
2020-10-07 11:56:58;101;42;19;11;5;0;2;4;0;1;3
2020-10-07 11:57:59;101;42;19;11;5;0;2;4;0;1;3
2020-10-07 11:58:59;101;42;19;11;5;0;2;4;0;1;3
2020-10-07 11:59:58;101;42;19;11;5;0;2;4;0;1;3
2020-10-07 12:00:59;102;42;19;12;5;0;2;4;0;1;3
2020-10-07 12:01:59;102;42;19;12;5;0;2;4;0;1;3
2020-10-07 12:02:58;102;42;19;12;5;0;2;4;0;1;3
2020-10-07 12:03:59;102;42;19;12;5;0;2;4;0;1;3
2020-10-07 12:04:59;102;42;19;12;5;0;2;4;0;1;3
2020-10-07 12:05:58;102;42;19;12;5;0;2;4;0;1;3
2020-10-07 12:06:59;102;42;19;12;5;0;2;4;0;1;3
2020-10-07 12:07:59;102;42;19;12;5;0;2;4;0;1;3
2020-10-07 12:08:58;102;42;19;12;5;0;2;4;0;1;3
2020-10-07 12:09:59;102;42;19;12;5;0;2;4;0;1;3
2020-10-07 12:10:59;102;42;19;12;5;0;2;4;0;1;3
2020-10-07 12:11:58;102;42;19;12;5;0;2;4;0;1;3
2020-10-07 12:12:59;103;42;19;12;5;2;2;4;0;0;3
2020-10-07 12:13:59;103;42;19;12;5;2;2;4;0;0;3
2020-10-07 12:14:58;103;42;19;12;5;2;2;4;0;0;3
2020-10-07 12:15:59;103;42;19;12;5;2;2;4;0;0;3
2020-10-07 12:16:59;104;42;20;12;5;2;2;4;0;0;3
2020-10-07 12:18:00;104;42;20;12;5;2;2;4;0;0;3
2020-10-07 12:18:58;104;42;20;12;5;2;2;4;0;0;3
2020-10-07 12:19:59;104;42;20;12;5;2;2;4;0;0;3
2020-10-07 12:20:59;104;42;20;12;5;2;2;4;0;0;3
2020-10-07 12:21:58;105;42;21;12;5;2;2;4;0;0;3
2020-10-07 12:22:59;107;42;21;12;5;3;2;4;0;0;3
2020-10-07 12:23:58;107;42;21;12;5;3;2;4;0;0;3
2020-10-07 12:24:59;107;42;21;12;5;3;2;4;0;0;3
2020-10-07 12:25:59;107;42;21;12;5;3;2;4;0;0;3
2020-10-07 12:26:58;107;42;21;12;5;3;2;4;0;0;3
2020-10-07 12:27:59;107;42;21;12;5;3;2;4;0;0;3
2020-10-07 12:28:59;107;42;21;12;5;3;2;4;0;0;3
2020-10-07 12:29:59;107;42;21;12;5;3;2;4;0;0;3
2020-10-07 12:30:58;107;42;21;12;5;3;2;4;0;0;3
2020-10-07 12:31:59;107;42;21;12;5;3;2;4;0;0;3
2020-10-07 12:32:59;107;42;22;12;5;3;2;3;0;0;3
2020-10-07 12:33:58;107;42;22;12;5;3;2;3;0;0;3
2020-10-07 12:34:59;107;42;22;12;5;3;2;3;0;0;3
2020-10-07 12:35:59;107;42;22;12;5;3;2;3;0;0;3
2020-10-07 12:36:58;107;42;22;12;5;3;2;3;0;0;3
2020-10-07 12:37:59;107;42;22;12;5;3;2;3;0;0;3
2020-10-07 12:38:59;107;42;22;12;5;3;2;3;0;0;3
2020-10-07 12:39:58;107;42;22;12;5;3;2;3;0;0;3
2020-10-07 12:40:59;107;42;22;12;5;3;2;3;0;0;3
2020-10-07 12:41:59;107;42;22;12;5;3;2;3;0;0;3
2020-10-07 12:42:58;107;42;22;12;5;3;2;3;0;0;3
2020-10-07 12:43:59;108;43;22;12;5;3;2;3;0;0;3
2020-10-07 12:44:58;111;44;22;13;5;3;2;3;0;0;3
2020-10-07 12:45:59;112;45;22;13;5;3;2;3;0;0;3
2020-10-07 12:46:59;112;45;22;13;5;3;2;3;0;0;3
2020-10-07 12:47:59;112;45;22;13;5;3;2;3;0;0;3
2020-10-07 12:48:58;112;45;22;13;5;3;2;3;0;0;3
2020-10-07 12:49:59;112;45;22;13;5;3;2;3;0;0;3
2020-10-07 12:50:58;112;45;22;13;5;3;2;3;0;0;3
2020-10-07 12:51:59;112;45;22;13;5;3;2;3;0;0;3
2020-10-07 12:52:59;112;45;22;13;5;3;2;3;0;0;3
2020-10-07 12:53:58;112;45;22;13;5;3;2;3;0;0;3
2020-10-07 12:54:59;112;45;22;13;5;3;2;3;0;0;3
2020-10-07 12:55:59;112;45;22;13;5;3;2;3;0;0;3
2020-10-07 12:56:58;112;45;22;13;5;3;2;3;0;0;3
2020-10-07 12:57:59;112;45;22;13;5;3;2;3;0;0;3
2020-10-07 12:58:59;112;45;22;13;5;3;2;3;0;0;3
2020-10-07 12:59:58;112;45;22;13;5;3;2;3;0;0;3
2020-10-07 13:00:59;112;45;22;13;5;3;2;3;0;0;3
2020-10-07 13:01:59;112;45;22;13;5;3;2;3;0;0;3
2020-10-07 13:02:58;112;45;22;13;5;3;2;3;0;0;3
2020-10-07 13:03:59;112;45;22;13;5;3;2;3;0;0;3
2020-10-07 13:04:59;112;45;22;13;5;3;2;3;0;0;3
2020-10-07 13:05:58;113;46;22;13;5;3;2;3;0;0;3
2020-10-07 13:07:00;113;46;22;13;5;3;2;3;0;0;3
2020-10-07 13:07:58;113;46;22;13;5;3;2;3;0;0;3
2020-10-07 13:08:59;113;46;22;13;5;3;2;3;0;0;3
2020-10-07 13:09:59;113;46;22;13;5;3;2;3;0;0;3
2020-10-07 13:10:58;113;46;22;13;5;3;2;3;0;0;3
2020-10-07 13:11:59;113;46;22;13;5;3;2;3;0;0;3
2020-10-07 13:12:59;113;46;22;13;5;3;2;3;0;0;3
2020-10-07 13:13:58;113;46;22;13;5;3;2;3;0;0;3
2020-10-07 13:14:59;113;46;22;13;5;3;2;3;0;0;3
2020-10-07 13:15:59;113;46;22;13;5;3;2;3;0;0;3
2020-10-07 13:16:58;113;46;22;13;5;3;2;3;0;0;3
2020-10-07 13:17:59;113;46;22;13;5;3;2;3;0;0;3
2020-10-07 13:18:58;114;47;22;13;5;3;2;3;0;0;3
2020-10-07 13:19:59;114;47;22;13;5;3;2;3;0;0;3
2020-10-07 13:20:59;114;47;22;13;5;3;2;3;0;0;3
2020-10-07 13:21:58;114;47;22;13;5;3;2;3;0;0;3
2020-10-07 13:22:59;114;47;22;13;5;3;2;3;0;0;3
2020-10-07 13:23:59;114;47;22;13;5;3;2;3;0;0;3
2020-10-07 13:24:58;115;48;22;13;5;3;2;3;0;0;3
2020-10-07 13:25:59;115;48;22;13;5;3;2;3;0;0;3
2020-10-07 13:26:59;115;48;22;13;5;3;2;3;0;0;3
2020-10-07 13:27:59;115;48;22;13;5;3;2;3;0;0;3
2020-10-07 13:28:58;115;48;22;13;5;3;2;3;0;0;3
2020-10-07 13:29:59;115;48;22;13;5;3;2;3;0;0;3
2020-10-07 13:30:59;115;48;22;13;5;3;2;3;0;0;3
2020-10-07 13:31:58;115;48;22;13;5;3;2;3;0;0;3
2020-10-07 13:32:59;115;48;22;13;5;3;2;3;0;0;3
2020-10-07 13:33:59;115;48;22;13;5;3;2;3;0;0;3
2020-10-07 13:34:58;115;48;22;13;5;3;2;3;0;0;3
2020-10-07 13:35:59;115;48;22;13;5;3;2;3;0;0;3
2020-10-07 13:36:59;115;48;22;13;5;3;2;3;0;0;3
2020-10-07 13:37:58;115;48;22;13;5;3;2;3;0;0;3
2020-10-07 13:38:59;115;48;22;13;5;3;2;3;0;0;3
2020-10-07 13:39:59;115;48;22;13;5;3;2;3;0;0;3
2020-10-07 13:40:58;115;48;22;13;5;3;2;3;0;0;3
2020-10-07 13:41:59;115;48;22;13;5;3;2;3;0;0;3
2020-10-07 13:42:59;115;48;22;13;5;3;2;3;0;0;3
2020-10-07 13:43:58;115;48;22;13;5;3;2;3;0;0;3
2020-10-07 13:44:59;115;48;22;13;5;3;2;3;0;0;3
2020-10-07 13:45:59;115;48;22;13;5;3;2;3;0;0;3
2020-10-07 13:46:58;115;48;22;13;5;3;2;3;0;0;3
2020-10-07 13:47:59;115;48;22;13;5;3;2;3;0;0;3
2020-10-07 13:48:58;115;48;22;13;5;3;2;3;0;0;3
2020-10-07 13:49:59;115;48;22;13;5;3;2;3;0;0;3
2020-10-07 13:50:59;115;48;22;13;5;3;2;3;0;0;3
2020-10-07 13:51:58;115;48;22;13;5;3;2;3;0;0;3
2020-10-07 13:52:59;115;48;22;13;5;3;2;3;0;0;3
2020-10-07 13:53:59;115;48;22;13;5;3;2;3;0;0;3
2020-10-07 13:54:58;115;48;22;13;5;3;2;3;0;0;3
2020-10-07 13:55:59;115;48;22;13;5;3;2;3;0;0;3
2020-10-07 13:56:59;115;48;22;13;5;3;2;3;0;0;3
2020-10-07 13:57:58;115;48;22;13;5;3;2;3;0;0;3
2020-10-07 13:58:59;115;48;22;13;5;3;2;3;0;0;3
2020-10-07 13:59:58;115;48;22;13;5;3;2;3;0;0;3
2020-10-07 14:00:59;115;48;22;13;5;3;2;3;0;0;3
2020-10-07 14:01:59;115;48;22;13;5;3;2;3;0;0;3
2020-10-07 14:02:58;115;48;22;13;5;3;2;3;0;0;3
2020-10-07 14:03:59;115;48;22;13;5;3;2;3;0;0;3
2020-10-07 14:04:59;116;48;22;14;5;3;2;3;0;0;3
2020-10-07 14:05:58;116;48;22;14;5;3;2;3;0;0;3
2020-10-07 14:06:59;116;48;22;14;5;3;2;3;0;0;3
2020-10-07 14:07:59;116;48;22;14;5;3;2;3;0;0;3
2020-10-07 14:08:58;116;48;22;14;5;3;2;3;0;0;3
2020-10-07 14:09:59;117;49;22;14;5;3;2;3;0;0;3
2020-10-07 14:10:59;118;50;22;14;5;3;2;3;0;0;3
2020-10-07 14:11:58;118;50;22;14;5;3;2;3;0;0;3
2020-10-07 14:12:59;118;50;22;14;5;3;2;3;0;0;3
2020-10-07 14:14:00;118;50;22;14;5;3;2;3;0;0;3
2020-10-07 14:14:58;119;51;22;14;5;3;2;3;0;0;3
2020-10-07 14:15:59;119;51;22;14;5;3;2;3;0;0;3
2020-10-07 14:16:58;119;51;22;14;5;3;2;3;0;0;3
2020-10-07 14:17:59;119;51;22;14;5;3;2;3;0;0;3
2020-10-07 14:18:59;119;51;22;14;5;3;2;3;0;0;3
2020-10-07 14:19:58;119;51;22;14;5;3;2;3;0;0;3
2020-10-07 14:20:59;119;51;22;14;5;3;2;3;0;0;3
2020-10-07 14:21:59;119;51;22;14;5;3;2;3;0;0;3
2020-10-07 14:22:58;120;51;23;14;5;3;2;3;0;0;3
2020-10-07 14:23:59;120;51;23;14;5;3;2;3;0;0;3
2020-10-07 14:24:59;120;51;23;14;5;3;2;3;0;0;3
2020-10-07 14:25:58;120;51;23;14;5;3;2;3;0;0;3
2020-10-07 14:26:59;120;51;23;14;5;3;2;3;0;0;3
2020-10-07 14:27:59;120;51;23;14;5;3;2;3;0;0;3
2020-10-07 14:28:59;120;51;23;14;5;3;2;3;0;0;3
2020-10-07 14:29:58;120;51;23;14;5;3;2;3;0;0;3
2020-10-07 14:30:59;120;51;23;14;5;3;2;3;0;0;3
2020-10-07 14:31:58;121;51;24;14;5;3;2;3;0;0;3
2020-10-07 14:32:59;121;51;24;14;5;3;2;3;0;0;3
2020-10-07 14:33:59;121;51;24;14;5;3;2;3;0;0;3
2020-10-07 14:34:58;121;51;24;14;5;3;2;3;0;0;3
2020-10-07 14:35:59;121;51;24;14;5;3;2;3;0;0;3
2020-10-07 14:36:59;121;51;24;14;5;3;2;3;0;0;3
2020-10-07 14:37:59;121;51;24;14;5;3;2;3;0;0;3
2020-10-07 14:38:58;121;51;24;14;5;3;2;3;0;0;3
2020-10-07 14:39:59;121;51;24;14;5;3;2;3;0;0;3
2020-10-07 14:40:59;121;51;24;14;5;3;2;3;0;0;3
2020-10-07 14:41:58;121;51;24;14;5;3;2;3;0;0;3
2020-10-07 14:42:59;121;51;24;14;5;3;2;3;0;0;3
2020-10-07 14:43:59;121;51;24;14;5;3;2;3;0;0;3
2020-10-07 14:44:58;121;51;24;14;5;3;2;3;0;0;3
2020-10-07 14:45:59;121;51;24;14;5;3;2;3;0;0;3
2020-10-07 14:46:59;121;51;24;14;5;3;2;3;0;0;3
2020-10-07 14:47:58;121;51;24;14;5;3;2;3;0;0;3
2020-10-07 14:48:59;121;51;24;14;5;3;2;3;0;0;3
2020-10-07 14:50:00;121;51;24;14;5;3;2;3;0;0;3
2020-10-07 14:50:58;121;51;24;14;5;3;2;3;0;0;3
2020-10-07 14:51:59;121;51;24;14;5;3;2;3;0;0;3
2020-10-07 14:52:58;121;51;24;14;5;3;2;3;0;0;3
2020-10-07 14:53:59;121;51;24;14;5;3;2;3;0;0;3
2020-10-07 14:55:00;121;51;24;14;5;3;2;3;0;0;3
2020-10-07 14:55:58;121;51;24;14;5;3;2;3;0;0;3
2020-10-07 14:57:00;121;51;24;14;5;3;2;3;0;0;3
2020-10-07 14:57:58;121;51;24;14;5;3;2;3;0;0;3
2020-10-07 14:58:59;121;51;24;14;5;3;2;3;0;0;3
2020-10-07 14:59:58;121;51;24;14;5;3;2;3;0;0;3
2020-10-07 15:00:59;121;51;24;14;5;3;2;3;0;0;3
2020-10-07 15:01:59;121;51;24;14;5;3;2;3;0;0;3
2020-10-07 15:02:59;121;51;24;14;5;3;2;3;0;0;3
2020-10-07 15:03:59;121;51;24;14;5;3;2;3;0;0;3
2020-10-07 15:04:59;121;51;24;14;5;3;2;3;0;0;3
2020-10-07 15:05:58;121;51;24;14;5;3;2;3;0;0;3
2020-10-07 15:06:59;121;51;24;14;5;3;2;3;0;0;3
2020-10-07 15:07:59;121;51;24;14;5;3;2;3;0;0;3
2020-10-07 15:08:58;121;51;24;14;5;3;2;3;0;0;3
2020-10-07 15:09:59;121;51;24;14;5;3;2;3;0;0;3
2020-10-07 15:10:59;121;51;24;14;5;3;2;3;0;0;3
2020-10-07 15:11:58;122;51;24;14;6;3;2;3;0;0;3
2020-10-07 15:12:59;122;51;24;14;6;3;2;3;0;0;3
2020-10-07 15:13:59;122;51;24;14;6;3;2;3;0;0;3
2020-10-07 15:14:58;122;51;24;14;6;3;2;3;0;0;3
2020-10-07 15:15:59;122;51;24;14;6;3;2;3;0;0;3
2020-10-07 15:16:59;122;51;24;14;6;3;2;3;0;0;3
2020-10-07 15:17:58;123;51;24;14;6;3;3;3;0;0;3
2020-10-07 15:18:59;123;51;24;14;6;3;3;3;0;0;3
2020-10-07 15:20:00;123;51;24;14;6;3;3;3;0;0;3
2020-10-07 15:20:58;123;51;24;14;6;3;3;3;0;0;3
2020-10-07 15:21:59;123;51;24;14;6;3;3;3;0;0;3
2020-10-07 15:22:58;123;51;24;14;6;3;3;3;0;0;3
2020-10-07 15:23:59;123;51;24;14;6;3;3;3;0;0;3
2020-10-07 15:24:59;123;51;24;14;6;3;3;3;0;0;3
2020-10-07 15:25:58;123;51;24;14;6;3;3;3;0;0;3
2020-10-07 15:26:59;123;51;24;14;6;3;3;3;0;0;3
2020-10-07 15:27:58;123;51;24;14;6;3;3;3;0;0;3
2020-10-07 15:28:59;123;51;24;14;6;3;3;3;0;0;3
2020-10-07 15:29:59;123;51;24;14;6;3;3;3;0;0;3
2020-10-07 15:30:59;123;51;24;14;6;3;3;3;0;0;3
2020-10-07 15:31:58;123;51;24;14;6;3;3;3;0;0;3
2020-10-07 15:32:59;123;51;24;14;6;3;3;3;0;0;3
2020-10-07 15:33:59;123;51;24;14;6;3;3;3;0;0;3
2020-10-07 15:34:58;123;51;24;14;6;3;3;3;0;0;3
2020-10-07 15:35:59;123;51;24;14;6;3;3;3;0;0;3
2020-10-07 15:36:59;123;51;24;14;6;3;3;3;0;0;3
2020-10-07 15:37:58;124;51;25;14;6;3;3;3;0;0;3
2020-10-07 15:38:59;124;51;25;14;6;3;3;3;0;0;3
2020-10-07 15:39:59;124;51;25;14;6;3;3;3;0;0;3
2020-10-07 15:40:58;124;51;25;14;6;3;3;3;0;0;3
2020-10-07 15:41:59;124;51;25;14;6;3;3;3;0;0;3
2020-10-07 15:42:59;124;51;25;14;6;3;3;3;0;0;3
2020-10-07 15:43:58;124;51;25;14;6;3;3;3;0;0;3
2020-10-07 15:44:59;124;51;25;14;6;3;3;3;0;0;3
2020-10-07 15:45:59;124;51;25;14;6;3;3;3;0;0;3
2020-10-07 15:46:58;125;51;25;14;7;3;3;3;0;0;3
2020-10-07 15:47:59;125;51;25;14;7;3;3;3;0;0;3
2020-10-07 15:48:58;125;51;25;14;7;3;3;3;0;0;3
2020-10-07 15:49:59;125;51;25;14;7;3;3;3;0;0;3
2020-10-07 15:50:59;125;51;25;14;7;3;3;3;0;0;3
2020-10-07 15:51:58;126;51;25;14;8;3;3;3;0;0;3
2020-10-07 15:52:59;126;51;25;14;8;3;3;3;0;0;3
2020-10-07 15:53:59;126;51;25;14;8;3;3;3;0;0;3
2020-10-07 15:54:58;126;51;25;14;8;3;3;3;0;0;3
2020-10-07 15:55:59;126;51;25;14;8;3;3;3;0;0;3
2020-10-07 15:56:59;126;51;25;14;8;3;3;3;0;0;3
2020-10-07 15:57:58;127;52;25;14;8;3;3;3;0;0;3
2020-10-07 15:58:59;127;52;25;14;8;3;3;3;0;0;3
2020-10-07 15:59:58;127;52;25;14;8;3;3;3;0;0;3
2020-10-07 16:00:59;127;52;25;14;8;3;3;3;0;0;3
2020-10-07 16:01:59;128;52;25;14;8;3;3;3;0;1;3
2020-10-07 16:02:58;128;52;25;14;8;3;3;3;0;1;3
2020-10-07 16:03:59;128;52;25;14;8;3;3;3;0;1;3
2020-10-07 16:04:59;128;52;25;14;8;3;3;3;0;1;3
2020-10-07 16:05:58;128;52;25;14;8;3;3;3;0;1;3
2020-10-07 16:06:59;128;52;25;14;8;3;3;3;0;1;3
2020-10-07 16:07:59;128;52;25;14;8;3;3;3;0;1;3
2020-10-07 16:08:58;128;52;25;14;8;3;3;3;0;1;3
2020-10-07 16:09:59;128;52;25;14;8;3;3;3;0;1;3
2020-10-07 16:11:00;128;52;25;14;8;3;3;3;0;1;3
2020-10-07 16:11:58;128;52;26;14;8;3;3;3;0;1;2
2020-10-07 16:12:59;128;52;26;14;8;3;3;3;0;1;2
2020-10-07 16:13:59;128;52;26;14;8;3;3;3;0;1;2
2020-10-07 16:14:58;128;52;26;14;8;3;3;3;0;1;2
2020-10-07 16:15:59;128;52;26;14;8;3;3;3;0;1;2
2020-10-07 16:16:59;129;53;26;14;8;3;3;3;0;1;2
2020-10-07 16:17:58;129;53;26;14;8;3;3;3;0;1;2
2020-10-07 16:18:59;129;53;26;14;8;3;3;3;0;1;2
2020-10-07 16:19:58;129;53;26;14;8;3;3;3;0;1;2
2020-10-07 16:20:59;129;53;26;14;8;3;3;3;0;1;2
2020-10-07 16:21:59;129;53;26;14;8;3;3;3;0;1;2
2020-10-07 16:22:59;129;53;26;14;8;3;3;3;0;1;2
2020-10-07 16:23:58;129;53;26;14;8;3;3;3;0;1;2
2020-10-07 16:24:59;129;53;26;14;8;3;3;3;0;1;2
2020-10-07 16:25:59;129;53;26;14;8;3;3;3;0;1;2
2020-10-07 16:26:58;129;53;26;14;8;3;3;3;0;1;2
2020-10-07 16:27:59;129;53;26;14;8;3;3;3;0;1;2
2020-10-07 16:28:59;129;53;26;14;8;3;3;3;0;1;2
2020-10-07 16:29:58;129;53;26;14;8;3;3;3;0;1;2
2020-10-07 16:30:59;129;53;26;14;8;3;3;3;0;1;2
2020-10-07 16:31:59;129;53;26;14;8;3;3;3;0;1;2
2020-10-07 16:32:58;129;53;26;14;8;3;3;3;0;1;2
2020-10-07 16:33:59;130;53;27;14;8;3;3;3;0;1;2
2020-10-07 16:34:59;130;53;27;14;8;3;3;3;0;1;2
2020-10-07 16:35:58;130;53;27;14;8;3;3;3;0;1;2
2020-10-07 16:36:59;130;53;27;14;8;3;3;3;0;1;2
2020-10-07 16:37:59;130;53;27;14;8;3;3;3;0;1;2
2020-10-07 16:38:58;130;53;27;14;8;3;3;3;0;1;2
2020-10-07 16:39:59;130;53;27;14;8;3;3;3;0;1;2
2020-10-07 16:40:59;130;53;27;14;8;3;3;3;0;1;2
2020-10-07 16:41:58;130;53;27;14;8;3;3;3;0;1;2
2020-10-07 16:42:59;130;53;27;14;8;3;3;3;0;1;2
2020-10-07 16:43:59;130;53;27;14;8;3;3;3;0;1;2
2020-10-07 16:44:58;131;54;27;14;8;3;3;3;0;1;2
2020-10-07 16:45:59;131;54;27;14;8;3;3;3;0;1;2
2020-10-07 16:46:59;131;54;27;14;8;3;3;3;0;1;2
2020-10-07 16:47:58;131;54;27;14;8;3;3;3;0;1;2
2020-10-07 16:48:59;131;54;27;14;8;3;3;3;0;1;2
2020-10-07 16:49:59;132;55;27;14;8;3;3;3;0;1;2
2020-10-07 16:50:58;133;56;27;14;8;3;3;3;0;1;2
2020-10-07 16:51:59;133;56;27;14;8;3;3;3;0;1;2
2020-10-07 16:52:59;133;56;27;14;8;3;3;3;0;1;2
2020-10-07 16:53:58;133;56;27;14;8;3;3;3;0;1;2
2020-10-07 16:54:59;133;56;27;14;8;3;3;3;0;1;2
2020-10-07 16:55:59;133;56;27;14;8;3;3;3;0;1;2
2020-10-07 16:56:58;133;56;27;14;8;3;3;3;0;1;2
2020-10-07 16:57:59;133;56;27;14;8;3;3;3;0;1;2
2020-10-07 16:58:59;133;56;27;14;8;3;3;3;0;1;2
2020-10-07 16:59:58;133;56;27;14;8;3;3;3;0;1;2
2020-10-07 17:00:59;133;56;27;14;8;3;3;3;0;1;2
2020-10-07 17:01:59;134;56;28;14;8;3;3;3;0;1;2
2020-10-07 17:02:59;134;56;28;14;8;3;3;3;0;1;2
2020-10-07 17:03:58;134;56;28;14;8;3;3;3;0;1;2
2020-10-07 17:04:59;134;56;28;14;8;3;3;3;0;1;2
2020-10-07 17:05:58;134;56;28;14;8;3;3;3;0;1;2
2020-10-07 17:06:59;134;56;28;14;8;3;3;3;0;1;2
2020-10-07 17:07:59;134;56;28;14;8;3;3;3;0;1;2
2020-10-07 17:08:58;134;56;28;14;8;3;3;3;0;1;2
2020-10-07 17:09:59;134;56;28;14;8;3;3;3;0;1;2
2020-10-07 17:10:59;134;56;28;14;8;3;3;3;0;1;2
2020-10-07 17:11:58;135;56;28;14;8;3;3;3;0;1;2
2020-10-07 17:12:59;135;56;28;14;8;3;3;3;0;1;2
2020-10-07 17:13:59;135;56;28;14;8;3;3;3;0;1;2
2020-10-07 17:14:58;135;56;28;14;8;3;3;3;0;1;2
2020-10-07 17:15:59;135;56;28;14;8;3;3;3;0;1;2
2020-10-07 17:16:59;135;56;28;14;8;3;3;3;0;1;2
2020-10-07 17:17:58;135;56;28;14;8;3;3;3;0;1;2
2020-10-07 17:18:59;135;56;28;14;8;3;3;3;0;1;2
2020-10-07 17:19:58;135;56;28;14;8;3;3;3;0;1;2
2020-10-07 17:20:59;135;56;28;14;8;3;3;3;0;1;2
2020-10-07 17:21:59;136;56;29;14;8;3;3;3;0;1;2
2020-10-07 17:23:00;136;56;29;14;8;3;3;3;0;1;2
2020-10-07 17:23:58;136;56;29;14;8;3;3;3;0;1;2
2020-10-07 17:24:59;136;56;29;14;8;3;3;3;0;1;2
2020-10-07 17:25:58;136;56;29;14;8;3;3;3;0;1;2
2020-10-07 17:26:59;136;56;29;14;8;3;3;3;0;1;2
2020-10-07 17:27:59;136;56;29;14;8;3;3;3;0;1;2
2020-10-07 17:28:59;136;56;29;14;8;3;3;3;0;1;2
2020-10-07 17:29:58;136;56;29;14;8;3;3;3;0;1;2
2020-10-07 17:30:59;136;56;29;14;8;3;3;3;0;1;2
2020-10-07 17:31:59;136;56;29;14;8;3;3;3;0;1;2
2020-10-07 17:32:58;136;56;29;14;8;3;3;3;0;1;2
2020-10-07 17:33:59;136;56;29;14;8;3;3;3;0;1;2
2020-10-07 17:34:59;136;56;29;14;8;3;3;3;0;1;2
2020-10-07 17:35:59;136;56;29;14;8;3;3;3;0;1;2
2020-10-07 17:36:58;136;56;29;14;8;3;3;3;0;1;2
2020-10-07 17:37:59;136;56;29;14;8;3;3;3;0;1;2
2020-10-07 17:38:59;136;56;29;14;8;3;3;3;0;1;2
2020-10-07 17:39:58;136;56;29;14;8;3;3;3;0;1;2
2020-10-07 17:40:59;137;56;29;14;8;4;3;3;0;1;2
2020-10-07 17:41:58;137;56;29;14;8;4;3;3;0;1;2
2020-10-07 17:42:59;137;56;29;14;8;4;3;3;0;1;2
2020-10-07 17:43:59;137;56;29;14;8;4;3;3;0;1;2
2020-10-07 17:44:58;137;56;29;14;8;4;3;3;0;1;2
2020-10-07 17:45:59;137;56;29;14;8;4;3;3;0;1;2
2020-10-07 17:47:00;137;56;29;14;8;4;3;3;0;1;2
2020-10-07 17:47:58;137;56;29;14;8;4;3;3;0;1;2
2020-10-07 17:48:59;137;56;29;14;8;4;3;3;0;1;2
2020-10-07 17:49:58;137;56;29;14;8;4;3;3;0;1;2
2020-10-07 17:50:59;137;56;29;14;8;4;3;3;0;1;2
2020-10-07 17:51:59;137;56;29;14;8;4;3;3;0;1;2
2020-10-07 17:52:58;137;56;29;14;8;4;3;3;0;1;2
2020-10-07 17:53:59;137;56;29;14;8;4;3;3;0;1;2
2020-10-07 17:54:59;137;56;29;14;8;4;3;3;0;1;2
2020-10-07 17:55:58;137;56;29;14;8;4;3;3;0;1;2
2020-10-07 17:56:59;137;56;29;14;8;4;3;3;0;1;2
2020-10-07 17:57:59;137;56;29;14;8;4;3;3;0;1;2
2020-10-07 17:58:58;137;56;29;14;8;4;3;3;0;1;2
2020-10-07 17:59:59;137;56;29;14;8;4;3;3;0;1;2
2020-10-07 18:00:59;138;57;29;14;8;4;3;3;0;1;2
2020-10-07 18:01:58;140;57;31;14;8;4;3;3;0;1;2
2020-10-07 18:02:59;140;57;31;14;8;4;3;3;0;1;2
2020-10-07 18:03:59;140;57;31;14;8;4;3;3;0;1;2
2020-10-07 18:04:58;141;57;32;14;8;4;3;3;0;1;2
2020-10-07 18:05:59;142;57;33;14;8;4;3;3;0;1;2
2020-10-07 18:06:59;142;57;33;14;8;4;3;3;0;1;2
2020-10-07 18:07:58;142;57;33;14;8;4;3;3;0;1;2
2020-10-07 18:08:59;142;57;33;14;8;4;3;3;0;1;2
2020-10-07 18:09:59;142;57;33;14;8;4;3;3;0;1;2
2020-10-07 18:10:58;141;57;33;14;8;4;3;3;1;1;2
2020-10-07 18:11:59;141;57;33;14;8;4;3;3;1;1;2
2020-10-07 18:12:59;141;57;33;14;8;4;3;3;1;1;2
2020-10-07 18:13:58;141;57;33;14;8;4;3;3;1;1;2
2020-10-07 18:14:59;141;57;33;14;8;4;3;3;1;1;2
2020-10-07 18:15:59;141;57;33;14;8;4;3;3;1;1;2
2020-10-07 18:16:58;141;57;33;14;8;4;3;3;1;1;2
2020-10-07 18:17:59;141;57;33;14;8;4;3;3;1;1;2
2020-10-07 18:18:59;141;57;33;14;8;4;3;3;1;1;2
2020-10-07 18:19:58;141;57;33;14;8;4;3;3;1;1;2
2020-10-07 18:20:59;141;57;33;14;8;4;3;3;1;1;2
2020-10-07 18:21:59;141;57;33;14;8;4;3;3;1;1;2
2020-10-07 18:22:58;141;57;33;14;8;4;3;3;1;1;2
2020-10-07 18:23:59;141;57;33;14;8;4;3;3;1;1;2
2020-10-07 18:24:59;142;58;33;14;8;4;3;3;1;1;2
2020-10-07 18:25:58;143;59;33;14;8;4;3;3;1;1;2
2020-10-07 18:26:59;143;59;33;14;8;4;3;3;1;1;2
2020-10-07 18:27:59;143;59;33;14;8;4;3;3;1;1;2
2020-10-07 18:28:58;143;59;33;14;8;4;3;3;1;1;2
2020-10-07 18:29:59;143;59;33;14;8;4;3;3;1;1;2
2020-10-07 18:30:59;143;59;33;14;8;4;3;3;1;1;2
2020-10-07 18:31:58;143;59;33;14;8;4;3;3;1;1;2
2020-10-07 18:32:59;143;59;33;14;8;4;3;3;1;1;2
2020-10-07 18:33:59;143;59;33;14;8;4;3;3;1;1;2
2020-10-07 18:34:58;144;59;33;14;8;4;3;4;1;1;2
2020-10-07 18:35:59;144;59;33;14;8;4;3;4;1;1;2
2020-10-07 18:36:59;144;59;33;14;8;4;3;4;1;1;2
2020-10-07 18:37:58;144;59;33;14;8;4;3;4;1;1;2
2020-10-07 18:38:59;144;59;33;14;8;4;3;4;1;1;2
2020-10-07 18:39:58;144;59;33;14;8;4;3;4;1;1;2
2020-10-07 18:40:59;144;59;33;14;8;4;3;4;1;1;2
2020-10-07 18:41:59;145;60;33;14;8;4;3;4;1;1;2
2020-10-07 18:42:58;145;60;33;14;8;4;3;4;1;1;2
2020-10-07 18:43:59;146;60;34;14;8;4;3;4;1;1;2
2020-10-07 18:44:59;146;60;34;14;8;4;3;4;1;1;2
2020-10-07 18:45:58;146;60;34;14;8;4;3;4;1;1;2
2020-10-07 18:46:59;146;60;34;14;8;4;3;4;1;1;2
2020-10-07 18:47:59;146;60;34;14;8;4;3;4;1;1;2
2020-10-07 18:48:58;146;60;34;14;8;4;3;4;1;1;2
2020-10-07 18:49:59;146;60;34;14;8;4;3;4;1;1;2
2020-10-07 18:50:59;146;60;34;14;8;4;3;4;1;1;2
2020-10-07 18:51:58;146;60;34;14;8;4;3;4;1;1;2
2020-10-07 18:52:59;147;61;34;14;8;4;3;4;1;1;2
2020-10-07 18:53:59;147;61;34;14;8;4;3;4;1;1;2
2020-10-07 18:54:58;147;61;34;14;8;4;3;4;1;1;2
2020-10-07 18:55:59;147;61;34;14;8;4;3;4;1;1;2
2020-10-07 18:56:59;148;61;34;14;8;4;3;5;1;1;2
2020-10-07 18:57:58;148;61;34;14;8;4;3;5;1;1;2
2020-10-07 18:58:59;148;61;34;14;8;4;3;5;1;1;2
2020-10-07 19:00:00;148;61;34;14;8;4;3;5;1;1;2
2020-10-07 19:00:58;148;61;34;14;8;4;3;5;1;1;2
2020-10-07 19:01:59;149;61;35;14;8;4;3;5;1;1;2
2020-10-07 19:02:59;150;61;35;14;8;4;3;5;2;1;2
2020-10-07 19:03:58;150;61;35;14;8;4;3;5;2;1;2
2020-10-07 19:04:59;150;61;35;14;8;4;3;5;2;1;2
2020-10-07 19:05:59;150;61;35;14;8;4;3;5;2;1;2
2020-10-07 19:06:58;150;61;35;14;8;4;3;5;2;1;2
2020-10-07 19:07:59;150;61;35;14;8;4;3;5;2;1;2
2020-10-07 19:08:59;150;61;35;14;8;4;3;5;2;1;2
2020-10-07 19:09:58;151;62;35;14;8;4;3;5;2;1;2
2020-10-07 19:10:59;151;62;35;14;8;4;3;5;2;1;2
2020-10-07 19:11:59;151;62;35;14;8;4;3;5;2;1;2
2020-10-07 19:12:58;152;62;36;14;8;4;3;5;2;1;2
2020-10-07 19:13:59;152;62;36;14;8;4;3;5;2;1;2
2020-10-07 19:14:59;152;62;36;14;8;4;3;5;2;1;2
2020-10-07 19:15:58;152;62;36;14;8;4;3;5;2;1;2
2020-10-07 19:16:59;152;62;36;14;8;4;3;5;2;1;2
2020-10-07 19:17:59;152;62;36;14;8;4;3;5;2;1;2
2020-10-07 19:18:58;152;62;36;14;8;4;3;5;2;1;2
2020-10-07 19:19:59;153;62;37;14;8;4;3;5;2;1;2
2020-10-07 19:20:59;154;62;37;14;9;4;3;5;2;1;2
2020-10-07 19:21:58;154;62;37;14;9;4;3;5;2;1;2
2020-10-07 19:22:59;154;62;37;14;9;4;3;5;2;1;2
2020-10-07 19:23:59;154;62;37;14;9;4;3;5;2;1;2
2020-10-07 19:24:58;154;62;37;14;9;4;3;5;2;1;2
2020-10-07 19:25:59;155;62;38;14;9;4;3;5;2;1;2
2020-10-07 19:26:59;155;62;38;14;9;4;3;5;2;1;2
2020-10-07 19:27:58;155;62;38;14;9;4;3;5;2;1;2
2020-10-07 19:28:59;155;62;38;14;9;4;3;5;2;1;2
2020-10-07 19:29:59;155;62;38;14;9;4;3;5;2;1;2
2020-10-07 19:30:58;155;62;38;14;9;4;3;5;2;1;2
2020-10-07 19:31:59;155;62;38;14;9;4;3;5;2;1;2
2020-10-07 19:32:59;155;62;38;14;9;4;3;5;2;1;2
2020-10-07 19:33:58;155;62;38;14;9;4;3;5;2;1;2
2020-10-07 19:34:59;156;63;38;14;9;4;3;5;2;1;2
2020-10-07 19:35:59;156;63;38;14;9;4;3;5;2;1;2
2020-10-07 19:36:58;156;63;38;14;9;4;3;5;2;1;2
2020-10-07 19:37:59;156;63;38;14;9;4;3;5;2;1;2
2020-10-07 19:38:59;156;63;38;14;9;4;3;5;2;1;2
2020-10-07 19:39:58;156;63;38;14;9;4;3;5;2;1;2
2020-10-07 19:40:59;156;63;38;14;9;4;3;5;2;1;2
2020-10-07 19:41:59;156;63;38;14;9;4;3;5;2;1;2
2020-10-07 19:42:58;156;63;38;14;9;4;3;5;2;1;2
2020-10-07 19:43:59;156;63;38;14;9;4;3;5;2;1;2
2020-10-07 19:44:59;156;63;38;14;9;4;3;5;2;1;2
2020-10-07 19:45:58;156;63;38;14;9;4;3;5;2;1;2
2020-10-07 19:46:59;157;63;38;15;9;4;3;5;2;1;2
2020-10-07 19:47:59;157;63;38;15;9;4;3;5;2;1;2
2020-10-07 19:48:59;157;63;38;15;9;4;3;5;2;1;2
2020-10-07 19:49:58;157;63;38;15;9;4;3;5;2;1;2
2020-10-07 19:50:59;157;63;38;15;9;4;3;5;2;1;2
2020-10-07 19:51:59;158;63;39;15;9;4;3;5;2;1;2
2020-10-07 19:52:58;158;63;39;15;9;4;3;5;2;1;2
2020-10-07 19:53:59;158;63;39;15;9;4;3;5;2;1;2
2020-10-07 19:54:58;158;63;39;15;9;4;3;5;2;1;2
2020-10-07 19:55:59;158;63;39;15;9;4;3;5;2;1;2
2020-10-07 19:56:58;159;64;39;15;9;4;3;5;2;1;2
2020-10-07 19:57:59;159;64;39;15;9;4;3;5;2;1;2
2020-10-07 19:58:59;160;64;39;15;9;5;3;5;2;1;2
2020-10-07 19:59:58;160;64;39;15;9;5;3;5;2;1;2
2020-10-07 20:00:59;160;64;39;15;9;5;3;5;2;1;2
2020-10-07 20:01:59;160;64;39;15;9;5;3;5;2;1;2
2020-10-07 20:02:58;161;64;40;15;9;5;3;5;2;1;2
2020-10-07 20:03:59;162;64;40;15;9;6;3;5;2;1;2
2020-10-07 20:04:59;162;64;40;15;9;6;3;5;2;1;2
2020-10-07 20:05:58;162;64;40;15;9;6;3;5;2;1;2
2020-10-07 20:06:59;162;64;40;15;9;6;3;5;2;1;2
2020-10-07 20:07:59;163;64;40;15;9;6;4;5;2;1;2
2020-10-07 20:08:58;163;64;40;15;9;6;4;5;2;1;2
2020-10-07 20:09:59;163;64;40;15;9;6;4;5;2;1;2
2020-10-07 20:10:59;164;64;40;16;9;6;4;5;2;1;2
2020-10-07 20:11:58;164;64;40;16;9;6;4;5;2;1;2
2020-10-07 20:12:59;164;64;40;16;9;6;4;5;2;1;2
2020-10-07 20:13:59;164;64;40;16;9;6;4;5;2;1;2
2020-10-07 20:14:58;164;64;40;16;9;6;4;5;2;1;2
2020-10-07 20:15:59;164;64;40;16;9;6;4;5;2;1;2
2020-10-07 20:16:58;164;64;40;16;9;6;4;5;2;1;2
2020-10-07 20:17:59;164;64;40;16;9;6;4;5;2;1;2
2020-10-07 20:18:59;164;64;40;16;9;6;4;5;2;1;2
2020-10-07 20:19:58;164;64;40;16;9;6;4;5;2;1;2
2020-10-07 20:20:59;165;65;40;16;9;6;4;5;2;1;2
2020-10-07 20:21:58;165;65;40;16;9;6;4;5;2;1;2
2020-10-07 20:22:59;165;65;40;16;9;6;4;5;2;1;2
2020-10-07 20:23:59;165;65;40;16;9;6;4;5;2;1;2
2020-10-07 20:24:58;165;65;40;16;9;6;4;5;2;1;2
2020-10-07 20:25:59;165;65;40;16;9;6;4;5;2;1;2
2020-10-07 20:26:59;165;65;40;16;9;6;4;5;2;1;2
2020-10-07 20:27:58;165;65;40;16;9;6;4;5;2;1;2
2020-10-07 20:28:59;165;65;40;16;9;6;4;5;2;1;2
2020-10-07 20:29:59;165;65;40;16;9;6;4;5;2;1;2
2020-10-07 20:30:58;167;67;40;16;9;6;4;5;2;1;2
2020-10-07 20:31:59;167;67;40;16;9;6;4;5;2;1;2
2020-10-07 20:32:59;167;67;40;16;9;6;4;5;2;1;2
2020-10-07 20:33:58;168;67;41;16;9;6;4;5;2;1;2
2020-10-07 20:34:59;168;67;41;16;9;6;4;5;2;1;2
2020-10-07 20:35:59;168;67;41;16;9;6;4;5;2;1;2
2020-10-07 20:36:58;168;67;41;16;9;6;4;5;2;1;2
2020-10-07 20:37:59;168;67;41;16;9;6;4;5;2;1;2
2020-10-07 20:38:59;168;67;42;16;9;6;4;5;2;1;2
2020-10-07 20:39:58;168;67;42;16;9;6;4;5;2;1;2
2020-10-07 20:40:59;169;68;42;16;9;6;4;5;2;1;2
2020-10-07 20:41:59;169;68;42;16;9;6;4;5;2;1;2
2020-10-07 20:42:58;169;68;42;16;9;6;4;5;2;1;2
2020-10-07 20:43:59;169;68;42;16;9;6;4;5;2;1;2
2020-10-07 20:44:59;170;69;42;16;9;6;4;5;2;1;2
2020-10-07 20:45:58;170;69;42;16;9;6;4;5;2;1;2
2020-10-07 20:46:59;171;70;42;16;9;6;4;5;2;1;2
2020-10-07 20:47:59;171;70;42;16;9;6;4;5;2;1;2
2020-10-07 20:48:58;172;70;42;16;9;7;4;5;2;1;2
2020-10-07 20:49:59;172;70;42;16;9;7;4;5;2;1;2
2020-10-07 20:50:59;172;70;42;16;9;7;4;5;2;1;2
2020-10-07 20:51:58;172;70;42;16;9;7;4;5;2;1;2
2020-10-07 20:52:59;172;70;42;16;9;7;4;5;2;1;2
2020-10-07 20:54:00;173;71;42;16;9;7;4;5;2;1;2
2020-10-07 20:54:58;174;71;43;16;9;7;4;5;2;1;2
2020-10-07 20:55:59;174;71;43;16;9;7;4;5;2;1;2
2020-10-07 20:56:58;174;71;43;16;9;7;4;5;2;1;2
2020-10-07 20:57:59;174;71;43;16;9;7;4;5;2;1;2
2020-10-07 20:58:59;174;71;43;16;9;7;4;5;2;1;2
2020-10-07 20:59:58;174;71;44;15;9;7;4;5;2;1;2
2020-10-07 21:00:59;174;71;44;15;9;7;4;5;2;1;2
2020-10-07 21:01:59;173;71;44;15;9;7;4;5;2;1;2
2020-10-07 21:02:58;173;71;44;15;9;7;4;5;2;1;2
2020-10-07 21:03:59;173;71;44;15;9;7;4;5;2;1;2
2020-10-07 21:04:59;174;71;45;15;9;7;4;5;2;1;2
2020-10-07 21:05:58;175;72;45;15;9;7;4;5;2;1;2
2020-10-07 21:06:59;175;72;45;15;9;7;4;5;2;1;2
2020-10-07 21:07:58;175;72;45;15;9;7;4;5;2;1;2
2020-10-07 21:08:59;175;72;45;15;9;7;4;5;2;1;2
2020-10-07 21:09:59;175;72;45;15;9;7;4;5;2;1;2
2020-10-07 21:10:59;175;72;45;15;9;7;4;5;2;1;2
2020-10-07 21:11:58;175;72;45;15;9;7;4;5;2;1;2
2020-10-07 21:12:59;175;72;45;15;9;7;4;5;2;1;2
2020-10-07 21:13:59;175;72;45;15;9;7;4;5;2;1;2
2020-10-07 21:14:58;174;72;45;15;9;7;4;5;2;1;1
2020-10-07 21:15:59;174;72;45;15;9;7;4;5;2;1;1
2020-10-07 21:16:59;174;72;45;15;9;7;4;5;2;1;1
2020-10-07 21:17:58;174;72;45;15;9;7;4;5;2;1;1
2020-10-07 21:18:59;174;72;45;15;9;7;4;5;2;1;1
2020-10-07 21:19:58;174;72;45;15;9;7;4;5;2;1;1
2020-10-07 21:20:59;174;72;45;15;9;7;4;5;2;1;1
2020-10-07 21:21:59;174;72;45;15;9;7;4;5;2;1;1
2020-10-07 21:22:58;174;72;45;15;9;7;4;5;2;1;1
2020-10-07 21:23:59;175;72;46;15;9;7;4;5;2;1;1
2020-10-07 21:24:58;175;72;46;15;9;7;4;5;2;1;1
2020-10-07 21:25:59;175;72;46;15;9;7;4;5;2;1;1
2020-10-07 21:26:59;175;72;46;15;9;7;4;5;2;1;1
2020-10-07 21:27:58;175;72;46;15;9;7;4;5;2;1;1
2020-10-07 21:28:59;175;72;46;15;9;7;4;5;2;1;1
2020-10-07 21:29:59;175;72;46;15;9;7;4;5;2;1;1
2020-10-07 21:30:58;175;72;46;15;9;7;4;5;2;1;1
2020-10-07 21:31:59;175;72;46;15;9;7;4;5;2;1;1
2020-10-07 21:32:59;175;72;46;15;9;7;4;5;2;1;1
2020-10-07 21:33:58;175;72;46;15;9;7;4;5;2;1;1
2020-10-07 21:34:59;175;72;46;15;9;7;4;5;2;1;1
2020-10-07 21:35:59;175;72;46;15;9;7;4;5;2;1;1
2020-10-07 21:36:59;175;72;46;15;9;7;4;5;2;1;1
2020-10-07 21:37:58;175;72;46;15;9;7;4;5;2;1;1
2020-10-07 21:38:59;175;72;46;15;9;7;4;5;2;1;1
2020-10-07 21:39:59;175;72;46;15;9;7;4;5;2;1;1
2020-10-07 21:40:58;175;72;47;14;9;7;4;5;2;1;1
2020-10-07 21:41:59;175;72;47;14;9;7;4;5;2;1;1
2020-10-07 21:42:59;175;72;47;14;9;7;4;5;2;1;1
2020-10-07 21:43:58;175;72;47;14;9;7;4;5;2;1;1
2020-10-07 21:44:59;175;72;47;14;9;7;4;5;2;1;1
2020-10-07 21:45:59;175;72;47;14;9;7;4;5;2;1;1
2020-10-07 21:46:58;176;72;47;15;9;7;4;5;2;1;1
2020-10-07 21:47:59;177;72;48;15;9;7;4;5;2;1;1
2020-10-07 21:48:59;177;72;48;15;9;7;4;5;2;1;1
2020-10-07 21:49:58;177;72;48;15;9;7;4;5;2;1;1
2020-10-07 21:50:59;178;72;49;15;9;7;4;5;2;1;1
2020-10-07 21:51:59;178;72;49;15;9;7;4;5;2;1;1
2020-10-07 21:52:58;178;72;49;15;9;7;4;5;2;1;1
2020-10-07 21:53:59;179;73;49;15;9;7;4;5;2;1;1
2020-10-07 21:54:58;179;73;49;15;9;7;4;5;2;1;1
2020-10-07 21:55:59;179;73;49;15;9;7;4;5;2;1;1
2020-10-07 21:56:59;179;73;49;15;9;7;4;5;2;1;1
2020-10-07 21:57:58;180;73;49;15;9;7;4;5;2;1;1
2020-10-07 21:58:59;180;73;49;15;9;7;4;5;2;1;1
2020-10-07 21:59:59;180;73;49;15;9;7;4;5;2;1;1
2020-10-07 22:00:58;180;73;49;15;9;7;4;5;2;1;1
2020-10-07 22:01:59;181;73;49;15;9;7;5;5;2;1;1
2020-10-07 22:02:59;181;73;49;15;9;7;5;5;2;1;1
2020-10-07 22:03:58;181;73;49;15;9;7;5;5;2;1;1
2020-10-07 22:04:59;181;73;49;15;9;7;5;5;2;1;1
2020-10-07 22:05:59;181;73;49;15;9;7;5;5;2;1;1
2020-10-07 22:06:58;181;73;49;15;9;7;5;5;2;1;1
2020-10-07 22:07:59;181;73;49;15;9;7;5;5;2;1;1
2020-10-07 22:08:59;181;73;49;15;9;7;5;5;2;1;1
2020-10-07 22:09:58;181;73;49;15;9;7;5;5;2;1;1
2020-10-07 22:10:59;181;73;49;15;9;7;5;5;2;1;1
2020-10-07 22:11:59;181;73;49;15;9;7;5;5;2;1;1
2020-10-07 22:12:58;181;73;49;15;9;7;5;5;2;1;1
2020-10-07 22:13:59;181;73;49;15;9;7;5;5;2;1;1
2020-10-07 22:14:58;181;73;49;15;9;7;5;5;2;1;1
2020-10-07 22:15:59;181;73;49;15;9;7;5;5;2;1;1
2020-10-07 22:16:59;181;73;49;15;9;7;5;5;2;1;1
2020-10-07 22:17:59;181;73;49;15;9;7;5;5;2;1;1
2020-10-07 22:18:58;182;73;50;15;9;7;5;5;2;1;1
2020-10-07 22:19:59;182;73;50;15;9;7;5;5;2;1;1
2020-10-07 22:20:58;182;73;50;15;9;7;5;5;2;1;1
2020-10-07 22:21:59;182;73;50;15;9;7;5;5;2;1;1
2020-10-07 22:22:58;183;74;50;15;9;7;5;5;2;1;1
2020-10-07 22:23:59;183;74;50;15;9;7;5;5;2;1;1
2020-10-07 22:24:59;183;74;50;15;9;7;5;5;2;1;1
2020-10-07 22:25:58;183;74;50;15;9;7;5;5;2;1;1
2020-10-07 22:26:59;183;74;50;15;9;7;5;5;2;1;1
2020-10-07 22:27:59;183;74;50;15;9;7;5;5;2;1;1
2020-10-07 22:28:58;183;74;50;15;9;7;5;5;2;1;1
2020-10-07 22:29:59;183;74;50;15;9;7;5;5;2;1;1
2020-10-07 22:30:59;183;74;50;15;9;7;5;5;2;1;1
2020-10-07 22:31:58;183;74;50;15;9;7;5;5;2;1;1
2020-10-07 22:32:59;183;74;50;15;9;7;5;5;2;1;1
2020-10-07 22:33:59;183;74;50;15;9;7;5;5;2;1;1
2020-10-07 22:34:58;183;74;50;15;9;7;5;5;2;1;1
2020-10-07 22:35:59;183;74;50;15;9;7;5;5;2;1;1
2020-10-07 22:36:59;183;74;50;15;9;7;5;5;2;1;1
2020-10-07 22:37:58;183;74;50;15;9;7;5;5;2;1;1
2020-10-07 22:38:59;183;74;50;15;9;7;5;5;2;1;1
2020-10-07 22:39:59;183;74;50;15;9;7;5;5;2;1;1
2020-10-07 22:40:58;183;74;50;15;9;7;5;5;2;1;1
2020-10-07 22:41:59;183;74;50;15;9;7;5;5;2;1;1
2020-10-07 22:42:59;183;74;50;15;9;7;5;5;2;1;1
2020-10-07 22:43:58;184;74;51;15;9;7;5;5;2;1;1
2020-10-07 22:44:59;184;74;51;15;9;7;5;5;2;1;1
2020-10-07 22:45:58;184;74;51;15;9;7;5;5;2;1;1
2020-10-07 22:46:59;184;74;51;15;9;7;5;5;2;1;1
2020-10-07 22:47:59;184;74;51;15;9;7;5;5;2;1;1
2020-10-07 22:48:58;184;74;51;15;9;7;5;5;2;1;1
2020-10-07 22:49:59;184;74;51;15;9;7;5;5;2;1;1
2020-10-07 22:50:58;184;74;51;15;9;7;5;5;2;1;1
2020-10-07 22:51:59;184;74;51;15;9;7;5;5;2;1;1
2020-10-07 22:52:59;184;74;51;15;9;7;5;5;2;1;1
2020-10-07 22:53:58;184;74;51;15;9;7;5;5;2;1;1
2020-10-07 22:54:59;184;74;51;15;9;7;5;5;2;1;1
2020-10-07 22:55:58;184;74;52;15;9;7;5;5;2;1;1
2020-10-07 22:56:59;184;74;52;15;9;7;5;5;2;1;1
2020-10-07 22:57:59;185;75;52;15;9;7;5;5;2;1;1
2020-10-07 22:59:00;185;75;52;15;9;7;5;5;2;1;1
2020-10-07 22:59:58;185;75;52;15;9;7;5;5;2;1;1
2020-10-07 23:00:59;187;75;54;15;9;7;5;5;2;1;1
2020-10-07 23:01:58;187;75;54;15;9;7;5;5;2;1;1
2020-10-07 23:02:59;187;75;54;15;9;7;5;5;2;1;1
2020-10-07 23:03:58;187;75;54;15;9;7;5;5;2;1;1
2020-10-07 23:04:59;187;75;54;15;9;7;5;5;2;1;1
2020-10-07 23:05:59;187;75;54;15;9;7;5;5;2;1;1
2020-10-07 23:06:58;187;75;54;15;9;7;5;5;2;1;1
2020-10-07 23:07:59;187;75;54;15;9;7;5;5;2;1;1
2020-10-07 23:08:59;187;76;54;15;9;7;5;5;2;1;1
2020-10-07 23:09:58;187;76;54;15;9;7;5;5;2;1;1
2020-10-07 23:10:59;187;76;54;15;9;7;5;5;2;1;1
2020-10-07 23:11:59;187;76;54;15;9;7;5;5;2;1;1
2020-10-07 23:12:58;187;76;54;15;9;7;5;5;2;1;1
2020-10-07 23:13:59;187;76;54;15;9;7;5;5;2;1;1
2020-10-07 23:14:58;187;76;54;15;9;7;5;5;2;1;1
2020-10-07 23:15:59;187;76;54;15;9;7;5;5;2;1;1
2020-10-07 23:16:59;187;76;54;15;9;7;5;5;2;1;1
2020-10-07 23:17:58;187;76;54;15;9;7;5;5;2;1;1
2020-10-07 23:18:59;187;76;54;15;9;7;5;5;2;1;1
2020-10-07 23:19:58;187;76;54;15;9;7;5;5;2;1;1
2020-10-07 23:20:59;187;76;54;15;9;7;5;5;2;1;1
2020-10-07 23:21:59;187;76;54;15;9;7;5;5;2;1;1
2020-10-07 23:22:58;187;76;54;15;9;7;5;5;2;1;1
2020-10-07 23:23:59;187;76;54;15;9;7;5;5;2;1;1
2020-10-07 23:24:59;187;76;54;15;9;7;5;5;2;1;1
2020-10-07 23:25:58;187;76;54;15;9;7;5;5;2;1;1
2020-10-07 23:26:59;187;76;54;15;9;7;5;5;2;1;1
2020-10-07 23:27:58;187;76;55;15;9;7;5;5;2;1;1
2020-10-07 23:28:59;187;76;55;15;9;7;5;5;2;1;1
2020-10-07 23:29:59;187;76;55;15;9;7;5;5;2;1;1
2020-10-07 23:30:58;187;76;55;15;9;7;5;5;2;1;1
2020-10-07 23:31:59;187;76;55;15;9;7;5;5;2;1;1
2020-10-07 23:32:59;187;76;55;15;9;7;5;5;2;1;1
2020-10-07 23:33:58;187;76;55;15;9;7;5;5;2;1;1
2020-10-07 23:34:59;188;76;55;16;9;7;5;5;2;1;1
2020-10-07 23:35:59;188;76;55;16;9;7;5;5;2;1;1
2020-10-07 23:36:58;188;76;55;16;9;7;5;5;2;1;1
2020-10-07 23:37:59;188;76;56;15;9;7;5;5;2;1;1
2020-10-07 23:38:59;188;76;56;15;9;7;5;5;2;1;1
2020-10-07 23:39:58;188;76;56;15;9;7;5;5;2;1;1
2020-10-07 23:40:59;188;76;56;15;9;7;5;5;2;1;1
2020-10-07 23:41:59;188;76;56;15;9;7;5;5;2;1;1
2020-10-07 23:42:58;188;76;56;15;9;7;5;5;2;1;1
2020-10-07 23:43:59;188;76;56;15;9;7;5;5;2;1;1
2020-10-07 23:44:58;190;76;57;16;9;7;5;5;2;1;1
2020-10-07 23:45:59;190;76;57;16;9;7;5;5;2;1;1
2020-10-07 23:46:59;190;76;57;16;9;7;5;5;2;1;1
2020-10-07 23:47:58;190;76;57;16;9;7;5;5;2;1;1
2020-10-07 23:48:59;190;76;57;16;9;7;5;5;2;1;1
2020-10-07 23:49:59;190;76;57;16;9;7;5;5;2;1;1
2020-10-07 23:50:58;191;77;57;16;9;7;5;5;2;1;1
2020-10-07 23:51:59;191;77;57;16;9;7;5;5;2;1;1
2020-10-07 23:52:59;191;77;57;16;9;7;5;5;2;1;1
2020-10-07 23:53:58;191;77;57;16;9;7;5;5;2;1;1
2020-10-07 23:54:59;191;77;57;16;9;7;5;5;2;1;1
2020-10-07 23:55:59;191;77;57;16;9;7;5;5;2;1;1
2020-10-07 23:56:58;191;77;57;16;9;7;5;5;2;1;1
2020-10-07 23:57:59;191;77;57;16;9;7;5;5;2;1;1
2020-10-07 23:58:58;191;77;57;16;9;7;5;5;2;1;1
2020-10-07 23:59:59;191;77;57;16;9;7;5;5;2;1;1
