datetime;total_votes;heroin;Rumpelstilzchen;1917;navalny;Zippymax;quick_justice;shamanka2_0;Fill;HugoStiglitz;UndeadMoroz
2020-10-14 00:00:59;0;0;1;0;0;0;0;0;0;0;0
2020-10-14 00:01:59;3;0;2;1;0;0;0;0;0;0;0
2020-10-14 00:02:59;3;0;2;1;0;0;0;0;0;0;0
2020-10-14 00:03:58;4;0;2;1;0;0;0;0;0;0;0
2020-10-14 00:04:59;4;0;2;1;0;0;0;0;0;0;0
2020-10-14 00:05:59;4;0;2;1;0;0;0;0;0;0;0
2020-10-14 00:06:58;4;0;2;1;0;0;0;0;0;0;0
2020-10-14 00:07:59;4;0;2;1;0;0;0;0;0;0;0
2020-10-14 00:08:59;7;0;3;2;0;0;0;0;0;0;0
2020-10-14 00:09:58;7;0;3;2;0;0;0;0;0;0;0
2020-10-14 00:10:59;7;0;3;2;0;0;0;0;0;0;0
2020-10-14 00:11:59;8;0;3;2;0;0;0;0;0;1;0
2020-10-14 00:12:58;12;0;3;2;0;0;0;0;0;3;0
2020-10-14 00:13:59;12;0;3;2;0;0;0;0;0;3;0
2020-10-14 00:14:59;13;0;3;2;0;0;0;0;0;3;1
2020-10-14 00:15:58;13;0;3;2;0;0;0;0;0;3;1
2020-10-14 00:16:59;13;0;3;2;0;0;0;0;0;3;1
2020-10-14 00:17:59;14;0;3;2;1;0;0;0;0;3;1
2020-10-14 00:18:58;15;0;3;2;1;0;0;0;1;3;1
2020-10-14 00:19:59;15;0;3;2;1;0;0;0;1;3;1
2020-10-14 00:20:58;17;0;4;2;0;0;0;1;1;3;1
2020-10-14 00:21:59;17;0;4;2;0;0;0;1;1;3;1
2020-10-14 00:22:59;17;0;4;2;0;0;0;1;1;3;1
2020-10-14 00:23:58;18;0;4;3;0;0;0;1;1;3;1
2020-10-14 00:24:59;18;0;4;3;0;0;0;1;1;3;1
2020-10-14 00:25:59;18;0;4;3;0;0;0;1;1;3;1
2020-10-14 00:26:58;19;1;4;3;0;0;0;1;1;3;1
2020-10-14 00:27:59;20;1;5;3;0;0;0;1;1;3;1
2020-10-14 00:28:59;21;1;6;3;0;0;0;1;1;3;1
2020-10-14 00:29:58;21;1;6;3;0;0;0;1;1;3;1
2020-10-14 00:30:59;21;1;6;3;0;0;0;1;1;3;1
2020-10-14 00:31:58;22;2;6;3;0;0;0;1;1;3;1
2020-10-14 00:32:59;22;2;6;3;0;0;0;1;1;3;1
2020-10-14 00:33:58;22;2;6;3;0;0;0;1;1;3;1
2020-10-14 00:34:59;23;2;6;3;0;0;0;1;1;3;1
2020-10-14 00:35:59;23;2;6;3;0;0;0;1;1;3;1
2020-10-14 00:36:58;23;2;6;3;0;0;0;1;1;3;1
2020-10-14 00:37:59;23;2;6;3;0;0;0;1;1;3;1
2020-10-14 00:38:59;24;2;6;3;0;0;0;2;1;3;1
2020-10-14 00:39:59;24;2;6;3;0;0;0;2;1;3;1
2020-10-14 00:40:58;25;2;6;3;0;0;0;2;1;4;1
2020-10-14 00:41:59;26;2;6;3;0;0;0;2;1;4;1
2020-10-14 00:42:59;26;2;6;3;0;0;0;2;1;4;1
2020-10-14 00:43:58;27;2;7;3;0;0;0;2;1;4;1
2020-10-14 00:44:59;27;2;7;3;0;0;0;2;1;4;1
2020-10-14 00:45:59;28;2;7;4;0;0;0;2;1;4;1
2020-10-14 00:46:59;28;2;7;4;0;0;0;2;1;4;1
2020-10-14 00:47:58;28;2;7;4;0;0;0;2;1;4;1
2020-10-14 00:48:59;29;2;7;4;0;0;0;2;1;4;0
2020-10-14 00:49:59;29;2;7;4;0;0;0;2;1;4;0
2020-10-14 00:50:59;29;2;7;4;0;0;0;2;1;4;0
2020-10-14 00:51:58;29;2;7;4;0;0;0;2;1;4;0
2020-10-14 00:52:59;30;2;7;5;0;0;0;2;1;4;0
2020-10-14 00:53:59;31;2;7;5;0;0;0;2;1;4;0
2020-10-14 00:54:58;31;2;7;5;0;0;0;2;1;4;0
2020-10-14 00:55:59;31;2;7;5;0;0;0;2;1;4;0
2020-10-14 00:56:59;31;2;7;5;0;0;0;2;1;4;0
2020-10-14 00:57:58;33;3;7;5;1;0;0;2;0;4;1
2020-10-14 00:58:59;33;3;7;5;1;0;0;2;0;4;1
2020-10-14 00:59:59;33;3;7;5;1;0;0;2;0;4;1
2020-10-14 01:00:58;33;3;7;5;1;0;0;2;0;4;1
2020-10-14 01:01:59;35;3;7;6;1;0;0;2;0;4;0
2020-10-14 01:02:59;35;3;7;6;1;0;0;2;0;4;0
2020-10-14 01:03:58;35;3;7;6;1;0;0;2;0;4;0
2020-10-14 01:04:59;36;3;8;6;1;0;0;2;0;4;0
2020-10-14 01:05:59;36;3;8;6;1;0;0;2;0;4;0
2020-10-14 01:06:58;36;4;8;6;1;0;0;2;0;4;1
2020-10-14 01:07:59;37;4;9;6;1;0;0;2;0;4;1
2020-10-14 01:08:59;38;5;9;6;1;0;0;2;0;4;1
2020-10-14 01:09:58;38;5;9;6;1;0;0;2;0;4;1
2020-10-14 01:10:59;38;5;9;6;1;0;0;2;0;4;1
2020-10-14 01:11:59;38;5;9;6;1;0;0;2;0;4;1
2020-10-14 01:12:58;38;5;9;6;1;0;0;2;0;4;1
2020-10-14 01:13:59;38;5;9;6;1;0;0;2;0;4;1
2020-10-14 01:14:59;38;5;9;6;1;0;0;2;0;4;1
2020-10-14 01:15:58;39;5;9;7;1;0;0;2;0;4;1
2020-10-14 01:16:59;40;5;10;7;1;0;0;2;0;4;1
2020-10-14 01:17:59;40;5;10;7;1;0;0;2;0;4;1
2020-10-14 01:18:58;40;5;10;7;1;0;0;2;0;4;1
2020-10-14 01:19:59;40;5;10;7;1;0;0;2;0;4;1
2020-10-14 01:20:59;40;5;10;7;1;0;0;2;0;4;1
2020-10-14 01:21:58;40;5;10;7;1;0;0;2;0;4;1
2020-10-14 01:22:59;40;5;10;7;1;0;0;2;0;4;1
2020-10-14 01:23:59;40;5;10;7;1;0;0;2;0;4;1
2020-10-14 01:24:58;40;5;10;7;1;0;0;2;0;4;1
2020-10-14 01:25:59;40;5;10;7;1;0;0;2;0;4;1
2020-10-14 01:26:59;40;5;10;7;1;0;0;2;0;4;1
2020-10-14 01:27:58;40;5;10;7;1;0;0;2;0;4;1
2020-10-14 01:28:59;40;5;10;7;1;0;0;2;0;4;1
2020-10-14 01:29:59;40;5;10;7;1;0;0;2;0;4;1
2020-10-14 01:30:58;40;5;10;7;1;0;0;2;0;4;1
2020-10-14 01:31:59;40;5;10;7;1;0;0;2;0;4;1
2020-10-14 01:32:59;41;5;10;8;1;0;0;2;0;4;1
2020-10-14 01:33:58;41;5;10;8;1;0;0;2;0;4;1
2020-10-14 01:34:59;41;5;10;8;1;0;0;2;0;4;1
2020-10-14 01:35:58;41;5;10;8;1;0;0;2;0;4;1
2020-10-14 01:36:59;41;5;10;8;1;0;0;2;0;4;1
2020-10-14 01:37:59;41;5;10;8;1;0;0;2;0;4;1
2020-10-14 01:38:58;41;5;10;8;1;0;0;2;0;4;1
2020-10-14 01:39:59;41;5;10;8;1;0;0;2;0;4;1
2020-10-14 01:40:59;41;5;10;8;1;0;0;2;0;4;1
2020-10-14 01:41:58;41;5;10;8;1;0;0;2;0;4;1
2020-10-14 01:42:59;42;5;10;8;1;0;0;2;0;4;0
2020-10-14 01:43:59;42;5;10;8;1;0;0;2;0;4;0
2020-10-14 01:44:58;43;5;10;8;1;0;0;2;0;5;0
2020-10-14 01:45:59;43;5;10;8;1;0;0;2;0;5;0
2020-10-14 01:46:58;43;5;10;8;1;0;0;2;0;5;0
2020-10-14 01:47:59;43;5;10;8;1;0;0;2;0;5;0
2020-10-14 01:48:59;43;5;10;8;1;0;0;2;0;5;0
2020-10-14 01:49:58;43;5;10;8;1;0;0;2;0;5;0
2020-10-14 01:50:59;43;5;10;8;1;0;0;2;0;5;0
2020-10-14 01:51:59;43;5;10;8;1;0;0;2;0;5;0
2020-10-14 01:52:58;43;5;10;8;1;0;0;2;0;5;0
2020-10-14 01:53:59;45;5;10;10;1;0;0;2;0;5;0
2020-10-14 01:54:58;45;5;10;10;1;0;0;2;0;5;0
2020-10-14 01:55:59;46;5;10;10;1;0;0;3;0;5;0
2020-10-14 01:56:58;46;5;10;10;1;0;0;3;0;5;0
2020-10-14 01:57:59;46;5;10;10;1;0;0;3;0;5;0
2020-10-14 01:58:59;46;5;10;10;1;0;0;3;0;5;0
2020-10-14 01:59:58;46;5;10;10;1;0;0;3;0;5;0
2020-10-14 02:00:59;46;5;10;10;1;0;0;3;0;5;0
2020-10-14 02:01:59;46;5;10;10;1;0;0;3;0;5;0
2020-10-14 02:02:58;46;5;10;10;1;0;0;3;0;5;0
2020-10-14 02:03:59;46;5;10;10;1;0;0;3;0;5;0
2020-10-14 02:04:59;47;5;11;10;1;0;0;3;0;5;0
2020-10-14 02:05:58;48;5;12;10;1;0;0;3;0;5;0
2020-10-14 02:06:59;48;5;12;10;1;0;0;3;0;5;0
2020-10-14 02:07:59;48;5;12;10;1;0;0;3;0;5;0
2020-10-14 02:09:00;48;5;12;10;1;0;0;3;0;5;0
2020-10-14 02:09:58;48;5;12;10;1;0;0;3;0;5;0
2020-10-14 02:10:59;48;5;12;10;1;0;0;3;0;5;0
2020-10-14 02:11:58;49;5;12;11;1;0;0;3;0;5;0
2020-10-14 02:12:59;49;5;12;11;1;0;0;3;0;5;0
2020-10-14 02:13:59;49;5;12;11;1;0;0;3;0;5;0
2020-10-14 02:14:58;49;5;12;11;1;0;0;3;0;5;0
2020-10-14 02:15:59;49;5;12;11;1;0;0;3;0;5;0
2020-10-14 02:16:59;49;5;12;11;1;0;0;3;0;5;0
2020-10-14 02:17:58;49;5;12;11;1;0;0;3;0;5;0
2020-10-14 02:18:59;49;5;12;11;1;0;0;3;0;5;0
2020-10-14 02:19:59;50;5;12;12;1;0;0;3;0;5;0
2020-10-14 02:20:58;50;5;12;12;1;0;0;3;0;5;0
2020-10-14 02:21:59;51;5;13;12;1;0;0;3;0;5;0
2020-10-14 02:22:59;51;5;13;12;1;0;0;3;0;5;0
2020-10-14 02:23:58;52;5;14;12;1;0;0;3;0;5;0
2020-10-14 02:24:59;53;5;15;12;1;0;0;3;0;5;0
2020-10-14 02:25:59;53;5;15;12;1;0;0;3;0;5;0
2020-10-14 02:26:58;53;5;15;12;1;0;0;3;0;5;0
2020-10-14 02:27:59;53;5;15;12;1;0;0;3;0;5;0
2020-10-14 02:28:59;53;5;15;12;1;0;0;3;0;5;0
2020-10-14 02:29:58;53;5;15;12;1;0;0;3;0;5;0
2020-10-14 02:30:59;53;5;15;12;1;0;0;3;0;5;0
2020-10-14 02:31:59;53;5;15;12;1;0;0;3;0;5;0
2020-10-14 02:32:58;53;5;15;12;1;0;0;3;0;5;0
2020-10-14 02:33:59;53;5;15;12;1;0;0;3;0;5;0
2020-10-14 02:34:59;53;5;15;12;1;0;0;3;0;5;0
2020-10-14 02:35:58;53;5;15;12;1;0;0;3;0;5;0
2020-10-14 02:36:59;53;5;15;12;1;0;0;3;0;5;0
2020-10-14 02:37:59;53;5;15;12;1;0;0;3;0;5;0
2020-10-14 02:38:58;53;5;15;12;1;0;0;3;0;5;0
2020-10-14 02:39:59;53;5;15;12;1;0;0;3;0;5;0
2020-10-14 02:40:59;53;5;15;12;1;0;0;3;0;5;0
2020-10-14 02:41:59;53;5;15;12;1;0;0;3;0;5;0
2020-10-14 02:42:58;53;5;15;12;1;0;0;3;0;5;0
2020-10-14 02:43:59;53;5;15;12;1;0;0;3;0;5;0
2020-10-14 02:44:59;53;5;15;12;1;0;0;3;0;5;0
2020-10-14 02:45:58;53;5;15;12;1;0;0;3;0;5;0
2020-10-14 02:46:59;53;5;15;12;1;0;0;3;0;5;0
2020-10-14 02:47:59;53;5;15;12;1;0;0;3;0;5;0
2020-10-14 02:48:59;53;5;15;12;1;0;0;3;0;5;0
2020-10-14 02:49:58;53;5;15;12;1;0;0;3;0;5;0
2020-10-14 02:50:59;53;5;15;12;1;0;0;3;0;5;0
2020-10-14 02:51:59;53;5;15;12;1;0;0;3;0;5;0
2020-10-14 02:52:58;53;5;15;12;1;0;0;3;0;5;0
2020-10-14 02:53:59;53;5;15;12;1;0;0;3;0;5;0
2020-10-14 02:54:58;53;5;15;12;1;0;0;3;0;5;0
2020-10-14 02:55:59;53;5;15;12;1;0;0;3;0;5;0
2020-10-14 02:56:59;53;5;15;12;1;0;0;3;0;5;0
2020-10-14 02:57:58;53;5;15;12;1;0;0;3;0;5;0
2020-10-14 02:58:59;54;5;16;12;1;0;0;3;0;5;0
2020-10-14 02:59:59;54;5;16;12;1;0;0;3;0;5;0
2020-10-14 03:00:58;54;5;16;12;1;0;0;3;0;5;0
2020-10-14 03:01:59;54;5;16;12;1;0;0;3;0;5;0
2020-10-14 03:02:59;54;5;16;12;1;0;0;3;0;5;0
2020-10-14 03:03:58;54;5;16;12;1;0;0;3;0;5;0
2020-10-14 03:04:59;54;5;16;12;1;0;0;3;0;5;0
2020-10-14 03:05:59;54;5;16;12;1;0;0;3;0;5;0
2020-10-14 03:07:00;54;5;16;12;1;0;0;3;0;5;0
2020-10-14 03:07:58;54;5;16;12;1;0;0;3;0;5;0
2020-10-14 03:08:59;54;5;16;12;1;0;0;3;0;5;0
2020-10-14 03:09:58;54;5;16;12;1;0;0;3;0;5;0
2020-10-14 03:10:59;54;5;16;12;1;0;0;3;0;5;0
2020-10-14 03:11:59;54;5;16;12;1;0;0;3;0;5;0
2020-10-14 03:12:58;54;5;16;12;1;0;0;3;0;5;0
2020-10-14 03:13:59;54;5;16;12;1;0;0;3;0;5;0
2020-10-14 03:14:59;54;5;16;12;1;0;0;3;0;5;0
2020-10-14 03:15:58;54;5;16;12;1;0;0;3;0;5;0
2020-10-14 03:16:59;55;5;17;12;1;0;0;3;0;5;0
2020-10-14 03:17:59;55;5;17;12;1;0;0;3;0;5;0
2020-10-14 03:18:58;55;5;17;12;1;0;0;3;0;5;0
2020-10-14 03:19:59;56;5;17;12;1;0;2;3;0;5;1
2020-10-14 03:20:58;56;5;17;12;1;0;2;3;0;5;1
2020-10-14 03:21:59;56;5;17;12;1;0;2;3;0;5;1
2020-10-14 03:22:59;56;5;17;12;1;0;2;3;0;5;1
2020-10-14 03:23:58;56;5;17;12;1;0;2;3;0;5;1
2020-10-14 03:24:59;56;5;17;12;1;0;2;3;0;5;1
2020-10-14 03:25:59;56;5;17;12;1;0;2;3;0;5;1
2020-10-14 03:26:58;56;5;17;12;1;0;2;3;0;5;1
2020-10-14 03:27:59;56;5;17;12;1;0;2;3;0;5;1
2020-10-14 03:28:58;56;5;17;12;1;0;2;3;0;5;1
2020-10-14 03:29:59;56;5;17;12;1;0;2;3;0;5;1
2020-10-14 03:30:58;56;5;17;12;1;0;2;3;0;5;1
2020-10-14 03:31:59;56;5;17;12;1;0;2;3;0;5;1
2020-10-14 03:32:59;56;5;17;12;1;0;2;3;0;5;1
2020-10-14 03:33:58;56;5;17;12;1;0;2;3;0;5;1
2020-10-14 03:34:59;56;5;17;12;1;0;2;3;0;5;1
2020-10-14 03:35:59;56;5;17;12;1;0;2;3;0;5;1
2020-10-14 03:36:58;56;5;17;12;1;0;2;3;0;5;1
2020-10-14 03:37:59;56;5;17;12;1;0;2;3;0;5;1
2020-10-14 03:38:59;56;5;17;12;1;0;2;3;0;5;1
2020-10-14 03:39:58;56;5;17;12;1;0;2;3;0;5;1
2020-10-14 03:40:59;56;5;17;12;1;0;2;3;0;5;1
2020-10-14 03:41:59;56;5;17;12;1;0;2;3;0;5;1
2020-10-14 03:42:58;56;5;17;12;1;0;2;3;0;5;1
2020-10-14 03:43:59;56;5;17;12;1;0;2;3;0;5;1
2020-10-14 03:44:59;56;5;17;12;1;0;2;3;0;5;1
2020-10-14 03:45:58;56;5;17;12;1;0;2;3;0;5;1
2020-10-14 03:46:59;56;5;17;12;1;0;2;3;0;5;1
2020-10-14 03:47:58;56;5;17;12;1;0;2;3;0;5;1
2020-10-14 03:48:59;56;5;17;12;1;0;2;3;0;5;1
2020-10-14 03:49:59;56;5;17;12;1;0;2;3;0;5;1
2020-10-14 03:50:59;56;5;17;12;1;0;2;3;0;5;1
2020-10-14 03:51:58;56;5;17;12;1;0;2;3;0;5;1
2020-10-14 03:52:59;56;5;17;12;1;0;2;3;0;5;1
2020-10-14 03:53:59;56;5;17;12;1;0;2;3;0;5;1
2020-10-14 03:54:59;56;5;17;12;1;0;2;3;0;5;1
2020-10-14 03:55:58;56;5;17;12;1;0;2;3;0;5;1
2020-10-14 03:56:59;56;5;17;12;1;0;2;3;0;5;1
2020-10-14 03:57:59;56;5;17;12;1;0;2;3;0;5;1
2020-10-14 03:58:58;56;5;17;12;1;0;2;3;0;5;1
2020-10-14 03:59:59;56;5;17;12;1;0;2;3;0;5;1
2020-10-14 04:00:59;56;5;17;12;1;0;2;3;0;5;1
2020-10-14 04:01:58;56;5;17;12;1;0;2;3;0;5;1
2020-10-14 04:02:59;56;5;17;12;1;0;2;3;0;5;1
2020-10-14 04:03:59;56;5;17;12;1;0;2;3;0;5;1
2020-10-14 04:04:58;56;5;17;12;1;0;2;3;0;5;1
2020-10-14 04:05:59;56;5;17;12;1;0;2;3;0;5;1
2020-10-14 04:06:59;56;5;17;12;1;0;2;3;0;5;1
2020-10-14 04:07:58;56;5;17;12;1;0;2;3;0;5;1
2020-10-14 04:08:59;57;5;17;12;1;0;2;3;0;5;0
2020-10-14 04:10:00;57;5;17;12;1;0;2;3;0;5;0
2020-10-14 04:10:58;57;5;17;12;1;0;2;3;0;5;0
2020-10-14 04:11:59;57;5;17;12;1;0;2;3;0;5;0
2020-10-14 04:12:59;57;5;17;12;1;0;2;3;0;5;0
2020-10-14 04:13:58;57;5;17;12;1;0;2;3;0;5;0
2020-10-14 04:14:59;57;5;17;12;1;0;2;3;0;5;0
2020-10-14 04:15:58;57;5;17;12;1;0;2;3;0;5;0
2020-10-14 04:16:59;57;5;17;12;1;0;2;3;0;5;0
2020-10-14 04:17:59;57;5;17;12;1;0;2;3;0;5;0
2020-10-14 04:18:58;57;5;17;12;1;0;2;3;0;5;0
2020-10-14 04:19:59;57;5;17;12;1;0;2;3;0;5;0
2020-10-14 04:20:59;57;5;17;12;1;0;2;3;0;5;0
2020-10-14 04:21:58;57;5;17;12;1;0;2;3;0;5;0
2020-10-14 04:22:59;57;5;17;12;1;0;2;3;0;5;0
2020-10-14 04:23:59;57;5;17;12;1;0;2;3;0;5;0
2020-10-14 04:24:58;57;5;17;12;1;0;2;3;0;5;0
2020-10-14 04:25:59;57;5;17;12;1;0;2;3;0;5;0
2020-10-14 04:26:59;57;5;17;12;1;0;2;3;0;5;0
2020-10-14 04:27:58;57;5;17;12;1;0;2;3;0;5;0
2020-10-14 04:28:59;57;5;17;12;1;0;2;3;0;5;0
2020-10-14 04:29:59;57;5;17;12;1;0;2;3;0;5;0
2020-10-14 04:30:58;57;5;17;12;1;0;2;3;0;5;0
2020-10-14 04:31:59;57;5;17;12;1;0;2;3;0;5;0
2020-10-14 04:32:59;57;5;17;12;1;0;2;3;0;5;0
2020-10-14 04:33:58;57;5;17;12;1;0;2;3;0;5;0
2020-10-14 04:34:59;57;5;17;12;1;0;2;3;0;5;0
2020-10-14 04:35:59;57;5;17;12;1;0;2;3;0;5;0
2020-10-14 04:36:58;57;5;17;12;1;0;2;3;0;5;0
2020-10-14 04:37:59;57;5;17;12;1;0;2;3;0;5;0
2020-10-14 04:38:59;57;5;17;12;1;0;2;3;0;5;0
2020-10-14 04:39:58;57;5;17;12;1;0;2;3;0;5;0
2020-10-14 04:40:59;57;5;17;12;1;0;2;3;0;5;0
2020-10-14 04:41:58;57;5;17;12;1;0;2;3;0;5;0
2020-10-14 04:42:59;57;5;17;12;1;0;2;3;0;5;0
2020-10-14 04:43:59;57;5;17;12;1;0;2;3;0;5;0
2020-10-14 04:44:58;57;5;17;12;1;0;2;3;0;5;0
2020-10-14 04:45:59;57;5;17;12;1;0;2;3;0;5;0
2020-10-14 04:46:58;57;5;17;12;1;0;2;3;0;5;0
2020-10-14 04:47:59;57;5;17;12;1;0;2;3;0;5;0
2020-10-14 04:48:59;57;5;17;12;1;0;2;3;0;5;0
2020-10-14 04:49:59;57;5;17;12;1;0;2;3;0;5;0
2020-10-14 04:50:58;57;5;17;12;1;0;2;3;0;5;0
2020-10-14 04:51:59;58;6;17;12;1;0;2;3;0;5;0
2020-10-14 04:52:59;58;6;17;12;1;0;2;3;0;5;0
2020-10-14 04:53:58;58;6;17;12;1;0;2;3;0;5;0
2020-10-14 04:54:59;58;6;17;12;1;0;2;3;0;5;0
2020-10-14 04:55:59;58;6;17;12;1;0;2;3;0;5;0
2020-10-14 04:56:58;58;6;17;12;1;0;2;3;0;5;0
2020-10-14 04:57:59;58;6;17;12;1;0;2;3;0;5;0
2020-10-14 04:58:58;58;6;17;12;1;0;2;3;0;5;0
2020-10-14 04:59:59;58;6;17;12;1;0;2;3;0;5;0
2020-10-14 05:00:59;58;6;17;12;1;0;2;3;0;5;0
2020-10-14 05:01:58;58;6;17;12;1;0;2;3;0;5;0
2020-10-14 05:02:59;58;6;17;12;1;0;2;3;0;5;0
2020-10-14 05:03:59;58;6;17;12;1;0;2;3;0;5;0
2020-10-14 05:04:58;58;6;17;12;1;0;2;3;0;5;0
2020-10-14 05:05:59;58;6;17;12;1;0;2;3;0;5;0
2020-10-14 05:06:59;58;6;17;12;1;0;2;3;0;5;0
2020-10-14 05:07:58;58;6;17;12;1;0;2;3;0;5;0
2020-10-14 05:08:59;58;6;17;12;1;0;2;3;0;5;0
2020-10-14 05:09:59;58;6;17;12;1;0;2;3;0;5;0
2020-10-14 05:10:58;58;6;17;12;1;0;2;3;0;5;0
2020-10-14 05:11:59;58;6;17;12;1;0;2;3;0;5;0
2020-10-14 05:12:59;58;6;17;12;1;0;2;3;0;5;0
2020-10-14 05:13:58;58;6;17;12;1;0;2;3;0;5;0
2020-10-14 05:14:59;58;6;17;12;1;0;2;3;0;5;0
2020-10-14 05:15:59;58;6;17;12;1;0;2;3;0;5;0
2020-10-14 05:16:58;58;6;17;12;1;0;2;3;0;5;0
2020-10-14 05:17:59;58;6;17;12;1;0;2;3;0;5;0
2020-10-14 05:18:58;58;6;17;12;1;0;2;3;0;5;0
2020-10-14 05:19:59;58;6;17;12;1;0;2;3;0;5;0
2020-10-14 05:20:59;58;6;17;12;1;0;2;3;0;5;0
2020-10-14 05:22:00;58;6;17;12;1;0;2;3;0;5;0
2020-10-14 05:22:58;58;6;17;12;1;0;2;3;0;5;0
2020-10-14 05:23:59;58;6;17;12;1;0;2;3;0;5;0
2020-10-14 05:24:58;58;6;17;12;1;0;2;3;0;5;0
2020-10-14 05:25:59;58;6;17;12;1;0;2;3;0;5;0
2020-10-14 05:26:59;58;6;17;12;1;0;2;3;0;5;0
2020-10-14 05:27:58;58;6;17;12;1;0;2;3;0;5;0
2020-10-14 05:28:59;59;7;17;12;1;0;2;3;0;5;0
2020-10-14 05:29:59;59;7;17;12;1;0;2;3;0;5;0
2020-10-14 05:30:58;59;7;17;12;1;0;2;3;0;5;0
2020-10-14 05:31:59;60;8;17;12;1;0;2;3;0;5;0
2020-10-14 05:32:59;60;8;17;12;1;0;2;3;0;5;0
2020-10-14 05:33:58;61;9;17;12;1;0;2;3;0;5;0
2020-10-14 05:34:59;61;9;17;12;1;0;2;3;0;5;0
2020-10-14 05:35:59;61;9;17;12;1;0;2;3;0;5;0
2020-10-14 05:36:58;61;9;17;12;1;0;2;3;0;5;0
2020-10-14 05:37:59;61;9;17;12;1;0;2;3;0;5;0
2020-10-14 05:38:59;61;9;17;12;1;0;2;3;0;5;0
2020-10-14 05:39:58;61;9;17;12;1;0;2;3;0;5;0
2020-10-14 05:40:59;61;9;17;12;1;0;2;3;0;5;0
2020-10-14 05:41:59;62;9;17;12;1;0;2;4;0;5;0
2020-10-14 05:42:58;62;9;17;12;1;0;2;4;0;5;0
2020-10-14 05:43:59;62;9;17;12;1;0;2;4;0;5;0
2020-10-14 05:44:59;62;9;17;12;1;0;2;4;0;5;0
2020-10-14 05:45:58;62;9;17;12;1;0;2;4;0;5;0
2020-10-14 05:46:59;62;9;17;12;1;0;2;4;0;5;0
2020-10-14 05:47:59;62;9;17;12;1;0;2;4;0;5;0
2020-10-14 05:48:58;62;9;17;12;1;0;2;4;0;5;0
2020-10-14 05:49:59;62;9;17;12;1;0;2;4;0;5;0
2020-10-14 05:50:59;62;9;17;12;1;0;2;4;0;5;0
2020-10-14 05:51:58;63;9;18;12;1;0;2;4;0;5;0
2020-10-14 05:52:59;64;9;18;12;1;0;2;4;0;5;0
2020-10-14 05:53:59;64;9;18;12;1;0;2;4;0;5;0
2020-10-14 05:54:58;64;9;18;12;1;0;2;4;0;5;0
2020-10-14 05:55:59;64;9;18;12;1;0;2;4;0;5;0
2020-10-14 05:56:59;64;9;18;12;1;0;2;4;0;5;0
2020-10-14 05:57:58;64;9;18;12;1;0;2;4;0;5;0
2020-10-14 05:58:59;64;9;18;12;1;0;2;4;0;5;0
2020-10-14 05:59:58;64;9;18;12;1;0;2;4;0;5;0
2020-10-14 06:00:59;64;9;18;12;1;0;2;4;0;5;0
2020-10-14 06:01:59;65;10;18;12;1;0;2;4;0;5;0
2020-10-14 06:02:58;65;10;18;12;1;0;2;4;0;5;0
2020-10-14 06:03:59;65;10;18;12;1;0;2;4;0;5;0
2020-10-14 06:04:59;65;10;18;12;1;0;2;4;0;5;0
2020-10-14 06:05:59;65;10;18;12;1;0;2;4;0;5;0
2020-10-14 06:06:58;65;10;18;12;1;0;2;4;0;5;0
2020-10-14 06:07:59;65;10;18;12;1;0;2;4;0;5;0
2020-10-14 06:08:58;65;10;18;12;1;0;2;4;0;5;0
2020-10-14 06:09:59;66;10;19;12;1;0;2;4;0;5;0
2020-10-14 06:10:59;66;10;19;12;1;0;2;4;0;5;0
2020-10-14 06:11:58;66;10;19;12;1;0;2;4;0;5;0
2020-10-14 06:12:59;66;10;19;12;1;0;2;4;0;5;0
2020-10-14 06:13:59;66;10;19;12;1;0;2;4;0;5;0
2020-10-14 06:14:58;66;10;19;12;1;0;2;4;0;5;0
2020-10-14 06:15:59;66;10;19;12;1;0;2;4;0;5;0
2020-10-14 06:16:59;66;10;19;12;1;0;2;4;0;5;0
2020-10-14 06:18:00;66;10;19;12;1;0;2;4;0;5;0
2020-10-14 06:18:58;66;10;19;12;1;0;2;4;0;5;0
2020-10-14 06:19:59;66;10;19;12;1;0;2;4;0;5;0
2020-10-14 06:20:58;66;10;19;12;1;0;2;4;0;5;0
2020-10-14 06:21:59;66;10;19;12;1;0;2;4;0;5;0
2020-10-14 06:22:59;66;10;19;12;1;0;2;4;0;5;0
2020-10-14 06:23:58;66;10;19;12;1;0;2;4;0;5;0
2020-10-14 06:24:59;66;10;19;12;1;0;2;4;0;5;0
2020-10-14 06:25:59;66;10;19;12;1;0;2;4;0;5;0
2020-10-14 06:26:58;66;10;19;12;1;0;2;4;0;5;0
2020-10-14 06:27:59;66;10;19;12;1;0;2;4;0;5;0
2020-10-14 06:28:59;66;10;19;12;1;0;2;4;0;5;0
2020-10-14 06:29:58;66;10;19;12;1;0;2;4;0;5;0
2020-10-14 06:30:59;66;10;19;12;1;0;2;4;0;5;0
2020-10-14 06:31:59;66;10;19;12;1;0;2;4;0;5;0
2020-10-14 06:32:58;66;10;19;12;1;0;2;4;0;5;0
2020-10-14 06:33:59;66;10;19;12;1;0;2;4;0;5;0
2020-10-14 06:34:59;66;10;19;12;1;0;2;4;0;5;0
2020-10-14 06:35:58;67;10;19;12;2;0;2;4;0;5;0
2020-10-14 06:36:59;67;10;19;12;2;0;2;4;0;5;0
2020-10-14 06:37:59;67;10;19;12;2;0;2;4;0;5;0
2020-10-14 06:38:58;67;10;19;12;2;0;2;4;0;5;0
2020-10-14 06:39:59;67;10;19;12;2;0;2;4;0;5;0
2020-10-14 06:40:59;67;10;19;12;2;0;2;4;0;5;0
2020-10-14 06:41:58;67;10;19;12;2;0;2;4;0;5;0
2020-10-14 06:42:59;67;10;19;12;2;0;2;4;0;5;0
2020-10-14 06:43:59;67;10;19;12;2;0;2;4;0;5;0
2020-10-14 06:44:58;67;10;19;12;2;0;2;4;0;5;0
2020-10-14 06:45:59;67;10;19;12;2;0;2;4;0;5;0
2020-10-14 06:46:58;67;10;19;12;2;0;2;4;0;5;0
2020-10-14 06:47:59;67;10;19;12;2;0;2;4;0;5;0
2020-10-14 06:48:59;67;10;19;12;2;0;2;4;0;5;0
2020-10-14 06:49:58;68;10;20;12;2;0;2;4;0;5;0
2020-10-14 06:50:59;69;10;20;12;2;0;2;4;0;5;0
2020-10-14 06:51:59;69;10;20;12;2;0;2;4;0;5;0
2020-10-14 06:52:58;69;10;20;12;2;0;2;4;0;5;0
2020-10-14 06:53:59;69;10;20;12;2;0;2;4;0;5;0
2020-10-14 06:54:59;69;10;20;12;2;0;2;4;0;5;0
2020-10-14 06:55:58;69;10;20;12;2;0;2;4;0;5;0
2020-10-14 06:56:59;69;10;20;12;2;0;2;4;0;5;0
2020-10-14 06:57:58;69;10;20;12;2;0;2;4;0;5;0
2020-10-14 06:58:59;69;10;20;12;2;0;2;4;0;5;0
2020-10-14 06:59:58;69;10;20;12;2;0;2;4;0;5;0
2020-10-14 07:00:59;69;10;20;12;2;0;2;4;0;5;0
2020-10-14 07:01:59;69;10;20;12;2;0;2;4;0;5;0
2020-10-14 07:02:58;69;10;20;12;2;0;2;4;0;5;0
2020-10-14 07:03:59;70;11;20;12;2;0;2;4;0;5;0
2020-10-14 07:04:58;70;11;20;12;2;0;2;4;0;5;0
2020-10-14 07:05:59;70;11;20;12;2;0;2;4;0;5;0
2020-10-14 07:06:59;71;11;20;12;2;0;2;4;0;6;0
2020-10-14 07:07:58;71;11;20;12;2;0;2;4;0;6;0
2020-10-14 07:08:59;71;11;20;12;2;0;2;4;0;6;0
2020-10-14 07:09:59;71;11;20;12;2;0;2;4;0;6;0
2020-10-14 07:10:58;71;11;20;12;2;0;2;4;0;6;0
2020-10-14 07:11:59;71;11;20;12;2;0;2;4;0;6;0
2020-10-14 07:12:59;71;11;20;12;2;0;2;4;0;6;0
2020-10-14 07:13:58;71;11;20;12;2;0;2;4;0;6;0
2020-10-14 07:14:59;73;11;21;13;2;0;2;4;0;6;0
2020-10-14 07:15:58;74;11;22;13;2;0;2;4;0;6;0
2020-10-14 07:16:59;74;11;22;13;2;0;2;4;0;6;0
2020-10-14 07:17:59;74;11;22;13;2;0;2;4;0;6;0
2020-10-14 07:18:58;74;11;22;13;2;0;2;4;0;6;0
2020-10-14 07:19:59;75;11;22;13;2;0;2;4;0;6;0
2020-10-14 07:20:59;75;11;22;13;2;0;2;4;0;6;0
2020-10-14 07:21:58;75;11;22;13;2;0;2;4;0;6;0
2020-10-14 07:22:59;76;11;22;13;2;0;2;4;0;6;0
2020-10-14 07:23:59;76;11;22;13;2;0;2;4;0;6;0
2020-10-14 07:24:58;76;11;22;13;2;0;2;4;0;6;0
2020-10-14 07:25:59;76;11;22;13;2;0;2;4;0;6;0
2020-10-14 07:26:59;77;11;23;13;2;0;2;4;0;6;0
2020-10-14 07:27:58;77;11;23;13;2;0;2;4;0;6;0
2020-10-14 07:28:59;78;12;23;13;2;0;2;4;0;6;0
2020-10-14 07:29:59;78;12;23;13;2;0;2;4;0;6;0
2020-10-14 07:30:58;78;12;23;13;2;0;2;4;0;6;0
2020-10-14 07:31:59;78;12;23;13;2;0;2;4;0;6;0
2020-10-14 07:32:59;78;12;23;13;2;0;2;4;0;6;0
2020-10-14 07:33:58;78;12;23;13;2;0;2;4;0;6;0
2020-10-14 07:34:59;78;12;23;13;2;0;2;4;0;6;0
2020-10-14 07:35:59;78;12;23;13;2;0;2;4;0;6;0
2020-10-14 07:36:58;78;12;23;13;2;0;2;4;0;6;0
2020-10-14 07:37:59;78;12;23;13;2;0;2;4;0;6;0
2020-10-14 07:38:59;78;12;23;13;2;0;2;4;0;6;0
2020-10-14 07:39:58;78;12;23;13;2;0;2;4;0;6;0
2020-10-14 07:40:59;78;12;23;13;2;0;2;4;0;6;0
2020-10-14 07:41:59;78;12;23;13;2;0;2;4;0;6;0
2020-10-14 07:42:59;78;12;23;13;2;0;2;4;0;6;0
2020-10-14 07:43:58;78;12;23;13;2;0;2;4;0;6;0
2020-10-14 07:44:59;78;12;23;13;2;0;2;4;0;6;0
2020-10-14 07:45:59;79;12;24;13;2;0;2;4;0;6;0
2020-10-14 07:46:58;80;12;25;13;2;0;2;4;0;6;0
2020-10-14 07:47:59;80;12;25;13;2;0;2;4;0;6;0
2020-10-14 07:48:59;80;12;25;13;2;0;2;4;0;6;0
2020-10-14 07:49:58;80;12;25;13;2;0;2;4;0;6;0
2020-10-14 07:50:59;80;12;25;13;2;0;2;4;0;6;0
2020-10-14 07:51:59;80;12;25;13;2;0;2;4;0;6;0
2020-10-14 07:52:58;80;12;25;13;2;0;2;4;0;6;0
2020-10-14 07:53:59;80;12;25;13;2;0;2;4;0;6;0
2020-10-14 07:54:59;80;12;25;13;2;0;2;4;0;6;0
2020-10-14 07:55:58;80;12;25;13;2;0;2;4;0;6;0
2020-10-14 07:56:59;80;13;24;13;2;0;2;4;0;6;0
2020-10-14 07:57:59;81;14;24;13;2;0;2;4;0;6;0
2020-10-14 07:58:58;81;14;24;13;2;0;2;4;0;6;0
2020-10-14 07:59:59;81;14;24;13;2;0;2;4;0;6;0
2020-10-14 08:00:59;82;14;25;13;2;0;2;4;0;6;0
2020-10-14 08:01:58;82;14;25;13;2;0;2;4;0;6;0
2020-10-14 08:02:59;82;14;25;13;2;0;2;4;0;6;0
2020-10-14 08:03:59;82;14;25;13;2;0;2;4;0;6;0
2020-10-14 08:04:58;82;14;25;13;2;0;2;4;0;6;0
2020-10-14 08:05:59;82;14;25;13;2;0;2;4;0;6;0
2020-10-14 08:06:59;83;14;25;14;2;0;2;4;0;6;0
2020-10-14 08:07:58;83;14;25;14;2;0;2;4;0;6;0
2020-10-14 08:08:59;83;14;25;14;2;0;2;4;0;6;0
2020-10-14 08:09:59;84;14;26;14;2;0;2;4;0;6;0
2020-10-14 08:10:58;85;15;26;14;2;0;2;4;0;6;0
2020-10-14 08:11:59;85;15;26;14;2;0;2;4;0;6;0
2020-10-14 08:12:59;85;15;26;14;2;0;2;4;0;6;0
2020-10-14 08:13:58;85;15;26;14;2;0;2;4;0;6;0
2020-10-14 08:14:59;85;15;26;14;2;0;2;4;0;6;0
2020-10-14 08:15:59;85;15;26;14;2;0;2;4;0;6;0
2020-10-14 08:16:58;85;15;26;14;2;0;2;4;0;6;0
2020-10-14 08:17:59;85;15;26;14;2;0;2;4;0;6;0
2020-10-14 08:18:59;85;15;26;14;2;0;2;4;0;6;0
2020-10-14 08:19:58;85;15;26;14;2;0;2;4;0;6;0
2020-10-14 08:20:59;85;15;26;14;2;0;2;4;0;6;0
2020-10-14 08:21:59;86;15;26;14;2;0;2;4;0;6;0
2020-10-14 08:22:58;86;15;26;14;2;0;2;4;0;6;0
2020-10-14 08:23:59;86;15;26;14;2;0;2;4;0;6;0
2020-10-14 08:24:58;86;15;26;14;2;0;2;4;0;6;0
2020-10-14 08:25:59;86;15;26;14;2;0;2;4;0;6;0
2020-10-14 08:26:59;87;16;26;14;2;0;2;4;0;6;0
2020-10-14 08:27:58;87;16;26;14;2;0;2;4;0;6;0
2020-10-14 08:28:59;87;16;26;14;2;0;2;4;0;6;0
2020-10-14 08:29:59;87;16;26;14;2;0;2;4;0;6;0
2020-10-14 08:30:58;87;16;26;14;2;0;2;4;0;6;0
2020-10-14 08:31:59;87;16;26;14;2;0;2;4;0;6;0
2020-10-14 08:32:59;87;16;26;14;2;0;2;4;0;6;0
2020-10-14 08:33:58;87;16;26;14;2;0;2;4;0;6;0
2020-10-14 08:34:59;87;16;26;14;2;0;2;4;0;6;0
2020-10-14 08:35:58;87;16;26;14;2;0;2;4;0;6;0
2020-10-14 08:36:59;87;16;26;14;2;0;2;4;0;6;0
2020-10-14 08:37:59;88;17;26;14;2;0;2;4;0;6;0
2020-10-14 08:38:58;88;17;26;14;2;0;2;4;0;6;0
2020-10-14 08:39:59;88;17;26;14;2;0;2;4;0;6;0
2020-10-14 08:40:59;88;17;26;14;2;0;2;4;0;6;0
2020-10-14 08:41:58;89;17;26;14;2;0;2;4;0;6;0
2020-10-14 08:42:59;89;17;26;14;2;0;2;4;0;6;0
2020-10-14 08:43:59;89;17;26;14;2;0;2;4;0;6;0
2020-10-14 08:44:58;89;17;26;14;2;0;2;4;0;6;0
2020-10-14 08:45:59;89;17;26;14;2;0;2;4;0;6;0
2020-10-14 08:46:59;89;17;26;14;2;0;2;4;0;6;0
2020-10-14 08:47:58;90;17;27;14;2;0;2;4;0;6;0
2020-10-14 08:48:59;91;18;27;14;2;0;2;4;0;6;0
2020-10-14 08:49:59;91;18;27;14;2;0;2;4;0;6;0
2020-10-14 08:50:58;91;18;27;14;2;0;2;4;0;6;0
2020-10-14 08:51:59;91;18;27;14;2;0;2;4;0;6;0
2020-10-14 08:52:59;91;18;27;14;2;0;2;4;0;6;0
2020-10-14 08:53:58;91;18;27;14;2;0;2;4;0;6;0
2020-10-14 08:54:59;91;18;27;14;2;0;2;4;0;6;0
2020-10-14 08:55:59;91;18;27;14;2;0;2;4;0;6;0
2020-10-14 08:56:58;91;18;27;14;2;0;2;4;0;6;0
2020-10-14 08:57:59;91;18;27;14;2;0;2;4;0;6;0
2020-10-14 08:58:59;91;18;27;14;2;0;2;4;0;6;0
2020-10-14 08:59:58;91;18;27;14;2;0;2;4;0;6;0
2020-10-14 09:00:59;91;18;27;14;2;0;2;4;0;6;0
2020-10-14 09:01:59;92;18;27;14;3;0;2;4;0;6;0
2020-10-14 09:02:58;92;18;27;14;3;0;2;4;0;6;0
2020-10-14 09:03:59;93;18;28;14;3;0;2;4;0;6;0
2020-10-14 09:04:59;93;18;28;14;3;0;2;4;0;6;0
2020-10-14 09:05:58;93;18;28;14;3;0;2;4;0;6;0
2020-10-14 09:06:59;93;18;28;14;3;0;2;4;0;6;0
2020-10-14 09:07:59;94;18;28;14;3;0;2;4;0;6;0
2020-10-14 09:08:58;95;18;28;14;3;0;3;4;0;6;0
2020-10-14 09:09:59;95;18;28;14;3;0;3;4;0;6;0
2020-10-14 09:11:00;95;18;28;14;3;0;3;4;0;6;0
2020-10-14 09:11:58;95;18;28;14;3;0;3;4;0;6;0
2020-10-14 09:12:59;95;18;28;14;3;0;3;4;0;6;0
2020-10-14 09:13:58;95;18;28;14;3;0;3;4;0;6;0
2020-10-14 09:14:59;96;18;28;14;3;0;3;4;1;6;0
2020-10-14 09:15:58;97;18;29;14;3;0;3;4;1;6;0
2020-10-14 09:16:59;97;18;29;14;3;0;3;4;1;6;0
2020-10-14 09:17:59;98;18;30;14;3;0;3;4;1;6;0
2020-10-14 09:18:58;98;18;30;14;3;0;3;4;1;6;0
2020-10-14 09:19:59;98;18;30;14;3;0;3;4;1;6;0
2020-10-14 09:20:59;98;18;30;14;3;0;3;4;1;6;0
2020-10-14 09:21:58;99;19;30;14;3;0;3;4;1;6;0
2020-10-14 09:22:59;99;19;30;14;3;0;3;4;1;6;0
2020-10-14 09:23:59;99;19;30;14;3;0;3;4;1;6;0
2020-10-14 09:25:00;101;21;30;14;3;0;3;4;1;6;0
2020-10-14 09:25:58;102;22;30;14;3;0;3;4;1;6;0
2020-10-14 09:26:59;103;22;30;14;3;0;3;5;1;6;0
2020-10-14 09:27:59;104;22;30;15;3;0;3;5;1;6;0
2020-10-14 09:28:58;104;22;30;15;3;0;3;5;1;6;0
2020-10-14 09:29:59;104;22;30;15;3;0;3;5;1;6;0
2020-10-14 09:31:00;104;22;30;15;3;0;3;5;1;6;0
2020-10-14 09:31:58;104;22;30;15;3;0;3;5;1;6;0
2020-10-14 09:32:59;104;22;30;15;3;0;3;5;1;6;0
2020-10-14 09:33:59;105;23;30;15;3;0;3;5;1;6;0
2020-10-14 09:34:58;105;23;30;15;3;0;3;5;1;6;0
2020-10-14 09:35:59;105;23;30;15;3;0;3;5;1;6;0
2020-10-14 09:36:58;105;23;30;15;3;0;3;5;1;6;0
2020-10-14 09:37:59;105;23;30;15;3;0;3;5;1;6;0
2020-10-14 09:38:59;105;23;30;15;3;0;3;5;1;6;0
2020-10-14 09:39:58;106;23;30;15;3;1;3;5;1;6;0
2020-10-14 09:40:59;106;23;30;15;3;1;3;5;1;6;0
2020-10-14 09:41:59;107;24;30;15;3;1;3;5;1;6;0
2020-10-14 09:42:58;108;25;30;15;3;1;3;5;1;6;0
2020-10-14 09:43:59;109;25;30;15;3;2;3;5;1;6;0
2020-10-14 09:44:59;109;25;30;15;3;2;3;5;1;6;0
2020-10-14 09:45:58;110;25;30;15;3;2;4;5;1;6;0
2020-10-14 09:46:59;110;25;30;15;3;2;4;5;1;6;0
2020-10-14 09:47:59;110;25;30;15;3;2;4;5;1;6;0
2020-10-14 09:48:58;110;25;30;15;3;2;4;5;1;6;0
2020-10-14 09:49:59;110;25;30;15;3;2;4;5;1;6;0
2020-10-14 09:50:59;110;25;30;15;3;2;4;5;1;6;0
2020-10-14 09:51:58;110;25;30;15;3;2;4;5;1;6;0
2020-10-14 09:52:59;110;25;30;15;3;2;4;5;1;6;0
2020-10-14 09:53:59;111;25;30;15;3;2;4;5;2;6;0
2020-10-14 09:54:58;111;25;30;15;3;2;4;5;2;6;0
2020-10-14 09:55:59;111;25;30;15;3;2;4;5;2;6;0
2020-10-14 09:56:59;112;26;30;15;3;2;4;5;2;6;0
2020-10-14 09:57:58;112;26;30;15;3;2;4;5;2;6;0
2020-10-14 09:58:59;112;26;30;15;3;2;4;5;2;6;0
2020-10-14 09:59:59;113;27;30;15;3;2;4;5;2;6;0
2020-10-14 10:00:58;113;27;30;15;3;2;4;6;2;6;0
2020-10-14 10:01:59;113;27;30;15;3;2;4;6;2;6;0
2020-10-14 10:02:59;113;27;30;15;3;2;4;6;2;6;0
2020-10-14 10:03:58;114;27;30;15;3;2;4;6;2;6;0
2020-10-14 10:04:59;114;27;30;15;3;2;4;6;2;6;0
2020-10-14 10:05:59;114;27;30;15;3;2;4;6;2;6;0
2020-10-14 10:06:58;115;28;30;15;3;2;4;6;2;6;0
2020-10-14 10:07:59;115;28;30;15;3;2;4;6;2;6;0
2020-10-14 10:08:59;115;28;30;15;3;2;4;6;2;6;0
2020-10-14 10:10:00;115;28;30;15;3;2;4;6;2;6;0
2020-10-14 10:10:58;116;29;30;15;3;2;4;6;2;6;0
2020-10-14 10:11:59;116;29;30;15;3;2;4;6;2;6;0
2020-10-14 10:12:59;117;30;30;15;3;2;4;6;2;6;0
2020-10-14 10:13:58;117;30;30;15;3;2;4;6;2;6;0
2020-10-14 10:14:59;117;30;30;15;3;2;4;6;2;6;0
2020-10-14 10:15:58;118;31;30;15;3;2;4;6;2;6;0
2020-10-14 10:16:59;118;31;30;15;3;2;4;6;2;6;0
2020-10-14 10:17:59;120;31;31;15;3;2;4;6;2;6;0
2020-10-14 10:18:58;120;31;31;15;3;2;4;6;2;6;0
2020-10-14 10:19:59;121;32;31;15;3;2;4;6;2;6;0
2020-10-14 10:20:59;121;32;31;15;3;2;4;6;2;6;0
2020-10-14 10:21:58;121;32;31;15;3;2;4;6;2;6;0
2020-10-14 10:22:59;121;32;31;15;3;2;4;6;2;6;0
2020-10-14 10:23:59;121;32;31;15;3;2;4;6;2;6;0
2020-10-14 10:25:00;121;32;31;15;3;2;4;6;2;6;0
2020-10-14 10:25:58;121;32;31;15;3;2;4;6;2;6;0
2020-10-14 10:26:59;121;32;31;15;3;2;4;6;2;6;0
2020-10-14 10:27:58;121;32;31;15;3;2;4;6;2;6;0
2020-10-14 10:28:59;121;32;31;15;3;2;4;6;2;6;0
2020-10-14 10:29:59;122;32;32;15;3;2;4;6;2;6;0
2020-10-14 10:30:58;122;32;32;15;3;2;4;6;2;6;0
2020-10-14 10:31:59;123;33;32;15;3;2;4;6;2;6;0
2020-10-14 10:32:59;124;33;32;15;3;2;4;6;3;6;0
2020-10-14 10:33:59;124;33;32;15;3;2;4;6;3;6;0
2020-10-14 10:34:58;124;33;32;15;3;2;4;6;3;6;0
2020-10-14 10:35:59;124;33;32;15;3;2;4;6;3;6;0
2020-10-14 10:36:59;125;34;32;15;3;2;4;6;3;6;0
2020-10-14 10:37:58;125;34;32;15;3;2;4;6;3;6;0
2020-10-14 10:38:59;125;34;32;15;3;2;4;6;3;6;0
2020-10-14 10:39:59;125;34;32;15;3;2;4;6;3;6;0
2020-10-14 10:40:58;125;34;32;15;3;2;4;6;3;6;0
2020-10-14 10:41:59;125;34;32;15;3;2;4;6;3;6;0
2020-10-14 10:42:59;125;34;32;15;3;2;4;6;3;6;0
2020-10-14 10:43:58;125;34;32;15;3;2;4;6;3;6;0
2020-10-14 10:44:59;125;34;32;15;3;2;4;6;3;6;0
2020-10-14 10:45:59;125;34;32;15;3;2;4;6;3;6;0
2020-10-14 10:47:00;125;34;32;15;3;2;4;6;3;6;0
2020-10-14 10:47:58;126;35;32;15;3;2;4;6;3;6;0
2020-10-14 10:48:59;126;35;32;15;3;2;4;6;3;6;0
2020-10-14 10:49:58;126;35;32;15;3;2;4;6;3;6;0
2020-10-14 10:50:59;126;35;32;15;3;2;4;6;3;6;0
2020-10-14 10:51:59;126;35;32;15;3;2;4;6;3;6;0
2020-10-14 10:52:59;126;35;32;15;3;2;4;6;3;6;0
2020-10-14 10:53:58;126;35;32;15;3;2;4;6;3;6;0
2020-10-14 10:54:59;127;36;32;15;3;2;4;6;3;6;0
2020-10-14 10:55:59;127;36;32;15;3;2;4;6;3;6;0
2020-10-14 10:56:58;127;36;32;15;3;2;4;6;3;6;0
2020-10-14 10:57:59;127;36;32;15;3;2;4;6;3;6;0
2020-10-14 10:58:59;128;36;32;15;3;2;4;6;3;6;0
2020-10-14 10:59:58;129;36;32;15;3;2;4;6;3;7;0
2020-10-14 11:00:59;129;36;32;15;3;2;4;6;3;7;0
2020-10-14 11:01:59;129;36;32;15;3;2;4;6;3;7;0
2020-10-14 11:02:58;129;36;32;15;3;2;4;6;3;7;0
2020-10-14 11:03:59;129;36;32;15;3;2;4;6;3;7;0
2020-10-14 11:04:58;129;36;32;15;3;2;4;6;3;7;0
2020-10-14 11:05:59;129;36;32;15;3;2;4;6;3;7;0
2020-10-14 11:06:59;129;36;32;15;3;2;4;6;3;7;0
2020-10-14 11:07:58;129;36;32;15;3;2;4;6;3;7;0
2020-10-14 11:08:59;129;36;32;15;3;2;4;6;3;7;0
2020-10-14 11:09:58;129;36;32;15;3;2;4;6;3;7;0
2020-10-14 11:10:59;129;36;32;15;3;2;4;6;3;7;0
2020-10-14 11:11:59;130;37;32;15;3;2;4;6;3;7;0
2020-10-14 11:12:58;130;37;32;15;3;2;4;6;3;7;0
2020-10-14 11:13:59;131;39;32;15;3;2;4;5;3;7;0
2020-10-14 11:14:59;131;39;32;15;3;2;4;5;3;7;0
2020-10-14 11:15:58;132;39;33;15;3;2;4;5;3;7;0
2020-10-14 11:16:59;132;39;33;15;3;2;4;5;3;7;0
2020-10-14 11:17:59;132;39;33;15;3;2;4;5;3;7;0
2020-10-14 11:18:58;132;39;33;15;3;2;4;5;3;7;0
2020-10-14 11:19:59;132;39;33;15;3;2;4;5;3;7;0
2020-10-14 11:20:59;132;39;33;15;3;2;4;5;3;7;0
2020-10-14 11:21:58;134;41;33;15;3;2;4;5;3;7;0
2020-10-14 11:22:59;134;41;33;15;3;2;4;5;3;7;0
2020-10-14 11:23:59;134;41;33;15;3;2;4;5;3;7;0
2020-10-14 11:24:58;134;41;33;15;3;2;4;5;3;7;0
2020-10-14 11:25:59;134;41;33;15;3;2;4;5;3;7;0
2020-10-14 11:26:59;133;40;33;15;3;2;4;5;3;7;0
2020-10-14 11:27:58;133;40;33;15;3;2;4;5;3;7;0
2020-10-14 11:28:59;134;40;34;15;3;2;4;5;3;7;0
2020-10-14 11:29:59;135;40;34;15;3;2;4;5;3;7;0
2020-10-14 11:30:58;136;40;34;15;3;2;4;6;3;7;0
2020-10-14 11:31:59;136;40;34;15;3;2;4;6;3;7;0
2020-10-14 11:32:59;136;40;34;15;3;2;4;6;3;7;0
2020-10-14 11:33:58;137;41;34;15;3;2;4;6;3;7;0
2020-10-14 11:34:59;137;41;34;15;3;2;4;6;3;7;0
2020-10-14 11:35:59;137;41;34;15;3;2;4;6;3;7;0
2020-10-14 11:36:58;137;41;34;15;3;2;4;6;3;7;0
2020-10-14 11:37:59;138;41;35;15;3;2;4;6;3;7;0
2020-10-14 11:38:59;138;41;35;15;3;2;4;6;3;7;0
2020-10-14 11:39:58;138;41;36;14;3;2;4;6;3;7;0
2020-10-14 11:40:59;138;41;36;14;3;2;4;6;3;7;0
2020-10-14 11:41:59;138;41;36;14;3;2;4;6;3;7;0
2020-10-14 11:42:58;138;41;36;14;3;2;4;6;3;7;0
2020-10-14 11:43:59;138;41;36;14;3;2;4;6;3;7;0
2020-10-14 11:44:59;138;41;36;14;3;2;4;6;3;7;0
2020-10-14 11:46:00;138;41;36;14;3;2;4;6;3;7;0
2020-10-14 11:46:58;138;41;36;14;3;2;4;6;3;7;0
2020-10-14 11:47:59;138;41;36;14;3;2;4;6;3;7;0
2020-10-14 11:48:59;138;41;36;14;3;2;4;6;3;7;0
2020-10-14 11:49:59;138;41;36;14;3;2;4;6;3;7;0
2020-10-14 11:50:58;138;41;36;14;3;2;4;6;3;7;0
2020-10-14 11:51:59;138;41;36;14;3;2;4;6;3;7;0
2020-10-14 11:52:59;138;41;36;14;3;2;4;6;3;7;0
2020-10-14 11:53:58;138;41;36;14;3;2;4;6;3;7;0
2020-10-14 11:54:59;138;41;36;14;3;2;4;6;3;7;0
2020-10-14 11:55:59;138;41;36;14;3;2;4;6;3;7;0
2020-10-14 11:56:58;138;41;36;14;3;2;4;6;3;7;0
2020-10-14 11:57:59;138;41;36;14;3;2;4;6;3;7;0
2020-10-14 11:58:59;139;41;36;14;3;2;4;7;3;7;0
2020-10-14 11:59:58;139;41;36;14;3;2;4;7;3;7;0
2020-10-14 12:00:59;140;42;36;14;3;2;4;7;3;7;0
2020-10-14 12:01:59;140;42;36;14;3;2;4;7;3;7;0
2020-10-14 12:03:00;140;42;36;14;3;2;4;7;3;7;0
2020-10-14 12:03:58;140;42;36;14;3;2;4;7;3;7;0
2020-10-14 12:04:59;140;42;36;14;3;2;4;7;3;7;0
2020-10-14 12:05:59;140;42;36;14;3;2;4;7;3;7;0
2020-10-14 12:06:58;140;42;36;14;3;2;4;7;3;7;0
2020-10-14 12:07:59;140;42;36;14;3;2;4;7;3;7;0
2020-10-14 12:08:58;140;42;36;14;3;2;4;7;3;7;0
2020-10-14 12:09:59;140;42;36;14;3;2;4;7;3;7;0
2020-10-14 12:10:59;140;42;36;14;3;2;4;7;3;7;0
2020-10-14 12:11:58;140;42;36;14;3;2;4;7;3;7;0
2020-10-14 12:12:59;140;42;36;14;3;2;4;7;3;7;0
2020-10-14 12:13:59;140;42;36;14;3;2;4;7;3;7;0
2020-10-14 12:14:58;140;42;36;14;3;2;4;7;3;7;0
2020-10-14 12:15:59;140;42;36;14;3;2;4;7;3;7;0
2020-10-14 12:16:59;140;42;36;14;3;2;4;7;3;7;0
2020-10-14 12:17:59;140;42;36;14;3;2;4;7;3;7;0
2020-10-14 12:18:58;140;42;36;14;3;2;4;7;3;7;0
2020-10-14 12:19:59;141;42;36;14;3;3;4;7;3;7;0
2020-10-14 12:20:58;143;42;37;14;3;3;4;7;4;7;0
2020-10-14 12:21:59;143;42;37;14;3;4;4;7;3;7;0
2020-10-14 12:22:59;143;42;37;14;3;4;4;7;3;7;0
2020-10-14 12:23:58;144;42;38;14;3;4;4;7;3;7;0
2020-10-14 12:24:59;144;42;38;14;3;4;4;7;3;7;0
2020-10-14 12:25:59;145;42;39;14;3;4;4;7;3;7;0
2020-10-14 12:26:58;146;43;39;14;3;4;4;7;3;7;0
2020-10-14 12:27:59;146;43;39;14;3;4;4;7;3;7;0
2020-10-14 12:28:59;146;43;39;14;3;4;4;7;3;7;0
2020-10-14 12:30:00;146;43;39;14;3;4;4;7;3;7;0
2020-10-14 12:30:58;146;43;39;14;3;4;4;7;3;7;0
2020-10-14 12:31:59;146;43;39;14;3;4;4;7;3;7;0
2020-10-14 12:32:59;146;43;39;14;3;4;4;7;3;7;0
2020-10-14 12:33:58;147;44;39;14;3;4;4;7;3;7;0
2020-10-14 12:34:59;147;44;39;14;3;4;4;7;3;7;0
2020-10-14 12:35:59;147;44;39;14;3;4;4;7;3;7;0
2020-10-14 12:36:58;147;44;39;14;3;4;4;7;3;7;0
2020-10-14 12:37:59;148;44;39;14;3;4;4;7;3;7;0
2020-10-14 12:38:59;148;44;39;14;3;4;4;7;3;7;0
2020-10-14 12:39:58;148;44;39;14;3;4;4;7;3;7;0
2020-10-14 12:40:59;148;44;39;14;3;4;4;7;3;7;0
2020-10-14 12:41:59;149;45;39;14;3;4;4;7;3;7;0
2020-10-14 12:42:58;150;46;39;14;3;4;4;7;3;7;0
2020-10-14 12:43:59;150;46;39;14;3;4;4;7;3;7;0
2020-10-14 12:44:59;151;46;39;14;3;4;4;7;3;7;2
2020-10-14 12:45:58;151;46;39;14;3;4;4;7;3;7;2
2020-10-14 12:46:59;151;46;39;14;3;4;4;7;3;7;2
2020-10-14 12:47:59;152;46;39;15;3;4;4;7;3;7;2
2020-10-14 12:48:58;153;46;40;15;3;4;4;7;3;7;2
2020-10-14 12:49:59;153;46;40;15;3;4;4;7;3;7;2
2020-10-14 12:50:59;153;46;40;15;3;4;4;7;3;7;2
2020-10-14 12:51:58;153;46;40;15;3;4;4;7;3;7;2
2020-10-14 12:52:59;153;46;40;15;3;4;4;7;3;7;2
2020-10-14 12:53:59;153;46;40;15;3;4;4;7;3;7;2
2020-10-14 12:54:58;153;46;40;15;3;4;4;7;3;7;2
2020-10-14 12:55:59;153;46;40;15;3;4;4;7;3;7;2
2020-10-14 12:56:59;154;46;40;15;3;4;4;7;3;7;3
2020-10-14 12:57:58;154;46;40;15;3;4;4;7;3;7;3
2020-10-14 12:58:59;154;46;40;15;3;4;4;7;3;7;3
2020-10-14 12:59:59;154;46;40;15;3;4;4;7;3;7;3
2020-10-14 13:00:58;154;46;40;15;3;4;4;7;3;7;3
2020-10-14 13:01:59;154;46;40;15;3;4;4;7;3;7;3
2020-10-14 13:02:59;154;46;40;15;3;4;4;7;3;7;3
2020-10-14 13:03:58;154;46;40;15;3;4;4;7;3;7;3
2020-10-14 13:04:59;154;46;40;15;3;4;4;7;3;7;3
2020-10-14 13:05:59;154;46;40;15;3;4;4;7;3;7;3
2020-10-14 13:06:58;154;46;40;15;3;4;4;7;3;7;3
2020-10-14 13:07:59;154;46;40;15;3;4;4;7;3;7;3
2020-10-14 13:08:58;154;46;40;15;3;4;4;7;3;7;3
2020-10-14 13:09:59;155;47;40;15;3;4;4;7;3;7;3
2020-10-14 13:10:59;155;47;40;15;3;4;4;7;3;7;3
2020-10-14 13:11:58;155;47;40;15;3;4;4;7;3;7;3
2020-10-14 13:12:59;155;47;40;15;3;4;4;7;3;7;3
2020-10-14 13:13:59;158;50;40;15;3;4;4;7;3;7;3
2020-10-14 13:14:58;159;50;41;15;3;4;4;7;3;7;3
2020-10-14 13:15:59;159;50;41;15;3;4;4;7;3;7;3
2020-10-14 13:16:59;159;50;41;15;3;4;4;7;3;7;3
2020-10-14 13:17:58;159;50;41;15;3;4;4;7;3;7;3
2020-10-14 13:18:59;159;50;41;15;3;4;4;7;3;7;3
2020-10-14 13:20:00;159;50;41;15;3;4;4;7;3;7;3
2020-10-14 13:20:58;159;50;41;15;3;4;4;7;3;7;3
2020-10-14 13:21:59;159;50;41;15;3;4;4;7;3;7;3
2020-10-14 13:22:58;159;50;41;15;3;4;4;7;3;7;3
2020-10-14 13:23:59;160;51;41;15;3;4;4;7;3;7;3
2020-10-14 13:24:59;160;51;41;15;3;4;4;7;3;7;3
2020-10-14 13:25:58;160;51;41;15;3;4;4;7;3;7;3
2020-10-14 13:26:59;160;51;41;15;3;4;4;7;3;7;3
2020-10-14 13:27:59;160;51;41;15;3;4;4;7;3;7;3
2020-10-14 13:28:58;160;51;41;15;3;4;4;7;3;7;3
2020-10-14 13:29:59;160;51;41;15;3;4;4;7;3;7;3
2020-10-14 13:30:59;160;51;41;15;3;4;4;7;3;7;3
2020-10-14 13:31:58;160;51;41;15;3;4;4;7;3;7;3
2020-10-14 13:32:59;161;52;41;15;3;4;4;7;3;7;3
2020-10-14 13:33:59;161;52;41;15;3;4;4;7;3;7;3
2020-10-14 13:34:58;161;52;41;15;3;4;4;7;3;7;3
2020-10-14 13:35:59;161;52;41;15;3;4;4;7;3;7;3
2020-10-14 13:36:58;161;52;41;15;3;4;4;7;3;7;3
2020-10-14 13:37:59;161;52;41;15;3;4;4;7;3;7;3
2020-10-14 13:38:59;161;52;41;15;3;4;4;7;3;7;3
2020-10-14 13:39:58;161;52;41;15;3;4;4;7;3;7;3
2020-10-14 13:40:59;161;52;41;15;3;4;4;7;3;7;3
2020-10-14 13:41:59;161;52;41;15;3;4;4;7;3;7;3
2020-10-14 13:42:59;161;52;41;15;3;4;4;7;3;7;3
2020-10-14 13:43:58;162;53;41;15;3;4;4;7;3;7;3
2020-10-14 13:44:59;162;53;41;15;3;4;4;7;3;7;3
2020-10-14 13:45:59;162;53;41;15;3;4;4;7;3;7;3
2020-10-14 13:46:58;163;53;42;15;3;4;4;7;3;7;3
2020-10-14 13:47:59;163;53;42;15;3;4;4;7;3;7;3
2020-10-14 13:48:59;163;53;42;15;3;4;4;7;3;7;3
2020-10-14 13:49:58;163;53;42;15;3;4;4;7;3;7;3
2020-10-14 13:50:59;163;53;42;15;3;4;4;7;3;7;3
2020-10-14 13:51:59;163;53;42;15;3;4;4;7;3;7;3
2020-10-14 13:52:58;163;53;43;15;3;4;4;7;3;7;2
2020-10-14 13:53:59;163;53;43;15;3;4;4;7;3;7;2
2020-10-14 13:55:00;164;53;44;15;3;4;4;7;3;7;2
2020-10-14 13:55:58;164;53;44;15;3;4;4;7;3;7;2
2020-10-14 13:56:59;164;53;44;15;3;4;4;7;3;7;2
2020-10-14 13:57:58;164;53;44;15;3;4;4;7;3;7;2
2020-10-14 13:58:59;164;53;44;15;3;4;4;7;3;7;2
2020-10-14 14:00:00;164;53;44;15;3;4;4;7;3;7;2
2020-10-14 14:00:58;164;53;44;15;3;4;4;7;3;7;2
2020-10-14 14:01:59;164;53;44;15;3;4;4;7;3;7;2
2020-10-14 14:02:59;164;53;44;15;3;4;4;7;3;7;2
2020-10-14 14:03:58;164;53;44;15;3;4;4;7;3;7;2
2020-10-14 14:04:59;164;53;44;15;3;4;4;7;3;7;2
2020-10-14 14:05:59;164;53;44;15;3;4;4;7;3;7;2
2020-10-14 14:06:58;164;53;44;15;3;4;4;7;3;7;2
2020-10-14 14:07:59;164;53;44;15;3;4;4;7;3;7;2
2020-10-14 14:08:59;165;54;44;15;3;4;4;7;3;7;2
2020-10-14 14:09:58;165;54;44;15;3;4;4;7;3;7;2
2020-10-14 14:10:59;165;54;44;15;3;4;4;7;3;7;2
2020-10-14 14:11:59;166;54;45;15;3;4;4;7;3;7;2
2020-10-14 14:12:58;167;55;45;15;3;4;4;7;3;7;2
2020-10-14 14:13:59;168;55;45;15;3;4;4;8;3;7;2
2020-10-14 14:14:59;168;55;45;15;3;4;4;8;3;7;2
2020-10-14 14:15:58;168;55;45;15;3;4;4;8;3;7;2
2020-10-14 14:16:59;167;55;45;14;3;4;4;8;3;7;2
2020-10-14 14:17:59;168;56;45;14;3;4;4;8;3;7;2
2020-10-14 14:18:58;168;56;45;14;3;4;4;8;3;7;2
2020-10-14 14:19:59;168;56;45;14;3;4;4;8;3;7;2
2020-10-14 14:20:58;168;56;45;14;3;4;4;8;3;7;2
2020-10-14 14:21:59;169;56;46;14;3;4;4;8;3;7;2
2020-10-14 14:22:59;169;56;46;14;3;4;4;8;3;7;2
2020-10-14 14:23:58;169;56;46;14;3;4;4;8;3;7;2
2020-10-14 14:24:59;169;56;46;14;3;4;4;8;3;7;2
2020-10-14 14:25:59;169;56;46;14;3;4;4;8;3;7;2
2020-10-14 14:26:58;170;56;46;14;3;4;5;8;3;7;2
2020-10-14 14:27:59;170;56;46;14;3;4;5;8;3;7;2
2020-10-14 14:28:59;170;56;46;14;3;4;5;8;3;7;2
2020-10-14 14:29:58;170;56;46;14;3;4;5;8;3;7;2
2020-10-14 14:30:59;170;56;46;14;3;4;5;8;3;7;2
2020-10-14 14:31:59;170;56;46;14;3;4;5;8;3;7;2
2020-10-14 14:33:00;170;56;46;14;3;4;5;8;3;7;2
2020-10-14 14:33:58;170;56;46;14;3;4;5;8;3;7;2
2020-10-14 14:34:59;170;56;46;14;3;4;5;8;3;7;2
2020-10-14 14:35:59;170;56;46;14;3;4;5;8;3;7;2
2020-10-14 14:36:58;170;56;46;14;3;4;5;8;3;7;2
2020-10-14 14:37:59;170;56;46;14;3;4;5;8;3;7;2
2020-10-14 14:38:59;170;56;46;14;3;4;5;8;3;7;2
2020-10-14 14:39:58;170;56;46;14;3;4;5;8;3;7;2
2020-10-14 14:40:58;170;56;46;14;3;4;5;8;3;7;2
2020-10-14 14:41:59;170;56;46;14;3;4;5;8;3;7;2
2020-10-14 14:42:59;170;56;46;14;3;4;5;8;3;7;2
2020-10-14 14:43:58;171;56;46;14;3;4;5;8;3;7;2
2020-10-14 14:44:59;171;56;46;14;3;4;5;8;3;7;2
2020-10-14 14:45:59;171;56;46;14;3;4;5;8;3;7;2
2020-10-14 14:46:58;171;56;46;14;3;4;5;8;3;7;2
2020-10-14 14:47:59;171;56;46;14;3;4;5;8;3;7;2
2020-10-14 14:48:59;172;56;46;14;3;4;5;9;3;7;2
2020-10-14 14:49:58;172;56;46;14;3;4;5;9;3;7;2
2020-10-14 14:50:59;173;56;47;14;3;4;5;9;3;7;2
2020-10-14 14:51:58;173;56;47;14;3;4;5;9;3;7;2
2020-10-14 14:52:59;173;56;47;14;3;4;5;9;3;7;2
2020-10-14 14:53:59;173;56;47;14;3;4;5;9;3;7;2
2020-10-14 14:54:58;173;56;47;14;3;4;5;9;3;7;2
2020-10-14 14:55:59;173;56;47;14;3;4;5;9;3;7;2
2020-10-14 14:56:59;173;56;47;14;3;4;5;9;3;7;2
2020-10-14 14:57:58;173;56;47;14;3;4;5;9;3;7;2
2020-10-14 14:58:59;173;56;47;14;3;4;5;9;3;7;2
2020-10-14 14:59:59;173;56;47;14;3;4;5;9;3;7;2
2020-10-14 15:00:58;173;56;47;14;3;4;5;9;3;7;2
2020-10-14 15:01:59;173;56;47;14;3;4;5;9;3;7;2
2020-10-14 15:02:59;173;56;47;14;3;4;5;9;3;7;2
2020-10-14 15:03:58;173;56;47;14;3;4;5;9;3;7;2
2020-10-14 15:04:59;173;56;47;14;3;4;5;9;3;7;2
2020-10-14 15:05:59;174;57;47;13;4;4;5;9;3;7;2
2020-10-14 15:06:58;174;57;47;13;4;4;5;9;3;7;2
2020-10-14 15:07:59;174;57;47;13;4;4;5;9;3;7;2
2020-10-14 15:08:59;174;57;47;13;4;4;5;9;3;7;2
2020-10-14 15:09:58;174;57;47;13;4;4;5;9;3;7;2
2020-10-14 15:10:59;174;57;47;13;4;4;5;9;3;7;2
2020-10-14 15:11:59;174;57;47;13;4;4;5;9;3;7;2
2020-10-14 15:12:58;175;57;48;13;4;4;5;9;3;7;2
2020-10-14 15:13:59;175;57;48;13;4;4;5;9;3;7;2
2020-10-14 15:14:59;175;58;47;13;4;4;5;9;3;7;2
2020-10-14 15:15:58;175;58;47;13;4;4;5;9;3;7;2
2020-10-14 15:16:59;175;58;47;13;4;4;5;9;3;7;2
2020-10-14 15:17:59;175;58;47;13;4;4;5;9;3;7;2
2020-10-14 15:18:58;176;59;47;12;4;5;5;9;3;7;2
2020-10-14 15:19:59;176;59;47;12;4;5;5;9;3;7;2
2020-10-14 15:20:59;176;59;47;12;4;5;5;9;3;7;2
2020-10-14 15:21:58;176;59;47;12;4;5;5;9;3;7;2
2020-10-14 15:22:59;176;59;47;12;4;5;5;9;3;7;2
2020-10-14 15:23:59;177;59;47;12;4;5;5;9;3;7;2
2020-10-14 15:24:58;177;59;47;12;4;5;5;9;3;7;2
2020-10-14 15:25:59;177;59;47;12;4;5;5;9;3;7;2
2020-10-14 15:26:59;177;59;47;12;4;5;5;9;3;7;2
2020-10-14 15:27:58;177;59;47;12;4;5;5;9;3;7;2
2020-10-14 15:28:59;177;59;47;12;4;5;5;9;3;7;2
2020-10-14 15:29:59;177;59;47;12;4;5;5;9;3;7;2
2020-10-14 15:30:58;177;59;47;12;4;5;5;9;3;7;2
2020-10-14 15:31:59;177;59;47;12;4;5;5;9;3;7;2
2020-10-14 15:32:59;177;59;47;12;4;5;5;9;3;7;2
2020-10-14 15:33:59;177;59;47;12;4;5;5;9;3;7;2
2020-10-14 15:34:58;177;59;47;12;4;5;5;9;3;7;2
2020-10-14 15:35:59;177;59;47;12;4;5;5;9;3;7;2
2020-10-14 15:36:59;177;59;47;12;4;5;5;9;3;7;2
2020-10-14 15:37:58;177;59;47;12;4;5;5;9;3;7;2
2020-10-14 15:38:59;177;59;47;12;4;5;5;9;3;7;2
2020-10-14 15:40:00;177;59;47;12;4;5;5;9;3;7;2
2020-10-14 15:40:58;177;59;47;12;4;5;5;9;3;7;2
2020-10-14 15:41:59;177;59;47;12;4;5;5;9;3;7;2
2020-10-14 15:42:59;177;59;47;12;4;5;5;9;3;7;2
2020-10-14 15:43:58;177;59;47;12;4;5;5;9;3;7;2
2020-10-14 15:44:59;178;59;47;12;4;5;6;9;3;7;2
2020-10-14 15:45:59;178;59;47;12;4;5;6;9;3;7;2
2020-10-14 15:46:58;179;60;47;12;4;5;6;9;3;7;2
2020-10-14 15:47:59;179;60;47;12;4;5;6;9;3;7;2
2020-10-14 15:48:58;181;62;47;12;4;5;6;9;3;7;2
2020-10-14 15:49:59;181;62;47;12;4;5;6;9;3;7;2
2020-10-14 15:50:59;182;63;47;12;4;5;6;9;3;7;2
2020-10-14 15:51:58;183;64;47;12;4;5;6;9;3;7;2
2020-10-14 15:52:59;183;64;47;12;4;5;6;9;3;7;2
2020-10-14 15:53:59;183;64;47;12;4;5;6;9;3;7;2
2020-10-14 15:54:58;185;65;48;12;4;5;6;9;3;7;2
2020-10-14 15:55:59;186;65;48;13;4;5;6;9;3;7;2
2020-10-14 15:56:59;186;65;48;13;4;5;6;9;3;7;2
2020-10-14 15:57:58;186;65;48;13;4;5;6;9;3;7;2
2020-10-14 15:58:59;186;65;48;13;4;5;6;9;3;7;2
2020-10-14 15:59:59;186;65;48;13;4;5;6;9;3;7;2
2020-10-14 16:00:58;186;65;48;13;4;5;6;9;3;7;2
2020-10-14 16:01:59;186;65;48;13;4;5;6;9;3;7;2
2020-10-14 16:02:58;186;65;48;13;4;5;6;9;3;7;2
2020-10-14 16:03:59;186;65;48;13;4;5;6;9;3;7;2
2020-10-14 16:04:58;186;65;48;13;4;5;6;9;3;7;2
2020-10-14 16:05:59;187;66;48;13;4;5;6;9;3;7;2
2020-10-14 16:06:59;188;66;48;13;4;5;6;9;3;7;3
2020-10-14 16:07:58;188;66;48;13;4;5;6;9;3;7;3
2020-10-14 16:08:59;188;66;48;13;4;5;6;9;3;7;3
2020-10-14 16:09:59;188;66;48;13;4;5;6;9;3;7;3
2020-10-14 16:10:58;188;66;48;13;4;5;6;9;3;7;3
2020-10-14 16:11:59;189;66;48;13;4;5;6;9;4;7;3
2020-10-14 16:12:59;190;67;48;13;4;5;6;9;4;7;3
2020-10-14 16:13:58;190;68;48;13;4;5;6;8;4;7;3
2020-10-14 16:14:59;190;69;47;13;4;5;6;8;4;7;3
2020-10-14 16:15:59;190;69;47;13;4;5;6;8;4;7;3
2020-10-14 16:16:58;191;70;47;13;4;5;6;8;4;7;3
2020-10-14 16:17:59;190;70;47;12;4;5;6;8;4;7;3
2020-10-14 16:18:58;190;70;47;12;4;5;6;8;4;7;3
2020-10-14 16:19:59;190;71;47;12;4;5;6;8;4;7;3
2020-10-14 16:20:59;190;71;47;12;4;5;6;8;4;7;3
2020-10-14 16:21:58;190;71;47;12;4;5;6;8;4;7;3
2020-10-14 16:22:59;190;71;47;12;4;5;6;8;4;7;3
2020-10-14 16:23:59;190;71;47;12;4;5;6;8;4;7;3
2020-10-14 16:24:58;192;73;47;12;4;5;6;8;4;7;3
2020-10-14 16:25:59;192;73;47;12;4;5;6;8;4;7;3
2020-10-14 16:26:58;192;74;47;12;4;5;6;7;4;7;3
2020-10-14 16:27:59;192;74;47;12;4;5;6;7;4;7;3
2020-10-14 16:28:59;192;74;47;12;4;5;6;7;4;7;3
2020-10-14 16:29:58;192;74;47;12;4;5;6;7;4;7;3
2020-10-14 16:30:59;192;74;47;12;4;5;6;7;4;7;3
2020-10-14 16:31:59;193;75;47;12;4;5;6;7;4;7;3
2020-10-14 16:32:58;193;75;47;12;4;5;6;7;4;7;3
2020-10-14 16:33:59;193;75;47;12;4;5;6;7;4;7;3
2020-10-14 16:34:59;194;76;47;12;4;5;6;7;4;7;3
2020-10-14 16:35:58;196;76;48;13;4;5;6;7;4;7;3
2020-10-14 16:36:59;196;76;48;13;4;5;6;7;4;7;3
2020-10-14 16:37:59;196;76;48;13;4;5;6;7;4;7;3
2020-10-14 16:38:58;196;76;48;13;4;5;6;7;4;7;3
2020-10-14 16:39:59;196;76;48;13;4;5;6;7;4;7;3
2020-10-14 16:40:59;196;76;48;13;4;5;6;7;4;7;3
2020-10-14 16:41:58;196;76;48;13;4;5;6;7;4;7;3
2020-10-14 16:42:59;198;76;49;13;4;5;6;7;4;7;3
2020-10-14 16:43:58;199;76;49;13;4;5;6;7;4;8;3
2020-10-14 16:44:59;199;76;49;13;4;5;6;7;4;8;3
2020-10-14 16:45:59;199;76;49;13;4;5;6;7;4;8;3
2020-10-14 16:46:59;199;76;49;13;4;5;6;7;4;8;3
2020-10-14 16:47:58;200;77;49;13;4;5;6;7;4;8;3
2020-10-14 16:48:59;200;77;49;13;4;5;6;7;4;8;3
2020-10-14 16:49:59;200;77;49;13;4;5;6;7;4;8;3
2020-10-14 16:50:58;200;77;49;13;4;5;6;7;4;8;3
2020-10-14 16:51:59;200;77;49;13;4;5;6;7;4;8;3
2020-10-14 16:52:59;200;77;49;13;4;5;6;7;4;8;3
2020-10-14 16:53:58;200;77;49;13;4;5;6;7;4;8;3
2020-10-14 16:54:59;200;77;49;13;4;5;6;7;4;8;3
2020-10-14 16:55:59;200;77;49;13;4;5;6;7;4;8;3
2020-10-14 16:56:58;200;77;49;13;4;5;6;7;4;8;3
2020-10-14 16:57:59;200;77;49;13;4;5;6;7;4;8;3
2020-10-14 16:58:58;200;77;49;13;4;5;6;7;4;8;3
2020-10-14 16:59:59;201;78;49;13;4;5;6;7;4;8;3
2020-10-14 17:00:59;201;78;49;13;4;5;6;7;4;8;3
2020-10-14 17:01:58;201;78;49;13;4;5;6;7;4;8;3
2020-10-14 17:02:59;201;78;49;13;4;5;6;7;4;8;3
2020-10-14 17:03:58;201;78;49;13;4;5;6;7;4;8;3
2020-10-14 17:04:59;201;78;49;13;4;5;6;7;4;8;3
2020-10-14 17:05:59;201;78;49;13;4;5;6;7;4;8;3
2020-10-14 17:06:58;201;78;49;13;4;5;6;7;4;8;3
2020-10-14 17:07:59;202;79;49;13;4;5;6;7;4;8;3
2020-10-14 17:08:59;202;79;49;13;4;5;6;7;4;8;3
2020-10-14 17:09:59;202;79;49;13;4;5;6;7;4;8;3
2020-10-14 17:10:58;202;79;49;13;4;5;6;7;4;8;3
2020-10-14 17:11:59;202;79;49;13;4;5;6;7;4;8;3
2020-10-14 17:12:58;203;79;50;13;4;5;6;7;4;8;3
2020-10-14 17:13:59;203;79;50;13;4;5;6;7;4;8;3
2020-10-14 17:14:59;203;79;50;13;4;5;6;7;4;8;3
2020-10-14 17:15:58;203;79;50;13;4;5;6;7;4;8;3
2020-10-14 17:16:59;203;79;50;13;4;5;6;7;4;8;3
2020-10-14 17:17:59;203;79;50;13;4;5;6;7;4;8;3
2020-10-14 17:18:58;204;80;50;13;4;5;6;7;4;8;3
2020-10-14 17:19:59;204;80;50;13;4;5;6;7;4;8;3
2020-10-14 17:20:59;204;80;50;13;4;5;6;7;4;8;3
2020-10-14 17:21:58;204;80;50;13;4;5;6;7;4;8;3
2020-10-14 17:22:59;204;80;50;13;4;5;6;7;4;8;3
2020-10-14 17:23:59;204;80;50;13;4;5;6;7;4;8;3
2020-10-14 17:24:58;206;81;50;13;4;5;6;7;4;8;3
2020-10-14 17:25:59;206;81;50;13;4;5;6;7;4;8;3
2020-10-14 17:26:59;206;81;50;13;4;5;6;7;4;8;3
2020-10-14 17:27:58;207;82;50;13;4;5;6;7;4;8;3
2020-10-14 17:28:59;207;82;50;13;4;5;6;7;4;8;3
2020-10-14 17:29:59;207;82;50;13;4;5;6;7;4;8;3
2020-10-14 17:30:58;207;82;50;13;4;5;6;7;4;8;3
2020-10-14 17:31:59;207;82;50;13;4;5;6;7;4;8;3
2020-10-14 17:32:59;207;82;50;13;4;5;6;7;4;8;3
2020-10-14 17:33:59;207;82;50;13;4;5;6;7;4;8;3
2020-10-14 17:34:58;208;82;50;13;5;5;6;7;4;8;3
2020-10-14 17:35:59;208;82;50;13;5;5;6;7;4;8;3
2020-10-14 17:36:58;208;82;50;13;5;5;6;7;4;8;3
2020-10-14 17:37:59;208;82;50;13;5;5;6;7;4;8;3
2020-10-14 17:38:59;208;82;50;13;5;5;6;7;4;8;3
2020-10-14 17:39:58;209;82;51;13;5;5;6;7;4;8;3
2020-10-14 17:40:59;209;82;51;13;5;5;6;7;4;8;3
2020-10-14 17:41:59;209;82;51;13;5;5;6;7;4;8;3
2020-10-14 17:42:58;209;82;51;13;5;5;6;7;4;8;3
2020-10-14 17:43:59;209;82;51;13;5;5;6;7;4;8;3
2020-10-14 17:44:59;209;82;51;13;5;5;6;7;4;8;3
2020-10-14 17:45:58;209;83;51;13;5;5;6;7;4;7;3
2020-10-14 17:46:59;210;83;52;13;5;5;6;7;4;7;3
2020-10-14 17:47:59;210;83;52;13;5;5;6;7;4;7;3
2020-10-14 17:48:58;211;84;52;13;5;5;6;7;4;7;3
2020-10-14 17:49:59;211;84;52;13;5;5;6;7;4;7;3
2020-10-14 17:50:59;211;84;52;13;5;5;6;7;4;7;3
2020-10-14 17:51:58;211;84;52;13;5;5;6;7;4;7;3
2020-10-14 17:52:59;211;84;52;13;5;5;6;7;4;7;3
2020-10-14 17:53:59;212;84;53;13;5;5;6;7;4;7;3
2020-10-14 17:54:58;212;84;53;13;5;5;6;7;4;7;3
2020-10-14 17:55:59;213;84;53;14;5;5;6;7;4;7;3
2020-10-14 17:56:59;213;84;53;14;5;5;6;7;4;7;3
2020-10-14 17:57:58;213;84;54;14;5;5;6;7;4;6;3
2020-10-14 17:58:59;213;84;54;14;5;5;6;7;4;6;3
2020-10-14 17:59:59;213;84;54;14;5;5;6;7;4;6;3
2020-10-14 18:00:59;214;84;54;14;6;5;6;7;4;6;3
2020-10-14 18:01:59;215;84;54;14;6;5;6;7;5;6;3
2020-10-14 18:02:59;215;84;54;14;6;5;6;7;5;6;3
2020-10-14 18:03:58;215;84;54;14;6;5;6;7;5;6;3
2020-10-14 18:04:59;215;84;54;14;6;5;6;7;5;6;3
2020-10-14 18:05:59;215;84;54;14;6;5;6;7;5;6;3
2020-10-14 18:06:58;215;84;54;14;6;5;6;7;5;6;3
2020-10-14 18:07:59;215;84;54;14;6;5;6;7;5;6;3
2020-10-14 18:08:59;215;84;54;14;6;5;6;7;5;6;3
2020-10-14 18:09:58;216;85;54;14;6;5;6;7;5;6;3
2020-10-14 18:10:59;216;85;54;14;6;5;6;7;5;6;3
2020-10-14 18:11:59;216;85;54;14;6;5;6;7;5;6;3
2020-10-14 18:12:59;216;85;54;14;6;5;6;7;5;6;3
2020-10-14 18:13:58;216;85;54;14;6;5;6;7;5;6;3
2020-10-14 18:14:59;217;86;54;14;6;5;6;7;5;6;3
2020-10-14 18:15:58;217;86;54;14;6;5;6;7;5;6;3
2020-10-14 18:16:59;217;86;54;14;6;5;6;7;5;6;3
2020-10-14 18:17:58;217;86;54;14;6;5;6;7;5;6;3
2020-10-14 18:18:59;216;85;54;14;6;5;6;7;5;6;3
2020-10-14 18:19:59;216;85;54;14;6;5;6;7;5;6;3
2020-10-14 18:20:58;218;86;56;14;6;5;6;7;5;6;3
2020-10-14 18:21:59;218;86;56;14;6;5;6;7;5;6;3
2020-10-14 18:22:59;217;86;55;14;6;5;6;7;5;6;3
2020-10-14 18:23:59;218;87;55;14;6;5;6;7;5;6;3
2020-10-14 18:24:58;218;87;55;14;6;5;6;7;5;6;3
2020-10-14 18:25:59;219;87;55;14;6;5;6;7;5;6;3
2020-10-14 18:26:58;219;87;55;14;6;5;6;7;5;6;3
2020-10-14 18:27:59;219;87;55;14;6;5;6;7;5;6;3
2020-10-14 18:28:59;219;87;55;14;6;5;6;7;5;6;3
2020-10-14 18:29:59;220;87;56;14;6;5;6;7;5;6;3
2020-10-14 18:30:58;220;87;56;14;6;5;6;7;5;6;3
2020-10-14 18:31:59;220;87;56;14;6;5;6;7;5;6;3
2020-10-14 18:32:59;221;87;57;14;6;5;6;7;5;6;3
2020-10-14 18:33:58;221;87;57;14;6;5;6;7;5;6;3
2020-10-14 18:34:59;222;87;58;14;6;5;6;7;5;6;3
2020-10-14 18:35:59;222;87;58;14;6;5;6;7;5;6;3
2020-10-14 18:36:58;222;87;58;14;6;5;6;7;5;6;3
2020-10-14 18:37:59;223;87;59;14;6;5;6;7;5;6;3
2020-10-14 18:38:59;223;87;59;14;6;5;6;7;5;6;3
2020-10-14 18:39:58;223;87;59;14;6;5;6;7;5;6;3
2020-10-14 18:40:59;223;87;59;14;6;5;6;7;5;6;3
2020-10-14 18:41:58;223;87;59;14;6;5;6;7;5;6;3
2020-10-14 18:42:59;224;88;59;14;6;5;6;7;5;6;3
2020-10-14 18:43:59;224;88;59;14;6;5;6;7;5;6;3
2020-10-14 18:44:58;224;88;59;14;6;5;6;7;5;6;3
2020-10-14 18:45:59;223;88;59;14;6;5;6;7;5;6;3
2020-10-14 18:46:59;223;88;59;14;6;5;6;7;5;6;3
2020-10-14 18:47:58;223;88;59;14;6;5;6;7;5;6;3
2020-10-14 18:48:59;223;88;59;14;6;5;6;7;5;6;3
2020-10-14 18:49:59;223;88;59;14;6;5;6;7;5;6;3
2020-10-14 18:50:58;223;88;59;14;6;5;6;7;5;6;3
2020-10-14 18:51:59;223;89;58;14;6;5;6;7;5;6;3
2020-10-14 18:52:59;224;89;58;14;7;5;6;7;5;6;3
2020-10-14 18:53:58;224;89;58;14;7;5;6;7;5;6;3
2020-10-14 18:54:59;224;89;58;14;7;5;6;7;5;6;3
2020-10-14 18:55:59;224;89;58;14;7;5;6;7;5;6;3
2020-10-14 18:56:58;223;89;57;14;7;5;6;7;5;6;3
2020-10-14 18:57:59;223;89;57;14;7;5;6;7;5;6;3
2020-10-14 18:58:59;223;89;57;14;7;5;6;7;5;6;3
2020-10-14 18:59:58;223;89;57;14;7;5;6;7;5;6;3
2020-10-14 19:00:59;223;89;57;14;7;5;6;7;5;6;3
2020-10-14 19:02:00;223;89;57;14;7;5;6;7;5;6;3
2020-10-14 19:02:58;223;89;57;14;7;5;6;7;5;6;3
2020-10-14 19:03:59;223;89;57;14;7;5;6;7;5;6;3
2020-10-14 19:04:59;223;89;57;14;7;5;6;7;5;6;3
2020-10-14 19:05:58;223;89;57;14;7;5;6;7;5;6;3
2020-10-14 19:06:59;223;89;57;14;7;5;6;7;5;6;3
2020-10-14 19:07:59;223;89;57;14;7;5;6;7;5;6;3
2020-10-14 19:08:59;224;89;57;14;7;5;6;7;5;6;3
2020-10-14 19:09:58;225;90;57;14;7;5;6;7;5;6;3
2020-10-14 19:10:59;225;90;57;14;7;5;6;7;5;6;3
2020-10-14 19:11:59;225;90;57;14;7;5;6;7;5;6;3
2020-10-14 19:12:58;225;90;57;14;7;5;6;7;5;6;3
2020-10-14 19:13:59;225;90;57;14;7;5;6;7;5;6;3
2020-10-14 19:15:00;225;90;57;14;7;5;6;7;5;6;3
2020-10-14 19:15:58;225;90;57;14;7;5;6;7;5;6;3
2020-10-14 19:16:59;225;90;57;14;7;5;6;7;5;6;3
2020-10-14 19:17:58;226;91;57;14;7;5;6;7;5;6;3
2020-10-14 19:18:59;227;91;57;14;8;5;6;7;5;6;3
2020-10-14 19:19:59;228;92;57;14;8;5;6;7;5;6;3
2020-10-14 19:20:59;228;92;57;14;8;5;6;7;5;6;3
2020-10-14 19:21:58;228;92;57;14;8;5;6;7;5;6;3
2020-10-14 19:22:59;228;92;57;14;8;5;6;7;5;6;3
2020-10-14 19:23:59;228;92;57;14;8;5;6;7;5;6;3
2020-10-14 19:24:58;229;92;57;14;8;6;6;7;5;6;3
2020-10-14 19:25:59;229;92;57;14;8;6;6;7;5;6;3
2020-10-14 19:26:58;229;92;57;14;8;6;6;7;5;6;3
2020-10-14 19:27:59;229;92;57;14;8;6;6;7;5;6;3
2020-10-14 19:28:59;229;92;57;14;8;6;6;7;5;6;3
2020-10-14 19:29:58;230;92;58;14;8;6;6;7;5;6;3
2020-10-14 19:30:59;230;92;58;14;8;6;6;7;5;6;3
2020-10-14 19:31:59;232;93;58;14;9;6;6;7;5;6;3
2020-10-14 19:32:58;232;93;58;14;9;6;6;7;5;6;3
2020-10-14 19:33:59;232;93;58;14;9;6;6;7;5;6;3
2020-10-14 19:34:59;233;94;58;14;9;6;6;7;5;6;3
2020-10-14 19:35:58;233;94;58;14;9;6;6;7;5;6;3
2020-10-14 19:36:59;234;95;58;14;9;6;6;7;5;6;3
2020-10-14 19:37:58;234;95;58;14;9;6;6;7;5;6;3
2020-10-14 19:38:59;235;96;58;14;9;6;6;7;5;6;3
2020-10-14 19:39:59;235;96;58;14;9;6;6;7;5;6;3
2020-10-14 19:40:59;235;96;58;14;9;6;6;7;5;6;3
2020-10-14 19:41:58;235;96;58;14;9;6;6;7;5;6;3
2020-10-14 19:42:59;236;96;58;15;9;6;6;7;5;6;3
2020-10-14 19:43:59;237;97;58;15;9;6;6;7;5;6;3
2020-10-14 19:44:58;237;97;58;15;9;6;6;7;5;6;3
2020-10-14 19:45:59;237;97;58;15;9;6;6;7;5;6;3
2020-10-14 19:46:59;240;98;60;15;9;6;6;7;5;6;3
2020-10-14 19:47:58;241;99;60;15;9;6;6;7;5;6;3
2020-10-14 19:48:59;241;99;60;15;9;6;6;7;5;6;3
2020-10-14 19:49:59;241;99;60;15;9;6;6;7;5;6;3
2020-10-14 19:50:58;240;99;59;15;9;6;6;7;5;6;3
2020-10-14 19:51:59;240;99;59;15;9;6;6;7;5;6;3
2020-10-14 19:52:59;240;99;59;15;9;6;6;7;5;6;3
2020-10-14 19:53:58;241;100;59;15;9;6;6;7;5;6;3
2020-10-14 19:54:59;241;100;59;15;9;6;6;7;5;6;3
2020-10-14 19:55:59;241;100;59;15;9;6;6;7;5;6;3
2020-10-14 19:56:58;241;100;59;15;9;6;6;7;5;6;3
2020-10-14 19:57:59;241;100;59;15;9;6;6;7;5;6;3
2020-10-14 19:58:59;241;100;59;15;9;6;6;7;5;6;3
2020-10-14 19:59:58;241;100;59;15;9;6;6;7;5;6;3
2020-10-14 20:00:59;241;100;59;15;9;6;6;7;5;6;3
2020-10-14 20:01:59;242;100;59;15;10;6;6;7;5;6;3
2020-10-14 20:02:58;242;100;59;15;10;6;6;7;5;6;3
2020-10-14 20:03:59;242;100;59;15;10;6;6;7;5;6;3
2020-10-14 20:04:59;243;101;59;15;10;6;6;7;5;6;3
2020-10-14 20:05:58;244;102;59;15;10;6;6;7;5;6;3
2020-10-14 20:06:59;244;102;59;15;10;6;6;7;5;6;3
2020-10-14 20:07:59;244;102;59;15;10;6;6;7;5;6;3
2020-10-14 20:08:59;244;102;59;15;10;6;6;7;5;6;3
2020-10-14 20:09:58;244;102;59;15;10;6;6;7;5;6;3
2020-10-14 20:10:59;244;102;59;15;10;6;6;7;5;6;3
2020-10-14 20:11:59;244;102;59;15;10;6;6;7;5;6;3
2020-10-14 20:12:58;245;103;59;15;10;6;6;7;5;6;3
2020-10-14 20:13:59;246;103;59;15;10;6;7;7;5;6;3
2020-10-14 20:14:59;247;104;59;15;10;6;7;7;5;6;3
2020-10-14 20:15:58;247;104;59;15;10;6;7;7;5;6;3
2020-10-14 20:16:59;247;104;59;15;10;6;7;7;5;6;3
2020-10-14 20:17:58;247;104;59;15;10;6;7;7;5;6;3
2020-10-14 20:18:59;247;104;59;15;10;6;7;7;5;6;3
2020-10-14 20:19:59;247;104;59;15;10;6;7;7;5;6;3
2020-10-14 20:20:59;247;104;59;15;10;6;7;7;5;6;3
2020-10-14 20:21:58;248;104;59;15;11;6;7;7;5;6;3
2020-10-14 20:22:59;248;104;59;15;11;6;7;7;5;6;3
2020-10-14 20:23:59;248;104;59;15;11;6;7;7;5;6;3
2020-10-14 20:24:58;248;104;59;15;11;6;7;7;5;6;3
2020-10-14 20:25:59;248;104;59;15;11;6;7;7;5;6;3
2020-10-14 20:26:59;248;104;59;15;11;6;7;7;5;6;3
2020-10-14 20:27:58;248;104;59;15;11;6;7;7;5;6;3
2020-10-14 20:28:59;248;104;59;15;11;6;7;7;5;6;3
2020-10-14 20:29:59;248;104;59;15;11;6;7;7;5;6;3
2020-10-14 20:30:58;248;104;59;15;11;6;7;7;5;6;3
2020-10-14 20:31:59;248;104;59;15;11;6;7;7;5;6;3
2020-10-14 20:32:59;248;104;59;15;11;6;7;7;5;6;3
2020-10-14 20:33:58;248;104;59;15;11;6;7;7;5;6;3
2020-10-14 20:34:59;249;104;60;15;11;6;7;7;5;6;3
2020-10-14 20:35:59;249;104;60;15;11;6;7;7;5;6;3
2020-10-14 20:36:58;251;106;60;15;11;6;7;7;5;6;3
2020-10-14 20:37:59;251;106;60;15;11;6;7;7;5;6;3
2020-10-14 20:38:59;251;106;60;15;11;6;7;7;5;6;3
2020-10-14 20:39:58;251;106;60;15;11;6;7;7;5;6;3
2020-10-14 20:40:59;252;107;60;15;11;6;7;7;5;6;3
2020-10-14 20:41:59;252;107;60;15;11;6;7;7;5;6;3
2020-10-14 20:42:58;252;107;60;15;11;6;7;7;5;6;3
2020-10-14 20:43:59;252;107;60;15;11;6;7;7;5;6;3
2020-10-14 20:44:59;252;107;60;15;11;6;7;7;5;6;3
2020-10-14 20:45:59;253;108;60;15;11;6;7;7;5;6;3
2020-10-14 20:46:58;253;108;60;15;11;6;7;7;5;6;3
2020-10-14 20:47:59;254;109;60;15;11;6;7;7;5;6;3
2020-10-14 20:48:59;254;109;60;15;11;6;7;7;5;6;3
2020-10-14 20:50:00;254;109;60;15;11;6;7;7;5;6;3
2020-10-14 20:50:58;254;109;60;15;11;6;7;7;5;6;3
2020-10-14 20:51:59;254;109;60;15;11;6;7;7;5;6;3
2020-10-14 20:52:59;254;109;60;15;11;6;7;7;5;6;3
2020-10-14 20:53:58;254;109;60;15;11;6;7;7;5;6;3
2020-10-14 20:54:59;254;109;60;15;11;6;7;7;5;6;3
2020-10-14 20:55:59;254;109;60;15;11;6;7;7;5;6;3
2020-10-14 20:56:58;253;109;59;15;11;6;7;7;5;6;3
2020-10-14 20:57:59;254;109;60;15;11;6;7;7;5;6;3
2020-10-14 20:58:58;254;110;60;15;11;6;7;7;5;6;3
2020-10-14 20:59:59;254;110;60;15;11;6;7;7;5;6;3
2020-10-14 21:00:59;254;110;60;15;11;6;7;7;5;6;3
2020-10-14 21:01:58;254;110;60;15;11;6;7;7;5;6;3
2020-10-14 21:02:59;255;110;60;15;11;6;7;7;5;6;3
2020-10-14 21:03:59;255;110;60;15;11;6;7;7;5;6;3
2020-10-14 21:04:58;255;110;60;15;11;6;7;7;5;6;3
2020-10-14 21:05:59;255;110;60;15;11;6;7;7;5;6;3
2020-10-14 21:06:59;256;110;60;16;11;6;7;7;5;6;3
2020-10-14 21:07:58;256;110;60;16;11;6;7;7;5;6;3
2020-10-14 21:08:59;256;110;60;16;11;6;7;7;5;6;3
2020-10-14 21:09:58;258;111;61;16;11;6;7;7;5;6;3
2020-10-14 21:10:59;258;111;61;16;11;6;7;7;5;6;3
2020-10-14 21:11:59;258;111;61;16;11;6;7;7;5;6;3
2020-10-14 21:12:59;258;111;61;16;11;6;7;7;5;6;3
2020-10-14 21:13:58;259;112;61;16;11;6;7;7;5;6;3
2020-10-14 21:14:59;260;113;61;16;11;6;7;7;5;6;3
2020-10-14 21:15:58;260;113;61;16;11;6;7;7;5;6;3
2020-10-14 21:16:59;260;113;61;16;11;6;7;7;5;6;3
2020-10-14 21:17:59;261;114;61;16;11;6;7;7;5;6;3
2020-10-14 21:18:58;261;114;61;16;11;6;7;7;5;6;3
2020-10-14 21:19:59;261;114;61;17;11;6;7;7;5;5;3
2020-10-14 21:20:59;261;114;61;17;11;6;7;7;5;5;3
2020-10-14 21:21:58;261;114;61;17;11;6;7;7;5;5;3
2020-10-14 21:22:59;261;114;61;17;11;6;7;7;5;5;3
2020-10-14 21:23:59;261;114;61;17;11;6;7;7;5;5;3
2020-10-14 21:24:58;261;114;61;17;11;6;7;7;5;5;3
2020-10-14 21:25:59;262;114;62;17;11;6;7;7;5;5;3
2020-10-14 21:26:59;262;114;62;17;11;6;7;7;5;5;3
2020-10-14 21:27:58;262;114;62;17;11;6;7;7;5;5;3
2020-10-14 21:28:59;262;114;62;17;11;6;7;7;5;5;3
2020-10-14 21:29:59;262;114;62;17;11;6;7;7;5;5;3
2020-10-14 21:30:58;262;114;62;17;11;6;7;7;5;5;3
2020-10-14 21:31:59;262;114;62;17;11;6;7;7;5;5;3
2020-10-14 21:33:00;262;114;62;17;11;6;7;7;5;5;3
2020-10-14 21:33:58;262;114;62;17;11;6;7;7;5;5;3
2020-10-14 21:34:59;262;114;62;17;11;7;7;7;5;4;3
2020-10-14 21:36:00;262;114;62;17;11;7;7;7;5;4;3
2020-10-14 21:36:58;263;115;62;17;11;7;7;7;5;4;3
2020-10-14 21:37:59;263;115;62;17;11;7;7;7;5;4;3
2020-10-14 21:38:58;264;116;62;17;11;7;7;7;5;4;3
2020-10-14 21:39:59;265;117;62;17;11;7;7;7;5;4;3
2020-10-14 21:40:59;266;118;62;17;11;7;7;7;5;4;3
2020-10-14 21:41:58;265;118;61;17;11;7;7;7;5;4;3
2020-10-14 21:42:59;265;118;61;17;11;7;7;7;5;4;3
2020-10-14 21:43:59;266;119;61;17;11;7;7;7;5;4;3
2020-10-14 21:44:58;266;119;61;17;11;7;7;7;5;4;3
2020-10-14 21:45:59;267;119;61;17;11;7;8;7;5;4;3
2020-10-14 21:46:59;269;120;62;17;11;7;8;7;5;4;3
2020-10-14 21:47:59;270;120;63;17;11;7;8;7;5;4;3
2020-10-14 21:48:58;271;120;64;17;11;7;8;7;5;4;3
2020-10-14 21:49:59;271;121;64;16;11;7;8;7;5;4;3
2020-10-14 21:50:59;273;123;64;16;11;7;8;7;5;4;3
2020-10-14 21:51:58;273;123;64;16;11;7;8;7;5;4;3
2020-10-14 21:52:59;273;123;64;16;11;7;8;7;5;4;3
2020-10-14 21:53:59;273;123;64;16;11;7;8;7;5;4;3
2020-10-14 21:54:58;274;124;64;16;11;7;8;7;5;4;3
2020-10-14 21:55:59;274;124;64;16;11;7;8;7;5;4;3
2020-10-14 21:56:59;275;125;64;16;11;7;8;7;5;4;3
2020-10-14 21:57:58;275;125;64;16;11;7;8;7;5;4;3
2020-10-14 21:58:59;275;125;64;16;11;7;8;7;5;4;3
2020-10-14 21:59:58;277;126;65;16;11;7;8;7;5;4;3
2020-10-14 22:00:59;277;126;65;16;11;7;8;7;5;4;3
2020-10-14 22:01:59;277;126;65;16;11;7;8;7;5;4;3
2020-10-14 22:02:58;277;126;65;16;11;7;8;7;5;4;3
2020-10-14 22:03:59;277;126;65;16;11;7;8;7;5;4;3
2020-10-14 22:04:59;277;126;65;16;11;7;8;7;5;4;3
2020-10-14 22:05:58;278;127;65;16;11;7;8;7;5;4;3
2020-10-14 22:06:59;278;127;65;16;11;7;8;7;5;4;3
2020-10-14 22:07:59;279;127;66;16;11;7;8;7;5;4;3
2020-10-14 22:08:58;280;127;66;16;12;7;8;7;5;4;3
2020-10-14 22:09:59;281;128;66;16;12;7;8;7;5;4;3
2020-10-14 22:10:59;282;129;66;16;12;7;8;7;5;4;3
2020-10-14 22:11:58;282;129;66;16;12;7;8;7;5;4;3
2020-10-14 22:12:59;282;128;66;16;12;8;8;7;5;4;3
2020-10-14 22:13:59;282;128;66;16;12;8;8;7;5;4;3
2020-10-14 22:14:58;282;128;66;16;12;8;8;7;5;4;3
2020-10-14 22:15:59;282;128;66;16;12;8;8;7;5;4;3
2020-10-14 22:16:58;282;128;66;16;12;8;8;7;5;4;3
2020-10-14 22:17:59;282;128;66;16;12;8;8;7;5;4;3
2020-10-14 22:18:59;282;128;66;16;12;8;8;7;5;4;3
2020-10-14 22:19:59;282;128;66;16;12;8;8;7;5;4;3
2020-10-14 22:20:58;282;128;66;16;12;8;8;7;5;4;3
2020-10-14 22:21:59;282;128;66;16;12;8;8;7;5;4;3
2020-10-14 22:22:59;282;128;66;16;12;8;8;7;5;4;3
2020-10-14 22:23:58;282;128;66;16;12;8;8;7;5;4;3
2020-10-14 22:24:59;282;128;66;16;12;8;8;7;5;4;3
2020-10-14 22:25:59;282;128;66;16;12;8;8;7;5;4;3
2020-10-14 22:26:58;282;128;66;16;12;8;8;7;5;4;3
2020-10-14 22:27:59;282;128;66;16;12;8;8;7;5;4;3
2020-10-14 22:28:59;282;128;66;16;12;8;8;7;5;4;3
2020-10-14 22:29:58;282;128;66;16;12;8;8;7;5;4;3
2020-10-14 22:30:59;282;128;66;16;12;8;8;7;5;4;3
2020-10-14 22:32:00;283;128;66;16;13;8;8;7;5;4;3
2020-10-14 22:32:58;283;128;66;16;13;8;8;7;5;4;3
2020-10-14 22:33:59;283;128;66;16;13;8;8;7;5;4;3
2020-10-14 22:34:58;285;129;66;16;14;8;8;7;5;4;3
2020-10-14 22:35:59;285;129;66;16;14;8;8;7;5;4;3
2020-10-14 22:36:59;286;130;66;16;14;8;8;7;5;4;3
2020-10-14 22:37:58;286;131;65;16;14;8;8;7;5;4;3
2020-10-14 22:38:59;286;131;65;16;14;8;8;7;5;4;3
2020-10-14 22:39:58;287;132;65;16;14;8;8;7;5;4;3
2020-10-14 22:40:59;287;132;65;16;14;8;8;7;5;4;3
2020-10-14 22:41:59;287;132;65;16;14;8;8;7;5;4;3
2020-10-14 22:43:00;288;133;65;16;14;8;8;7;5;4;3
2020-10-14 22:43:58;288;133;65;16;14;8;8;7;5;4;3
2020-10-14 22:44:59;288;133;65;16;14;8;8;7;5;4;3
2020-10-14 22:45:58;288;133;65;16;14;8;8;7;5;4;3
2020-10-14 22:46:59;288;133;65;16;14;8;8;7;5;4;3
2020-10-14 22:47:59;288;133;65;16;14;8;8;7;5;4;3
2020-10-14 22:48:58;288;133;65;16;14;8;8;7;5;4;3
2020-10-14 22:49:59;288;133;65;16;14;8;8;7;5;4;3
2020-10-14 22:50:59;288;133;65;16;14;8;8;7;5;4;3
2020-10-14 22:51:58;288;133;65;16;14;8;8;7;5;4;3
2020-10-14 22:52:59;288;133;65;16;14;8;8;7;5;4;3
2020-10-14 22:53:59;288;133;65;16;14;8;8;7;5;4;3
2020-10-14 22:54:58;288;133;65;16;14;8;8;7;5;4;3
2020-10-14 22:55:59;290;135;65;16;14;8;8;7;5;4;3
2020-10-14 22:56:59;290;135;65;16;14;8;8;7;5;4;3
2020-10-14 22:57:58;290;135;65;16;14;8;8;7;5;4;3
2020-10-14 22:58:59;290;135;65;16;14;8;8;7;5;4;3
2020-10-14 22:59:58;290;135;65;16;14;8;8;7;5;4;3
2020-10-14 23:00:59;290;135;65;16;14;8;8;7;5;4;3
2020-10-14 23:01:59;290;135;65;16;14;8;8;7;5;4;3
2020-10-14 23:02:58;292;136;66;16;14;8;8;7;5;4;3
2020-10-14 23:03:59;292;136;66;16;14;8;8;7;5;4;3
2020-10-14 23:04:58;292;136;66;16;14;8;8;7;5;4;3
2020-10-14 23:05:59;292;136;66;16;14;8;8;7;5;4;3
2020-10-14 23:06:59;292;136;66;16;14;8;8;7;5;4;3
2020-10-14 23:07:58;292;136;66;16;14;8;8;7;5;4;3
2020-10-14 23:08:59;292;136;66;16;14;8;8;7;5;4;3
2020-10-14 23:09:58;292;136;66;16;14;8;8;7;5;4;3
2020-10-14 23:10:59;292;136;66;16;14;8;8;7;5;4;3
2020-10-14 23:11:58;292;136;66;16;14;8;8;7;5;4;3
2020-10-14 23:12:59;292;136;66;16;14;8;8;7;5;4;3
2020-10-14 23:14:00;292;136;66;16;14;8;8;7;5;4;3
2020-10-14 23:14:58;293;136;66;16;14;8;8;8;5;4;3
2020-10-14 23:15:59;293;136;66;16;14;8;8;8;5;4;3
2020-10-14 23:16:58;293;136;66;16;14;8;8;8;5;4;3
2020-10-14 23:17:59;293;136;66;16;14;8;8;8;5;4;3
2020-10-14 23:18:58;293;136;66;16;14;8;8;8;5;4;3
2020-10-14 23:19:59;293;136;66;16;14;8;8;8;5;4;3
2020-10-14 23:20:59;294;136;67;16;14;8;8;8;5;4;3
2020-10-14 23:21:58;295;137;67;16;14;8;8;8;5;4;3
2020-10-14 23:22:59;295;137;67;16;14;8;8;8;5;4;3
2020-10-14 23:23:59;295;137;67;16;14;8;8;8;5;4;3
2020-10-14 23:24:58;295;137;67;16;14;8;8;8;5;4;3
2020-10-14 23:25:59;295;137;67;16;14;8;8;8;5;4;3
2020-10-14 23:26:59;295;137;67;16;14;8;8;8;5;4;3
2020-10-14 23:27:58;296;137;67;17;14;8;8;8;5;4;3
2020-10-14 23:28:59;296;137;67;17;14;8;8;8;5;4;3
2020-10-14 23:29:59;296;137;67;17;14;8;8;8;5;4;3
2020-10-14 23:30:58;296;137;67;17;14;8;8;8;5;4;3
2020-10-14 23:31:59;296;137;67;17;14;8;8;8;5;4;3
2020-10-14 23:32:58;297;138;67;17;14;8;8;8;5;4;3
2020-10-14 23:33:59;297;138;67;17;14;8;8;8;5;4;3
2020-10-14 23:34:59;297;138;67;17;14;8;8;8;5;4;3
2020-10-14 23:35:58;297;138;67;17;14;8;8;8;5;4;3
2020-10-14 23:36:59;297;138;67;17;14;8;8;8;5;4;3
2020-10-14 23:37:59;297;138;67;17;14;8;8;8;5;4;3
2020-10-14 23:38:58;297;138;67;17;14;8;8;8;5;4;3
2020-10-14 23:39:59;298;139;67;17;14;8;8;8;5;4;3
2020-10-14 23:40:58;298;139;67;17;14;8;8;8;5;4;3
2020-10-14 23:41:59;298;139;67;17;14;8;8;8;5;4;3
2020-10-14 23:42:59;298;139;67;17;14;8;8;8;5;4;3
2020-10-14 23:43:59;298;139;67;17;14;8;8;8;5;4;3
2020-10-14 23:44:58;298;139;67;17;14;8;8;8;5;4;3
2020-10-14 23:45:59;298;139;67;17;14;8;8;8;5;4;3
2020-10-14 23:46:58;299;140;67;17;14;8;8;8;5;4;3
2020-10-14 23:47:59;299;140;67;17;14;8;8;8;5;4;3
2020-10-14 23:48:59;299;140;67;17;14;8;8;8;5;4;3
2020-10-14 23:49:59;300;141;67;17;14;8;8;8;5;4;3
2020-10-14 23:50:58;301;141;67;17;14;9;8;8;5;4;3
2020-10-14 23:51:59;301;141;67;17;14;9;8;8;5;4;3
2020-10-14 23:53:00;301;141;67;17;14;9;8;8;5;4;3
2020-10-14 23:53:58;301;141;67;17;14;9;8;8;5;4;3
2020-10-14 23:54:59;301;141;67;17;14;9;8;8;5;4;3
2020-10-14 23:55:58;301;141;67;17;14;9;8;8;5;4;3
2020-10-14 23:56:59;301;141;67;17;14;9;8;8;5;4;3
2020-10-14 23:57:58;301;141;67;17;14;9;8;8;5;4;3
2020-10-14 23:58:59;301;141;67;17;14;9;8;8;5;4;3
2020-10-14 23:59:59;301;141;67;17;14;9;8;8;5;4;3
