datetime;total_votes;Zippymax;Volodya_FM;megaslowpoke;Bigalex;Terkin;uisky;MafioSo;veovf;vjik;brammator
2020-07-01 00:00:59;0;0;0;0;0;0;0;0;0;0;0
2020-07-01 00:01:58;2;0;0;0;0;0;0;0;0;0;1
2020-07-01 00:02:59;2;0;0;0;0;0;0;0;0;0;1
2020-07-01 00:03:59;4;0;0;0;0;0;0;1;0;0;1
2020-07-01 00:04:58;5;0;0;0;0;0;0;1;0;0;1
2020-07-01 00:05:59;5;0;0;0;0;0;0;1;0;0;1
2020-07-01 00:06:59;6;1;0;0;0;0;0;1;0;0;1
2020-07-01 00:07:58;6;1;0;0;0;0;0;1;0;0;1
2020-07-01 00:08:59;6;1;0;0;0;0;0;1;0;0;1
2020-07-01 00:09:58;6;1;0;0;0;0;0;1;0;0;1
2020-07-01 00:10:59;7;1;0;1;0;0;0;1;0;0;1
2020-07-01 00:11:58;8;1;0;1;0;1;0;1;0;0;1
2020-07-01 00:12:59;8;1;0;1;0;1;0;1;0;0;1
2020-07-01 00:13:59;9;1;0;1;0;1;1;1;0;0;1
2020-07-01 00:14:58;9;1;0;1;0;1;1;1;0;0;1
2020-07-01 00:15:59;9;1;0;1;0;1;1;1;0;0;1
2020-07-01 00:16:58;10;1;0;1;0;1;1;1;0;0;1
2020-07-01 00:17:59;10;1;0;1;0;1;1;1;0;0;1
2020-07-01 00:18:58;10;1;0;1;0;1;1;1;0;0;1
2020-07-01 00:20:00;11;1;0;1;0;1;1;1;0;0;1
2020-07-01 00:20:58;12;1;0;1;0;1;1;0;0;0;1
2020-07-01 00:21:59;12;1;0;1;0;1;1;0;0;0;1
2020-07-01 00:22:58;13;2;0;1;0;1;1;1;0;0;0
2020-07-01 00:23:59;13;2;0;1;0;1;1;1;0;0;0
2020-07-01 00:24:58;14;3;0;2;0;1;1;1;0;0;1
2020-07-01 00:25:59;14;3;0;2;0;1;1;1;0;0;1
2020-07-01 00:26:58;15;3;0;2;0;1;1;2;0;0;1
2020-07-01 00:27:59;17;3;1;3;0;1;1;2;0;0;1
2020-07-01 00:28:59;18;4;1;3;0;1;1;2;0;0;1
2020-07-01 00:29:58;18;4;1;3;0;1;1;2;0;0;1
2020-07-01 00:30:59;19;5;1;3;0;1;1;2;0;0;1
2020-07-01 00:31:59;19;5;1;3;0;1;1;2;0;0;1
2020-07-01 00:32:58;20;6;1;3;0;1;1;2;0;0;1
2020-07-01 00:34:00;20;6;1;3;0;1;1;2;0;0;1
2020-07-01 00:34:58;21;7;1;4;0;1;1;2;0;0;1
2020-07-01 00:35:59;21;7;1;4;0;1;1;2;0;0;1
2020-07-01 00:36:59;20;7;1;4;0;1;1;2;0;0;1
2020-07-01 00:37:58;20;7;1;4;0;1;1;2;0;0;1
2020-07-01 00:38:59;20;7;1;4;0;1;1;2;0;0;1
2020-07-01 00:39:59;21;7;1;4;0;1;1;2;0;0;1
2020-07-01 00:40:58;21;7;1;4;0;1;1;2;0;0;1
2020-07-01 00:41:59;21;7;1;4;0;1;1;2;0;0;1
2020-07-01 00:42:58;21;7;1;4;0;1;1;2;0;0;1
2020-07-01 00:43:59;21;7;1;4;0;1;1;2;0;0;1
2020-07-01 00:44:58;21;7;1;4;0;1;1;2;0;0;1
2020-07-01 00:45:59;21;7;1;4;0;1;1;2;0;0;1
2020-07-01 00:46:58;21;7;1;4;0;1;1;2;0;0;1
2020-07-01 00:47:59;21;7;2;3;0;1;1;2;0;0;1
2020-07-01 00:48:59;21;7;2;3;0;1;1;2;0;0;1
2020-07-01 00:49:58;21;7;2;3;0;1;1;2;0;0;1
2020-07-01 00:50:59;22;8;2;3;0;1;1;2;0;0;1
2020-07-01 00:51:58;23;8;2;3;1;1;1;2;0;0;1
2020-07-01 00:52:59;23;8;2;3;1;1;1;2;0;0;1
2020-07-01 00:53:59;23;7;3;3;1;1;1;2;0;0;1
2020-07-01 00:54:58;23;7;3;3;1;1;1;2;0;0;1
2020-07-01 00:55:59;23;7;3;3;1;1;1;2;0;0;1
2020-07-01 00:56:59;24;8;3;3;1;1;1;2;0;0;1
2020-07-01 00:57:58;24;8;3;3;1;1;1;2;0;0;1
2020-07-01 00:58:59;25;9;3;3;1;1;1;2;0;0;1
2020-07-01 00:59:58;26;9;3;3;1;2;1;2;0;0;0
2020-07-01 01:00:59;26;9;3;3;1;2;1;2;0;0;0
2020-07-01 01:01:58;26;9;3;3;1;2;1;2;0;0;0
2020-07-01 01:02:59;26;9;3;3;1;2;1;2;0;0;0
2020-07-01 01:03:58;26;9;3;3;1;2;1;2;0;0;0
2020-07-01 01:04:59;26;9;3;3;1;2;1;2;0;0;0
2020-07-01 01:05:59;27;9;4;3;1;2;1;2;0;0;0
2020-07-01 01:06:58;27;9;4;3;1;2;1;2;0;0;0
2020-07-01 01:07:59;27;9;4;3;1;2;1;2;0;0;0
2020-07-01 01:08:58;27;9;4;3;1;2;1;2;0;0;0
2020-07-01 01:09:59;28;9;5;3;1;2;1;2;0;0;0
2020-07-01 01:10:58;29;9;5;3;1;2;1;2;0;0;1
2020-07-01 01:11:59;29;9;5;3;1;2;1;2;0;0;1
2020-07-01 01:12:59;30;10;5;3;1;2;1;2;0;0;1
2020-07-01 01:13:58;30;10;5;3;1;2;1;2;0;0;1
2020-07-01 01:14:59;30;10;5;3;1;2;1;2;0;0;1
2020-07-01 01:15:58;30;10;5;3;1;2;1;2;0;0;1
2020-07-01 01:16:59;30;10;5;3;1;2;1;2;0;0;1
2020-07-01 01:17:58;30;10;5;3;1;2;1;2;0;0;1
2020-07-01 01:18:59;30;10;5;3;1;2;1;2;0;0;1
2020-07-01 01:19:59;31;10;5;3;1;2;0;2;0;0;1
2020-07-01 01:20:58;31;10;5;3;1;2;0;2;0;0;1
2020-07-01 01:21:59;31;10;5;3;1;2;0;2;0;0;1
2020-07-01 01:22:59;31;10;5;3;1;2;0;2;0;0;1
2020-07-01 01:23:58;31;10;5;3;1;2;0;2;0;0;1
2020-07-01 01:24:59;31;10;5;3;1;2;0;2;0;0;1
2020-07-01 01:25:58;32;10;6;3;1;2;0;2;0;0;1
2020-07-01 01:26:59;32;10;6;3;1;2;0;2;0;0;1
2020-07-01 01:27:59;32;10;6;3;1;2;0;2;0;0;1
2020-07-01 01:28:58;33;11;6;3;1;2;0;2;0;0;1
2020-07-01 01:29:59;33;11;6;3;1;2;0;2;0;0;1
2020-07-01 01:30:58;33;11;6;3;1;2;0;2;0;0;1
2020-07-01 01:31:59;33;11;6;3;1;2;0;2;0;0;1
2020-07-01 01:32:58;34;12;6;3;1;2;0;2;0;0;1
2020-07-01 01:33:59;34;12;6;3;1;2;0;2;0;0;1
2020-07-01 01:34:58;34;12;6;3;1;2;0;2;0;0;1
2020-07-01 01:35:59;34;12;6;3;1;2;0;2;0;0;1
2020-07-01 01:36:58;35;13;6;3;1;2;0;2;0;0;1
2020-07-01 01:37:59;36;13;6;3;1;3;0;2;0;0;1
2020-07-01 01:38:59;37;14;6;3;1;3;0;2;0;0;1
2020-07-01 01:39:58;37;14;6;3;1;3;0;2;0;0;1
2020-07-01 01:40:59;37;14;6;3;1;3;0;2;0;0;1
2020-07-01 01:41:59;39;15;6;3;1;3;0;3;0;0;1
2020-07-01 01:42:58;41;15;6;3;2;3;0;3;0;1;1
2020-07-01 01:43:59;41;15;6;3;2;3;0;3;0;1;1
2020-07-01 01:44:58;41;15;6;3;2;3;0;3;0;1;1
2020-07-01 01:45:59;41;15;6;3;2;3;0;3;0;1;1
2020-07-01 01:46:58;41;15;6;3;2;3;0;3;0;1;1
2020-07-01 01:47:59;41;15;6;3;2;3;0;3;0;1;1
2020-07-01 01:48:58;42;15;6;3;3;3;0;3;0;1;1
2020-07-01 01:49:59;42;15;6;3;3;3;0;3;0;1;1
2020-07-01 01:50:58;43;15;6;3;4;3;0;3;0;1;1
2020-07-01 01:51:59;43;15;6;3;4;3;0;3;0;1;1
2020-07-01 01:52:58;44;15;6;3;5;3;0;3;0;1;1
2020-07-01 01:53:59;44;15;6;3;5;3;0;3;0;1;1
2020-07-01 01:54:59;44;15;6;3;5;3;0;3;0;1;1
2020-07-01 01:55:58;44;15;6;3;5;3;0;3;0;1;1
2020-07-01 01:56:59;44;15;6;3;5;3;0;3;0;1;1
2020-07-01 01:57:59;44;15;6;3;5;3;0;3;0;1;1
2020-07-01 01:58:58;44;15;6;3;5;3;0;3;0;1;1
2020-07-01 01:59:59;44;15;6;3;5;3;0;3;0;1;1
2020-07-01 02:00:59;46;16;6;4;5;3;0;3;0;1;1
2020-07-01 02:01:58;46;16;6;4;5;3;0;3;0;1;1
2020-07-01 02:02:59;46;16;6;4;5;3;0;3;0;1;1
2020-07-01 02:03:59;46;16;6;4;5;3;0;3;0;1;1
2020-07-01 02:04:58;46;16;6;4;5;3;0;3;0;1;1
2020-07-01 02:05:59;46;16;6;4;5;3;0;3;0;1;1
2020-07-01 02:06:59;46;16;6;4;5;3;0;3;0;1;1
2020-07-01 02:07:58;46;16;6;4;5;3;0;3;0;1;1
2020-07-01 02:08:59;47;17;6;4;5;3;0;3;0;1;1
2020-07-01 02:09:58;47;17;6;4;5;3;0;3;0;1;1
2020-07-01 02:10:59;47;17;6;4;5;3;0;3;0;1;1
2020-07-01 02:11:58;47;17;6;4;5;3;0;3;0;1;1
2020-07-01 02:12:59;47;17;6;4;5;3;0;3;0;1;1
2020-07-01 02:13:59;47;17;6;4;5;3;0;3;0;1;1
2020-07-01 02:14:58;47;17;6;4;5;3;0;3;0;1;1
2020-07-01 02:15:59;47;17;6;4;5;3;0;3;0;1;1
2020-07-01 02:16:59;47;17;6;4;5;3;0;3;0;1;1
2020-07-01 02:17:58;47;17;6;4;5;3;0;3;0;1;1
2020-07-01 02:18:59;47;17;6;4;5;3;0;3;0;1;1
2020-07-01 02:19:59;47;17;6;4;5;3;0;3;0;1;1
2020-07-01 02:20:58;47;17;6;4;5;3;0;3;0;1;1
2020-07-01 02:22:00;47;17;6;4;5;3;0;3;0;1;1
2020-07-01 02:22:58;47;17;6;4;5;3;0;3;0;1;1
2020-07-01 02:23:59;47;17;6;4;5;3;0;3;0;1;1
2020-07-01 02:24:58;47;17;6;4;5;3;0;3;0;1;1
2020-07-01 02:25:59;47;17;6;4;5;3;0;3;0;1;1
2020-07-01 02:26:58;47;17;6;4;5;3;0;3;0;1;1
2020-07-01 02:27:59;48;18;6;4;5;3;0;3;0;1;1
2020-07-01 02:28:59;50;18;6;5;5;3;0;3;0;1;1
2020-07-01 02:29:58;50;18;6;5;5;3;0;3;0;1;1
2020-07-01 02:30:59;50;18;6;5;5;3;0;3;0;1;1
2020-07-01 02:31:59;50;18;6;5;5;3;0;3;0;1;1
2020-07-01 02:32:58;51;19;6;5;5;3;0;3;0;1;1
2020-07-01 02:33:59;51;19;6;5;5;3;0;3;0;1;1
2020-07-01 02:34:59;51;19;6;5;5;3;0;3;0;1;1
2020-07-01 02:35:58;51;19;6;5;5;3;0;3;0;1;1
2020-07-01 02:36:59;51;19;6;5;5;3;0;3;0;1;1
2020-07-01 02:37:59;51;19;6;5;5;3;0;3;0;1;1
2020-07-01 02:38:58;51;19;6;5;5;3;0;3;0;1;1
2020-07-01 02:39:59;51;19;6;5;5;3;0;3;0;1;1
2020-07-01 02:40:58;51;19;6;5;5;3;0;3;0;1;1
2020-07-01 02:41:59;51;19;6;5;5;3;0;3;0;1;1
2020-07-01 02:42:59;51;19;6;5;5;3;0;3;0;1;1
2020-07-01 02:43:58;51;19;6;5;5;3;0;3;0;1;1
2020-07-01 02:44:59;51;19;6;5;5;3;0;3;0;1;1
2020-07-01 02:45:59;51;19;6;5;5;3;0;3;0;1;1
2020-07-01 02:46:58;51;19;6;5;5;3;0;3;0;1;1
2020-07-01 02:47:59;51;19;6;5;5;3;0;3;0;1;1
2020-07-01 02:48:59;51;19;6;5;5;3;0;3;0;1;1
2020-07-01 02:49:58;51;19;6;5;5;3;0;3;0;1;1
2020-07-01 02:50:59;52;19;7;5;5;3;0;3;0;1;1
2020-07-01 02:51:59;52;19;7;5;5;3;0;3;0;1;1
2020-07-01 02:52:58;53;19;7;6;5;3;0;3;0;1;1
2020-07-01 02:54:00;53;19;7;6;5;3;0;3;0;1;1
2020-07-01 02:54:58;53;19;7;6;5;3;0;3;0;1;1
2020-07-01 02:55:59;53;19;7;6;5;3;0;3;0;1;1
2020-07-01 02:56:58;53;19;7;6;5;3;0;3;0;1;1
2020-07-01 02:57:59;53;19;7;6;5;3;0;3;0;1;1
2020-07-01 02:58:58;53;19;7;6;5;3;0;3;0;1;1
2020-07-01 02:59:59;53;19;7;6;5;3;0;3;0;1;1
2020-07-01 03:00:58;53;19;7;6;5;3;0;3;0;1;1
2020-07-01 03:01:59;53;19;7;6;5;3;0;3;0;1;1
2020-07-01 03:02:58;53;19;7;6;5;3;0;3;0;1;1
2020-07-01 03:03:59;53;19;7;6;5;3;0;3;0;1;1
2020-07-01 03:04:59;53;19;7;6;5;3;0;3;0;1;1
2020-07-01 03:05:58;53;19;7;6;5;3;0;3;0;1;1
2020-07-01 03:06:59;53;19;7;6;5;3;0;3;0;1;1
2020-07-01 03:07:58;53;19;7;6;5;3;0;3;0;1;1
2020-07-01 03:08:59;53;19;7;6;5;3;0;3;0;1;1
2020-07-01 03:09:59;53;19;7;6;5;3;0;3;0;1;1
2020-07-01 03:10:58;53;19;7;6;5;3;0;3;0;1;1
2020-07-01 03:11:59;53;19;7;6;5;3;0;3;0;1;1
2020-07-01 03:12:58;53;19;7;6;5;3;0;3;0;1;1
2020-07-01 03:13:59;53;19;7;6;5;3;0;3;0;1;1
2020-07-01 03:14:59;53;19;7;6;5;3;0;3;0;1;1
2020-07-01 03:15:58;53;19;7;6;5;3;0;3;0;1;1
2020-07-01 03:16:59;53;19;7;6;5;3;0;3;0;1;1
2020-07-01 03:17:59;53;19;7;6;5;3;0;3;0;1;1
2020-07-01 03:18:58;53;19;7;6;5;3;0;3;0;1;1
2020-07-01 03:19:59;53;19;7;6;5;3;0;3;0;1;1
2020-07-01 03:20:58;53;19;7;6;5;3;0;3;0;1;1
2020-07-01 03:21:59;53;19;7;6;5;3;0;3;0;1;1
2020-07-01 03:22:59;53;19;7;6;5;3;0;3;0;1;1
2020-07-01 03:23:58;53;19;7;6;5;3;0;3;0;1;1
2020-07-01 03:24:59;53;19;7;6;5;3;0;3;0;1;1
2020-07-01 03:25:59;53;19;7;6;5;3;0;3;0;1;1
2020-07-01 03:26:58;53;19;7;6;5;3;0;3;0;1;1
2020-07-01 03:27:59;53;19;7;6;5;3;0;3;0;1;1
2020-07-01 03:28:59;53;19;7;6;5;3;0;3;0;1;1
2020-07-01 03:29:58;53;19;7;6;5;3;0;3;0;1;1
2020-07-01 03:30:59;53;19;7;6;5;3;0;3;0;1;1
2020-07-01 03:31:59;53;19;7;6;5;3;0;3;0;1;1
2020-07-01 03:32:58;53;19;7;6;5;3;0;3;0;1;1
2020-07-01 03:33:59;53;19;7;6;5;3;0;3;0;1;1
2020-07-01 03:34:59;53;19;7;6;5;3;0;3;0;1;1
2020-07-01 03:35:58;53;19;7;6;5;3;0;3;0;1;1
2020-07-01 03:36:59;53;19;7;6;5;3;0;3;0;1;1
2020-07-01 03:37:59;53;19;7;6;5;3;0;3;0;1;1
2020-07-01 03:38:58;53;19;7;6;5;3;0;3;0;1;1
2020-07-01 03:39:59;53;19;7;6;5;3;0;3;0;1;1
2020-07-01 03:40:58;53;19;7;6;5;3;0;3;0;1;1
2020-07-01 03:41:59;53;19;7;6;5;3;0;3;0;1;1
2020-07-01 03:42:58;54;19;7;7;5;3;0;3;0;1;1
2020-07-01 03:43:59;54;19;7;7;5;3;0;3;0;1;1
2020-07-01 03:44:58;54;19;7;7;5;3;0;3;0;1;1
2020-07-01 03:45:59;54;19;7;7;5;3;0;3;0;1;1
2020-07-01 03:46:59;54;19;7;7;5;3;0;3;0;1;1
2020-07-01 03:47:58;54;19;7;7;5;3;0;3;0;1;1
2020-07-01 03:48:59;54;19;7;7;5;3;0;3;0;1;1
2020-07-01 03:49:59;54;19;7;7;5;3;0;3;0;1;1
2020-07-01 03:50:58;54;19;7;7;5;3;0;3;0;1;1
2020-07-01 03:51:59;54;19;7;7;5;3;0;3;0;1;1
2020-07-01 03:52:59;54;19;7;7;5;3;0;3;0;1;1
2020-07-01 03:53:58;54;19;7;7;5;3;0;3;0;1;1
2020-07-01 03:54:59;54;19;7;7;5;3;0;3;0;1;1
2020-07-01 03:55:59;54;19;7;7;5;3;0;3;0;1;1
2020-07-01 03:56:58;54;19;7;7;5;3;0;3;0;1;1
2020-07-01 03:57:59;54;19;7;7;5;3;0;3;0;1;1
2020-07-01 03:58:59;54;19;7;7;5;3;0;3;0;1;1
2020-07-01 03:59:58;54;19;7;7;5;3;0;3;0;1;1
2020-07-01 04:00:59;54;19;7;7;5;3;0;3;0;1;1
2020-07-01 04:01:59;54;19;7;7;5;3;0;3;0;1;1
2020-07-01 04:02:58;54;19;7;7;5;3;0;3;0;1;1
2020-07-01 04:03:59;54;19;7;7;5;3;0;3;0;1;1
2020-07-01 04:04:58;54;19;7;7;5;3;0;3;0;1;1
2020-07-01 04:05:59;54;19;7;7;5;3;0;3;0;1;1
2020-07-01 04:06:59;54;19;7;7;5;3;0;3;0;1;1
2020-07-01 04:07:58;54;19;7;7;5;3;0;3;0;1;1
2020-07-01 04:08:59;54;19;7;7;5;3;0;3;0;1;1
2020-07-01 04:09:59;54;19;7;7;5;3;0;3;0;1;1
2020-07-01 04:10:58;54;19;7;7;5;3;0;3;0;1;1
2020-07-01 04:11:59;54;19;7;7;5;3;0;3;0;1;1
2020-07-01 04:12:59;54;19;7;7;5;3;0;3;0;1;1
2020-07-01 04:13:58;54;19;7;7;5;3;0;3;0;1;1
2020-07-01 04:15:00;54;19;7;7;5;3;0;3;0;1;1
2020-07-01 04:15:58;54;19;7;7;5;3;0;3;0;1;1
2020-07-01 04:16:59;54;19;7;7;5;3;0;3;0;1;1
2020-07-01 04:17:59;54;19;7;7;5;3;0;3;0;1;1
2020-07-01 04:18:58;55;19;7;8;5;3;0;3;0;1;1
2020-07-01 04:19:59;55;19;7;8;5;3;0;3;0;1;1
2020-07-01 04:20:59;55;19;7;8;5;3;0;3;0;1;1
2020-07-01 04:21:58;55;19;7;8;5;3;0;3;0;1;1
2020-07-01 04:22:59;55;19;7;8;5;3;0;3;0;1;1
2020-07-01 04:23:58;55;19;7;8;5;3;0;3;0;1;1
2020-07-01 04:24:59;55;19;7;8;5;3;0;3;0;1;1
2020-07-01 04:25:58;55;19;7;8;5;3;0;3;0;1;1
2020-07-01 04:26:59;55;19;7;8;5;3;0;3;0;1;1
2020-07-01 04:27:59;55;19;7;8;5;3;0;3;0;1;1
2020-07-01 04:28:58;55;19;7;8;5;3;0;3;0;1;1
2020-07-01 04:29:59;55;19;7;8;5;3;0;3;0;1;1
2020-07-01 04:30:58;55;19;7;8;5;3;0;3;0;1;1
2020-07-01 04:31:59;55;19;7;8;5;3;0;3;0;1;1
2020-07-01 04:32:58;55;19;7;8;5;3;0;3;0;1;1
2020-07-01 04:33:59;55;19;7;8;5;3;0;3;0;1;1
2020-07-01 04:34:58;55;19;7;8;5;3;0;3;0;1;1
2020-07-01 04:35:59;55;19;7;8;5;3;0;3;0;1;1
2020-07-01 04:36:58;55;19;7;8;5;3;0;3;0;1;1
2020-07-01 04:37:59;55;19;7;8;5;3;0;3;0;1;1
2020-07-01 04:38:58;55;19;7;8;5;3;0;3;0;1;1
2020-07-01 04:39:59;55;19;7;8;5;3;0;3;0;1;1
2020-07-01 04:40:59;55;19;7;8;5;3;0;3;0;1;1
2020-07-01 04:41:58;55;19;7;8;5;3;0;3;0;1;1
2020-07-01 04:42:59;55;19;7;8;5;3;0;3;0;1;1
2020-07-01 04:43:58;55;19;7;8;5;3;0;3;0;1;1
2020-07-01 04:44:59;55;19;7;8;5;3;0;3;0;1;1
2020-07-01 04:45:59;55;19;7;8;5;3;0;3;0;1;1
2020-07-01 04:46:58;55;19;7;8;5;3;0;3;0;1;1
2020-07-01 04:47:59;55;19;7;8;5;3;0;3;0;1;1
2020-07-01 04:48:58;55;19;7;8;5;3;0;3;0;1;1
2020-07-01 04:49:59;55;19;7;8;5;3;0;3;0;1;1
2020-07-01 04:50:59;55;19;7;8;5;3;0;3;0;1;1
2020-07-01 04:51:58;56;20;7;8;5;3;0;3;0;1;1
2020-07-01 04:52:59;57;21;7;8;5;3;0;3;0;1;1
2020-07-01 04:53:59;57;21;7;8;5;3;0;3;0;1;1
2020-07-01 04:54:58;57;21;7;8;5;3;0;3;0;1;1
2020-07-01 04:55:59;57;21;7;8;5;3;0;3;0;1;1
2020-07-01 04:56:59;57;21;7;8;5;3;0;3;0;1;1
2020-07-01 04:57:58;57;21;7;8;5;3;0;3;0;1;1
2020-07-01 04:58:59;57;21;7;8;5;3;0;3;0;1;1
2020-07-01 04:59:59;57;21;7;8;5;3;0;3;0;1;1
2020-07-01 05:00:58;57;21;7;8;5;3;0;3;0;1;1
2020-07-01 05:01:59;57;21;7;8;5;3;0;3;0;1;1
2020-07-01 05:02:59;57;21;7;8;5;3;0;3;0;1;1
2020-07-01 05:03:58;57;21;7;8;5;3;0;3;0;1;1
2020-07-01 05:04:59;57;21;7;8;5;3;0;3;0;1;1
2020-07-01 05:05:58;58;21;7;8;5;3;0;3;0;1;0
2020-07-01 05:06:59;58;21;7;8;5;3;0;3;0;1;0
2020-07-01 05:07:58;58;21;7;8;5;3;0;3;0;1;0
2020-07-01 05:08:59;58;21;7;8;5;3;0;3;0;1;0
2020-07-01 05:09:58;59;22;7;8;5;3;0;3;0;1;0
2020-07-01 05:10:59;59;22;7;8;5;3;0;3;0;1;0
2020-07-01 05:11:59;59;22;7;8;5;3;0;3;0;1;0
2020-07-01 05:12:58;59;22;7;8;5;3;0;3;0;1;0
2020-07-01 05:13:59;59;22;7;8;5;3;0;3;0;1;0
2020-07-01 05:14:58;59;22;7;8;5;3;0;3;0;1;0
2020-07-01 05:15:59;59;22;7;8;5;3;0;3;0;1;0
2020-07-01 05:16:59;59;22;7;8;5;3;0;3;0;1;0
2020-07-01 05:17:58;59;22;7;8;5;3;0;3;0;1;0
2020-07-01 05:18:59;59;22;7;8;5;3;0;3;0;1;0
2020-07-01 05:19:59;59;22;7;8;5;3;0;3;0;1;0
2020-07-01 05:20:58;59;22;7;8;5;3;0;3;0;1;0
2020-07-01 05:21:59;59;22;7;8;5;3;0;3;0;1;0
2020-07-01 05:22:59;59;22;7;8;5;3;0;3;0;1;0
2020-07-01 05:23:58;59;22;7;8;5;3;0;3;0;1;0
2020-07-01 05:24:59;59;22;7;8;5;3;0;3;0;1;0
2020-07-01 05:25:59;59;22;7;8;5;3;0;3;0;1;0
2020-07-01 05:26:58;59;22;7;8;5;3;0;3;0;1;0
2020-07-01 05:27:59;59;22;7;8;5;3;0;3;0;1;0
2020-07-01 05:28:58;59;22;7;8;5;3;0;3;0;1;0
2020-07-01 05:29:59;59;22;7;8;5;3;0;3;0;1;0
2020-07-01 05:30:58;59;22;7;8;5;3;0;3;0;1;0
2020-07-01 05:31:59;59;22;7;8;5;3;0;3;0;1;0
2020-07-01 05:32:58;59;22;7;8;5;3;0;3;0;1;0
2020-07-01 05:33:59;60;22;7;8;5;3;0;3;0;1;0
2020-07-01 05:34:58;60;22;7;8;5;3;0;3;0;1;0
2020-07-01 05:35:59;60;22;7;8;5;3;0;3;0;1;0
2020-07-01 05:36:58;60;22;7;8;5;3;0;3;0;1;0
2020-07-01 05:37:59;60;22;7;8;5;3;0;3;0;1;0
2020-07-01 05:38:58;60;22;7;8;5;3;0;3;0;1;0
2020-07-01 05:39:59;60;22;7;8;5;3;0;3;0;1;0
2020-07-01 05:40:59;60;22;7;8;5;3;0;3;0;1;0
2020-07-01 05:41:58;60;22;7;8;5;3;0;3;0;1;0
2020-07-01 05:42:59;60;22;7;8;5;3;0;3;0;1;0
2020-07-01 05:43:59;60;22;7;8;5;3;0;3;0;1;0
2020-07-01 05:44:58;60;22;7;8;5;3;0;3;0;1;0
2020-07-01 05:45:59;60;22;7;8;5;3;0;3;0;1;0
2020-07-01 05:46:59;60;22;7;8;5;3;0;3;0;1;0
2020-07-01 05:47:58;60;22;7;8;5;3;0;3;0;1;0
2020-07-01 05:48:59;60;22;7;8;5;3;0;3;0;1;0
2020-07-01 05:49:58;60;22;7;8;5;3;0;3;0;1;0
2020-07-01 05:50:59;60;22;7;8;5;3;0;3;0;1;0
2020-07-01 05:51:59;60;22;7;8;5;3;0;3;0;1;0
2020-07-01 05:52:58;60;22;7;8;5;3;0;3;0;1;0
2020-07-01 05:53:59;60;22;7;8;5;3;0;3;0;1;0
2020-07-01 05:54:58;60;22;7;8;5;3;0;3;0;1;0
2020-07-01 05:55:59;60;22;7;8;5;3;0;3;0;1;0
2020-07-01 05:56:58;60;22;7;8;5;3;0;3;0;1;0
2020-07-01 05:57:59;60;22;7;8;5;3;0;3;0;1;0
2020-07-01 05:58:59;60;22;7;8;5;3;0;3;0;1;0
2020-07-01 05:59:58;60;22;7;8;5;3;0;3;0;1;0
2020-07-01 06:00:59;60;22;7;8;5;3;0;3;0;1;0
2020-07-01 06:01:59;60;22;7;8;5;3;0;3;0;1;0
2020-07-01 06:02:58;60;22;7;8;5;3;0;3;0;1;0
2020-07-01 06:03:59;60;22;7;8;5;3;0;3;0;1;0
2020-07-01 06:04:59;60;22;7;8;5;3;0;3;0;1;0
2020-07-01 06:05:58;60;22;7;8;5;3;0;3;0;1;0
2020-07-01 06:06:59;60;22;7;8;5;3;0;3;0;1;0
2020-07-01 06:07:58;60;22;7;8;5;3;0;3;0;1;0
2020-07-01 06:08:59;60;22;7;8;5;3;0;3;0;1;0
2020-07-01 06:09:59;60;22;7;8;5;3;0;3;0;1;0
2020-07-01 06:10:58;60;22;7;8;5;3;0;3;0;1;0
2020-07-01 06:11:59;60;22;7;8;5;3;0;3;0;1;0
2020-07-01 06:12:59;60;22;7;8;5;3;0;3;0;1;0
2020-07-01 06:13:58;60;22;7;8;5;3;0;3;0;1;0
2020-07-01 06:14:59;61;23;7;8;5;3;0;3;0;1;0
2020-07-01 06:15:59;61;23;7;8;5;3;0;3;0;1;0
2020-07-01 06:16:58;61;23;7;8;5;3;0;3;0;1;0
2020-07-01 06:17:59;61;23;7;8;5;3;0;3;0;1;0
2020-07-01 06:18:59;61;23;7;8;5;3;0;3;0;1;0
2020-07-01 06:19:58;61;23;7;8;5;3;0;3;0;1;0
2020-07-01 06:20:59;61;23;7;8;5;3;0;3;0;1;0
2020-07-01 06:21:58;61;23;7;8;5;3;0;3;0;1;0
2020-07-01 06:22:59;61;23;7;8;5;3;0;3;0;1;0
2020-07-01 06:23:59;61;23;7;8;5;3;0;3;0;1;0
2020-07-01 06:24:58;61;23;7;8;5;3;0;3;0;1;0
2020-07-01 06:25:59;61;23;7;8;5;3;0;3;0;1;0
2020-07-01 06:26:59;61;23;7;8;5;3;0;3;0;1;0
2020-07-01 06:27:58;61;23;7;8;5;3;0;3;0;1;0
2020-07-01 06:28:59;61;23;7;8;5;3;0;3;0;1;0
2020-07-01 06:29:59;61;23;7;8;5;3;0;3;0;1;0
2020-07-01 06:30:58;61;23;7;8;5;3;0;3;0;1;0
2020-07-01 06:31:59;61;23;7;8;5;3;0;3;0;1;0
2020-07-01 06:32:59;61;23;7;8;5;3;0;3;0;1;0
2020-07-01 06:33:58;61;23;7;8;5;3;0;3;0;1;0
2020-07-01 06:34:59;61;23;7;8;5;3;0;3;0;1;0
2020-07-01 06:35:58;61;23;7;8;5;3;0;3;0;1;0
2020-07-01 06:36:59;61;23;7;8;5;3;0;3;0;1;0
2020-07-01 06:37:58;61;23;7;8;5;3;0;3;0;1;0
2020-07-01 06:38:59;61;23;7;8;5;3;0;3;0;1;0
2020-07-01 06:39:58;61;23;7;8;5;3;0;3;0;1;0
2020-07-01 06:40:59;61;23;7;8;5;3;0;3;0;1;0
2020-07-01 06:41:59;61;23;7;8;5;3;0;3;0;1;0
2020-07-01 06:42:58;61;23;7;8;5;3;0;3;0;1;0
2020-07-01 06:43:59;61;23;7;8;5;3;0;3;0;1;0
2020-07-01 06:44:59;61;23;7;8;5;3;0;3;0;1;0
2020-07-01 06:45:58;61;23;7;8;5;3;0;3;0;1;0
2020-07-01 06:46:59;61;23;7;8;5;3;0;3;0;1;0
2020-07-01 06:47:58;62;23;7;8;6;3;0;3;0;1;0
2020-07-01 06:48:59;62;23;7;8;6;3;0;3;0;1;0
2020-07-01 06:49:59;62;23;7;8;6;3;0;3;0;1;0
2020-07-01 06:50:58;62;23;7;8;6;3;0;3;0;1;0
2020-07-01 06:51:59;62;23;7;8;6;3;0;3;0;1;0
2020-07-01 06:52:59;62;23;7;8;6;3;0;3;0;1;0
2020-07-01 06:53:58;62;23;7;8;6;3;0;3;0;1;0
2020-07-01 06:54:59;62;23;7;8;6;3;0;3;0;1;0
2020-07-01 06:55:58;62;23;7;8;6;3;0;3;0;1;0
2020-07-01 06:56:59;62;23;7;8;6;3;0;3;0;1;0
2020-07-01 06:57:58;62;23;7;8;6;3;0;3;0;1;0
2020-07-01 06:58:59;62;23;7;8;6;3;0;3;0;1;0
2020-07-01 06:59:59;62;23;7;8;6;3;0;3;0;1;0
2020-07-01 07:00:58;62;23;7;8;6;3;0;3;0;1;0
2020-07-01 07:01:59;62;23;7;8;6;3;0;3;0;1;0
2020-07-01 07:02:58;62;23;7;8;6;3;0;3;0;1;0
2020-07-01 07:03:59;62;23;7;8;6;3;0;3;0;1;0
2020-07-01 07:04:59;62;23;7;8;6;3;0;3;0;1;0
2020-07-01 07:05:58;62;23;7;8;6;3;0;3;0;1;0
2020-07-01 07:06:59;62;23;7;8;6;3;0;3;0;1;0
2020-07-01 07:07:59;62;23;7;8;6;3;0;3;0;1;0
2020-07-01 07:08:58;62;23;7;8;6;3;0;3;0;1;0
2020-07-01 07:09:59;62;23;7;8;6;3;0;3;0;1;0
2020-07-01 07:10:59;62;23;7;8;6;3;0;3;0;1;0
2020-07-01 07:11:58;62;23;7;8;6;3;0;3;0;1;0
2020-07-01 07:12:59;62;23;7;8;6;3;0;3;0;1;0
2020-07-01 07:13:59;62;23;7;8;6;3;0;3;0;1;0
2020-07-01 07:14:58;62;23;7;8;6;3;0;3;0;1;0
2020-07-01 07:15:59;62;23;7;8;6;3;0;3;0;1;0
2020-07-01 07:16:58;62;23;7;8;6;3;0;3;0;1;0
2020-07-01 07:18:00;62;23;7;8;6;3;0;3;0;1;0
2020-07-01 07:18:58;62;23;7;8;6;3;0;3;0;1;0
2020-07-01 07:19:59;62;23;7;8;6;3;0;3;0;1;0
2020-07-01 07:20:59;62;23;7;8;6;3;0;3;0;1;0
2020-07-01 07:21:58;62;23;7;8;6;3;0;3;0;1;0
2020-07-01 07:22:59;62;23;7;8;6;3;0;3;0;1;0
2020-07-01 07:23:58;62;23;7;8;6;3;0;3;0;1;0
2020-07-01 07:24:59;62;23;7;8;6;3;0;3;0;1;0
2020-07-01 07:25:58;62;23;7;8;6;3;0;3;0;1;0
2020-07-01 07:26:59;62;23;7;8;6;3;0;3;0;1;0
2020-07-01 07:27:59;62;23;7;8;6;3;0;3;0;1;0
2020-07-01 07:28:58;62;23;7;8;6;3;0;3;0;1;0
2020-07-01 07:29:59;62;23;7;8;6;3;0;3;0;1;0
2020-07-01 07:30:58;62;23;7;8;6;3;0;3;0;1;0
2020-07-01 07:31:59;62;23;7;8;6;3;0;3;0;1;0
2020-07-01 07:32:59;62;23;7;8;6;3;0;3;0;1;0
2020-07-01 07:33:58;62;23;7;8;6;3;0;3;0;1;0
2020-07-01 07:34:59;62;23;7;8;6;3;0;3;0;1;0
2020-07-01 07:35:59;62;23;7;8;6;3;0;3;0;1;0
2020-07-01 07:36:58;62;23;7;8;6;3;0;3;0;1;0
2020-07-01 07:37:59;62;23;7;8;6;3;0;3;0;1;0
2020-07-01 07:38:59;62;23;7;8;6;3;0;3;0;1;0
2020-07-01 07:39:58;62;23;7;8;6;3;0;3;0;1;0
2020-07-01 07:40:59;62;23;7;8;6;3;0;3;0;1;0
2020-07-01 07:41:59;62;23;7;8;6;3;0;3;0;1;0
2020-07-01 07:42:58;62;23;7;8;6;3;0;3;0;1;0
2020-07-01 07:43:59;62;23;7;8;6;3;0;3;0;1;0
2020-07-01 07:44:59;62;23;7;8;6;3;0;3;0;1;0
2020-07-01 07:45:58;62;23;7;8;6;3;0;3;0;1;0
2020-07-01 07:46:59;62;23;7;8;6;3;0;3;0;1;0
2020-07-01 07:47:59;62;23;7;8;6;3;0;3;0;1;0
2020-07-01 07:48:58;62;23;7;8;6;3;0;3;0;1;0
2020-07-01 07:49:59;62;23;7;8;6;3;0;3;0;1;0
2020-07-01 07:50:59;62;23;7;8;6;3;0;3;0;1;0
2020-07-01 07:51:58;62;23;7;8;6;3;0;3;0;1;0
2020-07-01 07:52:59;62;23;7;8;6;3;0;3;0;1;0
2020-07-01 07:53:59;62;23;7;8;6;3;0;3;0;1;0
2020-07-01 07:54:58;62;23;7;8;6;3;0;3;0;1;0
2020-07-01 07:56:00;62;23;7;8;6;3;0;3;0;1;0
2020-07-01 07:56:58;62;23;7;8;6;3;0;3;0;1;0
2020-07-01 07:57:59;62;23;7;8;6;3;0;3;0;1;0
2020-07-01 07:58:59;62;23;7;8;6;3;0;3;0;1;0
2020-07-01 07:59:58;62;23;7;8;6;3;0;3;0;1;0
2020-07-01 08:00:59;62;23;7;8;6;3;0;3;0;1;0
2020-07-01 08:01:59;62;23;7;8;6;3;0;3;0;1;0
2020-07-01 08:02:58;62;23;7;8;6;3;0;3;0;1;0
2020-07-01 08:03:59;63;23;8;8;6;3;0;3;0;1;0
2020-07-01 08:04:59;63;23;8;8;6;3;0;3;0;1;0
2020-07-01 08:05:58;63;23;8;8;6;3;0;3;0;1;0
2020-07-01 08:07:00;63;23;8;8;6;3;0;3;0;1;0
2020-07-01 08:07:58;63;23;8;8;6;3;0;3;0;1;0
2020-07-01 08:08:59;63;23;8;8;6;3;0;3;0;1;0
2020-07-01 08:09:59;63;23;8;8;6;3;0;3;0;1;0
2020-07-01 08:10:58;64;24;8;8;6;3;0;3;0;1;0
2020-07-01 08:11:59;64;24;8;8;6;3;0;3;0;1;0
2020-07-01 08:12:59;64;24;8;8;6;3;0;3;0;1;0
2020-07-01 08:13:58;64;24;8;8;6;3;0;3;0;1;0
2020-07-01 08:14:59;64;24;8;8;6;3;0;3;0;1;0
2020-07-01 08:15:59;64;24;8;8;6;3;0;3;0;1;0
2020-07-01 08:16:58;64;24;8;8;6;3;0;3;0;1;0
2020-07-01 08:17:59;64;24;8;8;6;3;0;3;0;1;0
2020-07-01 08:18:59;65;24;8;9;6;3;0;3;0;1;0
2020-07-01 08:19:58;65;24;8;9;6;3;0;3;0;1;0
2020-07-01 08:20:59;65;24;8;9;6;3;0;3;0;1;0
2020-07-01 08:21:59;65;24;8;9;6;3;0;3;0;1;0
2020-07-01 08:22:58;65;24;8;9;6;3;0;3;0;1;0
2020-07-01 08:23:59;65;24;8;9;6;3;0;3;0;1;0
2020-07-01 08:24:58;66;25;8;9;6;3;0;3;0;1;0
2020-07-01 08:25:59;66;25;8;9;6;3;0;3;0;1;0
2020-07-01 08:26:59;66;25;8;9;6;3;0;3;0;1;0
2020-07-01 08:27:58;67;25;8;9;6;4;0;3;0;1;0
2020-07-01 08:28:59;67;25;8;9;6;4;0;3;0;1;0
2020-07-01 08:29:58;67;25;8;9;6;4;0;3;0;1;0
2020-07-01 08:30:59;67;25;8;9;6;4;0;3;0;1;0
2020-07-01 08:31:59;67;25;8;9;6;4;0;3;0;1;0
2020-07-01 08:32:58;67;25;8;9;6;4;0;3;0;1;0
2020-07-01 08:33:59;67;25;8;9;6;4;0;3;0;1;0
2020-07-01 08:34:58;67;25;8;9;6;4;0;3;0;1;0
2020-07-01 08:35:59;67;25;8;9;6;4;0;3;0;1;0
2020-07-01 08:36:59;67;25;8;9;6;4;0;3;0;1;0
2020-07-01 08:37:58;67;25;8;9;6;4;0;3;0;1;0
2020-07-01 08:38:59;67;25;8;9;6;4;0;3;0;1;0
2020-07-01 08:39:59;67;25;8;9;6;4;0;3;0;1;0
2020-07-01 08:40:58;67;25;8;9;6;4;0;3;0;1;0
2020-07-01 08:41:59;67;25;8;9;6;4;0;3;0;1;0
2020-07-01 08:42:58;67;25;8;9;6;4;0;3;0;1;0
2020-07-01 08:43:59;67;25;8;9;6;4;0;3;0;1;0
2020-07-01 08:44:59;67;25;8;9;6;4;0;3;0;1;0
2020-07-01 08:45:58;67;25;8;9;6;4;0;3;0;1;0
2020-07-01 08:46:59;67;25;8;9;6;4;0;3;0;1;0
2020-07-01 08:47:58;68;25;8;10;6;4;0;3;0;1;0
2020-07-01 08:48:59;69;25;8;10;6;4;0;3;0;2;0
2020-07-01 08:49:58;69;25;8;10;6;4;0;3;0;2;0
2020-07-01 08:50:59;69;25;8;10;6;4;0;3;0;2;0
2020-07-01 08:51:58;69;25;8;10;6;4;0;3;0;2;0
2020-07-01 08:52:59;69;25;8;10;6;4;0;3;0;2;0
2020-07-01 08:53:58;69;25;8;10;6;4;0;3;0;2;0
2020-07-01 08:54:59;69;25;8;10;6;4;0;3;0;2;0
2020-07-01 08:55:59;70;26;8;10;6;4;0;3;0;2;0
2020-07-01 08:56:58;70;26;8;10;6;4;0;3;0;2;0
2020-07-01 08:57:59;71;27;8;10;6;4;0;3;0;2;0
2020-07-01 08:58:59;71;27;8;10;6;4;0;3;0;2;0
2020-07-01 08:59:58;71;27;8;10;6;4;0;3;0;2;0
2020-07-01 09:00:59;71;27;8;10;6;4;0;3;0;2;0
2020-07-01 09:01:58;71;27;8;10;6;4;0;3;0;2;0
2020-07-01 09:02:59;72;27;8;10;6;4;0;3;0;2;0
2020-07-01 09:03:59;72;27;8;10;6;4;0;3;0;2;0
2020-07-01 09:04:58;72;27;8;10;6;4;0;3;0;2;0
2020-07-01 09:05:59;73;28;8;10;6;4;0;3;0;2;0
2020-07-01 09:06:58;73;28;8;10;6;4;0;3;0;2;0
2020-07-01 09:08:00;74;29;8;10;6;4;0;3;0;2;0
2020-07-01 09:08:58;74;29;8;10;6;4;0;3;0;2;0
2020-07-01 09:09:59;75;30;8;10;6;4;0;3;0;2;0
2020-07-01 09:10:59;75;30;8;10;6;4;0;3;0;2;0
2020-07-01 09:11:58;75;30;8;10;6;4;0;3;0;2;0
2020-07-01 09:12:59;75;30;8;10;6;4;0;3;0;2;0
2020-07-01 09:13:58;76;31;8;10;6;4;0;3;0;2;0
2020-07-01 09:14:59;76;31;8;10;6;4;0;3;0;2;0
2020-07-01 09:15:59;76;31;8;10;6;4;0;3;0;2;0
2020-07-01 09:16:58;76;31;8;10;6;4;0;3;0;2;0
2020-07-01 09:17:59;76;31;8;10;6;4;0;3;0;2;0
2020-07-01 09:18:58;76;31;8;10;6;4;0;3;0;2;0
2020-07-01 09:19:59;76;31;8;10;6;4;0;3;0;2;0
2020-07-01 09:20:59;76;31;8;10;6;4;0;3;0;2;0
2020-07-01 09:21:58;77;31;8;10;7;4;0;3;0;2;0
2020-07-01 09:22:59;77;31;8;10;7;4;0;3;0;2;0
2020-07-01 09:23:59;77;31;8;10;7;4;0;3;0;2;0
2020-07-01 09:24:58;77;31;8;10;7;4;0;3;0;2;0
2020-07-01 09:25:59;77;31;8;10;7;4;0;3;0;2;0
2020-07-01 09:26:58;77;31;8;10;7;4;0;3;0;2;0
2020-07-01 09:27:59;78;32;8;10;7;4;0;3;0;2;0
2020-07-01 09:28:59;78;32;8;10;7;4;0;3;0;2;0
2020-07-01 09:29:58;78;32;8;10;7;4;0;3;0;2;0
2020-07-01 09:30:59;78;32;8;10;7;4;0;3;0;2;0
2020-07-01 09:31:59;78;32;8;10;7;4;0;3;0;2;0
2020-07-01 09:32:58;79;32;8;11;7;4;0;3;0;2;0
2020-07-01 09:33:59;79;32;8;11;7;4;0;3;0;2;0
2020-07-01 09:34:58;79;32;8;11;7;4;0;3;0;2;0
2020-07-01 09:35:59;79;32;8;11;7;4;0;3;0;2;0
2020-07-01 09:36:59;79;32;8;11;7;4;0;3;0;2;0
2020-07-01 09:37:58;79;32;8;11;7;4;0;3;0;2;0
2020-07-01 09:39:00;79;32;8;11;7;4;0;3;0;2;0
2020-07-01 09:39:58;80;33;8;11;7;4;0;3;0;2;0
2020-07-01 09:40:59;80;33;8;11;7;4;0;3;0;2;0
2020-07-01 09:41:59;80;33;8;11;7;4;0;3;0;2;0
2020-07-01 09:42:58;81;33;8;11;7;4;0;3;0;2;0
2020-07-01 09:43:59;81;33;8;11;7;4;0;3;0;2;0
2020-07-01 09:44:59;81;33;8;11;7;4;0;3;0;2;0
2020-07-01 09:45:58;81;33;8;11;7;4;0;3;0;2;0
2020-07-01 09:46:59;81;33;8;11;7;4;0;3;0;2;0
2020-07-01 09:47:58;81;33;8;11;7;4;0;3;0;2;0
2020-07-01 09:48:59;81;33;8;11;7;4;0;3;0;2;0
2020-07-01 09:49:59;81;33;8;11;7;4;0;3;0;2;0
2020-07-01 09:50:58;81;33;8;11;7;4;0;3;0;2;0
2020-07-01 09:51:59;81;33;8;11;7;4;0;3;0;2;0
2020-07-01 09:52:58;81;33;8;11;7;4;0;3;0;2;0
2020-07-01 09:53:59;81;33;8;11;7;4;0;3;0;2;0
2020-07-01 09:54:59;82;33;9;11;7;4;0;3;0;2;0
2020-07-01 09:55:58;82;33;9;11;7;4;0;3;0;2;0
2020-07-01 09:56:59;82;33;9;11;7;4;0;3;0;2;0
2020-07-01 09:57:59;82;33;9;11;7;4;0;3;0;2;0
2020-07-01 09:58:58;82;33;9;11;7;4;0;3;0;2;0
2020-07-01 09:59:59;82;33;9;11;7;4;0;3;0;2;0
2020-07-01 10:00:58;82;33;9;11;7;4;0;3;0;2;0
2020-07-01 10:01:59;82;33;9;11;7;4;0;3;0;2;0
2020-07-01 10:02:59;82;33;9;11;7;4;0;3;0;2;0
2020-07-01 10:03:58;82;33;9;11;7;4;0;3;0;2;0
2020-07-01 10:04:59;83;34;9;11;7;4;0;3;0;2;0
2020-07-01 10:05:58;83;34;9;11;7;4;0;3;0;2;0
2020-07-01 10:06:59;83;34;9;11;7;4;0;3;0;2;0
2020-07-01 10:07:59;84;35;9;11;7;4;0;3;0;2;0
2020-07-01 10:08:58;85;36;9;11;7;4;0;3;0;2;0
2020-07-01 10:09:59;86;36;10;11;7;4;0;3;0;2;0
2020-07-01 10:10:58;86;36;10;11;7;4;0;3;0;2;0
2020-07-01 10:11:59;87;36;10;11;7;4;1;3;0;2;1
2020-07-01 10:12:59;87;36;10;11;7;4;1;3;0;2;1
2020-07-01 10:13:58;88;36;10;11;7;4;2;3;0;2;1
2020-07-01 10:14:59;88;36;10;11;7;4;2;3;0;2;1
2020-07-01 10:15:59;89;36;10;11;8;4;2;3;0;2;1
2020-07-01 10:16:58;89;36;10;11;8;4;2;3;0;2;1
2020-07-01 10:17:59;89;36;10;11;8;4;2;3;0;2;1
2020-07-01 10:18:59;89;36;10;11;8;4;2;3;0;2;1
2020-07-01 10:19:58;89;36;10;11;8;4;2;3;0;2;1
2020-07-01 10:20:59;89;36;10;11;8;4;2;3;0;2;1
2020-07-01 10:21:58;89;36;10;11;8;4;2;3;0;2;1
2020-07-01 10:22:59;89;36;10;11;8;4;2;3;0;2;1
2020-07-01 10:23:59;89;36;10;11;8;4;2;3;0;2;1
2020-07-01 10:24:58;89;36;10;11;8;4;2;3;0;2;1
2020-07-01 10:25:59;89;36;10;11;8;4;2;3;0;2;1
2020-07-01 10:26:58;89;36;10;11;8;4;2;3;0;2;1
2020-07-01 10:27:59;89;36;10;11;8;4;2;3;0;2;1
2020-07-01 10:28:58;89;36;10;11;8;4;2;3;0;2;1
2020-07-01 10:29:59;89;36;10;11;8;4;2;3;0;2;1
2020-07-01 10:30:58;89;36;10;11;8;4;2;3;0;2;1
2020-07-01 10:31:59;89;36;10;11;8;4;2;3;0;2;1
2020-07-01 10:32:58;89;36;10;11;8;4;2;3;0;2;1
2020-07-01 10:33:59;89;36;10;11;8;4;2;3;0;2;1
2020-07-01 10:34:59;89;36;10;11;8;4;2;3;0;2;1
2020-07-01 10:35:58;89;36;10;11;8;4;2;3;0;2;1
2020-07-01 10:36:59;89;36;10;11;8;4;2;3;0;2;1
2020-07-01 10:37:58;89;36;10;11;8;4;2;3;0;2;1
2020-07-01 10:38:59;91;36;10;11;9;4;3;3;0;2;1
2020-07-01 10:39:58;91;36;10;11;9;4;3;3;0;2;1
2020-07-01 10:40:59;91;36;10;11;9;4;3;3;0;2;1
2020-07-01 10:41:59;91;36;10;11;9;4;3;3;0;2;1
2020-07-01 10:42:58;91;36;10;11;9;4;3;3;0;2;1
2020-07-01 10:43:59;91;36;10;11;9;4;3;3;0;2;1
2020-07-01 10:44:58;91;36;10;11;9;4;3;3;0;2;1
2020-07-01 10:45:59;91;36;10;11;9;4;3;3;0;2;1
2020-07-01 10:46:59;91;36;10;11;9;4;3;3;0;2;1
2020-07-01 10:47:58;91;36;10;11;9;4;3;3;0;2;1
2020-07-01 10:48:59;91;36;10;11;9;4;3;3;0;2;1
2020-07-01 10:49:58;91;36;10;11;9;4;3;3;0;2;1
2020-07-01 10:50:59;91;36;10;11;9;4;3;3;0;2;1
2020-07-01 10:51:59;92;37;10;11;9;4;3;3;0;2;1
2020-07-01 10:52:58;92;37;10;11;9;4;3;3;0;2;1
2020-07-01 10:53:59;92;37;10;11;9;4;3;3;0;2;1
2020-07-01 10:54:58;92;37;10;11;9;4;3;3;0;2;1
2020-07-01 10:55:59;94;39;10;11;9;4;3;3;0;2;1
2020-07-01 10:56:58;94;39;10;11;9;4;3;3;0;2;1
2020-07-01 10:57:59;94;39;10;11;9;4;3;3;0;2;1
2020-07-01 10:58:59;94;39;10;11;9;4;3;3;0;2;1
2020-07-01 10:59:58;94;39;10;11;9;4;3;3;0;2;1
2020-07-01 11:00:59;95;39;11;11;9;4;3;3;0;2;1
2020-07-01 11:01:58;95;39;11;11;9;4;3;3;0;2;1
2020-07-01 11:02:59;95;39;11;11;9;4;3;3;0;2;1
2020-07-01 11:03:59;95;39;11;11;9;4;3;3;0;2;1
2020-07-01 11:04:58;95;39;11;11;9;4;3;3;0;2;1
2020-07-01 11:05:59;95;39;11;11;9;4;3;3;0;2;1
2020-07-01 11:06:58;95;39;11;11;9;4;3;3;0;2;1
2020-07-01 11:07:59;95;39;11;11;9;4;3;3;0;2;1
2020-07-01 11:08:59;95;39;11;11;9;4;3;3;0;2;1
2020-07-01 11:09:58;95;39;11;11;9;4;3;3;0;2;1
2020-07-01 11:10:59;96;39;12;11;9;4;3;3;0;2;1
2020-07-01 11:11:59;96;39;12;11;9;4;3;3;0;2;1
2020-07-01 11:12:58;96;39;12;11;9;4;3;3;0;2;1
2020-07-01 11:13:59;96;39;12;11;9;4;3;3;0;2;1
2020-07-01 11:14:58;97;39;13;11;9;4;3;3;0;2;1
2020-07-01 11:16:00;97;39;13;11;9;4;3;3;0;2;1
2020-07-01 11:16:58;97;39;13;11;9;4;3;3;0;2;1
2020-07-01 11:17:59;97;39;13;11;9;4;3;3;0;2;1
2020-07-01 11:18:58;97;39;13;11;9;4;3;3;0;2;1
2020-07-01 11:19:59;97;39;13;11;9;4;3;3;0;2;1
2020-07-01 11:20:58;97;39;13;11;9;4;3;3;0;2;1
2020-07-01 11:21:59;97;39;13;11;9;4;3;3;0;2;1
2020-07-01 11:22:58;97;39;13;11;9;4;3;3;0;2;1
2020-07-01 11:23:59;97;39;13;11;9;4;3;3;0;2;1
2020-07-01 11:24:59;97;39;13;11;9;4;3;3;0;2;1
2020-07-01 11:25:58;97;39;13;11;9;4;3;3;0;2;1
2020-07-01 11:26:59;98;40;13;11;9;4;3;3;0;2;1
2020-07-01 11:27:58;98;40;13;11;9;4;3;3;0;2;1
2020-07-01 11:28:59;98;40;13;11;9;4;3;3;0;2;1
2020-07-01 11:29:59;98;40;13;11;9;4;3;3;0;2;1
2020-07-01 11:30:58;98;40;13;11;9;4;3;3;0;2;1
2020-07-01 11:31:59;98;40;13;11;9;4;3;3;0;2;1
2020-07-01 11:32:59;98;40;13;11;9;4;3;3;0;2;1
2020-07-01 11:33:58;98;40;13;11;9;4;3;3;0;2;1
2020-07-01 11:34:59;98;40;13;11;9;4;3;3;0;2;1
2020-07-01 11:35:58;98;40;13;11;9;4;3;3;0;2;1
2020-07-01 11:36:59;99;40;13;11;10;4;3;3;0;2;1
2020-07-01 11:37:58;99;40;13;11;10;4;3;3;0;2;1
2020-07-01 11:38:59;99;40;13;11;10;4;3;3;0;2;1
2020-07-01 11:39:59;99;40;13;11;10;4;3;3;0;2;1
2020-07-01 11:40:58;99;40;13;11;10;4;3;3;0;2;1
2020-07-01 11:41:59;100;40;13;11;10;4;3;3;0;2;2
2020-07-01 11:42:59;100;40;13;11;10;4;3;3;0;2;2
2020-07-01 11:43:58;101;40;14;11;10;4;3;3;0;2;2
2020-07-01 11:44:59;101;40;14;11;10;4;3;3;0;2;2
2020-07-01 11:45:58;101;40;14;11;10;4;3;3;0;2;2
2020-07-01 11:46:59;101;40;14;11;10;4;3;3;0;2;2
2020-07-01 11:47:59;101;40;14;11;10;4;3;3;0;2;2
2020-07-01 11:48:58;101;40;14;11;10;4;3;3;0;2;2
2020-07-01 11:49:59;101;40;14;11;10;4;3;3;0;2;2
2020-07-01 11:50:58;101;40;14;11;10;4;3;3;0;2;2
2020-07-01 11:52:00;101;40;14;11;10;4;3;3;0;2;2
2020-07-01 11:52:58;102;40;14;11;10;4;3;3;0;2;2
2020-07-01 11:53:59;102;40;14;11;10;4;3;3;0;2;2
2020-07-01 11:54:59;103;41;14;11;10;4;3;3;0;2;2
2020-07-01 11:55:58;103;41;14;11;10;4;3;3;0;2;2
2020-07-01 11:56:59;103;41;14;11;10;4;3;3;0;2;2
2020-07-01 11:57:59;103;41;14;11;10;4;3;3;0;2;2
2020-07-01 11:59:00;103;41;14;11;10;4;3;3;0;2;2
2020-07-01 11:59:58;103;41;14;11;10;4;3;3;0;2;2
2020-07-01 12:00:59;104;42;14;11;10;4;3;3;0;2;2
2020-07-01 12:01:58;104;42;14;11;10;4;3;3;0;2;2
2020-07-01 12:02:59;104;42;14;11;10;4;3;3;0;2;2
2020-07-01 12:03:58;104;42;14;11;10;4;3;3;0;2;2
2020-07-01 12:04:59;104;42;14;11;10;4;3;3;0;2;2
2020-07-01 12:05:59;104;42;14;11;10;4;3;3;0;2;2
2020-07-01 12:06:58;104;42;14;11;10;4;3;3;0;2;2
2020-07-01 12:07:59;104;42;14;11;10;4;3;3;0;2;2
2020-07-01 12:08:59;104;42;14;11;10;4;3;3;0;2;2
2020-07-01 12:09:58;105;42;14;11;10;5;3;3;0;2;2
2020-07-01 12:11:00;105;42;14;11;10;5;3;3;0;2;2
2020-07-01 12:11:58;105;42;14;11;10;5;3;3;0;2;2
2020-07-01 12:12:59;105;42;14;11;10;5;3;3;0;2;2
2020-07-01 12:13:59;105;42;14;11;10;5;3;3;0;2;2
2020-07-01 12:14:58;105;42;14;11;10;5;3;3;0;2;2
2020-07-01 12:16:00;105;42;14;11;10;5;3;3;0;2;2
2020-07-01 12:16:58;105;42;14;11;10;5;3;3;0;2;2
2020-07-01 12:17:59;105;42;14;11;10;5;3;3;0;2;2
2020-07-01 12:18:59;105;42;14;11;10;5;3;3;0;2;2
2020-07-01 12:19:58;105;42;14;11;10;5;3;3;0;2;2
2020-07-01 12:20:59;105;42;14;11;10;5;3;3;0;2;2
2020-07-01 12:21:58;105;42;14;11;10;5;3;3;0;2;2
2020-07-01 12:22:59;105;42;14;11;10;5;3;3;0;2;2
2020-07-01 12:23:59;105;42;14;11;10;5;3;3;0;2;2
2020-07-01 12:24:58;105;42;14;11;10;5;3;3;0;2;2
2020-07-01 12:25:59;105;42;14;11;10;5;3;3;0;2;2
2020-07-01 12:26:59;105;42;14;11;10;5;3;3;0;2;2
2020-07-01 12:27:58;105;42;14;11;10;5;3;3;0;2;2
2020-07-01 12:28:59;105;42;14;11;10;5;3;3;0;2;2
2020-07-01 12:29:58;105;42;14;11;10;5;3;3;0;2;2
2020-07-01 12:30:59;105;42;14;11;10;5;3;3;0;2;2
2020-07-01 12:31:59;106;43;14;11;10;5;3;3;0;2;2
2020-07-01 12:32:58;107;43;15;11;10;5;3;3;0;2;2
2020-07-01 12:33:59;107;43;15;11;10;5;3;3;0;2;2
2020-07-01 12:34:58;107;43;15;11;10;5;3;3;0;2;2
2020-07-01 12:35:59;107;43;15;11;10;5;3;3;0;2;2
2020-07-01 12:36:59;108;43;16;11;10;5;3;3;0;2;2
2020-07-01 12:37:58;108;43;16;11;10;5;3;3;0;2;2
2020-07-01 12:38:59;108;43;16;11;10;5;3;3;0;2;2
2020-07-01 12:39:58;108;43;16;11;10;5;3;3;0;2;2
2020-07-01 12:40:59;108;43;16;11;10;5;3;3;0;2;2
2020-07-01 12:41:59;108;43;16;11;10;5;3;3;0;2;2
2020-07-01 12:42:58;108;43;16;11;10;5;3;3;0;2;2
2020-07-01 12:43:59;108;43;16;11;10;5;3;3;0;2;2
2020-07-01 12:44:58;108;43;16;11;10;5;3;3;0;2;2
2020-07-01 12:46:00;109;44;16;11;10;5;3;3;0;2;2
2020-07-01 12:46:58;109;44;16;11;10;5;3;3;0;2;2
2020-07-01 12:47:59;110;45;16;11;10;5;3;3;0;2;2
2020-07-01 12:48:58;111;45;16;11;10;6;3;3;0;2;2
2020-07-01 12:49:59;111;45;16;11;10;6;3;3;0;2;2
2020-07-01 12:50:58;111;45;16;11;10;6;3;3;0;2;2
2020-07-01 12:51:59;111;45;16;11;10;6;3;3;0;2;2
2020-07-01 12:52:58;111;45;16;11;10;6;3;3;0;2;2
2020-07-01 12:53:59;111;45;16;11;10;6;3;3;0;2;2
2020-07-01 12:54:59;111;45;16;11;10;6;3;3;0;2;2
2020-07-01 12:55:58;111;45;16;11;10;6;3;3;0;2;2
2020-07-01 12:56:59;111;45;16;11;10;6;3;3;0;2;2
2020-07-01 12:57:58;111;45;16;11;10;6;3;3;0;2;2
2020-07-01 12:58:59;112;45;16;11;11;6;3;3;0;2;2
2020-07-01 12:59:59;112;45;16;11;11;6;3;3;0;2;2
2020-07-01 13:00:58;112;45;16;11;11;6;3;3;0;2;2
2020-07-01 13:01:59;113;45;16;11;12;6;3;3;0;2;2
2020-07-01 13:02:59;113;45;16;11;12;6;3;3;0;2;2
2020-07-01 13:03:58;114;45;17;11;12;6;3;3;0;2;2
2020-07-01 13:04:59;114;45;17;11;12;6;3;3;0;2;2
2020-07-01 13:05:58;115;46;17;11;12;6;3;3;0;2;2
2020-07-01 13:07:00;115;46;17;11;12;6;3;3;0;2;2
2020-07-01 13:07:58;115;46;17;11;12;6;3;3;0;2;2
2020-07-01 13:08:59;115;46;17;11;12;6;3;3;0;2;2
2020-07-01 13:09:59;115;46;17;11;12;6;3;3;0;2;2
2020-07-01 13:10:58;115;46;17;11;12;6;3;3;0;2;2
2020-07-01 13:11:59;115;46;17;11;12;6;3;3;0;2;2
2020-07-01 13:12:58;115;46;17;11;12;6;3;3;0;2;2
2020-07-01 13:13:59;115;46;17;11;12;6;3;3;0;2;2
2020-07-01 13:14:59;116;47;17;11;12;6;3;3;0;2;2
2020-07-01 13:15:58;117;47;17;11;12;6;3;3;0;2;2
2020-07-01 13:16:59;117;47;17;11;12;6;3;3;0;2;2
2020-07-01 13:17:59;117;47;17;11;12;6;3;3;0;2;2
2020-07-01 13:18:58;118;47;17;11;12;6;3;3;2;2;2
2020-07-01 13:19:59;118;47;17;11;12;6;3;3;2;2;2
2020-07-01 13:20:59;118;47;17;11;12;6;3;3;2;2;2
2020-07-01 13:21:58;118;47;17;11;12;6;3;3;2;2;2
2020-07-01 13:22:59;118;47;17;11;12;6;3;3;2;2;2
2020-07-01 13:23:58;118;47;17;11;12;6;3;3;2;2;2
2020-07-01 13:24:59;118;47;17;11;12;6;3;3;2;2;2
2020-07-01 13:25:59;118;47;17;11;12;6;3;3;2;2;2
2020-07-01 13:26:58;118;47;17;11;12;6;3;3;2;2;2
2020-07-01 13:27:59;118;47;17;11;12;6;3;3;2;2;2
2020-07-01 13:28:58;118;47;17;11;12;6;3;3;2;2;2
2020-07-01 13:29:59;118;47;17;11;12;6;3;3;2;2;2
2020-07-01 13:30:58;118;47;17;11;12;6;3;3;2;2;2
2020-07-01 13:31:59;118;47;17;11;12;6;3;3;2;2;2
2020-07-01 13:32:59;118;47;17;11;12;6;3;3;2;2;2
2020-07-01 13:33:58;119;47;17;12;12;6;3;3;2;2;2
2020-07-01 13:34:59;119;47;17;12;12;6;3;3;2;2;2
2020-07-01 13:35:59;119;47;17;12;12;6;3;3;2;2;2
2020-07-01 13:36:58;119;47;17;12;12;6;3;3;2;2;2
2020-07-01 13:37:59;119;47;17;12;12;6;3;3;2;2;2
2020-07-01 13:38:58;119;47;17;12;12;6;3;3;2;2;2
2020-07-01 13:39:59;119;47;17;12;12;6;3;3;2;2;2
2020-07-01 13:40:58;119;47;17;12;12;6;3;3;2;2;2
2020-07-01 13:41:59;119;47;17;12;12;6;3;3;2;2;2
2020-07-01 13:42:59;119;47;17;12;12;6;3;3;2;2;2
2020-07-01 13:43:58;120;48;17;12;12;6;3;3;2;2;2
2020-07-01 13:44:59;120;48;17;12;12;6;3;3;2;2;2
2020-07-01 13:45:58;120;48;17;12;12;6;3;3;2;2;2
2020-07-01 13:46:59;120;48;17;12;12;6;3;3;2;2;2
2020-07-01 13:47:59;121;48;18;12;12;6;3;3;2;2;2
2020-07-01 13:48:58;121;48;18;12;12;6;3;3;2;2;2
2020-07-01 13:49:59;121;48;18;12;12;6;3;3;2;2;2
2020-07-01 13:50:58;121;48;18;12;12;6;3;3;2;2;2
2020-07-01 13:51:59;121;48;18;12;12;6;3;3;2;2;2
2020-07-01 13:52:59;121;48;18;12;12;6;3;3;2;2;2
2020-07-01 13:53:58;121;48;18;12;12;6;3;3;2;2;2
2020-07-01 13:54:59;121;48;18;12;12;6;3;3;2;2;2
2020-07-01 13:55:58;121;48;18;12;12;6;3;3;2;2;2
2020-07-01 13:56:59;121;48;18;12;12;6;3;3;2;2;2
2020-07-01 13:57:59;121;48;18;12;12;6;3;3;2;2;2
2020-07-01 13:58:58;121;48;18;12;12;6;3;3;2;2;2
2020-07-01 13:59:59;122;48;18;12;12;6;3;3;2;2;2
2020-07-01 14:00:58;122;48;18;12;12;6;3;3;2;2;2
2020-07-01 14:02:00;122;48;18;12;12;6;3;3;2;2;2
2020-07-01 14:02:58;122;48;18;12;12;6;3;3;2;2;2
2020-07-01 14:03:59;122;48;18;12;12;6;3;3;2;2;2
2020-07-01 14:04:59;122;48;18;12;12;6;3;3;2;2;2
2020-07-01 14:05:58;122;48;18;12;12;6;3;3;2;2;2
2020-07-01 14:06:59;123;48;18;12;12;6;3;3;2;2;2
2020-07-01 14:07:59;123;48;18;12;12;6;3;3;2;2;2
2020-07-01 14:08:58;123;48;18;12;12;6;3;3;2;2;2
2020-07-01 14:09:59;123;48;18;12;12;6;3;3;2;2;2
2020-07-01 14:10:58;123;48;18;12;12;6;3;3;2;2;2
2020-07-01 14:11:59;124;49;18;12;12;6;3;3;2;2;2
2020-07-01 14:12:58;124;49;18;12;12;6;3;3;2;2;2
2020-07-01 14:13:59;124;49;18;12;12;6;3;3;2;2;2
2020-07-01 14:14:59;125;49;18;12;12;6;3;3;2;2;2
2020-07-01 14:15:58;125;49;18;12;12;6;3;3;2;2;2
2020-07-01 14:16:59;125;49;18;12;12;6;3;3;2;2;2
2020-07-01 14:17:59;125;49;18;12;12;6;3;3;2;2;2
2020-07-01 14:18:58;125;49;18;12;12;6;3;3;2;2;2
2020-07-01 14:19:59;125;49;18;12;12;6;3;3;2;2;2
2020-07-01 14:20:59;125;49;18;12;12;6;3;3;2;2;2
2020-07-01 14:21:58;125;49;18;12;12;6;3;3;2;2;2
2020-07-01 14:22:59;126;49;19;12;12;6;3;3;2;2;2
2020-07-01 14:23:58;126;49;19;12;12;6;3;3;2;2;2
2020-07-01 14:24:59;126;49;19;12;12;6;3;3;2;2;2
2020-07-01 14:25:59;126;49;19;12;12;6;3;3;2;2;2
2020-07-01 14:26:58;126;49;19;12;12;6;3;3;2;2;2
2020-07-01 14:27:59;126;49;19;12;12;6;3;3;2;2;2
2020-07-01 14:28:59;127;49;20;12;12;6;3;3;2;2;2
2020-07-01 14:29:58;127;49;20;12;12;6;3;3;2;2;2
2020-07-01 14:30:59;127;49;20;12;12;6;3;3;2;2;2
2020-07-01 14:31:58;127;49;20;12;12;6;3;3;2;2;2
2020-07-01 14:32:59;127;49;20;12;12;6;3;3;2;2;2
2020-07-01 14:33:59;127;49;20;12;12;6;3;3;2;2;2
2020-07-01 14:34:58;127;49;20;12;12;6;3;3;2;2;2
2020-07-01 14:35:59;127;49;20;12;12;6;3;3;2;2;2
2020-07-01 14:36:59;127;49;20;12;12;6;3;3;2;2;2
2020-07-01 14:37:58;128;49;20;12;13;6;3;3;2;2;2
2020-07-01 14:38:59;128;49;20;12;13;6;3;3;2;2;2
2020-07-01 14:39:58;128;49;20;12;13;6;3;3;2;2;2
2020-07-01 14:40:59;128;49;20;12;13;6;3;3;2;2;2
2020-07-01 14:41:58;128;49;20;12;13;6;3;3;2;2;2
2020-07-01 14:42:59;128;49;20;12;13;6;3;3;2;2;2
2020-07-01 14:43:59;128;49;20;12;13;6;3;3;2;2;2
2020-07-01 14:44:58;128;49;20;12;13;6;3;3;2;2;2
2020-07-01 14:45:59;128;49;20;12;13;6;3;3;2;2;2
2020-07-01 14:46:59;128;49;20;12;13;6;3;3;2;2;2
2020-07-01 14:47:58;128;49;20;12;13;6;3;3;2;2;2
2020-07-01 14:48:59;128;49;20;12;13;6;3;3;2;2;2
2020-07-01 14:49:59;128;49;20;12;13;6;3;3;2;2;2
2020-07-01 14:50:58;129;49;20;12;13;7;3;3;2;2;2
2020-07-01 14:51:59;129;49;20;12;13;7;3;3;2;2;2
2020-07-01 14:52:58;129;49;20;12;13;7;3;3;2;2;2
2020-07-01 14:53:59;129;49;20;12;13;7;3;3;2;2;2
2020-07-01 14:54:59;129;49;20;12;13;7;3;3;2;2;2
2020-07-01 14:55:58;130;50;20;12;13;7;3;3;2;2;2
2020-07-01 14:56:59;131;50;21;12;13;7;3;3;2;2;2
2020-07-01 14:57:58;131;50;21;12;13;7;3;3;2;2;2
2020-07-01 14:58:59;131;50;21;12;13;7;3;3;2;2;2
2020-07-01 14:59:58;131;50;21;12;13;7;3;3;2;2;2
2020-07-01 15:00:59;131;50;21;12;13;7;3;3;2;2;2
2020-07-01 15:01:59;131;50;21;12;13;7;3;3;2;2;2
2020-07-01 15:02:58;131;50;21;12;13;7;3;3;2;2;2
2020-07-01 15:03:59;131;50;21;12;13;7;3;3;2;2;2
2020-07-01 15:04:58;131;50;21;12;13;7;3;3;2;2;2
2020-07-01 15:06:00;132;50;21;12;13;7;3;3;3;2;2
2020-07-01 15:06:58;132;50;21;12;13;7;3;3;3;2;2
2020-07-01 15:07:59;132;50;21;12;13;7;3;3;3;2;2
2020-07-01 15:08:59;132;50;21;12;13;7;3;3;3;2;2
2020-07-01 15:09:58;133;50;21;12;13;8;3;3;3;2;2
2020-07-01 15:10:59;132;50;21;11;13;8;3;3;3;2;2
2020-07-01 15:11:59;132;50;21;11;13;8;3;3;3;2;2
2020-07-01 15:12:58;132;50;21;11;13;8;3;3;3;2;2
2020-07-01 15:13:59;132;50;21;11;13;8;3;3;3;2;2
2020-07-01 15:14:58;132;50;21;11;13;8;3;3;3;2;2
2020-07-01 15:15:59;132;50;21;11;13;8;3;3;3;2;2
2020-07-01 15:16:59;133;51;21;11;13;8;3;3;3;2;2
2020-07-01 15:17:58;133;51;21;11;13;8;3;3;3;2;2
2020-07-01 15:18:59;133;51;21;11;13;8;3;3;3;2;2
2020-07-01 15:19:59;133;51;21;11;13;8;3;3;3;2;2
2020-07-01 15:20:58;133;51;21;11;13;8;3;3;3;2;2
2020-07-01 15:21:59;134;52;21;11;13;8;3;3;3;2;2
2020-07-01 15:22:58;134;52;21;11;13;8;3;3;3;2;2
2020-07-01 15:23:59;134;52;21;11;13;8;3;3;3;2;2
2020-07-01 15:24:58;134;52;21;11;13;8;3;3;3;2;2
2020-07-01 15:25:59;134;52;21;11;13;8;3;3;3;2;2
2020-07-01 15:26:58;134;52;21;11;13;8;3;3;3;2;2
2020-07-01 15:27:59;134;52;21;11;13;8;3;3;3;2;2
2020-07-01 15:28:58;134;52;21;11;13;8;3;3;3;2;2
2020-07-01 15:29:59;134;52;21;11;13;8;3;3;3;2;2
2020-07-01 15:30:58;134;52;21;11;13;8;3;3;3;2;2
2020-07-01 15:31:59;135;53;21;11;13;8;3;3;3;2;2
2020-07-01 15:32:58;138;53;24;11;13;8;3;3;3;2;2
2020-07-01 15:33:59;139;53;25;11;13;8;3;3;3;2;2
2020-07-01 15:34:58;139;53;25;11;13;8;3;3;3;2;2
2020-07-01 15:35:59;139;53;25;11;13;8;3;3;3;2;2
2020-07-01 15:36:59;140;53;25;11;13;8;3;4;3;2;2
2020-07-01 15:37:58;140;53;25;11;13;8;3;4;3;2;2
2020-07-01 15:38:59;140;53;25;11;13;8;3;4;3;2;2
2020-07-01 15:39:59;141;54;25;11;13;8;3;4;3;2;2
2020-07-01 15:40:58;141;54;25;11;13;8;3;4;3;2;2
2020-07-01 15:41:59;141;54;25;11;13;8;3;4;3;2;2
2020-07-01 15:42:58;142;55;25;11;13;8;3;4;3;2;2
2020-07-01 15:43:59;143;56;25;11;13;8;3;4;3;2;2
2020-07-01 15:44:59;143;56;25;11;13;8;3;4;3;2;2
2020-07-01 15:45:58;143;56;25;11;13;8;3;4;3;2;2
2020-07-01 15:46:59;143;56;25;11;13;8;3;4;3;2;2
2020-07-01 15:47:58;143;56;25;11;13;8;3;4;3;2;2
2020-07-01 15:48:59;143;56;25;11;13;8;3;4;3;2;2
2020-07-01 15:49:59;143;56;25;11;13;8;3;4;3;2;2
2020-07-01 15:50:58;143;56;25;11;13;8;3;4;3;2;2
2020-07-01 15:51:59;143;56;25;11;13;8;3;4;3;2;2
2020-07-01 15:52:58;143;56;25;11;13;8;3;4;3;2;2
2020-07-01 15:53:59;143;56;25;11;13;8;3;4;3;2;2
2020-07-01 15:54:59;143;56;25;11;13;8;3;4;3;2;2
2020-07-01 15:55:58;143;56;25;11;13;8;3;4;3;2;2
2020-07-01 15:56:59;143;56;25;11;13;8;3;4;3;2;2
2020-07-01 15:57:59;143;56;25;11;13;8;3;4;3;2;2
2020-07-01 15:58:58;143;56;25;11;13;8;3;4;3;2;2
2020-07-01 15:59:59;143;56;25;11;13;8;3;4;3;2;2
2020-07-01 16:00:59;143;56;25;11;13;8;3;4;3;2;2
2020-07-01 16:01:58;143;56;25;11;13;8;3;4;3;2;2
2020-07-01 16:02:59;143;56;25;11;13;8;3;4;3;2;2
2020-07-01 16:04:00;143;56;25;11;13;8;3;4;3;2;2
2020-07-01 16:04:58;143;56;25;11;13;8;3;4;3;2;2
2020-07-01 16:05:59;144;56;26;11;13;8;3;4;3;2;2
2020-07-01 16:06:59;146;58;26;11;13;8;3;4;3;2;2
2020-07-01 16:07:58;146;58;26;11;13;8;3;4;3;2;2
2020-07-01 16:09:00;146;58;26;11;13;8;3;4;3;2;2
2020-07-01 16:09:58;146;58;26;11;13;8;3;4;3;2;2
2020-07-01 16:10:59;146;58;26;11;13;8;3;4;3;2;2
2020-07-01 16:11:59;147;58;26;11;13;8;4;4;3;2;2
2020-07-01 16:12:58;148;58;26;11;13;8;4;4;3;2;2
2020-07-01 16:13:59;148;58;26;11;13;8;4;4;3;2;2
2020-07-01 16:14:59;148;58;26;11;13;8;4;4;3;2;2
2020-07-01 16:15:58;148;58;26;11;13;8;4;4;3;2;2
2020-07-01 16:16:59;148;58;26;11;13;8;4;4;3;2;2
2020-07-01 16:17:59;148;58;26;11;13;8;4;4;3;2;2
2020-07-01 16:18:58;148;58;26;11;13;8;4;4;3;2;2
2020-07-01 16:20:00;148;58;26;11;13;8;4;4;3;2;2
2020-07-01 16:20:58;148;58;26;11;13;8;4;4;3;2;2
2020-07-01 16:21:59;148;58;26;11;13;8;4;4;3;2;2
2020-07-01 16:23:00;148;58;26;11;13;8;4;4;3;2;2
2020-07-01 16:23:58;148;58;26;11;13;8;4;4;3;2;2
2020-07-01 16:24:59;148;58;26;11;13;8;4;4;3;2;2
2020-07-01 16:25:59;148;58;26;11;13;8;4;4;3;2;2
2020-07-01 16:26:58;148;58;26;11;13;8;4;4;3;2;2
2020-07-01 16:27:59;149;59;26;11;13;8;4;4;3;2;2
2020-07-01 16:28:59;149;59;26;11;13;8;4;4;3;2;2
2020-07-01 16:29:58;149;59;26;11;13;8;4;4;3;2;2
2020-07-01 16:30:59;149;59;26;11;13;8;4;4;3;2;2
2020-07-01 16:31:58;150;60;26;11;13;8;4;4;3;2;2
2020-07-01 16:32:59;150;60;26;11;13;8;4;4;3;2;2
2020-07-01 16:33:59;150;60;26;11;13;8;4;4;3;2;2
2020-07-01 16:34:58;150;60;26;11;13;8;4;4;3;2;2
2020-07-01 16:35:59;150;60;26;11;13;8;4;4;3;2;2
2020-07-01 16:36:58;150;60;26;11;13;8;4;4;3;2;2
2020-07-01 16:37:59;150;60;26;11;13;8;4;4;3;2;2
2020-07-01 16:38:59;150;60;26;11;13;8;4;4;3;2;2
2020-07-01 16:39:58;150;60;26;11;13;8;4;4;3;2;2
2020-07-01 16:40:59;150;60;26;11;13;8;4;4;3;2;2
2020-07-01 16:41:59;150;60;26;11;13;8;4;4;3;2;2
2020-07-01 16:42:58;150;60;26;11;13;8;4;4;3;2;2
2020-07-01 16:43:59;150;60;26;11;13;8;4;4;3;2;2
2020-07-01 16:44:59;150;60;26;11;13;8;4;4;3;2;2
2020-07-01 16:45:58;151;60;27;11;13;8;4;4;3;2;2
2020-07-01 16:46:59;151;60;27;11;13;8;4;4;3;2;2
2020-07-01 16:47:59;151;60;27;11;13;8;4;4;3;2;2
2020-07-01 16:48:58;151;60;27;11;13;8;4;4;3;2;2
2020-07-01 16:49:59;151;60;27;11;13;8;4;4;3;2;2
2020-07-01 16:50:58;151;60;27;11;13;8;4;4;3;2;2
2020-07-01 16:51:59;151;60;27;11;13;8;4;4;3;2;2
2020-07-01 16:52:59;151;60;27;11;13;8;4;4;3;2;2
2020-07-01 16:53:58;151;60;27;11;13;8;4;4;3;2;2
2020-07-01 16:54:59;152;60;28;11;13;8;4;4;3;2;2
2020-07-01 16:55:58;152;60;28;11;13;8;4;4;3;2;2
2020-07-01 16:56:59;152;60;28;11;13;8;4;4;3;2;2
2020-07-01 16:57:59;153;60;28;11;13;8;4;4;3;2;2
2020-07-01 16:58:58;153;60;28;11;13;8;4;4;3;2;2
2020-07-01 16:59:59;153;60;28;11;13;8;4;4;3;2;2
2020-07-01 17:00:59;153;60;28;11;13;8;4;4;3;2;2
2020-07-01 17:01:58;153;60;28;11;13;8;4;4;3;2;2
2020-07-01 17:02:59;153;60;28;11;13;8;4;4;3;2;2
2020-07-01 17:03:58;153;60;28;11;13;8;4;4;3;2;2
2020-07-01 17:04:59;153;60;28;11;13;8;4;4;3;2;2
2020-07-01 17:05:59;153;60;28;11;13;8;4;4;3;2;2
2020-07-01 17:06:58;153;60;28;11;13;8;4;4;3;2;2
2020-07-01 17:07:59;153;60;28;11;13;8;4;4;3;2;2
2020-07-01 17:09:00;153;60;28;11;13;8;4;4;3;2;2
2020-07-01 17:09:58;153;60;28;11;13;8;4;4;3;2;2
2020-07-01 17:10:59;154;60;28;11;13;8;4;4;3;2;2
2020-07-01 17:11:59;154;60;28;11;13;8;4;4;3;2;2
2020-07-01 17:12:58;155;61;28;11;13;8;4;4;3;2;2
2020-07-01 17:13:59;155;61;28;11;13;8;4;4;3;2;2
2020-07-01 17:14:58;157;62;29;11;13;8;4;4;3;2;2
2020-07-01 17:15:59;157;62;29;11;13;8;4;4;3;2;2
2020-07-01 17:16:58;157;62;29;11;13;8;4;4;3;2;2
2020-07-01 17:17:59;157;62;29;11;13;8;4;4;3;2;2
2020-07-01 17:18:58;158;63;29;11;13;8;4;4;3;2;2
2020-07-01 17:19:59;158;63;29;11;13;8;4;4;3;2;2
2020-07-01 17:20:58;158;63;29;11;13;8;4;4;3;2;2
2020-07-01 17:21:59;158;63;29;11;13;8;4;4;3;2;2
2020-07-01 17:22:59;158;63;29;11;13;8;4;4;3;2;2
2020-07-01 17:23:58;160;65;29;11;13;8;4;4;3;2;2
2020-07-01 17:24:59;160;65;29;11;13;8;4;4;3;2;2
2020-07-01 17:25:58;160;65;29;11;13;8;4;4;3;2;2
2020-07-01 17:26:59;160;65;29;11;13;8;4;4;3;2;2
2020-07-01 17:27:59;160;65;29;11;13;8;4;4;3;2;2
2020-07-01 17:28:58;160;65;29;11;13;8;4;4;3;2;2
2020-07-01 17:29:59;161;66;29;11;13;8;4;4;3;2;2
2020-07-01 17:30:59;161;66;29;11;13;8;4;4;3;2;2
2020-07-01 17:31:58;161;66;29;11;13;8;4;4;3;2;2
2020-07-01 17:32:59;161;66;29;11;13;8;4;4;3;2;2
2020-07-01 17:33:59;161;66;29;11;13;8;4;4;3;2;2
2020-07-01 17:34:58;161;66;29;11;13;8;4;4;3;2;2
2020-07-01 17:36:00;161;66;29;11;13;8;4;4;3;2;2
2020-07-01 17:36:58;161;66;29;11;13;8;4;4;3;2;2
2020-07-01 17:37:59;161;66;29;11;13;8;4;4;3;2;2
2020-07-01 17:38:58;161;66;29;11;13;8;4;4;3;2;2
2020-07-01 17:39:59;162;67;29;11;13;8;4;4;3;2;2
2020-07-01 17:40:58;162;67;29;11;13;8;4;4;3;2;2
2020-07-01 17:41:59;162;67;29;11;13;8;4;4;3;2;2
2020-07-01 17:42:58;162;67;29;11;13;8;4;4;3;2;2
2020-07-01 17:43:59;162;67;29;11;13;8;4;4;3;2;2
2020-07-01 17:44:58;162;67;29;11;13;8;4;4;3;2;2
2020-07-01 17:45:59;162;67;29;11;13;8;4;4;3;2;2
2020-07-01 17:46:58;162;67;29;11;13;8;4;4;3;2;2
2020-07-01 17:47:59;162;67;29;11;13;8;4;4;3;2;2
2020-07-01 17:48:58;162;67;29;11;13;8;4;4;3;2;2
2020-07-01 17:49:59;163;68;29;11;13;8;4;4;3;2;2
2020-07-01 17:50:58;163;68;29;11;13;8;4;4;3;2;2
2020-07-01 17:51:59;164;69;29;11;13;8;4;4;3;2;2
2020-07-01 17:52:59;164;69;29;11;13;8;4;4;3;2;2
2020-07-01 17:53:58;164;69;29;11;13;8;4;4;3;2;2
2020-07-01 17:54:59;164;69;29;11;13;8;4;4;3;2;2
2020-07-01 17:55:59;164;69;29;11;13;8;4;4;3;2;2
2020-07-01 17:56:58;164;69;29;11;13;8;4;4;3;2;2
2020-07-01 17:57:59;164;69;29;11;13;8;4;4;3;2;2
2020-07-01 17:58:59;164;69;29;11;13;8;4;4;3;2;2
2020-07-01 17:59:58;164;69;29;11;13;8;4;4;3;2;2
2020-07-01 18:00:59;164;69;29;11;13;8;4;4;3;2;2
2020-07-01 18:01:59;164;69;29;11;13;8;4;4;3;2;2
2020-07-01 18:02:58;164;69;29;11;13;8;4;4;3;2;2
2020-07-01 18:03:59;164;69;29;11;13;8;4;4;3;2;2
2020-07-01 18:04:59;164;69;29;11;13;8;4;4;3;2;2
2020-07-01 18:05:58;164;69;29;11;13;8;4;4;3;2;2
2020-07-01 18:06:59;164;69;29;11;13;8;4;4;3;2;2
2020-07-01 18:07:59;164;69;29;11;13;8;4;4;3;2;2
2020-07-01 18:08:58;165;69;30;11;13;8;4;4;3;2;2
2020-07-01 18:09:59;165;69;30;11;13;8;4;4;3;2;2
2020-07-01 18:10:59;165;69;30;11;13;8;4;4;3;2;2
2020-07-01 18:11:58;165;69;30;11;13;8;4;4;3;2;2
2020-07-01 18:12:59;165;69;30;11;13;8;4;4;3;2;2
2020-07-01 18:13:58;165;69;30;11;13;8;4;4;3;2;2
2020-07-01 18:14:59;165;69;30;11;13;8;4;4;3;2;2
2020-07-01 18:15:59;165;69;30;11;13;8;4;4;3;2;2
2020-07-01 18:16:58;165;69;30;11;13;8;4;4;3;2;2
2020-07-01 18:17:59;165;69;30;11;13;8;4;4;3;2;2
2020-07-01 18:18:58;165;69;30;11;13;8;4;4;3;2;2
2020-07-01 18:19:59;165;69;30;11;13;8;4;4;3;2;2
2020-07-01 18:20:59;165;69;30;11;13;8;4;4;3;2;2
2020-07-01 18:21:58;165;69;30;11;13;8;4;4;3;2;2
2020-07-01 18:22:59;165;69;30;11;13;8;4;4;3;2;2
2020-07-01 18:23:58;165;69;30;11;13;8;4;4;3;2;2
2020-07-01 18:24:59;165;69;30;11;13;8;4;4;3;2;2
2020-07-01 18:25:59;165;69;30;11;13;8;4;4;3;2;2
2020-07-01 18:26:58;165;69;30;11;13;8;4;4;3;2;2
2020-07-01 18:27:59;165;69;30;11;13;8;4;4;3;2;2
2020-07-01 18:28:58;165;69;30;11;13;8;4;4;3;2;2
2020-07-01 18:29:59;165;69;30;11;13;8;4;4;3;2;2
2020-07-01 18:30:59;166;69;30;12;13;8;4;4;3;2;2
2020-07-01 18:31:58;166;69;30;12;13;8;4;4;3;2;2
2020-07-01 18:32:59;166;69;30;12;13;8;4;4;3;2;2
2020-07-01 18:33:59;166;69;30;12;13;8;4;4;3;2;2
2020-07-01 18:34:58;166;69;30;12;13;8;4;4;3;2;2
2020-07-01 18:35:59;166;69;30;12;13;8;4;4;3;2;2
2020-07-01 18:36:58;166;69;30;12;13;8;4;4;3;2;2
2020-07-01 18:37:59;167;70;30;12;13;8;4;4;3;2;2
2020-07-01 18:38:59;167;70;30;12;13;8;4;4;3;2;2
2020-07-01 18:39:58;167;70;30;12;13;8;4;4;3;2;2
2020-07-01 18:40:59;167;70;30;12;13;8;4;4;3;2;2
2020-07-01 18:41:59;168;70;30;12;13;8;5;4;3;2;2
2020-07-01 18:42:58;168;70;30;12;13;8;5;4;3;2;2
2020-07-01 18:43:59;168;70;30;12;13;8;5;4;3;2;2
2020-07-01 18:44:59;168;70;30;12;13;8;5;4;3;2;2
2020-07-01 18:45:58;168;70;30;12;13;8;5;4;3;2;2
2020-07-01 18:46:59;168;70;30;12;13;8;5;4;3;2;2
2020-07-01 18:47:58;169;71;30;12;13;8;5;4;3;2;2
2020-07-01 18:48:59;169;71;30;12;13;8;5;4;3;2;2
2020-07-01 18:49:59;169;71;30;12;13;8;5;4;3;2;2
2020-07-01 18:50:58;169;71;30;12;13;8;5;4;3;2;2
2020-07-01 18:51:59;169;71;30;12;13;8;5;4;3;2;2
2020-07-01 18:52:58;169;71;30;12;13;8;5;4;3;2;2
2020-07-01 18:53:59;169;71;30;12;13;8;5;4;3;2;2
2020-07-01 18:54:58;169;71;30;12;13;8;5;4;3;2;2
2020-07-01 18:55:59;169;71;30;12;13;8;5;4;3;2;2
2020-07-01 18:56:59;169;71;30;12;13;8;5;4;3;2;2
2020-07-01 18:57:58;169;71;30;12;13;8;5;4;3;2;2
2020-07-01 18:58:59;169;71;30;12;13;8;5;4;3;2;2
2020-07-01 18:59:58;169;71;30;12;13;8;5;4;3;2;2
2020-07-01 19:00:59;169;71;30;12;13;8;5;4;3;2;2
2020-07-01 19:01:59;169;71;30;12;13;8;5;4;3;2;2
2020-07-01 19:02:58;169;71;30;12;13;8;5;4;3;2;2
2020-07-01 19:03:59;169;71;30;12;13;8;5;4;3;2;2
2020-07-01 19:04:58;169;71;30;12;13;8;5;4;3;2;2
2020-07-01 19:05:59;169;71;30;12;13;8;5;4;3;2;2
2020-07-01 19:06:59;169;71;30;12;13;8;5;4;3;2;2
2020-07-01 19:07:58;169;71;30;12;13;8;5;4;3;2;2
2020-07-01 19:08:59;169;71;30;12;13;8;5;4;3;2;2
2020-07-01 19:09:58;169;71;30;12;13;8;5;4;3;2;2
2020-07-01 19:10:59;169;71;30;12;13;8;5;4;3;2;2
2020-07-01 19:11:59;169;71;30;12;13;8;5;4;3;2;2
2020-07-01 19:12:58;170;72;30;12;13;8;5;4;3;2;2
2020-07-01 19:13:59;170;72;30;12;13;8;5;4;3;2;2
2020-07-01 19:14:58;170;72;30;12;13;8;5;4;3;2;2
2020-07-01 19:16:00;170;72;30;12;13;8;5;4;3;2;2
2020-07-01 19:16:58;170;72;30;12;13;8;5;4;3;2;2
2020-07-01 19:17:59;170;72;30;12;13;8;5;4;3;2;2
2020-07-01 19:18:58;170;72;30;12;13;8;5;4;3;2;2
2020-07-01 19:19:59;170;72;30;12;13;8;5;4;3;2;2
2020-07-01 19:20:58;170;72;30;12;13;8;5;4;3;2;2
2020-07-01 19:21:59;170;72;30;12;13;8;5;4;3;2;2
2020-07-01 19:22:58;171;73;30;12;13;8;5;4;3;2;2
2020-07-01 19:23:59;171;73;30;12;13;8;5;4;3;2;2
2020-07-01 19:24:59;171;73;30;12;13;8;5;4;3;2;2
2020-07-01 19:25:58;171;73;30;12;13;8;5;4;3;2;2
2020-07-01 19:26:59;171;73;30;12;13;8;5;4;3;2;2
2020-07-01 19:27:58;171;73;30;12;13;8;5;4;3;2;2
2020-07-01 19:28:59;172;73;30;12;13;8;6;4;3;2;2
2020-07-01 19:29:59;172;73;30;12;13;8;6;4;3;2;2
2020-07-01 19:30:58;172;73;30;12;13;8;6;4;3;2;2
2020-07-01 19:31:59;172;73;30;12;13;8;6;4;3;2;2
2020-07-01 19:32:59;172;73;30;12;13;8;6;4;3;2;2
2020-07-01 19:33:58;172;73;30;12;13;8;6;4;3;2;2
2020-07-01 19:34:59;172;73;30;12;13;8;6;4;3;2;2
2020-07-01 19:35:58;172;73;30;12;13;8;6;4;3;2;2
2020-07-01 19:36:59;172;73;30;12;13;8;6;4;3;2;2
2020-07-01 19:37:59;172;73;30;12;13;8;6;4;3;2;2
2020-07-01 19:38:58;172;73;30;12;13;8;6;4;3;2;2
2020-07-01 19:39:59;172;73;30;12;13;8;6;4;3;2;2
2020-07-01 19:40:58;173;73;31;12;13;8;6;4;3;2;2
2020-07-01 19:41:59;173;73;31;12;13;8;6;4;3;2;2
2020-07-01 19:42:59;175;73;32;12;13;8;6;4;3;0;2
2020-07-01 19:43:58;175;73;32;12;13;8;6;4;3;0;2
2020-07-01 19:44:59;175;73;32;12;13;8;6;4;3;0;2
2020-07-01 19:45:58;176;74;32;12;13;8;6;4;3;0;2
2020-07-01 19:46:59;177;74;32;12;13;9;6;4;3;0;2
2020-07-01 19:47:59;177;74;32;12;13;9;6;4;3;0;2
2020-07-01 19:48:58;177;74;32;12;13;9;6;4;3;0;2
2020-07-01 19:49:59;178;74;33;12;13;9;6;4;3;0;2
2020-07-01 19:50:59;178;74;33;12;13;9;6;4;3;0;2
2020-07-01 19:51:58;179;75;33;12;13;9;6;4;3;0;2
2020-07-01 19:52:59;180;75;33;12;13;9;6;4;3;0;2
2020-07-01 19:53:58;180;75;33;12;13;9;6;4;3;0;2
2020-07-01 19:54:59;180;75;33;12;13;9;6;4;3;0;2
2020-07-01 19:55:58;180;75;33;12;13;9;6;4;3;0;2
2020-07-01 19:56:59;180;75;33;12;13;9;6;4;3;0;2
2020-07-01 19:57:59;180;75;33;12;13;9;6;4;3;0;2
2020-07-01 19:58:58;180;75;33;12;13;9;6;4;3;0;2
2020-07-01 19:59:59;180;75;33;12;13;9;6;4;3;0;2
2020-07-01 20:00:59;180;75;33;12;13;9;6;4;3;0;2
2020-07-01 20:01:58;180;75;33;12;13;9;6;4;3;0;2
2020-07-01 20:02:59;180;75;33;12;13;9;6;4;3;0;2
2020-07-01 20:03:58;181;76;33;12;13;9;6;4;3;0;2
2020-07-01 20:04:59;181;76;33;12;13;9;6;4;3;0;2
2020-07-01 20:05:59;181;76;33;12;13;9;6;4;3;0;2
2020-07-01 20:06:58;181;76;33;12;13;9;6;4;3;0;2
2020-07-01 20:07:59;181;76;33;12;13;9;6;4;3;0;2
2020-07-01 20:08:58;181;76;33;12;13;9;6;4;3;0;2
2020-07-01 20:09:59;181;77;32;12;13;9;6;4;3;0;2
2020-07-01 20:10:59;181;77;32;12;13;9;6;4;3;0;2
2020-07-01 20:11:58;181;77;32;12;13;9;6;4;3;0;2
2020-07-01 20:12:59;181;77;32;12;13;9;6;4;3;0;2
2020-07-01 20:13:58;181;77;32;12;13;9;6;4;3;0;2
2020-07-01 20:14:59;181;77;32;12;13;9;6;4;3;0;2
2020-07-01 20:15:59;181;77;32;12;13;9;6;4;3;0;2
2020-07-01 20:16:58;181;77;32;12;13;9;6;4;3;0;2
2020-07-01 20:17:59;182;78;32;12;13;9;6;4;3;0;2
2020-07-01 20:18:59;182;78;32;12;13;9;6;4;3;0;2
2020-07-01 20:19:58;182;78;32;12;13;9;6;4;3;0;2
2020-07-01 20:20:59;182;78;32;12;13;9;6;4;3;0;2
2020-07-01 20:21:58;182;78;32;12;13;9;6;4;3;0;2
2020-07-01 20:22:59;182;78;32;12;13;9;6;4;3;0;2
2020-07-01 20:23:59;182;78;32;12;13;9;6;4;3;0;2
2020-07-01 20:24:58;182;78;32;12;13;9;6;4;3;0;2
2020-07-01 20:25:59;182;78;32;12;13;9;6;4;3;0;2
2020-07-01 20:26:59;182;78;32;12;13;9;6;4;3;0;2
2020-07-01 20:27:58;182;78;32;12;13;9;6;4;3;0;2
2020-07-01 20:28:59;183;79;32;12;13;9;6;4;3;0;2
2020-07-01 20:29:59;183;79;32;12;13;9;6;4;3;0;2
2020-07-01 20:30:58;183;79;32;12;13;9;6;4;3;0;2
2020-07-01 20:31:59;183;79;32;12;13;9;6;4;3;0;2
2020-07-01 20:32:58;183;79;32;12;13;9;6;4;3;0;2
2020-07-01 20:33:59;183;79;32;12;13;9;6;4;3;0;2
2020-07-01 20:34:59;183;79;32;12;13;9;6;4;3;0;2
2020-07-01 20:35:58;184;79;33;12;13;9;6;4;3;0;2
2020-07-01 20:36:59;184;80;33;12;13;9;6;4;3;0;2
2020-07-01 20:37:58;184;80;33;12;13;9;6;4;3;0;2
2020-07-01 20:38:59;184;80;33;12;13;9;6;4;3;0;2
2020-07-01 20:39:59;184;80;33;12;13;9;6;4;3;0;2
2020-07-01 20:40:58;184;80;33;12;13;9;6;4;3;0;2
2020-07-01 20:41:59;184;80;33;12;13;9;6;4;3;0;2
2020-07-01 20:42:59;185;80;34;12;13;9;6;4;3;0;2
2020-07-01 20:43:58;186;81;34;12;13;9;6;4;3;0;2
2020-07-01 20:44:59;186;81;34;12;13;9;6;4;3;0;2
2020-07-01 20:45:58;186;81;34;12;13;9;6;4;3;0;2
2020-07-01 20:47:00;186;81;34;12;13;9;6;4;3;0;2
2020-07-01 20:47:58;186;81;34;12;13;9;6;4;3;0;2
2020-07-01 20:48:59;186;81;34;12;13;9;6;4;3;0;2
2020-07-01 20:49:59;186;81;34;12;13;9;6;4;3;0;2
2020-07-01 20:50:58;186;81;34;12;13;9;6;4;3;0;2
2020-07-01 20:52:00;186;81;34;12;13;9;6;4;3;0;2
2020-07-01 20:52:58;186;81;34;12;13;9;6;4;3;0;2
2020-07-01 20:53:59;187;81;34;12;13;9;6;5;3;0;2
2020-07-01 20:54:59;187;81;34;12;13;9;6;5;3;0;2
2020-07-01 20:55:58;188;82;34;12;13;9;6;5;3;0;2
2020-07-01 20:56:59;188;82;34;12;13;9;6;5;3;0;2
2020-07-01 20:57:59;188;82;34;12;13;9;6;5;3;0;2
2020-07-01 20:58:58;188;82;34;12;13;9;6;5;3;0;2
2020-07-01 20:59:59;188;82;34;12;13;9;6;5;3;0;2
2020-07-01 21:00:58;188;82;34;12;13;9;6;5;3;0;2
2020-07-01 21:01:59;189;82;34;12;13;10;6;5;3;0;2
2020-07-01 21:02:59;190;83;34;12;13;10;6;5;3;0;2
2020-07-01 21:03:58;192;85;34;12;13;10;6;5;3;0;2
2020-07-01 21:04:59;192;85;34;12;13;10;6;5;3;0;2
2020-07-01 21:05:58;192;85;34;12;13;10;6;5;3;0;2
2020-07-01 21:06:59;192;85;34;12;13;10;6;5;3;0;2
2020-07-01 21:07:59;192;85;34;12;13;10;6;5;3;0;2
2020-07-01 21:08:58;193;86;34;12;13;10;6;5;3;0;2
2020-07-01 21:09:59;193;86;34;12;13;10;6;5;3;0;2
2020-07-01 21:10:58;194;86;35;12;13;10;6;5;3;0;2
2020-07-01 21:11:59;194;86;35;12;13;10;6;5;3;0;2
2020-07-01 21:12:59;194;86;35;12;13;10;6;5;3;0;2
2020-07-01 21:13:58;194;86;35;12;13;10;6;5;3;0;2
2020-07-01 21:14:59;195;86;35;12;13;10;6;5;3;0;2
2020-07-01 21:15:59;195;86;35;12;13;10;6;5;3;0;2
2020-07-01 21:16:58;195;86;35;12;13;10;6;5;3;0;2
2020-07-01 21:17:59;195;86;35;12;13;10;6;5;3;0;2
2020-07-01 21:18:59;195;86;35;12;13;10;6;5;3;0;2
2020-07-01 21:19:58;195;86;35;12;13;10;6;5;3;0;2
2020-07-01 21:20:59;196;86;35;13;13;10;6;5;3;0;2
2020-07-01 21:21:58;196;86;35;13;13;10;6;5;3;0;2
2020-07-01 21:22:59;196;86;35;13;13;10;6;5;3;0;2
2020-07-01 21:23:59;197;87;35;13;13;10;6;5;3;0;2
2020-07-01 21:24:58;197;87;35;13;13;10;6;5;3;0;2
2020-07-01 21:25:59;197;87;35;13;13;10;6;5;3;0;2
2020-07-01 21:26:59;197;87;35;13;13;10;6;5;3;0;2
2020-07-01 21:27:58;197;87;35;13;13;10;6;5;3;0;2
2020-07-01 21:28:59;198;88;35;13;13;10;6;5;3;0;2
2020-07-01 21:29:58;198;88;35;13;13;10;6;5;3;0;2
2020-07-01 21:30:59;198;88;35;13;13;10;6;5;3;0;2
2020-07-01 21:31:58;198;88;35;13;13;10;6;5;3;0;2
2020-07-01 21:32:59;198;88;35;13;13;10;6;5;3;0;2
2020-07-01 21:33:59;198;88;35;13;13;10;6;5;3;0;2
2020-07-01 21:34:58;198;88;35;13;13;10;6;5;3;0;2
2020-07-01 21:35:59;198;88;35;13;13;10;6;5;3;0;2
2020-07-01 21:36:58;198;88;35;13;13;10;6;5;3;0;2
2020-07-01 21:37:59;198;88;35;13;13;10;6;5;3;0;2
2020-07-01 21:38:59;199;88;36;13;13;10;6;5;3;0;2
2020-07-01 21:39:58;200;89;36;13;13;10;6;5;3;0;2
2020-07-01 21:40:59;200;89;36;13;13;10;6;5;3;0;2
2020-07-01 21:41:58;200;89;36;13;13;10;6;5;3;0;2
2020-07-01 21:42:59;200;89;36;13;13;10;6;5;3;0;2
2020-07-01 21:43:59;200;89;36;13;13;10;6;5;3;0;2
2020-07-01 21:44:58;200;89;36;13;13;10;6;5;3;0;2
2020-07-01 21:45:59;200;89;36;13;13;10;6;5;3;0;2
2020-07-01 21:46:58;200;89;36;13;13;10;6;5;3;0;2
2020-07-01 21:47:59;200;89;36;13;13;10;6;5;3;0;2
2020-07-01 21:48:59;200;89;36;13;13;10;6;5;3;0;2
2020-07-01 21:49:58;201;90;36;13;13;10;6;5;3;0;2
2020-07-01 21:50:59;201;90;36;13;13;10;6;5;3;0;2
2020-07-01 21:51:58;201;90;36;13;13;10;6;5;3;0;2
2020-07-01 21:52:59;201;90;36;13;13;10;6;5;3;0;2
2020-07-01 21:53:59;201;90;36;13;13;10;6;5;3;0;2
2020-07-01 21:54:58;201;90;36;13;13;10;6;5;3;0;2
2020-07-01 21:55:59;201;90;36;13;13;10;6;5;3;0;2
2020-07-01 21:56:58;201;90;36;13;13;10;6;5;3;0;2
2020-07-01 21:57:59;201;90;36;13;13;10;6;5;3;0;2
2020-07-01 21:58:59;201;90;36;13;13;10;6;5;3;0;2
2020-07-01 21:59:58;202;91;36;13;13;10;6;5;3;0;2
2020-07-01 22:00:59;203;92;36;13;13;10;6;5;3;0;2
2020-07-01 22:01:58;204;92;36;13;13;11;6;5;3;0;2
2020-07-01 22:02:59;204;92;36;13;13;11;6;5;3;0;2
2020-07-01 22:03:59;204;92;36;13;13;11;6;5;3;0;2
2020-07-01 22:04:58;204;92;36;13;13;11;6;5;3;0;2
2020-07-01 22:05:59;204;92;36;13;13;11;6;5;3;0;2
2020-07-01 22:06:59;204;92;36;13;13;11;6;5;3;0;2
2020-07-01 22:07:58;204;92;36;13;13;11;6;5;3;0;2
2020-07-01 22:08:59;204;92;36;13;13;11;6;5;3;0;2
2020-07-01 22:09:58;204;92;36;13;13;11;6;5;3;0;2
2020-07-01 22:10:59;204;92;36;13;13;11;6;5;3;0;2
2020-07-01 22:11:59;205;92;37;13;13;11;6;5;3;0;2
2020-07-01 22:12:58;206;92;38;14;13;11;6;5;3;0;2
2020-07-01 22:13:59;207;92;38;14;13;11;6;5;3;0;2
2020-07-01 22:14:59;207;92;38;14;13;11;6;5;3;0;2
2020-07-01 22:15:58;207;92;38;14;13;11;6;5;3;0;2
2020-07-01 22:16:59;207;92;38;14;13;11;6;5;3;0;2
2020-07-01 22:17:58;207;92;38;14;13;11;6;5;3;0;2
2020-07-01 22:18:59;207;92;38;14;13;11;6;5;3;0;2
2020-07-01 22:19:58;207;92;38;14;13;11;6;5;3;0;2
2020-07-01 22:20:59;207;92;38;14;13;11;6;5;3;0;2
2020-07-01 22:21:58;207;92;38;14;13;11;6;5;3;0;2
2020-07-01 22:22:59;207;92;38;14;13;11;6;5;3;0;2
2020-07-01 22:23:58;208;92;38;15;13;11;6;5;3;0;2
2020-07-01 22:24:59;208;92;38;15;13;11;6;5;3;0;2
2020-07-01 22:25:58;208;92;38;15;13;11;6;5;3;0;2
2020-07-01 22:26:59;208;92;38;15;13;11;6;5;3;0;2
2020-07-01 22:27:59;208;92;38;15;13;11;6;5;3;0;2
2020-07-01 22:28:58;208;92;38;15;13;11;6;5;3;0;2
2020-07-01 22:30:00;209;93;38;15;13;11;6;5;3;0;2
2020-07-01 22:30:58;209;93;38;15;13;11;6;5;3;0;2
2020-07-01 22:31:59;210;94;38;15;13;11;6;5;3;0;2
2020-07-01 22:32:58;210;94;38;15;13;11;6;5;3;0;2
2020-07-01 22:33:59;210;94;38;15;13;11;6;5;3;0;2
2020-07-01 22:34:58;211;95;38;15;13;11;6;5;3;0;2
2020-07-01 22:35:59;212;95;39;15;13;11;6;5;3;0;2
2020-07-01 22:36:59;213;96;39;15;13;11;6;5;3;0;2
2020-07-01 22:37:58;213;96;39;15;13;11;6;5;3;0;2
2020-07-01 22:38:59;214;96;39;15;13;11;7;5;3;0;2
2020-07-01 22:39:58;214;96;39;15;13;11;7;5;3;0;2
2020-07-01 22:40:59;215;96;40;15;13;11;7;5;3;0;2
2020-07-01 22:41:59;215;96;40;15;13;11;7;5;3;0;2
2020-07-01 22:42:58;215;96;40;15;13;11;7;5;3;0;2
2020-07-01 22:43:59;215;96;40;15;13;11;7;5;3;0;2
2020-07-01 22:44:58;215;96;40;15;13;11;7;5;3;0;2
2020-07-01 22:45:59;216;97;40;15;13;11;7;5;3;0;2
2020-07-01 22:46:59;216;97;40;15;13;11;7;5;3;0;2
2020-07-01 22:47:58;216;97;40;15;13;11;7;5;3;0;2
2020-07-01 22:48:59;216;97;40;15;13;11;7;5;3;0;2
2020-07-01 22:49:59;216;97;40;15;13;11;7;5;3;0;2
2020-07-01 22:50:58;216;97;40;15;13;11;7;5;3;0;2
2020-07-01 22:51:59;216;97;40;15;13;11;7;5;3;0;2
2020-07-01 22:52:58;216;97;40;15;13;11;7;5;3;0;2
2020-07-01 22:53:59;217;97;41;15;13;11;7;5;3;0;2
2020-07-01 22:54:58;217;97;41;15;13;11;7;5;3;0;2
2020-07-01 22:55:59;217;97;41;15;13;11;7;5;3;0;2
2020-07-01 22:56:58;217;97;41;15;13;11;7;5;3;0;2
2020-07-01 22:57:59;217;97;41;15;13;11;7;5;3;0;2
2020-07-01 22:58:58;217;97;41;15;13;11;7;5;3;0;2
2020-07-01 22:59:59;217;97;41;15;13;11;7;5;3;0;2
2020-07-01 23:00:58;217;97;41;15;13;11;7;5;3;0;2
2020-07-01 23:01:59;217;97;41;15;13;11;7;5;3;0;2
2020-07-01 23:02:59;218;97;41;15;13;11;7;5;3;0;2
2020-07-01 23:03:58;218;97;41;15;13;11;7;5;3;0;2
2020-07-01 23:04:59;217;97;40;15;13;11;7;5;3;0;2
2020-07-01 23:05:58;217;97;40;15;13;11;7;5;3;0;2
2020-07-01 23:06:59;217;97;40;15;13;11;7;5;3;0;2
2020-07-01 23:07:59;217;97;40;15;13;11;7;5;3;0;2
2020-07-01 23:08:58;217;97;40;15;13;11;7;5;3;0;2
2020-07-01 23:09:59;217;97;40;15;13;11;7;5;3;0;2
2020-07-01 23:10:58;218;98;40;15;13;11;7;5;3;0;2
2020-07-01 23:11:59;218;98;40;15;13;11;7;5;3;0;2
2020-07-01 23:12:58;218;98;40;15;13;11;7;5;3;0;2
2020-07-01 23:13:59;218;98;40;15;13;11;7;5;3;0;2
2020-07-01 23:14:59;218;98;40;15;13;11;7;5;3;0;2
2020-07-01 23:15:58;218;98;40;15;13;11;7;5;3;0;2
2020-07-01 23:16:59;218;98;40;15;13;11;7;5;3;0;2
2020-07-01 23:17:59;218;98;40;15;13;11;7;5;3;0;2
2020-07-01 23:18:58;218;98;41;15;13;11;7;5;3;2;2
2020-07-01 23:19:59;218;98;41;15;13;11;7;5;3;2;2
2020-07-01 23:20:59;218;98;41;15;13;11;7;5;3;2;2
2020-07-01 23:21:58;219;99;41;15;13;11;7;5;3;2;2
2020-07-01 23:22:59;220;99;41;15;13;11;8;5;3;2;2
2020-07-01 23:23:59;220;99;41;15;13;11;8;5;3;2;2
2020-07-01 23:24:58;220;99;41;15;13;11;8;5;3;2;2
2020-07-01 23:25:59;220;99;41;15;13;11;8;5;3;2;2
2020-07-01 23:26:58;220;99;41;15;13;11;8;5;3;2;2
2020-07-01 23:27:59;220;99;41;15;13;11;8;5;3;2;2
2020-07-01 23:28:59;220;99;41;15;13;11;8;5;3;2;2
2020-07-01 23:29:58;220;99;41;15;13;11;8;5;3;2;2
2020-07-01 23:30:59;220;99;41;15;13;11;8;5;3;2;2
2020-07-01 23:31:59;220;99;41;15;13;11;8;5;3;2;2
2020-07-01 23:32:58;220;99;41;15;13;11;8;5;3;2;2
2020-07-01 23:33:59;219;99;41;14;13;11;8;5;3;2;2
2020-07-01 23:34:58;219;99;41;14;13;11;8;5;3;2;2
2020-07-01 23:35:59;219;99;41;14;13;11;8;5;3;2;2
2020-07-01 23:36:58;219;99;41;14;13;11;8;5;3;2;2
2020-07-01 23:37:59;219;99;41;14;13;11;8;5;3;2;2
2020-07-01 23:38:59;219;99;41;14;13;11;8;5;3;2;2
2020-07-01 23:39:58;219;99;41;14;13;11;8;5;3;2;2
2020-07-01 23:40:59;219;99;41;14;13;11;8;5;3;2;2
2020-07-01 23:41:59;219;99;41;14;13;11;8;5;3;2;2
2020-07-01 23:42:58;219;99;41;14;13;11;8;5;3;2;2
2020-07-01 23:43:59;219;99;41;14;13;11;8;5;3;2;2
2020-07-01 23:44:58;219;99;41;14;13;11;8;5;3;2;2
2020-07-01 23:45:59;219;99;41;14;13;11;8;5;3;2;2
2020-07-01 23:46:59;219;99;41;14;13;11;8;5;3;2;2
2020-07-01 23:47:58;219;99;41;14;13;11;8;5;3;2;2
2020-07-01 23:48:59;219;99;41;14;13;11;8;5;3;2;2
2020-07-01 23:49:59;219;99;41;14;13;11;8;5;3;2;2
2020-07-01 23:50:58;220;99;42;14;13;11;8;5;3;2;2
2020-07-01 23:51:59;220;99;42;14;13;11;8;5;3;2;2
2020-07-01 23:52:58;220;99;42;14;13;11;8;5;3;2;2
2020-07-01 23:53:59;220;99;42;14;13;11;8;5;3;2;2
2020-07-01 23:54:59;220;99;42;14;13;11;8;5;3;2;2
2020-07-01 23:55:58;221;100;42;14;13;11;8;5;3;2;2
2020-07-01 23:56:59;224;103;42;14;13;11;8;5;3;2;2
2020-07-01 23:57:59;224;103;42;14;13;11;8;5;3;2;2
2020-07-01 23:58:58;224;103;42;14;13;11;8;5;3;2;2
2020-07-01 23:59:59;224;104;41;14;13;11;8;5;3;2;2
