datetime;total_votes;Good;Tomintoul;megalomaniac;KOCTOPE3;Duran;Mindsplitter;Villanelle;Shambala;quick_justice;Rumpelstilzchen
2021-01-13 00:01:00;2;0;0;0;0;0;0;1;0;0;0
2021-01-13 00:01:58;2;0;0;0;0;0;0;1;0;0;0
2021-01-13 00:02:59;2;0;0;0;0;0;0;1;0;0;0
2021-01-13 00:03:59;3;0;1;0;0;0;0;1;0;0;0
2021-01-13 00:04:58;5;0;1;0;0;0;1;2;0;0;0
2021-01-13 00:05:59;6;0;1;0;0;0;1;2;1;0;0
2021-01-13 00:06:59;6;0;1;0;0;0;1;1;1;0;1
2021-01-13 00:07:58;10;0;1;2;0;0;1;1;1;0;2
2021-01-13 00:08:59;13;0;2;2;0;0;1;1;1;0;2
2021-01-13 00:09:59;13;0;2;2;0;0;1;1;1;0;2
2021-01-13 00:10:58;14;0;3;2;0;0;1;1;1;0;2
2021-01-13 00:11:59;16;0;4;2;0;0;1;1;1;1;2
2021-01-13 00:12:58;16;0;4;2;0;0;1;1;1;1;2
2021-01-13 00:13:59;18;0;5;3;0;0;1;1;1;1;2
2021-01-13 00:14:59;20;0;6;3;0;0;1;1;1;0;2
2021-01-13 00:15:58;22;0;6;3;0;0;1;1;3;1;2
2021-01-13 00:16:59;24;0;7;4;0;0;1;1;3;1;2
2021-01-13 00:17:59;25;0;7;4;0;0;1;0;3;1;2
2021-01-13 00:18:58;26;0;8;4;0;0;1;0;3;1;2
2021-01-13 00:19:59;26;0;8;4;0;0;1;0;3;1;2
2021-01-13 00:20:58;27;0;9;4;0;0;1;0;3;1;2
2021-01-13 00:21:59;28;0;9;4;0;0;1;0;3;1;2
2021-01-13 00:22:59;29;0;10;4;0;0;1;0;3;1;2
2021-01-13 00:23:58;30;0;10;4;0;0;1;0;3;0;2
2021-01-13 00:24:59;30;0;10;4;0;0;1;0;3;0;2
2021-01-13 00:25:59;30;0;10;4;0;0;1;0;3;0;2
2021-01-13 00:26:58;30;0;10;4;0;0;1;0;3;0;2
2021-01-13 00:27:59;30;0;10;4;0;0;1;0;3;0;2
2021-01-13 00:28:59;31;0;10;4;0;0;1;0;3;0;2
2021-01-13 00:29:58;32;0;10;4;0;0;1;0;3;0;2
2021-01-13 00:30:59;32;0;10;4;0;0;1;0;3;0;2
2021-01-13 00:31:59;32;0;10;4;0;0;1;0;3;0;2
2021-01-13 00:32:58;33;0;11;4;0;0;1;0;3;0;2
2021-01-13 00:33:59;35;0;11;4;0;0;2;1;4;1;2
2021-01-13 00:34:59;36;0;11;4;0;0;2;2;4;1;2
2021-01-13 00:35:58;38;0;13;4;0;0;2;2;4;1;2
2021-01-13 00:36:59;39;0;14;4;0;0;2;2;4;1;2
2021-01-13 00:37:59;40;0;15;4;0;0;2;2;4;1;2
2021-01-13 00:38:58;40;0;15;4;0;0;2;2;4;1;2
2021-01-13 00:39:59;40;0;15;4;0;0;2;2;4;1;2
2021-01-13 00:40:59;40;0;15;4;0;0;2;2;4;1;2
2021-01-13 00:41:58;41;0;15;4;0;0;2;2;4;0;2
2021-01-13 00:42:59;41;0;15;4;0;0;2;2;4;0;2
2021-01-13 00:43:59;42;0;16;4;0;0;2;2;4;0;2
2021-01-13 00:44:58;43;0;17;4;0;0;2;2;4;0;2
2021-01-13 00:45:59;43;0;17;4;0;0;2;2;4;0;2
2021-01-13 00:46:59;43;0;16;5;0;0;2;2;4;0;2
2021-01-13 00:47:58;46;0;17;5;0;0;2;2;4;0;2
2021-01-13 00:48:59;46;0;17;6;0;0;2;2;4;0;2
2021-01-13 00:49:59;46;0;17;6;0;0;2;2;4;0;2
2021-01-13 00:50:58;46;0;17;6;0;0;2;2;4;0;2
2021-01-13 00:51:59;46;0;17;6;0;0;2;2;4;0;2
2021-01-13 00:52:58;47;0;17;6;0;0;2;3;4;0;2
2021-01-13 00:53:59;48;0;17;7;0;0;2;3;4;0;2
2021-01-13 00:54:59;48;0;17;7;0;0;2;3;4;0;2
2021-01-13 00:55:58;48;0;17;7;0;0;2;3;4;0;2
2021-01-13 00:56:59;49;0;17;7;0;0;2;4;4;0;2
2021-01-13 00:57:59;50;0;17;7;0;0;2;4;4;0;2
2021-01-13 00:58:58;50;0;17;7;0;0;2;4;4;0;2
2021-01-13 00:59:59;51;0;17;8;0;0;2;4;4;0;2
2021-01-13 01:00:59;52;0;18;8;0;0;2;4;4;0;2
2021-01-13 01:01:58;52;0;18;8;0;0;2;4;4;0;2
2021-01-13 01:02:59;52;0;18;8;0;0;2;4;4;0;2
2021-01-13 01:03:59;52;0;18;8;0;0;2;4;4;0;2
2021-01-13 01:04:58;52;0;18;8;0;0;2;4;4;0;2
2021-01-13 01:05:59;52;0;18;8;0;0;2;4;4;0;2
2021-01-13 01:06:58;52;0;18;8;0;0;2;4;4;0;2
2021-01-13 01:07:59;52;0;18;8;0;0;2;4;4;0;2
2021-01-13 01:08:59;52;0;18;8;0;0;2;4;4;0;2
2021-01-13 01:09:58;54;0;20;8;0;0;2;4;4;0;2
2021-01-13 01:10:59;54;0;20;8;0;0;2;4;4;0;2
2021-01-13 01:11:59;55;0;21;8;0;0;2;4;4;0;2
2021-01-13 01:12:58;55;0;21;8;0;0;2;4;4;0;2
2021-01-13 01:13:59;56;0;21;9;0;0;2;4;4;0;2
2021-01-13 01:14:59;56;0;21;9;0;0;2;4;4;0;2
2021-01-13 01:15:58;56;0;21;9;0;0;2;4;4;0;2
2021-01-13 01:16:59;58;0;22;10;0;0;2;4;4;0;2
2021-01-13 01:17:59;59;0;23;10;0;0;2;4;4;0;2
2021-01-13 01:18:58;58;0;23;10;0;0;2;4;3;0;2
2021-01-13 01:19:59;60;0;25;10;0;0;2;4;3;0;2
2021-01-13 01:20:58;60;0;25;10;0;0;2;4;3;0;2
2021-01-13 01:21:59;60;0;25;10;0;0;2;4;3;0;2
2021-01-13 01:22:59;61;0;25;11;0;0;2;4;3;0;2
2021-01-13 01:23:58;61;0;25;11;0;0;2;4;3;0;2
2021-01-13 01:24:59;61;0;25;11;0;0;2;4;3;0;2
2021-01-13 01:25:58;62;0;25;11;0;0;2;4;3;0;2
2021-01-13 01:26:59;62;0;25;11;0;0;2;4;3;0;2
2021-01-13 01:27:59;62;0;25;11;0;0;2;4;3;0;2
2021-01-13 01:28:58;62;0;25;11;0;0;2;4;3;0;2
2021-01-13 01:29:59;62;0;25;11;0;0;2;4;3;0;2
2021-01-13 01:30:59;62;0;25;11;0;0;2;4;3;0;2
2021-01-13 01:31:58;62;0;25;11;0;0;2;4;3;0;2
2021-01-13 01:32:59;64;0;26;11;0;0;2;4;3;0;2
2021-01-13 01:33:58;64;0;26;11;0;0;2;4;3;0;2
2021-01-13 01:34:59;65;0;26;12;0;0;2;4;3;0;2
2021-01-13 01:35:59;65;0;26;12;0;0;2;4;3;0;2
2021-01-13 01:36:58;65;0;26;12;0;0;2;4;3;0;2
2021-01-13 01:37:59;66;0;26;12;0;0;3;4;3;0;2
2021-01-13 01:38:59;66;0;26;12;0;0;3;4;3;0;2
2021-01-13 01:39:58;66;0;26;12;0;0;3;4;3;0;2
2021-01-13 01:40:59;67;0;26;12;1;0;3;4;3;0;2
2021-01-13 01:41:59;67;0;26;12;1;0;3;4;3;0;2
2021-01-13 01:42:58;67;0;26;12;1;0;3;4;3;0;2
2021-01-13 01:43:59;67;0;26;12;1;0;3;4;3;0;2
2021-01-13 01:44:58;67;0;26;12;1;0;3;4;3;0;2
2021-01-13 01:45:59;67;0;26;12;1;0;3;4;3;0;2
2021-01-13 01:46:58;68;0;26;12;1;0;3;4;3;0;2
2021-01-13 01:47:59;69;0;26;12;1;0;3;4;3;0;2
2021-01-13 01:48:59;70;0;27;12;1;0;3;4;3;0;2
2021-01-13 01:49:58;70;0;27;12;1;0;3;4;3;0;2
2021-01-13 01:50:59;70;0;27;12;1;0;3;4;3;0;2
2021-01-13 01:51:58;70;0;27;12;1;0;3;4;3;0;2
2021-01-13 01:52:59;70;0;27;12;1;0;3;4;3;0;2
2021-01-13 01:53:59;70;0;27;12;1;0;3;4;3;0;2
2021-01-13 01:54:58;70;0;27;12;1;0;3;4;3;0;2
2021-01-13 01:55:59;70;0;27;12;1;0;3;4;3;0;2
2021-01-13 01:56:59;70;0;27;12;1;0;3;4;3;0;2
2021-01-13 01:57:58;70;0;27;12;1;0;3;4;3;0;2
2021-01-13 01:58:59;70;0;27;12;1;0;3;4;3;0;2
2021-01-13 01:59:59;70;0;27;12;1;0;3;4;3;0;2
2021-01-13 02:00:58;70;0;27;12;1;0;3;4;3;0;2
2021-01-13 02:01:59;70;0;27;12;1;0;3;4;3;0;2
2021-01-13 02:02:59;70;0;27;12;1;0;3;4;3;0;2
2021-01-13 02:03:58;70;0;27;12;1;0;3;4;3;0;2
2021-01-13 02:04:59;71;0;27;12;1;0;3;5;3;0;2
2021-01-13 02:05:59;71;0;27;12;1;0;3;5;3;0;2
2021-01-13 02:06:58;71;0;27;12;1;0;3;5;3;0;2
2021-01-13 02:07:59;71;0;27;12;1;0;3;5;3;0;2
2021-01-13 02:09:00;71;0;27;12;1;0;3;5;3;0;2
2021-01-13 02:09:58;71;0;27;12;1;0;3;5;3;0;2
2021-01-13 02:10:59;71;0;27;12;1;0;3;5;3;0;2
2021-01-13 02:11:58;71;0;27;12;1;0;3;5;3;0;2
2021-01-13 02:12:59;71;0;27;12;1;0;3;5;3;0;2
2021-01-13 02:13:59;71;0;27;12;1;0;3;5;3;0;2
2021-01-13 02:14:58;71;0;27;12;1;0;3;5;3;0;2
2021-01-13 02:15:59;71;0;27;12;1;0;3;5;3;0;2
2021-01-13 02:16:59;71;0;27;12;1;0;3;5;3;0;2
2021-01-13 02:17:58;71;0;27;12;1;0;3;5;3;0;2
2021-01-13 02:18:59;72;0;27;13;1;0;3;5;3;0;2
2021-01-13 02:19:58;73;0;28;13;1;0;3;5;3;0;2
2021-01-13 02:20:59;73;0;28;13;1;0;3;5;3;0;2
2021-01-13 02:21:59;73;0;28;13;1;0;3;5;3;0;2
2021-01-13 02:22:58;73;0;28;13;1;0;3;5;3;0;2
2021-01-13 02:23:59;73;0;28;13;1;0;3;5;3;0;2
2021-01-13 02:24:59;73;0;28;13;1;0;3;5;3;0;2
2021-01-13 02:25:59;73;0;28;13;1;0;3;5;3;0;2
2021-01-13 02:26:59;73;0;28;13;1;0;3;5;3;0;2
2021-01-13 02:27:59;73;0;28;13;1;0;3;5;3;0;2
2021-01-13 02:28:58;74;0;28;13;1;0;3;5;3;0;2
2021-01-13 02:29:59;75;0;29;13;1;0;3;5;3;0;2
2021-01-13 02:30:59;75;0;29;13;1;0;3;5;3;0;2
2021-01-13 02:31:58;75;0;29;13;1;0;3;5;3;0;2
2021-01-13 02:32:59;75;0;29;13;1;0;3;5;3;0;2
2021-01-13 02:33:59;75;0;29;13;1;0;3;5;3;0;2
2021-01-13 02:34:58;75;0;29;13;1;0;3;5;3;0;2
2021-01-13 02:35:59;75;0;29;13;1;0;3;5;3;0;2
2021-01-13 02:36:59;75;0;29;13;1;0;3;5;3;0;2
2021-01-13 02:37:58;75;0;29;13;1;0;3;5;3;0;2
2021-01-13 02:38:59;75;0;29;13;1;0;3;5;3;0;2
2021-01-13 02:40:00;75;0;29;13;1;0;3;5;3;0;2
2021-01-13 02:40:58;75;0;29;13;1;0;3;5;3;0;2
2021-01-13 02:41:59;75;0;29;13;1;0;3;5;3;0;2
2021-01-13 02:42:58;76;0;29;13;1;0;3;5;3;0;2
2021-01-13 02:43:59;76;0;29;13;1;0;3;5;3;0;2
2021-01-13 02:44:59;76;0;29;13;1;0;3;5;3;0;2
2021-01-13 02:45:58;76;0;29;13;1;0;3;5;3;0;2
2021-01-13 02:46:59;77;0;30;13;1;0;3;5;3;0;2
2021-01-13 02:47:59;77;0;30;13;1;0;3;5;3;0;2
2021-01-13 02:48:58;77;0;30;13;1;0;3;5;3;0;2
2021-01-13 02:49:59;77;0;30;13;1;0;3;5;3;0;2
2021-01-13 02:50:59;77;0;30;13;1;0;3;5;3;0;2
2021-01-13 02:51:58;77;0;30;13;1;0;3;5;3;0;2
2021-01-13 02:52:59;78;0;31;13;1;0;3;5;3;0;2
2021-01-13 02:53:59;78;0;31;13;1;0;3;5;3;0;2
2021-01-13 02:54:58;78;0;31;13;1;0;3;5;3;0;2
2021-01-13 02:55:59;78;0;31;13;1;0;3;5;3;0;2
2021-01-13 02:56:58;78;0;31;13;1;0;3;5;3;0;2
2021-01-13 02:57:59;78;0;31;13;1;0;3;5;3;0;2
2021-01-13 02:58:59;78;0;31;13;1;0;3;5;3;0;2
2021-01-13 02:59:58;78;0;31;13;1;0;3;5;3;0;2
2021-01-13 03:00:59;79;0;32;13;1;0;3;5;3;0;2
2021-01-13 03:01:59;79;0;32;13;1;0;3;5;3;0;2
2021-01-13 03:02:58;79;0;32;13;1;0;3;5;3;0;2
2021-01-13 03:03:59;79;0;32;13;1;0;3;5;3;0;2
2021-01-13 03:04:59;79;0;32;13;1;0;3;5;3;0;2
2021-01-13 03:05:58;79;0;32;13;1;0;3;5;3;0;2
2021-01-13 03:06:59;79;0;32;13;1;0;3;5;3;0;2
2021-01-13 03:07:58;79;0;32;13;1;0;3;5;3;0;2
2021-01-13 03:08:58;79;0;32;13;1;0;3;5;3;0;2
2021-01-13 03:09:59;79;0;32;13;1;0;3;5;3;0;2
2021-01-13 03:10:59;79;0;32;13;1;0;3;5;3;0;2
2021-01-13 03:11:58;79;0;32;13;1;0;3;5;3;0;2
2021-01-13 03:12:59;79;0;32;13;1;0;3;5;3;0;2
2021-01-13 03:13:59;79;0;32;13;1;0;3;5;3;0;2
2021-01-13 03:14:58;79;0;32;13;1;0;3;5;3;0;2
2021-01-13 03:15:59;79;0;32;13;1;0;3;5;3;0;2
2021-01-13 03:16:59;79;0;32;13;1;0;3;5;3;0;2
2021-01-13 03:17:58;79;0;32;13;1;0;3;5;3;0;2
2021-01-13 03:18:59;80;0;33;13;1;0;3;5;3;0;2
2021-01-13 03:19:59;80;0;33;13;1;0;3;5;3;0;2
2021-01-13 03:20:58;80;0;33;13;1;0;3;5;3;0;2
2021-01-13 03:21:59;80;0;33;13;1;0;3;5;3;0;2
2021-01-13 03:22:59;80;0;33;13;1;0;3;5;3;0;2
2021-01-13 03:23:58;81;0;33;13;1;0;3;6;3;0;2
2021-01-13 03:24:59;81;0;33;13;1;0;3;6;3;0;2
2021-01-13 03:25:58;81;0;33;13;1;0;3;6;3;0;2
2021-01-13 03:26:59;81;0;33;13;1;0;3;6;3;0;2
2021-01-13 03:27:59;81;0;33;13;1;0;3;6;3;0;2
2021-01-13 03:28:58;82;0;34;13;1;0;3;6;3;0;2
2021-01-13 03:29:59;83;0;34;13;1;0;3;6;3;0;2
2021-01-13 03:30:59;83;0;34;13;1;0;3;6;3;0;2
2021-01-13 03:31:58;83;0;34;13;1;0;3;6;3;0;2
2021-01-13 03:32:59;83;0;34;13;1;0;3;6;3;0;2
2021-01-13 03:33:59;84;0;35;13;1;0;3;6;3;0;2
2021-01-13 03:34:58;84;0;35;13;1;0;3;6;3;0;2
2021-01-13 03:35:59;84;0;35;13;1;0;3;6;3;0;2
2021-01-13 03:36:59;84;0;35;13;1;0;3;6;3;0;2
2021-01-13 03:37:58;84;0;35;13;1;0;3;6;3;0;2
2021-01-13 03:38:59;84;0;35;13;1;0;3;6;3;0;2
2021-01-13 03:39:58;84;0;35;13;1;0;3;6;3;0;2
2021-01-13 03:40:59;84;0;35;13;1;0;3;6;3;0;2
2021-01-13 03:41:59;84;0;35;13;1;0;3;6;3;0;2
2021-01-13 03:42:58;84;0;35;13;1;0;3;6;3;0;2
2021-01-13 03:43:59;84;0;35;13;1;0;3;6;3;0;2
2021-01-13 03:44:59;84;0;35;13;1;0;3;6;3;0;2
2021-01-13 03:45:58;84;0;35;13;1;0;3;6;3;0;2
2021-01-13 03:46:59;84;0;35;13;1;0;3;6;3;0;2
2021-01-13 03:47:58;84;0;35;13;1;0;3;6;3;0;2
2021-01-13 03:48:59;85;0;35;13;1;0;3;7;3;0;2
2021-01-13 03:49:59;85;0;35;13;1;0;3;7;3;0;2
2021-01-13 03:50:58;85;0;35;13;1;0;3;7;3;0;2
2021-01-13 03:51:59;85;0;35;13;1;0;3;7;3;0;2
2021-01-13 03:52:58;85;0;35;13;1;0;3;7;3;0;2
2021-01-13 03:53:59;85;0;35;13;1;0;3;7;3;0;2
2021-01-13 03:55:00;85;0;35;13;1;0;3;7;3;0;2
2021-01-13 03:55:58;85;0;35;13;1;0;3;7;3;0;2
2021-01-13 03:56:59;85;0;35;13;1;0;3;7;3;0;2
2021-01-13 03:57:58;85;0;35;13;1;0;3;7;3;0;2
2021-01-13 03:58:59;85;0;35;13;1;0;3;7;3;0;2
2021-01-13 03:59:58;85;0;35;13;1;0;3;7;3;0;2
2021-01-13 04:00:59;85;0;35;13;1;0;3;7;3;0;2
2021-01-13 04:01:59;85;0;35;13;1;0;3;7;3;0;2
2021-01-13 04:02:58;85;0;35;13;1;0;3;7;3;0;2
2021-01-13 04:03:59;85;0;35;13;1;0;3;7;3;0;2
2021-01-13 04:05:00;85;0;35;13;1;0;3;7;3;0;2
2021-01-13 04:05:58;85;0;35;13;1;0;3;7;3;0;2
2021-01-13 04:06:59;85;0;35;13;1;0;3;7;3;0;2
2021-01-13 04:07:58;85;0;35;13;1;0;3;7;3;0;2
2021-01-13 04:08:59;85;0;35;13;1;0;3;7;3;0;2
2021-01-13 04:09:59;85;0;35;13;1;0;3;7;3;0;2
2021-01-13 04:10:58;85;0;35;13;1;0;3;7;3;0;2
2021-01-13 04:11:59;85;0;35;13;1;0;3;7;3;0;2
2021-01-13 04:12:59;85;0;35;13;1;0;3;7;3;0;2
2021-01-13 04:13:58;85;0;35;13;1;0;3;7;3;0;2
2021-01-13 04:14:59;86;0;36;13;1;0;3;7;3;0;2
2021-01-13 04:15:59;86;0;36;13;1;0;3;7;3;0;2
2021-01-13 04:16:58;87;0;36;13;2;0;3;7;3;0;2
2021-01-13 04:17:59;87;0;36;13;2;0;3;7;3;0;2
2021-01-13 04:18:58;87;0;36;13;2;0;3;7;3;0;2
2021-01-13 04:19:59;87;0;36;13;2;0;3;7;3;0;2
2021-01-13 04:20:59;87;0;36;13;2;0;3;7;3;0;2
2021-01-13 04:21:58;87;0;36;13;2;0;3;7;3;0;2
2021-01-13 04:22:59;87;0;36;13;2;0;3;7;3;0;2
2021-01-13 04:23:58;87;0;36;13;2;0;3;7;3;0;2
2021-01-13 04:24:59;87;0;36;13;2;0;3;7;3;0;2
2021-01-13 04:25:59;87;0;36;13;2;0;3;7;3;0;2
2021-01-13 04:26:58;87;0;36;13;2;0;3;7;3;0;2
2021-01-13 04:27:59;87;0;36;13;2;0;3;7;3;0;2
2021-01-13 04:28:59;87;0;36;13;2;0;3;7;3;0;2
2021-01-13 04:29:58;87;0;36;13;2;0;3;7;3;0;2
2021-01-13 04:30:59;87;0;36;13;2;0;3;7;3;0;2
2021-01-13 04:31:58;87;0;36;13;2;0;3;7;3;0;2
2021-01-13 04:32:59;88;0;37;13;2;0;3;7;3;0;2
2021-01-13 04:33:58;88;0;37;13;2;0;3;7;3;0;2
2021-01-13 04:34:59;88;0;37;13;2;0;3;7;3;0;2
2021-01-13 04:35:58;88;0;37;13;2;0;3;7;3;0;2
2021-01-13 04:36:59;88;0;37;13;2;0;3;7;3;0;2
2021-01-13 04:37:59;88;0;37;13;2;0;3;7;3;0;2
2021-01-13 04:38:58;88;0;37;13;2;0;3;7;3;0;2
2021-01-13 04:39:59;88;0;37;13;2;0;3;7;3;0;2
2021-01-13 04:40:59;88;0;37;13;2;0;3;7;3;0;2
2021-01-13 04:41:58;88;0;37;13;2;0;3;7;3;0;2
2021-01-13 04:42:59;88;0;37;13;2;0;3;7;3;0;2
2021-01-13 04:43:59;88;0;37;13;2;0;3;7;3;0;2
2021-01-13 04:44:58;89;0;38;13;2;0;3;7;3;0;2
2021-01-13 04:45:59;89;0;38;13;2;0;3;7;3;0;2
2021-01-13 04:46:58;89;0;38;13;2;0;3;7;3;0;2
2021-01-13 04:47:59;89;0;38;13;2;0;3;7;3;0;2
2021-01-13 04:48:59;89;0;38;13;2;0;3;7;3;0;2
2021-01-13 04:49:58;90;0;39;13;2;0;3;7;3;0;2
2021-01-13 04:50:59;90;0;39;13;2;0;3;7;3;0;2
2021-01-13 04:51:58;90;0;39;13;2;0;3;7;3;0;2
2021-01-13 04:52:59;90;0;39;13;2;0;3;7;3;0;2
2021-01-13 04:53:59;90;0;39;13;2;0;3;7;3;0;2
2021-01-13 04:54:58;91;0;40;13;2;0;3;7;3;0;2
2021-01-13 04:55:59;91;0;40;13;2;0;3;7;3;0;2
2021-01-13 04:56:59;91;0;40;13;2;0;3;7;3;0;2
2021-01-13 04:57:58;91;0;40;13;2;0;3;7;3;0;2
2021-01-13 04:58:59;91;0;40;13;2;0;3;7;3;0;2
2021-01-13 04:59:58;91;0;40;13;2;0;3;7;3;0;2
2021-01-13 05:00:59;91;0;40;13;2;0;3;7;3;0;2
2021-01-13 05:01:59;91;0;39;13;2;0;3;8;3;0;2
2021-01-13 05:02:58;91;0;39;13;2;0;3;8;3;0;2
2021-01-13 05:03:59;91;0;39;13;2;0;3;8;3;0;2
2021-01-13 05:04:59;91;0;39;13;2;0;3;8;3;0;2
2021-01-13 05:05:58;91;0;39;13;2;0;3;8;3;0;2
2021-01-13 05:06:59;91;0;39;13;2;0;3;8;3;0;2
2021-01-13 05:07:58;91;0;39;13;2;0;3;8;3;0;2
2021-01-13 05:08:59;91;0;39;13;2;0;3;8;3;0;2
2021-01-13 05:09:59;91;0;39;13;2;0;3;8;3;0;2
2021-01-13 05:10:58;91;0;39;13;2;0;3;8;3;0;2
2021-01-13 05:11:59;91;0;39;13;2;0;3;8;3;0;2
2021-01-13 05:12:59;91;0;39;13;2;0;3;8;3;0;2
2021-01-13 05:13:58;91;0;39;13;2;0;3;8;3;0;2
2021-01-13 05:14:59;91;0;39;13;2;0;3;8;3;0;2
2021-01-13 05:15:58;91;0;39;13;2;0;3;8;3;0;2
2021-01-13 05:16:59;91;0;39;13;2;0;3;8;3;0;2
2021-01-13 05:17:59;91;0;39;13;2;0;3;8;3;0;2
2021-01-13 05:18:58;91;0;39;13;2;0;3;8;3;0;2
2021-01-13 05:19:59;91;0;39;13;2;0;3;8;3;0;2
2021-01-13 05:20:58;91;0;39;13;2;0;3;8;3;0;2
2021-01-13 05:21:59;91;0;39;13;2;0;3;8;3;0;2
2021-01-13 05:22:59;91;0;39;13;2;0;3;8;3;0;2
2021-01-13 05:23:58;91;0;39;13;2;0;3;8;3;0;2
2021-01-13 05:24:59;91;0;39;13;2;0;3;8;3;0;2
2021-01-13 05:25:58;92;0;40;13;2;0;3;8;3;0;2
2021-01-13 05:26:59;92;0;40;13;2;0;3;8;3;0;2
2021-01-13 05:27:58;92;0;40;13;2;0;3;8;3;0;2
2021-01-13 05:28:59;92;0;40;13;2;0;3;8;3;0;2
2021-01-13 05:29:59;92;0;40;13;2;0;3;8;3;0;2
2021-01-13 05:30:58;92;0;40;13;2;0;3;8;3;0;2
2021-01-13 05:31:59;92;0;40;13;2;0;3;8;3;0;2
2021-01-13 05:32:58;92;0;40;13;2;0;3;8;3;0;2
2021-01-13 05:33:59;92;0;40;13;2;0;3;8;3;0;2
2021-01-13 05:34:58;92;0;40;13;2;0;3;8;3;0;2
2021-01-13 05:35:59;92;0;40;13;2;0;3;8;3;0;2
2021-01-13 05:36:59;92;0;40;13;2;0;3;8;3;0;2
2021-01-13 05:37:58;92;0;40;13;2;0;3;8;3;0;2
2021-01-13 05:38:59;92;0;40;13;2;0;3;8;3;0;2
2021-01-13 05:39:58;92;0;40;13;2;0;3;8;3;0;2
2021-01-13 05:40:59;92;0;40;13;2;0;3;8;3;0;2
2021-01-13 05:41:59;92;0;40;13;2;0;3;8;3;0;2
2021-01-13 05:42:58;92;0;40;13;2;0;3;8;3;0;2
2021-01-13 05:43:59;92;0;40;13;2;0;3;8;3;0;2
2021-01-13 05:44:59;92;0;40;13;2;0;3;8;3;0;2
2021-01-13 05:45:58;92;0;40;13;2;0;3;8;3;0;2
2021-01-13 05:46:59;92;0;40;13;2;0;3;8;3;0;2
2021-01-13 05:47:59;92;0;40;13;2;0;3;8;3;0;2
2021-01-13 05:48:58;92;0;40;13;2;0;3;8;3;0;2
2021-01-13 05:49:59;92;0;40;13;2;0;3;8;3;0;2
2021-01-13 05:50:58;92;0;40;13;2;0;3;8;3;0;2
2021-01-13 05:51:59;92;0;40;13;2;0;3;8;3;0;2
2021-01-13 05:52:59;92;0;40;13;2;0;3;8;3;0;2
2021-01-13 05:53:58;92;0;40;13;2;0;3;8;3;0;2
2021-01-13 05:54:59;92;0;40;13;2;0;3;8;3;0;2
2021-01-13 05:55:59;93;0;41;13;2;0;3;8;3;0;2
2021-01-13 05:56:58;93;0;41;13;2;0;3;8;3;0;2
2021-01-13 05:57:59;93;0;41;13;2;0;3;8;3;0;2
2021-01-13 05:58:58;93;0;41;13;2;0;3;8;3;0;2
2021-01-13 05:59:59;93;0;41;13;2;0;3;8;3;0;2
2021-01-13 06:00:59;93;0;41;13;2;0;3;8;3;0;2
2021-01-13 06:01:58;93;0;41;13;2;0;3;8;3;0;2
2021-01-13 06:02:59;93;0;41;13;2;0;3;8;3;0;2
2021-01-13 06:03:58;93;0;41;13;2;0;3;8;3;0;2
2021-01-13 06:04:59;94;0;42;13;2;0;3;8;3;0;2
2021-01-13 06:05:59;94;0;42;13;2;0;3;8;3;0;2
2021-01-13 06:06:58;94;0;42;13;2;0;3;8;3;0;2
2021-01-13 06:07:59;94;0;42;13;2;0;3;8;3;0;2
2021-01-13 06:08:59;94;0;42;13;2;0;3;8;3;0;2
2021-01-13 06:09:58;94;0;42;13;2;0;3;8;3;0;2
2021-01-13 06:10:59;94;0;42;13;2;0;3;8;3;0;2
2021-01-13 06:11:58;95;0;43;13;2;0;3;8;3;0;2
2021-01-13 06:12:59;95;0;43;13;2;0;3;8;3;0;2
2021-01-13 06:13:58;95;0;43;13;2;0;3;8;3;0;2
2021-01-13 06:14:59;95;0;43;13;2;0;3;8;3;0;2
2021-01-13 06:15:58;95;0;43;13;2;0;3;8;3;0;2
2021-01-13 06:16:59;95;0;43;13;2;0;3;8;3;0;2
2021-01-13 06:17:58;95;0;43;13;2;0;3;8;3;0;2
2021-01-13 06:18:59;95;0;43;13;2;0;3;8;3;0;2
2021-01-13 06:19:58;95;0;43;13;2;0;3;8;3;0;2
2021-01-13 06:20:59;95;0;43;13;2;0;3;8;3;0;2
2021-01-13 06:21:59;95;0;43;13;2;0;3;8;3;0;2
2021-01-13 06:22:58;95;0;43;13;2;0;3;8;3;0;2
2021-01-13 06:23:59;95;0;43;13;2;0;3;8;3;0;2
2021-01-13 06:24:58;95;0;43;13;2;0;3;8;3;0;2
2021-01-13 06:25:59;95;0;43;13;2;0;3;8;3;0;2
2021-01-13 06:26:59;95;0;43;13;2;0;3;8;3;0;2
2021-01-13 06:27:58;95;0;43;13;2;0;3;8;3;0;2
2021-01-13 06:28:59;95;0;43;13;2;0;3;8;3;0;2
2021-01-13 06:29:58;95;0;43;13;2;0;3;8;3;0;2
2021-01-13 06:30:59;95;0;43;13;2;0;3;8;3;0;2
2021-01-13 06:31:58;95;0;43;13;2;0;3;8;3;0;2
2021-01-13 06:32:59;95;0;43;13;2;0;3;8;3;0;2
2021-01-13 06:33:58;95;0;43;13;2;0;3;8;3;0;2
2021-01-13 06:34:59;96;0;43;13;2;0;3;8;3;0;2
2021-01-13 06:35:59;97;0;43;13;2;0;3;8;3;0;2
2021-01-13 06:36:58;97;0;43;13;2;0;3;8;3;0;2
2021-01-13 06:37:59;97;0;43;13;2;0;3;8;3;0;2
2021-01-13 06:38:59;97;0;43;13;2;0;3;8;3;0;2
2021-01-13 06:39:58;98;0;43;13;2;0;3;8;3;0;2
2021-01-13 06:40:59;98;0;43;13;2;0;3;8;3;0;2
2021-01-13 06:41:58;98;0;43;13;2;0;3;8;3;0;2
2021-01-13 06:42:59;98;0;43;13;2;0;3;8;3;0;2
2021-01-13 06:43:58;98;0;43;13;2;0;3;8;3;0;2
2021-01-13 06:44:59;99;0;43;13;2;0;3;8;3;0;2
2021-01-13 06:45:59;98;0;43;13;2;0;3;8;3;0;2
2021-01-13 06:46:58;98;0;43;13;2;0;3;8;3;0;2
2021-01-13 06:47:59;98;0;43;13;2;0;3;8;3;0;2
2021-01-13 06:48:59;98;0;43;13;2;0;3;8;3;0;2
2021-01-13 06:49:58;98;0;43;13;2;0;3;8;3;0;2
2021-01-13 06:50:59;98;0;43;13;2;0;3;8;3;0;2
2021-01-13 06:51:59;98;0;43;13;2;0;3;8;3;0;2
2021-01-13 06:52:59;98;0;43;13;2;0;3;8;3;0;2
2021-01-13 06:53:58;98;0;43;13;2;0;3;8;3;0;2
2021-01-13 06:54:59;98;0;43;13;2;0;3;8;3;0;2
2021-01-13 06:55:59;98;0;43;13;2;0;3;8;3;0;2
2021-01-13 06:56:58;99;2;43;13;2;0;3;8;3;0;0
2021-01-13 06:57:59;99;2;43;13;2;0;3;8;3;0;0
2021-01-13 06:58:59;100;3;43;13;2;0;3;8;3;0;2
2021-01-13 06:59:58;100;3;43;13;2;0;3;8;3;0;2
2021-01-13 07:00:59;100;3;43;13;2;0;3;8;3;0;2
2021-01-13 07:01:58;100;3;43;13;2;0;3;8;3;0;2
2021-01-13 07:02:59;100;3;43;13;2;0;3;8;3;0;2
2021-01-13 07:03:58;100;3;43;13;2;0;3;8;3;0;2
2021-01-13 07:04:59;100;3;43;13;2;0;3;8;3;0;2
2021-01-13 07:05:59;100;3;43;13;2;0;3;8;3;0;2
2021-01-13 07:06:58;100;3;43;13;2;0;3;8;3;0;2
2021-01-13 07:07:59;100;3;43;13;2;0;3;8;3;0;2
2021-01-13 07:08:59;100;3;43;13;2;0;3;8;3;0;2
2021-01-13 07:09:58;100;3;43;13;2;0;3;8;3;0;2
2021-01-13 07:10:59;100;3;43;13;2;0;3;8;3;0;2
2021-01-13 07:11:59;101;3;44;13;2;0;3;8;3;0;2
2021-01-13 07:12:58;101;3;44;13;2;0;3;8;3;0;2
2021-01-13 07:13:59;101;3;44;13;2;0;3;8;3;0;2
2021-01-13 07:14:59;101;3;44;13;2;0;3;8;3;0;2
2021-01-13 07:15:58;101;3;44;13;2;0;3;8;3;0;2
2021-01-13 07:16:59;101;3;44;13;2;0;3;8;3;0;2
2021-01-13 07:17:58;101;3;44;13;2;0;3;8;3;0;2
2021-01-13 07:18:59;101;3;44;13;2;0;3;8;3;0;2
2021-01-13 07:19:58;101;3;44;13;2;0;3;8;3;0;2
2021-01-13 07:20:59;101;3;44;13;2;0;3;8;3;0;2
2021-01-13 07:21:58;103;4;44;14;2;0;3;8;3;0;2
2021-01-13 07:22:59;103;4;44;14;2;0;3;8;3;0;2
2021-01-13 07:23:58;103;4;44;14;2;0;3;8;3;0;2
2021-01-13 07:24:59;103;5;44;13;2;0;3;8;3;0;2
2021-01-13 07:25:59;104;5;45;13;2;0;3;8;3;0;2
2021-01-13 07:26:59;104;5;45;13;2;0;3;8;3;0;2
2021-01-13 07:27:58;104;5;45;13;2;0;3;8;3;0;2
2021-01-13 07:28:59;104;5;45;13;2;0;3;8;3;0;2
2021-01-13 07:29:59;104;5;45;13;2;0;3;8;3;0;2
2021-01-13 07:30:58;104;5;45;13;2;0;3;8;3;0;2
2021-01-13 07:31:59;104;5;45;13;2;0;3;8;3;0;2
2021-01-13 07:33:00;105;5;45;14;2;0;3;8;3;0;2
2021-01-13 07:33:58;105;5;45;14;2;0;3;8;3;0;2
2021-01-13 07:34:59;105;5;45;14;2;0;3;8;3;0;2
2021-01-13 07:35:58;105;5;45;14;2;0;3;8;3;0;2
2021-01-13 07:36:59;105;5;45;14;2;0;3;8;3;0;2
2021-01-13 07:37:59;105;5;45;14;2;0;3;8;3;0;2
2021-01-13 07:38:58;105;5;45;14;2;0;3;8;3;0;2
2021-01-13 07:39:59;105;5;45;14;2;0;3;8;3;0;2
2021-01-13 07:40:59;106;5;45;14;3;0;3;8;3;0;2
2021-01-13 07:41:58;106;5;45;14;3;0;3;8;3;0;2
2021-01-13 07:42:59;106;5;45;14;3;0;3;8;3;0;2
2021-01-13 07:43:59;107;5;46;14;3;0;3;8;3;0;2
2021-01-13 07:44:58;107;5;46;14;3;0;3;8;3;0;2
2021-01-13 07:45:59;107;5;46;14;3;0;3;8;3;0;2
2021-01-13 07:46:59;107;5;46;14;3;0;3;8;3;0;2
2021-01-13 07:47:58;107;5;46;14;3;0;3;8;3;0;2
2021-01-13 07:48:59;107;5;46;14;3;0;3;8;3;0;2
2021-01-13 07:49:59;107;5;46;14;3;0;3;8;3;0;2
2021-01-13 07:50:58;107;5;46;14;3;0;3;8;3;0;2
2021-01-13 07:51:59;107;5;46;14;3;0;3;8;3;0;2
2021-01-13 07:52:58;108;5;46;14;3;0;3;8;4;0;2
2021-01-13 07:53:59;108;5;46;14;3;0;3;8;4;0;2
2021-01-13 07:54:59;108;5;46;14;3;0;3;8;4;0;2
2021-01-13 07:55:58;108;5;46;14;3;0;3;8;4;0;2
2021-01-13 07:56:59;108;5;46;14;3;0;3;8;4;0;2
2021-01-13 07:57:58;108;5;46;14;3;0;3;8;4;0;2
2021-01-13 07:58:59;109;6;46;14;3;0;3;8;4;0;2
2021-01-13 07:59:59;110;7;46;14;3;0;3;8;4;0;2
2021-01-13 08:00:58;110;7;46;14;3;0;3;8;4;0;2
2021-01-13 08:01:59;110;7;46;14;3;0;3;8;4;0;2
2021-01-13 08:02:59;110;7;46;14;3;0;3;8;4;0;2
2021-01-13 08:03:58;111;7;47;14;3;0;3;8;4;0;2
2021-01-13 08:04:59;111;7;47;14;3;0;3;8;4;0;2
2021-01-13 08:05:58;111;7;47;14;3;0;3;8;4;0;2
2021-01-13 08:06:59;112;8;47;14;3;0;3;8;4;0;2
2021-01-13 08:07:59;112;8;47;14;3;0;3;8;4;0;2
2021-01-13 08:08:58;112;8;47;14;3;0;3;8;4;0;2
2021-01-13 08:09:59;112;8;47;14;3;0;3;8;4;0;2
2021-01-13 08:10:59;112;8;47;14;3;0;3;8;4;0;2
2021-01-13 08:11:58;112;8;47;14;3;0;3;8;4;0;2
2021-01-13 08:12:59;112;8;47;14;3;0;3;8;4;0;2
2021-01-13 08:13:59;112;8;47;14;3;0;3;8;4;0;2
2021-01-13 08:14:58;112;8;47;14;3;0;3;8;4;0;2
2021-01-13 08:15:59;112;8;47;14;3;0;3;8;4;0;2
2021-01-13 08:16:59;113;9;47;14;3;0;3;8;4;0;2
2021-01-13 08:17:58;113;9;47;14;3;0;3;8;4;0;2
2021-01-13 08:18:59;113;9;47;14;3;0;3;8;4;0;2
2021-01-13 08:19:58;114;9;48;14;3;0;3;8;4;0;2
2021-01-13 08:20:59;115;9;48;14;4;0;3;8;4;0;2
2021-01-13 08:21:59;116;10;48;14;4;0;3;8;4;0;2
2021-01-13 08:22:58;116;11;48;14;3;0;3;8;4;0;2
2021-01-13 08:23:59;117;12;48;14;3;0;3;8;4;0;2
2021-01-13 08:24:59;117;12;48;14;3;0;3;8;4;0;2
2021-01-13 08:25:58;117;12;48;14;3;0;3;8;4;0;2
2021-01-13 08:26:59;117;12;48;14;3;0;3;8;4;0;2
2021-01-13 08:27:59;117;12;48;14;3;0;3;8;4;0;2
2021-01-13 08:28:58;117;12;48;14;3;0;3;8;4;0;2
2021-01-13 08:29:59;117;12;48;14;3;0;3;8;4;0;2
2021-01-13 08:30:58;117;12;48;14;3;0;3;8;4;0;2
2021-01-13 08:31:59;118;12;48;15;3;0;3;8;4;0;2
2021-01-13 08:32:59;118;12;48;15;3;0;3;8;4;0;2
2021-01-13 08:33:58;118;12;48;15;3;0;3;8;4;0;2
2021-01-13 08:34:59;118;12;48;15;3;0;3;8;4;0;2
2021-01-13 08:35:58;119;13;48;15;3;0;3;8;4;0;2
2021-01-13 08:36:59;119;13;48;15;3;0;3;8;4;0;2
2021-01-13 08:37:59;119;13;48;15;3;0;3;8;4;0;2
2021-01-13 08:38:58;119;13;48;15;3;0;3;8;4;0;2
2021-01-13 08:39:59;119;13;48;15;3;0;3;8;4;0;2
2021-01-13 08:40:59;119;13;48;15;3;0;3;8;4;0;2
2021-01-13 08:41:58;119;13;48;15;3;0;3;8;4;0;2
2021-01-13 08:42:59;119;13;48;15;3;0;3;8;4;0;2
2021-01-13 08:43:58;120;13;49;15;3;0;3;8;4;0;2
2021-01-13 08:44:59;121;13;49;16;3;0;3;8;4;0;2
2021-01-13 08:45:59;121;13;49;16;3;0;3;8;4;0;2
2021-01-13 08:46:58;121;13;49;16;3;0;3;8;4;0;2
2021-01-13 08:47:59;123;13;51;16;3;0;3;8;4;0;2
2021-01-13 08:48:59;123;13;51;16;3;0;3;8;4;0;2
2021-01-13 08:49:58;124;13;52;16;3;0;3;8;4;0;2
2021-01-13 08:50:59;124;13;52;16;3;0;3;8;4;0;2
2021-01-13 08:51:59;124;13;52;16;3;0;3;8;4;0;2
2021-01-13 08:52:58;125;13;53;16;3;0;3;8;4;0;2
2021-01-13 08:53:59;125;13;53;16;3;0;3;8;4;0;2
2021-01-13 08:54:59;125;14;53;16;3;0;3;8;4;0;2
2021-01-13 08:55:58;126;14;54;16;3;0;3;8;4;0;2
2021-01-13 08:56:59;126;14;54;16;3;0;3;8;4;0;2
2021-01-13 08:57:58;127;14;54;16;3;0;3;8;4;0;2
2021-01-13 08:58:59;127;14;54;16;3;0;3;8;4;0;2
2021-01-13 08:59:59;127;14;54;16;3;0;3;8;4;0;2
2021-01-13 09:00:58;128;15;54;16;3;0;3;8;4;0;2
2021-01-13 09:01:59;129;15;54;16;4;0;3;8;4;0;2
2021-01-13 09:02:59;129;15;54;16;4;0;3;8;4;0;2
2021-01-13 09:03:58;129;15;54;16;4;0;3;8;4;0;2
2021-01-13 09:04:59;129;15;54;16;4;0;3;8;4;0;2
2021-01-13 09:05:59;129;15;54;16;4;0;3;8;4;0;2
2021-01-13 09:06:59;129;15;54;16;4;0;3;8;4;0;2
2021-01-13 09:07:58;129;15;54;16;4;0;3;8;4;0;2
2021-01-13 09:08:59;129;15;54;16;4;0;3;8;4;0;2
2021-01-13 09:10:00;129;15;54;16;4;0;3;8;4;0;2
2021-01-13 09:10:58;129;15;54;16;4;0;3;8;4;0;2
2021-01-13 09:11:59;129;16;54;15;4;0;3;8;4;0;2
2021-01-13 09:12:58;129;16;54;15;4;0;3;8;4;0;2
2021-01-13 09:13:59;130;16;55;15;4;0;3;8;4;0;2
2021-01-13 09:15:00;130;17;55;15;4;0;3;8;4;0;2
2021-01-13 09:15:58;131;18;55;15;4;0;3;8;4;0;2
2021-01-13 09:16:59;132;19;55;15;4;0;3;8;4;0;2
2021-01-13 09:17:58;132;19;55;15;4;0;3;8;4;0;2
2021-01-13 09:18:59;132;19;55;15;4;0;3;8;4;0;2
2021-01-13 09:19:59;132;19;55;15;4;0;3;8;4;0;2
2021-01-13 09:20:58;132;19;55;15;4;0;3;8;4;0;2
2021-01-13 09:21:59;133;20;55;15;4;0;3;8;4;0;2
2021-01-13 09:22:58;133;20;55;15;4;0;3;8;4;0;2
2021-01-13 09:23:59;133;20;55;15;4;0;3;8;4;0;2
2021-01-13 09:24:59;133;20;55;15;4;0;3;8;4;0;2
2021-01-13 09:25:58;135;22;55;15;4;0;3;8;4;0;2
2021-01-13 09:26:59;135;22;55;15;4;0;3;8;4;0;2
2021-01-13 09:27:58;135;22;55;15;4;0;3;8;4;0;2
2021-01-13 09:28:59;135;22;55;15;4;0;3;8;4;0;2
2021-01-13 09:29:59;135;22;55;15;4;0;3;8;4;0;2
2021-01-13 09:30:58;136;23;55;15;4;0;3;8;4;0;2
2021-01-13 09:31:59;136;23;55;15;4;0;3;8;4;0;2
2021-01-13 09:32:59;138;24;56;15;4;0;3;8;4;0;2
2021-01-13 09:33:58;138;24;56;15;4;0;3;8;4;0;2
2021-01-13 09:34:59;138;24;56;15;4;0;3;8;4;0;2
2021-01-13 09:35:59;139;25;56;15;4;0;3;8;4;0;2
2021-01-13 09:36:58;139;25;56;15;4;0;3;8;4;0;2
2021-01-13 09:37:59;140;25;56;15;4;0;4;8;4;0;2
2021-01-13 09:38:59;140;25;56;15;4;0;4;8;4;0;2
2021-01-13 09:39:58;140;25;56;15;4;0;4;8;4;0;2
2021-01-13 09:40:59;142;26;57;15;4;0;4;8;4;0;2
2021-01-13 09:41:58;142;26;57;15;4;0;4;8;4;0;2
2021-01-13 09:42:59;143;27;57;15;4;0;4;8;4;0;2
2021-01-13 09:43:59;144;27;57;15;4;0;4;8;4;0;0
2021-01-13 09:44:58;144;27;57;15;4;0;4;8;4;0;0
2021-01-13 09:45:59;144;27;57;15;4;0;4;8;4;0;0
2021-01-13 09:46:59;146;29;57;15;4;0;4;8;4;0;0
2021-01-13 09:47:58;147;29;57;15;4;0;4;8;4;0;2
2021-01-13 09:48:59;147;29;57;15;4;0;4;8;4;0;2
2021-01-13 09:49:59;147;29;57;15;4;0;4;8;4;0;2
2021-01-13 09:50:58;147;29;57;15;4;0;4;8;4;0;2
2021-01-13 09:51:59;147;29;57;15;4;0;4;8;4;0;2
2021-01-13 09:52:58;147;29;57;15;4;0;4;8;4;0;2
2021-01-13 09:53:59;147;29;57;15;4;0;4;8;4;0;2
2021-01-13 09:54:59;147;29;57;15;4;0;4;8;4;0;2
2021-01-13 09:55:58;147;29;57;15;4;0;4;8;4;0;2
2021-01-13 09:56:59;147;29;57;15;4;0;4;8;4;0;2
2021-01-13 09:57:59;147;29;57;15;4;0;4;8;4;0;2
2021-01-13 09:58:58;147;30;57;15;4;0;4;7;4;0;2
2021-01-13 09:59:59;148;30;58;15;4;0;4;7;4;0;2
2021-01-13 10:00:59;148;30;58;15;4;0;4;7;4;0;2
2021-01-13 10:01:58;148;30;58;15;4;0;4;7;4;0;2
2021-01-13 10:02:59;148;30;58;15;4;0;4;7;4;0;2
2021-01-13 10:03:59;149;30;59;15;4;0;4;7;4;0;2
2021-01-13 10:04:58;150;30;59;15;4;0;4;7;4;0;2
2021-01-13 10:05:59;150;30;59;15;4;0;4;7;4;0;2
2021-01-13 10:06:59;151;31;59;15;4;0;4;7;4;0;2
2021-01-13 10:07:58;151;31;59;15;4;0;4;7;4;0;2
2021-01-13 10:08:59;152;32;59;15;4;0;4;7;4;0;2
2021-01-13 10:09:58;155;33;59;16;4;0;5;7;4;0;2
2021-01-13 10:10:59;156;34;59;16;4;0;5;7;4;0;2
2021-01-13 10:11:59;156;35;59;15;4;0;5;7;4;0;2
2021-01-13 10:12:58;156;35;59;15;4;0;5;7;4;0;2
2021-01-13 10:13:59;156;35;59;15;4;0;5;7;4;0;2
2021-01-13 10:14:59;157;37;58;15;4;0;5;7;4;0;2
2021-01-13 10:15:58;158;38;58;15;4;0;5;7;4;0;2
2021-01-13 10:16:59;159;39;58;15;4;0;5;7;4;0;2
2021-01-13 10:17:58;161;40;58;15;4;0;5;7;4;2;0
2021-01-13 10:18:59;161;40;58;15;4;0;5;7;4;2;0
2021-01-13 10:19:59;161;40;58;15;4;0;5;7;4;2;0
2021-01-13 10:20:58;163;41;59;15;4;0;5;7;4;2;0
2021-01-13 10:21:59;165;42;59;16;4;0;5;7;4;2;0
2021-01-13 10:22:59;165;42;59;16;4;0;5;7;4;2;0
2021-01-13 10:23:58;165;42;59;16;4;0;5;7;4;2;0
2021-01-13 10:24:59;165;42;59;16;4;0;5;7;4;2;0
2021-01-13 10:25:59;165;42;59;16;4;0;5;7;4;2;0
2021-01-13 10:26:58;167;42;60;16;4;0;5;8;4;2;0
2021-01-13 10:27:59;168;43;60;16;4;0;5;8;4;2;0
2021-01-13 10:28:59;168;43;60;16;4;0;5;8;4;2;0
2021-01-13 10:29:58;170;43;62;16;4;0;5;8;4;2;0
2021-01-13 10:30:59;171;44;62;16;4;0;5;8;4;2;0
2021-01-13 10:31:59;171;44;62;16;4;0;5;8;4;2;0
2021-01-13 10:32:58;172;44;63;16;4;0;5;8;4;2;0
2021-01-13 10:33:59;173;45;63;16;4;0;5;8;4;2;0
2021-01-13 10:34:58;175;46;64;16;4;0;5;8;4;2;0
2021-01-13 10:35:59;175;46;64;16;4;0;5;8;4;2;0
2021-01-13 10:36:59;175;46;64;16;4;0;5;8;4;2;0
2021-01-13 10:37:58;178;49;64;16;4;0;5;8;4;2;0
2021-01-13 10:38:59;180;49;65;17;4;0;5;8;4;2;0
2021-01-13 10:39:58;180;49;65;17;4;0;5;8;4;2;0
2021-01-13 10:40:59;180;49;65;17;4;0;5;8;4;2;0
2021-01-13 10:41:59;181;49;66;17;4;0;5;8;4;2;0
2021-01-13 10:43:00;181;49;66;17;4;0;5;8;4;2;0
2021-01-13 10:43:58;181;49;66;17;4;0;5;8;4;2;0
2021-01-13 10:44:59;183;51;66;17;4;0;5;8;4;2;0
2021-01-13 10:45:58;184;52;66;17;4;0;5;8;4;2;0
2021-01-13 10:46:59;186;52;67;17;5;0;5;8;4;2;0
2021-01-13 10:47:59;186;52;67;17;5;0;5;8;4;2;0
2021-01-13 10:48:58;186;52;67;17;5;0;5;8;4;2;0
2021-01-13 10:49:59;187;53;67;17;5;0;5;8;4;2;0
2021-01-13 10:50:59;187;53;67;17;5;0;5;8;4;2;0
2021-01-13 10:51:58;189;54;67;17;5;0;5;8;4;2;0
2021-01-13 10:52:59;189;54;67;17;5;0;5;8;4;2;0
2021-01-13 10:53:59;190;54;68;17;5;0;5;8;4;2;0
2021-01-13 10:54:58;190;54;68;17;5;0;5;8;4;2;0
2021-01-13 10:55:59;191;56;68;16;5;0;5;8;4;2;0
2021-01-13 10:56:59;192;57;68;16;5;0;5;8;4;2;0
2021-01-13 10:57:58;192;57;68;16;5;0;5;8;4;2;0
2021-01-13 10:58:59;192;57;68;16;5;0;5;8;4;2;0
2021-01-13 10:59:59;192;58;68;16;4;0;5;8;4;2;0
2021-01-13 11:00:58;192;58;68;16;4;0;5;8;4;2;0
2021-01-13 11:01:59;192;58;68;16;4;0;5;8;4;2;0
2021-01-13 11:02:59;193;59;68;16;4;0;5;8;4;2;0
2021-01-13 11:03:58;193;59;68;16;4;0;5;8;4;2;0
2021-01-13 11:04:59;194;60;68;16;4;0;5;8;4;2;0
2021-01-13 11:05:58;194;60;68;16;4;0;5;8;4;2;0
2021-01-13 11:06:59;194;60;68;16;4;0;5;8;4;2;0
2021-01-13 11:07:59;194;60;68;16;4;0;5;8;4;2;0
2021-01-13 11:08:58;195;60;69;16;4;0;5;8;4;2;0
2021-01-13 11:09:59;196;60;70;16;4;0;5;8;4;2;0
2021-01-13 11:10:59;197;60;71;16;4;0;5;8;4;2;0
2021-01-13 11:11:58;198;61;71;16;4;0;5;8;4;2;0
2021-01-13 11:12:59;198;61;71;16;4;0;5;8;4;2;0
2021-01-13 11:13:59;198;61;71;16;4;0;5;8;4;2;0
2021-01-13 11:14:58;198;61;71;16;4;0;5;8;4;2;0
2021-01-13 11:15:59;199;61;72;16;4;0;5;8;4;2;0
2021-01-13 11:16:59;199;61;72;16;4;0;5;8;4;2;0
2021-01-13 11:17:58;199;61;72;16;4;0;5;8;4;2;0
2021-01-13 11:18:59;200;61;72;16;4;0;5;8;4;2;0
2021-01-13 11:19:59;201;62;72;16;4;0;5;8;4;2;0
2021-01-13 11:20:59;202;63;72;16;4;0;5;8;4;2;0
2021-01-13 11:21:58;202;63;72;16;4;0;5;8;4;2;0
2021-01-13 11:22:59;202;63;72;16;4;0;5;8;4;2;0
2021-01-13 11:23:59;202;63;72;16;4;0;5;8;4;2;0
2021-01-13 11:24:58;202;63;72;16;4;0;5;8;4;2;0
2021-01-13 11:25:59;203;63;73;16;4;0;5;8;4;2;0
2021-01-13 11:27:00;205;64;73;16;4;0;5;8;4;2;2
2021-01-13 11:27:58;205;64;73;16;4;0;5;8;4;2;2
2021-01-13 11:28:59;205;64;73;16;4;0;5;8;4;2;2
2021-01-13 11:29:59;206;64;73;16;4;0;5;8;4;3;2
2021-01-13 11:30:58;206;64;73;16;4;0;5;8;4;3;2
2021-01-13 11:31:59;206;64;73;16;4;0;5;8;4;3;2
2021-01-13 11:32:58;206;64;73;16;4;0;5;8;4;3;2
2021-01-13 11:33:59;206;64;73;16;4;0;5;8;4;3;2
2021-01-13 11:34:59;206;64;73;16;4;0;5;8;4;3;2
2021-01-13 11:35:58;207;64;73;17;4;0;5;8;4;3;2
2021-01-13 11:36:59;208;64;73;17;4;0;5;8;4;3;2
2021-01-13 11:37:59;208;64;73;17;4;0;5;8;4;3;2
2021-01-13 11:38:58;209;65;73;17;4;0;5;8;4;3;2
2021-01-13 11:39:59;209;65;73;17;4;0;5;8;4;3;2
2021-01-13 11:40:59;209;65;73;17;4;0;5;8;4;3;2
2021-01-13 11:41:58;209;65;73;17;4;0;5;8;4;3;2
2021-01-13 11:42:59;209;65;73;17;4;0;5;8;4;3;2
2021-01-13 11:43:58;209;65;73;17;4;0;5;8;4;3;2
2021-01-13 11:44:59;209;65;73;17;4;0;5;8;4;3;2
2021-01-13 11:45:58;210;65;73;17;5;0;5;8;4;3;2
2021-01-13 11:46:59;210;65;73;17;5;0;5;8;4;3;2
2021-01-13 11:47:59;210;66;72;17;5;0;5;8;4;3;2
2021-01-13 11:48:58;210;66;72;17;5;0;5;8;4;3;2
2021-01-13 11:49:59;211;67;72;17;5;0;5;8;4;3;2
2021-01-13 11:50:58;212;68;72;17;5;0;5;8;4;3;2
2021-01-13 11:51:59;212;68;72;17;5;0;5;8;4;3;2
2021-01-13 11:52:58;213;69;72;17;5;0;5;8;4;3;2
2021-01-13 11:53:59;213;69;72;17;5;0;5;8;4;3;2
2021-01-13 11:54:59;214;70;72;17;5;0;5;8;4;3;2
2021-01-13 11:55:58;216;71;72;17;6;0;5;8;4;3;2
2021-01-13 11:56:59;217;72;72;17;6;0;5;8;4;3;2
2021-01-13 11:57:58;217;72;72;17;6;0;5;8;4;3;2
2021-01-13 11:58:59;217;72;72;17;6;0;5;8;4;3;2
2021-01-13 11:59:59;218;72;72;18;6;0;5;8;4;3;2
2021-01-13 12:00:58;218;72;72;18;6;0;5;8;4;3;2
2021-01-13 12:01:59;221;73;73;19;6;0;5;8;4;3;2
2021-01-13 12:02:59;222;73;73;20;6;0;5;8;4;3;2
2021-01-13 12:03:58;222;73;73;20;6;0;5;8;4;3;2
2021-01-13 12:04:59;222;73;73;20;6;0;5;8;4;3;2
2021-01-13 12:05:59;222;73;73;20;6;0;5;8;4;3;2
2021-01-13 12:06:58;222;73;73;20;6;0;5;8;4;3;2
2021-01-13 12:07:59;222;73;73;20;6;0;5;8;4;3;2
2021-01-13 12:08:58;223;74;73;20;6;0;5;8;4;3;2
2021-01-13 12:09:59;223;74;73;20;6;0;5;8;4;3;2
2021-01-13 12:10:59;223;74;73;20;6;0;5;8;4;3;2
2021-01-13 12:11:58;223;74;73;20;6;0;5;8;4;3;2
2021-01-13 12:12:59;223;74;73;20;6;0;5;8;4;3;2
2021-01-13 12:13:59;223;74;73;20;6;0;5;8;4;3;2
2021-01-13 12:14:58;223;74;73;20;6;0;5;8;4;3;2
2021-01-13 12:15:59;224;74;73;20;6;0;6;8;4;3;2
2021-01-13 12:16:59;224;74;73;20;6;0;6;8;4;3;2
2021-01-13 12:17:58;224;74;73;20;6;0;6;8;4;3;2
2021-01-13 12:18:59;224;74;73;20;6;0;6;8;4;3;2
2021-01-13 12:19:59;224;74;73;20;6;0;6;8;4;3;2
2021-01-13 12:20:58;225;74;73;20;6;0;6;8;4;3;2
2021-01-13 12:21:59;225;74;73;20;6;0;6;8;4;3;2
2021-01-13 12:22:59;225;74;73;20;6;0;6;8;4;3;2
2021-01-13 12:23:58;225;74;73;20;6;0;6;8;4;3;2
2021-01-13 12:24:59;225;74;73;20;6;0;6;8;4;3;2
2021-01-13 12:26:00;225;74;73;20;6;0;6;8;4;3;2
2021-01-13 12:26:58;225;74;73;20;6;0;6;8;4;3;2
2021-01-13 12:27:59;225;74;73;20;6;0;6;8;4;3;2
2021-01-13 12:28:58;225;74;73;20;6;0;6;8;4;3;2
2021-01-13 12:29:59;225;74;73;20;6;0;6;8;4;3;2
2021-01-13 12:30:59;225;74;73;20;6;0;6;8;4;3;2
2021-01-13 12:31:59;226;74;74;20;6;0;6;8;4;3;2
2021-01-13 12:32:58;227;75;74;20;6;0;6;8;4;3;2
2021-01-13 12:33:59;228;76;74;20;6;0;6;8;4;3;2
2021-01-13 12:34:58;228;76;74;20;6;0;6;8;4;3;2
2021-01-13 12:35:59;228;76;74;20;6;0;6;8;4;3;2
2021-01-13 12:36:58;229;77;74;20;6;0;6;8;4;3;2
2021-01-13 12:37:59;229;77;74;20;6;0;6;8;4;3;2
2021-01-13 12:38:58;229;77;74;20;6;0;6;8;4;3;2
2021-01-13 12:39:59;230;78;74;20;6;0;6;8;4;3;2
2021-01-13 12:40:58;230;78;74;20;6;0;6;8;4;3;2
2021-01-13 12:41:59;230;78;74;20;6;0;6;8;4;3;2
2021-01-13 12:42:59;230;78;74;20;6;0;6;8;4;3;2
2021-01-13 12:43:58;230;78;74;20;6;0;6;8;4;3;2
2021-01-13 12:44:59;230;78;74;20;6;0;6;8;4;3;2
2021-01-13 12:45:58;229;78;74;20;6;0;6;8;4;3;2
2021-01-13 12:46:59;229;78;74;20;6;0;6;8;4;3;2
2021-01-13 12:47:59;230;78;75;20;6;0;6;8;4;3;2
2021-01-13 12:48:59;230;78;75;20;6;0;6;8;4;3;2
2021-01-13 12:49:58;231;78;75;20;6;0;6;8;4;4;2
2021-01-13 12:50:59;231;78;75;20;6;0;6;8;4;4;2
2021-01-13 12:51:59;231;78;75;20;6;0;6;8;4;4;2
2021-01-13 12:52:58;231;78;75;20;6;0;6;8;4;4;2
2021-01-13 12:53:59;231;78;75;20;6;0;6;8;4;4;2
2021-01-13 12:54:59;231;78;75;20;6;0;6;8;4;4;2
2021-01-13 12:55:58;231;78;75;20;6;0;6;8;4;4;2
2021-01-13 12:56:59;231;78;75;20;6;0;6;8;4;4;2
2021-01-13 12:57:59;232;79;75;20;6;0;6;8;4;4;2
2021-01-13 12:58:58;232;79;75;20;6;0;6;8;4;4;2
2021-01-13 12:59:59;232;79;75;20;6;0;6;8;4;4;2
2021-01-13 13:00:58;233;79;76;20;6;0;6;8;4;4;2
2021-01-13 13:01:59;234;79;77;20;6;0;6;8;4;4;2
2021-01-13 13:02:59;235;79;77;20;6;0;6;8;4;5;2
2021-01-13 13:03:58;236;80;77;20;6;0;6;8;4;5;2
2021-01-13 13:04:59;236;80;77;20;6;0;6;8;4;5;2
2021-01-13 13:05:59;237;81;77;20;6;0;6;8;4;5;2
2021-01-13 13:06:58;237;81;77;20;6;0;6;8;4;5;2
2021-01-13 13:07:59;237;81;77;20;6;0;6;8;4;5;2
2021-01-13 13:08:59;238;81;78;20;6;0;6;8;4;5;2
2021-01-13 13:09:58;238;81;78;20;6;0;6;8;4;5;2
2021-01-13 13:10:59;240;81;78;21;7;0;6;8;4;5;2
2021-01-13 13:11:58;242;83;78;21;7;0;6;8;4;5;2
2021-01-13 13:12:59;242;83;78;21;7;0;6;8;4;5;2
2021-01-13 13:13:59;242;83;78;21;7;0;6;8;4;5;2
2021-01-13 13:14:58;242;83;78;21;7;0;6;8;4;5;2
2021-01-13 13:15:59;242;83;79;21;7;0;6;7;4;5;2
2021-01-13 13:16:59;242;83;79;21;7;0;6;7;4;5;2
2021-01-13 13:17:58;242;83;79;21;7;0;6;7;4;5;2
2021-01-13 13:18:59;242;82;80;21;7;0;6;7;4;5;2
2021-01-13 13:19:59;242;82;80;21;7;0;6;7;4;5;2
2021-01-13 13:20:58;242;82;80;21;7;0;6;7;4;5;2
2021-01-13 13:21:59;241;82;80;21;7;0;6;7;4;5;2
2021-01-13 13:22:59;241;82;80;21;7;0;6;7;4;5;2
2021-01-13 13:23:58;241;82;80;21;7;0;6;7;4;5;2
2021-01-13 13:24:59;241;82;80;21;7;0;6;7;4;5;2
2021-01-13 13:25:59;243;83;80;21;8;0;6;7;4;5;2
2021-01-13 13:26:58;243;83;80;21;8;0;6;7;4;5;2
2021-01-13 13:27:59;244;83;81;21;8;0;6;7;4;5;2
2021-01-13 13:28:59;244;83;81;21;8;0;6;7;4;5;2
2021-01-13 13:29:58;244;83;81;21;8;0;6;7;4;5;2
2021-01-13 13:30:59;244;83;81;21;8;0;6;7;4;5;2
2021-01-13 13:31:59;244;83;81;21;8;0;6;7;4;5;2
2021-01-13 13:32:59;245;84;81;21;8;0;6;7;4;5;2
2021-01-13 13:33:59;245;84;81;21;8;0;6;7;4;5;2
2021-01-13 13:34:58;246;85;81;21;8;0;6;7;4;5;2
2021-01-13 13:35:59;246;85;81;21;8;0;6;7;4;5;2
2021-01-13 13:36:59;247;86;81;21;8;0;6;7;4;5;2
2021-01-13 13:37:58;247;86;81;21;8;0;6;7;4;5;2
2021-01-13 13:38:59;247;86;81;21;8;0;6;7;4;5;2
2021-01-13 13:39:59;247;86;81;21;8;0;6;7;4;5;2
2021-01-13 13:40:58;247;86;81;21;8;0;6;7;4;5;2
2021-01-13 13:41:59;248;86;81;21;8;0;6;7;4;5;2
2021-01-13 13:42:58;248;87;80;21;8;0;6;7;4;5;2
2021-01-13 13:43:59;248;87;80;21;8;0;6;7;4;5;2
2021-01-13 13:44:59;248;87;80;21;8;0;6;7;4;5;2
2021-01-13 13:45:58;248;87;80;21;8;0;6;7;4;5;2
2021-01-13 13:46:59;248;87;80;21;8;0;6;7;4;5;2
2021-01-13 13:47:59;248;87;80;21;8;0;6;7;4;5;2
2021-01-13 13:48:58;249;88;80;21;8;0;6;7;4;5;2
2021-01-13 13:49:59;250;89;80;21;8;0;6;7;4;5;2
2021-01-13 13:50:59;250;89;80;21;8;0;6;7;4;5;2
2021-01-13 13:51:58;250;89;80;21;8;0;6;7;4;5;2
2021-01-13 13:52:59;250;89;80;21;8;0;6;7;4;5;2
2021-01-13 13:54:00;250;89;80;21;8;0;6;7;4;5;2
2021-01-13 13:54:58;252;91;80;21;8;0;6;7;4;5;2
2021-01-13 13:55:59;253;92;80;21;8;0;6;7;4;5;2
2021-01-13 13:56:58;255;92;82;21;8;0;6;7;4;5;2
2021-01-13 13:57:59;255;92;83;21;8;0;6;7;4;5;2
2021-01-13 13:58:59;255;92;83;21;8;0;6;7;4;5;2
2021-01-13 13:59:59;256;93;83;21;8;0;6;7;4;5;2
2021-01-13 14:00:58;258;94;84;21;8;0;6;7;4;5;2
2021-01-13 14:01:59;258;94;84;21;8;0;6;7;4;5;2
2021-01-13 14:02:58;258;94;84;21;8;0;6;7;4;5;2
2021-01-13 14:03:59;258;95;83;21;8;0;6;7;4;5;2
2021-01-13 14:04:59;258;95;83;21;8;0;6;7;4;5;2
2021-01-13 14:05:58;258;95;83;21;8;0;6;7;4;5;2
2021-01-13 14:06:59;259;95;84;21;8;0;6;7;4;5;2
2021-01-13 14:08:00;259;95;84;21;8;0;6;7;4;5;2
2021-01-13 14:08:58;259;95;84;21;8;0;6;7;4;5;2
2021-01-13 14:09:59;261;96;84;22;8;0;6;7;4;5;2
2021-01-13 14:10:59;261;96;84;22;8;0;6;7;4;5;2
2021-01-13 14:11:59;261;96;84;22;8;0;6;7;4;5;2
2021-01-13 14:12:58;261;96;84;22;8;0;6;7;4;5;2
2021-01-13 14:13:59;262;97;84;22;8;0;6;7;4;5;2
2021-01-13 14:14:59;263;97;85;22;8;0;6;7;4;5;2
2021-01-13 14:15:58;263;97;85;22;8;0;6;7;4;5;2
2021-01-13 14:16:59;263;97;85;22;8;0;6;7;4;5;2
2021-01-13 14:17:58;264;97;86;22;8;0;6;7;4;5;2
2021-01-13 14:18:59;264;97;86;22;8;0;6;7;4;5;2
2021-01-13 14:19:59;264;97;86;22;8;0;6;7;4;5;2
2021-01-13 14:20:58;264;97;86;22;8;0;6;7;4;5;2
2021-01-13 14:21:59;264;97;86;22;8;0;6;7;4;5;2
2021-01-13 14:22:59;264;97;86;22;8;0;6;7;4;5;2
2021-01-13 14:23:58;265;98;86;22;8;0;6;7;4;5;2
2021-01-13 14:24:59;265;98;86;22;8;0;6;7;4;5;2
2021-01-13 14:25:59;265;98;86;22;8;0;6;7;4;5;2
2021-01-13 14:26:58;265;98;86;22;8;0;6;7;4;5;2
2021-01-13 14:27:59;265;98;86;22;8;0;6;7;4;5;2
2021-01-13 14:28:59;265;98;86;22;8;0;6;7;4;5;2
2021-01-13 14:29:58;265;98;86;22;8;0;6;7;4;5;2
2021-01-13 14:30:59;265;98;86;22;8;0;6;7;4;5;2
2021-01-13 14:31:58;265;98;86;22;8;0;6;7;4;5;2
2021-01-13 14:32:59;265;99;85;22;8;0;6;7;4;5;2
2021-01-13 14:33:59;265;99;85;22;8;0;6;7;4;5;2
2021-01-13 14:34:58;265;99;85;22;8;0;6;7;4;5;2
2021-01-13 14:35:59;265;99;85;22;8;0;6;7;4;5;2
2021-01-13 14:36:59;266;99;85;22;8;0;6;7;4;5;2
2021-01-13 14:37:58;266;99;85;22;8;0;6;7;4;5;2
2021-01-13 14:38:59;266;99;85;22;8;0;6;7;4;5;2
2021-01-13 14:39:58;267;99;86;22;8;0;6;7;4;5;2
2021-01-13 14:40:59;267;99;86;22;8;0;6;7;4;5;2
2021-01-13 14:41:59;268;100;86;22;8;0;6;7;4;5;2
2021-01-13 14:42:59;269;101;86;22;8;0;6;7;4;5;2
2021-01-13 14:43:58;272;102;88;22;8;0;6;7;4;5;2
2021-01-13 14:44:59;272;102;88;22;8;0;6;7;4;5;2
2021-01-13 14:45:58;273;102;89;22;8;0;6;7;4;5;2
2021-01-13 14:46:59;273;103;89;22;8;0;6;7;4;5;0
2021-01-13 14:47:59;273;103;89;22;8;0;6;7;4;5;0
2021-01-13 14:48:59;275;105;89;22;8;0;6;7;4;5;0
2021-01-13 14:49:58;275;105;89;22;8;0;6;7;4;5;0
2021-01-13 14:50:59;275;105;89;22;8;0;6;7;4;5;0
2021-01-13 14:51:58;276;106;89;22;8;0;6;7;4;5;0
2021-01-13 14:52:59;276;106;89;22;8;0;6;7;4;5;0
2021-01-13 14:53:59;276;106;89;22;8;0;6;7;4;5;0
2021-01-13 14:54:58;276;106;89;22;8;0;6;7;4;5;0
2021-01-13 14:55:59;276;106;89;22;8;0;6;7;4;5;0
2021-01-13 14:56:59;276;106;89;22;8;0;6;7;4;5;0
2021-01-13 14:57:58;276;106;89;22;8;0;6;7;4;5;0
2021-01-13 14:58:59;276;106;89;22;8;0;6;7;4;5;0
2021-01-13 14:59:59;277;106;89;22;8;2;6;7;4;5;2
2021-01-13 15:00:58;278;106;89;22;9;2;6;7;4;5;2
2021-01-13 15:01:59;278;106;89;22;9;2;6;7;4;5;2
2021-01-13 15:02:59;278;106;89;22;9;2;6;7;4;5;2
2021-01-13 15:03:58;278;106;89;22;9;2;6;7;4;5;2
2021-01-13 15:04:59;278;107;88;22;9;2;6;7;4;5;2
2021-01-13 15:05:58;280;108;89;22;9;2;6;7;4;5;2
2021-01-13 15:06:59;280;108;89;22;9;2;6;7;4;5;2
2021-01-13 15:07:59;280;108;89;22;9;2;6;7;4;5;2
2021-01-13 15:08:58;280;108;89;22;9;2;6;7;4;5;2
2021-01-13 15:09:59;282;108;90;22;9;2;6;7;4;5;3
2021-01-13 15:10:59;282;108;90;22;9;2;6;7;4;5;3
2021-01-13 15:11:58;282;108;90;22;9;2;6;7;4;5;3
2021-01-13 15:12:59;282;108;90;22;9;2;6;7;4;5;3
2021-01-13 15:13:59;283;109;90;22;9;2;6;7;4;5;3
2021-01-13 15:14:58;284;110;90;22;9;2;6;7;4;5;3
2021-01-13 15:15:59;285;110;91;22;9;2;6;7;4;5;3
2021-01-13 15:16:59;285;110;91;22;9;2;6;7;4;5;3
2021-01-13 15:17:58;287;112;91;22;9;2;6;7;4;5;3
2021-01-13 15:18:59;287;113;91;22;9;2;6;6;4;5;3
2021-01-13 15:19:58;288;114;91;22;9;2;6;6;4;5;3
2021-01-13 15:20:59;288;114;91;22;9;2;6;6;4;5;3
2021-01-13 15:21:59;289;115;91;22;9;2;6;6;4;5;3
2021-01-13 15:22:58;289;115;91;22;9;2;6;6;4;5;3
2021-01-13 15:23:59;290;116;91;22;9;2;6;6;4;5;3
2021-01-13 15:24:59;290;116;91;22;9;2;6;6;4;5;3
2021-01-13 15:25:58;290;116;91;22;9;2;6;6;4;5;3
2021-01-13 15:26:59;290;116;91;22;9;2;6;6;4;5;3
2021-01-13 15:27:59;290;116;91;22;9;2;6;6;4;5;3
2021-01-13 15:28:58;291;116;91;22;9;2;6;6;4;5;3
2021-01-13 15:29:59;291;116;91;22;9;2;6;6;4;5;3
2021-01-13 15:30:59;291;117;90;22;9;2;6;6;4;5;3
2021-01-13 15:31:58;291;117;90;22;9;2;6;6;4;5;3
2021-01-13 15:32:59;292;118;90;22;9;2;6;6;4;5;3
2021-01-13 15:33:58;292;118;90;22;9;2;6;6;4;5;3
2021-01-13 15:34:59;292;118;90;22;9;2;6;6;4;5;3
2021-01-13 15:35:59;292;118;90;22;9;2;6;6;4;5;3
2021-01-13 15:36:58;294;120;90;22;9;2;6;6;4;5;3
2021-01-13 15:37:59;294;120;90;22;9;2;6;6;4;5;3
2021-01-13 15:38:59;294;120;90;22;9;2;6;6;4;5;3
2021-01-13 15:39:58;294;120;90;22;9;2;6;6;4;5;3
2021-01-13 15:40:59;294;120;90;22;9;2;6;6;4;5;3
2021-01-13 15:41:59;294;120;90;22;9;2;6;6;4;5;3
2021-01-13 15:42:58;294;120;90;22;9;2;6;6;4;5;3
2021-01-13 15:43:59;295;121;90;22;9;2;6;6;4;5;3
2021-01-13 15:44:58;295;121;90;22;9;2;6;6;4;5;3
2021-01-13 15:45:59;295;121;90;22;9;2;6;6;4;5;3
2021-01-13 15:46:59;295;121;90;22;9;2;6;6;4;5;3
2021-01-13 15:47:58;295;121;90;22;9;2;6;6;4;5;3
2021-01-13 15:48:59;295;121;90;22;9;2;6;6;4;5;3
2021-01-13 15:49:59;295;121;90;22;9;2;6;6;4;5;3
2021-01-13 15:50:58;296;124;89;21;9;2;6;6;4;5;3
2021-01-13 15:51:59;297;124;90;21;9;2;6;6;4;5;3
2021-01-13 15:52:59;297;124;90;21;9;2;6;6;4;5;3
2021-01-13 15:53:58;299;125;90;21;9;3;6;6;4;5;3
2021-01-13 15:54:59;301;127;90;21;9;3;6;6;4;5;3
2021-01-13 15:55:58;302;128;90;21;9;3;6;6;4;5;3
2021-01-13 15:56:59;303;128;91;21;9;3;6;6;4;5;3
2021-01-13 15:57:59;303;128;91;21;9;3;6;6;4;5;3
2021-01-13 15:58:58;303;128;91;21;9;3;6;6;4;5;3
2021-01-13 15:59:59;303;128;91;21;9;3;6;6;4;5;3
2021-01-13 16:00:59;305;129;91;22;9;3;6;6;4;5;3
2021-01-13 16:01:58;306;130;91;22;9;3;6;6;4;5;3
2021-01-13 16:02:59;307;131;91;22;9;3;6;6;4;5;3
2021-01-13 16:03:59;307;131;91;22;9;3;6;6;4;5;3
2021-01-13 16:04:58;307;131;91;22;9;3;6;6;4;5;3
2021-01-13 16:05:59;307;131;91;22;9;3;6;6;4;5;3
2021-01-13 16:06:59;306;131;90;22;9;3;6;6;4;5;3
2021-01-13 16:07:58;307;132;90;22;9;3;6;6;4;5;3
2021-01-13 16:08:59;307;132;90;22;9;3;6;6;4;5;3
2021-01-13 16:09:59;307;133;89;22;9;3;6;6;4;5;3
2021-01-13 16:10:59;307;132;90;22;9;3;6;6;4;5;3
2021-01-13 16:11:59;307;132;90;22;9;3;6;6;4;5;3
2021-01-13 16:12:59;307;132;90;22;9;3;6;6;4;5;3
2021-01-13 16:13:58;307;132;90;22;9;3;6;6;4;5;3
2021-01-13 16:14:59;309;133;90;22;9;3;6;6;4;6;3
2021-01-13 16:15:59;309;133;90;22;9;3;6;6;4;6;3
2021-01-13 16:16:58;311;135;90;22;9;3;6;6;4;6;3
2021-01-13 16:17:59;311;135;90;22;9;3;6;6;4;6;3
2021-01-13 16:19:00;311;135;90;22;9;3;6;6;4;6;3
2021-01-13 16:19:58;311;135;90;22;9;3;6;6;4;6;3
2021-01-13 16:20:59;311;135;90;22;9;3;6;6;4;6;3
2021-01-13 16:21:58;311;135;90;22;9;3;6;6;4;6;3
2021-01-13 16:22:59;311;136;90;22;9;3;6;6;4;5;3
2021-01-13 16:23:59;311;136;90;22;9;3;6;6;4;5;3
2021-01-13 16:24:58;311;136;90;22;9;3;6;6;4;5;3
2021-01-13 16:25:59;311;136;90;22;9;3;6;6;4;5;3
2021-01-13 16:26:59;311;136;90;22;9;3;6;6;4;5;3
2021-01-13 16:27:58;311;136;90;22;9;3;6;6;4;5;3
2021-01-13 16:28:59;311;136;90;22;9;3;6;6;4;5;3
2021-01-13 16:29:59;311;136;90;22;9;3;6;6;4;5;3
2021-01-13 16:30:58;311;136;90;22;9;3;6;6;4;5;3
2021-01-13 16:31:59;312;137;90;22;9;3;6;6;4;5;3
2021-01-13 16:32:59;312;137;90;22;9;3;6;6;4;5;3
2021-01-13 16:33:58;313;138;90;22;9;3;6;6;4;5;3
2021-01-13 16:34:59;314;139;90;22;9;3;6;6;4;5;3
2021-01-13 16:35:58;314;139;90;22;9;3;6;6;4;5;3
2021-01-13 16:36:59;314;139;90;22;9;3;6;6;4;5;3
2021-01-13 16:37:59;315;140;90;22;9;3;6;6;4;5;3
2021-01-13 16:38:58;315;140;90;22;9;3;6;6;4;5;3
2021-01-13 16:39:59;316;141;90;22;9;3;6;6;4;5;3
2021-01-13 16:40:58;317;142;90;22;9;3;6;6;4;5;3
2021-01-13 16:41:59;317;142;90;22;9;3;6;6;4;5;3
2021-01-13 16:42:58;317;142;90;22;9;3;6;6;4;5;3
2021-01-13 16:43:59;318;143;90;22;9;3;6;6;4;5;3
2021-01-13 16:44:59;318;143;90;22;9;3;6;6;4;5;3
2021-01-13 16:45:58;318;143;90;22;9;3;6;6;4;5;3
2021-01-13 16:46:59;319;144;90;22;9;3;6;6;4;5;3
2021-01-13 16:47:59;320;144;91;22;9;3;6;6;4;5;3
2021-01-13 16:48:59;320;144;91;22;9;3;6;6;4;5;3
2021-01-13 16:49:58;320;144;91;22;9;3;6;6;4;5;3
2021-01-13 16:50:59;321;145;91;22;9;3;6;6;4;5;3
2021-01-13 16:51:59;321;145;91;22;9;3;6;6;4;5;3
2021-01-13 16:52:58;321;145;91;22;9;3;6;6;4;5;3
2021-01-13 16:53:59;321;145;91;22;9;3;6;6;4;5;3
2021-01-13 16:54:59;322;146;91;22;9;3;6;6;4;5;3
2021-01-13 16:55:59;322;146;91;22;9;3;6;6;4;5;3
2021-01-13 16:56:58;322;146;91;22;9;3;6;6;4;5;3
2021-01-13 16:57:59;324;148;91;22;9;3;6;6;4;5;3
2021-01-13 16:58:59;324;148;91;22;9;3;6;6;4;5;3
2021-01-13 16:59:58;324;148;91;22;9;3;6;6;4;5;3
2021-01-13 17:00:59;324;148;91;22;9;3;6;6;4;5;3
2021-01-13 17:01:59;324;148;91;22;9;3;6;6;4;5;3
2021-01-13 17:02:59;324;148;91;22;9;3;6;6;4;5;3
2021-01-13 17:03:59;324;148;91;22;9;3;6;6;4;5;3
2021-01-13 17:04:58;325;148;92;22;9;3;6;6;4;5;3
2021-01-13 17:05:59;325;148;92;22;9;3;6;6;4;5;3
2021-01-13 17:06:58;325;148;92;22;9;3;6;6;4;5;3
2021-01-13 17:07:59;325;148;92;22;9;3;6;6;4;5;3
2021-01-13 17:08:59;325;148;92;22;9;3;6;6;4;5;3
2021-01-13 17:09:58;325;148;92;22;9;3;6;6;4;5;3
2021-01-13 17:10:59;325;148;92;22;9;3;6;6;4;5;3
2021-01-13 17:11:59;325;148;92;22;9;3;6;6;4;5;3
2021-01-13 17:12:58;325;148;92;22;9;3;6;6;4;5;3
2021-01-13 17:13:59;325;148;92;22;9;3;6;6;4;5;3
2021-01-13 17:14:59;326;149;92;22;9;3;6;6;4;5;3
2021-01-13 17:15:58;328;149;92;22;10;4;6;6;4;5;3
2021-01-13 17:16:59;328;149;92;22;10;4;6;6;4;5;3
2021-01-13 17:17:58;329;149;92;22;11;4;6;6;4;5;3
2021-01-13 17:18:59;329;149;92;22;11;4;6;6;4;5;3
2021-01-13 17:19:59;329;149;92;22;11;4;6;6;4;5;3
2021-01-13 17:20:58;330;150;92;22;11;4;6;6;4;5;3
2021-01-13 17:21:59;330;150;92;22;11;4;6;6;4;5;3
2021-01-13 17:23:00;330;150;92;22;11;4;6;6;4;5;3
2021-01-13 17:23:58;330;151;91;22;11;4;6;6;4;5;3
2021-01-13 17:24:59;330;151;91;22;11;4;6;6;4;5;3
2021-01-13 17:25:59;330;151;91;22;11;4;6;6;4;5;3
2021-01-13 17:26:58;330;151;91;22;11;4;6;6;4;5;3
2021-01-13 17:27:59;330;151;91;22;11;4;6;6;4;5;3
2021-01-13 17:28:58;330;151;91;22;11;4;6;6;4;5;3
2021-01-13 17:29:59;330;151;91;22;11;4;6;6;4;5;3
2021-01-13 17:30:59;330;151;91;22;11;4;6;6;4;5;3
2021-01-13 17:31:58;330;151;91;22;11;4;6;6;4;5;3
2021-01-13 17:32:59;331;152;91;22;11;4;6;6;4;5;3
2021-01-13 17:33:59;331;152;91;22;11;4;6;6;4;5;3
2021-01-13 17:34:58;331;152;91;22;11;4;6;6;4;5;3
2021-01-13 17:35:59;332;152;91;22;11;5;6;6;4;5;3
2021-01-13 17:36:59;332;152;91;22;11;5;6;6;4;5;3
2021-01-13 17:37:58;331;152;91;22;11;5;6;6;4;5;3
2021-01-13 17:38:59;331;152;91;22;11;5;6;6;4;5;3
2021-01-13 17:39:59;331;152;91;22;11;5;6;6;4;5;3
2021-01-13 17:40:58;332;153;91;22;11;5;6;6;4;5;3
2021-01-13 17:41:59;332;153;91;22;11;5;6;6;4;5;3
2021-01-13 17:42:59;332;153;91;22;11;5;6;6;4;5;3
2021-01-13 17:43:58;333;154;91;22;11;5;6;6;4;5;3
2021-01-13 17:44:59;333;154;91;22;11;5;6;6;4;5;3
2021-01-13 17:45:58;333;154;91;22;11;5;6;6;4;5;3
2021-01-13 17:46:59;333;154;91;22;11;5;6;6;4;5;3
2021-01-13 17:47:59;333;154;91;22;11;5;6;6;4;5;3
2021-01-13 17:48:58;333;153;92;22;11;5;6;6;4;5;3
2021-01-13 17:49:59;333;153;92;22;11;5;6;6;4;5;3
2021-01-13 17:50:58;333;153;92;22;11;5;6;6;4;5;3
2021-01-13 17:51:59;333;152;92;22;11;6;6;6;4;5;3
2021-01-13 17:52:59;333;152;92;22;11;6;6;6;4;5;3
2021-01-13 17:53:58;334;153;92;22;11;6;6;6;4;5;3
2021-01-13 17:54:59;334;153;92;22;11;6;6;6;4;5;3
2021-01-13 17:55:58;334;153;92;22;11;6;6;6;4;5;3
2021-01-13 17:56:58;334;153;92;22;11;6;6;6;4;5;3
2021-01-13 17:57:59;334;153;92;22;11;6;6;6;4;5;3
2021-01-13 17:58:58;333;153;91;22;11;6;6;6;4;5;3
2021-01-13 17:59:59;333;153;91;22;11;6;6;6;4;5;3
2021-01-13 18:00:58;333;153;91;22;11;6;6;6;4;5;3
2021-01-13 18:01:59;333;153;91;22;11;6;6;6;4;5;3
2021-01-13 18:02:59;333;153;91;22;11;6;6;6;4;5;3
2021-01-13 18:03:58;333;153;91;22;11;6;6;6;4;5;3
2021-01-13 18:04:59;333;153;91;22;11;6;6;6;4;5;3
2021-01-13 18:06:00;334;153;92;22;11;6;6;6;4;5;3
2021-01-13 18:06:58;334;153;92;22;11;6;6;6;4;5;3
2021-01-13 18:07:59;334;153;92;22;11;6;6;6;4;5;3
2021-01-13 18:08:58;334;153;92;22;11;6;6;6;4;5;3
2021-01-13 18:09:59;334;153;92;22;11;6;6;6;4;5;3
2021-01-13 18:10:59;334;153;92;22;11;6;6;6;4;5;3
2021-01-13 18:11:58;334;153;92;22;11;6;6;6;4;5;3
2021-01-13 18:12:59;334;153;92;22;11;6;6;6;4;5;3
2021-01-13 18:13:59;334;153;92;22;11;6;6;6;4;5;3
2021-01-13 18:14:58;335;154;92;22;11;6;6;6;4;5;3
2021-01-13 18:15:59;335;154;92;22;11;6;6;6;4;5;3
2021-01-13 18:16:58;333;152;92;22;11;6;6;6;4;5;3
2021-01-13 18:17:59;331;150;92;22;11;6;6;6;4;5;3
2021-01-13 18:18:59;331;150;92;22;11;6;6;6;4;5;3
2021-01-13 18:19:58;331;150;92;22;11;6;6;6;4;5;3
2021-01-13 18:20:59;331;150;92;22;11;6;6;6;4;5;3
2021-01-13 18:21:59;331;150;92;22;11;6;6;6;4;5;3
2021-01-13 18:22:58;332;150;93;22;11;6;6;6;4;5;3
2021-01-13 18:23:59;332;150;93;22;11;6;6;6;4;5;3
2021-01-13 18:24:59;332;150;93;22;11;6;6;6;4;5;3
2021-01-13 18:25:58;333;151;93;22;11;6;6;6;4;5;3
2021-01-13 18:26:59;333;151;93;22;11;6;6;6;4;5;3
2021-01-13 18:27:59;333;151;93;22;11;6;6;6;4;5;3
2021-01-13 18:28:58;333;151;93;22;11;6;6;6;4;5;3
2021-01-13 18:29:59;333;151;93;22;11;6;6;6;4;5;3
2021-01-13 18:30:58;334;152;93;22;11;6;6;6;4;5;3
2021-01-13 18:31:59;334;152;93;22;11;6;6;6;4;5;3
2021-01-13 18:32:59;334;152;93;22;11;6;6;6;4;5;3
2021-01-13 18:33:58;334;152;93;22;11;6;6;6;4;5;3
2021-01-13 18:34:59;334;152;93;22;11;6;6;6;4;5;3
2021-01-13 18:35:59;334;152;93;22;11;6;6;6;4;5;3
2021-01-13 18:36:58;334;152;93;22;11;6;6;6;4;5;3
2021-01-13 18:37:59;334;152;93;22;11;6;6;6;4;5;3
2021-01-13 18:38:59;334;152;93;22;11;6;6;6;4;5;3
2021-01-13 18:39:58;334;152;93;22;11;6;6;6;4;5;3
2021-01-13 18:40:59;334;152;93;22;11;6;6;6;4;5;3
2021-01-13 18:41:58;334;152;93;22;11;6;6;6;4;5;3
2021-01-13 18:42:59;334;152;93;22;11;6;6;6;4;5;3
2021-01-13 18:43:59;335;152;93;22;11;6;6;6;4;5;3
2021-01-13 18:44:59;336;153;93;22;11;6;6;6;4;5;3
2021-01-13 18:45:58;336;153;93;22;11;6;6;6;4;5;3
2021-01-13 18:46:59;336;153;93;22;11;6;6;6;4;5;3
2021-01-13 18:47:58;336;153;93;22;11;6;6;6;4;5;3
2021-01-13 18:48:59;336;153;93;22;11;6;6;6;4;5;3
2021-01-13 18:49:58;336;153;93;22;11;6;6;6;4;5;3
2021-01-13 18:50:59;336;153;93;22;11;6;6;6;4;5;3
2021-01-13 18:51:59;337;153;94;22;11;6;6;6;4;5;3
2021-01-13 18:52:58;339;153;94;22;12;7;6;6;4;5;3
2021-01-13 18:53:59;339;153;94;22;12;7;6;6;4;5;3
2021-01-13 18:54:59;339;153;94;22;12;7;6;6;4;5;3
2021-01-13 18:55:58;339;153;94;22;12;7;6;6;4;5;3
2021-01-13 18:56:59;339;153;94;22;12;7;6;6;4;5;3
2021-01-13 18:57:59;339;153;94;22;12;7;6;6;4;5;3
2021-01-13 18:58:58;340;154;94;22;12;7;6;6;4;5;3
2021-01-13 18:59:59;340;154;94;22;12;7;6;6;4;5;3
2021-01-13 19:00:59;340;154;94;22;12;7;6;6;4;5;3
2021-01-13 19:01:58;341;155;94;22;12;7;6;6;4;5;3
2021-01-13 19:02:59;341;155;94;22;12;7;6;6;4;5;3
2021-01-13 19:03:59;341;155;94;22;12;7;6;6;4;5;3
2021-01-13 19:04:58;341;155;94;22;12;7;6;6;4;5;3
2021-01-13 19:05:59;342;156;94;22;12;7;6;6;4;5;3
2021-01-13 19:06:58;342;156;94;22;12;7;6;6;4;5;3
2021-01-13 19:07:59;342;156;94;22;12;7;6;6;4;5;3
2021-01-13 19:08:59;343;156;94;22;13;7;6;6;4;5;3
2021-01-13 19:09:58;343;156;94;22;13;7;6;6;4;5;3
2021-01-13 19:10:59;343;156;94;22;13;7;6;6;4;5;3
2021-01-13 19:11:59;343;157;93;22;13;7;6;6;4;5;3
2021-01-13 19:12:58;344;158;93;22;13;7;6;6;4;5;3
2021-01-13 19:13:59;344;158;93;22;13;7;6;6;4;5;3
2021-01-13 19:14:59;344;158;93;22;13;7;6;6;4;5;3
2021-01-13 19:15:58;344;158;93;22;13;7;6;6;4;5;3
2021-01-13 19:16:59;346;160;93;22;13;7;6;6;4;5;3
2021-01-13 19:17:59;347;161;93;22;13;7;6;6;4;5;3
2021-01-13 19:18:58;347;161;93;22;13;7;6;6;4;5;3
2021-01-13 19:19:59;347;161;93;22;13;7;6;6;4;5;3
2021-01-13 19:20:59;347;161;93;22;13;7;6;6;4;5;3
2021-01-13 19:21:58;347;161;93;22;13;7;6;6;4;5;3
2021-01-13 19:22:59;347;161;93;22;13;7;6;6;4;5;3
2021-01-13 19:23:58;347;161;93;22;13;7;6;6;4;5;3
2021-01-13 19:24:59;347;161;93;22;13;7;6;6;4;5;3
2021-01-13 19:25:59;347;161;93;22;13;7;6;6;4;5;3
2021-01-13 19:26:58;347;161;93;22;13;7;6;6;4;5;3
2021-01-13 19:27:59;347;161;93;22;13;7;6;6;4;5;3
2021-01-13 19:28:59;348;161;93;22;14;7;6;6;4;5;3
2021-01-13 19:30:00;348;161;93;22;14;7;6;6;4;5;3
2021-01-13 19:30:58;348;161;93;22;14;7;6;6;4;5;3
2021-01-13 19:31:59;348;161;93;22;14;7;6;6;4;5;3
2021-01-13 19:32:58;348;161;93;22;14;7;6;6;4;5;3
2021-01-13 19:33:59;348;161;93;22;14;7;6;6;4;5;3
2021-01-13 19:34:58;348;161;93;22;14;7;6;6;4;5;3
2021-01-13 19:35:59;348;161;93;22;14;7;6;6;4;5;3
2021-01-13 19:36:58;348;161;93;22;14;7;6;6;4;5;3
2021-01-13 19:37:59;348;161;93;22;14;7;6;6;4;5;3
2021-01-13 19:38:59;349;162;93;22;14;7;6;6;4;5;3
2021-01-13 19:39:58;350;162;94;22;14;7;6;6;4;5;3
2021-01-13 19:40:59;350;162;94;22;14;7;6;6;4;5;3
2021-01-13 19:41:58;350;162;94;22;14;7;6;6;4;5;3
2021-01-13 19:42:59;350;162;94;22;14;7;6;6;4;5;3
2021-01-13 19:43:59;350;162;94;22;14;7;6;6;4;5;3
2021-01-13 19:44:58;350;162;94;22;14;7;6;6;4;5;3
2021-01-13 19:45:59;350;162;94;22;14;7;6;6;4;5;3
2021-01-13 19:46:59;350;162;94;22;14;7;6;6;4;5;3
2021-01-13 19:47:58;350;162;94;22;14;7;6;6;4;5;3
2021-01-13 19:48:59;350;162;94;22;14;7;6;6;4;5;3
2021-01-13 19:49:59;350;162;94;22;14;7;6;6;4;5;3
2021-01-13 19:50:58;350;162;94;22;14;7;6;6;4;5;3
2021-01-13 19:51:59;351;163;94;22;14;7;6;6;4;5;3
2021-01-13 19:52:59;351;163;94;22;14;7;6;6;4;5;3
2021-01-13 19:53:58;351;163;94;22;14;7;6;6;4;5;3
2021-01-13 19:54:59;352;164;94;22;14;7;6;6;4;5;3
2021-01-13 19:55:58;352;164;94;22;14;7;6;6;4;5;3
2021-01-13 19:56:59;352;164;94;22;14;7;6;6;4;5;3
2021-01-13 19:57:59;352;164;94;22;14;7;6;6;4;5;3
2021-01-13 19:58:58;353;165;94;22;14;7;6;6;4;5;3
2021-01-13 19:59:59;353;165;94;22;14;7;6;6;4;5;3
2021-01-13 20:00:59;353;165;94;22;14;7;6;6;4;5;3
2021-01-13 20:01:58;353;165;94;22;14;7;6;6;4;5;3
2021-01-13 20:02:59;353;165;94;22;14;7;6;6;4;5;3
2021-01-13 20:03:58;353;165;94;22;14;7;6;6;4;5;3
2021-01-13 20:04:59;353;165;94;22;14;7;6;6;4;5;3
2021-01-13 20:05:59;353;165;94;22;14;7;6;6;4;5;3
2021-01-13 20:06:59;353;165;94;22;14;7;6;6;4;5;3
2021-01-13 20:07:58;353;165;94;22;14;7;6;6;4;5;3
2021-01-13 20:08:59;353;165;94;22;14;7;6;6;4;5;3
2021-01-13 20:09:58;353;165;94;22;14;7;6;6;4;5;3
2021-01-13 20:10:59;353;165;94;22;14;7;6;6;4;5;3
2021-01-13 20:11:59;353;165;94;22;14;7;6;6;4;5;3
2021-01-13 20:12:58;353;165;94;22;14;7;6;6;4;5;3
2021-01-13 20:13:59;353;165;94;22;14;7;6;6;4;5;3
2021-01-13 20:14:59;353;165;94;22;14;7;6;6;4;5;3
2021-01-13 20:15:58;354;166;94;22;14;7;6;6;4;5;3
2021-01-13 20:16:59;354;166;94;22;14;7;6;6;4;5;3
2021-01-13 20:17:59;354;166;94;22;14;7;6;6;4;5;3
2021-01-13 20:18:59;354;166;94;22;14;7;6;6;4;5;3
2021-01-13 20:19:58;354;166;94;22;14;7;6;6;4;5;3
2021-01-13 20:20:59;354;166;94;22;14;7;6;6;4;5;3
2021-01-13 20:21:58;354;166;94;22;14;7;6;6;4;5;3
2021-01-13 20:22:59;354;166;94;22;14;7;6;6;4;5;3
2021-01-13 20:23:59;354;166;94;22;14;7;6;6;4;5;3
2021-01-13 20:24:59;354;166;94;22;14;7;6;6;4;5;3
2021-01-13 20:25:58;355;167;94;22;14;7;6;6;4;5;3
2021-01-13 20:26:59;355;167;94;22;14;7;6;6;4;5;3
2021-01-13 20:27:59;355;167;94;22;14;7;6;6;4;5;3
2021-01-13 20:28:58;356;168;94;22;14;7;6;6;4;5;3
2021-01-13 20:29:59;356;167;94;22;14;7;7;6;4;5;3
2021-01-13 20:30:58;356;167;94;22;14;7;7;6;4;5;3
2021-01-13 20:31:59;358;168;94;22;15;7;7;6;4;5;3
2021-01-13 20:32:59;358;168;94;22;15;7;7;6;4;5;3
2021-01-13 20:33:58;358;168;94;22;15;7;7;6;4;5;3
2021-01-13 20:34:59;358;168;93;22;15;8;7;6;4;5;3
2021-01-13 20:35:58;358;168;93;22;15;8;7;6;4;5;3
2021-01-13 20:36:59;358;168;93;22;15;8;7;6;4;5;3
2021-01-13 20:37:58;358;168;93;22;15;8;7;6;4;5;3
2021-01-13 20:38:59;358;168;93;22;15;8;7;6;4;5;3
2021-01-13 20:39:59;358;168;93;22;15;8;7;6;4;5;3
2021-01-13 20:40:58;358;168;93;22;15;8;7;6;4;5;3
2021-01-13 20:41:59;358;168;93;22;15;8;7;6;4;5;3
2021-01-13 20:42:59;358;168;93;22;15;8;7;6;4;5;3
2021-01-13 20:43:58;358;168;93;22;15;8;7;6;4;5;3
2021-01-13 20:44:59;358;168;93;22;15;8;7;6;4;5;3
2021-01-13 20:45:59;358;168;93;22;15;8;7;6;4;5;3
2021-01-13 20:46:58;358;168;93;22;15;8;7;6;4;5;3
2021-01-13 20:47:59;358;168;93;22;15;8;7;6;4;5;3
2021-01-13 20:48:58;358;168;93;22;15;8;7;6;4;5;3
2021-01-13 20:49:59;358;168;93;22;15;8;7;6;4;5;3
2021-01-13 20:50:59;358;168;93;22;15;8;7;6;4;5;3
2021-01-13 20:51:58;358;168;93;22;15;8;7;6;4;5;3
2021-01-13 20:52:59;359;169;93;22;15;8;7;6;4;5;3
2021-01-13 20:53:59;359;169;93;22;15;8;7;6;4;5;3
2021-01-13 20:54:58;359;169;93;22;15;8;7;6;4;5;3
2021-01-13 20:55:59;359;169;93;22;15;8;7;6;4;5;3
2021-01-13 20:56:59;359;169;93;22;15;8;7;6;4;5;3
2021-01-13 20:57:58;359;169;93;22;15;8;7;6;4;5;3
2021-01-13 20:58:59;359;169;93;22;15;8;7;6;4;5;3
2021-01-13 20:59:58;360;170;93;22;15;8;7;6;4;5;3
2021-01-13 21:00:59;361;171;93;22;15;8;7;6;4;5;3
2021-01-13 21:01:59;362;172;93;22;15;8;7;6;4;5;3
2021-01-13 21:02:58;362;172;93;22;15;8;7;6;4;5;3
2021-01-13 21:03:59;362;172;93;22;15;8;7;6;4;5;3
2021-01-13 21:04:59;362;172;93;22;15;8;7;6;4;5;3
2021-01-13 21:05:58;362;172;93;22;15;8;7;6;4;5;3
2021-01-13 21:06:59;362;172;93;22;15;8;7;6;4;5;3
2021-01-13 21:07:59;363;173;93;22;15;8;7;6;4;5;3
2021-01-13 21:09:00;363;173;93;22;15;8;7;6;4;5;3
2021-01-13 21:09:58;363;173;93;22;15;8;7;6;4;5;3
2021-01-13 21:10:59;363;173;93;22;15;8;7;6;4;5;3
2021-01-13 21:11:58;363;172;93;22;15;9;7;6;4;5;3
2021-01-13 21:12:59;363;172;93;22;15;9;7;6;4;5;3
2021-01-13 21:13:58;363;172;93;22;15;9;7;6;4;5;3
2021-01-13 21:14:59;363;172;93;22;15;9;7;6;4;5;3
2021-01-13 21:15:59;362;172;92;22;15;9;7;6;4;5;3
2021-01-13 21:16:58;363;173;92;22;15;9;7;6;4;5;3
2021-01-13 21:17:59;364;174;92;22;15;9;7;6;4;5;3
2021-01-13 21:18:59;364;173;93;22;15;9;7;6;4;5;3
2021-01-13 21:19:58;365;174;93;22;15;9;7;6;4;5;3
2021-01-13 21:20:59;366;174;94;22;15;9;7;6;4;5;3
2021-01-13 21:21:59;366;174;94;22;15;9;7;6;4;5;3
2021-01-13 21:22:58;366;174;94;22;15;9;7;6;4;5;3
2021-01-13 21:23:59;366;174;94;22;15;9;7;6;4;5;3
2021-01-13 21:24:58;366;174;94;22;15;9;7;6;4;5;3
2021-01-13 21:25:59;367;175;94;22;15;9;7;6;4;5;3
2021-01-13 21:26:59;368;176;94;22;15;9;7;6;4;5;3
2021-01-13 21:27:58;368;176;94;22;15;9;7;6;4;5;3
2021-01-13 21:28:59;368;176;94;22;15;9;7;6;4;5;3
2021-01-13 21:29:59;369;176;94;22;15;10;7;6;4;5;3
2021-01-13 21:30:58;369;176;94;22;15;10;7;6;4;5;3
2021-01-13 21:31:59;369;176;94;22;15;10;7;6;4;5;3
2021-01-13 21:32:59;369;176;94;22;15;10;7;6;4;5;3
2021-01-13 21:33:58;370;177;94;22;15;10;7;6;4;5;3
2021-01-13 21:34:59;370;177;94;22;15;10;7;6;4;5;3
2021-01-13 21:35:58;370;177;94;22;15;10;7;6;4;5;3
2021-01-13 21:36:59;370;177;94;22;15;10;7;6;4;5;3
2021-01-13 21:37:59;370;177;94;22;15;10;7;6;4;5;3
2021-01-13 21:38:58;370;177;94;22;15;10;7;6;4;5;3
2021-01-13 21:39:59;370;177;94;22;15;10;7;6;4;5;3
2021-01-13 21:40:59;370;177;94;22;15;10;7;6;4;5;3
2021-01-13 21:41:58;370;177;94;22;15;10;7;6;4;5;3
2021-01-13 21:42:59;370;177;94;22;15;10;7;6;4;5;3
2021-01-13 21:43:58;370;177;94;22;15;10;7;6;4;5;3
2021-01-13 21:44:59;371;177;95;22;15;10;7;6;4;5;3
2021-01-13 21:45:58;371;177;95;22;15;10;7;6;4;5;3
2021-01-13 21:46:59;372;178;95;22;15;10;7;6;4;5;3
2021-01-13 21:47:59;372;178;95;22;15;10;7;6;4;5;3
2021-01-13 21:48:58;372;178;95;22;15;10;7;6;4;5;3
2021-01-13 21:49:59;372;178;95;22;15;10;7;6;4;5;3
2021-01-13 21:50:59;372;178;95;22;15;10;7;6;4;5;3
2021-01-13 21:51:59;372;178;95;22;15;10;7;6;4;5;3
2021-01-13 21:52:58;372;178;95;22;15;10;7;6;4;5;3
2021-01-13 21:53:59;372;178;95;22;15;10;7;6;4;5;3
2021-01-13 21:54:59;372;178;95;22;15;10;7;6;4;5;3
2021-01-13 21:55:58;372;178;95;22;15;10;7;6;4;5;3
2021-01-13 21:56:59;372;178;95;22;15;10;7;6;4;5;3
2021-01-13 21:57:58;372;178;95;22;15;10;7;6;4;5;3
2021-01-13 21:58:59;372;178;95;22;15;11;7;6;4;5;3
2021-01-13 21:59:58;372;178;95;22;15;11;7;6;4;5;3
2021-01-13 22:00:59;372;178;95;22;15;11;7;6;4;5;3
2021-01-13 22:01:58;372;178;95;22;15;11;7;6;4;5;3
2021-01-13 22:02:59;373;179;95;22;15;11;7;6;4;5;3
2021-01-13 22:03:59;375;180;95;22;15;11;7;7;4;5;3
2021-01-13 22:04:58;375;180;95;22;15;11;7;7;4;5;3
2021-01-13 22:05:59;375;180;95;22;15;11;7;7;4;5;3
2021-01-13 22:06:59;377;182;95;22;15;11;7;7;4;5;3
2021-01-13 22:07:58;377;182;95;22;15;11;7;7;4;5;3
2021-01-13 22:08:59;378;183;95;22;15;11;7;7;4;5;3
2021-01-13 22:09:59;378;183;95;22;15;11;7;7;4;5;3
2021-01-13 22:10:58;378;183;95;22;15;11;7;7;4;5;3
2021-01-13 22:11:59;380;184;96;22;15;11;7;7;4;5;3
2021-01-13 22:12:59;380;184;96;22;15;11;7;7;4;5;3
2021-01-13 22:13:58;379;183;96;22;15;11;7;7;4;5;3
2021-01-13 22:14:59;379;183;96;22;15;11;7;7;4;5;3
2021-01-13 22:15:59;379;183;96;22;15;11;7;7;4;5;3
2021-01-13 22:16:58;380;184;96;22;15;11;7;7;4;5;3
2021-01-13 22:17:59;380;184;96;22;15;11;7;7;4;5;3
2021-01-13 22:18:59;381;185;96;22;15;11;7;7;4;5;3
2021-01-13 22:19:58;381;185;96;22;15;11;7;7;4;5;3
2021-01-13 22:20:59;381;185;96;22;15;11;7;7;4;5;3
2021-01-13 22:21:59;381;185;96;22;15;11;7;7;4;5;3
2021-01-13 22:22:58;381;185;96;22;15;11;7;7;4;5;3
2021-01-13 22:23:59;381;185;96;22;15;11;7;7;4;5;3
2021-01-13 22:24:59;381;185;96;22;15;11;7;7;4;5;3
2021-01-13 22:25:58;381;185;96;22;15;11;7;7;4;5;3
2021-01-13 22:26:59;381;185;96;22;15;11;7;7;4;5;3
2021-01-13 22:27:59;381;185;96;22;15;11;7;7;4;5;3
2021-01-13 22:28:58;381;185;96;22;15;11;7;7;4;5;3
2021-01-13 22:29:59;381;185;96;22;15;11;7;7;4;5;3
2021-01-13 22:30:58;381;185;96;22;15;11;7;7;4;5;3
2021-01-13 22:31:59;381;185;96;22;15;11;7;7;4;5;3
2021-01-13 22:32:59;381;185;96;22;15;11;7;7;4;5;3
2021-01-13 22:33:58;382;185;97;22;15;11;7;7;4;5;3
2021-01-13 22:34:59;382;185;97;22;15;11;7;7;4;5;3
2021-01-13 22:35:58;382;185;97;22;15;11;7;7;4;5;3
2021-01-13 22:36:59;382;185;97;22;15;11;7;7;4;5;3
2021-01-13 22:37:58;382;185;97;22;15;11;7;7;4;5;3
2021-01-13 22:38:59;382;185;97;22;15;11;7;7;4;5;3
2021-01-13 22:39:59;382;185;97;22;15;11;7;7;4;5;3
2021-01-13 22:40:58;382;185;97;22;15;11;7;7;4;5;3
2021-01-13 22:41:59;383;185;98;22;15;11;7;7;4;5;3
2021-01-13 22:42:59;383;185;98;22;15;11;7;7;4;5;3
2021-01-13 22:43:58;384;186;98;22;15;11;7;7;4;5;3
2021-01-13 22:44:59;384;186;98;22;15;11;7;7;4;5;3
2021-01-13 22:45:58;384;186;98;22;15;11;7;7;4;5;3
2021-01-13 22:46:59;384;186;98;22;15;11;7;7;4;5;3
2021-01-13 22:47:58;385;187;98;22;15;11;7;7;4;5;3
2021-01-13 22:48:59;385;187;98;22;15;11;7;7;4;5;3
2021-01-13 22:49:59;385;187;98;22;15;11;7;7;4;5;3
2021-01-13 22:50:58;385;187;98;22;15;11;7;7;4;5;3
2021-01-13 22:51:59;385;187;98;22;15;11;7;7;4;5;3
2021-01-13 22:52:59;385;187;98;22;15;11;7;7;4;5;3
2021-01-13 22:53:58;386;188;98;22;15;11;7;7;4;5;3
2021-01-13 22:54:59;387;188;98;22;15;11;7;7;4;5;3
2021-01-13 22:55:58;387;188;98;22;15;11;7;7;4;5;3
2021-01-13 22:56:59;388;188;98;22;16;11;7;7;4;5;3
2021-01-13 22:57:59;388;188;98;22;16;11;7;7;4;5;3
2021-01-13 22:58:58;388;188;98;22;16;11;7;7;4;5;3
2021-01-13 22:59:59;388;188;98;22;16;11;7;7;4;5;3
2021-01-13 23:00:58;388;188;98;22;16;11;7;7;4;5;3
2021-01-13 23:01:59;388;188;98;22;16;11;7;7;4;5;3
2021-01-13 23:02:59;389;188;98;22;16;11;7;7;5;5;3
2021-01-13 23:03:58;389;188;98;22;16;11;7;7;5;5;3
2021-01-13 23:04:59;389;188;98;22;16;11;7;7;5;5;3
2021-01-13 23:05:59;389;188;98;22;16;11;7;7;5;5;3
2021-01-13 23:06:58;390;188;98;22;16;11;7;7;5;5;3
2021-01-13 23:07:59;390;188;98;22;16;11;7;7;5;5;3
2021-01-13 23:08:58;389;187;98;22;16;11;7;7;5;5;3
2021-01-13 23:09:59;389;187;98;22;16;11;7;7;5;5;3
2021-01-13 23:10:59;389;187;98;22;16;11;7;7;5;5;3
2021-01-13 23:11:59;389;187;98;22;16;11;7;7;5;5;3
2021-01-13 23:12:58;389;187;98;22;16;11;7;7;5;5;3
2021-01-13 23:13:59;389;187;98;22;16;11;7;7;5;5;3
2021-01-13 23:14:59;389;188;97;22;16;11;7;7;5;5;3
2021-01-13 23:15:58;389;188;97;22;16;11;7;7;5;5;3
2021-01-13 23:16:59;389;188;98;21;16;11;7;7;5;5;3
2021-01-13 23:17:59;389;188;98;21;16;11;7;7;5;5;3
2021-01-13 23:18:58;389;188;98;21;16;11;7;7;5;5;3
2021-01-13 23:19:59;389;188;98;21;16;11;7;7;5;5;3
2021-01-13 23:20:59;389;188;98;21;16;11;7;7;5;5;3
2021-01-13 23:21:58;389;188;98;21;16;11;7;7;5;5;3
2021-01-13 23:22:59;389;188;98;21;16;11;7;7;5;5;3
2021-01-13 23:23:58;389;188;98;21;16;11;7;7;5;5;3
2021-01-13 23:24:59;389;188;98;21;16;11;7;7;5;5;3
2021-01-13 23:25:59;389;188;98;21;16;11;7;7;5;5;3
2021-01-13 23:26:58;389;188;98;21;16;11;7;7;5;5;3
2021-01-13 23:27:59;389;188;98;21;16;11;7;7;5;5;3
2021-01-13 23:28:59;390;188;99;21;16;11;7;7;5;5;3
2021-01-13 23:29:58;390;188;99;21;16;11;7;7;5;5;3
2021-01-13 23:30:59;390;188;99;21;16;11;7;7;5;5;3
2021-01-13 23:31:58;390;188;99;21;16;11;7;7;5;5;3
2021-01-13 23:32:59;390;188;99;21;16;11;7;7;5;5;3
2021-01-13 23:33:59;391;188;99;21;16;12;7;7;5;5;3
2021-01-13 23:34:58;391;188;99;21;16;12;7;7;5;5;3
2021-01-13 23:35:59;391;188;99;21;16;12;7;7;5;5;3
2021-01-13 23:36:59;390;188;98;21;16;12;7;7;5;5;3
2021-01-13 23:37:58;390;189;97;21;16;12;7;7;5;5;3
2021-01-13 23:38:59;390;189;97;21;16;12;7;7;5;5;3
2021-01-13 23:39:59;390;189;97;21;16;12;7;7;5;5;3
2021-01-13 23:40:58;390;189;97;21;16;12;7;7;5;5;3
2021-01-13 23:41:59;390;189;97;21;16;12;7;7;5;5;3
2021-01-13 23:42:58;390;189;97;21;16;12;7;7;5;5;3
2021-01-13 23:43:59;390;189;97;21;16;12;7;7;5;5;3
2021-01-13 23:44:59;390;189;97;21;16;12;7;7;5;5;3
2021-01-13 23:45:58;389;189;97;21;16;12;7;6;5;5;3
2021-01-13 23:46:59;389;189;97;21;16;12;7;6;5;5;3
2021-01-13 23:47:59;389;189;97;21;16;12;7;6;5;5;3
2021-01-13 23:48:58;389;189;97;21;16;12;7;6;5;5;3
2021-01-13 23:49:59;389;189;97;21;16;12;7;6;5;5;3
2021-01-13 23:51:00;389;189;97;21;16;12;7;6;5;5;3
2021-01-13 23:51:58;389;189;97;21;16;12;7;6;5;5;3
2021-01-13 23:52:59;389;189;97;21;16;12;7;6;5;5;3
2021-01-13 23:53:58;389;189;97;21;16;12;7;6;5;5;3
2021-01-13 23:54:59;389;189;97;21;16;12;7;6;5;5;3
2021-01-13 23:55:59;388;189;96;21;16;12;7;6;5;5;3
2021-01-13 23:56:58;388;189;96;21;16;12;7;6;5;5;3
2021-01-13 23:57:59;388;189;96;21;16;12;7;6;5;5;3
2021-01-13 23:58:59;388;189;96;21;16;12;7;6;5;5;3
2021-01-13 23:59:58;388;189;96;21;16;12;7;6;5;5;3
