datetime;total_votes;Bf109H;Duran;Rumpelstilzchen;KOCTOPE3;vjik;Есения;dma4004;EMAILWARENFABRIK;Ejik;kiLstrom
2021-03-31 00:00:59;0;0;0;0;0;0;0;0;0;0;0
2021-03-31 00:01:58;0;0;0;0;0;0;0;0;0;0;0
2021-03-31 00:02:59;0;1;0;0;0;0;0;0;0;0;0
2021-03-31 00:03:59;0;1;0;0;0;0;0;0;0;0;0
2021-03-31 00:04:58;0;1;0;0;0;0;0;0;0;0;0
2021-03-31 00:05:59;0;1;0;0;0;0;0;0;0;0;0
2021-03-31 00:06:59;0;1;0;0;0;0;0;0;0;0;0
2021-03-31 00:07:58;0;1;0;0;0;0;0;0;0;0;0
2021-03-31 00:08:59;0;1;0;0;0;0;0;0;0;0;0
2021-03-31 00:09:59;2;2;0;0;0;0;0;0;0;0;0
2021-03-31 00:10:59;2;2;0;0;0;0;0;0;0;0;0
2021-03-31 00:11:58;2;2;0;0;0;0;0;0;0;0;0
2021-03-31 00:12:59;3;2;0;1;0;0;0;0;0;0;0
2021-03-31 00:13:59;5;2;0;2;0;0;0;0;0;0;0
2021-03-31 00:15:00;5;2;0;2;0;0;0;0;0;0;0
2021-03-31 00:15:58;5;2;0;2;0;0;0;0;0;0;0
2021-03-31 00:16:59;5;2;0;2;0;0;0;0;0;0;0
2021-03-31 00:17:58;5;2;0;2;0;0;0;0;0;0;0
2021-03-31 00:18:59;7;3;0;2;0;0;0;0;0;0;0
2021-03-31 00:19:59;7;3;0;2;0;0;0;0;0;0;0
2021-03-31 00:20:58;7;3;0;2;0;0;0;0;0;0;0
2021-03-31 00:21:59;7;3;0;2;0;0;0;0;0;0;0
2021-03-31 00:22:59;8;3;1;2;0;0;0;0;0;0;0
2021-03-31 00:23:58;8;3;1;2;0;0;0;0;0;0;0
2021-03-31 00:24:59;9;3;1;2;0;0;0;0;0;0;0
2021-03-31 00:25:59;9;3;1;2;0;0;0;0;0;0;0
2021-03-31 00:26:58;9;3;1;2;0;0;0;0;0;0;0
2021-03-31 00:27:59;9;3;1;2;0;0;0;0;0;0;0
2021-03-31 00:28:58;9;3;1;2;0;0;0;0;0;0;0
2021-03-31 00:29:59;9;3;1;2;0;0;0;0;0;0;0
2021-03-31 00:30:59;9;3;1;2;0;0;0;0;0;0;0
2021-03-31 00:31:58;9;3;1;2;0;0;0;0;0;0;0
2021-03-31 00:32:59;10;3;1;3;0;0;0;0;0;0;0
2021-03-31 00:33:59;11;3;1;3;0;1;0;0;0;0;0
2021-03-31 00:34:58;11;3;1;3;0;1;0;0;0;0;0
2021-03-31 00:35:59;11;3;1;3;0;1;0;0;0;0;0
2021-03-31 00:36:58;11;3;1;3;0;1;0;0;0;0;0
2021-03-31 00:37:59;11;3;1;3;0;1;0;0;0;0;0
2021-03-31 00:38:59;11;3;1;3;0;1;0;0;0;0;0
2021-03-31 00:39:59;13;4;1;3;0;1;0;0;0;0;0
2021-03-31 00:40:58;13;4;1;3;0;1;0;0;0;0;0
2021-03-31 00:41:59;13;4;1;3;0;1;0;0;0;0;0
2021-03-31 00:42:59;13;4;1;3;0;1;0;0;0;0;0
2021-03-31 00:43:58;13;4;1;3;0;1;0;0;0;0;0
2021-03-31 00:44:59;13;4;1;3;0;1;0;0;0;0;0
2021-03-31 00:45:59;13;4;1;3;0;1;0;0;0;0;0
2021-03-31 00:46:59;13;4;1;3;0;1;0;0;0;0;0
2021-03-31 00:47:59;13;4;1;3;0;1;0;0;0;0;0
2021-03-31 00:48:59;13;4;1;3;0;1;0;0;0;0;0
2021-03-31 00:49:58;13;4;1;3;0;1;0;0;0;0;0
2021-03-31 00:50:59;13;4;1;3;0;1;0;0;0;0;0
2021-03-31 00:51:59;13;4;1;3;0;1;0;0;0;0;0
2021-03-31 00:52:58;13;4;1;3;0;1;0;0;0;0;0
2021-03-31 00:53:59;13;4;1;3;0;1;0;0;0;0;0
2021-03-31 00:54:59;13;4;1;3;0;1;0;0;0;0;0
2021-03-31 00:55:59;14;4;1;3;0;2;0;0;0;0;0
2021-03-31 00:56:58;14;4;1;3;0;2;0;0;0;0;0
2021-03-31 00:57:59;14;4;1;3;0;2;0;0;0;0;0
2021-03-31 00:58:59;14;4;1;3;0;2;0;0;0;0;0
2021-03-31 00:59:58;14;4;1;3;0;2;0;0;0;0;0
2021-03-31 01:00:59;15;4;1;3;0;2;0;0;0;0;0
2021-03-31 01:01:59;15;4;1;3;0;2;0;0;0;0;0
2021-03-31 01:02:58;15;4;1;3;0;2;0;0;0;0;0
2021-03-31 01:03:59;15;4;1;3;0;2;0;0;0;0;0
2021-03-31 01:04:59;15;4;1;3;0;2;0;0;0;0;0
2021-03-31 01:05:59;15;4;1;3;0;2;0;0;0;0;0
2021-03-31 01:06:58;16;5;1;3;0;2;0;0;0;0;0
2021-03-31 01:07:59;16;5;1;3;0;2;0;0;0;0;0
2021-03-31 01:08:59;16;5;1;3;0;2;0;0;0;0;0
2021-03-31 01:10:00;16;5;1;3;0;2;0;0;0;0;0
2021-03-31 01:10:58;16;5;1;3;0;2;0;0;0;0;0
2021-03-31 01:11:59;16;5;1;3;0;2;0;0;0;0;0
2021-03-31 01:13:00;16;5;1;3;0;2;0;0;0;0;0
2021-03-31 01:13:58;16;5;1;3;0;2;0;0;0;0;0
2021-03-31 01:14:59;16;5;1;3;0;2;0;0;0;0;0
2021-03-31 01:15:58;16;5;1;3;0;2;0;0;0;0;0
2021-03-31 01:16:59;17;5;1;3;0;3;0;0;0;0;0
2021-03-31 01:17:59;18;5;1;3;0;3;0;0;0;0;0
2021-03-31 01:18:58;18;5;1;3;0;3;0;0;0;0;0
2021-03-31 01:19:59;18;5;1;3;0;3;0;0;0;0;0
2021-03-31 01:20:59;19;6;1;3;0;3;0;0;0;0;0
2021-03-31 01:22:00;19;6;1;3;0;3;0;0;0;0;0
2021-03-31 01:22:58;19;6;1;3;0;3;0;0;0;0;0
2021-03-31 01:23:59;19;6;1;3;0;3;0;0;0;0;0
2021-03-31 01:24:58;19;6;1;3;0;3;0;0;0;0;0
2021-03-31 01:25:59;19;6;1;3;0;3;0;0;0;0;0
2021-03-31 01:26:59;19;6;1;3;0;3;0;0;0;0;0
2021-03-31 01:27:58;19;6;1;3;0;3;0;0;0;0;0
2021-03-31 01:28:59;19;6;1;3;0;3;0;0;0;0;0
2021-03-31 01:29:59;20;6;1;4;0;3;0;0;0;0;0
2021-03-31 01:30:59;20;6;1;4;0;3;0;0;0;0;0
2021-03-31 01:31:58;21;6;1;4;0;3;0;0;0;0;0
2021-03-31 01:32:59;21;6;1;4;0;3;0;0;0;0;0
2021-03-31 01:33:59;21;6;1;4;0;3;0;0;0;0;0
2021-03-31 01:34:58;21;6;1;4;0;3;0;0;0;0;0
2021-03-31 01:35:59;21;6;1;4;0;3;0;0;0;0;0
2021-03-31 01:36:59;22;6;1;4;0;4;0;0;0;0;0
2021-03-31 01:37:58;22;6;1;4;0;4;0;0;0;0;0
2021-03-31 01:38:59;22;6;1;4;0;4;0;0;0;0;0
2021-03-31 01:39:58;22;6;1;4;0;4;0;0;0;0;0
2021-03-31 01:40:59;22;6;1;4;0;4;0;0;0;0;0
2021-03-31 01:41:59;22;6;1;4;0;4;0;0;0;0;0
2021-03-31 01:42:58;22;6;1;4;0;4;0;0;0;0;0
2021-03-31 01:43:59;23;6;1;4;0;4;0;0;0;0;0
2021-03-31 01:44:59;23;6;1;4;0;4;0;0;0;0;0
2021-03-31 01:45:59;23;6;1;4;0;4;0;0;0;0;0
2021-03-31 01:46:58;23;6;1;4;0;4;0;0;0;0;0
2021-03-31 01:47:59;23;6;1;4;0;4;0;0;0;0;0
2021-03-31 01:48:59;24;6;1;4;0;4;0;0;0;0;0
2021-03-31 01:49:58;24;6;1;4;0;4;0;0;0;0;0
2021-03-31 01:50:59;24;6;1;4;0;4;0;0;0;0;0
2021-03-31 01:52:00;24;6;1;4;0;4;0;0;0;0;0
2021-03-31 01:52:58;24;6;1;4;0;4;0;0;0;0;0
2021-03-31 01:53:59;24;6;1;4;0;4;0;0;0;0;0
2021-03-31 01:54:58;24;6;1;4;0;4;0;0;0;0;0
2021-03-31 01:55:59;24;6;1;4;0;4;0;0;0;0;0
2021-03-31 01:56:59;24;6;1;4;0;4;0;0;0;0;0
2021-03-31 01:58:00;24;6;1;4;0;4;0;0;0;0;0
2021-03-31 01:58:58;24;6;1;4;0;4;0;0;0;0;0
2021-03-31 01:59:59;24;6;1;4;0;4;0;0;0;0;0
2021-03-31 02:00:58;24;6;1;4;0;4;0;0;0;0;0
2021-03-31 02:01:59;24;6;1;4;0;4;0;0;0;0;0
2021-03-31 02:02:59;24;6;1;4;0;4;0;0;0;0;0
2021-03-31 02:03:58;24;6;1;4;0;4;0;0;0;0;0
2021-03-31 02:04:59;24;6;1;4;0;4;0;0;0;0;0
2021-03-31 02:05:59;24;6;1;4;0;4;0;0;0;0;0
2021-03-31 02:06:58;24;6;1;4;0;4;0;0;0;0;0
2021-03-31 02:07:59;24;6;1;4;0;4;0;0;0;0;0
2021-03-31 02:08:59;24;6;1;4;0;4;0;0;0;0;0
2021-03-31 02:09:58;24;6;1;4;0;4;0;0;0;0;0
2021-03-31 02:10:59;24;6;1;4;0;4;0;0;0;0;0
2021-03-31 02:11:59;24;6;1;4;0;4;0;0;0;0;0
2021-03-31 02:12:58;24;6;1;4;0;4;0;0;0;0;0
2021-03-31 02:13:59;25;6;1;5;0;4;0;0;0;0;0
2021-03-31 02:14:58;25;6;1;5;0;4;0;0;0;0;0
2021-03-31 02:15:59;25;6;1;5;0;4;0;0;0;0;0
2021-03-31 02:16:59;25;6;1;5;0;4;0;0;0;0;0
2021-03-31 02:17:58;25;6;1;5;0;4;0;0;0;0;0
2021-03-31 02:18:59;25;6;1;5;0;4;0;0;0;0;0
2021-03-31 02:19:59;25;6;1;5;0;4;0;0;0;0;0
2021-03-31 02:20:58;25;6;1;5;0;4;0;0;0;0;0
2021-03-31 02:21:59;25;6;1;5;0;4;0;0;0;0;0
2021-03-31 02:22:59;25;6;1;5;0;4;0;0;0;0;0
2021-03-31 02:23:58;25;6;1;5;0;4;0;0;0;0;0
2021-03-31 02:24:59;25;6;1;5;0;4;0;0;0;0;0
2021-03-31 02:25:59;25;6;1;5;0;4;0;0;0;0;0
2021-03-31 02:26:58;25;6;1;5;0;4;0;0;0;0;0
2021-03-31 02:27:59;25;6;1;5;0;4;0;0;0;0;0
2021-03-31 02:28:58;25;6;1;5;0;4;0;0;0;0;0
2021-03-31 02:29:59;25;6;1;5;0;4;0;0;0;0;0
2021-03-31 02:30:58;25;6;1;5;0;4;0;0;0;0;0
2021-03-31 02:31:59;25;6;1;5;0;4;0;0;0;0;0
2021-03-31 02:32:59;25;6;1;5;0;4;0;0;0;0;0
2021-03-31 02:33:58;25;6;1;5;0;4;0;0;0;0;0
2021-03-31 02:34:59;25;6;1;5;0;4;0;0;0;0;0
2021-03-31 02:35:59;25;6;1;5;0;4;0;0;0;0;0
2021-03-31 02:36:58;25;6;1;5;0;4;0;0;0;0;0
2021-03-31 02:37:59;25;6;1;5;0;4;0;0;0;0;0
2021-03-31 02:38:58;25;6;1;5;0;4;0;0;0;0;0
2021-03-31 02:39:59;25;6;1;5;0;4;0;0;0;0;0
2021-03-31 02:40:59;25;6;1;5;0;4;0;0;0;0;0
2021-03-31 02:41:58;25;6;1;5;0;4;0;0;0;0;0
2021-03-31 02:42:59;25;6;1;5;0;4;0;0;0;0;0
2021-03-31 02:43:59;25;6;1;5;0;4;0;0;0;0;0
2021-03-31 02:44:58;25;6;1;5;0;4;0;0;0;0;0
2021-03-31 02:45:59;25;6;1;5;0;4;0;0;0;0;0
2021-03-31 02:46:59;25;6;1;5;0;4;0;0;0;0;0
2021-03-31 02:47:58;25;6;1;5;0;4;0;0;0;0;0
2021-03-31 02:48:59;25;6;1;5;0;4;0;0;0;0;0
2021-03-31 02:49:59;25;6;1;5;0;4;0;0;0;0;0
2021-03-31 02:50:58;26;7;1;5;0;4;0;0;0;0;0
2021-03-31 02:51:59;26;7;1;5;0;4;0;0;0;0;0
2021-03-31 02:52:58;26;7;1;5;0;4;0;0;0;0;0
2021-03-31 02:53:59;26;7;1;5;0;4;0;0;0;0;0
2021-03-31 02:54:59;26;7;1;5;0;4;0;0;0;0;0
2021-03-31 02:55:58;26;7;1;5;0;4;0;0;0;0;0
2021-03-31 02:56:59;26;7;1;5;0;4;0;0;0;0;0
2021-03-31 02:57:59;26;7;1;5;0;4;0;0;0;0;0
2021-03-31 02:58:58;26;7;1;5;0;4;0;0;0;0;0
2021-03-31 02:59:59;26;7;1;5;0;4;0;0;0;0;0
2021-03-31 03:00:59;26;7;1;5;0;4;0;0;0;0;0
2021-03-31 03:01:58;26;7;1;5;0;4;0;0;0;0;0
2021-03-31 03:02:59;26;7;1;5;0;4;0;0;0;0;0
2021-03-31 03:03:59;26;7;1;5;0;4;0;0;0;0;0
2021-03-31 03:04:58;26;7;1;5;0;4;0;0;0;0;0
2021-03-31 03:05:59;26;7;1;5;0;4;0;0;0;0;0
2021-03-31 03:06:58;26;7;1;5;0;4;0;0;0;0;0
2021-03-31 03:07:59;26;7;1;5;0;4;0;0;0;0;0
2021-03-31 03:08:59;26;7;1;5;0;4;0;0;0;0;0
2021-03-31 03:09:58;26;7;1;5;0;4;0;0;0;0;0
2021-03-31 03:10:59;26;7;1;5;0;4;0;0;0;0;0
2021-03-31 03:11:59;26;7;1;5;0;4;0;0;0;0;0
2021-03-31 03:12:58;26;7;1;5;0;4;0;0;0;0;0
2021-03-31 03:13:59;27;7;1;5;0;4;0;0;0;0;0
2021-03-31 03:14:59;27;7;1;5;0;4;0;0;0;0;0
2021-03-31 03:15:59;27;7;1;5;0;4;0;0;0;0;0
2021-03-31 03:16:58;27;7;1;5;0;4;0;0;0;0;0
2021-03-31 03:17:59;27;7;1;5;0;5;0;0;0;0;0
2021-03-31 03:18:58;27;7;1;5;0;5;0;0;0;0;0
2021-03-31 03:19:59;27;7;1;5;0;5;0;0;0;0;0
2021-03-31 03:20:59;27;7;1;5;0;5;0;0;0;0;0
2021-03-31 03:21:58;27;7;1;5;0;5;0;0;0;0;0
2021-03-31 03:22:59;27;7;1;5;0;5;0;0;0;0;0
2021-03-31 03:23:58;27;7;1;5;0;5;0;0;0;0;0
2021-03-31 03:24:59;27;7;1;5;0;5;0;0;0;0;0
2021-03-31 03:25:58;27;7;1;5;0;5;0;0;0;0;0
2021-03-31 03:26:59;27;7;1;5;0;5;0;0;0;0;0
2021-03-31 03:27:58;27;7;1;5;0;5;0;0;0;0;0
2021-03-31 03:28:59;27;7;1;5;0;5;0;0;0;0;0
2021-03-31 03:29:58;27;7;1;5;0;5;0;0;0;0;0
2021-03-31 03:30:59;27;7;1;5;0;5;0;0;0;0;0
2021-03-31 03:31:59;27;7;1;5;0;5;0;0;0;0;0
2021-03-31 03:32:58;27;7;1;5;0;5;0;0;0;0;0
2021-03-31 03:33:59;27;7;1;5;0;5;0;0;0;0;0
2021-03-31 03:34:58;27;7;1;5;0;5;0;0;0;0;0
2021-03-31 03:35:59;27;7;1;5;0;5;0;0;0;0;0
2021-03-31 03:36:58;27;7;1;5;0;5;0;0;0;0;0
2021-03-31 03:37:59;27;7;1;5;0;5;0;0;0;0;0
2021-03-31 03:38:58;27;7;1;5;0;5;0;0;0;0;0
2021-03-31 03:39:59;27;7;1;5;0;5;0;0;0;0;0
2021-03-31 03:40:59;27;7;1;5;0;5;0;0;0;0;0
2021-03-31 03:41:58;27;7;1;5;0;5;0;0;0;0;0
2021-03-31 03:42:59;27;7;1;5;0;5;0;0;0;0;0
2021-03-31 03:43:59;27;7;1;5;0;5;0;0;0;0;0
2021-03-31 03:44:58;27;7;1;5;0;5;0;0;0;0;0
2021-03-31 03:45:59;27;7;1;5;0;5;0;0;0;0;0
2021-03-31 03:46:59;27;7;1;5;0;5;0;0;0;0;0
2021-03-31 03:47:58;27;7;1;5;0;5;0;0;0;0;0
2021-03-31 03:48:59;27;7;1;5;0;5;0;0;0;0;0
2021-03-31 03:49:58;27;7;1;5;0;5;0;0;0;0;0
2021-03-31 03:50:59;27;7;1;5;0;5;0;0;0;0;0
2021-03-31 03:52:00;27;7;1;5;0;5;0;0;0;0;0
2021-03-31 03:52:58;27;7;1;5;0;5;0;0;0;0;0
2021-03-31 03:53:59;27;7;1;5;0;5;0;0;0;0;0
2021-03-31 03:54:58;27;7;1;5;0;5;0;0;0;0;0
2021-03-31 03:55:59;27;7;1;5;0;5;0;0;0;0;0
2021-03-31 03:56:58;27;7;1;5;0;5;0;0;0;0;0
2021-03-31 03:57:59;28;7;1;5;0;5;0;0;0;0;0
2021-03-31 03:58:59;28;7;1;5;0;5;0;0;0;0;0
2021-03-31 04:00:00;28;7;1;5;0;5;0;0;0;0;0
2021-03-31 04:00:58;28;7;1;5;0;5;0;0;0;0;0
2021-03-31 04:01:59;28;7;1;5;0;5;0;0;0;0;0
2021-03-31 04:02:58;28;7;1;5;0;4;0;0;0;0;0
2021-03-31 04:03:59;28;7;1;5;0;4;0;0;0;0;0
2021-03-31 04:04:59;28;7;1;5;0;4;0;0;0;0;0
2021-03-31 04:05:58;28;7;1;5;0;4;0;0;0;0;0
2021-03-31 04:06:59;28;7;1;5;0;4;0;0;0;0;0
2021-03-31 04:07:59;28;7;1;5;0;4;0;0;0;0;0
2021-03-31 04:08:58;28;7;1;5;0;4;0;0;0;0;0
2021-03-31 04:09:59;28;7;1;5;0;4;0;0;0;0;0
2021-03-31 04:11:00;28;7;1;5;0;4;0;0;0;0;0
2021-03-31 04:11:58;28;7;1;5;0;4;0;0;0;0;0
2021-03-31 04:12:59;28;7;1;5;0;4;0;0;0;0;0
2021-03-31 04:13:58;28;7;1;5;0;4;0;0;0;0;0
2021-03-31 04:14:59;28;7;1;5;0;4;0;0;0;0;0
2021-03-31 04:15:59;28;7;1;5;0;4;0;0;0;0;0
2021-03-31 04:16:58;28;7;1;5;0;4;0;0;0;0;0
2021-03-31 04:17:59;28;7;1;5;0;4;0;0;0;0;0
2021-03-31 04:18:58;28;7;1;5;0;4;0;0;0;0;0
2021-03-31 04:19:59;28;7;1;5;0;4;0;0;0;0;0
2021-03-31 04:20:59;28;7;1;5;0;4;0;0;0;0;0
2021-03-31 04:21:58;28;7;1;5;0;4;0;0;0;0;0
2021-03-31 04:22:59;28;7;1;5;0;4;0;0;0;0;0
2021-03-31 04:23:59;28;7;1;5;0;4;0;0;0;0;0
2021-03-31 04:24:58;28;7;1;5;0;4;0;0;0;0;0
2021-03-31 04:25:59;28;7;1;5;0;4;0;0;0;0;0
2021-03-31 04:26:59;28;7;1;5;0;4;0;0;0;0;0
2021-03-31 04:27:59;28;7;1;5;0;4;0;0;0;0;0
2021-03-31 04:28:58;28;7;1;5;0;4;0;0;0;0;0
2021-03-31 04:29:59;28;7;1;5;0;4;0;0;0;0;0
2021-03-31 04:30:59;28;7;1;5;0;4;0;0;0;0;0
2021-03-31 04:31:58;28;7;1;5;0;4;0;0;0;0;0
2021-03-31 04:32:59;28;7;1;5;0;4;0;0;0;0;0
2021-03-31 04:33:59;28;7;1;5;0;4;0;0;0;0;0
2021-03-31 04:34:58;28;7;1;5;0;4;0;0;0;0;0
2021-03-31 04:35:59;28;7;1;5;0;4;0;0;0;0;0
2021-03-31 04:36:58;28;7;1;5;0;4;0;0;0;0;0
2021-03-31 04:37:59;28;7;1;5;0;4;0;0;0;0;0
2021-03-31 04:38:59;28;7;1;5;0;4;0;0;0;0;0
2021-03-31 04:39:58;28;7;1;5;0;4;0;0;0;0;0
2021-03-31 04:40:59;28;7;1;5;0;4;0;0;0;0;0
2021-03-31 04:41:58;28;7;1;5;0;4;0;0;0;0;0
2021-03-31 04:42:59;28;7;1;5;0;4;0;0;0;0;0
2021-03-31 04:43:59;28;7;1;5;0;4;0;0;0;0;0
2021-03-31 04:44:58;28;7;1;5;0;4;0;0;0;0;0
2021-03-31 04:45:59;28;7;1;5;0;4;0;0;0;0;0
2021-03-31 04:46:59;28;7;1;5;0;4;0;0;0;0;0
2021-03-31 04:47:58;28;7;1;5;0;4;0;0;0;0;0
2021-03-31 04:48:59;28;7;1;5;0;4;0;0;0;0;0
2021-03-31 04:49:59;28;7;1;5;0;4;0;0;0;0;0
2021-03-31 04:50:58;28;7;1;5;0;4;0;0;0;0;0
2021-03-31 04:51:59;28;7;1;5;0;4;0;0;0;0;0
2021-03-31 04:52:59;28;7;1;5;0;4;0;0;0;0;0
2021-03-31 04:53:58;28;7;1;5;0;4;0;0;0;0;0
2021-03-31 04:54:59;28;7;1;5;0;4;0;0;0;0;0
2021-03-31 04:56:00;29;7;2;5;0;4;0;0;0;0;0
2021-03-31 04:56:58;29;7;2;5;0;4;0;0;0;0;0
2021-03-31 04:57:59;29;7;2;5;0;4;0;0;0;0;0
2021-03-31 04:58:58;29;7;2;5;0;4;0;0;0;0;0
2021-03-31 04:59:59;30;7;2;5;0;4;0;1;0;0;0
2021-03-31 05:00:58;30;7;2;5;0;4;0;1;0;0;0
2021-03-31 05:01:59;30;7;2;5;0;4;0;1;0;0;0
2021-03-31 05:02:59;30;7;2;5;0;4;0;1;0;0;0
2021-03-31 05:03:58;30;7;2;5;0;4;0;1;0;0;0
2021-03-31 05:04:59;30;7;2;5;0;4;0;1;0;0;0
2021-03-31 05:06:00;30;7;2;5;0;4;0;1;0;0;0
2021-03-31 05:06:58;30;7;2;5;0;4;0;1;0;0;0
2021-03-31 05:07:59;30;7;2;5;0;4;0;1;0;0;0
2021-03-31 05:08:59;30;7;2;5;0;4;0;1;0;0;0
2021-03-31 05:09:58;30;7;2;5;0;4;0;1;0;0;0
2021-03-31 05:10:59;30;7;2;5;0;4;0;1;0;0;0
2021-03-31 05:11:58;30;7;2;5;0;4;0;1;0;0;0
2021-03-31 05:12:59;30;7;2;5;0;4;0;1;0;0;0
2021-03-31 05:13:59;30;7;2;5;0;4;0;1;0;0;0
2021-03-31 05:14:58;30;7;2;5;0;4;0;1;0;0;0
2021-03-31 05:15:59;30;7;2;5;0;4;0;1;0;0;0
2021-03-31 05:16:59;30;7;2;5;0;4;0;1;0;0;0
2021-03-31 05:17:58;30;7;2;5;0;4;0;1;0;0;0
2021-03-31 05:18:59;30;7;2;5;0;4;0;1;0;0;0
2021-03-31 05:19:58;30;7;2;5;0;4;0;1;0;0;0
2021-03-31 05:20:59;30;7;2;5;0;4;0;1;0;0;0
2021-03-31 05:21:59;30;7;2;5;0;4;0;1;0;0;0
2021-03-31 05:22:58;30;7;2;5;0;4;0;1;0;0;0
2021-03-31 05:23:59;30;7;2;5;0;4;0;1;0;0;0
2021-03-31 05:24:59;30;7;2;5;0;4;0;1;0;0;0
2021-03-31 05:25:59;30;7;2;5;0;4;0;1;0;0;0
2021-03-31 05:26:58;30;7;2;5;0;4;0;1;0;0;0
2021-03-31 05:27:59;30;7;2;5;0;4;0;1;0;0;0
2021-03-31 05:28:59;30;7;2;5;0;4;0;1;0;0;0
2021-03-31 05:29:58;30;7;2;5;0;4;0;1;0;0;0
2021-03-31 05:30:59;30;7;2;5;0;4;0;1;0;0;0
2021-03-31 05:31:59;30;7;2;5;0;4;0;1;0;0;0
2021-03-31 05:32:58;30;7;2;5;0;4;0;1;0;0;0
2021-03-31 05:33:59;30;7;2;5;0;4;0;1;0;0;0
2021-03-31 05:34:59;30;7;2;5;0;4;0;1;0;0;0
2021-03-31 05:35:58;30;7;2;5;0;4;0;1;0;0;0
2021-03-31 05:36:59;30;7;2;5;0;4;0;1;0;0;0
2021-03-31 05:37:58;30;7;2;5;0;4;0;1;0;0;0
2021-03-31 05:38:59;30;7;2;5;0;4;0;1;0;0;0
2021-03-31 05:39:59;30;7;2;5;0;4;0;1;0;0;0
2021-03-31 05:40:58;30;7;2;5;0;4;0;1;0;0;0
2021-03-31 05:41:59;30;7;2;5;0;4;0;1;0;0;0
2021-03-31 05:42:59;30;7;2;5;0;4;0;1;0;0;0
2021-03-31 05:43:58;30;7;2;5;0;4;0;1;0;0;0
2021-03-31 05:44:59;30;7;2;5;0;4;0;1;0;0;0
2021-03-31 05:46:00;30;7;2;5;0;4;0;1;0;0;0
2021-03-31 05:46:58;30;7;2;5;0;4;0;1;0;0;0
2021-03-31 05:47:59;30;7;2;5;0;4;0;1;0;0;0
2021-03-31 05:48:58;30;7;2;5;0;4;0;1;0;0;0
2021-03-31 05:49:59;30;7;2;5;0;4;0;1;0;0;0
2021-03-31 05:50:59;30;7;2;5;0;4;0;1;0;0;0
2021-03-31 05:51:58;30;7;2;5;0;4;0;1;0;0;0
2021-03-31 05:52:59;30;7;2;5;0;4;0;1;0;0;0
2021-03-31 05:53:59;30;7;2;5;0;4;0;1;0;0;0
2021-03-31 05:54:58;30;7;2;5;0;4;0;1;0;0;0
2021-03-31 05:55:59;30;7;2;5;0;4;0;1;0;0;0
2021-03-31 05:56:59;30;7;2;5;0;4;0;1;0;0;0
2021-03-31 05:57:58;31;7;2;6;0;4;0;1;0;0;0
2021-03-31 05:58:59;31;7;2;6;0;4;0;1;0;0;0
2021-03-31 06:00:00;31;7;2;6;0;4;0;1;0;0;0
2021-03-31 06:00:58;31;7;2;6;0;4;0;1;0;0;0
2021-03-31 06:01:59;31;7;2;6;0;4;0;1;0;0;0
2021-03-31 06:02:59;32;8;2;6;0;4;0;1;0;0;0
2021-03-31 06:03:58;32;8;2;6;0;4;0;1;0;0;0
2021-03-31 06:04:59;32;8;2;6;0;4;0;1;0;0;0
2021-03-31 06:06:00;32;8;2;6;0;4;0;1;0;0;0
2021-03-31 06:06:58;33;9;2;6;0;4;0;1;0;0;0
2021-03-31 06:07:59;33;9;2;6;0;4;0;1;0;0;0
2021-03-31 06:08:59;33;9;2;6;0;4;0;1;0;0;0
2021-03-31 06:09:58;33;9;2;6;0;4;0;1;0;0;0
2021-03-31 06:10:59;33;9;2;6;0;4;0;1;0;0;0
2021-03-31 06:12:00;33;9;2;6;0;4;0;1;0;0;0
2021-03-31 06:12:58;33;9;2;6;0;4;0;1;0;0;0
2021-03-31 06:13:59;33;9;2;6;0;4;0;1;0;0;0
2021-03-31 06:15:00;33;9;2;6;0;4;0;1;0;0;0
2021-03-31 06:15:58;33;9;2;6;0;4;0;1;0;0;0
2021-03-31 06:16:59;33;9;2;6;0;4;0;1;0;0;0
2021-03-31 06:17:58;34;9;2;7;0;4;0;1;0;0;0
2021-03-31 06:18:59;34;9;2;7;0;4;0;1;0;0;0
2021-03-31 06:19:59;34;9;2;7;0;4;0;1;0;0;0
2021-03-31 06:20:58;34;9;2;7;0;4;0;1;0;0;0
2021-03-31 06:21:59;34;9;2;7;0;4;0;1;0;0;0
2021-03-31 06:22:58;34;9;2;7;0;4;0;1;0;0;0
2021-03-31 06:23:59;34;9;2;7;0;4;0;1;0;0;0
2021-03-31 06:24:59;34;9;2;7;0;4;0;1;0;0;0
2021-03-31 06:25:58;34;9;2;7;0;4;0;1;0;0;0
2021-03-31 06:26:59;34;9;2;7;0;4;0;1;0;0;0
2021-03-31 06:27:58;34;9;2;7;0;4;0;1;0;0;0
2021-03-31 06:28:59;34;9;2;7;0;4;0;1;0;0;0
2021-03-31 06:29:58;34;9;2;7;0;4;0;1;0;0;0
2021-03-31 06:30:59;34;9;2;7;0;4;0;1;0;0;0
2021-03-31 06:31:58;34;9;2;7;0;4;0;1;0;0;0
2021-03-31 06:32:59;34;9;2;7;0;4;0;1;0;0;0
2021-03-31 06:34:00;34;9;2;7;0;4;0;1;0;0;0
2021-03-31 06:34:58;34;9;2;7;0;4;0;1;0;0;0
2021-03-31 06:35:59;34;9;2;7;0;4;0;1;0;0;0
2021-03-31 06:36:58;34;9;2;7;0;4;0;1;0;0;0
2021-03-31 06:37:59;34;9;2;7;0;4;0;1;0;0;0
2021-03-31 06:38:58;34;9;2;7;0;4;0;1;0;0;0
2021-03-31 06:39:59;34;9;2;7;0;4;0;1;0;0;0
2021-03-31 06:40:58;34;9;2;7;0;4;0;1;0;0;0
2021-03-31 06:41:59;34;9;2;7;0;4;0;1;0;0;0
2021-03-31 06:42:59;34;9;2;7;0;4;0;1;0;0;0
2021-03-31 06:43:58;34;9;2;7;0;4;0;1;0;0;0
2021-03-31 06:44:59;34;9;2;7;0;4;0;1;0;0;0
2021-03-31 06:45:59;34;9;2;7;0;4;0;1;0;0;0
2021-03-31 06:46:58;34;9;2;7;0;4;0;1;0;0;0
2021-03-31 06:47:59;34;9;2;7;0;4;0;1;0;0;0
2021-03-31 06:48:59;34;9;2;7;0;4;0;1;0;0;0
2021-03-31 06:49:58;34;9;2;7;0;4;0;1;0;0;0
2021-03-31 06:50:59;34;9;2;7;0;4;0;1;0;0;0
2021-03-31 06:51:59;34;9;2;7;0;4;0;1;0;0;0
2021-03-31 06:52:58;34;9;2;7;0;4;0;1;0;0;0
2021-03-31 06:53:59;34;9;2;7;0;4;0;1;0;0;0
2021-03-31 06:54:59;35;9;2;7;0;4;0;1;0;0;0
2021-03-31 06:55:58;35;9;2;7;0;4;0;1;0;0;0
2021-03-31 06:56:59;35;9;2;7;0;4;0;1;0;0;0
2021-03-31 06:57:58;35;9;2;7;0;4;0;1;0;0;0
2021-03-31 06:58:59;35;9;2;7;0;4;0;1;0;0;0
2021-03-31 07:00:00;35;9;2;7;0;4;0;1;0;0;0
2021-03-31 07:00:58;35;9;2;7;0;4;0;1;0;0;0
2021-03-31 07:01:59;35;9;2;7;0;4;0;1;0;0;0
2021-03-31 07:02:58;35;9;2;7;0;4;0;1;0;0;0
2021-03-31 07:03:59;35;9;2;7;0;4;0;1;0;0;0
2021-03-31 07:04:59;35;9;2;7;0;4;0;1;0;0;0
2021-03-31 07:05:58;35;9;2;7;0;4;0;1;0;0;0
2021-03-31 07:06:59;35;9;2;7;0;4;0;1;0;0;0
2021-03-31 07:07:59;36;10;2;7;0;4;0;1;0;0;0
2021-03-31 07:08:58;36;10;2;7;0;4;0;1;0;0;0
2021-03-31 07:09:59;36;10;2;7;0;4;0;1;0;0;0
2021-03-31 07:10:58;36;10;2;7;0;4;0;1;0;0;0
2021-03-31 07:11:59;36;10;2;7;0;4;0;1;0;0;0
2021-03-31 07:12:59;36;10;2;7;0;4;0;1;0;0;0
2021-03-31 07:13:58;36;10;2;7;0;4;0;1;0;0;0
2021-03-31 07:14:59;36;10;2;7;0;4;0;1;0;0;0
2021-03-31 07:15:59;36;10;2;7;0;4;0;1;0;0;0
2021-03-31 07:16:59;37;10;2;7;0;4;0;1;0;0;0
2021-03-31 07:17:59;37;10;2;7;0;4;0;1;0;0;0
2021-03-31 07:18:58;37;10;2;7;0;4;0;1;0;0;0
2021-03-31 07:19:59;37;10;2;7;0;4;0;1;0;0;0
2021-03-31 07:20:58;37;10;2;7;0;4;0;1;0;0;0
2021-03-31 07:21:59;37;10;2;7;0;4;0;1;0;0;0
2021-03-31 07:22:59;37;10;2;7;0;4;0;1;0;0;0
2021-03-31 07:23:58;37;10;2;7;0;4;0;1;0;0;0
2021-03-31 07:24:59;37;10;2;7;0;4;0;1;0;0;0
2021-03-31 07:25:59;37;10;2;7;0;4;0;1;0;0;0
2021-03-31 07:26:58;37;10;2;7;0;4;0;1;0;0;0
2021-03-31 07:27:59;37;10;2;7;0;4;0;1;0;0;0
2021-03-31 07:28:59;37;10;2;7;0;4;0;1;0;0;0
2021-03-31 07:29:58;38;11;2;7;0;4;0;1;0;0;0
2021-03-31 07:30:59;38;11;2;7;0;4;0;1;0;0;0
2021-03-31 07:31:59;38;11;2;7;0;4;0;1;0;0;0
2021-03-31 07:32:58;38;11;2;7;0;4;0;1;0;0;0
2021-03-31 07:33:59;38;11;2;7;0;4;0;1;0;0;0
2021-03-31 07:34:58;38;11;2;7;0;4;0;1;0;0;0
2021-03-31 07:35:59;38;11;2;7;0;4;0;1;0;0;0
2021-03-31 07:36:59;38;11;2;7;0;4;0;1;0;0;0
2021-03-31 07:37:58;38;11;2;7;0;4;0;1;0;0;0
2021-03-31 07:38:59;38;11;2;7;0;4;0;1;0;0;0
2021-03-31 07:39:59;38;11;2;7;0;4;0;1;0;0;0
2021-03-31 07:40:58;38;11;2;7;0;4;0;1;0;0;0
2021-03-31 07:41:59;38;11;2;7;0;4;0;1;0;0;0
2021-03-31 07:42:59;38;11;2;7;0;4;0;1;0;0;0
2021-03-31 07:43:58;38;11;2;7;0;4;0;1;0;0;0
2021-03-31 07:44:59;38;11;2;7;0;4;0;1;0;0;0
2021-03-31 07:46:00;38;11;2;7;0;4;0;1;0;0;0
2021-03-31 07:46:58;38;11;2;7;0;4;0;1;0;0;0
2021-03-31 07:47:59;38;11;2;7;0;4;0;1;0;0;0
2021-03-31 07:48:58;39;12;2;7;0;4;0;1;0;0;0
2021-03-31 07:49:59;39;12;2;7;0;4;0;1;0;0;0
2021-03-31 07:50:58;39;12;2;7;0;4;0;1;0;0;0
2021-03-31 07:51:59;39;12;2;7;0;4;0;1;0;0;0
2021-03-31 07:52:59;39;12;2;7;0;4;0;1;0;0;0
2021-03-31 07:53:58;39;12;2;7;0;4;0;1;0;0;0
2021-03-31 07:54:59;39;12;2;7;0;4;0;1;0;0;0
2021-03-31 07:55:58;39;12;2;7;0;4;0;1;0;0;0
2021-03-31 07:56:59;39;12;2;7;0;4;0;1;0;0;0
2021-03-31 07:57:59;39;12;2;7;0;4;0;1;0;0;0
2021-03-31 07:58:58;39;12;2;7;0;4;0;1;0;0;0
2021-03-31 07:59:59;39;12;2;7;0;4;0;1;0;0;0
2021-03-31 08:00:59;39;12;2;7;0;4;0;1;0;0;0
2021-03-31 08:01:59;39;12;2;7;0;4;0;1;0;0;0
2021-03-31 08:02:58;39;12;2;7;0;4;0;1;0;0;0
2021-03-31 08:03:59;39;12;2;7;0;4;0;1;0;0;0
2021-03-31 08:04:59;39;12;2;7;0;4;0;1;0;0;0
2021-03-31 08:05:59;39;12;2;7;0;4;0;1;0;0;0
2021-03-31 08:06:58;39;12;2;7;0;4;0;1;0;0;0
2021-03-31 08:07:59;39;12;2;7;0;4;0;1;0;0;0
2021-03-31 08:08:59;39;12;2;7;0;4;0;1;0;0;0
2021-03-31 08:10:00;39;12;2;7;0;4;0;1;0;0;0
2021-03-31 08:10:58;38;12;2;7;0;4;0;1;0;0;0
2021-03-31 08:11:59;39;12;2;7;0;4;0;1;0;0;0
2021-03-31 08:12:58;39;12;2;7;0;4;0;1;0;0;0
2021-03-31 08:13:59;39;12;2;7;0;4;0;1;0;0;0
2021-03-31 08:14:59;40;12;2;8;0;4;0;1;0;0;0
2021-03-31 08:15:58;41;12;2;8;1;4;0;1;0;0;0
2021-03-31 08:16:59;41;12;2;8;1;4;0;1;0;0;0
2021-03-31 08:17:58;41;12;2;8;1;4;0;1;0;0;0
2021-03-31 08:18:59;41;12;2;8;1;4;0;1;0;0;0
2021-03-31 08:19:59;41;12;2;8;1;4;0;1;0;0;0
2021-03-31 08:20:58;43;13;2;9;1;4;0;1;0;0;0
2021-03-31 08:21:59;43;13;2;9;1;4;0;1;0;0;0
2021-03-31 08:22:59;43;13;2;9;1;4;0;1;0;0;0
2021-03-31 08:23:58;43;13;2;9;1;4;0;1;0;0;0
2021-03-31 08:24:59;44;14;2;9;1;4;0;1;0;0;0
2021-03-31 08:25:59;44;14;2;9;1;4;0;1;0;0;0
2021-03-31 08:26:58;44;14;2;9;1;4;0;1;0;0;0
2021-03-31 08:27:59;44;14;2;9;1;4;0;1;0;0;0
2021-03-31 08:28:59;44;14;2;9;1;4;0;1;0;0;0
2021-03-31 08:29:58;44;14;2;9;1;4;0;1;0;0;0
2021-03-31 08:30:59;44;14;2;9;1;4;0;1;0;0;0
2021-03-31 08:31:59;44;14;2;9;1;4;0;1;0;0;0
2021-03-31 08:32:58;44;14;2;9;1;4;0;1;0;0;0
2021-03-31 08:33:59;44;14;2;9;1;4;0;1;0;0;0
2021-03-31 08:34:59;44;14;2;9;1;4;0;1;0;0;0
2021-03-31 08:35:58;45;15;2;9;1;4;0;1;0;0;0
2021-03-31 08:36:59;45;15;2;9;1;4;0;1;0;0;0
2021-03-31 08:37:59;45;15;2;9;1;4;0;1;0;0;0
2021-03-31 08:38:58;45;15;2;9;1;4;0;1;0;0;0
2021-03-31 08:39:59;45;14;2;9;1;4;0;1;0;0;0
2021-03-31 08:40:59;45;14;2;9;1;4;0;1;0;0;0
2021-03-31 08:41:58;45;14;2;9;1;4;0;1;0;0;0
2021-03-31 08:42:59;47;14;3;9;0;4;0;2;0;0;0
2021-03-31 08:44:00;47;14;3;9;0;4;0;2;0;0;0
2021-03-31 08:44:58;47;14;3;9;0;4;0;2;0;0;0
2021-03-31 08:45:59;47;14;3;9;0;4;0;2;0;0;0
2021-03-31 08:46:58;47;14;3;9;0;4;0;2;0;0;0
2021-03-31 08:47:59;47;14;3;9;0;4;0;2;0;0;0
2021-03-31 08:48:58;47;14;3;9;0;4;0;2;0;0;0
2021-03-31 08:49:59;47;14;3;9;0;4;0;2;0;0;0
2021-03-31 08:50:59;47;14;3;9;0;4;0;2;0;0;0
2021-03-31 08:51:58;47;14;3;9;0;4;0;2;0;0;0
2021-03-31 08:52:59;47;14;3;9;0;4;0;2;0;0;0
2021-03-31 08:53:59;47;14;3;9;0;4;0;2;0;0;0
2021-03-31 08:54:58;47;14;3;9;0;4;0;2;0;0;0
2021-03-31 08:55:59;48;15;3;9;0;4;0;2;0;0;0
2021-03-31 08:56:58;48;15;3;9;0;4;0;2;0;0;0
2021-03-31 08:57:59;48;15;3;9;0;4;0;2;0;0;0
2021-03-31 08:58:59;48;15;3;9;0;4;0;2;0;0;0
2021-03-31 08:59:58;48;15;3;9;0;4;0;2;0;0;0
2021-03-31 09:00:59;48;15;3;9;0;4;0;2;0;0;0
2021-03-31 09:01:59;48;15;3;9;0;4;0;2;0;0;0
2021-03-31 09:02:58;48;15;3;9;0;4;0;2;0;0;0
2021-03-31 09:03:59;48;15;3;9;0;4;0;2;0;0;0
2021-03-31 09:04:59;48;15;3;9;0;4;0;2;0;0;0
2021-03-31 09:05:58;48;15;3;9;0;4;0;2;0;0;0
2021-03-31 09:06:59;48;15;3;9;0;4;0;2;0;0;0
2021-03-31 09:07:58;48;15;3;9;0;4;0;2;0;0;0
2021-03-31 09:08:59;48;15;3;9;0;4;0;2;0;0;0
2021-03-31 09:09:59;48;15;3;9;0;4;0;2;0;0;0
2021-03-31 09:10:58;48;15;3;9;0;4;0;2;0;0;0
2021-03-31 09:12:00;48;15;3;9;0;4;0;2;0;0;0
2021-03-31 09:12:58;48;15;3;9;0;4;0;2;0;0;0
2021-03-31 09:13:59;48;15;3;9;0;4;0;2;0;0;0
2021-03-31 09:15:00;49;15;3;9;0;4;0;2;0;0;0
2021-03-31 09:15:58;49;15;3;9;0;4;0;2;0;0;0
2021-03-31 09:16:59;49;15;3;9;0;4;0;2;0;0;0
2021-03-31 09:17:58;49;15;3;9;0;4;0;2;0;0;0
2021-03-31 09:18:59;50;15;3;9;0;4;0;2;0;0;0
2021-03-31 09:19:59;50;15;3;9;0;4;0;2;0;0;0
2021-03-31 09:20:58;50;15;3;9;0;4;0;2;0;0;0
2021-03-31 09:21:59;50;15;3;9;0;4;0;2;0;0;0
2021-03-31 09:22:59;50;15;4;9;0;4;0;2;0;0;0
2021-03-31 09:23:58;50;15;4;9;0;4;0;2;0;0;0
2021-03-31 09:24:59;50;15;4;9;0;4;0;2;0;0;0
2021-03-31 09:26:00;50;15;4;9;0;4;0;2;0;0;0
2021-03-31 09:26:58;50;15;4;9;0;4;0;2;0;0;0
2021-03-31 09:27:59;50;15;4;9;0;4;0;2;0;0;0
2021-03-31 09:28:59;50;15;4;9;0;4;0;2;0;0;0
2021-03-31 09:29:59;50;15;4;9;0;4;0;2;0;0;0
2021-03-31 09:30:58;50;15;4;9;0;4;0;2;0;0;0
2021-03-31 09:31:59;50;15;4;9;0;4;0;2;0;0;0
2021-03-31 09:32:59;50;15;4;9;0;4;0;2;0;0;0
2021-03-31 09:33:58;50;15;4;9;0;4;0;2;0;0;0
2021-03-31 09:34:59;50;15;4;9;0;4;0;2;0;0;0
2021-03-31 09:35:59;50;15;4;9;0;4;0;2;0;0;0
2021-03-31 09:36:58;50;15;4;9;0;4;0;2;0;0;0
2021-03-31 09:37:59;50;15;4;9;0;4;0;2;0;0;0
2021-03-31 09:38:58;51;16;4;9;0;4;0;2;0;0;0
2021-03-31 09:39:59;51;16;4;9;0;4;0;2;0;0;0
2021-03-31 09:40:59;51;16;4;9;0;4;0;2;0;0;0
2021-03-31 09:41:58;51;16;4;9;0;4;0;2;0;0;0
2021-03-31 09:42:59;51;16;4;9;0;4;0;2;0;0;0
2021-03-31 09:43:59;51;16;4;9;0;4;0;2;0;0;0
2021-03-31 09:44:58;51;16;4;9;0;4;0;2;0;0;0
2021-03-31 09:45:59;51;16;4;9;0;4;0;2;0;0;0
2021-03-31 09:46:58;51;16;4;9;0;4;0;2;0;0;0
2021-03-31 09:47:59;51;16;4;9;0;4;0;2;0;0;0
2021-03-31 09:48:58;51;16;4;9;0;4;0;2;0;0;0
2021-03-31 09:49:59;51;16;4;9;0;4;0;2;0;0;0
2021-03-31 09:50:59;51;16;4;9;0;4;0;2;0;0;0
2021-03-31 09:51:58;51;16;4;9;0;4;0;2;0;0;0
2021-03-31 09:52:59;51;16;4;9;0;4;0;2;0;0;0
2021-03-31 09:53:59;51;16;4;9;0;4;0;2;0;0;0
2021-03-31 09:54:58;51;16;4;9;0;4;0;2;0;0;0
2021-03-31 09:55:59;51;16;4;9;0;4;0;2;0;0;0
2021-03-31 09:56:58;51;16;4;9;0;4;0;2;0;0;0
2021-03-31 09:57:59;51;16;4;9;0;4;0;2;0;0;0
2021-03-31 09:58:59;51;16;4;9;0;4;0;2;0;0;0
2021-03-31 09:59:58;51;16;4;9;0;4;0;2;0;0;0
2021-03-31 10:00:59;51;16;4;9;0;4;0;2;0;0;0
2021-03-31 10:01:58;51;16;4;9;0;4;0;2;0;0;0
2021-03-31 10:02:59;51;16;4;9;0;4;0;2;0;0;0
2021-03-31 10:03:59;51;16;4;9;0;4;0;2;0;0;0
2021-03-31 10:04:58;51;16;4;9;0;4;0;2;0;0;0
2021-03-31 10:05:59;51;16;4;9;0;4;0;2;0;0;0
2021-03-31 10:06:59;52;17;4;9;0;4;0;2;0;0;0
2021-03-31 10:07:59;52;17;4;9;0;4;0;2;0;0;0
2021-03-31 10:08:58;52;17;4;9;0;4;0;2;0;0;0
2021-03-31 10:09:59;52;17;4;9;0;4;0;2;0;0;0
2021-03-31 10:10:58;52;17;4;9;0;4;0;2;0;0;0
2021-03-31 10:11:59;52;17;4;9;0;4;0;2;0;0;0
2021-03-31 10:12:59;52;17;4;9;0;4;0;2;0;0;0
2021-03-31 10:13:58;52;17;4;9;0;4;0;2;0;0;0
2021-03-31 10:14:59;52;17;4;9;0;4;0;2;0;0;0
2021-03-31 10:15:59;53;17;4;9;0;4;0;2;0;0;0
2021-03-31 10:16:59;54;17;4;9;0;4;0;2;0;0;0
2021-03-31 10:17:58;54;17;4;9;0;4;0;2;0;0;0
2021-03-31 10:18:59;54;17;4;9;0;4;0;2;0;0;0
2021-03-31 10:19:59;55;18;4;9;0;4;0;2;0;0;0
2021-03-31 10:20:58;56;19;4;9;0;4;0;2;0;0;0
2021-03-31 10:21:59;56;19;4;9;0;4;0;2;0;0;0
2021-03-31 10:22:59;57;20;4;9;0;4;0;2;0;0;0
2021-03-31 10:23:59;58;20;4;10;0;4;0;2;0;0;0
2021-03-31 10:24:58;58;20;4;10;0;4;0;2;0;0;0
2021-03-31 10:25:59;58;20;4;10;0;4;0;2;0;0;0
2021-03-31 10:26:59;58;20;4;10;0;4;0;2;0;0;0
2021-03-31 10:27:58;59;20;4;10;0;4;0;2;0;0;0
2021-03-31 10:28:59;60;20;5;10;0;4;0;2;0;0;0
2021-03-31 10:29:59;60;20;5;10;0;4;0;2;0;0;0
2021-03-31 10:30:58;60;20;5;10;0;4;0;2;0;0;0
2021-03-31 10:31:59;60;20;5;10;0;4;0;2;0;0;0
2021-03-31 10:32:59;60;20;5;10;0;4;0;2;0;0;0
2021-03-31 10:33:58;60;20;5;10;0;4;0;2;0;0;0
2021-03-31 10:34:59;60;20;5;10;0;4;0;2;0;0;0
2021-03-31 10:35:59;60;20;5;10;0;4;0;2;0;0;0
2021-03-31 10:36:58;60;20;5;10;0;4;0;2;0;0;0
2021-03-31 10:37:59;61;20;5;11;0;4;0;2;0;0;0
2021-03-31 10:38:59;61;20;5;11;0;4;0;2;0;0;0
2021-03-31 10:39:58;61;20;5;11;0;4;0;2;0;0;0
2021-03-31 10:40:59;61;20;6;11;0;5;0;2;0;0;0
2021-03-31 10:41:59;61;20;6;11;0;5;0;2;0;0;0
2021-03-31 10:42:58;61;20;6;11;0;5;0;2;0;0;0
2021-03-31 10:43:59;61;20;6;11;0;5;0;2;0;0;0
2021-03-31 10:44:59;61;20;6;11;0;5;0;2;0;0;0
2021-03-31 10:45:58;61;20;6;11;0;5;0;2;0;0;0
2021-03-31 10:46:59;61;20;6;11;0;5;0;2;0;0;0
2021-03-31 10:47:59;61;20;6;11;0;5;0;2;0;0;0
2021-03-31 10:48:58;61;20;6;11;0;5;0;2;0;0;0
2021-03-31 10:49:59;61;20;6;11;0;5;0;2;0;0;0
2021-03-31 10:51:00;61;20;6;11;0;5;0;2;0;0;0
2021-03-31 10:51:58;61;20;6;11;0;5;0;2;0;0;0
2021-03-31 10:52:59;61;20;6;11;0;5;0;2;0;0;0
2021-03-31 10:53:59;61;20;6;11;0;5;0;2;0;0;0
2021-03-31 10:54:58;62;20;6;11;0;5;0;2;0;0;0
2021-03-31 10:55:59;62;20;6;11;0;5;0;2;0;0;0
2021-03-31 10:56:59;62;20;6;11;0;5;0;2;0;0;0
2021-03-31 10:57:58;62;20;6;11;0;5;0;2;0;0;0
2021-03-31 10:58:59;62;20;6;11;0;5;0;2;0;0;0
2021-03-31 11:00:00;62;20;6;11;0;5;0;2;0;0;0
2021-03-31 11:00:58;62;20;6;11;0;5;0;2;0;0;0
2021-03-31 11:01:59;62;20;6;11;0;5;0;2;0;0;0
2021-03-31 11:02:58;62;20;6;11;0;5;0;2;0;0;0
2021-03-31 11:03:59;62;20;6;11;0;5;0;2;0;0;0
2021-03-31 11:04:58;62;20;6;11;0;5;0;2;0;0;0
2021-03-31 11:05:59;62;20;6;11;0;5;0;2;0;0;0
2021-03-31 11:06:59;63;20;7;11;0;5;0;2;0;0;0
2021-03-31 11:07:58;64;20;8;11;0;5;0;2;0;0;0
2021-03-31 11:08:59;64;20;8;11;0;5;0;2;0;0;0
2021-03-31 11:09:59;64;20;8;11;0;5;0;2;0;0;0
2021-03-31 11:10:58;64;20;8;11;0;5;0;2;0;0;0
2021-03-31 11:11:59;64;20;8;11;0;5;0;2;0;0;0
2021-03-31 11:12:59;64;20;8;11;0;5;0;2;0;0;0
2021-03-31 11:13:58;64;20;8;11;0;5;0;2;0;0;0
2021-03-31 11:14:59;64;20;8;11;0;5;0;2;0;0;0
2021-03-31 11:15:59;64;20;8;11;0;5;0;2;0;0;0
2021-03-31 11:16:58;64;20;8;11;0;5;0;2;0;0;0
2021-03-31 11:17:59;64;20;8;11;0;5;0;2;0;0;0
2021-03-31 11:18:58;64;20;8;11;0;5;0;2;0;0;0
2021-03-31 11:19:59;64;20;8;11;0;5;0;2;0;0;0
2021-03-31 11:20:59;64;20;8;11;0;5;0;2;0;0;0
2021-03-31 11:21:58;64;20;8;11;0;5;0;2;0;0;0
2021-03-31 11:22:59;64;20;8;11;0;5;0;2;0;0;0
2021-03-31 11:23:59;64;20;8;11;0;5;0;2;0;0;0
2021-03-31 11:24:58;64;20;8;11;0;5;0;2;0;0;0
2021-03-31 11:25:59;64;20;8;11;0;5;0;2;0;0;0
2021-03-31 11:26:59;64;20;8;11;0;5;0;2;0;0;0
2021-03-31 11:27:58;64;20;8;11;0;5;0;2;0;0;0
2021-03-31 11:28:59;62;20;8;11;0;5;0;2;0;0;0
2021-03-31 11:29:59;62;20;8;11;0;5;0;2;0;0;0
2021-03-31 11:30:58;62;20;8;11;0;5;0;2;0;0;0
2021-03-31 11:31:59;62;20;8;11;0;5;0;2;0;0;0
2021-03-31 11:32:59;62;20;8;11;0;5;0;2;0;0;0
2021-03-31 11:33:58;62;20;8;11;0;5;0;2;0;0;0
2021-03-31 11:34:59;63;20;9;11;0;5;0;2;0;0;0
2021-03-31 11:35:58;63;20;9;11;0;5;0;2;0;0;0
2021-03-31 11:36:59;63;20;9;11;0;5;0;2;0;0;0
2021-03-31 11:37:59;63;20;9;11;0;5;0;2;0;0;0
2021-03-31 11:38:58;63;20;9;11;0;5;0;2;0;0;0
2021-03-31 11:39:59;63;20;9;11;0;5;0;2;0;0;0
2021-03-31 11:40:59;63;20;9;11;0;5;0;2;0;0;0
2021-03-31 11:41:58;63;20;9;11;0;5;0;2;0;0;0
2021-03-31 11:42:59;64;20;10;11;0;5;0;2;0;0;0
2021-03-31 11:43:59;64;20;10;11;0;5;0;2;0;0;0
2021-03-31 11:44:58;64;20;10;11;0;5;0;2;0;0;0
2021-03-31 11:45:59;64;20;10;11;0;5;0;2;0;0;0
2021-03-31 11:46:59;64;20;10;11;0;5;0;2;0;0;0
2021-03-31 11:47:58;64;20;10;11;0;5;0;2;0;0;0
2021-03-31 11:48:59;64;20;10;11;0;5;0;2;0;0;0
2021-03-31 11:49:59;64;20;10;11;0;5;0;2;0;0;0
2021-03-31 11:50:58;65;20;10;12;0;5;0;2;0;0;0
2021-03-31 11:51:59;65;20;10;12;0;5;0;2;0;0;0
2021-03-31 11:52:59;65;20;10;12;0;5;0;2;0;0;0
2021-03-31 11:53:58;65;20;10;12;0;5;0;2;0;0;0
2021-03-31 11:54:59;66;20;10;13;0;5;0;2;0;0;0
2021-03-31 11:55:59;66;20;10;13;0;5;0;2;0;0;0
2021-03-31 11:56:59;67;20;11;13;0;5;0;2;0;0;0
2021-03-31 11:57:58;68;21;11;13;0;5;0;2;0;0;0
2021-03-31 11:58:59;68;21;11;13;0;5;0;2;0;0;0
2021-03-31 12:00:00;68;21;11;13;0;5;0;2;0;0;0
2021-03-31 12:00:58;69;21;11;13;0;6;0;2;0;0;0
2021-03-31 12:01:59;69;21;11;13;0;6;0;2;0;0;0
2021-03-31 12:02:59;69;21;11;13;0;6;0;2;0;0;0
2021-03-31 12:03:59;69;21;11;13;0;6;0;2;0;0;0
2021-03-31 12:04:58;69;21;11;13;0;6;0;2;0;0;0
2021-03-31 12:05:59;69;21;11;13;0;6;0;2;0;0;0
2021-03-31 12:06:58;69;21;11;13;0;6;0;2;0;0;0
2021-03-31 12:07:59;70;21;12;13;0;6;0;2;0;0;0
2021-03-31 12:08:59;70;21;12;13;0;6;0;2;0;0;0
2021-03-31 12:09:58;70;21;12;13;0;6;0;2;0;0;0
2021-03-31 12:10:59;70;21;12;13;0;6;0;2;0;0;0
2021-03-31 12:11:59;70;21;12;13;0;6;0;2;0;0;0
2021-03-31 12:12:58;70;21;12;13;0;6;0;2;0;0;0
2021-03-31 12:13:59;71;22;12;13;0;6;0;2;0;0;0
2021-03-31 12:14:58;71;22;12;13;0;6;0;2;0;0;0
2021-03-31 12:15:59;71;22;12;13;0;6;0;2;0;0;0
2021-03-31 12:16:59;71;22;12;13;0;6;0;2;0;0;0
2021-03-31 12:17:58;71;22;12;13;0;6;0;2;0;0;0
2021-03-31 12:18:59;71;22;12;13;0;6;0;2;0;0;0
2021-03-31 12:19:58;71;22;12;13;0;6;0;2;0;0;0
2021-03-31 12:20:59;72;23;12;13;0;6;0;2;0;0;0
2021-03-31 12:21:58;72;23;12;13;0;6;0;2;0;0;0
2021-03-31 12:22:59;72;23;12;13;0;6;0;2;0;0;0
2021-03-31 12:23:59;73;23;12;13;1;6;0;2;0;0;0
2021-03-31 12:24:59;73;23;12;13;1;6;0;2;0;0;0
2021-03-31 12:26:00;73;23;12;13;1;6;0;2;0;0;0
2021-03-31 12:26:58;73;23;12;13;1;6;0;2;0;0;0
2021-03-31 12:27:59;73;23;12;13;1;6;0;2;0;0;0
2021-03-31 12:28:58;73;23;12;13;1;6;0;2;0;0;0
2021-03-31 12:29:59;73;23;12;13;1;6;0;2;0;0;0
2021-03-31 12:30:59;73;23;12;13;1;6;0;2;0;0;0
2021-03-31 12:31:58;73;23;12;13;1;6;0;2;0;0;0
2021-03-31 12:32:59;73;23;12;13;1;6;0;2;0;0;0
2021-03-31 12:33:59;73;23;12;13;1;6;0;2;0;0;0
2021-03-31 12:34:58;73;23;12;13;1;6;0;2;0;0;0
2021-03-31 12:35:59;73;23;12;13;1;6;0;2;0;0;0
2021-03-31 12:36:58;73;23;12;13;1;6;0;2;0;0;0
2021-03-31 12:37:59;73;23;12;13;1;6;0;2;0;0;0
2021-03-31 12:38:59;73;23;12;13;1;6;0;2;0;0;0
2021-03-31 12:39:58;73;23;12;13;1;6;0;2;0;0;0
2021-03-31 12:40:59;73;23;12;13;1;6;0;2;0;0;0
2021-03-31 12:41:59;74;23;12;14;1;6;0;2;0;0;0
2021-03-31 12:42:58;74;23;12;14;1;6;0;2;0;0;0
2021-03-31 12:43:59;74;23;12;14;1;6;0;2;0;0;0
2021-03-31 12:44:59;75;23;13;14;1;6;0;2;0;0;0
2021-03-31 12:45:59;75;23;13;14;1;6;0;2;0;0;0
2021-03-31 12:46:58;75;23;13;14;1;6;0;2;0;0;0
2021-03-31 12:47:59;75;23;13;14;1;6;0;2;0;0;0
2021-03-31 12:48:59;75;23;13;14;1;6;0;2;0;0;0
2021-03-31 12:49:58;75;23;13;14;1;6;0;2;0;0;0
2021-03-31 12:50:59;75;23;13;14;1;6;0;2;0;0;0
2021-03-31 12:51:58;75;23;13;14;1;6;0;2;0;0;0
2021-03-31 12:52:59;75;23;13;14;1;6;0;2;0;0;0
2021-03-31 12:53:59;75;23;13;14;1;6;0;2;0;0;0
2021-03-31 12:54:58;74;23;13;14;0;6;0;2;0;0;0
2021-03-31 12:55:59;74;23;13;14;0;6;0;2;0;0;0
2021-03-31 12:57:00;74;23;13;14;0;6;0;2;0;0;0
2021-03-31 12:57:58;74;23;13;14;0;6;0;2;0;0;0
2021-03-31 12:58:59;74;23;13;14;0;6;0;2;0;0;0
2021-03-31 12:59:58;74;23;13;14;0;6;0;2;0;0;0
2021-03-31 13:00:59;74;23;13;14;0;6;0;2;0;0;0
2021-03-31 13:01:58;74;23;13;14;0;6;0;2;0;0;0
2021-03-31 13:02:59;74;23;13;14;0;6;0;2;0;0;0
2021-03-31 13:03:59;74;23;13;14;0;6;0;2;0;0;0
2021-03-31 13:04:58;74;23;13;14;0;6;0;2;0;0;0
2021-03-31 13:05:59;74;23;13;14;0;6;0;2;0;0;0
2021-03-31 13:06:59;74;23;13;14;0;6;0;2;0;0;0
2021-03-31 13:07:59;74;23;13;14;0;6;0;2;0;0;0
2021-03-31 13:08:59;74;23;13;14;0;6;0;2;0;0;0
2021-03-31 13:09:58;74;23;13;14;0;6;0;2;0;0;0
2021-03-31 13:10:59;74;23;13;14;0;6;0;2;0;0;0
2021-03-31 13:11:59;74;23;13;14;0;6;0;2;0;0;0
2021-03-31 13:12:58;74;23;13;14;0;6;0;2;0;0;0
2021-03-31 13:13:59;75;24;13;14;0;6;0;2;0;0;0
2021-03-31 13:14:59;75;25;13;14;0;6;0;2;0;0;0
2021-03-31 13:15:58;75;25;13;14;0;6;0;2;0;0;0
2021-03-31 13:16:59;75;25;13;14;0;6;0;2;0;0;0
2021-03-31 13:17:59;75;25;13;14;0;6;0;2;0;0;0
2021-03-31 13:18:58;75;25;13;14;0;6;0;2;0;0;0
2021-03-31 13:19:59;75;25;13;14;0;6;0;2;0;0;0
2021-03-31 13:20:59;75;25;13;14;0;6;0;2;0;0;0
2021-03-31 13:21:58;75;25;13;14;0;6;0;2;0;0;0
2021-03-31 13:22:59;76;26;13;14;0;6;0;2;0;0;0
2021-03-31 13:23:59;76;26;13;14;0;6;0;2;0;0;0
2021-03-31 13:24:58;76;26;13;14;0;6;0;2;0;0;0
2021-03-31 13:25:59;76;26;13;14;0;6;0;2;0;0;0
2021-03-31 13:26:59;76;26;13;14;0;6;0;2;0;0;0
2021-03-31 13:27:58;76;26;13;14;0;6;0;2;0;0;0
2021-03-31 13:28:59;76;26;13;14;0;6;0;2;0;0;0
2021-03-31 13:29:58;76;26;13;14;0;6;0;2;0;0;0
2021-03-31 13:30:59;76;26;13;14;0;6;0;2;0;0;0
2021-03-31 13:31:58;76;26;13;14;0;6;0;2;0;0;0
2021-03-31 13:32:59;76;26;13;14;0;6;0;2;0;0;0
2021-03-31 13:33:59;77;26;13;14;0;6;0;2;0;0;0
2021-03-31 13:34:58;77;26;13;14;0;6;0;2;0;0;0
2021-03-31 13:35:59;77;26;13;14;0;6;0;2;0;0;0
2021-03-31 13:36:59;77;26;13;14;0;6;0;2;0;0;0
2021-03-31 13:37:58;77;26;13;14;0;6;0;2;0;0;0
2021-03-31 13:38:59;77;26;13;14;0;6;0;2;0;0;0
2021-03-31 13:40:00;77;26;13;14;0;6;0;2;0;0;0
2021-03-31 13:40:58;77;26;13;14;0;6;0;2;0;0;0
2021-03-31 13:41:59;77;26;13;14;0;6;0;2;0;0;0
2021-03-31 13:42:58;77;26;13;14;0;6;0;2;0;0;0
2021-03-31 13:43:59;77;26;13;14;0;6;0;2;0;0;0
2021-03-31 13:44:59;77;26;13;14;0;6;0;2;0;0;0
2021-03-31 13:45:58;77;26;13;14;0;6;0;2;0;0;0
2021-03-31 13:46:59;78;26;14;14;0;6;0;2;0;0;0
2021-03-31 13:47:58;78;26;14;14;0;6;0;2;0;0;0
2021-03-31 13:48:59;78;26;14;14;0;6;0;2;0;0;0
2021-03-31 13:49:59;78;26;14;14;0;6;0;2;0;0;0
2021-03-31 13:50:58;78;26;14;14;0;6;0;2;0;0;0
2021-03-31 13:51:59;78;26;14;14;0;6;0;2;0;0;0
2021-03-31 13:52:58;78;26;14;14;0;6;0;2;0;0;0
2021-03-31 13:53:59;78;26;14;14;0;6;0;2;0;0;0
2021-03-31 13:54:59;78;26;14;14;0;6;0;2;0;0;0
2021-03-31 13:55:58;78;26;14;14;0;6;0;2;0;0;0
2021-03-31 13:56:59;78;26;14;14;0;6;0;2;0;0;0
2021-03-31 13:57:58;78;26;14;14;0;6;0;2;0;0;0
2021-03-31 13:58:59;78;26;14;14;0;6;0;2;0;0;0
2021-03-31 13:59:58;78;26;14;14;0;6;0;2;0;0;0
2021-03-31 14:00:59;78;26;14;14;0;6;0;2;0;0;0
2021-03-31 14:01:59;78;26;14;14;0;6;0;2;0;0;0
2021-03-31 14:02:58;78;26;14;14;0;6;0;2;0;0;0
2021-03-31 14:03:59;78;26;14;14;0;6;0;2;0;0;0
2021-03-31 14:05:00;78;26;14;14;0;6;0;2;0;0;0
2021-03-31 14:05:58;78;26;14;14;0;6;0;2;0;0;0
2021-03-31 14:06:59;78;26;14;14;0;6;0;2;0;0;0
2021-03-31 14:07:58;78;26;14;14;0;6;0;2;0;0;0
2021-03-31 14:08:59;78;26;14;14;0;6;0;2;0;0;0
2021-03-31 14:09:59;78;26;14;14;0;6;0;2;0;0;0
2021-03-31 14:10:58;78;26;14;14;0;6;0;2;0;0;0
2021-03-31 14:11:59;78;26;14;14;0;6;0;2;0;0;0
2021-03-31 14:12:59;78;26;14;14;0;6;0;2;0;0;0
2021-03-31 14:13:58;78;26;14;14;0;6;0;2;0;0;0
2021-03-31 14:14:59;78;26;14;14;0;6;0;2;0;0;0
2021-03-31 14:15:58;78;26;14;14;0;6;0;2;0;0;0
2021-03-31 14:16:59;78;26;14;14;0;6;0;2;0;0;0
2021-03-31 14:17:59;78;26;14;14;0;6;0;2;0;0;0
2021-03-31 14:18:58;79;27;14;14;0;6;0;2;0;0;0
2021-03-31 14:19:59;78;27;14;14;0;5;0;2;0;0;0
2021-03-31 14:20:59;78;27;14;14;0;5;0;2;0;0;0
2021-03-31 14:21:58;78;27;14;14;0;5;0;2;0;0;0
2021-03-31 14:22:59;78;27;14;14;0;5;0;2;0;0;0
2021-03-31 14:23:59;78;27;14;14;0;5;0;2;0;0;0
2021-03-31 14:24:58;78;27;14;14;0;5;0;2;0;0;0
2021-03-31 14:25:59;78;27;14;14;0;5;0;2;0;0;0
2021-03-31 14:27:00;78;27;14;14;0;5;0;2;0;0;0
2021-03-31 14:27:58;78;27;14;14;0;5;0;2;0;0;0
2021-03-31 14:28:59;78;27;14;14;0;5;0;2;0;0;0
2021-03-31 14:29:58;78;27;14;14;0;5;0;2;0;0;0
2021-03-31 14:30:59;80;27;14;15;1;5;0;2;0;0;0
2021-03-31 14:31:59;80;27;14;15;1;5;0;2;0;0;0
2021-03-31 14:32:58;80;27;14;15;1;5;0;2;0;0;0
2021-03-31 14:33:59;80;27;14;15;1;5;0;2;0;0;0
2021-03-31 14:34:59;80;27;14;15;1;5;0;2;0;0;0
2021-03-31 14:35:58;80;27;14;15;1;5;0;2;0;0;0
2021-03-31 14:36:59;80;27;14;15;1;5;0;2;0;0;0
2021-03-31 14:37:59;80;27;14;15;1;5;0;2;0;0;0
2021-03-31 14:38:58;80;27;14;15;1;5;0;2;0;0;0
2021-03-31 14:39:59;80;27;14;15;1;5;0;2;0;0;0
2021-03-31 14:40:59;80;27;14;15;1;5;0;2;0;0;0
2021-03-31 14:41:58;80;27;14;15;1;5;0;2;0;0;0
2021-03-31 14:42:59;81;28;14;15;1;5;0;2;0;0;0
2021-03-31 14:43:58;81;28;14;15;1;5;0;2;0;0;0
2021-03-31 14:44:59;81;28;14;15;1;5;0;2;0;0;0
2021-03-31 14:45:59;81;28;14;15;1;5;0;2;0;0;0
2021-03-31 14:46:58;81;28;14;15;1;5;0;2;0;0;0
2021-03-31 14:47:59;81;28;14;15;1;5;0;2;0;0;0
2021-03-31 14:48:59;81;28;14;15;1;5;0;2;0;0;0
2021-03-31 14:49:58;81;28;14;15;1;5;0;2;0;0;0
2021-03-31 14:50:59;81;28;14;15;1;5;0;2;0;0;0
2021-03-31 14:51:59;81;28;14;15;1;5;0;2;0;0;0
2021-03-31 14:52:58;81;28;14;15;1;5;0;2;0;0;0
2021-03-31 14:53:59;81;28;14;15;1;5;0;2;0;0;0
2021-03-31 14:54:59;81;28;14;15;1;5;0;2;0;0;0
2021-03-31 14:55:58;81;28;14;15;1;5;0;2;0;0;0
2021-03-31 14:56:59;81;28;14;15;1;5;0;2;0;0;0
2021-03-31 14:57:59;81;28;14;15;1;5;0;2;0;0;0
2021-03-31 14:58:59;81;28;14;15;1;5;0;2;0;0;0
2021-03-31 14:59:58;81;28;14;15;1;5;0;2;0;0;0
2021-03-31 15:00:59;81;28;14;15;1;5;0;2;0;0;0
2021-03-31 15:01:59;82;28;14;15;2;5;0;2;0;0;0
2021-03-31 15:02:58;82;28;14;15;2;5;0;2;0;0;0
2021-03-31 15:03:59;82;28;14;15;2;5;0;2;0;0;0
2021-03-31 15:04:59;82;28;14;15;2;5;0;2;0;0;0
2021-03-31 15:05:58;83;28;14;16;2;5;0;2;0;0;0
2021-03-31 15:06:59;84;29;14;16;2;5;0;2;0;0;0
2021-03-31 15:07:58;84;29;14;16;2;5;0;2;0;0;0
2021-03-31 15:08:59;84;29;14;16;2;5;0;2;0;0;0
2021-03-31 15:09:59;84;29;14;16;2;5;0;2;0;0;0
2021-03-31 15:10:58;84;29;14;16;2;5;0;2;0;0;0
2021-03-31 15:11:59;84;29;14;16;2;5;0;2;0;0;0
2021-03-31 15:12:58;84;29;14;16;2;5;0;2;0;0;0
2021-03-31 15:13:59;85;29;14;16;2;5;0;2;1;0;0
2021-03-31 15:14:59;85;29;14;16;2;5;0;2;1;0;0
2021-03-31 15:15:58;85;29;14;16;2;5;0;2;1;0;0
2021-03-31 15:16:59;85;29;14;16;2;5;0;2;1;0;0
2021-03-31 15:17:59;85;29;14;16;2;5;0;2;1;0;0
2021-03-31 15:18:58;85;29;14;16;2;5;0;2;1;0;0
2021-03-31 15:19:59;85;29;14;16;2;5;0;2;1;0;0
2021-03-31 15:20:58;85;29;14;16;2;5;0;2;1;0;0
2021-03-31 15:21:59;86;29;14;17;2;5;0;2;1;0;0
2021-03-31 15:22:59;86;29;14;17;2;5;0;2;1;0;0
2021-03-31 15:23:58;86;29;14;17;2;5;0;2;1;0;0
2021-03-31 15:24:59;86;29;14;17;2;5;0;2;1;0;0
2021-03-31 15:25:59;86;29;14;17;2;5;0;2;1;0;0
2021-03-31 15:26:58;86;29;14;17;2;5;0;2;1;0;0
2021-03-31 15:27:59;86;29;14;17;2;5;0;2;1;0;0
2021-03-31 15:28:58;86;29;14;17;2;5;0;2;1;0;0
2021-03-31 15:29:59;86;29;14;17;2;5;0;2;1;0;0
2021-03-31 15:30:58;86;29;14;17;2;5;0;2;1;0;0
2021-03-31 15:31:59;86;29;14;17;2;5;0;2;1;0;0
2021-03-31 15:32:59;87;29;14;17;3;5;0;2;1;0;0
2021-03-31 15:33:58;87;29;14;17;3;5;0;2;1;0;0
2021-03-31 15:34:59;87;29;14;17;3;5;0;2;1;0;0
2021-03-31 15:35:59;87;29;14;17;3;5;0;2;1;0;0
2021-03-31 15:36:58;87;29;14;17;3;5;0;2;1;0;0
2021-03-31 15:37:59;87;29;14;17;3;5;0;2;1;0;0
2021-03-31 15:38:58;87;29;14;17;3;5;0;2;1;0;0
2021-03-31 15:39:59;87;29;14;17;3;5;0;2;1;0;0
2021-03-31 15:40:58;87;29;14;17;3;5;0;2;1;0;0
2021-03-31 15:41:59;87;29;14;17;3;5;0;2;1;0;0
2021-03-31 15:43:00;87;29;14;17;3;5;0;2;1;0;0
2021-03-31 15:43:58;87;29;14;17;3;5;0;2;1;0;0
2021-03-31 15:44:59;87;29;14;17;3;5;0;2;1;0;0
2021-03-31 15:45:58;87;29;14;17;3;5;0;2;1;0;0
2021-03-31 15:46:59;87;29;14;17;3;5;0;2;1;0;0
2021-03-31 15:47:59;87;29;14;17;3;5;0;2;1;0;0
2021-03-31 15:48:58;87;29;14;17;3;5;0;2;1;0;0
2021-03-31 15:49:59;87;29;14;17;3;5;0;2;1;0;0
2021-03-31 15:50:58;87;29;14;17;3;5;0;2;1;0;0
2021-03-31 15:51:59;87;29;14;17;3;5;0;2;1;0;0
2021-03-31 15:52:59;87;29;14;17;3;5;0;2;1;0;0
2021-03-31 15:53:58;87;29;14;17;3;5;0;2;1;0;0
2021-03-31 15:54:59;87;29;14;17;3;5;0;2;1;0;0
2021-03-31 15:55:59;87;29;14;17;3;5;0;2;1;0;0
2021-03-31 15:56:58;87;29;14;17;3;5;0;2;1;0;0
2021-03-31 15:57:59;87;29;14;17;3;5;0;2;1;0;0
2021-03-31 15:58:59;87;29;14;17;3;5;0;2;1;0;0
2021-03-31 15:59:58;87;29;14;17;3;5;0;2;1;0;0
2021-03-31 16:00:59;88;29;15;17;3;5;0;2;1;0;0
2021-03-31 16:01:59;88;29;15;17;3;5;0;2;1;0;0
2021-03-31 16:02:59;88;29;15;17;3;5;0;2;1;0;0
2021-03-31 16:03:58;88;29;15;17;3;5;0;2;1;0;0
2021-03-31 16:04:59;88;29;15;17;3;5;0;2;1;0;0
2021-03-31 16:05:58;88;29;15;17;3;5;0;2;1;0;0
2021-03-31 16:06:59;88;29;15;17;3;5;0;2;1;0;0
2021-03-31 16:07:59;88;29;15;17;3;5;0;2;1;0;0
2021-03-31 16:08:58;88;29;15;17;3;5;0;2;1;0;0
2021-03-31 16:09:59;88;29;15;17;3;5;0;2;1;0;0
2021-03-31 16:10:59;88;29;15;17;3;5;0;2;1;0;0
2021-03-31 16:11:58;88;29;15;17;3;5;0;2;1;0;0
2021-03-31 16:12:59;88;29;15;17;3;5;0;2;1;0;0
2021-03-31 16:13:58;88;29;15;17;3;5;0;2;1;0;0
2021-03-31 16:14:59;88;29;15;17;3;5;0;2;1;0;0
2021-03-31 16:16:00;88;29;15;17;3;5;0;2;1;0;0
2021-03-31 16:16:58;88;29;15;17;3;5;0;2;1;0;0
2021-03-31 16:17:59;88;29;15;17;3;5;0;2;1;0;0
2021-03-31 16:18:58;88;29;15;17;3;5;0;2;1;0;0
2021-03-31 16:19:59;88;29;15;17;3;5;0;2;1;0;0
2021-03-31 16:20:59;88;29;15;17;3;5;0;2;1;0;0
2021-03-31 16:21:58;88;29;15;17;3;5;0;2;1;0;0
2021-03-31 16:22:59;89;29;15;18;3;5;0;2;1;0;0
2021-03-31 16:23:59;89;29;15;18;3;5;0;2;1;0;0
2021-03-31 16:24:58;90;29;16;18;3;5;0;2;1;0;0
2021-03-31 16:25:59;90;29;16;18;3;5;0;2;1;0;0
2021-03-31 16:26:58;90;29;16;18;3;5;0;2;1;0;0
2021-03-31 16:27:59;90;29;16;18;3;5;0;2;1;0;0
2021-03-31 16:28:59;90;29;16;18;3;5;0;2;1;0;0
2021-03-31 16:29:58;91;30;16;18;3;5;0;2;1;0;0
2021-03-31 16:30:59;91;30;16;18;3;5;0;2;1;0;0
2021-03-31 16:31:58;91;30;16;18;3;5;0;2;1;0;0
2021-03-31 16:32:59;91;30;16;18;3;5;0;2;1;0;0
2021-03-31 16:33:59;91;30;16;18;3;5;0;2;1;0;0
2021-03-31 16:34:58;91;30;16;18;3;5;0;2;1;0;0
2021-03-31 16:35:59;91;30;16;18;3;5;0;2;1;0;0
2021-03-31 16:36:58;91;30;16;18;3;5;0;2;1;0;0
2021-03-31 16:37:59;91;30;16;18;3;5;0;2;1;0;0
2021-03-31 16:38:59;91;30;16;18;3;5;0;2;1;0;0
2021-03-31 16:39:58;92;30;16;18;3;5;2;2;1;0;0
2021-03-31 16:40:59;93;30;16;18;3;5;2;2;0;2;0
2021-03-31 16:41:59;93;30;16;18;3;5;2;2;0;2;0
2021-03-31 16:42:58;93;30;16;18;3;5;2;2;0;2;0
2021-03-31 16:43:59;93;30;16;18;3;5;2;2;0;2;0
2021-03-31 16:44:59;93;30;16;18;3;5;2;2;0;2;0
2021-03-31 16:45:58;93;30;16;18;3;5;2;2;0;2;0
2021-03-31 16:46:59;93;30;16;18;3;5;2;2;0;2;0
2021-03-31 16:47:58;94;31;16;18;3;5;2;2;0;2;0
2021-03-31 16:48:59;95;32;16;18;3;5;2;2;0;2;0
2021-03-31 16:49:59;95;32;16;18;3;5;2;2;0;2;0
2021-03-31 16:50:58;95;32;16;18;3;5;2;2;0;2;0
2021-03-31 16:51:59;95;32;16;18;3;5;2;2;0;2;0
2021-03-31 16:52:58;95;32;16;18;3;5;2;2;0;2;0
2021-03-31 16:53:59;96;32;16;19;3;5;2;2;0;2;0
2021-03-31 16:55:00;96;32;16;19;3;5;2;2;0;2;0
2021-03-31 16:55:58;96;32;16;19;3;5;2;2;0;2;0
2021-03-31 16:56:59;96;32;16;19;3;5;2;2;0;2;0
2021-03-31 16:57:58;96;32;16;19;3;5;2;2;0;2;0
2021-03-31 16:58:59;96;32;16;19;3;5;2;2;0;2;0
2021-03-31 16:59:59;96;32;16;19;3;5;2;2;0;2;0
2021-03-31 17:00:58;97;32;16;19;3;5;2;2;1;2;0
2021-03-31 17:01:59;97;32;16;19;3;5;2;2;1;2;0
2021-03-31 17:02:58;97;32;16;19;3;5;2;2;1;2;0
2021-03-31 17:03:59;97;32;16;19;3;5;2;2;1;2;0
2021-03-31 17:04:59;97;32;16;19;3;5;2;2;1;2;0
2021-03-31 17:05:58;97;32;16;19;3;5;2;2;1;2;0
2021-03-31 17:06:59;98;32;16;19;3;5;3;2;1;2;0
2021-03-31 17:07:59;98;32;16;19;3;5;3;2;1;2;0
2021-03-31 17:08:59;98;32;16;19;3;5;3;2;1;2;0
2021-03-31 17:09:58;99;32;17;19;3;5;3;2;1;2;0
2021-03-31 17:10:59;100;33;17;19;3;5;3;2;1;2;0
2021-03-31 17:11:58;100;33;17;19;3;5;3;2;1;2;0
2021-03-31 17:12:59;100;33;17;19;3;5;3;2;1;2;0
2021-03-31 17:13:59;100;33;17;19;3;5;3;2;1;2;0
2021-03-31 17:14:58;100;33;17;19;3;5;3;2;1;2;0
2021-03-31 17:15:59;100;33;17;19;3;5;3;2;1;2;0
2021-03-31 17:16:59;100;33;17;19;3;5;3;2;1;2;0
2021-03-31 17:17:58;100;33;17;19;3;5;3;2;1;2;0
2021-03-31 17:18:59;100;33;17;19;3;5;3;2;1;2;0
2021-03-31 17:19:59;101;33;17;19;3;5;4;2;1;2;0
2021-03-31 17:20:58;101;33;17;19;3;5;4;2;1;2;0
2021-03-31 17:21:59;101;33;17;19;3;5;4;2;1;2;0
2021-03-31 17:22:59;101;33;17;19;3;5;4;2;1;2;0
2021-03-31 17:23:58;101;33;17;19;3;5;4;2;1;2;0
2021-03-31 17:24:59;101;33;17;19;3;5;4;2;1;2;0
2021-03-31 17:25:59;101;33;17;19;3;5;4;2;1;2;0
2021-03-31 17:26:58;101;33;17;19;3;5;4;2;1;2;0
2021-03-31 17:27:59;101;33;17;19;3;5;4;2;1;2;0
2021-03-31 17:28:59;101;33;17;19;3;5;4;2;1;2;0
2021-03-31 17:29:59;101;33;17;19;3;5;4;2;1;2;0
2021-03-31 17:30:58;101;33;17;19;3;5;4;2;1;2;0
2021-03-31 17:31:59;101;33;17;19;3;5;4;2;1;2;0
2021-03-31 17:32:59;101;33;17;19;3;5;4;2;1;2;0
2021-03-31 17:33:58;101;33;17;19;3;5;4;2;1;2;0
2021-03-31 17:34:59;101;33;17;19;3;5;4;2;1;2;0
2021-03-31 17:35:59;101;33;17;19;3;5;4;2;1;2;0
2021-03-31 17:36:58;103;33;17;19;3;5;5;2;1;2;0
2021-03-31 17:37:59;103;33;17;19;3;5;5;2;1;2;0
2021-03-31 17:38:58;103;33;17;19;3;5;5;2;1;2;0
2021-03-31 17:39:59;103;33;17;19;3;5;5;2;1;2;0
2021-03-31 17:40:58;103;33;17;19;3;5;5;2;1;2;0
2021-03-31 17:41:59;103;33;17;19;3;5;5;2;1;2;0
2021-03-31 17:42:59;103;33;17;19;3;5;5;2;1;2;0
2021-03-31 17:43:58;103;33;17;19;3;5;5;2;1;2;0
2021-03-31 17:44:59;105;33;17;19;3;5;5;2;1;2;0
2021-03-31 17:45:59;105;33;17;19;3;5;5;2;1;2;0
2021-03-31 17:46:58;105;33;17;19;3;5;5;2;1;2;0
2021-03-31 17:47:59;105;33;17;19;3;5;5;2;1;2;0
2021-03-31 17:48:58;105;33;17;19;3;5;5;2;1;2;0
2021-03-31 17:49:59;105;33;17;19;3;5;5;2;1;2;0
2021-03-31 17:50:59;105;33;17;19;3;5;5;2;1;2;0
2021-03-31 17:51:58;105;33;17;19;3;5;5;2;1;2;0
2021-03-31 17:52:59;105;33;17;19;3;5;5;2;1;2;0
2021-03-31 17:53:58;105;33;17;19;3;5;5;2;1;2;0
2021-03-31 17:54:59;105;33;17;19;3;5;5;2;1;2;0
2021-03-31 17:55:58;105;33;17;19;3;5;5;2;1;2;0
2021-03-31 17:56:59;105;33;17;19;3;5;5;2;1;2;0
2021-03-31 17:57:59;105;33;17;19;3;5;5;2;1;2;0
2021-03-31 17:58:59;105;33;17;19;3;5;5;2;1;2;0
2021-03-31 17:59:58;105;33;17;19;3;5;5;2;1;2;0
2021-03-31 18:00:59;105;33;17;19;3;5;5;2;1;2;0
2021-03-31 18:01:59;105;33;17;19;3;5;5;2;1;2;0
2021-03-31 18:02:58;105;33;17;19;3;5;5;2;1;2;0
2021-03-31 18:03:59;105;33;17;19;3;5;5;2;1;2;0
2021-03-31 18:04:58;105;33;17;19;3;5;5;2;1;2;0
2021-03-31 18:05:59;105;33;17;19;3;5;5;2;1;2;0
2021-03-31 18:06:59;105;33;17;19;3;5;5;2;1;2;0
2021-03-31 18:07:58;105;33;17;19;3;5;5;2;1;2;0
2021-03-31 18:08:59;105;33;17;19;3;5;5;2;1;2;0
2021-03-31 18:09:58;106;33;17;19;3;6;5;2;1;2;0
2021-03-31 18:10:59;106;33;17;19;3;6;5;2;1;2;0
2021-03-31 18:11:59;106;33;17;19;3;6;5;2;1;2;0
2021-03-31 18:12:58;106;33;17;19;3;6;5;2;1;2;0
2021-03-31 18:13:59;106;33;17;19;3;6;5;2;1;2;0
2021-03-31 18:14:59;106;33;17;19;3;6;5;2;1;2;0
2021-03-31 18:15:58;106;33;17;19;3;6;5;2;1;2;0
2021-03-31 18:16:59;107;33;17;19;4;6;5;2;1;2;0
2021-03-31 18:17:58;107;33;17;19;4;6;5;2;1;2;0
2021-03-31 18:18:59;107;33;17;19;4;6;5;2;1;2;0
2021-03-31 18:19:59;107;33;17;19;4;6;5;2;1;2;0
2021-03-31 18:20:58;107;33;17;19;4;6;5;2;1;2;0
2021-03-31 18:21:59;107;33;17;19;4;6;5;2;1;2;0
2021-03-31 18:22:59;107;33;17;19;4;6;5;2;1;2;0
2021-03-31 18:23:58;107;33;17;19;4;6;5;2;1;2;0
2021-03-31 18:24:59;107;33;17;19;4;6;5;2;1;2;0
2021-03-31 18:25:58;107;33;17;19;4;6;5;2;1;2;0
2021-03-31 18:26:59;107;33;17;19;4;6;5;2;1;2;0
2021-03-31 18:27:59;107;33;17;19;4;6;5;2;1;2;0
2021-03-31 18:28:58;108;33;18;19;4;6;5;2;1;2;0
2021-03-31 18:29:59;108;33;18;19;4;6;5;2;1;2;0
2021-03-31 18:30:59;108;33;18;19;4;6;5;2;1;2;0
2021-03-31 18:31:59;108;33;18;19;4;6;5;2;1;2;0
2021-03-31 18:32:59;108;33;18;19;4;6;5;2;1;2;0
2021-03-31 18:33:59;108;33;18;19;4;6;5;2;1;2;0
2021-03-31 18:34:58;108;33;18;19;4;6;5;2;1;2;0
2021-03-31 18:35:59;108;33;18;19;4;6;5;2;1;2;0
2021-03-31 18:36:58;108;33;18;19;4;6;5;2;1;2;0
2021-03-31 18:37:59;109;34;18;19;4;6;5;2;1;2;0
2021-03-31 18:38:58;109;34;18;19;4;6;5;2;1;2;0
2021-03-31 18:39:59;109;34;18;19;4;6;5;2;1;2;0
2021-03-31 18:40:58;109;34;18;19;4;6;5;2;1;2;0
2021-03-31 18:41:59;109;34;18;19;4;6;5;2;1;2;0
2021-03-31 18:42:58;109;34;18;19;4;6;5;2;1;2;0
2021-03-31 18:43:59;109;34;18;19;4;6;5;2;1;2;0
2021-03-31 18:44:58;110;34;18;19;4;6;5;2;0;2;1
2021-03-31 18:45:59;110;34;18;19;4;6;5;2;0;2;1
2021-03-31 18:47:00;110;34;18;19;4;6;5;2;0;2;1
2021-03-31 18:47:58;110;34;18;19;4;6;5;2;0;2;1
2021-03-31 18:48:59;110;34;18;19;4;6;5;2;0;2;1
2021-03-31 18:49:58;110;34;18;19;4;6;5;2;0;2;1
2021-03-31 18:50:59;110;34;18;19;4;6;5;2;0;2;1
2021-03-31 18:51:59;110;34;18;19;4;6;5;2;0;2;1
2021-03-31 18:52:58;110;34;18;19;4;6;5;2;0;2;1
2021-03-31 18:53:59;110;34;18;19;4;6;5;2;0;2;1
2021-03-31 18:55:00;110;34;18;19;4;6;5;2;0;2;1
2021-03-31 18:55:59;110;34;18;19;4;6;5;2;0;2;1
2021-03-31 18:56:59;110;34;18;19;4;6;5;2;0;2;1
2021-03-31 18:57:59;110;34;18;19;4;6;5;2;0;2;1
2021-03-31 18:58:58;110;34;18;19;4;6;5;2;0;2;1
2021-03-31 18:59:59;110;34;18;19;4;6;5;2;0;2;1
2021-03-31 19:00:59;111;34;19;19;4;6;5;2;0;2;1
2021-03-31 19:01:58;111;34;19;19;4;6;5;2;0;2;1
2021-03-31 19:02:59;112;34;20;19;4;6;5;2;0;2;1
2021-03-31 19:03:59;112;34;20;19;4;6;5;2;0;2;1
2021-03-31 19:04:58;112;34;20;19;4;6;5;2;0;2;1
2021-03-31 19:05:59;112;34;20;19;4;6;5;2;0;2;1
2021-03-31 19:06:59;112;34;20;19;4;6;5;2;0;2;1
2021-03-31 19:07:58;112;34;20;19;4;6;5;2;0;2;1
2021-03-31 19:08:59;112;34;20;19;4;6;5;2;0;2;1
2021-03-31 19:09:59;112;34;20;19;4;6;5;2;0;2;1
2021-03-31 19:10:58;112;34;20;19;4;6;5;2;0;2;1
2021-03-31 19:11:59;112;34;20;19;4;6;5;2;0;2;1
2021-03-31 19:12:58;112;34;20;19;4;6;5;2;0;2;1
2021-03-31 19:13:59;112;34;20;19;4;6;5;2;0;2;1
2021-03-31 19:14:59;112;34;20;19;4;6;5;2;0;2;1
2021-03-31 19:15:58;112;34;20;19;4;6;5;2;0;2;1
2021-03-31 19:16:59;112;34;20;19;4;6;5;2;0;2;1
2021-03-31 19:17:59;112;34;20;19;4;6;5;2;0;2;1
2021-03-31 19:18:58;113;34;21;19;4;6;5;2;0;2;1
2021-03-31 19:19:59;113;34;21;19;4;6;5;2;0;2;1
2021-03-31 19:20:59;113;34;21;19;4;6;5;2;0;2;1
2021-03-31 19:21:58;113;34;21;19;4;6;5;2;0;2;1
2021-03-31 19:22:59;113;34;21;19;4;6;5;2;0;2;1
2021-03-31 19:23:58;113;34;21;19;4;6;5;2;0;2;1
2021-03-31 19:24:59;113;34;21;19;4;6;5;2;0;2;1
2021-03-31 19:25:59;113;34;21;19;4;6;5;2;0;2;1
2021-03-31 19:26:58;113;34;21;19;4;6;5;2;0;2;1
2021-03-31 19:27:59;113;34;21;19;4;6;5;2;0;2;1
2021-03-31 19:28:58;113;34;21;19;4;6;5;2;0;2;1
2021-03-31 19:29:59;113;34;21;19;4;6;5;2;0;2;1
2021-03-31 19:30:58;113;34;21;19;4;6;5;2;0;2;1
2021-03-31 19:31:59;114;34;21;20;4;6;5;2;0;2;1
2021-03-31 19:32:59;115;35;21;20;4;6;5;2;0;2;1
2021-03-31 19:33:59;115;35;21;20;4;6;5;2;0;2;1
2021-03-31 19:34:58;115;35;21;20;4;6;5;2;0;2;1
2021-03-31 19:35:59;115;35;21;20;4;6;5;2;0;2;1
2021-03-31 19:36:58;115;35;21;20;4;6;5;2;0;2;1
2021-03-31 19:37:59;115;35;21;20;4;6;5;2;0;2;1
2021-03-31 19:38:59;115;35;21;20;4;6;5;2;0;2;1
2021-03-31 19:39:58;115;35;21;20;4;6;5;2;0;2;1
2021-03-31 19:40:59;115;35;21;20;4;6;5;2;0;2;1
2021-03-31 19:41:58;115;35;21;20;4;6;5;2;0;2;1
2021-03-31 19:42:59;115;35;21;20;4;6;5;2;0;2;1
2021-03-31 19:43:59;115;35;21;20;4;6;5;2;0;2;1
2021-03-31 19:44:58;115;35;21;20;4;6;5;2;0;2;1
2021-03-31 19:45:59;115;35;21;20;4;6;5;2;0;2;1
2021-03-31 19:46:59;115;35;21;20;4;6;5;2;0;2;1
2021-03-31 19:47:58;115;35;21;20;4;6;5;2;0;2;1
2021-03-31 19:48:59;115;35;21;20;4;6;5;2;0;2;1
2021-03-31 19:49:59;115;35;21;20;4;6;5;2;0;2;1
2021-03-31 19:50:58;115;35;21;20;4;6;5;2;0;2;1
2021-03-31 19:51:59;116;36;21;20;4;6;5;2;0;2;1
2021-03-31 19:52:59;116;36;21;20;4;6;5;2;0;2;1
2021-03-31 19:53:58;117;37;21;20;4;6;5;2;0;2;1
2021-03-31 19:54:59;117;37;21;20;4;6;5;2;0;2;1
2021-03-31 19:55:59;117;37;21;20;4;6;5;2;0;2;1
2021-03-31 19:56:58;117;37;21;20;4;6;5;2;0;2;1
2021-03-31 19:57:59;117;37;21;20;4;6;5;2;0;2;1
2021-03-31 19:58:58;117;37;21;20;4;6;5;2;0;2;1
2021-03-31 19:59:59;118;37;22;20;4;6;5;2;0;2;1
2021-03-31 20:00:58;118;37;22;20;4;6;5;2;0;2;1
2021-03-31 20:01:59;118;37;22;20;4;6;5;2;0;2;1
2021-03-31 20:02:59;119;38;22;20;4;6;5;2;0;2;1
2021-03-31 20:03:58;119;38;22;20;4;6;5;2;0;2;1
2021-03-31 20:04:59;119;38;22;20;4;6;5;2;0;2;1
2021-03-31 20:05:59;119;38;22;20;4;6;5;2;0;2;1
2021-03-31 20:06:58;119;38;22;20;4;6;5;2;0;2;1
2021-03-31 20:07:59;120;38;23;20;4;6;5;2;0;2;1
2021-03-31 20:08:58;121;39;23;20;4;6;5;2;0;2;1
2021-03-31 20:09:59;121;39;23;20;4;6;5;2;0;2;1
2021-03-31 20:10:59;121;39;23;20;4;6;5;2;0;2;1
2021-03-31 20:11:58;121;39;23;20;4;6;5;2;0;2;1
2021-03-31 20:12:59;121;39;23;20;4;6;5;2;0;2;1
2021-03-31 20:13:58;121;39;23;20;4;6;5;2;0;2;1
2021-03-31 20:14:59;121;39;23;20;4;6;5;2;0;2;1
2021-03-31 20:15:59;121;39;23;20;4;6;5;2;0;2;1
2021-03-31 20:16:58;121;39;23;20;4;6;5;2;0;2;1
2021-03-31 20:17:59;121;39;23;20;4;6;5;2;0;2;1
2021-03-31 20:18:59;121;39;23;20;4;6;5;2;0;2;1
2021-03-31 20:19:59;121;39;23;20;4;6;5;2;0;2;1
2021-03-31 20:20:58;121;39;23;20;4;6;5;2;0;2;1
2021-03-31 20:21:59;121;39;23;20;4;6;5;2;0;2;1
2021-03-31 20:22:59;121;39;23;20;4;6;5;2;0;2;1
2021-03-31 20:23:58;121;39;23;20;4;6;5;2;0;2;1
2021-03-31 20:24:59;121;39;23;20;4;6;5;2;0;2;1
2021-03-31 20:25:59;121;39;23;20;4;6;5;2;0;2;1
2021-03-31 20:26:58;121;39;23;20;4;6;5;2;0;2;1
2021-03-31 20:27:59;121;39;23;20;4;6;5;2;0;2;1
2021-03-31 20:28:58;121;39;23;20;4;6;5;2;0;2;1
2021-03-31 20:29:59;121;39;23;20;4;6;5;2;0;2;1
2021-03-31 20:30:59;121;39;23;20;4;6;5;2;0;2;1
2021-03-31 20:31:58;122;39;24;20;4;6;5;2;0;2;1
2021-03-31 20:32:59;122;39;24;20;4;6;5;2;0;2;1
2021-03-31 20:34:00;122;39;24;20;4;6;5;2;0;2;1
2021-03-31 20:34:58;122;39;24;20;4;6;5;2;0;2;1
2021-03-31 20:35:59;122;39;24;20;4;6;5;2;0;2;1
2021-03-31 20:36:58;122;39;24;20;4;6;5;2;0;2;1
2021-03-31 20:37:59;122;39;24;20;4;6;5;2;0;2;1
2021-03-31 20:38:58;122;39;24;20;4;6;5;2;0;2;1
2021-03-31 20:39:59;123;39;24;20;4;6;6;2;0;2;1
2021-03-31 20:40:59;123;39;24;20;4;6;6;2;0;2;1
2021-03-31 20:41:58;123;39;24;20;4;6;6;2;0;2;1
2021-03-31 20:42:59;123;39;24;20;4;6;6;2;0;2;1
2021-03-31 20:43:59;123;39;24;20;4;6;6;2;0;2;1
2021-03-31 20:44:58;123;39;24;20;4;6;6;2;0;2;1
2021-03-31 20:45:59;124;40;24;20;4;6;6;2;0;2;1
2021-03-31 20:46:59;124;40;24;20;4;6;6;2;0;2;1
2021-03-31 20:47:58;125;40;24;20;4;7;6;2;0;2;1
2021-03-31 20:48:59;126;41;24;20;4;7;6;2;0;2;1
2021-03-31 20:49:58;126;41;24;20;4;7;6;2;0;2;1
2021-03-31 20:50:59;126;41;24;20;4;7;6;2;0;2;1
2021-03-31 20:52:00;126;41;24;20;4;7;6;2;0;2;1
2021-03-31 20:52:58;126;41;24;20;4;7;6;2;0;2;1
2021-03-31 20:53:59;126;41;24;20;4;7;6;2;0;2;1
2021-03-31 20:54:58;126;41;24;20;4;7;6;2;0;2;1
2021-03-31 20:55:59;126;41;24;20;4;7;6;2;0;2;1
2021-03-31 20:56:59;126;41;24;20;4;7;6;2;0;2;1
2021-03-31 20:57:58;126;41;24;20;4;7;6;2;0;2;1
2021-03-31 20:58:59;126;41;24;20;4;7;6;2;0;2;1
2021-03-31 20:59:58;126;41;24;20;4;7;6;2;0;2;1
2021-03-31 21:00:59;126;41;24;20;4;7;6;2;0;2;1
2021-03-31 21:01:59;126;41;24;20;4;7;6;2;0;2;1
2021-03-31 21:02:58;126;41;24;20;4;7;6;2;0;2;1
2021-03-31 21:03:59;126;41;24;20;4;7;6;2;0;2;1
2021-03-31 21:04:59;126;41;24;20;4;7;6;2;0;2;1
2021-03-31 21:05:58;126;41;24;20;4;7;6;2;0;2;1
2021-03-31 21:06:59;126;41;24;20;4;7;6;2;0;2;1
2021-03-31 21:07:58;126;41;24;20;4;7;6;2;0;2;1
2021-03-31 21:08:59;126;41;24;20;4;7;6;2;0;2;1
2021-03-31 21:09:58;126;41;24;20;4;7;6;2;0;2;1
2021-03-31 21:10:59;126;41;24;20;4;7;6;2;0;2;1
2021-03-31 21:11:59;126;41;24;20;4;7;6;2;0;2;1
2021-03-31 21:12:58;126;41;24;20;4;7;6;2;0;2;1
2021-03-31 21:13:59;126;41;24;20;4;7;6;2;0;2;1
2021-03-31 21:15:00;126;41;24;20;4;7;6;2;0;2;1
2021-03-31 21:15:58;127;42;24;20;4;7;6;2;0;2;1
2021-03-31 21:16:59;128;43;24;20;4;7;6;2;0;2;1
2021-03-31 21:17:58;128;43;24;20;4;7;6;2;0;2;1
2021-03-31 21:18:59;128;43;24;20;4;7;6;2;0;2;1
2021-03-31 21:19:59;128;43;24;20;4;7;6;2;0;2;1
2021-03-31 21:20:58;128;43;24;20;4;7;6;2;0;2;1
2021-03-31 21:21:59;128;43;24;20;4;7;6;2;0;2;1
2021-03-31 21:22:59;128;43;24;20;4;7;6;2;0;2;1
2021-03-31 21:23:58;129;43;24;20;5;7;6;2;0;2;1
2021-03-31 21:24:59;129;43;24;20;5;7;6;2;0;2;1
2021-03-31 21:25:59;129;43;24;20;5;7;6;2;0;2;1
2021-03-31 21:26:58;129;43;24;20;5;7;6;2;0;2;1
2021-03-31 21:27:59;129;43;24;20;5;7;6;2;0;2;1
2021-03-31 21:28:58;129;43;24;20;5;7;6;2;0;2;1
2021-03-31 21:29:59;129;43;24;20;5;7;6;2;0;2;1
2021-03-31 21:30:58;129;43;24;20;5;7;6;2;0;2;1
2021-03-31 21:31:59;129;43;24;20;5;7;6;2;0;2;1
2021-03-31 21:32:59;129;43;24;20;5;7;6;2;0;2;1
2021-03-31 21:33:59;129;43;24;20;5;7;6;2;0;2;1
2021-03-31 21:34:58;129;43;24;20;5;7;6;2;0;2;1
2021-03-31 21:35:59;129;43;24;20;5;7;6;2;0;2;1
2021-03-31 21:36:59;129;43;24;20;5;7;6;2;0;2;1
2021-03-31 21:37:58;129;43;24;20;5;7;6;2;0;2;1
2021-03-31 21:38:59;129;43;24;20;5;7;6;2;0;2;1
2021-03-31 21:39:58;129;43;24;20;5;7;6;2;0;2;1
2021-03-31 21:40:59;129;43;24;20;5;7;6;2;0;2;1
2021-03-31 21:41:59;129;43;24;20;5;7;6;2;0;2;1
2021-03-31 21:42:58;129;43;24;20;5;7;6;2;0;2;1
2021-03-31 21:43:59;129;43;24;20;5;7;6;2;0;2;1
2021-03-31 21:45:00;129;43;24;20;5;7;6;2;0;2;1
2021-03-31 21:45:58;129;43;24;20;5;7;6;2;0;2;1
2021-03-31 21:46:59;129;43;24;20;5;7;6;2;0;2;1
2021-03-31 21:47:58;129;43;24;20;5;7;6;2;0;2;1
2021-03-31 21:48:59;129;43;24;20;5;7;6;2;0;2;1
2021-03-31 21:49:59;129;43;24;20;5;7;6;2;0;2;1
2021-03-31 21:50:59;130;43;24;21;5;7;6;2;0;2;1
2021-03-31 21:51:59;130;43;24;21;5;7;6;2;0;2;1
2021-03-31 21:52:59;130;43;24;21;5;7;6;2;0;2;1
2021-03-31 21:53:58;130;43;24;21;5;7;6;2;0;2;1
2021-03-31 21:54:59;131;43;24;21;6;7;6;2;0;2;1
2021-03-31 21:55:58;131;43;24;21;6;7;6;2;0;2;1
2021-03-31 21:56:59;131;43;24;21;6;7;6;2;0;2;1
2021-03-31 21:57:59;131;43;24;21;6;7;6;2;0;2;1
2021-03-31 21:58:58;131;43;24;21;6;7;6;2;0;2;1
2021-03-31 21:59:59;132;44;24;21;6;7;6;2;0;2;1
2021-03-31 22:00:59;132;44;24;21;6;7;6;2;0;2;1
2021-03-31 22:01:58;132;44;24;21;6;7;6;2;0;2;1
2021-03-31 22:02:59;132;44;24;21;6;7;6;2;0;2;1
2021-03-31 22:03:58;133;44;24;22;6;7;6;2;0;2;1
2021-03-31 22:04:59;133;44;24;21;7;7;6;2;0;2;1
2021-03-31 22:05:58;133;44;24;21;7;7;6;2;0;2;1
2021-03-31 22:06:59;133;44;24;21;7;7;6;2;0;2;1
2021-03-31 22:07:59;133;44;24;21;7;7;6;2;0;2;1
2021-03-31 22:08:59;134;44;24;22;7;7;6;2;0;2;1
2021-03-31 22:09:59;134;44;24;22;7;7;6;2;0;2;1
2021-03-31 22:10:58;134;44;24;22;7;7;6;2;0;2;1
2021-03-31 22:11:59;134;44;24;22;7;7;6;2;0;2;1
2021-03-31 22:12:59;134;44;24;22;7;7;6;2;0;2;1
2021-03-31 22:13:58;134;44;24;22;7;7;6;2;0;2;1
2021-03-31 22:14:59;134;44;23;23;7;7;6;2;0;2;1
2021-03-31 22:15:59;135;44;24;23;7;7;6;2;0;2;1
2021-03-31 22:16:58;135;44;24;23;7;7;6;2;0;2;1
2021-03-31 22:17:59;135;44;24;23;7;7;6;2;0;2;1
2021-03-31 22:18:58;135;44;24;23;7;7;6;2;0;2;1
2021-03-31 22:19:59;136;44;24;23;7;7;6;2;2;2;0
2021-03-31 22:20:59;136;44;24;23;7;7;6;2;2;2;0
2021-03-31 22:21:58;137;45;24;23;7;7;6;2;2;2;0
2021-03-31 22:22:59;137;45;24;23;7;7;6;2;2;2;0
2021-03-31 22:23:58;139;46;24;23;7;7;7;2;2;2;0
2021-03-31 22:25:00;140;47;24;23;7;7;7;2;2;2;0
2021-03-31 22:25:58;140;47;24;23;7;7;7;2;2;2;0
2021-03-31 22:26:59;140;47;24;23;7;7;7;2;2;2;0
2021-03-31 22:27:58;140;47;24;23;7;7;7;2;2;2;0
2021-03-31 22:28:59;140;47;24;23;7;7;7;2;2;2;0
2021-03-31 22:29:59;140;47;24;23;7;7;7;2;2;2;0
2021-03-31 22:31:00;140;47;24;23;7;7;7;2;2;2;0
2021-03-31 22:31:58;140;47;24;23;7;7;7;2;2;2;0
2021-03-31 22:32:59;140;47;24;23;7;7;7;2;2;2;0
2021-03-31 22:33:58;140;47;24;23;7;7;7;2;2;2;0
2021-03-31 22:34:59;140;47;24;23;7;7;7;2;2;2;0
2021-03-31 22:35:59;140;47;24;23;7;7;7;2;2;2;0
2021-03-31 22:36:58;140;47;24;23;7;7;7;2;2;2;0
2021-03-31 22:37:59;140;47;24;23;7;7;7;2;2;2;0
2021-03-31 22:38:59;140;47;24;23;7;7;7;2;2;2;0
2021-03-31 22:39:58;141;47;24;24;7;7;7;2;2;2;0
2021-03-31 22:40:59;141;47;24;24;7;7;7;2;2;2;0
2021-03-31 22:41:59;141;47;24;24;7;7;7;2;2;2;0
2021-03-31 22:42:58;141;47;24;24;7;7;7;2;2;2;0
2021-03-31 22:43:59;142;47;24;24;8;7;7;2;2;2;0
2021-03-31 22:44:58;142;47;24;24;8;7;7;2;2;2;0
2021-03-31 22:45:59;142;47;24;24;8;7;7;2;2;2;0
2021-03-31 22:46:59;142;47;24;24;8;7;7;2;2;2;0
2021-03-31 22:47:58;142;47;24;24;8;7;7;2;2;2;0
2021-03-31 22:48:59;143;48;24;24;8;7;7;2;2;2;0
2021-03-31 22:49:58;143;48;25;24;8;7;7;2;2;2;0
2021-03-31 22:50:59;143;48;25;24;8;7;7;2;2;2;0
2021-03-31 22:51:58;143;48;25;24;8;7;7;2;2;2;0
2021-03-31 22:52:59;143;48;25;24;8;7;7;2;2;2;0
2021-03-31 22:53:59;144;48;26;24;8;7;7;2;2;2;0
2021-03-31 22:54:58;145;48;26;25;8;7;7;2;2;2;0
2021-03-31 22:55:59;145;48;26;25;8;7;7;2;2;2;0
2021-03-31 22:56:58;145;48;26;25;8;7;7;2;2;2;0
2021-03-31 22:57:59;145;48;26;25;8;7;7;2;2;2;0
2021-03-31 22:58:59;143;48;25;24;8;7;7;2;2;2;0
2021-03-31 22:59:58;143;48;25;24;8;7;7;2;2;2;0
2021-03-31 23:00:59;145;48;27;24;8;7;7;2;2;2;0
2021-03-31 23:01:59;145;48;27;24;8;7;7;2;2;2;0
2021-03-31 23:02:58;145;48;27;24;8;7;7;2;2;2;0
2021-03-31 23:03:59;145;48;27;24;8;7;7;2;2;2;0
2021-03-31 23:04:59;145;48;27;24;8;7;7;2;2;2;0
2021-03-31 23:05:59;145;48;27;24;8;7;7;2;2;2;0
2021-03-31 23:06:58;145;48;27;24;8;7;7;2;2;2;0
2021-03-31 23:07:59;145;48;27;24;8;7;7;2;2;2;0
2021-03-31 23:08:58;145;48;27;24;8;7;7;2;2;2;0
2021-03-31 23:09:59;145;48;27;24;8;7;7;2;2;2;0
2021-03-31 23:10:58;145;48;27;24;8;7;7;2;2;2;0
2021-03-31 23:11:59;145;48;27;24;8;7;7;2;2;2;0
2021-03-31 23:12:58;145;48;27;24;8;7;7;2;2;2;0
2021-03-31 23:13:59;145;48;27;24;8;7;7;2;2;2;0
2021-03-31 23:14:59;145;48;27;24;8;7;7;2;2;2;0
2021-03-31 23:15:58;145;48;28;24;8;7;7;2;2;2;1
2021-03-31 23:16:59;145;48;28;24;8;7;7;2;2;2;1
2021-03-31 23:17:58;145;48;28;24;8;7;7;2;2;2;1
2021-03-31 23:18:59;146;48;28;24;9;7;7;2;2;2;1
2021-03-31 23:19:59;146;48;28;24;9;7;7;2;2;2;1
2021-03-31 23:20:58;146;48;28;24;9;7;7;2;2;2;1
2021-03-31 23:21:59;146;48;28;24;9;7;7;2;2;2;1
2021-03-31 23:22:58;146;48;28;24;9;7;7;2;2;2;1
2021-03-31 23:23:59;146;48;28;24;9;7;7;2;2;2;1
2021-03-31 23:24:59;146;48;28;24;9;7;7;2;2;2;1
2021-03-31 23:25:58;146;48;28;24;9;7;7;2;2;2;1
2021-03-31 23:26:59;146;48;28;24;9;7;7;2;2;2;1
2021-03-31 23:27:58;146;48;28;24;9;7;7;2;2;2;1
2021-03-31 23:28:59;147;48;28;24;9;7;7;2;2;2;1
2021-03-31 23:29:58;147;48;28;24;9;7;7;2;2;2;1
2021-03-31 23:30:59;147;48;28;24;9;7;7;2;2;2;1
2021-03-31 23:31:59;147;48;28;24;9;7;7;2;2;2;1
2021-03-31 23:32:58;147;48;28;24;9;7;7;2;2;2;1
2021-03-31 23:33:59;147;48;28;24;9;7;7;2;2;2;1
2021-03-31 23:34:59;147;48;28;24;9;7;7;2;2;2;1
2021-03-31 23:35:58;147;48;28;24;9;7;7;2;2;2;1
2021-03-31 23:36:59;147;48;28;24;9;7;7;2;2;2;1
2021-03-31 23:37:59;148;49;28;24;9;7;7;2;2;2;1
2021-03-31 23:38:58;148;49;28;24;9;7;7;2;2;2;1
2021-03-31 23:39:59;148;49;28;24;9;7;7;2;2;2;1
2021-03-31 23:40:58;148;49;28;24;9;7;7;2;2;2;1
2021-03-31 23:41:59;148;49;28;24;9;7;7;2;2;2;1
2021-03-31 23:42:59;148;49;28;24;9;7;7;2;2;2;1
2021-03-31 23:43:58;148;49;28;24;9;7;7;2;2;2;1
2021-03-31 23:44:59;148;49;28;24;9;7;7;2;2;2;1
2021-03-31 23:45:59;148;49;28;24;9;7;7;2;2;2;1
2021-03-31 23:46:58;148;49;28;24;9;7;7;2;2;2;1
2021-03-31 23:47:59;148;49;28;24;9;7;7;2;2;2;1
2021-03-31 23:48:59;148;49;28;24;9;7;7;2;2;2;1
2021-03-31 23:49:58;149;49;29;24;9;7;7;2;2;2;1
2021-03-31 23:50:59;149;49;29;24;9;7;7;2;2;2;1
2021-03-31 23:51:59;149;49;29;24;9;7;7;2;2;2;1
2021-03-31 23:52:58;150;49;30;24;9;7;7;2;2;2;1
2021-03-31 23:53:59;150;49;30;24;9;7;7;2;2;2;1
2021-03-31 23:54:59;150;49;30;24;9;7;7;2;2;2;1
2021-03-31 23:55:58;150;49;30;24;9;7;7;2;2;2;1
2021-03-31 23:56:59;150;49;30;24;9;7;7;2;2;2;1
2021-03-31 23:57:58;150;49;30;24;9;7;7;2;2;2;1
2021-03-31 23:58:59;150;49;30;24;9;7;7;2;2;2;1
2021-03-31 23:59:59;150;49;30;24;9;7;7;2;2;2;1
