datetime;total_votes;diliago;Dirtylieutenant;shamanka2_1;UndeadMoroz;EMAILWARENFABRIK;Есения;KOCTOPE3;a5urbanipa1;shapen;kross
2021-02-24 00:00:59;0;0;0;0;0;0;0;0;0;0;0
2021-02-24 00:01:59;0;1;0;0;0;0;0;0;0;0;0
2021-02-24 00:02:59;3;1;2;0;0;0;0;0;0;0;0
2021-02-24 00:03:58;4;1;2;0;0;0;0;0;0;0;0
2021-02-24 00:04:59;6;2;3;0;0;0;0;0;0;0;0
2021-02-24 00:05:59;8;1;5;1;0;0;0;0;0;0;0
2021-02-24 00:06:58;9;1;5;2;0;0;0;0;0;0;0
2021-02-24 00:07:59;10;1;5;2;0;0;1;0;0;0;0
2021-02-24 00:08:59;11;1;5;2;0;0;1;0;0;0;0
2021-02-24 00:09:58;12;1;5;3;0;0;1;0;0;0;0
2021-02-24 00:10:59;12;1;5;3;0;0;1;0;0;0;0
2021-02-24 00:11:59;13;1;5;3;1;0;1;0;0;0;0
2021-02-24 00:12:58;14;1;5;3;1;0;2;0;0;0;0
2021-02-24 00:13:59;15;1;6;3;1;0;2;0;0;0;0
2021-02-24 00:14:59;15;1;6;3;1;0;2;0;0;0;0
2021-02-24 00:15:58;15;1;6;3;1;0;2;0;0;0;0
2021-02-24 00:16:59;17;1;7;3;2;0;2;0;0;0;0
2021-02-24 00:17:59;17;1;7;3;2;0;2;0;0;0;0
2021-02-24 00:18:59;17;1;7;3;2;0;2;0;0;0;0
2021-02-24 00:19:58;18;2;7;3;2;0;2;0;0;0;0
2021-02-24 00:20:59;18;2;7;3;2;0;2;0;0;0;0
2021-02-24 00:21:58;18;2;7;3;2;0;2;0;0;0;0
2021-02-24 00:22:59;18;2;7;3;2;0;2;0;0;0;0
2021-02-24 00:23:59;19;2;8;3;2;0;2;0;0;0;0
2021-02-24 00:24:58;19;2;8;3;2;0;2;0;0;0;0
2021-02-24 00:25:59;19;2;8;3;2;0;2;0;0;0;0
2021-02-24 00:26:59;20;2;8;3;2;0;2;0;0;0;0
2021-02-24 00:27:58;21;2;9;3;2;0;2;0;0;0;0
2021-02-24 00:28:59;21;2;9;3;2;0;2;0;0;0;0
2021-02-24 00:29:59;21;2;9;3;2;0;2;0;0;0;0
2021-02-24 00:30:58;24;3;10;3;2;0;2;0;0;0;0
2021-02-24 00:31:59;25;3;10;4;2;0;2;0;0;0;0
2021-02-24 00:32:59;26;3;11;4;2;0;2;0;0;0;0
2021-02-24 00:33:58;26;3;11;4;2;0;2;0;0;0;0
2021-02-24 00:34:59;27;4;11;4;2;0;2;0;0;0;0
2021-02-24 00:35:59;27;4;11;4;2;0;2;0;0;0;0
2021-02-24 00:36:58;27;4;11;4;2;0;2;0;0;0;0
2021-02-24 00:37:59;27;4;11;4;2;0;2;0;0;0;0
2021-02-24 00:38:59;29;5;12;4;2;0;2;0;0;0;0
2021-02-24 00:39:58;29;5;12;4;2;0;2;0;0;0;0
2021-02-24 00:40:59;29;5;12;4;2;0;2;0;0;0;0
2021-02-24 00:41:59;29;5;12;4;2;0;2;0;0;0;0
2021-02-24 00:42:58;29;5;12;4;2;0;2;0;0;0;0
2021-02-24 00:43:59;30;5;13;4;2;0;2;0;0;0;0
2021-02-24 00:44:59;30;5;13;4;2;0;2;0;0;0;0
2021-02-24 00:45:58;31;6;13;4;2;0;2;0;0;0;0
2021-02-24 00:46:59;31;6;13;4;2;0;2;0;0;0;0
2021-02-24 00:47:59;31;6;13;4;2;0;2;0;0;0;0
2021-02-24 00:48:58;31;6;13;5;2;0;2;0;0;0;0
2021-02-24 00:49:59;32;7;13;5;2;0;2;0;0;0;0
2021-02-24 00:50:58;32;7;13;5;2;0;2;0;0;0;0
2021-02-24 00:51:59;33;7;13;5;2;0;2;1;0;0;0
2021-02-24 00:52:59;33;7;13;5;2;0;2;1;0;0;0
2021-02-24 00:53:58;33;7;13;5;2;0;2;1;0;0;0
2021-02-24 00:54:59;33;7;13;5;2;0;2;1;0;0;0
2021-02-24 00:55:58;34;7;14;5;2;0;2;1;0;0;0
2021-02-24 00:56:59;35;7;14;5;2;0;2;1;0;0;0
2021-02-24 00:57:58;35;7;14;5;2;0;2;1;0;0;0
2021-02-24 00:58:59;36;8;14;5;2;0;2;1;0;0;0
2021-02-24 00:59:58;36;8;14;5;2;0;2;1;0;0;0
2021-02-24 01:00:59;36;8;14;5;2;0;2;1;0;0;0
2021-02-24 01:01:59;37;8;15;5;2;0;2;1;0;0;0
2021-02-24 01:02:58;36;8;14;5;2;0;2;1;0;0;0
2021-02-24 01:03:59;37;9;14;5;2;0;2;1;0;0;0
2021-02-24 01:04:59;37;9;14;5;2;0;2;1;0;0;0
2021-02-24 01:05:58;37;9;14;5;2;0;2;1;0;0;0
2021-02-24 01:06:59;37;9;14;5;2;0;2;1;0;0;0
2021-02-24 01:08:00;38;10;14;5;2;0;2;1;0;0;0
2021-02-24 01:08:58;39;11;14;5;2;0;2;1;0;0;0
2021-02-24 01:09:59;39;11;14;5;2;0;2;1;0;0;0
2021-02-24 01:10:58;39;11;14;5;2;0;2;1;0;0;0
2021-02-24 01:11:59;39;11;14;5;2;0;2;1;0;0;0
2021-02-24 01:12:59;39;11;14;5;2;0;2;1;0;0;0
2021-02-24 01:13:58;39;11;14;5;2;0;2;1;0;0;0
2021-02-24 01:14:59;42;12;15;5;2;0;2;2;0;0;0
2021-02-24 01:15:58;43;13;15;5;2;0;2;2;0;0;0
2021-02-24 01:16:59;44;14;15;5;2;0;2;2;0;0;0
2021-02-24 01:17:59;44;14;15;5;2;0;2;2;0;0;0
2021-02-24 01:18:58;46;14;16;5;2;0;2;2;0;0;0
2021-02-24 01:19:59;48;14;16;5;2;2;2;2;0;0;0
2021-02-24 01:20:58;48;14;16;5;2;2;2;2;0;0;0
2021-02-24 01:21:59;49;15;16;5;2;2;2;2;0;0;0
2021-02-24 01:22:59;49;15;16;5;2;2;2;2;0;0;0
2021-02-24 01:23:58;50;16;16;5;2;2;2;2;0;0;0
2021-02-24 01:24:59;50;16;16;5;2;2;2;2;0;0;0
2021-02-24 01:25:59;50;16;16;5;2;2;2;2;0;0;0
2021-02-24 01:26:58;50;16;16;5;2;2;2;2;0;0;0
2021-02-24 01:27:59;50;16;16;5;2;2;2;2;0;0;0
2021-02-24 01:28:59;50;16;16;5;2;2;2;2;0;0;0
2021-02-24 01:29:58;50;16;16;5;2;2;2;2;0;0;0
2021-02-24 01:30:59;50;16;16;5;2;2;2;2;0;0;0
2021-02-24 01:31:58;50;16;16;5;2;2;2;2;0;0;0
2021-02-24 01:32:59;51;17;16;5;2;2;2;2;0;0;0
2021-02-24 01:33:59;51;17;16;5;2;2;2;2;0;0;0
2021-02-24 01:34:58;51;17;16;5;2;2;2;2;0;0;0
2021-02-24 01:35:59;51;17;16;5;2;2;2;2;0;0;0
2021-02-24 01:36:59;51;17;16;5;2;2;2;2;0;0;0
2021-02-24 01:37:58;51;17;16;5;2;2;2;2;0;0;0
2021-02-24 01:38:59;51;17;16;5;2;2;2;2;0;0;0
2021-02-24 01:39:59;52;17;16;5;2;2;3;2;0;0;0
2021-02-24 01:40:58;52;17;16;5;2;2;3;2;0;0;0
2021-02-24 01:41:59;52;17;16;5;2;2;3;2;0;0;0
2021-02-24 01:42:59;52;17;16;5;2;2;3;2;0;0;0
2021-02-24 01:43:58;52;17;16;5;2;2;3;2;0;0;0
2021-02-24 01:44:59;52;17;16;5;2;2;3;2;0;0;0
2021-02-24 01:45:58;52;17;16;5;2;2;3;2;0;0;0
2021-02-24 01:46:59;52;17;16;5;2;2;3;2;0;0;0
2021-02-24 01:47:58;52;17;16;5;2;2;3;2;0;0;0
2021-02-24 01:48:59;52;17;16;5;2;2;3;2;0;0;0
2021-02-24 01:49:59;53;17;16;5;2;2;3;2;0;0;0
2021-02-24 01:50:59;53;17;16;5;2;2;3;2;0;0;0
2021-02-24 01:51:59;53;17;16;5;2;2;3;2;0;0;0
2021-02-24 01:52:59;53;17;16;5;2;2;3;2;0;0;0
2021-02-24 01:53:58;53;17;16;5;2;2;3;2;0;0;0
2021-02-24 01:54:59;53;17;16;5;2;2;3;2;0;0;0
2021-02-24 01:55:59;53;17;16;5;2;2;3;2;0;0;0
2021-02-24 01:56:58;53;17;16;5;2;2;3;2;0;0;0
2021-02-24 01:57:59;53;17;16;5;2;2;3;2;0;0;0
2021-02-24 01:58:59;53;17;16;5;2;2;3;2;0;0;0
2021-02-24 01:59:58;53;17;16;5;2;2;3;2;0;0;0
2021-02-24 02:00:59;53;17;16;5;2;2;3;2;0;0;0
2021-02-24 02:01:58;53;17;16;5;2;2;3;2;0;0;0
2021-02-24 02:02:59;54;17;16;6;2;2;3;2;0;0;0
2021-02-24 02:03:58;54;17;16;6;2;2;3;2;0;0;0
2021-02-24 02:04:59;54;17;16;6;2;2;3;2;0;0;0
2021-02-24 02:05:58;54;17;16;6;2;2;3;2;0;0;0
2021-02-24 02:06:59;54;17;16;6;2;2;3;2;0;0;0
2021-02-24 02:07:59;54;17;16;6;2;2;3;2;0;0;0
2021-02-24 02:08:58;54;17;16;6;2;2;3;2;0;0;0
2021-02-24 02:09:59;54;17;16;6;2;2;3;2;0;0;0
2021-02-24 02:10:59;54;17;16;6;2;2;3;2;0;0;0
2021-02-24 02:11:58;54;17;16;6;2;2;3;2;0;0;0
2021-02-24 02:12:59;54;17;16;6;2;2;3;2;0;0;0
2021-02-24 02:13:59;54;17;16;6;2;2;3;2;0;0;0
2021-02-24 02:14:58;54;17;16;6;2;2;3;2;0;0;0
2021-02-24 02:15:59;54;17;16;6;2;2;3;2;0;0;0
2021-02-24 02:16:58;54;17;16;6;2;2;3;2;0;0;0
2021-02-24 02:17:59;54;17;16;6;2;2;3;2;0;0;0
2021-02-24 02:18:59;54;17;16;6;2;2;3;2;0;0;0
2021-02-24 02:19:58;54;17;16;6;2;2;3;2;0;0;0
2021-02-24 02:20:59;54;17;16;6;2;2;3;2;0;0;0
2021-02-24 02:21:59;54;17;16;6;2;2;3;2;0;0;0
2021-02-24 02:22:58;54;17;16;6;2;2;3;2;0;0;0
2021-02-24 02:23:59;54;17;16;6;2;2;3;2;0;0;0
2021-02-24 02:25:00;54;17;16;6;2;2;3;2;0;0;0
2021-02-24 02:25:58;54;17;16;6;2;2;3;2;0;0;0
2021-02-24 02:26:59;54;17;16;6;2;2;3;2;0;0;0
2021-02-24 02:27:58;54;17;16;5;2;2;3;2;0;0;0
2021-02-24 02:28:59;54;17;16;5;2;2;3;2;0;0;0
2021-02-24 02:29:59;54;17;16;5;2;2;3;2;0;0;0
2021-02-24 02:30:58;54;17;16;5;2;2;3;2;0;0;0
2021-02-24 02:31:59;54;17;16;5;2;2;3;2;0;0;0
2021-02-24 02:32:59;54;17;16;5;2;2;3;2;0;0;0
2021-02-24 02:33:58;54;17;16;5;2;2;3;2;0;0;0
2021-02-24 02:34:59;55;17;16;5;2;2;3;2;1;0;0
2021-02-24 02:35:58;55;17;16;5;2;2;3;2;1;0;0
2021-02-24 02:36:59;56;17;17;5;2;2;3;2;1;0;0
2021-02-24 02:37:59;56;17;17;5;2;2;3;2;1;0;0
2021-02-24 02:38:58;56;17;17;5;2;2;3;2;1;0;0
2021-02-24 02:39:59;56;17;17;5;2;2;3;2;1;0;0
2021-02-24 02:40:59;56;17;17;5;2;2;3;2;1;0;0
2021-02-24 02:41:58;56;16;17;5;2;2;3;2;0;0;0
2021-02-24 02:42:59;56;16;17;5;2;2;3;2;0;0;0
2021-02-24 02:43:59;56;16;17;5;2;2;3;2;0;0;0
2021-02-24 02:44:58;58;18;17;5;2;2;3;2;0;0;0
2021-02-24 02:45:59;58;18;17;5;2;2;3;2;0;0;0
2021-02-24 02:46:59;58;18;17;5;2;2;3;2;0;0;0
2021-02-24 02:47:58;58;18;17;5;2;2;3;2;0;0;0
2021-02-24 02:48:59;58;18;17;5;2;2;3;2;0;0;0
2021-02-24 02:49:59;58;18;17;5;2;2;3;2;0;0;0
2021-02-24 02:50:58;58;19;17;5;2;2;3;2;1;0;0
2021-02-24 02:51:59;59;19;17;5;2;2;3;2;1;0;0
2021-02-24 02:52:58;60;19;17;5;2;2;3;2;1;0;0
2021-02-24 02:53:59;60;19;17;5;2;2;3;2;1;0;0
2021-02-24 02:54:59;61;20;17;5;2;2;3;2;1;0;0
2021-02-24 02:55:58;61;20;17;5;2;2;3;2;1;0;0
2021-02-24 02:56:59;61;20;17;5;2;2;3;2;1;0;0
2021-02-24 02:57:58;61;20;17;5;2;2;3;2;1;0;0
2021-02-24 02:58:59;61;20;17;5;2;2;3;2;1;0;0
2021-02-24 02:59:59;61;20;17;5;2;2;3;2;1;0;0
2021-02-24 03:00:58;61;20;17;6;2;2;3;2;1;0;0
2021-02-24 03:01:59;61;20;17;6;2;2;3;2;1;0;0
2021-02-24 03:02:59;61;20;17;6;2;2;3;2;1;0;0
2021-02-24 03:03:58;62;20;17;6;2;2;4;2;1;0;0
2021-02-24 03:04:59;62;20;17;6;2;2;4;2;1;0;0
2021-02-24 03:05:59;62;20;17;6;2;2;4;2;1;0;0
2021-02-24 03:06:58;62;20;17;6;2;2;4;2;1;0;0
2021-02-24 03:07:59;62;20;17;6;2;2;4;2;1;0;0
2021-02-24 03:08:59;63;21;17;6;2;2;4;2;1;0;0
2021-02-24 03:09:58;63;21;17;6;2;2;4;2;1;0;0
2021-02-24 03:10:59;63;21;17;6;2;2;4;2;1;0;0
2021-02-24 03:11:59;63;21;17;6;2;2;4;2;1;0;0
2021-02-24 03:12:58;63;21;17;6;2;2;4;2;1;0;0
2021-02-24 03:13:59;63;21;17;6;2;2;4;2;1;0;0
2021-02-24 03:14:58;63;21;17;6;2;2;4;2;1;0;0
2021-02-24 03:15:59;63;21;17;6;2;2;4;2;1;0;0
2021-02-24 03:16:59;63;21;17;6;2;2;4;2;1;0;0
2021-02-24 03:17:58;63;21;17;6;2;2;4;2;1;0;0
2021-02-24 03:18:59;63;21;17;6;2;2;4;2;1;0;0
2021-02-24 03:19:58;63;21;17;6;2;2;4;2;1;0;0
2021-02-24 03:20:59;63;21;17;6;2;2;4;2;1;0;0
2021-02-24 03:21:59;63;21;17;6;2;2;4;2;1;0;0
2021-02-24 03:22:58;63;21;17;6;2;2;4;2;1;0;0
2021-02-24 03:23:59;63;21;17;6;2;2;4;2;1;0;0
2021-02-24 03:24:59;63;21;17;6;2;2;4;2;1;0;0
2021-02-24 03:25:58;63;21;17;6;2;2;4;2;1;0;0
2021-02-24 03:26:59;63;21;17;6;2;2;4;2;1;0;0
2021-02-24 03:27:59;63;21;17;6;2;2;4;2;1;0;0
2021-02-24 03:28:58;63;21;17;6;2;2;4;2;1;0;0
2021-02-24 03:29:59;64;22;17;6;2;2;4;2;1;0;0
2021-02-24 03:30:58;64;22;17;6;2;2;4;2;1;0;0
2021-02-24 03:31:59;64;22;17;6;2;2;4;2;1;0;0
2021-02-24 03:32:59;64;22;17;6;2;2;4;2;1;0;0
2021-02-24 03:33:58;64;22;17;6;2;2;4;2;1;0;0
2021-02-24 03:34:59;64;22;17;6;2;2;4;2;1;0;0
2021-02-24 03:36:00;64;22;17;6;2;2;4;2;1;0;0
2021-02-24 03:36:58;64;22;17;6;2;2;4;2;1;0;0
2021-02-24 03:37:59;64;22;17;6;2;2;4;2;1;0;0
2021-02-24 03:38:58;65;22;17;6;2;2;4;2;1;0;0
2021-02-24 03:39:59;65;22;17;6;2;2;4;2;1;0;0
2021-02-24 03:40:59;65;22;17;6;2;2;4;2;1;0;0
2021-02-24 03:41:58;65;22;17;6;2;2;4;2;1;0;0
2021-02-24 03:42:59;65;22;17;6;2;2;4;2;1;0;0
2021-02-24 03:43:59;65;22;17;6;2;2;4;2;1;0;0
2021-02-24 03:44:58;65;22;17;6;2;2;4;2;1;0;0
2021-02-24 03:45:59;66;22;18;6;2;2;4;2;1;0;0
2021-02-24 03:47:00;66;22;18;6;2;2;4;2;1;0;0
2021-02-24 03:47:58;66;22;18;6;2;2;4;2;1;0;0
2021-02-24 03:48:59;66;22;18;6;2;2;4;2;1;0;0
2021-02-24 03:49:59;66;22;18;6;2;2;4;2;1;0;0
2021-02-24 03:50:58;66;22;18;6;2;2;4;2;1;0;0
2021-02-24 03:51:59;67;23;18;6;2;2;4;2;1;0;0
2021-02-24 03:52:58;67;23;18;6;2;2;4;2;1;0;0
2021-02-24 03:53:59;67;23;18;6;2;2;4;2;1;0;0
2021-02-24 03:54:58;67;23;18;6;2;2;4;2;1;0;0
2021-02-24 03:55:59;67;23;18;6;2;2;4;2;1;0;0
2021-02-24 03:56:59;67;23;18;6;2;2;4;2;1;0;0
2021-02-24 03:57:58;67;23;18;6;2;2;4;2;1;0;0
2021-02-24 03:58:59;67;23;18;6;2;2;4;2;1;0;0
2021-02-24 03:59:58;67;24;17;6;2;2;4;2;1;0;0
2021-02-24 04:00:59;67;24;17;6;2;2;4;2;1;0;0
2021-02-24 04:01:59;67;24;17;6;2;2;4;2;1;0;0
2021-02-24 04:02:58;67;24;17;6;2;2;4;2;1;0;0
2021-02-24 04:03:59;68;24;17;6;2;3;4;2;1;0;0
2021-02-24 04:04:58;68;24;17;6;2;3;4;2;1;0;0
2021-02-24 04:05:59;68;24;17;6;2;3;4;2;1;0;0
2021-02-24 04:06:59;68;24;17;6;2;3;4;2;1;0;0
2021-02-24 04:07:58;68;24;17;6;2;3;4;2;1;0;0
2021-02-24 04:08:59;68;24;17;6;2;3;4;2;1;0;0
2021-02-24 04:09:59;69;24;17;6;2;3;4;2;2;0;0
2021-02-24 04:10:58;69;24;17;6;2;3;4;2;2;0;0
2021-02-24 04:11:59;69;24;17;6;2;3;4;2;2;0;0
2021-02-24 04:12:59;69;24;17;6;2;3;4;2;2;0;0
2021-02-24 04:13:58;70;24;18;6;2;3;4;2;2;0;0
2021-02-24 04:14:59;70;24;18;6;2;3;4;2;2;0;0
2021-02-24 04:15:59;70;24;18;6;2;3;4;2;2;0;0
2021-02-24 04:16:58;70;24;18;6;2;3;4;2;2;0;0
2021-02-24 04:17:59;70;24;18;6;2;3;4;2;2;0;0
2021-02-24 04:18:58;70;24;18;6;2;3;4;2;2;0;0
2021-02-24 04:19:59;70;24;18;6;2;3;4;2;2;0;0
2021-02-24 04:20:59;70;24;18;6;2;3;4;2;2;0;0
2021-02-24 04:21:58;70;24;18;6;2;3;4;2;2;0;0
2021-02-24 04:22:59;70;24;18;6;2;3;4;2;2;0;0
2021-02-24 04:23:59;70;24;18;6;2;3;4;2;2;0;0
2021-02-24 04:24:58;70;24;18;6;2;3;4;2;2;0;0
2021-02-24 04:25:59;70;24;18;6;2;3;4;2;2;0;0
2021-02-24 04:26:59;70;24;18;6;2;3;4;2;2;0;0
2021-02-24 04:27:58;70;24;18;6;2;3;4;2;2;0;0
2021-02-24 04:28:59;70;24;18;6;2;3;4;2;2;0;0
2021-02-24 04:29:59;70;24;18;6;2;3;4;2;2;0;0
2021-02-24 04:30:58;70;24;18;6;2;3;4;2;2;0;0
2021-02-24 04:31:59;70;24;18;6;2;3;4;2;2;0;0
2021-02-24 04:33:00;70;24;18;6;2;3;4;2;2;0;0
2021-02-24 04:33:58;70;24;18;6;2;3;4;2;2;0;0
2021-02-24 04:34:59;70;24;18;6;2;3;4;2;2;0;0
2021-02-24 04:35:58;70;24;18;6;2;3;4;2;2;0;0
2021-02-24 04:36:59;70;24;18;6;2;3;4;2;2;0;0
2021-02-24 04:37:59;70;24;18;6;2;3;4;2;2;0;0
2021-02-24 04:38:58;70;24;18;6;2;3;4;2;2;0;0
2021-02-24 04:39:59;70;24;18;6;2;3;4;2;2;0;0
2021-02-24 04:40:59;70;24;18;6;2;3;4;2;2;0;0
2021-02-24 04:41:58;70;24;18;6;2;3;4;2;2;0;0
2021-02-24 04:42:59;70;24;18;6;2;3;4;2;2;0;0
2021-02-24 04:43:59;70;24;18;6;2;3;4;2;2;0;0
2021-02-24 04:44:59;70;24;18;6;2;3;4;2;2;0;0
2021-02-24 04:45:58;71;25;18;6;2;3;4;2;2;0;0
2021-02-24 04:46:59;71;25;18;6;2;3;4;2;2;0;0
2021-02-24 04:47:59;71;25;18;6;2;3;4;2;2;0;0
2021-02-24 04:48:58;71;25;18;6;2;3;4;2;2;0;0
2021-02-24 04:49:59;71;25;18;6;2;3;4;2;2;0;0
2021-02-24 04:50:58;71;25;18;6;2;3;4;2;2;0;0
2021-02-24 04:51:59;71;25;18;6;2;3;4;2;2;0;0
2021-02-24 04:52:59;71;25;18;6;2;3;4;2;2;0;0
2021-02-24 04:53:58;71;25;18;6;2;3;4;2;2;0;0
2021-02-24 04:54:59;71;25;18;6;2;3;4;2;2;0;0
2021-02-24 04:55:58;71;25;18;6;2;3;4;2;2;0;0
2021-02-24 04:56:59;71;25;18;6;2;3;4;2;2;0;0
2021-02-24 04:57:59;71;25;18;6;2;3;4;2;2;0;0
2021-02-24 04:58:58;71;25;18;6;2;3;4;2;2;0;0
2021-02-24 04:59:59;71;25;18;6;2;3;4;2;2;0;0
2021-02-24 05:00:58;71;25;18;6;2;3;4;2;2;0;0
2021-02-24 05:01:59;72;25;18;7;2;3;4;2;2;0;0
2021-02-24 05:02:58;72;25;18;7;2;3;4;2;2;0;0
2021-02-24 05:03:59;72;25;18;7;2;3;4;2;2;0;0
2021-02-24 05:04:59;72;25;18;7;2;3;4;2;2;0;0
2021-02-24 05:05:58;72;25;18;7;2;3;4;2;2;0;0
2021-02-24 05:06:59;72;25;18;7;2;3;4;2;2;0;0
2021-02-24 05:07:59;72;25;18;7;2;3;4;2;2;0;0
2021-02-24 05:08:58;72;25;18;7;2;3;4;2;2;0;0
2021-02-24 05:09:59;72;25;18;7;2;3;4;2;2;0;0
2021-02-24 05:10:58;72;25;18;7;2;3;4;2;2;0;0
2021-02-24 05:11:59;72;25;18;7;2;3;4;2;2;0;0
2021-02-24 05:12:59;72;25;18;7;2;3;4;2;2;0;0
2021-02-24 05:13:58;72;25;18;7;2;3;4;2;2;0;0
2021-02-24 05:14:59;73;26;18;7;2;3;4;2;2;0;0
2021-02-24 05:15:58;74;27;18;7;2;3;4;2;2;0;0
2021-02-24 05:16:59;74;27;18;7;2;3;4;2;2;0;0
2021-02-24 05:17:59;74;27;18;7;2;3;4;2;2;0;0
2021-02-24 05:18:58;74;27;18;7;2;3;4;2;2;0;0
2021-02-24 05:19:59;74;27;18;7;2;3;4;2;2;0;0
2021-02-24 05:20:58;74;27;18;7;2;3;4;2;2;0;0
2021-02-24 05:21:59;74;27;18;7;2;3;4;2;2;0;0
2021-02-24 05:22:59;74;27;18;7;2;3;4;2;2;0;0
2021-02-24 05:23:58;74;27;18;7;2;3;4;2;2;0;0
2021-02-24 05:24:59;74;27;18;7;2;3;4;2;2;0;0
2021-02-24 05:25:58;74;27;18;7;2;3;4;2;2;0;0
2021-02-24 05:26:59;74;27;18;7;2;3;4;2;2;0;0
2021-02-24 05:27:59;74;27;18;7;2;3;4;2;2;0;0
2021-02-24 05:28:58;74;27;18;7;2;3;4;2;2;0;0
2021-02-24 05:29:59;74;27;18;7;2;3;4;2;2;0;0
2021-02-24 05:30:59;74;27;18;7;2;3;4;2;2;0;0
2021-02-24 05:31:58;74;27;18;7;2;3;4;2;2;0;0
2021-02-24 05:32:59;74;27;18;7;2;3;4;2;2;0;0
2021-02-24 05:33:59;74;27;18;7;2;3;4;2;2;0;0
2021-02-24 05:34:58;74;27;18;7;2;3;4;2;2;0;0
2021-02-24 05:35:59;74;27;18;7;2;3;4;2;2;0;0
2021-02-24 05:36:58;74;27;18;7;2;3;4;2;2;0;0
2021-02-24 05:37:59;74;27;18;7;2;3;4;2;2;0;0
2021-02-24 05:38:59;74;27;18;7;2;3;4;2;2;0;0
2021-02-24 05:40:00;74;27;18;7;2;3;4;2;2;0;0
2021-02-24 05:40:58;74;27;18;7;2;3;4;2;2;0;0
2021-02-24 05:41:59;74;27;18;7;2;3;4;2;2;0;0
2021-02-24 05:42:58;74;27;18;7;2;3;4;2;2;0;0
2021-02-24 05:43:59;74;27;18;7;2;3;4;2;2;0;0
2021-02-24 05:44:58;74;27;18;7;2;3;4;2;2;0;0
2021-02-24 05:45:59;74;27;18;7;2;3;4;2;2;0;0
2021-02-24 05:46:59;75;28;18;7;2;3;4;2;2;0;0
2021-02-24 05:47:58;75;28;18;7;2;3;4;2;2;0;0
2021-02-24 05:48:59;75;28;18;7;2;3;4;2;2;0;0
2021-02-24 05:50:00;75;28;18;7;2;3;4;2;2;0;0
2021-02-24 05:50:58;75;28;18;7;2;3;4;2;2;0;0
2021-02-24 05:51:59;75;28;18;7;2;3;4;2;2;0;0
2021-02-24 05:52:58;75;28;18;7;2;3;4;2;2;0;0
2021-02-24 05:53:59;75;28;18;7;2;3;4;2;2;0;0
2021-02-24 05:54:59;75;28;18;7;2;3;4;2;2;0;0
2021-02-24 05:55:58;75;28;18;7;2;3;4;2;2;0;0
2021-02-24 05:56:59;75;28;18;7;2;3;4;2;2;0;0
2021-02-24 05:57:59;75;28;18;7;2;3;4;2;2;0;0
2021-02-24 05:58:58;75;28;18;7;2;3;4;2;2;0;0
2021-02-24 05:59:59;75;28;18;7;2;3;4;2;2;0;0
2021-02-24 06:00:59;75;28;18;7;2;3;4;2;2;0;0
2021-02-24 06:01:58;75;28;18;7;2;3;4;2;2;0;0
2021-02-24 06:02:59;75;28;18;7;2;3;4;2;2;0;0
2021-02-24 06:03:59;75;28;18;7;2;3;4;2;2;0;0
2021-02-24 06:04:58;75;28;18;7;2;3;4;2;2;0;0
2021-02-24 06:05:59;75;28;18;7;2;3;4;2;2;0;0
2021-02-24 06:06:59;75;28;18;7;2;3;4;2;2;0;0
2021-02-24 06:07:58;75;28;18;7;2;3;4;2;2;0;0
2021-02-24 06:08:59;75;28;18;7;2;3;4;2;2;0;0
2021-02-24 06:09:58;75;28;18;7;2;3;4;2;2;0;0
2021-02-24 06:10:59;75;28;18;7;2;3;4;2;2;0;0
2021-02-24 06:11:59;75;28;18;7;2;3;4;2;2;0;0
2021-02-24 06:12:58;76;28;18;8;2;3;4;2;2;0;0
2021-02-24 06:13:59;76;28;18;8;2;3;4;2;2;0;0
2021-02-24 06:14:59;76;28;18;8;2;3;4;2;2;0;0
2021-02-24 06:15:59;77;28;18;8;2;3;4;2;2;0;0
2021-02-24 06:16:58;77;28;18;8;2;3;4;2;2;0;0
2021-02-24 06:17:59;77;28;18;8;2;3;4;2;2;0;0
2021-02-24 06:18:59;77;28;18;8;2;3;4;2;2;0;0
2021-02-24 06:19:58;78;28;18;8;2;4;4;2;2;0;0
2021-02-24 06:20:59;78;28;18;8;2;4;4;2;2;0;0
2021-02-24 06:21:58;78;28;18;8;2;4;4;2;2;0;0
2021-02-24 06:22:59;78;28;18;8;2;4;4;2;2;0;0
2021-02-24 06:23:58;78;28;18;8;2;4;4;2;2;0;0
2021-02-24 06:24:59;78;28;18;8;2;4;4;2;2;0;0
2021-02-24 06:25:58;78;28;18;8;2;4;4;2;2;0;0
2021-02-24 06:26:59;78;28;18;8;2;4;4;2;2;0;0
2021-02-24 06:27:58;78;28;18;8;2;4;4;2;2;0;0
2021-02-24 06:28:59;78;28;18;8;2;4;4;2;2;0;0
2021-02-24 06:29:59;78;28;18;8;2;4;4;2;2;0;0
2021-02-24 06:30:58;78;27;19;8;2;4;4;2;2;0;0
2021-02-24 06:31:59;78;27;19;8;2;4;4;2;2;0;0
2021-02-24 06:32:58;78;27;19;8;2;4;4;2;2;0;0
2021-02-24 06:33:59;78;27;19;8;2;4;4;2;2;0;0
2021-02-24 06:34:59;78;27;19;8;2;4;4;2;2;0;0
2021-02-24 06:35:59;78;27;19;8;2;4;4;2;2;0;0
2021-02-24 06:36:58;78;27;19;8;2;4;4;2;2;0;0
2021-02-24 06:37:59;78;27;19;8;2;4;4;2;2;0;0
2021-02-24 06:38:58;78;27;19;8;2;4;4;2;2;0;0
2021-02-24 06:39:59;78;27;19;8;2;4;4;2;2;0;0
2021-02-24 06:41:00;79;27;19;8;2;4;4;2;2;0;1
2021-02-24 06:41:58;79;27;19;8;2;4;4;2;2;0;1
2021-02-24 06:42:59;79;27;19;8;2;4;4;2;2;0;1
2021-02-24 06:43:58;79;27;19;8;2;4;4;2;2;0;1
2021-02-24 06:44:59;79;27;19;8;2;4;4;2;2;0;1
2021-02-24 06:45:59;79;27;19;8;2;4;4;2;2;0;1
2021-02-24 06:46:58;79;27;19;8;2;4;4;2;2;0;1
2021-02-24 06:47:59;79;27;19;8;2;4;4;2;2;0;1
2021-02-24 06:48:59;79;27;19;8;2;4;4;2;2;0;1
2021-02-24 06:49:58;79;27;19;8;2;4;4;2;2;0;1
2021-02-24 06:50:59;80;27;20;8;2;4;4;2;2;0;1
2021-02-24 06:51:59;80;27;20;8;2;4;4;2;2;0;1
2021-02-24 06:52:58;80;27;20;8;2;4;4;2;2;0;1
2021-02-24 06:53:59;80;27;20;8;2;4;4;2;2;0;1
2021-02-24 06:54:59;80;27;20;8;2;4;4;2;2;0;1
2021-02-24 06:55:58;80;27;20;8;2;4;4;2;2;0;1
2021-02-24 06:56:59;80;27;20;8;2;4;4;2;2;0;1
2021-02-24 06:57:59;80;27;20;8;2;4;4;2;2;0;1
2021-02-24 06:58:58;80;27;20;8;2;4;4;2;2;0;1
2021-02-24 06:59:59;81;27;20;8;3;4;4;2;2;0;1
2021-02-24 07:00:59;81;27;20;8;3;4;4;2;2;0;1
2021-02-24 07:01:58;81;27;20;8;3;4;4;2;2;0;1
2021-02-24 07:02:59;81;27;20;8;3;4;4;2;2;0;1
2021-02-24 07:03:59;81;27;20;8;3;4;4;2;2;0;1
2021-02-24 07:04:58;81;27;20;8;3;4;4;2;2;0;1
2021-02-24 07:05:59;81;27;20;8;3;4;4;2;2;0;1
2021-02-24 07:06:59;81;27;20;8;3;4;4;2;2;0;1
2021-02-24 07:07:58;81;27;20;8;3;4;4;2;2;0;1
2021-02-24 07:08:59;81;27;20;8;3;4;4;2;2;0;1
2021-02-24 07:10:00;81;27;20;8;3;4;4;2;2;0;1
2021-02-24 07:10:58;81;27;20;8;3;4;4;2;2;0;1
2021-02-24 07:11:59;81;27;20;8;3;4;4;2;2;0;1
2021-02-24 07:12:58;81;27;20;8;3;4;4;2;2;0;1
2021-02-24 07:13:59;81;27;20;8;3;4;4;2;2;0;1
2021-02-24 07:14:59;81;27;20;8;3;4;4;2;2;0;1
2021-02-24 07:15:58;81;27;20;8;3;4;4;2;2;0;1
2021-02-24 07:16:59;81;27;20;8;3;4;4;2;2;0;1
2021-02-24 07:17:59;81;27;20;8;3;4;4;2;2;0;1
2021-02-24 07:18:58;81;27;20;8;3;4;4;2;2;0;1
2021-02-24 07:19:59;81;27;20;8;3;4;4;2;2;0;1
2021-02-24 07:20:58;81;27;20;8;3;4;4;2;2;0;1
2021-02-24 07:21:59;81;27;20;8;3;4;4;2;2;0;1
2021-02-24 07:22:59;81;27;20;8;3;4;4;2;2;0;1
2021-02-24 07:23:59;81;27;20;8;3;4;4;2;2;0;1
2021-02-24 07:24:58;82;28;20;8;3;4;4;2;2;0;1
2021-02-24 07:25:59;83;28;20;8;4;4;4;2;2;0;1
2021-02-24 07:26:59;83;28;20;8;4;4;4;2;2;0;1
2021-02-24 07:27:58;83;28;20;8;4;4;4;2;2;0;1
2021-02-24 07:28:59;83;28;20;8;4;4;4;2;2;0;1
2021-02-24 07:29:59;83;28;20;8;4;4;4;2;2;0;1
2021-02-24 07:30:59;83;28;20;8;4;4;4;2;2;0;1
2021-02-24 07:31:58;83;28;20;8;4;4;4;2;2;0;1
2021-02-24 07:32:59;84;28;21;8;4;4;4;2;2;0;1
2021-02-24 07:33:59;84;28;21;8;4;4;4;2;2;0;1
2021-02-24 07:34:58;84;28;21;8;4;4;4;2;2;0;1
2021-02-24 07:35:59;84;28;21;8;4;4;4;2;2;0;1
2021-02-24 07:36:59;84;28;21;8;4;4;4;2;2;0;1
2021-02-24 07:37:58;84;28;21;8;4;4;4;2;2;0;1
2021-02-24 07:38:59;84;28;21;8;4;4;4;2;2;0;1
2021-02-24 07:39:58;84;28;21;8;4;4;4;2;2;0;1
2021-02-24 07:40:59;84;28;21;8;4;4;4;2;2;0;1
2021-02-24 07:41:59;84;28;21;8;4;4;4;2;2;0;1
2021-02-24 07:42:58;84;28;21;8;4;4;4;2;2;0;1
2021-02-24 07:43:59;84;28;21;8;4;4;4;2;2;0;1
2021-02-24 07:44:58;84;28;21;8;4;4;4;2;2;0;1
2021-02-24 07:45:59;85;29;21;8;4;4;4;2;2;0;1
2021-02-24 07:46:59;85;29;21;8;4;4;4;2;2;0;1
2021-02-24 07:47:58;85;29;21;8;4;4;4;2;2;0;1
2021-02-24 07:48:59;86;30;21;8;4;4;4;2;2;0;1
2021-02-24 07:49:59;86;30;21;8;4;4;4;2;2;0;1
2021-02-24 07:50:58;86;30;21;8;4;4;4;2;2;0;1
2021-02-24 07:51:59;87;31;21;8;4;4;4;2;2;0;1
2021-02-24 07:52:59;88;32;21;8;4;4;4;2;2;0;1
2021-02-24 07:53:58;88;32;21;8;4;4;4;2;2;0;1
2021-02-24 07:54:59;88;32;21;8;4;4;4;2;2;0;1
2021-02-24 07:55:58;88;32;21;8;4;4;4;2;2;0;1
2021-02-24 07:56:59;88;32;21;8;4;4;4;2;2;0;1
2021-02-24 07:57:58;88;32;21;8;4;4;4;2;2;0;1
2021-02-24 07:58:59;89;33;21;8;4;4;4;2;2;0;1
2021-02-24 07:59:58;89;33;21;8;4;4;4;2;2;0;1
2021-02-24 08:00:59;89;33;21;8;4;4;4;2;2;0;1
2021-02-24 08:01:58;89;33;21;8;4;4;4;2;2;0;1
2021-02-24 08:02:59;89;33;21;8;4;4;4;2;2;0;1
2021-02-24 08:03:59;89;33;21;8;4;4;4;2;2;0;1
2021-02-24 08:04:58;89;33;21;8;4;4;4;2;2;0;1
2021-02-24 08:05:59;89;33;21;8;4;4;4;2;2;0;1
2021-02-24 08:06:59;89;33;21;8;4;4;4;2;2;0;1
2021-02-24 08:07:58;89;33;21;8;4;4;4;2;2;0;1
2021-02-24 08:08:59;89;33;21;8;4;4;4;2;2;0;1
2021-02-24 08:09:58;89;33;21;8;4;4;4;2;2;0;1
2021-02-24 08:10:59;89;33;21;8;4;4;4;2;2;0;1
2021-02-24 08:11:59;89;33;21;8;4;4;4;2;2;0;1
2021-02-24 08:12:58;89;33;21;8;4;4;4;2;2;0;1
2021-02-24 08:13:59;89;33;21;8;4;4;4;2;2;0;1
2021-02-24 08:15:00;90;34;21;8;4;4;4;2;2;0;1
2021-02-24 08:15:58;90;34;20;8;4;4;4;2;2;0;0
2021-02-24 08:16:59;90;34;20;8;4;4;4;2;2;0;0
2021-02-24 08:17:58;91;34;20;8;4;4;5;2;2;0;0
2021-02-24 08:18:59;91;34;20;9;4;4;4;2;2;0;0
2021-02-24 08:19:59;91;34;20;9;4;4;4;2;2;0;0
2021-02-24 08:20:58;91;34;20;9;4;4;4;2;2;0;0
2021-02-24 08:21:59;91;34;20;9;4;4;4;2;2;0;0
2021-02-24 08:22:58;91;34;20;9;4;4;4;2;2;0;0
2021-02-24 08:23:59;91;34;20;9;4;4;4;2;2;0;0
2021-02-24 08:24:58;91;34;20;9;4;4;4;2;2;0;0
2021-02-24 08:25:59;91;34;20;9;4;4;4;2;2;0;0
2021-02-24 08:26:58;91;34;20;9;4;4;4;2;2;0;0
2021-02-24 08:27:59;91;34;20;9;4;4;4;2;2;0;0
2021-02-24 08:28:59;91;34;20;9;4;4;4;2;2;0;0
2021-02-24 08:29:58;91;34;20;9;4;4;4;2;2;0;0
2021-02-24 08:30:59;91;34;20;9;4;4;4;2;2;0;0
2021-02-24 08:31:58;91;34;20;9;4;4;4;2;2;0;0
2021-02-24 08:32:59;91;34;20;9;4;4;4;2;2;0;0
2021-02-24 08:33:59;91;34;20;9;4;4;4;2;2;0;0
2021-02-24 08:34:58;91;34;20;9;4;4;4;2;2;0;0
2021-02-24 08:35:59;91;35;20;8;4;4;4;2;2;0;0
2021-02-24 08:36:58;91;35;20;8;4;4;4;2;2;0;0
2021-02-24 08:37:59;91;35;20;8;4;4;4;2;2;0;0
2021-02-24 08:38:59;91;35;20;8;4;4;4;2;2;0;0
2021-02-24 08:39:58;91;35;20;8;4;4;4;2;2;0;0
2021-02-24 08:40:59;91;35;20;8;4;4;4;2;2;0;0
2021-02-24 08:41:59;91;35;20;8;4;4;4;2;2;0;0
2021-02-24 08:42:58;91;35;20;8;4;4;4;2;2;0;0
2021-02-24 08:43:59;91;35;20;8;4;4;4;2;2;0;0
2021-02-24 08:44:59;91;35;20;8;4;4;4;2;2;0;0
2021-02-24 08:45:58;92;36;20;8;4;4;4;2;2;0;0
2021-02-24 08:46:59;92;36;20;8;4;4;4;2;2;0;0
2021-02-24 08:47:59;92;36;20;8;4;4;4;2;2;0;0
2021-02-24 08:48:58;93;36;21;8;4;4;4;2;2;0;0
2021-02-24 08:49:59;94;37;21;8;4;4;4;2;2;0;0
2021-02-24 08:50:59;95;38;21;8;4;4;4;2;2;0;0
2021-02-24 08:51:58;95;38;21;8;4;4;4;2;2;0;0
2021-02-24 08:52:59;95;38;21;8;4;4;4;2;2;0;0
2021-02-24 08:53:58;95;38;21;8;4;4;4;2;2;0;0
2021-02-24 08:54:59;95;38;21;8;4;4;4;2;2;0;0
2021-02-24 08:55:58;95;38;21;8;4;4;4;2;2;0;0
2021-02-24 08:56:59;95;38;21;8;4;4;4;2;2;0;0
2021-02-24 08:57:58;95;38;21;8;4;4;4;2;2;0;0
2021-02-24 08:58:59;96;38;22;8;4;4;4;2;2;0;0
2021-02-24 08:59:59;96;38;22;8;4;4;4;2;2;0;0
2021-02-24 09:00:58;96;38;22;8;4;4;4;2;2;0;0
2021-02-24 09:01:59;96;38;22;8;4;4;4;2;2;0;0
2021-02-24 09:02:58;96;38;22;8;4;4;4;2;2;0;0
2021-02-24 09:03:59;97;38;22;8;5;4;4;2;2;0;0
2021-02-24 09:04:58;97;38;22;8;5;4;4;2;2;0;0
2021-02-24 09:05:59;97;38;22;8;5;4;4;2;2;0;0
2021-02-24 09:06:59;97;38;22;8;5;4;4;2;2;0;0
2021-02-24 09:07:58;98;39;22;8;5;4;4;2;2;0;0
2021-02-24 09:08:59;98;39;22;8;5;4;4;2;2;0;0
2021-02-24 09:09:59;98;39;22;8;5;4;4;2;2;0;0
2021-02-24 09:10:58;98;39;22;8;5;4;4;2;2;0;0
2021-02-24 09:11:59;98;39;22;8;5;4;4;2;2;0;0
2021-02-24 09:12:59;98;39;22;8;5;4;4;2;2;0;0
2021-02-24 09:13:58;98;39;22;8;5;4;4;2;2;0;0
2021-02-24 09:14:59;98;39;22;8;5;4;4;2;2;0;0
2021-02-24 09:15:59;99;40;22;8;5;4;4;2;2;0;0
2021-02-24 09:16:58;99;40;22;8;5;4;4;2;2;0;0
2021-02-24 09:17:59;99;40;22;8;5;4;4;2;2;0;0
2021-02-24 09:18:59;99;40;22;8;5;4;4;2;2;0;0
2021-02-24 09:19:58;99;40;22;8;5;4;4;2;2;0;0
2021-02-24 09:20:59;99;40;22;8;5;4;4;2;2;0;0
2021-02-24 09:21:58;99;40;22;8;5;4;4;2;2;0;0
2021-02-24 09:22:59;99;40;22;8;5;4;4;2;2;0;0
2021-02-24 09:23:59;99;40;22;8;5;4;4;2;2;0;0
2021-02-24 09:24:58;99;40;22;8;5;4;4;2;2;0;0
2021-02-24 09:25:59;100;41;22;8;5;4;4;2;2;0;0
2021-02-24 09:26:59;100;41;22;8;5;4;4;2;2;0;0
2021-02-24 09:27:58;100;41;22;8;5;4;4;2;2;0;0
2021-02-24 09:28:59;100;41;22;8;5;4;4;2;2;0;0
2021-02-24 09:30:00;100;41;22;8;5;4;4;2;2;0;0
2021-02-24 09:30:58;100;41;22;8;5;4;4;2;2;0;0
2021-02-24 09:31:59;100;41;22;8;5;4;4;2;2;0;0
2021-02-24 09:33:00;100;41;22;8;5;4;4;2;2;0;0
2021-02-24 09:33:58;100;41;22;8;5;4;4;2;2;0;0
2021-02-24 09:34:59;100;41;22;8;5;4;4;2;2;0;0
2021-02-24 09:35:59;100;41;22;8;5;4;4;2;2;0;0
2021-02-24 09:36:58;100;41;22;8;5;4;4;2;2;0;0
2021-02-24 09:37:59;100;41;22;8;5;4;4;2;2;0;0
2021-02-24 09:38:58;100;41;22;8;5;4;4;2;2;0;0
2021-02-24 09:39:59;100;41;22;8;5;4;4;2;2;0;0
2021-02-24 09:40:59;100;41;22;8;5;4;4;2;2;0;0
2021-02-24 09:41:58;101;41;23;8;5;4;4;2;2;0;0
2021-02-24 09:42:59;101;41;23;8;5;4;4;2;2;0;0
2021-02-24 09:43:59;102;42;23;8;5;4;4;2;2;0;0
2021-02-24 09:44:58;102;42;23;8;5;4;4;2;2;0;0
2021-02-24 09:45:59;102;42;23;8;5;4;4;2;2;0;0
2021-02-24 09:46:58;102;42;23;8;5;4;4;2;2;0;0
2021-02-24 09:47:59;102;42;23;8;5;4;4;2;2;0;0
2021-02-24 09:48:58;102;42;23;8;5;4;4;2;2;0;0
2021-02-24 09:49:59;102;42;23;8;5;4;4;2;2;0;0
2021-02-24 09:50:58;102;42;23;8;5;4;4;2;2;0;0
2021-02-24 09:51:59;102;42;23;8;5;4;4;2;2;0;0
2021-02-24 09:52:58;102;42;23;8;5;4;4;2;2;0;0
2021-02-24 09:53:59;105;43;23;8;5;4;5;2;2;0;1
2021-02-24 09:54:58;105;43;23;8;5;4;5;2;2;0;1
2021-02-24 09:55:59;105;43;23;8;5;4;5;2;2;0;1
2021-02-24 09:56:58;105;43;23;8;5;4;5;2;2;0;1
2021-02-24 09:57:59;105;43;23;8;5;4;5;2;2;0;1
2021-02-24 09:58:59;105;43;23;8;5;4;5;2;2;0;1
2021-02-24 09:59:58;105;43;23;8;5;4;5;2;2;0;1
2021-02-24 10:00:59;105;43;23;8;5;4;5;2;2;0;1
2021-02-24 10:01:59;105;43;23;8;5;4;5;2;2;0;1
2021-02-24 10:02:58;105;43;23;8;5;4;5;2;2;0;1
2021-02-24 10:03:59;105;43;23;8;5;4;5;2;2;0;1
2021-02-24 10:04:58;105;43;23;8;5;4;5;2;2;0;1
2021-02-24 10:05:59;105;43;23;8;5;4;5;2;2;0;1
2021-02-24 10:06:59;106;44;23;8;5;4;5;2;2;0;1
2021-02-24 10:07:58;106;44;23;8;5;4;5;2;2;0;1
2021-02-24 10:08:59;106;44;23;8;5;4;5;2;2;0;1
2021-02-24 10:09:59;106;44;23;8;5;4;5;2;2;0;1
2021-02-24 10:10:58;106;44;23;8;5;4;5;2;2;0;1
2021-02-24 10:11:59;106;44;23;8;5;4;5;2;2;0;1
2021-02-24 10:12:59;106;44;23;8;5;4;5;2;2;0;1
2021-02-24 10:13:59;106;44;23;8;5;4;5;2;2;0;1
2021-02-24 10:14:59;106;44;23;8;5;4;5;2;2;0;1
2021-02-24 10:15:58;107;44;23;8;5;4;5;2;3;0;1
2021-02-24 10:16:59;107;44;23;8;5;4;5;2;3;0;1
2021-02-24 10:17:59;107;44;23;8;5;4;5;2;3;0;1
2021-02-24 10:18:58;107;44;23;8;5;4;5;2;3;0;1
2021-02-24 10:19:59;107;44;23;8;5;4;5;2;3;0;1
2021-02-24 10:20:59;107;44;23;8;5;4;5;2;3;0;1
2021-02-24 10:21:59;107;44;23;8;5;4;5;2;3;0;1
2021-02-24 10:22:58;107;44;23;8;5;4;5;2;3;0;1
2021-02-24 10:23:59;107;44;23;8;5;4;5;2;3;0;1
2021-02-24 10:24:59;107;44;23;8;5;4;5;2;3;0;1
2021-02-24 10:25:58;107;44;23;8;5;4;5;2;3;0;1
2021-02-24 10:26:59;108;44;23;8;5;4;6;2;3;0;1
2021-02-24 10:27:59;108;44;23;8;5;4;6;2;3;0;1
2021-02-24 10:28:58;109;44;24;8;5;4;6;2;3;0;1
2021-02-24 10:29:59;109;44;24;8;5;4;6;2;3;0;1
2021-02-24 10:30:59;109;44;24;8;5;4;6;2;3;0;1
2021-02-24 10:31:58;109;44;24;8;5;4;6;2;3;0;1
2021-02-24 10:32:59;109;44;24;8;5;4;6;2;3;0;1
2021-02-24 10:33:58;109;44;24;8;5;4;6;2;3;0;1
2021-02-24 10:34:59;109;44;24;8;5;4;6;2;3;0;1
2021-02-24 10:35:59;110;44;25;8;5;4;6;2;3;0;1
2021-02-24 10:36:58;110;44;25;8;5;4;6;2;3;0;1
2021-02-24 10:37:59;110;44;25;8;5;4;6;2;3;0;1
2021-02-24 10:38:58;110;44;25;8;5;4;6;2;3;0;1
2021-02-24 10:39:59;110;44;25;8;5;4;6;2;3;0;1
2021-02-24 10:40:58;110;44;25;8;5;4;6;2;3;0;1
2021-02-24 10:41:59;110;44;25;8;5;4;6;2;3;0;1
2021-02-24 10:42:59;111;44;26;8;5;4;6;2;3;0;1
2021-02-24 10:43:58;111;44;26;8;5;4;6;2;3;0;1
2021-02-24 10:44:59;112;45;26;8;5;4;6;2;3;0;1
2021-02-24 10:45:59;113;45;26;8;5;4;6;2;3;0;2
2021-02-24 10:46:58;114;45;27;8;5;4;6;2;3;0;2
2021-02-24 10:47:59;114;45;27;8;5;4;6;2;3;0;2
2021-02-24 10:48:59;114;45;27;8;5;4;6;2;3;0;2
2021-02-24 10:49:58;115;45;28;8;5;4;6;2;3;0;2
2021-02-24 10:50:59;115;45;28;8;5;4;6;2;3;0;2
2021-02-24 10:51:59;115;45;28;8;5;4;6;2;3;0;2
2021-02-24 10:52:58;116;46;28;8;5;4;6;2;3;0;2
2021-02-24 10:53:59;116;46;28;8;5;4;6;2;3;0;2
2021-02-24 10:54:59;116;46;28;8;5;4;6;2;3;0;2
2021-02-24 10:55:58;116;46;28;8;5;4;6;2;3;0;2
2021-02-24 10:56:59;117;47;28;8;5;4;6;2;3;0;2
2021-02-24 10:57:59;117;47;28;8;5;4;6;2;3;0;2
2021-02-24 10:58:58;117;47;28;8;5;4;6;2;3;0;2
2021-02-24 10:59:59;117;47;28;8;6;4;6;2;3;0;2
2021-02-24 11:00:59;117;47;28;8;6;4;6;2;3;0;2
2021-02-24 11:01:58;117;47;28;8;6;4;6;2;3;0;2
2021-02-24 11:02:59;118;48;28;8;6;4;6;2;3;0;2
2021-02-24 11:03:59;118;48;28;8;6;4;6;2;3;0;2
2021-02-24 11:04:58;118;48;28;8;6;4;6;2;3;0;2
2021-02-24 11:05:59;118;48;28;8;6;4;6;2;3;0;2
2021-02-24 11:06:58;119;48;29;8;6;4;6;2;3;0;2
2021-02-24 11:07:59;120;49;29;8;6;4;6;2;3;0;2
2021-02-24 11:08:58;121;50;29;8;6;4;6;2;3;0;2
2021-02-24 11:09:59;122;51;29;8;6;4;6;2;3;0;2
2021-02-24 11:10:59;124;52;29;9;6;4;6;2;3;0;2
2021-02-24 11:11:58;126;53;30;9;6;4;6;2;3;0;2
2021-02-24 11:12:59;126;53;30;9;6;4;6;2;3;0;2
2021-02-24 11:13:59;126;53;30;9;6;4;6;2;3;0;2
2021-02-24 11:14:58;127;54;30;9;6;4;6;2;3;0;2
2021-02-24 11:15:59;127;54;30;9;6;4;6;2;3;0;2
2021-02-24 11:16:59;127;54;30;9;6;4;6;2;3;0;2
2021-02-24 11:17:58;127;54;30;9;6;4;6;2;3;0;2
2021-02-24 11:18:59;127;54;30;9;6;4;6;2;3;0;2
2021-02-24 11:19:58;127;54;30;9;6;4;6;2;3;0;2
2021-02-24 11:20:59;127;54;30;9;6;4;6;2;3;0;2
2021-02-24 11:21:58;127;54;30;9;6;4;6;2;3;0;2
2021-02-24 11:22:59;127;54;30;9;6;4;6;2;3;0;2
2021-02-24 11:23:58;127;54;30;9;6;4;6;2;3;0;2
2021-02-24 11:24:59;127;54;30;9;6;4;6;2;3;0;2
2021-02-24 11:25:59;127;54;30;9;6;4;6;2;3;0;2
2021-02-24 11:26:58;127;54;30;9;6;4;6;2;3;0;2
2021-02-24 11:27:59;128;54;30;9;7;4;6;2;3;0;2
2021-02-24 11:28:59;128;54;30;9;7;4;6;2;3;0;2
2021-02-24 11:29:59;128;54;30;9;7;4;6;2;3;0;2
2021-02-24 11:30:58;129;54;30;9;7;4;6;2;3;0;2
2021-02-24 11:31:59;129;54;30;9;7;4;6;2;3;0;2
2021-02-24 11:32:59;129;54;30;9;7;4;6;2;3;0;2
2021-02-24 11:33:58;129;54;30;9;7;4;6;2;3;0;2
2021-02-24 11:34:59;129;54;30;9;7;4;6;2;3;0;2
2021-02-24 11:35:59;129;54;30;9;7;4;6;2;3;0;2
2021-02-24 11:37:00;129;54;30;9;7;4;6;2;3;0;2
2021-02-24 11:37:58;129;54;30;9;7;4;6;2;3;0;2
2021-02-24 11:38:59;129;54;30;9;7;4;6;2;3;0;2
2021-02-24 11:39:59;129;54;30;9;7;4;6;2;3;0;2
2021-02-24 11:40:58;129;54;30;9;7;4;6;2;3;0;2
2021-02-24 11:41:59;129;54;30;9;7;4;6;2;3;0;2
2021-02-24 11:42:59;129;54;30;9;7;4;6;2;3;0;2
2021-02-24 11:43:59;129;54;30;9;7;4;6;2;3;0;2
2021-02-24 11:44:58;129;54;30;9;7;4;6;2;3;0;2
2021-02-24 11:45:59;129;54;30;9;7;4;6;2;3;0;2
2021-02-24 11:46:59;129;54;30;9;7;4;6;2;3;0;2
2021-02-24 11:47:58;130;55;30;9;7;4;6;2;3;0;2
2021-02-24 11:48:59;130;55;30;9;7;4;6;2;3;0;2
2021-02-24 11:49:59;131;55;30;9;7;4;6;2;3;0;2
2021-02-24 11:50:58;131;55;30;9;7;4;6;2;3;0;2
2021-02-24 11:51:59;132;56;30;9;7;4;6;2;3;0;2
2021-02-24 11:52:59;132;56;30;9;7;4;6;2;3;0;2
2021-02-24 11:54:00;132;56;30;9;7;4;6;2;3;0;2
2021-02-24 11:54:58;132;56;30;9;7;4;6;2;3;0;2
2021-02-24 11:55:59;132;56;30;9;7;4;6;2;3;0;2
2021-02-24 11:56:58;133;57;30;9;7;4;6;2;3;0;2
2021-02-24 11:57:59;133;57;30;9;7;4;6;2;3;0;2
2021-02-24 11:58:59;133;57;30;9;7;4;6;2;3;0;2
2021-02-24 11:59:58;133;57;30;9;7;4;6;2;3;0;2
2021-02-24 12:00:59;133;57;30;9;7;4;6;2;3;0;2
2021-02-24 12:01:59;133;57;30;9;7;4;6;2;3;0;2
2021-02-24 12:02:58;133;57;30;9;7;4;6;2;3;0;2
2021-02-24 12:03:59;133;57;30;9;7;4;6;2;3;0;2
2021-02-24 12:04:59;133;57;30;9;7;4;6;2;3;0;2
2021-02-24 12:05:58;134;57;30;9;7;4;6;2;3;0;2
2021-02-24 12:06:59;134;57;30;9;7;4;6;2;3;0;2
2021-02-24 12:07:59;135;58;30;9;7;4;6;2;3;0;2
2021-02-24 12:08:58;135;58;30;9;7;4;6;2;3;0;2
2021-02-24 12:09:59;136;58;30;9;7;4;7;2;3;0;2
2021-02-24 12:10:59;136;58;30;9;7;4;7;2;3;0;2
2021-02-24 12:11:58;136;58;30;9;7;4;7;2;3;0;2
2021-02-24 12:12:59;137;59;30;9;7;4;7;2;3;0;2
2021-02-24 12:13:59;137;59;30;9;7;4;7;2;3;0;2
2021-02-24 12:14:58;137;59;30;9;7;4;7;2;3;0;2
2021-02-24 12:15:59;137;59;30;9;7;4;7;2;3;0;2
2021-02-24 12:16:58;137;59;30;9;7;4;7;2;3;0;2
2021-02-24 12:17:59;137;59;30;9;7;4;7;2;3;0;2
2021-02-24 12:18:58;137;59;30;9;7;4;7;2;3;0;2
2021-02-24 12:19:59;137;59;30;9;7;4;7;2;3;0;2
2021-02-24 12:20:59;137;59;30;9;7;4;7;2;3;0;2
2021-02-24 12:22:00;137;59;30;9;7;4;7;2;3;0;2
2021-02-24 12:22:58;137;59;30;9;7;4;7;2;3;0;2
2021-02-24 12:23:59;138;59;30;9;7;4;7;3;3;0;2
2021-02-24 12:24:58;138;59;30;9;7;4;7;3;3;0;2
2021-02-24 12:25:59;138;59;30;9;7;4;7;3;3;0;2
2021-02-24 12:26:58;138;59;30;9;7;4;7;3;3;0;2
2021-02-24 12:27:59;139;59;30;9;7;4;7;3;4;0;2
2021-02-24 12:28:59;139;59;30;9;7;4;7;3;4;0;2
2021-02-24 12:29:58;139;59;30;9;7;4;7;3;4;0;2
2021-02-24 12:30:59;139;59;30;9;7;4;7;3;4;0;2
2021-02-24 12:31:59;139;59;30;9;7;4;7;3;4;0;2
2021-02-24 12:32:58;139;59;30;9;7;4;7;3;4;0;2
2021-02-24 12:33:59;139;59;30;9;7;4;7;3;4;0;2
2021-02-24 12:34:59;139;59;30;9;7;4;7;3;4;0;2
2021-02-24 12:35:58;139;59;30;9;7;4;7;3;4;0;2
2021-02-24 12:36:59;139;59;30;9;7;4;7;3;4;0;2
2021-02-24 12:37:59;139;59;30;9;7;4;7;3;4;0;2
2021-02-24 12:38:59;139;59;30;9;7;4;7;3;4;0;2
2021-02-24 12:39:59;139;59;30;9;7;4;7;3;4;0;2
2021-02-24 12:40:58;139;59;30;9;7;4;7;3;4;0;2
2021-02-24 12:41:59;140;59;30;10;7;4;7;3;4;0;2
2021-02-24 12:42:58;140;59;30;10;7;4;7;3;4;0;2
2021-02-24 12:43:59;140;59;30;10;7;4;7;3;4;0;2
2021-02-24 12:44:59;142;60;30;10;8;4;7;3;4;0;2
2021-02-24 12:45:58;142;60;30;10;8;4;7;3;4;0;2
2021-02-24 12:46:59;142;60;30;10;8;4;7;3;4;0;2
2021-02-24 12:47:59;142;60;30;10;8;4;7;3;4;0;2
2021-02-24 12:48:58;143;60;30;10;8;4;7;4;4;0;2
2021-02-24 12:49:59;143;60;30;10;8;4;7;4;4;0;2
2021-02-24 12:50:59;145;61;30;10;8;4;8;4;4;0;2
2021-02-24 12:51:58;146;61;30;11;8;4;8;4;4;0;2
2021-02-24 12:52:59;146;61;30;11;8;4;8;4;4;0;2
2021-02-24 12:53:59;147;61;30;12;8;4;8;4;4;0;2
2021-02-24 12:54:58;148;61;30;12;8;4;9;4;4;0;2
2021-02-24 12:55:59;148;61;30;12;8;4;9;4;4;0;2
2021-02-24 12:56:58;148;61;30;12;8;4;9;4;4;0;2
2021-02-24 12:57:59;148;61;30;12;8;4;9;4;4;0;2
2021-02-24 12:58:59;148;61;30;12;8;4;9;4;4;0;2
2021-02-24 12:59:58;148;61;30;12;8;4;9;4;4;0;2
2021-02-24 13:00:59;147;61;30;12;8;4;9;4;4;0;2
2021-02-24 13:01:59;147;61;30;12;8;4;9;4;4;0;2
2021-02-24 13:02:58;147;61;30;12;8;4;9;4;4;0;2
2021-02-24 13:03:59;147;61;30;12;8;4;9;4;4;0;2
2021-02-24 13:04:59;148;62;30;12;8;4;9;4;4;0;2
2021-02-24 13:05:58;148;62;30;12;8;4;9;4;4;0;2
2021-02-24 13:06:59;148;62;30;12;8;4;9;4;4;0;2
2021-02-24 13:07:59;148;61;30;12;8;5;9;4;4;0;2
2021-02-24 13:08:59;149;61;30;12;9;5;9;4;4;0;2
2021-02-24 13:09:58;149;61;30;12;9;5;9;4;4;0;2
2021-02-24 13:10:59;150;61;31;12;9;5;9;4;4;0;2
2021-02-24 13:11:59;150;61;31;12;9;5;9;4;4;0;2
2021-02-24 13:12:58;150;61;31;12;9;5;9;4;4;0;2
2021-02-24 13:13:59;150;61;31;12;9;5;9;4;4;0;2
2021-02-24 13:14:58;151;62;31;12;9;5;9;4;4;0;2
2021-02-24 13:15:59;152;63;31;12;9;5;9;4;4;0;2
2021-02-24 13:16:59;152;63;31;12;9;5;9;4;4;0;2
2021-02-24 13:17:58;152;63;31;12;9;5;9;4;4;0;2
2021-02-24 13:18:59;152;63;31;12;9;5;9;4;4;0;2
2021-02-24 13:19:59;152;63;31;12;9;5;9;4;4;0;2
2021-02-24 13:20:58;152;63;31;12;9;5;9;4;4;0;2
2021-02-24 13:21:59;153;64;31;12;9;5;9;4;4;0;2
2021-02-24 13:22:58;153;64;31;12;9;5;9;4;4;0;2
2021-02-24 13:23:59;153;64;31;12;9;5;9;4;4;0;2
2021-02-24 13:24:59;153;64;31;12;9;5;9;4;4;0;2
2021-02-24 13:25:58;154;65;31;12;9;5;9;4;4;0;2
2021-02-24 13:26:59;154;65;31;12;9;5;9;4;4;0;2
2021-02-24 13:27:59;154;65;31;12;9;5;9;4;4;0;2
2021-02-24 13:28:58;155;66;31;12;9;5;9;4;4;0;2
2021-02-24 13:29:59;156;67;31;12;9;5;9;4;4;0;2
2021-02-24 13:30:59;156;67;31;12;9;5;9;4;4;0;2
2021-02-24 13:31:58;156;67;31;12;9;5;9;4;4;0;2
2021-02-24 13:32:59;156;67;31;12;9;5;9;4;4;0;2
2021-02-24 13:33:59;157;68;31;12;9;5;9;4;4;0;2
2021-02-24 13:34:58;158;69;31;12;9;5;9;4;4;0;2
2021-02-24 13:35:59;158;69;31;12;9;5;9;4;4;0;2
2021-02-24 13:36:59;158;69;31;12;9;5;9;4;4;0;2
2021-02-24 13:37:58;158;69;31;12;9;5;9;4;4;0;2
2021-02-24 13:38:59;158;69;31;12;9;5;9;4;4;0;2
2021-02-24 13:39:59;158;69;31;12;9;5;9;4;4;0;2
2021-02-24 13:40:58;158;69;31;12;9;5;9;4;4;0;2
2021-02-24 13:41:59;158;69;31;12;9;5;9;4;4;0;2
2021-02-24 13:42:59;158;69;31;12;9;5;9;4;4;0;2
2021-02-24 13:43:58;158;69;31;12;9;5;9;4;4;0;2
2021-02-24 13:44:59;158;69;31;12;9;5;9;4;4;0;2
2021-02-24 13:45:58;159;70;31;12;9;5;9;4;4;0;2
2021-02-24 13:46:59;160;70;32;12;9;5;9;4;4;0;2
2021-02-24 13:47:58;161;70;33;12;9;5;9;4;4;0;2
2021-02-24 13:48:59;161;70;33;12;9;5;9;4;4;0;2
2021-02-24 13:49:59;161;70;33;12;9;5;9;4;4;0;2
2021-02-24 13:50:58;161;70;33;12;9;5;9;4;4;0;2
2021-02-24 13:51:59;162;71;33;12;9;5;9;4;4;0;2
2021-02-24 13:52:59;162;71;33;12;9;5;9;4;4;0;2
2021-02-24 13:53:58;163;71;33;13;9;5;9;4;4;0;2
2021-02-24 13:54:59;163;71;33;13;9;5;9;4;4;0;2
2021-02-24 13:55:59;164;72;33;13;9;5;9;4;4;0;2
2021-02-24 13:56:58;164;72;33;13;9;5;9;4;4;0;2
2021-02-24 13:57:59;165;73;33;13;9;5;9;4;4;0;2
2021-02-24 13:58:59;165;73;33;13;9;5;9;4;4;0;2
2021-02-24 13:59:58;165;73;33;13;9;5;9;4;4;0;2
2021-02-24 14:00:59;165;73;33;13;9;5;9;4;4;0;2
2021-02-24 14:01:59;165;73;33;13;9;5;9;4;4;0;2
2021-02-24 14:02:58;165;73;33;13;9;5;9;4;4;0;2
2021-02-24 14:03:59;165;73;33;13;9;5;9;4;4;0;2
2021-02-24 14:04:59;165;73;33;13;9;5;9;4;4;0;2
2021-02-24 14:05:58;165;73;33;13;9;5;9;4;4;0;2
2021-02-24 14:06:59;165;73;33;13;9;5;9;4;4;0;2
2021-02-24 14:07:59;165;73;33;13;9;5;9;4;4;0;2
2021-02-24 14:08:58;165;73;33;13;9;5;9;4;4;0;2
2021-02-24 14:09:59;166;74;33;13;9;5;9;4;4;0;2
2021-02-24 14:11:00;166;74;33;13;9;5;9;4;4;0;2
2021-02-24 14:11:58;167;75;33;13;9;5;9;4;4;0;2
2021-02-24 14:12:59;168;75;33;13;9;5;9;4;5;0;2
2021-02-24 14:13:58;168;75;33;13;9;5;9;4;5;0;2
2021-02-24 14:14:59;168;75;33;13;9;5;9;4;5;0;2
2021-02-24 14:15:58;168;75;33;13;9;5;9;4;5;0;2
2021-02-24 14:16:59;168;75;33;13;9;5;9;4;5;0;2
2021-02-24 14:17:59;168;75;33;13;9;5;9;4;5;0;2
2021-02-24 14:18:58;168;75;33;13;9;5;9;4;5;0;2
2021-02-24 14:19:59;168;75;33;13;9;5;9;4;5;0;2
2021-02-24 14:20:58;168;75;33;13;9;5;9;4;5;0;2
2021-02-24 14:21:59;168;75;33;13;9;5;9;4;5;0;2
2021-02-24 14:22:58;168;75;33;13;9;5;9;4;5;0;2
2021-02-24 14:23:59;168;75;33;13;9;5;9;4;5;0;2
2021-02-24 14:24:59;168;75;33;13;9;5;9;4;5;0;2
2021-02-24 14:25:58;168;75;33;13;9;5;9;4;5;0;2
2021-02-24 14:26:59;169;76;33;13;9;5;9;4;5;0;2
2021-02-24 14:27:58;169;76;33;13;9;5;9;4;5;0;2
2021-02-24 14:28:59;169;76;33;13;9;5;9;4;5;0;2
2021-02-24 14:29:58;169;76;33;13;9;5;9;4;5;0;2
2021-02-24 14:30:59;169;76;33;13;9;5;9;4;5;0;2
2021-02-24 14:31:58;169;76;33;13;9;5;9;4;5;0;2
2021-02-24 14:32:59;169;76;33;13;9;5;9;4;5;0;2
2021-02-24 14:33:59;170;77;33;13;9;5;9;4;5;0;2
2021-02-24 14:34:58;170;77;33;13;9;5;9;4;5;0;2
2021-02-24 14:35:59;170;77;33;13;9;5;9;4;5;0;2
2021-02-24 14:36:59;171;78;33;13;9;5;9;4;5;0;2
2021-02-24 14:37:58;173;79;33;13;9;5;9;5;5;0;2
2021-02-24 14:38:59;174;80;33;13;9;5;9;5;5;0;2
2021-02-24 14:39:59;175;80;33;13;9;5;9;5;5;0;2
2021-02-24 14:40:58;175;80;33;13;9;5;9;5;5;0;2
2021-02-24 14:41:59;175;80;33;13;9;5;9;5;5;0;2
2021-02-24 14:42:59;175;80;33;13;9;5;9;5;5;0;2
2021-02-24 14:43:58;175;80;33;13;9;5;9;5;5;0;2
2021-02-24 14:44:59;175;80;33;13;9;5;9;5;5;0;2
2021-02-24 14:45:58;176;81;33;13;9;5;9;5;5;0;2
2021-02-24 14:46:59;176;81;33;13;9;5;9;5;5;0;2
2021-02-24 14:47:59;176;81;33;13;9;5;9;5;5;0;2
2021-02-24 14:48:58;176;81;33;13;9;5;9;5;5;0;2
2021-02-24 14:49:59;176;81;33;13;9;5;9;5;5;0;2
2021-02-24 14:50:59;176;82;33;13;9;5;8;5;5;0;2
2021-02-24 14:51:58;178;83;33;13;9;5;8;5;5;0;2
2021-02-24 14:52:59;178;84;33;12;9;5;8;5;5;0;2
2021-02-24 14:53:58;178;84;33;12;9;5;8;5;5;0;2
2021-02-24 14:54:59;179;84;33;12;9;6;8;5;5;0;2
2021-02-24 14:55:59;179;84;33;12;9;6;8;5;5;0;2
2021-02-24 14:56:58;179;84;33;12;9;6;8;5;5;0;2
2021-02-24 14:57:59;179;84;33;12;9;6;8;5;5;0;2
2021-02-24 14:58:58;179;84;33;12;9;6;8;5;5;0;2
2021-02-24 14:59:59;179;84;33;12;9;6;8;5;5;0;2
2021-02-24 15:00:59;179;84;33;12;9;6;8;5;5;0;2
2021-02-24 15:01:58;179;84;33;12;9;6;8;5;5;0;2
2021-02-24 15:02:59;179;84;33;12;9;6;8;5;5;0;2
2021-02-24 15:03:58;180;85;33;12;9;6;8;5;5;0;2
2021-02-24 15:04:59;181;86;33;12;9;6;8;5;5;0;2
2021-02-24 15:05:59;181;86;33;12;9;6;8;5;5;0;2
2021-02-24 15:06:59;181;86;33;12;9;6;8;5;5;0;2
2021-02-24 15:07:58;181;86;33;12;9;6;8;5;5;0;2
2021-02-24 15:08:59;181;86;33;12;9;6;8;5;5;0;2
2021-02-24 15:09:59;181;86;33;12;9;6;8;5;5;0;2
2021-02-24 15:11:00;181;86;33;12;9;6;8;5;5;0;2
2021-02-24 15:11:58;181;86;33;12;9;6;8;5;5;0;2
2021-02-24 15:12:59;182;86;33;12;9;6;8;5;5;0;2
2021-02-24 15:13:58;182;86;33;12;9;6;8;5;5;0;2
2021-02-24 15:14:59;183;87;33;12;9;6;8;5;5;0;2
2021-02-24 15:15:59;183;87;33;12;9;6;8;5;5;0;2
2021-02-24 15:16:58;183;87;33;12;9;6;8;5;5;0;2
2021-02-24 15:17:59;184;88;33;12;9;6;8;5;5;0;2
2021-02-24 15:18:59;184;88;33;12;9;6;8;5;5;0;2
2021-02-24 15:19:58;185;89;33;12;9;6;8;5;5;0;2
2021-02-24 15:20:59;185;89;33;12;9;6;8;5;5;0;2
2021-02-24 15:21:59;185;89;33;12;9;6;8;5;5;0;2
2021-02-24 15:22:58;185;89;33;12;9;6;8;5;5;0;2
2021-02-24 15:23:59;185;89;33;12;9;6;8;5;5;0;2
2021-02-24 15:24:59;186;89;33;12;10;6;8;5;5;0;2
2021-02-24 15:25:58;186;89;33;12;10;6;8;5;5;0;2
2021-02-24 15:26:59;186;89;33;12;10;6;8;5;5;0;2
2021-02-24 15:27:58;186;89;33;12;10;6;8;5;5;0;2
2021-02-24 15:28:59;186;89;33;12;10;6;8;5;5;0;2
2021-02-24 15:29:59;186;89;33;12;10;6;8;5;5;0;2
2021-02-24 15:30:58;186;89;33;12;10;6;8;5;5;0;2
2021-02-24 15:31:59;186;89;33;12;10;6;8;5;5;0;2
2021-02-24 15:32:59;186;89;33;12;10;6;8;5;5;0;2
2021-02-24 15:33:58;186;89;33;12;10;6;8;5;5;0;2
2021-02-24 15:34:59;186;89;33;12;10;6;8;5;5;0;2
2021-02-24 15:35:59;187;90;33;12;10;6;8;5;5;0;2
2021-02-24 15:36:58;187;90;33;12;10;6;8;5;5;0;2
2021-02-24 15:37:59;187;90;33;12;10;6;8;5;5;0;2
2021-02-24 15:38:59;187;90;33;12;10;6;8;5;5;0;2
2021-02-24 15:39:58;187;90;33;12;10;6;8;5;5;0;2
2021-02-24 15:40:59;187;90;33;12;10;6;8;5;5;0;2
2021-02-24 15:41:59;188;91;33;12;10;6;8;5;5;0;2
2021-02-24 15:42:58;188;91;33;12;10;6;8;5;5;0;2
2021-02-24 15:43:59;188;91;33;12;10;6;8;5;5;0;2
2021-02-24 15:44:59;188;91;33;12;10;6;8;5;5;0;2
2021-02-24 15:45:58;188;91;33;12;10;6;8;5;5;0;2
2021-02-24 15:46:59;188;91;33;12;10;6;8;5;5;0;2
2021-02-24 15:48:00;188;91;33;12;10;6;8;5;5;0;2
2021-02-24 15:48:58;188;91;33;12;10;6;8;5;5;0;2
2021-02-24 15:49:59;188;91;33;12;10;6;8;5;5;0;2
2021-02-24 15:51:00;190;93;33;12;10;6;8;5;5;0;2
2021-02-24 15:51:58;190;93;33;12;10;6;8;5;5;0;2
2021-02-24 15:52:59;190;93;33;12;10;6;8;5;5;0;2
2021-02-24 15:53:58;190;93;33;12;10;6;8;5;5;0;2
2021-02-24 15:54:59;190;93;33;12;10;6;8;5;5;0;2
2021-02-24 15:55:58;191;94;33;12;10;6;8;5;5;0;2
2021-02-24 15:56:59;191;94;33;12;10;6;8;5;5;0;2
2021-02-24 15:57:59;191;94;33;12;10;6;8;5;5;0;2
2021-02-24 15:58:59;191;94;33;12;10;6;8;5;5;0;2
2021-02-24 15:59:58;191;94;33;12;10;6;8;5;5;0;2
2021-02-24 16:00:59;192;94;33;12;10;7;8;5;5;0;2
2021-02-24 16:01:58;193;94;34;12;10;7;8;5;5;0;2
2021-02-24 16:02:59;193;95;34;12;10;7;7;5;5;0;2
2021-02-24 16:03:59;195;96;34;12;10;8;7;5;5;0;2
2021-02-24 16:04:58;196;97;34;12;10;8;7;5;5;0;2
2021-02-24 16:05:59;196;97;34;12;10;8;7;5;5;0;2
2021-02-24 16:06:58;196;97;34;12;10;8;7;5;5;0;2
2021-02-24 16:07:59;196;97;34;12;10;8;7;5;5;0;2
2021-02-24 16:08:59;196;97;34;12;10;8;7;5;5;0;2
2021-02-24 16:09:58;197;98;34;12;10;8;7;5;5;0;2
2021-02-24 16:10:59;198;99;34;12;10;8;7;5;5;0;2
2021-02-24 16:11:59;199;99;34;12;10;9;7;5;5;0;2
2021-02-24 16:12:58;199;99;34;12;10;9;7;5;5;0;2
2021-02-24 16:13:59;199;99;34;12;10;9;7;5;5;0;2
2021-02-24 16:14:58;200;99;34;12;10;10;7;5;5;0;2
2021-02-24 16:15:59;200;99;34;12;10;10;7;5;5;0;2
2021-02-24 16:16:59;200;99;34;12;10;10;7;5;5;0;2
2021-02-24 16:17:58;200;99;34;12;10;10;7;5;5;0;2
2021-02-24 16:18:59;200;99;34;12;10;10;7;5;5;0;2
2021-02-24 16:19:59;200;99;34;12;10;10;7;5;5;0;2
2021-02-24 16:20:58;200;99;34;12;10;10;7;5;5;0;2
2021-02-24 16:21:59;200;99;34;12;10;10;7;5;5;0;2
2021-02-24 16:22:59;200;99;34;12;10;10;7;5;5;0;2
2021-02-24 16:23:58;200;99;34;12;10;10;7;5;5;0;2
2021-02-24 16:24:59;200;99;34;12;10;10;7;5;5;0;2
2021-02-24 16:25:59;200;99;34;12;10;10;7;5;5;0;2
2021-02-24 16:26:58;200;99;34;12;10;10;7;5;5;0;2
2021-02-24 16:27:59;200;99;34;12;10;10;7;5;5;0;2
2021-02-24 16:28:59;200;99;34;12;10;10;7;5;5;0;2
2021-02-24 16:29:59;200;99;34;12;10;10;7;5;5;0;2
2021-02-24 16:30:59;200;99;34;12;10;10;7;5;5;0;2
2021-02-24 16:31:59;201;99;35;12;10;10;7;5;5;0;2
2021-02-24 16:32:58;201;99;35;12;10;10;7;5;5;0;2
2021-02-24 16:33:59;201;99;35;12;10;10;7;5;5;0;2
2021-02-24 16:34:59;201;99;35;12;10;10;7;5;5;0;2
2021-02-24 16:35:58;201;99;35;12;10;10;7;5;5;0;2
2021-02-24 16:36:59;201;99;35;12;10;10;7;5;5;0;2
2021-02-24 16:37:58;201;99;35;12;10;10;7;5;5;0;2
2021-02-24 16:38:59;201;99;35;12;10;10;7;5;5;0;2
2021-02-24 16:39:59;201;99;35;12;10;10;7;5;5;0;2
2021-02-24 16:40:58;201;99;35;12;10;10;7;5;5;0;2
2021-02-24 16:41:59;201;99;35;12;10;10;7;5;5;0;2
2021-02-24 16:42:59;201;99;35;12;10;10;7;5;5;0;2
2021-02-24 16:43:58;203;100;36;12;10;10;7;5;5;0;2
2021-02-24 16:44:59;203;100;36;12;10;10;7;5;5;0;2
2021-02-24 16:45:58;203;100;36;12;10;10;7;5;5;0;2
2021-02-24 16:46:59;203;100;36;12;10;10;7;5;5;0;2
2021-02-24 16:47:59;203;100;36;12;10;10;7;5;5;0;2
2021-02-24 16:48:58;203;100;36;12;10;10;7;5;5;0;2
2021-02-24 16:49:59;203;100;36;12;10;10;7;5;5;0;2
2021-02-24 16:50:59;204;101;36;12;10;10;7;5;5;0;2
2021-02-24 16:51:58;204;101;36;12;10;10;7;5;5;0;2
2021-02-24 16:52:59;205;101;36;12;11;10;7;5;5;0;2
2021-02-24 16:53:59;205;101;36;12;11;10;7;5;5;0;2
2021-02-24 16:54:58;205;101;36;12;11;10;7;5;5;0;2
2021-02-24 16:55:59;206;101;36;12;11;10;7;6;5;0;2
2021-02-24 16:56:59;206;101;36;12;11;10;7;6;5;0;2
2021-02-24 16:57:59;206;101;36;12;11;10;7;6;5;0;2
2021-02-24 16:58:58;206;101;36;12;11;10;7;6;5;0;2
2021-02-24 16:59:59;206;101;36;12;11;10;7;6;5;0;2
2021-02-24 17:00:59;206;101;36;12;11;10;7;6;5;0;2
2021-02-24 17:01:58;206;101;36;12;11;10;7;6;5;0;2
2021-02-24 17:02:59;206;101;36;12;11;10;7;6;5;0;2
2021-02-24 17:03:58;206;101;36;12;11;10;7;6;5;0;2
2021-02-24 17:04:59;206;101;36;12;11;10;7;6;5;0;2
2021-02-24 17:05:59;206;101;36;12;11;10;7;6;5;0;2
2021-02-24 17:06:58;206;101;36;12;11;10;7;6;5;0;2
2021-02-24 17:07:59;206;101;36;12;11;10;7;6;5;0;2
2021-02-24 17:08:58;206;101;36;12;11;10;7;6;5;0;2
2021-02-24 17:10:00;206;101;36;12;11;10;7;6;5;0;2
2021-02-24 17:10:58;206;101;36;12;11;10;7;6;5;0;2
2021-02-24 17:11:59;206;101;36;12;11;10;7;6;5;0;2
2021-02-24 17:12:59;208;102;36;12;11;10;7;6;5;0;2
2021-02-24 17:13:58;208;102;36;12;11;10;7;6;5;0;2
2021-02-24 17:14:59;208;102;36;12;11;10;7;6;5;0;2
2021-02-24 17:15:59;208;102;36;12;11;10;7;6;5;0;2
2021-02-24 17:16:59;208;102;36;12;11;10;7;6;5;0;2
2021-02-24 17:17:59;208;102;36;12;11;10;7;6;5;0;2
2021-02-24 17:18:59;208;102;36;12;11;10;7;6;5;0;2
2021-02-24 17:19:58;208;102;36;12;11;10;7;6;5;0;2
2021-02-24 17:20:59;208;102;36;12;11;10;7;6;5;0;2
2021-02-24 17:21:59;209;102;36;12;11;10;7;6;5;0;2
2021-02-24 17:22:58;209;102;36;12;11;10;7;6;5;0;2
2021-02-24 17:23:59;209;102;36;12;11;10;7;6;5;0;2
2021-02-24 17:24:59;210;102;37;12;11;10;7;6;5;0;2
2021-02-24 17:25:58;210;102;37;12;11;10;7;6;5;0;2
2021-02-24 17:26:59;210;102;37;12;11;10;7;6;5;0;2
2021-02-24 17:27:59;210;102;37;12;11;10;7;6;5;0;2
2021-02-24 17:28:58;210;102;37;12;11;10;7;6;5;0;2
2021-02-24 17:29:59;210;102;37;12;11;10;7;6;5;0;2
2021-02-24 17:30:59;210;102;37;12;11;10;7;6;5;0;2
2021-02-24 17:31:58;210;102;37;12;11;10;7;6;5;0;2
2021-02-24 17:32:59;210;102;37;12;11;10;7;6;5;0;2
2021-02-24 17:33:59;210;102;37;12;11;10;7;6;5;0;2
2021-02-24 17:34:58;211;103;37;12;11;10;7;6;5;0;2
2021-02-24 17:35:59;211;103;37;12;11;10;7;6;5;0;2
2021-02-24 17:36:59;211;103;37;12;11;10;7;6;5;0;2
2021-02-24 17:37:58;212;104;37;12;11;10;7;6;5;0;2
2021-02-24 17:38:59;212;104;37;12;11;10;7;6;5;0;2
2021-02-24 17:39:58;212;104;37;12;11;10;7;6;5;0;2
2021-02-24 17:40:59;212;104;37;12;11;10;7;6;5;0;2
2021-02-24 17:41:58;212;104;37;12;11;10;7;6;5;0;2
2021-02-24 17:42:59;212;104;37;12;11;10;7;6;5;0;2
2021-02-24 17:43:58;212;104;37;12;11;10;7;6;5;0;2
2021-02-24 17:44:59;212;104;37;12;11;10;7;6;5;0;2
2021-02-24 17:45:59;212;104;37;12;11;10;7;6;5;0;2
2021-02-24 17:46:58;212;104;37;12;11;10;7;6;5;0;2
2021-02-24 17:47:59;212;104;37;12;11;10;7;6;5;0;2
2021-02-24 17:48:58;212;104;37;12;11;10;7;6;5;0;2
2021-02-24 17:49:59;212;104;37;12;11;10;7;6;5;0;2
2021-02-24 17:50:58;212;104;37;12;11;10;7;6;5;0;2
2021-02-24 17:51:59;212;104;37;12;11;10;7;6;5;0;2
2021-02-24 17:52:58;212;104;37;12;11;10;7;6;5;0;2
2021-02-24 17:53:59;212;104;37;12;11;10;7;6;5;0;2
2021-02-24 17:54:59;212;104;37;12;11;10;7;6;5;0;2
2021-02-24 17:55:58;212;104;37;12;11;10;7;6;5;0;2
2021-02-24 17:56:59;212;104;37;12;11;10;7;6;5;0;2
2021-02-24 17:57:58;213;105;37;12;11;10;7;6;5;0;2
2021-02-24 17:58:59;213;105;37;12;11;10;7;6;5;0;2
2021-02-24 17:59:59;213;105;37;12;11;10;7;6;5;0;2
2021-02-24 18:00:58;214;106;37;12;11;10;7;6;5;0;2
2021-02-24 18:01:59;214;106;37;12;11;10;7;6;5;0;2
2021-02-24 18:02:59;214;106;37;12;11;10;7;6;5;0;2
2021-02-24 18:03:58;214;106;37;12;11;10;7;6;5;0;2
2021-02-24 18:04:59;214;106;37;12;11;10;7;6;5;0;2
2021-02-24 18:05:58;215;107;37;12;11;10;7;6;5;0;2
2021-02-24 18:06:59;215;107;37;12;11;10;7;6;5;0;2
2021-02-24 18:07:58;215;107;37;12;11;10;7;6;5;0;2
2021-02-24 18:08:59;215;107;37;12;11;10;7;6;5;0;2
2021-02-24 18:09:59;215;107;37;12;11;10;7;6;5;0;2
2021-02-24 18:10:58;215;107;37;12;11;10;7;6;5;0;2
2021-02-24 18:11:59;215;107;37;12;11;10;7;6;5;0;2
2021-02-24 18:13:00;215;107;37;12;11;10;7;6;5;0;2
2021-02-24 18:13:58;215;107;37;12;11;10;7;6;5;0;2
2021-02-24 18:14:59;215;107;37;12;11;10;7;6;5;0;2
2021-02-24 18:15:59;215;107;37;12;11;10;7;6;5;0;2
2021-02-24 18:16:58;215;107;37;12;11;10;7;6;5;0;2
2021-02-24 18:17:59;215;107;37;12;11;10;7;6;5;0;2
2021-02-24 18:18:59;215;107;37;12;11;10;7;6;5;0;2
2021-02-24 18:19:58;215;107;37;12;11;10;7;6;5;0;2
2021-02-24 18:20:59;215;107;37;12;11;10;7;6;5;0;2
2021-02-24 18:21:59;216;108;37;12;11;10;7;6;5;0;2
2021-02-24 18:22:58;217;108;37;12;11;10;7;7;5;0;2
2021-02-24 18:23:59;217;108;37;12;11;10;7;7;5;0;2
2021-02-24 18:24:58;217;108;37;12;11;10;7;7;5;0;2
2021-02-24 18:25:59;217;108;37;12;11;10;7;7;5;0;2
2021-02-24 18:26:59;217;108;37;12;11;10;7;7;5;0;2
2021-02-24 18:27:58;217;108;37;12;11;10;7;7;5;0;2
2021-02-24 18:28:59;217;108;37;12;11;10;7;7;5;0;2
2021-02-24 18:29:59;217;108;37;12;11;10;7;7;5;0;2
2021-02-24 18:30:58;217;108;37;12;11;10;7;7;5;0;2
2021-02-24 18:31:59;217;108;37;12;11;10;7;7;5;0;2
2021-02-24 18:32:58;217;108;37;12;11;10;7;7;5;0;2
2021-02-24 18:33:59;217;108;37;12;11;10;7;7;5;0;2
2021-02-24 18:34:59;217;108;37;12;11;10;7;7;5;0;2
2021-02-24 18:35:58;217;108;37;12;11;10;7;7;5;0;2
2021-02-24 18:36:59;217;108;37;12;11;10;7;7;5;0;2
2021-02-24 18:37:58;217;108;37;12;11;10;7;7;5;0;2
2021-02-24 18:38:59;217;108;37;12;11;10;7;7;5;0;2
2021-02-24 18:39:59;217;108;37;12;11;10;7;7;5;0;2
2021-02-24 18:40:58;217;108;37;12;11;10;7;7;5;0;2
2021-02-24 18:41:59;217;108;37;12;11;10;7;7;5;0;2
2021-02-24 18:42:59;217;108;37;12;11;10;7;7;5;0;2
2021-02-24 18:43:58;217;108;37;12;11;10;7;7;5;0;2
2021-02-24 18:44:59;218;108;38;12;11;10;7;7;5;0;2
2021-02-24 18:45:58;218;108;38;12;11;10;7;7;5;0;2
2021-02-24 18:46:59;218;108;38;12;11;10;7;7;5;0;2
2021-02-24 18:47:59;218;108;38;12;11;10;7;7;5;0;2
2021-02-24 18:48:58;218;108;38;12;11;10;7;7;5;0;2
2021-02-24 18:49:59;218;108;38;12;11;10;7;7;5;0;2
2021-02-24 18:50:58;219;108;38;12;11;10;7;7;6;0;2
2021-02-24 18:51:59;219;108;38;12;11;10;7;7;6;0;2
2021-02-24 18:52:59;219;108;38;12;11;10;7;7;6;0;2
2021-02-24 18:53:58;219;108;38;12;11;10;7;7;6;0;2
2021-02-24 18:54:59;219;108;38;12;11;10;7;7;6;0;2
2021-02-24 18:55:59;219;108;38;12;11;10;7;7;6;0;2
2021-02-24 18:56:58;219;108;38;12;11;10;7;7;6;0;2
2021-02-24 18:57:59;219;108;38;12;11;10;7;7;6;0;2
2021-02-24 18:58:59;219;108;38;12;11;10;7;7;6;0;2
2021-02-24 18:59:58;219;108;38;12;11;10;7;7;6;0;2
2021-02-24 19:00:59;219;108;38;12;11;10;7;7;6;0;2
2021-02-24 19:01:59;219;108;38;12;11;10;7;7;6;0;2
2021-02-24 19:02:58;219;108;38;12;11;10;7;7;6;0;2
2021-02-24 19:03:59;219;108;38;12;11;10;7;7;6;0;2
2021-02-24 19:04:58;219;108;38;12;11;10;7;7;6;0;2
2021-02-24 19:05:59;219;108;38;12;11;10;7;7;6;0;2
2021-02-24 19:06:59;219;108;38;12;11;10;7;7;6;0;2
2021-02-24 19:07:58;219;108;38;12;11;10;7;7;6;0;2
2021-02-24 19:08:59;219;108;38;12;11;10;7;7;6;0;2
2021-02-24 19:09:59;219;108;38;12;11;10;7;7;6;0;2
2021-02-24 19:10:58;219;108;38;12;11;10;7;7;6;0;2
2021-02-24 19:11:59;219;108;38;12;11;10;7;7;6;0;2
2021-02-24 19:12:59;219;108;38;12;11;10;7;7;6;0;2
2021-02-24 19:14:00;219;108;38;12;11;10;7;7;6;0;2
2021-02-24 19:14:58;219;108;38;12;11;10;7;7;6;0;2
2021-02-24 19:16:00;219;108;38;12;11;10;7;7;6;0;2
2021-02-24 19:16:58;219;108;38;12;11;10;7;7;6;0;2
2021-02-24 19:17:59;220;108;38;13;11;10;7;7;6;0;2
2021-02-24 19:18:58;222;110;38;13;11;10;7;7;6;0;2
2021-02-24 19:19:59;222;110;38;13;11;10;7;7;6;0;2
2021-02-24 19:20:59;222;110;38;13;11;10;7;7;6;0;2
2021-02-24 19:21:59;222;110;38;13;11;10;7;7;6;0;2
2021-02-24 19:22:58;222;110;38;13;11;10;7;7;6;0;2
2021-02-24 19:23:59;222;110;38;13;11;10;7;7;6;0;2
2021-02-24 19:24:59;222;110;38;13;11;10;7;7;6;0;2
2021-02-24 19:25:58;222;110;38;13;11;10;7;7;6;0;2
2021-02-24 19:26:59;222;110;38;13;11;10;7;7;6;0;2
2021-02-24 19:27:59;222;110;38;13;11;10;7;7;6;0;2
2021-02-24 19:28:58;222;110;38;13;11;10;7;7;6;0;2
2021-02-24 19:29:59;223;110;38;14;11;10;7;7;6;0;2
2021-02-24 19:30:58;223;110;38;14;11;10;7;7;6;0;2
2021-02-24 19:31:59;223;110;38;14;11;10;7;7;6;0;2
2021-02-24 19:32:59;223;110;38;14;11;10;7;7;6;0;2
2021-02-24 19:33:58;223;110;38;14;11;10;7;7;6;0;2
2021-02-24 19:34:59;223;110;38;14;11;10;7;7;6;0;2
2021-02-24 19:35:58;223;110;38;14;11;10;7;7;6;0;2
2021-02-24 19:36:59;224;111;38;14;11;10;7;7;6;0;2
2021-02-24 19:37:59;224;111;38;14;11;10;7;7;6;0;2
2021-02-24 19:38:58;224;111;38;14;11;10;7;7;6;0;2
2021-02-24 19:39:59;224;111;38;14;11;10;7;7;6;0;2
2021-02-24 19:41:00;224;111;38;14;11;10;7;7;6;0;2
2021-02-24 19:41:58;224;111;38;14;11;10;7;7;6;0;2
2021-02-24 19:42:59;224;111;38;14;11;10;7;7;6;0;2
2021-02-24 19:43:59;226;112;39;14;11;10;7;7;6;0;2
2021-02-24 19:44:58;226;112;39;14;11;10;7;7;6;0;2
2021-02-24 19:45:59;226;112;39;14;11;10;7;7;6;0;2
2021-02-24 19:46:58;226;112;39;14;11;10;7;7;6;0;2
2021-02-24 19:47:59;226;112;39;14;11;10;7;7;6;0;2
2021-02-24 19:48:59;226;112;39;14;11;10;7;7;6;0;2
2021-02-24 19:49:58;226;112;39;14;11;10;7;7;6;0;2
2021-02-24 19:50:59;226;112;39;14;11;10;7;7;6;0;2
2021-02-24 19:51:59;226;112;39;14;11;10;7;7;6;0;2
2021-02-24 19:52:58;226;112;39;14;11;10;7;7;6;0;2
2021-02-24 19:53:59;228;113;39;15;11;10;7;7;6;0;2
2021-02-24 19:54:59;228;113;39;15;11;10;7;7;6;0;2
2021-02-24 19:55:58;228;113;39;15;11;10;7;7;6;0;2
2021-02-24 19:56:59;228;113;39;15;11;10;7;7;6;0;2
2021-02-24 19:57:58;228;113;39;15;11;10;7;7;6;0;2
2021-02-24 19:58:59;228;113;39;15;11;10;7;7;6;0;2
2021-02-24 19:59:59;228;113;39;15;11;10;7;7;6;0;2
2021-02-24 20:00:58;228;113;39;15;11;10;7;7;6;0;2
2021-02-24 20:01:59;228;113;39;15;11;10;7;7;6;0;2
2021-02-24 20:02:59;228;113;39;15;11;10;7;7;6;0;2
2021-02-24 20:03:58;228;113;39;15;11;10;7;7;6;0;2
2021-02-24 20:04:59;228;113;39;15;11;10;7;7;6;0;2
2021-02-24 20:05:58;229;114;39;15;11;10;7;7;6;0;2
2021-02-24 20:06:59;229;114;39;15;11;10;7;7;6;0;2
2021-02-24 20:07:58;229;114;39;15;11;10;7;7;6;0;2
2021-02-24 20:08:59;229;114;39;15;11;10;7;7;6;0;2
2021-02-24 20:09:59;230;114;39;15;11;10;7;7;6;0;2
2021-02-24 20:10:58;231;114;39;15;11;10;7;7;6;2;2
2021-02-24 20:11:59;231;114;39;15;11;10;7;7;6;2;2
2021-02-24 20:12:58;231;114;39;15;11;10;7;7;6;2;2
2021-02-24 20:13:59;231;114;39;15;11;10;7;7;6;2;2
2021-02-24 20:14:59;231;113;39;16;11;10;7;7;6;2;2
2021-02-24 20:15:58;231;113;39;16;11;10;7;7;6;2;2
2021-02-24 20:16:59;232;114;39;16;11;10;7;7;6;2;2
2021-02-24 20:17:59;232;114;39;16;11;10;7;7;6;2;2
2021-02-24 20:18:58;232;114;39;16;11;10;7;7;6;2;2
2021-02-24 20:19:59;232;114;39;16;11;10;7;7;6;2;2
2021-02-24 20:20:59;234;116;39;16;11;10;7;7;6;2;2
2021-02-24 20:21:59;234;116;39;16;11;10;7;7;6;2;2
2021-02-24 20:22:59;234;116;39;16;11;10;7;7;6;2;2
2021-02-24 20:23:59;234;116;39;16;11;10;7;7;6;2;2
2021-02-24 20:24:58;234;116;39;16;11;10;7;7;6;2;2
2021-02-24 20:25:59;234;116;39;16;11;10;7;7;6;2;2
2021-02-24 20:26:59;235;116;40;16;11;10;7;7;6;2;2
2021-02-24 20:28:00;235;116;40;16;11;10;7;7;6;2;2
2021-02-24 20:28:58;235;116;40;16;11;10;7;7;6;2;2
2021-02-24 20:29:59;235;116;40;16;11;10;7;7;6;2;2
2021-02-24 20:30:59;235;116;40;16;11;10;7;7;6;2;2
2021-02-24 20:31:59;235;116;40;16;11;10;7;7;6;2;2
2021-02-24 20:32:58;235;116;40;16;11;10;7;7;6;2;2
2021-02-24 20:33:59;235;116;40;16;11;10;7;7;6;2;2
2021-02-24 20:34:59;235;116;40;16;11;10;7;7;6;2;2
2021-02-24 20:35:58;235;116;40;16;11;10;7;7;6;2;2
2021-02-24 20:36:59;236;117;40;16;11;10;7;7;6;2;2
2021-02-24 20:37:59;236;117;40;16;11;10;7;7;6;2;2
2021-02-24 20:38:58;236;117;40;16;11;10;7;7;6;2;2
2021-02-24 20:39:59;236;117;40;16;11;10;7;7;6;2;2
2021-02-24 20:40:58;236;117;40;16;11;10;7;7;6;2;2
2021-02-24 20:41:59;236;117;40;16;11;10;7;7;6;2;2
2021-02-24 20:42:58;236;117;40;16;11;10;7;7;6;2;2
2021-02-24 20:43:59;236;117;40;16;11;10;7;7;6;2;2
2021-02-24 20:44:59;236;117;40;16;11;10;7;7;6;2;2
2021-02-24 20:45:58;237;117;40;16;11;11;7;7;6;2;2
2021-02-24 20:46:59;237;117;40;16;11;11;7;7;6;2;2
2021-02-24 20:47:58;238;117;40;16;11;11;7;7;7;2;2
2021-02-24 20:48:59;238;117;40;16;11;11;7;7;7;2;2
2021-02-24 20:49:59;238;117;40;16;11;11;7;7;7;2;2
2021-02-24 20:50:58;239;117;41;16;11;11;7;7;7;2;2
2021-02-24 20:51:59;239;117;41;16;11;11;7;7;7;2;2
2021-02-24 20:52:59;239;117;41;16;11;11;7;7;7;2;2
2021-02-24 20:53:59;239;117;41;16;11;11;7;7;7;2;2
2021-02-24 20:54:58;239;117;41;16;11;11;7;7;7;2;2
2021-02-24 20:55:59;239;117;41;16;11;11;7;7;7;2;2
2021-02-24 20:56:58;239;117;41;16;11;11;7;7;7;2;2
2021-02-24 20:57:59;239;117;41;16;11;11;7;7;7;2;2
2021-02-24 20:58:59;239;117;41;16;11;11;7;7;7;2;2
2021-02-24 20:59:58;239;117;41;16;11;11;7;7;7;2;2
2021-02-24 21:00:59;239;117;41;16;11;11;7;7;7;2;2
2021-02-24 21:01:58;239;117;41;16;11;11;7;7;7;2;2
2021-02-24 21:02:59;239;117;41;16;11;11;7;7;7;2;2
2021-02-24 21:03:58;239;117;41;16;11;11;7;7;7;2;2
2021-02-24 21:04:59;239;117;41;16;11;11;7;7;7;2;2
2021-02-24 21:05:59;239;117;41;16;11;11;7;7;7;2;2
2021-02-24 21:06:58;239;117;41;16;11;11;7;7;7;2;2
2021-02-24 21:07:59;239;117;41;16;11;11;7;7;7;2;2
2021-02-24 21:08:58;239;117;41;16;11;11;7;7;7;2;2
2021-02-24 21:09:59;239;117;41;16;11;11;7;7;7;2;2
2021-02-24 21:10:59;239;117;41;16;11;11;7;7;7;2;2
2021-02-24 21:11:58;240;117;41;16;11;11;8;7;7;2;2
2021-02-24 21:12:59;240;117;41;16;11;11;8;7;7;2;2
2021-02-24 21:13:59;240;117;41;16;11;11;8;7;7;2;2
2021-02-24 21:14:58;240;117;41;16;11;11;8;7;7;2;2
2021-02-24 21:15:59;239;117;40;16;11;11;8;7;7;2;2
2021-02-24 21:16:58;239;117;40;16;11;11;8;7;7;2;2
2021-02-24 21:17:59;239;117;40;16;11;11;8;7;7;2;2
2021-02-24 21:18:58;239;117;40;16;11;11;8;7;7;2;2
2021-02-24 21:19:59;239;117;40;16;11;11;8;7;7;2;2
2021-02-24 21:20:59;239;117;40;16;11;11;8;7;7;2;2
2021-02-24 21:21:58;240;118;40;16;11;11;8;7;7;2;2
2021-02-24 21:22:59;240;118;40;16;11;11;8;7;7;2;2
2021-02-24 21:23:59;240;118;40;16;11;11;8;7;7;2;2
2021-02-24 21:24:58;241;118;40;16;11;11;9;7;7;2;2
2021-02-24 21:25:59;241;118;40;16;11;11;9;7;7;2;2
2021-02-24 21:26:59;241;118;40;16;11;11;9;7;7;2;2
2021-02-24 21:27:58;242;118;41;16;11;11;9;7;7;2;2
2021-02-24 21:28:59;243;119;41;16;11;11;9;7;7;2;2
2021-02-24 21:29:59;244;119;41;16;12;11;9;7;7;2;2
2021-02-24 21:30:58;244;120;40;16;12;11;9;7;7;2;2
2021-02-24 21:31:59;244;120;40;16;12;11;9;7;7;2;2
2021-02-24 21:32:59;244;120;40;16;12;11;9;7;7;2;2
2021-02-24 21:33:58;244;120;40;16;12;11;9;7;7;2;2
2021-02-24 21:34:59;244;120;40;16;12;11;9;7;7;2;2
2021-02-24 21:35:59;244;120;40;16;12;11;9;7;7;2;2
2021-02-24 21:36:59;244;120;40;16;12;11;9;7;7;2;2
2021-02-24 21:37:58;244;120;40;16;12;11;9;7;7;2;2
2021-02-24 21:38:59;244;120;40;16;12;11;9;7;7;2;2
2021-02-24 21:39:59;244;120;40;16;12;11;9;7;7;2;2
2021-02-24 21:40:58;244;120;40;16;12;11;9;7;7;2;2
2021-02-24 21:41:59;244;120;40;16;12;11;9;7;7;2;2
2021-02-24 21:42:58;244;120;40;16;12;11;9;7;7;2;2
2021-02-24 21:43:59;244;120;40;16;12;11;9;7;7;2;2
2021-02-24 21:44:59;244;120;40;16;12;11;9;7;7;2;2
2021-02-24 21:45:58;244;120;40;16;12;11;9;7;7;2;2
2021-02-24 21:46:59;245;121;40;16;12;11;9;7;7;2;2
2021-02-24 21:47:58;245;121;40;16;12;11;9;7;7;2;2
2021-02-24 21:48:59;245;121;40;16;12;11;9;7;7;2;2
2021-02-24 21:49:59;246;121;40;16;12;11;9;8;7;2;2
2021-02-24 21:50:58;246;121;40;16;12;11;9;8;7;2;2
2021-02-24 21:51:59;246;121;40;16;12;11;9;8;7;2;2
2021-02-24 21:52:59;247;122;40;16;12;11;9;8;7;2;2
2021-02-24 21:53:58;247;122;40;16;12;11;9;8;7;2;2
2021-02-24 21:54:59;247;122;40;16;12;11;9;8;7;2;2
2021-02-24 21:55:59;247;122;40;16;12;11;9;8;7;2;2
2021-02-24 21:56:58;248;123;40;16;12;11;9;8;7;2;2
2021-02-24 21:57:59;248;123;40;16;12;11;9;8;7;2;2
2021-02-24 21:58:59;248;123;40;16;12;11;9;8;7;2;2
2021-02-24 21:59:58;248;123;40;16;12;11;9;8;7;2;2
2021-02-24 22:00:59;248;123;40;16;12;11;9;8;7;2;2
2021-02-24 22:01:59;248;123;40;16;12;11;9;8;7;2;2
2021-02-24 22:02:58;248;123;40;16;12;11;9;8;7;2;2
2021-02-24 22:03:59;248;123;40;16;12;11;9;8;7;2;2
2021-02-24 22:04:59;248;123;40;16;12;11;9;8;7;2;2
2021-02-24 22:05:58;248;123;40;16;12;11;9;8;7;2;2
2021-02-24 22:06:59;248;123;40;16;12;11;9;8;7;2;2
2021-02-24 22:07:58;248;123;40;16;12;11;9;8;7;2;2
2021-02-24 22:08:59;248;123;40;16;12;11;9;8;7;2;2
2021-02-24 22:09:59;248;123;40;16;12;11;9;8;7;2;2
2021-02-24 22:10:58;248;123;40;16;12;11;9;8;7;2;2
2021-02-24 22:11:59;250;123;40;18;12;11;9;8;7;2;2
2021-02-24 22:12:59;250;123;40;18;12;11;9;8;7;2;2
2021-02-24 22:13:58;250;123;40;18;12;11;9;8;7;2;2
2021-02-24 22:14:59;250;123;40;18;12;11;9;8;7;2;2
2021-02-24 22:15:59;250;123;40;18;12;11;9;8;7;2;2
2021-02-24 22:16:58;250;123;40;18;12;11;9;8;7;2;2
2021-02-24 22:17:59;250;123;40;18;12;11;9;8;7;2;2
2021-02-24 22:18:59;250;123;40;18;12;11;9;8;7;2;2
2021-02-24 22:19:58;250;123;40;18;12;11;9;8;7;2;2
2021-02-24 22:20:59;250;123;40;18;12;11;9;8;7;2;2
2021-02-24 22:21:58;250;123;40;18;12;11;9;8;7;2;2
2021-02-24 22:22:59;251;124;40;18;12;11;9;8;7;2;2
2021-02-24 22:23:59;251;124;40;18;12;11;9;8;7;2;2
2021-02-24 22:24:58;251;124;40;18;12;11;9;8;7;2;2
2021-02-24 22:25:59;251;124;40;18;12;11;9;8;7;2;2
2021-02-24 22:26:59;251;124;40;18;12;11;9;8;7;2;2
2021-02-24 22:27:58;251;124;40;18;12;11;9;8;7;2;2
2021-02-24 22:28:59;252;125;40;18;12;11;9;8;7;2;2
2021-02-24 22:29:59;252;125;40;18;12;11;9;8;7;2;2
2021-02-24 22:30:59;253;126;40;18;12;11;9;8;7;2;2
2021-02-24 22:31:58;253;126;40;18;12;11;9;8;7;2;2
2021-02-24 22:32:59;253;126;40;18;12;11;9;8;7;2;2
2021-02-24 22:33:59;253;126;40;18;12;11;9;8;7;2;2
2021-02-24 22:34:58;253;126;40;18;12;11;9;8;7;2;2
2021-02-24 22:35:59;253;126;40;18;12;11;9;8;7;2;2
2021-02-24 22:36:59;253;126;40;18;12;11;9;8;7;2;2
2021-02-24 22:37:58;253;126;40;18;12;11;9;8;7;2;2
2021-02-24 22:38:59;253;126;40;18;12;11;9;8;7;2;2
2021-02-24 22:39:59;253;126;40;18;12;11;9;8;7;2;2
2021-02-24 22:40:58;253;126;40;18;12;11;9;8;7;2;2
2021-02-24 22:41:59;253;126;40;18;12;11;9;8;7;2;2
2021-02-24 22:42:59;253;126;40;18;12;11;9;8;7;2;2
2021-02-24 22:43:58;253;126;40;18;12;11;9;8;7;2;2
2021-02-24 22:44:59;253;126;40;18;12;11;9;8;7;2;2
2021-02-24 22:45:59;253;126;40;18;12;11;9;8;7;2;2
2021-02-24 22:46:58;253;126;40;18;12;11;9;8;7;2;2
2021-02-24 22:47:59;253;126;40;18;12;11;9;8;7;2;2
2021-02-24 22:48:59;253;126;40;18;12;11;9;8;7;2;2
2021-02-24 22:49:58;254;126;40;18;12;11;9;8;7;2;2
2021-02-24 22:50:59;254;126;40;18;12;11;9;8;7;2;2
2021-02-24 22:51:58;254;126;40;18;12;11;9;8;7;2;2
2021-02-24 22:52:59;254;126;40;18;12;11;9;8;7;2;2
2021-02-24 22:53:59;254;126;40;18;12;11;9;8;7;2;2
2021-02-24 22:54:58;254;126;40;18;12;11;9;8;7;2;2
2021-02-24 22:55:59;254;126;40;18;12;11;9;8;7;2;2
2021-02-24 22:56:59;254;126;40;18;12;11;9;8;7;2;2
2021-02-24 22:57:58;254;126;40;18;12;11;9;8;7;2;2
2021-02-24 22:58:59;254;126;40;18;12;11;9;8;7;2;2
2021-02-24 22:59:59;254;126;40;18;12;11;9;8;7;2;2
2021-02-24 23:00:58;254;126;40;18;12;11;9;8;7;2;2
2021-02-24 23:01:59;254;126;40;18;12;11;9;8;7;2;2
2021-02-24 23:02:59;254;126;40;18;12;11;9;8;7;2;2
2021-02-24 23:03:58;254;126;40;18;12;11;9;8;7;2;2
2021-02-24 23:04:59;254;126;40;18;12;11;9;8;7;2;2
2021-02-24 23:05:59;254;126;40;18;12;11;9;8;7;2;2
2021-02-24 23:06:58;254;126;40;18;12;11;9;8;7;2;2
2021-02-24 23:07:59;255;127;40;18;12;11;9;8;7;2;2
2021-02-24 23:08:58;256;128;40;18;12;11;9;8;7;2;2
2021-02-24 23:09:59;256;128;40;18;12;11;9;8;7;2;2
2021-02-24 23:10:58;256;128;40;18;12;11;9;8;7;2;2
2021-02-24 23:11:59;256;128;40;18;12;11;9;8;7;2;2
2021-02-24 23:12:58;256;128;40;18;12;11;9;8;7;2;2
2021-02-24 23:13:59;256;128;40;18;12;11;9;8;7;2;2
2021-02-24 23:14:59;256;128;40;18;12;11;9;8;7;2;2
2021-02-24 23:15:59;256;128;40;18;12;11;9;8;7;2;2
2021-02-24 23:16:58;256;128;40;18;12;11;9;8;7;2;2
2021-02-24 23:17:59;257;129;40;18;12;11;9;8;7;2;2
2021-02-24 23:18:59;257;129;40;18;12;11;9;8;7;2;2
2021-02-24 23:19:58;257;129;40;18;12;11;9;8;7;2;2
2021-02-24 23:20:59;257;129;40;18;12;11;9;8;7;2;2
2021-02-24 23:21:58;257;129;40;18;12;11;9;8;7;2;2
2021-02-24 23:22:59;257;129;40;18;12;11;9;8;7;2;2
2021-02-24 23:23:58;257;129;40;18;12;11;9;8;7;2;2
2021-02-24 23:24:59;257;129;40;18;12;11;9;8;7;2;2
2021-02-24 23:25:59;257;129;40;18;12;11;9;8;7;2;2
2021-02-24 23:26:58;257;129;40;18;12;11;9;8;7;2;2
2021-02-24 23:27:59;258;131;39;18;12;11;9;8;7;2;2
2021-02-24 23:28:59;258;131;39;18;12;11;9;8;7;2;2
2021-02-24 23:29:58;258;131;39;18;12;11;9;8;7;2;2
2021-02-24 23:30:59;258;131;39;18;12;11;9;8;7;2;2
2021-02-24 23:31:58;258;131;39;18;12;11;9;8;7;2;2
2021-02-24 23:32:59;257;131;39;18;11;11;9;8;7;2;2
2021-02-24 23:33:59;258;131;39;18;11;11;10;8;7;2;2
2021-02-24 23:34:58;258;131;39;18;11;11;10;8;7;2;2
2021-02-24 23:35:59;258;131;39;18;11;11;10;8;7;2;2
2021-02-24 23:37:00;258;131;39;18;11;11;10;8;7;2;2
2021-02-24 23:37:58;258;131;39;18;11;11;10;8;7;2;2
2021-02-24 23:38:59;259;131;39;18;11;11;10;9;7;2;2
2021-02-24 23:39:58;260;132;39;18;11;11;10;9;7;2;2
2021-02-24 23:40:59;260;132;39;18;11;11;10;9;7;2;2
2021-02-24 23:41:59;260;132;39;18;11;11;10;9;7;2;2
2021-02-24 23:42:58;260;132;39;18;11;11;10;9;7;2;2
2021-02-24 23:43:59;260;132;39;18;11;11;10;9;7;2;2
2021-02-24 23:45:00;260;132;39;18;11;11;10;9;7;2;2
2021-02-24 23:45:58;260;132;39;18;11;11;10;9;7;2;2
2021-02-24 23:46:59;260;132;39;18;11;11;10;9;7;2;2
2021-02-24 23:47:59;260;132;39;18;11;11;10;9;7;2;2
2021-02-24 23:48:59;260;132;39;18;11;11;10;9;7;2;2
2021-02-24 23:49:58;260;132;38;19;11;11;10;9;7;2;2
2021-02-24 23:50:59;260;132;38;19;11;11;10;9;7;2;2
2021-02-24 23:51:59;261;133;38;19;11;11;10;9;7;2;2
2021-02-24 23:52:58;261;133;38;19;11;11;10;9;7;2;2
2021-02-24 23:53:59;261;133;38;19;11;11;10;9;7;2;2
2021-02-24 23:54:59;261;133;38;19;11;11;10;9;7;2;2
2021-02-24 23:55:59;261;133;38;19;11;11;10;9;7;2;2
2021-02-24 23:56:59;261;133;38;19;11;11;10;9;7;2;2
2021-02-24 23:57:59;261;133;38;19;11;11;10;9;7;2;2
2021-02-24 23:58:58;261;133;38;19;11;11;10;9;7;2;2
2021-02-24 23:59:59;261;133;38;19;11;11;10;9;7;2;2
