datetime;total_votes;Mindsplitter;Wiedemann;Tomintoul;KOCTOPE3;Terkin;axxl;Есения;jakesnake;vprock;quick_justice
2021-02-03 00:00:59;0;0;0;1;0;0;0;0;0;0;0
2021-02-03 00:01:59;2;0;0;1;0;0;0;0;0;0;0
2021-02-03 00:02:58;2;0;0;2;0;0;0;0;0;0;0
2021-02-03 00:03:59;2;0;0;2;0;0;0;0;0;0;0
2021-02-03 00:04:58;2;0;0;2;0;0;0;0;0;0;0
2021-02-03 00:05:59;2;0;0;2;0;0;0;0;0;0;0
2021-02-03 00:06:59;3;0;1;2;0;0;0;0;0;0;0
2021-02-03 00:07:58;4;0;1;3;0;0;0;0;0;0;0
2021-02-03 00:08:59;4;0;1;3;0;0;0;0;0;0;0
2021-02-03 00:09:58;4;0;2;2;0;0;0;0;0;0;0
2021-02-03 00:10:59;5;0;2;2;0;0;0;0;0;0;0
2021-02-03 00:11:59;6;0;3;2;0;0;0;0;0;0;0
2021-02-03 00:12:58;6;0;3;2;0;0;0;0;0;0;0
2021-02-03 00:13:59;7;0;3;3;0;0;0;0;0;0;0
2021-02-03 00:14:58;8;0;3;3;0;0;0;0;0;0;0
2021-02-03 00:15:59;10;0;3;4;0;0;0;0;0;0;0
2021-02-03 00:16:59;11;1;2;5;0;0;0;0;0;0;0
2021-02-03 00:17:58;12;1;2;5;0;1;0;0;0;0;0
2021-02-03 00:18:59;12;1;2;5;0;1;0;0;0;0;0
2021-02-03 00:19:59;13;1;3;5;0;1;0;0;0;0;0
2021-02-03 00:20:58;13;1;3;5;0;1;0;0;0;0;0
2021-02-03 00:21:59;13;1;3;5;0;1;0;0;0;0;0
2021-02-03 00:22:59;13;1;3;5;0;1;0;0;0;0;0
2021-02-03 00:23:58;14;1;3;5;0;1;0;0;0;0;0
2021-02-03 00:24:59;14;1;3;5;0;1;1;0;0;0;0
2021-02-03 00:25:58;16;1;3;7;0;1;1;0;0;0;0
2021-02-03 00:26:59;16;1;3;7;0;1;1;0;0;0;0
2021-02-03 00:27:59;17;1;3;7;1;1;1;0;0;0;0
2021-02-03 00:28:58;18;1;3;7;1;2;1;0;0;0;0
2021-02-03 00:29:59;19;1;3;8;1;2;1;0;0;0;0
2021-02-03 00:30:58;19;1;3;8;1;2;1;0;0;0;0
2021-02-03 00:31:59;20;1;3;8;1;2;1;0;0;1;0
2021-02-03 00:32:59;21;2;3;8;1;2;1;0;0;1;0
2021-02-03 00:33:58;21;2;3;8;1;2;1;0;0;1;0
2021-02-03 00:34:59;21;2;3;8;1;2;1;0;0;1;0
2021-02-03 00:35:59;21;2;3;8;1;2;1;0;0;1;0
2021-02-03 00:36:58;22;2;3;9;1;2;1;0;0;1;0
2021-02-03 00:37:59;22;2;3;9;1;2;1;0;0;1;0
2021-02-03 00:38:59;22;2;3;9;1;2;1;0;0;1;0
2021-02-03 00:39:58;22;2;3;9;1;2;1;0;0;1;0
2021-02-03 00:40:59;23;2;3;9;1;2;1;0;0;1;0
2021-02-03 00:41:59;24;2;3;10;1;2;1;0;0;1;0
2021-02-03 00:42:58;24;2;3;10;1;2;1;0;0;1;0
2021-02-03 00:43:59;24;2;3;10;1;2;1;0;0;1;0
2021-02-03 00:44:58;25;2;3;11;1;2;1;0;0;1;0
2021-02-03 00:45:59;25;2;3;11;1;2;1;0;0;1;0
2021-02-03 00:46:59;25;2;3;11;1;2;1;0;0;1;0
2021-02-03 00:47:58;26;2;3;11;1;2;1;0;0;0;0
2021-02-03 00:48:59;26;2;3;11;1;2;1;0;0;0;0
2021-02-03 00:49:58;26;2;3;11;1;2;1;0;0;0;0
2021-02-03 00:50:59;26;2;3;11;1;2;1;0;0;0;0
2021-02-03 00:51:58;26;2;3;11;1;2;1;0;0;0;0
2021-02-03 00:52:59;26;2;3;11;1;2;1;0;0;0;0
2021-02-03 00:53:59;27;2;3;12;1;2;1;0;0;0;0
2021-02-03 00:54:59;28;2;4;12;1;2;1;0;0;0;0
2021-02-03 00:55:58;28;2;4;12;1;2;1;0;0;0;0
2021-02-03 00:56:59;28;2;4;12;1;2;1;0;0;0;0
2021-02-03 00:57:59;30;3;4;12;2;2;1;0;0;1;0
2021-02-03 00:58:58;31;3;4;13;2;2;1;0;0;1;0
2021-02-03 00:59:59;31;3;4;13;2;2;1;0;0;1;0
2021-02-03 01:00:59;31;3;4;13;2;2;1;0;0;1;0
2021-02-03 01:01:58;31;3;4;13;2;2;1;0;0;1;0
2021-02-03 01:02:59;31;3;4;13;2;2;1;0;0;1;0
2021-02-03 01:03:58;32;3;4;14;2;2;1;0;0;1;0
2021-02-03 01:04:59;33;3;4;14;2;2;1;0;0;0;1
2021-02-03 01:05:59;33;3;4;14;2;2;1;0;0;0;1
2021-02-03 01:06:58;34;3;4;14;2;2;0;0;0;0;1
2021-02-03 01:07:59;34;3;4;14;2;2;0;0;0;0;1
2021-02-03 01:08:59;34;3;4;14;2;2;0;0;0;0;1
2021-02-03 01:09:58;35;3;4;14;2;2;0;0;0;1;1
2021-02-03 01:10:59;35;3;4;14;2;2;0;0;0;1;1
2021-02-03 01:11:59;35;3;4;14;2;2;0;0;0;1;1
2021-02-03 01:12:58;36;3;4;15;2;2;0;0;0;1;1
2021-02-03 01:13:59;36;3;4;15;2;2;0;0;0;1;1
2021-02-03 01:14:58;37;3;4;15;2;3;0;0;0;1;1
2021-02-03 01:15:59;37;3;4;15;2;3;0;0;0;1;1
2021-02-03 01:16:59;37;3;4;15;2;3;0;0;0;1;1
2021-02-03 01:17:58;37;3;4;15;2;3;0;0;0;1;1
2021-02-03 01:18:59;37;3;4;15;2;3;0;0;0;1;1
2021-02-03 01:19:58;37;3;4;15;2;3;0;0;0;1;1
2021-02-03 01:20:59;37;3;4;15;2;3;0;0;0;1;1
2021-02-03 01:21:58;37;3;4;15;2;3;0;0;0;1;1
2021-02-03 01:22:59;37;3;4;15;2;3;0;0;0;1;1
2021-02-03 01:23:59;37;3;4;15;2;3;0;0;0;1;1
2021-02-03 01:24:58;37;3;4;15;2;3;0;0;0;1;1
2021-02-03 01:25:59;37;3;4;15;2;3;0;0;0;1;1
2021-02-03 01:26:59;37;3;4;15;2;3;0;0;0;1;1
2021-02-03 01:27:58;37;3;4;15;2;3;0;0;0;1;1
2021-02-03 01:28:59;37;3;4;15;2;3;0;0;0;1;1
2021-02-03 01:29:58;37;3;4;15;2;3;0;0;0;1;1
2021-02-03 01:30:59;37;3;4;15;2;3;0;0;0;1;1
2021-02-03 01:31:59;37;3;4;15;2;3;0;0;0;1;1
2021-02-03 01:32:58;37;3;4;15;2;3;0;0;0;1;1
2021-02-03 01:33:59;37;3;4;15;2;3;0;0;0;1;1
2021-02-03 01:34:58;37;3;4;15;2;3;0;0;0;1;1
2021-02-03 01:35:59;38;3;4;16;2;3;0;0;0;1;1
2021-02-03 01:36:59;38;3;4;16;2;3;0;0;0;1;1
2021-02-03 01:37:58;38;3;4;16;2;3;0;0;0;1;1
2021-02-03 01:38:59;38;3;4;16;2;3;0;0;0;1;1
2021-02-03 01:39:59;38;3;4;16;2;3;0;0;0;1;1
2021-02-03 01:40:58;39;3;4;16;2;3;0;0;0;1;0
2021-02-03 01:41:59;39;3;4;16;2;3;0;0;0;1;0
2021-02-03 01:42:59;39;3;4;16;2;3;0;0;0;1;0
2021-02-03 01:43:58;39;4;4;16;2;3;0;0;0;1;1
2021-02-03 01:44:59;39;4;4;16;2;3;0;0;0;1;1
2021-02-03 01:45:58;40;4;4;16;2;3;0;0;0;1;0
2021-02-03 01:46:59;40;4;4;16;2;3;0;0;0;1;0
2021-02-03 01:47:59;40;4;4;16;2;3;0;0;0;1;0
2021-02-03 01:48:58;40;4;4;16;2;3;0;0;0;1;0
2021-02-03 01:49:59;40;4;4;16;2;3;0;0;0;1;0
2021-02-03 01:50:59;40;4;4;16;2;3;0;0;0;1;0
2021-02-03 01:51:58;40;4;4;16;2;3;0;0;0;1;0
2021-02-03 01:52:59;40;4;4;16;2;3;0;0;0;1;0
2021-02-03 01:53:58;40;4;4;16;2;3;0;0;0;1;0
2021-02-03 01:54:59;40;4;4;16;2;3;0;0;0;1;0
2021-02-03 01:55:59;40;4;4;16;2;3;0;0;0;1;0
2021-02-03 01:56:58;41;5;4;16;2;3;0;0;0;1;0
2021-02-03 01:57:59;41;5;4;16;2;3;0;0;0;1;0
2021-02-03 01:58:59;41;5;4;16;2;3;0;0;0;1;0
2021-02-03 01:59:58;41;5;4;16;2;3;0;0;0;1;0
2021-02-03 02:00:59;41;5;4;16;2;3;0;0;0;1;0
2021-02-03 02:01:58;41;5;4;16;2;3;0;0;0;1;0
2021-02-03 02:02:59;41;5;4;16;2;3;0;0;0;1;0
2021-02-03 02:03:58;41;5;4;16;2;3;0;0;0;1;0
2021-02-03 02:04:59;41;5;4;16;2;3;0;0;0;1;0
2021-02-03 02:05:59;41;5;4;16;2;3;0;0;0;1;0
2021-02-03 02:06:58;42;5;5;16;2;3;0;0;0;1;0
2021-02-03 02:07:59;42;5;5;16;2;3;0;0;0;1;0
2021-02-03 02:08:59;42;5;5;16;2;3;0;0;0;1;0
2021-02-03 02:09:58;42;5;5;16;2;3;0;0;0;1;0
2021-02-03 02:10:59;42;5;5;16;2;3;0;0;0;1;0
2021-02-03 02:11:58;42;5;5;16;2;3;0;0;0;1;0
2021-02-03 02:12:59;42;5;5;16;2;3;0;0;0;1;0
2021-02-03 02:13:58;43;5;5;16;2;3;1;0;0;1;0
2021-02-03 02:14:59;44;6;5;16;2;3;1;0;0;1;0
2021-02-03 02:15:59;44;6;5;16;2;3;1;0;0;1;0
2021-02-03 02:17:00;44;6;5;16;2;3;1;0;0;1;0
2021-02-03 02:17:58;44;6;5;16;2;3;1;0;0;1;0
2021-02-03 02:18:59;44;6;5;16;2;3;1;0;0;1;0
2021-02-03 02:19:59;44;6;5;16;2;3;1;0;0;1;0
2021-02-03 02:20:59;45;6;5;16;2;3;1;0;0;1;0
2021-02-03 02:21:58;45;6;5;16;2;3;1;0;0;1;0
2021-02-03 02:22:59;45;6;5;16;2;3;1;0;0;1;0
2021-02-03 02:23:58;45;6;5;16;2;3;1;0;0;1;0
2021-02-03 02:24:59;45;6;5;16;2;3;1;0;0;1;0
2021-02-03 02:25:58;45;6;5;16;2;3;1;0;0;1;0
2021-02-03 02:26:59;46;6;5;16;2;4;1;0;0;1;0
2021-02-03 02:27:59;46;6;5;16;2;4;1;0;0;1;0
2021-02-03 02:28:58;46;6;5;16;2;4;1;0;0;1;0
2021-02-03 02:29:59;46;6;5;16;2;4;1;0;0;1;0
2021-02-03 02:30:58;46;6;5;16;2;4;1;0;0;1;0
2021-02-03 02:31:59;46;6;5;16;2;4;1;0;0;1;0
2021-02-03 02:32:58;46;6;5;16;2;4;1;0;0;1;0
2021-02-03 02:33:59;46;6;5;16;2;4;1;0;0;1;0
2021-02-03 02:34:59;46;6;5;16;2;4;1;0;0;1;0
2021-02-03 02:35:58;46;6;5;16;2;4;1;0;0;1;0
2021-02-03 02:36:59;47;7;5;16;2;4;1;0;0;1;0
2021-02-03 02:37:59;47;7;5;16;2;4;1;0;0;1;0
2021-02-03 02:38:58;48;7;5;17;2;4;1;0;0;1;0
2021-02-03 02:39:59;48;7;5;17;2;4;1;0;0;1;0
2021-02-03 02:40:59;48;8;5;16;2;4;1;0;0;1;0
2021-02-03 02:41:58;48;8;5;16;2;4;1;0;0;1;0
2021-02-03 02:42:59;48;8;5;16;2;4;1;0;0;1;0
2021-02-03 02:43:58;49;9;5;16;2;4;1;0;0;1;0
2021-02-03 02:44:59;50;9;5;16;2;5;1;0;0;1;0
2021-02-03 02:45:59;50;9;5;16;2;5;1;0;0;1;0
2021-02-03 02:46:58;50;9;5;16;2;5;1;0;0;1;0
2021-02-03 02:47:59;50;9;5;16;2;5;1;0;0;1;0
2021-02-03 02:48:59;50;9;5;16;2;5;1;0;0;1;0
2021-02-03 02:49:58;50;9;5;16;2;5;1;0;0;1;0
2021-02-03 02:50:59;50;9;5;16;2;5;1;0;0;1;0
2021-02-03 02:51:59;51;10;5;16;2;5;1;0;0;1;0
2021-02-03 02:52:58;51;10;5;16;2;5;1;0;0;1;0
2021-02-03 02:53:59;51;10;5;16;2;5;1;0;0;1;0
2021-02-03 02:54:59;52;10;5;16;2;6;1;0;0;1;0
2021-02-03 02:55:58;52;10;5;16;2;6;1;0;0;1;0
2021-02-03 02:56:59;52;10;5;16;2;6;1;0;0;1;0
2021-02-03 02:57:59;52;10;5;16;2;6;1;0;0;1;0
2021-02-03 02:58:58;52;10;5;16;2;6;1;0;0;1;0
2021-02-03 02:59:59;52;10;5;16;2;6;1;0;0;1;0
2021-02-03 03:00:58;52;10;5;16;2;6;1;0;0;1;0
2021-02-03 03:01:59;53;11;5;16;2;6;1;0;0;1;0
2021-02-03 03:02:58;53;11;5;16;2;6;1;0;0;1;0
2021-02-03 03:03:59;53;11;5;16;2;6;1;0;0;1;0
2021-02-03 03:04:59;54;11;6;16;2;6;1;0;0;1;0
2021-02-03 03:05:58;54;11;6;16;2;6;1;0;0;1;0
2021-02-03 03:06:59;54;11;6;16;2;6;1;0;0;1;0
2021-02-03 03:07:59;54;10;6;17;2;6;1;0;0;1;0
2021-02-03 03:08:58;54;10;6;17;2;6;1;0;0;1;0
2021-02-03 03:09:59;54;10;6;17;2;6;1;0;0;1;0
2021-02-03 03:10:58;54;10;6;17;2;6;1;0;0;1;0
2021-02-03 03:11:59;54;10;6;17;2;6;1;0;0;1;0
2021-02-03 03:12:58;54;10;6;17;2;6;1;0;0;1;0
2021-02-03 03:13:59;54;10;6;17;2;6;1;0;0;1;0
2021-02-03 03:14:58;55;11;6;17;2;6;1;0;0;1;0
2021-02-03 03:16:00;55;11;6;17;2;6;1;0;0;1;0
2021-02-03 03:16:58;55;11;6;17;2;6;1;0;0;1;0
2021-02-03 03:17:59;55;11;6;17;2;6;1;0;0;1;0
2021-02-03 03:18:58;55;11;6;17;2;6;1;0;0;1;0
2021-02-03 03:19:59;55;11;6;17;2;6;1;0;0;1;0
2021-02-03 03:20:58;55;11;6;17;2;6;1;0;0;1;0
2021-02-03 03:21:59;55;11;6;17;2;6;1;0;0;1;0
2021-02-03 03:22:59;55;11;6;17;2;6;1;0;0;1;0
2021-02-03 03:23:58;55;11;6;17;2;6;1;0;0;1;0
2021-02-03 03:24:59;55;11;6;17;2;6;1;0;0;1;0
2021-02-03 03:25:59;55;11;6;17;2;6;1;0;0;1;0
2021-02-03 03:26:58;56;11;6;18;2;6;1;0;0;1;0
2021-02-03 03:27:59;56;11;6;18;2;6;1;0;0;1;0
2021-02-03 03:28:58;56;11;6;18;2;6;1;0;0;1;0
2021-02-03 03:29:59;56;11;6;18;2;6;1;0;0;1;0
2021-02-03 03:30:59;56;11;6;18;2;6;1;0;0;1;0
2021-02-03 03:31:58;56;11;6;18;2;6;1;0;0;1;0
2021-02-03 03:32:59;56;11;6;18;2;6;1;0;0;1;0
2021-02-03 03:33:58;56;11;6;18;2;6;1;0;0;1;0
2021-02-03 03:34:59;56;11;6;18;2;6;1;0;0;1;0
2021-02-03 03:35:59;57;11;7;18;2;6;1;0;0;1;0
2021-02-03 03:36:58;57;11;7;18;2;6;1;0;0;1;0
2021-02-03 03:37:59;57;11;7;18;2;6;1;0;0;1;0
2021-02-03 03:38:58;57;11;7;18;2;6;1;0;0;1;0
2021-02-03 03:39:59;57;11;7;18;2;6;1;0;0;1;0
2021-02-03 03:40:58;57;11;7;18;2;6;1;0;0;1;0
2021-02-03 03:41:59;57;11;7;18;2;6;1;0;0;1;0
2021-02-03 03:42:59;57;11;7;18;2;6;1;0;0;1;0
2021-02-03 03:43:58;57;11;7;18;2;6;1;0;0;1;0
2021-02-03 03:44:59;57;11;7;18;2;6;1;0;0;1;0
2021-02-03 03:45:58;57;11;7;18;2;6;1;0;0;1;0
2021-02-03 03:46:59;57;11;7;18;2;6;1;0;0;1;0
2021-02-03 03:47:59;57;11;7;18;2;6;1;0;0;1;0
2021-02-03 03:48:58;57;11;7;18;2;6;1;0;0;1;0
2021-02-03 03:49:59;57;11;7;18;2;6;1;0;0;1;0
2021-02-03 03:50:58;57;11;7;18;2;6;1;0;0;1;0
2021-02-03 03:51:59;57;11;7;18;2;6;1;0;0;1;0
2021-02-03 03:52:58;57;11;7;18;2;6;1;0;0;1;0
2021-02-03 03:53:59;57;11;7;18;2;6;1;0;0;1;0
2021-02-03 03:54:59;57;11;7;18;2;6;1;0;0;1;0
2021-02-03 03:55:58;57;11;7;18;2;6;1;0;0;1;0
2021-02-03 03:56:59;57;11;7;18;2;6;1;0;0;1;0
2021-02-03 03:57:58;57;11;7;18;2;6;1;0;0;1;0
2021-02-03 03:58:59;58;11;7;19;2;6;1;0;0;1;0
2021-02-03 03:59:59;58;11;7;19;2;6;1;0;0;1;0
2021-02-03 04:00:58;58;11;7;19;2;6;1;0;0;1;0
2021-02-03 04:01:59;58;11;7;19;2;6;1;0;0;1;0
2021-02-03 04:03:00;59;12;7;19;2;6;1;0;0;1;0
2021-02-03 04:03:58;60;13;7;19;2;6;1;0;0;1;0
2021-02-03 04:04:59;60;13;7;19;2;6;1;0;0;1;0
2021-02-03 04:05:58;60;13;7;19;2;6;1;0;0;1;0
2021-02-03 04:06:59;61;14;7;19;2;6;1;0;0;1;0
2021-02-03 04:07:59;61;14;7;19;2;6;1;0;0;1;0
2021-02-03 04:08:58;61;14;7;19;2;6;1;0;0;1;0
2021-02-03 04:09:59;61;14;7;19;2;6;1;0;0;1;0
2021-02-03 04:10:59;61;14;7;19;2;6;1;0;0;1;0
2021-02-03 04:11:58;61;14;7;19;2;6;1;0;0;1;0
2021-02-03 04:12:59;61;14;7;19;2;6;1;0;0;1;0
2021-02-03 04:13:58;61;14;7;19;2;6;1;0;0;1;0
2021-02-03 04:14:59;61;14;7;19;2;6;1;0;0;1;0
2021-02-03 04:15:59;61;14;7;19;2;6;1;0;0;1;0
2021-02-03 04:16:58;62;14;8;19;2;6;1;0;0;1;0
2021-02-03 04:17:59;62;14;8;19;2;6;1;0;0;1;0
2021-02-03 04:18:59;62;14;8;19;2;6;1;0;0;1;0
2021-02-03 04:19:58;62;14;8;19;2;6;1;0;0;1;0
2021-02-03 04:20:59;62;14;8;19;2;6;1;0;0;1;0
2021-02-03 04:21:59;62;14;8;19;2;6;1;0;0;1;0
2021-02-03 04:22:58;62;14;8;19;2;6;1;0;0;1;0
2021-02-03 04:23:59;62;14;8;19;2;6;1;0;0;1;0
2021-02-03 04:24:59;62;14;8;19;2;6;1;0;0;1;0
2021-02-03 04:25:58;62;14;8;19;2;6;1;0;0;1;0
2021-02-03 04:26:59;63;15;8;19;2;6;1;0;0;1;0
2021-02-03 04:27:59;63;15;8;19;2;6;1;0;0;1;0
2021-02-03 04:28:58;64;15;8;20;2;6;1;0;0;1;0
2021-02-03 04:29:59;64;15;8;20;2;6;1;0;0;1;0
2021-02-03 04:30:59;64;15;8;20;2;6;1;0;0;1;0
2021-02-03 04:31:58;64;15;8;20;2;6;1;0;0;1;0
2021-02-03 04:32:59;64;15;8;20;2;6;1;0;0;1;0
2021-02-03 04:33:59;64;15;8;20;2;6;1;0;0;1;0
2021-02-03 04:34:58;64;15;8;20;2;6;1;0;0;1;0
2021-02-03 04:35:59;64;15;8;20;2;6;1;0;0;1;0
2021-02-03 04:36:59;64;15;8;20;2;6;1;0;0;1;0
2021-02-03 04:37:58;64;15;8;20;2;6;1;0;0;1;0
2021-02-03 04:38:59;64;15;8;20;2;6;1;0;0;1;0
2021-02-03 04:39:58;64;15;8;20;2;6;1;0;0;1;0
2021-02-03 04:40:59;64;15;8;20;2;6;1;0;0;1;0
2021-02-03 04:41:59;64;15;8;20;2;6;1;0;0;1;0
2021-02-03 04:42:58;64;15;8;20;2;6;1;0;0;1;0
2021-02-03 04:43:59;64;15;8;20;2;6;1;0;0;1;0
2021-02-03 04:44:58;64;15;8;20;2;6;1;0;0;1;0
2021-02-03 04:45:59;64;15;8;20;2;6;1;0;0;1;0
2021-02-03 04:46:59;64;15;8;20;2;6;1;0;0;1;0
2021-02-03 04:47:58;64;15;8;20;2;6;1;0;0;1;0
2021-02-03 04:48:59;64;15;8;20;2;6;1;0;0;1;0
2021-02-03 04:49:59;64;15;8;20;2;6;1;0;0;1;0
2021-02-03 04:50:58;64;15;8;20;2;6;1;0;0;1;0
2021-02-03 04:51:59;64;15;8;20;2;6;1;0;0;1;0
2021-02-03 04:52:58;64;15;8;20;2;6;1;0;0;1;0
2021-02-03 04:53:59;64;15;8;20;2;6;1;0;0;1;0
2021-02-03 04:54:59;64;15;8;20;2;6;1;0;0;1;0
2021-02-03 04:55:58;64;15;8;20;2;6;1;0;0;1;0
2021-02-03 04:56:59;64;15;8;20;2;6;1;0;0;1;0
2021-02-03 04:57:59;64;15;8;20;2;6;1;0;0;1;0
2021-02-03 04:58:58;64;15;8;20;2;6;1;0;0;1;0
2021-02-03 04:59:59;64;15;8;20;2;6;1;0;0;1;0
2021-02-03 05:00:58;64;15;8;20;2;6;1;0;0;1;0
2021-02-03 05:01:59;64;15;8;20;2;6;1;0;0;1;0
2021-02-03 05:02:59;64;15;8;20;2;6;1;0;0;1;0
2021-02-03 05:03:58;64;15;8;20;2;6;1;0;0;1;0
2021-02-03 05:04:59;64;15;8;20;2;6;1;0;0;1;0
2021-02-03 05:05:59;64;15;8;20;2;6;1;0;0;1;0
2021-02-03 05:06:59;64;15;8;20;2;6;1;0;0;1;0
2021-02-03 05:07:58;64;15;8;20;2;6;1;0;0;1;0
2021-02-03 05:08:59;64;15;8;20;2;6;1;0;0;1;0
2021-02-03 05:09:59;64;15;8;20;2;6;1;0;0;1;0
2021-02-03 05:10:58;64;15;8;20;2;6;1;0;0;1;0
2021-02-03 05:11:59;64;15;8;20;2;6;1;0;0;1;0
2021-02-03 05:12:59;64;15;8;20;2;6;1;0;0;1;0
2021-02-03 05:13:58;64;15;8;20;2;6;1;0;0;1;0
2021-02-03 05:14:59;64;15;8;20;2;6;1;0;0;1;0
2021-02-03 05:15:58;64;15;8;20;2;6;1;0;0;1;0
2021-02-03 05:16:59;64;15;8;20;2;6;1;0;0;1;0
2021-02-03 05:17:59;64;15;8;20;2;6;1;0;0;1;0
2021-02-03 05:18:58;64;14;9;20;2;6;1;0;0;1;0
2021-02-03 05:19:59;64;14;9;20;2;6;1;0;0;1;0
2021-02-03 05:20:59;64;14;9;20;2;6;1;0;0;1;0
2021-02-03 05:21:58;64;15;8;20;2;6;1;0;0;1;0
2021-02-03 05:22:59;64;15;8;20;2;6;1;0;0;1;0
2021-02-03 05:23:58;64;15;8;20;2;6;1;0;0;1;0
2021-02-03 05:24:59;64;15;8;20;2;6;1;0;0;1;0
2021-02-03 05:25:59;64;15;8;20;2;6;1;0;0;1;0
2021-02-03 05:26:58;64;15;8;20;2;6;1;0;0;1;0
2021-02-03 05:27:59;64;15;8;20;2;6;1;0;0;1;0
2021-02-03 05:28:59;64;15;8;20;2;6;1;0;0;1;0
2021-02-03 05:29:58;64;15;8;20;2;6;1;0;0;1;0
2021-02-03 05:30:59;64;15;8;20;2;6;1;0;0;1;0
2021-02-03 05:32:00;64;15;8;20;2;6;1;0;0;1;0
2021-02-03 05:32:58;64;15;8;20;2;6;1;0;0;1;0
2021-02-03 05:33:59;64;15;8;20;2;6;1;0;0;1;0
2021-02-03 05:34:58;64;15;8;20;2;6;1;0;0;1;0
2021-02-03 05:35:59;64;15;8;20;2;6;1;0;0;1;0
2021-02-03 05:36:59;64;15;8;20;2;6;1;0;0;1;0
2021-02-03 05:37:58;64;15;8;20;2;6;1;0;0;1;0
2021-02-03 05:38:59;64;15;8;20;2;6;1;0;0;1;0
2021-02-03 05:39:59;64;15;8;20;2;6;1;0;0;1;0
2021-02-03 05:40:58;64;15;8;20;2;6;1;0;0;1;0
2021-02-03 05:41:59;64;15;8;20;2;6;1;0;0;1;0
2021-02-03 05:42:59;64;15;8;20;2;6;1;0;0;1;0
2021-02-03 05:43:58;64;15;8;20;2;6;1;0;0;1;0
2021-02-03 05:44:59;64;15;8;20;2;6;1;0;0;1;0
2021-02-03 05:45:58;64;15;8;20;2;6;1;0;0;1;0
2021-02-03 05:46:59;64;15;8;20;2;6;1;0;0;1;0
2021-02-03 05:47:59;64;15;8;20;2;6;1;0;0;1;0
2021-02-03 05:48:58;64;15;8;20;2;6;1;0;0;1;0
2021-02-03 05:49:59;64;15;8;20;2;6;1;0;0;1;0
2021-02-03 05:50:59;64;15;8;20;2;6;1;0;0;1;0
2021-02-03 05:51:58;64;15;8;20;2;6;1;0;0;1;0
2021-02-03 05:52:59;64;15;8;20;2;6;1;0;0;1;0
2021-02-03 05:53:58;64;15;8;20;2;6;1;0;0;1;0
2021-02-03 05:54:59;64;15;8;20;2;6;1;0;0;1;0
2021-02-03 05:55:59;64;15;8;20;2;6;1;0;0;1;0
2021-02-03 05:56:58;64;15;8;20;2;6;1;0;0;1;0
2021-02-03 05:57:59;64;15;8;20;2;6;1;0;0;1;0
2021-02-03 05:58:58;65;15;8;20;2;6;2;0;0;1;0
2021-02-03 05:59:59;65;15;8;20;2;6;2;0;0;1;0
2021-02-03 06:00:59;66;16;8;20;2;6;2;0;0;1;0
2021-02-03 06:01:58;66;16;8;20;2;6;2;0;0;1;0
2021-02-03 06:02:59;66;16;8;20;2;6;2;0;0;1;0
2021-02-03 06:03:58;66;16;8;20;2;6;2;0;0;1;0
2021-02-03 06:04:59;66;16;8;20;2;6;2;0;0;1;0
2021-02-03 06:05:59;66;16;8;20;2;6;2;0;0;1;0
2021-02-03 06:06:58;66;16;8;20;2;6;2;0;0;1;0
2021-02-03 06:07:59;66;16;8;20;2;6;2;0;0;1;0
2021-02-03 06:08:59;66;16;8;20;2;6;2;0;0;1;0
2021-02-03 06:09:58;66;16;8;20;2;6;2;0;0;1;0
2021-02-03 06:10:59;66;16;8;20;2;6;2;0;0;1;0
2021-02-03 06:11:58;66;16;8;20;2;6;2;0;0;1;0
2021-02-03 06:12:59;66;16;8;20;2;6;2;0;0;1;0
2021-02-03 06:13:58;66;16;8;20;2;6;2;0;0;1;0
2021-02-03 06:14:59;66;16;8;20;2;6;2;0;0;1;0
2021-02-03 06:15:59;66;16;8;20;2;6;2;0;0;1;0
2021-02-03 06:16:58;66;16;8;20;2;6;2;0;0;1;0
2021-02-03 06:17:59;66;16;8;20;2;6;2;0;0;1;0
2021-02-03 06:18:59;66;16;8;20;2;6;2;0;0;1;0
2021-02-03 06:19:59;66;16;8;20;2;6;2;0;0;1;0
2021-02-03 06:20:58;66;16;8;20;2;6;2;0;0;1;0
2021-02-03 06:21:59;66;16;8;20;2;6;2;0;0;1;0
2021-02-03 06:22:59;66;16;8;20;2;6;2;0;0;1;0
2021-02-03 06:23:58;66;16;8;20;2;6;2;0;0;1;0
2021-02-03 06:24:59;66;16;8;20;2;6;2;0;0;1;0
2021-02-03 06:25:59;66;16;8;20;2;6;2;0;0;1;0
2021-02-03 06:26:58;67;16;8;21;2;6;2;0;0;1;0
2021-02-03 06:27:59;67;16;8;21;2;6;2;0;0;1;0
2021-02-03 06:28:59;67;16;8;21;2;6;2;0;0;1;0
2021-02-03 06:29:58;67;16;8;21;2;6;2;0;0;1;0
2021-02-03 06:30:59;69;18;8;21;2;6;2;0;0;1;0
2021-02-03 06:31:59;70;19;8;21;2;6;2;0;0;1;0
2021-02-03 06:32:58;71;20;8;21;2;6;2;0;0;1;0
2021-02-03 06:33:59;71;20;8;21;2;6;2;0;0;1;0
2021-02-03 06:34:59;71;20;8;21;2;6;2;0;0;1;0
2021-02-03 06:35:58;71;20;8;21;2;6;2;0;0;1;0
2021-02-03 06:36:59;71;20;8;21;2;6;2;0;0;1;0
2021-02-03 06:38:00;71;20;8;21;2;6;2;0;0;1;0
2021-02-03 06:38:58;72;21;8;21;2;6;2;0;0;1;0
2021-02-03 06:39:59;72;21;8;21;2;6;2;0;0;1;0
2021-02-03 06:40:59;72;21;8;21;2;6;2;0;0;1;0
2021-02-03 06:41:59;72;21;8;21;2;6;2;0;0;1;0
2021-02-03 06:42:58;74;22;8;21;3;6;2;0;0;1;0
2021-02-03 06:43:59;74;22;8;21;3;6;2;0;0;1;0
2021-02-03 06:44:58;74;22;8;21;3;6;2;0;0;1;0
2021-02-03 06:45:59;74;22;8;21;3;6;2;0;0;1;0
2021-02-03 06:46:59;74;22;8;21;3;6;2;0;0;1;0
2021-02-03 06:47:59;74;22;8;21;3;6;2;0;0;1;0
2021-02-03 06:48:58;74;22;8;21;3;6;2;0;0;1;0
2021-02-03 06:49:59;74;22;8;21;3;6;2;0;0;1;0
2021-02-03 06:50:58;74;22;8;21;3;6;2;0;0;1;0
2021-02-03 06:51:59;74;22;8;21;3;6;2;0;0;1;0
2021-02-03 06:52:59;74;22;8;21;3;6;2;0;0;1;0
2021-02-03 06:53:58;74;22;8;21;3;6;2;0;0;1;0
2021-02-03 06:54:59;74;22;8;21;3;6;2;0;0;1;0
2021-02-03 06:55:59;74;22;8;21;3;6;2;0;0;1;0
2021-02-03 06:56:58;74;22;8;21;3;6;2;0;0;1;0
2021-02-03 06:57:59;74;22;8;21;3;6;2;0;0;1;0
2021-02-03 06:58:58;74;22;8;21;3;6;2;0;0;1;0
2021-02-03 06:59:59;74;22;8;21;3;6;2;0;0;1;0
2021-02-03 07:00:59;76;22;8;22;3;6;2;0;0;1;0
2021-02-03 07:01:58;76;22;8;22;3;6;2;0;0;1;0
2021-02-03 07:02:59;76;22;8;22;3;6;2;0;0;1;0
2021-02-03 07:03:59;76;22;8;22;3;6;2;0;0;1;0
2021-02-03 07:04:58;76;22;8;22;3;6;2;0;0;1;0
2021-02-03 07:05:59;76;22;8;22;3;6;2;0;0;1;0
2021-02-03 07:06:58;76;22;8;22;3;6;2;0;0;1;0
2021-02-03 07:07:59;76;22;8;22;3;6;2;0;0;1;0
2021-02-03 07:08:58;76;22;8;22;3;6;2;0;0;1;0
2021-02-03 07:09:59;76;22;8;22;3;6;2;0;0;1;0
2021-02-03 07:10:59;76;22;8;22;3;6;2;0;0;1;0
2021-02-03 07:11:58;76;22;8;22;3;6;2;0;0;1;0
2021-02-03 07:12:59;76;22;8;22;3;6;2;0;0;1;0
2021-02-03 07:13:59;77;22;8;23;3;6;2;0;0;1;0
2021-02-03 07:14:58;77;22;8;23;3;6;2;0;0;1;0
2021-02-03 07:15:59;77;22;8;23;3;6;2;0;0;1;0
2021-02-03 07:16:59;77;22;8;23;3;6;2;0;0;1;0
2021-02-03 07:17:58;78;23;8;23;3;6;2;0;0;1;0
2021-02-03 07:18:59;78;23;8;23;3;6;2;0;0;1;0
2021-02-03 07:19:59;78;23;8;23;3;6;2;0;0;1;0
2021-02-03 07:20:58;78;23;8;23;3;6;2;0;0;1;0
2021-02-03 07:21:59;78;23;8;23;3;6;2;0;0;1;0
2021-02-03 07:22:58;78;23;8;23;3;6;2;0;0;1;0
2021-02-03 07:23:59;78;23;8;23;3;6;2;0;0;1;0
2021-02-03 07:24:59;78;23;8;23;3;6;2;0;0;1;0
2021-02-03 07:25:58;78;23;8;23;3;6;2;0;0;1;0
2021-02-03 07:26:59;78;23;8;23;3;6;2;0;0;1;0
2021-02-03 07:27:59;79;24;8;23;3;6;2;0;0;1;0
2021-02-03 07:28:58;79;24;8;23;3;6;2;0;0;1;0
2021-02-03 07:29:59;79;24;8;23;3;6;2;0;0;1;0
2021-02-03 07:30:58;79;24;8;23;3;6;2;0;0;1;0
2021-02-03 07:31:59;79;24;8;23;3;6;2;0;0;1;0
2021-02-03 07:32:59;79;24;8;23;3;6;2;0;0;1;0
2021-02-03 07:33:58;79;24;8;23;3;6;2;0;0;1;0
2021-02-03 07:34:59;79;24;8;23;3;6;2;0;0;1;0
2021-02-03 07:35:58;79;24;8;23;3;6;2;0;0;1;0
2021-02-03 07:36:59;79;24;8;23;3;6;2;0;0;1;0
2021-02-03 07:37:59;79;24;8;23;3;6;2;0;0;1;0
2021-02-03 07:38:58;79;24;8;23;3;6;2;0;0;1;0
2021-02-03 07:39:59;79;24;8;23;3;6;2;0;0;1;0
2021-02-03 07:40:59;79;24;8;23;3;6;2;0;0;1;0
2021-02-03 07:41:58;79;24;8;23;3;6;2;0;0;1;0
2021-02-03 07:42:59;79;24;8;23;3;6;2;0;0;1;0
2021-02-03 07:43:59;79;24;8;23;3;6;2;0;0;1;0
2021-02-03 07:44:58;79;24;8;23;3;6;2;0;0;1;0
2021-02-03 07:45:59;79;24;8;23;3;6;2;0;0;1;0
2021-02-03 07:46:58;80;24;8;23;3;7;2;0;0;1;0
2021-02-03 07:47:59;80;24;8;23;3;7;2;0;0;1;0
2021-02-03 07:48:59;80;24;8;23;3;7;2;0;0;1;0
2021-02-03 07:49:58;80;24;8;23;3;7;2;0;0;1;0
2021-02-03 07:50:59;81;25;8;23;3;7;2;0;0;1;0
2021-02-03 07:51:59;81;25;8;23;3;7;2;0;0;1;0
2021-02-03 07:52:58;81;25;8;23;3;7;2;0;0;1;0
2021-02-03 07:53:59;81;25;8;23;3;7;2;0;0;1;0
2021-02-03 07:54:59;81;25;8;23;3;7;2;0;0;1;0
2021-02-03 07:55:58;83;25;8;24;4;7;2;0;0;1;0
2021-02-03 07:56:59;85;27;8;24;4;7;2;0;0;1;0
2021-02-03 07:57:58;85;27;8;24;4;7;2;0;0;1;0
2021-02-03 07:58:59;85;27;8;24;4;7;2;0;0;1;0
2021-02-03 07:59:59;85;27;8;24;4;7;2;0;0;1;0
2021-02-03 08:00:58;85;27;8;24;4;7;2;0;0;1;0
2021-02-03 08:01:59;85;28;8;23;4;7;2;0;0;1;0
2021-02-03 08:02:59;85;28;8;23;4;7;2;0;0;1;0
2021-02-03 08:03:58;85;28;8;23;4;7;2;0;0;1;0
2021-02-03 08:04:59;85;28;8;23;4;7;2;0;0;1;0
2021-02-03 08:05:59;85;28;8;23;4;7;2;0;0;1;0
2021-02-03 08:06:58;85;28;8;23;4;7;2;0;0;1;0
2021-02-03 08:07:59;85;28;8;23;4;7;2;0;0;1;0
2021-02-03 08:08:59;85;28;8;23;4;7;2;0;0;1;0
2021-02-03 08:09:58;85;28;8;23;4;7;2;0;0;1;0
2021-02-03 08:10:59;85;28;8;23;4;7;2;0;0;1;0
2021-02-03 08:11:58;85;28;8;23;4;7;2;0;0;1;0
2021-02-03 08:12:59;86;29;8;23;4;7;2;0;0;1;0
2021-02-03 08:13:59;86;29;8;23;4;7;2;0;0;1;0
2021-02-03 08:15:00;86;29;8;23;4;7;2;0;0;1;0
2021-02-03 08:15:58;86;29;8;23;4;7;2;0;0;1;0
2021-02-03 08:16:59;86;29;8;23;4;7;2;0;0;1;0
2021-02-03 08:17:59;86;29;8;23;4;7;2;0;0;1;0
2021-02-03 08:18:58;86;29;8;23;4;7;2;0;0;1;0
2021-02-03 08:19:59;86;29;8;23;4;7;2;0;0;1;0
2021-02-03 08:20:58;87;29;9;23;4;7;2;0;0;1;0
2021-02-03 08:21:59;88;30;9;23;4;7;2;0;0;1;0
2021-02-03 08:22:59;88;30;9;23;4;7;2;0;0;1;0
2021-02-03 08:24:00;88;30;9;23;4;7;2;0;0;1;0
2021-02-03 08:24:58;89;31;9;23;4;7;2;0;0;1;0
2021-02-03 08:25:59;89;31;9;23;4;7;2;0;0;1;0
2021-02-03 08:26:59;89;31;9;23;4;7;2;0;0;1;0
2021-02-03 08:27:58;89;31;9;23;4;7;2;0;0;1;0
2021-02-03 08:28:59;89;31;9;23;4;7;2;0;0;1;0
2021-02-03 08:29:59;89;31;9;23;4;7;2;0;0;1;0
2021-02-03 08:30:58;90;31;9;24;4;7;2;0;0;1;0
2021-02-03 08:31:59;91;31;10;24;4;7;2;0;0;1;0
2021-02-03 08:33:00;91;31;10;24;4;7;2;0;0;1;0
2021-02-03 08:33:58;91;31;10;24;4;7;2;0;0;1;0
2021-02-03 08:34:59;91;31;10;24;4;7;2;0;0;1;0
2021-02-03 08:35:58;92;32;10;24;4;7;2;0;0;1;0
2021-02-03 08:36:59;92;32;10;24;4;7;2;0;0;1;0
2021-02-03 08:37:59;93;32;11;24;4;7;2;0;0;1;0
2021-02-03 08:38:58;93;32;11;24;4;7;2;0;0;1;0
2021-02-03 08:39:59;93;32;11;24;4;7;2;0;0;1;0
2021-02-03 08:40:59;93;32;11;24;4;7;2;0;0;1;0
2021-02-03 08:41:58;93;32;11;24;4;7;2;0;0;1;0
2021-02-03 08:42:59;94;32;11;24;4;7;3;0;0;1;0
2021-02-03 08:43:59;94;32;11;24;4;7;3;0;0;1;0
2021-02-03 08:44:58;94;32;11;24;4;7;3;0;0;1;0
2021-02-03 08:45:59;94;32;11;24;4;7;3;0;0;1;0
2021-02-03 08:46:59;94;32;11;24;4;7;3;0;0;1;0
2021-02-03 08:47:58;94;32;11;24;4;7;3;0;0;1;0
2021-02-03 08:48:59;94;32;11;24;4;7;3;0;0;1;0
2021-02-03 08:49:59;94;32;11;24;4;7;3;0;0;1;0
2021-02-03 08:50:58;94;32;11;24;4;7;3;0;0;1;0
2021-02-03 08:51:59;94;32;11;24;4;7;3;0;0;1;0
2021-02-03 08:53:00;94;32;11;24;4;7;3;0;0;1;0
2021-02-03 08:53:58;94;32;11;24;4;7;3;0;0;1;0
2021-02-03 08:54:59;94;32;11;24;4;7;3;0;0;1;0
2021-02-03 08:55:59;94;32;11;24;4;7;3;0;0;1;0
2021-02-03 08:56:58;95;32;11;24;4;7;3;0;0;2;0
2021-02-03 08:57:59;95;32;11;24;4;7;3;0;0;2;0
2021-02-03 08:58:59;95;32;11;24;4;7;3;0;0;2;0
2021-02-03 08:59:58;95;32;11;24;4;7;3;0;0;2;0
2021-02-03 09:00:59;96;32;11;25;4;7;3;0;0;2;0
2021-02-03 09:01:58;96;32;11;25;4;7;3;0;0;2;0
2021-02-03 09:02:59;96;32;11;25;4;7;3;0;0;2;0
2021-02-03 09:03:59;96;32;11;25;4;7;3;0;0;2;0
2021-02-03 09:04:58;96;32;11;25;4;7;3;0;0;2;0
2021-02-03 09:05:59;97;32;11;25;4;8;3;0;0;2;0
2021-02-03 09:06:59;97;32;11;25;4;8;3;0;0;2;0
2021-02-03 09:07:58;97;32;11;25;4;8;3;0;0;2;0
2021-02-03 09:08:59;97;32;11;25;4;8;3;0;0;2;0
2021-02-03 09:09:58;98;33;11;25;4;8;3;0;0;2;0
2021-02-03 09:10:59;98;33;11;25;4;8;3;0;0;2;0
2021-02-03 09:11:58;98;33;11;25;4;8;3;0;0;2;0
2021-02-03 09:12:59;100;34;11;25;4;8;3;0;0;2;0
2021-02-03 09:13:59;100;34;11;25;4;8;3;0;0;2;0
2021-02-03 09:14:58;100;34;11;25;4;8;3;0;0;2;0
2021-02-03 09:15:59;100;34;11;25;4;8;3;0;0;2;0
2021-02-03 09:16:59;100;34;11;25;4;8;3;0;0;2;0
2021-02-03 09:17:58;100;34;11;25;4;8;3;0;0;2;0
2021-02-03 09:18:59;100;34;11;25;4;8;3;0;0;2;0
2021-02-03 09:19:58;100;34;11;25;4;8;3;0;0;2;0
2021-02-03 09:20:59;101;35;11;25;4;8;3;0;0;2;0
2021-02-03 09:21:59;101;35;11;25;4;8;3;0;0;2;0
2021-02-03 09:22:58;102;35;12;25;4;8;3;0;0;2;0
2021-02-03 09:23:59;102;35;12;25;4;8;3;0;0;2;0
2021-02-03 09:24:59;103;35;12;25;4;8;3;0;0;2;0
2021-02-03 09:25:59;103;35;12;25;4;8;3;0;0;2;0
2021-02-03 09:26:59;105;36;12;25;4;9;3;0;0;2;0
2021-02-03 09:27:59;106;37;12;25;4;9;3;0;0;2;0
2021-02-03 09:28:59;106;37;12;25;4;9;3;0;0;2;0
2021-02-03 09:29:59;106;37;12;25;4;9;3;0;0;2;0
2021-02-03 09:30:58;106;37;12;25;4;9;3;0;0;2;0
2021-02-03 09:31:59;106;37;12;25;4;9;3;0;0;2;0
2021-02-03 09:32:59;106;37;12;25;4;9;3;0;0;2;0
2021-02-03 09:34:00;106;37;12;25;4;9;3;0;0;2;0
2021-02-03 09:34:58;107;38;12;25;4;9;3;0;0;2;0
2021-02-03 09:35:59;109;39;12;25;5;9;3;0;0;2;0
2021-02-03 09:36:58;110;39;12;25;5;9;3;0;0;2;0
2021-02-03 09:37:59;111;39;12;26;5;9;3;0;0;2;0
2021-02-03 09:38:58;111;39;12;26;5;9;3;0;0;2;0
2021-02-03 09:39:59;111;39;12;26;5;9;3;0;0;2;0
2021-02-03 09:40:59;111;39;12;26;5;9;3;0;0;2;0
2021-02-03 09:41:58;111;39;12;26;5;9;3;0;0;2;0
2021-02-03 09:42:59;111;39;12;26;5;9;3;0;0;2;0
2021-02-03 09:43:59;111;39;12;26;5;9;3;0;0;2;0
2021-02-03 09:44:58;111;39;12;26;5;9;3;0;0;2;0
2021-02-03 09:45:59;111;39;12;26;5;9;3;0;0;2;0
2021-02-03 09:46:58;111;39;12;26;5;9;3;0;0;2;0
2021-02-03 09:47:59;112;39;12;26;5;9;4;0;0;2;0
2021-02-03 09:48:59;114;39;12;27;5;9;4;0;0;2;0
2021-02-03 09:49:58;114;39;12;27;5;9;4;0;0;2;0
2021-02-03 09:50:59;114;39;12;27;5;9;4;0;0;2;0
2021-02-03 09:52:00;114;39;12;27;5;9;4;0;0;2;0
2021-02-03 09:52:58;114;39;12;27;5;9;4;0;0;2;0
2021-02-03 09:53:59;117;40;12;27;5;9;5;1;0;2;1
2021-02-03 09:54:59;118;40;12;27;6;9;5;1;0;2;1
2021-02-03 09:55:58;118;40;12;27;6;9;5;1;0;2;1
2021-02-03 09:56:59;119;40;12;27;7;9;5;1;0;2;1
2021-02-03 09:57:58;119;40;12;27;7;9;5;1;0;2;1
2021-02-03 09:58:59;120;40;12;27;7;9;6;1;0;2;1
2021-02-03 09:59:59;121;40;12;27;8;10;5;1;0;2;1
2021-02-03 10:00:58;121;40;12;27;8;10;5;1;0;2;1
2021-02-03 10:01:59;121;40;12;27;8;10;5;1;0;2;1
2021-02-03 10:02:59;121;40;12;27;8;10;5;1;0;2;1
2021-02-03 10:03:58;121;40;12;27;8;10;5;1;0;2;1
2021-02-03 10:04:59;121;41;12;26;8;10;5;1;0;2;1
2021-02-03 10:05:58;121;41;12;26;8;10;5;1;0;2;1
2021-02-03 10:06:59;122;41;12;27;8;10;5;1;0;2;1
2021-02-03 10:07:59;122;41;12;27;8;10;5;1;0;2;1
2021-02-03 10:08:58;122;41;12;27;8;10;5;1;0;2;1
2021-02-03 10:09:59;123;41;13;27;8;10;5;1;0;2;1
2021-02-03 10:10:59;124;42;13;27;8;10;5;1;0;2;1
2021-02-03 10:11:58;124;42;13;27;8;10;5;1;0;2;1
2021-02-03 10:12:59;125;42;13;27;8;11;5;1;0;2;1
2021-02-03 10:13:59;126;43;13;27;8;11;5;1;0;2;1
2021-02-03 10:14:58;126;43;13;27;8;11;5;1;0;2;1
2021-02-03 10:15:59;126;43;13;27;8;11;5;1;0;2;1
2021-02-03 10:16:59;126;43;13;27;8;11;5;1;0;2;1
2021-02-03 10:17:58;126;43;13;27;8;11;5;1;0;2;1
2021-02-03 10:18:59;127;44;13;27;8;11;5;1;0;2;1
2021-02-03 10:19:58;128;44;13;27;8;11;6;1;0;2;1
2021-02-03 10:20:59;128;44;13;27;8;11;6;1;0;2;1
2021-02-03 10:21:59;128;44;13;27;8;11;6;1;0;2;1
2021-02-03 10:22:59;128;44;13;27;8;11;6;1;0;2;1
2021-02-03 10:23:58;129;45;13;27;8;11;6;1;0;2;1
2021-02-03 10:24:59;130;45;13;27;8;11;7;1;0;2;1
2021-02-03 10:25:59;130;45;13;27;8;11;7;1;0;2;1
2021-02-03 10:26:58;131;46;13;27;8;11;7;1;0;2;1
2021-02-03 10:27:59;131;46;13;27;8;11;7;1;0;2;1
2021-02-03 10:28:58;132;46;14;27;8;11;7;1;0;2;1
2021-02-03 10:29:59;132;46;14;27;8;11;7;1;0;2;1
2021-02-03 10:30:59;132;46;14;27;8;11;7;1;0;2;1
2021-02-03 10:31:58;132;46;14;27;8;11;7;1;0;2;1
2021-02-03 10:32:59;133;47;14;27;8;11;7;1;0;2;1
2021-02-03 10:33:59;133;47;14;27;8;11;7;1;0;2;1
2021-02-03 10:34:59;134;48;14;27;8;11;7;1;0;2;1
2021-02-03 10:35:58;134;48;14;27;8;11;7;1;0;2;1
2021-02-03 10:36:59;134;48;14;27;8;11;7;1;0;2;1
2021-02-03 10:37:58;134;48;14;27;8;11;7;1;0;2;1
2021-02-03 10:38:59;134;48;14;27;8;11;7;1;0;2;1
2021-02-03 10:39:58;135;48;14;27;8;11;7;1;0;2;1
2021-02-03 10:40:59;135;48;14;27;8;11;7;1;0;2;1
2021-02-03 10:41:58;134;48;14;27;8;11;7;1;0;2;1
2021-02-03 10:42:59;134;48;14;27;8;11;7;1;0;2;1
2021-02-03 10:43:59;135;48;14;28;8;11;7;1;0;2;1
2021-02-03 10:44:58;135;48;14;28;8;11;7;1;0;2;1
2021-02-03 10:45:59;135;48;14;28;8;11;7;1;0;2;1
2021-02-03 10:46:58;135;48;14;28;8;11;7;1;0;2;1
2021-02-03 10:47:59;135;48;14;28;8;11;7;1;0;2;1
2021-02-03 10:48:59;135;48;14;28;8;11;7;1;0;2;1
2021-02-03 10:49:58;136;49;14;28;8;11;7;1;0;2;1
2021-02-03 10:50:59;136;49;14;28;8;11;7;1;0;2;1
2021-02-03 10:51:59;137;49;15;28;8;11;7;1;0;2;1
2021-02-03 10:52:58;137;49;15;28;8;11;7;1;0;2;1
2021-02-03 10:53:59;138;50;15;28;8;11;7;1;0;2;1
2021-02-03 10:54:59;138;50;15;28;8;11;7;1;0;2;1
2021-02-03 10:55:58;138;50;15;28;8;11;7;1;0;2;1
2021-02-03 10:56:59;138;50;15;28;8;11;7;1;0;2;1
2021-02-03 10:57:59;138;50;15;28;8;11;7;1;0;2;1
2021-02-03 10:58:58;138;50;15;28;8;11;7;1;0;2;1
2021-02-03 10:59:59;138;50;15;28;8;11;7;1;0;2;1
2021-02-03 11:00:58;138;50;15;28;8;11;7;1;0;2;1
2021-02-03 11:01:59;138;50;15;28;8;11;7;1;0;2;1
2021-02-03 11:02:59;139;51;15;28;8;11;7;1;0;2;1
2021-02-03 11:03:58;140;51;15;28;8;12;7;1;0;2;1
2021-02-03 11:04:59;140;51;15;28;8;12;7;1;0;2;1
2021-02-03 11:05:59;141;52;15;28;8;12;7;1;0;2;1
2021-02-03 11:06:58;142;52;15;29;8;12;7;1;0;2;1
2021-02-03 11:07:59;142;52;15;29;8;12;7;1;0;2;1
2021-02-03 11:08:59;142;52;15;29;8;12;7;1;0;2;1
2021-02-03 11:09:59;142;52;15;29;8;12;7;1;0;2;1
2021-02-03 11:10:59;142;52;15;29;8;12;7;1;0;2;1
2021-02-03 11:11:58;142;52;15;29;8;12;7;1;0;2;1
2021-02-03 11:12:59;142;52;15;29;8;12;7;1;0;2;1
2021-02-03 11:13:59;142;52;15;29;8;12;7;1;0;2;1
2021-02-03 11:14:58;143;53;15;29;8;12;7;1;0;2;1
2021-02-03 11:15:59;143;53;15;29;8;12;7;1;0;2;1
2021-02-03 11:16:58;143;53;15;29;8;12;7;1;0;2;1
2021-02-03 11:17:59;143;53;15;29;8;12;7;1;0;2;1
2021-02-03 11:18:59;143;53;15;29;8;12;7;1;0;2;1
2021-02-03 11:19:59;143;53;15;29;8;12;7;1;0;2;1
2021-02-03 11:20:58;143;53;15;29;8;12;7;1;0;2;1
2021-02-03 11:21:59;143;53;15;29;8;12;7;1;0;2;1
2021-02-03 11:22:59;143;53;15;29;8;12;7;1;0;2;1
2021-02-03 11:23:58;143;53;15;29;8;12;7;1;0;2;1
2021-02-03 11:24:59;143;53;15;29;8;12;7;1;0;2;1
2021-02-03 11:25:59;142;52;15;29;8;12;7;1;0;2;1
2021-02-03 11:26:58;142;52;15;29;8;12;7;1;0;2;1
2021-02-03 11:27:59;143;53;15;29;8;12;7;1;0;2;1
2021-02-03 11:28:58;143;53;15;29;8;12;7;1;0;2;1
2021-02-03 11:29:59;143;53;15;29;8;12;7;1;0;2;1
2021-02-03 11:30:58;143;53;15;29;8;12;7;1;0;2;1
2021-02-03 11:31:59;143;53;15;29;8;12;7;1;0;2;1
2021-02-03 11:32:59;143;53;15;29;8;12;7;1;0;2;1
2021-02-03 11:33:58;143;53;15;29;8;12;7;1;0;2;1
2021-02-03 11:34:59;143;53;15;29;8;12;7;1;0;2;1
2021-02-03 11:35:58;143;53;15;29;8;12;7;1;0;2;1
2021-02-03 11:36:59;143;53;15;29;8;12;7;1;0;2;1
2021-02-03 11:37:59;143;53;15;29;8;12;7;1;0;2;1
2021-02-03 11:38:58;144;53;15;29;8;12;7;2;0;2;1
2021-02-03 11:39:59;145;53;16;29;8;12;7;2;0;2;1
2021-02-03 11:40:59;145;53;16;29;8;12;7;2;0;2;1
2021-02-03 11:41:58;145;53;16;29;8;12;7;2;0;2;1
2021-02-03 11:42:59;146;53;16;30;8;12;7;2;0;2;1
2021-02-03 11:43:59;147;53;16;31;8;12;7;2;0;2;1
2021-02-03 11:44:58;147;53;16;31;8;12;7;2;0;2;1
2021-02-03 11:45:59;147;53;16;31;8;12;7;2;0;2;1
2021-02-03 11:47:00;147;53;16;31;8;12;7;2;0;2;1
2021-02-03 11:47:58;147;53;16;31;8;12;7;2;0;2;1
2021-02-03 11:48:59;148;54;16;31;8;12;7;2;0;2;1
2021-02-03 11:49:58;149;54;16;31;8;12;7;2;0;2;1
2021-02-03 11:50:59;149;54;16;31;8;12;7;2;0;2;1
2021-02-03 11:51:59;149;54;16;31;8;12;7;2;0;2;1
2021-02-03 11:52:58;149;54;16;31;8;12;7;2;0;2;1
2021-02-03 11:53:59;150;55;16;31;8;12;7;2;0;2;1
2021-02-03 11:54:58;150;55;16;31;8;12;7;2;0;2;1
2021-02-03 11:55:59;150;55;16;31;8;12;7;2;0;2;1
2021-02-03 11:56:59;150;55;16;31;8;12;7;2;0;2;1
2021-02-03 11:57:58;150;55;16;31;8;12;7;2;0;2;1
2021-02-03 11:58:59;150;55;16;31;8;12;7;2;0;2;1
2021-02-03 11:59:58;150;55;16;31;8;12;7;2;0;2;1
2021-02-03 12:00:59;150;55;16;31;8;12;7;2;0;2;1
2021-02-03 12:01:59;150;55;16;31;8;12;7;2;0;2;1
2021-02-03 12:02:58;150;55;16;31;8;12;7;2;0;2;1
2021-02-03 12:03:59;151;56;16;31;8;12;7;2;0;2;1
2021-02-03 12:04:59;151;57;16;30;8;12;7;2;0;2;1
2021-02-03 12:05:58;151;57;16;30;8;12;7;2;0;2;1
2021-02-03 12:06:59;151;57;16;30;8;12;7;2;0;2;1
2021-02-03 12:07:59;151;57;16;30;8;12;7;2;0;2;1
2021-02-03 12:08:58;152;57;16;30;8;12;7;2;0;2;1
2021-02-03 12:09:59;152;57;16;30;8;12;7;2;0;2;1
2021-02-03 12:10:59;152;57;16;30;8;12;7;2;0;2;1
2021-02-03 12:11:58;153;58;16;30;8;12;7;2;0;2;1
2021-02-03 12:12:59;154;59;16;30;8;12;7;2;0;2;1
2021-02-03 12:13:59;154;59;16;30;8;12;7;2;0;2;1
2021-02-03 12:14:58;154;59;16;30;8;12;7;2;0;2;1
2021-02-03 12:15:59;154;59;16;30;8;12;7;2;0;2;1
2021-02-03 12:16:59;156;59;16;30;9;12;7;2;0;2;1
2021-02-03 12:17:58;156;59;16;30;9;12;7;2;0;2;1
2021-02-03 12:18:59;156;59;16;30;9;12;7;2;0;2;1
2021-02-03 12:19:58;156;59;16;30;9;12;7;2;0;2;1
2021-02-03 12:20:59;157;59;16;31;9;12;7;2;0;2;1
2021-02-03 12:21:59;157;59;16;31;9;12;7;2;0;2;1
2021-02-03 12:23:00;157;59;16;31;9;12;7;2;0;2;1
2021-02-03 12:23:58;158;59;17;31;9;12;7;2;0;2;1
2021-02-03 12:24:59;158;59;17;31;9;12;7;2;0;2;1
2021-02-03 12:25:58;158;59;17;31;9;12;7;2;0;2;1
2021-02-03 12:26:59;158;59;17;31;9;12;7;2;0;2;1
2021-02-03 12:27:59;158;59;17;31;9;12;7;2;0;2;1
2021-02-03 12:28:59;157;58;17;31;9;12;7;2;0;2;1
2021-02-03 12:29:59;157;58;17;31;9;12;7;2;0;2;1
2021-02-03 12:30:58;157;58;17;31;9;12;7;2;0;2;1
2021-02-03 12:31:59;157;58;17;31;9;12;7;2;0;2;1
2021-02-03 12:32:58;157;58;17;31;9;12;7;2;0;2;1
2021-02-03 12:33:59;157;58;17;31;9;12;7;2;0;2;1
2021-02-03 12:34:59;157;58;17;31;9;12;7;2;0;2;1
2021-02-03 12:35:58;156;57;17;31;9;12;7;2;0;2;1
2021-02-03 12:36:59;154;55;17;31;9;12;7;2;0;2;1
2021-02-03 12:37:59;153;55;17;30;9;12;7;2;0;2;1
2021-02-03 12:38:58;153;55;17;30;9;12;7;2;0;2;1
2021-02-03 12:39:59;153;55;17;30;9;12;7;2;0;2;1
2021-02-03 12:40:59;153;55;17;30;9;12;7;2;0;2;1
2021-02-03 12:41:58;153;55;17;30;9;12;7;2;0;2;1
2021-02-03 12:42:59;153;55;17;30;9;12;7;2;0;2;1
2021-02-03 12:43:59;155;56;17;30;9;12;8;2;0;2;1
2021-02-03 12:44:58;155;56;17;30;9;12;8;2;0;2;1
2021-02-03 12:45:59;156;56;18;30;9;12;8;2;0;2;1
2021-02-03 12:46:59;157;57;18;30;9;12;8;2;0;2;1
2021-02-03 12:47:58;159;59;18;30;9;12;8;2;0;2;1
2021-02-03 12:48:59;159;59;18;30;9;12;8;2;0;2;1
2021-02-03 12:50:00;160;59;18;31;9;12;8;2;0;2;1
2021-02-03 12:50:58;161;60;18;31;9;12;8;2;0;2;1
2021-02-03 12:51:59;161;61;18;30;9;12;8;2;0;2;1
2021-02-03 12:52:58;162;62;18;30;9;12;8;2;0;2;1
2021-02-03 12:53:59;162;62;18;30;9;12;8;2;0;2;1
2021-02-03 12:54:59;162;62;18;30;9;12;8;2;0;2;1
2021-02-03 12:55:58;162;62;18;30;9;12;8;2;0;2;1
2021-02-03 12:56:59;162;62;18;30;9;12;8;2;0;2;1
2021-02-03 12:57:58;162;62;18;30;9;12;8;2;0;2;1
2021-02-03 12:58:59;162;62;18;30;9;12;8;2;0;2;1
2021-02-03 12:59:59;162;62;18;30;9;12;8;2;0;2;1
2021-02-03 13:00:58;162;62;18;30;9;12;8;2;0;2;1
2021-02-03 13:01:59;162;62;18;30;9;12;8;2;0;2;1
2021-02-03 13:02:59;164;62;18;31;9;13;8;2;0;2;1
2021-02-03 13:03:58;164;62;18;31;9;13;8;2;0;2;1
2021-02-03 13:04:59;164;62;18;31;9;13;8;2;0;2;1
2021-02-03 13:05:59;164;62;18;31;9;13;8;2;0;2;1
2021-02-03 13:06:58;164;62;18;31;9;13;8;2;0;2;1
2021-02-03 13:07:59;164;62;18;31;9;13;8;2;0;2;1
2021-02-03 13:08:59;165;62;18;32;9;13;8;2;0;2;1
2021-02-03 13:09:58;165;62;18;32;9;13;8;2;0;2;1
2021-02-03 13:10:59;165;62;18;32;9;13;8;2;0;2;1
2021-02-03 13:11:58;166;63;18;32;9;13;8;2;0;2;1
2021-02-03 13:12:59;166;63;18;32;9;13;8;2;0;2;1
2021-02-03 13:13:59;167;63;18;32;9;14;8;2;0;2;1
2021-02-03 13:14:58;168;64;18;32;9;14;8;2;0;2;1
2021-02-03 13:15:59;169;65;18;32;9;14;8;2;0;2;1
2021-02-03 13:16:59;169;65;18;32;9;14;8;2;0;2;1
2021-02-03 13:17:58;169;65;18;32;9;14;8;2;0;2;1
2021-02-03 13:18:59;169;65;18;32;9;14;8;2;0;2;1
2021-02-03 13:20:00;170;66;18;32;9;14;8;2;0;2;1
2021-02-03 13:20:58;170;66;18;32;9;14;8;2;0;2;1
2021-02-03 13:21:59;171;67;18;32;9;14;8;2;0;2;1
2021-02-03 13:22:59;171;67;18;32;9;14;8;2;0;2;1
2021-02-03 13:23:58;171;67;18;32;9;14;8;2;0;2;1
2021-02-03 13:24:59;172;68;18;32;9;14;8;2;0;2;1
2021-02-03 13:25:59;172;68;18;32;9;14;8;2;0;2;1
2021-02-03 13:26:58;172;68;18;32;9;14;8;2;0;2;1
2021-02-03 13:27:59;172;68;18;32;9;14;8;2;0;2;1
2021-02-03 13:28:58;172;68;18;32;9;14;8;2;0;2;1
2021-02-03 13:29:59;172;68;18;32;9;14;8;2;0;2;1
2021-02-03 13:30:59;173;68;18;33;9;14;8;2;0;2;1
2021-02-03 13:31:58;174;68;18;34;9;14;8;2;0;2;1
2021-02-03 13:32:59;174;68;18;34;9;14;8;2;0;2;1
2021-02-03 13:34:00;174;68;18;34;9;14;8;2;0;2;1
2021-02-03 13:34:58;175;68;18;34;10;14;8;2;0;2;1
2021-02-03 13:35:59;176;69;18;34;10;14;8;2;0;2;1
2021-02-03 13:36:58;176;69;18;34;10;14;8;2;0;2;1
2021-02-03 13:37:59;176;69;18;34;10;14;8;2;0;2;1
2021-02-03 13:38:59;176;69;18;34;10;14;8;2;0;2;1
2021-02-03 13:39:58;177;70;18;34;10;14;8;2;0;2;1
2021-02-03 13:40:59;177;70;18;34;10;14;8;2;0;2;1
2021-02-03 13:41:59;177;70;18;34;10;14;8;2;0;2;1
2021-02-03 13:42:58;177;70;18;34;10;14;8;2;0;2;1
2021-02-03 13:43:59;178;70;18;34;11;14;8;2;0;2;1
2021-02-03 13:44:59;178;70;18;34;11;14;8;2;0;2;1
2021-02-03 13:45:58;178;70;18;34;11;14;8;2;0;2;1
2021-02-03 13:46:59;178;70;18;34;11;14;8;2;0;2;1
2021-02-03 13:47:59;178;70;18;34;11;14;8;2;0;2;1
2021-02-03 13:48:59;178;70;18;34;11;14;8;2;0;2;1
2021-02-03 13:49:58;177;70;18;33;11;14;8;2;0;2;1
2021-02-03 13:50:59;177;70;18;33;11;14;8;2;0;2;1
2021-02-03 13:51:59;177;70;18;33;11;14;8;2;0;2;1
2021-02-03 13:52:58;177;70;18;33;11;14;8;2;0;2;1
2021-02-03 13:53:59;178;71;18;33;11;14;8;2;0;2;1
2021-02-03 13:54:59;177;70;18;33;11;14;8;2;0;2;1
2021-02-03 13:55:58;177;70;18;33;11;14;8;2;0;2;1
2021-02-03 13:56:59;177;70;18;33;11;14;8;2;0;2;1
2021-02-03 13:57:59;177;70;18;33;11;14;8;2;0;2;1
2021-02-03 13:58:58;178;70;18;34;11;14;8;2;0;2;1
2021-02-03 13:59:59;178;70;18;34;11;14;8;2;0;2;1
2021-02-03 14:00:59;178;70;18;34;11;14;8;2;0;2;1
2021-02-03 14:01:58;180;71;18;35;11;14;8;2;0;2;1
2021-02-03 14:02:59;180;71;18;35;11;14;8;2;0;2;1
2021-02-03 14:03:59;180;71;18;35;11;14;8;2;0;2;1
2021-02-03 14:04:58;182;71;18;36;11;14;8;2;0;3;1
2021-02-03 14:05:59;182;71;18;36;11;14;8;2;0;3;1
2021-02-03 14:06:59;183;72;18;36;11;14;8;2;0;3;1
2021-02-03 14:07:58;183;72;18;36;11;14;8;2;0;3;1
2021-02-03 14:08:59;184;73;18;36;11;14;8;2;0;3;1
2021-02-03 14:09:59;184;73;18;36;11;14;8;2;0;3;1
2021-02-03 14:10:58;184;73;18;36;11;14;8;2;0;3;1
2021-02-03 14:11:59;184;73;18;36;11;14;8;2;0;3;1
2021-02-03 14:12:59;184;73;18;36;11;14;8;2;0;3;1
2021-02-03 14:13:59;184;73;18;36;11;14;8;2;0;3;1
2021-02-03 14:14:58;184;73;18;36;11;14;8;2;0;3;1
2021-02-03 14:15:59;184;73;18;36;11;14;8;2;0;3;1
2021-02-03 14:16:59;184;73;18;36;11;14;8;2;0;3;1
2021-02-03 14:17:58;185;73;18;37;11;14;8;2;0;3;1
2021-02-03 14:18:59;185;73;18;37;11;14;8;2;0;3;1
2021-02-03 14:19:59;188;73;18;37;11;15;8;2;2;3;2
2021-02-03 14:20:58;188;73;18;37;11;15;8;2;2;3;2
2021-02-03 14:21:59;189;74;18;37;11;15;8;2;2;3;2
2021-02-03 14:22:58;189;74;18;37;11;15;8;2;2;3;2
2021-02-03 14:23:59;189;74;18;37;11;15;8;2;2;3;2
2021-02-03 14:24:58;190;74;18;38;11;15;8;2;2;3;2
2021-02-03 14:25:59;190;74;18;38;11;15;8;2;2;3;2
2021-02-03 14:26:59;190;74;18;38;11;15;8;2;2;3;2
2021-02-03 14:27:58;191;74;18;38;12;15;8;2;2;3;2
2021-02-03 14:28:59;191;74;18;38;12;15;8;2;2;3;2
2021-02-03 14:29:58;191;74;18;38;12;15;8;2;2;3;2
2021-02-03 14:30:59;191;74;18;38;12;15;8;2;2;3;2
2021-02-03 14:31:59;191;74;18;38;12;15;8;2;2;3;2
2021-02-03 14:32:58;191;74;18;38;12;15;8;2;2;3;2
2021-02-03 14:33:59;192;74;18;38;12;15;8;2;2;3;2
2021-02-03 14:34:59;193;75;18;38;12;15;8;2;2;3;2
2021-02-03 14:35:58;194;76;18;38;12;15;8;2;2;3;2
2021-02-03 14:36:59;194;76;18;38;12;15;8;2;2;3;2
2021-02-03 14:37:58;195;76;18;38;12;15;8;2;2;3;2
2021-02-03 14:38:59;195;76;18;38;12;15;8;2;2;3;2
2021-02-03 14:39:59;195;76;18;38;12;15;8;2;2;3;2
2021-02-03 14:40:58;195;76;18;38;12;15;8;2;2;3;2
2021-02-03 14:41:59;195;76;18;38;12;15;8;2;2;3;2
2021-02-03 14:42:58;195;76;18;38;12;15;8;2;2;3;2
2021-02-03 14:43:59;195;76;18;38;12;15;8;2;2;3;2
2021-02-03 14:44:58;195;76;18;38;12;15;8;2;2;3;2
2021-02-03 14:45:59;195;76;18;38;12;15;8;2;2;3;2
2021-02-03 14:46:59;195;76;18;38;12;15;8;2;2;3;2
2021-02-03 14:47:58;195;76;18;38;12;15;8;2;2;3;2
2021-02-03 14:48:59;195;76;18;38;12;15;8;2;2;3;2
2021-02-03 14:49:59;195;76;18;38;12;15;8;2;2;3;2
2021-02-03 14:50:58;195;76;18;38;12;15;8;2;2;3;2
2021-02-03 14:51:59;195;76;18;38;12;15;8;2;2;3;2
2021-02-03 14:52:59;197;77;18;38;13;15;8;2;2;3;2
2021-02-03 14:53:59;197;77;18;38;13;15;8;2;2;3;2
2021-02-03 14:55:00;198;78;18;38;13;15;8;2;2;3;2
2021-02-03 14:55:58;198;78;18;38;13;15;8;2;2;3;2
2021-02-03 14:56:59;198;78;18;38;13;15;8;2;2;3;2
2021-02-03 14:57:59;198;78;18;38;13;15;8;2;2;3;2
2021-02-03 14:58:58;198;78;18;38;13;15;8;2;2;3;2
2021-02-03 14:59:59;198;78;18;38;13;15;8;2;2;3;2
2021-02-03 15:00:58;198;78;18;38;13;15;8;2;2;3;2
2021-02-03 15:01:59;198;78;18;38;13;15;8;2;2;3;2
2021-02-03 15:02:59;198;78;18;38;13;15;8;2;2;3;2
2021-02-03 15:03:58;199;78;18;38;13;15;8;3;2;3;2
2021-02-03 15:04:59;199;78;18;38;13;15;8;3;2;3;2
2021-02-03 15:05:59;200;79;18;38;13;15;8;3;2;3;2
2021-02-03 15:06:58;200;79;18;38;13;15;8;3;2;3;2
2021-02-03 15:07:59;202;80;18;38;14;15;8;3;2;3;2
2021-02-03 15:09:00;203;81;18;38;14;15;8;3;2;3;2
2021-02-03 15:09:58;203;81;18;38;14;15;8;3;2;3;2
2021-02-03 15:10:59;203;81;18;38;14;15;8;3;2;3;2
2021-02-03 15:11:58;204;82;18;38;14;15;8;3;2;3;2
2021-02-03 15:12:59;204;82;18;38;14;15;8;3;2;3;2
2021-02-03 15:13:59;204;82;18;38;14;15;8;3;2;3;2
2021-02-03 15:14:58;204;82;18;38;14;15;8;3;2;3;2
2021-02-03 15:15:59;205;83;18;38;14;15;8;3;2;3;2
2021-02-03 15:16:59;205;83;18;38;14;15;8;3;2;3;2
2021-02-03 15:17:58;205;83;18;38;14;15;8;3;2;3;2
2021-02-03 15:18:59;205;83;18;38;14;15;8;3;2;3;2
2021-02-03 15:20:00;205;83;18;38;14;15;8;3;2;3;2
2021-02-03 15:20:58;205;83;18;38;14;15;8;3;2;3;2
2021-02-03 15:21:59;205;83;18;38;14;15;8;3;2;3;2
2021-02-03 15:22:59;205;83;18;38;14;15;8;3;2;3;2
2021-02-03 15:23:58;205;83;18;38;14;15;8;3;2;3;2
2021-02-03 15:24:59;205;83;18;38;14;15;8;3;2;3;2
2021-02-03 15:25:59;205;83;18;38;14;15;8;3;2;3;2
2021-02-03 15:26:58;205;83;18;38;14;15;8;3;2;3;2
2021-02-03 15:27:59;205;83;18;38;14;15;8;3;2;3;2
2021-02-03 15:28:59;205;83;18;38;14;15;8;3;2;3;2
2021-02-03 15:29:58;205;83;18;38;14;15;8;3;2;3;2
2021-02-03 15:30:59;205;83;18;38;14;15;8;3;2;3;2
2021-02-03 15:31:58;206;84;18;38;14;15;8;3;2;3;2
2021-02-03 15:32:59;206;84;18;38;14;15;8;3;2;3;2
2021-02-03 15:33:59;206;84;18;38;14;15;8;3;2;3;2
2021-02-03 15:34:58;206;84;18;38;14;15;8;3;2;3;2
2021-02-03 15:35:59;206;84;18;38;14;15;8;3;2;3;2
2021-02-03 15:36:59;206;84;18;38;14;15;8;3;2;3;2
2021-02-03 15:37:58;206;84;18;38;14;15;8;3;2;3;2
2021-02-03 15:38:59;206;84;18;38;14;15;8;3;2;3;2
2021-02-03 15:39:58;207;85;18;38;14;15;8;3;2;3;2
2021-02-03 15:40:59;208;86;18;38;14;15;8;3;2;3;2
2021-02-03 15:41:59;209;86;19;38;14;15;8;3;2;3;2
2021-02-03 15:42:58;209;86;19;38;14;15;8;3;2;3;2
2021-02-03 15:43:59;209;86;19;38;14;15;8;3;2;3;2
2021-02-03 15:44:58;209;86;19;38;14;15;8;3;2;3;2
2021-02-03 15:45:59;209;86;19;38;14;15;8;3;2;3;2
2021-02-03 15:46:59;209;86;19;38;14;15;8;3;2;3;2
2021-02-03 15:47:58;209;86;19;38;14;15;8;3;2;3;2
2021-02-03 15:48:59;209;86;19;38;14;15;8;3;2;3;2
2021-02-03 15:49:59;209;86;19;38;14;15;8;3;2;3;2
2021-02-03 15:50:58;209;86;19;38;14;15;8;3;2;3;2
2021-02-03 15:51:59;209;86;19;38;14;15;8;3;2;3;2
2021-02-03 15:52:59;209;87;19;38;13;15;8;3;2;3;2
2021-02-03 15:53:58;209;87;19;38;13;15;8;3;2;3;2
2021-02-03 15:54:59;209;87;19;38;13;15;8;3;2;3;2
2021-02-03 15:55:59;209;87;19;38;13;15;8;3;2;3;2
2021-02-03 15:56:58;209;87;19;38;13;15;8;3;2;3;2
2021-02-03 15:57:59;209;87;19;38;13;15;8;3;2;3;2
2021-02-03 15:58:59;209;87;19;38;13;15;8;3;2;3;2
2021-02-03 16:00:00;209;87;19;38;13;15;8;3;2;3;2
2021-02-03 16:00:58;209;87;19;38;13;15;8;3;2;3;2
2021-02-03 16:01:59;209;87;19;38;13;15;8;3;2;3;2
2021-02-03 16:02:58;209;87;19;38;13;15;8;3;2;3;2
2021-02-03 16:03:59;209;87;19;38;13;15;8;3;2;3;2
2021-02-03 16:04:58;209;87;19;38;13;15;8;3;2;3;2
2021-02-03 16:05:59;209;87;19;38;13;15;8;3;2;3;2
2021-02-03 16:07:00;209;87;19;38;13;15;8;3;2;3;2
2021-02-03 16:07:58;209;87;19;38;13;15;8;3;2;3;2
2021-02-03 16:08:59;209;87;19;38;13;15;8;3;2;3;2
2021-02-03 16:09:58;210;87;19;39;13;15;8;3;2;3;2
2021-02-03 16:10:59;210;87;19;39;13;15;8;3;2;3;2
2021-02-03 16:11:58;210;87;19;39;13;15;8;3;2;3;2
2021-02-03 16:12:59;211;87;19;40;13;15;8;3;2;3;2
2021-02-03 16:13:59;211;87;19;40;13;15;8;3;2;3;2
2021-02-03 16:14:58;211;87;19;40;13;15;8;3;2;3;2
2021-02-03 16:15:59;211;87;19;40;13;15;8;3;2;3;2
2021-02-03 16:16:59;211;87;19;40;13;15;8;3;2;3;2
2021-02-03 16:17:58;211;87;19;40;13;15;8;3;2;3;2
2021-02-03 16:18:59;212;88;19;40;13;15;8;3;2;3;2
2021-02-03 16:20:00;212;88;19;40;13;15;8;3;2;3;2
2021-02-03 16:20:58;213;88;19;40;13;15;8;3;2;3;3
2021-02-03 16:21:59;213;88;19;40;13;15;8;3;2;3;3
2021-02-03 16:22:58;213;88;19;40;13;15;8;3;2;3;3
2021-02-03 16:23:59;214;89;19;40;13;15;8;3;2;3;3
2021-02-03 16:24:59;214;89;19;40;13;15;8;3;2;3;3
2021-02-03 16:25:58;214;89;19;40;13;15;8;3;2;3;3
2021-02-03 16:26:59;214;89;19;40;13;15;8;3;2;3;3
2021-02-03 16:27:59;214;89;19;40;13;15;8;3;2;3;3
2021-02-03 16:28:58;214;89;19;40;13;15;8;3;2;3;3
2021-02-03 16:29:59;215;90;19;40;13;15;8;3;2;3;3
2021-02-03 16:30:59;215;90;19;40;13;15;8;3;2;3;3
2021-02-03 16:31:58;215;90;19;40;13;15;8;3;2;3;3
2021-02-03 16:32:59;215;90;19;40;13;15;8;3;2;3;3
2021-02-03 16:33:59;215;90;19;40;13;15;8;3;2;3;3
2021-02-03 16:34:58;215;90;19;40;13;15;8;3;2;3;3
2021-02-03 16:35:59;216;91;19;40;13;15;8;3;2;3;3
2021-02-03 16:36:59;216;91;19;40;13;15;8;3;2;3;3
2021-02-03 16:37:58;216;91;19;40;13;15;8;3;2;3;3
2021-02-03 16:38:59;216;91;19;40;13;15;8;3;2;3;3
2021-02-03 16:39:59;217;92;19;40;13;15;8;3;2;3;3
2021-02-03 16:40:59;217;92;19;40;13;15;8;3;2;3;3
2021-02-03 16:41:59;217;92;19;40;13;15;8;3;2;3;3
2021-02-03 16:42:59;218;91;21;40;13;15;8;3;2;3;3
2021-02-03 16:43:58;218;91;21;40;13;15;8;3;2;3;3
2021-02-03 16:44:59;218;91;21;40;13;15;8;3;2;3;3
2021-02-03 16:45:59;218;91;21;40;13;15;8;3;2;3;3
2021-02-03 16:46:58;218;91;21;40;13;15;8;3;2;3;3
2021-02-03 16:47:59;219;91;21;41;13;15;8;3;2;3;3
2021-02-03 16:48:59;219;91;21;41;13;15;8;3;2;3;3
2021-02-03 16:49:58;219;91;21;41;13;15;8;3;2;3;3
2021-02-03 16:50:59;219;91;21;41;13;15;8;3;2;3;3
2021-02-03 16:51:59;219;91;21;41;13;15;8;3;2;3;3
2021-02-03 16:52:58;219;91;21;41;13;15;8;3;2;3;3
2021-02-03 16:53:59;219;91;21;41;13;15;8;3;2;3;3
2021-02-03 16:54:59;219;91;21;41;13;15;8;3;2;3;3
2021-02-03 16:55:58;219;91;21;41;13;15;8;3;2;3;3
2021-02-03 16:56:59;219;91;21;41;13;15;8;3;2;3;3
2021-02-03 16:57:59;220;91;21;41;13;15;8;3;2;3;3
2021-02-03 16:58:58;220;91;21;41;13;15;8;3;2;3;3
2021-02-03 16:59:59;220;91;21;41;13;15;8;3;2;3;3
2021-02-03 17:00:59;221;91;22;41;13;15;8;3;2;3;3
2021-02-03 17:01:58;222;91;22;41;13;15;8;3;2;3;3
2021-02-03 17:02:59;222;91;22;41;13;15;8;3;2;3;3
2021-02-03 17:03:58;222;91;22;41;13;15;8;3;2;3;3
2021-02-03 17:04:59;222;91;22;41;13;15;8;3;2;3;3
2021-02-03 17:05:59;223;91;23;41;13;15;8;3;2;3;3
2021-02-03 17:06:58;223;91;23;41;13;15;8;3;2;3;3
2021-02-03 17:07:59;223;91;23;41;13;15;8;3;2;3;3
2021-02-03 17:08:59;223;91;23;41;13;15;8;3;2;3;3
2021-02-03 17:09:58;223;91;23;41;13;15;8;3;2;3;3
2021-02-03 17:10:59;223;91;23;41;13;15;8;3;2;3;3
2021-02-03 17:11:59;224;91;23;41;13;16;8;3;2;3;3
2021-02-03 17:12:58;224;91;23;41;13;16;8;3;2;3;3
2021-02-03 17:13:59;224;91;23;41;13;16;8;3;2;3;3
2021-02-03 17:15:00;224;91;23;41;13;16;8;3;2;3;3
2021-02-03 17:15:58;224;91;23;41;13;16;8;3;2;3;3
2021-02-03 17:16:59;224;91;23;41;13;16;8;3;2;3;3
2021-02-03 17:17:58;225;91;24;41;13;16;8;3;2;3;3
2021-02-03 17:18:59;225;91;24;41;13;16;8;3;2;3;3
2021-02-03 17:19:59;225;91;24;41;13;16;8;3;2;3;3
2021-02-03 17:20:58;227;91;24;41;13;16;8;5;2;3;3
2021-02-03 17:21:59;227;91;24;41;13;16;8;5;2;3;3
2021-02-03 17:22:59;227;91;24;41;13;16;8;5;2;3;3
2021-02-03 17:23:58;227;91;24;41;13;16;8;5;2;3;3
2021-02-03 17:24:59;227;91;24;41;13;16;8;5;2;3;3
2021-02-03 17:25:59;227;91;24;41;13;16;8;5;2;3;3
2021-02-03 17:26:58;227;91;24;41;13;16;8;5;2;3;3
2021-02-03 17:27:59;227;91;24;41;13;16;8;5;2;3;3
2021-02-03 17:28:59;228;92;24;41;13;16;8;5;2;3;3
2021-02-03 17:29:58;228;92;24;41;13;16;8;5;2;3;3
2021-02-03 17:30:59;228;92;24;41;13;16;8;5;2;3;3
2021-02-03 17:31:59;228;92;24;41;13;16;8;5;2;3;3
2021-02-03 17:32:58;228;92;24;41;13;16;8;5;2;3;3
2021-02-03 17:33:59;228;92;24;41;13;16;8;5;2;3;3
2021-02-03 17:34:59;229;92;25;41;13;16;8;5;2;3;3
2021-02-03 17:35:58;229;92;25;41;13;16;8;5;2;3;3
2021-02-03 17:36:59;229;92;25;41;13;16;8;5;2;3;3
2021-02-03 17:37:58;229;92;25;41;13;16;8;5;2;3;3
2021-02-03 17:38:59;229;92;25;41;13;16;8;5;2;3;3
2021-02-03 17:39:59;229;92;25;41;13;16;8;5;2;3;3
2021-02-03 17:40:58;229;92;25;41;13;16;8;5;2;3;3
2021-02-03 17:41:59;229;92;25;41;13;16;8;5;2;3;3
2021-02-03 17:42:59;229;92;25;41;13;16;8;5;2;3;3
2021-02-03 17:43:58;230;93;25;41;13;16;8;5;2;3;3
2021-02-03 17:44:59;230;93;25;41;13;16;8;5;2;3;3
2021-02-03 17:45:58;230;93;25;41;13;16;8;5;2;3;3
2021-02-03 17:46:59;230;93;25;41;13;16;8;5;2;3;3
2021-02-03 17:47:58;230;93;25;41;13;16;8;5;2;3;3
2021-02-03 17:48:59;231;93;25;41;14;16;8;5;2;3;3
2021-02-03 17:49:59;231;93;25;41;14;16;8;5;2;3;3
2021-02-03 17:50:58;231;93;25;41;14;16;8;5;2;3;3
2021-02-03 17:51:59;231;93;25;41;14;16;8;5;2;3;3
2021-02-03 17:52:59;231;93;25;41;14;16;8;5;2;3;3
2021-02-03 17:53:58;232;94;25;41;14;16;8;5;2;3;3
2021-02-03 17:54:59;232;94;25;41;14;16;8;5;2;3;3
2021-02-03 17:55:59;233;94;25;41;14;17;8;5;2;3;3
2021-02-03 17:56:58;233;94;25;41;14;17;8;5;2;3;3
2021-02-03 17:57:59;233;94;25;41;14;17;8;5;2;3;3
2021-02-03 17:58:58;234;94;26;41;14;17;8;5;2;3;3
2021-02-03 17:59:59;235;94;26;41;14;17;8;6;2;3;3
2021-02-03 18:00:59;235;94;26;41;14;17;8;6;2;3;3
2021-02-03 18:01:58;235;94;26;41;14;17;8;6;2;3;3
2021-02-03 18:02:59;235;94;26;41;14;17;8;6;2;3;3
2021-02-03 18:03:58;235;94;26;41;14;17;8;6;2;3;3
2021-02-03 18:04:59;235;94;26;41;14;17;8;6;2;3;3
2021-02-03 18:05:59;235;94;26;41;14;17;8;6;2;3;3
2021-02-03 18:06:58;235;94;26;41;14;17;8;6;2;3;3
2021-02-03 18:07:59;235;94;26;41;14;17;8;6;2;3;3
2021-02-03 18:08:59;234;94;26;41;14;16;8;6;2;3;3
2021-02-03 18:09:58;234;94;26;41;14;16;8;6;2;3;3
2021-02-03 18:10:59;234;94;26;41;14;16;8;6;2;3;3
2021-02-03 18:11:58;234;94;26;41;14;16;8;6;2;3;3
2021-02-03 18:12:59;234;94;26;41;14;16;8;6;2;3;3
2021-02-03 18:14:00;234;94;26;41;14;16;8;6;2;3;3
2021-02-03 18:14:58;234;94;26;41;14;16;8;6;2;3;3
2021-02-03 18:15:59;234;94;26;41;14;16;8;6;2;3;3
2021-02-03 18:16:59;234;94;26;41;14;16;8;6;2;3;3
2021-02-03 18:17:59;234;94;26;41;14;16;8;6;2;3;3
2021-02-03 18:18:58;234;94;26;41;14;16;8;6;2;3;3
2021-02-03 18:19:59;235;95;26;41;14;16;8;6;2;3;3
2021-02-03 18:21:00;235;95;26;41;14;16;8;6;2;3;3
2021-02-03 18:21:58;235;95;26;41;14;16;8;6;2;3;3
2021-02-03 18:22:59;237;96;27;41;14;16;8;6;2;3;3
2021-02-03 18:23:58;237;96;27;41;14;16;8;6;2;3;3
2021-02-03 18:24:59;237;96;27;41;14;16;8;6;2;3;3
2021-02-03 18:25:59;237;96;27;41;14;16;8;6;2;3;3
2021-02-03 18:26:58;237;96;27;41;14;16;8;6;2;3;3
2021-02-03 18:27:59;237;96;27;41;14;16;8;6;2;3;3
2021-02-03 18:28:58;237;96;27;41;14;16;8;6;2;3;3
2021-02-03 18:29:59;237;96;27;41;14;16;8;6;2;3;3
2021-02-03 18:30:59;237;96;27;41;14;16;8;6;2;3;3
2021-02-03 18:31:58;237;96;27;41;14;16;8;6;2;3;3
2021-02-03 18:32:59;237;96;27;41;14;16;8;6;2;3;3
2021-02-03 18:33:59;238;97;27;41;14;16;8;6;2;3;3
2021-02-03 18:34:58;238;97;27;41;14;16;8;6;2;3;3
2021-02-03 18:35:59;239;97;27;41;14;16;8;6;2;3;3
2021-02-03 18:36:59;239;97;27;41;14;16;8;6;2;3;3
2021-02-03 18:37:58;239;97;27;41;14;16;8;6;2;3;3
2021-02-03 18:38:59;239;97;27;41;14;16;8;6;2;3;3
2021-02-03 18:39:58;239;97;27;41;14;16;8;6;2;3;3
2021-02-03 18:40:59;240;97;27;41;14;17;8;6;2;3;3
2021-02-03 18:41:59;240;97;27;41;14;17;8;6;2;3;3
2021-02-03 18:42:58;240;97;27;41;14;17;8;6;2;3;3
2021-02-03 18:43:59;240;97;27;41;14;17;8;6;2;3;3
2021-02-03 18:44:58;240;97;27;41;14;17;8;6;2;3;3
2021-02-03 18:45:59;241;98;27;41;14;17;8;6;2;3;3
2021-02-03 18:46:59;241;98;27;41;14;17;8;6;2;3;3
2021-02-03 18:47:58;242;98;27;42;14;17;8;6;2;3;3
2021-02-03 18:48:59;242;98;27;42;14;17;8;6;2;3;3
2021-02-03 18:49:59;244;99;27;43;14;17;8;6;2;3;3
2021-02-03 18:50:58;244;99;27;43;14;17;8;6;2;3;3
2021-02-03 18:51:59;244;99;27;43;14;17;8;6;2;3;3
2021-02-03 18:52:59;244;99;27;43;14;17;8;6;2;3;3
2021-02-03 18:53:58;244;99;27;43;14;17;8;6;2;3;3
2021-02-03 18:54:59;244;99;27;43;14;17;8;6;2;3;3
2021-02-03 18:56:00;244;99;27;43;14;17;8;6;2;3;3
2021-02-03 18:56:58;244;99;27;43;14;17;8;6;2;3;3
2021-02-03 18:57:59;244;99;27;43;14;17;8;6;2;3;3
2021-02-03 18:58:59;244;99;27;43;14;17;8;6;2;3;3
2021-02-03 18:59:58;244;99;27;43;14;17;8;6;2;3;3
2021-02-03 19:00:59;244;99;27;43;14;17;8;6;2;3;3
2021-02-03 19:01:58;243;99;27;42;14;17;8;6;2;3;3
2021-02-03 19:02:59;244;100;27;42;14;17;8;6;2;3;3
2021-02-03 19:03:58;244;101;26;42;14;17;8;6;2;3;3
2021-02-03 19:04:59;244;101;26;42;14;17;8;6;2;3;3
2021-02-03 19:05:59;244;101;26;42;14;17;8;6;2;3;3
2021-02-03 19:06:58;245;101;26;42;14;17;8;6;2;3;3
2021-02-03 19:07:59;245;101;26;42;14;17;8;6;2;3;3
2021-02-03 19:08:58;245;101;26;42;14;17;8;6;2;3;3
2021-02-03 19:09:59;245;101;26;42;14;17;8;6;2;3;3
2021-02-03 19:10:59;246;102;26;42;14;17;8;6;2;3;3
2021-02-03 19:11:58;246;102;26;42;14;17;8;6;2;3;3
2021-02-03 19:12:59;246;102;26;42;14;17;8;6;2;3;3
2021-02-03 19:13:59;246;103;26;41;14;17;8;6;2;3;3
2021-02-03 19:14:58;246;103;26;41;14;17;8;6;2;3;3
2021-02-03 19:15:59;246;103;26;41;14;17;8;6;2;3;3
2021-02-03 19:16:59;246;103;26;41;14;17;8;6;2;3;3
2021-02-03 19:17:58;246;103;26;41;14;17;8;6;2;3;3
2021-02-03 19:18:59;246;103;26;41;14;17;8;6;2;3;3
2021-02-03 19:19:58;246;103;26;41;14;17;8;6;2;3;3
2021-02-03 19:20:59;247;103;26;42;14;17;8;6;2;3;3
2021-02-03 19:21:59;247;103;26;42;14;17;8;6;2;3;3
2021-02-03 19:22:58;248;103;26;42;15;17;8;6;2;3;3
2021-02-03 19:23:59;248;103;26;42;15;17;8;6;2;3;3
2021-02-03 19:24:58;248;103;26;42;15;17;8;6;2;3;3
2021-02-03 19:25:59;248;103;26;42;15;17;8;6;2;3;3
2021-02-03 19:26:58;248;103;26;42;15;17;8;6;2;3;3
2021-02-03 19:27:59;248;103;26;42;15;17;8;6;2;3;3
2021-02-03 19:28:59;248;103;26;42;15;17;8;6;2;3;3
2021-02-03 19:29:58;248;103;26;42;15;17;8;6;2;3;3
2021-02-03 19:30:59;248;103;26;42;15;17;8;6;2;3;3
2021-02-03 19:31:59;248;103;26;42;15;17;8;6;2;3;3
2021-02-03 19:32:58;248;103;26;42;15;17;8;6;2;3;3
2021-02-03 19:33:59;248;103;26;42;15;17;8;6;2;3;3
2021-02-03 19:34:58;248;103;26;42;15;17;8;6;2;3;3
2021-02-03 19:35:59;248;103;26;42;15;17;8;6;2;3;3
2021-02-03 19:36:59;247;103;25;42;15;17;8;6;2;3;3
2021-02-03 19:37:58;247;103;25;42;15;17;8;6;2;3;3
2021-02-03 19:38:59;247;103;25;42;15;17;8;6;2;3;3
2021-02-03 19:39:59;247;103;25;42;15;17;8;6;2;3;3
2021-02-03 19:40:58;247;103;25;42;15;17;8;6;2;3;3
2021-02-03 19:41:59;247;103;25;42;15;17;8;6;2;3;3
2021-02-03 19:42:59;247;104;25;41;15;17;8;6;2;3;3
2021-02-03 19:43:58;247;104;25;41;15;17;8;6;2;3;3
2021-02-03 19:44:59;249;105;25;41;15;17;8;6;3;3;3
2021-02-03 19:45:59;250;106;25;41;15;17;8;6;3;3;3
2021-02-03 19:46:58;250;106;25;41;15;17;8;6;3;3;3
2021-02-03 19:47:59;250;106;25;41;15;17;8;6;3;3;3
2021-02-03 19:48:58;250;106;25;41;15;17;8;6;3;3;3
2021-02-03 19:49:59;250;106;25;41;15;17;8;6;3;3;3
2021-02-03 19:50:59;250;106;25;41;15;17;8;6;3;3;3
2021-02-03 19:51:59;250;106;25;41;15;17;8;6;3;3;3
2021-02-03 19:52:58;250;106;25;41;15;17;8;6;3;3;3
2021-02-03 19:53:59;250;106;25;41;15;17;8;6;3;3;3
2021-02-03 19:55:00;250;106;25;41;15;17;8;6;3;3;3
2021-02-03 19:55:58;251;106;25;41;16;17;8;6;3;3;3
2021-02-03 19:56:59;251;106;25;41;16;17;8;6;3;3;3
2021-02-03 19:57:58;251;106;25;41;16;17;8;6;3;3;3
2021-02-03 19:58:59;252;107;25;41;16;17;8;6;3;3;3
2021-02-03 19:59:58;253;107;25;41;16;17;8;6;4;3;3
2021-02-03 20:00:59;253;107;25;41;16;17;8;6;4;3;3
2021-02-03 20:01:59;253;107;25;41;16;17;8;6;4;3;3
2021-02-03 20:02:58;253;107;25;40;16;17;9;6;4;3;3
2021-02-03 20:03:59;253;107;25;40;16;17;9;6;4;3;3
2021-02-03 20:04:59;255;107;26;40;16;17;10;6;4;3;3
2021-02-03 20:05:58;255;107;26;40;16;17;10;6;4;3;3
2021-02-03 20:06:59;256;108;26;40;16;17;10;6;4;3;3
2021-02-03 20:07:59;256;108;26;40;16;17;10;6;4;3;3
2021-02-03 20:08:58;257;109;26;40;16;17;10;6;4;3;3
2021-02-03 20:09:59;257;109;26;40;16;17;10;6;4;3;3
2021-02-03 20:10:58;257;109;26;40;16;17;10;6;4;3;3
2021-02-03 20:11:59;258;109;27;40;16;17;10;6;4;3;3
2021-02-03 20:12:59;258;109;27;40;16;17;10;6;4;3;3
2021-02-03 20:13:58;259;109;28;40;16;17;10;6;4;3;3
2021-02-03 20:14:59;259;109;28;40;16;17;10;6;4;3;3
2021-02-03 20:15:58;259;109;28;40;16;17;10;6;4;3;3
2021-02-03 20:16:59;259;109;28;40;16;17;10;6;4;3;3
2021-02-03 20:17:59;260;109;28;40;16;17;10;6;4;3;3
2021-02-03 20:18:58;260;109;28;40;16;17;10;6;4;3;3
2021-02-03 20:19:59;260;109;28;40;16;17;10;6;4;3;3
2021-02-03 20:20:59;260;109;28;40;16;17;10;6;4;3;3
2021-02-03 20:21:59;260;109;28;40;16;17;10;6;4;3;3
2021-02-03 20:22:58;260;109;28;40;16;17;10;6;4;3;3
2021-02-03 20:23:59;260;109;28;40;16;17;10;6;4;3;3
2021-02-03 20:24:59;260;109;28;40;16;17;10;6;4;3;3
2021-02-03 20:25:58;260;109;28;40;16;17;10;6;4;3;3
2021-02-03 20:26:59;262;110;29;40;16;17;10;6;4;3;3
2021-02-03 20:27:59;264;110;29;40;17;17;10;6;5;3;3
2021-02-03 20:28:58;264;110;30;40;17;17;10;6;5;3;2
2021-02-03 20:29:59;265;110;30;40;17;17;10;6;5;3;2
2021-02-03 20:30:59;266;110;30;40;17;17;10;7;5;3;2
2021-02-03 20:31:58;265;110;30;40;17;17;9;7;5;3;2
2021-02-03 20:32:59;265;110;30;40;17;17;9;7;5;3;2
2021-02-03 20:33:59;265;110;30;40;17;17;9;7;5;3;2
2021-02-03 20:34:58;265;110;30;40;17;17;9;7;5;3;2
2021-02-03 20:35:59;265;110;30;40;17;17;9;7;5;3;2
2021-02-03 20:36:59;265;110;30;40;17;17;9;7;5;3;2
2021-02-03 20:37:58;266;110;30;41;17;17;9;7;5;3;2
2021-02-03 20:38:59;267;110;31;41;17;17;9;7;5;3;2
2021-02-03 20:39:59;267;110;31;41;17;17;9;7;5;3;2
2021-02-03 20:40:58;268;110;31;42;17;17;9;7;5;3;2
2021-02-03 20:41:59;268;110;31;42;17;17;9;7;5;3;2
2021-02-03 20:42:59;268;110;31;42;17;17;9;7;5;3;2
2021-02-03 20:43:58;268;110;31;42;17;17;9;7;5;3;2
2021-02-03 20:44:59;268;110;31;42;17;17;9;7;5;3;2
2021-02-03 20:46:00;268;110;31;42;17;17;9;7;5;3;2
2021-02-03 20:46:58;268;110;31;42;17;17;9;7;5;3;2
2021-02-03 20:47:59;267;110;31;41;17;17;9;7;5;3;2
2021-02-03 20:49:00;267;110;31;41;17;17;9;7;5;3;2
2021-02-03 20:49:58;267;110;31;41;17;17;9;7;5;3;2
2021-02-03 20:50:59;267;110;31;41;17;17;9;7;5;3;2
2021-02-03 20:51:58;267;110;31;41;17;17;9;7;5;3;2
2021-02-03 20:52:59;267;109;32;41;17;17;9;7;5;3;2
2021-02-03 20:53:58;267;109;32;41;17;17;9;7;5;3;2
2021-02-03 20:54:59;268;110;32;41;17;17;9;7;5;3;2
2021-02-03 20:55:59;270;110;32;43;17;17;9;7;5;3;2
2021-02-03 20:56:59;270;110;32;43;17;17;9;7;5;3;2
2021-02-03 20:57:58;270;110;32;43;17;17;9;7;5;3;2
2021-02-03 20:58:59;270;110;32;43;17;17;9;7;5;3;2
2021-02-03 20:59:58;272;111;33;43;17;17;9;7;5;3;2
2021-02-03 21:00:59;272;111;33;43;17;17;9;7;5;3;2
2021-02-03 21:01:59;272;111;33;43;17;17;9;7;5;3;2
2021-02-03 21:02:59;273;111;34;43;17;17;9;7;5;3;2
2021-02-03 21:03:58;272;110;34;43;17;17;9;7;5;3;2
2021-02-03 21:04:59;272;110;34;43;17;17;9;7;5;3;2
2021-02-03 21:05:59;273;110;34;43;18;17;9;7;5;3;2
2021-02-03 21:06:58;273;110;34;43;18;17;9;7;5;3;2
2021-02-03 21:07:59;273;110;34;43;18;17;9;7;5;3;2
2021-02-03 21:08:58;273;110;34;43;18;17;9;7;5;3;2
2021-02-03 21:09:59;273;110;34;43;18;17;9;7;5;3;2
2021-02-03 21:10:59;273;110;34;43;18;17;9;7;5;3;2
2021-02-03 21:11:58;273;110;34;43;18;17;9;7;5;3;2
2021-02-03 21:12:59;274;111;34;43;18;17;9;7;5;3;2
2021-02-03 21:13:58;274;111;34;43;18;17;9;7;5;3;2
2021-02-03 21:14:59;274;111;34;43;18;17;9;7;5;3;2
2021-02-03 21:15:59;274;111;34;43;18;17;9;7;5;3;2
2021-02-03 21:16:58;274;111;34;43;18;17;9;7;5;3;2
2021-02-03 21:17:59;274;111;34;43;18;17;9;7;5;3;2
2021-02-03 21:18:59;275;111;35;43;18;17;9;7;5;3;2
2021-02-03 21:19:59;275;111;35;43;18;17;9;7;5;3;2
2021-02-03 21:20:58;276;111;35;43;18;17;10;7;5;3;2
2021-02-03 21:21:59;276;111;35;43;18;17;10;7;5;3;2
2021-02-03 21:22:59;277;111;36;43;18;17;10;7;5;3;2
2021-02-03 21:23:58;277;111;36;43;18;17;10;7;5;3;2
2021-02-03 21:24:59;277;111;36;43;18;17;10;7;5;3;2
2021-02-03 21:25:58;277;111;36;43;18;17;10;7;5;3;2
2021-02-03 21:26:59;277;111;36;43;18;17;10;7;5;3;2
2021-02-03 21:27:59;278;112;36;43;18;17;10;7;5;3;2
2021-02-03 21:28:58;278;112;36;43;18;17;10;7;5;3;2
2021-02-03 21:29:59;279;113;36;43;18;17;10;7;5;3;2
2021-02-03 21:30:58;279;113;36;43;18;17;10;7;5;3;2
2021-02-03 21:31:59;280;113;36;43;18;17;11;7;5;3;2
2021-02-03 21:32:59;280;113;36;43;18;17;11;7;5;3;2
2021-02-03 21:33:58;281;113;37;43;18;17;11;7;5;3;2
2021-02-03 21:34:59;281;113;37;43;18;17;11;7;5;3;2
2021-02-03 21:35:59;281;113;37;43;18;17;11;7;5;3;2
2021-02-03 21:36:59;281;113;37;43;18;17;11;7;5;3;2
2021-02-03 21:37:58;281;113;37;43;18;17;11;7;5;3;2
2021-02-03 21:38:59;281;113;37;43;18;17;11;7;5;3;2
2021-02-03 21:39:59;282;113;37;43;18;17;11;7;5;3;2
2021-02-03 21:40:58;282;113;37;43;18;17;11;7;5;3;2
2021-02-03 21:41:59;282;113;37;43;18;17;11;7;5;3;2
2021-02-03 21:42:58;282;113;37;43;18;17;11;7;5;3;2
2021-02-03 21:43:59;282;113;37;43;18;17;11;7;5;3;2
2021-02-03 21:44:59;283;114;37;43;18;17;11;7;5;3;2
2021-02-03 21:45:58;284;114;37;43;18;18;11;7;5;3;2
2021-02-03 21:46:59;284;114;38;42;18;18;11;7;5;3;2
2021-02-03 21:47:58;284;114;38;42;18;18;11;7;5;3;2
2021-02-03 21:48:59;284;114;38;42;18;18;11;7;5;3;2
2021-02-03 21:49:58;284;114;38;42;18;18;11;7;5;3;2
2021-02-03 21:50:59;284;114;38;42;18;18;11;7;5;3;2
2021-02-03 21:51:59;284;114;38;42;18;18;11;7;5;3;2
2021-02-03 21:52:58;284;114;38;42;18;18;11;7;5;3;2
2021-02-03 21:53:59;284;114;38;42;18;18;11;7;5;3;2
2021-02-03 21:54:59;285;115;38;42;18;18;11;7;5;3;2
2021-02-03 21:55:58;285;115;39;41;18;18;11;7;5;3;2
2021-02-03 21:56:59;286;115;40;41;18;18;11;7;5;3;2
2021-02-03 21:57:59;286;115;40;41;18;18;11;7;5;3;2
2021-02-03 21:58:58;288;115;42;42;18;17;11;7;5;3;2
2021-02-03 21:59:59;289;115;42;42;18;17;11;7;5;3;2
2021-02-03 22:00:58;289;115;42;42;18;17;11;7;5;3;2
2021-02-03 22:01:58;290;117;42;42;18;17;11;7;5;3;2
2021-02-03 22:02:59;290;117;42;42;18;17;11;7;5;3;2
2021-02-03 22:03:58;291;118;42;42;18;17;11;7;5;3;2
2021-02-03 22:04:59;293;118;44;42;18;17;11;7;5;3;2
2021-02-03 22:05:59;293;118;44;42;18;17;11;7;5;3;2
2021-02-03 22:06:58;293;118;44;42;18;17;11;7;5;3;2
2021-02-03 22:07:59;294;118;45;42;18;17;11;7;5;3;2
2021-02-03 22:08:59;294;118;45;42;18;17;11;7;5;3;2
2021-02-03 22:09:58;294;118;45;42;18;16;11;7;5;3;2
2021-02-03 22:10:59;294;118;45;42;18;16;11;7;5;3;2
2021-02-03 22:11:58;295;118;46;42;18;16;11;7;5;3;2
2021-02-03 22:12:59;295;118;46;42;18;16;11;7;5;3;2
2021-02-03 22:13:59;295;118;46;42;18;16;11;7;5;3;2
2021-02-03 22:14:58;295;118;46;42;18;16;11;7;5;3;2
2021-02-03 22:15:59;295;118;46;42;18;16;11;7;5;3;2
2021-02-03 22:16:58;295;118;46;42;18;16;11;7;5;3;2
2021-02-03 22:17:59;295;118;46;42;18;16;11;7;5;3;2
2021-02-03 22:18:59;296;119;46;42;18;16;11;7;5;3;2
2021-02-03 22:19:58;296;119;46;42;18;16;11;7;5;3;2
2021-02-03 22:20:59;296;119;46;42;18;16;11;7;5;3;2
2021-02-03 22:21:59;296;119;46;42;18;16;11;7;5;3;2
2021-02-03 22:22:58;296;119;46;42;19;15;11;7;5;3;2
2021-02-03 22:23:59;296;119;46;42;19;15;11;7;5;3;2
2021-02-03 22:24:59;297;119;46;42;19;15;12;7;5;3;2
2021-02-03 22:25:58;297;119;46;42;19;15;12;7;5;3;2
2021-02-03 22:26:59;297;119;46;42;19;15;12;7;5;3;2
2021-02-03 22:27:59;297;119;46;42;19;15;12;7;5;3;2
2021-02-03 22:28:58;297;119;46;42;19;15;12;7;5;3;2
2021-02-03 22:29:59;297;119;46;42;19;15;12;7;5;3;2
2021-02-03 22:30:59;297;119;46;42;19;15;12;7;5;3;2
2021-02-03 22:31:58;297;119;46;42;19;15;12;7;5;3;2
2021-02-03 22:32:59;297;119;46;42;19;15;12;7;5;3;2
2021-02-03 22:33:59;297;119;46;42;19;15;12;7;5;3;2
2021-02-03 22:34:58;298;119;47;42;19;15;12;7;5;3;2
2021-02-03 22:35:59;298;119;47;42;19;15;12;7;5;3;2
2021-02-03 22:36:59;298;119;47;42;19;15;12;7;5;3;2
2021-02-03 22:37:58;298;119;47;42;19;15;12;7;5;3;2
2021-02-03 22:38:59;299;119;47;42;20;15;12;7;5;3;2
2021-02-03 22:39:59;299;119;47;42;20;15;12;7;5;3;2
2021-02-03 22:40:58;299;119;47;42;20;15;12;7;5;3;2
2021-02-03 22:41:59;299;119;47;42;20;15;12;7;5;3;2
2021-02-03 22:42:58;299;119;47;42;20;15;12;7;5;3;2
2021-02-03 22:43:59;299;119;47;42;20;15;12;7;5;3;2
2021-02-03 22:44:59;299;119;47;42;20;15;12;7;5;3;2
2021-02-03 22:45:59;299;119;47;42;20;15;12;7;5;3;2
2021-02-03 22:46:59;299;119;47;42;20;15;12;7;5;3;2
2021-02-03 22:47:58;300;119;48;42;20;15;12;7;5;3;2
2021-02-03 22:48:59;300;119;48;42;20;15;12;7;5;3;2
2021-02-03 22:49:58;300;119;48;42;20;15;12;7;5;3;2
2021-02-03 22:50:59;299;119;48;41;20;15;12;7;5;3;2
2021-02-03 22:51:59;299;119;48;41;20;15;12;7;5;3;2
2021-02-03 22:52:58;299;119;48;41;20;15;12;7;5;3;2
2021-02-03 22:53:59;299;119;48;41;20;15;12;7;5;3;2
2021-02-03 22:54:59;298;118;48;41;20;15;12;7;5;3;2
2021-02-03 22:55:58;298;118;48;41;20;15;12;7;5;3;2
2021-02-03 22:56:59;300;119;49;41;20;15;12;7;5;3;2
2021-02-03 22:57:59;300;119;49;41;20;15;12;7;5;3;2
2021-02-03 22:58:58;300;119;49;41;20;15;12;7;5;3;2
2021-02-03 22:59:59;301;119;50;41;20;15;12;7;5;3;2
2021-02-03 23:00:58;301;119;50;41;20;15;12;7;5;3;2
2021-02-03 23:01:59;301;119;50;41;20;15;12;7;5;3;2
2021-02-03 23:02:58;301;119;50;41;20;15;12;7;5;3;2
2021-02-03 23:03:59;303;120;50;41;20;15;12;7;5;3;2
2021-02-03 23:04:59;303;120;50;41;20;15;12;7;5;3;2
2021-02-03 23:05:58;303;120;50;41;20;15;12;7;5;3;2
2021-02-03 23:06:59;303;120;50;41;20;15;12;7;5;3;2
2021-02-03 23:07:58;303;120;50;41;20;15;12;7;5;3;2
2021-02-03 23:08:59;303;120;50;41;20;15;12;7;5;3;2
2021-02-03 23:09:59;303;120;50;41;20;15;12;7;5;3;2
2021-02-03 23:10:58;303;120;50;41;20;15;12;7;5;3;2
2021-02-03 23:11:59;303;120;50;41;20;15;12;7;5;3;2
2021-02-03 23:12:59;303;120;50;41;20;15;12;7;5;3;2
2021-02-03 23:13:58;303;120;50;41;20;15;12;7;5;3;2
2021-02-03 23:14:59;303;120;50;41;20;15;12;7;5;3;2
2021-02-03 23:15:59;303;120;50;41;20;15;12;7;5;3;2
2021-02-03 23:16:58;305;120;51;42;20;15;12;7;5;3;2
2021-02-03 23:17:59;305;120;51;42;20;15;12;7;5;3;2
2021-02-03 23:18:59;305;120;51;42;20;15;12;7;5;3;2
2021-02-03 23:19:58;305;120;51;42;20;15;12;7;5;3;2
2021-02-03 23:20:59;305;120;51;42;20;15;12;7;5;3;2
2021-02-03 23:21:58;305;120;51;42;20;15;12;7;5;3;2
2021-02-03 23:22:59;305;120;51;42;20;15;12;7;5;3;2
2021-02-03 23:23:59;305;120;51;42;20;15;12;7;5;3;2
2021-02-03 23:24:58;305;120;51;42;20;15;12;7;5;3;2
2021-02-03 23:25:59;306;120;52;42;20;15;12;7;5;3;2
2021-02-03 23:26:59;307;121;52;42;20;15;12;7;5;3;2
2021-02-03 23:27:58;307;121;52;42;20;15;12;7;5;3;2
2021-02-03 23:28:59;307;121;52;42;20;15;12;7;5;3;2
2021-02-03 23:29:58;307;121;52;42;20;15;12;7;5;3;2
2021-02-03 23:30:59;307;121;52;42;20;15;12;7;5;3;2
2021-02-03 23:31:59;307;121;52;42;20;15;12;7;5;3;2
2021-02-03 23:32:58;307;121;52;42;20;15;12;7;5;3;2
2021-02-03 23:33:59;307;121;52;42;20;15;12;7;5;3;2
2021-02-03 23:34:58;307;121;52;42;20;15;12;7;5;3;2
2021-02-03 23:35:59;307;122;52;42;20;15;12;7;4;3;2
2021-02-03 23:36:59;307;122;52;42;20;15;12;7;4;3;2
2021-02-03 23:37:58;307;122;52;42;20;15;12;7;4;3;2
2021-02-03 23:38:59;307;122;52;42;20;15;12;7;4;3;2
2021-02-03 23:39:59;307;122;52;42;20;15;12;7;4;3;2
2021-02-03 23:40:58;307;122;52;42;20;15;12;7;4;3;2
2021-02-03 23:41:59;307;122;52;42;20;15;12;7;4;3;2
2021-02-03 23:42:58;306;122;52;41;20;15;12;7;4;3;2
2021-02-03 23:43:59;306;122;52;41;20;15;12;7;4;3;2
2021-02-03 23:44:58;305;122;52;40;20;15;12;7;4;3;2
2021-02-03 23:45:59;304;122;52;39;20;15;12;7;4;3;2
2021-02-03 23:46:58;304;122;52;39;20;15;12;7;4;3;2
2021-02-03 23:47:59;304;122;52;39;20;15;12;7;4;3;2
2021-02-03 23:48:59;304;122;52;39;20;15;12;7;4;3;2
2021-02-03 23:49:58;304;122;52;39;20;15;12;7;4;3;2
2021-02-03 23:50:59;304;122;52;39;20;15;12;7;4;3;2
2021-02-03 23:51:59;304;122;52;39;20;15;12;7;4;3;2
2021-02-03 23:52:58;304;122;52;39;20;15;12;7;4;3;2
2021-02-03 23:53:59;304;122;52;39;20;15;12;7;4;3;2
2021-02-03 23:54:59;303;122;52;38;20;15;12;7;4;3;2
2021-02-03 23:55:58;304;122;52;39;20;15;12;7;4;3;2
2021-02-03 23:56:59;304;122;52;39;20;15;12;7;4;3;2
2021-02-03 23:57:59;303;122;51;39;20;15;12;7;4;3;2
2021-02-03 23:58:58;303;122;52;38;20;15;12;7;4;3;2
2021-02-03 23:59:59;303;122;52;38;20;15;12;7;4;3;2
