datetime;total_votes;xtend;GlobetrotterXL;vjik;norpo;FRANNI;Есения;GraGal;kotophalk;kn;brammator
2021-03-10 00:00:59;0;0;0;0;0;0;0;0;0;0;0
2021-03-10 00:01:59;2;0;0;0;0;0;0;1;0;0;0
2021-03-10 00:02:58;2;0;0;0;0;0;0;1;0;0;0
2021-03-10 00:03:59;2;0;0;0;0;0;0;1;0;0;0
2021-03-10 00:04:59;4;0;0;0;0;0;0;1;0;0;0
2021-03-10 00:05:58;4;0;0;0;0;0;0;1;0;0;0
2021-03-10 00:06:59;4;0;0;0;0;0;0;1;0;0;0
2021-03-10 00:07:58;4;0;0;0;0;0;0;1;0;0;0
2021-03-10 00:08:59;7;0;0;2;0;0;1;1;0;0;0
2021-03-10 00:09:59;8;0;0;3;0;0;1;1;0;0;0
2021-03-10 00:10:58;8;0;0;3;0;0;1;1;0;0;0
2021-03-10 00:11:59;9;0;0;3;0;0;1;1;0;0;0
2021-03-10 00:12:58;9;0;0;3;0;0;1;1;0;0;0
2021-03-10 00:13:59;9;0;0;3;0;0;1;1;0;0;0
2021-03-10 00:14:59;9;0;0;3;0;0;1;1;0;0;0
2021-03-10 00:15:58;9;0;0;3;0;0;1;1;0;0;0
2021-03-10 00:16:59;10;0;0;4;0;0;1;1;0;0;0
2021-03-10 00:17:59;10;0;0;4;0;0;1;1;0;0;0
2021-03-10 00:18:58;10;0;0;4;0;0;1;1;0;0;0
2021-03-10 00:19:59;10;0;0;4;0;0;1;1;0;0;0
2021-03-10 00:20:58;10;0;0;4;0;0;1;1;0;0;0
2021-03-10 00:21:59;11;0;0;4;0;0;2;1;0;0;0
2021-03-10 00:22:59;11;0;0;4;0;0;2;1;0;0;0
2021-03-10 00:23:59;12;0;0;4;0;0;3;1;0;0;0
2021-03-10 00:24:58;12;0;0;4;0;0;3;1;0;0;0
2021-03-10 00:25:59;12;0;0;4;0;0;3;1;0;0;0
2021-03-10 00:26:58;12;0;0;4;0;0;3;1;0;0;0
2021-03-10 00:27:59;12;0;0;4;0;0;3;1;0;0;0
2021-03-10 00:28:59;12;0;0;4;0;0;3;1;0;0;0
2021-03-10 00:29:58;14;0;1;4;0;0;3;2;0;0;0
2021-03-10 00:30:59;14;0;1;4;0;0;3;2;0;0;0
2021-03-10 00:31:58;14;0;1;4;0;0;3;2;0;0;0
2021-03-10 00:32:59;14;0;1;4;0;0;3;2;0;0;0
2021-03-10 00:33:59;16;1;2;4;0;0;3;2;0;0;0
2021-03-10 00:34:58;16;1;2;4;0;0;3;2;0;0;0
2021-03-10 00:35:59;16;1;2;4;0;0;3;2;0;0;0
2021-03-10 00:36:58;16;1;2;4;0;0;3;2;0;0;0
2021-03-10 00:37:59;17;1;2;4;0;0;3;2;0;0;0
2021-03-10 00:38:59;17;1;2;4;0;0;3;2;0;0;0
2021-03-10 00:39:58;17;1;2;4;0;0;3;2;0;0;0
2021-03-10 00:40:59;17;1;2;4;0;0;3;2;0;0;0
2021-03-10 00:41:59;17;1;2;4;0;0;3;2;0;0;0
2021-03-10 00:42:59;17;1;2;4;0;0;3;2;0;0;0
2021-03-10 00:43:58;17;1;2;4;0;0;3;2;0;0;0
2021-03-10 00:44:59;18;1;3;4;0;0;3;2;0;0;0
2021-03-10 00:45:59;18;1;3;4;0;0;3;2;0;0;0
2021-03-10 00:46:58;18;1;3;4;0;0;3;2;0;0;0
2021-03-10 00:47:59;18;1;3;4;0;0;3;2;0;0;0
2021-03-10 00:48:59;18;1;3;4;0;0;3;2;0;0;0
2021-03-10 00:49:58;18;1;3;4;0;0;3;2;0;0;0
2021-03-10 00:50:59;19;0;3;4;0;0;3;2;1;0;0
2021-03-10 00:51:58;19;0;3;4;0;0;3;2;1;0;0
2021-03-10 00:52:59;19;0;3;4;0;0;3;2;1;0;0
2021-03-10 00:53:58;19;0;3;4;0;0;3;2;1;0;0
2021-03-10 00:54:59;19;0;3;4;0;0;3;2;1;0;0
2021-03-10 00:55:59;19;0;3;4;0;0;3;2;1;0;0
2021-03-10 00:56:58;19;0;3;4;0;0;3;2;1;0;0
2021-03-10 00:57:59;20;0;3;4;0;0;3;2;1;0;0
2021-03-10 00:58:59;21;0;3;5;0;0;3;2;1;0;0
2021-03-10 00:59:58;22;0;3;5;1;0;3;2;0;0;0
2021-03-10 01:00:59;22;0;3;5;1;0;3;2;0;0;0
2021-03-10 01:01:59;22;0;3;5;1;0;3;2;0;0;0
2021-03-10 01:02:58;22;0;3;5;1;0;3;2;0;0;0
2021-03-10 01:03:59;22;0;3;5;1;0;3;2;0;0;0
2021-03-10 01:04:59;22;0;3;5;1;0;3;2;0;0;0
2021-03-10 01:05:58;22;0;3;5;1;0;3;2;0;0;0
2021-03-10 01:06:59;22;0;3;5;1;0;3;2;0;0;0
2021-03-10 01:07:58;22;0;3;5;1;0;3;2;0;0;0
2021-03-10 01:08:59;22;0;3;5;1;0;3;2;0;0;0
2021-03-10 01:09:59;22;0;3;5;1;0;3;2;0;0;0
2021-03-10 01:10:58;22;0;3;5;1;0;3;2;0;0;0
2021-03-10 01:11:59;22;0;3;5;1;0;3;2;0;0;0
2021-03-10 01:12:59;22;0;3;5;1;0;3;2;0;0;0
2021-03-10 01:13:58;22;0;3;5;1;0;3;2;0;0;0
2021-03-10 01:14:59;22;0;3;5;1;0;3;2;0;0;0
2021-03-10 01:15:58;23;0;3;6;1;0;3;2;0;0;0
2021-03-10 01:16:59;23;0;3;6;1;0;3;2;0;0;0
2021-03-10 01:17:59;23;0;3;6;1;0;3;2;0;0;0
2021-03-10 01:18:58;25;0;4;6;1;0;3;3;0;0;0
2021-03-10 01:19:59;25;0;4;6;1;0;3;3;0;0;0
2021-03-10 01:20:59;25;0;4;6;1;0;3;3;0;0;0
2021-03-10 01:21:58;25;0;4;6;1;0;3;3;0;0;0
2021-03-10 01:22:59;25;0;4;6;1;0;3;3;0;0;0
2021-03-10 01:23:59;25;0;4;6;1;0;3;3;0;0;0
2021-03-10 01:24:58;25;0;4;6;1;0;3;3;0;0;0
2021-03-10 01:25:59;26;0;4;7;1;0;3;3;0;0;0
2021-03-10 01:26:59;26;0;4;7;1;0;3;3;0;0;0
2021-03-10 01:27:58;26;0;4;7;1;0;3;3;0;0;0
2021-03-10 01:28:59;27;1;4;7;2;0;3;3;1;0;0
2021-03-10 01:29:59;27;1;4;7;2;0;3;3;1;0;0
2021-03-10 01:30:58;27;1;4;7;2;0;3;3;1;0;0
2021-03-10 01:32:00;27;1;4;7;2;0;3;3;1;0;0
2021-03-10 01:32:58;27;1;4;7;2;0;3;3;1;0;0
2021-03-10 01:33:59;28;1;5;7;2;0;3;3;1;0;0
2021-03-10 01:34:59;29;1;5;7;3;0;3;3;1;0;0
2021-03-10 01:35:58;30;1;6;7;3;0;3;3;1;0;0
2021-03-10 01:36:59;30;1;6;7;3;0;3;3;1;0;0
2021-03-10 01:37:58;30;1;6;7;3;0;3;3;1;0;0
2021-03-10 01:38:59;31;1;7;7;3;0;3;3;1;0;0
2021-03-10 01:39:59;31;1;7;7;3;0;3;3;1;0;0
2021-03-10 01:40:58;31;1;7;7;3;0;3;3;1;0;0
2021-03-10 01:41:59;31;1;7;7;3;0;3;3;1;0;0
2021-03-10 01:42:58;31;1;7;7;3;0;3;3;1;0;0
2021-03-10 01:43:59;31;1;7;7;3;0;3;3;1;0;0
2021-03-10 01:44:59;31;1;7;7;3;0;3;3;1;0;0
2021-03-10 01:45:58;31;1;7;7;3;0;3;3;1;0;0
2021-03-10 01:46:59;31;1;7;7;3;0;3;3;1;0;0
2021-03-10 01:47:59;31;1;7;7;3;0;3;3;1;0;0
2021-03-10 01:48:58;31;1;7;7;3;0;3;3;1;0;0
2021-03-10 01:49:59;31;1;7;7;3;0;3;3;1;0;0
2021-03-10 01:50:59;31;1;7;7;3;0;3;3;1;0;0
2021-03-10 01:51:58;31;1;7;7;3;0;3;3;1;0;0
2021-03-10 01:52:59;31;1;7;7;3;0;3;3;1;0;0
2021-03-10 01:53:58;31;1;7;7;3;0;3;3;1;0;0
2021-03-10 01:54:59;31;1;7;7;3;0;3;3;1;0;0
2021-03-10 01:55:58;31;1;7;7;3;0;3;3;1;0;0
2021-03-10 01:56:59;32;0;7;7;3;0;3;3;0;0;0
2021-03-10 01:57:59;32;0;7;7;3;0;3;3;0;0;0
2021-03-10 01:58:58;32;0;7;7;3;0;3;3;0;0;0
2021-03-10 01:59:59;33;0;8;7;3;0;3;3;0;0;0
2021-03-10 02:00:59;33;0;8;7;3;0;3;3;0;0;0
2021-03-10 02:01:58;33;0;8;7;3;0;3;3;0;0;0
2021-03-10 02:02:59;34;0;8;7;3;0;3;3;0;1;0
2021-03-10 02:03:59;35;0;8;7;3;0;3;3;0;1;0
2021-03-10 02:04:58;37;0;8;7;3;0;3;3;0;1;0
2021-03-10 02:05:59;37;0;8;7;3;0;3;3;0;1;0
2021-03-10 02:06:59;37;0;8;7;3;0;3;3;0;1;0
2021-03-10 02:07:58;37;0;8;7;3;0;3;3;0;1;0
2021-03-10 02:08:59;37;0;8;7;3;0;3;3;0;1;0
2021-03-10 02:09:58;38;0;9;7;3;0;3;3;0;1;0
2021-03-10 02:10:59;38;0;9;7;3;0;3;3;0;1;0
2021-03-10 02:11:59;38;0;9;7;3;0;3;3;0;1;0
2021-03-10 02:12:58;38;0;9;7;3;0;3;3;0;1;0
2021-03-10 02:13:59;38;0;9;7;3;0;3;3;0;1;0
2021-03-10 02:14:59;39;0;9;7;3;0;3;3;0;1;0
2021-03-10 02:15:58;40;0;10;7;3;0;3;3;0;1;0
2021-03-10 02:16:59;41;0;10;7;3;0;3;4;0;1;0
2021-03-10 02:17:59;41;0;10;7;3;0;3;4;0;1;0
2021-03-10 02:18:58;41;0;10;7;3;0;3;4;0;1;0
2021-03-10 02:19:59;41;0;10;7;3;0;3;4;0;1;0
2021-03-10 02:20:58;41;0;10;7;3;0;3;4;0;1;0
2021-03-10 02:21:59;41;0;10;7;3;0;3;4;0;1;0
2021-03-10 02:22:58;42;0;11;7;3;0;3;4;0;1;0
2021-03-10 02:23:59;42;0;11;7;3;0;3;4;0;1;0
2021-03-10 02:24:59;42;0;11;7;3;0;3;4;0;1;0
2021-03-10 02:25:58;42;0;11;7;3;0;3;4;0;1;0
2021-03-10 02:26:59;42;0;11;7;3;0;3;4;0;1;0
2021-03-10 02:27:58;42;0;11;7;3;0;3;4;0;1;0
2021-03-10 02:28:59;42;0;11;7;3;0;3;4;0;1;0
2021-03-10 02:29:59;42;0;11;7;3;0;3;4;0;1;0
2021-03-10 02:30:58;42;0;11;7;3;0;3;4;0;1;0
2021-03-10 02:31:59;42;0;11;7;3;0;3;4;0;1;0
2021-03-10 02:32:59;42;0;11;7;3;0;3;4;0;1;0
2021-03-10 02:33:58;42;0;11;7;3;0;3;4;0;1;0
2021-03-10 02:34:59;43;0;12;7;3;0;3;4;0;1;0
2021-03-10 02:35:59;45;2;12;8;3;0;3;4;0;1;0
2021-03-10 02:36:58;45;2;12;8;3;0;3;4;0;1;0
2021-03-10 02:37:59;45;2;12;8;3;0;3;4;0;1;0
2021-03-10 02:38:59;45;2;12;8;3;0;3;4;0;1;0
2021-03-10 02:39:58;46;2;13;8;3;0;3;4;0;1;0
2021-03-10 02:40:59;47;2;13;8;3;0;3;4;0;0;0
2021-03-10 02:41:58;46;2;13;8;3;0;3;4;0;1;0
2021-03-10 02:42:59;46;2;13;8;3;0;3;4;0;1;0
2021-03-10 02:43:59;47;2;13;8;3;0;3;4;0;0;0
2021-03-10 02:44:58;47;2;13;8;3;0;3;4;0;0;0
2021-03-10 02:45:59;47;2;13;8;3;0;3;4;0;0;0
2021-03-10 02:46:58;47;2;13;8;3;0;3;4;0;0;0
2021-03-10 02:47:59;47;2;13;8;3;0;3;4;0;0;0
2021-03-10 02:48:59;47;2;13;8;3;0;3;4;0;0;0
2021-03-10 02:49:58;47;2;13;8;3;0;3;4;0;0;0
2021-03-10 02:50:59;47;2;13;8;3;0;3;4;0;0;0
2021-03-10 02:51:58;47;2;13;8;3;0;3;4;0;0;0
2021-03-10 02:52:59;47;2;13;8;3;0;3;4;0;0;0
2021-03-10 02:53:59;47;2;13;8;3;0;3;4;0;0;0
2021-03-10 02:54:58;47;2;13;8;3;0;3;4;0;0;0
2021-03-10 02:55:59;47;2;13;8;3;0;3;4;0;0;0
2021-03-10 02:56:59;47;2;13;8;3;0;3;4;0;0;0
2021-03-10 02:57:58;47;2;13;8;3;0;3;4;0;0;0
2021-03-10 02:58:59;48;2;13;9;3;0;3;4;0;0;0
2021-03-10 02:59:58;48;2;13;9;3;0;3;4;0;0;0
2021-03-10 03:00:59;48;2;13;9;3;0;3;4;0;0;0
2021-03-10 03:01:58;48;2;13;9;3;0;3;4;0;0;0
2021-03-10 03:02:59;48;2;13;9;3;0;3;4;0;0;0
2021-03-10 03:03:59;48;2;13;9;3;0;3;4;0;0;0
2021-03-10 03:04:58;48;2;13;9;3;0;3;4;0;0;0
2021-03-10 03:05:59;48;2;13;9;3;0;3;4;0;0;0
2021-03-10 03:06:58;48;2;13;9;3;0;3;4;0;0;0
2021-03-10 03:07:59;48;2;13;9;3;0;3;4;0;0;0
2021-03-10 03:08:59;48;2;13;9;3;0;3;4;0;0;0
2021-03-10 03:09:58;48;2;13;9;3;0;3;4;0;0;0
2021-03-10 03:10:59;48;2;13;9;3;0;3;4;0;0;0
2021-03-10 03:11:58;48;2;13;9;3;0;3;4;0;0;0
2021-03-10 03:12:59;48;2;13;9;3;0;3;4;0;0;0
2021-03-10 03:13:59;48;2;13;9;3;0;3;4;0;0;0
2021-03-10 03:14:58;48;2;13;9;3;0;3;4;0;0;0
2021-03-10 03:15:59;48;2;13;9;3;0;3;4;0;0;0
2021-03-10 03:16:58;48;2;13;9;3;0;3;4;0;0;0
2021-03-10 03:17:59;48;2;13;9;3;0;3;4;0;0;0
2021-03-10 03:18:59;48;2;13;9;3;0;3;4;0;0;0
2021-03-10 03:19:58;48;2;13;9;3;0;3;4;0;0;0
2021-03-10 03:20:59;48;2;13;9;3;0;3;4;0;0;0
2021-03-10 03:21:59;49;2;14;9;3;0;3;4;0;0;0
2021-03-10 03:22:58;50;2;15;9;3;0;3;4;0;0;0
2021-03-10 03:23:59;52;2;15;10;3;0;3;4;0;0;0
2021-03-10 03:24:59;52;2;15;10;3;0;3;4;0;0;0
2021-03-10 03:25:58;52;2;15;10;3;0;3;4;0;0;0
2021-03-10 03:26:59;52;2;15;10;3;0;3;4;0;0;0
2021-03-10 03:27:58;52;2;15;10;3;0;3;4;0;0;0
2021-03-10 03:28:59;52;2;15;10;3;0;3;4;0;0;0
2021-03-10 03:29:59;52;2;15;10;3;0;3;4;0;0;0
2021-03-10 03:30:58;52;2;15;10;3;0;3;4;0;0;0
2021-03-10 03:31:59;52;2;15;10;3;0;3;4;0;0;0
2021-03-10 03:32:58;52;2;15;10;3;0;3;4;0;0;0
2021-03-10 03:33:59;53;2;16;10;3;0;3;4;0;0;0
2021-03-10 03:34:59;53;2;16;10;3;0;3;4;0;0;0
2021-03-10 03:35:58;53;2;16;10;3;0;3;4;0;0;0
2021-03-10 03:36:59;53;2;16;10;3;0;3;4;0;0;0
2021-03-10 03:37:59;53;2;16;10;3;0;3;4;0;0;0
2021-03-10 03:38:58;53;2;16;10;3;0;3;4;0;0;0
2021-03-10 03:39:59;53;2;16;10;3;0;3;4;0;0;0
2021-03-10 03:40:58;53;2;16;10;3;0;3;4;0;0;0
2021-03-10 03:41:59;53;2;16;10;3;0;3;4;0;0;0
2021-03-10 03:42:59;54;2;17;10;3;0;3;4;0;0;0
2021-03-10 03:43:58;54;2;17;10;3;0;3;4;0;0;0
2021-03-10 03:44:59;54;2;17;10;3;0;3;4;0;0;0
2021-03-10 03:45:59;54;2;17;10;3;0;3;4;0;0;0
2021-03-10 03:46:58;54;2;17;10;3;0;3;4;0;0;0
2021-03-10 03:47:59;54;2;17;10;3;0;3;4;0;0;0
2021-03-10 03:48:59;54;2;17;10;3;0;3;4;0;0;0
2021-03-10 03:49:58;54;2;17;10;3;0;3;4;0;0;0
2021-03-10 03:50:59;55;2;17;10;3;0;3;5;0;0;0
2021-03-10 03:51:58;55;2;17;10;3;0;3;5;0;0;0
2021-03-10 03:52:59;55;2;17;10;3;0;3;5;0;0;0
2021-03-10 03:53:59;55;2;17;10;3;0;3;5;0;0;0
2021-03-10 03:54:58;55;2;17;10;3;0;3;5;0;0;0
2021-03-10 03:55:59;55;2;17;10;3;0;3;5;0;0;0
2021-03-10 03:56:59;55;2;17;10;3;0;3;5;0;0;0
2021-03-10 03:57:58;55;2;17;10;3;0;3;5;0;0;0
2021-03-10 03:58:59;56;2;17;10;3;0;3;5;0;0;0
2021-03-10 04:00:00;56;2;17;10;3;0;3;5;0;0;0
2021-03-10 04:00:58;57;2;17;11;3;0;3;5;0;0;0
2021-03-10 04:01:59;57;2;17;11;3;0;3;5;0;0;0
2021-03-10 04:02:59;57;2;17;11;3;0;3;5;0;0;0
2021-03-10 04:03:58;57;2;17;11;3;0;3;5;0;0;0
2021-03-10 04:04:59;57;2;17;11;3;0;3;5;0;0;0
2021-03-10 04:05:58;57;2;17;11;3;0;3;5;0;0;0
2021-03-10 04:06:59;57;2;17;11;3;0;3;5;0;0;0
2021-03-10 04:07:59;57;2;17;11;3;0;3;5;0;0;0
2021-03-10 04:08:58;57;2;17;11;3;0;3;5;0;0;0
2021-03-10 04:09:59;57;2;17;11;3;0;3;5;0;0;0
2021-03-10 04:10:59;57;2;17;11;3;0;3;5;0;0;0
2021-03-10 04:11:58;57;2;17;11;3;0;3;5;0;0;0
2021-03-10 04:12:59;57;2;17;11;3;0;3;5;0;0;0
2021-03-10 04:13:59;57;2;17;11;3;0;3;5;0;0;0
2021-03-10 04:14:58;57;2;17;11;3;0;3;5;0;0;0
2021-03-10 04:15:59;57;2;17;11;3;0;3;5;0;0;0
2021-03-10 04:16:58;57;2;17;11;3;0;3;5;0;0;0
2021-03-10 04:17:59;57;2;17;11;3;0;3;5;0;0;0
2021-03-10 04:18:58;57;2;17;11;3;0;3;5;0;0;0
2021-03-10 04:19:59;57;2;17;11;3;0;3;5;0;0;0
2021-03-10 04:20:59;57;2;17;11;3;0;3;5;0;0;0
2021-03-10 04:21:58;57;2;17;11;3;0;3;5;0;0;0
2021-03-10 04:22:59;57;2;17;11;3;0;3;5;0;0;0
2021-03-10 04:23:58;57;2;17;11;3;0;3;5;0;0;0
2021-03-10 04:24:59;57;2;17;11;3;0;3;5;0;0;0
2021-03-10 04:25:59;57;2;17;11;3;0;3;5;0;0;0
2021-03-10 04:26:59;57;2;17;11;3;0;3;5;0;0;0
2021-03-10 04:27:58;57;2;17;11;3;0;3;5;0;0;0
2021-03-10 04:28:59;57;2;17;11;3;0;3;5;0;0;0
2021-03-10 04:29:58;57;2;17;11;3;0;3;5;0;0;0
2021-03-10 04:30:59;57;2;17;11;3;0;3;5;0;0;0
2021-03-10 04:31:59;57;2;17;11;3;0;3;5;0;0;0
2021-03-10 04:32:58;57;2;17;11;3;0;3;5;0;0;0
2021-03-10 04:33:59;57;2;17;11;3;0;3;5;0;0;0
2021-03-10 04:34:59;57;2;17;11;3;0;3;5;0;0;0
2021-03-10 04:35:58;57;2;17;11;3;0;3;5;0;0;0
2021-03-10 04:36:59;57;2;17;11;3;0;3;5;0;0;0
2021-03-10 04:37:59;57;2;17;11;3;0;3;5;0;0;0
2021-03-10 04:38:59;57;3;16;11;3;0;3;5;0;0;0
2021-03-10 04:39:58;57;3;16;11;3;0;3;5;0;0;0
2021-03-10 04:40:59;57;3;16;11;3;0;3;5;0;0;0
2021-03-10 04:41:58;57;3;16;11;3;0;3;5;0;0;0
2021-03-10 04:42:59;57;3;16;11;3;0;3;5;0;0;0
2021-03-10 04:43:59;57;3;16;11;3;0;3;5;0;0;0
2021-03-10 04:44:58;57;3;16;11;3;0;3;5;0;0;0
2021-03-10 04:45:59;57;3;16;11;3;0;3;5;0;0;0
2021-03-10 04:46:58;57;3;16;11;3;0;3;5;0;0;0
2021-03-10 04:47:59;57;3;16;11;3;0;3;5;0;0;0
2021-03-10 04:48:59;57;3;16;11;3;0;3;5;0;0;0
2021-03-10 04:49:58;57;3;16;11;3;0;3;5;0;0;0
2021-03-10 04:50:59;57;3;16;11;3;0;3;5;0;0;0
2021-03-10 04:51:58;57;3;16;11;3;0;3;5;0;0;0
2021-03-10 04:52:59;57;3;16;11;3;0;3;5;0;0;0
2021-03-10 04:53:59;57;3;16;11;3;0;3;5;0;0;0
2021-03-10 04:54:58;57;3;16;11;3;0;3;5;0;0;0
2021-03-10 04:55:59;57;3;16;11;3;0;3;5;0;0;0
2021-03-10 04:56:58;57;3;16;11;3;0;3;5;0;0;0
2021-03-10 04:57:59;57;3;16;11;3;0;3;5;0;0;0
2021-03-10 04:58:59;58;3;16;11;3;0;3;5;0;0;0
2021-03-10 04:59:58;58;3;16;11;3;0;3;5;0;0;0
2021-03-10 05:00:59;58;3;16;11;3;0;3;5;0;0;0
2021-03-10 05:01:58;58;3;16;11;3;0;3;5;0;0;0
2021-03-10 05:02:59;58;3;16;11;3;0;3;5;0;0;0
2021-03-10 05:03:58;58;3;16;11;3;0;3;5;0;0;0
2021-03-10 05:04:59;58;3;16;11;3;0;3;5;0;0;0
2021-03-10 05:05:59;58;3;16;11;3;0;3;5;0;0;0
2021-03-10 05:06:58;58;3;16;11;3;0;3;5;0;0;0
2021-03-10 05:07:59;58;3;16;11;3;0;3;5;0;0;0
2021-03-10 05:08:59;58;3;16;11;3;0;3;5;0;0;0
2021-03-10 05:09:59;58;3;16;11;3;0;3;5;0;0;0
2021-03-10 05:10:58;58;3;16;11;3;0;3;5;0;0;0
2021-03-10 05:11:59;59;4;16;11;3;0;3;5;0;0;0
2021-03-10 05:12:59;59;4;16;11;3;0;3;5;0;0;0
2021-03-10 05:13:58;60;5;16;11;3;0;3;5;0;0;0
2021-03-10 05:14:59;62;7;16;11;3;0;3;5;0;0;0
2021-03-10 05:15:59;62;7;16;11;3;0;3;5;0;0;0
2021-03-10 05:16:58;62;7;16;11;3;0;3;5;0;0;0
2021-03-10 05:17:59;62;7;16;11;3;0;3;5;0;0;0
2021-03-10 05:18:58;62;7;16;11;3;0;3;5;0;0;0
2021-03-10 05:19:59;63;8;16;11;3;0;3;5;0;0;0
2021-03-10 05:20:59;63;8;16;11;3;0;3;5;0;0;0
2021-03-10 05:21:58;63;8;16;11;3;0;3;5;0;0;0
2021-03-10 05:22:59;63;8;16;11;3;0;3;5;0;0;0
2021-03-10 05:23:59;63;8;16;11;3;0;3;5;0;0;0
2021-03-10 05:24:58;63;8;16;11;3;0;3;5;0;0;0
2021-03-10 05:25:59;63;8;16;11;3;0;3;5;0;0;0
2021-03-10 05:26:58;63;8;16;11;3;0;3;5;0;0;0
2021-03-10 05:27:59;63;8;16;11;3;0;3;5;0;0;0
2021-03-10 05:28:59;63;8;16;11;3;0;3;5;0;0;0
2021-03-10 05:29:58;63;8;16;11;3;0;3;5;0;0;0
2021-03-10 05:30:59;63;8;16;11;3;0;3;5;0;0;0
2021-03-10 05:31:59;64;9;16;11;3;0;3;5;0;0;0
2021-03-10 05:32:58;64;9;16;11;3;0;3;5;0;0;0
2021-03-10 05:33:59;64;9;16;11;3;0;3;5;0;0;0
2021-03-10 05:34:58;64;9;16;11;3;0;3;5;0;0;0
2021-03-10 05:35:59;64;9;16;11;3;0;3;5;0;0;0
2021-03-10 05:36:59;64;9;16;11;3;0;3;5;0;0;0
2021-03-10 05:37:58;64;9;16;11;3;0;3;5;0;0;0
2021-03-10 05:38:59;64;9;16;11;3;0;3;5;0;0;0
2021-03-10 05:39:59;64;9;16;11;3;0;3;5;0;0;0
2021-03-10 05:40:58;64;9;16;11;3;0;3;5;0;0;0
2021-03-10 05:41:59;64;9;16;11;3;0;3;5;0;0;0
2021-03-10 05:42:58;64;9;16;11;3;0;3;5;0;0;0
2021-03-10 05:43:59;64;9;16;11;3;0;3;5;0;0;0
2021-03-10 05:44:59;64;9;16;11;3;0;3;5;0;0;0
2021-03-10 05:45:58;64;9;16;11;3;0;3;5;0;0;0
2021-03-10 05:46:59;64;9;16;11;3;0;3;5;0;0;0
2021-03-10 05:48:00;64;9;16;11;3;0;3;5;0;0;0
2021-03-10 05:48:58;64;9;16;11;3;0;3;5;0;0;0
2021-03-10 05:49:59;64;9;16;11;3;0;3;5;0;0;0
2021-03-10 05:50:58;64;9;16;11;3;0;3;5;0;0;0
2021-03-10 05:51:59;64;9;16;11;3;0;3;5;0;0;0
2021-03-10 05:52:59;64;9;16;11;3;0;3;5;0;0;0
2021-03-10 05:53:58;64;9;16;11;3;0;3;5;0;0;0
2021-03-10 05:54:59;64;9;16;11;3;0;3;5;0;0;0
2021-03-10 05:55:59;64;9;16;11;3;0;3;5;0;0;0
2021-03-10 05:56:58;65;9;16;12;3;0;3;5;0;0;0
2021-03-10 05:57:59;65;9;16;12;3;0;3;5;0;0;0
2021-03-10 05:58:58;65;9;16;12;3;0;3;5;0;0;0
2021-03-10 06:00:00;65;9;16;12;3;0;3;5;0;0;0
2021-03-10 06:00:58;65;9;16;12;3;0;3;5;0;0;0
2021-03-10 06:01:59;65;9;16;12;3;0;3;5;0;0;0
2021-03-10 06:02:59;65;9;16;12;3;0;3;5;0;0;0
2021-03-10 06:03:59;65;9;16;12;3;0;3;5;0;0;0
2021-03-10 06:04:58;65;9;16;12;3;0;3;5;0;0;0
2021-03-10 06:05:59;65;9;16;12;3;0;3;5;0;0;0
2021-03-10 06:06:59;65;9;16;12;3;0;3;5;0;0;0
2021-03-10 06:07:59;65;9;16;12;3;0;3;5;0;0;0
2021-03-10 06:08:59;65;9;16;12;3;0;3;5;0;0;0
2021-03-10 06:09:59;65;9;16;12;3;0;3;5;0;0;0
2021-03-10 06:10:58;65;9;16;12;3;0;3;5;0;0;0
2021-03-10 06:11:59;65;9;16;12;3;0;3;5;0;0;0
2021-03-10 06:12:59;65;9;16;12;3;0;3;5;0;0;0
2021-03-10 06:13:58;65;9;16;12;3;0;3;5;0;0;0
2021-03-10 06:14:59;65;9;16;12;3;0;3;5;0;0;0
2021-03-10 06:15:59;65;9;16;12;3;0;3;5;0;0;0
2021-03-10 06:16:58;65;9;16;12;3;0;3;5;0;0;0
2021-03-10 06:17:59;65;9;16;12;3;0;3;5;0;0;0
2021-03-10 06:18:58;65;9;16;12;3;0;3;5;0;0;0
2021-03-10 06:19:59;65;9;16;12;3;0;3;5;0;0;0
2021-03-10 06:20:59;65;9;16;12;3;0;3;5;0;0;0
2021-03-10 06:21:58;65;9;16;12;3;0;3;5;0;0;0
2021-03-10 06:22:59;65;9;16;12;3;0;3;5;0;0;0
2021-03-10 06:23:59;65;9;16;12;3;0;3;5;0;0;0
2021-03-10 06:24:58;65;9;16;12;3;0;3;5;0;0;0
2021-03-10 06:25:59;65;9;16;12;3;0;3;5;0;0;0
2021-03-10 06:26:59;65;9;16;12;3;0;3;5;0;0;0
2021-03-10 06:27:58;65;9;16;12;3;0;3;5;0;0;0
2021-03-10 06:28:59;65;9;16;12;3;0;3;5;0;0;0
2021-03-10 06:29:58;65;9;16;12;3;0;3;5;0;0;0
2021-03-10 06:30:59;65;9;16;12;3;0;3;5;0;0;0
2021-03-10 06:31:59;65;9;16;12;3;0;3;5;0;0;0
2021-03-10 06:32:58;65;9;16;12;3;0;3;5;0;0;0
2021-03-10 06:33:59;65;9;16;12;3;0;3;5;0;0;0
2021-03-10 06:34:59;65;9;16;12;3;0;3;5;0;0;0
2021-03-10 06:35:58;65;9;16;12;3;0;3;5;0;0;0
2021-03-10 06:36:59;65;9;16;12;3;0;3;5;0;0;0
2021-03-10 06:37:58;65;9;16;12;3;0;3;5;0;0;0
2021-03-10 06:38:59;66;9;16;12;3;0;3;5;1;0;0
2021-03-10 06:39:59;66;9;16;12;3;0;3;5;1;0;0
2021-03-10 06:40:58;66;9;16;12;3;0;3;5;1;0;0
2021-03-10 06:41:59;66;9;16;12;3;0;3;5;1;0;0
2021-03-10 06:42:58;66;9;16;12;3;0;3;5;1;0;0
2021-03-10 06:43:59;66;9;16;12;3;0;3;5;1;0;0
2021-03-10 06:44:59;66;9;16;12;3;0;3;5;1;0;0
2021-03-10 06:45:58;66;9;16;12;3;0;3;5;1;0;0
2021-03-10 06:46:59;66;9;16;12;3;0;3;5;1;0;0
2021-03-10 06:47:59;66;9;16;12;3;0;3;5;1;0;0
2021-03-10 06:48:58;66;9;16;12;3;0;3;5;1;0;0
2021-03-10 06:49:59;66;9;16;12;3;0;3;5;1;0;0
2021-03-10 06:50:59;67;9;17;12;3;0;3;5;1;0;0
2021-03-10 06:51:58;67;9;17;12;3;0;3;5;1;0;0
2021-03-10 06:52:59;67;9;17;12;3;0;3;5;1;0;0
2021-03-10 06:53:58;67;9;17;12;3;0;3;5;1;0;0
2021-03-10 06:54:59;67;9;17;12;3;0;3;5;1;0;0
2021-03-10 06:55:59;67;9;17;12;3;0;3;5;1;0;0
2021-03-10 06:56:58;67;9;17;12;3;0;3;5;1;0;0
2021-03-10 06:57:59;67;9;17;12;3;0;3;5;1;0;0
2021-03-10 06:58:59;67;9;17;12;3;0;3;5;1;0;0
2021-03-10 06:59:58;67;9;17;12;3;0;3;5;1;0;0
2021-03-10 07:00:59;68;10;17;12;3;0;3;5;1;0;0
2021-03-10 07:01:58;68;10;17;12;3;0;3;5;1;0;0
2021-03-10 07:02:59;68;10;17;12;3;0;3;5;1;0;0
2021-03-10 07:03:59;68;10;17;12;3;0;3;5;1;0;0
2021-03-10 07:04:58;68;10;17;12;3;0;3;5;1;0;0
2021-03-10 07:05:59;68;10;17;12;3;0;3;5;1;0;0
2021-03-10 07:06:59;68;10;17;12;3;0;3;5;1;0;0
2021-03-10 07:07:58;68;10;17;12;3;0;3;5;1;0;0
2021-03-10 07:08:59;68;10;17;12;3;0;3;5;1;0;0
2021-03-10 07:09:59;68;10;17;12;3;0;3;5;1;0;0
2021-03-10 07:10:58;68;10;17;12;3;0;3;5;1;0;0
2021-03-10 07:11:59;68;10;17;12;3;0;3;5;1;0;0
2021-03-10 07:12:59;69;10;18;12;3;0;3;5;1;0;0
2021-03-10 07:13:58;69;10;18;12;3;0;3;5;1;0;0
2021-03-10 07:14:59;69;10;18;12;3;0;3;5;1;0;0
2021-03-10 07:15:59;69;10;18;12;3;0;3;5;1;0;0
2021-03-10 07:16:58;69;10;18;12;3;0;3;5;1;0;0
2021-03-10 07:17:59;69;10;18;12;3;0;3;5;1;0;0
2021-03-10 07:18:59;69;10;18;12;3;0;3;5;1;0;0
2021-03-10 07:19:58;69;10;18;12;3;0;3;5;1;0;0
2021-03-10 07:20:59;69;10;18;12;3;0;3;5;1;0;0
2021-03-10 07:21:59;69;10;18;12;3;0;3;5;1;0;0
2021-03-10 07:22:58;69;10;18;12;3;0;3;5;1;0;0
2021-03-10 07:23:59;70;10;18;12;3;0;3;5;2;0;0
2021-03-10 07:24:59;70;10;18;12;3;0;3;5;2;0;0
2021-03-10 07:25:58;70;10;18;12;3;0;3;5;2;0;0
2021-03-10 07:26:59;70;10;18;12;3;0;3;5;2;0;0
2021-03-10 07:27:58;70;10;18;12;3;0;3;5;2;0;0
2021-03-10 07:28:59;70;10;18;12;3;0;3;5;2;0;0
2021-03-10 07:29:59;70;10;18;12;3;0;3;5;2;0;0
2021-03-10 07:30:58;70;10;18;12;3;0;3;5;2;0;0
2021-03-10 07:31:59;70;10;18;12;3;0;3;5;2;0;0
2021-03-10 07:32:58;70;10;18;12;3;0;3;5;2;0;0
2021-03-10 07:33:59;70;10;18;12;3;0;3;5;2;0;0
2021-03-10 07:34:59;70;10;18;12;3;0;3;5;2;0;0
2021-03-10 07:35:58;70;10;18;12;3;0;3;5;2;0;0
2021-03-10 07:36:59;70;10;18;12;3;0;3;5;2;0;0
2021-03-10 07:37:58;70;10;18;12;3;0;3;5;2;0;0
2021-03-10 07:38:59;70;10;18;12;3;0;3;5;2;0;0
2021-03-10 07:39:59;70;10;18;12;3;0;3;5;2;0;0
2021-03-10 07:40:58;71;11;18;12;3;0;3;5;2;0;0
2021-03-10 07:41:59;71;11;18;12;3;0;3;5;2;0;0
2021-03-10 07:42:58;71;11;18;12;3;0;3;5;2;0;0
2021-03-10 07:43:59;71;11;18;12;3;0;3;5;2;0;0
2021-03-10 07:44:59;72;11;18;12;3;0;3;5;2;0;0
2021-03-10 07:45:58;72;11;18;12;3;0;3;5;2;0;0
2021-03-10 07:46:59;72;11;18;12;3;0;3;5;2;0;0
2021-03-10 07:47:59;72;11;18;12;3;0;3;5;2;0;0
2021-03-10 07:48:58;72;11;18;12;3;0;3;5;2;0;0
2021-03-10 07:49:59;72;11;18;12;3;0;3;5;2;0;0
2021-03-10 07:50:59;72;11;18;12;3;0;3;5;2;0;0
2021-03-10 07:51:58;73;12;18;12;3;0;3;5;2;0;0
2021-03-10 07:52:59;73;12;18;12;3;0;3;5;2;0;0
2021-03-10 07:53:59;73;12;18;12;3;0;3;5;2;0;0
2021-03-10 07:54:58;73;12;18;12;3;0;3;5;2;0;0
2021-03-10 07:55:59;73;12;18;12;3;0;3;5;2;0;0
2021-03-10 07:56:59;73;12;18;12;3;0;3;5;2;0;0
2021-03-10 07:57:58;73;12;18;12;3;0;3;5;2;0;0
2021-03-10 07:58:59;73;12;18;12;3;0;3;5;2;0;0
2021-03-10 07:59:59;73;12;18;12;3;0;3;5;2;0;0
2021-03-10 08:00:58;73;12;18;12;3;0;3;5;2;0;0
2021-03-10 08:01:59;74;12;19;12;3;0;3;5;2;0;0
2021-03-10 08:02:58;76;13;19;12;3;0;3;5;2;0;0
2021-03-10 08:03:59;76;13;19;12;3;0;3;5;2;0;0
2021-03-10 08:04:59;76;13;19;12;3;0;3;5;2;0;0
2021-03-10 08:05:58;76;13;20;12;3;0;3;5;2;0;0
2021-03-10 08:06:59;76;13;20;12;3;0;3;5;2;0;0
2021-03-10 08:07:59;76;13;20;12;3;0;3;5;2;0;0
2021-03-10 08:08:58;76;13;20;12;3;0;3;5;2;0;0
2021-03-10 08:09:59;76;13;20;12;3;0;3;5;2;0;0
2021-03-10 08:10:59;76;13;20;12;3;0;3;5;2;0;0
2021-03-10 08:11:58;76;13;20;12;3;0;3;5;2;0;0
2021-03-10 08:12:59;76;13;20;12;3;0;3;5;2;0;0
2021-03-10 08:13:59;76;13;20;12;3;0;3;5;2;0;0
2021-03-10 08:14:58;76;13;20;12;3;0;3;5;2;0;0
2021-03-10 08:15:59;76;13;20;12;3;0;3;5;2;0;0
2021-03-10 08:16:58;78;14;20;12;3;0;3;5;2;0;0
2021-03-10 08:17:59;78;14;20;12;3;0;3;5;2;0;0
2021-03-10 08:18:59;78;14;20;12;3;0;3;5;2;0;0
2021-03-10 08:19:58;79;14;21;12;3;0;3;5;2;0;0
2021-03-10 08:20:59;79;14;21;12;3;0;3;5;2;0;0
2021-03-10 08:21:59;80;15;21;12;3;0;3;5;2;0;0
2021-03-10 08:22:58;80;15;21;12;3;0;3;5;2;0;0
2021-03-10 08:23:59;80;15;21;12;3;0;3;5;2;0;0
2021-03-10 08:24:59;80;15;21;12;3;0;3;5;2;0;0
2021-03-10 08:25:58;81;15;21;12;3;0;3;5;3;0;0
2021-03-10 08:26:59;82;16;21;12;3;0;3;5;3;0;0
2021-03-10 08:27:58;83;16;22;12;3;0;3;5;3;0;0
2021-03-10 08:28:59;84;16;22;12;3;0;3;6;3;0;0
2021-03-10 08:29:59;84;16;22;12;3;0;3;6;3;0;0
2021-03-10 08:30:58;84;16;22;12;3;0;3;6;3;0;0
2021-03-10 08:31:59;84;16;22;12;3;0;3;6;3;0;0
2021-03-10 08:32:59;85;16;22;12;3;0;3;6;3;0;0
2021-03-10 08:33:58;85;16;22;12;3;0;3;6;3;0;0
2021-03-10 08:34:59;85;16;22;12;3;0;3;6;3;0;0
2021-03-10 08:35:58;85;16;22;12;3;0;3;6;3;0;0
2021-03-10 08:36:59;85;16;22;12;3;0;3;6;3;0;0
2021-03-10 08:37:59;85;16;22;12;3;0;3;6;3;0;0
2021-03-10 08:38:58;85;16;22;12;3;0;3;6;3;0;0
2021-03-10 08:39:59;85;16;22;12;3;0;3;6;3;0;0
2021-03-10 08:40:59;85;16;22;12;3;0;3;6;3;0;0
2021-03-10 08:41:58;86;16;22;12;3;0;3;6;3;0;0
2021-03-10 08:42:59;86;16;22;12;3;0;3;6;3;0;0
2021-03-10 08:43:59;86;16;22;12;3;0;3;6;3;0;0
2021-03-10 08:44:58;86;17;22;12;3;0;3;6;2;0;0
2021-03-10 08:45:59;86;17;22;12;3;0;3;6;2;0;0
2021-03-10 08:46:59;86;17;22;12;3;0;3;6;2;0;0
2021-03-10 08:47:58;86;16;22;12;3;0;3;6;3;0;0
2021-03-10 08:48:59;86;16;22;12;3;0;3;6;3;0;0
2021-03-10 08:49:59;87;16;23;12;3;0;3;6;3;0;0
2021-03-10 08:50:58;87;16;23;12;3;0;3;6;3;0;0
2021-03-10 08:51:59;87;16;23;12;3;0;3;6;3;0;0
2021-03-10 08:52:58;87;16;23;12;3;0;3;6;3;0;0
2021-03-10 08:53:59;87;16;23;12;3;0;3;6;3;0;0
2021-03-10 08:54:59;87;16;23;12;3;0;3;6;3;0;0
2021-03-10 08:55:58;87;16;23;12;3;0;3;6;3;0;0
2021-03-10 08:56:59;88;16;23;12;3;0;4;6;3;0;0
2021-03-10 08:57:58;88;16;23;12;3;0;4;6;3;0;0
2021-03-10 08:58:59;88;16;23;12;3;0;4;6;3;0;0
2021-03-10 08:59:59;88;16;23;12;3;0;4;6;3;0;0
2021-03-10 09:00:58;88;16;23;12;3;0;4;6;3;0;0
2021-03-10 09:01:59;89;16;24;12;3;0;4;6;3;0;0
2021-03-10 09:02:59;89;16;24;12;3;0;4;6;3;0;0
2021-03-10 09:03:58;89;16;24;12;3;0;4;6;3;0;0
2021-03-10 09:04:59;89;16;24;12;3;0;4;6;3;0;0
2021-03-10 09:05:58;90;16;25;12;3;0;4;6;3;0;0
2021-03-10 09:06:59;91;16;26;12;3;0;4;6;3;0;0
2021-03-10 09:07:58;92;16;27;12;3;0;4;6;3;0;0
2021-03-10 09:08:59;92;16;27;12;3;0;4;6;3;0;0
2021-03-10 09:09:59;93;16;28;12;3;0;4;6;3;0;0
2021-03-10 09:10:58;93;16;28;12;3;0;4;6;3;0;0
2021-03-10 09:11:59;93;16;28;12;3;0;4;6;3;0;0
2021-03-10 09:12:59;93;16;28;12;3;0;4;6;3;0;0
2021-03-10 09:13:58;94;16;28;12;3;0;4;6;3;0;0
2021-03-10 09:14:59;94;16;28;12;3;0;4;6;3;0;0
2021-03-10 09:15:58;94;16;28;12;3;0;4;6;3;0;0
2021-03-10 09:16:59;95;16;29;12;3;0;4;6;3;0;0
2021-03-10 09:17:59;96;17;29;12;3;0;4;6;3;0;0
2021-03-10 09:18:58;96;17;29;12;3;0;4;6;3;0;0
2021-03-10 09:19:59;96;17;29;12;3;0;4;6;3;0;0
2021-03-10 09:20:58;96;17;29;12;3;0;4;6;3;0;0
2021-03-10 09:21:59;96;17;29;12;3;0;4;6;3;0;0
2021-03-10 09:22:59;96;17;29;12;3;0;4;6;3;0;0
2021-03-10 09:24:00;97;17;30;12;3;0;4;6;3;0;0
2021-03-10 09:24:58;97;17;30;12;3;0;4;6;3;0;0
2021-03-10 09:25:59;97;17;30;12;3;0;4;6;3;0;0
2021-03-10 09:26:58;97;17;30;12;3;0;4;6;3;0;0
2021-03-10 09:27:59;97;17;30;12;3;0;4;6;3;0;0
2021-03-10 09:28:59;97;17;30;12;3;0;4;6;3;0;0
2021-03-10 09:29:58;98;17;31;12;3;0;4;6;3;0;0
2021-03-10 09:30:59;99;18;31;12;3;0;4;6;3;0;0
2021-03-10 09:31:58;99;18;31;12;3;0;4;6;3;0;0
2021-03-10 09:32:59;102;18;34;12;3;0;4;6;3;0;0
2021-03-10 09:33:59;102;17;34;12;3;0;5;6;3;0;0
2021-03-10 09:34:58;102;17;34;12;3;0;5;6;3;0;0
2021-03-10 09:35:59;102;17;34;12;3;0;5;6;3;0;0
2021-03-10 09:37:00;102;17;34;12;3;0;5;6;3;0;0
2021-03-10 09:37:58;102;17;34;12;3;0;5;6;3;0;0
2021-03-10 09:38:59;102;17;34;12;3;0;5;6;3;0;0
2021-03-10 09:39:58;102;17;34;12;3;0;5;6;3;0;0
2021-03-10 09:40:59;103;17;34;12;3;1;5;6;3;0;0
2021-03-10 09:41:59;103;17;34;12;3;1;5;6;3;0;0
2021-03-10 09:42:58;103;17;34;12;3;1;5;6;3;0;0
2021-03-10 09:43:59;103;17;34;12;3;1;5;6;3;0;0
2021-03-10 09:44:59;104;18;34;12;3;1;5;6;3;0;0
2021-03-10 09:45:58;104;18;34;12;3;1;5;6;3;0;0
2021-03-10 09:46:58;104;18;34;12;3;1;5;6;3;0;0
2021-03-10 09:47:59;105;18;35;12;3;1;5;6;3;0;0
2021-03-10 09:48:59;105;18;35;12;3;1;5;6;3;0;0
2021-03-10 09:49:58;105;18;35;12;3;1;5;6;3;0;0
2021-03-10 09:50:59;105;18;35;12;3;1;5;6;3;0;0
2021-03-10 09:51:59;105;18;35;12;3;1;5;6;3;0;0
2021-03-10 09:52:58;107;19;35;12;3;1;5;6;3;0;0
2021-03-10 09:53:59;107;19;35;12;3;1;5;6;3;0;0
2021-03-10 09:54:59;107;19;35;12;3;1;5;6;3;0;0
2021-03-10 09:55:58;107;19;35;12;3;1;5;6;3;0;0
2021-03-10 09:56:59;107;19;35;12;3;1;5;6;3;0;0
2021-03-10 09:57:59;107;19;35;12;3;1;5;6;3;0;0
2021-03-10 09:58:58;108;20;35;12;3;1;5;6;3;0;0
2021-03-10 09:59:59;108;20;35;12;3;1;5;6;3;0;0
2021-03-10 10:00:58;108;20;35;12;3;1;5;6;3;0;0
2021-03-10 10:01:59;108;20;35;12;3;1;5;6;3;0;0
2021-03-10 10:02:58;108;20;35;12;3;1;5;6;3;0;0
2021-03-10 10:03:59;108;20;35;12;3;1;5;6;3;0;0
2021-03-10 10:04:59;108;20;35;12;3;1;5;6;3;0;0
2021-03-10 10:05:58;108;20;35;12;3;1;5;6;3;0;0
2021-03-10 10:06:59;108;20;35;12;3;1;5;6;3;0;0
2021-03-10 10:07:58;108;20;35;12;3;1;5;6;3;0;0
2021-03-10 10:08:59;108;20;35;12;3;1;5;6;3;0;0
2021-03-10 10:09:59;108;20;35;12;3;1;5;6;3;0;0
2021-03-10 10:10:58;109;20;36;12;3;1;5;6;3;0;0
2021-03-10 10:11:59;109;20;36;12;3;1;5;6;3;0;0
2021-03-10 10:12:59;109;20;36;12;3;1;5;6;3;0;0
2021-03-10 10:13:58;109;20;36;12;3;1;5;6;3;0;0
2021-03-10 10:14:59;110;20;37;12;3;1;5;6;3;0;0
2021-03-10 10:15:59;110;20;37;12;3;1;5;6;3;0;0
2021-03-10 10:16:58;110;20;37;12;3;1;5;6;3;0;0
2021-03-10 10:18:00;110;20;37;12;3;1;5;6;3;0;0
2021-03-10 10:18:58;110;20;37;12;3;1;5;6;3;0;0
2021-03-10 10:19:59;110;20;37;12;3;2;5;6;3;0;0
2021-03-10 10:20:58;110;20;37;12;3;2;5;6;3;0;0
2021-03-10 10:21:59;110;20;37;12;3;2;5;6;3;0;0
2021-03-10 10:22:59;110;20;37;12;3;2;5;6;3;0;0
2021-03-10 10:23:58;110;20;37;12;3;2;5;6;3;0;0
2021-03-10 10:24:59;110;20;37;12;3;2;5;6;3;0;0
2021-03-10 10:25:58;110;20;37;12;3;2;5;6;3;0;0
2021-03-10 10:26:59;110;20;37;12;3;2;5;6;3;0;0
2021-03-10 10:27:59;111;20;37;12;3;2;6;6;3;0;0
2021-03-10 10:28:58;112;21;37;12;3;2;6;6;3;0;0
2021-03-10 10:29:59;112;21;37;12;3;2;6;6;3;0;0
2021-03-10 10:30:58;112;21;37;12;3;2;6;6;3;0;0
2021-03-10 10:31:59;113;21;37;12;3;3;6;6;3;0;0
2021-03-10 10:32:58;113;21;37;12;3;3;6;6;3;0;0
2021-03-10 10:33:59;113;21;37;12;3;3;6;6;3;0;0
2021-03-10 10:34:59;113;21;37;12;3;3;6;6;3;0;0
2021-03-10 10:35:58;113;21;37;12;3;3;6;6;3;0;0
2021-03-10 10:36:59;115;21;39;12;3;3;6;6;3;0;0
2021-03-10 10:37:58;115;21;39;12;3;3;6;6;3;0;0
2021-03-10 10:38:59;115;21;39;12;3;3;6;6;3;0;0
2021-03-10 10:39:59;115;21;39;12;3;3;6;6;3;0;0
2021-03-10 10:40:58;115;21;39;12;3;3;6;6;3;0;0
2021-03-10 10:41:59;115;22;38;12;3;3;6;6;3;0;0
2021-03-10 10:42:58;115;22;38;12;3;3;6;6;3;0;0
2021-03-10 10:43:59;115;22;38;12;3;3;6;6;3;0;0
2021-03-10 10:45:00;115;22;38;12;3;3;6;6;3;0;0
2021-03-10 10:45:58;118;23;40;12;3;3;6;6;3;0;0
2021-03-10 10:46:59;118;23;40;12;3;3;6;6;3;0;0
2021-03-10 10:47:58;118;23;40;12;3;3;6;6;3;0;0
2021-03-10 10:48:59;118;23;40;12;3;3;6;6;3;0;0
2021-03-10 10:49:58;118;23;40;12;3;3;6;6;3;0;0
2021-03-10 10:50:59;118;23;40;12;4;3;6;6;3;0;0
2021-03-10 10:51:59;118;23;40;12;4;3;6;6;3;0;0
2021-03-10 10:52:58;118;23;40;12;4;3;6;6;3;0;0
2021-03-10 10:53:59;118;23;40;12;4;3;6;6;3;0;0
2021-03-10 10:55:00;118;23;40;12;4;3;6;6;3;0;0
2021-03-10 10:55:58;118;23;40;12;4;3;6;6;3;0;0
2021-03-10 10:56:59;118;23;40;12;4;3;6;6;3;0;0
2021-03-10 10:57:58;118;23;40;12;4;3;6;6;3;0;0
2021-03-10 10:58:59;118;23;40;12;4;3;6;6;3;0;0
2021-03-10 10:59:59;118;23;40;12;4;3;6;6;3;0;0
2021-03-10 11:00:58;118;23;40;12;4;3;6;6;3;0;0
2021-03-10 11:01:59;118;23;40;12;4;3;6;6;3;0;0
2021-03-10 11:02:59;118;23;40;12;4;3;6;6;3;0;0
2021-03-10 11:03:58;118;23;40;12;4;3;6;6;3;0;0
2021-03-10 11:04:59;118;23;40;12;4;3;6;6;3;0;0
2021-03-10 11:05:59;118;23;40;12;4;3;6;6;3;0;0
2021-03-10 11:06:58;119;23;41;12;4;3;6;6;3;0;0
2021-03-10 11:07:59;120;24;41;12;4;3;6;6;3;0;0
2021-03-10 11:08:58;120;24;41;12;4;3;6;6;3;0;0
2021-03-10 11:09:59;120;24;41;12;4;3;6;6;3;0;0
2021-03-10 11:10:59;120;24;41;12;4;3;6;6;3;0;0
2021-03-10 11:11:58;121;25;41;12;4;3;6;6;3;0;0
2021-03-10 11:12:59;122;25;42;12;4;3;6;6;3;0;0
2021-03-10 11:13:58;122;25;42;12;4;3;6;6;3;0;0
2021-03-10 11:14:59;122;25;42;12;4;3;6;6;3;0;0
2021-03-10 11:15:59;123;25;43;12;4;3;6;6;3;0;0
2021-03-10 11:16:58;124;25;43;12;4;3;6;6;3;0;0
2021-03-10 11:17:59;124;25;43;12;4;3;6;6;3;0;0
2021-03-10 11:18:59;124;25;43;12;4;3;6;6;3;0;0
2021-03-10 11:19:58;124;25;43;12;4;3;6;6;3;0;0
2021-03-10 11:20:59;124;25;43;12;4;3;6;6;3;0;0
2021-03-10 11:21:59;125;25;43;12;4;3;6;6;4;0;0
2021-03-10 11:22:58;125;25;43;12;4;3;6;6;4;0;0
2021-03-10 11:23:59;126;25;43;12;4;3;6;6;4;0;0
2021-03-10 11:24:59;126;25;43;12;4;3;6;6;4;0;0
2021-03-10 11:25:58;126;25;43;12;4;3;6;6;4;0;0
2021-03-10 11:26:59;126;25;43;12;4;3;6;6;4;0;0
2021-03-10 11:27:58;126;25;43;12;4;3;6;6;4;0;0
2021-03-10 11:28:59;126;25;43;12;4;3;6;6;4;0;0
2021-03-10 11:29:59;126;25;43;12;4;3;6;6;4;0;0
2021-03-10 11:30:58;126;25;43;12;4;3;6;6;4;0;0
2021-03-10 11:31:59;126;25;43;12;4;3;6;6;4;0;0
2021-03-10 11:32:58;126;25;43;12;4;3;6;6;4;0;0
2021-03-10 11:33:59;126;25;43;12;4;3;6;6;4;0;0
2021-03-10 11:34:59;126;25;43;12;4;3;6;6;4;0;0
2021-03-10 11:35:58;127;26;43;12;4;3;6;6;4;0;0
2021-03-10 11:36:59;127;26;43;12;4;3;6;6;4;0;0
2021-03-10 11:37:58;127;26;43;12;4;3;6;6;4;0;0
2021-03-10 11:38:59;127;26;43;12;4;3;6;6;4;0;0
2021-03-10 11:39:58;127;26;43;12;4;3;6;6;4;0;0
2021-03-10 11:40:59;127;26;43;12;4;3;6;6;4;0;0
2021-03-10 11:41:59;127;26;43;12;4;3;6;6;4;0;0
2021-03-10 11:42:58;127;26;43;12;4;3;6;6;4;0;0
2021-03-10 11:43:59;127;26;43;12;4;3;6;6;4;0;0
2021-03-10 11:44:58;127;26;43;12;4;3;6;6;4;0;0
2021-03-10 11:45:59;129;27;43;12;4;3;6;6;4;0;0
2021-03-10 11:46:59;129;27;43;12;4;3;6;6;4;0;0
2021-03-10 11:47:58;129;27;43;12;4;3;6;6;4;0;0
2021-03-10 11:48:59;129;27;43;12;4;3;6;6;4;0;0
2021-03-10 11:49:59;129;27;43;12;4;3;6;6;4;0;0
2021-03-10 11:50:59;129;27;43;12;4;3;6;6;4;0;0
2021-03-10 11:51:58;129;27;43;12;4;3;6;6;4;0;0
2021-03-10 11:52:59;129;27;43;12;4;3;6;6;4;0;0
2021-03-10 11:53:59;129;27;43;12;4;3;6;6;4;0;0
2021-03-10 11:54:58;130;27;44;12;4;3;6;6;4;0;0
2021-03-10 11:55:59;130;27;44;12;4;3;6;6;4;0;0
2021-03-10 11:56:59;130;27;44;12;4;3;6;6;4;0;0
2021-03-10 11:57:58;130;27;44;12;4;3;6;6;4;0;0
2021-03-10 11:58:59;129;27;44;12;4;3;6;6;4;0;1
2021-03-10 11:59:59;129;27;44;12;4;3;6;6;4;0;1
2021-03-10 12:00:58;129;27;44;12;4;3;6;6;4;0;1
2021-03-10 12:01:59;129;27;44;12;4;3;6;6;4;0;1
2021-03-10 12:02:58;130;28;44;12;4;3;6;6;4;0;1
2021-03-10 12:03:59;130;28;44;12;4;3;6;6;4;0;1
2021-03-10 12:04:59;130;28;44;12;4;3;6;6;4;0;1
2021-03-10 12:05:58;130;28;44;12;4;3;6;6;4;0;1
2021-03-10 12:06:59;130;28;44;12;4;3;6;6;4;0;1
2021-03-10 12:07:59;131;28;44;12;4;3;7;6;4;0;1
2021-03-10 12:08:58;131;28;44;12;4;3;7;6;4;0;1
2021-03-10 12:09:59;131;28;44;12;4;3;7;6;4;0;1
2021-03-10 12:11:00;131;28;44;12;4;3;7;6;4;0;1
2021-03-10 12:11:58;132;28;45;12;4;3;7;6;4;0;1
2021-03-10 12:12:59;132;28;45;12;4;3;7;6;4;0;1
2021-03-10 12:13:58;132;28;45;12;4;3;7;6;4;0;1
2021-03-10 12:14:59;132;28;45;12;4;3;7;6;4;0;1
2021-03-10 12:15:59;132;28;45;12;4;3;7;6;4;0;1
2021-03-10 12:16:58;133;29;45;12;4;3;7;6;4;0;1
2021-03-10 12:17:59;133;29;45;12;4;3;7;6;4;0;1
2021-03-10 12:18:59;133;29;45;12;4;3;7;6;4;0;1
2021-03-10 12:19:59;133;29;45;12;4;3;7;6;4;0;1
2021-03-10 12:20:58;133;29;45;12;4;3;7;6;4;0;1
2021-03-10 12:21:59;133;29;45;12;4;3;7;6;4;0;1
2021-03-10 12:22:59;133;29;45;12;4;3;7;6;4;0;1
2021-03-10 12:23:58;133;29;45;12;4;3;7;6;4;0;1
2021-03-10 12:24:59;134;29;46;12;4;3;7;6;4;0;1
2021-03-10 12:25:59;134;29;46;12;4;3;7;6;4;0;1
2021-03-10 12:26:58;134;29;46;12;4;3;7;6;4;0;1
2021-03-10 12:27:59;134;29;46;12;4;3;7;6;4;0;1
2021-03-10 12:28:59;134;29;46;12;4;3;7;6;4;0;1
2021-03-10 12:29:58;134;29;46;12;4;3;7;6;4;0;1
2021-03-10 12:30:59;134;29;46;12;4;3;7;6;4;0;1
2021-03-10 12:31:59;134;29;46;12;4;3;7;6;4;0;1
2021-03-10 12:32:58;134;29;46;12;4;3;7;6;4;0;1
2021-03-10 12:33:59;134;29;46;12;4;3;7;6;4;0;1
2021-03-10 12:34:58;134;29;46;12;4;3;7;6;4;0;1
2021-03-10 12:35:59;134;29;46;12;4;3;7;6;4;0;1
2021-03-10 12:36:58;134;29;46;12;4;3;7;6;4;0;1
2021-03-10 12:37:59;135;29;46;12;4;3;7;7;4;0;1
2021-03-10 12:38:59;135;29;46;12;4;3;7;7;4;0;1
2021-03-10 12:39:58;135;29;46;12;4;3;7;7;4;0;1
2021-03-10 12:40:59;135;29;46;12;4;3;7;7;4;0;1
2021-03-10 12:41:58;135;29;46;12;4;3;7;7;4;0;1
2021-03-10 12:42:59;135;29;46;12;4;3;7;7;4;0;1
2021-03-10 12:43:59;135;29;46;12;4;3;7;7;4;0;1
2021-03-10 12:44:59;135;29;46;12;4;3;7;7;4;0;1
2021-03-10 12:45:58;135;29;46;12;4;3;7;7;4;0;1
2021-03-10 12:46:59;135;29;46;12;4;3;7;7;4;0;1
2021-03-10 12:47:58;136;30;46;12;4;3;7;7;4;0;1
2021-03-10 12:48:59;136;30;46;12;4;3;7;7;4;0;1
2021-03-10 12:49:59;136;30;46;12;4;3;7;7;4;0;1
2021-03-10 12:50:58;136;30;46;12;4;3;7;7;4;0;1
2021-03-10 12:51:59;136;30;46;12;4;3;7;7;4;0;1
2021-03-10 12:52:59;136;30;46;12;4;3;7;7;4;0;1
2021-03-10 12:53:58;136;30;46;12;4;3;7;7;4;0;1
2021-03-10 12:54:59;136;30;46;12;4;3;7;7;4;0;1
2021-03-10 12:55:59;136;30;46;12;4;3;7;7;4;0;1
2021-03-10 12:56:58;136;30;46;12;4;3;7;7;4;0;1
2021-03-10 12:57:59;136;30;46;12;4;3;7;7;4;0;1
2021-03-10 12:58:58;136;30;46;12;4;3;7;7;4;0;1
2021-03-10 12:59:59;136;30;46;12;4;3;7;7;4;0;1
2021-03-10 13:00:59;136;30;46;12;4;3;7;7;4;0;1
2021-03-10 13:01:58;136;30;46;12;4;3;7;7;4;0;1
2021-03-10 13:02:59;138;31;46;12;4;3;7;7;4;0;2
2021-03-10 13:03:58;138;31;46;12;4;3;7;7;4;0;2
2021-03-10 13:04:59;138;31;46;12;4;3;7;7;4;0;2
2021-03-10 13:05:59;138;31;46;12;4;3;7;7;4;0;2
2021-03-10 13:06:58;140;32;46;12;4;3;7;7;4;0;2
2021-03-10 13:07:59;143;33;48;12;4;3;7;7;4;0;2
2021-03-10 13:08:59;143;32;48;12;4;3;7;7;4;0;2
2021-03-10 13:09:58;143;32;48;12;4;3;7;7;4;0;2
2021-03-10 13:10:59;143;32;48;12;4;3;7;7;4;0;2
2021-03-10 13:11:58;143;32;48;12;4;3;7;7;4;0;2
2021-03-10 13:12:59;143;32;48;12;4;3;7;7;4;0;2
2021-03-10 13:13:59;143;32;48;12;4;3;7;7;4;0;2
2021-03-10 13:14:58;143;32;48;12;4;3;7;7;4;0;2
2021-03-10 13:15:59;144;32;48;12;4;3;7;7;4;0;3
2021-03-10 13:16:59;144;32;48;12;4;3;7;7;4;0;3
2021-03-10 13:17:58;144;32;48;12;4;3;7;7;4;0;3
2021-03-10 13:18:59;144;32;48;12;4;3;7;7;4;0;3
2021-03-10 13:19:59;144;32;48;12;4;3;7;7;4;0;3
2021-03-10 13:20:58;144;32;48;12;4;3;7;7;4;0;3
2021-03-10 13:21:59;144;32;48;12;4;3;7;7;4;0;3
2021-03-10 13:22:59;144;32;48;12;4;3;7;7;4;0;3
2021-03-10 13:23:58;146;33;49;12;4;3;7;7;4;0;3
2021-03-10 13:24:59;147;34;49;12;4;3;7;7;4;0;3
2021-03-10 13:25:58;147;34;49;12;4;3;7;7;4;0;3
2021-03-10 13:26:59;148;34;50;12;4;3;7;7;4;0;3
2021-03-10 13:27:59;148;34;50;12;4;3;7;7;4;0;3
2021-03-10 13:28:59;148;34;50;12;4;3;7;7;4;0;3
2021-03-10 13:29:58;148;34;50;12;4;3;7;7;4;0;3
2021-03-10 13:30:59;149;35;50;12;4;3;7;7;4;0;3
2021-03-10 13:32:00;149;35;50;12;4;3;7;7;4;0;3
2021-03-10 13:32:58;150;35;50;12;5;3;7;7;4;0;3
2021-03-10 13:33:59;150;35;50;12;5;3;7;7;4;0;3
2021-03-10 13:34:59;150;35;50;12;5;3;7;7;4;0;3
2021-03-10 13:35:59;151;36;50;12;5;3;7;7;4;0;3
2021-03-10 13:36:59;151;36;50;12;5;3;7;7;4;0;3
2021-03-10 13:37:58;151;36;50;12;5;3;7;7;4;0;3
2021-03-10 13:38:59;151;36;50;12;5;3;7;7;4;0;3
2021-03-10 13:39:58;151;36;50;12;5;3;7;7;4;0;3
2021-03-10 13:40:59;151;36;50;12;5;3;7;7;4;0;3
2021-03-10 13:41:59;151;36;50;12;5;3;7;7;4;0;3
2021-03-10 13:42:59;151;36;50;12;5;3;7;7;4;0;3
2021-03-10 13:43:58;151;36;50;12;5;3;7;7;4;0;3
2021-03-10 13:44:59;151;36;50;12;5;3;7;7;4;0;3
2021-03-10 13:45:59;151;36;50;12;5;3;7;7;4;0;3
2021-03-10 13:46:58;151;36;50;12;5;3;7;7;4;0;3
2021-03-10 13:47:59;152;37;50;12;5;3;7;7;4;0;3
2021-03-10 13:48:58;152;37;50;12;5;3;7;7;4;0;3
2021-03-10 13:49:59;152;37;50;12;5;3;7;7;4;0;3
2021-03-10 13:50:58;152;37;50;12;5;3;7;7;4;0;3
2021-03-10 13:51:59;152;37;50;12;5;3;7;7;4;0;3
2021-03-10 13:52:58;152;37;50;12;5;3;7;7;4;0;3
2021-03-10 13:53:59;153;37;50;12;5;3;8;7;4;0;3
2021-03-10 13:54:58;154;37;50;12;5;3;8;7;4;0;3
2021-03-10 13:55:59;154;37;50;12;5;3;8;7;4;0;3
2021-03-10 13:56:58;154;37;50;12;5;3;8;7;4;0;3
2021-03-10 13:57:59;154;37;50;12;5;3;8;7;4;0;3
2021-03-10 13:58:58;154;38;50;12;5;3;7;7;4;0;3
2021-03-10 13:59:59;154;38;50;12;5;3;7;7;4;0;3
2021-03-10 14:00:58;154;38;50;12;5;3;7;7;4;0;3
2021-03-10 14:01:59;154;38;50;12;5;3;7;7;4;0;3
2021-03-10 14:02:59;154;38;50;12;5;3;7;7;4;0;3
2021-03-10 14:03:58;155;38;51;12;5;3;7;7;4;0;3
2021-03-10 14:04:59;155;38;51;12;5;3;7;7;4;0;3
2021-03-10 14:05:58;157;39;51;12;5;3;7;7;4;0;3
2021-03-10 14:06:59;157;39;51;12;5;3;7;7;4;0;3
2021-03-10 14:07:59;158;39;52;12;5;3;7;7;4;0;3
2021-03-10 14:08:58;158;39;52;12;5;3;7;7;4;0;3
2021-03-10 14:09:59;158;39;52;12;5;3;7;7;4;0;3
2021-03-10 14:10:59;158;39;52;12;5;3;7;7;4;0;3
2021-03-10 14:11:58;158;39;52;12;5;3;7;7;4;0;3
2021-03-10 14:12:59;158;39;52;12;5;3;7;7;4;0;3
2021-03-10 14:13:59;158;39;52;12;5;3;7;7;4;0;3
2021-03-10 14:14:58;158;39;52;12;5;3;7;7;4;0;3
2021-03-10 14:15:59;158;39;52;12;5;3;7;7;4;0;3
2021-03-10 14:16:58;158;39;52;12;5;3;7;7;4;0;3
2021-03-10 14:17:59;158;39;52;12;5;3;7;7;4;0;3
2021-03-10 14:18:59;159;39;52;12;5;4;7;7;4;0;3
2021-03-10 14:19:58;159;39;52;12;5;4;7;7;4;0;3
2021-03-10 14:20:59;160;39;52;12;6;4;7;7;4;0;3
2021-03-10 14:21:58;160;39;52;12;6;4;7;7;4;0;3
2021-03-10 14:22:59;160;39;52;12;6;4;7;7;4;0;3
2021-03-10 14:23:58;160;39;52;12;6;4;7;7;4;0;3
2021-03-10 14:24:59;161;40;52;12;6;4;7;7;4;0;3
2021-03-10 14:25:59;161;40;52;12;6;4;7;7;4;0;3
2021-03-10 14:27:00;161;40;52;12;6;4;7;7;4;0;3
2021-03-10 14:27:58;161;40;52;12;6;4;7;7;4;0;3
2021-03-10 14:28:59;161;41;52;12;6;4;6;7;4;0;3
2021-03-10 14:30:00;162;42;52;12;6;4;6;7;4;0;3
2021-03-10 14:30:58;162;42;52;12;6;4;6;7;4;0;3
2021-03-10 14:31:59;162;42;52;12;6;4;6;7;4;0;3
2021-03-10 14:32:59;162;42;52;12;6;4;6;7;4;0;3
2021-03-10 14:33:58;162;42;52;12;6;4;6;7;4;0;3
2021-03-10 14:34:59;165;43;53;12;7;4;6;7;4;0;3
2021-03-10 14:35:58;166;43;54;12;7;4;6;7;4;0;3
2021-03-10 14:36:59;166;43;54;12;7;4;6;7;4;0;3
2021-03-10 14:37:59;166;43;54;12;7;4;6;7;4;0;3
2021-03-10 14:38:58;166;43;54;12;7;4;6;7;4;0;3
2021-03-10 14:39:59;167;43;55;12;7;4;6;7;4;0;3
2021-03-10 14:40:59;167;43;55;12;7;4;6;7;4;0;3
2021-03-10 14:41:58;167;43;55;12;7;4;6;7;4;0;3
2021-03-10 14:42:59;168;44;55;12;7;4;6;7;4;0;3
2021-03-10 14:43:59;168;44;55;12;7;4;6;7;4;0;3
2021-03-10 14:44:58;168;44;55;12;7;4;6;7;4;0;3
2021-03-10 14:45:59;168;44;55;12;7;4;6;7;4;0;3
2021-03-10 14:46:59;168;44;55;12;7;4;6;7;4;0;3
2021-03-10 14:47:58;168;44;55;12;7;4;6;7;4;0;3
2021-03-10 14:48:59;168;44;55;12;7;4;6;7;4;0;3
2021-03-10 14:49:58;168;44;55;12;7;4;6;7;4;0;3
2021-03-10 14:50:59;168;44;55;12;7;4;6;7;4;0;3
2021-03-10 14:51:59;169;44;56;12;7;4;6;7;4;0;3
2021-03-10 14:52:58;169;44;56;12;7;4;6;7;4;0;3
2021-03-10 14:53:59;169;44;56;12;7;4;6;7;4;0;3
2021-03-10 14:54:59;169;44;56;12;7;4;6;7;4;0;3
2021-03-10 14:55:58;169;44;56;12;7;4;6;7;4;0;3
2021-03-10 14:56:59;169;44;56;12;7;4;6;7;4;0;3
2021-03-10 14:57:59;169;44;56;12;7;4;6;7;4;0;3
2021-03-10 14:58:58;169;44;56;12;7;4;6;7;4;0;3
2021-03-10 14:59:59;169;44;56;12;7;4;6;7;4;0;3
2021-03-10 15:00:59;169;44;56;12;7;4;6;7;4;0;3
2021-03-10 15:01:58;169;44;56;12;7;4;6;7;4;0;3
2021-03-10 15:02:59;169;44;56;12;7;4;6;7;4;0;3
2021-03-10 15:03:58;169;44;56;12;7;4;6;7;4;0;3
2021-03-10 15:04:59;169;44;56;12;7;4;6;7;4;0;3
2021-03-10 15:05:59;169;44;56;12;7;4;6;7;4;0;3
2021-03-10 15:06:58;169;44;56;12;7;4;6;7;4;0;3
2021-03-10 15:07:59;169;44;56;12;7;4;6;7;4;0;3
2021-03-10 15:08:59;169;44;56;12;7;4;6;7;4;0;3
2021-03-10 15:10:00;169;44;56;12;7;4;6;7;4;0;3
2021-03-10 15:10:59;169;44;56;12;7;4;6;7;4;0;3
2021-03-10 15:11:58;169;44;56;12;7;4;6;7;4;0;3
2021-03-10 15:12:59;169;44;56;12;7;4;6;7;4;0;3
2021-03-10 15:13:59;169;44;56;12;7;4;6;7;4;0;3
2021-03-10 15:14:58;169;44;56;12;7;4;6;7;4;0;3
2021-03-10 15:15:59;169;44;56;12;7;4;6;7;4;0;3
2021-03-10 15:16:59;169;44;56;12;7;4;6;7;4;0;3
2021-03-10 15:17:58;169;44;56;12;7;4;6;7;4;0;3
2021-03-10 15:18:59;169;44;56;12;7;4;6;7;4;0;3
2021-03-10 15:19:58;169;44;56;12;7;4;6;7;4;0;3
2021-03-10 15:20:59;169;44;56;12;7;4;6;7;4;0;3
2021-03-10 15:21:59;169;44;56;12;7;4;6;7;4;0;3
2021-03-10 15:22:58;169;44;56;12;7;4;6;7;4;0;3
2021-03-10 15:23:59;169;44;56;12;7;4;6;7;4;0;3
2021-03-10 15:24:58;169;44;56;12;7;4;6;7;4;0;3
2021-03-10 15:25:59;169;44;56;12;7;4;6;7;4;0;3
2021-03-10 15:26:59;169;44;56;12;7;4;6;7;4;0;3
2021-03-10 15:27:58;169;44;56;12;7;4;6;7;4;0;3
2021-03-10 15:28:59;170;44;57;12;7;4;6;7;4;0;3
2021-03-10 15:29:59;170;44;57;12;7;4;6;7;4;0;3
2021-03-10 15:30:58;170;44;57;12;7;4;6;7;4;0;3
2021-03-10 15:31:59;170;44;57;12;7;4;6;7;4;0;3
2021-03-10 15:32:59;170;44;57;12;7;4;6;7;4;0;3
2021-03-10 15:33:58;171;45;57;12;7;4;6;7;4;0;3
2021-03-10 15:34:59;171;45;57;12;7;4;6;7;4;0;3
2021-03-10 15:35:59;171;45;57;12;7;4;6;7;4;0;3
2021-03-10 15:36:58;172;45;58;12;7;4;6;7;4;0;3
2021-03-10 15:37:59;172;45;58;12;7;4;6;7;4;0;3
2021-03-10 15:38:58;172;45;58;12;7;4;6;7;4;0;3
2021-03-10 15:39:59;172;45;58;12;7;4;6;7;4;0;3
2021-03-10 15:40:59;172;45;58;12;7;4;6;7;4;0;3
2021-03-10 15:41:58;172;45;58;12;7;4;6;7;4;0;3
2021-03-10 15:42:59;172;45;58;12;7;4;6;7;4;0;3
2021-03-10 15:43:58;172;45;58;12;7;4;6;7;4;0;3
2021-03-10 15:44:59;172;45;58;12;7;4;6;7;4;0;3
2021-03-10 15:45:59;173;45;58;12;7;4;6;7;4;0;3
2021-03-10 15:46:58;173;45;58;12;7;4;6;7;4;0;3
2021-03-10 15:47:59;173;45;58;12;7;4;6;7;4;0;3
2021-03-10 15:49:00;174;45;59;12;7;4;6;7;4;0;3
2021-03-10 15:49:58;174;45;59;12;7;4;6;7;4;0;3
2021-03-10 15:50:59;174;45;59;12;7;4;6;7;4;0;3
2021-03-10 15:51:59;174;45;59;12;7;4;6;7;4;0;3
2021-03-10 15:52:58;174;45;59;12;7;4;6;7;4;0;3
2021-03-10 15:53:59;175;46;59;11;7;4;6;7;4;2;3
2021-03-10 15:55:00;175;46;59;11;7;4;6;7;4;2;3
2021-03-10 15:55:58;175;46;59;11;7;4;6;7;4;2;3
2021-03-10 15:56:59;175;46;59;11;7;4;6;7;4;2;3
2021-03-10 15:57:58;175;46;59;11;7;4;6;7;4;2;3
2021-03-10 15:58:59;175;46;59;11;7;4;6;7;4;2;3
2021-03-10 15:59:59;175;46;59;11;7;4;6;7;4;2;3
2021-03-10 16:00:58;175;46;59;11;7;4;6;7;4;2;3
2021-03-10 16:01:59;175;46;59;11;7;4;6;7;4;2;3
2021-03-10 16:02:59;175;46;59;11;7;4;6;7;4;2;3
2021-03-10 16:03:58;175;46;59;11;7;4;6;7;4;2;3
2021-03-10 16:04:59;175;46;59;11;7;4;6;7;4;2;3
2021-03-10 16:05:58;176;47;60;10;7;4;6;7;4;2;3
2021-03-10 16:06:59;176;47;60;10;7;4;6;7;4;2;3
2021-03-10 16:07:58;176;47;60;10;7;4;6;7;4;2;3
2021-03-10 16:08:59;176;47;60;10;7;4;6;7;4;2;3
2021-03-10 16:09:58;176;47;60;10;7;4;6;7;4;2;3
2021-03-10 16:10:59;176;47;60;10;7;4;6;7;4;2;3
2021-03-10 16:11:59;176;47;60;10;7;4;6;7;4;2;3
2021-03-10 16:12:58;176;47;60;10;7;4;6;7;4;2;3
2021-03-10 16:13:59;176;47;60;10;7;4;6;7;4;2;3
2021-03-10 16:14:59;178;48;61;10;7;4;6;7;4;2;3
2021-03-10 16:15:58;178;48;61;10;7;4;6;7;4;2;3
2021-03-10 16:16:59;178;48;61;10;7;4;6;7;4;2;3
2021-03-10 16:17:59;178;48;61;10;7;4;6;7;4;2;3
2021-03-10 16:18:58;178;48;61;10;7;4;6;7;4;2;3
2021-03-10 16:19:59;178;48;61;10;7;4;6;7;4;2;3
2021-03-10 16:20:58;178;48;61;10;7;4;6;7;4;2;3
2021-03-10 16:21:59;179;48;62;10;7;4;6;7;4;2;3
2021-03-10 16:22:59;179;48;62;10;7;4;6;7;4;2;3
2021-03-10 16:23:58;179;48;62;10;7;4;6;7;4;2;3
2021-03-10 16:24:59;178;48;62;10;7;4;6;7;4;2;3
2021-03-10 16:25:58;177;48;62;10;7;4;6;7;4;2;3
2021-03-10 16:26:59;177;48;62;10;7;4;6;7;4;2;3
2021-03-10 16:27:58;177;48;62;10;7;4;6;7;4;2;3
2021-03-10 16:28:59;177;48;62;10;7;4;6;7;4;2;3
2021-03-10 16:29:59;177;48;62;10;7;4;6;7;4;2;3
2021-03-10 16:30:58;177;48;62;10;7;4;6;7;4;2;3
2021-03-10 16:31:59;177;48;62;10;7;4;6;7;4;2;3
2021-03-10 16:32:59;177;48;62;10;7;4;6;7;4;2;3
2021-03-10 16:33:59;177;48;62;10;7;4;6;7;4;2;3
2021-03-10 16:34:58;177;48;62;10;7;4;6;7;4;2;3
2021-03-10 16:35:59;177;48;62;10;7;4;6;7;4;2;3
2021-03-10 16:36:59;177;48;62;10;7;4;6;7;4;2;3
2021-03-10 16:37:58;177;48;62;10;7;4;6;7;4;2;3
2021-03-10 16:38:59;177;48;62;10;7;4;6;7;4;2;3
2021-03-10 16:39:59;177;48;62;10;7;4;6;7;4;2;3
2021-03-10 16:40:58;177;48;62;10;7;4;6;7;4;2;3
2021-03-10 16:41:59;177;48;62;10;7;4;6;7;4;2;3
2021-03-10 16:42:59;177;48;62;10;7;4;6;7;4;2;3
2021-03-10 16:43:58;177;48;62;10;7;4;6;7;4;2;3
2021-03-10 16:44:59;177;48;62;10;7;4;6;7;4;2;3
2021-03-10 16:45:59;177;48;62;10;7;4;6;7;4;2;3
2021-03-10 16:46:58;177;48;62;10;7;4;6;7;4;2;3
2021-03-10 16:47:59;177;48;62;10;7;4;6;7;4;2;3
2021-03-10 16:48:58;178;48;63;10;7;4;6;7;4;2;3
2021-03-10 16:49:59;178;48;63;10;7;4;6;7;4;2;3
2021-03-10 16:50:59;178;48;63;10;7;4;6;7;4;2;3
2021-03-10 16:51:58;178;48;63;10;7;4;6;7;4;2;3
2021-03-10 16:52:59;178;48;63;10;7;4;6;7;4;2;3
2021-03-10 16:53:59;178;48;63;10;7;4;6;7;4;2;3
2021-03-10 16:54:58;178;48;63;10;7;4;6;7;4;2;3
2021-03-10 16:55:59;179;48;63;10;7;4;6;7;4;2;3
2021-03-10 16:56:58;179;48;63;10;7;4;6;7;4;2;3
2021-03-10 16:57:59;179;48;63;10;7;4;6;7;4;2;3
2021-03-10 16:59:00;179;48;63;10;7;4;6;7;4;2;3
2021-03-10 16:59:58;179;48;63;10;7;4;6;7;4;2;3
2021-03-10 17:00:59;179;48;63;10;7;4;6;7;4;2;3
2021-03-10 17:01:59;179;48;63;10;7;4;6;7;4;2;3
2021-03-10 17:02:59;179;48;63;10;7;4;6;7;4;2;3
2021-03-10 17:03:58;179;48;63;10;7;4;6;7;4;2;3
2021-03-10 17:04:59;179;48;63;10;7;4;6;7;4;2;3
2021-03-10 17:05:58;180;48;64;10;7;4;6;7;4;2;3
2021-03-10 17:06:59;180;48;64;10;7;4;6;7;4;2;3
2021-03-10 17:07:59;180;48;64;10;7;4;6;7;4;2;3
2021-03-10 17:08:58;180;48;64;10;7;4;6;7;4;2;3
2021-03-10 17:09:59;180;48;64;10;7;4;6;7;4;2;3
2021-03-10 17:10:59;181;48;65;10;7;4;6;7;4;2;3
2021-03-10 17:11:58;181;48;65;10;7;4;6;7;4;2;3
2021-03-10 17:12:59;181;48;65;10;7;4;6;7;4;2;3
2021-03-10 17:13:59;181;48;65;10;7;4;6;7;4;2;3
2021-03-10 17:14:58;181;48;65;10;7;4;6;7;4;2;3
2021-03-10 17:15:59;181;48;65;10;7;4;6;7;4;2;3
2021-03-10 17:17:00;181;48;65;10;7;4;6;7;4;2;3
2021-03-10 17:17:58;181;48;65;10;7;4;6;7;4;2;3
2021-03-10 17:18:59;181;48;65;10;7;4;6;7;4;2;3
2021-03-10 17:20:00;181;48;65;10;7;4;6;7;4;2;3
2021-03-10 17:20:58;181;48;65;10;7;4;6;7;4;2;3
2021-03-10 17:21:59;181;48;65;10;7;4;6;7;4;2;3
2021-03-10 17:22:59;182;49;65;10;7;4;6;7;4;2;3
2021-03-10 17:23:59;182;49;65;10;7;4;6;7;4;2;3
2021-03-10 17:24:58;182;49;65;10;7;4;6;7;4;2;3
2021-03-10 17:25:59;182;49;65;10;7;4;6;7;4;2;3
2021-03-10 17:26:59;182;49;65;10;7;4;6;7;4;2;3
2021-03-10 17:27:58;182;49;65;10;7;4;6;7;4;2;3
2021-03-10 17:28:59;183;50;65;10;7;4;6;7;4;2;3
2021-03-10 17:29:58;183;50;65;10;7;4;6;7;4;2;3
2021-03-10 17:30:59;184;50;65;10;7;4;6;7;4;0;3
2021-03-10 17:31:59;184;50;65;10;7;4;6;7;4;0;3
2021-03-10 17:32:58;184;50;65;10;7;4;6;7;4;0;3
2021-03-10 17:33:59;184;50;65;10;7;4;6;7;4;0;3
2021-03-10 17:34:59;184;50;65;10;7;4;6;7;4;0;3
2021-03-10 17:35:58;185;51;65;10;7;4;6;7;4;0;3
2021-03-10 17:36:59;185;51;65;10;7;4;6;7;4;0;3
2021-03-10 17:38:00;185;51;65;10;7;4;6;7;4;0;3
2021-03-10 17:38:58;185;51;65;10;7;4;6;7;4;0;3
2021-03-10 17:39:59;185;51;65;10;7;4;6;7;4;0;3
2021-03-10 17:40:58;185;51;65;10;7;4;6;7;4;0;3
2021-03-10 17:41:59;185;51;65;10;7;4;6;7;4;0;3
2021-03-10 17:42:59;185;51;65;10;7;4;6;7;4;0;3
2021-03-10 17:43:59;185;51;65;10;7;4;6;7;4;0;3
2021-03-10 17:44:58;186;51;65;10;7;4;6;7;5;0;3
2021-03-10 17:45:59;186;51;65;10;7;4;6;7;5;0;3
2021-03-10 17:46:59;186;51;65;10;7;4;6;7;5;0;3
2021-03-10 17:47:58;186;51;65;10;7;4;6;7;5;0;3
2021-03-10 17:48:59;186;51;65;10;7;4;6;7;5;0;3
2021-03-10 17:49:59;186;51;65;10;7;4;6;7;5;0;3
2021-03-10 17:50:59;186;51;65;10;7;4;6;7;5;0;3
2021-03-10 17:51:58;186;51;65;10;7;4;6;7;5;0;3
2021-03-10 17:52:59;186;51;65;10;7;4;6;7;5;0;3
2021-03-10 17:53:58;186;51;65;10;7;4;6;7;5;0;3
2021-03-10 17:54:59;186;51;65;10;7;4;6;7;5;0;3
2021-03-10 17:55:59;186;51;65;10;7;4;6;7;5;0;3
2021-03-10 17:56:58;186;51;65;10;7;4;6;7;5;0;3
2021-03-10 17:57:59;187;51;66;10;7;4;6;7;5;0;3
2021-03-10 17:58:59;188;52;66;10;7;4;6;7;5;0;3
2021-03-10 17:59:58;188;52;66;10;7;4;6;7;5;0;3
2021-03-10 18:00:59;188;52;66;10;7;4;6;7;5;0;3
2021-03-10 18:01:59;188;52;66;10;7;4;6;7;5;0;3
2021-03-10 18:02:58;188;52;66;10;7;4;6;7;5;0;3
2021-03-10 18:03:59;188;52;66;10;7;4;6;7;5;0;3
2021-03-10 18:04:59;188;52;66;10;7;4;6;7;5;0;3
2021-03-10 18:05:58;188;52;66;10;7;4;6;7;5;0;3
2021-03-10 18:06:59;188;52;66;10;7;4;6;7;5;0;3
2021-03-10 18:07:59;188;52;66;10;7;4;6;7;5;0;3
2021-03-10 18:08:58;188;52;66;10;7;4;6;7;5;0;3
2021-03-10 18:09:59;188;52;66;10;7;4;6;7;5;0;3
2021-03-10 18:10:58;189;53;66;10;7;4;6;7;5;0;3
2021-03-10 18:11:59;189;53;66;10;7;4;6;7;5;0;3
2021-03-10 18:12:59;190;53;66;10;7;5;6;7;5;0;3
2021-03-10 18:13:58;190;53;66;10;7;5;6;7;5;0;3
2021-03-10 18:14:59;190;53;66;10;7;5;6;7;5;0;3
2021-03-10 18:15:58;190;53;66;10;7;5;6;7;5;0;3
2021-03-10 18:16:59;191;54;66;10;7;5;6;7;5;0;3
2021-03-10 18:17:59;191;54;66;10;7;5;6;7;5;0;3
2021-03-10 18:18:58;192;55;66;10;7;5;6;7;5;0;3
2021-03-10 18:19:59;192;55;66;10;7;5;6;7;5;0;3
2021-03-10 18:20:59;192;55;66;10;7;5;6;7;5;0;3
2021-03-10 18:21:58;192;55;66;10;7;5;6;7;5;0;3
2021-03-10 18:22:59;192;55;66;10;7;5;6;7;5;0;3
2021-03-10 18:23:59;193;55;65;10;7;5;6;7;5;0;3
2021-03-10 18:24:58;193;55;65;10;7;5;6;7;5;0;3
2021-03-10 18:25:59;193;55;65;10;7;5;6;7;5;0;3
2021-03-10 18:26:58;193;55;65;10;7;5;6;7;5;0;3
2021-03-10 18:27:59;193;55;65;10;7;5;6;7;5;0;3
2021-03-10 18:29:00;193;55;65;10;7;5;6;7;5;0;3
2021-03-10 18:29:58;194;56;65;10;7;5;6;7;5;0;3
2021-03-10 18:30:59;194;56;65;10;7;5;6;7;5;0;3
2021-03-10 18:31:59;195;56;66;10;7;5;6;7;5;0;3
2021-03-10 18:32:58;195;56;66;10;7;5;6;7;5;0;3
2021-03-10 18:33:59;195;56;66;10;7;5;6;7;5;0;3
2021-03-10 18:34:59;195;56;66;10;7;5;6;7;5;0;3
2021-03-10 18:35:58;195;56;66;10;7;5;6;7;5;0;3
2021-03-10 18:36:59;195;56;66;10;7;5;6;7;5;0;3
2021-03-10 18:37:59;195;57;65;10;7;5;6;7;5;0;3
2021-03-10 18:38:58;195;57;65;10;7;5;6;7;5;0;3
2021-03-10 18:39:59;195;57;65;10;7;5;6;7;5;0;3
2021-03-10 18:40:59;195;57;65;10;7;5;6;7;5;0;3
2021-03-10 18:41:58;195;57;65;10;7;5;6;7;5;0;3
2021-03-10 18:42:59;195;57;65;10;7;5;6;7;5;0;3
2021-03-10 18:43:58;196;57;66;10;7;5;6;7;5;0;3
2021-03-10 18:44:59;196;57;66;10;7;5;6;7;5;0;3
2021-03-10 18:45:59;196;57;66;10;7;5;6;7;5;0;3
2021-03-10 18:46:58;196;57;66;10;7;5;6;7;5;0;3
2021-03-10 18:47:59;197;58;66;10;7;5;6;7;5;0;3
2021-03-10 18:48:58;197;59;66;9;7;5;6;7;5;0;3
2021-03-10 18:49:59;198;59;67;9;7;5;6;7;5;0;3
2021-03-10 18:50:59;198;59;67;9;7;5;6;7;5;0;3
2021-03-10 18:51:58;198;59;67;9;7;5;6;7;5;0;3
2021-03-10 18:52:59;198;59;67;9;7;5;6;7;5;0;3
2021-03-10 18:53:59;198;59;67;9;7;5;6;7;5;0;3
2021-03-10 18:54:58;198;59;67;9;7;5;6;7;5;0;3
2021-03-10 18:55:59;198;60;67;9;7;5;6;7;5;0;3
2021-03-10 18:56:59;198;59;67;9;7;5;6;7;5;0;3
2021-03-10 18:57:58;198;59;67;9;7;5;6;7;5;0;3
2021-03-10 18:58:59;198;59;67;9;7;5;6;7;5;0;3
2021-03-10 18:59:58;198;59;67;9;7;5;6;7;5;0;3
2021-03-10 19:00:59;198;59;67;9;7;5;6;7;5;0;3
2021-03-10 19:01:58;198;59;67;9;7;5;6;7;5;0;3
2021-03-10 19:02:59;199;60;67;9;7;5;6;7;5;0;3
2021-03-10 19:03:59;199;61;67;8;7;5;6;7;5;0;3
2021-03-10 19:04:58;199;61;67;8;7;5;6;7;5;0;3
2021-03-10 19:05:59;199;61;67;8;7;5;6;7;5;0;3
2021-03-10 19:07:00;199;61;67;8;7;5;6;7;5;0;3
2021-03-10 19:07:58;199;61;67;8;7;5;6;7;5;0;3
2021-03-10 19:08:59;199;61;67;8;7;5;6;7;5;0;3
2021-03-10 19:09:58;200;61;68;8;7;5;6;7;5;0;3
2021-03-10 19:10:59;200;61;68;8;7;5;6;7;5;0;3
2021-03-10 19:11:59;200;61;68;8;7;5;6;7;5;0;3
2021-03-10 19:13:00;200;61;68;8;7;5;6;7;5;0;3
2021-03-10 19:13:58;200;61;68;8;7;5;6;7;5;0;3
2021-03-10 19:14:59;200;61;68;8;7;5;6;7;5;0;3
2021-03-10 19:15:58;200;61;68;8;7;5;6;7;5;0;3
2021-03-10 19:16:59;200;61;68;8;7;5;6;7;5;0;3
2021-03-10 19:17:58;200;61;68;8;7;5;6;7;5;0;3
2021-03-10 19:18:59;200;61;68;8;7;5;6;7;5;0;3
2021-03-10 19:19:59;200;61;68;8;7;5;6;7;5;0;3
2021-03-10 19:20:58;201;61;69;8;7;5;6;7;5;0;3
2021-03-10 19:21:59;201;61;69;8;7;5;6;7;5;0;3
2021-03-10 19:22:59;201;61;69;8;7;5;6;7;5;0;3
2021-03-10 19:23:58;201;61;69;8;7;5;6;7;5;0;3
2021-03-10 19:24:59;202;61;69;8;7;6;6;7;5;0;3
2021-03-10 19:25:59;202;61;69;8;7;6;6;7;5;0;3
2021-03-10 19:26:58;203;62;69;8;7;6;6;7;5;0;3
2021-03-10 19:27:59;203;62;69;8;7;6;6;7;5;0;3
2021-03-10 19:28:59;203;62;69;8;7;6;6;7;5;0;3
2021-03-10 19:29:58;203;62;69;8;7;6;6;7;5;0;3
2021-03-10 19:30:59;203;62;69;8;7;6;6;7;5;0;3
2021-03-10 19:31:59;203;62;69;8;7;6;6;7;5;0;3
2021-03-10 19:32:58;203;62;69;8;7;6;6;7;5;0;3
2021-03-10 19:33:59;203;62;69;8;7;6;6;7;5;0;3
2021-03-10 19:34:59;203;62;69;8;7;6;6;7;5;0;3
2021-03-10 19:35:58;203;62;69;8;7;6;6;7;5;0;3
2021-03-10 19:36:59;203;62;69;8;7;6;6;7;5;0;3
2021-03-10 19:37:58;203;62;69;8;7;6;6;7;5;0;3
2021-03-10 19:38:59;204;63;69;8;7;6;6;7;5;0;3
2021-03-10 19:39:59;204;63;69;8;7;6;6;7;5;0;3
2021-03-10 19:40:59;204;63;69;8;7;6;6;7;5;0;3
2021-03-10 19:41:58;204;63;69;8;7;6;6;7;5;0;3
2021-03-10 19:42:59;204;63;69;8;7;6;6;7;5;0;3
2021-03-10 19:43:58;205;64;69;8;7;6;6;7;5;0;3
2021-03-10 19:44:59;206;65;69;8;7;6;6;7;5;0;3
2021-03-10 19:45:59;206;65;69;8;7;6;6;7;5;0;3
2021-03-10 19:46:58;206;65;69;8;7;6;6;7;5;0;3
2021-03-10 19:47:59;206;65;69;8;7;6;6;7;5;0;3
2021-03-10 19:48:59;207;66;70;8;7;6;6;7;5;0;3
2021-03-10 19:49:58;207;66;70;8;7;6;6;7;5;0;3
2021-03-10 19:50:59;207;66;70;8;7;6;6;7;5;0;3
2021-03-10 19:51:59;207;66;70;8;7;6;6;7;5;0;3
2021-03-10 19:52:58;207;66;70;8;7;6;6;7;5;0;3
2021-03-10 19:53:59;207;66;70;8;7;6;6;7;5;0;3
2021-03-10 19:54:58;207;66;70;8;7;6;6;7;5;0;3
2021-03-10 19:55:59;207;66;70;8;7;6;6;7;5;0;3
2021-03-10 19:56:59;207;66;70;8;7;6;6;7;5;0;3
2021-03-10 19:57:59;207;66;70;8;7;6;6;7;5;0;3
2021-03-10 19:58:58;208;66;71;8;7;6;6;7;5;0;3
2021-03-10 19:59:59;209;66;72;8;7;6;6;7;5;0;3
2021-03-10 20:00:58;211;67;72;8;7;6;6;7;5;0;3
2021-03-10 20:01:59;212;67;73;8;7;6;6;7;5;0;3
2021-03-10 20:02:58;212;67;73;8;7;6;6;7;5;0;3
2021-03-10 20:03:59;213;67;74;8;7;6;6;7;5;0;3
2021-03-10 20:04:59;213;67;74;8;7;6;6;7;5;0;3
2021-03-10 20:05:58;213;67;74;8;7;6;6;7;5;0;3
2021-03-10 20:06:59;215;67;76;8;7;6;6;7;5;0;3
2021-03-10 20:07:58;215;67;76;8;7;6;6;7;5;0;3
2021-03-10 20:08:59;215;67;76;8;7;6;6;7;5;0;3
2021-03-10 20:09:59;216;67;77;8;7;6;6;7;5;0;3
2021-03-10 20:10:58;216;67;77;8;7;6;6;7;5;0;3
2021-03-10 20:11:59;216;67;77;8;7;6;6;7;5;0;3
2021-03-10 20:12:59;216;67;77;8;7;6;6;7;5;0;3
2021-03-10 20:13:58;217;67;78;8;7;6;6;7;5;0;3
2021-03-10 20:14:59;217;67;78;8;7;6;6;7;5;0;3
2021-03-10 20:15:59;217;67;78;8;7;6;6;7;5;0;3
2021-03-10 20:16:58;217;67;78;8;7;6;6;7;5;0;3
2021-03-10 20:17:59;218;68;78;8;7;6;6;7;5;0;3
2021-03-10 20:18:59;218;68;78;8;7;6;6;7;5;0;3
2021-03-10 20:19:58;218;68;78;8;7;6;6;7;5;0;3
2021-03-10 20:20:59;218;68;78;8;7;6;6;7;5;0;3
2021-03-10 20:21:59;218;68;78;8;7;6;6;7;5;0;3
2021-03-10 20:22:58;217;67;78;8;7;6;6;7;5;0;3
2021-03-10 20:23:59;217;67;78;8;7;6;6;7;5;0;3
2021-03-10 20:24:58;218;67;79;8;7;6;6;7;5;0;3
2021-03-10 20:25:59;218;67;79;8;7;6;6;7;5;0;3
2021-03-10 20:27:00;218;67;79;8;7;6;6;7;5;0;3
2021-03-10 20:27:58;218;67;79;8;7;6;6;7;5;0;3
2021-03-10 20:28:59;219;67;80;8;7;6;6;7;5;0;3
2021-03-10 20:29:58;219;67;80;8;7;6;6;7;5;0;3
2021-03-10 20:30:59;219;67;80;8;7;6;6;7;5;0;3
2021-03-10 20:31:59;219;67;80;8;7;6;6;7;5;0;3
2021-03-10 20:32:58;219;67;80;8;7;6;6;7;5;0;3
2021-03-10 20:33:59;219;67;80;8;7;6;6;7;5;0;3
2021-03-10 20:34:59;219;67;80;8;7;6;6;7;5;0;3
2021-03-10 20:35:58;219;67;80;8;7;6;6;7;5;0;3
2021-03-10 20:36:59;219;67;80;8;7;6;6;7;5;0;3
2021-03-10 20:37:59;219;67;80;8;7;6;6;7;5;0;3
2021-03-10 20:38:58;219;67;80;8;7;6;6;7;5;0;3
2021-03-10 20:39:59;219;67;80;8;7;6;6;7;5;0;3
2021-03-10 20:40:59;219;67;80;8;7;6;6;7;5;0;3
2021-03-10 20:41:58;219;67;81;8;7;6;6;7;5;2;3
2021-03-10 20:42:59;219;67;81;8;7;6;6;7;5;2;3
2021-03-10 20:43:58;219;67;81;8;7;6;6;7;5;2;3
2021-03-10 20:44:59;219;67;81;8;7;6;6;7;5;2;3
2021-03-10 20:45:58;219;67;81;8;7;6;6;7;5;2;3
2021-03-10 20:46:59;219;67;81;8;7;6;6;7;5;2;3
2021-03-10 20:47:58;219;67;81;8;7;6;6;7;5;2;3
2021-03-10 20:48:59;220;67;82;8;7;6;6;7;5;2;3
2021-03-10 20:49:59;220;67;82;8;7;6;6;7;5;2;3
2021-03-10 20:50:58;220;67;82;8;7;6;6;7;5;2;3
2021-03-10 20:51:59;220;67;82;8;7;6;6;7;5;2;3
2021-03-10 20:52:59;220;67;82;8;7;6;6;7;5;2;3
2021-03-10 20:53:58;220;67;82;8;7;6;6;7;5;2;3
2021-03-10 20:54:59;220;67;82;8;7;6;6;7;5;2;3
2021-03-10 20:55:59;220;67;82;8;7;6;6;7;5;2;3
2021-03-10 20:56:58;220;67;82;8;7;6;6;7;5;2;3
2021-03-10 20:57:59;220;67;82;8;7;6;6;7;5;2;3
2021-03-10 20:58:59;221;68;82;8;7;6;6;7;5;2;3
2021-03-10 20:59:58;221;68;82;8;7;6;6;7;5;2;3
2021-03-10 21:00:59;221;68;82;8;7;6;6;7;5;2;3
2021-03-10 21:01:58;221;68;82;8;7;6;6;7;5;2;3
2021-03-10 21:02:59;223;68;82;8;7;7;6;7;5;2;3
2021-03-10 21:03:59;223;68;82;8;7;7;6;7;5;2;3
2021-03-10 21:04:58;223;68;82;8;7;7;6;7;5;2;3
2021-03-10 21:05:59;223;68;82;8;7;7;6;7;5;2;3
2021-03-10 21:06:59;224;69;82;8;7;7;6;7;5;2;3
2021-03-10 21:07:58;224;69;82;8;7;7;6;7;5;2;3
2021-03-10 21:08:59;224;69;82;8;7;7;6;7;5;2;3
2021-03-10 21:09:58;224;69;82;8;7;7;6;7;5;2;3
2021-03-10 21:10:59;225;70;82;8;7;7;6;7;5;2;3
2021-03-10 21:11:58;225;70;82;8;7;7;6;7;5;2;3
2021-03-10 21:12:59;225;70;82;8;7;7;6;7;5;2;3
2021-03-10 21:13:59;225;71;82;8;7;7;6;6;5;2;3
2021-03-10 21:14:58;225;71;82;8;7;7;6;6;5;2;3
2021-03-10 21:15:59;225;71;82;8;7;7;6;6;5;2;3
2021-03-10 21:16:59;225;71;82;8;7;7;6;6;5;2;3
2021-03-10 21:17:58;225;71;82;8;7;7;6;6;5;2;3
2021-03-10 21:18:59;225;71;82;8;7;7;6;6;5;2;3
2021-03-10 21:19:59;225;71;82;8;7;7;6;6;5;2;3
2021-03-10 21:20:58;226;72;82;8;7;7;6;6;5;2;3
2021-03-10 21:21:59;226;72;82;8;7;7;6;6;5;2;3
2021-03-10 21:22:59;226;72;82;8;7;7;6;6;5;2;3
2021-03-10 21:23:59;226;72;82;8;7;7;6;6;5;2;3
2021-03-10 21:24:59;227;73;82;8;7;7;6;6;5;2;3
2021-03-10 21:25:58;227;73;82;8;7;7;6;6;5;2;3
2021-03-10 21:26:59;227;73;82;8;7;7;6;6;5;2;3
2021-03-10 21:28:00;227;73;82;8;7;7;6;6;5;2;3
2021-03-10 21:28:58;227;73;82;8;7;7;6;6;5;2;3
2021-03-10 21:29:59;228;73;83;8;7;7;6;6;5;2;3
2021-03-10 21:30:58;228;73;83;8;7;7;6;6;5;2;3
2021-03-10 21:31:59;228;73;83;8;7;7;6;6;5;2;3
2021-03-10 21:32:59;228;73;83;8;7;7;6;6;5;2;3
2021-03-10 21:33:58;230;74;84;8;7;7;6;6;5;2;3
2021-03-10 21:34:59;230;74;84;8;7;7;6;6;5;2;3
2021-03-10 21:35:58;231;75;84;8;7;7;6;6;5;2;3
2021-03-10 21:36:59;233;75;85;8;7;7;6;6;5;3;3
2021-03-10 21:37:59;233;75;85;8;7;7;6;6;5;3;3
2021-03-10 21:38:58;234;75;86;8;7;7;6;6;5;3;3
2021-03-10 21:39:59;234;75;86;8;7;7;6;6;5;3;3
2021-03-10 21:40:58;234;75;86;8;7;7;6;6;5;3;3
2021-03-10 21:41:59;234;75;86;8;7;7;6;6;5;3;3
2021-03-10 21:42:59;234;75;86;8;7;7;6;6;5;3;3
2021-03-10 21:43:58;234;75;86;8;7;7;6;6;5;3;3
2021-03-10 21:44:59;234;75;86;8;7;7;6;6;5;3;3
2021-03-10 21:45:59;234;75;86;8;7;7;6;6;5;3;3
2021-03-10 21:46:58;234;75;86;8;7;7;6;6;5;3;3
2021-03-10 21:47:59;234;75;86;8;7;7;6;6;5;3;3
2021-03-10 21:48:59;235;75;86;9;7;7;6;6;5;3;3
2021-03-10 21:49:58;235;75;86;9;7;7;6;6;5;3;3
2021-03-10 21:50:59;235;75;86;9;7;7;6;6;5;3;3
2021-03-10 21:51:59;236;76;86;9;7;7;6;6;5;3;3
2021-03-10 21:52:58;236;76;86;9;7;7;6;6;5;3;3
2021-03-10 21:53:59;236;76;86;9;7;7;6;6;5;3;3
2021-03-10 21:54:58;236;76;86;9;7;7;6;6;5;3;3
2021-03-10 21:55:59;237;76;87;9;7;7;6;6;5;3;3
2021-03-10 21:56:59;237;76;87;9;7;7;6;6;5;3;3
2021-03-10 21:57:58;237;76;87;9;7;7;6;6;5;3;3
2021-03-10 21:58:59;237;76;87;9;7;7;6;6;5;3;3
2021-03-10 22:00:00;238;77;87;9;7;7;6;6;5;3;3
2021-03-10 22:00:58;238;77;87;9;7;7;6;6;5;3;3
2021-03-10 22:01:59;238;77;87;9;7;7;6;6;5;3;3
2021-03-10 22:02:58;238;77;87;9;7;7;6;6;5;3;3
2021-03-10 22:03:59;238;77;87;9;7;7;6;6;5;3;3
2021-03-10 22:04:58;238;77;87;9;7;7;6;6;5;3;3
2021-03-10 22:05:59;238;77;87;9;7;7;6;6;5;3;3
2021-03-10 22:06:58;240;79;87;9;7;7;6;6;5;3;3
2021-03-10 22:07:59;240;79;87;9;7;7;6;6;5;3;3
2021-03-10 22:08:59;240;79;87;9;7;7;6;6;5;3;3
2021-03-10 22:09:58;240;79;87;9;7;7;6;6;5;3;3
2021-03-10 22:10:59;241;79;88;9;7;7;6;6;5;3;3
2021-03-10 22:11:58;241;79;88;9;7;7;6;6;5;3;3
2021-03-10 22:12:59;241;79;88;9;7;7;6;6;5;3;3
2021-03-10 22:13:58;241;79;88;9;7;7;6;6;5;3;3
2021-03-10 22:14:59;242;80;88;9;7;7;6;6;5;3;3
2021-03-10 22:15:59;242;80;88;9;7;7;6;6;5;3;3
2021-03-10 22:16:58;242;80;88;9;7;7;6;6;5;3;3
2021-03-10 22:17:59;242;80;88;9;7;7;6;6;5;3;3
2021-03-10 22:18:58;242;80;88;9;7;7;6;6;5;3;3
2021-03-10 22:19:59;242;80;88;9;7;7;6;6;5;3;3
2021-03-10 22:20:58;244;81;89;9;7;7;6;6;5;3;3
2021-03-10 22:21:59;244;81;89;9;7;7;6;6;5;3;3
2021-03-10 22:22:59;245;82;89;9;7;7;6;6;5;3;3
2021-03-10 22:23:59;245;82;89;9;7;7;6;6;5;3;3
2021-03-10 22:24:58;246;83;89;9;7;7;6;6;5;3;3
2021-03-10 22:26:00;246;83;89;9;7;7;6;6;5;3;3
2021-03-10 22:26:58;246;83;89;9;7;7;6;6;5;3;3
2021-03-10 22:27:59;246;83;89;9;7;7;6;6;5;3;3
2021-03-10 22:28:58;246;83;89;9;7;7;6;6;5;3;3
2021-03-10 22:29:59;246;83;89;9;7;7;6;6;5;3;3
2021-03-10 22:30:58;247;84;89;9;7;7;6;6;5;3;3
2021-03-10 22:31:59;247;84;89;9;7;7;6;6;5;3;3
2021-03-10 22:32:59;247;84;89;9;7;7;6;6;5;3;3
2021-03-10 22:33:58;248;84;90;9;7;7;6;6;5;3;3
2021-03-10 22:34:59;249;85;90;9;7;7;6;6;5;3;3
2021-03-10 22:35:59;249;85;90;9;7;7;6;6;5;3;3
2021-03-10 22:36:58;249;85;89;9;7;7;6;6;5;3;3
2021-03-10 22:37:59;250;85;90;9;7;7;6;6;5;3;3
2021-03-10 22:38:59;250;85;90;9;7;7;6;6;5;3;3
2021-03-10 22:39:59;250;85;90;9;7;7;6;6;5;3;3
2021-03-10 22:40:58;251;86;90;9;7;7;6;6;5;3;3
2021-03-10 22:41:59;252;87;90;9;7;7;6;6;5;3;3
2021-03-10 22:42:59;252;87;90;9;7;7;6;6;5;3;3
2021-03-10 22:43:58;253;88;90;9;7;7;6;6;5;3;3
2021-03-10 22:44:59;253;88;91;9;7;7;6;6;5;3;3
2021-03-10 22:45:59;253;88;91;9;7;7;6;6;5;3;3
2021-03-10 22:46:58;253;88;91;9;7;7;6;6;5;3;3
2021-03-10 22:47:59;253;88;91;9;7;7;6;6;5;3;3
2021-03-10 22:48:59;253;88;91;9;7;7;6;6;5;3;3
2021-03-10 22:49:58;254;89;91;9;7;7;6;6;5;3;3
2021-03-10 22:50:59;254;89;91;9;7;7;6;6;5;3;3
2021-03-10 22:51:59;254;89;91;9;7;7;6;6;5;3;3
2021-03-10 22:52:58;254;89;91;9;7;7;6;6;5;3;3
2021-03-10 22:53:59;254;89;91;9;7;7;6;6;5;3;3
2021-03-10 22:54:59;254;89;91;9;7;7;6;6;5;3;3
2021-03-10 22:55:58;255;90;91;9;7;7;6;6;5;3;3
2021-03-10 22:56:59;256;90;91;9;7;7;6;6;5;3;3
2021-03-10 22:58:00;256;90;91;9;7;7;6;6;5;3;3
2021-03-10 22:58:58;257;90;92;9;7;7;6;6;5;3;3
2021-03-10 22:59:59;258;91;92;9;7;7;6;6;5;3;3
2021-03-10 23:00:58;258;91;92;9;7;7;6;6;5;3;3
2021-03-10 23:01:59;259;92;93;9;7;7;6;6;5;3;3
2021-03-10 23:02:59;258;92;92;9;7;7;6;6;5;3;3
2021-03-10 23:03:58;259;92;93;9;7;7;6;6;5;3;3
2021-03-10 23:04:59;259;92;93;9;7;7;6;6;5;3;3
2021-03-10 23:05:58;259;92;93;9;7;7;6;6;5;3;3
2021-03-10 23:06:59;259;92;93;9;7;7;6;6;5;3;3
2021-03-10 23:07:59;259;92;93;9;7;7;6;6;5;3;3
2021-03-10 23:08:58;260;93;93;9;7;7;6;6;5;3;3
2021-03-10 23:09:59;261;94;93;9;7;7;6;6;5;3;3
2021-03-10 23:10:58;261;94;93;9;7;7;6;6;5;3;3
2021-03-10 23:11:59;261;94;93;9;7;7;6;6;5;3;3
2021-03-10 23:12:59;261;94;93;9;7;7;6;6;5;3;3
2021-03-10 23:13:58;262;95;93;9;7;7;6;6;5;3;3
2021-03-10 23:14:59;262;94;94;9;7;7;6;6;5;3;3
2021-03-10 23:15:58;263;95;94;9;7;7;6;6;5;3;3
2021-03-10 23:16:59;265;97;94;9;7;7;6;6;5;3;3
2021-03-10 23:17:58;265;97;94;9;7;7;6;6;5;3;3
2021-03-10 23:18:59;265;97;94;9;7;7;6;6;5;3;3
2021-03-10 23:19:59;265;97;94;9;7;7;6;6;5;3;3
2021-03-10 23:20:58;265;97;94;9;7;7;6;6;5;3;3
2021-03-10 23:21:59;265;97;94;9;7;7;6;6;5;3;3
2021-03-10 23:22:58;265;97;94;9;7;7;6;6;5;3;3
2021-03-10 23:23:59;265;97;94;9;7;7;6;6;5;3;3
2021-03-10 23:24:58;265;97;94;9;7;7;6;6;5;3;3
2021-03-10 23:25:59;266;98;94;9;7;7;6;6;5;3;3
2021-03-10 23:26:59;266;98;94;9;7;7;6;6;5;3;3
2021-03-10 23:27:58;267;98;95;9;7;7;6;6;5;3;3
2021-03-10 23:28:59;268;98;96;9;7;7;6;6;5;3;3
2021-03-10 23:29:59;269;99;96;9;7;7;6;6;5;3;3
2021-03-10 23:30:58;269;99;96;9;7;7;6;6;5;3;3
2021-03-10 23:31:59;269;99;96;9;7;7;6;6;5;3;3
2021-03-10 23:32:59;269;99;96;9;7;7;6;6;5;3;3
2021-03-10 23:33:58;269;99;97;9;7;7;6;6;5;3;3
2021-03-10 23:34:59;269;99;97;9;7;7;6;6;5;3;3
2021-03-10 23:36:00;269;99;97;9;7;7;6;6;5;3;3
2021-03-10 23:36:58;270;99;98;9;7;7;6;6;5;3;3
2021-03-10 23:37:59;270;99;98;9;7;7;6;6;5;3;3
2021-03-10 23:38:58;271;100;98;9;7;7;6;6;5;3;3
2021-03-10 23:39:59;273;101;99;9;7;7;6;6;5;3;3
2021-03-10 23:40:59;274;102;99;9;7;7;6;6;5;3;3
2021-03-10 23:41:58;275;102;100;9;7;7;6;6;5;3;3
2021-03-10 23:42:59;275;102;100;9;7;7;6;6;5;3;3
2021-03-10 23:43:58;275;102;100;9;7;7;6;6;5;3;3
2021-03-10 23:44:59;276;103;100;9;7;7;6;6;5;3;3
2021-03-10 23:45:59;277;105;100;8;7;7;6;6;5;3;3
2021-03-10 23:46:58;278;105;101;8;7;7;6;6;5;3;3
2021-03-10 23:47:59;279;106;101;8;7;7;6;6;5;3;3
2021-03-10 23:48:59;279;105;102;8;7;7;6;6;5;3;3
2021-03-10 23:49:58;279;105;102;8;7;7;6;6;5;3;3
2021-03-10 23:50:59;279;106;101;8;7;7;6;6;5;3;3
2021-03-10 23:51:59;280;106;102;8;7;7;6;6;5;3;3
2021-03-10 23:52:58;280;106;102;8;7;7;6;6;5;3;3
2021-03-10 23:53:59;280;106;102;8;7;7;6;6;5;3;3
2021-03-10 23:54:59;280;106;102;8;7;7;6;6;5;3;3
2021-03-10 23:55:58;280;106;102;8;7;7;6;6;5;3;3
2021-03-10 23:56:59;281;107;102;8;7;7;6;6;5;3;3
2021-03-10 23:57:58;282;108;102;8;7;7;6;6;5;3;3
2021-03-10 23:58:59;282;109;101;8;7;7;6;6;5;3;3
2021-03-10 23:59:59;281;109;100;8;7;7;6;6;5;3;3
