datetime;total_votes;cyberworm;Есения;navalny;kaiL;GlobetrotterXL;Ikarus-garmoshka;ielarud;vjik;kotophalk;asap
2021-03-17 00:00:59;0;1;0;0;0;0;0;0;0;0;0
2021-03-17 00:01:59;3;3;0;0;0;0;0;0;0;0;0
2021-03-17 00:02:59;5;3;2;0;0;0;0;0;0;0;0
2021-03-17 00:03:59;5;3;2;0;0;0;0;0;0;0;0
2021-03-17 00:04:58;5;3;2;0;0;0;0;0;0;0;0
2021-03-17 00:06:00;5;3;2;0;0;0;0;0;0;0;0
2021-03-17 00:06:58;6;3;3;0;0;0;0;0;0;0;0
2021-03-17 00:07:59;7;3;3;0;0;0;0;0;0;0;0
2021-03-17 00:08:59;7;3;3;0;0;0;0;0;0;0;0
2021-03-17 00:09:58;8;3;3;1;0;0;0;0;0;0;0
2021-03-17 00:10:59;9;3;3;1;0;0;0;0;0;0;0
2021-03-17 00:12:00;9;3;3;1;0;0;0;0;0;0;0
2021-03-17 00:12:58;9;3;3;1;0;0;0;0;0;0;0
2021-03-17 00:13:59;9;3;3;1;0;0;0;0;0;0;0
2021-03-17 00:14:58;10;4;3;1;0;0;0;0;0;0;0
2021-03-17 00:15:59;10;4;3;1;0;0;0;0;0;0;0
2021-03-17 00:16:59;10;4;3;1;0;0;0;0;0;0;0
2021-03-17 00:17:58;11;4;4;1;0;0;0;0;0;0;0
2021-03-17 00:18:59;12;4;4;1;0;0;0;0;0;0;0
2021-03-17 00:19:59;12;4;4;1;0;0;0;0;0;0;0
2021-03-17 00:21:00;12;4;4;1;0;0;0;0;0;0;0
2021-03-17 00:21:58;12;4;4;1;0;0;0;0;0;0;0
2021-03-17 00:22:59;12;4;4;1;0;0;0;0;0;0;0
2021-03-17 00:23:59;13;4;4;1;0;1;0;0;0;0;0
2021-03-17 00:24:58;13;4;4;1;0;1;0;0;0;0;0
2021-03-17 00:25:59;14;5;4;1;0;1;0;0;0;0;0
2021-03-17 00:26:59;15;5;4;1;0;1;0;1;0;0;0
2021-03-17 00:27:58;18;5;4;2;0;1;0;1;0;0;0
2021-03-17 00:28:59;18;5;4;2;0;1;0;1;0;0;0
2021-03-17 00:29:59;19;5;4;2;0;2;0;1;0;0;0
2021-03-17 00:30:58;19;5;4;2;0;2;0;1;0;0;0
2021-03-17 00:31:59;19;5;4;2;0;2;0;1;0;0;0
2021-03-17 00:32:59;19;5;4;2;0;2;0;1;0;0;0
2021-03-17 00:33:58;19;5;4;2;0;2;0;1;0;0;0
2021-03-17 00:34:59;20;5;5;2;0;2;0;1;0;0;0
2021-03-17 00:35:58;20;5;5;2;0;2;0;1;0;0;0
2021-03-17 00:36:59;20;5;5;2;0;2;0;1;0;0;0
2021-03-17 00:37:59;20;5;5;2;0;2;0;1;0;0;0
2021-03-17 00:38:58;20;5;5;2;0;2;0;1;0;0;0
2021-03-17 00:39:59;20;5;5;2;0;2;0;1;0;0;0
2021-03-17 00:40:59;20;5;5;2;0;2;0;1;0;0;0
2021-03-17 00:41:58;20;5;5;2;0;2;0;1;0;0;0
2021-03-17 00:42:59;20;5;5;2;0;2;0;1;0;0;0
2021-03-17 00:43:58;22;6;5;2;0;2;0;1;0;0;0
2021-03-17 00:44:59;22;6;5;2;0;2;0;1;0;0;0
2021-03-17 00:45:59;22;6;5;2;0;2;0;1;0;0;0
2021-03-17 00:46:59;22;6;5;2;0;2;0;1;0;0;0
2021-03-17 00:47:58;22;6;5;2;0;2;0;1;0;0;0
2021-03-17 00:48:59;22;6;5;2;0;2;0;1;0;0;0
2021-03-17 00:50:00;22;6;5;2;0;2;0;1;0;0;0
2021-03-17 00:50:58;22;6;5;2;0;2;0;1;0;0;0
2021-03-17 00:51:59;23;6;6;2;0;2;0;1;0;0;0
2021-03-17 00:52:59;23;6;6;2;0;2;0;1;0;0;0
2021-03-17 00:53:58;23;6;6;2;0;2;0;1;0;0;0
2021-03-17 00:54:59;23;6;6;2;0;2;0;1;0;0;0
2021-03-17 00:56:00;23;6;6;2;0;2;0;1;0;0;0
2021-03-17 00:56:58;23;6;6;2;0;2;0;1;0;0;0
2021-03-17 00:57:59;23;6;6;2;0;2;0;1;0;0;0
2021-03-17 00:59:00;24;7;6;2;0;2;0;1;0;0;0
2021-03-17 00:59:58;24;7;6;2;0;2;0;1;0;0;0
2021-03-17 01:00:59;24;7;6;2;0;2;0;1;0;0;0
2021-03-17 01:01:58;24;7;6;2;0;2;0;1;0;0;0
2021-03-17 01:02:59;25;7;6;3;0;2;0;1;0;0;0
2021-03-17 01:03:59;25;7;6;3;0;2;0;1;0;0;0
2021-03-17 01:04:59;26;7;6;4;0;2;0;1;0;0;0
2021-03-17 01:05:58;26;7;6;4;0;2;0;1;0;0;0
2021-03-17 01:06:59;26;7;6;4;0;2;0;1;0;0;0
2021-03-17 01:07:58;26;7;6;4;0;2;0;1;0;0;0
2021-03-17 01:08:59;26;7;6;4;0;2;0;1;0;0;0
2021-03-17 01:09:59;26;7;6;4;0;2;0;1;0;0;0
2021-03-17 01:10:58;27;8;6;4;0;2;0;1;0;0;0
2021-03-17 01:11:59;28;8;7;4;0;2;0;1;0;0;0
2021-03-17 01:13:00;28;8;7;4;0;2;0;1;0;0;0
2021-03-17 01:13:58;28;8;7;4;0;2;0;1;0;0;0
2021-03-17 01:14:59;28;8;7;4;0;2;0;1;0;0;0
2021-03-17 01:15:58;29;8;8;4;0;2;0;1;0;0;0
2021-03-17 01:16:59;29;8;8;4;0;2;0;1;0;0;0
2021-03-17 01:17:59;29;8;8;4;0;2;0;1;0;0;0
2021-03-17 01:18:58;29;8;8;4;0;2;0;1;0;0;0
2021-03-17 01:19:59;30;9;8;4;0;2;0;1;0;0;0
2021-03-17 01:21:00;30;9;8;4;0;2;0;1;0;0;0
2021-03-17 01:21:58;30;9;8;4;0;2;0;1;0;0;0
2021-03-17 01:22:59;30;9;8;4;0;2;0;1;0;0;0
2021-03-17 01:23:58;30;9;8;4;0;2;0;1;0;0;0
2021-03-17 01:24:59;31;9;8;4;0;2;0;1;0;1;0
2021-03-17 01:25:59;31;9;8;4;0;2;0;1;0;1;0
2021-03-17 01:26:58;31;9;8;4;0;2;0;1;0;1;0
2021-03-17 01:27:59;31;10;8;4;0;2;0;1;0;1;0
2021-03-17 01:28:58;31;10;8;4;0;2;0;1;0;1;0
2021-03-17 01:29:59;32;10;8;4;0;2;0;1;0;1;0
2021-03-17 01:30:58;32;10;8;4;0;2;0;1;0;1;0
2021-03-17 01:31:59;32;10;8;4;0;2;0;1;0;1;0
2021-03-17 01:32:59;32;10;8;4;0;2;0;1;0;1;0
2021-03-17 01:33:58;33;11;8;4;0;2;0;1;0;1;0
2021-03-17 01:34:59;33;11;8;4;0;2;0;1;0;1;0
2021-03-17 01:35:59;33;11;8;4;0;2;0;1;0;1;0
2021-03-17 01:36:58;33;11;8;4;0;2;0;1;0;1;0
2021-03-17 01:37:59;33;11;8;4;0;2;0;1;0;1;0
2021-03-17 01:38:59;33;11;8;4;0;2;0;1;0;1;0
2021-03-17 01:40:00;34;11;8;4;1;2;0;1;0;0;0
2021-03-17 01:40:58;34;11;8;4;1;2;0;1;0;0;0
2021-03-17 01:41:59;34;11;8;4;1;2;0;1;0;0;0
2021-03-17 01:42:59;34;11;8;4;1;2;0;1;0;0;0
2021-03-17 01:43:58;35;11;9;4;1;2;0;1;0;0;0
2021-03-17 01:44:59;35;11;9;4;1;2;0;1;0;0;0
2021-03-17 01:45:58;35;11;9;4;1;2;0;1;0;0;0
2021-03-17 01:46:59;35;11;9;4;1;2;0;1;0;0;0
2021-03-17 01:47:59;35;11;9;4;1;2;0;1;0;0;0
2021-03-17 01:48:58;35;11;9;4;1;2;0;1;0;0;0
2021-03-17 01:49:59;36;12;9;4;1;2;0;1;0;0;0
2021-03-17 01:50:59;36;12;9;4;1;2;0;1;0;0;0
2021-03-17 01:51:58;36;12;9;4;1;2;0;1;0;0;0
2021-03-17 01:52:59;36;12;9;4;1;2;0;1;0;0;0
2021-03-17 01:53:59;36;12;9;4;1;2;0;1;0;0;0
2021-03-17 01:54:58;36;12;9;4;1;2;0;1;0;0;0
2021-03-17 01:55:59;36;12;9;4;1;2;0;1;0;0;0
2021-03-17 01:56:59;36;12;9;4;1;2;0;1;0;0;0
2021-03-17 01:57:58;36;12;9;4;1;2;0;1;0;0;0
2021-03-17 01:58:59;37;12;10;4;1;2;0;1;0;0;0
2021-03-17 01:59:58;37;12;10;4;1;2;0;1;0;0;0
2021-03-17 02:00:59;37;12;10;4;1;2;0;1;0;0;0
2021-03-17 02:01:59;37;12;10;4;1;2;0;1;0;0;0
2021-03-17 02:02:58;37;12;10;4;1;2;0;1;0;0;0
2021-03-17 02:03:59;38;12;10;5;1;2;0;1;0;0;0
2021-03-17 02:04:59;38;12;10;5;1;2;0;1;0;0;0
2021-03-17 02:05:58;38;12;10;5;1;2;0;1;0;0;0
2021-03-17 02:06:59;38;12;10;5;1;2;0;1;0;0;0
2021-03-17 02:07:59;38;12;10;5;1;2;0;1;0;0;0
2021-03-17 02:08:58;38;12;10;5;1;2;0;1;0;0;0
2021-03-17 02:09:59;38;12;10;5;1;2;0;1;0;0;0
2021-03-17 02:10:58;38;12;10;5;1;2;0;1;0;0;0
2021-03-17 02:11:59;38;12;10;5;1;2;0;1;0;0;0
2021-03-17 02:12:58;40;12;10;5;2;3;0;1;0;1;0
2021-03-17 02:13:59;40;12;10;5;2;3;0;1;0;1;0
2021-03-17 02:14:59;40;12;10;5;2;3;0;1;0;1;0
2021-03-17 02:15:58;40;12;10;5;2;3;0;1;0;1;0
2021-03-17 02:16:59;40;12;10;5;2;3;0;1;0;1;0
2021-03-17 02:17:59;40;12;10;5;2;3;0;1;0;1;0
2021-03-17 02:19:00;40;12;10;5;2;3;0;1;0;1;0
2021-03-17 02:19:58;40;12;10;5;2;3;0;1;0;1;0
2021-03-17 02:20:59;40;12;10;5;2;3;0;1;0;1;0
2021-03-17 02:21:58;40;12;10;5;2;3;0;1;0;1;0
2021-03-17 02:22:59;40;12;10;5;2;3;0;1;0;1;0
2021-03-17 02:23:59;40;12;10;5;2;3;0;1;0;1;0
2021-03-17 02:24:58;40;12;10;5;2;3;0;1;0;1;0
2021-03-17 02:25:59;41;12;10;5;2;3;0;1;0;0;0
2021-03-17 02:26:59;41;12;10;5;2;3;0;1;0;0;0
2021-03-17 02:27:58;41;12;10;5;2;3;0;1;0;0;0
2021-03-17 02:28:59;42;12;10;6;2;3;0;1;0;0;0
2021-03-17 02:29:59;42;12;10;6;2;3;0;1;0;0;0
2021-03-17 02:30:58;42;12;10;6;2;3;0;1;0;0;0
2021-03-17 02:31:59;43;12;10;7;2;3;0;1;0;0;0
2021-03-17 02:32:58;44;12;10;8;2;3;0;1;0;0;0
2021-03-17 02:33:59;44;12;10;8;2;3;0;1;0;0;0
2021-03-17 02:34:59;44;12;10;8;2;3;0;1;0;0;0
2021-03-17 02:35:58;45;12;10;8;2;4;0;1;0;0;0
2021-03-17 02:36:59;45;13;10;7;2;4;0;1;0;0;0
2021-03-17 02:37:59;45;13;10;7;2;4;0;1;0;0;0
2021-03-17 02:38:58;45;13;10;7;2;4;0;1;0;0;0
2021-03-17 02:39:59;45;13;10;7;2;4;0;1;0;0;0
2021-03-17 02:40:59;45;13;10;7;2;4;0;1;0;0;0
2021-03-17 02:41:58;45;13;10;7;2;4;0;1;0;0;0
2021-03-17 02:42:59;45;13;10;7;2;4;0;1;0;0;0
2021-03-17 02:43:59;45;13;10;7;2;4;0;1;0;0;0
2021-03-17 02:44:58;45;13;10;7;2;4;0;1;0;0;0
2021-03-17 02:45:59;46;14;10;7;2;4;0;1;0;0;0
2021-03-17 02:46:59;46;14;10;7;2;4;0;1;0;0;0
2021-03-17 02:47:58;46;14;10;7;2;4;0;1;0;0;0
2021-03-17 02:48:59;46;14;10;7;2;4;0;1;0;0;0
2021-03-17 02:49:58;46;14;10;7;2;4;0;1;0;0;0
2021-03-17 02:50:59;46;14;10;7;2;4;0;1;0;0;0
2021-03-17 02:51:59;46;14;10;7;2;4;0;1;0;0;0
2021-03-17 02:52:58;46;14;10;7;2;4;0;1;0;0;0
2021-03-17 02:53:59;46;14;10;7;2;4;0;1;0;0;0
2021-03-17 02:54:59;46;14;10;7;2;4;0;1;0;0;0
2021-03-17 02:55:58;46;14;10;7;2;4;0;1;0;0;0
2021-03-17 02:56:59;46;14;10;7;2;4;0;1;0;0;0
2021-03-17 02:57:59;46;14;10;7;2;4;0;1;0;0;0
2021-03-17 02:58:59;46;14;10;7;2;4;0;1;0;0;0
2021-03-17 02:59:58;47;14;11;7;2;4;0;1;0;0;0
2021-03-17 03:00:59;47;14;11;7;2;4;0;1;0;0;0
2021-03-17 03:01:58;47;14;11;7;2;4;0;1;0;0;0
2021-03-17 03:02:59;47;14;11;7;2;4;0;1;0;0;0
2021-03-17 03:03:59;47;14;11;7;2;4;0;1;0;0;0
2021-03-17 03:04:58;48;14;11;8;2;4;0;1;0;0;0
2021-03-17 03:05:59;48;14;11;8;2;4;0;1;0;0;0
2021-03-17 03:06:58;48;14;11;8;2;4;0;1;0;0;0
2021-03-17 03:07:59;48;14;11;8;2;4;0;1;0;0;0
2021-03-17 03:08:59;48;14;11;8;2;4;0;1;0;0;0
2021-03-17 03:09:58;48;14;11;8;2;4;0;1;0;0;0
2021-03-17 03:10:59;48;14;11;8;2;4;0;1;0;0;0
2021-03-17 03:11:59;48;14;11;8;2;4;0;1;0;0;0
2021-03-17 03:12:58;48;14;11;8;2;4;0;1;0;0;0
2021-03-17 03:13:59;48;14;11;8;2;4;0;1;0;0;0
2021-03-17 03:14:59;48;14;11;8;2;4;0;1;0;0;0
2021-03-17 03:15:58;48;14;11;8;2;4;0;1;0;0;0
2021-03-17 03:16:59;48;14;11;8;2;4;0;1;0;0;0
2021-03-17 03:17:59;48;14;11;8;2;4;0;1;0;0;0
2021-03-17 03:18:58;49;14;11;8;2;5;0;1;0;0;0
2021-03-17 03:19:59;49;14;11;8;2;5;0;1;0;0;0
2021-03-17 03:20:59;49;14;11;8;2;5;0;1;0;0;0
2021-03-17 03:21:58;49;14;11;8;2;5;0;1;0;0;0
2021-03-17 03:22:59;50;14;12;8;2;5;0;1;0;0;0
2021-03-17 03:23:59;50;14;12;8;2;5;0;1;0;0;0
2021-03-17 03:24:58;50;14;12;8;2;5;0;1;0;0;0
2021-03-17 03:25:59;50;14;12;8;2;5;0;1;0;0;0
2021-03-17 03:26:59;50;14;12;8;2;5;0;1;0;0;0
2021-03-17 03:28:00;50;14;12;8;2;5;0;1;0;0;0
2021-03-17 03:28:58;50;14;12;8;2;5;0;1;0;0;0
2021-03-17 03:29:59;50;14;12;8;2;5;0;1;0;0;0
2021-03-17 03:30:59;50;14;12;8;2;5;0;1;0;0;0
2021-03-17 03:31:58;51;15;12;8;2;5;0;1;0;0;0
2021-03-17 03:32:59;51;15;12;8;2;5;0;1;0;0;0
2021-03-17 03:34:00;51;15;12;8;2;5;0;1;0;0;0
2021-03-17 03:34:58;51;15;12;8;2;5;0;1;0;0;0
2021-03-17 03:35:59;51;15;12;8;2;5;0;1;0;0;0
2021-03-17 03:36:58;51;15;12;8;2;5;0;1;0;0;0
2021-03-17 03:37:59;51;15;12;8;2;5;0;1;0;0;0
2021-03-17 03:38:58;51;15;12;8;2;5;0;1;0;0;0
2021-03-17 03:39:59;51;15;12;8;2;5;0;1;0;0;0
2021-03-17 03:40:59;51;15;12;8;2;5;0;1;0;0;0
2021-03-17 03:41:58;51;15;12;8;2;5;0;1;0;0;0
2021-03-17 03:42:59;51;15;12;8;2;5;0;1;0;0;0
2021-03-17 03:43:58;51;15;12;8;2;5;0;1;0;0;0
2021-03-17 03:44:59;52;15;12;9;2;5;0;1;0;0;0
2021-03-17 03:45:59;52;15;12;9;2;5;0;1;0;0;0
2021-03-17 03:46:58;52;15;12;9;2;5;0;1;0;0;0
2021-03-17 03:47:59;52;15;12;9;2;5;0;1;0;0;0
2021-03-17 03:48:58;52;15;12;9;2;5;0;1;0;0;0
2021-03-17 03:49:59;53;16;12;9;2;5;0;1;0;0;0
2021-03-17 03:50:59;53;16;12;9;2;5;0;1;0;0;0
2021-03-17 03:51:58;53;16;12;9;2;5;0;1;0;0;0
2021-03-17 03:52:59;53;16;12;9;2;5;0;1;0;0;0
2021-03-17 03:53:59;53;16;12;9;2;5;0;1;0;0;0
2021-03-17 03:54:58;53;16;12;9;2;5;0;1;0;0;0
2021-03-17 03:55:59;53;16;12;9;2;5;0;1;0;0;0
2021-03-17 03:56:59;53;16;12;9;2;5;0;1;0;0;0
2021-03-17 03:57:58;53;16;12;9;2;5;0;1;0;0;0
2021-03-17 03:58:59;53;16;12;9;2;5;0;1;0;0;0
2021-03-17 03:59:58;53;16;12;9;2;5;0;1;0;0;0
2021-03-17 04:00:59;53;16;12;9;2;5;0;1;0;0;0
2021-03-17 04:01:59;53;16;12;9;2;5;0;1;0;0;0
2021-03-17 04:02:58;53;16;12;9;2;5;0;1;0;0;0
2021-03-17 04:03:59;53;16;12;9;2;5;0;1;0;0;0
2021-03-17 04:04:59;53;16;12;9;2;5;0;1;0;0;0
2021-03-17 04:05:59;53;16;12;9;2;5;0;1;0;0;0
2021-03-17 04:06:58;53;16;12;9;2;5;0;1;0;0;0
2021-03-17 04:07:59;53;16;12;9;2;5;0;1;0;0;0
2021-03-17 04:08:59;53;16;12;9;2;5;0;1;0;0;0
2021-03-17 04:09:58;53;16;12;9;2;5;0;1;0;0;0
2021-03-17 04:10:59;54;16;12;10;2;5;0;1;0;0;0
2021-03-17 04:11:58;54;16;12;10;2;5;0;1;0;0;0
2021-03-17 04:12:59;54;16;12;10;2;5;0;1;0;0;0
2021-03-17 04:13:59;54;16;12;10;2;5;0;1;0;0;0
2021-03-17 04:14:58;54;16;12;10;2;5;0;1;0;0;0
2021-03-17 04:15:59;54;16;12;10;2;5;0;1;0;0;0
2021-03-17 04:16:58;54;16;12;10;2;5;0;1;0;0;0
2021-03-17 04:17:59;54;16;12;10;2;5;0;1;0;0;0
2021-03-17 04:18:58;54;16;12;10;2;5;0;1;0;0;0
2021-03-17 04:19:59;54;16;12;10;2;5;0;1;0;0;0
2021-03-17 04:20:58;54;16;12;10;2;5;0;1;0;0;0
2021-03-17 04:21:59;54;16;12;10;2;5;0;1;0;0;0
2021-03-17 04:22:59;54;16;12;10;2;5;0;1;0;0;0
2021-03-17 04:23:58;54;16;11;10;2;5;1;1;0;0;0
2021-03-17 04:24:59;54;16;11;10;2;5;1;1;0;0;0
2021-03-17 04:25:59;54;16;11;10;2;5;1;1;0;0;0
2021-03-17 04:26:58;54;16;11;10;2;5;1;1;0;0;0
2021-03-17 04:27:59;54;16;11;10;2;5;1;1;0;0;0
2021-03-17 04:28:59;54;16;11;10;2;5;1;1;0;0;0
2021-03-17 04:29:58;54;16;11;10;2;5;1;1;0;0;0
2021-03-17 04:30:59;54;16;11;10;2;5;1;1;0;0;0
2021-03-17 04:31:58;54;16;11;10;2;5;1;1;0;0;0
2021-03-17 04:32:59;54;16;11;10;2;5;1;1;0;0;0
2021-03-17 04:33:59;54;16;11;10;2;5;1;1;0;0;0
2021-03-17 04:34:58;54;16;11;10;2;5;1;1;0;0;0
2021-03-17 04:35:59;54;16;11;10;2;5;1;1;0;0;0
2021-03-17 04:36:59;54;16;11;10;2;5;1;1;0;0;0
2021-03-17 04:37:58;54;16;11;10;2;5;1;1;0;0;0
2021-03-17 04:38:59;54;16;11;10;2;5;1;1;0;0;0
2021-03-17 04:39:58;54;16;11;10;2;5;1;1;0;0;0
2021-03-17 04:40:59;55;16;12;10;2;5;1;1;0;0;0
2021-03-17 04:41:58;55;16;12;10;2;5;1;1;0;0;0
2021-03-17 04:42:59;55;16;12;10;2;5;1;1;0;0;0
2021-03-17 04:43:59;55;16;12;10;2;5;1;1;0;0;0
2021-03-17 04:44:58;55;16;12;10;2;5;1;1;0;0;0
2021-03-17 04:45:59;55;16;12;10;2;5;1;1;0;0;0
2021-03-17 04:46:59;55;16;12;10;2;5;1;1;0;0;0
2021-03-17 04:47:58;55;16;12;10;2;5;1;1;0;0;0
2021-03-17 04:48:59;55;16;12;10;2;5;1;1;0;0;0
2021-03-17 04:49:59;55;16;12;10;2;5;1;1;0;0;0
2021-03-17 04:50:59;55;16;12;10;2;5;1;1;0;0;0
2021-03-17 04:51:58;55;16;12;10;2;5;1;1;0;0;0
2021-03-17 04:52:59;56;16;12;10;2;5;1;1;0;0;0
2021-03-17 04:53:58;56;16;12;10;2;5;1;1;0;0;0
2021-03-17 04:54:59;56;16;12;10;2;5;2;1;0;0;0
2021-03-17 04:55:58;56;16;12;10;2;5;2;1;0;0;0
2021-03-17 04:56:59;56;16;12;10;2;5;2;1;0;0;0
2021-03-17 04:58:00;56;16;12;10;2;5;2;1;0;0;0
2021-03-17 04:58:58;56;16;12;10;2;5;2;1;0;0;0
2021-03-17 04:59:59;56;16;12;10;2;5;2;1;0;0;0
2021-03-17 05:00:58;56;16;12;10;2;5;2;1;0;0;0
2021-03-17 05:01:59;56;15;13;10;2;5;2;1;0;0;0
2021-03-17 05:02:59;56;15;13;10;2;5;2;1;0;0;0
2021-03-17 05:03:58;56;15;13;10;2;5;2;1;0;0;0
2021-03-17 05:04:59;56;15;13;10;2;5;2;1;0;0;0
2021-03-17 05:05:59;56;15;13;10;2;5;2;1;0;0;0
2021-03-17 05:06:58;56;15;13;10;2;5;2;1;0;0;0
2021-03-17 05:07:59;56;15;13;10;2;5;2;1;0;0;0
2021-03-17 05:08:59;56;15;13;10;2;5;2;1;0;0;0
2021-03-17 05:09:58;56;15;13;10;2;5;2;1;0;0;0
2021-03-17 05:10:59;56;15;13;10;2;5;2;1;0;0;0
2021-03-17 05:11:58;56;15;13;10;2;5;2;1;0;0;0
2021-03-17 05:12:59;56;15;13;10;2;5;2;1;0;0;0
2021-03-17 05:13:59;56;15;13;10;2;5;2;1;0;0;0
2021-03-17 05:14:58;56;15;13;10;2;5;2;1;0;0;0
2021-03-17 05:15:59;56;15;13;10;2;5;2;1;0;0;0
2021-03-17 05:16:59;57;15;14;10;2;5;2;1;0;0;0
2021-03-17 05:17:58;57;15;14;10;2;5;2;1;0;0;0
2021-03-17 05:18:59;57;15;14;10;2;5;2;1;0;0;0
2021-03-17 05:19:58;57;15;14;10;2;5;2;1;0;0;0
2021-03-17 05:20:59;57;15;14;10;2;5;2;1;0;0;0
2021-03-17 05:21:58;57;15;14;10;2;5;2;1;0;0;0
2021-03-17 05:22:59;57;15;14;10;2;5;2;1;0;0;0
2021-03-17 05:23:59;57;15;14;10;2;5;2;1;0;0;0
2021-03-17 05:24:58;57;15;14;10;2;5;2;1;0;0;0
2021-03-17 05:25:59;57;15;14;10;2;5;2;1;0;0;0
2021-03-17 05:26:59;57;15;14;10;2;5;2;1;0;0;0
2021-03-17 05:27:58;57;15;14;10;2;5;2;1;0;0;0
2021-03-17 05:28:59;57;15;14;10;2;5;2;1;0;0;0
2021-03-17 05:29:59;57;15;14;10;2;5;2;1;0;0;0
2021-03-17 05:30:58;57;15;14;10;2;5;2;1;0;0;0
2021-03-17 05:31:59;57;15;14;10;2;5;2;1;0;0;0
2021-03-17 05:32:58;57;15;14;10;2;5;2;1;0;0;0
2021-03-17 05:33:59;57;15;14;10;2;5;2;1;0;0;0
2021-03-17 05:34:59;57;15;14;10;2;5;2;1;0;0;0
2021-03-17 05:35:58;57;15;14;10;2;5;2;1;0;0;0
2021-03-17 05:36:59;57;15;14;10;2;5;2;1;0;0;0
2021-03-17 05:37:59;57;15;14;10;2;5;2;1;0;0;0
2021-03-17 05:38:58;57;15;14;10;2;5;2;1;0;0;0
2021-03-17 05:39:59;57;15;14;10;2;5;2;1;0;0;0
2021-03-17 05:40:58;57;15;14;10;2;5;2;1;0;0;0
2021-03-17 05:41:59;58;16;14;10;2;5;2;1;0;0;0
2021-03-17 05:42:58;58;16;14;10;2;5;2;1;0;0;0
2021-03-17 05:43:59;58;16;14;10;2;5;2;1;0;0;0
2021-03-17 05:44:58;58;16;14;10;2;5;2;1;0;0;0
2021-03-17 05:45:59;58;16;14;10;2;5;2;1;0;0;0
2021-03-17 05:46:59;58;16;14;10;2;5;2;1;0;0;0
2021-03-17 05:47:58;58;16;14;10;2;5;2;1;0;0;0
2021-03-17 05:48:59;58;16;14;10;2;5;2;1;0;0;0
2021-03-17 05:49:58;58;16;14;10;2;5;2;1;0;0;0
2021-03-17 05:50:59;58;16;14;10;2;5;2;1;0;0;0
2021-03-17 05:51:59;58;16;14;10;2;5;2;1;0;0;0
2021-03-17 05:52:58;58;16;14;10;2;5;2;1;0;0;0
2021-03-17 05:53:59;58;16;14;10;2;5;2;1;0;0;0
2021-03-17 05:54:59;58;16;14;10;2;5;2;1;0;0;0
2021-03-17 05:55:58;58;16;14;10;2;5;2;1;0;0;0
2021-03-17 05:56:59;58;16;14;10;2;5;2;1;0;0;0
2021-03-17 05:57:59;58;16;14;10;2;5;2;1;0;0;0
2021-03-17 05:58:59;58;16;14;10;2;5;2;1;0;0;0
2021-03-17 05:59:58;58;16;14;10;2;5;2;1;0;0;0
2021-03-17 06:00:59;58;16;14;10;2;5;2;1;0;0;0
2021-03-17 06:01:59;58;16;14;10;2;5;2;1;0;0;0
2021-03-17 06:02:58;58;16;14;10;2;5;2;1;0;0;0
2021-03-17 06:03:59;58;16;14;10;2;5;2;1;0;0;0
2021-03-17 06:04:58;58;16;14;10;2;5;2;1;0;0;0
2021-03-17 06:05:59;58;16;14;10;2;5;2;1;0;0;0
2021-03-17 06:06:59;58;16;14;10;2;5;2;1;0;0;0
2021-03-17 06:07:58;58;16;14;10;2;5;2;1;0;0;0
2021-03-17 06:08:59;58;16;14;10;2;5;2;1;0;0;0
2021-03-17 06:09:58;58;16;14;10;2;5;2;1;0;0;0
2021-03-17 06:10:59;58;16;14;10;2;5;2;1;0;0;0
2021-03-17 06:11:58;58;16;14;10;2;5;2;1;0;0;0
2021-03-17 06:12:59;58;16;14;10;2;5;2;1;0;0;0
2021-03-17 06:13:58;58;16;14;10;2;5;2;1;0;0;0
2021-03-17 06:14:59;58;16;14;10;2;5;2;1;0;0;0
2021-03-17 06:16:00;58;16;14;10;2;5;2;1;0;0;0
2021-03-17 06:16:58;58;16;14;10;2;5;2;1;0;0;0
2021-03-17 06:17:59;58;16;14;10;2;5;2;1;0;0;0
2021-03-17 06:18:59;59;17;14;10;2;5;2;1;0;0;0
2021-03-17 06:19:59;60;18;14;10;2;5;2;1;0;0;0
2021-03-17 06:21:00;60;18;14;10;2;5;2;1;0;0;0
2021-03-17 06:21:58;60;18;14;10;2;5;2;1;0;0;0
2021-03-17 06:22:59;61;18;14;11;2;5;2;1;0;0;0
2021-03-17 06:24:00;61;18;14;11;2;5;2;1;0;0;0
2021-03-17 06:24:58;61;18;14;11;2;5;2;1;0;0;0
2021-03-17 06:25:59;61;18;14;11;2;5;2;1;0;0;0
2021-03-17 06:26:58;61;18;14;11;2;5;2;1;0;0;0
2021-03-17 06:27:59;61;18;14;11;2;5;2;1;0;0;0
2021-03-17 06:28:59;61;18;14;11;2;5;2;1;0;0;0
2021-03-17 06:29:58;61;18;14;11;2;5;2;1;0;0;0
2021-03-17 06:30:59;61;18;14;11;2;5;2;1;0;0;0
2021-03-17 06:31:59;61;18;14;11;2;5;2;1;0;0;0
2021-03-17 06:32:58;61;18;14;11;2;5;2;1;0;0;0
2021-03-17 06:33:59;61;18;14;11;2;5;2;1;0;0;0
2021-03-17 06:34:59;61;18;14;11;2;5;2;1;0;0;0
2021-03-17 06:35:58;61;18;14;11;2;5;2;1;0;0;0
2021-03-17 06:36:59;62;19;14;11;2;5;2;1;0;0;0
2021-03-17 06:37:59;62;19;14;11;2;5;2;1;0;0;0
2021-03-17 06:38:58;62;19;14;11;2;5;2;1;0;0;0
2021-03-17 06:39:59;63;19;15;11;2;5;2;1;0;0;0
2021-03-17 06:40:58;64;19;15;11;2;5;2;1;0;0;0
2021-03-17 06:41:59;64;19;15;11;2;5;2;1;0;0;0
2021-03-17 06:42:59;64;19;15;11;2;5;2;1;0;0;0
2021-03-17 06:43:58;64;19;15;11;2;5;2;1;0;0;0
2021-03-17 06:44:59;64;19;15;11;2;5;2;1;0;0;0
2021-03-17 06:45:58;65;19;15;11;2;5;2;1;0;0;1
2021-03-17 06:46:59;66;19;15;11;2;5;2;1;0;0;2
2021-03-17 06:47:58;66;19;15;11;2;5;2;1;0;0;2
2021-03-17 06:48:59;66;19;15;11;2;5;2;1;0;0;2
2021-03-17 06:49:59;66;19;15;11;2;5;2;1;0;0;2
2021-03-17 06:50:58;66;19;15;11;2;5;2;1;0;0;2
2021-03-17 06:51:59;66;19;15;11;2;5;2;1;0;0;2
2021-03-17 06:52:58;66;19;15;11;2;5;2;1;0;0;2
2021-03-17 06:53:59;66;19;15;11;2;5;2;1;0;0;2
2021-03-17 06:54:58;66;19;15;11;2;5;2;1;0;0;2
2021-03-17 06:55:59;68;20;15;11;2;5;2;2;0;0;2
2021-03-17 06:56:59;68;20;15;11;2;5;2;2;0;0;2
2021-03-17 06:57:58;68;20;15;11;2;5;2;2;0;0;2
2021-03-17 06:58:59;68;20;15;11;2;5;2;2;0;0;2
2021-03-17 06:59:59;68;20;15;11;2;5;2;2;0;0;2
2021-03-17 07:00:58;68;20;15;11;2;5;2;2;0;0;2
2021-03-17 07:01:59;69;20;16;11;2;5;2;2;0;0;2
2021-03-17 07:02:59;69;20;16;11;2;5;2;2;0;0;2
2021-03-17 07:03:58;69;20;16;11;2;5;2;2;0;0;2
2021-03-17 07:04:59;69;20;16;11;2;5;2;2;0;0;2
2021-03-17 07:05:59;69;20;16;11;2;5;2;2;0;0;2
2021-03-17 07:06:58;69;20;16;11;2;5;2;2;0;0;2
2021-03-17 07:07:59;69;20;16;11;2;5;2;2;0;0;2
2021-03-17 07:08:58;69;20;16;11;2;5;2;2;0;0;2
2021-03-17 07:09:59;69;20;16;11;2;5;2;2;0;0;2
2021-03-17 07:10:59;69;20;16;11;2;5;2;2;0;0;2
2021-03-17 07:11:58;69;20;16;11;2;5;2;2;0;0;2
2021-03-17 07:12:59;69;20;16;11;2;5;2;2;0;0;2
2021-03-17 07:13:59;69;20;16;11;2;5;2;2;0;0;2
2021-03-17 07:14:58;69;20;16;11;2;5;2;2;0;0;2
2021-03-17 07:15:59;69;20;16;11;2;5;2;2;0;0;2
2021-03-17 07:16:59;69;20;16;11;2;5;2;2;0;0;2
2021-03-17 07:17:58;69;20;16;11;2;5;2;2;0;0;2
2021-03-17 07:18:59;69;20;16;11;2;5;2;2;0;0;2
2021-03-17 07:19:58;69;20;16;11;2;5;2;2;0;0;2
2021-03-17 07:20:59;69;20;16;11;2;5;2;2;0;0;2
2021-03-17 07:21:59;69;20;16;11;2;5;2;2;0;0;2
2021-03-17 07:22:58;69;20;16;11;2;5;2;2;0;0;2
2021-03-17 07:23:59;69;20;16;11;2;5;2;2;0;0;2
2021-03-17 07:24:59;69;20;16;11;2;5;2;2;0;0;2
2021-03-17 07:25:59;69;20;16;11;2;5;2;2;0;0;2
2021-03-17 07:26:58;69;20;16;11;2;5;2;2;0;0;2
2021-03-17 07:27:59;69;20;16;11;2;5;2;2;0;0;2
2021-03-17 07:28:59;69;20;16;11;2;5;2;2;0;0;2
2021-03-17 07:29:58;69;20;16;11;2;5;2;2;0;0;2
2021-03-17 07:31:00;69;20;16;11;2;5;2;2;0;0;2
2021-03-17 07:31:58;69;20;16;11;2;5;2;2;0;0;2
2021-03-17 07:32:59;69;20;16;11;2;5;2;2;0;0;2
2021-03-17 07:33:58;69;20;16;11;2;5;2;2;0;0;2
2021-03-17 07:34:59;69;20;16;11;2;5;2;2;0;0;2
2021-03-17 07:35:59;69;20;16;11;2;5;2;2;0;0;2
2021-03-17 07:36:58;70;20;16;11;3;5;2;2;0;0;2
2021-03-17 07:37:59;70;20;16;11;3;5;2;2;0;0;2
2021-03-17 07:38:59;70;20;16;11;3;5;2;2;0;0;2
2021-03-17 07:39:58;70;20;16;11;3;5;2;2;0;0;2
2021-03-17 07:40:59;70;20;16;11;3;5;2;2;0;0;2
2021-03-17 07:42:00;70;20;16;11;3;5;2;2;0;0;2
2021-03-17 07:42:58;70;20;16;11;3;5;2;2;0;0;2
2021-03-17 07:43:59;71;20;16;12;3;5;2;2;0;0;2
2021-03-17 07:45:00;71;20;16;12;3;5;2;2;0;0;2
2021-03-17 07:45:58;72;20;16;12;3;5;2;2;0;0;2
2021-03-17 07:46:59;72;20;16;13;3;5;2;2;0;0;2
2021-03-17 07:47:58;73;21;16;13;3;5;2;2;0;0;2
2021-03-17 07:48:59;73;21;16;13;3;5;2;2;0;0;2
2021-03-17 07:49:59;73;21;16;13;3;5;2;2;0;0;2
2021-03-17 07:50:58;73;21;16;13;3;5;2;2;0;0;2
2021-03-17 07:51:59;73;21;16;13;3;5;2;2;0;0;2
2021-03-17 07:52:58;73;21;16;13;3;5;2;2;0;0;2
2021-03-17 07:53:59;73;21;16;13;3;5;2;2;0;0;2
2021-03-17 07:54:58;73;21;16;13;3;5;2;2;0;0;2
2021-03-17 07:55:59;73;21;16;13;3;5;2;2;0;0;2
2021-03-17 07:56:59;73;21;16;13;3;5;2;2;0;0;2
2021-03-17 07:57:58;73;21;16;13;3;5;2;2;0;0;2
2021-03-17 07:58:59;73;21;16;13;3;5;2;2;0;0;2
2021-03-17 07:59:59;73;21;16;13;3;5;2;2;0;0;2
2021-03-17 08:00:58;73;21;16;13;3;5;2;2;0;0;2
2021-03-17 08:01:59;73;21;16;13;3;5;2;2;0;0;2
2021-03-17 08:02:58;73;21;16;13;3;5;2;2;0;0;2
2021-03-17 08:03:59;73;21;16;13;3;5;2;2;0;0;2
2021-03-17 08:04:58;73;21;16;13;3;5;2;2;0;0;2
2021-03-17 08:05:59;73;21;16;13;3;5;2;2;0;0;2
2021-03-17 08:06:59;73;21;16;13;3;5;2;2;0;0;2
2021-03-17 08:07:58;73;21;16;13;3;5;2;2;0;0;2
2021-03-17 08:08:59;73;21;16;13;3;5;2;2;0;0;2
2021-03-17 08:09:59;74;21;16;13;3;5;2;2;0;0;2
2021-03-17 08:10:58;74;21;16;13;3;5;2;2;0;0;2
2021-03-17 08:11:59;74;21;16;13;3;5;2;2;0;0;2
2021-03-17 08:12:59;75;21;16;13;3;5;2;2;0;0;2
2021-03-17 08:13:58;75;21;16;13;3;5;2;2;0;0;2
2021-03-17 08:14:59;75;21;16;13;3;5;2;2;0;0;2
2021-03-17 08:15:58;75;21;16;13;3;5;2;2;0;0;2
2021-03-17 08:16:59;75;21;16;13;3;5;2;2;0;0;2
2021-03-17 08:17:59;75;21;16;13;3;5;2;2;0;0;2
2021-03-17 08:18:58;75;21;16;13;3;5;2;2;0;0;2
2021-03-17 08:19:59;76;21;16;13;3;5;3;2;0;0;2
2021-03-17 08:20:59;76;21;16;13;3;5;3;2;0;0;2
2021-03-17 08:21:58;76;21;16;13;3;5;3;2;0;0;2
2021-03-17 08:22:59;76;21;16;13;3;5;3;2;0;0;2
2021-03-17 08:23:58;76;21;16;13;3;5;3;2;0;0;2
2021-03-17 08:24:59;76;21;16;13;3;5;3;2;0;0;2
2021-03-17 08:25:59;76;21;16;13;3;5;3;2;0;0;2
2021-03-17 08:26:58;76;21;16;13;3;5;3;2;0;0;2
2021-03-17 08:27:59;76;21;16;13;3;5;3;2;0;0;2
2021-03-17 08:28:59;76;21;16;13;3;5;3;2;0;0;2
2021-03-17 08:29:58;76;21;16;13;3;5;3;2;0;0;2
2021-03-17 08:30:59;76;21;16;13;3;5;3;2;0;0;2
2021-03-17 08:31:59;76;21;16;13;3;5;3;2;0;0;2
2021-03-17 08:32:58;76;21;16;13;3;5;3;2;0;0;2
2021-03-17 08:33:59;76;21;16;13;3;5;3;2;0;0;2
2021-03-17 08:34:59;76;21;16;13;3;5;3;2;0;0;2
2021-03-17 08:35:58;77;21;17;13;3;5;3;2;0;0;2
2021-03-17 08:36:59;78;21;18;13;3;5;3;2;0;0;2
2021-03-17 08:37:59;78;21;18;13;3;5;3;2;0;0;2
2021-03-17 08:38:58;78;21;18;13;3;5;3;2;0;0;2
2021-03-17 08:39:59;78;21;18;13;3;5;3;2;0;0;2
2021-03-17 08:40:58;78;21;18;13;3;5;3;2;0;0;2
2021-03-17 08:41:59;78;21;18;13;3;5;3;2;0;0;2
2021-03-17 08:42:58;78;21;18;13;3;5;3;2;0;0;2
2021-03-17 08:43:59;78;21;18;13;3;5;3;2;0;0;2
2021-03-17 08:44:59;78;21;18;13;3;5;3;2;0;0;2
2021-03-17 08:45:58;78;21;18;13;3;5;3;2;0;0;2
2021-03-17 08:46:59;78;21;18;13;3;5;3;2;0;0;2
2021-03-17 08:47:59;78;21;18;13;3;5;3;2;0;0;2
2021-03-17 08:48:58;78;21;18;13;3;5;3;2;0;0;2
2021-03-17 08:49:59;78;21;18;13;3;5;3;2;0;0;2
2021-03-17 08:50:58;78;21;18;13;3;5;3;2;0;0;2
2021-03-17 08:51:59;78;21;18;13;3;5;3;2;0;0;2
2021-03-17 08:52:59;78;21;18;13;3;5;3;2;0;0;2
2021-03-17 08:53:58;78;21;18;13;3;5;3;2;0;0;2
2021-03-17 08:54:59;78;21;18;13;3;5;3;2;0;0;2
2021-03-17 08:55:59;78;21;18;13;3;5;3;2;0;0;2
2021-03-17 08:56:58;78;21;18;13;3;5;3;2;0;0;2
2021-03-17 08:57:59;78;21;18;13;3;5;3;2;0;0;2
2021-03-17 08:58:58;78;21;18;13;3;5;3;2;0;0;2
2021-03-17 08:59:59;78;21;18;13;3;5;3;2;0;0;2
2021-03-17 09:00:59;78;21;18;13;3;5;3;2;0;0;2
2021-03-17 09:01:58;78;21;18;13;3;5;3;2;0;0;2
2021-03-17 09:02:59;78;21;18;13;3;5;3;2;0;0;2
2021-03-17 09:03:58;78;21;18;13;3;5;3;2;0;0;2
2021-03-17 09:04:59;78;21;18;13;3;5;3;2;0;0;2
2021-03-17 09:05:59;78;21;18;13;3;5;3;2;0;0;2
2021-03-17 09:06:58;78;21;18;13;3;5;3;2;0;0;2
2021-03-17 09:07:59;78;21;18;13;3;5;3;2;0;0;2
2021-03-17 09:08:59;78;21;18;13;3;5;3;2;0;0;2
2021-03-17 09:09:58;79;22;18;13;3;5;3;2;0;0;2
2021-03-17 09:10:59;79;22;18;13;3;5;3;2;0;0;2
2021-03-17 09:11:58;79;22;18;13;3;5;3;2;0;0;2
2021-03-17 09:12:59;79;22;18;13;3;5;3;2;0;0;2
2021-03-17 09:13:58;80;23;18;13;3;5;3;2;0;0;2
2021-03-17 09:14:59;82;24;18;13;4;5;3;2;0;0;2
2021-03-17 09:15:59;82;24;18;13;4;5;3;2;0;0;2
2021-03-17 09:16:58;82;24;18;13;4;5;3;2;0;0;2
2021-03-17 09:17:59;82;24;18;13;4;5;3;2;0;0;2
2021-03-17 09:18:58;82;24;18;13;4;5;3;2;0;0;2
2021-03-17 09:19:59;82;24;18;13;4;5;3;2;0;0;2
2021-03-17 09:20:58;82;24;18;13;4;5;3;2;0;0;2
2021-03-17 09:21:59;82;24;18;13;4;5;3;2;0;0;2
2021-03-17 09:22:59;82;24;18;13;4;5;3;2;0;0;2
2021-03-17 09:23:58;82;24;18;13;4;5;3;2;0;0;2
2021-03-17 09:24:59;82;24;18;13;4;5;3;2;0;0;2
2021-03-17 09:25:59;83;24;19;13;4;5;3;2;0;0;2
2021-03-17 09:26:59;83;24;19;13;4;5;3;2;0;0;2
2021-03-17 09:27:58;83;24;19;13;4;5;3;2;0;0;2
2021-03-17 09:28:59;83;24;19;13;4;5;3;2;0;0;2
2021-03-17 09:29:59;83;24;19;13;4;5;3;2;0;0;2
2021-03-17 09:30:58;83;24;19;13;4;5;3;2;0;0;2
2021-03-17 09:31:59;83;24;19;13;4;5;3;2;0;0;2
2021-03-17 09:32:58;83;24;19;13;4;5;3;2;0;0;2
2021-03-17 09:33:59;83;24;19;13;4;5;3;2;0;0;2
2021-03-17 09:34:59;84;25;19;13;4;5;3;2;0;0;2
2021-03-17 09:35:58;84;25;19;13;4;5;3;2;0;0;2
2021-03-17 09:36:59;84;25;19;13;4;5;3;2;0;0;2
2021-03-17 09:37:59;85;26;19;13;4;5;3;2;0;0;2
2021-03-17 09:38:58;85;26;19;13;4;5;3;2;0;0;2
2021-03-17 09:39:59;86;26;19;13;4;5;3;2;0;0;2
2021-03-17 09:40:59;86;26;19;13;4;5;3;2;0;0;2
2021-03-17 09:41:59;86;26;19;13;4;5;3;2;0;0;2
2021-03-17 09:42:58;86;26;19;13;4;5;3;2;0;0;2
2021-03-17 09:43:59;87;26;19;14;4;5;3;2;0;0;2
2021-03-17 09:44:59;88;26;19;14;4;5;4;2;0;0;2
2021-03-17 09:45:58;88;26;19;14;4;5;4;2;0;0;2
2021-03-17 09:46:59;88;26;19;14;4;5;4;2;0;0;2
2021-03-17 09:47:59;88;26;19;14;4;5;4;2;0;0;2
2021-03-17 09:48:58;87;26;19;14;3;5;4;2;0;0;2
2021-03-17 09:49:59;87;26;19;14;3;5;4;2;0;0;2
2021-03-17 09:50:59;87;26;19;14;3;5;4;2;0;0;2
2021-03-17 09:51:58;87;26;19;14;3;5;4;2;0;0;2
2021-03-17 09:52:59;88;26;19;15;3;5;4;2;0;0;2
2021-03-17 09:53:59;88;26;19;15;3;5;4;2;0;0;2
2021-03-17 09:54:58;89;27;19;15;3;5;4;2;0;0;2
2021-03-17 09:55:59;89;27;19;15;3;5;4;2;0;0;2
2021-03-17 09:56:58;90;27;19;15;3;5;4;2;0;1;2
2021-03-17 09:57:59;90;27;19;15;3;5;4;2;0;1;2
2021-03-17 09:58:59;90;27;19;15;3;5;4;2;0;1;2
2021-03-17 09:59:58;90;27;19;15;3;5;4;2;0;1;2
2021-03-17 10:00:59;90;27;19;15;3;5;4;2;0;1;2
2021-03-17 10:01:58;90;27;19;15;3;5;4;2;0;1;2
2021-03-17 10:02:59;91;27;19;16;3;5;4;2;0;1;2
2021-03-17 10:03:59;91;27;19;16;3;5;4;2;0;1;2
2021-03-17 10:04:58;91;27;19;16;3;5;4;2;0;1;2
2021-03-17 10:05:59;91;27;19;16;3;5;4;2;0;1;2
2021-03-17 10:06:59;91;27;19;16;3;5;4;2;0;1;2
2021-03-17 10:07:58;91;27;19;16;3;5;4;2;0;1;2
2021-03-17 10:08:59;91;27;19;16;3;5;4;2;0;1;2
2021-03-17 10:09:59;91;27;19;16;3;5;4;2;0;1;2
2021-03-17 10:10:58;92;27;19;16;3;6;4;2;0;1;2
2021-03-17 10:11:59;93;27;19;16;3;6;4;2;0;2;2
2021-03-17 10:12:58;93;27;19;16;3;6;4;2;0;2;2
2021-03-17 10:13:59;94;28;19;16;3;6;4;2;0;2;2
2021-03-17 10:14:59;94;28;19;16;3;6;4;2;0;2;2
2021-03-17 10:15:59;94;28;19;16;3;6;4;2;0;2;2
2021-03-17 10:16:58;94;28;19;16;3;6;4;2;0;2;2
2021-03-17 10:17:59;94;28;19;16;3;6;4;2;0;2;2
2021-03-17 10:18:58;94;28;19;16;3;6;4;2;0;2;2
2021-03-17 10:19:59;94;28;19;16;3;6;4;2;0;2;2
2021-03-17 10:20:59;94;28;19;16;3;6;4;2;0;2;2
2021-03-17 10:21:58;94;28;19;16;3;6;4;2;0;2;2
2021-03-17 10:22:59;94;28;19;16;3;6;4;2;0;2;2
2021-03-17 10:23:59;94;28;19;16;3;6;4;2;0;2;2
2021-03-17 10:24:58;94;28;19;16;3;6;4;2;0;2;2
2021-03-17 10:25:59;94;28;19;16;3;6;4;2;0;2;2
2021-03-17 10:26:58;94;28;19;16;3;6;4;2;0;2;2
2021-03-17 10:27:59;94;28;19;16;3;6;4;2;0;2;2
2021-03-17 10:28:59;94;28;19;16;3;6;4;2;0;2;2
2021-03-17 10:29:59;94;28;19;16;3;6;4;2;0;2;2
2021-03-17 10:30:58;94;28;19;16;3;6;4;2;0;2;2
2021-03-17 10:31:59;94;28;19;16;3;6;4;2;0;2;2
2021-03-17 10:32:59;94;28;19;16;3;6;4;2;0;2;2
2021-03-17 10:33:58;94;28;19;16;3;6;4;2;0;2;2
2021-03-17 10:34:59;94;28;19;16;3;6;4;2;0;2;2
2021-03-17 10:35:59;94;28;19;16;3;6;4;2;0;2;2
2021-03-17 10:36:58;94;28;19;16;3;6;4;2;0;2;2
2021-03-17 10:37:59;94;28;19;16;3;6;4;2;0;2;2
2021-03-17 10:38:58;94;28;19;16;3;6;4;2;0;2;2
2021-03-17 10:39:59;94;28;19;16;3;6;4;2;0;2;2
2021-03-17 10:40:58;94;28;19;16;3;6;4;2;0;2;2
2021-03-17 10:41:59;94;28;19;16;3;6;4;2;0;2;2
2021-03-17 10:42:59;94;28;19;16;3;6;4;2;0;2;2
2021-03-17 10:43:58;94;28;19;16;3;6;4;2;0;2;2
2021-03-17 10:44:59;94;28;19;16;3;6;4;2;0;2;2
2021-03-17 10:45:59;94;28;19;16;3;6;4;2;0;2;2
2021-03-17 10:46:58;94;28;19;16;3;6;4;2;0;2;2
2021-03-17 10:47:59;94;28;19;16;3;6;4;2;0;2;2
2021-03-17 10:48:58;94;28;19;16;3;6;4;2;0;2;2
2021-03-17 10:49:59;94;28;19;16;3;6;4;2;0;2;2
2021-03-17 10:50:59;95;28;19;17;3;6;4;2;0;2;2
2021-03-17 10:51:58;95;28;19;17;3;6;4;2;0;2;2
2021-03-17 10:52:59;95;28;19;17;3;6;4;2;0;2;2
2021-03-17 10:53:59;95;28;19;17;3;6;4;2;0;2;2
2021-03-17 10:54:58;95;28;19;17;3;6;4;2;0;2;2
2021-03-17 10:55:59;95;28;19;17;3;6;4;2;0;2;2
2021-03-17 10:56:58;95;28;19;17;3;6;4;2;0;2;2
2021-03-17 10:57:59;95;28;19;17;3;6;4;2;0;2;2
2021-03-17 10:58:59;95;28;19;17;3;6;4;2;0;2;2
2021-03-17 10:59:58;95;28;19;17;3;6;4;2;0;2;2
2021-03-17 11:00:59;95;28;19;17;3;6;4;2;0;2;2
2021-03-17 11:01:59;95;28;19;17;3;6;4;2;0;2;2
2021-03-17 11:02:58;95;28;19;17;3;6;4;2;0;2;2
2021-03-17 11:03:59;95;28;19;17;3;6;4;2;0;2;2
2021-03-17 11:04:59;95;28;19;17;3;6;4;2;0;2;2
2021-03-17 11:05:58;95;28;19;17;3;6;4;2;0;2;2
2021-03-17 11:06:59;95;28;19;17;3;6;4;2;0;2;2
2021-03-17 11:07:59;96;29;19;17;3;6;4;2;0;2;2
2021-03-17 11:08:58;96;29;19;17;3;6;4;2;0;2;2
2021-03-17 11:09:59;97;29;20;17;3;6;4;2;0;2;2
2021-03-17 11:11:00;98;29;20;17;3;6;4;2;0;2;2
2021-03-17 11:11:58;98;29;20;17;3;6;4;2;0;2;2
2021-03-17 11:12:59;98;29;20;17;3;6;4;2;0;2;2
2021-03-17 11:13:58;98;29;20;17;3;6;4;2;0;2;2
2021-03-17 11:14:59;99;29;21;17;3;6;4;2;0;2;2
2021-03-17 11:15:59;99;29;21;17;3;6;4;2;0;2;2
2021-03-17 11:16:58;99;29;21;17;3;6;4;2;0;2;2
2021-03-17 11:17:59;99;29;21;17;3;6;4;2;0;2;2
2021-03-17 11:18:58;99;29;21;17;3;6;4;2;0;2;2
2021-03-17 11:19:59;99;29;21;17;3;6;4;2;0;2;2
2021-03-17 11:20:59;100;30;21;17;3;6;4;2;0;2;2
2021-03-17 11:21:58;100;30;21;17;3;6;4;2;0;2;2
2021-03-17 11:22:59;101;30;21;18;3;6;4;2;0;2;2
2021-03-17 11:23:58;101;30;21;18;3;6;4;2;0;2;2
2021-03-17 11:24:59;101;30;21;18;3;6;4;2;0;2;2
2021-03-17 11:25:59;102;30;21;18;4;6;4;2;0;2;2
2021-03-17 11:26:58;102;30;21;18;4;6;4;2;0;2;2
2021-03-17 11:27:59;102;30;21;18;4;6;4;2;0;2;2
2021-03-17 11:28:59;102;30;21;18;4;6;4;2;0;2;2
2021-03-17 11:29:58;102;30;21;18;4;6;4;2;0;2;2
2021-03-17 11:30:59;102;30;21;18;4;6;4;2;0;2;2
2021-03-17 11:31:59;103;31;21;18;4;6;4;2;0;2;2
2021-03-17 11:32:58;103;31;21;18;4;6;4;2;0;2;2
2021-03-17 11:33:59;103;32;21;17;4;6;4;2;0;2;2
2021-03-17 11:34:59;103;32;21;17;4;6;4;2;0;2;2
2021-03-17 11:35:58;103;32;21;17;4;6;4;2;0;2;2
2021-03-17 11:36:59;104;32;22;17;4;6;4;2;0;2;2
2021-03-17 11:37:59;104;32;22;17;4;6;4;2;0;2;2
2021-03-17 11:38:58;104;32;22;17;4;6;4;2;0;2;2
2021-03-17 11:39:59;104;32;22;17;4;6;4;2;0;2;2
2021-03-17 11:40:59;104;32;22;17;4;6;4;2;0;2;2
2021-03-17 11:41:58;104;32;22;17;4;6;4;2;0;2;2
2021-03-17 11:42:59;104;32;22;17;4;6;4;2;0;2;2
2021-03-17 11:43:58;104;32;22;17;4;6;4;2;0;2;2
2021-03-17 11:44:59;104;32;22;17;4;6;4;2;0;2;2
2021-03-17 11:45:59;104;32;22;17;4;6;4;2;0;2;2
2021-03-17 11:46:58;104;32;22;17;4;6;4;2;0;2;2
2021-03-17 11:47:59;104;32;22;17;4;6;4;2;0;2;2
2021-03-17 11:48:59;104;32;22;17;4;6;4;2;0;2;2
2021-03-17 11:49:58;104;32;22;17;4;6;4;2;0;2;2
2021-03-17 11:50:59;104;32;22;17;4;6;4;2;0;2;2
2021-03-17 11:51:59;104;32;22;17;4;6;4;2;0;2;2
2021-03-17 11:52:58;104;32;22;17;4;6;4;2;0;2;2
2021-03-17 11:53:59;104;32;22;17;4;6;4;2;0;2;2
2021-03-17 11:54:59;104;32;22;17;4;6;4;2;0;2;2
2021-03-17 11:55:58;104;32;22;17;4;6;4;2;0;2;2
2021-03-17 11:56:59;104;32;22;17;4;6;4;2;0;2;2
2021-03-17 11:57:59;104;32;22;17;4;6;4;2;0;2;2
2021-03-17 11:58:58;104;32;22;17;4;6;4;2;0;2;2
2021-03-17 11:59:59;104;32;22;17;4;6;4;2;0;2;2
2021-03-17 12:00:59;104;32;22;17;4;6;4;2;0;2;2
2021-03-17 12:01:58;104;32;22;17;4;6;4;2;0;2;2
2021-03-17 12:02:59;104;32;22;17;4;6;4;2;0;2;2
2021-03-17 12:03:58;106;33;23;17;4;6;4;2;0;2;2
2021-03-17 12:04:59;106;33;23;17;4;6;4;2;0;2;2
2021-03-17 12:05:59;106;33;23;17;4;6;4;2;0;2;2
2021-03-17 12:06:58;106;33;23;17;4;6;4;2;0;2;2
2021-03-17 12:07:59;106;33;23;17;4;6;4;2;0;2;2
2021-03-17 12:09:00;106;33;23;17;4;6;4;2;0;2;2
2021-03-17 12:09:58;106;33;23;17;4;6;4;2;0;2;2
2021-03-17 12:10:59;106;33;23;17;4;6;4;2;0;2;2
2021-03-17 12:11:58;105;33;23;17;4;5;4;2;0;2;2
2021-03-17 12:12:59;105;33;23;17;4;5;4;2;0;2;2
2021-03-17 12:13:59;105;33;23;17;4;5;4;2;0;2;2
2021-03-17 12:14:58;105;33;23;17;4;5;4;2;0;2;2
2021-03-17 12:15:59;105;33;23;17;4;5;4;2;0;2;2
2021-03-17 12:16:59;105;33;23;17;4;5;4;2;0;2;2
2021-03-17 12:17:58;105;33;23;17;4;5;4;2;0;2;2
2021-03-17 12:18:59;105;33;23;17;4;5;4;2;0;2;2
2021-03-17 12:19:59;105;33;23;17;4;5;4;2;0;2;2
2021-03-17 12:20:58;105;33;23;17;4;5;4;2;0;2;2
2021-03-17 12:21:59;105;33;23;17;4;5;4;2;0;2;2
2021-03-17 12:22:58;105;33;23;17;4;5;4;2;0;2;2
2021-03-17 12:23:59;105;33;23;17;4;5;4;2;0;2;2
2021-03-17 12:24:59;105;33;23;17;4;5;4;2;0;2;2
2021-03-17 12:25:58;105;33;23;17;4;5;4;2;0;2;2
2021-03-17 12:26:59;105;33;23;17;4;5;4;2;0;2;2
2021-03-17 12:27:58;105;33;23;17;4;5;4;2;0;2;2
2021-03-17 12:28:59;106;33;23;17;4;5;4;2;0;2;2
2021-03-17 12:29:59;106;33;23;17;4;5;4;2;0;2;2
2021-03-17 12:30:58;106;33;23;17;4;5;4;2;0;2;2
2021-03-17 12:31:59;106;33;23;17;4;5;4;2;0;2;2
2021-03-17 12:32:58;106;33;23;17;4;5;4;2;0;2;2
2021-03-17 12:33:59;106;33;23;17;4;5;4;2;0;2;2
2021-03-17 12:34:58;106;33;23;17;4;5;4;2;0;2;2
2021-03-17 12:35:59;106;33;23;17;4;5;4;2;0;2;2
2021-03-17 12:36:59;106;34;23;17;4;5;4;2;0;2;2
2021-03-17 12:37:58;106;34;23;17;4;5;4;2;0;2;2
2021-03-17 12:38:59;108;34;24;17;4;5;4;3;0;2;2
2021-03-17 12:39:59;108;34;24;17;4;5;4;3;0;2;2
2021-03-17 12:40:58;109;35;24;17;4;5;4;3;0;2;2
2021-03-17 12:41:59;109;35;24;17;4;5;4;3;0;2;2
2021-03-17 12:42:59;109;35;24;17;4;5;4;3;0;2;2
2021-03-17 12:43:58;109;35;24;17;4;5;4;3;0;2;2
2021-03-17 12:44:59;109;34;24;17;4;5;4;3;0;2;2
2021-03-17 12:45:59;109;34;24;17;4;5;4;3;0;2;2
2021-03-17 12:46:58;110;35;24;17;4;5;4;3;0;2;2
2021-03-17 12:47:59;111;35;24;17;4;6;4;3;0;2;2
2021-03-17 12:48:59;111;35;24;17;4;6;4;3;0;2;2
2021-03-17 12:49:58;111;35;24;17;4;6;4;3;0;2;2
2021-03-17 12:50:59;111;35;24;17;4;6;4;3;0;2;2
2021-03-17 12:51:59;111;35;24;17;4;6;4;3;0;2;2
2021-03-17 12:52:58;111;35;24;17;4;6;4;3;0;2;2
2021-03-17 12:53:59;111;35;24;17;4;6;4;3;0;2;2
2021-03-17 12:54:59;111;35;24;17;4;6;4;3;0;2;2
2021-03-17 12:55:58;111;35;24;17;4;6;4;3;0;2;2
2021-03-17 12:56:59;111;35;24;17;4;6;4;3;0;2;2
2021-03-17 12:57:59;111;35;24;17;4;6;4;3;0;2;2
2021-03-17 12:58:58;111;35;24;17;4;6;4;3;0;2;2
2021-03-17 12:59:59;111;35;24;17;4;6;4;3;0;2;2
2021-03-17 13:00:58;111;35;24;17;4;6;4;3;0;2;2
2021-03-17 13:01:59;111;35;24;17;4;6;4;3;0;2;2
2021-03-17 13:02:58;113;37;24;17;4;6;4;3;0;2;2
2021-03-17 13:03:59;113;37;24;17;4;6;4;3;0;2;2
2021-03-17 13:04:59;113;37;24;17;4;6;4;3;0;2;2
2021-03-17 13:05:58;114;37;25;17;4;6;4;3;0;2;2
2021-03-17 13:06:59;114;37;25;17;4;6;4;3;0;2;2
2021-03-17 13:07:59;114;37;25;17;4;6;4;3;0;2;2
2021-03-17 13:08:59;114;37;25;17;4;6;4;3;0;2;2
2021-03-17 13:09:58;116;38;26;17;4;6;4;3;0;2;2
2021-03-17 13:10:59;116;38;26;17;4;6;4;3;0;2;2
2021-03-17 13:11:58;116;38;26;17;4;6;4;3;0;2;2
2021-03-17 13:12:59;116;38;26;17;4;6;4;3;0;2;2
2021-03-17 13:13:59;116;38;26;17;4;6;4;3;0;2;2
2021-03-17 13:14:58;116;38;26;17;4;6;4;3;0;2;2
2021-03-17 13:15:59;116;38;26;17;4;6;4;3;0;2;2
2021-03-17 13:16:59;116;38;26;17;4;6;4;3;0;2;2
2021-03-17 13:17:58;116;38;26;17;4;6;4;3;0;2;2
2021-03-17 13:18:59;116;38;26;17;4;6;4;3;0;2;2
2021-03-17 13:19:58;117;39;26;17;4;6;4;3;0;2;2
2021-03-17 13:20:59;117;39;26;17;4;6;4;3;0;2;2
2021-03-17 13:21:58;117;39;26;17;4;6;4;3;0;2;2
2021-03-17 13:22:59;118;39;26;18;4;6;4;3;0;2;2
2021-03-17 13:23:58;119;40;26;18;4;6;4;3;0;2;2
2021-03-17 13:24:59;119;40;26;18;4;6;4;3;0;2;2
2021-03-17 13:25:59;119;40;26;18;4;6;4;3;0;2;2
2021-03-17 13:26:58;119;40;26;18;4;6;4;3;0;2;2
2021-03-17 13:27:59;119;40;26;18;4;6;4;3;0;2;2
2021-03-17 13:28:59;119;40;26;18;4;6;4;3;0;2;2
2021-03-17 13:29:58;119;40;26;18;4;6;4;3;0;2;2
2021-03-17 13:30:59;119;40;26;18;4;6;4;3;0;2;2
2021-03-17 13:31:58;119;40;26;18;4;6;4;3;0;2;2
2021-03-17 13:32:59;119;40;26;18;4;5;5;3;0;2;2
2021-03-17 13:33:59;119;40;26;18;4;5;5;3;0;2;2
2021-03-17 13:34:58;119;40;26;18;4;5;5;3;0;2;2
2021-03-17 13:35:59;119;40;26;18;4;5;5;3;0;2;2
2021-03-17 13:36:58;119;40;26;18;4;5;5;3;0;2;2
2021-03-17 13:37:59;119;40;26;18;4;5;5;3;0;2;2
2021-03-17 13:38:58;119;40;26;18;4;5;5;3;0;2;2
2021-03-17 13:39:59;119;40;26;18;4;5;5;3;0;2;2
2021-03-17 13:40:59;119;40;26;18;4;5;5;3;0;2;2
2021-03-17 13:41:58;119;40;26;18;4;5;5;3;0;2;2
2021-03-17 13:42:59;119;40;26;18;4;5;5;3;0;2;2
2021-03-17 13:43:58;119;40;26;18;4;5;5;3;0;2;2
2021-03-17 13:44:59;119;40;26;18;4;5;5;3;0;2;2
2021-03-17 13:45:59;119;40;26;18;4;5;5;3;0;2;2
2021-03-17 13:46:58;119;40;26;18;4;5;5;3;0;2;2
2021-03-17 13:47:59;120;40;26;18;5;5;5;3;0;2;2
2021-03-17 13:48:58;120;40;26;18;5;5;5;3;0;2;2
2021-03-17 13:49:59;120;40;26;18;5;5;5;3;0;2;2
2021-03-17 13:50:59;121;41;26;18;5;5;5;3;0;2;2
2021-03-17 13:51:58;123;41;27;18;5;5;5;3;0;2;2
2021-03-17 13:52:59;123;41;27;18;5;5;5;3;0;2;2
2021-03-17 13:53:59;123;41;27;18;5;5;5;3;0;2;2
2021-03-17 13:54:58;123;41;27;18;5;5;5;3;0;2;2
2021-03-17 13:55:59;124;42;27;18;5;5;5;3;0;2;2
2021-03-17 13:56:58;124;42;27;18;5;5;5;3;0;2;2
2021-03-17 13:57:59;124;42;27;18;5;5;5;3;0;2;2
2021-03-17 13:58:58;124;42;27;18;5;5;5;3;0;2;2
2021-03-17 13:59:59;124;42;27;18;5;5;5;3;0;2;2
2021-03-17 14:00:59;124;42;27;18;5;5;5;3;0;2;2
2021-03-17 14:01:58;124;42;27;18;5;5;5;3;0;2;2
2021-03-17 14:02:59;124;42;27;18;5;5;5;3;0;2;2
2021-03-17 14:03:59;124;42;27;18;5;5;5;3;0;2;2
2021-03-17 14:04:58;125;42;27;19;5;5;5;3;0;2;2
2021-03-17 14:05:59;125;42;27;19;5;5;5;3;0;2;2
2021-03-17 14:06:59;126;42;27;19;5;5;6;3;0;2;2
2021-03-17 14:07:58;126;42;27;19;5;5;6;3;0;2;2
2021-03-17 14:08:59;126;42;27;19;5;5;6;3;0;2;2
2021-03-17 14:09:59;126;42;27;19;5;5;6;3;0;2;2
2021-03-17 14:10:58;126;42;27;19;5;5;6;3;0;2;2
2021-03-17 14:11:59;127;42;27;19;5;5;6;3;0;2;2
2021-03-17 14:12:58;127;42;27;19;5;5;6;3;0;2;2
2021-03-17 14:13:59;127;42;27;19;5;5;6;3;0;2;2
2021-03-17 14:14:59;127;42;27;19;5;5;6;3;0;2;2
2021-03-17 14:15:58;127;42;27;19;5;5;6;3;0;2;2
2021-03-17 14:16:59;127;42;27;19;5;5;6;3;0;2;2
2021-03-17 14:17:59;127;42;27;19;5;5;6;3;0;2;2
2021-03-17 14:18:58;127;42;27;19;5;5;6;3;0;2;2
2021-03-17 14:19:59;127;42;27;19;5;5;6;3;0;2;2
2021-03-17 14:20:59;127;42;27;19;5;5;6;3;0;2;2
2021-03-17 14:21:58;127;42;27;19;5;5;6;3;0;2;2
2021-03-17 14:22:59;128;42;27;19;5;5;6;3;2;2;2
2021-03-17 14:23:59;128;42;27;19;5;5;6;3;2;2;2
2021-03-17 14:24:58;128;42;27;19;5;5;6;3;2;2;2
2021-03-17 14:25:59;128;42;27;19;5;5;6;3;2;2;2
2021-03-17 14:26:59;128;42;27;19;5;5;6;3;2;2;2
2021-03-17 14:27:58;128;42;27;19;5;5;6;3;2;2;2
2021-03-17 14:28:59;130;42;28;19;6;5;6;3;2;2;2
2021-03-17 14:29:58;132;43;29;19;6;5;6;3;2;2;2
2021-03-17 14:30:59;132;43;29;19;6;5;6;3;2;2;2
2021-03-17 14:31:59;132;43;29;19;6;5;6;3;2;2;2
2021-03-17 14:33:00;132;43;29;19;6;5;6;3;2;2;2
2021-03-17 14:33:58;132;43;29;19;6;5;6;3;2;2;2
2021-03-17 14:34:59;132;43;29;19;6;5;6;3;2;2;2
2021-03-17 14:35:59;132;43;29;19;6;5;6;3;2;2;2
2021-03-17 14:36:58;132;43;29;19;6;5;6;3;2;2;2
2021-03-17 14:37:59;132;43;29;19;6;5;6;3;2;2;2
2021-03-17 14:38:58;132;43;29;19;6;5;6;3;2;2;2
2021-03-17 14:39:59;133;43;29;19;6;5;6;3;2;2;2
2021-03-17 14:40:58;134;44;29;19;6;5;6;3;2;2;2
2021-03-17 14:41:59;134;44;29;19;6;5;6;3;2;2;2
2021-03-17 14:42:59;134;44;29;19;6;5;6;3;2;2;2
2021-03-17 14:43:58;134;44;29;19;6;5;6;3;2;2;2
2021-03-17 14:44:59;134;44;29;19;6;5;6;3;2;2;2
2021-03-17 14:45:58;134;44;29;19;6;5;6;3;2;2;2
2021-03-17 14:46:59;134;44;29;19;6;5;6;3;2;2;2
2021-03-17 14:47:59;134;44;29;19;6;5;6;3;2;2;2
2021-03-17 14:48:58;134;44;29;19;6;5;6;3;2;2;2
2021-03-17 14:49:59;134;44;29;19;6;5;6;3;2;2;2
2021-03-17 14:50:59;134;44;29;19;6;5;6;3;2;2;2
2021-03-17 14:51:58;135;44;29;19;7;5;6;3;2;2;2
2021-03-17 14:52:59;135;44;29;19;7;5;6;3;2;2;2
2021-03-17 14:53:59;135;44;29;19;7;5;6;3;2;2;2
2021-03-17 14:54:58;135;44;29;19;7;5;6;3;2;2;2
2021-03-17 14:55:59;135;44;29;19;7;5;6;3;2;2;2
2021-03-17 14:56:59;135;44;29;19;7;5;6;3;2;2;2
2021-03-17 14:57:58;135;44;29;19;7;5;6;3;2;2;2
2021-03-17 14:58:59;135;44;29;19;7;5;6;3;2;2;2
2021-03-17 14:59:59;135;44;29;19;7;5;6;3;2;2;2
2021-03-17 15:00:58;135;44;29;19;7;5;6;3;2;2;2
2021-03-17 15:01:59;135;44;29;19;7;5;6;3;2;2;2
2021-03-17 15:02:58;135;44;29;19;7;5;6;3;2;2;2
2021-03-17 15:03:59;135;44;29;19;7;5;6;3;2;2;2
2021-03-17 15:04:58;135;44;29;19;7;5;6;3;2;2;2
2021-03-17 15:05:59;135;44;29;19;7;5;6;3;2;2;2
2021-03-17 15:06:58;135;44;29;19;7;5;6;3;2;2;2
2021-03-17 15:07:59;135;44;29;19;7;5;6;3;2;2;2
2021-03-17 15:08:59;135;44;29;19;7;5;6;3;2;2;2
2021-03-17 15:09:58;136;44;29;19;7;5;7;3;2;2;2
2021-03-17 15:10:59;136;44;29;19;7;5;7;3;2;2;2
2021-03-17 15:11:58;136;44;29;19;7;5;7;3;2;2;2
2021-03-17 15:12:59;136;44;29;19;7;5;7;3;2;2;2
2021-03-17 15:13:59;136;44;29;19;7;5;7;3;2;2;2
2021-03-17 15:14:58;136;44;29;19;7;5;7;3;2;2;2
2021-03-17 15:15:59;137;44;29;20;7;5;7;3;2;2;2
2021-03-17 15:17:00;137;44;29;20;7;5;7;3;2;2;2
2021-03-17 15:17:58;137;44;29;20;7;5;7;3;2;2;2
2021-03-17 15:18:59;137;44;29;20;7;5;7;3;2;2;2
2021-03-17 15:19:59;137;44;29;20;7;5;7;3;2;2;2
2021-03-17 15:20:59;137;44;29;20;7;5;7;3;2;2;2
2021-03-17 15:21:59;137;44;29;20;7;5;7;3;2;2;2
2021-03-17 15:22:59;137;44;29;20;7;5;7;3;2;2;2
2021-03-17 15:23:58;137;44;29;20;7;5;7;3;2;2;2
2021-03-17 15:24:59;137;44;29;20;7;5;7;3;2;2;2
2021-03-17 15:25:58;138;44;29;20;7;5;7;3;2;2;2
2021-03-17 15:26:59;139;44;30;20;7;5;7;3;2;2;2
2021-03-17 15:27:59;139;44;30;20;7;5;7;3;2;2;2
2021-03-17 15:28:58;139;44;30;20;7;5;7;3;2;2;2
2021-03-17 15:29:59;139;44;30;20;7;5;7;3;2;2;2
2021-03-17 15:30:58;139;44;30;20;7;5;7;3;2;2;2
2021-03-17 15:31:59;141;45;30;21;7;5;7;3;2;2;2
2021-03-17 15:32:58;141;45;30;21;7;5;7;3;2;2;2
2021-03-17 15:33:59;141;45;30;21;7;5;7;3;2;2;2
2021-03-17 15:34:59;141;45;30;21;7;5;7;3;2;2;2
2021-03-17 15:35:58;141;45;30;21;7;5;7;3;2;2;2
2021-03-17 15:36:59;141;45;30;21;7;5;7;3;2;2;2
2021-03-17 15:37:59;141;45;30;21;7;5;7;3;2;2;2
2021-03-17 15:38:58;141;45;30;21;7;5;7;3;2;2;2
2021-03-17 15:39:59;141;45;30;21;7;5;7;3;2;2;2
2021-03-17 15:40:58;141;45;30;21;7;5;7;3;2;2;2
2021-03-17 15:41:59;141;45;30;21;7;5;7;3;2;2;2
2021-03-17 15:42:59;141;45;30;21;7;5;7;3;2;2;2
2021-03-17 15:43:59;141;45;30;21;7;5;7;3;2;2;2
2021-03-17 15:44:59;141;45;30;21;7;5;7;3;2;2;2
2021-03-17 15:45:59;141;45;30;21;7;5;7;3;2;2;2
2021-03-17 15:46:58;141;45;30;21;7;5;7;3;2;2;2
2021-03-17 15:47:59;141;45;30;21;7;5;7;3;2;2;2
2021-03-17 15:48:59;141;45;30;21;7;5;7;3;2;2;2
2021-03-17 15:49:58;142;45;30;21;7;5;7;4;2;2;2
2021-03-17 15:50:59;143;46;30;21;7;5;7;4;2;2;2
2021-03-17 15:52:00;143;46;30;21;7;5;7;4;2;2;2
2021-03-17 15:52:58;143;46;30;21;7;5;7;4;2;2;2
2021-03-17 15:53:59;143;46;30;21;7;5;7;4;2;2;2
2021-03-17 15:54:59;143;46;30;21;7;5;7;4;2;2;2
2021-03-17 15:55:58;143;46;30;21;7;5;7;4;2;2;2
2021-03-17 15:56:59;143;46;30;21;7;5;7;4;2;2;2
2021-03-17 15:57:59;143;46;30;21;7;5;7;4;2;2;2
2021-03-17 15:58:58;143;46;30;21;7;5;7;4;2;2;2
2021-03-17 15:59:59;144;47;30;21;7;5;7;4;2;2;2
2021-03-17 16:00:58;144;47;30;21;7;5;7;4;2;2;2
2021-03-17 16:01:59;144;47;30;21;7;5;7;4;2;2;2
2021-03-17 16:02:59;144;47;30;21;7;5;7;4;2;2;2
2021-03-17 16:03:58;144;47;30;21;7;5;7;4;2;2;2
2021-03-17 16:04:59;144;47;30;21;7;5;7;4;2;2;2
2021-03-17 16:05:58;144;47;30;21;7;5;7;4;2;2;2
2021-03-17 16:06:59;145;48;30;21;7;5;7;4;2;2;2
2021-03-17 16:07:59;145;48;30;21;7;5;7;4;2;2;2
2021-03-17 16:08:58;145;48;30;21;7;5;7;4;2;2;2
2021-03-17 16:09:59;144;48;30;21;7;5;7;4;2;2;2
2021-03-17 16:10:58;146;48;30;21;8;5;7;4;2;2;2
2021-03-17 16:11:59;146;48;30;21;8;5;7;4;2;2;2
2021-03-17 16:12:59;146;48;30;21;8;5;7;4;2;2;2
2021-03-17 16:13:58;146;48;30;21;8;5;7;4;2;2;2
2021-03-17 16:14:59;146;48;30;21;8;5;7;4;2;2;2
2021-03-17 16:15:58;146;48;30;21;8;5;7;4;2;2;2
2021-03-17 16:16:59;146;48;30;21;8;5;7;4;2;2;2
2021-03-17 16:17:59;146;48;30;21;8;5;7;4;2;2;2
2021-03-17 16:18:58;146;48;30;21;8;5;7;4;2;2;2
2021-03-17 16:19:59;146;48;30;21;8;5;7;4;2;2;2
2021-03-17 16:20:58;146;48;30;21;8;5;7;4;2;2;2
2021-03-17 16:21:59;146;48;30;21;8;5;7;4;2;2;2
2021-03-17 16:22:58;146;48;30;21;8;5;7;4;2;2;2
2021-03-17 16:23:59;147;48;30;21;8;5;7;4;2;3;2
2021-03-17 16:24:59;147;48;30;21;8;5;7;4;2;3;2
2021-03-17 16:25:58;147;48;30;21;8;5;7;4;2;3;2
2021-03-17 16:26:59;147;48;30;21;8;5;7;4;2;3;2
2021-03-17 16:27:59;147;48;30;21;8;5;7;4;2;3;2
2021-03-17 16:28:58;147;48;30;21;8;5;7;4;2;3;2
2021-03-17 16:29:59;147;48;30;21;8;5;7;4;2;3;2
2021-03-17 16:30:59;148;48;30;22;8;5;7;4;2;3;2
2021-03-17 16:31:58;148;48;30;22;8;5;7;4;2;3;2
2021-03-17 16:32:59;148;48;30;22;8;5;7;4;2;3;2
2021-03-17 16:33:59;148;48;30;22;8;5;7;4;2;3;2
2021-03-17 16:34:58;148;48;30;22;8;5;7;4;2;3;2
2021-03-17 16:35:59;148;48;30;22;8;5;7;4;2;3;2
2021-03-17 16:36:59;148;48;30;22;8;5;7;4;2;3;2
2021-03-17 16:37:58;148;48;30;22;8;5;7;4;2;3;2
2021-03-17 16:39:00;148;48;30;22;8;5;7;4;2;3;2
2021-03-17 16:39:58;148;48;30;22;8;5;7;4;2;3;2
2021-03-17 16:40:59;148;48;30;22;8;5;7;4;2;3;2
2021-03-17 16:41:58;148;48;30;22;8;5;7;4;2;3;2
2021-03-17 16:42:59;148;48;30;22;8;5;7;4;2;3;2
2021-03-17 16:43:59;148;48;30;22;8;5;7;4;2;3;2
2021-03-17 16:44:58;148;48;30;22;8;5;7;4;2;3;2
2021-03-17 16:45:59;148;48;30;22;8;5;7;4;2;3;2
2021-03-17 16:46:59;148;48;30;22;8;5;7;4;2;3;2
2021-03-17 16:47:58;148;48;30;22;8;5;7;4;2;3;2
2021-03-17 16:48:59;148;48;30;22;8;5;7;4;2;3;2
2021-03-17 16:50:00;148;48;30;22;8;5;7;4;2;3;2
2021-03-17 16:50:58;148;48;30;22;8;5;7;4;2;3;2
2021-03-17 16:51:59;148;48;30;22;8;5;7;4;2;3;2
2021-03-17 16:52:59;148;48;30;22;8;5;7;4;2;3;2
2021-03-17 16:53:58;148;48;30;22;8;5;7;4;2;3;2
2021-03-17 16:54:59;148;48;30;22;8;5;7;4;2;3;2
2021-03-17 16:55:58;148;48;30;22;8;5;7;4;2;3;2
2021-03-17 16:56:59;148;48;30;22;8;5;7;4;2;3;2
2021-03-17 16:57:58;148;48;30;22;8;5;7;4;2;3;2
2021-03-17 16:58:59;148;48;30;22;8;5;7;4;2;3;2
2021-03-17 16:59:59;148;48;30;22;8;5;7;4;2;3;2
2021-03-17 17:00:58;148;48;30;22;8;5;7;4;2;3;2
2021-03-17 17:01:59;148;48;30;22;8;5;7;4;2;3;2
2021-03-17 17:02:59;148;48;30;22;8;5;7;4;2;3;2
2021-03-17 17:03:58;148;49;29;22;8;5;7;4;2;3;2
2021-03-17 17:04:59;148;49;29;22;8;5;7;4;2;3;2
2021-03-17 17:05:59;148;49;29;22;8;5;7;4;2;3;2
2021-03-17 17:06:58;148;49;29;22;8;5;7;4;2;3;2
2021-03-17 17:07:59;148;49;29;22;8;5;7;4;2;3;2
2021-03-17 17:08:59;148;49;29;22;8;5;7;4;2;3;2
2021-03-17 17:09:58;148;49;29;22;8;5;7;4;2;3;2
2021-03-17 17:10:59;149;50;29;22;8;5;7;4;2;3;2
2021-03-17 17:11:59;149;50;29;22;8;5;7;4;2;3;2
2021-03-17 17:12:58;149;50;29;22;8;5;7;4;2;3;2
2021-03-17 17:13:59;149;50;29;22;8;5;7;4;2;3;2
2021-03-17 17:15:00;149;50;29;22;8;5;7;4;2;3;2
2021-03-17 17:15:58;149;50;29;22;8;5;7;4;2;3;2
2021-03-17 17:16:59;149;50;29;22;8;5;7;4;2;3;2
2021-03-17 17:17:58;149;50;29;22;8;5;7;4;2;3;2
2021-03-17 17:18:59;150;50;29;23;8;5;7;4;2;3;2
2021-03-17 17:19:59;150;50;29;23;8;5;7;4;2;3;2
2021-03-17 17:20:58;150;50;29;23;8;5;7;4;2;3;2
2021-03-17 17:21:59;150;50;29;23;8;5;7;4;2;3;2
2021-03-17 17:22:59;150;50;29;23;8;5;7;4;2;3;2
2021-03-17 17:23:58;150;50;29;23;8;5;7;4;2;3;2
2021-03-17 17:24:59;150;50;29;23;8;5;7;4;2;3;2
2021-03-17 17:25:59;150;50;29;23;8;5;7;4;2;3;2
2021-03-17 17:26:58;150;50;29;23;8;5;7;4;2;3;2
2021-03-17 17:27:59;151;50;29;23;9;5;7;4;2;3;2
2021-03-17 17:28:59;151;50;29;23;9;5;7;4;2;3;2
2021-03-17 17:29:58;151;50;29;23;9;5;7;4;2;3;2
2021-03-17 17:30:59;151;50;29;23;9;5;7;4;2;3;2
2021-03-17 17:31:59;151;50;29;23;9;5;7;4;2;3;2
2021-03-17 17:32:58;151;50;29;23;9;5;7;4;2;3;2
2021-03-17 17:33:59;151;50;29;23;9;5;7;4;2;3;2
2021-03-17 17:34:58;151;50;29;23;9;5;7;4;2;3;2
2021-03-17 17:35:59;151;50;29;23;9;5;7;4;2;3;2
2021-03-17 17:36:58;151;50;29;23;9;5;7;4;2;3;2
2021-03-17 17:37:59;151;50;29;23;9;5;7;4;2;3;2
2021-03-17 17:38:59;150;50;29;23;9;5;6;4;2;3;2
2021-03-17 17:39:58;150;50;29;23;9;5;6;4;2;3;2
2021-03-17 17:40:59;150;50;29;23;9;5;6;4;2;3;2
2021-03-17 17:41:58;152;52;29;23;9;5;6;4;2;3;2
2021-03-17 17:42:59;152;52;29;23;9;5;6;4;2;3;2
2021-03-17 17:43:59;152;52;29;23;9;5;6;4;2;3;2
2021-03-17 17:44:58;152;52;29;23;9;5;6;4;2;3;2
2021-03-17 17:45:59;153;52;29;23;9;5;6;4;2;3;2
2021-03-17 17:46:59;153;52;29;23;9;5;6;4;2;3;2
2021-03-17 17:47:58;154;52;29;23;9;6;6;4;2;3;2
2021-03-17 17:48:59;154;52;29;23;9;6;6;4;2;3;2
2021-03-17 17:49:59;154;52;29;23;9;6;6;4;2;3;2
2021-03-17 17:50:58;154;52;29;23;9;6;6;4;2;3;2
2021-03-17 17:51:59;154;52;29;23;9;6;6;4;2;3;2
2021-03-17 17:52:59;154;52;29;23;9;6;6;4;2;3;2
2021-03-17 17:53:58;154;52;29;23;9;6;6;4;2;3;2
2021-03-17 17:54:59;154;52;29;23;9;6;6;4;2;3;2
2021-03-17 17:55:59;154;52;29;23;9;6;6;4;2;3;2
2021-03-17 17:56:58;154;52;29;23;9;6;6;4;2;3;2
2021-03-17 17:57:59;154;52;29;23;9;6;6;4;2;3;2
2021-03-17 17:58:58;154;52;29;23;9;6;6;4;2;3;2
2021-03-17 17:59:59;154;52;29;23;9;6;6;4;2;3;2
2021-03-17 18:00:59;154;52;29;23;9;6;6;4;2;3;2
2021-03-17 18:01:58;154;52;29;23;9;6;6;4;2;3;2
2021-03-17 18:02:59;154;52;29;23;9;6;6;4;2;3;2
2021-03-17 18:03:59;154;52;29;23;9;6;6;4;2;3;2
2021-03-17 18:04:58;155;53;29;23;9;6;6;4;2;3;2
2021-03-17 18:05:59;155;53;29;23;9;6;6;4;2;3;2
2021-03-17 18:06:59;155;53;29;23;9;6;6;4;2;3;2
2021-03-17 18:07:58;155;53;29;23;9;6;6;4;2;3;2
2021-03-17 18:08:59;155;53;29;23;9;6;6;4;2;3;2
2021-03-17 18:09:58;155;53;29;23;9;6;6;4;2;3;2
2021-03-17 18:10:59;155;53;29;23;9;6;6;4;2;3;2
2021-03-17 18:11:58;155;53;29;23;9;6;6;4;2;3;2
2021-03-17 18:12:59;155;53;29;23;9;6;6;4;2;3;2
2021-03-17 18:13:59;155;53;29;23;9;6;6;4;2;3;2
2021-03-17 18:14:58;155;53;29;23;9;6;6;4;2;3;2
2021-03-17 18:15:59;155;53;29;23;9;6;6;4;2;3;2
2021-03-17 18:16:59;156;54;29;23;9;6;6;4;2;3;2
2021-03-17 18:17:58;156;54;29;23;9;6;6;4;2;3;2
2021-03-17 18:18:59;156;54;29;23;9;6;6;4;2;3;2
2021-03-17 18:19:59;156;54;29;23;9;6;6;4;2;3;2
2021-03-17 18:20:58;156;54;29;23;9;6;6;4;2;3;2
2021-03-17 18:21:59;156;54;29;23;9;6;6;4;2;3;2
2021-03-17 18:22:59;156;54;29;23;9;6;6;4;2;3;2
2021-03-17 18:23:58;157;55;29;23;9;6;6;4;2;3;2
2021-03-17 18:24:59;157;55;29;23;9;6;6;4;2;3;2
2021-03-17 18:25:59;157;55;29;23;9;6;6;4;2;3;2
2021-03-17 18:26:58;157;55;29;23;9;6;6;4;2;3;2
2021-03-17 18:27:59;157;55;29;23;9;6;6;4;2;3;2
2021-03-17 18:28:59;157;55;29;23;9;6;6;4;2;3;2
2021-03-17 18:29:58;157;55;29;23;9;6;6;4;2;3;2
2021-03-17 18:30:59;157;55;29;23;9;6;6;4;2;3;2
2021-03-17 18:31:58;157;55;29;23;9;6;6;4;2;3;2
2021-03-17 18:32:59;157;55;29;23;9;6;6;4;2;3;2
2021-03-17 18:33:59;157;55;29;23;9;6;6;4;2;3;2
2021-03-17 18:34:58;157;55;29;23;9;6;6;4;2;3;2
2021-03-17 18:35:59;157;55;29;23;9;6;6;4;2;3;2
2021-03-17 18:36:59;157;55;29;23;9;6;6;4;2;3;2
2021-03-17 18:37:58;157;55;29;23;9;6;6;4;2;3;2
2021-03-17 18:38:59;157;55;29;23;9;6;6;4;2;3;2
2021-03-17 18:39:58;157;55;29;23;9;6;6;4;2;3;2
2021-03-17 18:40:59;157;55;29;23;9;6;6;4;2;3;2
2021-03-17 18:41:58;157;55;29;23;9;6;6;4;2;3;2
2021-03-17 18:42:59;158;55;29;23;9;6;6;4;3;3;2
2021-03-17 18:43:59;158;55;29;23;9;6;6;4;3;3;2
2021-03-17 18:44:58;158;55;29;23;9;6;6;4;3;3;2
2021-03-17 18:45:59;158;55;29;23;9;6;6;4;3;3;2
2021-03-17 18:46:59;158;55;29;23;9;6;6;4;3;3;2
2021-03-17 18:47:58;158;55;29;23;9;6;6;4;3;3;2
2021-03-17 18:48:59;158;55;29;23;9;6;6;4;3;3;2
2021-03-17 18:49:59;158;55;29;23;9;6;6;4;3;3;2
2021-03-17 18:50:59;158;55;29;23;9;6;6;4;3;3;2
2021-03-17 18:51:59;159;56;29;23;9;6;6;4;3;3;2
2021-03-17 18:52:58;159;56;29;23;9;6;6;4;3;3;2
2021-03-17 18:53:59;159;56;29;23;9;6;6;4;3;3;2
2021-03-17 18:54:58;160;57;29;23;9;6;6;4;3;3;2
2021-03-17 18:55:59;160;57;29;23;9;6;6;4;3;3;2
2021-03-17 18:56:59;161;57;30;23;9;6;6;4;3;3;2
2021-03-17 18:57:58;161;57;30;23;9;6;6;4;3;3;2
2021-03-17 18:58:59;161;57;30;23;9;6;6;4;3;3;2
2021-03-17 18:59:59;162;57;31;23;9;6;6;4;3;3;2
2021-03-17 19:00:58;162;57;31;23;9;6;6;4;3;3;2
2021-03-17 19:01:59;162;57;31;23;9;6;6;4;3;3;2
2021-03-17 19:02:59;162;57;31;23;9;6;6;4;3;3;2
2021-03-17 19:03:58;162;57;31;23;9;6;6;4;3;3;2
2021-03-17 19:04:59;163;57;31;23;9;6;7;4;3;3;2
2021-03-17 19:05:59;163;57;31;23;9;6;7;4;3;3;2
2021-03-17 19:06:58;163;57;31;23;9;6;7;4;3;3;2
2021-03-17 19:07:59;163;57;31;23;9;6;7;4;3;3;2
2021-03-17 19:08:59;164;57;31;23;9;7;7;4;3;3;2
2021-03-17 19:09:58;164;57;31;23;9;7;7;4;3;3;2
2021-03-17 19:10:59;164;57;31;23;9;7;7;4;3;3;2
2021-03-17 19:11:59;164;57;31;23;9;7;7;4;3;3;2
2021-03-17 19:12:58;165;57;32;23;9;7;7;4;3;3;2
2021-03-17 19:13:59;166;58;32;23;9;7;7;4;3;3;2
2021-03-17 19:14:59;166;58;32;23;9;7;7;4;3;3;2
2021-03-17 19:15:58;167;58;33;23;9;7;7;4;3;3;2
2021-03-17 19:16:59;167;58;33;23;9;7;7;4;3;3;2
2021-03-17 19:17:59;167;58;33;23;9;7;7;4;3;3;2
2021-03-17 19:18:58;168;58;34;23;9;7;7;4;3;3;2
2021-03-17 19:19:59;168;58;34;23;9;7;7;4;3;3;2
2021-03-17 19:20:58;168;58;34;23;9;7;7;4;3;3;2
2021-03-17 19:21:59;168;58;34;23;9;7;7;4;3;3;2
2021-03-17 19:22:59;168;58;34;23;9;7;7;4;3;3;2
2021-03-17 19:23:59;168;58;34;23;9;7;7;4;3;3;2
2021-03-17 19:24:58;168;58;34;23;9;7;7;4;3;3;2
2021-03-17 19:25:59;168;58;34;23;9;7;7;4;3;3;2
2021-03-17 19:26:58;169;59;34;23;9;7;7;4;3;3;2
2021-03-17 19:27:59;169;59;34;23;9;7;7;4;3;3;2
2021-03-17 19:28:58;169;59;34;23;9;7;7;4;3;3;2
2021-03-17 19:29:59;169;59;34;23;9;7;7;4;3;3;2
2021-03-17 19:30:59;168;59;34;23;9;6;7;4;3;3;2
2021-03-17 19:31:58;168;59;34;23;9;6;7;4;3;3;2
2021-03-17 19:32:59;168;59;34;23;9;6;7;4;3;3;2
2021-03-17 19:33:59;168;59;34;23;9;6;7;4;3;3;2
2021-03-17 19:34:58;168;59;34;23;9;6;7;4;3;3;2
2021-03-17 19:35:59;168;60;34;22;9;6;7;4;3;3;2
2021-03-17 19:36:58;168;60;34;22;9;6;7;4;3;3;2
2021-03-17 19:37:59;168;60;34;22;9;6;7;4;3;3;2
2021-03-17 19:38:59;168;60;34;22;9;6;7;4;3;3;2
2021-03-17 19:39:58;168;60;34;22;9;6;7;4;3;3;2
2021-03-17 19:40:59;168;60;34;22;9;6;7;4;3;3;2
2021-03-17 19:41:58;168;60;34;22;9;6;7;4;3;3;2
2021-03-17 19:42:59;168;60;34;22;9;6;7;4;3;3;2
2021-03-17 19:43:59;168;60;34;22;9;6;7;4;3;3;2
2021-03-17 19:44:58;168;60;34;22;9;6;7;4;3;3;2
2021-03-17 19:45:59;169;61;34;22;9;6;7;4;3;3;2
2021-03-17 19:46:58;169;61;34;22;9;6;7;4;3;3;2
2021-03-17 19:47:59;170;61;34;23;9;6;7;4;3;3;2
2021-03-17 19:48:59;170;61;34;23;9;6;7;4;3;3;2
2021-03-17 19:49:58;171;61;35;23;9;6;7;4;3;3;2
2021-03-17 19:50:59;171;61;35;23;9;6;7;4;3;3;2
2021-03-17 19:51:59;171;61;35;23;9;6;7;4;3;3;2
2021-03-17 19:52:59;172;62;35;23;9;6;7;4;3;3;2
2021-03-17 19:53:58;172;62;35;23;9;6;7;4;3;3;2
2021-03-17 19:54:59;172;62;35;23;9;6;7;4;3;3;2
2021-03-17 19:55:59;172;62;35;23;9;6;7;4;3;3;2
2021-03-17 19:56:58;174;62;37;23;9;6;7;4;3;3;2
2021-03-17 19:57:59;174;62;37;23;9;6;7;4;3;3;2
2021-03-17 19:58:59;174;62;37;23;9;6;7;4;3;3;2
2021-03-17 19:59:58;174;62;37;23;9;6;7;4;3;3;2
2021-03-17 20:00:59;174;62;37;23;9;6;7;4;3;3;2
2021-03-17 20:01:59;174;62;37;23;9;6;7;4;3;3;2
2021-03-17 20:02:58;174;62;37;23;9;6;7;4;3;3;2
2021-03-17 20:03:59;174;62;37;23;9;6;7;4;3;3;2
2021-03-17 20:04:58;175;62;38;23;9;6;7;4;3;3;2
2021-03-17 20:05:59;175;62;38;23;9;6;7;4;3;3;2
2021-03-17 20:06:58;175;62;38;23;9;6;7;4;3;3;2
2021-03-17 20:07:59;175;62;38;23;9;6;7;4;3;3;2
2021-03-17 20:08:59;176;63;38;23;9;6;7;4;3;3;2
2021-03-17 20:10:00;176;63;38;23;9;6;7;4;3;3;2
2021-03-17 20:10:58;176;63;38;23;9;6;7;4;3;3;2
2021-03-17 20:11:59;176;63;38;23;9;6;7;4;3;3;2
2021-03-17 20:12:59;176;63;38;23;9;6;7;4;3;3;2
2021-03-17 20:13:59;176;63;38;23;9;6;7;4;3;3;2
2021-03-17 20:14:58;176;63;38;23;9;6;7;4;3;3;2
2021-03-17 20:15:59;176;63;38;23;9;6;7;4;3;3;2
2021-03-17 20:16:59;176;63;38;23;9;6;7;4;3;3;2
2021-03-17 20:17:58;177;64;38;23;9;6;7;4;3;3;2
2021-03-17 20:18:59;177;64;38;23;9;6;7;4;3;3;2
2021-03-17 20:19:58;177;64;38;23;9;6;7;4;3;3;2
2021-03-17 20:20:59;177;64;38;23;9;6;7;4;3;3;2
2021-03-17 20:21:59;177;64;38;23;9;6;7;4;3;3;2
2021-03-17 20:22:58;177;64;38;23;9;6;7;4;3;3;2
2021-03-17 20:23:59;177;64;38;23;9;6;7;4;3;3;2
2021-03-17 20:24:58;177;64;38;23;9;6;7;4;3;3;2
2021-03-17 20:25:59;177;64;38;23;9;6;7;4;3;3;2
2021-03-17 20:26:59;177;64;37;24;9;6;7;4;3;3;2
2021-03-17 20:27:58;177;64;37;24;9;6;7;4;3;3;2
2021-03-17 20:28:59;177;64;37;24;9;6;7;4;3;3;2
2021-03-17 20:29:58;177;64;37;24;9;6;7;4;3;3;2
2021-03-17 20:30:59;177;64;37;24;9;6;7;4;3;3;2
2021-03-17 20:31:58;177;64;37;24;9;6;7;4;3;3;2
2021-03-17 20:32:59;177;64;37;24;9;6;7;4;3;3;2
2021-03-17 20:33:59;177;64;37;24;9;6;7;4;3;3;2
2021-03-17 20:35:00;177;64;37;24;9;6;7;4;3;3;2
2021-03-17 20:35:58;179;66;37;24;9;6;7;4;3;3;2
2021-03-17 20:36:59;179;66;37;24;9;6;7;4;3;3;2
2021-03-17 20:37:58;179;66;37;24;9;6;7;4;3;3;2
2021-03-17 20:38:59;179;66;37;24;9;6;7;4;3;3;2
2021-03-17 20:39:58;179;66;37;24;9;6;7;4;3;3;2
2021-03-17 20:40:59;179;66;37;24;9;6;7;4;3;3;2
2021-03-17 20:41:58;179;66;37;24;9;6;7;4;3;3;2
2021-03-17 20:42:59;180;66;37;25;9;6;7;4;3;3;2
2021-03-17 20:43:59;180;66;37;25;9;6;7;4;3;3;2
2021-03-17 20:44:58;180;66;37;25;9;6;7;4;3;3;2
2021-03-17 20:45:59;181;66;37;26;9;6;7;4;3;3;2
2021-03-17 20:46:58;181;66;37;26;9;6;7;4;3;3;2
2021-03-17 20:47:59;182;66;37;26;9;7;7;4;3;3;2
2021-03-17 20:48:58;182;66;37;26;9;7;7;4;3;3;2
2021-03-17 20:49:59;182;66;38;26;9;7;6;4;3;3;2
2021-03-17 20:50:59;182;66;38;26;9;7;6;4;3;3;2
2021-03-17 20:51:58;182;66;38;26;9;7;6;4;3;3;2
2021-03-17 20:52:59;182;66;38;26;9;7;6;4;3;3;2
2021-03-17 20:53:59;182;66;38;26;9;7;6;4;3;3;2
2021-03-17 20:54:58;182;66;38;26;9;7;6;4;3;3;2
2021-03-17 20:56:00;182;66;38;26;9;7;6;4;3;3;2
2021-03-17 20:56:58;182;66;38;26;9;7;6;4;3;3;2
2021-03-17 20:57:59;182;66;38;26;9;7;6;4;3;3;2
2021-03-17 20:58:58;182;66;38;26;9;7;6;4;3;3;2
2021-03-17 20:59:59;182;66;38;26;9;7;6;4;3;3;2
2021-03-17 21:00:59;182;66;38;26;9;7;6;4;3;3;2
2021-03-17 21:01:58;182;66;38;26;9;7;6;4;3;3;2
2021-03-17 21:02:59;182;66;38;26;9;7;6;4;3;3;2
2021-03-17 21:03:59;182;66;38;26;9;7;6;4;3;3;2
2021-03-17 21:04:58;182;66;38;26;9;7;6;4;3;3;2
2021-03-17 21:05:59;182;66;38;26;9;7;6;4;3;3;2
2021-03-17 21:06:59;183;66;39;26;9;7;6;4;3;3;2
2021-03-17 21:07:58;183;66;39;26;9;7;6;4;3;3;2
2021-03-17 21:08:59;184;66;40;26;9;7;6;4;3;3;2
2021-03-17 21:09:58;184;66;40;26;9;7;6;4;3;3;2
2021-03-17 21:10:59;184;66;40;26;9;7;6;4;3;3;2
2021-03-17 21:11:59;184;66;40;26;9;7;6;4;3;3;2
2021-03-17 21:12:58;184;66;40;26;9;7;6;4;3;3;2
2021-03-17 21:13:59;185;66;41;26;9;7;6;4;3;3;2
2021-03-17 21:14:59;185;66;41;26;9;7;6;4;3;3;2
2021-03-17 21:15:58;185;66;41;26;9;7;6;4;3;3;2
2021-03-17 21:16:59;185;66;41;26;9;7;6;4;3;3;2
2021-03-17 21:17:59;185;66;41;26;9;7;6;4;3;3;2
2021-03-17 21:18:58;185;66;41;26;9;7;6;4;3;3;2
2021-03-17 21:19:59;185;66;41;26;9;7;6;4;3;3;2
2021-03-17 21:20:58;186;66;41;26;9;7;6;4;3;3;2
2021-03-17 21:21:59;187;66;42;26;9;7;6;4;3;3;2
2021-03-17 21:22:59;187;66;42;26;9;7;6;4;3;3;2
2021-03-17 21:23:58;187;66;42;26;9;7;6;4;3;3;2
2021-03-17 21:24:59;187;66;42;26;9;7;6;4;3;3;2
2021-03-17 21:25:59;187;66;42;26;9;7;6;4;3;3;2
2021-03-17 21:26:58;187;66;42;26;9;7;6;4;3;3;2
2021-03-17 21:27:59;188;67;42;26;9;7;6;4;3;3;2
2021-03-17 21:28:59;190;69;42;26;9;7;6;4;3;3;2
2021-03-17 21:29:59;190;69;42;26;9;7;6;4;3;3;2
2021-03-17 21:30:58;190;69;42;26;9;7;6;4;3;3;2
2021-03-17 21:31:59;190;69;42;26;9;7;6;4;3;3;2
2021-03-17 21:32:59;190;69;42;26;9;7;6;4;3;3;2
2021-03-17 21:33:59;191;70;42;26;9;7;6;4;3;3;2
2021-03-17 21:34:59;191;70;42;26;9;7;6;4;3;3;2
2021-03-17 21:35:59;191;70;42;26;9;7;6;4;3;3;2
2021-03-17 21:36:58;191;70;42;26;9;7;6;4;3;3;2
2021-03-17 21:37:59;191;70;42;26;9;7;6;4;3;3;2
2021-03-17 21:38:59;191;70;42;26;9;7;6;4;3;3;2
2021-03-17 21:39:58;191;70;42;26;9;7;6;4;3;3;2
2021-03-17 21:40:59;192;71;42;26;9;7;6;4;3;3;2
2021-03-17 21:41:59;193;72;42;26;9;7;6;4;3;3;2
2021-03-17 21:42:58;193;72;42;26;9;7;6;4;3;3;2
2021-03-17 21:43:59;193;72;42;26;9;7;6;4;3;3;2
2021-03-17 21:44:58;192;72;42;25;9;7;6;4;3;3;2
2021-03-17 21:45:59;192;72;42;25;9;7;6;4;3;3;2
2021-03-17 21:46:59;193;72;42;25;10;7;6;4;3;3;2
2021-03-17 21:47:58;194;72;43;25;10;7;6;4;3;3;2
2021-03-17 21:48:59;194;72;43;25;10;7;6;4;3;3;2
2021-03-17 21:49:59;195;72;43;25;11;7;6;4;3;3;2
2021-03-17 21:50:58;195;72;43;25;11;7;6;4;3;3;2
2021-03-17 21:51:59;195;72;43;25;11;7;6;4;3;3;2
2021-03-17 21:52:58;195;72;43;25;11;7;6;4;3;3;2
2021-03-17 21:53:59;197;73;43;25;11;8;6;4;3;3;2
2021-03-17 21:54:59;197;73;43;25;11;8;6;4;3;3;2
2021-03-17 21:55:58;197;73;43;25;11;8;6;4;3;3;2
2021-03-17 21:56:59;197;73;43;25;11;8;6;4;3;3;2
2021-03-17 21:57:59;197;73;43;25;11;8;6;4;3;3;2
2021-03-17 21:58:58;197;73;43;25;11;8;6;4;3;3;2
2021-03-17 21:59:59;197;73;43;25;11;8;6;4;3;3;2
2021-03-17 22:00:58;197;73;43;25;11;8;6;4;3;3;2
2021-03-17 22:01:59;197;73;43;25;11;8;6;4;3;3;2
2021-03-17 22:02:59;197;73;43;25;11;8;6;4;3;3;2
2021-03-17 22:04:00;197;73;43;25;11;8;6;4;3;3;2
2021-03-17 22:04:58;197;73;43;25;11;8;6;4;3;3;2
2021-03-17 22:05:59;197;73;43;25;11;8;6;4;3;3;2
2021-03-17 22:06:58;197;73;43;25;11;8;6;4;3;3;2
2021-03-17 22:07:59;197;73;43;25;11;8;6;4;3;3;2
2021-03-17 22:08:58;197;73;43;25;11;8;6;4;3;3;2
2021-03-17 22:09:59;197;73;43;25;11;8;6;4;3;3;2
2021-03-17 22:10:59;198;73;44;25;11;8;6;4;3;3;2
2021-03-17 22:11:59;198;73;44;25;11;8;6;4;3;3;2
2021-03-17 22:12:58;198;73;44;25;11;8;6;4;3;3;2
2021-03-17 22:13:59;198;73;44;25;11;8;6;4;3;3;2
2021-03-17 22:14:58;198;73;44;25;11;8;6;4;3;3;2
2021-03-17 22:15:59;198;73;44;25;11;8;6;4;3;3;2
2021-03-17 22:16:58;198;73;44;25;11;8;6;4;3;3;2
2021-03-17 22:17:59;198;73;44;25;11;8;6;4;3;3;2
2021-03-17 22:18:59;198;73;44;25;11;8;6;4;3;3;2
2021-03-17 22:19:58;198;73;44;25;11;8;6;4;3;3;2
2021-03-17 22:20:59;199;73;45;25;11;8;6;4;3;3;2
2021-03-17 22:21:58;199;73;45;25;11;8;6;4;3;3;2
2021-03-17 22:22:59;199;73;45;25;11;8;6;4;3;3;2
2021-03-17 22:23:59;199;73;45;25;11;8;6;4;3;3;2
2021-03-17 22:24:58;200;73;45;26;11;8;6;4;3;3;2
2021-03-17 22:25:59;200;73;45;26;11;8;6;4;3;3;2
2021-03-17 22:26:58;200;73;45;26;11;8;6;4;3;3;2
2021-03-17 22:27:59;200;73;45;26;11;8;6;4;3;3;2
2021-03-17 22:28:58;201;74;45;26;11;8;6;4;3;3;2
2021-03-17 22:29:59;203;76;45;26;11;8;6;4;3;3;2
2021-03-17 22:30:59;203;76;45;26;11;8;6;4;3;3;2
2021-03-17 22:31:58;203;76;45;26;11;8;6;4;3;3;2
2021-03-17 22:32:59;203;76;45;26;11;8;6;4;3;3;2
2021-03-17 22:33:59;204;76;45;27;11;8;6;4;3;3;2
2021-03-17 22:34:58;204;76;45;27;11;8;6;4;3;3;2
2021-03-17 22:35:59;204;76;45;27;11;8;6;4;3;3;2
2021-03-17 22:36:58;204;76;45;27;11;8;6;4;3;3;2
2021-03-17 22:37:59;204;76;45;27;11;8;6;4;3;3;2
2021-03-17 22:39:00;204;76;45;27;11;8;6;4;3;3;2
2021-03-17 22:39:58;204;76;45;27;11;8;6;4;3;3;2
2021-03-17 22:40:59;204;76;45;27;11;8;6;4;3;3;2
2021-03-17 22:41:58;204;76;45;27;11;8;6;4;3;3;2
2021-03-17 22:42:59;204;76;45;27;11;8;6;4;3;3;2
2021-03-17 22:43:59;204;76;45;27;11;8;6;4;3;3;2
2021-03-17 22:44:58;205;76;45;27;12;8;6;4;3;3;2
2021-03-17 22:45:59;205;76;45;27;12;8;6;4;3;3;2
2021-03-17 22:46:59;206;76;45;27;12;9;6;4;3;3;2
2021-03-17 22:47:58;206;76;45;27;12;9;6;4;3;3;2
2021-03-17 22:48:59;206;76;45;27;12;9;6;4;3;3;2
2021-03-17 22:49:59;206;76;45;27;12;9;6;4;3;3;2
2021-03-17 22:50:58;206;76;45;27;12;9;6;4;3;3;2
2021-03-17 22:51:59;206;76;45;27;12;9;6;4;3;3;2
2021-03-17 22:52:58;207;76;45;28;12;9;6;4;3;3;2
2021-03-17 22:53:59;208;76;45;29;12;9;6;4;3;3;2
2021-03-17 22:54:58;208;76;45;29;12;9;6;4;3;3;2
2021-03-17 22:55:59;208;76;45;29;12;9;6;4;3;3;2
2021-03-17 22:56:59;209;77;45;29;12;9;6;4;3;3;2
2021-03-17 22:57:58;209;77;45;29;12;9;6;4;3;3;2
2021-03-17 22:58:59;210;77;46;29;12;9;6;4;3;3;2
2021-03-17 22:59:59;210;77;46;29;12;9;6;4;3;3;2
2021-03-17 23:00:58;209;77;46;29;12;9;6;4;3;3;2
2021-03-17 23:01:59;209;77;46;29;12;9;6;4;3;3;2
2021-03-17 23:02:58;209;77;46;29;12;9;6;4;3;3;2
2021-03-17 23:03:59;209;77;46;29;12;9;6;4;3;3;2
2021-03-17 23:04:58;210;77;46;29;12;9;7;4;3;3;2
2021-03-17 23:05:59;210;77;46;29;12;9;7;4;3;3;2
2021-03-17 23:06:59;210;77;46;29;12;9;7;4;3;3;2
2021-03-17 23:07:58;210;77;46;29;12;9;7;4;3;3;2
2021-03-17 23:08:59;210;77;46;29;12;9;7;4;3;3;2
2021-03-17 23:09:59;210;77;46;29;12;9;7;4;3;3;2
2021-03-17 23:10:59;211;77;46;30;12;9;7;4;3;3;2
2021-03-17 23:11:58;211;77;46;30;12;9;7;4;3;3;2
2021-03-17 23:12:59;211;77;46;30;12;9;7;4;3;3;2
2021-03-17 23:13:58;210;77;46;30;12;9;7;4;3;3;2
2021-03-17 23:14:59;211;77;46;30;12;9;7;4;3;3;2
2021-03-17 23:15:59;211;77;46;30;12;9;7;4;3;3;2
2021-03-17 23:16:58;211;77;46;30;12;9;7;4;3;3;2
2021-03-17 23:17:59;212;78;46;30;12;9;7;4;3;3;2
2021-03-17 23:18:58;212;78;46;30;12;9;7;4;3;3;2
2021-03-17 23:19:59;212;78;46;30;12;9;7;4;3;3;2
2021-03-17 23:20:59;213;78;47;30;12;9;7;4;3;3;2
2021-03-17 23:21:58;213;78;47;30;12;9;7;4;3;3;2
2021-03-17 23:22:59;213;78;47;30;12;9;7;4;3;3;2
2021-03-17 23:23:58;213;78;47;30;12;9;7;4;3;3;2
2021-03-17 23:24:59;213;78;47;30;12;9;7;4;3;3;2
2021-03-17 23:25:58;213;78;47;30;12;9;7;4;3;3;2
2021-03-17 23:26:59;213;78;47;30;12;9;7;4;3;3;2
2021-03-17 23:27:59;213;78;47;30;12;9;7;4;3;3;2
2021-03-17 23:28:58;214;79;47;30;12;9;7;4;3;3;2
2021-03-17 23:29:59;215;80;47;30;12;9;7;4;3;3;2
2021-03-17 23:30:58;215;80;47;30;12;9;7;4;3;3;2
2021-03-17 23:31:59;216;80;47;30;12;10;7;4;3;3;2
2021-03-17 23:32:59;216;80;47;30;12;10;7;4;3;3;2
2021-03-17 23:33:59;217;81;47;30;12;10;7;4;3;3;2
2021-03-17 23:34:58;218;82;47;30;12;10;7;4;3;3;2
2021-03-17 23:35:59;218;82;47;30;12;10;7;4;3;3;2
2021-03-17 23:36:58;218;82;47;30;12;10;7;4;3;3;2
2021-03-17 23:37:59;218;82;47;30;12;10;7;4;3;3;2
2021-03-17 23:38:59;217;82;46;30;12;10;7;4;3;3;2
2021-03-17 23:39:58;217;82;46;30;12;10;7;4;3;3;2
2021-03-17 23:40:59;217;82;46;30;12;10;7;4;3;3;2
2021-03-17 23:41:59;217;82;46;30;12;10;7;4;3;3;2
2021-03-17 23:42:58;217;82;46;30;12;10;7;4;3;3;2
2021-03-17 23:43:59;218;83;46;30;12;10;7;4;3;3;2
2021-03-17 23:44:59;218;83;46;30;12;10;7;4;3;3;2
2021-03-17 23:45:58;218;83;46;30;12;10;7;4;3;3;2
2021-03-17 23:46:59;218;83;46;30;12;10;7;4;3;3;2
2021-03-17 23:47:59;219;83;47;30;12;10;7;4;3;3;2
2021-03-17 23:48:58;219;83;47;30;12;10;7;4;3;3;2
2021-03-17 23:49:59;219;83;47;30;12;10;7;4;3;3;2
2021-03-17 23:50:58;219;83;47;30;12;10;7;4;3;3;2
2021-03-17 23:51:59;219;83;47;30;12;10;7;4;3;3;2
2021-03-17 23:52:59;219;83;47;30;12;10;7;4;3;3;2
2021-03-17 23:53:59;219;83;47;30;12;10;7;4;3;3;2
2021-03-17 23:54:58;219;83;47;30;12;10;7;4;3;3;2
2021-03-17 23:55:59;219;83;47;30;12;10;7;4;3;3;2
2021-03-17 23:56:58;219;83;47;30;12;10;7;4;3;3;2
2021-03-17 23:57:59;220;83;47;30;12;11;7;4;3;3;2
2021-03-17 23:58:58;221;84;47;30;12;11;7;4;3;3;2
2021-03-17 23:59:59;221;84;47;30;12;11;7;4;3;3;2
