datetime;total_votes;Jey;Mindsplitter;Rumpelstilzchen;Yardrey;Good;Volodya_FM;mama_p_zh;telegraf;pazoozoo;Bruja_
2021-01-20 00:00:59;0;0;0;0;0;0;0;0;0;0;0
2021-01-20 00:01:59;0;0;0;0;0;0;0;0;1;0;0
2021-01-20 00:02:59;0;0;0;0;0;0;0;0;1;0;0
2021-01-20 00:03:58;0;0;0;0;0;0;0;0;1;0;0
2021-01-20 00:04:59;0;0;0;0;0;0;0;0;1;0;0
2021-01-20 00:05:59;2;0;0;0;0;0;0;0;1;0;0
2021-01-20 00:06:58;2;0;0;0;0;0;0;0;1;0;0
2021-01-20 00:07:59;3;0;0;0;0;0;0;1;1;0;0
2021-01-20 00:08:59;4;0;0;0;0;0;0;1;1;0;0
2021-01-20 00:09:58;6;0;0;0;1;0;0;2;1;0;0
2021-01-20 00:10:59;7;0;0;0;1;0;0;3;1;0;0
2021-01-20 00:11:59;7;0;0;0;1;0;0;3;1;0;0
2021-01-20 00:12:59;8;0;0;0;1;0;0;4;1;0;0
2021-01-20 00:13:59;9;0;1;0;2;0;0;3;1;0;0
2021-01-20 00:14:58;10;1;1;0;2;0;0;3;1;0;0
2021-01-20 00:15:59;11;1;1;1;2;0;0;3;1;0;0
2021-01-20 00:16:59;12;1;1;2;2;0;0;3;1;0;0
2021-01-20 00:17:58;13;1;1;2;2;0;0;3;1;0;0
2021-01-20 00:18:59;16;2;1;2;2;0;0;3;1;0;1
2021-01-20 00:19:58;17;2;1;2;2;0;0;3;0;0;1
2021-01-20 00:20:59;19;2;0;3;2;0;0;3;1;0;1
2021-01-20 00:21:58;21;2;1;3;2;0;0;3;1;0;2
2021-01-20 00:22:59;23;2;1;3;2;0;0;3;2;0;2
2021-01-20 00:23:59;24;2;1;3;2;0;0;3;3;0;2
2021-01-20 00:24:58;24;2;1;3;2;0;0;3;3;0;2
2021-01-20 00:25:59;24;2;1;3;2;0;0;3;3;0;2
2021-01-20 00:26:59;24;2;1;3;2;0;0;3;3;0;2
2021-01-20 00:27:58;24;2;1;3;2;0;0;3;3;0;2
2021-01-20 00:28:59;25;2;1;3;2;0;0;4;3;0;2
2021-01-20 00:29:59;26;2;2;3;2;0;0;4;3;0;2
2021-01-20 00:30:58;26;2;2;3;2;0;0;4;3;0;2
2021-01-20 00:31:59;26;2;2;3;2;0;0;4;3;0;2
2021-01-20 00:32:59;27;2;3;3;2;0;0;4;3;0;2
2021-01-20 00:33:58;28;2;3;4;2;0;0;4;3;0;2
2021-01-20 00:34:59;28;2;3;4;2;0;0;4;3;0;2
2021-01-20 00:35:59;30;3;3;5;2;0;0;4;3;2;2
2021-01-20 00:36:58;30;3;3;5;2;0;0;4;3;2;2
2021-01-20 00:37:59;30;3;3;5;2;0;0;4;3;2;2
2021-01-20 00:38:59;33;3;4;5;2;0;0;4;3;2;3
2021-01-20 00:39:58;33;3;4;5;2;0;0;4;3;2;3
2021-01-20 00:40:59;34;3;4;6;2;0;0;4;3;2;3
2021-01-20 00:41:58;35;4;4;6;2;0;0;4;3;2;3
2021-01-20 00:42:59;36;4;4;6;3;0;0;4;3;2;3
2021-01-20 00:43:59;36;4;4;7;3;0;0;3;3;2;3
2021-01-20 00:44:58;37;4;4;7;3;0;0;3;3;2;3
2021-01-20 00:45:59;37;4;4;7;3;0;0;3;3;2;3
2021-01-20 00:46:59;38;4;5;7;3;0;0;3;3;2;3
2021-01-20 00:47:58;39;4;5;7;3;0;0;3;3;2;3
2021-01-20 00:48:59;39;5;5;6;3;0;0;3;3;3;3
2021-01-20 00:49:58;39;5;5;6;3;0;0;3;3;3;3
2021-01-20 00:50:59;40;5;5;8;3;0;0;3;3;2;3
2021-01-20 00:51:59;40;5;5;8;3;0;0;3;3;2;3
2021-01-20 00:52:58;42;5;6;8;3;1;0;3;3;2;3
2021-01-20 00:53:59;42;5;6;8;3;1;0;3;3;2;3
2021-01-20 00:54:59;42;5;6;8;3;1;0;3;3;2;3
2021-01-20 00:55:58;42;5;6;8;3;1;0;3;3;2;3
2021-01-20 00:56:59;45;5;8;8;3;0;0;3;3;2;3
2021-01-20 00:57:59;45;5;8;8;3;0;0;3;3;2;3
2021-01-20 00:58:58;44;5;8;8;3;1;0;2;3;2;3
2021-01-20 00:59:59;44;5;8;8;3;1;0;2;3;2;3
2021-01-20 01:00:58;45;5;9;8;3;1;0;2;3;2;3
2021-01-20 01:01:59;45;5;9;8;3;1;0;2;3;2;3
2021-01-20 01:02:59;45;5;9;8;3;1;0;2;3;2;3
2021-01-20 01:03:58;45;5;9;8;3;1;0;2;3;2;3
2021-01-20 01:04:59;46;5;10;8;3;1;0;2;3;2;3
2021-01-20 01:05:59;46;5;10;8;3;1;0;2;3;2;3
2021-01-20 01:06:58;46;5;10;8;3;1;0;2;3;2;3
2021-01-20 01:07:59;47;5;10;9;3;1;0;2;3;2;3
2021-01-20 01:08:59;47;5;10;9;3;1;0;2;3;2;3
2021-01-20 01:09:58;46;5;10;8;3;1;0;2;3;2;3
2021-01-20 01:10:59;46;5;10;8;3;1;0;2;3;2;3
2021-01-20 01:11:59;46;5;10;8;3;1;0;2;3;2;3
2021-01-20 01:12:58;46;5;10;8;3;1;0;2;3;2;3
2021-01-20 01:13:59;46;5;10;8;3;1;0;2;3;2;3
2021-01-20 01:14:58;46;5;10;8;3;1;0;2;3;2;3
2021-01-20 01:15:59;48;6;10;8;3;2;0;2;3;2;3
2021-01-20 01:16:59;48;6;10;8;3;2;0;2;3;2;3
2021-01-20 01:17:58;48;6;10;8;3;2;0;2;3;2;3
2021-01-20 01:18:59;48;6;10;8;3;2;0;2;3;2;3
2021-01-20 01:19:58;50;6;11;8;3;3;0;2;3;2;3
2021-01-20 01:20:59;51;6;11;9;3;3;0;2;3;2;3
2021-01-20 01:21:59;51;6;11;9;3;3;0;2;3;2;3
2021-01-20 01:22:58;51;6;11;9;3;3;0;2;3;2;3
2021-01-20 01:23:59;52;7;11;9;3;3;0;2;3;2;3
2021-01-20 01:24:58;52;7;11;9;3;3;0;2;3;2;3
2021-01-20 01:25:59;53;7;11;9;3;4;0;2;3;2;3
2021-01-20 01:26:58;53;7;11;9;3;4;0;2;3;2;3
2021-01-20 01:27:59;53;7;11;9;3;4;0;2;3;2;3
2021-01-20 01:28:59;53;7;11;9;3;4;0;2;3;2;3
2021-01-20 01:30:00;53;7;11;9;3;4;0;2;3;2;3
2021-01-20 01:30:58;53;7;11;9;3;4;0;2;3;2;3
2021-01-20 01:31:59;53;7;11;9;3;4;0;2;3;2;3
2021-01-20 01:32:59;53;7;11;9;3;4;0;2;3;2;3
2021-01-20 01:33:58;54;8;11;9;3;4;0;2;3;2;3
2021-01-20 01:34:59;54;8;11;9;3;4;0;2;3;2;3
2021-01-20 01:35:58;54;8;11;9;3;4;0;2;3;2;3
2021-01-20 01:36:59;54;8;11;9;3;4;0;2;3;2;3
2021-01-20 01:37:58;54;8;11;9;3;4;0;2;3;2;3
2021-01-20 01:38:59;54;8;11;9;3;4;0;2;3;2;3
2021-01-20 01:39:58;55;8;11;9;3;4;0;2;3;2;3
2021-01-20 01:40:59;55;8;11;9;3;4;0;2;3;2;3
2021-01-20 01:41:59;55;8;11;9;3;4;0;2;3;2;3
2021-01-20 01:42:58;56;9;11;9;3;4;0;2;3;2;3
2021-01-20 01:43:59;56;9;11;9;3;4;0;2;3;2;3
2021-01-20 01:44:58;56;9;11;9;3;4;0;2;3;2;3
2021-01-20 01:45:59;56;9;11;9;3;4;0;2;3;2;3
2021-01-20 01:46:59;56;9;11;9;3;4;0;2;3;2;3
2021-01-20 01:47:58;56;9;11;9;3;4;0;2;3;2;3
2021-01-20 01:48:59;56;9;11;9;3;4;0;2;3;2;3
2021-01-20 01:49:59;56;9;11;9;3;4;0;2;3;2;3
2021-01-20 01:50:58;56;9;11;9;3;4;0;2;3;2;3
2021-01-20 01:51:59;56;9;11;9;3;4;0;2;3;2;3
2021-01-20 01:52:59;57;10;11;9;3;4;0;2;3;2;3
2021-01-20 01:53:58;58;11;11;9;3;4;0;2;3;2;3
2021-01-20 01:54:59;58;11;11;9;3;4;0;2;3;2;3
2021-01-20 01:55:59;58;11;11;9;3;4;0;2;3;2;3
2021-01-20 01:56:58;59;11;12;9;3;4;0;2;3;2;3
2021-01-20 01:57:59;59;11;12;9;3;4;0;2;3;2;3
2021-01-20 01:58:59;60;11;13;9;3;4;0;2;3;2;3
2021-01-20 01:59:58;60;11;13;9;3;4;0;2;3;2;3
2021-01-20 02:00:59;60;11;13;9;3;4;0;2;3;2;3
2021-01-20 02:01:58;60;12;13;8;3;4;0;2;3;2;3
2021-01-20 02:02:59;59;12;13;7;3;4;0;2;3;2;3
2021-01-20 02:03:59;60;13;13;7;3;4;0;2;3;2;3
2021-01-20 02:04:58;61;13;14;7;3;4;0;2;3;2;3
2021-01-20 02:05:59;61;13;14;7;3;4;0;2;3;2;3
2021-01-20 02:06:58;61;13;14;7;3;4;0;2;3;2;3
2021-01-20 02:07:59;61;13;14;7;3;4;0;2;3;2;3
2021-01-20 02:08:59;61;13;14;7;3;4;0;2;3;2;3
2021-01-20 02:09:58;61;13;14;7;3;4;0;2;3;2;3
2021-01-20 02:10:59;61;13;14;7;3;4;0;2;3;2;3
2021-01-20 02:11:59;61;13;14;7;3;4;0;2;3;2;3
2021-01-20 02:12:58;61;13;14;7;3;4;0;2;3;2;3
2021-01-20 02:13:59;61;13;14;7;3;4;0;2;3;2;3
2021-01-20 02:15:00;61;13;14;7;3;4;0;2;3;2;3
2021-01-20 02:15:58;61;13;14;7;3;4;0;2;3;2;3
2021-01-20 02:16:59;61;13;14;7;3;4;0;2;3;2;3
2021-01-20 02:17:59;61;13;14;7;3;4;0;2;3;2;3
2021-01-20 02:18:58;61;13;14;7;3;4;0;2;3;2;3
2021-01-20 02:19:59;61;13;14;7;3;4;0;2;3;2;3
2021-01-20 02:20:59;61;13;14;7;3;4;0;2;3;2;3
2021-01-20 02:21:58;61;13;14;7;3;4;0;2;3;2;3
2021-01-20 02:22:59;61;13;14;7;3;4;0;2;3;2;3
2021-01-20 02:23:58;61;13;14;7;3;4;0;2;3;2;3
2021-01-20 02:24:59;61;13;14;7;3;4;0;2;3;2;3
2021-01-20 02:25:59;61;13;14;7;3;4;0;2;3;2;3
2021-01-20 02:26:58;61;13;14;7;3;4;0;2;3;2;3
2021-01-20 02:27:59;62;14;14;7;3;4;0;2;3;2;3
2021-01-20 02:28:59;62;14;14;7;3;4;0;2;3;2;3
2021-01-20 02:29:58;62;14;14;7;3;4;0;2;3;2;3
2021-01-20 02:30:59;62;14;14;7;3;4;0;2;3;2;3
2021-01-20 02:31:58;62;14;14;7;3;4;0;2;3;2;3
2021-01-20 02:32:59;62;14;14;7;3;4;0;2;3;2;3
2021-01-20 02:33:59;62;14;14;7;3;4;0;2;3;2;3
2021-01-20 02:34:58;62;14;14;7;3;4;0;2;3;2;3
2021-01-20 02:35:59;62;14;14;7;3;4;0;2;3;2;3
2021-01-20 02:37:00;62;14;14;7;3;4;0;2;3;2;3
2021-01-20 02:37:58;62;14;14;7;3;4;0;2;3;2;3
2021-01-20 02:38:59;62;14;14;7;3;4;0;2;3;2;3
2021-01-20 02:39:58;62;14;14;7;3;4;0;2;3;2;3
2021-01-20 02:40:59;62;14;14;7;3;4;0;2;3;2;3
2021-01-20 02:41:59;62;14;14;7;3;4;0;2;3;2;3
2021-01-20 02:42:58;62;14;14;7;3;4;0;2;3;2;3
2021-01-20 02:43:59;63;15;14;7;3;4;0;2;3;2;3
2021-01-20 02:44:59;63;15;14;7;3;4;0;2;3;2;3
2021-01-20 02:45:58;63;15;14;6;3;4;0;3;3;2;3
2021-01-20 02:46:59;63;15;14;6;3;4;0;3;3;2;3
2021-01-20 02:47:59;63;15;14;6;3;4;0;3;3;2;3
2021-01-20 02:48:58;63;15;14;6;3;4;0;3;3;2;3
2021-01-20 02:49:59;63;15;14;6;3;4;0;3;3;2;3
2021-01-20 02:50:59;63;15;14;6;3;4;0;3;3;2;3
2021-01-20 02:51:58;63;15;14;6;3;4;0;3;3;2;3
2021-01-20 02:52:59;63;15;14;6;3;4;0;3;3;2;3
2021-01-20 02:53:59;63;15;14;6;3;4;0;3;3;2;3
2021-01-20 02:54:58;63;15;14;6;3;4;0;3;3;2;3
2021-01-20 02:55:59;63;15;14;6;3;4;0;3;3;2;3
2021-01-20 02:56:58;63;15;14;6;3;4;0;3;3;2;3
2021-01-20 02:57:59;63;15;14;6;3;4;0;3;3;2;3
2021-01-20 02:58:59;63;15;14;6;3;4;0;3;3;2;3
2021-01-20 02:59:58;63;15;14;6;3;4;0;3;3;2;3
2021-01-20 03:00:59;63;15;14;6;3;4;0;3;3;2;3
2021-01-20 03:01:59;63;15;14;6;3;4;0;3;3;2;3
2021-01-20 03:02:58;63;15;14;6;3;4;0;3;3;2;3
2021-01-20 03:03:59;63;15;14;6;3;4;0;3;3;2;3
2021-01-20 03:04:58;63;15;14;6;3;4;0;3;3;2;3
2021-01-20 03:05:59;63;15;14;6;3;4;0;3;3;2;3
2021-01-20 03:06:59;63;15;14;6;3;4;0;3;3;2;3
2021-01-20 03:07:58;63;15;14;6;3;4;0;3;3;2;3
2021-01-20 03:08:59;63;15;14;6;3;4;0;3;3;2;3
2021-01-20 03:09:59;63;15;14;6;3;4;0;3;3;2;3
2021-01-20 03:10:58;63;15;14;6;3;4;0;3;3;2;3
2021-01-20 03:11:59;63;15;14;6;3;4;0;3;3;2;3
2021-01-20 03:12:59;63;15;14;6;3;4;0;3;3;2;3
2021-01-20 03:13:58;63;15;14;6;3;4;0;3;3;2;3
2021-01-20 03:14:59;63;15;14;6;3;4;0;3;3;2;3
2021-01-20 03:15:59;63;15;14;6;3;4;0;3;3;2;3
2021-01-20 03:16:59;63;15;14;6;3;4;0;3;3;2;3
2021-01-20 03:17:58;63;15;14;6;3;4;0;3;3;2;3
2021-01-20 03:18:59;63;15;14;6;3;4;0;3;3;2;3
2021-01-20 03:19:58;63;15;14;6;3;4;0;3;3;2;3
2021-01-20 03:20:59;63;15;14;6;3;4;0;3;3;2;3
2021-01-20 03:21:59;63;15;14;6;3;4;0;3;3;2;3
2021-01-20 03:22:58;64;15;14;6;3;4;0;3;3;2;3
2021-01-20 03:23:59;64;15;14;6;3;4;0;3;3;2;3
2021-01-20 03:24:58;64;15;14;6;3;4;0;3;3;2;3
2021-01-20 03:25:59;64;15;14;6;3;4;0;3;3;2;3
2021-01-20 03:26:59;64;15;14;6;3;4;0;3;3;2;3
2021-01-20 03:27:59;64;15;14;6;3;4;0;3;3;2;3
2021-01-20 03:28:58;64;15;14;6;3;4;0;3;3;2;3
2021-01-20 03:29:59;64;15;14;6;3;4;0;3;3;2;3
2021-01-20 03:30:58;64;15;14;6;3;4;0;3;3;2;3
2021-01-20 03:31:59;64;15;14;6;3;4;0;3;3;2;3
2021-01-20 03:33:00;64;15;14;6;3;4;0;3;3;2;3
2021-01-20 03:33:58;64;15;14;6;3;4;0;3;3;2;3
2021-01-20 03:34:59;64;15;14;6;3;4;0;3;3;2;3
2021-01-20 03:35:58;64;15;14;6;3;4;0;3;3;2;3
2021-01-20 03:36:59;64;15;14;6;3;4;0;3;3;2;3
2021-01-20 03:37:59;65;16;14;6;3;4;0;3;3;2;3
2021-01-20 03:38:58;65;16;14;6;3;4;0;3;3;2;3
2021-01-20 03:39:59;65;16;14;6;3;4;0;3;3;2;3
2021-01-20 03:40:59;65;16;14;6;3;4;0;3;3;2;3
2021-01-20 03:41:58;65;16;14;6;3;4;0;3;3;2;3
2021-01-20 03:42:59;65;16;14;6;3;4;0;3;3;2;3
2021-01-20 03:43:58;65;16;14;6;3;4;0;3;3;2;3
2021-01-20 03:44:59;65;16;14;6;3;4;0;3;3;2;3
2021-01-20 03:45:59;65;16;14;6;3;4;0;3;3;2;3
2021-01-20 03:46:58;65;16;14;6;3;4;0;3;3;2;3
2021-01-20 03:47:59;65;16;14;6;3;4;0;3;3;2;3
2021-01-20 03:48:59;65;16;14;6;3;4;0;3;3;2;3
2021-01-20 03:49:59;65;16;14;6;3;4;0;3;3;2;3
2021-01-20 03:50:58;65;16;14;6;3;4;0;3;3;2;3
2021-01-20 03:51:59;65;16;14;6;3;4;0;3;3;2;3
2021-01-20 03:52:59;65;16;14;6;3;4;0;3;3;2;3
2021-01-20 03:53:58;65;16;14;6;3;4;0;3;3;2;3
2021-01-20 03:54:59;65;16;14;6;3;4;0;3;3;2;3
2021-01-20 03:55:59;65;16;14;6;3;4;0;3;3;2;3
2021-01-20 03:56:58;65;16;14;6;3;4;0;3;3;2;3
2021-01-20 03:57:59;65;16;14;6;3;4;0;3;3;2;3
2021-01-20 03:58:59;65;16;14;6;3;4;0;3;3;2;3
2021-01-20 03:59:58;65;16;14;6;3;4;0;3;3;2;3
2021-01-20 04:00:59;65;16;14;6;3;4;0;3;3;2;3
2021-01-20 04:01:59;65;16;14;6;3;4;0;3;3;2;3
2021-01-20 04:02:58;65;16;14;6;3;4;0;3;3;2;3
2021-01-20 04:03:59;65;16;14;6;3;4;0;3;3;2;3
2021-01-20 04:04:58;65;16;14;6;3;4;0;3;3;2;3
2021-01-20 04:05:59;65;16;14;6;3;4;0;3;3;2;3
2021-01-20 04:06:59;65;16;14;6;3;4;0;3;3;2;3
2021-01-20 04:07:58;65;16;14;6;3;4;0;3;3;2;3
2021-01-20 04:08:59;65;16;14;6;3;4;0;3;3;2;3
2021-01-20 04:09:59;65;16;14;6;3;4;0;3;3;2;3
2021-01-20 04:10:58;65;16;14;6;3;4;0;3;3;2;3
2021-01-20 04:11:59;65;16;14;6;3;4;0;3;3;2;3
2021-01-20 04:12:59;65;16;14;6;3;4;0;3;3;2;3
2021-01-20 04:13:58;65;16;14;6;3;4;0;3;3;2;3
2021-01-20 04:14:59;65;16;14;6;3;4;0;3;3;2;3
2021-01-20 04:15:58;65;16;14;6;3;4;0;3;3;2;3
2021-01-20 04:16:59;65;16;14;6;3;4;0;3;3;2;3
2021-01-20 04:17:59;65;16;14;6;3;4;0;3;3;2;3
2021-01-20 04:18:58;65;16;14;6;3;4;0;3;3;2;3
2021-01-20 04:19:59;65;16;14;6;3;4;0;3;3;2;3
2021-01-20 04:20:59;65;16;14;6;3;4;0;3;3;2;3
2021-01-20 04:21:58;66;16;15;6;3;4;0;3;3;2;3
2021-01-20 04:22:59;67;17;15;6;3;4;0;3;3;2;3
2021-01-20 04:23:59;67;17;15;6;3;4;0;3;3;2;3
2021-01-20 04:24:58;67;17;15;6;3;4;0;3;3;2;3
2021-01-20 04:25:59;67;17;15;6;3;4;0;3;3;2;3
2021-01-20 04:26:59;68;17;15;6;3;4;0;4;3;2;3
2021-01-20 04:27:58;68;17;15;6;3;4;0;4;3;2;3
2021-01-20 04:28:59;68;17;15;6;3;4;0;4;3;2;3
2021-01-20 04:29:59;68;17;15;6;3;4;0;4;3;2;3
2021-01-20 04:30:58;68;17;15;6;3;4;0;4;3;2;3
2021-01-20 04:31:59;68;17;15;6;3;4;0;4;3;2;3
2021-01-20 04:32:59;68;17;15;6;3;4;0;4;3;2;3
2021-01-20 04:33:58;68;17;15;6;3;4;0;4;3;2;3
2021-01-20 04:34:59;68;17;15;6;3;4;0;4;3;2;3
2021-01-20 04:35:59;68;17;15;6;3;4;0;4;3;2;3
2021-01-20 04:36:58;68;17;15;6;3;4;0;4;3;2;3
2021-01-20 04:37:59;68;17;15;6;3;4;0;4;3;2;3
2021-01-20 04:38:58;68;17;15;6;3;4;0;4;3;2;3
2021-01-20 04:39:59;68;17;15;6;3;4;0;4;3;2;3
2021-01-20 04:40:59;68;17;15;6;3;4;0;4;3;2;3
2021-01-20 04:41:59;68;17;15;6;3;4;0;4;3;2;3
2021-01-20 04:42:58;68;17;15;6;3;4;0;4;3;2;3
2021-01-20 04:43:59;68;17;15;6;3;4;0;4;3;2;3
2021-01-20 04:44:58;68;17;15;6;3;4;0;4;3;2;3
2021-01-20 04:45:59;68;17;15;6;3;4;0;4;3;2;3
2021-01-20 04:46:59;68;17;15;6;3;4;0;4;3;2;3
2021-01-20 04:47:58;68;17;15;6;3;4;0;4;3;2;3
2021-01-20 04:48:59;68;17;15;6;3;4;0;4;3;2;3
2021-01-20 04:49:59;68;17;15;6;3;4;0;4;3;2;3
2021-01-20 04:50:58;68;17;15;6;3;4;0;4;3;2;3
2021-01-20 04:51:59;69;17;15;6;4;4;0;4;3;2;3
2021-01-20 04:53:00;69;17;15;6;4;4;0;4;3;2;3
2021-01-20 04:53:58;70;17;16;6;4;4;0;4;3;2;3
2021-01-20 04:54:59;70;17;16;6;4;4;0;4;3;2;3
2021-01-20 04:55:59;70;17;16;6;4;4;0;4;3;2;3
2021-01-20 04:56:58;70;17;16;6;4;4;0;4;3;2;3
2021-01-20 04:57:59;70;17;16;6;4;4;0;4;3;2;3
2021-01-20 04:58:59;70;17;16;6;4;4;0;4;3;2;3
2021-01-20 04:59:58;70;17;16;6;4;4;0;4;3;2;3
2021-01-20 05:00:59;70;17;16;6;4;4;0;4;3;2;3
2021-01-20 05:01:58;70;17;16;6;4;4;0;4;3;2;3
2021-01-20 05:02:59;70;17;16;6;4;4;0;4;3;2;3
2021-01-20 05:03:59;70;17;16;6;4;4;0;4;3;2;3
2021-01-20 05:04:58;70;17;16;6;4;4;0;4;3;2;3
2021-01-20 05:05:59;71;17;17;6;4;4;0;4;3;2;2
2021-01-20 05:06:59;71;17;17;6;4;4;0;4;3;2;2
2021-01-20 05:07:58;71;17;17;6;4;4;0;4;3;2;2
2021-01-20 05:08:59;71;17;17;6;4;4;0;4;3;2;2
2021-01-20 05:09:59;71;17;17;6;4;4;0;4;3;2;2
2021-01-20 05:10:58;71;17;17;6;4;4;0;4;3;2;2
2021-01-20 05:11:59;71;17;17;6;4;4;0;4;3;2;2
2021-01-20 05:12:58;71;17;17;6;4;4;0;4;3;2;2
2021-01-20 05:13:59;71;17;17;6;4;4;0;4;3;2;2
2021-01-20 05:14:59;71;17;17;6;4;4;0;4;3;2;2
2021-01-20 05:15:58;71;17;17;6;4;4;0;4;3;2;2
2021-01-20 05:16:59;71;17;17;6;4;4;0;4;3;2;2
2021-01-20 05:17:59;71;17;17;6;4;4;0;4;3;2;2
2021-01-20 05:18:58;71;17;17;6;4;4;0;4;3;2;2
2021-01-20 05:19:59;71;17;17;6;4;4;0;4;3;2;2
2021-01-20 05:20:59;72;18;17;6;4;4;0;4;3;2;2
2021-01-20 05:21:58;72;18;17;6;4;4;0;4;3;2;2
2021-01-20 05:22:59;72;18;17;6;4;4;0;4;3;2;2
2021-01-20 05:23:58;72;18;17;6;4;4;0;4;3;2;2
2021-01-20 05:24:59;72;18;17;6;4;4;0;4;3;2;2
2021-01-20 05:25:59;72;18;17;6;4;4;0;4;3;2;2
2021-01-20 05:26:58;72;18;17;6;4;4;0;4;3;2;2
2021-01-20 05:27:59;72;18;17;6;4;4;0;4;3;2;2
2021-01-20 05:28:58;72;18;17;6;4;4;0;4;3;2;2
2021-01-20 05:29:59;72;18;17;6;4;4;0;4;3;2;2
2021-01-20 05:30:59;72;18;17;6;4;4;0;4;3;2;2
2021-01-20 05:31:58;72;18;17;6;4;4;0;4;3;2;2
2021-01-20 05:32:59;72;18;17;6;4;4;0;4;3;2;2
2021-01-20 05:33:58;72;18;17;6;4;4;0;4;3;2;2
2021-01-20 05:34:59;72;18;17;6;4;4;0;4;3;2;2
2021-01-20 05:35:59;72;18;17;6;4;4;0;4;3;2;2
2021-01-20 05:36:58;73;18;18;6;4;4;0;4;3;2;2
2021-01-20 05:37:59;73;18;18;6;4;4;0;4;3;2;2
2021-01-20 05:38:59;73;18;18;6;4;4;0;4;3;2;2
2021-01-20 05:39:58;73;18;18;6;4;4;0;4;3;2;2
2021-01-20 05:40:59;74;18;19;6;4;4;0;4;3;2;2
2021-01-20 05:41:58;74;18;19;6;4;4;0;4;3;2;2
2021-01-20 05:42:59;75;18;20;6;4;4;0;4;3;2;2
2021-01-20 05:43:59;75;18;20;6;4;4;0;4;3;2;2
2021-01-20 05:44:58;75;18;20;6;4;4;0;4;3;2;2
2021-01-20 05:45:59;75;18;20;6;4;4;0;4;3;2;2
2021-01-20 05:46:59;75;18;20;6;4;4;0;4;3;2;2
2021-01-20 05:47:58;75;18;20;6;4;4;0;4;3;2;2
2021-01-20 05:48:59;75;18;20;6;4;4;0;4;3;2;2
2021-01-20 05:49:59;75;18;20;6;4;4;0;4;3;2;2
2021-01-20 05:50:58;75;18;20;6;4;4;0;4;3;2;2
2021-01-20 05:51:59;76;19;20;6;4;4;0;4;3;2;2
2021-01-20 05:52:59;76;19;20;6;4;4;0;4;3;2;2
2021-01-20 05:53:58;76;19;20;6;4;4;0;4;3;2;2
2021-01-20 05:54:59;76;19;20;6;4;4;0;4;3;2;2
2021-01-20 05:55:58;76;19;20;6;4;4;0;4;3;2;2
2021-01-20 05:56:59;76;19;20;6;4;4;0;4;3;2;2
2021-01-20 05:57:59;76;19;20;6;4;4;0;4;3;2;2
2021-01-20 05:58:58;76;19;20;6;4;4;0;4;3;2;2
2021-01-20 05:59:59;76;19;20;6;4;4;0;4;3;2;2
2021-01-20 06:00:59;76;19;20;6;4;4;0;4;3;2;2
2021-01-20 06:01:58;76;19;20;6;4;4;0;4;3;2;2
2021-01-20 06:02:59;76;19;20;6;4;4;0;4;3;2;2
2021-01-20 06:03:58;76;19;20;6;4;4;0;4;3;2;2
2021-01-20 06:04:59;76;19;20;6;4;4;0;4;3;2;2
2021-01-20 06:05:58;76;19;20;6;4;4;0;4;3;2;2
2021-01-20 06:06:59;76;19;20;6;4;4;0;4;3;2;2
2021-01-20 06:07:59;77;19;21;6;4;4;0;4;3;2;2
2021-01-20 06:08:58;78;19;21;6;4;4;0;4;3;2;0
2021-01-20 06:09:59;78;19;21;6;4;4;0;4;3;2;0
2021-01-20 06:10:59;78;19;21;6;4;4;0;4;3;2;0
2021-01-20 06:11:58;78;19;21;6;4;4;0;4;3;2;0
2021-01-20 06:12:59;78;19;21;6;4;4;0;4;3;2;0
2021-01-20 06:13:59;78;19;21;6;4;4;0;4;3;2;0
2021-01-20 06:14:58;78;19;21;6;4;4;0;4;3;2;0
2021-01-20 06:15:59;78;19;21;6;4;4;0;4;3;2;0
2021-01-20 06:16:58;78;19;21;6;4;4;0;4;3;2;0
2021-01-20 06:17:59;78;19;21;6;4;4;0;4;3;2;0
2021-01-20 06:18:59;78;19;21;6;4;4;0;4;3;2;0
2021-01-20 06:20:00;78;19;21;6;4;4;0;4;3;2;0
2021-01-20 06:20:58;78;19;21;6;4;4;0;4;3;2;0
2021-01-20 06:21:59;78;19;21;6;4;4;0;4;3;2;0
2021-01-20 06:22:58;78;19;21;6;4;4;0;4;3;2;0
2021-01-20 06:23:59;78;19;21;6;4;4;0;4;3;2;0
2021-01-20 06:24:59;78;19;21;6;4;4;0;4;3;2;0
2021-01-20 06:25:58;78;19;21;6;4;4;0;4;3;2;0
2021-01-20 06:26:59;78;19;21;6;4;4;0;4;3;2;0
2021-01-20 06:27:58;78;19;21;6;4;4;0;4;3;2;0
2021-01-20 06:28:59;78;19;21;6;4;4;0;4;3;2;0
2021-01-20 06:29:59;78;19;21;6;4;4;0;4;3;2;0
2021-01-20 06:30:58;79;19;21;6;4;4;0;4;3;2;2
2021-01-20 06:31:59;79;19;21;6;4;4;0;4;3;2;0
2021-01-20 06:32:58;79;19;21;6;4;4;0;4;3;2;0
2021-01-20 06:33:59;79;19;21;6;4;4;0;4;3;2;0
2021-01-20 06:34:59;79;19;21;6;4;4;0;4;3;2;0
2021-01-20 06:35:58;79;19;21;6;4;4;0;4;3;2;0
2021-01-20 06:36:59;79;19;21;6;4;4;0;4;3;2;0
2021-01-20 06:37:59;79;19;21;6;4;4;0;4;3;2;0
2021-01-20 06:38:58;79;19;21;6;4;4;0;4;3;2;0
2021-01-20 06:39:59;79;19;21;6;4;4;0;4;3;2;0
2021-01-20 06:40:58;79;19;21;6;4;4;0;4;3;2;0
2021-01-20 06:41:59;79;19;21;6;4;4;0;4;3;2;0
2021-01-20 06:42:59;79;19;21;6;4;4;0;4;3;2;0
2021-01-20 06:43:58;80;20;21;6;4;4;0;4;3;2;0
2021-01-20 06:44:59;80;20;21;6;4;4;0;4;3;2;0
2021-01-20 06:45:59;80;20;21;6;4;4;0;4;3;2;0
2021-01-20 06:46:58;80;20;21;6;4;4;0;4;3;2;0
2021-01-20 06:47:59;80;20;21;6;4;4;0;4;3;2;0
2021-01-20 06:48:59;80;20;21;6;4;4;0;4;3;2;0
2021-01-20 06:49:59;80;20;21;6;4;4;0;4;3;2;0
2021-01-20 06:50:59;80;20;21;6;4;4;0;4;3;2;0
2021-01-20 06:51:59;80;20;21;6;4;4;0;4;3;2;0
2021-01-20 06:52:58;80;20;21;6;4;4;0;4;3;2;0
2021-01-20 06:53:59;80;20;21;6;4;4;0;4;3;2;0
2021-01-20 06:54:59;80;20;21;6;4;4;0;4;3;2;0
2021-01-20 06:55:58;80;20;21;6;4;4;0;4;3;2;0
2021-01-20 06:56:59;80;20;21;6;4;4;0;4;3;2;0
2021-01-20 06:57:58;80;20;21;6;4;4;0;4;3;2;0
2021-01-20 06:58:59;80;20;21;6;4;4;0;4;3;2;0
2021-01-20 06:59:59;80;20;21;6;4;4;0;4;3;2;0
2021-01-20 07:00:58;80;20;21;6;4;4;0;4;3;2;0
2021-01-20 07:01:59;80;20;21;6;4;4;0;4;3;2;0
2021-01-20 07:02:59;80;20;21;6;4;4;0;4;3;2;0
2021-01-20 07:03:58;80;20;21;6;4;4;0;4;3;2;0
2021-01-20 07:04:59;80;20;21;6;4;4;0;4;3;2;0
2021-01-20 07:05:58;80;20;21;6;4;4;0;4;3;2;0
2021-01-20 07:06:59;80;20;21;6;4;4;0;4;3;2;0
2021-01-20 07:07:59;80;20;21;6;4;4;0;4;3;2;0
2021-01-20 07:08:58;80;20;21;6;4;4;0;4;3;2;0
2021-01-20 07:09:59;80;20;21;6;4;4;0;4;3;2;0
2021-01-20 07:10:58;80;20;21;6;4;4;0;4;3;2;0
2021-01-20 07:11:59;80;20;21;6;4;4;0;4;3;2;0
2021-01-20 07:12:59;80;20;21;6;4;4;0;4;3;2;0
2021-01-20 07:13:58;80;20;21;6;4;4;0;4;3;2;0
2021-01-20 07:14:59;81;20;21;7;4;4;0;4;3;2;0
2021-01-20 07:15:59;81;20;21;7;4;4;0;4;3;2;0
2021-01-20 07:16:58;81;20;21;7;4;4;0;4;3;2;0
2021-01-20 07:17:59;81;20;21;7;4;4;0;4;3;2;0
2021-01-20 07:18:59;81;20;21;7;4;4;0;4;3;2;0
2021-01-20 07:19:58;81;20;21;7;4;4;0;4;3;2;0
2021-01-20 07:20:59;81;20;21;7;4;4;0;4;3;2;0
2021-01-20 07:21:58;81;20;21;7;4;4;0;4;3;2;0
2021-01-20 07:22:59;81;20;21;7;4;4;0;4;3;2;0
2021-01-20 07:23:59;81;20;21;7;4;4;0;4;3;2;0
2021-01-20 07:24:58;81;20;21;7;4;4;0;4;3;2;0
2021-01-20 07:25:59;81;20;21;7;4;4;0;4;3;2;0
2021-01-20 07:26:59;81;20;21;7;4;4;0;4;3;2;0
2021-01-20 07:27:58;81;20;21;7;4;4;0;4;3;2;0
2021-01-20 07:28:59;81;20;21;7;4;4;0;4;3;2;0
2021-01-20 07:29:59;81;20;21;7;4;4;0;4;3;2;0
2021-01-20 07:30:58;81;20;21;7;4;4;0;4;3;2;0
2021-01-20 07:31:59;82;20;21;8;4;4;0;4;3;2;0
2021-01-20 07:32:59;82;20;21;8;4;4;0;4;3;2;0
2021-01-20 07:33:58;82;20;21;8;4;4;0;4;3;2;0
2021-01-20 07:34:59;82;20;21;8;4;4;0;4;3;2;0
2021-01-20 07:35:59;82;20;21;8;4;4;0;4;3;2;0
2021-01-20 07:36:58;82;20;21;8;4;4;0;4;3;2;0
2021-01-20 07:37:59;82;20;21;8;4;4;0;4;3;2;0
2021-01-20 07:38:58;82;20;21;8;4;4;0;4;3;2;0
2021-01-20 07:39:59;82;20;21;8;4;4;0;4;3;2;0
2021-01-20 07:40:59;82;20;21;8;4;4;0;4;3;2;0
2021-01-20 07:41:58;83;21;21;8;4;4;0;4;3;2;0
2021-01-20 07:42:59;83;21;21;8;4;4;0;4;3;2;0
2021-01-20 07:43:59;83;21;21;8;4;4;0;4;3;2;0
2021-01-20 07:44:58;83;21;21;8;4;4;0;4;3;2;0
2021-01-20 07:45:59;83;21;21;8;4;4;0;4;3;2;0
2021-01-20 07:46:59;83;21;21;8;4;4;0;4;3;2;0
2021-01-20 07:47:58;83;21;21;8;4;4;0;4;3;2;0
2021-01-20 07:48:59;83;21;21;8;4;4;0;4;3;2;0
2021-01-20 07:49:59;83;21;21;8;4;4;0;4;3;2;0
2021-01-20 07:50:58;83;21;21;8;4;4;0;4;3;2;0
2021-01-20 07:51:59;84;21;22;8;4;4;0;4;3;2;0
2021-01-20 07:52:59;84;21;22;8;4;4;0;4;3;2;0
2021-01-20 07:53:58;84;21;22;8;4;4;0;4;3;2;0
2021-01-20 07:54:59;84;21;22;8;4;4;0;4;3;2;0
2021-01-20 07:55:59;84;21;22;8;4;4;0;4;3;2;0
2021-01-20 07:56:58;84;21;22;8;4;4;0;4;3;2;0
2021-01-20 07:57:59;84;21;22;8;4;4;0;4;3;2;0
2021-01-20 07:58:59;84;21;22;8;4;4;0;4;3;2;0
2021-01-20 07:59:58;84;21;22;8;4;4;0;4;3;2;0
2021-01-20 08:00:59;84;21;22;8;4;4;0;4;3;2;0
2021-01-20 08:01:58;85;22;22;8;4;4;0;4;3;2;0
2021-01-20 08:02:59;85;22;22;8;4;4;0;4;3;2;0
2021-01-20 08:03:59;85;22;22;8;4;4;0;4;3;2;0
2021-01-20 08:04:58;85;22;22;8;4;4;0;4;3;2;0
2021-01-20 08:05:59;86;23;22;8;4;4;0;4;3;2;0
2021-01-20 08:06:58;86;23;22;8;4;4;0;4;3;2;0
2021-01-20 08:07:59;87;24;22;8;4;4;0;4;3;2;0
2021-01-20 08:08:58;87;24;22;8;4;4;0;4;3;2;0
2021-01-20 08:09:59;87;24;22;8;4;4;0;4;3;2;0
2021-01-20 08:10:59;87;24;22;8;4;4;0;4;3;2;0
2021-01-20 08:11:58;87;24;22;8;4;4;0;4;3;2;0
2021-01-20 08:12:59;87;24;22;8;4;4;0;4;3;2;0
2021-01-20 08:14:00;87;24;22;8;4;4;0;4;3;2;0
2021-01-20 08:14:58;87;24;22;8;4;4;0;4;3;2;0
2021-01-20 08:15:59;87;24;22;8;4;4;0;4;3;2;0
2021-01-20 08:16:58;87;24;22;8;4;4;0;4;3;2;0
2021-01-20 08:17:59;88;24;22;8;5;4;0;4;3;2;0
2021-01-20 08:18:59;89;24;22;8;5;4;0;4;3;0;2
2021-01-20 08:19:58;90;25;22;8;5;4;0;4;3;0;2
2021-01-20 08:20:59;90;25;22;8;5;4;0;4;3;0;2
2021-01-20 08:21:58;90;25;22;8;5;4;0;4;3;0;2
2021-01-20 08:22:59;90;25;22;8;5;4;0;4;3;0;2
2021-01-20 08:23:58;90;25;22;8;5;4;0;4;3;0;2
2021-01-20 08:24:59;90;25;22;8;5;4;0;4;3;0;2
2021-01-20 08:25:59;90;25;22;8;5;4;0;4;3;0;2
2021-01-20 08:26:58;90;25;22;8;5;4;0;4;3;0;2
2021-01-20 08:27:59;91;25;23;8;5;4;0;4;3;0;2
2021-01-20 08:28:59;91;25;23;8;5;4;0;4;3;0;2
2021-01-20 08:29:58;91;25;23;8;5;4;0;4;3;0;2
2021-01-20 08:30:59;91;25;23;8;5;4;0;4;3;0;2
2021-01-20 08:31:59;92;26;23;8;5;4;0;4;3;0;2
2021-01-20 08:32:58;92;26;23;8;5;4;0;4;3;0;2
2021-01-20 08:33:59;92;26;23;8;5;4;0;4;3;0;2
2021-01-20 08:34:59;92;26;23;8;5;4;0;4;3;0;2
2021-01-20 08:35:58;92;26;23;8;5;4;0;4;3;0;2
2021-01-20 08:36:59;92;26;23;8;5;4;0;4;3;0;2
2021-01-20 08:37:59;92;26;23;8;5;4;0;4;3;0;2
2021-01-20 08:38:59;92;26;23;8;5;4;0;4;3;0;2
2021-01-20 08:39:59;92;26;23;8;5;4;0;4;3;0;2
2021-01-20 08:40:58;92;26;23;8;5;4;0;4;3;0;2
2021-01-20 08:41:59;92;26;23;8;5;4;0;4;3;0;2
2021-01-20 08:42:59;92;26;23;8;5;4;0;4;3;0;2
2021-01-20 08:43:58;93;26;24;8;5;4;0;4;3;0;2
2021-01-20 08:44:59;93;26;24;8;5;4;0;4;3;0;2
2021-01-20 08:45:59;94;26;25;8;5;4;0;4;3;0;2
2021-01-20 08:46:58;94;27;24;8;5;4;0;4;3;0;2
2021-01-20 08:47:59;94;27;24;8;5;4;0;4;3;0;2
2021-01-20 08:48:59;94;27;24;8;5;4;0;4;3;0;2
2021-01-20 08:49:58;94;27;24;8;5;4;0;4;3;0;2
2021-01-20 08:50:59;94;27;24;8;5;4;0;4;3;0;2
2021-01-20 08:52:00;94;27;24;8;5;4;0;4;3;0;2
2021-01-20 08:52:58;94;27;24;8;5;4;0;4;3;0;2
2021-01-20 08:53:59;94;27;24;8;5;4;0;4;3;0;2
2021-01-20 08:54:58;95;27;24;8;5;4;0;4;3;0;2
2021-01-20 08:55:59;95;27;24;8;5;4;0;4;3;0;2
2021-01-20 08:56:59;95;27;24;8;5;4;0;4;3;0;2
2021-01-20 08:57:58;95;27;24;8;5;4;0;4;3;0;2
2021-01-20 08:58:59;95;27;24;8;5;4;0;4;3;0;2
2021-01-20 08:59:59;95;27;24;8;5;4;0;4;3;0;2
2021-01-20 09:00:58;95;27;24;8;5;4;0;4;3;0;2
2021-01-20 09:01:59;95;27;24;8;5;4;0;4;3;0;2
2021-01-20 09:02:59;95;27;24;8;5;4;0;4;3;0;2
2021-01-20 09:03:58;95;27;24;8;5;4;0;4;3;0;2
2021-01-20 09:04:59;95;27;24;8;5;4;0;4;3;0;2
2021-01-20 09:05:58;95;27;24;8;5;4;0;4;3;0;2
2021-01-20 09:06:59;95;27;24;8;5;4;0;4;3;0;2
2021-01-20 09:07:59;95;27;24;8;5;4;0;4;3;0;2
2021-01-20 09:08:58;95;27;24;8;5;4;0;4;3;0;2
2021-01-20 09:09:59;95;27;24;8;5;4;0;4;3;0;2
2021-01-20 09:10:59;95;27;24;8;5;4;0;4;3;0;2
2021-01-20 09:11:58;95;27;24;8;5;4;0;4;3;0;2
2021-01-20 09:12:59;95;27;24;8;5;4;0;4;3;0;2
2021-01-20 09:13:58;95;27;24;8;5;4;0;4;3;0;2
2021-01-20 09:14:59;95;27;24;8;5;4;0;4;3;0;2
2021-01-20 09:15:59;95;27;24;8;5;4;0;4;3;0;2
2021-01-20 09:16:59;95;27;24;8;5;4;0;4;3;0;2
2021-01-20 09:17:58;95;27;24;8;5;4;0;4;3;0;2
2021-01-20 09:18:59;95;27;24;8;5;4;0;4;3;0;2
2021-01-20 09:19:59;95;27;24;8;5;4;0;4;3;0;2
2021-01-20 09:20:58;95;27;24;8;5;4;0;4;3;0;2
2021-01-20 09:21:59;96;28;24;8;5;4;0;4;3;0;2
2021-01-20 09:22:58;96;28;24;8;5;4;0;4;3;0;2
2021-01-20 09:23:59;96;28;24;8;5;4;0;4;3;0;2
2021-01-20 09:24:58;96;28;24;8;5;4;0;4;3;0;2
2021-01-20 09:25:59;96;28;24;8;5;4;0;4;3;0;2
2021-01-20 09:26:59;96;28;24;8;5;4;0;4;3;0;2
2021-01-20 09:27:58;96;28;24;8;5;4;0;4;3;0;2
2021-01-20 09:28:59;96;28;24;8;5;4;0;4;3;0;2
2021-01-20 09:29:59;96;28;24;8;5;4;0;4;3;0;2
2021-01-20 09:30:58;96;28;24;8;5;4;0;4;3;0;2
2021-01-20 09:31:59;97;29;24;8;5;4;0;4;3;0;2
2021-01-20 09:32:59;97;29;24;8;5;4;0;4;3;0;2
2021-01-20 09:33:58;97;29;24;8;5;4;0;4;3;0;2
2021-01-20 09:34:59;97;29;24;8;5;4;0;4;3;0;2
2021-01-20 09:35:59;97;29;24;8;5;4;0;4;3;0;2
2021-01-20 09:36:58;97;29;24;8;5;4;0;4;3;0;2
2021-01-20 09:37:59;97;29;24;8;5;4;0;4;3;0;2
2021-01-20 09:39:00;97;29;24;8;5;4;0;4;3;0;2
2021-01-20 09:39:58;98;29;24;8;5;4;0;5;3;0;2
2021-01-20 09:40:59;98;29;24;8;5;4;0;5;3;0;2
2021-01-20 09:41:58;98;29;24;8;5;4;0;5;3;0;2
2021-01-20 09:42:59;98;29;24;8;5;4;0;5;3;0;2
2021-01-20 09:43:59;98;29;24;8;5;4;0;5;3;0;2
2021-01-20 09:44:58;98;29;24;8;5;4;0;5;3;0;2
2021-01-20 09:45:59;98;29;24;8;5;4;0;5;3;0;2
2021-01-20 09:46:58;98;29;24;8;5;4;0;5;3;0;2
2021-01-20 09:47:59;98;29;24;8;5;4;0;5;3;0;2
2021-01-20 09:48:59;98;29;24;8;5;4;0;5;3;0;2
2021-01-20 09:49:58;98;29;24;8;5;4;0;5;3;0;2
2021-01-20 09:50:59;98;29;24;8;5;4;0;5;3;0;2
2021-01-20 09:51:59;98;29;24;8;5;4;0;5;3;0;2
2021-01-20 09:52:58;98;29;24;8;5;4;0;5;3;0;2
2021-01-20 09:53:59;99;30;24;8;5;4;0;5;3;0;2
2021-01-20 09:54:58;99;30;24;8;5;4;0;5;3;0;2
2021-01-20 09:55:59;99;30;24;8;5;4;0;5;3;0;2
2021-01-20 09:56:59;99;30;24;8;5;4;0;5;3;0;2
2021-01-20 09:57:58;99;30;24;8;5;4;0;5;3;0;2
2021-01-20 09:58:59;99;30;24;8;5;4;0;5;3;0;2
2021-01-20 09:59:59;99;30;24;8;5;4;0;5;3;0;2
2021-01-20 10:00:58;99;30;24;8;5;4;0;5;3;0;2
2021-01-20 10:01:59;99;30;24;8;5;4;0;5;3;0;2
2021-01-20 10:02:59;99;30;24;8;5;4;0;5;3;0;2
2021-01-20 10:03:58;99;30;24;8;5;4;0;5;3;0;2
2021-01-20 10:04:59;99;30;24;8;5;4;0;5;3;0;2
2021-01-20 10:05:59;99;30;24;8;5;4;0;5;3;0;2
2021-01-20 10:06:58;99;30;24;8;5;4;0;5;3;0;2
2021-01-20 10:07:59;99;30;24;8;5;4;0;5;3;0;2
2021-01-20 10:09:00;99;30;24;8;5;4;0;5;3;0;2
2021-01-20 10:09:58;100;30;24;8;5;4;0;5;3;0;3
2021-01-20 10:10:59;100;30;24;8;5;4;0;5;3;0;3
2021-01-20 10:11:58;100;30;24;8;5;4;0;5;3;0;3
2021-01-20 10:12:59;100;30;24;8;5;4;0;5;3;0;3
2021-01-20 10:13:59;100;30;24;8;5;4;0;5;3;0;3
2021-01-20 10:14:58;101;31;24;8;5;4;0;5;3;0;3
2021-01-20 10:15:59;101;31;24;8;5;4;0;5;3;0;3
2021-01-20 10:16:59;102;31;25;8;5;4;0;5;3;0;3
2021-01-20 10:17:58;102;31;25;8;5;4;0;5;3;0;3
2021-01-20 10:18:59;102;31;25;8;5;4;0;5;3;0;3
2021-01-20 10:19:58;103;32;25;8;5;4;0;5;3;0;3
2021-01-20 10:20:59;103;32;25;8;5;4;0;5;3;0;3
2021-01-20 10:21:59;103;32;25;8;5;4;0;5;3;0;3
2021-01-20 10:22:58;104;32;26;8;5;4;0;5;3;0;3
2021-01-20 10:23:59;104;32;26;8;5;4;0;5;3;0;3
2021-01-20 10:24:59;104;32;26;8;5;4;0;5;3;0;3
2021-01-20 10:25:58;104;32;26;8;5;4;0;5;3;0;3
2021-01-20 10:26:59;104;32;26;8;5;4;0;5;3;0;3
2021-01-20 10:27:58;104;32;26;8;5;4;0;5;3;0;3
2021-01-20 10:28:59;105;32;26;8;5;4;0;5;3;0;3
2021-01-20 10:29:59;106;32;26;8;5;4;0;5;3;3;3
2021-01-20 10:30:58;106;32;26;8;5;4;0;5;3;3;3
2021-01-20 10:31:59;106;32;26;8;5;4;0;5;3;3;3
2021-01-20 10:32:59;107;32;26;9;5;4;0;5;3;3;3
2021-01-20 10:33:58;107;32;26;9;5;4;0;5;3;3;3
2021-01-20 10:34:59;107;32;26;9;5;4;0;5;3;3;3
2021-01-20 10:35:59;107;32;26;9;5;4;0;5;3;3;3
2021-01-20 10:36:58;107;32;26;9;5;4;0;5;3;3;3
2021-01-20 10:37:59;107;32;26;9;5;4;0;5;3;3;3
2021-01-20 10:38:59;108;32;26;9;5;4;0;5;3;3;3
2021-01-20 10:39:58;108;32;26;9;5;4;0;5;3;3;3
2021-01-20 10:40:59;108;32;26;9;5;4;0;5;3;3;3
2021-01-20 10:41:59;108;32;26;9;5;4;0;5;3;3;3
2021-01-20 10:42:58;108;32;26;9;5;4;0;5;3;3;3
2021-01-20 10:43:59;108;32;26;9;5;4;0;5;3;3;3
2021-01-20 10:44:59;108;32;26;9;5;4;0;5;3;3;3
2021-01-20 10:45:58;108;32;26;9;5;4;0;5;3;3;3
2021-01-20 10:46:59;108;32;26;9;5;4;0;5;3;3;3
2021-01-20 10:47:59;108;32;26;9;5;4;0;5;3;3;3
2021-01-20 10:48:58;108;32;26;9;5;4;0;5;3;3;3
2021-01-20 10:49:59;109;32;26;9;6;4;0;5;3;3;3
2021-01-20 10:50:58;109;32;26;9;6;4;0;5;3;3;3
2021-01-20 10:51:59;110;32;26;10;6;4;0;5;3;3;3
2021-01-20 10:52:59;110;32;26;10;6;4;0;5;3;3;3
2021-01-20 10:53:59;110;32;26;10;6;4;0;5;3;3;3
2021-01-20 10:54:58;111;32;27;10;6;4;0;5;3;3;3
2021-01-20 10:55:59;111;32;27;10;6;4;0;5;3;3;3
2021-01-20 10:56:59;111;32;27;10;6;4;0;5;3;3;3
2021-01-20 10:57:59;111;32;27;10;6;4;0;5;3;3;3
2021-01-20 10:58:58;111;32;27;10;6;4;0;5;3;3;3
2021-01-20 10:59:59;111;32;27;10;6;4;0;5;3;3;3
2021-01-20 11:00:58;111;32;27;10;6;4;0;5;3;3;3
2021-01-20 11:01:59;111;32;27;10;6;4;0;5;3;3;3
2021-01-20 11:02:59;111;32;27;10;6;4;0;5;3;3;3
2021-01-20 11:03:58;111;32;27;10;6;4;0;5;3;3;3
2021-01-20 11:04:59;111;32;27;10;6;4;0;5;3;3;3
2021-01-20 11:05:59;111;32;27;10;6;4;0;5;3;3;3
2021-01-20 11:06:58;111;32;27;10;6;4;0;5;3;3;3
2021-01-20 11:07:59;111;32;27;10;6;4;0;5;3;3;3
2021-01-20 11:08:58;111;32;27;10;6;4;0;5;3;3;3
2021-01-20 11:09:59;111;32;27;10;6;4;0;5;3;3;3
2021-01-20 11:10:59;111;32;27;10;6;4;0;5;3;3;3
2021-01-20 11:11:58;111;32;27;10;6;4;0;5;3;3;3
2021-01-20 11:12:59;112;33;27;10;6;4;0;5;3;3;3
2021-01-20 11:13:58;112;33;27;10;6;4;0;5;3;3;3
2021-01-20 11:14:59;112;33;27;10;6;4;0;5;3;3;3
2021-01-20 11:15:59;112;33;27;10;6;4;0;5;3;3;3
2021-01-20 11:16:58;113;33;27;10;6;4;0;5;3;3;3
2021-01-20 11:17:59;113;33;27;10;6;4;0;5;3;3;3
2021-01-20 11:18:59;113;33;27;10;6;4;0;5;3;3;3
2021-01-20 11:19:58;113;33;27;10;6;4;0;5;3;3;3
2021-01-20 11:20:59;115;33;27;10;7;4;0;5;3;3;4
2021-01-20 11:21:59;115;33;27;10;7;4;0;5;3;3;4
2021-01-20 11:22:59;115;33;27;10;7;4;0;5;3;3;4
2021-01-20 11:23:58;115;33;27;10;7;4;0;5;3;3;4
2021-01-20 11:24:59;115;33;27;10;7;4;0;5;3;3;4
2021-01-20 11:25:59;115;33;27;10;7;4;0;5;3;3;4
2021-01-20 11:26:58;115;33;27;10;7;4;0;5;3;3;4
2021-01-20 11:27:59;117;34;27;10;7;5;0;5;3;3;4
2021-01-20 11:28:59;117;34;27;10;7;5;0;5;3;3;4
2021-01-20 11:29:58;117;34;27;10;7;5;0;5;3;3;4
2021-01-20 11:30:59;117;34;27;10;7;5;0;5;3;3;4
2021-01-20 11:31:58;118;34;28;10;7;5;0;5;3;3;4
2021-01-20 11:32:59;118;34;28;10;7;5;0;5;3;3;4
2021-01-20 11:33:58;118;34;28;10;7;5;0;5;3;3;4
2021-01-20 11:34:59;118;34;28;10;7;5;0;5;3;3;4
2021-01-20 11:35:59;119;34;28;10;7;5;0;5;3;4;4
2021-01-20 11:36:58;119;34;28;10;7;5;0;5;3;4;4
2021-01-20 11:37:59;119;34;28;10;7;5;0;5;3;4;4
2021-01-20 11:38:58;119;34;28;10;7;5;0;5;3;4;4
2021-01-20 11:39:59;119;34;28;10;7;5;0;5;3;4;4
2021-01-20 11:40:59;119;34;28;10;7;5;0;5;3;4;4
2021-01-20 11:41:58;119;34;28;10;7;5;0;5;3;4;4
2021-01-20 11:42:59;119;34;28;10;7;5;0;5;3;4;4
2021-01-20 11:43:59;119;34;28;10;7;5;0;5;3;4;4
2021-01-20 11:44:58;119;34;28;10;7;5;0;5;3;4;4
2021-01-20 11:45:59;119;34;28;10;7;5;0;5;3;4;4
2021-01-20 11:46:59;119;34;28;10;7;5;0;5;3;4;4
2021-01-20 11:47:58;119;35;28;10;7;5;0;5;3;4;4
2021-01-20 11:48:59;119;35;28;10;7;5;0;5;3;4;4
2021-01-20 11:49:59;119;35;28;10;7;5;0;5;3;4;4
2021-01-20 11:50:58;119;35;28;10;7;5;0;5;3;4;4
2021-01-20 11:51:59;119;35;28;10;7;5;0;5;3;4;4
2021-01-20 11:52:59;120;35;29;10;7;5;0;5;3;4;4
2021-01-20 11:53:58;120;35;29;10;7;5;0;5;3;4;4
2021-01-20 11:54:59;120;35;29;10;7;5;0;5;3;4;4
2021-01-20 11:55:59;121;35;29;10;8;5;0;5;3;4;4
2021-01-20 11:56:58;121;35;29;10;8;5;0;5;3;4;4
2021-01-20 11:57:59;121;35;29;10;8;5;0;5;3;4;4
2021-01-20 11:58:58;121;35;29;10;8;5;0;5;3;4;4
2021-01-20 11:59:59;121;35;29;10;8;5;0;5;3;4;4
2021-01-20 12:00:59;121;35;29;10;8;5;0;5;3;4;4
2021-01-20 12:01:58;121;35;29;10;8;5;0;5;3;4;4
2021-01-20 12:02:59;121;35;29;10;8;5;0;5;3;4;4
2021-01-20 12:03:58;123;36;29;10;8;5;0;5;3;4;4
2021-01-20 12:04:59;124;37;29;10;8;5;0;5;3;4;4
2021-01-20 12:05:59;124;37;29;10;8;5;0;5;3;4;4
2021-01-20 12:06:58;124;37;29;10;8;5;0;5;3;4;4
2021-01-20 12:07:59;124;37;29;10;8;5;0;5;3;4;4
2021-01-20 12:08:59;125;37;30;10;8;5;0;5;3;4;4
2021-01-20 12:09:58;125;37;30;10;8;5;0;5;3;4;4
2021-01-20 12:10:59;126;37;30;11;8;5;0;5;3;4;4
2021-01-20 12:11:59;126;37;30;11;8;5;0;5;3;4;4
2021-01-20 12:12:58;126;37;30;11;8;5;0;5;3;4;4
2021-01-20 12:13:59;126;37;30;11;8;5;0;5;3;4;4
2021-01-20 12:14:59;126;37;30;11;8;5;0;5;3;4;4
2021-01-20 12:15:58;126;37;30;11;8;5;0;5;3;4;4
2021-01-20 12:16:59;126;37;30;11;8;5;0;5;3;4;4
2021-01-20 12:17:59;126;37;31;11;8;5;0;5;3;3;4
2021-01-20 12:18:58;126;37;31;11;8;5;0;5;3;3;4
2021-01-20 12:19:59;127;37;31;11;8;5;0;5;3;3;4
2021-01-20 12:20:59;127;37;31;11;8;5;0;5;3;3;4
2021-01-20 12:21:58;127;37;31;11;8;5;0;5;3;3;4
2021-01-20 12:22:59;127;37;31;11;8;5;0;5;3;3;4
2021-01-20 12:23:58;128;37;32;11;8;5;0;5;3;3;4
2021-01-20 12:24:59;128;37;32;11;8;5;0;5;3;3;4
2021-01-20 12:25:59;129;38;32;11;8;5;0;5;3;3;4
2021-01-20 12:26:59;129;38;32;11;8;5;0;5;3;3;4
2021-01-20 12:27:58;129;38;32;11;8;5;0;5;3;3;4
2021-01-20 12:28:59;129;38;32;11;8;5;0;5;3;3;4
2021-01-20 12:29:58;130;38;32;11;8;5;0;5;3;3;4
2021-01-20 12:30:59;130;38;32;11;8;5;0;5;3;3;4
2021-01-20 12:31:59;130;38;32;11;8;5;0;5;3;3;4
2021-01-20 12:32:58;130;38;32;11;8;5;0;5;3;3;4
2021-01-20 12:33:59;130;38;32;11;8;5;0;5;3;3;4
2021-01-20 12:34:59;130;38;32;11;8;5;0;5;3;3;4
2021-01-20 12:35:58;130;38;31;11;8;5;0;5;3;3;4
2021-01-20 12:36:59;130;38;31;11;8;5;0;5;3;3;4
2021-01-20 12:37:59;130;38;31;11;8;5;0;5;3;3;4
2021-01-20 12:38:58;130;38;31;11;8;5;0;5;3;3;4
2021-01-20 12:39:59;131;38;31;11;8;5;3;5;3;0;4
2021-01-20 12:40:58;132;39;31;11;8;5;3;5;3;0;4
2021-01-20 12:41:59;132;39;31;11;8;5;3;5;3;0;4
2021-01-20 12:42:58;133;40;31;11;8;5;3;5;3;0;4
2021-01-20 12:43:59;133;40;31;11;8;5;3;5;3;0;4
2021-01-20 12:44:59;133;40;31;11;8;5;3;5;3;0;4
2021-01-20 12:45:58;133;40;31;11;8;5;3;5;3;0;4
2021-01-20 12:46:59;133;40;31;11;8;5;3;5;3;0;4
2021-01-20 12:47:58;133;40;31;11;8;5;3;5;3;0;4
2021-01-20 12:48:59;133;40;31;11;8;5;3;5;3;0;4
2021-01-20 12:49:59;133;40;31;11;8;5;3;5;3;0;4
2021-01-20 12:50:58;133;40;31;11;8;5;3;5;3;0;4
2021-01-20 12:51:59;134;41;31;11;8;5;3;5;3;0;4
2021-01-20 12:52:59;134;41;31;11;8;5;3;5;3;0;4
2021-01-20 12:53:59;134;41;31;11;8;5;3;5;3;0;4
2021-01-20 12:54:58;134;41;31;11;8;5;3;5;3;0;4
2021-01-20 12:55:59;135;41;32;11;8;5;3;5;3;0;4
2021-01-20 12:56:58;136;41;33;11;8;5;3;5;3;0;4
2021-01-20 12:57:59;136;41;33;11;8;5;3;5;3;0;4
2021-01-20 12:58:59;136;41;33;11;8;5;3;5;3;0;4
2021-01-20 12:59:58;137;42;33;11;8;5;3;5;3;0;4
2021-01-20 13:00:59;137;42;33;11;8;5;3;5;3;0;4
2021-01-20 13:01:59;137;42;33;11;8;5;3;5;3;0;4
2021-01-20 13:02:58;137;42;33;11;8;5;3;5;3;0;4
2021-01-20 13:03:59;138;43;33;11;8;5;3;5;3;0;4
2021-01-20 13:04:58;139;44;33;11;8;5;3;5;3;0;4
2021-01-20 13:05:59;139;44;33;11;8;5;3;5;3;0;4
2021-01-20 13:06:59;139;44;33;11;8;5;3;5;3;0;4
2021-01-20 13:07:58;139;44;33;11;8;5;3;5;3;0;4
2021-01-20 13:08:59;139;44;33;11;8;5;3;5;3;0;4
2021-01-20 13:09:59;140;44;34;11;8;5;3;5;3;0;4
2021-01-20 13:10:58;140;44;34;11;8;5;3;5;3;0;4
2021-01-20 13:11:59;141;44;35;11;8;5;3;5;3;0;4
2021-01-20 13:12:59;141;44;35;11;8;5;3;5;3;0;4
2021-01-20 13:13:58;141;44;35;11;8;5;3;5;3;0;4
2021-01-20 13:14:59;141;44;35;11;8;5;3;5;3;0;4
2021-01-20 13:15:59;141;44;35;11;8;5;3;5;3;0;4
2021-01-20 13:16:58;141;44;35;11;8;5;3;5;3;0;4
2021-01-20 13:17:59;142;45;35;11;8;5;3;5;3;0;4
2021-01-20 13:18:59;142;45;35;11;8;5;3;5;3;0;4
2021-01-20 13:19:58;142;45;35;11;8;5;3;5;3;0;4
2021-01-20 13:20:59;142;45;35;11;8;5;3;5;3;0;4
2021-01-20 13:21:59;142;45;35;11;8;5;3;5;3;0;4
2021-01-20 13:22:58;143;45;36;11;8;5;3;5;3;0;4
2021-01-20 13:23:59;143;45;36;11;8;5;3;5;3;0;4
2021-01-20 13:24:59;143;45;36;11;8;5;3;5;3;0;4
2021-01-20 13:25:58;143;45;36;11;8;5;3;5;3;0;4
2021-01-20 13:26:59;143;45;36;11;8;5;3;5;3;0;4
2021-01-20 13:27:59;143;45;36;11;8;5;3;5;3;0;4
2021-01-20 13:28:58;143;45;36;11;8;5;3;5;3;0;4
2021-01-20 13:29:59;143;45;36;11;8;5;3;5;3;0;4
2021-01-20 13:31:00;143;45;36;11;8;5;3;5;3;0;4
2021-01-20 13:31:58;143;45;36;11;8;5;3;5;3;0;4
2021-01-20 13:32:59;143;45;36;11;8;5;3;5;3;0;4
2021-01-20 13:33:59;143;45;36;11;8;5;3;5;3;0;4
2021-01-20 13:34:58;143;45;36;11;8;5;3;5;3;0;4
2021-01-20 13:35:59;144;45;36;12;8;5;3;5;3;0;4
2021-01-20 13:37:00;144;45;36;12;8;5;3;5;3;0;4
2021-01-20 13:37:58;144;45;36;12;8;5;3;5;3;0;4
2021-01-20 13:38:59;144;45;36;12;8;5;3;5;3;0;4
2021-01-20 13:39:58;145;45;36;12;8;5;3;5;4;0;4
2021-01-20 13:40:59;145;45;36;12;8;5;3;5;4;0;4
2021-01-20 13:41:59;145;45;36;12;8;5;3;5;4;0;4
2021-01-20 13:42:58;145;45;36;12;8;5;3;5;4;0;4
2021-01-20 13:43:59;146;45;36;12;8;5;3;6;4;0;4
2021-01-20 13:44:59;146;45;36;12;8;5;3;6;4;0;4
2021-01-20 13:45:59;146;45;36;12;8;5;3;6;4;0;4
2021-01-20 13:46:58;146;45;36;12;8;5;3;6;4;0;4
2021-01-20 13:47:59;146;45;36;12;8;5;3;6;4;0;4
2021-01-20 13:48:59;147;46;36;12;8;5;3;6;4;0;4
2021-01-20 13:49:58;147;46;36;12;8;5;3;6;4;0;4
2021-01-20 13:50:59;147;46;36;12;8;5;3;6;4;0;4
2021-01-20 13:51:59;148;46;37;12;8;5;3;6;4;0;4
2021-01-20 13:52:58;148;46;37;12;8;5;3;6;4;0;4
2021-01-20 13:53:59;148;46;37;12;8;5;3;6;4;0;4
2021-01-20 13:54:59;148;46;37;12;8;5;3;6;4;0;4
2021-01-20 13:55:59;149;47;37;12;8;5;3;6;4;0;4
2021-01-20 13:56:58;149;47;37;12;8;5;3;6;4;0;4
2021-01-20 13:57:59;149;47;37;12;8;5;3;6;4;0;4
2021-01-20 13:58:59;149;47;37;12;8;5;3;6;4;0;4
2021-01-20 13:59:59;150;48;37;12;8;5;3;6;4;0;4
2021-01-20 14:00:58;150;48;37;12;8;5;3;6;4;0;4
2021-01-20 14:01:59;151;48;37;12;8;5;3;6;4;0;4
2021-01-20 14:02:59;151;48;37;12;8;5;3;6;4;0;4
2021-01-20 14:03:58;151;48;37;12;8;5;3;6;4;0;4
2021-01-20 14:04:59;151;48;37;12;8;5;3;6;4;0;4
2021-01-20 14:05:58;152;49;37;12;8;5;3;6;4;0;4
2021-01-20 14:06:59;152;49;37;12;8;5;3;6;4;0;4
2021-01-20 14:07:59;152;49;37;12;8;5;3;6;4;0;4
2021-01-20 14:08:58;152;49;37;12;8;5;3;6;4;0;4
2021-01-20 14:09:59;152;49;37;12;8;5;3;6;4;0;4
2021-01-20 14:10:59;153;50;37;12;8;5;3;6;4;0;4
2021-01-20 14:11:58;154;51;37;12;8;5;3;6;4;0;4
2021-01-20 14:12:59;154;51;37;12;8;5;3;6;4;0;4
2021-01-20 14:13:59;154;51;37;12;8;5;3;6;4;0;4
2021-01-20 14:14:58;154;51;37;12;8;5;3;6;4;0;4
2021-01-20 14:15:59;154;51;37;12;8;5;3;6;4;0;4
2021-01-20 14:16:58;154;51;37;12;8;5;3;6;4;0;4
2021-01-20 14:17:59;154;51;37;12;8;5;3;6;4;0;4
2021-01-20 14:18:59;154;51;37;12;8;5;3;6;4;0;4
2021-01-20 14:19:58;154;51;37;12;8;5;3;6;4;0;4
2021-01-20 14:20:59;154;51;37;12;8;5;3;6;4;0;4
2021-01-20 14:21:59;154;51;37;12;8;5;3;6;4;0;4
2021-01-20 14:22:58;155;52;37;12;8;5;3;6;4;0;4
2021-01-20 14:23:59;155;52;37;12;8;5;3;6;4;0;4
2021-01-20 14:24:58;156;53;37;12;8;5;3;6;4;0;4
2021-01-20 14:25:59;156;53;37;12;8;5;3;6;4;0;4
2021-01-20 14:26:59;156;53;37;12;8;5;3;6;4;0;4
2021-01-20 14:27:58;156;53;37;12;8;5;3;6;4;0;4
2021-01-20 14:28:59;156;53;37;12;8;5;3;6;4;0;4
2021-01-20 14:29:58;156;53;37;12;8;5;3;6;4;0;4
2021-01-20 14:30:59;156;53;37;12;8;5;3;6;4;0;4
2021-01-20 14:31:59;156;53;37;12;8;5;3;6;4;0;4
2021-01-20 14:32:58;156;53;37;12;8;5;3;6;4;0;4
2021-01-20 14:33:59;156;53;37;12;8;5;3;6;4;0;4
2021-01-20 14:34:59;157;53;37;12;9;5;3;6;4;0;4
2021-01-20 14:35:58;157;53;37;12;9;5;3;6;4;0;4
2021-01-20 14:36:59;157;53;37;12;9;5;3;6;4;0;4
2021-01-20 14:37:58;157;53;37;12;9;5;3;6;4;0;4
2021-01-20 14:38:59;157;53;37;12;9;5;3;6;4;0;4
2021-01-20 14:39:59;158;53;37;12;9;5;3;6;4;0;4
2021-01-20 14:40:58;158;53;37;12;9;5;3;6;4;0;4
2021-01-20 14:41:59;159;53;38;12;9;5;3;6;4;0;4
2021-01-20 14:42:59;159;53;38;12;9;5;3;6;4;0;4
2021-01-20 14:43:58;159;53;38;12;9;5;3;6;4;0;4
2021-01-20 14:44:59;159;53;38;12;9;5;3;6;4;0;4
2021-01-20 14:45:59;159;53;38;12;9;5;3;6;4;0;4
2021-01-20 14:46:58;159;53;38;12;9;5;3;6;4;0;4
2021-01-20 14:47:59;159;53;38;12;9;5;3;6;4;0;4
2021-01-20 14:48:59;159;53;38;12;9;5;3;6;4;0;4
2021-01-20 14:49:58;159;53;38;12;9;5;3;6;4;0;4
2021-01-20 14:51:00;160;53;39;12;9;5;3;6;4;0;4
2021-01-20 14:51:58;160;53;39;12;9;5;3;6;4;0;4
2021-01-20 14:52:59;160;53;39;12;9;5;3;6;4;0;4
2021-01-20 14:54:00;161;53;40;12;9;5;3;6;4;0;4
2021-01-20 14:54:58;161;53;40;12;9;5;3;6;4;0;4
2021-01-20 14:55:59;161;53;40;12;9;5;3;6;4;0;4
2021-01-20 14:56:58;161;53;40;12;9;5;3;6;4;0;4
2021-01-20 14:57:59;161;53;40;12;9;5;3;6;4;0;4
2021-01-20 14:58:59;161;53;40;12;9;5;3;6;4;0;4
2021-01-20 14:59:58;161;53;40;12;9;5;3;6;4;0;4
2021-01-20 15:00:59;161;53;40;12;9;5;3;6;4;0;4
2021-01-20 15:01:59;161;53;40;12;9;5;3;6;4;0;4
2021-01-20 15:02:58;161;53;40;12;9;5;3;6;4;0;4
2021-01-20 15:03:59;161;53;40;12;9;5;3;6;4;0;4
2021-01-20 15:04:59;161;53;40;12;9;5;3;6;4;0;4
2021-01-20 15:05:58;162;54;40;12;9;5;3;6;4;0;4
2021-01-20 15:06:59;162;54;40;12;9;5;3;6;4;0;4
2021-01-20 15:07:59;162;54;40;12;9;5;3;6;4;0;4
2021-01-20 15:08:58;162;54;40;12;9;5;3;6;4;0;4
2021-01-20 15:09:59;162;54;40;12;9;5;3;6;4;0;4
2021-01-20 15:10:59;162;54;40;12;9;5;3;6;4;0;4
2021-01-20 15:11:58;162;54;40;12;9;5;3;6;4;0;4
2021-01-20 15:12:59;162;54;40;12;9;5;3;6;4;0;4
2021-01-20 15:13:59;162;54;40;12;9;5;3;6;4;0;4
2021-01-20 15:14:58;163;54;40;12;9;5;3;6;4;0;4
2021-01-20 15:15:59;163;54;40;12;9;5;3;6;4;0;4
2021-01-20 15:16:59;163;54;40;12;9;5;3;6;4;0;4
2021-01-20 15:17:58;164;54;41;12;9;5;3;6;4;0;4
2021-01-20 15:18:59;164;54;41;12;9;5;3;6;4;0;4
2021-01-20 15:19:58;164;54;41;12;9;5;3;6;4;0;4
2021-01-20 15:20:59;165;55;41;12;9;5;3;6;4;0;4
2021-01-20 15:21:59;165;55;41;12;9;5;3;6;4;0;4
2021-01-20 15:22:58;165;55;41;12;9;5;3;6;4;0;4
2021-01-20 15:23:59;166;56;41;12;9;5;3;6;4;0;4
2021-01-20 15:24:59;166;56;41;12;9;5;3;6;4;0;4
2021-01-20 15:25:58;166;56;41;12;9;5;3;6;4;0;4
2021-01-20 15:26:59;166;56;41;12;9;5;3;6;4;0;4
2021-01-20 15:27:59;167;56;41;12;9;5;4;6;4;0;4
2021-01-20 15:28:58;168;57;41;12;9;5;4;6;4;0;4
2021-01-20 15:29:59;168;57;41;12;9;5;4;6;4;0;4
2021-01-20 15:30:59;168;57;41;12;9;5;4;6;4;0;4
2021-01-20 15:31:59;169;57;42;12;9;5;4;6;4;0;4
2021-01-20 15:32:59;169;57;42;12;9;5;4;6;4;0;4
2021-01-20 15:33:59;169;57;42;12;9;5;4;6;4;0;4
2021-01-20 15:34:59;169;57;42;12;9;5;4;6;4;0;4
2021-01-20 15:35:58;170;58;42;12;9;5;4;6;4;0;4
2021-01-20 15:36:59;170;58;42;12;9;5;4;6;4;0;4
2021-01-20 15:37:59;170;58;42;12;9;5;4;6;4;0;4
2021-01-20 15:38:58;170;58;42;12;9;5;4;6;4;0;4
2021-01-20 15:39:59;170;58;42;12;9;5;4;6;4;0;4
2021-01-20 15:40:59;170;58;42;12;9;5;4;6;4;0;4
2021-01-20 15:41:59;170;58;42;12;9;5;4;6;4;0;4
2021-01-20 15:42:59;173;58;44;12;9;5;5;6;4;0;4
2021-01-20 15:43:59;175;59;45;12;9;5;5;6;4;0;4
2021-01-20 15:44:58;175;59;45;12;9;5;5;6;4;0;4
2021-01-20 15:45:59;176;59;46;12;9;5;5;6;4;0;4
2021-01-20 15:46:59;177;60;46;12;9;5;5;6;4;0;4
2021-01-20 15:47:58;177;60;46;12;9;5;5;6;4;0;4
2021-01-20 15:48:59;177;60;46;12;9;5;5;6;4;0;4
2021-01-20 15:49:59;177;60;46;12;9;5;5;6;4;0;4
2021-01-20 15:50:58;178;60;46;12;9;5;5;6;4;0;4
2021-01-20 15:51:59;179;60;46;12;9;6;5;6;4;0;4
2021-01-20 15:52:59;179;60;46;12;9;6;5;6;4;0;4
2021-01-20 15:53:58;179;60;46;12;9;6;5;6;4;0;4
2021-01-20 15:54:59;179;60;46;12;9;6;5;6;4;0;4
2021-01-20 15:55:58;179;60;46;12;9;6;5;6;4;0;4
2021-01-20 15:56:59;181;61;46;12;9;7;5;6;4;0;4
2021-01-20 15:57:59;183;62;46;12;9;7;5;6;4;0;4
2021-01-20 15:58:59;184;63;46;12;9;7;5;6;4;0;4
2021-01-20 15:59:58;184;63;46;12;9;7;5;6;4;0;4
2021-01-20 16:00:59;184;63;46;12;9;7;5;6;4;0;4
2021-01-20 16:01:58;184;63;46;12;9;7;5;6;4;0;4
2021-01-20 16:02:59;184;63;46;12;9;7;5;6;4;0;4
2021-01-20 16:03:59;184;63;46;12;9;7;5;6;4;0;4
2021-01-20 16:04:58;184;63;46;12;9;7;5;6;4;0;4
2021-01-20 16:05:59;184;63;46;12;9;7;5;6;4;0;4
2021-01-20 16:06:59;184;63;46;12;9;7;5;6;4;0;4
2021-01-20 16:07:58;184;63;46;12;9;7;5;6;4;0;4
2021-01-20 16:08:59;185;64;46;12;9;7;5;6;4;0;4
2021-01-20 16:09:59;185;64;46;12;9;7;5;6;4;0;4
2021-01-20 16:10:58;185;64;46;12;9;7;5;6;4;0;4
2021-01-20 16:11:59;185;64;46;12;9;7;5;6;4;0;4
2021-01-20 16:12:58;185;64;46;12;9;7;5;6;4;0;4
2021-01-20 16:13:59;185;64;46;12;9;7;5;6;4;0;4
2021-01-20 16:14:59;185;64;46;12;9;7;5;6;4;0;4
2021-01-20 16:15:58;185;64;46;12;9;7;5;6;4;0;4
2021-01-20 16:16:59;185;64;46;12;9;7;5;6;4;0;4
2021-01-20 16:17:59;185;64;46;12;9;7;5;6;4;0;4
2021-01-20 16:18:58;185;64;46;12;9;7;5;6;4;0;4
2021-01-20 16:19:59;185;64;46;12;9;7;5;6;4;0;4
2021-01-20 16:20:59;185;64;46;12;9;7;5;6;4;0;4
2021-01-20 16:21:58;185;64;46;12;9;7;5;6;4;0;4
2021-01-20 16:22:59;185;64;46;12;9;7;5;6;4;0;4
2021-01-20 16:23:59;185;64;46;12;9;7;5;6;4;0;4
2021-01-20 16:24:58;185;64;46;12;9;7;5;6;4;0;4
2021-01-20 16:25:59;185;64;46;12;9;7;5;6;4;0;4
2021-01-20 16:26:59;186;65;46;12;9;7;5;6;4;0;4
2021-01-20 16:27:58;186;65;46;12;9;7;5;6;4;0;4
2021-01-20 16:28:59;186;65;46;12;9;7;5;6;4;0;4
2021-01-20 16:29:59;186;65;46;12;9;7;5;6;4;0;4
2021-01-20 16:30:58;186;65;46;12;9;7;5;6;4;0;4
2021-01-20 16:31:59;186;65;46;12;9;7;5;6;4;0;4
2021-01-20 16:32:59;186;65;46;12;9;7;5;6;4;0;4
2021-01-20 16:33:58;186;65;46;12;9;7;5;6;4;0;4
2021-01-20 16:34:59;186;65;46;12;9;7;5;6;4;0;4
2021-01-20 16:35:59;186;65;46;12;9;7;5;6;4;0;4
2021-01-20 16:36:58;186;65;46;12;9;7;5;6;4;0;4
2021-01-20 16:37:59;186;65;46;12;9;7;5;6;4;0;4
2021-01-20 16:38:59;186;65;46;12;9;7;5;6;4;0;4
2021-01-20 16:40:00;186;65;46;12;9;7;5;6;4;0;4
2021-01-20 16:40:58;186;65;46;12;9;7;5;6;4;0;4
2021-01-20 16:41:59;187;66;46;12;9;7;5;6;4;0;4
2021-01-20 16:42:58;187;66;46;12;9;7;5;6;4;0;4
2021-01-20 16:43:59;187;66;46;12;9;7;5;6;4;0;4
2021-01-20 16:44:59;188;66;46;12;9;7;5;6;4;0;4
2021-01-20 16:45:58;187;66;46;12;9;7;5;6;4;0;4
2021-01-20 16:46:59;187;66;46;12;9;7;5;6;4;0;4
2021-01-20 16:47:58;187;66;46;12;9;7;5;6;4;0;4
2021-01-20 16:48:59;187;66;46;12;9;7;5;6;4;0;4
2021-01-20 16:50:00;187;66;46;12;9;7;5;6;4;0;4
2021-01-20 16:50:58;187;66;46;12;9;7;5;6;4;0;4
2021-01-20 16:51:59;187;66;46;12;9;7;5;6;4;0;4
2021-01-20 16:52:59;187;66;46;12;9;7;5;6;4;0;4
2021-01-20 16:53:58;187;66;46;12;9;7;5;6;4;0;4
2021-01-20 16:54:59;187;66;46;12;9;7;5;6;4;0;4
2021-01-20 16:55:59;187;66;46;12;9;7;5;6;4;0;4
2021-01-20 16:56:59;187;66;46;12;9;7;5;6;4;0;4
2021-01-20 16:57:59;187;66;46;12;9;7;5;6;4;0;4
2021-01-20 16:58:58;187;66;46;12;9;7;5;6;4;0;4
2021-01-20 16:59:59;187;66;46;12;9;7;5;6;4;0;4
2021-01-20 17:00:59;187;66;46;12;9;7;5;6;4;0;4
2021-01-20 17:01:58;187;66;46;12;9;7;5;6;4;0;4
2021-01-20 17:02:59;187;66;46;12;9;7;5;6;4;0;4
2021-01-20 17:03:59;187;66;46;12;9;7;5;6;4;0;4
2021-01-20 17:04:58;187;66;46;12;9;7;5;6;4;0;4
2021-01-20 17:05:59;187;66;46;12;9;7;5;6;4;0;4
2021-01-20 17:06:58;187;66;46;12;9;7;5;6;4;0;4
2021-01-20 17:07:59;187;66;46;12;9;7;5;6;4;0;4
2021-01-20 17:08:59;188;66;46;13;9;7;5;6;4;0;4
2021-01-20 17:09:58;188;66;46;13;9;7;5;6;4;0;4
2021-01-20 17:10:59;188;66;46;13;9;7;5;6;4;0;4
2021-01-20 17:11:59;189;67;46;13;9;7;5;6;4;0;4
2021-01-20 17:12:58;189;67;46;13;9;7;5;6;4;0;4
2021-01-20 17:13:59;189;67;46;13;9;7;5;6;4;0;4
2021-01-20 17:14:58;190;67;46;13;10;7;5;6;4;0;4
2021-01-20 17:15:59;190;67;46;13;10;7;5;6;4;0;4
2021-01-20 17:16:58;190;67;46;13;10;7;5;6;4;0;4
2021-01-20 17:17:59;191;67;47;13;10;7;5;6;4;0;4
2021-01-20 17:18:59;191;67;47;13;10;7;5;6;4;0;4
2021-01-20 17:19:58;191;67;47;13;10;7;5;6;4;0;4
2021-01-20 17:20:59;191;67;47;13;10;7;5;6;4;0;4
2021-01-20 17:21:59;191;67;47;13;10;7;5;6;4;0;4
2021-01-20 17:22:58;191;67;47;13;10;7;5;6;4;0;4
2021-01-20 17:23:59;192;67;48;13;10;7;5;6;4;0;4
2021-01-20 17:24:59;192;67;48;13;10;7;5;6;4;0;4
2021-01-20 17:25:58;192;67;48;13;10;7;5;6;4;0;4
2021-01-20 17:26:59;192;67;48;13;10;7;5;6;4;0;4
2021-01-20 17:27:59;192;67;48;13;10;7;5;6;4;0;4
2021-01-20 17:28:58;192;67;48;13;10;7;5;6;4;0;4
2021-01-20 17:29:59;192;67;48;13;10;7;5;6;4;0;4
2021-01-20 17:30:58;192;67;48;13;10;7;5;6;4;0;4
2021-01-20 17:31:59;192;67;48;13;10;7;5;6;4;0;4
2021-01-20 17:32:59;192;67;48;13;10;7;5;6;4;0;4
2021-01-20 17:33:58;192;67;48;13;10;7;5;6;4;0;4
2021-01-20 17:34:59;192;67;48;13;10;7;5;6;4;0;4
2021-01-20 17:35:59;192;67;48;13;10;7;5;6;4;0;4
2021-01-20 17:36:58;192;67;48;13;10;7;5;6;4;0;4
2021-01-20 17:37:59;193;68;48;13;10;7;5;6;4;0;4
2021-01-20 17:38:59;193;68;48;13;10;7;5;6;4;0;4
2021-01-20 17:39:58;193;68;48;13;10;7;5;6;4;0;4
2021-01-20 17:40:59;193;68;48;13;10;7;5;6;4;0;4
2021-01-20 17:41:58;193;68;48;13;10;7;5;6;4;0;4
2021-01-20 17:42:59;193;69;47;13;10;7;5;6;4;0;4
2021-01-20 17:43:59;193;69;47;13;10;7;5;6;4;0;4
2021-01-20 17:44:59;193;69;47;13;10;7;5;6;4;0;4
2021-01-20 17:45:58;193;69;47;13;10;7;5;6;4;0;4
2021-01-20 17:46:59;193;69;47;13;10;7;5;6;4;0;4
2021-01-20 17:47:59;194;70;47;13;10;7;5;6;4;0;4
2021-01-20 17:48:59;194;70;47;13;10;7;5;6;4;0;4
2021-01-20 17:49:58;194;70;47;13;10;7;5;6;4;0;4
2021-01-20 17:50:59;195;70;47;13;10;8;5;6;4;0;4
2021-01-20 17:51:59;194;70;46;13;10;8;5;6;4;0;4
2021-01-20 17:52:58;194;70;46;13;10;8;5;6;4;0;4
2021-01-20 17:53:59;194;70;46;13;10;8;5;6;4;0;4
2021-01-20 17:54:59;194;70;46;13;10;8;5;6;4;0;4
2021-01-20 17:55:58;194;70;46;13;10;8;5;6;4;0;4
2021-01-20 17:56:59;194;70;46;13;10;8;5;6;4;0;4
2021-01-20 17:57:59;195;70;46;13;10;8;5;6;4;0;4
2021-01-20 17:58:58;195;70;46;13;10;8;5;6;4;0;4
2021-01-20 17:59:59;195;70;46;13;10;8;5;6;4;0;4
2021-01-20 18:00:58;195;70;46;13;10;8;5;6;4;0;4
2021-01-20 18:01:59;195;70;46;13;10;8;5;6;4;0;4
2021-01-20 18:02:59;195;70;46;13;10;8;5;6;4;0;4
2021-01-20 18:03:58;195;70;46;13;10;8;5;6;4;0;4
2021-01-20 18:04:59;196;70;47;13;10;8;5;6;4;0;4
2021-01-20 18:05:59;196;70;47;13;10;8;5;6;4;0;4
2021-01-20 18:06:58;196;70;47;13;10;8;5;6;4;0;4
2021-01-20 18:07:59;196;70;47;13;10;8;5;6;4;0;4
2021-01-20 18:08:58;197;71;47;13;10;8;5;6;4;0;4
2021-01-20 18:09:59;198;71;48;13;10;8;5;6;4;0;4
2021-01-20 18:10:59;198;71;48;13;10;8;5;6;4;0;4
2021-01-20 18:12:00;198;71;48;13;10;8;5;6;4;0;4
2021-01-20 18:12:58;198;71;48;13;10;8;5;6;4;0;4
2021-01-20 18:13:59;198;71;48;13;10;8;5;6;4;0;4
2021-01-20 18:14:58;198;71;48;13;10;8;5;6;4;0;4
2021-01-20 18:15:59;199;71;49;13;10;8;5;6;4;0;4
2021-01-20 18:16:59;199;71;49;13;10;8;5;6;4;0;4
2021-01-20 18:17:58;199;71;49;13;10;8;5;6;4;0;4
2021-01-20 18:18:59;199;71;49;13;10;8;5;6;4;0;4
2021-01-20 18:19:59;200;71;49;13;10;8;5;6;4;0;4
2021-01-20 18:20:58;200;71;49;13;10;8;5;6;4;0;4
2021-01-20 18:21:59;200;71;49;13;10;8;5;6;4;0;4
2021-01-20 18:22:59;200;71;49;13;10;8;5;6;4;0;4
2021-01-20 18:23:58;200;71;49;13;10;8;5;6;4;0;4
2021-01-20 18:24:59;201;72;49;13;10;8;5;6;4;0;4
2021-01-20 18:25:59;201;72;49;13;10;8;5;6;4;0;4
2021-01-20 18:26:58;201;72;49;13;10;8;5;6;4;0;4
2021-01-20 18:27:59;201;72;49;13;10;8;5;6;4;0;4
2021-01-20 18:28:59;201;72;49;13;10;8;5;6;4;0;4
2021-01-20 18:29:58;201;72;49;13;10;8;5;6;4;0;4
2021-01-20 18:30:59;201;72;49;13;10;8;5;6;4;0;4
2021-01-20 18:31:59;201;72;49;13;10;8;5;6;4;0;4
2021-01-20 18:32:58;201;72;49;13;10;8;5;6;4;0;4
2021-01-20 18:33:59;201;72;49;13;10;8;5;6;4;0;4
2021-01-20 18:34:59;201;72;49;13;10;8;5;6;4;0;4
2021-01-20 18:35:58;201;72;49;13;10;8;5;6;4;0;4
2021-01-20 18:36:59;201;72;49;13;10;8;5;6;4;0;4
2021-01-20 18:37:59;201;72;50;13;10;8;5;6;4;0;4
2021-01-20 18:38:58;201;72;50;13;10;8;5;6;4;0;4
2021-01-20 18:39:59;201;72;50;13;10;8;5;6;4;0;4
2021-01-20 18:40:59;201;72;50;13;10;8;5;6;4;0;4
2021-01-20 18:41:58;201;72;50;13;10;8;5;6;4;0;4
2021-01-20 18:42:59;201;72;50;13;10;8;5;6;4;0;4
2021-01-20 18:43:59;201;72;50;13;10;8;5;6;4;0;4
2021-01-20 18:44:58;201;72;50;13;10;8;5;6;4;0;4
2021-01-20 18:45:59;201;72;50;13;10;8;5;6;4;0;4
2021-01-20 18:46:59;201;72;50;13;10;8;5;6;4;0;4
2021-01-20 18:47:58;201;72;50;13;10;8;5;6;4;0;4
2021-01-20 18:48:59;201;72;50;13;10;8;5;6;4;0;4
2021-01-20 18:49:59;201;72;50;13;10;8;5;6;4;0;4
2021-01-20 18:50:58;201;72;50;13;10;8;5;6;4;0;4
2021-01-20 18:51:59;201;72;50;13;10;8;5;6;4;0;4
2021-01-20 18:52:59;201;72;50;13;10;8;5;6;4;0;4
2021-01-20 18:53:58;201;72;50;13;10;8;5;6;4;0;4
2021-01-20 18:54:59;201;72;50;13;10;8;5;6;4;0;4
2021-01-20 18:55:59;201;72;50;13;10;8;5;6;4;0;4
2021-01-20 18:56:59;201;72;50;13;10;8;5;6;4;0;4
2021-01-20 18:57:58;201;72;50;13;10;8;5;6;4;0;4
2021-01-20 18:58:59;202;73;50;13;10;8;5;6;4;0;4
2021-01-20 18:59:59;202;73;50;13;10;8;5;6;4;0;4
2021-01-20 19:00:58;202;73;50;13;10;8;5;6;4;0;4
2021-01-20 19:01:59;202;73;50;13;10;8;5;6;4;0;4
2021-01-20 19:02:58;202;73;50;13;10;8;5;6;4;0;4
2021-01-20 19:03:59;202;73;50;13;10;8;5;6;4;0;4
2021-01-20 19:04:58;202;73;50;13;10;8;5;6;4;0;4
2021-01-20 19:05:58;202;73;50;13;10;8;5;6;4;0;4
2021-01-20 19:06:59;203;73;51;13;10;8;5;6;4;0;4
2021-01-20 19:07:59;203;73;51;13;10;8;5;6;4;0;4
2021-01-20 19:08:58;203;73;51;13;10;8;5;6;4;0;4
2021-01-20 19:09:59;203;73;51;13;10;8;5;6;4;0;4
2021-01-20 19:10:59;203;73;51;13;10;8;5;6;4;0;4
2021-01-20 19:11:58;203;73;51;13;10;8;5;6;4;0;4
2021-01-20 19:12:59;203;73;51;13;10;8;5;6;4;0;4
2021-01-20 19:13:59;204;74;51;13;10;8;5;6;4;0;4
2021-01-20 19:14:58;204;74;51;13;10;8;5;6;4;0;4
2021-01-20 19:15:59;205;75;51;13;10;8;5;6;4;0;4
2021-01-20 19:16:59;205;75;51;13;10;8;5;6;4;0;4
2021-01-20 19:17:58;205;75;51;13;10;8;5;6;4;0;4
2021-01-20 19:18:59;205;75;51;13;10;8;5;6;4;0;4
2021-01-20 19:19:58;205;75;51;13;10;8;5;6;4;0;4
2021-01-20 19:20:59;205;75;51;13;10;8;5;6;4;0;4
2021-01-20 19:21:59;205;75;51;13;10;8;5;6;4;0;4
2021-01-20 19:22:58;206;76;51;13;10;8;5;6;4;0;4
2021-01-20 19:23:59;206;76;51;13;10;8;5;6;4;0;4
2021-01-20 19:24:58;206;76;51;13;10;8;5;6;4;0;4
2021-01-20 19:25:59;207;76;52;13;10;8;5;6;4;0;4
2021-01-20 19:26:58;207;76;52;13;10;8;5;6;4;0;4
2021-01-20 19:27:59;207;76;52;13;10;8;5;6;4;0;4
2021-01-20 19:28:59;207;76;52;13;10;8;5;6;4;0;4
2021-01-20 19:29:58;208;77;52;13;10;8;5;6;4;0;4
2021-01-20 19:30:59;208;77;52;13;10;8;5;6;4;0;4
2021-01-20 19:31:59;208;77;52;13;10;8;5;6;4;0;4
2021-01-20 19:32:58;209;78;52;13;10;8;5;6;4;0;4
2021-01-20 19:33:59;209;78;52;13;10;8;5;6;4;0;4
2021-01-20 19:34:59;209;78;52;13;10;8;5;6;4;0;4
2021-01-20 19:35:58;209;78;52;13;10;8;5;6;4;0;4
2021-01-20 19:36:59;209;78;52;14;10;8;5;6;4;3;4
2021-01-20 19:37:58;209;78;52;14;10;8;5;6;4;3;4
2021-01-20 19:38:59;209;78;52;14;10;8;5;6;4;3;4
2021-01-20 19:39:59;209;78;52;14;10;8;5;6;4;3;4
2021-01-20 19:40:59;209;78;52;14;10;8;5;6;4;3;4
2021-01-20 19:41:58;209;78;52;14;10;8;5;6;4;3;4
2021-01-20 19:42:59;209;78;52;14;10;8;5;6;4;3;4
2021-01-20 19:43:58;209;78;52;14;10;8;5;6;4;3;4
2021-01-20 19:44:59;209;78;52;14;10;8;5;6;4;3;4
2021-01-20 19:45:59;209;78;52;14;10;8;5;6;4;3;4
2021-01-20 19:46:58;209;78;52;14;10;8;5;6;4;3;4
2021-01-20 19:47:59;209;78;52;14;10;8;5;6;4;3;4
2021-01-20 19:48:59;210;79;52;14;10;8;5;6;4;3;4
2021-01-20 19:49:58;210;79;52;14;10;8;5;6;4;3;4
2021-01-20 19:50:59;210;79;52;14;10;8;5;6;4;3;4
2021-01-20 19:51:58;210;79;52;14;10;8;5;6;4;3;4
2021-01-20 19:52:59;210;79;52;14;10;8;5;6;4;3;4
2021-01-20 19:53:59;210;79;52;14;10;8;5;6;4;3;4
2021-01-20 19:54:58;210;79;52;14;10;8;5;6;4;3;4
2021-01-20 19:55:59;210;79;52;14;10;8;5;6;4;3;4
2021-01-20 19:56:59;210;79;52;14;10;8;5;6;4;3;4
2021-01-20 19:57:58;211;80;52;14;10;8;5;6;4;3;4
2021-01-20 19:58:59;212;80;53;14;10;8;5;6;4;3;4
2021-01-20 19:59:59;212;80;53;14;10;8;5;6;4;3;4
2021-01-20 20:00:58;212;80;53;14;10;8;5;6;4;3;4
2021-01-20 20:01:59;212;80;53;14;10;8;5;6;4;3;4
2021-01-20 20:02:59;212;80;53;14;10;8;5;6;4;3;4
2021-01-20 20:03:58;213;80;53;14;11;8;5;6;4;3;4
2021-01-20 20:04:59;213;80;53;14;11;8;5;6;4;3;4
2021-01-20 20:05:59;213;80;53;14;11;8;5;6;4;3;4
2021-01-20 20:06:58;213;80;53;14;11;8;5;6;4;3;4
2021-01-20 20:07:59;213;81;53;13;11;8;5;6;4;3;4
2021-01-20 20:08:59;213;81;53;13;11;8;5;6;4;3;4
2021-01-20 20:09:58;213;81;53;13;11;8;5;6;4;3;4
2021-01-20 20:10:59;213;81;53;13;11;8;5;6;4;3;4
2021-01-20 20:11:59;213;81;53;13;11;8;5;6;4;3;4
2021-01-20 20:13:00;213;81;53;13;11;8;5;6;4;3;4
2021-01-20 20:14:00;214;81;53;13;11;8;6;6;4;3;4
2021-01-20 20:14:58;214;81;53;13;11;8;6;6;4;3;4
2021-01-20 20:15:59;214;81;53;13;11;8;6;6;4;3;4
2021-01-20 20:16:58;215;82;53;13;10;8;6;6;4;3;4
2021-01-20 20:17:59;215;82;53;13;10;8;6;6;4;3;4
2021-01-20 20:18:59;215;82;53;13;10;8;6;6;4;3;4
2021-01-20 20:20:00;214;82;53;13;10;8;6;6;4;3;4
2021-01-20 20:20:58;214;82;53;13;10;8;6;6;4;3;4
2021-01-20 20:21:59;214;82;53;13;10;8;6;6;4;3;4
2021-01-20 20:22:58;214;82;53;13;10;8;6;6;4;3;4
2021-01-20 20:23:59;214;82;53;13;10;8;6;6;4;3;4
2021-01-20 20:24:59;214;82;53;13;10;8;6;6;4;3;4
2021-01-20 20:25:58;214;82;53;13;10;8;6;6;4;3;4
2021-01-20 20:26:59;214;82;53;13;10;8;6;6;4;3;4
2021-01-20 20:27:59;214;82;53;13;10;8;6;6;4;3;4
2021-01-20 20:28:59;214;82;53;13;10;8;6;6;4;3;4
2021-01-20 20:29:59;214;82;53;13;10;8;6;6;4;3;4
2021-01-20 20:30:58;214;82;53;13;10;8;6;6;4;3;4
2021-01-20 20:31:59;214;82;53;13;10;8;6;6;4;3;4
2021-01-20 20:32:59;214;82;53;13;10;8;6;6;4;3;4
2021-01-20 20:33:58;214;82;53;13;10;8;6;6;4;3;4
2021-01-20 20:34:59;214;82;53;13;10;8;6;6;4;3;4
2021-01-20 20:35:59;214;82;53;13;10;8;6;6;4;3;4
2021-01-20 20:36:58;214;82;53;13;10;8;6;6;4;3;4
2021-01-20 20:37:59;214;82;53;13;10;8;6;6;4;3;4
2021-01-20 20:38:59;214;82;53;13;10;8;6;6;4;3;4
2021-01-20 20:39:58;214;82;53;13;10;8;6;6;4;3;4
2021-01-20 20:40:58;214;82;53;13;10;8;6;6;4;3;4
2021-01-20 20:41:59;214;82;53;13;10;8;6;6;4;3;4
2021-01-20 20:42:58;214;82;53;13;10;8;6;6;4;3;4
2021-01-20 20:43:59;214;82;53;13;10;8;6;6;4;3;4
2021-01-20 20:44:59;214;82;53;13;10;8;6;6;4;3;4
2021-01-20 20:45:59;214;82;53;13;10;8;6;6;4;3;4
2021-01-20 20:46:59;214;82;53;13;10;8;6;6;4;3;4
2021-01-20 20:47:58;214;82;53;13;10;8;6;6;4;3;4
2021-01-20 20:48:59;215;82;54;13;10;8;6;6;4;3;4
2021-01-20 20:49:58;215;82;54;13;10;8;6;6;4;3;4
2021-01-20 20:50:59;215;82;54;13;10;8;6;6;4;3;4
2021-01-20 20:51:59;215;82;54;13;10;8;6;6;4;3;4
2021-01-20 20:52:59;215;82;54;13;10;8;6;6;4;3;4
2021-01-20 20:53:58;215;82;54;13;10;8;6;6;4;3;4
2021-01-20 20:54:59;215;82;54;13;10;8;6;6;4;3;4
2021-01-20 20:55:58;215;82;54;13;10;8;6;6;4;3;4
2021-01-20 20:56:59;216;82;54;13;10;8;6;6;4;4;4
2021-01-20 20:57:59;216;83;54;13;10;8;6;6;4;3;4
2021-01-20 20:58:58;217;83;54;13;10;8;6;6;4;3;4
2021-01-20 20:59:59;217;83;54;13;10;8;6;6;4;3;4
2021-01-20 21:00:59;217;83;54;13;10;8;6;6;4;3;4
2021-01-20 21:01:58;217;83;54;13;10;8;6;6;4;3;4
2021-01-20 21:02:59;217;83;54;13;10;8;6;6;4;3;4
2021-01-20 21:03:59;219;84;54;13;11;8;6;6;4;3;4
2021-01-20 21:04:58;219;84;54;13;11;8;6;6;4;3;4
2021-01-20 21:05:59;220;84;55;13;11;8;6;6;4;3;4
2021-01-20 21:06:59;221;84;55;13;11;9;6;6;4;3;4
2021-01-20 21:07:58;221;84;55;13;11;9;6;6;4;3;4
2021-01-20 21:08:59;221;84;55;13;11;9;6;6;4;3;4
2021-01-20 21:09:59;221;84;55;13;11;9;6;6;4;3;4
2021-01-20 21:10:58;221;84;55;13;11;9;6;6;4;3;4
2021-01-20 21:11:59;221;84;55;13;11;9;6;6;4;3;4
2021-01-20 21:13:00;221;84;55;13;11;9;6;6;4;3;4
2021-01-20 21:13:58;221;84;55;13;11;9;6;6;4;3;4
2021-01-20 21:14:59;221;84;55;13;11;9;6;6;4;3;4
2021-01-20 21:15:59;221;84;55;13;11;9;6;6;4;3;4
2021-01-20 21:16:59;221;84;55;13;11;9;6;6;4;3;4
2021-01-20 21:17:58;221;84;55;13;11;9;6;6;4;3;4
2021-01-20 21:18:59;222;84;55;13;11;9;7;6;4;3;4
2021-01-20 21:19:59;221;83;55;13;11;9;7;6;4;3;4
2021-01-20 21:20:59;222;84;55;13;11;9;7;6;4;3;4
2021-01-20 21:21:59;222;84;55;13;11;9;7;6;4;3;4
2021-01-20 21:22:58;223;85;55;13;11;9;7;6;4;3;4
2021-01-20 21:23:59;223;85;55;13;11;9;7;6;4;3;4
2021-01-20 21:24:59;223;85;55;13;11;9;7;6;4;3;4
2021-01-20 21:25:58;224;86;55;13;11;9;7;6;4;3;4
2021-01-20 21:26:59;225;87;55;13;11;9;7;6;4;3;4
2021-01-20 21:27:59;225;87;55;13;11;9;7;6;4;3;4
2021-01-20 21:28:58;225;87;55;13;11;9;7;6;4;3;4
2021-01-20 21:29:59;225;87;55;13;11;9;7;6;4;3;4
2021-01-20 21:30:59;225;87;55;13;11;9;7;5;4;4;4
2021-01-20 21:31:58;226;88;55;13;11;9;7;5;4;4;4
2021-01-20 21:32:59;226;88;55;13;11;9;7;5;4;4;4
2021-01-20 21:33:58;226;88;55;13;11;9;7;5;4;4;4
2021-01-20 21:34:59;226;88;55;13;11;9;7;5;4;4;4
2021-01-20 21:35:59;226;88;55;13;11;9;7;5;4;4;4
2021-01-20 21:36:59;227;88;55;13;11;10;7;5;4;4;4
2021-01-20 21:37:58;227;88;55;13;11;10;7;5;4;4;4
2021-01-20 21:38:59;227;88;55;13;11;10;7;5;4;4;4
2021-01-20 21:39:59;227;88;55;13;11;10;7;5;4;4;4
2021-01-20 21:40:58;227;88;55;13;11;10;7;5;4;4;4
2021-01-20 21:41:59;227;88;55;13;11;10;7;5;4;4;4
2021-01-20 21:42:58;227;88;55;13;11;10;7;5;4;4;4
2021-01-20 21:43:59;227;88;55;13;11;10;7;5;4;4;4
2021-01-20 21:44:59;228;89;55;13;11;10;7;5;4;4;4
2021-01-20 21:45:58;228;89;55;13;11;10;7;5;4;4;4
2021-01-20 21:46:59;227;89;54;13;11;10;7;5;4;4;4
2021-01-20 21:47:59;228;90;54;13;11;10;7;5;4;4;4
2021-01-20 21:48:58;228;90;54;13;11;10;7;5;4;4;4
2021-01-20 21:49:59;228;90;54;13;11;10;7;5;4;4;4
2021-01-20 21:50:59;228;90;54;13;11;10;7;5;4;4;4
2021-01-20 21:52:00;228;90;54;13;11;10;7;5;4;4;4
2021-01-20 21:52:58;228;90;54;13;11;10;7;5;4;4;4
2021-01-20 21:53:59;228;90;54;13;11;10;7;5;4;4;4
2021-01-20 21:54:58;228;90;54;13;11;10;7;5;4;4;4
2021-01-20 21:55:59;228;90;54;13;11;10;7;5;4;4;4
2021-01-20 21:56:58;228;90;54;13;11;10;7;5;4;4;4
2021-01-20 21:57:59;229;90;54;13;11;10;7;5;4;4;4
2021-01-20 21:58:59;229;90;54;13;11;10;7;5;4;4;4
2021-01-20 21:59:58;230;91;54;13;11;10;7;5;4;4;4
2021-01-20 22:00:59;230;91;54;13;11;10;7;5;4;4;4
2021-01-20 22:01:59;230;91;54;13;11;10;7;5;4;4;4
2021-01-20 22:02:58;230;91;54;13;11;10;7;5;4;4;4
2021-01-20 22:03:59;230;91;54;13;11;10;7;5;4;4;4
2021-01-20 22:04:59;230;91;54;13;11;10;7;5;4;4;4
2021-01-20 22:05:58;230;91;54;13;11;10;7;5;4;4;4
2021-01-20 22:06:59;230;91;54;13;11;10;7;5;4;4;4
2021-01-20 22:07:59;230;91;54;13;11;10;7;5;4;4;4
2021-01-20 22:08:58;230;91;54;13;11;10;7;5;4;4;4
2021-01-20 22:09:59;230;91;54;13;11;10;7;5;4;4;4
2021-01-20 22:10:58;231;92;54;13;11;10;7;5;4;4;4
2021-01-20 22:11:59;231;92;54;13;11;10;7;5;4;4;4
2021-01-20 22:12:59;231;92;54;13;11;10;7;5;4;4;4
2021-01-20 22:13:58;231;92;54;13;11;10;7;5;4;4;4
2021-01-20 22:14:59;231;92;54;13;11;10;7;5;4;4;4
2021-01-20 22:15:59;231;92;54;13;11;10;7;5;4;4;4
2021-01-20 22:16:58;231;92;54;13;11;10;7;5;4;4;4
2021-01-20 22:17:59;231;92;54;13;11;10;7;5;4;4;4
2021-01-20 22:18:59;231;92;54;13;11;10;7;5;4;4;4
2021-01-20 22:19:58;231;92;54;13;11;10;7;5;4;4;4
2021-01-20 22:20:59;231;92;54;13;11;10;7;5;4;4;4
2021-01-20 22:21:58;231;92;54;13;11;10;7;5;4;4;4
2021-01-20 22:22:59;231;92;54;13;11;10;7;5;4;4;4
2021-01-20 22:23:58;231;92;54;13;11;10;7;5;4;4;4
2021-01-20 22:24:59;231;92;54;13;11;10;7;5;4;4;4
2021-01-20 22:25:58;231;92;54;13;11;10;7;5;4;4;4
2021-01-20 22:26:59;231;92;54;13;11;10;7;5;4;4;4
2021-01-20 22:27:58;231;92;54;13;11;10;7;5;4;4;4
2021-01-20 22:28:59;231;92;54;13;11;10;7;5;4;4;4
2021-01-20 22:29:58;231;92;54;13;11;10;7;5;4;4;4
2021-01-20 22:30:59;231;92;54;13;11;10;7;5;4;4;4
2021-01-20 22:31:59;231;92;54;13;11;10;7;5;4;4;4
2021-01-20 22:32:58;231;92;54;13;11;10;7;5;4;4;4
2021-01-20 22:33:59;231;92;54;13;11;10;7;5;4;4;4
2021-01-20 22:34:59;231;92;54;13;11;10;7;5;4;4;4
2021-01-20 22:35:58;231;92;54;13;11;10;7;5;4;4;4
2021-01-20 22:36:59;231;92;54;13;11;10;7;5;4;4;4
2021-01-20 22:37:59;231;92;54;13;11;10;7;5;4;4;4
2021-01-20 22:38:58;231;92;54;13;11;10;7;5;4;4;4
2021-01-20 22:39:59;231;92;54;13;11;10;7;5;4;4;4
2021-01-20 22:40:59;231;92;54;13;11;10;7;5;4;4;4
2021-01-20 22:41:58;231;92;54;13;11;10;7;5;4;4;4
2021-01-20 22:42:59;232;92;54;13;11;10;7;5;4;4;4
2021-01-20 22:43:59;233;93;54;13;11;10;7;5;4;4;4
2021-01-20 22:44:58;233;93;54;13;11;10;7;5;4;4;4
2021-01-20 22:45:59;233;93;54;13;11;10;7;5;4;4;4
2021-01-20 22:46:59;234;94;54;13;11;10;7;5;4;4;4
2021-01-20 22:47:58;234;94;54;13;11;10;7;5;4;4;4
2021-01-20 22:48:59;234;94;54;13;11;10;7;5;4;4;4
2021-01-20 22:49:58;234;94;54;13;11;10;7;5;4;4;4
2021-01-20 22:50:59;234;94;54;13;11;10;7;5;4;4;4
2021-01-20 22:51:59;234;94;54;13;11;10;7;5;4;4;4
2021-01-20 22:52:59;234;94;54;13;11;10;7;5;4;4;4
2021-01-20 22:53:58;234;94;54;13;11;10;7;5;4;4;4
2021-01-20 22:54:59;234;94;54;13;11;10;7;5;4;4;4
2021-01-20 22:55:58;234;94;54;13;11;10;7;5;4;4;4
2021-01-20 22:56:59;234;94;54;13;11;10;7;5;4;4;4
2021-01-20 22:57:59;234;94;54;13;11;10;7;5;4;4;4
2021-01-20 22:58:58;234;94;54;13;11;10;7;5;4;4;4
2021-01-20 22:59:59;234;94;54;13;11;10;7;5;4;4;4
2021-01-20 23:00:58;234;94;54;13;11;10;7;5;4;4;4
2021-01-20 23:01:59;234;94;54;13;11;10;7;5;4;4;4
2021-01-20 23:02:59;234;94;54;13;11;10;7;5;4;4;4
2021-01-20 23:03:58;234;94;54;13;11;10;7;5;4;4;4
2021-01-20 23:04:59;234;94;54;13;11;10;7;5;4;4;4
2021-01-20 23:05:59;235;95;54;13;11;10;7;5;4;4;4
2021-01-20 23:06:58;235;95;54;13;11;10;7;5;4;4;4
2021-01-20 23:07:59;235;95;54;13;11;10;7;5;4;4;4
2021-01-20 23:08:59;235;95;54;13;11;10;7;5;4;4;4
2021-01-20 23:09:58;235;95;54;13;11;10;7;5;4;4;4
2021-01-20 23:10:59;235;95;54;13;11;10;7;5;4;4;4
2021-01-20 23:11:59;235;95;54;13;11;10;7;5;4;4;4
2021-01-20 23:12:59;235;95;54;13;11;10;7;5;4;4;4
2021-01-20 23:13:59;236;95;54;13;11;10;7;5;4;5;4
2021-01-20 23:14:59;235;95;54;13;11;10;7;5;4;4;4
2021-01-20 23:15:59;235;95;54;13;11;10;7;5;4;4;4
2021-01-20 23:16:59;235;95;54;13;11;10;7;5;4;4;4
2021-01-20 23:17:58;235;95;54;13;11;10;7;5;4;4;4
2021-01-20 23:18:59;235;95;54;13;11;10;7;5;4;4;4
2021-01-20 23:19:58;235;95;54;13;11;10;7;5;4;4;4
2021-01-20 23:20:59;235;95;54;13;11;10;7;5;4;4;4
2021-01-20 23:21:59;235;95;54;13;11;10;7;5;4;4;4
2021-01-20 23:22:58;235;95;54;13;11;10;7;5;4;4;4
2021-01-20 23:23:59;235;95;54;13;11;10;7;5;4;4;4
2021-01-20 23:24:59;235;95;54;13;11;10;7;5;4;4;4
2021-01-20 23:25:59;235;95;54;13;11;10;7;5;4;4;4
2021-01-20 23:26:59;236;96;54;13;11;10;7;5;4;4;4
2021-01-20 23:27:58;236;97;54;13;11;10;7;5;4;4;4
2021-01-20 23:28:59;236;97;54;13;11;10;7;5;4;4;4
2021-01-20 23:29:59;236;97;54;13;11;10;7;5;4;4;4
2021-01-20 23:30:58;238;97;54;13;12;10;7;5;4;4;4
2021-01-20 23:31:59;238;97;54;13;12;10;7;5;4;4;4
2021-01-20 23:32:59;238;97;54;13;12;10;7;5;4;4;4
2021-01-20 23:34:00;239;97;54;13;12;10;7;5;4;4;4
2021-01-20 23:34:59;239;97;54;13;12;10;7;5;4;4;4
2021-01-20 23:35:59;240;98;54;13;12;10;7;5;4;4;4
2021-01-20 23:36:59;240;98;54;13;12;10;7;5;4;4;4
2021-01-20 23:37:58;240;98;54;13;12;10;7;5;4;4;4
2021-01-20 23:38:59;240;98;54;13;12;10;7;5;4;4;4
2021-01-20 23:39:58;240;98;54;13;12;10;7;5;4;4;4
2021-01-20 23:40:59;240;98;54;13;12;10;7;5;4;4;4
2021-01-20 23:41:58;241;99;54;13;12;10;7;5;4;4;4
2021-01-20 23:42:59;241;99;54;13;12;10;7;5;4;4;4
2021-01-20 23:43:59;241;99;54;13;12;10;7;5;4;4;4
2021-01-20 23:44:59;241;99;54;13;12;10;7;5;4;4;4
2021-01-20 23:45:58;241;99;54;13;12;10;7;5;4;4;4
2021-01-20 23:46:59;241;99;54;13;12;10;7;5;4;4;4
2021-01-20 23:47:58;241;99;54;13;12;10;7;5;4;4;4
2021-01-20 23:48:59;241;99;54;13;12;10;7;5;4;4;4
2021-01-20 23:49:58;241;99;54;13;12;10;7;5;4;4;4
2021-01-20 23:50:59;241;99;54;13;12;10;7;5;4;4;4
2021-01-20 23:51:58;241;99;54;13;12;10;7;5;4;4;4
2021-01-20 23:52:59;241;99;54;13;12;10;7;5;4;4;4
2021-01-20 23:53:59;241;99;54;13;12;10;7;5;4;4;4
2021-01-20 23:54:58;241;99;54;13;12;10;7;5;4;4;4
2021-01-20 23:55:59;241;99;54;13;12;10;7;5;4;4;4
2021-01-20 23:56:59;241;99;54;13;12;10;7;5;4;4;4
2021-01-20 23:57:58;241;99;54;13;12;10;7;5;4;4;4
2021-01-20 23:58:59;241;99;54;13;12;10;7;5;4;4;4
2021-01-20 23:59:59;241;99;54;13;12;10;7;5;4;4;4
